[name]
unknown

[dist]
# distance from previous block
# <min> <max>
0	85

[block]
# block no. 0 follows, 48 sequences, length 12
# corresponding to MSA columns:
# 85-96
name=unknown_A
#
# <colnr> <probs for GDERKNQSTAVLIFYWHMCP>
#	G	D	E	R	K	N	Q	S	T	A	V	L	I	F	Y	W	H	M	C	P
0	0.00743	0.00583	0.00728	0.00797	0.03440	0.00535	0.00620	0.00936	0.01201	0.01536	0.11784	0.04920	0.35656	0.01264	0.00637	0.00193	0.00358	0.30580	0.00472	0.03018
1	0.01004	0.00948	0.01691	0.03880	0.24193	0.00928	0.20433	0.01276	0.03046	0.01489	0.01618	0.24593	0.01677	0.09874	0.00810	0.00213	0.00570	0.00818	0.00332	0.00606
2	0.01856	0.11344	0.01592	0.01272	0.01556	0.71227	0.00979	0.01992	0.01408	0.01250	0.00784	0.00914	0.00661	0.00519	0.00448	0.00130	0.00883	0.00324	0.00259	0.00602
3	0.01390	0.01053	0.01316	0.03775	0.12717	0.01126	0.03074	0.32963	0.05416	0.02321	0.01544	0.13958	0.01358	0.00740	0.00511	0.00158	0.00479	0.00630	0.14763	0.00708
4	0.01029	0.02654	0.79309	0.01462	0.02221	0.01192	0.01896	0.01625	0.01083	0.01625	0.00921	0.01083	0.00650	0.00487	0.00487	0.00162	0.00758	0.00379	0.00217	0.00758
5	0.01276	0.01102	0.01160	0.01044	0.01334	0.01276	0.00812	0.02727	0.77840	0.02146	0.02088	0.01914	0.01566	0.00696	0.00522	0.00174	0.00406	0.00580	0.00522	0.00812
6	0.85592	0.00992	0.00754	0.00675	0.00992	0.01151	0.00556	0.01508	0.00873	0.02302	0.00714	0.00834	0.00556	0.00476	0.00318	0.00159	0.00397	0.00278	0.00318	0.00556
7	0.01029	0.02654	0.79309	0.01462	0.02221	0.01192	0.01896	0.01625	0.01083	0.01625	0.00921	0.01083	0.00650	0.00487	0.00487	0.00162	0.00758	0.00379	0.00217	0.00758
8	0.00712	0.00523	0.00686	0.00746	0.00812	0.00516	0.00550	0.00849	0.01077	0.01445	0.15136	0.38526	0.07335	0.09802	0.00898	0.00235	0.03451	0.15803	0.00463	0.00434
9	0.01002	0.02090	0.56585	0.01269	0.01843	0.01072	0.01525	0.03669	0.01139	0.01688	0.08429	0.04593	0.03263	0.00636	0.00565	0.00165	0.04833	0.00502	0.04442	0.00690
10	0.00717	0.00535	0.00791	0.00808	0.00891	0.00608	0.00617	0.00887	0.00848	0.01209	0.01588	0.13723	0.01593	0.03519	0.68277	0.00734	0.01216	0.00683	0.00304	0.00452
11	0.23484	0.06228	0.05773	0.00663	0.00876	0.00802	0.00544	0.01067	0.00964	0.01551	0.05971	0.02794	0.21071	0.24950	0.01099	0.00260	0.00417	0.00661	0.00355	0.00468

[dist]
# distance from previous block
# <min> <max>
2	6

[block]
# block no. 1 follows, 48 sequences, length 17
# corresponding to MSA columns:
# 103-119
name=unknown_B
#
# <colnr> <probs for GDERKNQSTAVLIFYWHMCP>
#	G	D	E	R	K	N	Q	S	T	A	V	L	I	F	Y	W	H	M	C	P
0	0.01248	0.20259	0.01866	0.29028	0.04286	0.08301	0.05859	0.03706	0.10408	0.01460	0.00994	0.01240	0.00797	0.00550	0.00578	0.00158	0.07915	0.00426	0.00275	0.00644
1	0.00842	0.09326	0.02786	0.17498	0.01438	0.00804	0.00753	0.01091	0.01256	0.01699	0.41954	0.02952	0.10004	0.01013	0.04268	0.00190	0.00433	0.00744	0.00428	0.00521
2	0.10182	0.10386	0.13241	0.08056	0.21747	0.06977	0.10175	0.01615	0.05013	0.01623	0.01085	0.01293	0.03317	0.00520	0.00508	0.00156	0.02702	0.00441	0.00271	0.00692
3	0.08771	0.01184	0.05250	0.28721	0.09649	0.01215	0.22322	0.01677	0.12874	0.01669	0.01115	0.01387	0.00845	0.00509	0.00521	0.00169	0.00662	0.00497	0.00292	0.00671
4	0.00912	0.00834	0.01252	0.00982	0.01308	0.00702	0.15836	0.01134	0.01100	0.01536	0.02210	0.17611	0.17609	0.00822	0.00526	0.00142	0.00436	0.00753	0.00365	0.33932
5	0.01236	0.03338	0.03290	0.01062	0.07494	0.00855	0.00794	0.07893	0.03731	0.15501	0.09830	0.01886	0.01521	0.01799	0.29322	0.00391	0.00787	0.00536	0.00397	0.08339
6	0.00723	0.00551	0.00791	0.00815	0.00878	0.00624	0.00610	0.00867	0.00870	0.01226	0.01802	0.27421	0.01935	0.05110	0.47595	0.00581	0.05978	0.00839	0.00337	0.00447
7	0.01372	0.82276	0.02689	0.00878	0.01317	0.02030	0.00878	0.01536	0.01043	0.01207	0.00713	0.00823	0.00658	0.00439	0.00329	0.00110	0.00549	0.00274	0.00219	0.00658
8	0.05555	0.01450	0.24819	0.13725	0.18116	0.01031	0.01342	0.01626	0.01145	0.15275	0.01318	0.07802	0.01081	0.00627	0.00512	0.00167	0.00595	0.02765	0.00334	0.00715
9	0.01029	0.02654	0.79309	0.01462	0.02221	0.01192	0.01896	0.01625	0.01083	0.01625	0.00921	0.01083	0.00650	0.00487	0.00487	0.00162	0.00758	0.00379	0.00217	0.00758
10	0.01276	0.01102	0.01160	0.01044	0.01334	0.01276	0.00812	0.02727	0.77840	0.02146	0.02088	0.01914	0.01566	0.00696	0.00522	0.00174	0.00406	0.00580	0.00522	0.00812
11	0.85592	0.00992	0.00754	0.00675	0.00992	0.01151	0.00556	0.01508	0.00873	0.02302	0.00714	0.00834	0.00556	0.00476	0.00318	0.00159	0.00397	0.00278	0.00318	0.00556
12	0.01029	0.02654	0.79309	0.01462	0.02221	0.01192	0.01896	0.01625	0.01083	0.01625	0.00921	0.01083	0.00650	0.00487	0.00487	0.00162	0.00758	0.00379	0.00217	0.00758
13	0.01127	0.00974	0.01052	0.00809	0.01179	0.05669	0.00639	0.08127	0.01292	0.01868	0.17221	0.01652	0.01621	0.00551	0.00444	0.00104	0.00402	0.00451	0.00375	0.54443
14	0.01136	0.00851	0.00954	0.00836	0.01066	0.00873	0.00662	0.28495	0.01658	0.02195	0.18224	0.11819	0.21826	0.01043	0.00585	0.00172	0.00386	0.06109	0.00507	0.00604
15	0.01524	0.01394	0.01385	0.01180	0.01402	0.16610	0.00947	0.30779	0.01580	0.02030	0.01213	0.08663	0.01102	0.00947	0.04817	0.00208	0.20176	0.02996	0.00378	0.00667
16	0.19017	0.43613	0.05855	0.00973	0.01366	0.01563	0.07709	0.01467	0.00997	0.01496	0.00836	0.01039	0.00726	0.00878	0.10373	0.00218	0.00660	0.00345	0.00251	0.00620

[dist]
# distance from previous block
# <min> <max>
6	10

[block]
# block no. 2 follows, 48 sequences, length 20
# corresponding to MSA columns:
# 138-157
name=unknown_C
#
# <colnr> <probs for GDERKNQSTAVLIFYWHMCP>
#	G	D	E	R	K	N	Q	S	T	A	V	L	I	F	Y	W	H	M	C	P
0	0.05349	0.00874	0.01426	0.43963	0.05751	0.00981	0.08741	0.01247	0.01113	0.01510	0.10126	0.02192	0.11217	0.00686	0.00540	0.00171	0.00575	0.02664	0.00313	0.00562
1	0.01177	0.01371	0.12955	0.17524	0.50578	0.01204	0.04700	0.01535	0.01131	0.01599	0.00952	0.01267	0.00764	0.00471	0.00510	0.00158	0.00655	0.00452	0.00244	0.00754
2	0.01082	0.01092	0.01826	0.31009	0.02404	0.01361	0.15109	0.01338	0.00953	0.01338	0.00829	0.01262	0.00697	0.00670	0.01051	0.00195	0.36484	0.00480	0.00232	0.00588
3	0.13594	0.01488	0.05625	0.01397	0.08357	0.11130	0.08260	0.27796	0.10631	0.02285	0.01127	0.01224	0.00850	0.00566	0.00528	0.00159	0.03411	0.00442	0.00383	0.00746
4	0.01485	0.01661	0.01703	0.01998	0.30219	0.31251	0.01231	0.01720	0.03714	0.01437	0.00874	0.01128	0.00750	0.00587	0.00744	0.00161	0.17991	0.00411	0.00260	0.00676
5	0.00746	0.00497	0.00560	0.00560	0.00560	0.00497	0.00311	0.00746	0.00746	0.00995	0.01617	0.03358	0.01865	0.81967	0.02612	0.00497	0.00497	0.00746	0.00311	0.00311
6	0.01173	0.01174	0.01957	0.01538	0.01767	0.01359	0.27271	0.05463	0.07880	0.01561	0.01101	0.05891	0.00984	0.02816	0.01111	0.00205	0.35246	0.00580	0.00295	0.00631
7	0.00652	0.00522	0.00583	0.00567	0.00721	0.00452	0.00426	0.00824	0.01277	0.01641	0.32999	0.04519	0.50599	0.01204	0.00606	0.00169	0.00253	0.01024	0.00510	0.00452
8	0.01064	0.00912	0.01064	0.00760	0.01216	0.00684	0.00608	0.01292	0.01064	0.01672	0.00912	0.01064	0.00760	0.00380	0.00380	0.00076	0.00380	0.00304	0.00304	0.85104
9	0.01258	0.01207	0.02061	0.06268	0.75743	0.01216	0.01569	0.01564	0.01163	0.01662	0.00963	0.01274	0.00808	0.00459	0.00508	0.00153	0.00613	0.00457	0.00253	0.00803
10	0.01191	0.01237	0.02282	0.07698	0.25623	0.01330	0.30247	0.01500	0.01082	0.01531	0.00918	0.01284	0.00757	0.00559	0.00832	0.00179	0.20303	0.00512	0.00247	0.00689
11	0.00730	0.00517	0.00706	0.00725	0.00786	0.00562	0.00520	0.00856	0.00843	0.01198	0.01681	0.15073	0.01765	0.22434	0.44379	0.00611	0.00931	0.00740	0.04526	0.00417
12	0.00623	0.00454	0.00588	0.00696	0.00739	0.00418	0.00468	0.00717	0.01000	0.01317	0.03055	0.74303	0.10577	0.01578	0.00650	0.00205	0.00294	0.01423	0.00476	0.00418
13	0.01019	0.00891	0.01421	0.67673	0.03107	0.01090	0.01283	0.05254	0.01104	0.01478	0.01013	0.01421	0.00764	0.00528	0.00496	0.00164	0.00628	0.00459	0.09629	0.00576
14	0.38514	0.14563	0.01343	0.00914	0.01263	0.14577	0.00762	0.13554	0.01284	0.07733	0.00905	0.00977	0.00692	0.00513	0.00389	0.00146	0.00540	0.00333	0.00347	0.00652
15	0.05770	0.01135	0.01581	0.01262	0.01614	0.01211	0.18304	0.10980	0.34238	0.05240	0.01561	0.01624	0.01181	0.00880	0.07585	0.00224	0.00616	0.00540	0.00424	0.04030
16	0.01095	0.01235	0.11971	0.00881	0.01169	0.13640	0.00779	0.07459	0.01251	0.01636	0.02257	0.08532	0.19267	0.04087	0.00589	0.00164	0.00490	0.02664	0.12880	0.07953
17	0.26559	0.04241	0.03925	0.00736	0.00991	0.03302	0.03995	0.04666	0.01115	0.01996	0.05473	0.01685	0.05190	0.00602	0.00397	0.00142	0.00385	0.00461	0.33591	0.00548
18	0.01078	0.24259	0.22300	0.01145	0.07606	0.01236	0.01072	0.04709	0.04602	0.01534	0.02017	0.06201	0.18791	0.00732	0.00483	0.00152	0.00524	0.00587	0.00321	0.00649
19	0.00972	0.01838	0.46045	0.01157	0.01679	0.00992	0.01339	0.04759	0.01188	0.01698	0.11127	0.02044	0.13618	0.00704	0.00569	0.00162	0.04115	0.00562	0.00319	0.05114

[dist]
# distance from previous block
# <min> <max>
3	36

[block]
# block no. 3 follows, 48 sequences, length 8
# corresponding to MSA columns:
# 194-201
name=unknown_D
#
# <colnr> <probs for GDERKNQSTAVLIFYWHMCP>
#	G	D	E	R	K	N	Q	S	T	A	V	L	I	F	Y	W	H	M	C	P
0	0.09480	0.01105	0.01469	0.04301	0.24973	0.07334	0.05974	0.04052	0.06242	0.07200	0.17448	0.03741	0.01759	0.00658	0.00539	0.00160	0.01931	0.00574	0.00383	0.00677
1	0.16384	0.03133	0.11480	0.11210	0.09492	0.04365	0.01074	0.11819	0.05577	0.10268	0.01125	0.01255	0.00834	0.00549	0.00505	0.00157	0.03662	0.00416	0.03854	0.02842
2	0.06274	0.01144	0.10269	0.01440	0.21181	0.04331	0.00986	0.01682	0.05414	0.13927	0.03882	0.01565	0.01147	0.00560	0.00456	0.00146	0.00477	0.00466	0.22339	0.02314
3	0.01205	0.01158	0.16362	0.10136	0.01578	0.00820	0.00945	0.04021	0.01199	0.15047	0.04844	0.06847	0.07310	0.00662	0.00488	0.00143	0.00475	0.00551	0.06086	0.20123
4	0.01397	0.01442	0.12945	0.06011	0.24348	0.10224	0.01255	0.05181	0.05512	0.11595	0.01295	0.05280	0.01078	0.00644	0.00598	0.00166	0.06047	0.03916	0.00343	0.00726
5	0.01254	0.01068	0.01730	0.07584	0.43459	0.01087	0.05441	0.07741	0.01258	0.05497	0.01333	0.05960	0.01191	0.00724	0.02613	0.00182	0.00595	0.07468	0.03089	0.00725
6	0.01426	0.00942	0.01186	0.06530	0.10897	0.03927	0.00830	0.08767	0.07259	0.21998	0.14815	0.02270	0.07835	0.05487	0.00654	0.00177	0.00458	0.00618	0.00472	0.03452
7	0.01268	0.01147	0.01354	0.11184	0.16433	0.08008	0.01001	0.05544	0.26307	0.01836	0.01398	0.01523	0.01087	0.00586	0.00529	0.00154	0.03632	0.00480	0.10869	0.05659

[dist]
# distance from previous block
# <min> <max>
3	10

[block]
# block no. 4 follows, 48 sequences, length 14
# corresponding to MSA columns:
# 212-225
name=unknown_E
#
# <colnr> <probs for GDERKNQSTAVLIFYWHMCP>
#	G	D	E	R	K	N	Q	S	T	A	V	L	I	F	Y	W	H	M	C	P
0	0.00756	0.00568	0.00729	0.00809	0.00945	0.00540	0.00687	0.00959	0.01177	0.01488	0.03510	0.05516	0.27131	0.01380	0.00676	0.00216	0.00404	0.51574	0.00474	0.00460
1	0.01126	0.32801	0.12117	0.00897	0.01338	0.01250	0.00887	0.01371	0.01076	0.01452	0.01305	0.01648	0.06744	0.00571	0.00418	0.00121	0.00495	0.06451	0.00286	0.27645
2	0.45259	0.00868	0.00867	0.00822	0.01061	0.00971	0.00692	0.01327	0.00979	0.01923	0.01366	0.02459	0.01347	0.00804	0.00558	0.00183	0.06966	0.24290	0.00359	0.06899
3	0.00788	0.00579	0.00755	0.00771	0.00896	0.00567	0.00612	0.01101	0.06733	0.01843	0.43743	0.10612	0.03914	0.01182	0.00635	0.00189	0.00329	0.23726	0.00526	0.00498
4	0.01515	0.01338	0.01748	0.07026	0.35937	0.06263	0.01262	0.26759	0.07358	0.02170	0.01118	0.01287	0.00869	0.00546	0.00536	0.00156	0.02497	0.00460	0.00359	0.00798
5	0.01520	0.02188	0.32741	0.01481	0.07656	0.23119	0.01394	0.20325	0.01520	0.01923	0.00965	0.01090	0.00720	0.00528	0.00489	0.00151	0.00746	0.00392	0.00306	0.00745
6	0.01364	0.21642	0.38833	0.01283	0.01824	0.23784	0.01395	0.01724	0.01179	0.01420	0.00835	0.00976	0.00655	0.00488	0.00443	0.00141	0.00756	0.00340	0.00231	0.00688
7	0.00606	0.00520	0.00520	0.00520	0.00693	0.00433	0.00390	0.00736	0.01170	0.01386	0.05198	0.04938	0.78558	0.01299	0.00606	0.00173	0.00260	0.01083	0.00476	0.00433
8	0.00871	0.00750	0.00773	0.00727	0.00946	0.00766	0.00557	0.01523	0.31464	0.01687	0.03969	0.03743	0.48137	0.01061	0.00573	0.00174	0.00318	0.00884	0.00495	0.00583
9	0.00673	0.00481	0.00629	0.00677	0.00741	0.00448	0.00469	0.00817	0.01153	0.01585	0.32650	0.45942	0.03869	0.06468	0.00759	0.00208	0.00288	0.01204	0.00501	0.00437
10	0.79224	0.00983	0.00788	0.00693	0.01017	0.01121	0.00571	0.01584	0.00919	0.08175	0.00815	0.00903	0.00610	0.00488	0.00333	0.00159	0.00400	0.00296	0.00342	0.00580
11	0.00746	0.00546	0.00805	0.00805	0.00898	0.00632	0.00625	0.00932	0.00839	0.01233	0.01392	0.02010	0.01285	0.03661	0.75356	0.00784	0.01309	0.00546	0.05139	0.00459
12	0.01687	0.02243	0.11336	0.01470	0.05442	0.54864	0.05930	0.03540	0.03847	0.01417	0.00881	0.01035	0.00708	0.00532	0.00514	0.00144	0.03120	0.00374	0.00270	0.00644
13	0.09992	0.01132	0.01599	0.25839	0.26814	0.01254	0.01241	0.19730	0.01393	0.02014	0.01011	0.01266	0.00778	0.00519	0.00486	0.00158	0.00588	0.00440	0.03030	0.00717

[dist]
# distance from previous block
# <min> <max>
0	2

[block]
# block no. 5 follows, 48 sequences, length 38
# corresponding to MSA columns:
# 228-265
name=unknown_F
#
# <colnr> <probs for GDERKNQSTAVLIFYWHMCP>
#	G	D	E	R	K	N	Q	S	T	A	V	L	I	F	Y	W	H	M	C	P
0	0.01717	0.01390	0.04445	0.05527	0.01657	0.13576	0.05748	0.18174	0.08881	0.20683	0.01332	0.01368	0.00955	0.00606	0.00608	0.00159	0.07644	0.00463	0.00427	0.04640
1	0.00829	0.00684	0.00981	0.00927	0.00988	0.00854	0.00728	0.00978	0.00808	0.01184	0.01227	0.01922	0.01188	0.10239	0.53951	0.00650	0.20584	0.00543	0.00266	0.00470
2	0.00739	0.00606	0.00951	0.13470	0.03639	0.00614	0.05729	0.00900	0.01018	0.01356	0.03634	0.59968	0.02741	0.01314	0.00624	0.00198	0.00404	0.01205	0.00418	0.00472
3	0.00637	0.00475	0.00596	0.00680	0.00751	0.00433	0.00477	0.00752	0.01060	0.01379	0.07464	0.56513	0.19925	0.01499	0.00644	0.00200	0.00296	0.05311	0.00481	0.00427
4	0.00711	0.00488	0.00596	0.00628	0.00648	0.00486	0.00390	0.00759	0.00841	0.01133	0.04380	0.25142	0.02339	0.50412	0.08453	0.00433	0.00507	0.00935	0.00362	0.00358
5	0.00625	0.00447	0.00595	0.00714	0.00744	0.00417	0.00476	0.00714	0.00982	0.01310	0.02828	0.81633	0.03394	0.01608	0.00655	0.00208	0.00298	0.01459	0.00476	0.00417
6	0.00650	0.00504	0.00588	0.00614	0.00732	0.00448	0.00446	0.00793	0.01169	0.01504	0.20169	0.24468	0.37918	0.03963	0.00688	0.00193	0.00282	0.03943	0.00490	0.00437
7	0.01040	0.00887	0.01038	0.00758	0.01190	0.00669	0.00601	0.01261	0.01060	0.01652	0.01016	0.05454	0.00903	0.00447	0.00395	0.00083	0.00376	0.00367	0.00313	0.80490
8	0.01103	0.00929	0.01018	0.00935	0.01181	0.01016	0.00712	0.02116	0.52151	0.01928	0.05021	0.18198	0.01989	0.00867	0.00539	0.00172	0.00375	0.00747	0.00494	0.08508
9	0.00636	0.00451	0.00592	0.00701	0.00728	0.00424	0.00462	0.00717	0.00962	0.01282	0.02723	0.74812	0.03261	0.08610	0.00825	0.00234	0.00315	0.01397	0.00462	0.00408
10	0.00752	0.00497	0.00557	0.00557	0.00561	0.00497	0.00312	0.00758	0.00755	0.01019	0.01618	0.03320	0.01851	0.79829	0.02552	0.00488	0.00491	0.00739	0.02532	0.00315
11	0.00934	0.00571	0.00636	0.00627	0.00764	0.00569	0.00489	0.06237	0.01208	0.01847	0.09382	0.03060	0.09434	0.05861	0.00612	0.00173	0.00317	0.12747	0.44041	0.00490
12	0.00904	0.00657	0.00799	0.00782	0.00887	0.00720	0.00571	0.01299	0.19475	0.01386	0.01692	0.02664	0.01626	0.24857	0.18908	0.10836	0.00652	0.07506	0.03302	0.00475
13	0.01637	0.01781	0.01336	0.01113	0.01463	0.41603	0.00861	0.13096	0.01468	0.01693	0.00899	0.01018	0.00726	0.00492	0.00443	0.00117	0.00689	0.00341	0.00315	0.28911
14	0.00885	0.00745	0.01080	0.01443	0.26794	0.00722	0.00787	0.01046	0.01060	0.01425	0.08591	0.07562	0.18108	0.24369	0.01159	0.00263	0.00452	0.02620	0.00361	0.00529
15	0.13484	0.00567	0.00661	0.00692	0.00778	0.00592	0.00488	0.00902	0.00925	0.01427	0.07239	0.31001	0.02366	0.20361	0.13527	0.00362	0.00530	0.03284	0.00388	0.00426
16	0.01072	0.00585	0.00721	0.00679	0.00829	0.00527	0.00486	0.01181	0.01105	0.20706	0.05296	0.22254	0.20181	0.20735	0.01081	0.00256	0.00370	0.00946	0.00479	0.00511
17	0.21296	0.00761	0.00881	0.00758	0.01017	0.00754	0.00599	0.01671	0.01123	0.32630	0.01710	0.05874	0.04356	0.03861	0.07495	0.06062	0.00480	0.00535	0.07512	0.00624
18	0.05143	0.00635	0.00800	0.00761	0.00926	0.00597	0.00567	0.02717	0.01148	0.22858	0.05792	0.29487	0.05484	0.13321	0.00893	0.00234	0.00386	0.07209	0.00492	0.00550
19	0.00793	0.00585	0.00701	0.00700	0.00835	0.00563	0.00513	0.01118	0.11054	0.04235	0.27533	0.27669	0.19320	0.01214	0.00607	0.00180	0.00290	0.01065	0.00516	0.00508
20	0.00647	0.00497	0.00597	0.00653	0.00757	0.00447	0.00477	0.00782	0.01122	0.01436	0.11314	0.36492	0.32950	0.01413	0.00636	0.00193	0.00294	0.08372	0.00485	0.00435
21	0.01466	0.00862	0.01049	0.00924	0.01180	0.00872	0.00741	0.18209	0.08150	0.22635	0.06273	0.17467	0.02069	0.00964	0.00573	0.00180	0.00426	0.12475	0.02799	0.00687
22	0.00661	0.00480	0.00588	0.00641	0.00700	0.00446	0.00429	0.00759	0.01028	0.01359	0.13335	0.42191	0.15442	0.18273	0.01049	0.00257	0.00326	0.01176	0.00454	0.00407
23	0.00777	0.00605	0.00688	0.00668	0.00823	0.00574	0.00497	0.06658	0.05262	0.01720	0.22884	0.19841	0.34666	0.01216	0.00605	0.00176	0.00294	0.01047	0.00504	0.00496
24	0.01029	0.02654	0.79309	0.01462	0.02221	0.01192	0.01896	0.01625	0.01083	0.01625	0.00921	0.01083	0.00650	0.00487	0.00487	0.00162	0.00758	0.00379	0.00217	0.00758
25	0.06009	0.00735	0.04972	0.00704	0.00910	0.00634	0.00583	0.03725	0.05651	0.02982	0.23653	0.07891	0.31106	0.01069	0.00572	0.00171	0.00324	0.04624	0.03164	0.00519
26	0.04850	0.00585	0.00682	0.00662	0.00774	0.00567	0.00474	0.02729	0.01080	0.06958	0.15011	0.06845	0.13872	0.32862	0.01385	0.00305	0.00401	0.09084	0.00430	0.00444
27	0.00644	0.00455	0.00590	0.00690	0.00715	0.00429	0.00450	0.00719	0.00945	0.01260	0.02638	0.69319	0.03153	0.14249	0.00963	0.00254	0.00329	0.01347	0.00450	0.00400
28	0.01123	0.01123	0.01572	0.01347	0.01347	0.01572	0.01123	0.01235	0.00786	0.01235	0.00674	0.01123	0.00674	0.00898	0.01684	0.00225	0.81028	0.00449	0.00225	0.00561
29	0.00814	0.00596	0.00794	0.08163	0.01136	0.00612	0.00707	0.01046	0.02544	0.01503	0.06408	0.04307	0.12567	0.08292	0.05115	0.00260	0.00480	0.35643	0.08543	0.00469
30	0.00855	0.00487	0.00706	0.00741	0.00777	0.00485	0.00546	0.00785	0.00843	0.01117	0.03829	0.06302	0.01685	0.03153	0.01572	0.54747	0.00441	0.20309	0.00312	0.00307
31	0.02127	0.01064	0.01300	0.01000	0.01393	0.01045	0.00825	0.29103	0.01805	0.49567	0.04151	0.01628	0.01241	0.00641	0.00518	0.00157	0.00476	0.00510	0.00589	0.00861
32	0.01123	0.01123	0.01572	0.01347	0.01347	0.01572	0.01123	0.01235	0.00786	0.01235	0.00674	0.01123	0.00674	0.00898	0.01684	0.00225	0.81028	0.00449	0.00225	0.00561
33	0.01069	0.00931	0.01425	0.20748	0.17380	0.01109	0.01101	0.01268	0.00946	0.04470	0.01057	0.01670	0.00971	0.13726	0.08378	0.00292	0.22104	0.00511	0.00266	0.00578
34	0.01262	0.01211	0.02068	0.05227	0.76752	0.01217	0.01571	0.01568	0.01165	0.01667	0.00964	0.01273	0.00809	0.00459	0.00508	0.00153	0.00612	0.00457	0.00253	0.00806
35	0.01885	0.02378	0.01439	0.01308	0.01574	0.75958	0.00982	0.02083	0.05291	0.01301	0.00858	0.00975	0.00706	0.00537	0.00466	0.00134	0.00899	0.00343	0.00277	0.00606
36	0.23637	0.04527	0.01317	0.00998	0.01370	0.01383	0.00825	0.44315	0.03285	0.09276	0.01208	0.03567	0.00904	0.00605	0.00460	0.00156	0.00499	0.00443	0.00460	0.00767
37	0.00903	0.00611	0.00768	0.04020	0.00990	0.00616	0.00583	0.01240	0.13146	0.08093	0.04760	0.50777	0.04602	0.01261	0.00599	0.00190	0.00337	0.01124	0.04851	0.00529

[dist]
# distance from previous block
# <min> <max>
0	5

[block]
# block no. 6 follows, 48 sequences, length 28
# corresponding to MSA columns:
# 271-298
name=unknown_G
#
# <colnr> <probs for GDERKNQSTAVLIFYWHMCP>
#	G	D	E	R	K	N	Q	S	T	A	V	L	I	F	Y	W	H	M	C	P
0	0.08889	0.01813	0.01283	0.01161	0.01440	0.43414	0.00886	0.02258	0.30259	0.01682	0.01276	0.01291	0.00994	0.00587	0.00473	0.00150	0.00684	0.00420	0.00366	0.00674
1	0.17492	0.02278	0.01014	0.04146	0.01242	0.00894	0.03646	0.03327	0.09651	0.01780	0.02063	0.03611	0.04741	0.01008	0.00602	0.00200	0.02539	0.37114	0.02097	0.00553
2	0.01559	0.08447	0.02138	0.05652	0.02050	0.27691	0.28057	0.13282	0.01443	0.01695	0.00944	0.01154	0.00736	0.00507	0.00539	0.00152	0.02528	0.00453	0.00294	0.00675
3	0.01225	0.01151	0.03256	0.02131	0.44777	0.02626	0.01188	0.01501	0.01140	0.03425	0.00965	0.01193	0.00797	0.00434	0.00459	0.00124	0.00529	0.00397	0.00281	0.32403
4	0.16162	0.29144	0.07297	0.00954	0.01325	0.14329	0.00867	0.06607	0.03674	0.04321	0.01244	0.01321	0.06905	0.00673	0.03073	0.00162	0.00596	0.00396	0.00310	0.00639
5	0.00716	0.00542	0.00675	0.00694	0.00796	0.00530	0.00500	0.00960	0.06695	0.01567	0.24473	0.29083	0.15120	0.05315	0.09658	0.00270	0.00415	0.01049	0.00474	0.00467
6	0.00733	0.00550	0.00825	0.00825	0.00916	0.00641	0.00641	0.00916	0.00825	0.01191	0.01374	0.02016	0.01283	0.03848	0.79934	0.00825	0.01374	0.00550	0.00275	0.00458
7	0.00739	0.00524	0.00695	0.00695	0.00741	0.00571	0.00479	0.00833	0.00786	0.01095	0.01493	0.02674	0.01569	0.42181	0.41992	0.00664	0.00944	0.00646	0.00293	0.00386
8	0.00969	0.00912	0.01539	0.80734	0.03534	0.01140	0.01425	0.01311	0.01026	0.01311	0.00912	0.01368	0.00684	0.00513	0.00513	0.00171	0.00684	0.00456	0.00228	0.00570
9	0.01902	0.01413	0.01512	0.01171	0.01573	0.01568	0.00963	0.71661	0.07887	0.03155	0.01294	0.01281	0.00923	0.00622	0.00514	0.00155	0.00553	0.00471	0.00514	0.00868
10	0.01064	0.00912	0.01064	0.00760	0.01216	0.00684	0.00608	0.01292	0.01064	0.01672	0.00912	0.01064	0.00760	0.00380	0.00380	0.00076	0.00380	0.00304	0.00304	0.85104
11	0.00678	0.00487	0.00654	0.00769	0.00827	0.00463	0.00566	0.00808	0.01042	0.01372	0.02881	0.58887	0.05887	0.01546	0.00667	0.00215	0.00343	0.21000	0.00475	0.00432
12	0.01150	0.01168	0.01568	0.01346	0.01355	0.04262	0.01118	0.01263	0.00809	0.01236	0.00678	0.01116	0.00673	0.00885	0.01642	0.00221	0.78277	0.00445	0.00226	0.00562
13	0.00704	0.00517	0.00660	0.00645	0.00762	0.00473	0.00480	0.00917	0.01364	0.01889	0.60370	0.12453	0.12957	0.01146	0.00613	0.00169	0.00255	0.02611	0.00543	0.00471
14	0.00689	0.00497	0.00655	0.00700	0.00783	0.00464	0.00511	0.00861	0.01216	0.01666	0.36540	0.37701	0.06109	0.01332	0.00637	0.00189	0.00288	0.08195	0.00515	0.00452
15	0.01532	0.01229	0.01304	0.01096	0.01432	0.01396	0.00874	0.30905	0.49245	0.02559	0.01764	0.01656	0.01303	0.00666	0.00519	0.00166	0.00466	0.00535	0.00519	0.00835
16	0.01617	0.01251	0.01499	0.23809	0.02108	0.01416	0.01080	0.52418	0.01968	0.02612	0.01300	0.01420	0.03941	0.00614	0.00517	0.00160	0.00586	0.00485	0.00431	0.00769
17	0.01378	0.01635	0.02656	0.01964	0.02423	0.19885	0.58953	0.01739	0.01269	0.01552	0.00980	0.01276	0.00751	0.00455	0.00572	0.00163	0.00879	0.00540	0.00261	0.00669
18	0.00746	0.00500	0.00573	0.00573	0.00578	0.00505	0.00328	0.00755	0.00750	0.01005	0.01604	0.03289	0.01836	0.77972	0.06567	0.00514	0.00542	0.00736	0.00309	0.00318
19	0.00956	0.00478	0.00478	0.00478	0.00598	0.00478	0.00359	0.01196	0.01076	0.01913	0.01674	0.01913	0.01315	0.00598	0.00359	0.00120	0.00239	0.00478	0.84816	0.00478
20	0.16648	0.01398	0.23341	0.01023	0.01496	0.00959	0.01037	0.02032	0.04050	0.38003	0.04040	0.01471	0.01097	0.00581	0.00476	0.00160	0.00514	0.00451	0.00453	0.00769
21	0.00754	0.00636	0.00795	0.02647	0.09507	0.00593	0.00603	0.00997	0.04873	0.01595	0.19382	0.05721	0.44780	0.01119	0.00594	0.00172	0.00321	0.03935	0.00466	0.00508
22	0.00956	0.00478	0.00478	0.00478	0.00598	0.00478	0.00359	0.01196	0.01076	0.01913	0.01674	0.01913	0.01315	0.00598	0.00359	0.00120	0.00239	0.00478	0.84816	0.00478
23	0.00969	0.00912	0.01539	0.80734	0.03534	0.01140	0.01425	0.01311	0.01026	0.01311	0.00912	0.01368	0.00684	0.00513	0.00513	0.00171	0.00684	0.00456	0.00228	0.00570
24	0.01362	0.01241	0.01399	0.04105	0.01453	0.07583	0.00981	0.15438	0.21236	0.01870	0.01207	0.01378	0.00971	0.00738	0.00970	0.00185	0.32529	0.00478	0.04196	0.00682
25	0.01029	0.02654	0.79309	0.01462	0.02221	0.01192	0.01896	0.01625	0.01083	0.01625	0.00921	0.01083	0.00650	0.00487	0.00487	0.00162	0.00758	0.00379	0.00217	0.00758
26	0.01344	0.01135	0.01340	0.32699	0.02191	0.07425	0.01048	0.24132	0.06378	0.02015	0.01313	0.01515	0.03482	0.00594	0.00493	0.00157	0.00579	0.00480	0.11018	0.00662
27	0.07691	0.29044	0.15861	0.01066	0.01446	0.01267	0.09496	0.01328	0.01039	0.01447	0.01390	0.23947	0.01441	0.00783	0.00481	0.00158	0.00539	0.00668	0.00304	0.00603

[dist]
# distance from previous block
# <min> <max>
5	9

[block]
# block no. 7 follows, 48 sequences, length 9
# corresponding to MSA columns:
# 308-316
name=unknown_H
#
# <colnr> <probs for GDERKNQSTAVLIFYWHMCP>
#	G	D	E	R	K	N	Q	S	T	A	V	L	I	F	Y	W	H	M	C	P
0	0.01052	0.00829	0.07136	0.00941	0.06899	0.00663	0.00732	0.01277	0.01275	0.15666	0.21283	0.03450	0.28664	0.00986	0.00608	0.00170	0.02572	0.04733	0.00482	0.00585
1	0.00734	0.00593	0.00893	0.25968	0.01625	0.00645	0.00776	0.00903	0.00996	0.01310	0.02223	0.56302	0.02539	0.01262	0.00610	0.00197	0.00420	0.01142	0.00398	0.00465
2	0.01561	0.01852	0.01243	0.01190	0.01403	0.54866	0.00919	0.01718	0.01356	0.01331	0.01407	0.06829	0.01410	0.00820	0.00537	0.00163	0.00772	0.19740	0.00330	0.00553
3	0.01222	0.01303	0.08162	0.10533	0.65399	0.01209	0.01586	0.01553	0.01148	0.01637	0.00956	0.01265	0.00787	0.00465	0.00507	0.00155	0.00629	0.00451	0.00249	0.00785
4	0.01195	0.01499	0.09926	0.02099	0.02640	0.01288	0.70120	0.01642	0.01200	0.01642	0.01027	0.01357	0.00767	0.00437	0.00595	0.00172	0.00855	0.00585	0.00256	0.00698
5	0.00839	0.00654	0.00995	0.01007	0.01166	0.00637	0.07655	0.01085	0.01196	0.01559	0.06422	0.05227	0.08884	0.01301	0.00686	0.00222	0.00480	0.59039	0.00458	0.00490
6	0.00992	0.00979	0.01806	0.42273	0.02747	0.01081	0.22539	0.01321	0.01100	0.01462	0.07308	0.08826	0.01288	0.00645	0.00599	0.00176	0.03363	0.00626	0.00286	0.00583
7	0.01602	0.01838	0.01541	0.01503	0.10621	0.47252	0.07848	0.01836	0.04193	0.04246	0.05403	0.07428	0.01187	0.00633	0.00508	0.00148	0.00760	0.00506	0.00319	0.00628
8	0.01697	0.00894	0.04042	0.00933	0.01245	0.00823	0.00782	0.08383	0.03698	0.42706	0.01712	0.01767	0.01226	0.01644	0.25578	0.00369	0.00755	0.00519	0.00492	0.00736

[dist]
# distance from previous block
# <min> <max>
9	16

# created by:
# /st0/software/busco_prod/Augustus/scripts/msa2prfl.pl ./align_prep/62098.fa
