[name]
unknown

[dist]
# distance from previous block
# <min> <max>
0	16

[block]
# block no. 0 follows, 54 sequences, length 18
# corresponding to MSA columns:
# 16-33
name=unknown_A
#
# <colnr> <probs for GDERKNQSTAVLIFYWHMCP>
#	G	D	E	R	K	N	Q	S	T	A	V	L	I	F	Y	W	H	M	C	P
0	0.01492	0.00963	0.01135	0.00946	0.01230	0.01030	0.00778	0.36091	0.06534	0.17307	0.01519	0.01923	0.01222	0.01175	0.14319	0.00258	0.00603	0.10337	0.00451	0.00686
1	0.01493	0.01020	0.01225	0.01131	0.09633	0.01076	0.00820	0.32423	0.13858	0.15761	0.14839	0.01722	0.01579	0.00633	0.00487	0.00146	0.00430	0.00522	0.00475	0.00727
2	0.01145	0.01131	0.01634	0.02324	0.58506	0.09534	0.01219	0.01398	0.01146	0.01559	0.14398	0.01535	0.01363	0.00520	0.00478	0.00139	0.00533	0.00482	0.00283	0.00674
3	0.01278	0.01084	0.01673	0.01274	0.01615	0.01107	0.27274	0.27837	0.07694	0.04299	0.14325	0.05501	0.01546	0.00624	0.00521	0.00152	0.00537	0.00593	0.00402	0.00662
4	0.04077	0.01079	0.01088	0.01064	0.09525	0.14084	0.00749	0.10908	0.11584	0.17926	0.03036	0.01600	0.05530	0.00587	0.00442	0.00137	0.00457	0.00466	0.15015	0.00647
5	0.07383	0.01087	0.01260	0.01020	0.01323	0.09361	0.08994	0.22094	0.03557	0.21032	0.01481	0.15198	0.01251	0.00689	0.00484	0.00150	0.00495	0.00583	0.00429	0.02130
6	0.01159	0.01167	0.01724	0.23172	0.52207	0.09630	0.01355	0.01431	0.01068	0.01413	0.00858	0.01157	0.00702	0.00440	0.00464	0.00142	0.00609	0.00407	0.00228	0.00668
7	0.01255	0.01299	0.01791	0.06403	0.63324	0.14826	0.01349	0.01510	0.01112	0.01458	0.00858	0.01117	0.00717	0.00434	0.00460	0.00138	0.00613	0.00400	0.00234	0.00702
8	0.00953	0.14810	0.01062	0.00724	0.00849	0.00921	0.00552	0.09982	0.00947	0.01283	0.01262	0.06435	0.01321	0.37394	0.05853	0.00316	0.09201	0.00564	0.05124	0.00446
9	0.01144	0.01105	0.01834	0.02612	0.66978	0.01176	0.01376	0.01394	0.01014	0.01471	0.00841	0.01144	0.00725	0.00489	0.00651	0.00151	0.14540	0.00419	0.00229	0.00707
10	0.00819	0.00410	0.00614	0.00614	0.00614	0.00410	0.00410	0.00614	0.00614	0.00819	0.00819	0.01433	0.00819	0.01638	0.01843	0.86282	0.00410	0.00410	0.00205	0.00205
11	0.05558	0.01309	0.01325	0.01049	0.01398	0.16529	0.04308	0.32217	0.01653	0.28012	0.01265	0.01223	0.00868	0.00543	0.00460	0.00140	0.00550	0.00416	0.00446	0.00733
12	0.00649	0.00487	0.00627	0.00670	0.00766	0.00429	0.00468	0.00756	0.00921	0.01266	0.02296	0.66894	0.02694	0.01280	0.00560	0.00171	0.00291	0.03332	0.00411	0.15033
13	0.01242	0.56487	0.20306	0.00973	0.01426	0.10139	0.01032	0.01480	0.01007	0.01202	0.00707	0.00821	0.00604	0.00422	0.00349	0.00114	0.00585	0.00280	0.00205	0.00620
14	0.00877	0.00611	0.00694	0.00643	0.00717	0.00640	0.00430	0.14045	0.00970	0.01299	0.01461	0.02788	0.01575	0.60750	0.06574	0.00409	0.00513	0.04293	0.00323	0.00389
15	0.16239	0.01719	0.01181	0.01046	0.01318	0.48764	0.00805	0.05309	0.08040	0.09917	0.00957	0.01007	0.00731	0.00505	0.00414	0.00132	0.00664	0.00339	0.00318	0.00596
16	0.06919	0.01081	0.01084	0.00920	0.01208	0.07141	0.00728	0.18144	0.33770	0.08755	0.08914	0.01652	0.02547	0.00620	0.00464	0.00146	0.00424	0.00495	0.00451	0.04536
17	0.03728	0.01259	0.01518	0.07554	0.30035	0.09850	0.01089	0.30133	0.02860	0.02015	0.01146	0.01279	0.04371	0.00524	0.00464	0.00141	0.00558	0.00433	0.00336	0.00707

[dist]
# distance from previous block
# <min> <max>
5	8

[block]
# block no. 1 follows, 54 sequences, length 13
# corresponding to MSA columns:
# 42-54
name=unknown_B
#
# <colnr> <probs for GDERKNQSTAVLIFYWHMCP>
#	G	D	E	R	K	N	Q	S	T	A	V	L	I	F	Y	W	H	M	C	P
0	0.01420	0.00875	0.01055	0.00791	0.01174	0.00753	0.00641	0.09622	0.04527	0.26661	0.03205	0.01287	0.00981	0.00473	0.00412	0.00107	0.00381	0.00381	0.00409	0.44845
1	0.01800	0.01058	0.01215	0.00942	0.01295	0.01089	0.00775	0.44204	0.01801	0.31018	0.01720	0.01606	0.08004	0.00628	0.00480	0.00145	0.00451	0.00493	0.00509	0.00766
2	0.00978	0.00838	0.00978	0.00698	0.01117	0.00629	0.00559	0.01187	0.00978	0.01536	0.00838	0.00978	0.00698	0.00349	0.00349	0.00070	0.00349	0.00279	0.00279	0.86312
3	0.00888	0.00747	0.00879	0.00681	0.01020	0.00575	0.00528	0.01071	0.00969	0.01466	0.01328	0.15432	0.04839	0.00585	0.00403	0.00095	0.00331	0.00497	0.00314	0.67350
4	0.78400	0.00901	0.00733	0.00642	0.00941	0.01022	0.00529	0.01476	0.00856	0.09888	0.00775	0.00849	0.00575	0.00452	0.00310	0.00146	0.00368	0.00277	0.00321	0.00539
5	0.00676	0.00496	0.00711	0.00711	0.00779	0.00564	0.00531	0.00812	0.00744	0.01060	0.01306	0.02090	0.01282	0.18909	0.66329	0.00700	0.01108	0.00540	0.00259	0.00395
6	0.01761	0.02247	0.01336	0.01215	0.01458	0.81537	0.00911	0.01883	0.01336	0.01154	0.00729	0.00850	0.00607	0.00486	0.00425	0.00121	0.00850	0.00304	0.00243	0.00547
7	0.01022	0.00822	0.00964	0.00719	0.01098	0.00650	0.00569	0.05044	0.01046	0.04394	0.01049	0.08476	0.00940	0.00471	0.00383	0.00087	0.00353	0.00390	0.00314	0.71209
8	0.01668	0.01320	0.01316	0.01060	0.01397	0.09505	0.00859	0.52413	0.15856	0.05820	0.01294	0.01334	0.00956	0.00589	0.00473	0.00145	0.00520	0.02264	0.00454	0.00757
9	0.01714	0.00744	0.00979	0.00779	0.01081	0.00662	0.00632	0.05636	0.01371	0.56392	0.17287	0.02150	0.07030	0.00697	0.00496	0.00147	0.00361	0.00580	0.00556	0.00706
10	0.19865	0.12491	0.00941	0.00704	0.00895	0.00795	0.00557	0.01171	0.00968	0.12362	0.03522	0.36598	0.01928	0.00952	0.00475	0.00162	0.00351	0.04366	0.00394	0.00504
11	0.00793	0.00713	0.01198	0.00976	0.01174	0.00693	0.19510	0.01040	0.01202	0.01664	0.44487	0.02998	0.10695	0.00856	0.00627	0.00159	0.05827	0.04478	0.00418	0.00491
12	0.07079	0.01511	0.01112	0.00987	0.01221	0.39097	0.00759	0.13479	0.04776	0.01623	0.09445	0.03689	0.09739	0.00661	0.00488	0.00139	0.02799	0.00489	0.00345	0.00561

[dist]
# distance from previous block
# <min> <max>
5	8

[block]
# block no. 2 follows, 54 sequences, length 68
# corresponding to MSA columns:
# 63-130
name=unknown_C
#
# <colnr> <probs for GDERKNQSTAVLIFYWHMCP>
#	G	D	E	R	K	N	Q	S	T	A	V	L	I	F	Y	W	H	M	C	P
0	0.01070	0.39394	0.01894	0.32866	0.08158	0.01395	0.01030	0.01299	0.00986	0.01231	0.05932	0.01165	0.00876	0.00468	0.00398	0.00129	0.00539	0.00370	0.00228	0.00574
1	0.01192	0.45358	0.02616	0.01356	0.01794	0.01552	0.37082	0.01458	0.01030	0.01296	0.00794	0.00996	0.00656	0.00401	0.00421	0.00128	0.00639	0.00394	0.00219	0.00619
2	0.01441	0.01355	0.02034	0.01513	0.01921	0.07548	0.37461	0.32870	0.05387	0.02096	0.01055	0.01206	0.00777	0.00484	0.00508	0.00149	0.00667	0.00482	0.00345	0.00701
3	0.01027	0.01056	0.01601	0.37624	0.02314	0.06453	0.11447	0.01265	0.00913	0.01217	0.00769	0.01153	0.00635	0.00588	0.00861	0.00172	0.29726	0.00427	0.00214	0.00537
4	0.00574	0.00410	0.00547	0.00657	0.00684	0.00383	0.00438	0.00657	0.00903	0.01204	0.02599	0.83122	0.03119	0.01477	0.00602	0.00191	0.00274	0.01340	0.00438	0.00383
5	0.00600	0.00479	0.00537	0.00523	0.00663	0.00416	0.00392	0.00760	0.01177	0.01515	0.34327	0.04140	0.50596	0.01104	0.00557	0.00155	0.00232	0.00939	0.00470	0.00416
6	0.00662	0.00549	0.00587	0.00625	0.00726	0.04356	0.00457	0.00779	0.01022	0.01274	0.08300	0.28590	0.32379	0.07659	0.00719	0.00197	0.00318	0.09981	0.00421	0.00399
7	0.01167	0.01120	0.01914	0.02894	0.80488	0.01120	0.01447	0.01447	0.01074	0.01540	0.00887	0.01167	0.00747	0.00420	0.00467	0.00140	0.00560	0.00420	0.00233	0.00747
8	0.01145	0.01098	0.01875	0.09087	0.74464	0.01115	0.01436	0.01428	0.01063	0.01514	0.00883	0.01174	0.00738	0.00424	0.00467	0.00141	0.00565	0.00420	0.00232	0.00729
9	0.01792	0.01321	0.01415	0.01085	0.01462	0.01462	0.00896	0.78916	0.02217	0.02972	0.01132	0.01132	0.00802	0.00566	0.00472	0.00142	0.00519	0.00425	0.00472	0.00802
10	0.00819	0.00410	0.00614	0.00614	0.00614	0.00410	0.00410	0.00614	0.00614	0.00819	0.00819	0.01433	0.00819	0.01638	0.01843	0.86282	0.00410	0.00410	0.00205	0.00205
11	0.01181	0.63212	0.22276	0.00942	0.01420	0.01671	0.01043	0.01432	0.00967	0.01206	0.00704	0.00817	0.00603	0.00415	0.00339	0.00113	0.00553	0.00276	0.00201	0.00628
12	0.00583	0.00447	0.00536	0.00589	0.00677	0.00400	0.00418	0.00697	0.01017	0.01307	0.11518	0.43187	0.32160	0.01313	0.00582	0.00176	0.00260	0.03292	0.00446	0.00397
13	0.02115	0.00802	0.01094	0.00839	0.01204	0.00693	0.00693	0.02298	0.01350	0.80815	0.01860	0.01605	0.01167	0.00584	0.00474	0.00146	0.00401	0.00474	0.00584	0.00802
14	0.00574	0.00410	0.00547	0.00657	0.00684	0.00383	0.00438	0.00657	0.00903	0.01204	0.02599	0.83122	0.03119	0.01477	0.00602	0.00191	0.00274	0.01340	0.00438	0.00383
15	0.81243	0.00905	0.00719	0.00634	0.00931	0.01034	0.00523	0.01445	0.00838	0.07245	0.00735	0.00821	0.00553	0.00447	0.00304	0.00146	0.00367	0.00270	0.00311	0.00530
16	0.00978	0.00838	0.00978	0.00698	0.01117	0.00629	0.00559	0.01187	0.00978	0.01536	0.00838	0.00978	0.00698	0.00349	0.00349	0.00070	0.00349	0.00279	0.00279	0.86312
17	0.00575	0.00442	0.00527	0.00582	0.00667	0.00394	0.00407	0.00683	0.01003	0.01284	0.09500	0.46482	0.33108	0.01328	0.00581	0.00176	0.00256	0.01169	0.00444	0.00394
18	0.01167	0.01120	0.01914	0.02894	0.80488	0.01120	0.01447	0.01447	0.01074	0.01540	0.00887	0.01167	0.00747	0.00420	0.00467	0.00140	0.00560	0.00420	0.00233	0.00747
19	0.12591	0.01423	0.02211	0.01649	0.02054	0.17530	0.52558	0.01570	0.01117	0.01518	0.00869	0.01119	0.00666	0.00421	0.00495	0.00150	0.00749	0.00465	0.00246	0.00601
20	0.00599	0.00472	0.00495	0.00494	0.00605	0.00417	0.00342	0.00690	0.00977	0.01201	0.07489	0.04076	0.54279	0.24573	0.01081	0.00243	0.00300	0.00900	0.00398	0.00368
21	0.00978	0.00838	0.00978	0.00698	0.01117	0.00629	0.00559	0.01187	0.00978	0.01536	0.00838	0.00978	0.00698	0.00349	0.00349	0.00070	0.00349	0.00279	0.00279	0.86312
22	0.00760	0.00543	0.00760	0.00868	0.00977	0.00543	0.00760	0.00977	0.01085	0.01411	0.02496	0.05319	0.02714	0.01303	0.00651	0.00217	0.00434	0.77315	0.00434	0.00434
23	0.01761	0.02247	0.01336	0.01215	0.01458	0.81537	0.00911	0.01883	0.01336	0.01154	0.00729	0.00850	0.00607	0.00486	0.00425	0.00121	0.00850	0.00304	0.00243	0.00547
24	0.00695	0.00441	0.00590	0.00671	0.00724	0.00407	0.00458	0.00785	0.00938	0.07413	0.02541	0.76764	0.02966	0.01407	0.00592	0.00188	0.00284	0.01273	0.00449	0.00416
25	0.00655	0.00452	0.00549	0.00566	0.00598	0.00437	0.00358	0.00726	0.00886	0.01207	0.19888	0.21987	0.02674	0.45183	0.01553	0.00324	0.00360	0.00878	0.00375	0.00345
26	0.00557	0.00478	0.00478	0.00478	0.00637	0.00398	0.00358	0.00677	0.01075	0.01274	0.04776	0.04538	0.80297	0.01194	0.00557	0.00159	0.00239	0.00995	0.00438	0.00398
27	0.00760	0.00543	0.00760	0.00868	0.00977	0.00543	0.00760	0.00977	0.01085	0.01411	0.02496	0.05319	0.02714	0.01303	0.00651	0.00217	0.00434	0.77315	0.00434	0.00434
28	0.00674	0.00505	0.00758	0.00758	0.00842	0.00589	0.00589	0.00842	0.00758	0.01095	0.01263	0.01852	0.01179	0.03536	0.81561	0.00758	0.01263	0.00505	0.00253	0.00421
29	0.00760	0.00543	0.00760	0.00868	0.00977	0.00543	0.00760	0.00977	0.01085	0.01411	0.02496	0.05319	0.02714	0.01303	0.00651	0.00217	0.00434	0.77315	0.00434	0.00434
30	0.01856	0.01218	0.01352	0.01036	0.01411	0.01310	0.00856	0.63773	0.02045	0.18357	0.01276	0.01225	0.00874	0.00569	0.00472	0.00142	0.00496	0.00434	0.00494	0.00802
31	0.86760	0.00912	0.00693	0.00620	0.00912	0.01058	0.00511	0.01386	0.00802	0.02115	0.00657	0.00766	0.00511	0.00438	0.00292	0.00146	0.00365	0.00255	0.00292	0.00511
32	0.01763	0.02187	0.01341	0.01206	0.01458	0.76370	0.00910	0.06853	0.01393	0.01271	0.00755	0.00868	0.00620	0.00491	0.00428	0.00123	0.00829	0.00311	0.00258	0.00563
33	0.01758	0.01304	0.01396	0.01078	0.01449	0.01446	0.00888	0.74657	0.06532	0.02916	0.01176	0.01167	0.00837	0.00570	0.00472	0.00143	0.00511	0.00431	0.00472	0.00799
34	0.00557	0.00478	0.00478	0.00478	0.00637	0.00398	0.00358	0.00677	0.01075	0.01274	0.04776	0.04538	0.80297	0.01194	0.00557	0.00159	0.00239	0.00995	0.00438	0.00398
35	0.01792	0.01321	0.01415	0.01085	0.01462	0.01462	0.00896	0.78916	0.02217	0.02972	0.01132	0.01132	0.00802	0.00566	0.00472	0.00142	0.00519	0.00425	0.00472	0.00802
36	0.00557	0.00478	0.00478	0.00478	0.00637	0.00398	0.00358	0.00677	0.01075	0.01274	0.04776	0.04538	0.80297	0.01194	0.00557	0.00159	0.00239	0.00995	0.00438	0.00398
37	0.00686	0.00457	0.00514	0.00514	0.00514	0.00457	0.00286	0.00686	0.00686	0.00914	0.01486	0.03086	0.01714	0.83430	0.02400	0.00457	0.00457	0.00686	0.00286	0.00286
38	0.00978	0.00838	0.00978	0.00698	0.01117	0.00629	0.00559	0.01187	0.00978	0.01536	0.00838	0.00978	0.00698	0.00349	0.00349	0.00070	0.00349	0.00279	0.00279	0.86312
39	0.00557	0.00478	0.00478	0.00478	0.00637	0.00398	0.00358	0.00677	0.01075	0.01274	0.04776	0.04538	0.80297	0.01194	0.00557	0.00159	0.00239	0.00995	0.00438	0.00398
40	0.00760	0.00543	0.00760	0.00868	0.00977	0.00543	0.00760	0.00977	0.01085	0.01411	0.02496	0.05319	0.02714	0.01303	0.00651	0.00217	0.00434	0.77315	0.00434	0.00434
41	0.00760	0.00543	0.00760	0.00868	0.00977	0.00543	0.00760	0.00977	0.01085	0.01411	0.02496	0.05319	0.02714	0.01303	0.00651	0.00217	0.00434	0.77315	0.00434	0.00434
42	0.00653	0.00481	0.00610	0.00578	0.00695	0.00439	0.00433	0.00861	0.01300	0.01808	0.70148	0.03658	0.14592	0.00995	0.00556	0.00150	0.00225	0.00872	0.00508	0.00439
43	0.62273	0.00790	0.00675	0.00612	0.00853	0.00883	0.00492	0.01245	0.00954	0.02052	0.23292	0.01550	0.01631	0.00587	0.00367	0.00147	0.00324	0.00425	0.00356	0.00492
44	0.00760	0.00543	0.00760	0.00868	0.00977	0.00543	0.00760	0.00977	0.01085	0.01411	0.02496	0.05319	0.02714	0.01303	0.00651	0.00217	0.00434	0.77315	0.00434	0.00434
45	0.00903	0.00651	0.00844	0.00887	0.01031	0.00670	0.00759	0.12649	0.01243	0.01632	0.02298	0.09761	0.02453	0.01203	0.00621	0.00204	0.00436	0.60827	0.00440	0.00486
46	0.00611	0.00426	0.00536	0.00610	0.00628	0.00407	0.00387	0.00666	0.00831	0.01108	0.02231	0.56691	0.02655	0.28541	0.01196	0.00279	0.00334	0.01124	0.00387	0.00351
47	0.00574	0.00477	0.00504	0.00514	0.00660	0.00407	0.00388	0.00701	0.01078	0.01309	0.08591	0.09643	0.67413	0.01205	0.00565	0.00164	0.00250	0.04714	0.00442	0.00401
48	0.06487	0.00843	0.01367	0.76973	0.03095	0.01048	0.01257	0.01217	0.00934	0.01264	0.00826	0.01225	0.00621	0.00469	0.00460	0.00156	0.00611	0.00408	0.00215	0.00523
49	0.00978	0.00838	0.00978	0.00698	0.01117	0.00629	0.00559	0.01187	0.00978	0.01536	0.00838	0.00978	0.00698	0.00349	0.00349	0.00070	0.00349	0.00279	0.00279	0.86312
50	0.00585	0.00466	0.00522	0.00540	0.00661	0.00407	0.00394	0.00713	0.01076	0.01356	0.16513	0.19840	0.49757	0.02807	0.00603	0.00171	0.00251	0.02490	0.00448	0.00401
51	0.01167	0.01120	0.01914	0.02894	0.80488	0.01120	0.01447	0.01447	0.01074	0.01540	0.00887	0.01167	0.00747	0.00420	0.00467	0.00140	0.00560	0.00420	0.00233	0.00747
52	0.01852	0.00779	0.01048	0.00856	0.01174	0.00702	0.00715	0.05690	0.01342	0.62599	0.01942	0.02262	0.01433	0.00714	0.00506	0.00159	0.00413	0.14527	0.00551	0.00735
53	0.00672	0.00511	0.00638	0.00697	0.00824	0.00478	0.00580	0.00848	0.01089	0.01376	0.07208	0.06739	0.33110	0.01248	0.00609	0.00191	0.00344	0.41980	0.00440	0.00419
54	0.00651	0.00444	0.00523	0.00554	0.00566	0.00435	0.00331	0.00677	0.00757	0.01006	0.01885	0.25886	0.04081	0.58061	0.01842	0.00374	0.00399	0.00880	0.00333	0.00316
55	0.01564	0.01219	0.01246	0.01025	0.01348	0.06508	0.00822	0.37489	0.33358	0.08090	0.01476	0.01401	0.01073	0.00592	0.00472	0.00148	0.00473	0.00464	0.00468	0.00763
56	0.01128	0.00965	0.01017	0.00920	0.01167	0.01109	0.00708	0.02347	0.72770	0.01888	0.01953	0.01906	0.03184	0.06048	0.00607	0.00179	0.00376	0.00553	0.00466	0.00709
57	0.07905	0.01252	0.01943	0.01476	0.01794	0.06515	0.34390	0.15264	0.01215	0.03180	0.00888	0.01131	0.00694	0.00538	0.00739	0.00163	0.19544	0.00458	0.00284	0.00625
58	0.01205	0.00928	0.01190	0.00957	0.01212	0.06089	0.10981	0.19154	0.01510	0.10126	0.38304	0.02303	0.02528	0.00727	0.00520	0.00146	0.00426	0.00640	0.00460	0.00596
59	0.01173	0.01013	0.01066	0.00960	0.01226	0.01173	0.00746	0.02505	0.79636	0.01972	0.01919	0.01759	0.01439	0.00640	0.00480	0.00160	0.00373	0.00533	0.00480	0.00746
60	0.01205	0.00863	0.00937	0.00782	0.00959	0.00929	0.00572	0.37421	0.01405	0.01880	0.01320	0.02168	0.01286	0.44519	0.01494	0.00309	0.00486	0.00563	0.00373	0.00528
61	0.01154	0.01107	0.01890	0.06660	0.76825	0.01117	0.01441	0.01436	0.01067	0.01524	0.00885	0.01171	0.00741	0.00423	0.00467	0.00141	0.00563	0.00420	0.00232	0.00736
62	0.00814	0.00594	0.00768	0.00773	0.00915	0.00581	0.00636	0.07479	0.01246	0.01694	0.28179	0.09229	0.03059	0.01093	0.00587	0.00179	0.00356	0.36726	0.00458	0.04633
63	0.01306	0.00627	0.00772	0.00652	0.00887	0.00544	0.00506	0.01439	0.01152	0.38577	0.02971	0.02968	0.32729	0.11801	0.00762	0.00192	0.00344	0.00709	0.00486	0.00573
64	0.01065	0.06193	0.67219	0.01296	0.01928	0.07423	0.01592	0.05277	0.01080	0.01520	0.00842	0.00980	0.00608	0.00455	0.00440	0.00144	0.00691	0.00344	0.00216	0.00686
65	0.75360	0.00946	0.04576	0.00653	0.00946	0.01003	0.00562	0.01331	0.00825	0.02011	0.00893	0.05372	0.03010	0.00517	0.00324	0.00149	0.00372	0.00341	0.00300	0.00509
66	0.01462	0.00838	0.00910	0.00766	0.01033	0.08281	0.00607	0.01713	0.07130	0.38737	0.11513	0.02487	0.20956	0.00772	0.00500	0.00148	0.00381	0.00634	0.00500	0.00633
67	0.01272	0.01271	0.02384	0.01730	0.02173	0.01254	0.57050	0.19389	0.05178	0.01869	0.01042	0.01263	0.00770	0.00448	0.00533	0.00155	0.00711	0.00525	0.00304	0.00680

[dist]
# distance from previous block
# <min> <max>
0	1

[block]
# block no. 3 follows, 54 sequences, length 55
# corresponding to MSA columns:
# 132-186
name=unknown_D
#
# <colnr> <probs for GDERKNQSTAVLIFYWHMCP>
#	G	D	E	R	K	N	Q	S	T	A	V	L	I	F	Y	W	H	M	C	P
0	0.42583	0.00805	0.00812	0.00682	0.00979	0.00825	0.00557	0.01618	0.01054	0.30769	0.04482	0.01615	0.10246	0.00599	0.00399	0.00148	0.00358	0.00444	0.00424	0.00602
1	0.01271	0.00967	0.01044	0.00910	0.01187	0.01072	0.00716	0.09814	0.55797	0.10321	0.02125	0.01963	0.09340	0.00683	0.00486	0.00157	0.00377	0.00563	0.00486	0.00722
2	0.70106	0.00836	0.00692	0.00644	0.00901	0.00945	0.00524	0.01283	0.00838	0.01963	0.00980	0.08709	0.00924	0.00597	0.00349	0.00154	0.00361	0.06236	0.00316	0.02642
3	0.01113	0.01272	0.02782	0.01987	0.02464	0.01192	0.78776	0.01510	0.01113	0.01510	0.00954	0.01272	0.00715	0.00397	0.00556	0.00159	0.00795	0.00556	0.00238	0.00636
4	0.01083	0.01034	0.01761	0.27142	0.56901	0.01098	0.01405	0.01373	0.01034	0.01438	0.00872	0.01194	0.00711	0.00436	0.00468	0.00145	0.00581	0.00420	0.00226	0.00679
5	0.00597	0.00444	0.00516	0.00561	0.00625	0.00407	0.00372	0.00671	0.00903	0.01152	0.03027	0.36721	0.28096	0.22478	0.01050	0.00249	0.00309	0.01059	0.00399	0.00363
6	0.00635	0.00481	0.00585	0.00559	0.00684	0.00431	0.00419	0.00827	0.01258	0.01708	0.57872	0.03823	0.26930	0.01032	0.00556	0.00152	0.00227	0.00895	0.00495	0.00431
7	0.00678	0.00488	0.00672	0.00672	0.00727	0.00543	0.00482	0.00787	0.00732	0.01031	0.01341	0.02286	0.01367	0.31664	0.53691	0.00652	0.00979	0.00569	0.00264	0.00373
8	0.00641	0.00447	0.00525	0.00559	0.00585	0.00431	0.00347	0.00682	0.00798	0.01046	0.02179	0.26695	0.10474	0.49209	0.01646	0.00343	0.00380	0.02336	0.00349	0.00329
9	0.00574	0.00414	0.00543	0.00647	0.00681	0.00384	0.00433	0.00658	0.00912	0.01208	0.02720	0.78738	0.07424	0.01461	0.00599	0.00190	0.00272	0.01321	0.00438	0.00384
10	0.86760	0.00912	0.00693	0.00620	0.00912	0.01058	0.00511	0.01386	0.00802	0.02115	0.00657	0.00766	0.00511	0.00438	0.00292	0.00146	0.00365	0.00255	0.00292	0.00511
11	0.01761	0.02247	0.01336	0.01215	0.01458	0.81537	0.00911	0.01883	0.01336	0.01154	0.00729	0.00850	0.00607	0.00486	0.00425	0.00121	0.00850	0.00304	0.00243	0.00547
12	0.00587	0.00420	0.00561	0.00665	0.00699	0.00393	0.00454	0.00681	0.00928	0.01240	0.05569	0.76178	0.03149	0.01449	0.00603	0.00191	0.00280	0.05123	0.00441	0.00388
13	0.07929	0.00699	0.00859	0.00717	0.00972	0.00649	0.00572	0.05770	0.01295	0.36963	0.21750	0.05316	0.11267	0.00770	0.00492	0.00149	0.00333	0.00642	0.02234	0.00620
14	0.01694	0.02109	0.01268	0.01156	0.01388	0.75349	0.00867	0.01823	0.01310	0.01200	0.00791	0.00920	0.00653	0.00491	0.00418	0.00121	0.00802	0.00314	0.06790	0.00538
15	0.00627	0.00482	0.00575	0.00557	0.00688	0.00430	0.00422	0.00809	0.01223	0.01629	0.47528	0.03990	0.34414	0.01067	0.00560	0.00155	0.00237	0.03698	0.00484	0.00426
16	0.36355	0.00847	0.00932	0.00750	0.01086	0.00841	0.00619	0.01929	0.01128	0.48980	0.01373	0.01266	0.00902	0.00525	0.00400	0.00146	0.00386	0.00386	0.00466	0.00684
17	0.00587	0.00426	0.00555	0.00640	0.00688	0.00394	0.00438	0.00691	0.00969	0.01293	0.11795	0.66599	0.09016	0.01393	0.00594	0.00185	0.00268	0.02630	0.00447	0.00392
18	0.02115	0.00802	0.01094	0.00839	0.01204	0.00693	0.00693	0.02298	0.01350	0.80815	0.01860	0.01605	0.01167	0.00584	0.00474	0.00146	0.00401	0.00474	0.00584	0.00802
19	0.00578	0.00413	0.00550	0.00654	0.00685	0.00385	0.00438	0.00665	0.00919	0.01230	0.05575	0.80071	0.03169	0.01458	0.00600	0.00190	0.00272	0.01322	0.00441	0.00385
20	0.00674	0.00505	0.00758	0.00758	0.00842	0.00589	0.00589	0.00842	0.00758	0.01095	0.01263	0.01852	0.01179	0.03536	0.81561	0.00758	0.01263	0.00505	0.00253	0.00421
21	0.01167	0.01120	0.01914	0.02894	0.80488	0.01120	0.01447	0.01447	0.01074	0.01540	0.00887	0.01167	0.00747	0.00420	0.00467	0.00140	0.00560	0.00420	0.00233	0.00747
22	0.00879	0.00439	0.00439	0.00439	0.00549	0.00439	0.00330	0.01099	0.00989	0.01758	0.01538	0.01758	0.01209	0.00549	0.00330	0.00110	0.00220	0.00439	0.86047	0.00439
23	0.01078	0.01100	0.01499	0.01377	0.07317	0.05202	0.02459	0.01201	0.00785	0.01173	0.00651	0.01038	0.00630	0.00771	0.01394	0.00196	0.70972	0.00411	0.00211	0.00537
24	0.01792	0.01321	0.01415	0.01085	0.01462	0.01462	0.00896	0.78916	0.02217	0.02972	0.01132	0.01132	0.00802	0.00566	0.00472	0.00142	0.00519	0.00425	0.00472	0.00802
25	0.00760	0.00543	0.00760	0.00868	0.00977	0.00543	0.00760	0.00977	0.01085	0.01411	0.02496	0.05319	0.02714	0.01303	0.00651	0.00217	0.00434	0.77315	0.00434	0.00434
26	0.86760	0.00912	0.00693	0.00620	0.00912	0.01058	0.00511	0.01386	0.00802	0.02115	0.00657	0.00766	0.00511	0.00438	0.00292	0.00146	0.00365	0.00255	0.00292	0.00511
27	0.00574	0.00410	0.00547	0.00657	0.00684	0.00383	0.00438	0.00657	0.00903	0.01204	0.02599	0.83122	0.03119	0.01477	0.00602	0.00191	0.00274	0.01340	0.00438	0.00383
28	0.00574	0.00410	0.00547	0.00657	0.00684	0.00383	0.00438	0.00657	0.00903	0.01204	0.02599	0.83122	0.03119	0.01477	0.00602	0.00191	0.00274	0.01340	0.00438	0.00383
29	0.00978	0.00838	0.00978	0.00698	0.01117	0.00629	0.00559	0.01187	0.00978	0.01536	0.00838	0.00978	0.00698	0.00349	0.00349	0.00070	0.00349	0.00279	0.00279	0.86312
30	0.01173	0.01013	0.01066	0.00960	0.01226	0.01173	0.00746	0.02505	0.79636	0.01972	0.01919	0.01759	0.01439	0.00640	0.00480	0.00160	0.00373	0.00533	0.00480	0.00746
31	0.01032	0.01032	0.01444	0.01238	0.01238	0.01444	0.01032	0.01135	0.00722	0.01135	0.00619	0.01032	0.00619	0.00825	0.01547	0.00206	0.82567	0.00413	0.00206	0.00516
32	0.02096	0.00834	0.01114	0.00854	0.01220	0.00740	0.00705	0.07004	0.01403	0.76033	0.01815	0.01576	0.01145	0.00583	0.00474	0.00146	0.00408	0.00471	0.00577	0.00802
33	0.01792	0.01321	0.01415	0.01085	0.01462	0.01462	0.00896	0.78916	0.02217	0.02972	0.01132	0.01132	0.00802	0.00566	0.00472	0.00142	0.00519	0.00425	0.00472	0.00802
34	0.01261	0.83713	0.02471	0.00807	0.01210	0.01866	0.00807	0.01412	0.00958	0.01109	0.00656	0.00756	0.00605	0.00403	0.00303	0.00101	0.00504	0.00252	0.00202	0.00605
35	0.00819	0.00410	0.00614	0.00614	0.00614	0.00410	0.00410	0.00614	0.00614	0.00819	0.00819	0.01433	0.00819	0.01638	0.01843	0.86282	0.00410	0.00410	0.00205	0.00205
36	0.00574	0.00410	0.00547	0.00657	0.00684	0.00383	0.00438	0.00657	0.00903	0.01204	0.02599	0.83122	0.03119	0.01477	0.00602	0.00191	0.00274	0.01340	0.00438	0.00383
37	0.02050	0.07129	0.01199	0.00836	0.01204	0.00782	0.00702	0.02230	0.01320	0.74733	0.01768	0.01540	0.01124	0.00570	0.00461	0.00142	0.00409	0.00457	0.00554	0.00787
38	0.00686	0.00457	0.00514	0.00514	0.00514	0.00457	0.00286	0.00686	0.00686	0.00914	0.01486	0.03086	0.01714	0.83430	0.02400	0.00457	0.00457	0.00686	0.00286	0.00286
39	0.00764	0.00505	0.00651	0.00601	0.00735	0.00459	0.00455	0.00974	0.01312	0.07634	0.67642	0.03473	0.11081	0.00957	0.00550	0.00149	0.00237	0.00838	0.00516	0.00467
40	0.01023	0.10942	0.52095	0.01453	0.02061	0.01204	0.21718	0.01489	0.01022	0.01456	0.00854	0.01042	0.00629	0.00430	0.00460	0.00147	0.00702	0.00392	0.00210	0.00671
41	0.01040	0.00875	0.01011	0.00728	0.01144	0.00692	0.00584	0.07118	0.01072	0.01646	0.00860	0.00989	0.00706	0.00366	0.00359	0.00075	0.00362	0.00290	0.00294	0.79787
42	0.01261	0.01341	0.02711	0.01969	0.02445	0.01231	0.70920	0.01592	0.01202	0.01660	0.01104	0.01465	0.00866	0.00502	0.00607	0.00181	0.00807	0.00584	0.00297	0.07254
43	0.01463	0.01129	0.01434	0.06101	0.06514	0.02486	0.09227	0.07908	0.36913	0.13414	0.01897	0.01918	0.05785	0.00708	0.00557	0.00183	0.00517	0.00577	0.00480	0.00789
44	0.01054	0.00951	0.01515	0.80365	0.03311	0.01133	0.01362	0.01318	0.01046	0.01360	0.01000	0.01473	0.00783	0.00578	0.00540	0.00186	0.00678	0.00471	0.00266	0.00608
45	0.00742	0.00548	0.00656	0.00734	0.00803	0.00488	0.00496	0.00788	0.01042	0.01373	0.03153	0.65523	0.18694	0.01502	0.00658	0.00213	0.00325	0.01300	0.00488	0.00473
46	0.01108	0.02512	0.79094	0.01440	0.02135	0.01179	0.01784	0.01600	0.01098	0.01642	0.01008	0.01218	0.00753	0.00555	0.00517	0.00179	0.00745	0.00402	0.00256	0.00776
47	0.00869	0.00643	0.00882	0.00866	0.00949	0.00707	0.00649	0.00954	0.00851	0.01226	0.01371	0.02072	0.01307	0.08691	0.65568	0.05979	0.05065	0.00557	0.00305	0.00490
48	0.01408	0.01010	0.01187	0.01020	0.01263	0.01088	0.00804	0.36604	0.01554	0.05164	0.01377	0.01716	0.01147	0.02099	0.39533	0.00468	0.00925	0.00517	0.00420	0.00696
49	0.70497	0.14849	0.01109	0.00765	0.01084	0.01278	0.00633	0.01499	0.00935	0.02080	0.00823	0.00993	0.00684	0.00540	0.00367	0.00168	0.00445	0.00311	0.00331	0.00611
50	0.84773	0.01023	0.00812	0.00734	0.01034	0.01143	0.00583	0.01495	0.00909	0.02248	0.00823	0.00995	0.00668	0.00545	0.00365	0.00175	0.00421	0.00311	0.00346	0.00595
51	0.84773	0.01023	0.00812	0.00734	0.01034	0.01143	0.00583	0.01495	0.00909	0.02248	0.00823	0.00995	0.00668	0.00545	0.00365	0.00175	0.00421	0.00311	0.00346	0.00595
52	0.00784	0.00602	0.00681	0.00680	0.00822	0.00526	0.00504	0.00897	0.01246	0.01632	0.28582	0.10413	0.41434	0.01241	0.00635	0.00192	0.00313	0.07800	0.00514	0.00502
53	0.01947	0.01357	0.01471	0.01157	0.01536	0.01447	0.00933	0.66538	0.04687	0.11268	0.01389	0.01422	0.01011	0.00675	0.00541	0.00172	0.00554	0.00485	0.00534	0.00877
54	0.00814	0.00568	0.00672	0.00705	0.00738	0.00543	0.00447	0.00817	0.00880	0.01197	0.02007	0.31660	0.02291	0.44635	0.09329	0.00413	0.00523	0.00947	0.00391	0.00423

[dist]
# distance from previous block
# <min> <max>
0	10

# created by:
# /st0/software/busco_prod/Augustus/scripts/msa2prfl.pl ./align_prep/62207.fa
