[name]
unknown

[dist]
# distance from previous block
# <min> <max>
0	28

[block]
# block no. 0 follows, 54 sequences, length 37
# corresponding to MSA columns:
# 28-64
name=unknown_A
#
# <colnr> <probs for GDERKNQSTAVLIFYWHMCP>
#	G	D	E	R	K	N	Q	S	T	A	V	L	I	F	Y	W	H	M	C	P
0	0.00760	0.00543	0.00760	0.00868	0.00977	0.00543	0.00760	0.00977	0.01085	0.01411	0.02496	0.05319	0.02714	0.01303	0.00651	0.00217	0.00434	0.77315	0.00434	0.00434
1	0.00999	0.00851	0.00989	0.00709	0.01126	0.00650	0.00568	0.03227	0.01010	0.01574	0.00846	0.00982	0.00701	0.00355	0.00352	0.00072	0.00354	0.00283	0.00284	0.84068
2	0.00686	0.00457	0.00514	0.00514	0.00514	0.00457	0.00286	0.00686	0.00686	0.00914	0.01486	0.03086	0.01714	0.83430	0.02400	0.00457	0.00457	0.00686	0.00286	0.00286
3	0.00760	0.00543	0.00760	0.00868	0.00977	0.00543	0.00760	0.00977	0.01085	0.01411	0.02496	0.05319	0.02714	0.01303	0.00651	0.00217	0.00434	0.77315	0.00434	0.00434
4	0.01093	0.01036	0.01734	0.02583	0.69988	0.01028	0.01309	0.01358	0.01089	0.01541	0.05800	0.01551	0.06787	0.00509	0.00479	0.00142	0.00517	0.00487	0.00265	0.00704
5	0.86760	0.00912	0.00693	0.00620	0.00912	0.01058	0.00511	0.01386	0.00802	0.02115	0.00657	0.00766	0.00511	0.00438	0.00292	0.00146	0.00365	0.00255	0.00292	0.00511
6	0.00945	0.00887	0.01499	0.53811	0.22453	0.01017	0.02743	0.01245	0.01012	0.01354	0.07634	0.01428	0.00986	0.00499	0.00479	0.00152	0.00580	0.00459	0.00243	0.00575
7	0.01762	0.01297	0.25220	0.00991	0.01456	0.00814	0.01010	0.02055	0.01243	0.56862	0.01554	0.01421	0.00995	0.00543	0.00466	0.00147	0.00490	0.00436	0.00467	0.00771
8	0.00978	0.00838	0.00978	0.00698	0.01117	0.00629	0.00559	0.01187	0.00978	0.01536	0.00838	0.00978	0.00698	0.00349	0.00349	0.00070	0.00349	0.00279	0.00279	0.86312
9	0.00588	0.00477	0.00521	0.00514	0.00657	0.00410	0.00384	0.00734	0.01140	0.01439	0.25180	0.06600	0.57429	0.01140	0.00558	0.00157	0.00235	0.00967	0.00460	0.00410
10	0.00890	0.00838	0.01414	0.82296	0.03247	0.01048	0.01309	0.01205	0.00943	0.01205	0.00838	0.01257	0.00629	0.00471	0.00471	0.00157	0.00629	0.00419	0.00210	0.00524
11	0.00890	0.00838	0.01414	0.82296	0.03247	0.01048	0.01309	0.01205	0.00943	0.01205	0.00838	0.01257	0.00629	0.00471	0.00471	0.00157	0.00629	0.00419	0.00210	0.00524
12	0.01236	0.01044	0.01102	0.00972	0.01250	0.01202	0.00762	0.10285	0.71755	0.02074	0.01839	0.01695	0.01374	0.00632	0.00479	0.00158	0.00388	0.00522	0.00479	0.00752
13	0.00625	0.00490	0.00651	0.00808	0.07494	0.00453	0.00511	0.00735	0.00963	0.01254	0.02980	0.55486	0.21680	0.01315	0.00580	0.00180	0.00293	0.02665	0.00420	0.00419
14	0.01097	0.03929	0.14292	0.05075	0.28954	0.05298	0.24160	0.01438	0.01100	0.01508	0.07660	0.01347	0.01014	0.00469	0.00491	0.00146	0.00638	0.00475	0.00253	0.00657
15	0.00674	0.00505	0.00758	0.00758	0.00842	0.00589	0.00589	0.00842	0.00758	0.01095	0.01263	0.01852	0.01179	0.03536	0.81561	0.00758	0.01263	0.00505	0.00253	0.00421
16	0.00574	0.00410	0.00547	0.00657	0.00684	0.00383	0.00438	0.00657	0.00903	0.01204	0.02599	0.83122	0.03119	0.01477	0.00602	0.00191	0.00274	0.01340	0.00438	0.00383
17	0.01596	0.02127	0.12795	0.01272	0.04248	0.59146	0.01040	0.05711	0.05260	0.01348	0.00831	0.00942	0.00662	0.00490	0.00435	0.00129	0.00778	0.00332	0.00260	0.00598
18	0.01935	0.00920	0.03547	0.07842	0.01436	0.00832	0.00803	0.11824	0.01413	0.61850	0.01651	0.01497	0.01058	0.00568	0.00473	0.00146	0.00444	0.00459	0.00526	0.00775
19	0.86760	0.00912	0.00693	0.00620	0.00912	0.01058	0.00511	0.01386	0.00802	0.02115	0.00657	0.00766	0.00511	0.00438	0.00292	0.00146	0.00365	0.00255	0.00292	0.00511
20	0.01059	0.01042	0.01857	0.28408	0.38386	0.01086	0.14591	0.01367	0.01033	0.01426	0.00880	0.01205	0.00701	0.00430	0.00478	0.00146	0.00613	0.00437	0.00229	0.04627
21	0.00573	0.00418	0.00540	0.00637	0.00679	0.00385	0.00429	0.00659	0.00921	0.01211	0.02832	0.74690	0.11400	0.01447	0.00597	0.00188	0.00270	0.01303	0.00438	0.00385
22	0.00801	0.00583	0.03438	0.00680	0.00822	0.00504	0.00553	0.01007	0.01209	0.07618	0.46391	0.03650	0.06742	0.08037	0.00722	0.00188	0.00315	0.15806	0.00473	0.00463
23	0.00574	0.00410	0.00547	0.00657	0.00684	0.00383	0.00438	0.00657	0.00903	0.01204	0.02599	0.83122	0.03119	0.01477	0.00602	0.00191	0.00274	0.01340	0.00438	0.00383
24	0.01218	0.01217	0.01864	0.02751	0.73739	0.07988	0.01401	0.01484	0.01096	0.01507	0.00873	0.01140	0.00735	0.00426	0.00463	0.00138	0.00585	0.00410	0.00234	0.00730
25	0.01198	0.64102	0.16630	0.01028	0.06083	0.01682	0.01014	0.01429	0.00972	0.01204	0.00704	0.00824	0.00612	0.00412	0.00339	0.00112	0.00542	0.00280	0.00203	0.00630
26	0.01191	0.01188	0.01875	0.07211	0.67973	0.06703	0.04061	0.01466	0.01086	0.01494	0.00875	0.01154	0.00729	0.00427	0.00467	0.00140	0.00592	0.00417	0.00233	0.00717
27	0.00637	0.00475	0.00592	0.00575	0.00689	0.00430	0.00426	0.00826	0.01244	0.01704	0.57998	0.10530	0.20026	0.01055	0.00560	0.00154	0.00230	0.00924	0.00495	0.00430
28	0.01043	0.00994	0.01690	0.38524	0.45828	0.01088	0.01385	0.01338	0.01015	0.01390	0.00865	0.01207	0.00694	0.00443	0.00469	0.00148	0.00591	0.00420	0.00223	0.00647
29	0.00574	0.00478	0.00500	0.00495	0.00647	0.00405	0.00371	0.00708	0.01113	0.01365	0.15961	0.04387	0.69055	0.01160	0.00557	0.00158	0.00236	0.00974	0.00450	0.00405
30	0.00676	0.00453	0.00517	0.00526	0.00529	0.00451	0.00299	0.00683	0.00704	0.00939	0.01581	0.09921	0.01834	0.76431	0.02246	0.00434	0.00441	0.00742	0.00299	0.00294
31	0.01792	0.01321	0.01415	0.01085	0.01462	0.01462	0.00896	0.78916	0.02217	0.02972	0.01132	0.01132	0.00802	0.00566	0.00472	0.00142	0.00519	0.00425	0.00472	0.00802
32	0.00641	0.00481	0.00593	0.00565	0.00688	0.00434	0.00424	0.00838	0.01272	0.01741	0.61967	0.03768	0.22814	0.01020	0.00556	0.00151	0.00226	0.00887	0.00499	0.00434
33	0.01737	0.02141	0.01314	0.01184	0.01431	0.74613	0.00893	0.06191	0.01375	0.01274	0.00776	0.00893	0.00636	0.00492	0.00425	0.00122	0.00813	0.00315	0.02817	0.00558
34	0.00674	0.00503	0.00746	0.00746	0.00827	0.00583	0.00575	0.00835	0.00754	0.01086	0.01273	0.01910	0.01204	0.07244	0.77887	0.00744	0.01226	0.00514	0.00254	0.00415
35	0.01761	0.02247	0.01336	0.01215	0.01458	0.81537	0.00911	0.01883	0.01336	0.01154	0.00729	0.00850	0.00607	0.00486	0.00425	0.00121	0.00850	0.00304	0.00243	0.00547
36	0.01160	0.00974	0.01037	0.00921	0.01180	0.01107	0.00719	0.08826	0.63438	0.02027	0.08859	0.01956	0.04338	0.00681	0.00488	0.00157	0.00368	0.00568	0.00481	0.00713

[dist]
# distance from previous block
# <min> <max>
0	4

[block]
# block no. 1 follows, 54 sequences, length 8
# corresponding to MSA columns:
# 69-76
name=unknown_B
#
# <colnr> <probs for GDERKNQSTAVLIFYWHMCP>
#	G	D	E	R	K	N	Q	S	T	A	V	L	I	F	Y	W	H	M	C	P
0	0.00787	0.00646	0.00993	0.01167	0.16011	0.00721	0.00750	0.00966	0.00841	0.01211	0.05193	0.01840	0.01266	0.07637	0.52784	0.00561	0.05370	0.00513	0.00262	0.00481
1	0.70565	0.01166	0.00816	0.00733	0.01016	0.16392	0.00587	0.01481	0.00904	0.01932	0.00670	0.00782	0.00529	0.00447	0.00317	0.00141	0.00457	0.00265	0.00282	0.00517
2	0.01224	0.34431	0.25110	0.01397	0.16578	0.08199	0.01206	0.01514	0.01037	0.04150	0.00804	0.00943	0.00650	0.00433	0.00393	0.00126	0.00597	0.00324	0.00224	0.00661
3	0.00962	0.00927	0.01289	0.01115	0.01136	0.01254	0.00920	0.01088	0.00839	0.01279	0.15789	0.01506	0.01349	0.00852	0.01358	0.00195	0.66877	0.00496	0.00266	0.00502
4	0.01032	0.01032	0.01444	0.01238	0.01238	0.01444	0.01032	0.01135	0.00722	0.01135	0.00619	0.01032	0.00619	0.00825	0.01547	0.00206	0.82567	0.00413	0.00206	0.00516
5	0.04615	0.04676	0.32674	0.01327	0.10517	0.01025	0.05171	0.06658	0.01187	0.23603	0.03266	0.01256	0.00891	0.00499	0.00456	0.00145	0.00560	0.00413	0.00341	0.00718
6	0.86760	0.00912	0.00693	0.00620	0.00912	0.01058	0.00511	0.01386	0.00802	0.02115	0.00657	0.00766	0.00511	0.00438	0.00292	0.00146	0.00365	0.00255	0.00292	0.00511
7	0.02115	0.00802	0.01094	0.00839	0.01204	0.00693	0.00693	0.02298	0.01350	0.80815	0.01860	0.01605	0.01167	0.00584	0.00474	0.00146	0.00401	0.00474	0.00584	0.00802

[dist]
# distance from previous block
# <min> <max>
1	19

[block]
# block no. 2 follows, 54 sequences, length 36
# corresponding to MSA columns:
# 96-131
name=unknown_C
#
# <colnr> <probs for GDERKNQSTAVLIFYWHMCP>
#	G	D	E	R	K	N	Q	S	T	A	V	L	I	F	Y	W	H	M	C	P
0	0.01333	0.68716	0.06120	0.00857	0.01271	0.01734	0.00853	0.07763	0.01083	0.05469	0.00767	0.00843	0.00650	0.00428	0.00332	0.00109	0.00509	0.00282	0.00244	0.00636
1	0.00678	0.00456	0.00525	0.00533	0.00537	0.00457	0.00307	0.00690	0.00703	0.00940	0.01550	0.08280	0.01786	0.75110	0.05210	0.00451	0.00475	0.00722	0.00294	0.00297
2	0.00814	0.00514	0.00677	0.00618	0.00755	0.00470	0.00470	0.01032	0.01336	0.09866	0.72319	0.03328	0.04117	0.00925	0.00548	0.00148	0.00241	0.00814	0.00526	0.00481
3	0.00674	0.00452	0.00518	0.00529	0.00531	0.00450	0.00301	0.00683	0.00708	0.00943	0.01598	0.11173	0.01856	0.75148	0.02218	0.00430	0.00439	0.00752	0.00301	0.00296
4	0.00819	0.00410	0.00614	0.00614	0.00614	0.00410	0.00410	0.00614	0.00614	0.00819	0.00819	0.01433	0.00819	0.01638	0.01843	0.86282	0.00410	0.00410	0.00205	0.00205
5	0.01605	0.01973	0.01256	0.01148	0.01377	0.66991	0.00865	0.01827	0.07480	0.01213	0.00877	0.01024	0.00731	0.00806	0.08628	0.00189	0.00854	0.00342	0.00263	0.00550
6	0.00578	0.00457	0.00504	0.00533	0.00639	0.00401	0.00375	0.00677	0.00995	0.01233	0.05709	0.25801	0.49436	0.09575	0.00756	0.00198	0.00270	0.01055	0.00424	0.00384
7	0.02839	0.00877	0.00976	0.00718	0.01109	0.02289	0.00574	0.06595	0.01068	0.01654	0.00895	0.01029	0.00731	0.00381	0.00357	0.00080	0.00363	0.00299	0.05539	0.71626
8	0.01113	0.01272	0.02782	0.01987	0.02464	0.01192	0.78776	0.01510	0.01113	0.01510	0.00954	0.01272	0.00715	0.00397	0.00556	0.00159	0.00795	0.00556	0.00238	0.00636
9	0.00577	0.00468	0.00512	0.00523	0.00655	0.00403	0.00384	0.00707	0.01089	0.01359	0.16135	0.16424	0.56717	0.01202	0.00564	0.00162	0.00242	0.01026	0.00450	0.00403
10	0.01113	0.01272	0.02782	0.01987	0.02464	0.01192	0.78776	0.01510	0.01113	0.01510	0.00954	0.01272	0.00715	0.00397	0.00556	0.00159	0.00795	0.00556	0.00238	0.00636
11	0.00679	0.00482	0.00639	0.00639	0.00682	0.00525	0.00441	0.00766	0.00723	0.01007	0.01371	0.02453	0.01440	0.42476	0.42978	0.00611	0.00870	0.00593	0.00269	0.00355
12	0.01135	0.01087	0.01856	0.12131	0.71503	0.01112	0.01431	0.01419	0.01058	0.01501	0.00881	0.01177	0.00733	0.00426	0.00467	0.00142	0.00568	0.00420	0.00231	0.00721
13	0.01761	0.02247	0.01336	0.01215	0.01458	0.81537	0.00911	0.01883	0.01336	0.01154	0.00729	0.00850	0.00607	0.00486	0.00425	0.00121	0.00850	0.00304	0.00243	0.00547
14	0.00988	0.00853	0.01029	0.00818	0.05454	0.00655	0.00607	0.01201	0.00983	0.01537	0.00841	0.00988	0.00701	0.00353	0.00356	0.00074	0.00361	0.00287	0.00277	0.81637
15	0.01361	0.16076	0.22987	0.01448	0.14334	0.19078	0.04935	0.04753	0.01163	0.08306	0.00898	0.01021	0.00688	0.00458	0.00429	0.00133	0.00647	0.00357	0.00261	0.00666
16	0.00667	0.00482	0.00630	0.00593	0.00704	0.00445	0.00445	0.00890	0.01335	0.01891	0.80239	0.03522	0.04449	0.00964	0.00556	0.00148	0.00222	0.00853	0.00519	0.00445
17	0.01113	0.01272	0.02782	0.01987	0.02464	0.01192	0.78776	0.01510	0.01113	0.01510	0.00954	0.01272	0.00715	0.00397	0.00556	0.00159	0.00795	0.00556	0.00238	0.00636
18	0.00656	0.00482	0.00615	0.00582	0.00698	0.00440	0.00436	0.00868	0.01308	0.01828	0.72614	0.03625	0.12113	0.00987	0.00556	0.00149	0.00224	0.00867	0.00511	0.00440
19	0.00643	0.00467	0.00592	0.00588	0.00689	0.00428	0.00431	0.00827	0.01214	0.01687	0.54836	0.18677	0.12745	0.01076	0.00559	0.00157	0.00234	0.00950	0.02774	0.00428
20	0.01265	0.01037	0.01102	0.00968	0.01249	0.01187	0.00760	0.10220	0.69370	0.04534	0.01838	0.01691	0.01366	0.00630	0.00479	0.00158	0.00389	0.00520	0.00482	0.00754
21	0.00654	0.00448	0.00533	0.00569	0.00585	0.00439	0.00351	0.00690	0.00774	0.01027	0.01930	0.25515	0.04293	0.54726	0.01771	0.00364	0.00399	0.04269	0.00339	0.00322
22	0.01152	0.01105	0.01887	0.07232	0.76268	0.01116	0.01440	0.01434	0.01066	0.01522	0.00884	0.01172	0.00740	0.00423	0.00467	0.00141	0.00564	0.00420	0.00232	0.00735
23	0.01679	0.02267	0.09385	0.01228	0.01517	0.73408	0.00995	0.01843	0.01302	0.01188	0.00741	0.00865	0.00606	0.00482	0.00427	0.00124	0.00835	0.00308	0.00239	0.00562
24	0.00721	0.00524	0.00709	0.00805	0.00913	0.00512	0.00686	0.00915	0.01069	0.01378	0.02770	0.11780	0.11761	0.01305	0.00636	0.00208	0.00398	0.62049	0.00435	0.00426
25	0.01238	0.01022	0.01085	0.00962	0.01238	0.01172	0.00752	0.06508	0.72892	0.04726	0.01876	0.01721	0.01397	0.00634	0.00479	0.00158	0.00382	0.00525	0.00483	0.00751
26	0.00978	0.00838	0.00978	0.00698	0.01117	0.00629	0.00559	0.01187	0.00978	0.01536	0.00838	0.00978	0.00698	0.00349	0.00349	0.00070	0.00349	0.00279	0.00279	0.86312
27	0.01697	0.01273	0.01361	0.01066	0.01426	0.01418	0.00873	0.67179	0.14109	0.02818	0.01253	0.01228	0.00900	0.00577	0.00473	0.00144	0.00496	0.00441	0.00473	0.00793
28	0.00978	0.00838	0.00978	0.00698	0.01117	0.00629	0.00559	0.01187	0.00978	0.01536	0.00838	0.00978	0.00698	0.00349	0.00349	0.00070	0.00349	0.00279	0.00279	0.86312
29	0.00686	0.00457	0.00514	0.00514	0.00514	0.00457	0.00286	0.00686	0.00686	0.00914	0.01486	0.03086	0.01714	0.83430	0.02400	0.00457	0.00457	0.00686	0.00286	0.00286
30	0.00607	0.00480	0.00546	0.00529	0.00667	0.00419	0.00397	0.00772	0.01191	0.01550	0.38554	0.04083	0.46347	0.01091	0.00557	0.00154	0.00231	0.00931	0.00474	0.00419
31	0.00916	0.00864	0.01461	0.74925	0.10418	0.01054	0.01322	0.01227	0.00955	0.01236	0.00843	0.01249	0.00640	0.00467	0.00471	0.00156	0.00622	0.00419	0.00212	0.00544
32	0.00879	0.00439	0.00439	0.00439	0.00549	0.00439	0.00330	0.01099	0.00989	0.01758	0.01538	0.01758	0.01209	0.00549	0.00330	0.00110	0.00220	0.00439	0.86047	0.00439
33	0.00676	0.00496	0.00712	0.00712	0.00781	0.00565	0.00533	0.00813	0.00744	0.01061	0.01305	0.02083	0.01279	0.18494	0.66740	0.00701	0.01112	0.00539	0.00259	0.00396
34	0.00683	0.00470	0.00578	0.00578	0.00599	0.00492	0.00365	0.00726	0.00704	0.00961	0.01428	0.02765	0.01575	0.62649	0.22990	0.00535	0.00667	0.00639	0.00277	0.00321
35	0.02836	0.31639	0.51084	0.01136	0.01719	0.01371	0.01380	0.01462	0.00978	0.01368	0.00774	0.00905	0.00598	0.00432	0.00392	0.00132	0.00621	0.00312	0.00202	0.00660

[dist]
# distance from previous block
# <min> <max>
0	6

[block]
# block no. 3 follows, 54 sequences, length 85
# corresponding to MSA columns:
# 138-222
name=unknown_D
#
# <colnr> <probs for GDERKNQSTAVLIFYWHMCP>
#	G	D	E	R	K	N	Q	S	T	A	V	L	I	F	Y	W	H	M	C	P
0	0.01416	0.58452	0.02121	0.00931	0.01287	0.25164	0.00839	0.02895	0.01091	0.01155	0.00685	0.00790	0.00609	0.00430	0.00341	0.00108	0.00606	0.00270	0.00218	0.00591
1	0.86760	0.00912	0.00693	0.00620	0.00912	0.01058	0.00511	0.01386	0.00802	0.02115	0.00657	0.00766	0.00511	0.00438	0.00292	0.00146	0.00365	0.00255	0.00292	0.00511
2	0.01073	0.01064	0.01619	0.42579	0.35757	0.07191	0.01337	0.01359	0.01028	0.01343	0.00850	0.01188	0.00677	0.00451	0.00466	0.00147	0.00616	0.00411	0.00222	0.00620
3	0.01180	0.47745	0.10232	0.01261	0.01718	0.01561	0.27421	0.01453	0.01014	0.01283	0.00776	0.00955	0.00642	0.00406	0.00403	0.00125	0.00622	0.00365	0.00214	0.00625
4	0.00700	0.00517	0.00682	0.00768	0.00879	0.00498	0.00647	0.00885	0.01065	0.01363	0.02971	0.12745	0.18546	0.01297	0.00627	0.00203	0.00379	0.54372	0.00435	0.00422
5	0.00578	0.00423	0.00545	0.00640	0.00687	0.00390	0.00437	0.00669	0.00930	0.01219	0.02873	0.70816	0.12945	0.01436	0.00598	0.00188	0.00274	0.03531	0.00438	0.00386
6	0.00565	0.00478	0.00488	0.00486	0.00642	0.00401	0.00364	0.00692	0.01093	0.01317	0.10041	0.04467	0.75006	0.01178	0.00557	0.00158	0.00238	0.00985	0.00444	0.00401
7	0.01261	0.83713	0.02471	0.00807	0.01210	0.01866	0.00807	0.01412	0.00958	0.01109	0.00656	0.00756	0.00605	0.00403	0.00303	0.00101	0.00504	0.00252	0.00202	0.00605
8	0.00581	0.00476	0.00512	0.00508	0.00653	0.00408	0.00379	0.00721	0.01124	0.01403	0.20754	0.06863	0.61671	0.01154	0.00558	0.00158	0.00236	0.00976	0.00455	0.00408
9	0.01251	0.81250	0.04851	0.00823	0.01235	0.01842	0.00835	0.01414	0.00959	0.01121	0.00661	0.00764	0.00605	0.00405	0.00307	0.00102	0.00510	0.00255	0.00202	0.00608
10	0.20603	0.01225	0.01250	0.00980	0.01337	0.01368	0.00809	0.60588	0.03073	0.02767	0.01039	0.01060	0.00747	0.00539	0.00432	0.00143	0.00483	0.00389	0.00432	0.00737
11	0.01083	0.01041	0.01793	0.26393	0.55135	0.01101	0.03850	0.01377	0.01036	0.01440	0.00875	0.01197	0.00711	0.00435	0.00471	0.00146	0.00588	0.00424	0.00226	0.00677
12	0.03138	0.08990	0.01413	0.01151	0.03419	0.45285	0.00882	0.15407	0.12886	0.01615	0.00970	0.01031	0.00765	0.00513	0.00429	0.00130	0.00676	0.00356	0.00315	0.00630
13	0.01036	0.01038	0.01499	0.55056	0.15169	0.09622	0.03536	0.01320	0.01008	0.01275	0.00853	0.01209	0.00663	0.00471	0.00484	0.00150	0.02097	0.00411	0.02540	0.00562
14	0.01166	0.35202	0.20211	0.01221	0.01646	0.06533	0.15200	0.01445	0.00990	0.01275	0.00753	0.00943	0.00625	0.00468	0.00539	0.00136	0.10467	0.00352	0.00211	0.00617
15	0.01014	0.18839	0.63014	0.01253	0.01884	0.01253	0.03620	0.01477	0.00991	0.01416	0.00810	0.00955	0.00602	0.00438	0.00421	0.00140	0.00661	0.00335	0.00201	0.00677
16	0.00557	0.00478	0.00478	0.00478	0.00637	0.00398	0.00358	0.00677	0.01075	0.01274	0.04776	0.04538	0.80297	0.01194	0.00557	0.00159	0.00239	0.00995	0.00438	0.00398
17	0.00635	0.02997	0.04162	0.00640	0.00784	0.00492	0.00521	0.00781	0.01027	0.01294	0.05127	0.26187	0.39006	0.01229	0.00572	0.00175	0.00307	0.13222	0.00421	0.00420
18	0.03745	0.12316	0.29297	0.01392	0.04456	0.05158	0.19242	0.10987	0.01192	0.05130	0.00913	0.01065	0.00679	0.00458	0.00472	0.00143	0.02019	0.00398	0.00265	0.00674
19	0.01032	0.01032	0.01444	0.01238	0.01238	0.01444	0.01032	0.01135	0.00722	0.01135	0.00619	0.01032	0.00619	0.00825	0.01547	0.00206	0.82567	0.00413	0.00206	0.00516
20	0.00604	0.00413	0.00537	0.00635	0.00671	0.00388	0.00427	0.00700	0.00911	0.01258	0.02495	0.75189	0.02932	0.01387	0.00575	0.00184	0.00268	0.01253	0.08785	0.00388
21	0.01869	0.00619	0.00713	0.00723	0.03369	0.01994	0.00517	0.04032	0.09626	0.01624	0.26568	0.10381	0.15227	0.08996	0.00710	0.00186	0.00317	0.05471	0.06586	0.00474
22	0.01197	0.01204	0.01734	0.14985	0.32227	0.10932	0.12897	0.01636	0.12803	0.02923	0.02196	0.01289	0.00871	0.00477	0.00479	0.00147	0.00606	0.00450	0.00279	0.00666
23	0.00717	0.00534	0.00673	0.00629	0.00755	0.00516	0.00474	0.01047	0.08969	0.01899	0.72603	0.03350	0.04155	0.00932	0.00549	0.00149	0.00237	0.00822	0.00515	0.00474
24	0.00646	0.00475	0.00605	0.00586	0.00695	0.00434	0.00434	0.00843	0.01263	0.01753	0.64052	0.11272	0.13109	0.01040	0.00561	0.00154	0.00229	0.00916	0.00502	0.00434
25	0.86760	0.00912	0.00693	0.00620	0.00912	0.01058	0.00511	0.01386	0.00802	0.02115	0.00657	0.00766	0.00511	0.00438	0.00292	0.00146	0.00365	0.00255	0.00292	0.00511
26	0.01167	0.01120	0.01914	0.02894	0.80488	0.01120	0.01447	0.01447	0.01074	0.01540	0.00887	0.01167	0.00747	0.00420	0.00467	0.00140	0.00560	0.00420	0.00233	0.00747
27	0.01426	0.01131	0.01211	0.00989	0.01319	0.01247	0.00794	0.36007	0.37894	0.02370	0.01467	0.01407	0.01087	0.00579	0.00463	0.00143	0.00435	0.00461	0.00457	0.09113
28	0.00987	0.05649	0.15836	0.26689	0.22117	0.01020	0.03838	0.01292	0.00998	0.03525	0.01122	0.12720	0.01021	0.00593	0.00478	0.00153	0.00566	0.00534	0.00257	0.00608
29	0.01120	0.05590	0.61486	0.01385	0.08249	0.01081	0.01550	0.01584	0.01043	0.11175	0.00965	0.01074	0.00679	0.00460	0.00446	0.00146	0.00641	0.00365	0.00249	0.00710
30	0.01075	0.01176	0.06441	0.01495	0.01877	0.01107	0.42051	0.01757	0.26319	0.01651	0.03865	0.06541	0.01208	0.00563	0.00528	0.00160	0.00604	0.00595	0.00335	0.00653
31	0.00584	0.00417	0.00555	0.00650	0.00686	0.00389	0.00438	0.00679	0.00945	0.01271	0.10169	0.75361	0.03248	0.01427	0.00597	0.00187	0.00269	0.01293	0.00446	0.00389
32	0.01140	0.33819	0.11239	0.02773	0.18388	0.02314	0.01023	0.01384	0.01059	0.05225	0.08368	0.01627	0.01225	0.00563	0.00426	0.00134	0.00508	0.07884	0.00280	0.00622
33	0.02077	0.00857	0.03749	0.00856	0.01231	0.00706	0.00728	0.02271	0.01338	0.78179	0.01826	0.01585	0.01148	0.00579	0.00473	0.00146	0.00411	0.00470	0.00571	0.00799
34	0.00977	0.02395	0.78825	0.01330	0.02018	0.01084	0.01714	0.01515	0.01005	0.03639	0.00874	0.01012	0.00613	0.00452	0.00449	0.00149	0.00689	0.00352	0.00209	0.00700
35	0.01885	0.01048	0.11884	0.00920	0.01323	0.00796	0.00842	0.03655	0.06876	0.63034	0.01714	0.01525	0.01103	0.00569	0.00471	0.00147	0.00441	0.00460	0.00522	0.00784
36	0.00953	0.01050	0.09225	0.36490	0.25468	0.01032	0.01275	0.01242	0.00976	0.01331	0.01151	0.05356	0.05391	0.00570	0.00556	0.00157	0.06455	0.00490	0.00240	0.00592
37	0.00870	0.00529	0.00738	0.08662	0.01039	0.00515	0.00590	0.01002	0.00988	0.13751	0.02263	0.51833	0.02481	0.03953	0.00634	0.00192	0.00350	0.08712	0.00433	0.00465
38	0.01863	0.00847	0.01216	0.02262	0.14485	0.00769	0.00818	0.02088	0.02817	0.61748	0.04865	0.01608	0.01228	0.00571	0.00476	0.00145	0.00423	0.00481	0.00515	0.00774
39	0.00967	0.02310	0.73277	0.01495	0.09689	0.01097	0.01713	0.01489	0.01003	0.01498	0.00850	0.01012	0.00612	0.00445	0.00450	0.00148	0.00684	0.00355	0.00202	0.00702
40	0.01454	0.01193	0.01615	0.09729	0.33333	0.01285	0.01157	0.40267	0.01634	0.02225	0.01005	0.01158	0.00763	0.00498	0.00470	0.00142	0.00546	0.00422	0.00351	0.00753
41	0.01153	0.01160	0.02142	0.02656	0.59965	0.01139	0.21788	0.01464	0.01084	0.01532	0.00905	0.01195	0.00739	0.00414	0.00490	0.00145	0.00622	0.00456	0.00235	0.00718
42	0.01230	0.75789	0.10126	0.00859	0.01291	0.01791	0.00898	0.01420	0.00962	0.01147	0.00674	0.00780	0.00604	0.00408	0.00317	0.00106	0.00523	0.00262	0.00201	0.00614
43	0.01761	0.02247	0.01336	0.01215	0.01458	0.81537	0.00911	0.01883	0.01336	0.01154	0.00729	0.00850	0.00607	0.00486	0.00425	0.00121	0.00850	0.00304	0.00243	0.00547
44	0.00978	0.00838	0.00978	0.00698	0.01117	0.00629	0.00559	0.01187	0.00978	0.01536	0.00838	0.00978	0.00698	0.00349	0.00349	0.00070	0.00349	0.00279	0.00279	0.86312
45	0.02084	0.00853	0.01125	0.00863	0.01229	0.00768	0.00713	0.09768	0.01434	0.73225	0.01789	0.01559	0.01132	0.00582	0.00474	0.00145	0.00413	0.00469	0.00573	0.00802
46	0.01691	0.02113	0.01348	0.01215	0.01436	0.72392	0.00923	0.03095	0.01291	0.01182	0.00725	0.00873	0.00612	0.00520	0.00535	0.00130	0.08812	0.00316	0.00243	0.00548
47	0.00686	0.00457	0.00514	0.00514	0.00514	0.00457	0.00286	0.00686	0.00686	0.00914	0.01486	0.03086	0.01714	0.83430	0.02400	0.00457	0.00457	0.00686	0.00286	0.00286
48	0.86760	0.00912	0.00693	0.00620	0.00912	0.01058	0.00511	0.01386	0.00802	0.02115	0.00657	0.00766	0.00511	0.00438	0.00292	0.00146	0.00365	0.00255	0.00292	0.00511
49	0.00669	0.00504	0.00705	0.00692	0.00786	0.00547	0.00531	0.00840	0.00929	0.01308	0.21742	0.02531	0.08714	0.05159	0.50144	0.00532	0.02267	0.00640	0.00337	0.00422
50	0.80382	0.00921	0.00747	0.04323	0.01034	0.01069	0.00558	0.03658	0.00850	0.02100	0.00679	0.00799	0.00525	0.00443	0.00305	0.00146	0.00381	0.00268	0.00293	0.00520
51	0.00879	0.00439	0.00439	0.00439	0.00549	0.00439	0.00330	0.01099	0.00989	0.01758	0.01538	0.01758	0.01209	0.00549	0.00330	0.00110	0.00220	0.00439	0.86047	0.00439
52	0.12477	0.12838	0.10255	0.01178	0.09046	0.10778	0.03075	0.07739	0.02521	0.10016	0.01155	0.01620	0.00988	0.00597	0.00479	0.00148	0.03267	0.10877	0.00321	0.00623
53	0.00972	0.00921	0.01561	0.58901	0.26006	0.01069	0.01350	0.01276	0.00981	0.01304	0.00852	0.01231	0.00663	0.00456	0.00470	0.00152	0.00608	0.00419	0.00217	0.00590
54	0.01150	0.01069	0.01448	0.03840	0.05183	0.01395	0.01026	0.13238	0.00986	0.01454	0.00725	0.01059	0.00656	0.00740	0.01259	0.00187	0.60835	0.00411	0.00251	0.03087
55	0.00879	0.00439	0.00439	0.00439	0.00549	0.00439	0.00330	0.01099	0.00989	0.01758	0.01538	0.01758	0.01209	0.00549	0.00330	0.00110	0.00220	0.00439	0.86047	0.00439
56	0.00585	0.00486	0.00516	0.00531	0.00683	0.00418	0.00413	0.00717	0.01076	0.01292	0.04467	0.04644	0.69763	0.01209	0.00570	0.00167	0.00265	0.11357	0.00437	0.00403
57	0.00879	0.00439	0.00439	0.00439	0.00549	0.00439	0.00330	0.01099	0.00989	0.01758	0.01538	0.01758	0.01209	0.00549	0.00330	0.00110	0.00220	0.00439	0.86047	0.00439
58	0.00951	0.02200	0.68291	0.01255	0.01868	0.03576	0.01560	0.01476	0.03345	0.01535	0.08615	0.01260	0.00998	0.00505	0.00459	0.00149	0.00646	0.00402	0.00240	0.00669
59	0.00567	0.00478	0.00492	0.00488	0.00643	0.00402	0.00366	0.00696	0.01098	0.01330	0.11654	0.04445	0.73384	0.01173	0.00557	0.00158	0.00237	0.00982	0.00445	0.00402
60	0.01008	0.00832	0.00978	0.00705	0.01118	0.00629	0.00566	0.01216	0.00990	0.03866	0.00896	0.01069	0.00746	0.00372	0.00358	0.00075	0.00352	0.01570	0.00291	0.82365
61	0.79765	0.07686	0.00838	0.00635	0.00936	0.01124	0.00535	0.01388	0.00815	0.02033	0.00656	0.00765	0.00518	0.00435	0.00293	0.00142	0.00376	0.00255	0.00284	0.00518
62	0.01113	0.01272	0.02782	0.01987	0.02464	0.01192	0.78776	0.01510	0.01113	0.01510	0.00954	0.01272	0.00715	0.00397	0.00556	0.00159	0.00795	0.00556	0.00238	0.00636
63	0.00641	0.00466	0.00605	0.00612	0.00705	0.00430	0.00449	0.00822	0.01203	0.01667	0.53837	0.23686	0.08286	0.01118	0.00571	0.00162	0.00243	0.03580	0.00491	0.00426
64	0.01039	0.00843	0.01004	0.03203	0.01185	0.00690	0.00607	0.06073	0.01053	0.04067	0.00936	0.02181	0.00777	0.00569	0.04953	0.00120	0.00420	0.00326	0.00299	0.69653
65	0.00879	0.00439	0.00439	0.00439	0.00549	0.00439	0.00330	0.01099	0.00989	0.01758	0.01538	0.01758	0.01209	0.00549	0.00330	0.00110	0.00220	0.00439	0.86047	0.00439
66	0.01057	0.00885	0.01020	0.00736	0.01151	0.00710	0.00592	0.08766	0.01099	0.01676	0.00867	0.00993	0.00708	0.00370	0.00361	0.00077	0.00366	0.00294	0.00298	0.77975
67	0.79992	0.00911	0.00730	0.00641	0.00939	0.01040	0.00528	0.02625	0.00859	0.07219	0.00742	0.00826	0.00558	0.00449	0.00306	0.00146	0.00369	0.00272	0.00313	0.00534
68	0.00893	0.00723	0.00823	0.00771	0.00946	0.00779	0.00584	0.01619	0.38085	0.01842	0.33452	0.11822	0.03973	0.00874	0.00525	0.00159	0.00299	0.00760	0.00490	0.00579
69	0.00680	0.00535	0.02976	0.00604	0.00731	0.00461	0.00472	0.00902	0.01279	0.01821	0.68550	0.05351	0.06627	0.02111	0.00569	0.00152	0.00241	0.00832	0.04657	0.00447
70	0.01011	0.00894	0.01183	0.02757	0.18432	0.00740	0.00764	0.01237	0.00999	0.01527	0.00907	0.01077	0.01889	0.00380	0.00380	0.00088	0.00399	0.00323	0.00270	0.64742
71	0.00596	0.00427	0.00567	0.00642	0.00689	0.00397	0.00439	0.00711	0.01004	0.01364	0.20745	0.64518	0.03429	0.01357	0.00591	0.00181	0.00262	0.01226	0.00457	0.00397
72	0.00978	0.00838	0.00978	0.00698	0.01117	0.00629	0.00559	0.01187	0.00978	0.01536	0.00838	0.00978	0.00698	0.00349	0.00349	0.00070	0.00349	0.00279	0.00279	0.86312
73	0.01160	0.34776	0.12960	0.01537	0.22198	0.04075	0.07055	0.01412	0.00998	0.01303	0.00805	0.01038	0.00694	0.02567	0.02863	0.00154	0.03194	0.00358	0.00218	0.00639
74	0.01013	0.02866	0.06002	0.10198	0.02972	0.02759	0.06613	0.01189	0.00823	0.01196	0.00846	0.01231	0.03301	0.02709	0.01217	0.00194	0.53680	0.00441	0.00219	0.00533
75	0.00726	0.00521	0.00719	0.00822	0.00920	0.00514	0.00696	0.00921	0.01064	0.01388	0.04235	0.16364	0.04907	0.01317	0.00640	0.00210	0.00401	0.62771	0.00437	0.00426
76	0.00899	0.00856	0.01470	0.79038	0.03216	0.01053	0.04453	0.01217	0.00950	0.01217	0.00843	0.01258	0.00632	0.00468	0.00475	0.00157	0.00635	0.00425	0.00211	0.00528
77	0.83287	0.00920	0.00743	0.00712	0.04141	0.01060	0.00549	0.01388	0.00813	0.02092	0.00666	0.00782	0.00520	0.00437	0.00299	0.00146	0.00373	0.00262	0.00289	0.00520
78	0.01156	0.01109	0.01894	0.06116	0.77354	0.01117	0.01441	0.01437	0.01068	0.01527	0.00885	0.01171	0.00742	0.00422	0.00467	0.00141	0.00563	0.00420	0.00232	0.00738
79	0.00785	0.00627	0.00732	0.00702	0.00751	0.05248	0.00499	0.00846	0.00799	0.01070	0.06959	0.02368	0.04606	0.33160	0.22021	0.08823	0.08769	0.00588	0.00282	0.00366
80	0.00938	0.00870	0.01360	0.11747	0.42131	0.00880	0.01056	0.01211	0.04235	0.01427	0.02041	0.07117	0.21630	0.00702	0.00500	0.00151	0.00460	0.00631	0.00306	0.00606
81	0.00766	0.00762	0.08536	0.00807	0.04056	0.03297	0.00605	0.00888	0.00785	0.01073	0.01345	0.06228	0.01423	0.41171	0.23782	0.00467	0.02734	0.00605	0.00270	0.00401
82	0.01603	0.00947	0.01642	0.01375	0.09278	0.00871	0.23771	0.01859	0.01213	0.42624	0.01495	0.01627	0.01056	0.00685	0.04444	0.00182	0.00576	0.03612	0.00426	0.00714
83	0.01141	0.01047	0.01259	0.01156	0.08962	0.10652	0.07647	0.07041	0.01165	0.03261	0.01239	0.01963	0.01144	0.00603	0.00465	0.00129	0.00502	0.16881	0.00321	0.33422
84	0.01156	0.03540	0.03250	0.02449	0.63050	0.04337	0.01288	0.01419	0.03645	0.01455	0.00901	0.01184	0.00764	0.00549	0.00595	0.08538	0.00552	0.00412	0.00238	0.00681

[dist]
# distance from previous block
# <min> <max>
0	246

# created by:
# /st0/software/busco_prod/Augustus/scripts/msa2prfl.pl ./align_prep/62292.fa
