[name]
unknown

[dist]
# distance from previous block
# <min> <max>
14	145

[block]
# block no. 0 follows, 50 sequences, length 42
# corresponding to MSA columns:
# 148-189
name=unknown_A
#
# <colnr> <probs for GDERKNQSTAVLIFYWHMCP>
#	G	D	E	R	K	N	Q	S	T	A	V	L	I	F	Y	W	H	M	C	P
0	0.07029	0.00613	0.00724	0.00704	0.00853	0.00608	0.00535	0.03475	0.07258	0.04234	0.34905	0.19103	0.10912	0.01082	0.00572	0.00172	0.00302	0.05918	0.00497	0.00505
1	0.00742	0.00515	0.00642	0.00681	0.00772	0.00486	0.00481	0.00931	0.05248	0.05089	0.14959	0.45081	0.13252	0.06201	0.00724	0.00204	0.00303	0.02759	0.00476	0.00454
2	0.01464	0.00769	0.00961	0.00847	0.01101	0.00743	0.00672	0.04184	0.14262	0.34439	0.02389	0.13506	0.08499	0.04174	0.00632	0.00186	0.00396	0.09573	0.00529	0.00673
3	0.00788	0.00519	0.00632	0.00636	0.00711	0.00497	0.00438	0.00880	0.00980	0.06079	0.11687	0.17116	0.12831	0.35183	0.01428	0.00309	0.01536	0.06930	0.00412	0.00406
4	0.00812	0.02785	0.01104	0.00965	0.01114	0.00733	0.10381	0.01029	0.02776	0.01286	0.01619	0.14194	0.01648	0.07225	0.37794	0.00490	0.03088	0.08167	0.00319	0.02472
5	0.23772	0.00764	0.00792	0.00728	0.00938	0.00805	0.00560	0.10037	0.04745	0.08366	0.08534	0.21464	0.06626	0.02798	0.00532	0.00172	0.00354	0.00731	0.06729	0.00555
6	0.01204	0.03574	0.01429	0.17505	0.07568	0.01112	0.04227	0.13391	0.12587	0.01833	0.03023	0.01330	0.00951	0.00523	0.00511	0.00137	0.03871	0.00432	0.00338	0.24456
7	0.01323	0.03632	0.04009	0.00920	0.01320	0.01041	0.00769	0.19382	0.16981	0.05160	0.03195	0.01326	0.01034	0.00516	0.00440	0.00120	0.00433	0.00410	0.00399	0.37590
8	0.01645	0.00896	0.01087	0.00897	0.01205	0.00897	0.00719	0.08692	0.23179	0.36972	0.16130	0.02073	0.01921	0.00706	0.00519	0.00158	0.00392	0.00588	0.00563	0.00762
9	0.01136	0.26417	0.40103	0.01158	0.01699	0.01392	0.01321	0.03030	0.11821	0.01540	0.01048	0.01217	0.00828	0.00610	0.02920	0.00165	0.00637	0.01990	0.00265	0.00702
10	0.07205	0.00914	0.01159	0.00902	0.01278	0.00852	0.00742	0.08817	0.05570	0.64370	0.01827	0.01609	0.01174	0.00609	0.00490	0.00155	0.00431	0.00486	0.00582	0.00826
11	0.00929	0.00465	0.00465	0.00465	0.00581	0.00465	0.00348	0.01161	0.01045	0.01858	0.01626	0.01858	0.01278	0.00581	0.00348	0.00116	0.00232	0.00465	0.85250	0.00465
12	0.01710	0.01257	0.01376	0.01100	0.01452	0.01380	0.00914	0.64895	0.02151	0.02881	0.03676	0.01881	0.01239	0.00718	0.00527	0.00161	0.00527	0.10879	0.00495	0.00783
13	0.00929	0.00465	0.00465	0.00465	0.00581	0.00465	0.00348	0.01161	0.01045	0.01858	0.01626	0.01858	0.01278	0.00581	0.00348	0.00116	0.00232	0.00465	0.85250	0.00465
14	0.00820	0.00738	0.07320	0.00929	0.01092	0.00617	0.03817	0.01038	0.01056	0.03683	0.02269	0.21917	0.02452	0.04376	0.08661	0.00279	0.00545	0.37498	0.00411	0.00482
15	0.01019	0.00887	0.01122	0.02641	0.01288	0.00695	0.04575	0.01250	0.01041	0.01601	0.00999	0.03568	0.00876	0.00440	0.00401	0.00089	0.00400	0.02617	0.00301	0.74189
16	0.01612	0.01396	0.10601	0.01345	0.01790	0.01268	0.18986	0.36738	0.01741	0.13176	0.03594	0.01461	0.01017	0.00575	0.00524	0.00158	0.00610	0.02209	0.00425	0.00774
17	0.01091	0.01091	0.01527	0.01309	0.01309	0.01527	0.01091	0.01200	0.00763	0.01200	0.00654	0.01091	0.00654	0.00872	0.01636	0.00218	0.81570	0.00436	0.00218	0.00545
18	0.01156	0.00904	0.01061	0.00765	0.01202	0.00705	0.00615	0.04397	0.01115	0.07381	0.00977	0.01088	0.00779	0.00396	0.00384	0.00083	0.00380	0.00316	0.00327	0.75967
19	0.01176	0.01345	0.02941	0.02101	0.02605	0.01261	0.77563	0.01597	0.01176	0.01597	0.01008	0.01345	0.00756	0.00420	0.00588	0.00168	0.00840	0.00588	0.00252	0.00672
20	0.01357	0.01173	0.01255	0.01189	0.06914	0.04098	0.00871	0.13506	0.59096	0.02176	0.01785	0.01684	0.01340	0.00643	0.00503	0.00163	0.00449	0.00530	0.00478	0.00790
21	0.01565	0.01007	0.01327	0.01096	0.01289	0.01178	0.00901	0.13294	0.01243	0.28016	0.01336	0.07320	0.01075	0.00795	0.01004	0.00185	0.35737	0.00533	0.00414	0.00683
22	0.00718	0.00511	0.00686	0.00686	0.00736	0.00561	0.00480	0.00816	0.00767	0.01072	0.01440	0.02540	0.01499	0.38865	0.45725	0.00659	0.00955	0.00619	0.00283	0.00381
23	0.01093	0.00531	0.00567	0.00528	0.00681	0.00524	0.00406	0.03499	0.01122	0.10022	0.01649	0.01822	0.01261	0.00585	0.00369	0.00121	0.00261	0.00468	0.73975	0.00516
24	0.03975	0.15441	0.19336	0.07541	0.04772	0.19231	0.09137	0.01765	0.09470	0.03341	0.00987	0.01129	0.00764	0.00495	0.00456	0.00145	0.00684	0.00393	0.00273	0.00668
25	0.02142	0.01000	0.01251	0.00959	0.01348	0.00958	0.00792	0.23268	0.01680	0.58521	0.01753	0.01558	0.01127	0.00612	0.00501	0.00153	0.00459	0.00487	0.00584	0.00848
26	0.01244	0.59131	0.21421	0.01055	0.01560	0.01738	0.05003	0.01519	0.01031	0.01293	0.00758	0.00889	0.00644	0.00438	0.00371	0.00122	0.00598	0.00308	0.00215	0.00665
27	0.00713	0.00531	0.00785	0.00785	0.00869	0.00615	0.00604	0.00880	0.00796	0.01146	0.01349	0.02037	0.01280	0.08501	0.75792	0.00782	0.01284	0.00546	0.00269	0.00436
28	0.00819	0.00535	0.00703	0.00646	0.00784	0.00490	0.00490	0.01051	0.01412	0.07760	0.73392	0.03573	0.04446	0.00989	0.00581	0.00157	0.00249	0.00872	0.00554	0.00498
29	0.00743	0.00528	0.00620	0.00585	0.00743	0.00463	0.00443	0.00925	0.01283	0.06379	0.39694	0.04105	0.39450	0.01109	0.00583	0.00162	0.00255	0.00948	0.00513	0.00470
30	0.00825	0.00750	0.01323	0.01065	0.01293	0.00695	0.23536	0.01089	0.01264	0.01737	0.40399	0.12122	0.09952	0.00924	0.00594	0.00166	0.00424	0.00880	0.00442	0.00519
31	0.01384	0.00645	0.00856	0.00758	0.00979	0.00569	0.00583	0.01545	0.01257	0.38205	0.13380	0.26345	0.09352	0.01015	0.00562	0.00170	0.00342	0.00881	0.00547	0.00624
32	0.01021	0.01041	0.01983	0.54547	0.03153	0.01159	0.27108	0.01383	0.01057	0.01383	0.00927	0.01334	0.00695	0.00472	0.00529	0.00167	0.00724	0.00492	0.00232	0.00594
33	0.00688	0.00509	0.00642	0.00608	0.00734	0.00463	0.00456	0.00906	0.01369	0.01899	0.67784	0.03887	0.16091	0.01056	0.00588	0.00159	0.00238	0.00924	0.00536	0.00463
34	0.00649	0.00469	0.00633	0.02723	0.00827	0.00450	0.00526	0.00764	0.00994	0.01320	0.05376	0.63551	0.04304	0.03838	0.00693	0.00211	0.00325	0.11477	0.00455	0.00415
35	0.00941	0.00886	0.01495	0.81285	0.03433	0.01107	0.01384	0.01274	0.00997	0.01274	0.00886	0.01329	0.00664	0.00498	0.00498	0.00166	0.00664	0.00443	0.00221	0.00554
36	0.01193	0.01152	0.02003	0.09626	0.65850	0.01166	0.06345	0.01499	0.01126	0.01592	0.00984	0.01369	0.00833	0.00473	0.00505	0.00153	0.00611	0.02515	0.00251	0.00753
37	0.01767	0.01304	0.01403	0.01108	0.01481	0.01447	0.00905	0.58482	0.18757	0.05975	0.01407	0.01360	0.01009	0.00616	0.00501	0.00154	0.00510	0.00476	0.00505	0.00835
38	0.01565	0.12807	0.09729	0.01189	0.04215	0.18359	0.04698	0.05813	0.02912	0.19637	0.01220	0.04638	0.00959	0.00739	0.04276	0.00179	0.05576	0.00453	0.00354	0.00681
39	0.01303	0.01099	0.01379	0.26935	0.06737	0.02770	0.01061	0.22736	0.21772	0.02028	0.01383	0.04372	0.01095	0.00629	0.00509	0.00163	0.00543	0.02392	0.00390	0.00704
40	0.00992	0.00885	0.01213	0.06392	0.27121	0.03057	0.00918	0.06852	0.04950	0.01586	0.02409	0.18689	0.21096	0.00907	0.00547	0.00166	0.00445	0.00799	0.00375	0.00602
41	0.03126	0.11833	0.20399	0.01034	0.03202	0.07718	0.03198	0.03968	0.01148	0.01532	0.13762	0.02124	0.11739	0.06854	0.03082	0.00195	0.03614	0.00568	0.00325	0.00578

[dist]
# distance from previous block
# <min> <max>
0	2

[block]
# block no. 1 follows, 50 sequences, length 38
# corresponding to MSA columns:
# 192-229
name=unknown_B
#
# <colnr> <probs for GDERKNQSTAVLIFYWHMCP>
#	G	D	E	R	K	N	Q	S	T	A	V	L	I	F	Y	W	H	M	C	P
0	0.35168	0.08482	0.01206	0.00931	0.01204	0.18016	0.00759	0.05410	0.02762	0.07245	0.00885	0.01025	0.00707	0.00717	0.04949	0.00187	0.09096	0.00344	0.00313	0.00594
1	0.01219	0.04227	0.01668	0.04647	0.26403	0.10694	0.08173	0.05903	0.03378	0.01564	0.02811	0.08267	0.01238	0.00704	0.00655	0.00167	0.10025	0.07301	0.00308	0.00647
2	0.01186	0.19127	0.01386	0.00923	0.01181	0.06785	0.00768	0.03203	0.26048	0.03801	0.08581	0.02196	0.10309	0.00760	0.00579	0.00158	0.06930	0.05042	0.00400	0.00635
3	0.01412	0.00808	0.01033	0.00873	0.01137	0.00800	0.02954	0.01889	0.19459	0.30868	0.15115	0.07001	0.10056	0.00822	0.00575	0.00165	0.03124	0.00693	0.00530	0.00686
4	0.00712	0.00533	0.00795	0.00795	0.00882	0.00620	0.00615	0.00886	0.00799	0.01153	0.01341	0.01990	0.01260	0.05633	0.78631	0.00793	0.01315	0.00539	0.00268	0.00442
5	0.01234	0.01184	0.02023	0.03059	0.79373	0.01184	0.01530	0.01530	0.01135	0.01628	0.00938	0.01234	0.00790	0.00444	0.00493	0.00148	0.00592	0.00444	0.00247	0.00790
6	0.00648	0.00507	0.00586	0.00567	0.00709	0.00446	0.00425	0.00829	0.01275	0.01676	0.42443	0.04255	0.41572	0.01139	0.00588	0.00162	0.00244	0.00976	0.00506	0.00446
7	0.01429	0.07868	0.13274	0.02416	0.01813	0.02807	0.22792	0.03100	0.01167	0.21120	0.02757	0.01341	0.00911	0.00572	0.00699	0.00165	0.14250	0.00480	0.00339	0.00697
8	0.00611	0.00502	0.00537	0.00535	0.00688	0.00429	0.00399	0.00755	0.01177	0.01460	0.18208	0.08154	0.62353	0.01233	0.00591	0.00168	0.00251	0.01042	0.00478	0.00429
9	0.01181	0.01120	0.01897	0.05518	0.70510	0.01125	0.01440	0.01474	0.01152	0.01646	0.07188	0.01436	0.01098	0.00492	0.00501	0.00149	0.00566	0.00481	0.00270	0.00756
10	0.01130	0.01079	0.01836	0.30723	0.52518	0.01157	0.01478	0.01439	0.01086	0.01503	0.00919	0.01267	0.00745	0.00463	0.00495	0.00154	0.00618	0.00444	0.00238	0.00706
11	0.01319	0.01576	0.24190	0.01150	0.01591	0.01268	0.01123	0.21942	0.33239	0.02188	0.01585	0.01552	0.03784	0.00617	0.00498	0.00161	0.00530	0.00493	0.00417	0.00776
12	0.00713	0.00531	0.00786	0.00786	0.00869	0.00615	0.00604	0.00880	0.00797	0.01146	0.01349	0.02036	0.01280	0.08425	0.75866	0.00782	0.01284	0.00545	0.00269	0.00437
13	0.01226	0.01177	0.02010	0.05016	0.77474	0.01182	0.01526	0.01523	0.01132	0.01620	0.00936	0.01236	0.00786	0.00445	0.00494	0.00148	0.00594	0.00444	0.00246	0.00784
14	0.01388	0.00764	0.01019	0.01000	0.04061	0.00747	0.00803	0.01774	0.12190	0.29245	0.02252	0.03539	0.02023	0.00974	0.00589	0.00191	0.00442	0.35829	0.00514	0.00656
15	0.01508	0.01329	0.01270	0.01087	0.01399	0.11316	0.00857	0.24278	0.46739	0.02282	0.01629	0.01547	0.01216	0.00633	0.00497	0.00158	0.00503	0.00500	0.00473	0.00779
16	0.01127	0.16590	0.21923	0.00960	0.01474	0.01084	0.00985	0.05549	0.01106	0.01611	0.00869	0.01004	0.00698	0.00420	0.00394	0.00106	0.00505	0.00317	0.00269	0.43008
17	0.01140	0.02067	0.55209	0.08606	0.08308	0.01103	0.01610	0.03289	0.01121	0.09064	0.01121	0.01259	0.02870	0.00512	0.00484	0.00158	0.00671	0.00414	0.00267	0.00729
18	0.24154	0.00887	0.01044	0.00831	0.01192	0.00852	0.00684	0.02185	0.04133	0.56531	0.01635	0.01470	0.01063	0.00579	0.00451	0.00155	0.00413	0.00443	0.00532	0.00765
19	0.01043	0.11087	0.01929	0.44169	0.02712	0.01260	0.18343	0.01347	0.01018	0.01327	0.00933	0.03988	0.00770	0.00539	0.00597	0.00165	0.07465	0.00486	0.00235	0.00585
20	0.01066	0.01153	0.07821	0.27076	0.27849	0.01112	0.12727	0.01401	0.01084	0.01483	0.01105	0.01735	0.00954	0.00571	0.00556	0.00168	0.02627	0.08601	0.00259	0.00652
21	0.00768	0.00658	0.03920	0.00858	0.00995	0.00606	0.02646	0.01041	0.06465	0.01419	0.02550	0.25185	0.09114	0.03096	0.10021	0.00280	0.00515	0.28965	0.00423	0.00476
22	0.00607	0.00434	0.00578	0.00694	0.00723	0.00405	0.00463	0.00694	0.00954	0.01272	0.02747	0.82157	0.03297	0.01562	0.00636	0.00202	0.00289	0.01417	0.00463	0.00405
23	0.01078	0.01027	0.01648	0.54021	0.25563	0.03212	0.01403	0.03538	0.01086	0.01429	0.00907	0.01286	0.00706	0.00486	0.00496	0.00159	0.00646	0.00440	0.00238	0.00632
24	0.01249	0.33436	0.02105	0.01216	0.01458	0.07159	0.09552	0.01415	0.00953	0.01235	0.00717	0.00991	0.00659	0.00621	0.00917	0.00162	0.34954	0.00378	0.00223	0.00599
25	0.70525	0.01033	0.00874	0.00762	0.01050	0.02539	0.00627	0.07549	0.00970	0.02202	0.00732	0.00866	0.00576	0.00510	0.00440	0.00159	0.07405	0.00299	0.00315	0.00566
26	0.01027	0.00973	0.01649	0.58456	0.25595	0.01130	0.01427	0.01348	0.01037	0.01377	0.00901	0.01301	0.00701	0.00483	0.00497	0.00161	0.00643	0.00443	0.00229	0.00623
27	0.00607	0.00446	0.00570	0.00664	0.00716	0.00409	0.00450	0.00704	0.00994	0.01304	0.05209	0.68520	0.14575	0.01502	0.00628	0.00196	0.00282	0.01349	0.00465	0.00409
28	0.01114	0.00717	0.00874	0.00792	0.00984	0.00728	0.00611	0.12217	0.06194	0.13504	0.08358	0.14627	0.13649	0.05627	0.15777	0.00305	0.00555	0.02340	0.00456	0.00571
29	0.01308	0.01105	0.01165	0.01028	0.01322	0.01272	0.00805	0.10446	0.70565	0.02195	0.01942	0.01791	0.01452	0.00668	0.00506	0.00167	0.00410	0.00552	0.00506	0.00795
30	0.01334	0.00942	0.01119	0.00824	0.01241	0.00797	0.00668	0.10074	0.01241	0.14913	0.01097	0.01165	0.00832	0.00450	0.00438	0.00100	0.02474	0.00351	0.00370	0.59571
31	0.03146	0.01390	0.01370	0.11081	0.01689	0.17799	0.02255	0.31736	0.03667	0.07305	0.01172	0.04984	0.00923	0.00589	0.00481	0.00144	0.00597	0.00458	0.00393	0.08820
32	0.01427	0.12912	0.08103	0.01138	0.01486	0.07588	0.06941	0.25356	0.03665	0.05159	0.05562	0.01803	0.01250	0.02988	0.00613	0.00166	0.04575	0.08207	0.00380	0.00681
33	0.07758	0.58534	0.14315	0.00946	0.01409	0.01752	0.00988	0.06800	0.01099	0.01453	0.00759	0.00867	0.00645	0.00448	0.00355	0.00121	0.00554	0.00295	0.00240	0.00661
34	0.17184	0.01175	0.01264	0.00991	0.01367	0.01261	0.00817	0.43403	0.03942	0.21709	0.01317	0.01267	0.00905	0.00580	0.00465	0.00152	0.00484	0.00432	0.00493	0.00790
35	0.00904	0.00629	0.00826	0.00888	0.01024	0.00636	0.00739	0.03355	0.07827	0.05279	0.02567	0.17793	0.03820	0.01287	0.00648	0.00213	0.00423	0.50162	0.00472	0.00507
36	0.00929	0.00465	0.00465	0.00465	0.00581	0.00465	0.00348	0.01161	0.01045	0.01858	0.01626	0.01858	0.01278	0.00581	0.00348	0.00116	0.00232	0.00465	0.85250	0.00465
37	0.83092	0.00960	0.00747	0.00664	0.00975	0.01105	0.00547	0.01499	0.00868	0.04929	0.00738	0.00841	0.00564	0.00468	0.00315	0.00154	0.00387	0.00278	0.00319	0.00551

[dist]
# distance from previous block
# <min> <max>
0	1

[block]
# block no. 2 follows, 50 sequences, length 46
# corresponding to MSA columns:
# 231-276
name=unknown_C
#
# <colnr> <probs for GDERKNQSTAVLIFYWHMCP>
#	G	D	E	R	K	N	Q	S	T	A	V	L	I	F	Y	W	H	M	C	P
0	0.00695	0.00531	0.00633	0.03239	0.00832	0.00482	0.00486	0.00870	0.01208	0.03469	0.27002	0.06310	0.42693	0.01236	0.02957	0.00188	0.00312	0.05926	0.00479	0.00454
1	0.01356	0.01419	0.01763	0.09391	0.21729	0.18411	0.13246	0.05427	0.14596	0.01643	0.01101	0.01284	0.00865	0.00514	0.00522	0.00151	0.02344	0.00456	0.00305	0.03476
2	0.00623	0.00442	0.00584	0.00691	0.00721	0.00416	0.00463	0.00708	0.00944	0.01258	0.02658	0.73778	0.03174	0.07415	0.00776	0.00224	0.00309	0.03965	0.00451	0.00399
3	0.03027	0.22270	0.33753	0.04811	0.09460	0.04118	0.02977	0.01636	0.08626	0.01515	0.01047	0.01179	0.02533	0.00498	0.00442	0.00145	0.00624	0.00389	0.00255	0.00696
4	0.00721	0.00589	0.00676	0.00624	0.00827	0.00485	0.00463	0.00870	0.01082	0.01448	0.08664	0.23449	0.33557	0.01083	0.00542	0.00151	0.00292	0.00932	0.00424	0.23119
5	0.59621	0.01354	0.00950	0.00845	0.01145	0.21754	0.00672	0.05707	0.01075	0.02021	0.00741	0.00854	0.00583	0.00483	0.00355	0.00147	0.00528	0.00293	0.00305	0.00566
6	0.01191	0.01167	0.02062	0.12316	0.57559	0.01187	0.11983	0.01537	0.03160	0.01593	0.00970	0.01277	0.00789	0.00453	0.00507	0.00154	0.00630	0.00467	0.00251	0.00745
7	0.00637	0.00461	0.00601	0.00663	0.00727	0.00426	0.00460	0.00771	0.01105	0.01501	0.26449	0.53611	0.07982	0.01377	0.00619	0.00186	0.00270	0.01237	0.00489	0.00426
8	0.00712	0.00534	0.00801	0.00801	0.00890	0.00623	0.00623	0.00890	0.00801	0.01157	0.01335	0.01958	0.01246	0.03738	0.80507	0.00801	0.01335	0.00534	0.00267	0.00445
9	0.01249	0.00637	0.00791	0.00682	0.00920	0.00551	0.00536	0.01422	0.01299	0.31727	0.18829	0.05306	0.32092	0.00971	0.00556	0.00161	0.00316	0.00818	0.00540	0.00595
10	0.00613	0.00506	0.00538	0.00530	0.00688	0.00431	0.00398	0.00762	0.01193	0.01482	0.20434	0.04574	0.63702	0.01212	0.00589	0.00166	0.00249	0.01021	0.00481	0.00431
11	0.02236	0.00848	0.01157	0.00887	0.01272	0.00733	0.00733	0.02429	0.01427	0.79719	0.01966	0.01697	0.01234	0.00617	0.00501	0.00154	0.00424	0.00501	0.00617	0.00848
12	0.59729	0.00941	0.00874	0.00734	0.01067	0.01017	0.00605	0.03566	0.01052	0.24703	0.01075	0.01076	0.00748	0.00511	0.00369	0.00154	0.00401	0.00341	0.00402	0.00637
13	0.01234	0.03594	0.01551	0.51949	0.04333	0.24387	0.03276	0.01503	0.01127	0.01271	0.00851	0.01187	0.00662	0.00498	0.00481	0.00153	0.00733	0.00406	0.00233	0.00571
14	0.20217	0.06275	0.01058	0.00869	0.01128	0.01058	0.00721	0.17065	0.12156	0.02045	0.03145	0.07091	0.06877	0.00848	0.00503	0.00173	0.00429	0.17306	0.00426	0.00609
15	0.01173	0.08372	0.09594	0.06610	0.01615	0.05335	0.09089	0.06951	0.01179	0.03488	0.01198	0.01336	0.05871	0.00488	0.00440	0.00119	0.00528	0.00409	0.00301	0.35904
16	0.01214	0.01180	0.03195	0.02999	0.09324	0.04932	0.25128	0.03349	0.12670	0.05575	0.01230	0.01573	0.01000	0.00919	0.08847	0.00237	0.12516	0.03135	0.00317	0.00660
17	0.00639	0.00463	0.00603	0.00662	0.00727	0.00427	0.00461	0.00777	0.01116	0.01517	0.28176	0.51942	0.07908	0.01365	0.00618	0.00185	0.00269	0.01226	0.00491	0.00427
18	0.35626	0.01719	0.01134	0.01016	0.01301	0.42221	0.00787	0.05414	0.03787	0.01748	0.00802	0.00909	0.00640	0.00503	0.00397	0.00141	0.00659	0.00315	0.00297	0.00582
19	0.00816	0.00601	0.00722	0.00732	0.00847	0.00592	0.00528	0.12657	0.01249	0.01661	0.12190	0.49981	0.12894	0.01307	0.00603	0.00184	0.00318	0.01156	0.00479	0.00484
20	0.00929	0.00465	0.00465	0.00465	0.00581	0.00465	0.00348	0.01161	0.01045	0.01858	0.01626	0.01858	0.01278	0.00581	0.00348	0.00116	0.00232	0.00465	0.85250	0.00465
21	0.03071	0.17225	0.01786	0.01180	0.01531	0.13155	0.06482	0.35737	0.01663	0.04042	0.00981	0.01082	0.00756	0.00565	0.00571	0.00146	0.08542	0.00402	0.00362	0.00720
22	0.00715	0.00521	0.00736	0.00736	0.00803	0.00588	0.00542	0.00848	0.00782	0.01109	0.01394	0.02287	0.01389	0.23573	0.60868	0.00721	0.01121	0.00582	0.00276	0.00409
23	0.00757	0.00546	0.00710	0.00678	0.00810	0.00544	0.00522	0.00939	0.01127	0.05163	0.28755	0.03289	0.23389	0.01934	0.26218	0.00368	0.02558	0.00794	0.00431	0.00468
24	0.01145	0.01158	0.04096	0.22848	0.50141	0.01177	0.07669	0.01465	0.01094	0.01526	0.00924	0.01259	0.00748	0.00465	0.00524	0.00156	0.02200	0.00453	0.00239	0.00714
25	0.01023	0.02067	0.55235	0.01359	0.06977	0.01037	0.01511	0.01495	0.01053	0.01593	0.00895	0.01060	0.00668	0.00446	0.00449	0.00136	0.00636	0.00355	0.00234	0.21770
26	0.00712	0.00534	0.00801	0.00801	0.00890	0.00623	0.00623	0.00890	0.00801	0.01157	0.01335	0.01958	0.01246	0.03738	0.80507	0.00801	0.01335	0.00534	0.00267	0.00445
27	0.01404	0.05614	0.01425	0.01148	0.05024	0.01136	0.08836	0.18748	0.21477	0.12372	0.04634	0.04981	0.09553	0.00707	0.00518	0.00159	0.00472	0.00606	0.00460	0.00725
28	0.01238	0.11243	0.15650	0.05638	0.44957	0.04475	0.04926	0.01565	0.01120	0.03272	0.00918	0.01156	0.00741	0.00455	0.00472	0.00146	0.00633	0.00412	0.00244	0.00740
29	0.00747	0.00534	0.00739	0.00854	0.00944	0.00525	0.00705	0.00936	0.01092	0.01429	0.02670	0.27585	0.02991	0.01430	0.00673	0.00222	0.00410	0.54611	0.00460	0.00443
30	0.01516	0.01208	0.01282	0.01070	0.01401	0.01369	0.00856	0.34270	0.46403	0.02530	0.01678	0.01580	0.01238	0.00643	0.00504	0.00161	0.00459	0.00515	0.00504	0.00814
31	0.00700	0.00600	0.00760	0.00764	0.04159	0.00557	0.03792	0.00904	0.03845	0.01488	0.16232	0.12503	0.47142	0.01153	0.00618	0.00171	0.02705	0.00986	0.00453	0.00470
32	0.00987	0.00773	0.00856	0.00768	0.00972	0.02665	0.00592	0.06525	0.20588	0.04521	0.37809	0.03042	0.13948	0.00899	0.00550	0.00158	0.00324	0.00766	0.00512	0.02745
33	0.01000	0.02578	0.79900	0.01421	0.02157	0.01158	0.01842	0.01579	0.01052	0.01579	0.00895	0.01052	0.00631	0.00474	0.00474	0.00158	0.00737	0.00368	0.00210	0.00737
34	0.01048	0.00995	0.01689	0.52603	0.31277	0.01136	0.01438	0.01367	0.01047	0.01404	0.00905	0.01294	0.00710	0.00478	0.00497	0.00159	0.00638	0.00443	0.00231	0.00640
35	0.01004	0.00950	0.01453	0.42688	0.04172	0.01222	0.01219	0.01301	0.04548	0.01309	0.00983	0.01568	0.00857	0.00695	0.00903	0.00188	0.28432	0.05698	0.00251	0.00561
36	0.86003	0.00964	0.00733	0.00655	0.00964	0.01118	0.00540	0.01465	0.00848	0.02236	0.00694	0.00810	0.00540	0.00463	0.00308	0.00154	0.00386	0.00270	0.00308	0.00540
37	0.00684	0.00471	0.00561	0.00600	0.00620	0.00459	0.00371	0.00724	0.00827	0.01094	0.02120	0.28137	0.05621	0.51230	0.01803	0.00374	0.00412	0.03185	0.00364	0.00344
38	0.04052	0.01120	0.01278	0.01003	0.01378	0.03130	0.00821	0.30947	0.09660	0.38839	0.01619	0.01482	0.01085	0.00610	0.00495	0.00153	0.00479	0.00477	0.00544	0.00828
39	0.80101	0.00966	0.00800	0.04192	0.03141	0.01119	0.00602	0.01459	0.00862	0.02179	0.00709	0.00843	0.00552	0.00464	0.00322	0.00155	0.00403	0.00282	0.00303	0.00547
40	0.22383	0.00743	0.00816	0.00717	0.00976	0.00728	0.00572	0.01533	0.03863	0.26000	0.09964	0.08037	0.17595	0.00843	0.00496	0.00164	0.00351	0.03136	0.00482	0.00601
41	0.00712	0.00534	0.00801	0.00801	0.00890	0.00623	0.00623	0.00890	0.00801	0.01157	0.01335	0.01958	0.01246	0.03738	0.80507	0.00801	0.01335	0.00534	0.00267	0.00445
42	0.12904	0.00919	0.01366	0.37865	0.13448	0.01018	0.01115	0.01587	0.01087	0.19334	0.01129	0.01350	0.00815	0.00626	0.03259	0.00181	0.00584	0.00436	0.00329	0.00649
43	0.01198	0.01140	0.01925	0.04877	0.72240	0.01148	0.01462	0.01509	0.02759	0.01613	0.01042	0.04924	0.00916	0.00501	0.00500	0.00151	0.00576	0.00491	0.00261	0.00766
44	0.62395	0.00971	0.00864	0.00735	0.01056	0.01078	0.00602	0.07794	0.02329	0.14634	0.00981	0.01059	0.00722	0.02475	0.00411	0.00162	0.00407	0.00337	0.00376	0.00612
45	0.01086	0.00602	0.00604	0.00565	0.00721	0.02595	0.00433	0.04011	0.05242	0.06827	0.01632	0.01801	0.01257	0.00587	0.00374	0.00123	0.00281	0.00468	0.70270	0.00522

[dist]
# distance from previous block
# <min> <max>
0	1

[block]
# block no. 3 follows, 50 sequences, length 10
# corresponding to MSA columns:
# 278-287
name=unknown_D
#
# <colnr> <probs for GDERKNQSTAVLIFYWHMCP>
#	G	D	E	R	K	N	Q	S	T	A	V	L	I	F	Y	W	H	M	C	P
0	0.09129	0.03290	0.01524	0.10334	0.23163	0.15775	0.01085	0.14217	0.07193	0.04284	0.01028	0.01181	0.00799	0.00509	0.00462	0.00145	0.00599	0.00406	0.00326	0.04553
1	0.00929	0.00465	0.00465	0.00465	0.00581	0.00465	0.00348	0.01161	0.01045	0.01858	0.01626	0.01858	0.01278	0.00581	0.00348	0.00116	0.00232	0.00465	0.85250	0.00465
2	0.01235	0.01535	0.21663	0.13849	0.16309	0.04771	0.07525	0.05472	0.15482	0.05469	0.01181	0.01332	0.00880	0.00520	0.00498	0.00158	0.00627	0.00456	0.00313	0.00726
3	0.00722	0.00527	0.00589	0.00562	0.00729	0.00453	0.00425	0.00882	0.01229	0.06318	0.25168	0.04313	0.53986	0.01156	0.00583	0.00164	0.00258	0.00977	0.00496	0.00461
4	0.01365	0.04644	0.03102	0.04159	0.22610	0.17469	0.04702	0.10505	0.10009	0.03015	0.05613	0.01614	0.05191	0.03167	0.00559	0.00159	0.00599	0.00498	0.00341	0.00681
5	0.01033	0.00855	0.01084	0.00837	0.01169	0.00747	0.04130	0.01297	0.05231	0.04247	0.05774	0.05646	0.01239	0.06445	0.00662	0.00137	0.06021	0.00465	0.00335	0.52648
6	0.00940	0.00534	0.00661	0.00607	0.00751	0.00528	0.05934	0.01186	0.01060	0.01819	0.01637	0.02027	0.01327	0.00613	0.00384	0.00126	0.00288	0.04599	0.74499	0.00479
7	0.00794	0.00575	0.00792	0.00742	0.00807	0.00581	0.05972	0.00899	0.03927	0.01121	0.01613	0.05351	0.01754	0.50838	0.07004	0.07806	0.00547	0.08190	0.00317	0.00369
8	0.40426	0.03336	0.01219	0.09769	0.06863	0.10714	0.03444	0.04744	0.01052	0.04298	0.00871	0.01141	0.00710	0.00539	0.00494	0.00158	0.06598	0.02733	0.00300	0.00591
9	0.06684	0.08064	0.05486	0.03592	0.08658	0.18185	0.09269	0.02847	0.02951	0.04494	0.01076	0.05674	0.00946	0.00664	0.02550	0.00163	0.05778	0.02702	0.00295	0.09924

[dist]
# distance from previous block
# <min> <max>
1	9

[block]
# block no. 4 follows, 50 sequences, length 10
# corresponding to MSA columns:
# 297-306
name=unknown_E
#
# <colnr> <probs for GDERKNQSTAVLIFYWHMCP>
#	G	D	E	R	K	N	Q	S	T	A	V	L	I	F	Y	W	H	M	C	P
0	0.01395	0.05556	0.06171	0.01022	0.04421	0.04019	0.04903	0.03592	0.01258	0.25211	0.12567	0.05909	0.05395	0.00685	0.00537	0.00145	0.03363	0.00572	0.00432	0.12847
1	0.29670	0.29487	0.01545	0.00912	0.04215	0.04419	0.00752	0.01731	0.15102	0.04599	0.01092	0.01138	0.02529	0.00513	0.00374	0.00139	0.00464	0.00357	0.00322	0.00640
2	0.13331	0.01376	0.12909	0.01093	0.01493	0.05404	0.05729	0.25958	0.03034	0.13713	0.08233	0.01523	0.01216	0.00604	0.00484	0.00155	0.00539	0.02065	0.00422	0.00720
3	0.00929	0.00465	0.00465	0.00465	0.00581	0.00465	0.00348	0.01161	0.01045	0.01858	0.01626	0.01858	0.01278	0.00581	0.00348	0.00116	0.00232	0.00465	0.85250	0.00465
4	0.01451	0.01753	0.10700	0.04749	0.27570	0.26864	0.09734	0.08279	0.01320	0.01606	0.00907	0.01117	0.00721	0.00483	0.00488	0.00146	0.00734	0.00412	0.00267	0.00699
5	0.00866	0.00433	0.00649	0.00649	0.00649	0.00433	0.00433	0.00649	0.00649	0.00866	0.00866	0.01515	0.00866	0.01732	0.01948	0.85498	0.00433	0.00433	0.00216	0.00216
6	0.01662	0.01261	0.01388	0.06107	0.01580	0.01409	0.00924	0.56881	0.14277	0.02757	0.01393	0.05655	0.01075	0.00656	0.00507	0.00157	0.00517	0.00519	0.00481	0.00796
7	0.01026	0.00811	0.00983	0.03765	0.01192	0.00648	0.00611	0.01232	0.01050	0.05378	0.03676	0.07499	0.01202	0.03707	0.00504	0.00115	0.00381	0.03372	0.00335	0.62514
8	0.00891	0.00679	0.00843	0.03565	0.00933	0.02149	0.02992	0.05608	0.05752	0.01264	0.01536	0.06077	0.01621	0.43559	0.07817	0.05329	0.03709	0.04930	0.00326	0.00420
9	0.20123	0.09401	0.06065	0.00966	0.01344	0.10193	0.00840	0.16673	0.04550	0.23403	0.01216	0.01195	0.00857	0.00543	0.00434	0.00146	0.00522	0.00392	0.00417	0.00721

[dist]
# distance from previous block
# <min> <max>
0	3

[block]
# block no. 5 follows, 50 sequences, length 14
# corresponding to MSA columns:
# 310-323
name=unknown_F
#
# <colnr> <probs for GDERKNQSTAVLIFYWHMCP>
#	G	D	E	R	K	N	Q	S	T	A	V	L	I	F	Y	W	H	M	C	P
0	0.01332	0.13115	0.11094	0.04439	0.31879	0.08308	0.01227	0.04851	0.05633	0.07198	0.01253	0.01385	0.05089	0.00530	0.00469	0.00145	0.00587	0.00443	0.00302	0.00722
1	0.00929	0.00465	0.00465	0.00465	0.00581	0.00465	0.00348	0.01161	0.01045	0.01858	0.01626	0.01858	0.01278	0.00581	0.00348	0.00116	0.00232	0.00465	0.85250	0.00465
2	0.01105	0.02273	0.63545	0.01492	0.05358	0.01144	0.07168	0.01667	0.03897	0.06247	0.01009	0.01149	0.00715	0.00484	0.00486	0.00158	0.00707	0.00402	0.00250	0.00743
3	0.07337	0.01037	0.01268	0.15610	0.09647	0.01182	0.00960	0.05739	0.42826	0.04758	0.01588	0.01676	0.01211	0.00616	0.00494	0.00165	0.00472	0.02271	0.00417	0.00726
4	0.01463	0.40483	0.07663	0.02997	0.07088	0.12908	0.01017	0.16073	0.01338	0.01626	0.00881	0.01060	0.00741	0.00499	0.00408	0.00129	0.00608	0.02053	0.00282	0.00682
5	0.00741	0.00565	0.00705	0.00716	0.00772	0.03205	0.00504	0.00845	0.00816	0.01110	0.01582	0.12900	0.01687	0.30036	0.40922	0.00592	0.00894	0.00708	0.00304	0.00396
6	0.29483	0.01254	0.01246	0.00986	0.01355	0.01406	0.00814	0.52702	0.01853	0.02845	0.01032	0.01070	0.00747	0.00554	0.00436	0.00151	0.00495	0.00390	0.00436	0.00747
7	0.01806	0.00979	0.01171	0.00920	0.01263	0.00971	0.00752	0.29252	0.01732	0.36952	0.10888	0.01995	0.07609	0.00708	0.00517	0.00154	0.00434	0.00572	0.00554	0.00771
8	0.00929	0.00465	0.00465	0.00465	0.00581	0.00465	0.00348	0.01161	0.01045	0.01858	0.01626	0.01858	0.01278	0.00581	0.00348	0.00116	0.00232	0.00465	0.85250	0.00465
9	0.00769	0.00541	0.00687	0.00700	0.00820	0.00512	0.00536	0.01000	0.04288	0.04460	0.33101	0.17723	0.13593	0.03944	0.00675	0.00191	0.00311	0.15180	0.00498	0.00471
10	0.01043	0.00940	0.01307	0.01015	0.04698	0.00754	0.10736	0.01288	0.01053	0.01606	0.00983	0.04500	0.00851	0.00429	0.00414	0.00095	0.00437	0.00387	0.00295	0.67168
11	0.01383	0.00989	0.01319	0.12521	0.01577	0.01173	0.00951	0.10636	0.09042	0.18078	0.08639	0.01593	0.01274	0.00727	0.00887	0.00178	0.27465	0.00509	0.00396	0.00663
12	0.21149	0.01047	0.01276	0.14434	0.14295	0.04405	0.03019	0.01672	0.18695	0.01788	0.05471	0.01529	0.03729	0.00594	0.00523	0.00162	0.04763	0.00474	0.00339	0.00637
13	0.08164	0.00954	0.03370	0.13899	0.01473	0.03635	0.00802	0.17768	0.05569	0.01932	0.14782	0.05099	0.12226	0.01016	0.06948	0.00211	0.00524	0.00632	0.00405	0.00589

[dist]
# distance from previous block
# <min> <max>
6	9

[block]
# block no. 6 follows, 50 sequences, length 19
# corresponding to MSA columns:
# 347-365
name=unknown_G
#
# <colnr> <probs for GDERKNQSTAVLIFYWHMCP>
#	G	D	E	R	K	N	Q	S	T	A	V	L	I	F	Y	W	H	M	C	P
0	0.00900	0.00749	0.01010	0.00853	0.03011	0.00649	0.07364	0.01142	0.03554	0.04350	0.08847	0.04935	0.25319	0.01020	0.06749	0.00186	0.00445	0.00675	0.00384	0.27857
1	0.07155	0.00990	0.01170	0.02654	0.01303	0.01024	0.05754	0.23970	0.12180	0.07770	0.05392	0.03706	0.17763	0.00749	0.00510	0.00155	0.00436	0.00620	0.00454	0.06247
2	0.01124	0.01075	0.01841	0.23604	0.51267	0.01141	0.04073	0.01422	0.01080	0.01505	0.00975	0.03270	0.00825	0.00572	0.02425	0.00172	0.02208	0.00475	0.00245	0.00701
3	0.00929	0.00465	0.00465	0.00465	0.00581	0.00465	0.00348	0.01161	0.01045	0.01858	0.01626	0.01858	0.01278	0.00581	0.00348	0.00116	0.00232	0.00465	0.85250	0.00465
4	0.01045	0.00985	0.01542	0.28365	0.02100	0.01241	0.07892	0.02573	0.03720	0.02609	0.00917	0.01326	0.00774	0.00997	0.09537	0.00255	0.32836	0.00468	0.00249	0.00567
5	0.00866	0.00433	0.00649	0.00649	0.00649	0.00433	0.00433	0.00649	0.00649	0.00866	0.00866	0.01515	0.00866	0.01732	0.01948	0.85498	0.00433	0.00433	0.00216	0.00216
6	0.00970	0.00923	0.01582	0.73087	0.08737	0.01118	0.03997	0.01303	0.01013	0.01309	0.00894	0.01323	0.00676	0.00492	0.00501	0.00165	0.00665	0.00448	0.00224	0.00574
7	0.01035	0.00997	0.01549	0.65483	0.11394	0.04450	0.01364	0.02894	0.01049	0.01345	0.00886	0.01291	0.00680	0.00507	0.00530	0.00164	0.03126	0.00438	0.00231	0.00586
8	0.01600	0.01315	0.01326	0.01097	0.01434	0.06593	0.00878	0.39217	0.36280	0.02543	0.01540	0.01473	0.01135	0.00628	0.00499	0.00157	0.00503	0.00492	0.00487	0.00804
9	0.01094	0.06392	0.01726	0.01198	0.01605	0.00976	0.24672	0.04088	0.01132	0.01631	0.05350	0.04851	0.01072	0.00503	0.00506	0.00123	0.03297	0.00478	0.00303	0.39002
10	0.01050	0.00728	0.01040	0.16650	0.01500	0.00744	0.03187	0.06214	0.01182	0.11980	0.10136	0.29018	0.02170	0.00968	0.00582	0.00172	0.02227	0.03887	0.00424	0.06141
11	0.00714	0.00525	0.00756	0.00756	0.00830	0.00599	0.00567	0.00861	0.00788	0.01124	0.01376	0.02185	0.01344	0.17417	0.66964	0.00746	0.01187	0.00567	0.00273	0.00420
12	0.14498	0.07516	0.01763	0.10820	0.26838	0.09706	0.10298	0.03345	0.01146	0.06462	0.00970	0.01240	0.00776	0.00490	0.00463	0.00150	0.00612	0.01948	0.00286	0.00674
13	0.01282	0.01408	0.11475	0.02342	0.40731	0.04205	0.19292	0.01675	0.04392	0.06747	0.01056	0.01282	0.00817	0.00466	0.00513	0.00154	0.00660	0.00473	0.00279	0.00751
14	0.00929	0.00465	0.00465	0.00465	0.00581	0.00465	0.00348	0.01161	0.01045	0.01858	0.01626	0.01858	0.01278	0.00581	0.00348	0.00116	0.00232	0.00465	0.85250	0.00465
15	0.00791	0.00643	0.00966	0.10601	0.13731	0.00651	0.00809	0.00979	0.01058	0.01414	0.06146	0.37082	0.05491	0.01180	0.00603	0.00191	0.00413	0.16348	0.00403	0.00499
16	0.04998	0.01184	0.01210	0.00997	0.01314	0.11229	0.00804	0.29104	0.01685	0.25341	0.05871	0.06996	0.01412	0.00718	0.00510	0.00157	0.00511	0.04735	0.00494	0.00730
17	0.03695	0.20410	0.14850	0.01457	0.15354	0.24647	0.01139	0.01597	0.01132	0.01363	0.00859	0.01068	0.00725	0.00806	0.08690	0.00202	0.00764	0.00359	0.00240	0.00642
18	0.04919	0.01173	0.01205	0.00930	0.01317	0.11622	0.03758	0.10383	0.04745	0.01779	0.01035	0.01152	0.02357	0.00464	0.00438	0.00106	0.02129	0.00358	0.00324	0.49804

[dist]
# distance from previous block
# <min> <max>
0	9

# created by:
# /st0/software/busco_prod/Augustus/scripts/msa2prfl.pl ./align_prep/62308.fa
