[name]
unknown

[dist]
# distance from previous block
# <min> <max>
0	86

[block]
# block no. 0 follows, 45 sequences, length 10
# corresponding to MSA columns:
# 87-96
name=unknown_A
#
# <colnr> <probs for GDERKNQSTAVLIFYWHMCP>
#	G	D	E	R	K	N	Q	S	T	A	V	L	I	F	Y	W	H	M	C	P
0	0.01557	0.04108	0.01513	0.04427	0.03461	0.20432	0.06209	0.14400	0.16614	0.05209	0.01616	0.05821	0.01402	0.00769	0.00559	0.00174	0.00647	0.09939	0.00425	0.00717
1	0.00658	0.00519	0.00596	0.00647	0.00768	0.00457	0.00469	0.00788	0.01162	0.01454	0.07008	0.33154	0.43690	0.01476	0.00659	0.00198	0.00297	0.05048	0.00502	0.00451
2	0.01472	0.28278	0.02008	0.01170	0.01510	0.07620	0.04572	0.13291	0.07262	0.01752	0.00979	0.01143	0.00819	0.00608	0.00710	0.00153	0.16862	0.00405	0.00318	0.09066
3	0.00960	0.00876	0.01407	0.01211	0.04081	0.00854	0.19551	0.01389	0.12470	0.01713	0.14934	0.14197	0.14304	0.08591	0.00824	0.00216	0.00493	0.00902	0.00439	0.00589
4	0.01297	0.12551	0.37559	0.01281	0.01799	0.17892	0.01381	0.04037	0.01288	0.01641	0.08665	0.05807	0.01289	0.00641	0.00506	0.00158	0.00715	0.00495	0.00299	0.00698
5	0.01409	0.68600	0.02583	0.00965	0.01381	0.02016	0.00927	0.01713	0.08630	0.01363	0.00887	0.00994	0.00785	0.00515	0.00450	0.00129	0.05363	0.00330	0.00262	0.00699
6	0.00675	0.00483	0.00641	0.00733	0.00783	0.00450	0.00500	0.00799	0.01124	0.01523	0.17500	0.65808	0.03846	0.01568	0.00675	0.00208	0.00300	0.01418	0.00516	0.00450
7	0.01423	0.03430	0.07509	0.05106	0.01583	0.12006	0.07171	0.03842	0.01339	0.15707	0.09359	0.09421	0.03918	0.00724	0.00534	0.00154	0.00563	0.00617	0.00415	0.15180
8	0.00765	0.00542	0.00719	0.00729	0.00776	0.00585	0.00502	0.00862	0.00838	0.01162	0.01666	0.08615	0.01783	0.38744	0.38647	0.00660	0.00939	0.00739	0.00320	0.00406
9	0.00830	0.00594	0.00764	0.08566	0.01098	0.00561	0.00589	0.01017	0.01272	0.06683	0.25113	0.20855	0.27599	0.01226	0.00629	0.00184	0.00332	0.01068	0.00510	0.00509

[dist]
# distance from previous block
# <min> <max>
0	1

[block]
# block no. 1 follows, 45 sequences, length 20
# corresponding to MSA columns:
# 98-117
name=unknown_B
#
# <colnr> <probs for GDERKNQSTAVLIFYWHMCP>
#	G	D	E	R	K	N	Q	S	T	A	V	L	I	F	Y	W	H	M	C	P
0	0.01036	0.02555	0.70899	0.01455	0.02175	0.01169	0.01841	0.01609	0.01123	0.01668	0.01155	0.08772	0.00955	0.00622	0.00527	0.00175	0.00747	0.00505	0.00253	0.00759
1	0.01299	0.01428	0.06420	0.42194	0.12705	0.13735	0.05431	0.06117	0.02608	0.01588	0.00991	0.01328	0.00761	0.00535	0.00531	0.00168	0.00748	0.00462	0.00273	0.00676
2	0.01476	0.46301	0.14751	0.01103	0.01586	0.06832	0.01105	0.10626	0.08558	0.01684	0.00990	0.01073	0.00805	0.00521	0.00423	0.00137	0.00623	0.00363	0.00299	0.00744
3	0.00728	0.00541	0.00687	0.00785	0.00850	0.00530	0.00545	0.00965	0.08310	0.01466	0.02950	0.67941	0.05455	0.01573	0.00673	0.00215	0.00329	0.04475	0.00503	0.00479
4	0.01650	0.06703	0.01436	0.01136	0.01420	0.21164	0.00906	0.22709	0.11009	0.03911	0.01355	0.05496	0.01113	0.00698	0.00610	0.00160	0.07615	0.00507	0.09685	0.00717
5	0.00822	0.00591	0.00700	0.00692	0.00748	0.00622	0.00452	0.01016	0.08123	0.01239	0.03313	0.05944	0.03979	0.52420	0.16613	0.00525	0.00663	0.00766	0.00356	0.00415
6	0.03256	0.07896	0.14765	0.03739	0.01488	0.02252	0.00994	0.03175	0.08423	0.16107	0.03232	0.01671	0.01196	0.01553	0.22507	0.00354	0.00808	0.00495	0.00381	0.05710
7	0.01262	0.20028	0.22739	0.01650	0.02217	0.01501	0.32062	0.01797	0.08437	0.01661	0.01081	0.01284	0.00829	0.00496	0.00527	0.00163	0.00754	0.00489	0.00276	0.00746
8	0.01191	0.01101	0.01777	0.07271	0.52368	0.01128	0.01358	0.01587	0.08429	0.01710	0.01463	0.15436	0.01395	0.00718	0.00560	0.00173	0.00564	0.00676	0.00332	0.00762
9	0.00802	0.00560	0.00717	0.00671	0.00813	0.00510	0.00505	0.01041	0.01488	0.04622	0.67285	0.04060	0.12682	0.01111	0.00630	0.00170	0.00262	0.00974	0.00583	0.00514
10	0.16026	0.01401	0.01458	0.01135	0.01547	0.01552	0.00937	0.60479	0.02212	0.06250	0.01231	0.01240	0.00874	0.00621	0.00503	0.00162	0.00556	0.00453	0.00508	0.00857
11	0.00668	0.00482	0.00633	0.00728	0.00780	0.00447	0.00496	0.00786	0.01106	0.01484	0.13598	0.66646	0.06987	0.01585	0.00676	0.00209	0.00301	0.01430	0.00511	0.00447
12	0.14711	0.00670	0.00692	0.00662	0.00864	0.00659	0.00516	0.03164	0.01194	0.08726	0.02956	0.10089	0.25691	0.00991	0.00521	0.00170	0.00333	0.05537	0.21315	0.00541
13	0.00773	0.00517	0.00588	0.00595	0.00597	0.00515	0.00336	0.00779	0.00796	0.01061	0.01768	0.08194	0.02048	0.76321	0.02608	0.00502	0.00508	0.00826	0.00336	0.00332
14	0.00654	0.00467	0.00623	0.00747	0.00779	0.00436	0.00498	0.00747	0.01028	0.01370	0.02959	0.80785	0.03550	0.01682	0.00685	0.00218	0.00311	0.01526	0.00498	0.00436
15	0.00654	0.00467	0.00623	0.00747	0.00779	0.00436	0.00498	0.00747	0.01028	0.01370	0.02959	0.80785	0.03550	0.01682	0.00685	0.00218	0.00311	0.01526	0.00498	0.00436
16	0.00780	0.00549	0.00747	0.00753	0.00820	0.00604	0.00543	0.00915	0.00865	0.01242	0.01610	0.06610	0.01635	0.25890	0.47859	0.00683	0.01038	0.00679	0.05743	0.00434
17	0.72355	0.01042	0.00890	0.04868	0.01220	0.01192	0.00657	0.04190	0.01018	0.07298	0.00866	0.00977	0.00648	0.00516	0.00363	0.00167	0.00440	0.00323	0.00356	0.00615
18	0.05750	0.32564	0.03639	0.03506	0.01787	0.03058	0.19193	0.01639	0.01123	0.06449	0.02203	0.01195	0.00832	0.00570	0.00684	0.00161	0.14243	0.00439	0.00281	0.00684
19	0.01216	0.15907	0.15591	0.31077	0.02632	0.06068	0.12093	0.03582	0.01197	0.01538	0.03568	0.01335	0.00872	0.00529	0.00511	0.00163	0.00727	0.00460	0.00262	0.00673

[dist]
# distance from previous block
# <min> <max>
0	2

[block]
# block no. 2 follows, 45 sequences, length 16
# corresponding to MSA columns:
# 120-135
name=unknown_C
#
# <colnr> <probs for GDERKNQSTAVLIFYWHMCP>
#	G	D	E	R	K	N	Q	S	T	A	V	L	I	F	Y	W	H	M	C	P
0	0.01659	0.17637	0.01864	0.03658	0.01687	0.32751	0.07831	0.09596	0.05829	0.03332	0.01124	0.06072	0.00973	0.00629	0.00534	0.00152	0.03188	0.00475	0.00330	0.00681
1	0.03982	0.00971	0.01194	0.00921	0.01325	0.00864	0.00746	0.11529	0.01483	0.37920	0.01693	0.07572	0.01267	0.00656	0.00503	0.00144	0.00444	0.00536	0.00523	0.25728
2	0.01443	0.01815	0.20550	0.01583	0.06201	0.13380	0.15650	0.02157	0.22195	0.07483	0.01393	0.01471	0.01031	0.00576	0.00543	0.00170	0.00706	0.00508	0.00366	0.00781
3	0.00771	0.00559	0.00780	0.00780	0.00848	0.00626	0.00568	0.00906	0.00838	0.01185	0.01513	0.02526	0.01523	0.26919	0.56362	0.00761	0.01165	0.00636	0.00299	0.00434
4	0.01236	0.00655	0.00797	0.00713	0.00937	0.00569	0.00543	0.01388	0.01289	0.26562	0.08294	0.12494	0.33978	0.07132	0.00766	0.00205	0.00354	0.00947	0.00546	0.00596
5	0.00654	0.00467	0.00623	0.00747	0.00779	0.00436	0.00498	0.00747	0.01028	0.01370	0.02959	0.80785	0.03550	0.01682	0.00685	0.00218	0.00311	0.01526	0.00498	0.00436
6	0.01308	0.01633	0.08806	0.02140	0.02683	0.07168	0.64570	0.01750	0.01276	0.01688	0.01057	0.01388	0.00795	0.00464	0.00613	0.00177	0.00901	0.00594	0.00268	0.00722
7	0.01114	0.01174	0.07398	0.07337	0.44417	0.01062	0.01316	0.01464	0.04563	0.01667	0.02089	0.04983	0.17687	0.00730	0.00559	0.00169	0.00554	0.00657	0.00332	0.00728
8	0.00676	0.00467	0.00629	0.00744	0.00772	0.00438	0.00496	0.00744	0.01002	0.01336	0.02798	0.74510	0.03343	0.01696	0.00797	0.06890	0.00324	0.01442	0.00477	0.00420
9	0.00893	0.00781	0.00795	0.00810	0.00964	0.05553	0.00589	0.01336	0.18949	0.01595	0.03349	0.35750	0.23983	0.01295	0.00625	0.00194	0.00368	0.01124	0.00496	0.00550
10	0.01239	0.00763	0.00925	0.00805	0.01050	0.00731	0.00628	0.03285	0.14027	0.18709	0.34532	0.03196	0.13186	0.00943	0.00588	0.00169	0.00341	0.00805	0.00577	0.03500
11	0.01276	0.00684	0.00902	0.00872	0.01054	0.00643	0.00670	0.06038	0.01311	0.23445	0.04599	0.39797	0.02722	0.01281	0.00642	0.00203	0.00397	0.12300	0.00550	0.00613
12	0.12878	0.01052	0.01234	0.01013	0.01347	0.01094	0.04059	0.18241	0.12773	0.22432	0.01903	0.02147	0.05365	0.06891	0.00701	0.00201	0.00493	0.04907	0.00512	0.00757
13	0.03616	0.07259	0.01861	0.36579	0.12932	0.07947	0.08022	0.07481	0.01276	0.03918	0.01003	0.01311	0.00771	0.00524	0.00516	0.00163	0.00697	0.00458	0.00289	0.03377
14	0.04072	0.01094	0.01387	0.01134	0.01442	0.04485	0.07855	0.11250	0.10972	0.22552	0.07767	0.02304	0.07396	0.00804	0.00685	0.00181	0.08179	0.05200	0.00500	0.00741
15	0.01400	0.09846	0.06097	0.01038	0.01421	0.07113	0.00898	0.07346	0.03311	0.08572	0.01120	0.03909	0.00930	0.00594	0.00633	0.00137	0.11639	0.00425	0.00349	0.33221

[dist]
# distance from previous block
# <min> <max>
1	13

[block]
# block no. 3 follows, 45 sequences, length 12
# corresponding to MSA columns:
# 149-160
name=unknown_D
#
# <colnr> <probs for GDERKNQSTAVLIFYWHMCP>
#	G	D	E	R	K	N	Q	S	T	A	V	L	I	F	Y	W	H	M	C	P
0	0.20278	0.01358	0.14943	0.04282	0.04454	0.01117	0.09979	0.04043	0.06501	0.09517	0.02791	0.04317	0.01114	0.00626	0.00527	0.00169	0.02220	0.03430	0.00369	0.07965
1	0.19320	0.08400	0.13840	0.05530	0.01751	0.06058	0.08802	0.04464	0.06566	0.01843	0.00975	0.01162	0.00769	0.00552	0.00585	0.00161	0.08494	0.00407	0.00304	0.10017
2	0.01714	0.09322	0.01529	0.01117	0.01495	0.01491	0.00916	0.30767	0.33834	0.09526	0.01691	0.01598	0.01237	0.00663	0.00522	0.00166	0.00506	0.00521	0.00522	0.00864
3	0.01442	0.45947	0.02275	0.01200	0.06444	0.09571	0.05057	0.07109	0.04964	0.01551	0.01303	0.01477	0.06517	0.00590	0.00443	0.00139	0.00606	0.02365	0.00304	0.00696
4	0.00692	0.00506	0.00596	0.00645	0.00708	0.00469	0.00424	0.00775	0.01023	0.01325	0.06489	0.35400	0.21411	0.25547	0.01288	0.00298	0.00362	0.01179	0.00450	0.00410
5	0.00657	0.00475	0.00621	0.00731	0.00776	0.00440	0.00493	0.00759	0.01060	0.01406	0.06059	0.72817	0.08447	0.01638	0.00680	0.00214	0.00307	0.01478	0.00502	0.00440
6	0.01122	0.00936	0.01279	0.22431	0.04648	0.01052	0.02290	0.11296	0.12309	0.01958	0.17621	0.08581	0.03444	0.00863	0.00633	0.00183	0.03681	0.04589	0.00436	0.00646
7	0.01238	0.14218	0.10411	0.01803	0.13793	0.04763	0.26013	0.01568	0.01187	0.01587	0.01262	0.06866	0.03746	0.00598	0.00575	0.00162	0.03180	0.00570	0.00285	0.06176
8	0.00828	0.00533	0.00791	0.00791	0.00848	0.00590	0.00581	0.00856	0.00799	0.01122	0.01263	0.01992	0.01217	0.06461	0.47585	0.31504	0.01043	0.00544	0.00269	0.00382
9	0.01879	0.00856	0.01113	0.00925	0.01260	0.00782	0.00762	0.04979	0.05410	0.49919	0.04842	0.02842	0.09864	0.00871	0.00582	0.00180	0.00440	0.11098	0.00609	0.00789
10	0.03570	0.05665	0.01794	0.08863	0.25674	0.20955	0.03844	0.10852	0.06923	0.01817	0.01139	0.04433	0.00955	0.00587	0.00517	0.00159	0.00695	0.00488	0.00329	0.00742
11	0.01332	0.01052	0.01150	0.00990	0.01234	0.04190	0.00780	0.29561	0.06874	0.02285	0.12903	0.09167	0.08585	0.03195	0.10895	0.00272	0.03660	0.00724	0.00479	0.00673

[dist]
# distance from previous block
# <min> <max>
2	8

[block]
# block no. 4 follows, 45 sequences, length 76
# corresponding to MSA columns:
# 169-244
name=unknown_E
#
# <colnr> <probs for GDERKNQSTAVLIFYWHMCP>
#	G	D	E	R	K	N	Q	S	T	A	V	L	I	F	Y	W	H	M	C	P
0	0.05854	0.08964	0.17896	0.07343	0.01894	0.09217	0.06779	0.12124	0.10140	0.04469	0.01166	0.01324	0.00892	0.00765	0.04740	0.00203	0.04702	0.00454	0.00340	0.00735
1	0.06266	0.09763	0.07047	0.13056	0.05900	0.17846	0.01104	0.06581	0.17009	0.04904	0.01233	0.01382	0.00961	0.02356	0.00568	0.00169	0.02334	0.00450	0.00353	0.00717
2	0.00932	0.00466	0.00699	0.00699	0.00699	0.00466	0.00466	0.00699	0.00699	0.00932	0.00932	0.01632	0.00932	0.01865	0.02098	0.84382	0.00466	0.00466	0.00233	0.00233
3	0.01115	0.03698	0.18838	0.39430	0.14245	0.01269	0.09255	0.01526	0.01124	0.01532	0.00967	0.01331	0.00737	0.00519	0.00558	0.00174	0.02276	0.00470	0.00243	0.00693
4	0.09263	0.09032	0.13542	0.11427	0.06995	0.11407	0.04492	0.08033	0.01316	0.05930	0.03357	0.06289	0.01181	0.00670	0.00516	0.00167	0.00648	0.04707	0.00342	0.00687
5	0.07529	0.01752	0.25586	0.02465	0.01815	0.07739	0.07639	0.01649	0.01088	0.08162	0.00986	0.01243	0.00776	0.00796	0.04093	0.00216	0.25044	0.00448	0.00285	0.00689
6	0.00661	0.00484	0.00620	0.00721	0.00777	0.00446	0.00493	0.00766	0.01068	0.01400	0.04963	0.65528	0.13885	0.02736	0.00707	0.00217	0.00312	0.03278	0.00498	0.00440
7	0.00699	0.00513	0.00655	0.00689	0.00782	0.00470	0.00490	0.00869	0.01271	0.01729	0.36450	0.37014	0.13623	0.01381	0.00656	0.00191	0.00281	0.01229	0.00540	0.00470
8	0.01077	0.02777	0.78354	0.01530	0.02323	0.01247	0.01983	0.01700	0.01133	0.01700	0.00963	0.01133	0.00680	0.00510	0.00510	0.00170	0.00793	0.00397	0.00227	0.00793
9	0.07389	0.00958	0.01217	0.00949	0.01339	0.00888	0.00780	0.10366	0.01603	0.59673	0.07575	0.01872	0.01516	0.00684	0.00534	0.00166	0.00453	0.00550	0.00624	0.00862
10	0.00654	0.00467	0.00623	0.00747	0.00779	0.00436	0.00498	0.00747	0.01028	0.01370	0.02959	0.80785	0.03550	0.01682	0.00685	0.00218	0.00311	0.01526	0.00498	0.00436
11	0.01485	0.00874	0.01001	0.00869	0.01135	0.00920	0.00687	0.07910	0.23626	0.19658	0.01900	0.01915	0.01403	0.00959	0.07251	0.00218	0.00478	0.00546	0.26438	0.00729
12	0.00647	0.00540	0.00549	0.00552	0.00714	0.00459	0.00403	0.00771	0.01181	0.01413	0.05055	0.06867	0.69249	0.08240	0.00816	0.00211	0.00294	0.01112	0.00484	0.00442
13	0.00694	0.00548	0.00632	0.00655	0.00802	0.00486	0.00503	0.00864	0.01260	0.01595	0.18152	0.12670	0.45667	0.01362	0.00655	0.00192	0.00305	0.11976	0.00515	0.00467
14	0.23942	0.04821	0.20824	0.05732	0.08581	0.09795	0.14067	0.03239	0.01171	0.01858	0.00913	0.01124	0.00700	0.00501	0.00478	0.00165	0.00699	0.00412	0.00279	0.00698
15	0.02105	0.01078	0.01743	0.01295	0.01743	0.00977	0.19462	0.06295	0.01522	0.55176	0.01817	0.01704	0.01179	0.00611	0.00563	0.00170	0.00575	0.00560	0.00560	0.00866
16	0.01446	0.01612	0.01704	0.34168	0.19410	0.29637	0.01360	0.01715	0.01270	0.01435	0.00921	0.01239	0.00737	0.00530	0.00516	0.00160	0.00791	0.00429	0.00258	0.00662
17	0.01055	0.01020	0.01828	0.23046	0.14219	0.01063	0.20492	0.01430	0.05460	0.01571	0.01579	0.21700	0.01538	0.00809	0.00599	0.00187	0.00633	0.00793	0.00335	0.00643
18	0.00798	0.00538	0.00684	0.00681	0.00799	0.00494	0.00498	0.00999	0.01347	0.04633	0.45218	0.22993	0.10565	0.01220	0.00626	0.00179	0.00276	0.01077	0.05876	0.00499
19	0.00652	0.00475	0.00615	0.00727	0.00773	0.00438	0.00489	0.00750	0.01048	0.01378	0.03210	0.73114	0.11059	0.01649	0.00680	0.00214	0.00307	0.01486	0.00498	0.00438
20	0.00897	0.00786	0.01240	0.44237	0.06454	0.00904	0.01084	0.01142	0.01052	0.01367	0.01772	0.22563	0.05454	0.07819	0.00769	0.00218	0.00566	0.00811	0.00329	0.00537
21	0.01200	0.01310	0.08540	0.31435	0.41050	0.02526	0.03138	0.01559	0.01165	0.01600	0.00984	0.01346	0.00782	0.00503	0.00533	0.00168	0.00691	0.00472	0.00253	0.00745
22	0.01018	0.00559	0.00740	0.00767	0.00884	0.00512	0.00547	0.01153	0.01159	0.16164	0.06977	0.56265	0.03073	0.01386	0.00635	0.00199	0.00332	0.01240	0.05855	0.00536
23	0.84927	0.01038	0.00789	0.00706	0.01038	0.01204	0.00581	0.01578	0.00914	0.02408	0.00747	0.00872	0.00581	0.00498	0.00332	0.00166	0.00415	0.00291	0.00332	0.00581
24	0.00763	0.00508	0.00597	0.00626	0.00644	0.00504	0.00378	0.00805	0.00861	0.01179	0.01986	0.21559	0.02278	0.55706	0.04240	0.00436	0.00481	0.00934	0.05149	0.00366
25	0.01433	0.28106	0.05952	0.17210	0.01902	0.17132	0.01070	0.07494	0.01299	0.01575	0.02923	0.01234	0.00885	0.00550	0.00468	0.00143	0.01898	0.00398	0.07671	0.00657
26	0.01076	0.23524	0.01298	0.00758	0.00917	0.00944	0.00601	0.01020	0.00897	0.03242	0.01408	0.05931	0.07616	0.01378	0.01355	0.46341	0.00472	0.00531	0.00281	0.00411
27	0.01438	0.20587	0.17501	0.03134	0.01984	0.07441	0.18976	0.09022	0.01335	0.06231	0.01094	0.03895	0.00877	0.00555	0.00526	0.00157	0.01951	0.00480	0.00310	0.02505
28	0.01191	0.10998	0.65956	0.01432	0.02169	0.01313	0.01802	0.01742	0.01152	0.06019	0.01006	0.01144	0.00718	0.00513	0.00494	0.00164	0.00751	0.00393	0.00252	0.00789
29	0.00653	0.00470	0.00620	0.00741	0.00777	0.00437	0.00495	0.00748	0.01034	0.01373	0.03043	0.78221	0.06060	0.01671	0.00683	0.00217	0.00310	0.01513	0.00498	0.00437
30	0.01024	0.00975	0.01564	0.46509	0.03830	0.01199	0.05231	0.01341	0.02948	0.01402	0.01359	0.01756	0.07400	0.00877	0.05140	0.00228	0.15802	0.00549	0.00273	0.00593
31	0.10425	0.12611	0.05456	0.01025	0.01268	0.01087	0.05424	0.04508	0.01136	0.04891	0.02829	0.25095	0.02989	0.01071	0.01903	0.00201	0.09113	0.07986	0.00390	0.00590
32	0.01149	0.01126	0.01752	0.08510	0.16299	0.01358	0.08477	0.01432	0.05038	0.01493	0.01282	0.06056	0.05070	0.00823	0.01124	0.00204	0.37277	0.00591	0.00290	0.00650
33	0.00770	0.00561	0.00792	0.00792	0.00864	0.00633	0.00583	0.00913	0.00842	0.01194	0.01502	0.02466	0.01497	0.23653	0.59593	0.00776	0.01204	0.00627	0.00297	0.00440
34	0.00712	0.00521	0.00684	0.00758	0.00785	0.00530	0.00511	0.00795	0.00960	0.01296	0.02509	0.57258	0.02967	0.16995	0.05607	0.00314	0.04661	0.01273	0.00439	0.00425
35	0.01113	0.00954	0.01113	0.00795	0.01272	0.00716	0.00636	0.01352	0.01113	0.01749	0.00954	0.01113	0.00795	0.00398	0.00398	0.00080	0.00398	0.00318	0.00318	0.84417
36	0.01230	0.01199	0.01869	0.17684	0.02117	0.01509	0.12715	0.07810	0.01089	0.01554	0.00865	0.01279	0.00742	0.00756	0.01230	0.00209	0.44739	0.00498	0.00267	0.00638
37	0.00959	0.00777	0.00845	0.00775	0.00992	0.00789	0.00596	0.07824	0.20195	0.01975	0.20867	0.05724	0.33420	0.01089	0.00605	0.00178	0.00334	0.00919	0.00535	0.00603
38	0.16315	0.05204	0.01177	0.02548	0.01269	0.02142	0.02527	0.01878	0.05543	0.29879	0.03390	0.05628	0.03010	0.07597	0.00680	0.00189	0.00462	0.00552	0.00472	0.09537
39	0.14536	0.02280	0.57579	0.01334	0.01985	0.01199	0.01624	0.03208	0.01104	0.01811	0.00976	0.01179	0.00726	0.00814	0.07245	0.00229	0.00784	0.00397	0.00256	0.00735
40	0.00667	0.00514	0.00600	0.00642	0.00749	0.00458	0.00452	0.00796	0.01167	0.01497	0.14418	0.33662	0.35227	0.05687	0.00765	0.00212	0.00298	0.01241	0.00502	0.00447
41	0.01915	0.01374	0.08026	0.02831	0.01619	0.03423	0.01007	0.28329	0.16417	0.26815	0.01679	0.01580	0.01156	0.00651	0.00536	0.00167	0.00546	0.00514	0.00539	0.00876
42	0.00888	0.00660	0.00798	0.00786	0.00916	0.00664	0.00573	0.09160	0.06137	0.01838	0.22888	0.32589	0.08849	0.05582	0.04900	0.00243	0.00401	0.01086	0.00510	0.00531
43	0.01268	0.01326	0.01538	0.01426	0.05727	0.13901	0.01092	0.01393	0.00958	0.01303	0.00871	0.02582	0.00866	0.06940	0.03689	0.00254	0.53537	0.00493	0.00256	0.00583
44	0.00705	0.00547	0.00642	0.00618	0.00769	0.00483	0.00464	0.00907	0.01391	0.01847	0.46169	0.04512	0.36590	0.01211	0.00634	0.00174	0.00261	0.01041	0.00551	0.00483
45	0.01174	0.01174	0.01644	0.01409	0.01409	0.01644	0.01174	0.01292	0.00822	0.01292	0.00705	0.01174	0.00705	0.00940	0.01762	0.00235	0.80153	0.00470	0.00235	0.00587
46	0.08334	0.00961	0.01085	0.00787	0.01252	0.00758	0.00631	0.01371	0.01096	0.01806	0.00936	0.01092	0.00777	0.00406	0.00392	0.00087	0.00399	0.00316	0.00319	0.77194
47	0.00828	0.00697	0.00759	0.00838	0.00934	0.07254	0.00628	0.00977	0.01172	0.01482	0.07727	0.43177	0.10420	0.01467	0.00674	0.00212	0.00406	0.19393	0.00484	0.00473
48	0.00663	0.00474	0.00631	0.00741	0.00781	0.00442	0.00499	0.00770	0.01070	0.01438	0.09381	0.74171	0.03681	0.01631	0.00681	0.00214	0.00306	0.01478	0.00506	0.00442
49	0.01329	0.01275	0.02179	0.03295	0.77787	0.01275	0.01647	0.01647	0.01222	0.01754	0.01010	0.01329	0.00850	0.00478	0.00531	0.00159	0.00638	0.00478	0.00266	0.00850
50	0.27844	0.01038	0.01151	0.07698	0.01474	0.01094	0.00801	0.15230	0.02515	0.27681	0.03247	0.01625	0.05107	0.00645	0.00481	0.00167	0.00475	0.00488	0.00489	0.00748
51	0.00664	0.00474	0.00634	0.00758	0.00794	0.00444	0.00515	0.00764	0.01037	0.01381	0.02953	0.77383	0.03529	0.01673	0.00688	0.00219	0.00320	0.04833	0.00498	0.00439
52	0.00768	0.00568	0.00850	0.00854	0.00945	0.00657	0.00659	0.00944	0.00863	0.01240	0.01471	0.04649	0.01401	0.03882	0.74070	0.03442	0.01371	0.00603	0.00293	0.00470
53	0.01147	0.01097	0.01605	0.18279	0.20433	0.03677	0.02865	0.01502	0.07683	0.01575	0.05552	0.06724	0.03157	0.00775	0.00860	0.00190	0.20299	0.01599	0.00319	0.00661
54	0.00717	0.00543	0.00623	0.00654	0.00764	0.00498	0.00477	0.00838	0.01109	0.01397	0.06899	0.12229	0.35949	0.21236	0.01179	0.00280	0.00374	0.13346	0.00459	0.00429
55	0.01077	0.00542	0.00556	0.00536	0.00680	0.00542	0.00407	0.03374	0.01178	0.04622	0.01751	0.01976	0.01361	0.00627	0.00385	0.00127	0.00267	0.00501	0.78963	0.00526
56	0.01085	0.04549	0.76652	0.01516	0.02302	0.01266	0.01959	0.01698	0.01132	0.01690	0.00958	0.01127	0.00680	0.00509	0.00506	0.00169	0.00788	0.00394	0.00227	0.00791
57	0.01149	0.09676	0.17230	0.34143	0.11689	0.01336	0.14204	0.01552	0.01137	0.01529	0.00964	0.01305	0.00738	0.00502	0.00528	0.00169	0.00740	0.00468	0.00244	0.00696
58	0.00703	0.00502	0.00679	0.00803	0.00856	0.00478	0.00583	0.00832	0.01076	0.01425	0.02932	0.63457	0.03443	0.01636	0.00698	0.00225	0.00354	0.18371	0.00497	0.00450
59	0.01469	0.15241	0.03346	0.01337	0.09057	0.03363	0.03075	0.14813	0.33985	0.02145	0.01511	0.01510	0.01161	0.00608	0.00500	0.00158	0.00533	0.00492	0.00429	0.05266
60	0.01118	0.20843	0.03128	0.10964	0.01455	0.01065	0.00808	0.01365	0.03133	0.07233	0.11881	0.14732	0.08094	0.00856	0.00521	0.00157	0.00454	0.01900	0.00398	0.09894
61	0.04295	0.07703	0.08836	0.01347	0.11844	0.05210	0.01038	0.02186	0.04912	0.40095	0.04268	0.01613	0.01227	0.00621	0.00542	0.00162	0.02291	0.00497	0.00486	0.00826
62	0.07907	0.03810	0.10286	0.01789	0.03851	0.07367	0.40807	0.01910	0.11258	0.03923	0.01190	0.01398	0.00893	0.00513	0.00561	0.00173	0.00769	0.00541	0.00318	0.00736
63	0.04648	0.01088	0.01304	0.06886	0.01556	0.01124	0.00873	0.27730	0.04752	0.32431	0.03767	0.01663	0.01235	0.00654	0.00521	0.00162	0.00496	0.00519	0.07760	0.00829
64	0.39260	0.10553	0.01426	0.09675	0.03238	0.03947	0.06364	0.07165	0.03270	0.03535	0.01119	0.01401	0.02752	0.00581	0.00438	0.00165	0.00541	0.03584	0.00341	0.00645
65	0.01157	0.01143	0.01898	0.46212	0.14061	0.03417	0.12925	0.01613	0.07658	0.01553	0.01080	0.01450	0.00829	0.00540	0.00574	0.00177	0.02254	0.00509	0.00275	0.00675
66	0.00678	0.00484	0.00647	0.00766	0.00807	0.00456	0.00530	0.00788	0.01053	0.01403	0.04477	0.70805	0.03511	0.03023	0.00725	0.00225	0.00331	0.08353	0.00497	0.00441
67	0.00861	0.00644	0.03119	0.00691	0.00876	0.00534	0.00550	0.01075	0.01381	0.08110	0.39719	0.07770	0.28712	0.01167	0.00627	0.00177	0.00301	0.02610	0.00548	0.00528
68	0.01153	0.03732	0.01344	0.01434	0.14793	0.13984	0.04866	0.05214	0.01249	0.01558	0.02071	0.32945	0.06724	0.01069	0.00637	0.00185	0.03244	0.02808	0.00392	0.00597
69	0.01209	0.22788	0.03482	0.10105	0.09263	0.03318	0.19667	0.01492	0.01100	0.01442	0.01009	0.01367	0.00859	0.01152	0.14985	0.00288	0.05081	0.00478	0.00256	0.00659
70	0.00692	0.00526	0.00641	0.00683	0.00796	0.00475	0.00502	0.00853	0.01233	0.01613	0.22439	0.30164	0.28314	0.01412	0.00660	0.00196	0.00300	0.07516	0.00521	0.00464
71	0.16518	0.01640	0.05426	0.09875	0.14348	0.21379	0.15872	0.03994	0.02933	0.01768	0.00957	0.01192	0.00751	0.00514	0.00503	0.00162	0.00745	0.00440	0.00291	0.00691
72	0.01287	0.10262	0.27863	0.07573	0.08784	0.09139	0.17297	0.01809	0.07752	0.01647	0.01062	0.01270	0.00811	0.00515	0.00523	0.00164	0.00761	0.00462	0.00273	0.00746
73	0.01461	0.09906	0.02016	0.04093	0.31626	0.07915	0.08106	0.10654	0.03478	0.03961	0.01109	0.01395	0.00909	0.00619	0.02270	0.00171	0.02355	0.02079	0.00322	0.05555
74	0.01035	0.00752	0.00948	0.05909	0.01170	0.02445	0.00703	0.07042	0.04654	0.05655	0.19691	0.13696	0.02446	0.01705	0.19139	0.00338	0.03712	0.00777	0.07614	0.00568
75	0.19952	0.02981	0.02456	0.06816	0.05717	0.01047	0.07370	0.03473	0.06104	0.23399	0.03093	0.05706	0.01189	0.00627	0.00494	0.00163	0.00506	0.00523	0.00437	0.07946

[dist]
# distance from previous block
# <min> <max>
3	14

[block]
# block no. 5 follows, 45 sequences, length 23
# corresponding to MSA columns:
# 260-282
name=unknown_F
#
# <colnr> <probs for GDERKNQSTAVLIFYWHMCP>
#	G	D	E	R	K	N	Q	S	T	A	V	L	I	F	Y	W	H	M	C	P
0	0.01011	0.12404	0.01394	0.02342	0.01260	0.03451	0.07449	0.02646	0.04215	0.01499	0.10571	0.05291	0.01806	0.06130	0.29545	0.00443	0.03309	0.04329	0.00347	0.00559
1	0.01516	0.40269	0.04230	0.04198	0.01674	0.07198	0.09582	0.01773	0.03167	0.10813	0.01013	0.01148	0.00812	0.00543	0.00557	0.00146	0.07763	0.00398	0.00303	0.02899
2	0.08919	0.01420	0.10747	0.01161	0.03355	0.10146	0.02924	0.12416	0.02588	0.07274	0.01168	0.01464	0.00955	0.06941	0.06414	0.00234	0.07619	0.00457	0.02521	0.11277
3	0.04484	0.09629	0.26845	0.01284	0.03199	0.06585	0.04355	0.07726	0.09439	0.12747	0.01408	0.06630	0.01121	0.00650	0.00516	0.00167	0.00633	0.01437	0.00379	0.00767
4	0.00870	0.00580	0.00756	0.00742	0.00830	0.00655	0.00562	0.01053	0.00937	0.01473	0.01528	0.02187	0.01389	0.12070	0.39166	0.00540	0.05663	0.00569	0.27954	0.00474
5	0.00704	0.00500	0.00668	0.00784	0.00831	0.00477	0.00558	0.00821	0.01052	0.01394	0.02849	0.60837	0.03350	0.07093	0.00837	0.00244	0.00362	0.15713	0.00486	0.00440
6	0.01077	0.02777	0.78354	0.01530	0.02323	0.01247	0.01983	0.01700	0.01133	0.01700	0.00963	0.01133	0.00680	0.00510	0.00510	0.00170	0.00793	0.00397	0.00227	0.00793
7	0.00678	0.00544	0.00609	0.00624	0.00778	0.00475	0.00474	0.00839	0.01255	0.01572	0.16749	0.11839	0.52268	0.01357	0.00649	0.00189	0.00293	0.07831	0.00513	0.00464
8	0.00940	0.00627	0.00783	0.00728	0.00818	0.00648	0.00516	0.01048	0.01048	0.08232	0.16192	0.03315	0.11013	0.36039	0.08346	0.00388	0.07655	0.00790	0.00414	0.00463
9	0.00692	0.00492	0.00656	0.00774	0.00817	0.00467	0.00543	0.00803	0.01045	0.01387	0.02873	0.65673	0.03396	0.05953	0.00804	0.00239	0.00349	0.12111	0.00488	0.00439
10	0.00673	0.00481	0.00645	0.00769	0.00808	0.00452	0.00531	0.00780	0.01046	0.01391	0.02948	0.74084	0.03509	0.01664	0.00690	0.00221	0.00328	0.08040	0.00498	0.00441
11	0.01325	0.35899	0.05371	0.06599	0.01683	0.03716	0.07485	0.05523	0.01114	0.01438	0.00876	0.01216	0.00791	0.05294	0.00875	0.00182	0.19284	0.00418	0.00258	0.00655
12	0.00831	0.00474	0.00681	0.00731	0.00748	0.00463	0.00498	0.00737	0.00842	0.01121	0.01744	0.29788	0.01965	0.01781	0.01531	0.50442	0.00413	0.04554	0.00340	0.00318
13	0.00662	0.00516	0.00604	0.00663	0.00774	0.00458	0.00478	0.00791	0.01153	0.01455	0.07226	0.37511	0.38417	0.01494	0.00662	0.00200	0.00301	0.05682	0.00502	0.00451
14	0.05670	0.01258	0.04456	0.01089	0.01427	0.04701	0.04903	0.21811	0.27618	0.02395	0.01759	0.01765	0.04135	0.00670	0.00509	0.00164	0.00500	0.00542	0.13865	0.00763
15	0.01356	0.01422	0.01745	0.34694	0.11367	0.19173	0.08121	0.06698	0.01304	0.01571	0.01071	0.05595	0.00901	0.00603	0.00563	0.00169	0.02184	0.00518	0.00288	0.00656
16	0.13747	0.10384	0.17751	0.24203	0.10417	0.08312	0.01357	0.01592	0.01109	0.01616	0.00886	0.01159	0.00697	0.00530	0.00529	0.00165	0.04217	0.00399	0.00255	0.00675
17	0.01218	0.00920	0.00992	0.04110	0.01167	0.07066	0.00699	0.08224	0.05307	0.09742	0.19710	0.05478	0.15150	0.02462	0.00694	0.00177	0.06372	0.00750	0.09156	0.00607
18	0.00643	0.00537	0.00560	0.00569	0.00734	0.00455	0.00421	0.00782	0.01223	0.01482	0.09215	0.11734	0.67058	0.01373	0.00639	0.00184	0.00274	0.01158	0.00504	0.00455
19	0.01401	0.01398	0.04703	0.25343	0.11726	0.13625	0.10956	0.08097	0.02994	0.06426	0.01301	0.05536	0.02867	0.00621	0.00550	0.00170	0.00709	0.00551	0.00331	0.00697
20	0.00651	0.00481	0.00609	0.00711	0.00769	0.00439	0.00482	0.00752	0.01063	0.01385	0.03401	0.67289	0.16761	0.01624	0.00676	0.00211	0.00304	0.01456	0.00498	0.00439
21	0.77417	0.01050	0.00866	0.00769	0.01071	0.01244	0.00635	0.01552	0.00905	0.02308	0.00744	0.00899	0.00592	0.00538	0.00460	0.00172	0.07565	0.00307	0.00323	0.00582
22	0.01600	0.38285	0.02034	0.01038	0.01425	0.06211	0.00917	0.25928	0.01597	0.03942	0.01242	0.08129	0.01125	0.00678	0.00466	0.00147	0.00574	0.03548	0.00378	0.00734

[dist]
# distance from previous block
# <min> <max>
0	5

[block]
# block no. 6 follows, 45 sequences, length 33
# corresponding to MSA columns:
# 288-320
name=unknown_G
#
# <colnr> <probs for GDERKNQSTAVLIFYWHMCP>
#	G	D	E	R	K	N	Q	S	T	A	V	L	I	F	Y	W	H	M	C	P
0	0.53282	0.01363	0.17603	0.00915	0.01322	0.01129	0.02471	0.01561	0.00998	0.04510	0.03410	0.01274	0.00881	0.06667	0.00576	0.00194	0.00511	0.00388	0.00326	0.00619
1	0.01812	0.07210	0.01356	0.00980	0.01336	0.01208	0.00810	0.31557	0.06011	0.21688	0.04768	0.01670	0.01295	0.00656	0.00499	0.00154	0.00473	0.00513	0.15200	0.00803
2	0.07895	0.53033	0.02431	0.01106	0.01526	0.17278	0.07102	0.01721	0.01177	0.01398	0.00791	0.00932	0.00692	0.00480	0.00395	0.00129	0.00668	0.00328	0.00250	0.00670
3	0.00723	0.00529	0.00666	0.00676	0.00778	0.00487	0.00488	0.00905	0.01303	0.01779	0.42844	0.21715	0.14249	0.07374	0.00808	0.00211	0.00296	0.03165	0.00534	0.00469
4	0.01141	0.13794	0.07150	0.01440	0.01812	0.01209	0.29230	0.06149	0.01254	0.01678	0.05717	0.22091	0.01735	0.00834	0.00609	0.00179	0.02176	0.00801	0.00355	0.00646
5	0.01143	0.00972	0.01029	0.01088	0.07407	0.11750	0.00744	0.01417	0.06804	0.07383	0.12965	0.28336	0.04679	0.01076	0.00595	0.00178	0.00457	0.04541	0.00463	0.06974
6	0.00663	0.00474	0.00631	0.00741	0.00781	0.00442	0.00499	0.00769	0.01068	0.01435	0.09113	0.74446	0.03675	0.01633	0.00681	0.00214	0.00307	0.01480	0.00506	0.00442
7	0.00867	0.00724	0.00803	0.00828	0.04122	0.00710	0.00587	0.04794	0.15592	0.01693	0.04048	0.16095	0.44679	0.01219	0.00617	0.00185	0.00338	0.01036	0.00500	0.00564
8	0.01568	0.02092	0.49149	0.01322	0.01973	0.01105	0.01539	0.04675	0.01321	0.27994	0.01371	0.01377	0.00911	0.00568	0.00521	0.00168	0.00671	0.00449	0.00388	0.00839
9	0.01308	0.00734	0.01020	0.00907	0.01073	0.00789	0.00707	0.01466	0.01048	0.24399	0.01603	0.02143	0.01364	0.14786	0.34966	0.00531	0.09572	0.00585	0.00401	0.00598
10	0.02953	0.00519	0.00580	0.00602	0.00643	0.00517	0.00376	0.00894	0.00905	0.01343	0.01927	0.18177	0.02106	0.46538	0.01773	0.00369	0.00420	0.00854	0.18114	0.00390
11	0.01329	0.01275	0.02179	0.03295	0.77787	0.01275	0.01647	0.01647	0.01222	0.01754	0.01010	0.01329	0.00850	0.00478	0.00531	0.00159	0.00638	0.00478	0.00266	0.00850
12	0.05607	0.00905	0.04361	0.00965	0.01207	0.00824	0.09042	0.07592	0.01227	0.16546	0.07927	0.06082	0.01838	0.30886	0.01377	0.00304	0.00531	0.01758	0.00431	0.00588
13	0.01674	0.01921	0.01323	0.01254	0.03586	0.51698	0.00927	0.01897	0.04897	0.04494	0.07366	0.04399	0.05589	0.00800	0.02032	0.00169	0.00783	0.04215	0.00359	0.00617
14	0.04442	0.39122	0.38914	0.01213	0.01824	0.03205	0.01418	0.01661	0.01113	0.01517	0.00852	0.00994	0.00681	0.00487	0.00426	0.00144	0.00681	0.00341	0.00233	0.00734
15	0.00750	0.00545	0.00755	0.03842	0.01020	0.00536	0.00680	0.00914	0.01111	0.01463	0.02837	0.48443	0.03262	0.01560	0.00702	0.00228	0.00399	0.30000	0.00487	0.00465
16	0.01296	0.33588	0.07878	0.01226	0.04655	0.06003	0.07457	0.03607	0.01126	0.03140	0.01014	0.01293	0.00877	0.01273	0.17355	0.00298	0.05376	0.00423	0.01453	0.00661
17	0.07881	0.20519	0.15744	0.01092	0.01574	0.01424	0.01069	0.18982	0.02917	0.19591	0.03408	0.01341	0.01018	0.00584	0.00475	0.00154	0.00568	0.00436	0.00423	0.00801
18	0.00891	0.01205	0.19522	0.01189	0.01491	0.00825	0.12770	0.01174	0.01084	0.01493	0.02059	0.32574	0.03823	0.07765	0.01989	0.00237	0.02326	0.06643	0.00374	0.00566
19	0.04297	0.01172	0.01647	0.01905	0.30678	0.01193	0.01158	0.20037	0.01583	0.21911	0.01392	0.01498	0.01022	0.00861	0.07008	0.00220	0.00639	0.00498	0.00439	0.00843
20	0.01396	0.31694	0.11613	0.01394	0.13078	0.01539	0.01126	0.01946	0.17761	0.07570	0.01269	0.01351	0.01002	0.00714	0.04213	0.00183	0.00611	0.00433	0.00341	0.00769
21	0.00803	0.00608	0.00785	0.00924	0.07124	0.00602	0.00564	0.01003	0.06768	0.01401	0.05130	0.39030	0.05843	0.25421	0.01275	0.00298	0.00406	0.01109	0.00434	0.00472
22	0.00675	0.00475	0.00609	0.00716	0.00765	0.00441	0.00484	0.00781	0.01049	0.01417	0.03070	0.69988	0.09050	0.01590	0.00661	0.00209	0.00305	0.01430	0.05844	0.00441
23	0.01151	0.04400	0.01357	0.01568	0.24179	0.06341	0.00944	0.07091	0.07601	0.01809	0.10585	0.06384	0.22653	0.00881	0.00568	0.00168	0.00479	0.00754	0.00419	0.00667
24	0.08147	0.21418	0.12678	0.01429	0.08012	0.12525	0.07582	0.16781	0.01470	0.03791	0.00982	0.01114	0.00764	0.00526	0.00470	0.00150	0.00682	0.00402	0.00323	0.00753
25	0.01164	0.00899	0.00968	0.00879	0.01127	0.00962	0.00672	0.02043	0.42031	0.07711	0.05327	0.03032	0.22304	0.07544	0.00753	0.00208	0.00388	0.00770	0.00525	0.00693
26	0.00920	0.00787	0.05708	0.00753	0.00980	0.00650	0.00624	0.03506	0.07588	0.06936	0.24547	0.09740	0.32939	0.01135	0.00613	0.00178	0.00338	0.00967	0.00523	0.00566
27	0.01771	0.07602	0.05054	0.01225	0.01565	0.36003	0.03275	0.13288	0.04055	0.09469	0.06919	0.03842	0.02298	0.00658	0.00515	0.00152	0.00720	0.00495	0.00391	0.00703
28	0.01550	0.01440	0.01751	0.01415	0.01675	0.12204	0.12166	0.17831	0.07670	0.05175	0.01127	0.01339	0.00893	0.00709	0.00947	0.00186	0.27177	0.00495	0.03537	0.00715
29	0.02881	0.01570	0.01267	0.01235	0.07105	0.32499	0.00852	0.13441	0.01409	0.01641	0.01197	0.01789	0.01116	0.21121	0.06027	0.00286	0.00770	0.00506	0.02691	0.00598
30	0.01842	0.03604	0.01245	0.01042	0.01329	0.24358	0.00805	0.04662	0.02774	0.31683	0.01797	0.15888	0.01537	0.04168	0.00635	0.00181	0.00595	0.00662	0.00484	0.00707
31	0.11101	0.11646	0.08941	0.15791	0.05928	0.05198	0.01933	0.09845	0.03445	0.03129	0.04928	0.02568	0.01073	0.00580	0.00471	0.00153	0.00571	0.00456	0.06715	0.05529
32	0.03862	0.13721	0.11196	0.10508	0.03932	0.11250	0.01144	0.08255	0.07241	0.10394	0.04038	0.01378	0.01027	0.00624	0.00627	0.00165	0.09108	0.00452	0.00355	0.00724

[dist]
# distance from previous block
# <min> <max>
15	75

[block]
# block no. 7 follows, 45 sequences, length 48
# corresponding to MSA columns:
# 397-444
name=unknown_H
#
# <colnr> <probs for GDERKNQSTAVLIFYWHMCP>
#	G	D	E	R	K	N	Q	S	T	A	V	L	I	F	Y	W	H	M	C	P
0	0.01434	0.08205	0.04419	0.01481	0.17157	0.06056	0.02700	0.04197	0.08509	0.11548	0.01482	0.01560	0.05512	0.00578	0.00517	0.00142	0.02316	0.00474	0.00375	0.21337
1	0.03815	0.02897	0.07352	0.04413	0.03445	0.07949	0.00941	0.19267	0.06723	0.12354	0.10489	0.09619	0.01713	0.00833	0.02138	0.00179	0.00553	0.00627	0.00464	0.04227
2	0.01492	0.03118	0.05437	0.01200	0.04992	0.09438	0.05707	0.14702	0.06994	0.12118	0.13087	0.05607	0.03169	0.00742	0.00546	0.00161	0.00541	0.02106	0.02850	0.05992
3	0.03160	0.03143	0.08129	0.11153	0.03174	0.02422	0.06333	0.09411	0.07716	0.06928	0.11658	0.06161	0.04107	0.00798	0.00563	0.00174	0.00534	0.07462	0.02226	0.04751
4	0.03296	0.02386	0.02758	0.06111	0.05022	0.02787	0.08308	0.09515	0.06597	0.16750	0.05664	0.04306	0.06426	0.00891	0.02971	0.00199	0.04939	0.07087	0.01632	0.02355
5	0.01444	0.03490	0.07478	0.01345	0.08265	0.02849	0.08305	0.18956	0.10089	0.06651	0.03163	0.03823	0.01202	0.02134	0.02335	0.00177	0.00575	0.00532	0.07571	0.09616
6	0.01402	0.12970	0.18327	0.07388	0.03796	0.05210	0.06647	0.12826	0.08663	0.06428	0.04432	0.03204	0.03377	0.00623	0.00516	0.00161	0.00628	0.00513	0.00368	0.02523
7	0.01159	0.10445	0.02777	0.02696	0.03070	0.01067	0.10682	0.11680	0.06466	0.03237	0.02144	0.13950	0.11887	0.12318	0.00876	0.00222	0.00523	0.02088	0.00405	0.02310
8	0.01362	0.22073	0.01757	0.22604	0.02011	0.08268	0.01033	0.11953	0.07827	0.01772	0.05641	0.01499	0.02790	0.00595	0.00480	0.00150	0.00596	0.00463	0.01938	0.05187
9	0.01256	0.09035	0.08228	0.14332	0.03387	0.01215	0.01048	0.07608	0.08927	0.06184	0.01557	0.03739	0.06415	0.00702	0.00660	0.00166	0.10397	0.01637	0.04226	0.09282
10	0.06318	0.02799	0.09754	0.05632	0.07882	0.03522	0.02334	0.10743	0.09781	0.03636	0.01988	0.23037	0.06755	0.00923	0.00562	0.00179	0.00508	0.00792	0.00417	0.02438
11	0.01492	0.06659	0.31879	0.01353	0.01848	0.32273	0.01366	0.04092	0.04804	0.01590	0.01117	0.01327	0.02526	0.00582	0.00500	0.00155	0.00798	0.02503	0.00287	0.02847
12	0.04902	0.01022	0.01332	0.18386	0.06774	0.03258	0.00983	0.13429	0.01439	0.25612	0.01475	0.01637	0.01069	0.02696	0.07476	0.00233	0.00632	0.00504	0.06404	0.00738
13	0.00732	0.00539	0.00755	0.00787	0.00862	0.00579	0.00577	0.00880	0.00940	0.01305	0.04995	0.23828	0.05066	0.09963	0.44919	0.00604	0.00960	0.00889	0.00368	0.00454
14	0.01183	0.03565	0.19848	0.04520	0.05546	0.01225	0.23828	0.07673	0.02868	0.01827	0.08447	0.07439	0.01401	0.00676	0.00655	0.00178	0.06037	0.00625	0.00332	0.02124
15	0.00713	0.00526	0.00635	0.00671	0.00762	0.00486	0.00476	0.00844	0.01146	0.01503	0.18048	0.24921	0.22436	0.16676	0.01059	0.00259	0.00346	0.07571	0.00483	0.00438
16	0.01421	0.06602	0.01624	0.27373	0.02251	0.08246	0.02611	0.19179	0.11792	0.01984	0.04357	0.01485	0.01067	0.00638	0.00625	0.00171	0.06998	0.00495	0.00368	0.00712
17	0.01106	0.00992	0.01473	0.37757	0.06105	0.01076	0.02746	0.03299	0.03365	0.01556	0.00986	0.01340	0.00790	0.00596	0.00665	0.04348	0.06358	0.00438	0.00280	0.24726
18	0.01290	0.13536	0.39735	0.03743	0.13721	0.03044	0.08504	0.03438	0.01212	0.05439	0.01012	0.01195	0.00758	0.00505	0.00503	0.00161	0.00729	0.00425	0.00267	0.00781
19	0.01683	0.01676	0.01609	0.21678	0.07058	0.30892	0.03040	0.11112	0.03728	0.08419	0.01087	0.01275	0.00823	0.00580	0.00556	0.00161	0.03144	0.00441	0.00339	0.00700
20	0.02232	0.00889	0.01208	0.00953	0.01344	0.00772	0.00791	0.02444	0.01497	0.69005	0.02145	0.02177	0.01467	0.00728	0.00553	0.00171	0.00458	0.07018	0.00638	0.03512
21	0.84927	0.01038	0.00789	0.00706	0.01038	0.01204	0.00581	0.01578	0.00914	0.02408	0.00747	0.00872	0.00581	0.00498	0.00332	0.00166	0.00415	0.00291	0.00332	0.00581
22	0.00691	0.00554	0.00617	0.00619	0.00759	0.00512	0.00451	0.00846	0.02681	0.01396	0.05788	0.08190	0.49993	0.12076	0.12118	0.00324	0.00476	0.01013	0.00449	0.00449
23	0.01068	0.00604	0.00781	0.00738	0.00901	0.00549	0.00556	0.01260	0.01342	0.16803	0.32507	0.18839	0.09566	0.04492	0.00708	0.00196	0.00328	0.04378	0.03822	0.00560
24	0.00677	0.00484	0.00645	0.00743	0.00792	0.00452	0.00510	0.00800	0.01111	0.01500	0.14607	0.66558	0.03773	0.01584	0.00679	0.00211	0.00308	0.03604	0.00513	0.00449
25	0.00638	0.00529	0.00559	0.00583	0.00735	0.00450	0.00425	0.00766	0.01186	0.01435	0.04963	0.19642	0.63399	0.01421	0.00644	0.00188	0.00279	0.01208	0.00498	0.00450
26	0.00657	0.00545	0.00575	0.00567	0.00739	0.00463	0.00425	0.00814	0.01276	0.01575	0.18256	0.04960	0.64673	0.01313	0.00634	0.00179	0.00269	0.01104	0.00515	0.00463
27	0.02005	0.02558	0.01521	0.01383	0.01659	0.78980	0.01037	0.02143	0.01521	0.01314	0.00830	0.00968	0.00691	0.00553	0.00484	0.00138	0.00968	0.00346	0.00277	0.00622
28	0.01250	0.01565	0.09789	0.02198	0.02763	0.01348	0.69333	0.01718	0.01255	0.01718	0.01075	0.01420	0.00803	0.00458	0.00623	0.00180	0.00895	0.00613	0.00268	0.00730
29	0.01210	0.01172	0.01726	0.11638	0.09931	0.08682	0.19966	0.07827	0.01233	0.01589	0.01360	0.08653	0.01310	0.20062	0.01098	0.00258	0.00688	0.00668	0.00322	0.00606
30	0.01430	0.04164	0.17674	0.12918	0.10762	0.13514	0.05619	0.11573	0.13508	0.01893	0.01185	0.01342	0.00898	0.00565	0.00524	0.00165	0.00706	0.00465	0.00335	0.00762
31	0.00781	0.00520	0.00585	0.00585	0.00585	0.00520	0.00325	0.00781	0.00781	0.01041	0.01691	0.03513	0.01952	0.81135	0.02732	0.00520	0.00520	0.00781	0.00325	0.00325
32	0.01031	0.00959	0.01349	0.01197	0.01225	0.01290	0.00973	0.01162	0.00831	0.01262	0.00981	0.01600	0.00971	0.07278	0.23838	0.00433	0.52304	0.00521	0.00256	0.00539
33	0.01096	0.01198	0.08915	0.52515	0.07753	0.01195	0.12373	0.01479	0.01125	0.03215	0.01064	0.03786	0.00834	0.00556	0.00553	0.00178	0.00728	0.00525	0.00261	0.00651
34	0.01408	0.28473	0.33700	0.01367	0.04874	0.18578	0.01413	0.01765	0.01208	0.01474	0.00865	0.01016	0.00692	0.00502	0.00451	0.00145	0.00754	0.00353	0.00240	0.00724
35	0.01217	0.00904	0.01062	0.00948	0.02979	0.00916	0.00717	0.03959	0.29248	0.08958	0.28459	0.02534	0.02661	0.00798	0.00555	0.00161	0.00373	0.00682	0.00534	0.12334
36	0.06332	0.26404	0.01817	0.01118	0.01461	0.29190	0.00925	0.16017	0.01504	0.01762	0.01075	0.08021	0.00979	0.00638	0.00460	0.00144	0.00685	0.00455	0.00335	0.00680
37	0.01189	0.07644	0.17226	0.08017	0.03213	0.03969	0.02379	0.01512	0.01141	0.03189	0.00962	0.01145	0.00764	0.00451	0.00442	0.00117	0.00557	0.00360	0.00289	0.45435
38	0.01318	0.21653	0.30443	0.04976	0.08207	0.04434	0.01363	0.07015	0.01272	0.05543	0.01384	0.01491	0.07520	0.00590	0.00485	0.00155	0.00652	0.00456	0.00302	0.00741
39	0.00713	0.00490	0.00660	0.00741	0.00784	0.00470	0.00509	0.00798	0.01035	0.01397	0.10748	0.53582	0.03240	0.06118	0.04986	0.08514	0.00397	0.03934	0.00462	0.00422
40	0.01313	0.01334	0.11133	0.07928	0.30090	0.02668	0.05131	0.04837	0.08185	0.07920	0.07829	0.01890	0.04881	0.00640	0.00552	0.00169	0.00596	0.01766	0.00370	0.00768
41	0.01243	0.07659	0.20761	0.03353	0.19256	0.03317	0.03807	0.03405	0.09050	0.01691	0.02673	0.01403	0.02335	0.00627	0.00740	0.00174	0.15094	0.00476	0.00295	0.02642
42	0.00824	0.00595	0.00773	0.00813	0.00895	0.00615	0.00585	0.07443	0.01107	0.01498	0.02334	0.44824	0.02634	0.09661	0.19011	0.00392	0.00625	0.04454	0.00436	0.00480
