[name]
unknown

[dist]
# distance from previous block
# <min> <max>
0	51

[block]
# block no. 0 follows, 48 sequences, length 18
# corresponding to MSA columns:
# 54-71
name=unknown_A
#
# <colnr> <probs for GDERKNQSTAVLIFYWHMCP>
#	G	D	E	R	K	N	Q	S	T	A	V	L	I	F	Y	W	H	M	C	P
0	0.00827	0.00591	0.00827	0.00945	0.01063	0.00591	0.00827	0.01063	0.01181	0.01536	0.02717	0.05788	0.02953	0.01417	0.00709	0.00236	0.00472	0.75313	0.00472	0.00472
1	0.01971	0.01208	0.01374	0.01075	0.01464	0.01277	0.00881	0.42607	0.12572	0.27651	0.01607	0.01493	0.01098	0.00633	0.00515	0.00158	0.00501	0.00496	0.00554	0.00864
2	0.01276	0.01102	0.01160	0.01044	0.01334	0.01276	0.00812	0.02727	0.77840	0.02146	0.02088	0.01914	0.01566	0.00696	0.00522	0.00174	0.00406	0.00580	0.00522	0.00812
3	0.09087	0.01277	0.01398	0.01080	0.01480	0.01373	0.00892	0.54514	0.02078	0.19609	0.01360	0.01310	0.00932	0.00608	0.00497	0.00155	0.00523	0.00458	0.00523	0.00846
4	0.00625	0.00447	0.00595	0.00714	0.00744	0.00417	0.00476	0.00714	0.00982	0.01310	0.02828	0.81633	0.03394	0.01608	0.00655	0.00208	0.00298	0.01459	0.00476	0.00417
5	0.01943	0.00865	0.01275	0.00982	0.01328	0.00768	0.08359	0.02134	0.01327	0.58819	0.01860	0.01968	0.01316	0.13621	0.00860	0.00214	0.00490	0.00562	0.00545	0.00765
6	0.01466	0.01637	0.26457	0.01585	0.02144	0.01109	0.31539	0.01883	0.01245	0.23828	0.01284	0.01393	0.00879	0.00508	0.00543	0.00166	0.00709	0.00509	0.00354	0.00765
7	0.01211	0.01384	0.03028	0.02163	0.02682	0.01298	0.76903	0.01644	0.01211	0.01644	0.01038	0.01384	0.00779	0.00433	0.00606	0.00173	0.00865	0.00606	0.00260	0.00692
8	0.00625	0.00447	0.00595	0.00714	0.00744	0.00417	0.00476	0.00714	0.00982	0.01310	0.02828	0.81633	0.03394	0.01608	0.00655	0.00208	0.00298	0.01459	0.00476	0.00417
9	0.01224	0.01333	0.02734	0.02395	0.22551	0.01286	0.54751	0.01612	0.01186	0.01639	0.01007	0.01346	0.00784	0.00454	0.00615	0.00169	0.03376	0.00562	0.00257	0.00719
10	0.01115	0.01088	0.01715	0.51135	0.28400	0.04993	0.01454	0.01434	0.01094	0.01430	0.00924	0.01314	0.00726	0.00495	0.00509	0.00163	0.00671	0.00450	0.00238	0.00652
11	0.00625	0.00447	0.00595	0.00714	0.00744	0.00417	0.00476	0.00714	0.00982	0.01310	0.02828	0.81633	0.03394	0.01608	0.00655	0.00208	0.00298	0.01459	0.00476	0.00417
12	0.03920	0.01023	0.03234	0.01414	0.16551	0.00917	0.03729	0.04054	0.03248	0.53859	0.01707	0.01595	0.01129	0.00587	0.00513	0.00158	0.00495	0.00499	0.00524	0.00843
13	0.01837	0.00808	0.01097	0.00933	0.04010	0.00723	0.00719	0.02095	0.04198	0.54422	0.20942	0.02252	0.02149	0.00733	0.00538	0.00160	0.00394	0.00618	0.00600	0.00772
14	0.01064	0.00912	0.01064	0.00760	0.01216	0.00684	0.00608	0.01292	0.01064	0.01672	0.00912	0.01064	0.00760	0.00380	0.00380	0.00076	0.00380	0.00304	0.00304	0.85104
15	0.01230	0.01491	0.10397	0.02053	0.02591	0.01269	0.67063	0.01670	0.01207	0.04220	0.01059	0.01367	0.00782	0.00445	0.00591	0.00172	0.00840	0.00581	0.00268	0.00705
16	0.01501	0.01142	0.01233	0.01057	0.01379	0.01284	0.00837	0.16463	0.56438	0.09846	0.01924	0.01772	0.01409	0.00675	0.00520	0.00169	0.00438	0.00552	0.00531	0.00829
17	0.06922	0.09144	0.01535	0.01104	0.01472	0.01432	0.03627	0.47128	0.05960	0.04248	0.03373	0.01747	0.01187	0.00680	0.00509	0.00160	0.00535	0.08002	0.00464	0.00772

[dist]
# distance from previous block
# <min> <max>
0	1

[block]
# block no. 1 follows, 48 sequences, length 50
# corresponding to MSA columns:
# 73-122
name=unknown_B
#
# <colnr> <probs for GDERKNQSTAVLIFYWHMCP>
#	G	D	E	R	K	N	Q	S	T	A	V	L	I	F	Y	W	H	M	C	P
0	0.01528	0.00939	0.01174	0.00975	0.01294	0.00941	0.04203	0.05031	0.28523	0.27868	0.05261	0.08761	0.04299	0.00754	0.00532	0.00164	0.00421	0.00645	0.00530	0.06159
1	0.00716	0.00580	0.00866	0.05734	0.02862	0.00552	0.05848	0.00860	0.01033	0.01375	0.04278	0.58728	0.09226	0.01357	0.00626	0.00194	0.00366	0.01236	0.00437	0.03125
2	0.01500	0.00820	0.01177	0.00965	0.01252	0.00774	0.08259	0.01849	0.10210	0.34933	0.09958	0.10004	0.06259	0.04045	0.05363	0.00220	0.00490	0.00710	0.00519	0.00693
3	0.01367	0.73339	0.08355	0.00938	0.01394	0.04894	0.00958	0.01562	0.01061	0.01240	0.00732	0.00846	0.00658	0.00446	0.00346	0.00115	0.00579	0.00284	0.00221	0.00664
4	0.01675	0.04024	0.01316	0.05649	0.07156	0.01023	0.00854	0.15472	0.04426	0.31393	0.07043	0.01824	0.01392	0.08153	0.00758	0.00190	0.04160	0.00535	0.00481	0.02476
5	0.01039	0.00982	0.01646	0.60902	0.19703	0.01154	0.01434	0.01366	0.01054	0.01397	0.00920	0.01336	0.00713	0.00504	0.00528	0.00166	0.01966	0.00453	0.00235	0.02503
6	0.01475	0.01246	0.01751	0.16460	0.28235	0.01370	0.02852	0.31223	0.02859	0.02209	0.01067	0.01279	0.00818	0.00553	0.00567	0.00161	0.04279	0.00464	0.00354	0.00778
7	0.01165	0.01078	0.01667	0.34613	0.27789	0.01237	0.01346	0.04791	0.11963	0.01625	0.01091	0.01389	0.00858	0.00554	0.00600	0.00169	0.06606	0.00474	0.00290	0.00696
8	0.01937	0.00885	0.01153	0.00868	0.01282	0.00733	0.00711	0.02144	0.01349	0.56253	0.01696	0.01545	0.01120	0.00560	0.00476	0.00134	0.00420	0.00453	0.00537	0.25744
9	0.01951	0.01437	0.01540	0.01181	0.01591	0.01591	0.00975	0.77056	0.02412	0.03234	0.01232	0.01232	0.00873	0.00616	0.00513	0.00154	0.00565	0.00462	0.00513	0.00873
10	0.00633	0.00519	0.00557	0.00552	0.00710	0.00444	0.00412	0.00786	0.01226	0.01528	0.20870	0.06623	0.60853	0.01253	0.00607	0.00172	0.00257	0.01059	0.00495	0.00444
11	0.00625	0.00447	0.00595	0.00714	0.00744	0.00417	0.00476	0.00714	0.00982	0.01310	0.02828	0.81633	0.03394	0.01608	0.00655	0.00208	0.00298	0.01459	0.00476	0.00417
12	0.00746	0.00497	0.00560	0.00560	0.00560	0.00497	0.00311	0.00746	0.00746	0.00995	0.01617	0.03358	0.01865	0.81967	0.02612	0.00497	0.00497	0.00746	0.00311	0.00311
13	0.01396	0.74417	0.05234	0.00921	0.01365	0.04218	0.00919	0.04215	0.01104	0.01294	0.00741	0.00849	0.00666	0.00449	0.00345	0.00114	0.00567	0.00286	0.00231	0.00668
14	0.01440	0.01150	0.09230	0.08612	0.01606	0.00933	0.00904	0.11373	0.04575	0.18932	0.02870	0.01361	0.00988	0.00518	0.00462	0.00128	0.00482	0.00418	0.00402	0.33617
15	0.01287	0.01259	0.02094	0.03067	0.74203	0.03469	0.03894	0.01590	0.01178	0.01663	0.00963	0.01264	0.00807	0.00458	0.00510	0.00152	0.00627	0.00458	0.00254	0.00803
16	0.01117	0.04083	0.70951	0.01438	0.02162	0.01185	0.03950	0.01676	0.01109	0.06247	0.00986	0.01126	0.00691	0.00494	0.00489	0.00162	0.00738	0.00392	0.00243	0.00761
17	0.02262	0.00882	0.01190	0.00918	0.01311	0.00774	0.00756	0.02509	0.04427	0.76141	0.02027	0.01753	0.01282	0.00637	0.00516	0.00159	0.00435	0.00518	0.00631	0.00871
18	0.10304	0.00885	0.01149	0.00890	0.01279	0.00792	0.00735	0.02405	0.01411	0.71742	0.01898	0.01659	0.01202	0.00620	0.00497	0.00159	0.00433	0.00493	0.00605	0.00843
19	0.09906	0.01323	0.05730	0.01169	0.04920	0.04907	0.00930	0.21390	0.36755	0.05240	0.01554	0.01505	0.01150	0.00621	0.00494	0.00163	0.00500	0.00489	0.00462	0.00791
20	0.01268	0.01226	0.02119	0.03111	0.75820	0.01222	0.04492	0.01577	0.01170	0.01675	0.00968	0.01274	0.00811	0.00456	0.00512	0.00153	0.00619	0.00463	0.00254	0.00808
21	0.03871	0.72057	0.02484	0.00888	0.01309	0.01932	0.00862	0.01650	0.08415	0.01330	0.00845	0.00928	0.00743	0.00465	0.00347	0.00117	0.00531	0.00304	0.00251	0.00670
22	0.00956	0.00895	0.01504	0.77727	0.03429	0.01113	0.01389	0.01289	0.01024	0.01311	0.00984	0.04384	0.00786	0.00554	0.00518	0.00172	0.00669	0.00494	0.00237	0.00564
23	0.01011	0.01702	0.35822	0.41283	0.04813	0.01170	0.04158	0.01467	0.01061	0.01469	0.00921	0.01241	0.00675	0.00498	0.00505	0.00167	0.00721	0.00427	0.00225	0.00663
24	0.01269	0.00892	0.02488	0.00871	0.01134	0.00894	0.00698	0.10048	0.24361	0.14277	0.27980	0.02681	0.08540	0.00840	0.00554	0.00165	0.00368	0.00710	0.00544	0.00687
25	0.00606	0.00520	0.00520	0.00520	0.00693	0.00433	0.00390	0.00736	0.01170	0.01386	0.05198	0.04938	0.78558	0.01299	0.00606	0.00173	0.00260	0.01083	0.00476	0.00433
26	0.00737	0.00533	0.00739	0.00739	0.00801	0.00595	0.00535	0.00861	0.00799	0.01128	0.01452	0.02448	0.01470	0.29010	0.55028	0.00719	0.01092	0.00613	0.00286	0.00411
27	0.01257	0.48248	0.31463	0.01136	0.01691	0.04187	0.02715	0.01588	0.01074	0.01374	0.00800	0.00935	0.00658	0.00460	0.00398	0.00132	0.00646	0.00322	0.00221	0.00695
28	0.00609	0.00509	0.00531	0.00549	0.00701	0.00431	0.00403	0.00733	0.01141	0.01375	0.04842	0.16471	0.67255	0.01346	0.00614	0.00179	0.00266	0.01139	0.00476	0.00431
29	0.85592	0.00992	0.00754	0.00675	0.00992	0.01151	0.00556	0.01508	0.00873	0.02302	0.00714	0.00834	0.00556	0.00476	0.00318	0.00159	0.00397	0.00278	0.00318	0.00556
30	0.00673	0.00497	0.00637	0.00662	0.00756	0.00461	0.00476	0.00840	0.01207	0.01642	0.36201	0.31625	0.15110	0.01445	0.05147	0.00218	0.00329	0.01119	0.00504	0.00451
31	0.01800	0.01290	0.01409	0.01141	0.02712	0.04053	0.00915	0.48884	0.08755	0.12250	0.06917	0.01528	0.01252	0.00663	0.00568	0.00159	0.03873	0.00507	0.00508	0.00816
32	0.85592	0.00992	0.00754	0.00675	0.00992	0.01151	0.00556	0.01508	0.00873	0.02302	0.00714	0.00834	0.00556	0.00476	0.00318	0.00159	0.00397	0.00278	0.00318	0.00556
33	0.00632	0.00449	0.00593	0.00706	0.00734	0.00421	0.00467	0.00716	0.00969	0.01292	0.02759	0.77168	0.03307	0.06191	0.00767	0.00225	0.00309	0.01418	0.00467	0.00411
34	0.01093	0.04883	0.28280	0.01681	0.02200	0.01215	0.36713	0.01520	0.01126	0.01581	0.02901	0.07816	0.01031	0.00586	0.00617	0.00172	0.05055	0.00585	0.00266	0.00679
35	0.01059	0.09664	0.72564	0.01411	0.02141	0.01265	0.01806	0.01617	0.01080	0.01588	0.00903	0.01060	0.00651	0.00483	0.00474	0.00158	0.00740	0.00370	0.00217	0.00750
36	0.00624	0.00450	0.00592	0.00706	0.00742	0.00418	0.00472	0.00715	0.00991	0.01313	0.02936	0.78131	0.06825	0.01593	0.00653	0.00207	0.00296	0.01442	0.00476	0.00418
37	0.01027	0.00927	0.00909	0.00854	0.01078	0.06748	0.00663	0.01758	0.35122	0.01776	0.08921	0.03283	0.27170	0.00965	0.00566	0.00175	0.00389	0.06564	0.00487	0.00620
38	0.05179	0.11616	0.10076	0.02826	0.06202	0.01145	0.25260	0.01650	0.01218	0.15367	0.08842	0.03525	0.03600	0.00593	0.00523	0.00159	0.00607	0.00563	0.00359	0.00691
39	0.00688	0.00483	0.00617	0.00700	0.00737	0.00465	0.00478	0.00774	0.00949	0.01255	0.02526	0.46754	0.04664	0.24260	0.01214	0.00293	0.00378	0.11939	0.00429	0.00395
40	0.01753	0.02173	0.01478	0.01327	0.01537	0.63792	0.01018	0.01881	0.01317	0.01251	0.00769	0.00966	0.00664	0.00605	0.00714	0.00151	0.17404	0.00355	0.00256	0.00588
41	0.28453	0.00955	0.00982	0.00749	0.01158	0.00867	0.00606	0.03974	0.01055	0.03231	0.00878	0.01007	0.00706	0.00424	0.00367	0.00107	0.00393	0.00305	0.00321	0.53462
42	0.01810	0.03478	0.04781	0.01005	0.03952	0.02092	0.00820	0.11612	0.06901	0.43008	0.02248	0.02073	0.12464	0.00714	0.00521	0.00159	0.00456	0.00578	0.00538	0.00787
43	0.00746	0.00497	0.00560	0.00560	0.00560	0.00497	0.00311	0.00746	0.00746	0.00995	0.01617	0.03358	0.01865	0.81967	0.02612	0.00497	0.00497	0.00746	0.00311	0.00311
44	0.03169	0.01096	0.01946	0.01957	0.25940	0.01037	0.23227	0.01783	0.01245	0.23830	0.01449	0.08506	0.01156	0.00603	0.00548	0.00165	0.00603	0.00602	0.00386	0.00755
45	0.01153	0.01704	0.26590	0.01719	0.02266	0.01211	0.39978	0.06080	0.04046	0.01727	0.01303	0.04207	0.04413	0.00550	0.00562	0.00170	0.00750	0.00576	0.00288	0.00707
46	0.00746	0.00497	0.00560	0.00560	0.00560	0.00497	0.00311	0.00746	0.00746	0.00995	0.01617	0.03358	0.01865	0.81967	0.02612	0.00497	0.00497	0.00746	0.00311	0.00311
47	0.01108	0.02093	0.46722	0.01809	0.08048	0.01239	0.25842	0.01615	0.01121	0.01623	0.00954	0.01195	0.00704	0.00480	0.00564	0.00167	0.03287	0.00460	0.00233	0.00735
48	0.01119	0.24102	0.08348	0.00979	0.01271	0.05431	0.03995	0.01446	0.08971	0.04653	0.01757	0.26732	0.01810	0.00922	0.00520	0.00167	0.00497	0.06308	0.00371	0.00600
49	0.01315	0.01121	0.01182	0.01052	0.01349	0.01294	0.00821	0.06966	0.73538	0.02208	0.02040	0.01875	0.01527	0.00692	0.00522	0.00173	0.00415	0.00573	0.00522	0.00816

[dist]
# distance from previous block
# <min> <max>
0	7

[block]
# block no. 2 follows, 48 sequences, length 87
# corresponding to MSA columns:
# 130-216
name=unknown_C
#
# <colnr> <probs for GDERKNQSTAVLIFYWHMCP>
#	G	D	E	R	K	N	Q	S	T	A	V	L	I	F	Y	W	H	M	C	P
0	0.00625	0.00447	0.00595	0.00714	0.00744	0.00417	0.00476	0.00714	0.00982	0.01310	0.02828	0.81633	0.03394	0.01608	0.00655	0.00208	0.00298	0.01459	0.00476	0.00417
1	0.00746	0.00499	0.00565	0.00565	0.00567	0.00500	0.00318	0.00750	0.00748	0.00999	0.01612	0.03331	0.01854	0.80385	0.04178	0.00504	0.00515	0.00742	0.00310	0.00314
2	0.03865	0.62703	0.02355	0.00948	0.01352	0.14902	0.00882	0.01668	0.01127	0.05088	0.00791	0.00886	0.00686	0.00465	0.00360	0.00117	0.00602	0.00296	0.00250	0.00656
3	0.01102	0.01983	0.44995	0.10998	0.27651	0.01195	0.01736	0.01573	0.01105	0.01606	0.00934	0.01177	0.00708	0.00480	0.00497	0.00160	0.00701	0.00414	0.00230	0.00755
4	0.01853	0.01339	0.01440	0.03738	0.14533	0.16899	0.00992	0.10692	0.10331	0.30663	0.01484	0.01451	0.01043	0.00585	0.00504	0.00154	0.00582	0.00468	0.00458	0.00791
5	0.01644	0.01141	0.01260	0.01052	0.01393	0.01252	0.00841	0.21122	0.44200	0.17462	0.01863	0.01712	0.01336	0.00664	0.00519	0.00166	0.00451	0.00538	0.00542	0.00839
6	0.00699	0.00558	0.00746	0.07970	0.04408	0.00539	0.00620	0.00848	0.01070	0.01371	0.03258	0.40680	0.25028	0.01349	0.00627	0.00195	0.00353	0.08778	0.00444	0.00458
7	0.03135	0.40153	0.06359	0.01077	0.01467	0.01647	0.06527	0.01914	0.25571	0.01588	0.01186	0.01243	0.00955	0.00547	0.00487	0.00145	0.04557	0.00411	0.00321	0.00708
8	0.00634	0.00457	0.00603	0.00715	0.00757	0.00426	0.00489	0.00733	0.01002	0.01325	0.02948	0.73862	0.07364	0.01582	0.00655	0.00208	0.00304	0.05039	0.00476	0.00420
9	0.01100	0.02157	0.49469	0.01736	0.02401	0.01233	0.31237	0.01632	0.01133	0.01632	0.00967	0.01201	0.00700	0.00466	0.00534	0.00167	0.00800	0.00468	0.00233	0.00732
10	0.00969	0.00912	0.01539	0.80734	0.03534	0.01140	0.01425	0.01311	0.01026	0.01311	0.00912	0.01368	0.00684	0.00513	0.00513	0.00171	0.00684	0.00456	0.00228	0.00570
11	0.02073	0.01240	0.01418	0.01087	0.01493	0.01298	0.00898	0.50981	0.02082	0.29775	0.01509	0.01412	0.01012	0.00623	0.00514	0.00156	0.00520	0.00481	0.00556	0.00873
12	0.00723	0.00524	0.00681	0.00642	0.00765	0.00483	0.00482	0.00962	0.01445	0.02039	0.76453	0.03864	0.06896	0.01056	0.00605	0.00162	0.00243	0.00932	0.00562	0.00483
13	0.01029	0.02654	0.79309	0.01462	0.02221	0.01192	0.01896	0.01625	0.01083	0.01625	0.00921	0.01083	0.00650	0.00487	0.00487	0.00162	0.00758	0.00379	0.00217	0.00758
14	0.01307	0.05827	0.06644	0.05468	0.01625	0.31832	0.11182	0.01515	0.01219	0.01369	0.03530	0.21457	0.01484	0.00802	0.00559	0.00163	0.02450	0.00678	0.00317	0.00572
15	0.01336	0.01158	0.03328	0.05849	0.26295	0.01086	0.10899	0.11730	0.01342	0.07352	0.04444	0.01378	0.01002	0.00499	0.00496	0.00140	0.00562	0.00465	0.00340	0.20299
16	0.01185	0.20122	0.53073	0.01275	0.01911	0.01355	0.01541	0.04900	0.01155	0.04575	0.02334	0.01194	0.00803	0.00515	0.00461	0.00152	0.00677	0.01781	0.00257	0.00735
17	0.00700	0.00508	0.00660	0.00654	0.00759	0.00468	0.00478	0.00906	0.01343	0.01873	0.59598	0.19792	0.07991	0.01175	0.00615	0.00172	0.00254	0.01044	0.00543	0.00468
18	0.01917	0.02445	0.01454	0.01322	0.01586	0.79907	0.00991	0.02049	0.01454	0.01256	0.00793	0.00925	0.00661	0.00529	0.00463	0.00132	0.00925	0.00330	0.00264	0.00595
19	0.01205	0.03820	0.22274	0.11532	0.37702	0.02458	0.04045	0.01576	0.01138	0.04956	0.01051	0.04065	0.00858	0.00520	0.00506	0.00159	0.00651	0.00472	0.00265	0.00747
20	0.00939	0.00838	0.01428	0.01698	0.24806	0.00814	0.11521	0.01167	0.01106	0.01508	0.01992	0.32559	0.02166	0.01060	0.00613	0.00191	0.00503	0.14128	0.00378	0.00585
21	0.00625	0.00448	0.00594	0.00711	0.00743	0.00417	0.00475	0.00715	0.00986	0.01311	0.02876	0.80091	0.04904	0.01601	0.00654	0.00208	0.00297	0.01451	0.00476	0.00417
22	0.01489	0.65114	0.02423	0.00973	0.01375	0.18772	0.00902	0.01647	0.01131	0.01218	0.00730	0.00845	0.00659	0.00458	0.00358	0.00115	0.00630	0.00286	0.00229	0.00645
23	0.04069	0.07222	0.01492	0.15855	0.10362	0.06813	0.03101	0.03498	0.07793	0.28055	0.01418	0.01470	0.01006	0.00563	0.00485	0.00154	0.00546	0.00465	0.04899	0.00734
24	0.01951	0.01792	0.01340	0.01157	0.01464	0.45374	0.00894	0.06860	0.05517	0.23641	0.04146	0.01339	0.01052	0.00593	0.00489	0.00144	0.00711	0.00427	0.00410	0.00699
25	0.00607	0.00517	0.00523	0.00528	0.00695	0.00432	0.00394	0.00735	0.01161	0.01383	0.05095	0.08276	0.75287	0.01313	0.00609	0.00175	0.00262	0.01099	0.00476	0.00432
26	0.09299	0.01217	0.04527	0.23693	0.20376	0.08398	0.05217	0.01739	0.01190	0.17784	0.01135	0.01323	0.00827	0.00518	0.00494	0.00159	0.00623	0.00446	0.00332	0.00705
27	0.01261	0.01210	0.02067	0.05405	0.76579	0.01217	0.01570	0.01567	0.01164	0.01666	0.00964	0.01273	0.00809	0.00459	0.00508	0.00153	0.00612	0.00457	0.00253	0.00806
28	0.00746	0.00497	0.00560	0.00560	0.00560	0.00497	0.00311	0.00746	0.00746	0.00995	0.01617	0.03358	0.01865	0.81967	0.02612	0.00497	0.00497	0.00746	0.00311	0.00311
29	0.00678	0.00470	0.00585	0.00656	0.00675	0.00453	0.00416	0.00734	0.00890	0.01186	0.02333	0.48313	0.02763	0.34301	0.01452	0.00327	0.00382	0.02601	0.00409	0.00375
30	0.00921	0.00878	0.03186	0.26491	0.01969	0.03093	0.10929	0.01174	0.00999	0.01337	0.01527	0.02055	0.07981	0.10014	0.18924	0.00353	0.02301	0.00580	0.04767	0.00521
31	0.00916	0.00840	0.01216	0.07490	0.01317	0.01072	0.02526	0.01053	0.00881	0.01269	0.01456	0.26951	0.01604	0.01369	0.08800	0.00272	0.39363	0.00785	0.00311	0.00509
32	0.00629	0.00449	0.00599	0.00712	0.00745	0.00419	0.00477	0.00723	0.00999	0.01336	0.05489	0.78896	0.03445	0.01588	0.00653	0.00207	0.00296	0.01440	0.00479	0.00419
33	0.05591	0.01418	0.01506	0.01159	0.01565	0.01572	0.00957	0.73768	0.02345	0.03193	0.01209	0.01215	0.00859	0.00610	0.00505	0.00154	0.00557	0.00454	0.00505	0.00859
34	0.01064	0.00912	0.01064	0.00760	0.01216	0.00684	0.00608	0.01292	0.01064	0.01672	0.00912	0.01064	0.00760	0.00380	0.00380	0.00076	0.00380	0.00304	0.00304	0.85104
35	0.00733	0.00550	0.00825	0.00825	0.00916	0.00641	0.00641	0.00916	0.00825	0.01191	0.01374	0.02016	0.01283	0.03848	0.79934	0.00825	0.01374	0.00550	0.00275	0.00458
36	0.00713	0.00486	0.00567	0.00594	0.00607	0.00476	0.00352	0.00738	0.00816	0.01082	0.02026	0.21723	0.04910	0.60344	0.02084	0.00418	0.00442	0.00925	0.00355	0.00340
37	0.00723	0.00525	0.00706	0.00802	0.00888	0.00495	0.00613	0.00874	0.01060	0.01413	0.02685	0.49218	0.03090	0.01472	0.00660	0.00212	0.00367	0.28794	0.00466	0.04935
38	0.00625	0.00447	0.00595	0.00714	0.00744	0.00417	0.00476	0.00714	0.00982	0.01310	0.02828	0.81633	0.03394	0.01608	0.00655	0.00208	0.00298	0.01459	0.00476	0.00417
39	0.01076	0.01121	0.02199	0.45885	0.03156	0.01210	0.34902	0.01459	0.01108	0.01459	0.00968	0.01375	0.00726	0.00477	0.00554	0.00172	0.00764	0.00522	0.00242	0.00624
40	0.01135	0.00954	0.01102	0.00794	0.01246	0.00757	0.00638	0.07379	0.01172	0.01797	0.00938	0.01077	0.00769	0.00399	0.00391	0.00082	0.00395	0.00317	0.00321	0.78337
41	0.02138	0.00962	0.01225	0.00958	0.01343	0.00909	0.00785	0.10612	0.10943	0.61448	0.01946	0.01711	0.01263	0.00640	0.00516	0.00160	0.00447	0.00518	0.00608	0.00866
42	0.01052	0.01027	0.01434	0.01258	0.01262	0.01408	0.01031	0.01161	0.00814	0.01245	0.00978	0.12505	0.01058	0.00998	0.01538	0.00222	0.69615	0.00592	0.00260	0.00541
43	0.01007	0.00858	0.01365	0.01904	0.35502	0.00855	0.01130	0.01262	0.01159	0.01580	0.01949	0.09932	0.02039	0.01007	0.00615	0.00197	0.00519	0.36125	0.00376	0.00619
44	0.01268	0.00570	0.00643	0.00579	0.00763	0.00542	0.00450	0.01498	0.01167	0.19791	0.01755	0.01874	0.01305	0.00606	0.00395	0.00129	0.00285	0.00487	0.65324	0.00570
45	0.00664	0.00463	0.00584	0.00665	0.00685	0.00443	0.00423	0.00725	0.00907	0.01209	0.02441	0.56630	0.02906	0.27276	0.01280	0.00301	0.00361	0.01231	0.00423	0.00383
46	0.01029	0.02654	0.79309	0.01462	0.02221	0.01192	0.01896	0.01625	0.01083	0.01625	0.00921	0.01083	0.00650	0.00487	0.00487	0.00162	0.00758	0.00379	0.00217	0.00758
47	0.00891	0.00446	0.00668	0.00668	0.00668	0.00446	0.00446	0.00668	0.00668	0.00891	0.00891	0.01560	0.00891	0.01783	0.02005	0.85071	0.00446	0.00446	0.00223	0.00223
48	0.00625	0.00447	0.00595	0.00714	0.00744	0.00417	0.00476	0.00714	0.00982	0.01310	0.02828	0.81633	0.03394	0.01608	0.00655	0.00208	0.00298	0.01459	0.00476	0.00417
49	0.00618	0.00497	0.00552	0.00588	0.00713	0.00430	0.00422	0.00741	0.01124	0.01394	0.08014	0.29382	0.50956	0.01386	0.00622	0.00184	0.00271	0.01195	0.00481	0.00430
50	0.00969	0.00912	0.01539	0.80734	0.03534	0.01140	0.01425	0.01311	0.01026	0.01311	0.00912	0.01368	0.00684	0.00513	0.00513	0.00171	0.00684	0.00456	0.00228	0.00570
51	0.00969	0.00912	0.01539	0.80734	0.03534	0.01140	0.01425	0.01311	0.01026	0.01311	0.00912	0.01368	0.00684	0.00513	0.00513	0.00171	0.00684	0.00456	0.00228	0.00570
52	0.00745	0.00501	0.00576	0.00576	0.00582	0.00507	0.00332	0.00757	0.00751	0.01007	0.01601	0.03273	0.01829	0.77034	0.07495	0.00518	0.00553	0.00734	0.00309	0.00320
53	0.01245	0.05615	0.17640	0.01695	0.02136	0.04329	0.34832	0.06960	0.01187	0.01636	0.00930	0.01216	0.00728	0.00554	0.00773	0.00175	0.16907	0.00492	0.00260	0.00687
54	0.00665	0.00522	0.00601	0.00581	0.00729	0.00458	0.00436	0.00850	0.01308	0.01715	0.41059	0.04397	0.42493	0.01177	0.00606	0.00167	0.00251	0.01007	0.00520	0.00458
55	0.01142	0.01265	0.05829	0.01454	0.01590	0.04393	0.13018	0.01334	0.00895	0.01318	0.00783	0.01198	0.00718	0.00935	0.05265	0.00239	0.57331	0.00470	0.00234	0.00588
56	0.01147	0.06570	0.52384	0.06543	0.11317	0.01270	0.03322	0.06924	0.02740	0.01713	0.00962	0.01143	0.00709	0.00495	0.00488	0.00159	0.00706	0.00402	0.00250	0.00755
57	0.00735	0.00543	0.00790	0.00790	0.00870	0.00623	0.00598	0.00894	0.00814	0.01166	0.01406	0.02191	0.01359	0.14023	0.69863	0.00782	0.01260	0.00575	0.00280	0.00439
58	0.01917	0.02445	0.01454	0.01322	0.01586	0.79907	0.00991	0.02049	0.01454	0.01256	0.00793	0.00925	0.00661	0.00529	0.00463	0.00132	0.00925	0.00330	0.00264	0.00595
59	0.01008	0.00963	0.01664	0.69893	0.10013	0.01155	0.05390	0.01351	0.01048	0.01360	0.00923	0.01360	0.00700	0.00504	0.00517	0.00169	0.00687	0.00464	0.00232	0.00597
60	0.03836	0.11658	0.14711	0.05314	0.03360	0.18984	0.03747	0.11350	0.04497	0.07754	0.08830	0.01418	0.01195	0.00582	0.00482	0.00149	0.00641	0.00450	0.00351	0.00691
61	0.01390	0.30381	0.28644	0.01144	0.01671	0.01383	0.05067	0.03011	0.01168	0.15739	0.01204	0.03551	0.02437	0.00546	0.00450	0.00145	0.00603	0.00426	0.00315	0.00726
62	0.00713	0.00499	0.00625	0.00643	0.00699	0.00477	0.00434	0.00833	0.01081	0.01485	0.30527	0.22180	0.03375	0.29822	0.01331	0.00294	0.00354	0.03772	0.00451	0.00406
63	0.00755	0.00548	0.00733	0.00792	0.00905	0.00525	0.00646	0.00968	0.01243	0.01662	0.26669	0.13702	0.09478	0.01314	0.00662	0.00205	0.00364	0.37860	0.00502	0.00467
64	0.03438	0.01142	0.04388	0.03844	0.01425	0.10451	0.00899	0.03455	0.01311	0.41657	0.01627	0.01878	0.01210	0.00833	0.03701	0.00196	0.10156	0.07188	0.00473	0.00729
65	0.00641	0.00456	0.00606	0.00720	0.00753	0.00429	0.00487	0.00734	0.00983	0.01308	0.02770	0.74255	0.03304	0.05095	0.00743	0.00222	0.00316	0.05294	0.00469	0.00415
66	0.00807	0.00560	0.00608	0.00573	0.00768	0.00473	0.00438	0.00953	0.01223	0.10240	0.10016	0.04498	0.64595	0.01207	0.00596	0.00171	0.00279	0.01008	0.00501	0.00487
67	0.00648	0.00463	0.00621	0.00740	0.00780	0.00436	0.00516	0.00754	0.01005	0.01335	0.02816	0.73138	0.03344	0.01586	0.00661	0.00212	0.00317	0.09730	0.00476	0.00423
68	0.01064	0.00912	0.01064	0.00760	0.01216	0.00684	0.00608	0.01292	0.01064	0.01672	0.00912	0.01064	0.00760	0.00380	0.00380	0.00076	0.00380	0.00304	0.00304	0.85104
69	0.00734	0.00545	0.00803	0.00803	0.00887	0.00630	0.00614	0.00902	0.00818	0.01175	0.01394	0.02125	0.01330	0.10209	0.73638	0.00798	0.01303	0.00566	0.00278	0.00446
70	0.01102	0.01093	0.01533	0.01320	0.01325	0.01523	0.01097	0.01218	0.00788	0.01233	0.00710	0.01169	0.00705	0.01053	0.05781	0.00256	0.76858	0.00454	0.00227	0.00556
71	0.01029	0.02654	0.79309	0.01462	0.02221	0.01192	0.01896	0.01625	0.01083	0.01625	0.00921	0.01083	0.00650	0.00487	0.00487	0.00162	0.00758	0.00379	0.00217	0.00758
72	0.01337	0.01132	0.01194	0.01056	0.01357	0.01305	0.00827	0.09399	0.71069	0.02244	0.02012	0.01853	0.01504	0.00689	0.00521	0.00172	0.00420	0.00570	0.00521	0.00818
73	0.03337	0.01427	0.01429	0.28681	0.11361	0.28102	0.01145	0.01567	0.02438	0.01396	0.01148	0.06595	0.01045	0.00648	0.00512	0.00161	0.00701	0.06064	0.00286	0.01958
74	0.01072	0.00669	0.00778	0.00711	0.00942	0.00609	0.00564	0.01364	0.08762	0.18068	0.06538	0.03919	0.41885	0.01080	0.00584	0.00174	0.00337	0.08825	0.00513	0.02604
75	0.00746	0.00497	0.00560	0.00560	0.00560	0.00497	0.00311	0.00746	0.00746	0.00995	0.01617	0.03358	0.01865	0.81967	0.02612	0.00497	0.00497	0.00746	0.00311	0.00311
76	0.00719	0.00526	0.00676	0.00643	0.00769	0.00483	0.00486	0.00951	0.01421	0.01986	0.70123	0.03982	0.11077	0.01081	0.00608	0.00164	0.00250	0.03023	0.00555	0.00479
77	0.01031	0.01047	0.03378	0.36936	0.13427	0.01094	0.20524	0.01364	0.01094	0.01459	0.01222	0.10577	0.01099	0.00635	0.00557	0.00175	0.00671	0.02818	0.00275	0.00618
78	0.00803	0.00503	0.00558	0.00544	0.00676	0.00471	0.00408	0.01019	0.01225	0.01850	0.28711	0.03218	0.19078	0.00903	0.00496	0.00145	0.00245	0.00762	0.37914	0.00471
79	0.00673	0.00491	0.00633	0.00664	0.00751	0.00451	0.00473	0.00840	0.01228	0.01681	0.39920	0.37089	0.10584	0.01309	0.00626	0.00182	0.00267	0.01168	0.00519	0.00451
80	0.01218	0.01365	0.02920	0.02275	0.11367	0.01289	0.68304	0.01636	0.01206	0.01647	0.01030	0.01371	0.00782	0.00435	0.00594	0.00171	0.00836	0.00589	0.00259	0.00706
81	0.01146	0.00970	0.01046	0.00949	0.01202	0.01093	0.00734	0.02316	0.60352	0.02102	0.16993	0.02392	0.04908	0.00786	0.00541	0.00172	0.00369	0.00665	0.00529	0.00735
82	0.00753	0.00545	0.00724	0.00821	0.00918	0.00529	0.00667	0.00930	0.01107	0.01433	0.02944	0.21610	0.11535	0.07135	0.00820	0.00242	0.00413	0.45968	0.00462	0.00445
83	0.01142	0.06835	0.01890	0.48583	0.04595	0.06307	0.14623	0.03562	0.01118	0.01417	0.00912	0.01287	0.00705	0.00514	0.00568	0.00166	0.04460	0.00461	0.00244	0.00613
84	0.00646	0.00483	0.00571	0.00623	0.00698	0.00440	0.00421	0.00741	0.01028	0.01323	0.07672	0.39796	0.26786	0.15192	0.00971	0.00244	0.00317	0.01189	0.00453	0.00408
85	0.01133	0.04402	0.17112	0.31340	0.20679	0.01189	0.04740	0.01561	0.04881	0.03702	0.01013	0.01296	0.00773	0.00496	0.00500	0.00159	0.00653	0.00443	0.00262	0.03667
86	0.11061	0.03185	0.27242	0.01442	0.03264	0.02839	0.19231	0.12911	0.02802	0.04845	0.01029	0.01183	0.00753	0.00495	0.00492	0.00157	0.00669	0.00437	0.00311	0.05651

[dist]
# distance from previous block
# <min> <max>
1	2

[block]
# block no. 3 follows, 48 sequences, length 70
# corresponding to MSA columns:
# 219-248,253-292
name=unknown_D
#
# <colnr> <probs for GDERKNQSTAVLIFYWHMCP>
#	G	D	E	R	K	N	Q	S	T	A	V	L	I	F	Y	W	H	M	C	P
0	0.06021	0.35733	0.10903	0.01427	0.15443	0.03109	0.05089	0.01722	0.02626	0.12000	0.01005	0.01112	0.00787	0.00483	0.00425	0.00138	0.00582	0.00377	0.00296	0.00725
1	0.01284	0.23310	0.10686	0.05169	0.19486	0.04028	0.01136	0.09519	0.03681	0.01728	0.08430	0.01370	0.01157	0.00537	0.00457	0.00139	0.00562	0.00434	0.00309	0.06579
2	0.00796	0.00457	0.00649	0.00679	0.00700	0.00451	0.00457	0.00706	0.00797	0.01065	0.03688	0.22564	0.03958	0.04928	0.05459	0.50832	0.00444	0.00757	0.00311	0.00301
3	0.15970	0.00942	0.00981	0.00851	0.01078	0.07936	0.00658	0.05314	0.01146	0.23434	0.02984	0.01860	0.01240	0.16607	0.13612	0.00329	0.03542	0.00511	0.00406	0.00601
4	0.00843	0.00463	0.00632	0.00632	0.00632	0.00463	0.00401	0.00694	0.00694	0.00926	0.01134	0.02161	0.01217	0.28598	0.02208	0.56788	0.00463	0.00546	0.00252	0.00252
5	0.00625	0.00447	0.00595	0.00714	0.00744	0.00417	0.00476	0.00714	0.00982	0.01310	0.02828	0.81633	0.03394	0.01608	0.00655	0.00208	0.00298	0.01459	0.00476	0.00417
6	0.01344	0.01066	0.01695	0.30897	0.23007	0.03513	0.06319	0.01630	0.01158	0.15970	0.01173	0.03355	0.00900	0.00564	0.00586	0.00167	0.05143	0.00498	0.00320	0.00696
7	0.11428	0.00992	0.03386	0.07003	0.01438	0.00853	0.00753	0.05599	0.01197	0.18391	0.01144	0.01216	0.00842	0.00472	0.00422	0.00118	0.00438	0.00369	0.00379	0.43562
8	0.00795	0.00596	0.00728	0.00733	0.00851	0.00588	0.00532	0.05188	0.08517	0.01771	0.30246	0.36148	0.08847	0.01243	0.00613	0.00183	0.00300	0.01102	0.00515	0.00505
9	0.19751	0.01221	0.02219	0.05765	0.11579	0.01212	0.42204	0.01646	0.01140	0.06889	0.01017	0.01273	0.00762	0.00462	0.00520	0.00166	0.00694	0.00502	0.00295	0.00683
10	0.01145	0.01209	0.07271	0.30953	0.46355	0.01189	0.01543	0.01483	0.01111	0.01541	0.00943	0.01292	0.00755	0.00479	0.00508	0.00160	0.00647	0.00451	0.00242	0.00722
11	0.01578	0.01249	0.01305	0.01001	0.01412	0.06627	0.00809	0.33560	0.05749	0.06579	0.01162	0.01208	0.00871	0.00521	0.00457	0.00123	0.00501	0.00399	0.00420	0.34469
12	0.83758	0.00990	0.00764	0.00680	0.00999	0.01142	0.00560	0.01530	0.00886	0.03994	0.00743	0.00854	0.00571	0.00480	0.00322	0.00159	0.00398	0.00283	0.00325	0.00563
13	0.00878	0.00613	0.00830	0.00863	0.06397	0.00578	0.00591	0.03393	0.01412	0.06216	0.58235	0.11844	0.04080	0.01031	0.00596	0.00165	0.00295	0.00915	0.00535	0.00534
14	0.01127	0.00951	0.01097	0.00794	0.01243	0.00756	0.00636	0.06320	0.02724	0.01785	0.00957	0.01092	0.00784	0.00402	0.00392	0.00083	0.00393	0.00320	0.00322	0.77821
15	0.00759	0.00586	0.00737	0.00721	0.00881	0.00499	0.00515	0.00902	0.01048	0.01481	0.09126	0.51641	0.02774	0.01207	0.00572	0.00166	0.00316	0.01082	0.00435	0.24551
16	0.01973	0.01190	0.01369	0.01048	0.01455	0.01217	0.00863	0.43082	0.03804	0.28834	0.01493	0.01408	0.01014	0.00603	0.00502	0.00149	0.00501	0.00469	0.00536	0.08489
17	0.01270	0.01219	0.02083	0.03149	0.78767	0.01219	0.01575	0.01575	0.01168	0.01676	0.00965	0.01270	0.00813	0.00457	0.00508	0.00152	0.00610	0.00457	0.00254	0.00813
18	0.01229	0.01095	0.01585	0.25657	0.07550	0.01224	0.10384	0.12739	0.23712	0.01903	0.01531	0.03961	0.03875	0.00628	0.00534	0.00170	0.00576	0.00563	0.00377	0.00707
19	0.01625	0.00961	0.01135	0.00967	0.01280	0.01000	0.00774	0.05324	0.36736	0.31059	0.07492	0.02166	0.01734	0.00733	0.00535	0.00170	0.00416	0.04532	0.00565	0.00796
20	0.00614	0.00504	0.00541	0.00566	0.00706	0.00431	0.00411	0.00739	0.01137	0.01390	0.06888	0.21541	0.60037	0.01359	0.00617	0.00181	0.00268	0.01160	0.00479	0.00431
21	0.00642	0.00508	0.00580	0.00605	0.00736	0.00446	0.00447	0.00787	0.01176	0.01488	0.16572	0.21362	0.46240	0.01331	0.00622	0.00182	0.00276	0.05068	0.00491	0.00440
22	0.01721	0.20106	0.08298	0.01236	0.01580	0.56052	0.01043	0.01900	0.01332	0.01276	0.00786	0.00916	0.00659	0.00505	0.00435	0.00130	0.00828	0.00322	0.00250	0.00623
23	0.01046	0.01015	0.01566	0.42713	0.04234	0.01339	0.01290	0.01282	0.00919	0.01284	0.00804	0.01254	0.00682	0.00688	0.01048	0.00195	0.37389	0.00453	0.00227	0.00572
24	0.01847	0.00777	0.00986	0.00798	0.01109	0.00712	0.00646	0.02145	0.06681	0.51757	0.01929	0.01806	0.01304	0.00629	0.00472	0.00149	0.00378	0.00510	0.24611	0.00756
25	0.06176	0.00801	0.01005	0.00822	0.01135	0.00733	0.00666	0.04434	0.03809	0.46660	0.12874	0.02523	0.12700	0.00798	0.00535	0.00163	0.00387	0.02475	0.00575	0.00729
26	0.12917	0.01298	0.01347	0.16241	0.01825	0.08843	0.00970	0.29689	0.15862	0.04154	0.01238	0.01314	0.00912	0.00585	0.00484	0.00160	0.00567	0.00447	0.00413	0.00735
27	0.01346	0.24509	0.06076	0.02850	0.01452	0.15117	0.01030	0.05972	0.01135	0.01425	0.05709	0.01185	0.00943	0.00666	0.00859	0.00163	0.28271	0.00406	0.00268	0.00619
28	0.01099	0.00928	0.01162	0.01090	0.10984	0.00801	0.00744	0.01482	0.10527	0.03247	0.06670	0.04542	0.01268	0.00529	0.00443	0.00111	0.00400	0.00451	0.00356	0.53167
29	0.33861	0.01029	0.04251	0.00856	0.01198	0.01025	0.00718	0.04045	0.14618	0.26786	0.01445	0.01470	0.01044	0.04884	0.00551	0.00179	0.00436	0.00441	0.00456	0.00706
30	0.00738	0.00494	0.00562	0.00570	0.00573	0.00492	0.00322	0.00744	0.00763	0.01017	0.01701	0.08815	0.01972	0.76365	0.02475	0.00477	0.00484	0.00796	0.00322	0.00318
31	0.00624	0.00451	0.00591	0.00703	0.00741	0.00418	0.00471	0.00716	0.00993	0.01314	0.02961	0.77314	0.07626	0.01590	0.00652	0.00206	0.00296	0.01438	0.00476	0.00418
32	0.14768	0.01325	0.04273	0.08520	0.29429	0.05125	0.13021	0.14058	0.01333	0.01976	0.00967	0.01197	0.00753	0.00492	0.00491	0.00158	0.00634	0.00444	0.00305	0.00731
33	0.03258	0.00773	0.01071	0.06658	0.03608	0.00812	0.09105	0.04149	0.10351	0.01376	0.01499	0.02600	0.01515	0.49081	0.01770	0.00365	0.00544	0.00656	0.00331	0.00478
34	0.00675	0.00531	0.00661	0.00653	0.00787	0.00517	0.00498	0.00846	0.01104	0.01451	0.18459	0.03682	0.36471	0.02153	0.28721	0.00402	0.00651	0.00863	0.00423	0.00452
35	0.39623	0.00713	0.00604	0.00568	0.00778	0.00786	0.00449	0.01338	0.00983	0.02091	0.01236	0.01420	0.00968	0.00542	0.00340	0.00137	0.00311	0.00387	0.46211	0.00514
36	0.01402	0.01519	0.07303	0.11184	0.20333	0.13555	0.15675	0.12597	0.06994	0.01820	0.01072	0.01286	0.00826	0.00514	0.00519	0.00157	0.00701	0.00470	0.01344	0.00728
37	0.02379	0.00958	0.01011	0.00869	0.01073	0.03592	0.00650	0.27477	0.07200	0.04581	0.01700	0.02539	0.04658	0.33549	0.01372	0.00299	0.00514	0.04569	0.00422	0.00589
38	0.00998	0.00816	0.00918	0.00861	0.01059	0.00888	0.00653	0.01849	0.41329	0.01990	0.26884	0.13236	0.04503	0.00944	0.00568	0.00175	0.00336	0.00820	0.00529	0.00646
39	0.01025	0.01086	0.10026	0.09644	0.01631	0.03191	0.12228	0.05810	0.08055	0.01709	0.05338	0.10397	0.10218	0.00830	0.00552	0.00172	0.00521	0.07112	0.09859	0.00596
40	0.07181	0.20789	0.11889	0.09633	0.19513	0.01395	0.06971	0.07973	0.01178	0.01662	0.00933	0.01175	0.00759	0.00712	0.05995	0.00194	0.00675	0.00409	0.00267	0.00697
41	0.02255	0.00917	0.01214	0.00934	0.01330	0.00823	0.00771	0.07641	0.03215	0.72200	0.01971	0.01715	0.01249	0.00635	0.00516	0.00159	0.00445	0.00514	0.00624	0.00872
42	0.00870	0.00585	0.00737	0.00672	0.00829	0.00543	0.00513	0.04218	0.01463	0.07216	0.62155	0.03704	0.12459	0.01030	0.00595	0.00162	0.00271	0.00898	0.00558	0.00521
43	0.01179	0.10267	0.09250	0.02217	0.46055	0.01186	0.01309	0.04384	0.01206	0.01678	0.07446	0.06703	0.03709	0.00612	0.00507	0.00154	0.00555	0.00552	0.00303	0.00729
44	0.01015	0.02510	0.73837	0.01426	0.02140	0.01150	0.01821	0.01586	0.01090	0.01619	0.01046	0.01411	0.00811	0.00552	0.00503	0.00168	0.00738	0.05604	0.00234	0.00738
45	0.00715	0.00559	0.00833	0.00859	0.00926	0.00554	0.05858	0.00831	0.00988	0.01327	0.02507	0.62603	0.02941	0.03895	0.00795	0.01899	0.04632	0.06399	0.00438	0.00440
46	0.67949	0.06619	0.00929	0.00705	0.01040	0.01145	0.00589	0.01529	0.00940	0.05755	0.02637	0.00963	0.00712	0.00488	0.00339	0.00150	0.00404	0.00306	0.00330	0.06471
47	0.03365	0.01422	0.01295	0.04358	0.01493	0.20191	0.00843	0.18292	0.08388	0.01949	0.01051	0.01153	0.00824	0.00514	0.00471	0.00124	0.02087	0.00379	0.00356	0.31446
48	0.01139	0.01131	0.01801	0.41589	0.29057	0.05503	0.06056	0.01453	0.01102	0.01451	0.00948	0.02304	0.00766	0.00515	0.00551	0.00165	0.03094	0.00471	0.00244	0.00660
49	0.02167	0.00873	0.01168	0.00913	0.01285	0.00775	0.00746	0.06323	0.01485	0.69679	0.02038	0.07289	0.01397	0.00702	0.00526	0.00162	0.00434	0.00579	0.00618	0.00841
50	0.01505	0.01715	0.01489	0.01305	0.01452	0.36994	0.01036	0.04756	0.01161	0.01333	0.00774	0.01062	0.00694	0.00793	0.03230	0.00194	0.37987	0.00396	0.00257	0.01865
51	0.01461	0.01006	0.01566	0.01229	0.01568	0.00987	0.20262	0.08690	0.13976	0.22612	0.09037	0.11929	0.01763	0.00753	0.00566	0.00171	0.00517	0.00703	0.00482	0.00722
52	0.00625	0.00447	0.00595	0.00714	0.00744	0.00417	0.00476	0.00714	0.00982	0.01310	0.02828	0.81633	0.03394	0.01608	0.00655	0.00208	0.00298	0.01459	0.00476	0.00417
53	0.01211	0.01384	0.03028	0.02163	0.02682	0.01298	0.76903	0.01644	0.01211	0.01644	0.01038	0.01384	0.00779	0.00433	0.00606	0.00173	0.00865	0.00606	0.00260	0.00692
54	0.02005	0.00891	0.01150	0.00918	0.01276	0.00831	0.00746	0.02435	0.15399	0.59707	0.07368	0.01923	0.01573	0.00675	0.00523	0.00162	0.00417	0.00556	0.00610	0.00835
55	0.01044	0.00996	0.01790	0.01417	0.01732	0.00980	0.33802	0.01529	0.13059	0.01647	0.01696	0.13345	0.01577	0.00995	0.06121	0.00225	0.00655	0.09008	0.05118	0.03264
56	0.00676	0.00505	0.00602	0.00631	0.00714	0.00482	0.00439	0.00775	0.00974	0.01253	0.04097	0.20287	0.27543	0.23604	0.11689	0.00358	0.00489	0.04074	0.00406	0.00402
57	0.06529	0.01624	0.01292	0.01094	0.01424	0.38247	0.00856	0.02234	0.01430	0.38192	0.01372	0.01309	0.00944	0.00576	0.00480	0.00146	0.00666	0.00416	0.00443	0.00725
58	0.00746	0.00497	0.00560	0.00560	0.00560	0.00497	0.00311	0.00746	0.00746	0.00995	0.01617	0.03358	0.01865	0.81967	0.02612	0.00497	0.00497	0.00746	0.00311	0.00311
59	0.00734	0.00546	0.00807	0.00807	0.00892	0.00632	0.00619	0.00905	0.00819	0.01178	0.01391	0.02105	0.01322	0.09057	0.74779	0.00803	0.01316	0.00563	0.00277	0.00448
60	0.12308	0.00909	0.01003	0.00822	0.01126	0.00934	0.00666	0.18237	0.05528	0.26443	0.01588	0.01576	0.01122	0.00603	0.00445	0.00147	0.00401	0.00467	0.24960	0.00715
61	0.01385	0.01156	0.01222	0.01066	0.01376	0.01327	0.00839	0.14765	0.65624	0.02323	0.01950	0.01804	0.01454	0.00683	0.00521	0.00171	0.00432	0.00561	0.00521	0.00822
62	0.01044	0.00836	0.00945	0.00857	0.01072	0.00900	0.00665	0.07016	0.34064	0.02134	0.35243	0.02938	0.06105	0.00890	0.00567	0.00169	0.00342	0.03026	0.00537	0.00649
63	0.00981	0.00675	0.00825	0.00748	0.00931	0.00671	0.00574	0.01465	0.17168	0.09167	0.53508	0.03279	0.06054	0.00946	0.00580	0.00164	0.00294	0.00823	0.00560	0.00586
64	0.00669	0.00498	0.00624	0.00644	0.00745	0.00452	0.00463	0.00839	0.01241	0.01679	0.39106	0.30063	0.18523	0.01284	0.00622	0.00179	0.00264	0.01135	0.00518	0.00452
65	0.85592	0.00992	0.00754	0.00675	0.00992	0.01151	0.00556	0.01508	0.00873	0.02302	0.00714	0.00834	0.00556	0.00476	0.00318	0.00159	0.00397	0.00278	0.00318	0.00556
66	0.01690	0.00748	0.01021	0.00878	0.01163	0.00671	0.00728	0.01905	0.01396	0.47867	0.14482	0.03065	0.02253	0.00892	0.00577	0.00178	0.00414	0.18775	0.00584	0.00713
67	0.00637	0.00451	0.00592	0.00700	0.00727	0.00424	0.00461	0.00717	0.00960	0.01280	0.02714	0.74252	0.03250	0.09185	0.00839	0.00236	0.00317	0.01391	0.00461	0.00407
68	0.03844	0.17014	0.26339	0.01479	0.01955	0.03175	0.20737	0.03120	0.01087	0.01531	0.00867	0.01110	0.00690	0.00537	0.00685	0.00165	0.14315	0.00427	0.00240	0.00682
69	0.04853	0.01420	0.01262	0.01095	0.01371	0.21353	0.00861	0.11334	0.25795	0.09903	0.01680	0.01657	0.06466	0.00689	0.00608	0.00163	0.07843	0.00506	0.00429	0.00711

[dist]
# distance from previous block
# <min> <max>
0	2

[block]
# block no. 4 follows, 48 sequences, length 37
# corresponding to MSA columns:
# 295-331
name=unknown_E
#
# <colnr> <probs for GDERKNQSTAVLIFYWHMCP>
#	G	D	E	R	K	N	Q	S	T	A	V	L	I	F	Y	W	H	M	C	P
0	0.01497	0.17931	0.12253	0.05407	0.20518	0.06697	0.05644	0.11184	0.01340	0.11216	0.01062	0.01196	0.00805	0.00505	0.00473	0.00147	0.00630	0.00418	0.00321	0.00756
1	0.01389	0.01211	0.03931	0.02943	0.05790	0.06149	0.03658	0.14229	0.19329	0.06976	0.05488	0.01505	0.01211	0.00567	0.00483	0.00138	0.00498	0.00469	0.00413	0.23621
2	0.00684	0.00505	0.00640	0.00644	0.00750	0.00460	0.00468	0.00872	0.01296	0.01777	0.49314	0.23006	0.15240	0.01222	0.00618	0.00175	0.00258	0.01080	0.00530	0.00460
3	0.10424	0.01654	0.22183	0.01410	0.01894	0.06290	0.20226	0.04797	0.17369	0.06831	0.01249	0.01345	0.00914	0.00533	0.00507	0.00165	0.00655	0.00476	0.00344	0.00732
4	0.01118	0.23233	0.59505	0.01311	0.01987	0.01408	0.01633	0.01602	0.01073	0.01517	0.00867	0.01016	0.00652	0.00475	0.00447	0.00149	0.00704	0.00352	0.00217	0.00733
5	0.04155	0.01245	0.01069	0.01056	0.05264	0.27413	0.00729	0.06133	0.01080	0.01255	0.00878	0.01285	0.00797	0.01169	0.01251	0.43503	0.00622	0.00403	0.00260	0.00433
6	0.01046	0.01014	0.01423	0.01247	0.01258	0.01391	0.01026	0.01164	0.00804	0.01236	0.00901	0.06938	0.00932	0.01262	0.09931	0.00287	0.66823	0.00531	0.00248	0.00540
7	0.00670	0.00522	0.00608	0.00586	0.00732	0.00460	0.00440	0.00859	0.01319	0.01742	0.43997	0.04353	0.39537	0.01167	0.00606	0.00167	0.00250	0.01001	0.00523	0.00460
8	0.02409	0.00836	0.00915	0.00822	0.01055	0.00879	0.00637	0.08991	0.28554	0.05120	0.18902	0.05903	0.21012	0.00938	0.00561	0.00170	0.00348	0.00790	0.00519	0.00640
9	0.01706	0.01048	0.01231	0.01027	0.01348	0.01129	0.00825	0.09033	0.37957	0.30743	0.01899	0.01742	0.01338	0.00679	0.00594	0.00170	0.05625	0.00538	0.00544	0.00824
10	0.00679	0.00544	0.00611	0.00618	0.00760	0.00495	0.00454	0.00911	0.06135	0.01566	0.20466	0.19044	0.43338	0.01265	0.00610	0.00177	0.00273	0.01088	0.00499	0.00466
11	0.00631	0.00456	0.00607	0.00714	0.00753	0.00432	0.00484	0.00728	0.00979	0.01305	0.02821	0.73689	0.06015	0.01741	0.05761	0.00247	0.00366	0.01386	0.00463	0.00420
