[name]
unknown

[dist]
# distance from previous block
# <min> <max>
1	92

[block]
# block no. 0 follows, 37 sequences, length 19
# corresponding to MSA columns:
# 108-126
name=unknown_A
#
# <colnr> <probs for GDERKNQSTAVLIFYWHMCP>
#	G	D	E	R	K	N	Q	S	T	A	V	L	I	F	Y	W	H	M	C	P
0	0.00813	0.00606	0.00837	0.09770	0.01249	0.00611	0.00675	0.00941	0.01141	0.01513	0.02913	0.59252	0.03426	0.11954	0.01072	0.00289	0.00441	0.01487	0.00507	0.00502
1	0.01031	0.00702	0.00877	0.00821	0.01011	0.00657	0.00632	0.01383	0.06051	0.07658	0.50565	0.04576	0.15259	0.01258	0.00715	0.00200	0.00336	0.04987	0.00655	0.00626
2	0.01637	0.78856	0.03208	0.01047	0.01571	0.02422	0.01047	0.01833	0.01244	0.01440	0.00851	0.00982	0.00786	0.00524	0.00393	0.00131	0.00655	0.00327	0.00262	0.00786
3	0.01339	0.01339	0.01875	0.01607	0.01607	0.01875	0.01339	0.01473	0.00937	0.01473	0.00804	0.01339	0.00804	0.01071	0.02009	0.00268	0.77367	0.00536	0.00268	0.00670
4	0.00826	0.00594	0.00782	0.00798	0.00906	0.00551	0.00574	0.01053	0.01544	0.02155	0.50472	0.29302	0.05195	0.01476	0.00742	0.00211	0.00311	0.01320	0.00638	0.00551
5	0.01253	0.02988	0.66897	0.01843	0.02714	0.01436	0.10502	0.01941	0.01310	0.01941	0.01115	0.01334	0.00793	0.00574	0.00598	0.00195	0.00920	0.00484	0.00264	0.00895
6	0.01936	0.00891	0.01155	0.00962	0.01300	0.00794	0.00764	0.05109	0.01681	0.42569	0.13805	0.11536	0.12680	0.01073	0.00665	0.00199	0.00444	0.00909	0.00691	0.00837
7	0.01163	0.00645	0.00865	0.00892	0.01027	0.00587	0.00636	0.01314	0.01347	0.16515	0.10500	0.55146	0.03715	0.01615	0.00742	0.00231	0.00382	0.01448	0.00617	0.00616
8	0.01228	0.03166	0.75316	0.01745	0.02649	0.01422	0.02262	0.01939	0.01292	0.01939	0.01099	0.01292	0.00775	0.00582	0.00582	0.00194	0.00905	0.00452	0.00258	0.00905
9	0.01171	0.01602	0.18047	0.01781	0.02264	0.01182	0.30847	0.01597	0.01351	0.01860	0.04771	0.17717	0.05512	0.00971	0.00742	0.00217	0.02612	0.04633	0.00390	0.00733
10	0.07197	0.00686	0.00681	0.00649	0.00813	0.00711	0.00482	0.05622	0.01314	0.02281	0.01873	0.02341	0.01548	0.09835	0.00751	0.00201	0.00358	0.00589	0.61482	0.00582
11	0.01033	0.00668	0.00885	0.00941	0.01064	0.00648	0.00736	0.01223	0.01308	0.07089	0.08359	0.18026	0.06265	0.15545	0.04008	0.00342	0.00538	0.30227	0.00544	0.00551
12	0.01474	0.01486	0.04605	0.19674	0.14622	0.04202	0.24365	0.06258	0.06801	0.04002	0.03506	0.03629	0.01211	0.00649	0.00652	0.00199	0.00817	0.00653	0.00369	0.00827
13	0.01263	0.04043	0.16034	0.01375	0.01707	0.12512	0.08589	0.01594	0.03866	0.01652	0.01852	0.23188	0.01925	0.09207	0.03047	0.00272	0.05925	0.00894	0.00387	0.00670
14	0.01423	0.05581	0.04997	0.01166	0.01405	0.19751	0.00951	0.01622	0.01424	0.06718	0.07329	0.18783	0.10964	0.01185	0.00794	0.00208	0.08016	0.06564	0.00464	0.00653
15	0.01500	0.01696	0.10841	0.01843	0.06197	0.05637	0.22694	0.04617	0.15883	0.03635	0.03712	0.01727	0.01248	0.00667	0.00737	0.00192	0.06777	0.00608	0.00400	0.09390
16	0.01763	0.05813	0.08837	0.01665	0.04608	0.07919	0.20692	0.10238	0.04019	0.13307	0.01572	0.01806	0.01177	0.00660	0.00604	0.00184	0.00748	0.02263	0.11278	0.00848
17	0.01683	0.01287	0.01681	0.05404	0.18385	0.01340	0.01197	0.17503	0.12530	0.09857	0.02051	0.02297	0.07224	0.00804	0.00661	0.00190	0.02839	0.04352	0.00503	0.08214
18	0.08497	0.10098	0.04630	0.01338	0.01786	0.05845	0.11581	0.12831	0.07891	0.11503	0.10269	0.01902	0.01646	0.00711	0.00582	0.00178	0.00640	0.00598	0.02222	0.05250

[dist]
# distance from previous block
# <min> <max>
9	40

[block]
# block no. 1 follows, 37 sequences, length 6
# corresponding to MSA columns:
# 168-173
name=unknown_B
#
# <colnr> <probs for GDERKNQSTAVLIFYWHMCP>
#	G	D	E	R	K	N	Q	S	T	A	V	L	I	F	Y	W	H	M	C	P
0	0.01171	0.00712	0.00871	0.00866	0.01040	0.00666	0.00626	0.01442	0.07413	0.14730	0.03654	0.37904	0.18596	0.06264	0.00870	0.00247	0.00400	0.01302	0.00594	0.00630
1	0.01151	0.00664	0.00845	0.00838	0.01011	0.00591	0.00612	0.01318	0.01408	0.16183	0.13153	0.37805	0.19004	0.01522	0.00728	0.00220	0.00369	0.01338	0.00619	0.00619
2	0.13007	0.00713	0.00829	0.00841	0.01011	0.00705	0.00629	0.01382	0.01310	0.10446	0.09931	0.34289	0.03031	0.01322	0.00649	0.00214	0.00389	0.05886	0.12807	0.00608
3	0.44851	0.01098	0.01088	0.00930	0.01304	0.01163	0.00752	0.06250	0.01376	0.24088	0.01643	0.10250	0.01329	0.00790	0.00509	0.00196	0.00486	0.00591	0.00527	0.00778
4	0.56775	0.01226	0.01058	0.00920	0.01293	0.01403	0.00748	0.11545	0.09518	0.02843	0.01205	0.01298	0.00916	0.00631	0.00442	0.00187	0.00488	0.00419	0.06342	0.00742
5	0.06482	0.01159	0.01196	0.01048	0.01366	0.01291	0.00825	0.15611	0.33919	0.02688	0.02338	0.02299	0.06547	0.00818	0.00567	0.00187	0.00461	0.00656	0.19702	0.00839

[dist]
# distance from previous block
# <min> <max>
10	17

[block]
# block no. 2 follows, 37 sequences, length 8
# corresponding to MSA columns:
# 191-198
name=unknown_C
#
# <colnr> <probs for GDERKNQSTAVLIFYWHMCP>
#	G	D	E	R	K	N	Q	S	T	A	V	L	I	F	Y	W	H	M	C	P
0	0.01433	0.01276	0.01253	0.01235	0.04854	0.13036	0.00898	0.14760	0.07475	0.02155	0.08057	0.17581	0.09051	0.03233	0.00810	0.03321	0.00587	0.07771	0.00519	0.00695
1	0.09107	0.01365	0.01777	0.45251	0.11404	0.09390	0.01483	0.05121	0.01363	0.01854	0.01076	0.01472	0.00832	0.00599	0.00573	0.00187	0.00776	0.00498	0.00312	0.05560
2	0.00950	0.00585	0.00807	0.00822	0.00882	0.00570	0.00564	0.00896	0.00967	0.01311	0.01962	0.20802	0.04865	0.07719	0.10186	0.39241	0.00605	0.00887	0.00372	0.05009
3	0.01375	0.01284	0.02011	0.01800	0.09762	0.01318	0.21481	0.06605	0.24441	0.02195	0.02372	0.12534	0.08187	0.00914	0.00679	0.00208	0.00647	0.00871	0.00486	0.00829
4	0.00971	0.00825	0.00898	0.00949	0.01071	0.07722	0.00714	0.01167	0.01392	0.01799	0.18986	0.31099	0.07994	0.01799	0.06806	0.00290	0.00550	0.13868	0.00548	0.00552
5	0.01475	0.00892	0.01101	0.00979	0.01238	0.00868	0.00773	0.13970	0.01803	0.16706	0.25847	0.14167	0.08568	0.01221	0.00702	0.00208	0.00439	0.07663	0.00647	0.00733
6	0.01509	0.00945	0.01161	0.00899	0.01319	0.00764	0.00716	0.01765	0.01488	0.20234	0.15663	0.02530	0.08928	0.00783	0.00570	0.00145	0.00426	0.00653	0.00539	0.38962
7	0.02151	0.01559	0.01699	0.01316	0.01794	0.01676	0.01078	0.52744	0.10528	0.08111	0.01604	0.01579	0.01150	0.00717	0.00597	0.00177	0.00619	0.00551	0.00596	0.09758

[dist]
# distance from previous block
# <min> <max>
3	7

[block]
# block no. 3 follows, 37 sequences, length 56
# corresponding to MSA columns:
# 206-248,250-262
name=unknown_D
#
# <colnr> <probs for GDERKNQSTAVLIFYWHMCP>
#	G	D	E	R	K	N	Q	S	T	A	V	L	I	F	Y	W	H	M	C	P
0	0.20266	0.01192	0.01342	0.01078	0.01505	0.01216	0.00882	0.14620	0.08259	0.36429	0.05674	0.01884	0.01499	0.00744	0.00569	0.00190	0.00521	0.00574	0.00632	0.00927
1	0.01643	0.00825	0.01074	0.00981	0.01234	0.00769	0.00743	0.01980	0.08707	0.31479	0.08778	0.33658	0.02949	0.01284	0.00693	0.00216	0.00430	0.01128	0.00659	0.00771
2	0.00807	0.00546	0.00685	0.00792	0.00857	0.00511	0.00540	0.00948	0.01215	0.01697	0.04730	0.60169	0.08423	0.01695	0.00722	0.00228	0.00340	0.01518	0.13064	0.00511
3	0.00880	0.00592	0.00776	0.00819	0.00902	0.00610	0.00586	0.01057	0.01152	0.01681	0.08498	0.27492	0.02793	0.10249	0.24490	0.00490	0.00763	0.01058	0.14591	0.00519
4	0.54387	0.01086	0.01013	0.00886	0.01256	0.01173	0.00731	0.01983	0.01261	0.18807	0.04566	0.01882	0.02606	0.00734	0.00484	0.00196	0.00479	0.05243	0.00492	0.00734
5	0.06370	0.00798	0.00981	0.00846	0.01129	0.00720	0.00666	0.01747	0.01622	0.26753	0.30352	0.03818	0.19521	0.01112	0.00666	0.00194	0.00383	0.00937	0.00661	0.00725
6	0.01235	0.01057	0.01692	0.02363	0.39152	0.01049	0.01290	0.01500	0.01375	0.01927	0.14992	0.03094	0.02338	0.07594	0.00997	0.05782	0.00598	0.10813	0.00412	0.00740
7	0.01978	0.01254	0.01320	0.01139	0.02712	0.09768	0.00873	0.14097	0.03466	0.26238	0.01964	0.07170	0.01563	0.07448	0.00854	0.00219	0.03377	0.00669	0.13071	0.00820
8	0.00869	0.00619	0.00822	0.00826	0.00939	0.00638	0.00613	0.01075	0.01240	0.01763	0.19845	0.11965	0.09205	0.08513	0.30765	0.00540	0.00857	0.00954	0.07417	0.00535
9	0.01434	0.02151	0.25230	0.01300	0.01692	0.24316	0.01237	0.01714	0.01283	0.01528	0.01354	0.02223	0.01308	0.28993	0.01496	0.00328	0.00853	0.00594	0.00317	0.00649
10	0.08172	0.01379	0.11623	0.12746	0.28100	0.01180	0.01428	0.01610	0.01391	0.02051	0.15645	0.02425	0.08176	0.00785	0.00617	0.00191	0.00622	0.00687	0.00393	0.00779
11	0.00913	0.00609	0.00791	0.00803	0.00892	0.00641	0.00579	0.01096	0.01130	0.01674	0.10104	0.12015	0.02450	0.17580	0.29793	0.00569	0.00869	0.00866	0.16113	0.00514
12	0.01073	0.00883	0.01337	0.40286	0.02599	0.01045	0.01151	0.01362	0.01209	0.01680	0.07026	0.08752	0.01751	0.10739	0.01001	0.00251	0.04637	0.00736	0.11881	0.00601
13	0.01447	0.01502	0.01224	0.01156	0.01335	0.28210	0.00878	0.01643	0.01369	0.01664	0.07009	0.08458	0.01751	0.01881	0.20734	0.00393	0.06165	0.00667	0.11899	0.00616
14	0.01282	0.01359	0.08251	0.08049	0.28498	0.01319	0.06990	0.01588	0.01194	0.01712	0.01185	0.01681	0.01026	0.01491	0.15082	0.05898	0.11768	0.00569	0.00295	0.00761
15	0.01061	0.11854	0.01460	0.28081	0.02175	0.01111	0.01030	0.01338	0.01325	0.01696	0.08306	0.03351	0.22825	0.01057	0.01938	0.00208	0.00574	0.04697	0.05288	0.00624
16	0.01408	0.21141	0.02129	0.01488	0.07860	0.11942	0.11936	0.01696	0.01535	0.01946	0.27738	0.02456	0.02643	0.00805	0.00604	0.00173	0.00649	0.00700	0.00430	0.00721
17	0.01045	0.01644	0.28166	0.11703	0.02067	0.01068	0.01426	0.01442	0.01267	0.01782	0.07396	0.23441	0.02282	0.01127	0.00769	0.00222	0.05841	0.06217	0.00402	0.00694
18	0.08653	0.01239	0.01708	0.30276	0.13791	0.01410	0.01363	0.05794	0.19700	0.07647	0.01552	0.01749	0.01157	0.00671	0.00594	0.00198	0.00659	0.00569	0.00429	0.00842
19	0.01427	0.03152	0.13503	0.02412	0.26882	0.01426	0.17374	0.02114	0.14353	0.02096	0.01470	0.01705	0.01140	0.00610	0.00612	0.00189	0.00740	0.00595	0.07311	0.00890
20	0.00771	0.00577	0.00712	0.00772	0.00875	0.00522	0.00541	0.00930	0.01353	0.01786	0.20564	0.41670	0.21955	0.03037	0.00795	0.00231	0.00333	0.01466	0.00589	0.00519
21	0.01557	0.08838	0.33493	0.01447	0.02071	0.01547	0.01546	0.08460	0.25226	0.07214	0.01656	0.01660	0.01209	0.00683	0.00584	0.00192	0.00699	0.00540	0.00443	0.00936
22	0.01605	0.01641	0.05309	0.17827	0.08448	0.11741	0.10944	0.13500	0.12307	0.02169	0.01407	0.01667	0.01086	0.00955	0.06465	0.00253	0.00873	0.00575	0.00396	0.00828
23	0.00777	0.00556	0.00707	0.00801	0.00852	0.00520	0.00532	0.00886	0.01192	0.01587	0.09400	0.55426	0.08801	0.13600	0.01131	0.00294	0.00383	0.01524	0.00547	0.00486
24	0.00784	0.00605	0.00715	0.00724	0.00873	0.00537	0.00529	0.00982	0.01484	0.01950	0.32354	0.19360	0.33892	0.01504	0.00734	0.00209	0.00310	0.01306	0.00610	0.00537
25	0.07046	0.01418	0.07572	0.20654	0.18450	0.01418	0.08351	0.01902	0.01306	0.12190	0.01245	0.01558	0.00944	0.00674	0.00818	0.00205	0.12521	0.00549	0.00357	0.00823
26	0.02031	0.01363	0.01519	0.01255	0.01671	0.01483	0.01007	0.22548	0.37190	0.19739	0.02189	0.02010	0.01556	0.00787	0.00618	0.00197	0.00546	0.00635	0.00651	0.01006
27	0.00764	0.00598	0.00678	0.00731	0.00865	0.00532	0.00527	0.00901	0.01287	0.01600	0.04779	0.27109	0.42157	0.08230	0.00954	0.00258	0.00367	0.06610	0.00551	0.00502
28	0.01477	0.35266	0.39420	0.01437	0.02137	0.07218	0.01669	0.01930	0.01304	0.01695	0.00983	0.01147	0.00781	0.00561	0.00499	0.00165	0.00813	0.00395	0.00264	0.00840
29	0.01519	0.07243	0.23897	0.01655	0.02186	0.07779	0.16075	0.06783	0.01461	0.07190	0.01506	0.11785	0.01325	0.00805	0.00723	0.00200	0.05987	0.00693	0.00377	0.00812
30	0.00884	0.00619	0.00797	0.00797	0.00842	0.00664	0.00532	0.00973	0.00929	0.01283	0.01810	0.03350	0.01941	0.48200	0.33013	0.00753	0.01022	0.00794	0.00353	0.00443
31	0.31162	0.38915	0.13445	0.01066	0.01596	0.01886	0.01094	0.01837	0.01178	0.01993	0.00890	0.01034	0.00739	0.00549	0.00417	0.00162	0.00627	0.00348	0.00304	0.00759
32	0.01941	0.02083	0.01604	0.01446	0.01723	0.40145	0.01126	0.02419	0.15689	0.07028	0.01514	0.01887	0.01267	0.00821	0.00790	0.00194	0.11210	0.05924	0.00420	0.00768
33	0.07853	0.00897	0.01071	0.00889	0.01227	0.00851	0.00715	0.02347	0.05827	0.39005	0.02155	0.02089	0.01495	0.00732	0.00531	0.00173	0.00429	0.00583	0.30293	0.00838
34	0.01044	0.00683	0.00828	0.00820	0.01023	0.00609	0.00649	0.01251	0.01477	0.10617	0.15408	0.10637	0.35554	0.01465	0.00739	0.00221	0.00387	0.15387	0.00606	0.00597
35	0.01357	0.01293	0.02199	0.36039	0.43624	0.01413	0.01800	0.01740	0.01319	0.01808	0.01123	0.01567	0.00902	0.00575	0.00609	0.00192	0.00766	0.00545	0.00289	0.00842
36	0.01310	0.01246	0.02115	0.45495	0.34530	0.01401	0.01777	0.01699	0.01297	0.01752	0.01115	0.01582	0.00882	0.00583	0.00609	0.00194	0.00778	0.00545	0.00285	0.00805
37	0.01891	0.01951	0.01461	0.01363	0.01642	0.39836	0.01068	0.08064	0.01713	0.07336	0.01848	0.07889	0.01779	0.01005	0.00652	0.00200	0.00836	0.18303	0.00454	0.00712
38	0.00844	0.00603	0.00820	0.00946	0.01029	0.00580	0.00721	0.01030	0.01306	0.01737	0.09377	0.45873	0.04004	0.01778	0.00800	0.00256	0.00425	0.26767	0.00576	0.00528
39	0.01059	0.00852	0.00982	0.01005	0.01189	0.00901	0.00758	0.01787	0.27617	0.01974	0.03373	0.32172	0.11625	0.01447	0.00725	0.00233	0.00425	0.10608	0.00588	0.00680
40	0.00920	0.00613	0.00769	0.00769	0.00829	0.00653	0.00523	0.01040	0.00980	0.01427	0.01833	0.03178	0.01879	0.40554	0.29324	0.00672	0.00931	0.00760	0.11883	0.00463
41	0.00814	0.00602	0.00688	0.00715	0.00811	0.00558	0.00486	0.00923	0.01203	0.01541	0.09169	0.16258	0.27877	0.29636	0.01611	0.00358	0.00434	0.05344	0.00504	0.00468
42	0.02124	0.02674	0.02096	0.01770	0.02144	0.61684	0.14909	0.02351	0.01679	0.01587	0.01002	0.01209	0.00816	0.00609	0.00585	0.00167	0.01090	0.00457	0.00314	0.00732
43	0.01228	0.03166	0.75316	0.01745	0.02649	0.01422	0.02262	0.01939	0.01292	0.01939	0.01099	0.01292	0.00775	0.00582	0.00582	0.00194	0.00905	0.00452	0.00258	0.00905
44	0.00945	0.00747	0.00901	0.06615	0.01251	0.00724	0.00715	0.06594	0.01543	0.01980	0.17066	0.10573	0.35457	0.01409	0.00728	0.00216	0.00412	0.10972	0.00568	0.00586
45	0.00869	0.00770	0.01120	0.00967	0.01198	0.00688	0.11543	0.01084	0.01398	0.01779	0.14941	0.11161	0.41913	0.06720	0.00894	0.00235	0.00441	0.01188	0.00530	0.00561
46	0.00937	0.00802	0.01048	0.00982	0.01090	0.00929	0.00767	0.01100	0.01128	0.01530	0.05608	0.03494	0.25475	0.08201	0.25410	0.00500	0.19168	0.00870	0.00408	0.00554
47	0.40498	0.00999	0.00988	0.00972	0.01246	0.01102	0.00812	0.06926	0.01326	0.02406	0.01965	0.09159	0.01997	0.01095	0.00598	0.00227	0.00512	0.26051	0.00479	0.00643
48	0.01773	0.01993	0.02080	0.14127	0.34262	0.31753	0.01568	0.02060	0.01506	0.01729	0.01058	0.01366	0.00872	0.00590	0.00585	0.00175	0.00894	0.00484	0.00303	0.00819
49	0.07716	0.12959	0.23521	0.01991	0.02658	0.01622	0.37038	0.01924	0.01342	0.01942	0.01114	0.01405	0.00845	0.00540	0.00610	0.00191	0.00900	0.00560	0.00294	0.00830
50	0.01469	0.01093	0.01852	0.37873	0.02996	0.01187	0.11351	0.01833	0.01408	0.15874	0.07230	0.02418	0.01594	0.00781	0.00682	0.00209	0.02059	0.06913	0.00428	0.00752
51	0.01036	0.01692	0.28237	0.01434	0.07306	0.01003	0.06815	0.01448	0.01390	0.01876	0.09383	0.03441	0.30435	0.01015	0.00663	0.00199	0.00613	0.00869	0.00424	0.00722
52	0.13018	0.13308	0.01483	0.01100	0.01377	0.16608	0.00862	0.11169	0.01511	0.02008	0.01874	0.29180	0.01993	0.01089	0.00595	0.00195	0.00615	0.00887	0.00448	0.00682
53	0.01319	0.00929	0.01020	0.00898	0.01152	0.00945	0.00687	0.16049	0.07769	0.07107	0.03456	0.03675	0.28129	0.12576	0.06438	0.00309	0.00549	0.00895	0.05415	0.00683
54	0.00970	0.01535	0.27951	0.01192	0.01585	0.00876	0.01241	0.01348	0.01334	0.01853	0.11235	0.25720	0.07870	0.01292	0.00707	0.00224	0.00575	0.11358	0.00467	0.00667
55	0.01624	0.07490	0.07509	0.27029	0.08127	0.01590	0.01432	0.27490	0.01843	0.02452	0.01373	0.06795	0.01129	0.00733	0.00604	0.00192	0.00720	0.00606	0.00417	0.00846

[dist]
# distance from previous block
# <min> <max>
2	6

[block]
# block no. 4 follows, 37 sequences, length 53
# corresponding to MSA columns:
# 269-315,317-322
name=unknown_E
#
# <colnr> <probs for GDERKNQSTAVLIFYWHMCP>
#	G	D	E	R	K	N	Q	S	T	A	V	L	I	F	Y	W	H	M	C	P
0	0.01313	0.13742	0.01685	0.06510	0.16908	0.13069	0.01051	0.01536	0.01413	0.01662	0.03108	0.03141	0.30601	0.00966	0.00611	0.00181	0.00613	0.00788	0.00404	0.00697
1	0.01455	0.12388	0.54521	0.01604	0.02394	0.01623	0.01934	0.13265	0.01541	0.02184	0.01127	0.01282	0.00819	0.00599	0.00563	0.00184	0.00836	0.00453	0.00316	0.00912
2	0.01029	0.00857	0.01248	0.31679	0.02311	0.00969	0.01092	0.01382	0.05870	0.01626	0.02365	0.10923	0.07908	0.13530	0.01085	0.00286	0.00624	0.14201	0.00419	0.00596
3	0.01580	0.00758	0.01020	0.00931	0.01166	0.00677	0.00704	0.01777	0.01523	0.31480	0.17746	0.32066	0.03383	0.01310	0.00702	0.00213	0.00408	0.01154	0.00667	0.00734
4	0.14150	0.00976	0.08263	0.10885	0.01510	0.00862	0.00884	0.01207	0.01064	0.01660	0.07261	0.11378	0.01693	0.01429	0.01322	0.33356	0.00555	0.00691	0.00355	0.00501
5	0.07091	0.32918	0.02105	0.01144	0.01554	0.19646	0.00990	0.02062	0.01451	0.13276	0.01630	0.01897	0.05897	0.00733	0.00517	0.00165	0.00702	0.05056	0.00401	0.00768
6	0.01219	0.00646	0.00654	0.00625	0.00791	0.00658	0.00476	0.06094	0.01388	0.02385	0.01962	0.02229	0.01534	0.00715	0.00440	0.00145	0.00311	0.00569	0.76558	0.00601
7	0.01046	0.00753	0.00850	0.00800	0.01031	0.00704	0.00619	0.01449	0.10957	0.08243	0.19984	0.04858	0.40223	0.01331	0.00707	0.00206	0.00359	0.04627	0.00614	0.00636
8	0.06802	0.01910	0.24358	0.06162	0.07543	0.01499	0.01478	0.08487	0.30638	0.02389	0.01681	0.01726	0.01250	0.00694	0.00591	0.00198	0.00668	0.00562	0.00448	0.00918
9	0.02352	0.01796	0.01554	0.01286	0.01682	0.26430	0.01019	0.19522	0.01979	0.26820	0.01655	0.01622	0.01160	0.00706	0.00577	0.00173	0.00734	0.00522	0.07520	0.00889
10	0.01938	0.00904	0.01072	0.00885	0.01205	0.00869	0.00711	0.10950	0.01672	0.31920	0.02100	0.02100	0.01481	0.00734	0.00527	0.00167	0.00429	0.00586	0.38929	0.00820
11	0.01297	0.01181	0.01710	0.02294	0.36844	0.01201	0.01272	0.01914	0.17526	0.02084	0.08019	0.02863	0.17445	0.00880	0.00644	0.00194	0.00550	0.00782	0.00460	0.00842
12	0.01453	0.02388	0.43531	0.02404	0.28073	0.01391	0.02016	0.02002	0.01366	0.07886	0.01224	0.01435	0.00904	0.00583	0.00593	0.00189	0.00811	0.00499	0.00315	0.00939
13	0.01790	0.00917	0.01171	0.00985	0.01305	0.00869	0.00781	0.02287	0.13264	0.34086	0.31512	0.03122	0.03295	0.00969	0.00660	0.00194	0.00421	0.00827	0.00702	0.00842
14	0.01059	0.00902	0.00946	0.00886	0.01144	0.00929	0.00678	0.01862	0.30605	0.02089	0.10536	0.04320	0.39206	0.01234	0.00683	0.00206	0.00379	0.01034	0.00599	0.00705
15	0.07850	0.01990	0.31323	0.01761	0.13585	0.06120	0.01568	0.01707	0.01228	0.01836	0.01233	0.01613	0.01016	0.01736	0.22360	0.00417	0.01067	0.00512	0.00299	0.00779
16	0.01195	0.16323	0.14358	0.00996	0.01402	0.01138	0.00968	0.01561	0.06082	0.07206	0.03498	0.09792	0.30963	0.01106	0.00625	0.00192	0.00512	0.00906	0.00472	0.00704
17	0.00783	0.00577	0.00740	0.00844	0.00930	0.00534	0.00607	0.00934	0.01282	0.01680	0.09136	0.51231	0.15835	0.01777	0.00776	0.00242	0.00370	0.10636	0.00576	0.00515
18	0.00972	0.00753	0.01063	0.01020	0.01104	0.00911	0.00793	0.01162	0.00992	0.01477	0.01562	0.02375	0.01483	0.10705	0.51152	0.00764	0.13579	0.00652	0.06929	0.00552
19	0.17038	0.37154	0.10236	0.12943	0.02054	0.01904	0.01217	0.07858	0.01347	0.01969	0.00968	0.01161	0.00788	0.00570	0.00463	0.00165	0.00674	0.00395	0.00315	0.00781
20	0.02008	0.00918	0.01227	0.01018	0.01337	0.00873	0.00804	0.05758	0.01500	0.43118	0.02111	0.02411	0.01599	0.13060	0.18936	0.00437	0.00805	0.00662	0.00591	0.00826
21	0.01200	0.00923	0.01047	0.00956	0.01206	0.00966	0.00735	0.02050	0.30729	0.05835	0.31966	0.03720	0.13971	0.01101	0.00677	0.00201	0.00382	0.00943	0.00642	0.00749
22	0.01366	0.01308	0.02207	0.33099	0.35580	0.01428	0.06355	0.01868	0.07175	0.01866	0.01240	0.01634	0.00978	0.00593	0.00617	0.00194	0.00763	0.00568	0.00317	0.00843
23	0.01524	0.01345	0.06777	0.08771	0.31434	0.01227	0.06748	0.01969	0.05833	0.12636	0.08937	0.02237	0.06361	0.00735	0.00635	0.00192	0.00654	0.00676	0.00437	0.00872
24	0.00751	0.00537	0.00716	0.00858	0.00896	0.00502	0.00577	0.00862	0.01177	0.01569	0.03371	0.76517	0.04037	0.01913	0.00783	0.00249	0.00360	0.03258	0.00568	0.00499
25	0.01228	0.03166	0.75316	0.01745	0.02649	0.01422	0.02262	0.01939	0.01292	0.01939	0.01099	0.01292	0.00775	0.00582	0.00582	0.00194	0.00905	0.00452	0.00258	0.00905
26	0.01631	0.01720	0.19754	0.08078	0.06961	0.01342	0.06730	0.06325	0.19388	0.14846	0.02773	0.03874	0.02315	0.00734	0.00623	0.00199	0.00681	0.00633	0.00481	0.00911
27	0.01453	0.25877	0.09018	0.15672	0.21117	0.01754	0.13267	0.01827	0.01316	0.01734	0.01056	0.01372	0.00861	0.00549	0.00557	0.00175	0.00786	0.00498	0.00282	0.00831
28	0.01097	0.00849	0.01026	0.00991	0.01177	0.00951	0.00764	0.01773	0.23577	0.01871	0.02347	0.02973	0.06502	0.08247	0.31316	0.00549	0.00936	0.04951	0.07436	0.00666
29	0.01180	0.01225	0.09759	0.01009	0.01455	0.00906	0.00892	0.01687	0.10426	0.02176	0.20997	0.03422	0.02367	0.00752	0.00566	0.00147	0.00464	0.00635	0.00470	0.39465
30	0.00743	0.00543	0.00700	0.00825	0.00881	0.00500	0.00556	0.00855	0.01199	0.01573	0.03712	0.69459	0.12460	0.01874	0.00774	0.00244	0.00350	0.01687	0.00568	0.00500
31	0.01250	0.01111	0.01448	0.18497	0.02081	0.01161	0.01052	0.01757	0.12807	0.01887	0.01463	0.07747	0.01282	0.00746	0.00738	0.00170	0.10141	0.00590	0.00388	0.33685
32	0.01818	0.16846	0.20865	0.01267	0.01831	0.01446	0.01283	0.05052	0.12243	0.23211	0.04836	0.01757	0.01385	0.00690	0.00565	0.00179	0.00635	0.00541	0.00492	0.03058
33	0.01269	0.02076	0.33965	0.27547	0.19603	0.01408	0.01985	0.01799	0.01292	0.01826	0.01107	0.01457	0.00833	0.00584	0.00597	0.00195	0.00834	0.00504	0.00273	0.00844
34	0.00902	0.00610	0.00844	0.00853	0.00908	0.00661	0.00599	0.00971	0.00938	0.01303	0.01737	0.07373	0.01813	0.25828	0.38171	0.13851	0.01076	0.00771	0.00345	0.00447
35	0.29421	0.13634	0.01651	0.01126	0.01552	0.12864	0.00939	0.15958	0.03190	0.12578	0.01238	0.01280	0.00919	0.00635	0.00491	0.00175	0.00643	0.00430	0.00454	0.00822
36	0.01741	0.05439	0.05726	0.01858	0.11167	0.01480	0.17639	0.21063	0.02710	0.08696	0.01399	0.01604	0.01059	0.00931	0.06721	0.00243	0.00815	0.00572	0.00435	0.08703
37	0.01173	0.00691	0.00922	0.00885	0.01042	0.00688	0.00656	0.01334	0.01188	0.14642	0.02673	0.15182	0.11149	0.15039	0.29259	0.00563	0.00898	0.00940	0.00480	0.00595
38	0.00874	0.00656	0.00984	0.00984	0.01093	0.00765	0.00765	0.01093	0.00984	0.01421	0.01640	0.02405	0.01530	0.04591	0.76062	0.00984	0.01640	0.00656	0.00328	0.00547
39	0.02121	0.28865	0.08085	0.01166	0.01686	0.01618	0.01092	0.12559	0.01698	0.30873	0.03458	0.01604	0.01237	0.00670	0.00536	0.00168	0.00616	0.00503	0.00518	0.00928
40	0.01312	0.01084	0.01349	0.00990	0.01501	0.00847	0.03846	0.02690	0.01313	0.04578	0.01297	0.06350	0.01137	0.00567	0.00495	0.00111	0.00478	0.00480	0.00392	0.69184
41	0.00858	0.00630	0.00826	0.00933	0.01050	0.00598	0.00739	0.01062	0.01350	0.01755	0.08335	0.29925	0.15213	0.01714	0.00797	0.00253	0.00437	0.32415	0.00573	0.00535
42	0.01228	0.03166	0.75316	0.01745	0.02649	0.01422	0.02262	0.01939	0.01292	0.01939	0.01099	0.01292	0.00775	0.00582	0.00582	0.00194	0.00905	0.00452	0.00258	0.00905
43	0.01816	0.09412	0.24665	0.01457	0.02060	0.01751	0.01467	0.34943	0.11496	0.02865	0.01430	0.01475	0.01043	0.00680	0.00583	0.00185	0.00719	0.00518	0.00471	0.00965
44	0.00760	0.00539	0.00706	0.00834	0.00866	0.00507	0.00549	0.00856	0.01144	0.01526	0.03232	0.70809	0.03869	0.09441	0.01011	0.00282	0.00379	0.01657	0.00549	0.00485
45	0.01359	0.13060	0.30722	0.25138	0.09749	0.06349	0.01810	0.01834	0.01302	0.01729	0.01055	0.01363	0.00809	0.00583	0.00565	0.00185	0.00838	0.00468	0.00271	0.00812
46	0.01663	0.24756	0.32716	0.01483	0.02115	0.19048	0.01591	0.06659	0.01485	0.01819	0.01016	0.01171	0.00799	0.00586	0.00522	0.00167	0.00864	0.00409	0.00296	0.00834
47	0.01141	0.00571	0.00571	0.00571	0.00713	0.00571	0.00428	0.01426	0.01284	0.02282	0.01997	0.02282	0.01569	0.00713	0.00428	0.00143	0.00285	0.00571	0.81886	0.00571
48	0.01337	0.23304	0.56131	0.01559	0.02362	0.01688	0.01939	0.01910	0.01279	0.01806	0.01033	0.01210	0.00778	0.00566	0.00531	0.00177	0.00838	0.00419	0.00259	0.00873
49	0.00951	0.00649	0.00876	0.00867	0.01011	0.00652	0.00655	0.01157	0.01288	0.06524	0.18027	0.15536	0.14405	0.02724	0.31188	0.00524	0.00864	0.01023	0.00506	0.00573
50	0.00890	0.00593	0.00668	0.00668	0.00668	0.00593	0.00371	0.00890	0.00890	0.01187	0.01929	0.04006	0.02225	0.78487	0.03116	0.00593	0.00593	0.00890	0.00371	0.00371
51	0.01597	0.01556	0.05231	0.09091	0.45629	0.01528	0.10579	0.13215	0.01621	0.02255	0.01206	0.01526	0.00956	0.00579	0.00621	0.00187	0.00771	0.00565	0.00349	0.00937
52	0.01725	0.02352	0.14344	0.02029	0.02572	0.29128	0.32365	0.02180	0.03963	0.01806	0.01150	0.01412	0.00884	0.00580	0.00633	0.00186	0.01020	0.00556	0.00314	0.00800

[dist]
# distance from previous block
# <min> <max>
1	5

[block]
# block no. 5 follows, 37 sequences, length 6
# corresponding to MSA columns:
# 333-338
name=unknown_F
#
# <colnr> <probs for GDERKNQSTAVLIFYWHMCP>
#	G	D	E	R	K	N	Q	S	T	A	V	L	I	F	Y	W	H	M	C	P
0	0.01693	0.17236	0.01591	0.00982	0.01342	0.01216	0.00827	0.11231	0.01758	0.21047	0.24929	0.02883	0.08920	0.00929	0.00611	0.00179	0.00478	0.00760	0.00592	0.00797
1	0.01424	0.00951	0.01303	0.08842	0.06426	0.00938	0.00941	0.01811	0.08135	0.16042	0.01942	0.13352	0.01713	0.01655	0.16387	0.00349	0.00757	0.00742	0.00475	0.15815
2	0.02138	0.01945	0.01808	0.01639	0.08332	0.20680	0.01206	0.39257	0.11838	0.02920	0.01444	0.01489	0.01080	0.00704	0.00598	0.00180	0.00763	0.00529	0.00511	0.00941
3	0.01392	0.01321	0.02108	0.01610	0.01997	0.01353	0.22276	0.08749	0.01399	0.02011	0.01332	0.09002	0.01213	0.00785	0.00936	0.00190	0.18127	0.00664	0.00371	0.23162
4	0.01802	0.01470	0.01868	0.16763	0.15240	0.01643	0.01361	0.33157	0.15352	0.02834	0.01526	0.01660	0.01137	0.00695	0.00613	0.00192	0.00676	0.00575	0.00492	0.00944
5	0.01582	0.06476	0.01854	0.01718	0.11359	0.08486	0.05607	0.02054	0.12203	0.09224	0.01760	0.02582	0.01565	0.00936	0.00935	0.00219	0.16716	0.13494	0.00437	0.00793

[dist]
# distance from previous block
# <min> <max>
0	10

[block]
# block no. 6 follows, 37 sequences, length 15
# corresponding to MSA columns:
# 349-363
name=unknown_G
#
# <colnr> <probs for GDERKNQSTAVLIFYWHMCP>
#	G	D	E	R	K	N	Q	S	T	A	V	L	I	F	Y	W	H	M	C	P
0	0.01075	0.00694	0.00921	0.00922	0.01102	0.00651	0.00753	0.01345	0.01583	0.08937	0.34909	0.05335	0.10355	0.01397	0.00759	0.00227	0.00416	0.27376	0.00631	0.00611
1	0.01451	0.01633	0.03507	0.02690	0.09876	0.01539	0.65853	0.01953	0.01440	0.01964	0.01230	0.01638	0.00933	0.00519	0.00712	0.00204	0.01004	0.00706	0.00309	0.00839
2	0.02327	0.01715	0.01837	0.01408	0.01898	0.01898	0.01163	0.72628	0.02878	0.03858	0.01470	0.01470	0.01041	0.00735	0.00612	0.00184	0.00674	0.00551	0.00612	0.01041
3	0.01399	0.01516	0.02862	0.02160	0.02511	0.01689	0.41728	0.01750	0.01226	0.01750	0.01051	0.01516	0.00875	0.00756	0.01278	0.00233	0.34008	0.00642	0.00292	0.00758
4	0.00986	0.00595	0.00706	0.00714	0.00805	0.00620	0.00504	0.01169	0.01100	0.01739	0.01972	0.07195	0.01878	0.22273	0.19729	0.00474	0.00703	0.00744	0.35586	0.00508
5	0.00757	0.00542	0.00721	0.00844	0.00890	0.00505	0.00569	0.00882	0.01226	0.01649	0.10255	0.70960	0.04216	0.01853	0.00776	0.00243	0.00349	0.01679	0.00578	0.00505
6	0.00881	0.00657	0.00838	0.00945	0.01035	0.00658	0.00684	0.01218	0.10265	0.01730	0.03243	0.57465	0.03694	0.01746	0.00772	0.00249	0.00404	0.12377	0.00574	0.00567
7	0.01092	0.01001	0.01660	0.65097	0.03695	0.01225	0.01523	0.01453	0.01216	0.01564	0.01446	0.13597	0.01322	0.00816	0.00638	0.00211	0.00744	0.00731	0.00318	0.00651
8	0.00756	0.00541	0.00719	0.00845	0.00890	0.00504	0.00569	0.00878	0.01220	0.01638	0.09402	0.71844	0.04195	0.01861	0.00776	0.00244	0.00350	0.01686	0.00577	0.00504
9	0.02301	0.01149	0.01420	0.01132	0.01555	0.01122	0.00920	0.13789	0.13165	0.45277	0.09476	0.02267	0.01922	0.00815	0.00627	0.00192	0.00516	0.00667	0.00705	0.00984
10	0.00753	0.00536	0.00708	0.00844	0.00878	0.00502	0.00559	0.00854	0.01159	0.01545	0.03306	0.74621	0.03963	0.05501	0.00891	0.00265	0.00366	0.01700	0.00559	0.00491
11	0.02176	0.01208	0.01432	0.01180	0.01598	0.01242	0.00948	0.07747	0.33633	0.38217	0.02386	0.02131	0.01640	0.00788	0.00619	0.00197	0.00515	0.00645	0.00688	0.01009
12	0.00783	0.00625	0.00706	0.00715	0.00892	0.00548	0.00546	0.00980	0.01467	0.01858	0.22164	0.09135	0.47923	0.01509	0.00737	0.00212	0.00331	0.07739	0.00593	0.00535
13	0.08827	0.01121	0.01313	0.01120	0.01481	0.01163	0.00901	0.11826	0.18172	0.27939	0.02249	0.08294	0.01782	0.01149	0.05468	0.00254	0.00590	0.04839	0.00621	0.00889
14	0.01822	0.01394	0.01478	0.01232	0.01614	0.01566	0.00985	0.32994	0.33986	0.03086	0.01988	0.01932	0.01474	0.00774	0.00594	0.00189	0.00541	0.00616	0.10784	0.00950

[dist]
# distance from previous block
# <min> <max>
1	1

[block]
# block no. 7 follows, 37 sequences, length 6
# corresponding to MSA columns:
# 366-371
name=unknown_H
#
# <colnr> <probs for GDERKNQSTAVLIFYWHMCP>
#	G	D	E	R	K	N	Q	S	T	A	V	L	I	F	Y	W	H	M	C	P
0	0.01246	0.00888	0.01082	0.00992	0.01270	0.00836	0.00770	0.01744	0.14747	0.08926	0.08293	0.22822	0.02731	0.01176	0.00663	0.00198	0.00442	0.10730	0.00556	0.19887
1	0.01977	0.01700	0.09003	0.01905	0.14322	0.01610	0.08341	0.34164	0.08008	0.10441	0.01540	0.01609	0.01110	0.00677	0.00620	0.00189	0.00708	0.00576	0.00513	0.00989
2	0.01072	0.08612	0.01024	0.00803	0.01015	0.00756	0.00617	0.01240	0.01389	0.10187	0.11416	0.26594	0.30150	0.01434	0.00695	0.00208	0.00381	0.01231	0.00570	0.00605
3	0.08518	0.08881	0.01605	0.01176	0.01570	0.01441	0.00982	0.31482	0.02017	0.16267	0.01933	0.09930	0.01667	0.00936	0.00617	0.00198	0.00582	0.08746	0.00576	0.00875
4	0.10744	0.16022	0.22151	0.04645	0.02231	0.01507	0.18798	0.01780	0.01352	0.02005	0.11598	0.01775	0.01523	0.00651	0.00579	0.00185	0.00748	0.00580	0.00346	0.00779
5	0.00880	0.00711	0.00985	0.17379	0.01640	0.00727	0.00832	0.01120	0.01382	0.01808	0.19296	0.21758	0.19862	0.01379	0.00724	0.00220	0.00450	0.07756	0.00527	0.00566

[dist]
# distance from previous block
# <min> <max>
1	2

[block]
# block no. 8 follows, 37 sequences, length 23
# corresponding to MSA columns:
# 376-398
name=unknown_I
#
# <colnr> <probs for GDERKNQSTAVLIFYWHMCP>
#	G	D	E	R	K	N	Q	S	T	A	V	L	I	F	Y	W	H	M	C	P
0	0.08537	0.13155	0.51536	0.01551	0.02298	0.09214	0.01847	0.01964	0.01309	0.01897	0.01028	0.01205	0.00768	0.00578	0.00535	0.00181	0.00854	0.00419	0.00275	0.00847
1	0.01172	0.00792	0.00949	0.00942	0.01110	0.00806	0.00686	0.05443	0.14490	0.07803	0.09393	0.40590	0.03236	0.03123	0.00752	0.00228	0.00404	0.01239	0.06175	0.00665
2	0.01779	0.01809	0.02555	0.01276	0.02669	0.29810	0.00983	0.14552	0.01880	0.04221	0.21512	0.02186	0.02255	0.00805	0.00603	0.00167	0.00709	0.00626	0.00484	0.09119
3	0.01365	0.01657	0.16032	0.28805	0.26489	0.01472	0.01807	0.05596	0.01360	0.01895	0.01109	0.01497	0.00869	0.00628	0.00715	0.00199	0.06847	0.00527	0.00298	0.00836
4	0.00799	0.00623	0.00732	0.00805	0.00922	0.00583	0.00565	0.01048	0.06876	0.01671	0.04252	0.48020	0.27441	0.01710	0.00750	0.00231	0.00350	0.01509	0.00573	0.00540
5	0.08554	0.24930	0.03902	0.01028	0.01415	0.01554	0.00902	0.09167	0.16017	0.02218	0.12651	0.02456	0.11186	0.00850	0.00556	0.00177	0.00516	0.00665	0.00480	0.00777
6	0.13732	0.05211	0.07144	0.08074	0.03319	0.06483	0.01037	0.12056	0.05499	0.12748	0.01539	0.01650	0.01133	0.00669	0.00524	0.00176	0.00594	0.00509	0.17097	0.00804
7	0.01198	0.00856	0.01187	0.01400	0.15022	0.00856	0.03470	0.06898	0.01401	0.02125	0.02177	0.24624	0.02129	0.01034	0.00592	0.00187	0.00448	0.00918	0.32806	0.00671
8	0.00765	0.00575	0.00711	0.00788	0.00889	0.00521	0.00556	0.00917	0.01320	0.01724	0.14311	0.45825	0.23049	0.01716	0.00760	0.00231	0.00341	0.03902	0.00583	0.00516
9	0.01523	0.14341	0.01897	0.24952	0.02444	0.16902	0.02808	0.02103	0.16011	0.01822	0.08001	0.01817	0.01474	0.00702	0.00578	0.00182	0.00738	0.00563	0.00388	0.00756
10	0.01523	0.16148	0.02706	0.06939	0.02383	0.01632	0.31479	0.10823	0.01488	0.01999	0.01188	0.01533	0.00947	0.00718	0.00822	0.06564	0.04972	0.00580	0.04786	0.00770
11	0.01026	0.00953	0.01677	0.13507	0.02030	0.00996	0.18021	0.01281	0.01227	0.01651	0.02294	0.41491	0.02528	0.01306	0.00837	0.00233	0.06678	0.01210	0.00435	0.00619
12	0.01762	0.01014	0.01333	0.01298	0.08873	0.00993	0.00915	0.02356	0.17490	0.28895	0.24834	0.02849	0.02871	0.00907	0.00650	0.00194	0.00461	0.00779	0.00655	0.00873
13	0.05642	0.01737	0.07219	0.01865	0.07795	0.14068	0.23013	0.09188	0.01623	0.06103	0.07779	0.06812	0.01557	0.00747	0.00666	0.00194	0.02086	0.00690	0.00414	0.00802
14	0.01241	0.18786	0.40074	0.01490	0.02126	0.01470	0.07137	0.01711	0.01271	0.01762	0.01489	0.15867	0.01412	0.00818	0.00590	0.00192	0.00756	0.00692	0.00322	0.00795
15	0.01053	0.01493	0.25724	0.01133	0.01509	0.00914	0.01145	0.01545	0.07849	0.01917	0.02269	0.31024	0.02282	0.01142	0.00633	0.00206	0.00538	0.00991	0.15943	0.00691
16	0.01398	0.03104	0.25197	0.02004	0.20866	0.01347	0.01571	0.12124	0.06481	0.02198	0.01691	0.16052	0.01563	0.00865	0.00630	0.00200	0.00687	0.00750	0.00406	0.00866
17	0.01740	0.01683	0.02442	0.07798	0.31885	0.10242	0.15941	0.15419	0.01720	0.03385	0.01221	0.01503	0.00952	0.00593	0.00625	0.00186	0.00826	0.00566	0.00370	0.00905
18	0.01305	0.01342	0.02384	0.07808	0.02356	0.01471	0.29113	0.01622	0.01215	0.01733	0.01261	0.08491	0.01161	0.00831	0.01122	0.00219	0.26452	0.00702	0.00322	0.09091
19	0.00887	0.00628	0.00740	0.00781	0.00821	0.00632	0.00490	0.01063	0.06738	0.01433	0.02503	0.31013	0.02865	0.44295	0.02063	0.00437	0.00498	0.01186	0.00463	0.00464
20	0.03088	0.01389	0.01695	0.09567	0.16926	0.07878	0.01268	0.10050	0.15610	0.11865	0.01845	0.02389	0.01511	0.00823	0.00664	0.00203	0.02327	0.09541	0.00491	0.00871
21	0.01545	0.01465	0.01190	0.01134	0.01354	0.25926	0.00838	0.01844	0.07824	0.09266	0.09025	0.27207	0.06507	0.01192	0.00665	0.00201	0.00626	0.01000	0.00517	0.00674
22	0.01074	0.01056	0.01020	0.01168	0.07784	0.13607	0.00761	0.01229	0.01361	0.01621	0.03664	0.34545	0.25896	0.01452	0.00707	0.00213	0.00504	0.01255	0.00500	0.00583

[dist]
# distance from previous block
# <min> <max>
13	21

[block]
# block no. 9 follows, 37 sequences, length 46
# corresponding to MSA columns:
# 423-468
name=unknown_J
#
# <colnr> <probs for GDERKNQSTAVLIFYWHMCP>
#	G	D	E	R	K	N	Q	S	T	A	V	L	I	F	Y	W	H	M	C	P
0	0.01385	0.02015	0.22972	0.05378	0.13499	0.01493	0.40276	0.01928	0.01387	0.01945	0.01182	0.01533	0.00889	0.00542	0.00663	0.00199	0.00945	0.00616	0.00293	0.00863
1	0.03044	0.01477	0.01871	0.01460	0.01927	0.03870	0.13678	0.19409	0.26115	0.02627	0.01672	0.01718	0.01260	0.00668	0.00599	0.00177	0.00641	0.00584	0.00500	0.16705
2	0.07035	0.01012	0.01390	0.22350	0.05666	0.01110	0.03343	0.06662	0.09274	0.02094	0.12388	0.15302	0.06676	0.01003	0.00648	0.00205	0.00558	0.00877	0.00472	0.01935
3	0.03483	0.01639	0.01590	0.01267	0.01706	0.12513	0.01015	0.38074	0.02177	0.06906	0.01496	0.06904	0.01213	0.00748	0.00580	0.00167	0.00660	0.00576	0.00520	0.16767
4	0.18813	0.09586	0.01844	0.13604	0.19535	0.01467	0.01227	0.09696	0.01422	0.02238	0.01071	0.01319	0.00858	0.00564	0.00511	0.00166	0.00627	0.00446	0.00355	0.14653
5	0.01326	0.17763	0.32905	0.01289	0.01981	0.01398	0.01439	0.01768	0.01274	0.01858	0.01044	0.01221	0.00827	0.00522	0.00495	0.00142	0.00685	0.00393	0.00298	0.31372
6	0.00749	0.00566	0.00693	0.00778	0.00872	0.00510	0.00539	0.00885	0.01284	0.01664	0.10138	0.50908	0.24688	0.01755	0.00759	0.00232	0.00336	0.01557	0.00577	0.00510
7	0.10403	0.00986	0.01155	0.01024	0.01315	0.00995	0.00790	0.12246	0.07159	0.23538	0.03649	0.28306	0.02342	0.02328	0.00687	0.00217	0.00475	0.00984	0.00613	0.00789
8	0.01538	0.01142	0.01361	0.01142	0.01400	0.01264	0.00918	0.26042	0.01936	0.06681	0.22861	0.06835	0.08979	0.01076	0.00900	0.00206	0.13535	0.00840	0.00573	0.00770
9	0.00794	0.00570	0.00753	0.00819	0.00899	0.00529	0.00572	0.00973	0.01396	0.01919	0.31746	0.48699	0.04739	0.01651	0.00758	0.00226	0.00329	0.01487	0.00610	0.00529
10	0.01397	0.01435	0.02742	0.22013	0.29891	0.01465	0.28291	0.01829	0.01370	0.01874	0.01168	0.01596	0.00915	0.00551	0.00651	0.00197	0.00864	0.00611	0.00298	0.00842
11	0.01552	0.12375	0.02288	0.01648	0.01937	0.11218	0.14687	0.02041	0.13516	0.01749	0.01197	0.01479	0.01004	0.00793	0.01120	0.00213	0.29519	0.00551	0.00341	0.00771
12	0.01649	0.01463	0.02329	0.01777	0.02204	0.01524	0.28401	0.28233	0.01899	0.02569	0.01657	0.14547	0.01492	0.00876	0.00784	0.00209	0.06264	0.00818	0.00464	0.00839
13	0.02252	0.01677	0.01795	0.01393	0.01870	0.01863	0.01145	0.66187	0.09441	0.03737	0.01565	0.01545	0.01118	0.00744	0.00613	0.00186	0.00656	0.00564	0.00613	0.01034
14	0.00791	0.00551	0.00728	0.00862	0.00913	0.00521	0.00599	0.00924	0.01200	0.01629	0.03283	0.67154	0.03858	0.01828	0.00767	0.00246	0.00371	0.08062	0.05207	0.00508
15	0.01586	0.14172	0.24194	0.02333	0.29355	0.01672	0.01741	0.13909	0.01592	0.02209	0.01143	0.01357	0.00895	0.00585	0.00566	0.00178	0.00760	0.00484	0.00336	0.00933
16	0.00746	0.00533	0.00710	0.00852	0.00888	0.00497	0.00568	0.00852	0.01172	0.01563	0.03374	0.78088	0.04049	0.01918	0.00781	0.00249	0.00355	0.01740	0.00568	0.00497
17	0.02227	0.01473	0.01639	0.01300	0.01752	0.01592	0.01060	0.40992	0.19404	0.19073	0.01918	0.01797	0.01341	0.00762	0.00616	0.00191	0.00595	0.00599	0.00647	0.01024
18	0.02247	0.00931	0.01261	0.01004	0.01390	0.00814	0.00814	0.02497	0.01747	0.55791	0.21529	0.02745	0.02647	0.00889	0.00644	0.00190	0.00459	0.00746	0.00735	0.00918
19	0.01345	0.01127	0.01799	0.14094	0.41170	0.01169	0.01407	0.01692	0.01334	0.02019	0.01400	0.01768	0.01129	0.00607	0.00552	0.00173	0.00606	0.00553	0.25252	0.00803
20	0.00836	0.00597	0.00814	0.00955	0.01030	0.00575	0.00725	0.01008	0.01261	0.01664	0.03324	0.51399	0.03851	0.01833	0.00805	0.00261	0.00433	0.27539	0.00567	0.00522
21	0.01586	0.00919	0.01167	0.01000	0.01281	0.00918	0.00792	0.10201	0.06904	0.21741	0.29147	0.03013	0.03085	0.01597	0.13473	0.00326	0.00639	0.00805	0.00626	0.00778
22	0.02349	0.01130	0.01417	0.01119	0.01546	0.01085	0.00912	0.14623	0.08069	0.48244	0.10735	0.02290	0.01967	0.00818	0.00628	0.00190	0.00516	0.00669	0.00712	0.00981
23	0.01561	0.01651	0.01305	0.01197	0.01456	0.28726	0.00909	0.02169	0.20060	0.02116	0.27486	0.02751	0.02891	0.00923	0.00636	0.00185	0.00645	0.02080	0.00526	0.00726
24	0.01599	0.00823	0.01063	0.00922	0.01198	0.00755	0.00719	0.01948	0.06817	0.29572	0.32032	0.09829	0.07922	0.01111	0.00680	0.00198	0.00397	0.00958	0.00686	0.00769
25	0.23534	0.01396	0.01778	0.01599	0.07964	0.09407	0.14524	0.01879	0.01293	0.09694	0.01362	0.06953	0.01165	0.01036	0.06519	0.00261	0.07895	0.00605	0.00391	0.00745
26	0.01296	0.01896	0.25955	0.14540	0.02589	0.01499	0.11843	0.05185	0.01274	0.01823	0.01114	0.01516	0.00888	0.01038	0.07372	0.00281	0.18270	0.00548	0.00294	0.00778
27	0.01101	0.00648	0.00825	0.00851	0.00998	0.00653	0.00680	0.01359	0.01312	0.06129	0.06785	0.09089	0.02512	0.01753	0.13442	0.00336	0.00608	0.19299	0.31032	0.00587
28	0.01366	0.01454	0.02056	0.01650	0.02011	0.13837	0.27680	0.01811	0.07646	0.01917	0.10640	0.10937	0.07358	0.00960	0.00700	0.00207	0.00751	0.05863	0.00445	0.00712
29	0.01939	0.01440	0.17565	0.10144	0.02017	0.01011	0.01245	0.02281	0.01506	0.39848	0.02108	0.12760	0.01634	0.00868	0.00631	0.00201	0.00616	0.00733	0.00564	0.00891
30	0.00805	0.00627	0.00740	0.00813	0.00929	0.00591	0.00570	0.01065	0.07419	0.01676	0.04184	0.48997	0.25913	0.01710	0.00750	0.00232	0.00352	0.01510	0.00573	0.00544
31	0.01567	0.65997	0.15458	0.01166	0.01754	0.02252	0.01254	0.01851	0.01252	0.01525	0.00893	0.01035	0.00784	0.00534	0.00425	0.00142	0.00697	0.00349	0.00261	0.00806
32	0.01216	0.01511	0.13279	0.07639	0.16618	0.06467	0.09677	0.01585	0.01451	0.01918	0.14210	0.02900	0.17184	0.00887	0.00656	0.00194	0.00665	0.00790	0.00412	0.00742
33	0.01683	0.01362	0.01365	0.07638	0.01731	0.11925	0.00973	0.02565	0.32691	0.14514	0.08018	0.02536	0.08601	0.00870	0.00628	0.00196	0.00576	0.00711	0.00571	0.00847
34	0.00759	0.00570	0.00707	0.00802	0.00894	0.00518	0.00564	0.00898	0.01274	0.01650	0.08037	0.51368	0.22502	0.01773	0.00766	0.00236	0.00351	0.05247	0.00574	0.00510
35	0.01468	0.14741	0.03395	0.02237	0.02787	0.01724	0.54248	0.01897	0.01367	0.01831	0.01135	0.01511	0.00894	0.00565	0.00776	0.00199	0.07482	0.00639	0.00298	0.00805
36	0.01633	0.01659	0.14452	0.16022	0.04885	0.01448	0.12231	0.18022	0.07864	0.07625	0.01481	0.01671	0.01076	0.00654	0.00611	0.00192	0.00741	0.00577	0.06279	0.00874
