[name]
unknown

[dist]
# distance from previous block
# <min> <max>
0	34

[block]
# block no. 0 follows, 48 sequences, length 37
# corresponding to MSA columns:
# 42-78
name=unknown_A
#
# <colnr> <probs for GDERKNQSTAVLIFYWHMCP>
#	G	D	E	R	K	N	Q	S	T	A	V	L	I	F	Y	W	H	M	C	P
0	0.00956	0.00478	0.00478	0.00478	0.00598	0.00478	0.00359	0.01196	0.01076	0.01913	0.01674	0.01913	0.01315	0.00598	0.00359	0.00120	0.00239	0.00478	0.84816	0.00478
1	0.10282	0.03312	0.08814	0.13876	0.04820	0.11881	0.08111	0.03725	0.06687	0.04100	0.01045	0.01335	0.00842	0.03942	0.02096	0.00191	0.10925	0.00447	0.02939	0.00632
2	0.01441	0.08121	0.11486	0.03300	0.25501	0.05850	0.01210	0.12345	0.09503	0.09288	0.05948	0.01457	0.01147	0.00566	0.00497	0.00153	0.00576	0.00473	0.00367	0.00770
3	0.01475	0.05101	0.07133	0.01453	0.15320	0.07751	0.07837	0.01783	0.03751	0.23038	0.15539	0.01863	0.01684	0.00738	0.03094	0.00177	0.00571	0.00555	0.00422	0.00717
4	0.01356	0.01187	0.05114	0.01466	0.11860	0.03012	0.16701	0.05705	0.04748	0.12212	0.03500	0.01378	0.00998	0.00491	0.00489	0.00134	0.00556	0.00459	0.00357	0.28277
5	0.01321	0.00709	0.00875	0.00798	0.03389	0.00687	0.00537	0.07586	0.01110	0.24208	0.01684	0.02641	0.01574	0.48675	0.01754	0.00358	0.00489	0.00646	0.00421	0.00539
6	0.01260	0.01209	0.02065	0.05699	0.76295	0.01217	0.01570	0.01566	0.01164	0.01664	0.00963	0.01273	0.00809	0.00459	0.00508	0.00153	0.00612	0.00457	0.00253	0.00805
7	0.00733	0.00550	0.00825	0.00825	0.00916	0.00641	0.00641	0.00916	0.00825	0.01191	0.01374	0.02016	0.01283	0.03848	0.79934	0.00825	0.01374	0.00550	0.00275	0.00458
8	0.01577	0.01448	0.01375	0.01163	0.01479	0.16458	0.03350	0.23783	0.35025	0.02243	0.01515	0.01493	0.01140	0.00634	0.00533	0.00160	0.02436	0.00493	0.02927	0.00768
9	0.00956	0.00478	0.00478	0.00478	0.00598	0.00478	0.00359	0.01196	0.01076	0.01913	0.01674	0.01913	0.01315	0.00598	0.00359	0.00120	0.00239	0.00478	0.84816	0.00478
10	0.01064	0.00912	0.01064	0.00760	0.01216	0.00684	0.00608	0.01292	0.01064	0.01672	0.00912	0.01064	0.00760	0.00380	0.00380	0.00076	0.00380	0.00304	0.00304	0.85104
11	0.01080	0.01026	0.01740	0.51991	0.31405	0.01169	0.01480	0.01409	0.01079	0.01446	0.00932	0.01332	0.00732	0.00492	0.00511	0.00164	0.00656	0.00456	0.00238	0.00660
12	0.00956	0.00478	0.00478	0.00478	0.00598	0.00478	0.00359	0.01196	0.01076	0.01913	0.01674	0.01913	0.01315	0.00598	0.00359	0.00120	0.00239	0.00478	0.84816	0.00478
13	0.01917	0.02445	0.01454	0.01322	0.01586	0.79907	0.00991	0.02049	0.01454	0.01256	0.00793	0.00925	0.00661	0.00529	0.00463	0.00132	0.00925	0.00330	0.00264	0.00595
14	0.01281	0.00655	0.00807	0.00710	0.00956	0.00566	0.00561	0.01445	0.01289	0.31534	0.07609	0.08645	0.36486	0.01054	0.00579	0.00172	0.00339	0.04164	0.00542	0.00607
15	0.00791	0.03238	0.00853	0.03334	0.07371	0.02195	0.00637	0.00929	0.01063	0.02874	0.04059	0.46427	0.13215	0.03625	0.00674	0.00202	0.00373	0.07224	0.00437	0.00479
16	0.00733	0.00548	0.00815	0.00815	0.00903	0.00636	0.00629	0.00910	0.00822	0.01184	0.01383	0.02066	0.01305	0.06780	0.77032	0.00812	0.01341	0.00557	0.00276	0.00453
17	0.00956	0.00478	0.00478	0.00478	0.00598	0.00478	0.00359	0.01196	0.01076	0.01913	0.01674	0.01913	0.01315	0.00598	0.00359	0.00120	0.00239	0.00478	0.84816	0.00478
18	0.01931	0.01427	0.01529	0.01177	0.01584	0.01582	0.00970	0.74849	0.04652	0.03201	0.01257	0.01252	0.00893	0.00618	0.00514	0.00155	0.00560	0.00465	0.00514	0.00871
19	0.00697	0.00507	0.00656	0.00654	0.00757	0.00466	0.00477	0.00898	0.01331	0.01852	0.57361	0.21377	0.08672	0.01189	0.00616	0.00173	0.00256	0.01056	0.00540	0.00466
20	0.15961	0.12016	0.04077	0.01072	0.03402	0.03717	0.07036	0.09377	0.04249	0.22971	0.01270	0.02523	0.00930	0.00543	0.00451	0.00145	0.00515	0.00430	0.00408	0.08906
21	0.00956	0.00478	0.00478	0.00478	0.00598	0.00478	0.00359	0.01196	0.01076	0.01913	0.01674	0.01913	0.01315	0.00598	0.00359	0.00120	0.00239	0.00478	0.84816	0.00478
22	0.00733	0.00550	0.00825	0.00825	0.00916	0.00641	0.00641	0.00916	0.00825	0.01191	0.01374	0.02016	0.01283	0.03848	0.79934	0.00825	0.01374	0.00550	0.00275	0.00458
23	0.01232	0.01199	0.02103	0.11681	0.63941	0.01217	0.07965	0.01551	0.01156	0.01633	0.00965	0.01291	0.00796	0.00461	0.00517	0.00156	0.00640	0.00470	0.00252	0.00776
24	0.01928	0.01291	0.01423	0.01106	0.01497	0.01397	0.00909	0.56803	0.08121	0.15646	0.01442	0.01389	0.01005	0.00625	0.00510	0.00155	0.00522	0.00481	0.02892	0.00857
25	0.01182	0.01506	0.17576	0.01906	0.18341	0.01149	0.27288	0.03793	0.02923	0.01710	0.01004	0.01246	0.00777	0.00450	0.00513	0.00147	0.00677	0.00466	0.00272	0.17073
26	0.03539	0.03394	0.25619	0.01639	0.07124	0.07538	0.23349	0.03444	0.03476	0.10263	0.01094	0.01261	0.00800	0.00508	0.00555	0.00162	0.03312	0.00465	0.00302	0.02155
27	0.01123	0.01123	0.01572	0.01347	0.01347	0.01572	0.01123	0.01235	0.00786	0.01235	0.00674	0.01123	0.00674	0.00898	0.01684	0.00225	0.81028	0.00449	0.00225	0.00561
28	0.02844	0.00594	0.02949	0.00782	0.00881	0.00527	0.02516	0.03300	0.01056	0.03337	0.02726	0.66722	0.06922	0.01445	0.00630	0.00200	0.00338	0.01302	0.00464	0.00464
29	0.01242	0.01726	0.23168	0.02393	0.39608	0.06956	0.14242	0.01634	0.01173	0.01626	0.00953	0.01213	0.00752	0.00466	0.00515	0.00157	0.00716	0.00452	0.00246	0.00762
30	0.00956	0.00478	0.00478	0.00478	0.00598	0.00478	0.00359	0.01196	0.01076	0.01913	0.01674	0.01913	0.01315	0.00598	0.00359	0.00120	0.00239	0.00478	0.84816	0.00478
31	0.01898	0.01411	0.01510	0.01170	0.01571	0.01567	0.00962	0.71240	0.08314	0.03149	0.01299	0.01285	0.00927	0.00622	0.00514	0.00156	0.00552	0.00471	0.00514	0.00868
32	0.01029	0.02654	0.79309	0.01462	0.02221	0.01192	0.01896	0.01625	0.01083	0.01625	0.00921	0.01083	0.00650	0.00487	0.00487	0.00162	0.00758	0.00379	0.00217	0.00758
33	0.21710	0.01647	0.28726	0.01120	0.01626	0.03261	0.02960	0.10158	0.01288	0.21054	0.01177	0.01206	0.00808	0.00535	0.00459	0.00159	0.00578	0.00402	0.00379	0.00745
34	0.00746	0.00497	0.00560	0.00560	0.00560	0.00497	0.00311	0.00746	0.00746	0.00995	0.01617	0.03358	0.01865	0.81967	0.02612	0.00497	0.00497	0.00746	0.00311	0.00311
35	0.00734	0.00546	0.00806	0.00806	0.00891	0.00631	0.00618	0.00904	0.00819	0.01177	0.01391	0.02110	0.01324	0.09358	0.74480	0.00802	0.01313	0.00564	0.00277	0.00448
36	0.01174	0.01121	0.01909	0.27952	0.54716	0.01194	0.01527	0.01490	0.01123	0.01560	0.00948	0.01301	0.00772	0.00475	0.00510	0.00158	0.00633	0.00457	0.00246	0.00735

[dist]
# distance from previous block
# <min> <max>
0	7

[block]
# block no. 1 follows, 48 sequences, length 11
# corresponding to MSA columns:
# 86-96
name=unknown_B
#
# <colnr> <probs for GDERKNQSTAVLIFYWHMCP>
#	G	D	E	R	K	N	Q	S	T	A	V	L	I	F	Y	W	H	M	C	P
0	0.01401	0.01965	0.38927	0.01444	0.02033	0.01293	0.12948	0.22608	0.03643	0.07099	0.01129	0.01236	0.00797	0.00530	0.00515	0.00162	0.00690	0.00451	0.00341	0.00789
1	0.01215	0.01007	0.00741	0.00705	0.00864	0.21848	0.00529	0.01425	0.01178	0.01736	0.01437	0.01647	0.01139	0.00579	0.00387	0.00123	0.00424	0.00438	0.62068	0.00510
2	0.00660	0.00522	0.00595	0.00576	0.00726	0.00456	0.00432	0.00841	0.01297	0.01689	0.38222	0.04440	0.45345	0.01187	0.00606	0.00168	0.00252	0.01013	0.00516	0.00456
3	0.01021	0.01094	0.06595	0.01464	0.01836	0.00938	0.38869	0.01355	0.01232	0.04122	0.14024	0.06026	0.13340	0.00776	0.00604	0.00175	0.00610	0.04944	0.00371	0.00606
4	0.01252	0.38811	0.18973	0.01317	0.01829	0.01610	0.18775	0.01693	0.08335	0.01486	0.00963	0.01112	0.00770	0.00472	0.00445	0.00142	0.00654	0.00403	0.00257	0.00702
5	0.01042	0.02562	0.73769	0.01513	0.02254	0.01199	0.07343	0.01626	0.01093	0.01626	0.00929	0.01105	0.00659	0.00483	0.00496	0.00163	0.00766	0.00396	0.00220	0.00754
6	0.00665	0.00475	0.00642	0.00760	0.00808	0.00451	0.00546	0.00784	0.01022	0.01355	0.02806	0.66496	0.03306	0.01570	0.00666	0.00214	0.00333	0.16198	0.00476	0.00428
7	0.01843	0.01048	0.01416	0.01195	0.05796	0.01038	0.07045	0.13355	0.16303	0.39363	0.04806	0.01729	0.01344	0.00634	0.00527	0.00162	0.00487	0.00541	0.00541	0.00828
8	0.12306	0.01109	0.01348	0.01101	0.01411	0.01201	0.07622	0.32999	0.05213	0.07446	0.01544	0.14119	0.01377	0.00796	0.00580	0.00173	0.04000	0.04495	0.00453	0.00707
9	0.01504	0.04469	0.05889	0.17825	0.05443	0.09299	0.06864	0.05789	0.07785	0.20888	0.05378	0.04122	0.01224	0.00616	0.00517	0.00160	0.00592	0.00525	0.00401	0.00709
10	0.03034	0.05609	0.06466	0.05827	0.25010	0.01173	0.04116	0.01911	0.22532	0.07960	0.01381	0.01557	0.01079	0.00585	0.00526	0.01709	0.00533	0.02350	0.00363	0.06279

[dist]
# distance from previous block
# <min> <max>
0	13

[block]
# block no. 2 follows, 48 sequences, length 20
# corresponding to MSA columns:
# 110-129
name=unknown_C
#
# <colnr> <probs for GDERKNQSTAVLIFYWHMCP>
#	G	D	E	R	K	N	Q	S	T	A	V	L	I	F	Y	W	H	M	C	P
0	0.04550	0.01232	0.01770	0.04272	0.11069	0.05343	0.17307	0.16280	0.01470	0.20458	0.01254	0.01350	0.00897	0.00535	0.00541	0.00154	0.02586	0.00478	0.00401	0.08054
1	0.08591	0.16093	0.22412	0.01560	0.07573	0.06739	0.20975	0.05398	0.01198	0.03495	0.00933	0.01120	0.00715	0.00474	0.00477	0.00152	0.00701	0.00420	0.00268	0.00707
2	0.04679	0.40512	0.07712	0.01021	0.01464	0.01723	0.00965	0.27960	0.03825	0.02028	0.00956	0.01025	0.00759	0.00512	0.00412	0.00132	0.00555	0.00358	0.00337	0.03066
3	0.01317	0.00951	0.01209	0.01253	0.11730	0.00988	0.00894	0.20030	0.09742	0.08887	0.12111	0.02999	0.05082	0.00892	0.00579	0.00179	0.00465	0.19519	0.00485	0.00688
4	0.01209	0.01201	0.01831	0.31903	0.44664	0.07389	0.01473	0.01514	0.01138	0.01507	0.00932	0.01279	0.00753	0.00484	0.00506	0.00158	0.00662	0.00447	0.00245	0.00705
5	0.01445	0.01285	0.04701	0.02338	0.47395	0.03272	0.01341	0.10788	0.07330	0.08841	0.01158	0.01335	0.00903	0.00538	0.00573	0.00159	0.04989	0.00466	0.00338	0.00804
6	0.00744	0.00562	0.00712	0.00780	0.00918	0.00530	0.00656	0.00943	0.01190	0.01509	0.07330	0.05391	0.29732	0.01358	0.00668	0.00210	0.00386	0.45444	0.00478	0.00459
7	0.00717	0.00534	0.00757	0.00805	0.00874	0.00577	0.00608	0.00869	0.00939	0.01298	0.04419	0.31396	0.02340	0.03943	0.35761	0.00488	0.03434	0.09416	0.00378	0.00446
8	0.01183	0.36077	0.42902	0.01255	0.01866	0.01550	0.05574	0.01589	0.01073	0.01450	0.00840	0.00990	0.00661	0.00464	0.00427	0.00141	0.00676	0.00347	0.00220	0.00713
9	0.00638	0.00523	0.00568	0.00595	0.00748	0.00453	0.00457	0.00779	0.01155	0.01400	0.04655	0.11675	0.61746	0.01342	0.00625	0.00185	0.00292	0.11252	0.00476	0.00437
10	0.00625	0.00447	0.00595	0.00714	0.00744	0.00417	0.00476	0.00714	0.00982	0.01310	0.02828	0.81633	0.03394	0.01608	0.00655	0.00208	0.00298	0.01459	0.00476	0.00417
11	0.01233	0.01365	0.08923	0.11535	0.38244	0.01249	0.22640	0.05459	0.01221	0.01701	0.00989	0.01295	0.00777	0.00467	0.00534	0.00161	0.00700	0.00492	0.00263	0.00749
12	0.01113	0.01080	0.01579	0.64293	0.09790	0.07167	0.01384	0.04908	0.01135	0.01428	0.00922	0.01319	0.00702	0.00514	0.00509	0.00166	0.00690	0.00447	0.00246	0.00607
13	0.00721	0.00537	0.00671	0.00722	0.00836	0.00503	0.00569	0.00892	0.01161	0.01506	0.15327	0.13435	0.23979	0.08301	0.00823	0.00227	0.00360	0.28511	0.00475	0.00443
14	0.01151	0.08989	0.31918	0.21080	0.05015	0.08089	0.06938	0.01543	0.01085	0.01449	0.00879	0.01148	0.00677	0.00522	0.00587	0.00163	0.07460	0.00410	0.00229	0.00669
15	0.06281	0.07055	0.27715	0.05544	0.04893	0.08048	0.16357	0.05766	0.01204	0.05483	0.01030	0.03650	0.00808	0.00540	0.00540	0.00161	0.03482	0.00461	0.00283	0.00700
16	0.01346	0.01161	0.03878	0.01136	0.01456	0.05157	0.09320	0.10977	0.30223	0.08032	0.02979	0.07292	0.01514	0.03757	0.00616	0.00180	0.00513	0.04693	0.00452	0.05317
17	0.01351	0.58305	0.12210	0.01017	0.01499	0.01731	0.05146	0.01591	0.01082	0.05569	0.00841	0.00952	0.00704	0.00452	0.00378	0.00120	0.00576	0.00321	0.00249	0.05906
18	0.15751	0.11115	0.09993	0.00960	0.01373	0.02270	0.00880	0.13625	0.01378	0.27566	0.01371	0.05402	0.01022	0.00602	0.00457	0.00151	0.00497	0.00459	0.00437	0.04692
19	0.32462	0.05736	0.14097	0.00996	0.01377	0.03823	0.04750	0.05431	0.03040	0.05854	0.01236	0.05946	0.01094	0.00658	0.00455	0.00165	0.00520	0.08625	0.00347	0.03389

[dist]
# distance from previous block
# <min> <max>
14	51

[block]
# block no. 3 follows, 48 sequences, length 55
# corresponding to MSA columns:
# 181-235
name=unknown_D
#
# <colnr> <probs for GDERKNQSTAVLIFYWHMCP>
#	G	D	E	R	K	N	Q	S	T	A	V	L	I	F	Y	W	H	M	C	P
0	0.06773	0.12422	0.18904	0.00970	0.02185	0.02148	0.00940	0.03809	0.01203	0.13705	0.12335	0.09485	0.03007	0.03113	0.00550	0.00162	0.00489	0.00582	0.00387	0.06829
1	0.01342	0.59705	0.17036	0.01044	0.01541	0.03062	0.03042	0.05520	0.01133	0.01404	0.00789	0.00910	0.00671	0.00459	0.00378	0.00124	0.00603	0.00313	0.00236	0.00688
2	0.00624	0.00477	0.00574	0.00650	0.00734	0.00427	0.00454	0.00732	0.01055	0.01343	0.03683	0.51897	0.30576	0.01491	0.00639	0.00196	0.00289	0.03259	0.00476	0.00424
3	0.02177	0.00986	0.04287	0.00954	0.01360	0.00844	0.00813	0.08052	0.03450	0.67303	0.03036	0.01716	0.01275	0.00635	0.00516	0.00159	0.00455	0.00514	0.00606	0.00861
4	0.01500	0.09577	0.25682	0.01096	0.01570	0.02938	0.01123	0.09464	0.09803	0.21496	0.05151	0.01572	0.02899	0.00605	0.00489	0.00155	0.00549	0.00478	0.03089	0.00762
5	0.00969	0.00912	0.01539	0.80734	0.03534	0.01140	0.01425	0.01311	0.01026	0.01311	0.00912	0.01368	0.00684	0.00513	0.00513	0.00171	0.00684	0.00456	0.00228	0.00570
6	0.00642	0.00459	0.00615	0.00734	0.00771	0.00431	0.00506	0.00744	0.00999	0.01329	0.02819	0.75294	0.03357	0.01592	0.00659	0.00211	0.00312	0.07631	0.00476	0.00421
7	0.09925	0.06169	0.06034	0.02032	0.31160	0.14241	0.12524	0.03683	0.01225	0.04725	0.00999	0.01285	0.00814	0.00504	0.00490	0.00153	0.00671	0.02363	0.00287	0.00716
8	0.55995	0.11081	0.09720	0.00953	0.04990	0.06985	0.00823	0.01567	0.00973	0.01990	0.00755	0.00888	0.00599	0.00476	0.00357	0.00151	0.00504	0.00301	0.00288	0.00606
9	0.00678	0.00523	0.00619	0.00595	0.00737	0.00464	0.00446	0.00875	0.01338	0.01787	0.48912	0.04279	0.34594	0.01150	0.00606	0.00166	0.00249	0.00990	0.00529	0.00464
10	0.01420	0.75249	0.02580	0.00917	0.01341	0.08885	0.00888	0.01582	0.01079	0.01211	0.00720	0.00832	0.00659	0.00447	0.00341	0.00112	0.00582	0.00279	0.00223	0.00653
11	0.00620	0.00480	0.00565	0.00628	0.00722	0.00426	0.00439	0.00730	0.01076	0.01362	0.05757	0.46230	0.36217	0.01459	0.00633	0.00192	0.00280	0.01281	0.00479	0.00426
12	0.01767	0.24350	0.01793	0.01200	0.01512	0.58539	0.00960	0.01908	0.01341	0.01242	0.00771	0.00897	0.00660	0.00504	0.00426	0.00126	0.00822	0.00315	0.00252	0.00612
13	0.01509	0.62239	0.02379	0.00989	0.01385	0.21577	0.00906	0.01665	0.01146	0.01219	0.00733	0.00849	0.00659	0.00462	0.00363	0.00115	0.00643	0.00288	0.00231	0.00643
14	0.02104	0.00918	0.01197	0.00910	0.01316	0.00802	0.00749	0.07497	0.01477	0.62982	0.01813	0.01615	0.01171	0.00598	0.00497	0.00147	0.00438	0.00482	0.00580	0.12708
15	0.01517	0.54069	0.11099	0.00988	0.01445	0.06872	0.00987	0.03951	0.01175	0.12303	0.00942	0.01002	0.00750	0.00483	0.00388	0.00125	0.00582	0.00330	0.00289	0.00702
16	0.01531	0.01732	0.35090	0.01338	0.05779	0.01078	0.04544	0.08253	0.05027	0.26304	0.01467	0.01465	0.02874	0.00571	0.00509	0.00161	0.00608	0.00470	0.00399	0.00799
17	0.00721	0.00524	0.00679	0.00640	0.00763	0.00482	0.00480	0.00958	0.01440	0.02028	0.75266	0.03882	0.08089	0.01060	0.00605	0.00162	0.00243	0.00935	0.00561	0.00482
18	0.00894	0.00460	0.00696	0.03215	0.00760	0.00468	0.00477	0.00689	0.00680	0.00905	0.00892	0.01554	0.00885	0.01742	0.01958	0.82371	0.00453	0.00446	0.00223	0.00234
19	0.03626	0.12250	0.40183	0.01290	0.01872	0.03228	0.02803	0.25081	0.01497	0.02082	0.00985	0.01092	0.00720	0.00521	0.00473	0.00153	0.00668	0.00392	0.00314	0.00771
20	0.01079	0.01027	0.01632	0.42688	0.15157	0.03061	0.05264	0.01368	0.01032	0.01418	0.00940	0.01341	0.00754	0.00572	0.00703	0.00172	0.14294	0.00461	0.06429	0.00608
21	0.00625	0.00447	0.00595	0.00714	0.00744	0.00417	0.00476	0.00714	0.00982	0.01310	0.02828	0.81633	0.03394	0.01608	0.00655	0.00208	0.00298	0.01459	0.00476	0.00417
22	0.01347	0.01179	0.01194	0.01060	0.01356	0.04705	0.00827	0.08448	0.67621	0.02182	0.02008	0.01859	0.02516	0.00691	0.00520	0.00171	0.00439	0.00567	0.00510	0.00802
23	0.03863	0.19858	0.13314	0.01239	0.06136	0.03341	0.05374	0.13074	0.11016	0.05816	0.01311	0.05543	0.01104	0.00626	0.00480	0.00154	0.00565	0.04170	0.00359	0.02657
24	0.04625	0.02875	0.38579	0.07062	0.01932	0.04570	0.01375	0.07740	0.07776	0.16691	0.01240	0.01294	0.00864	0.00546	0.00490	0.00161	0.00637	0.00427	0.00353	0.00764
25	0.01029	0.02654	0.79309	0.01462	0.02221	0.01192	0.01896	0.01625	0.01083	0.01625	0.00921	0.01083	0.00650	0.00487	0.00487	0.00162	0.00758	0.00379	0.00217	0.00758
26	0.01127	0.01129	0.02086	0.36050	0.27681	0.01205	0.20267	0.01479	0.01118	0.01512	0.00961	0.01340	0.00749	0.00475	0.00534	0.00165	0.00705	0.00494	0.00244	0.00679
27	0.03436	0.03849	0.42470	0.01568	0.05815	0.01147	0.18526	0.01623	0.01140	0.07252	0.01234	0.03408	0.03006	0.00559	0.00522	0.00166	0.00704	0.02572	0.00282	0.00721
28	0.01046	0.06525	0.75584	0.01434	0.02177	0.01232	0.01846	0.01621	0.01081	0.01605	0.00911	0.01071	0.00650	0.00485	0.00480	0.00160	0.00748	0.00374	0.00217	0.00753
29	0.00746	0.00497	0.00560	0.00560	0.00560	0.00497	0.00311	0.00746	0.00746	0.00995	0.01617	0.03358	0.01865	0.81967	0.02612	0.00497	0.00497	0.00746	0.00311	0.00311
30	0.04885	0.01390	0.07356	0.02393	0.28656	0.01258	0.43098	0.01613	0.01174	0.01682	0.00992	0.01302	0.00773	0.00446	0.00552	0.00165	0.00751	0.00526	0.00257	0.00732
31	0.01444	0.01421	0.01782	0.13112	0.35849	0.14989	0.03042	0.13556	0.04765	0.01808	0.01014	0.01245	0.00807	0.00522	0.00531	0.00155	0.02467	0.00444	0.00304	0.00742
32	0.00671	0.00497	0.00619	0.00699	0.00778	0.00462	0.00510	0.00791	0.01046	0.01345	0.03278	0.41336	0.21461	0.08469	0.00823	0.00230	0.00340	0.15762	0.00461	0.00422
33	0.00638	0.00496	0.00581	0.00613	0.00726	0.00438	0.00439	0.00778	0.01165	0.01502	0.19833	0.30923	0.37329	0.01352	0.00623	0.00183	0.00269	0.01179	0.00495	0.00438
34	0.01347	0.03742	0.28165	0.01422	0.10647	0.03661	0.01278	0.05026	0.12819	0.13174	0.01291	0.01441	0.00976	0.03872	0.02753	0.00195	0.06632	0.00462	0.00349	0.00747
35	0.05491	0.01887	0.01371	0.01190	0.01495	0.45112	0.00921	0.17516	0.09948	0.06669	0.01118	0.01165	0.00851	0.00571	0.00474	0.00144	0.00726	0.00397	0.02266	0.00689
36	0.75398	0.01146	0.04237	0.00807	0.03096	0.05231	0.00663	0.01543	0.00920	0.02202	0.00734	0.00860	0.00572	0.00479	0.00337	0.00157	0.00445	0.00290	0.00309	0.00573
37	0.01328	0.62907	0.13399	0.01089	0.05339	0.03636	0.01057	0.01595	0.03179	0.01317	0.00795	0.00915	0.00690	0.00456	0.00369	0.00122	0.00586	0.00308	0.00230	0.00683
38	0.00616	0.00520	0.00532	0.00529	0.00699	0.00437	0.00397	0.00754	0.01191	0.01437	0.10803	0.04854	0.72921	0.01280	0.00606	0.00172	0.00259	0.01071	0.00483	0.00437
39	0.05188	0.07612	0.03123	0.00926	0.01156	0.00902	0.00808	0.07665	0.09479	0.05291	0.07163	0.03863	0.06440	0.01057	0.00595	0.00195	0.00455	0.37037	0.00459	0.00586
40	0.01380	0.05385	0.02052	0.06377	0.51214	0.05967	0.07096	0.11088	0.01332	0.01804	0.00979	0.01236	0.00795	0.00481	0.00505	0.00152	0.00642	0.00452	0.00285	0.00779
41	0.00659	0.00494	0.00619	0.00699	0.00785	0.00453	0.00513	0.00791	0.01088	0.01405	0.07188	0.45177	0.22875	0.01468	0.00649	0.00202	0.00314	0.13707	0.00480	0.00434
42	0.00727	0.00524	0.00702	0.00759	0.00855	0.00498	0.00591	0.00921	0.01224	0.01659	0.30625	0.26672	0.05572	0.01334	0.00653	0.00199	0.00333	0.25185	0.00508	0.00460
43	0.01067	0.01053	0.06642	0.00865	0.01344	0.00744	0.03705	0.01329	0.01071	0.01668	0.00918	0.01078	0.00753	0.00390	0.00396	0.00086	0.00426	0.00321	0.00296	0.75849
44	0.03140	0.30389	0.25318	0.01077	0.01576	0.01379	0.03141	0.05751	0.01189	0.05350	0.06797	0.01382	0.01091	0.00544	0.00440	0.00138	0.00573	0.02686	0.00299	0.07739
45	0.00838	0.00688	0.00869	0.00807	0.00941	0.03170	0.00614	0.01008	0.00997	0.01416	0.15531	0.08754	0.02018	0.09057	0.32398	0.00450	0.07040	0.00661	0.00348	0.12394
46	0.01299	0.05384	0.11814	0.03338	0.33213	0.08566	0.01274	0.09011	0.07846	0.01819	0.08250	0.03494	0.01274	0.00587	0.00507	0.00154	0.00593	0.00506	0.00330	0.00739
47	0.01000	0.00827	0.00959	0.00729	0.01117	0.00639	0.00583	0.01215	0.01091	0.02634	0.01647	0.01889	0.11865	0.00573	0.00430	0.00100	0.00364	0.04303	0.02843	0.65193
48	0.00885	0.00448	0.00664	0.00664	0.00664	0.00448	0.00440	0.00672	0.00672	0.00896	0.00923	0.01639	0.00934	0.05315	0.02032	0.81345	0.00448	0.00459	0.00227	0.00227
49	0.00891	0.00446	0.00668	0.00668	0.00668	0.00446	0.00446	0.00668	0.00668	0.00891	0.00891	0.01560	0.00891	0.01783	0.02005	0.85071	0.00446	0.00446	0.00223	0.00223
50	0.03538	0.01196	0.05279	0.03164	0.04708	0.13236	0.00850	0.08357	0.16383	0.05577	0.06681	0.12396	0.05889	0.00850	0.00538	0.00169	0.00504	0.06352	0.03693	0.00640
51	0.11656	0.01256	0.03977	0.10925	0.32196	0.11077	0.05162	0.01517	0.01140	0.03351	0.01182	0.09693	0.01087	0.00629	0.00506	0.00163	0.00609	0.02910	0.00298	0.00667
52	0.01277	0.02825	0.15589	0.01817	0.27130	0.03495	0.05312	0.04042	0.01183	0.07551	0.01077	0.03755	0.00876	0.00520	0.00530	0.00143	0.03755	0.00448	0.00301	0.18374
53	0.01036	0.02869	0.02835	0.01614	0.24848	0.02296	0.05182	0.05353	0.01111	0.01550	0.04687	0.10478	0.01441	0.05508	0.22444	0.00357	0.00772	0.00620	0.00316	0.04683
54	0.01446	0.07181	0.10607	0.01969	0.29637	0.21185	0.04574	0.05637	0.09735	0.01661	0.01040	0.01206	0.00830	0.00511	0.00488	0.00149	0.00688	0.00424	0.00293	0.00739

[dist]
# distance from previous block
# <min> <max>
8	21

[block]
# block no. 4 follows, 48 sequences, length 8
# corresponding to MSA columns:
# 257-264
name=unknown_E
#
# <colnr> <probs for GDERKNQSTAVLIFYWHMCP>
#	G	D	E	R	K	N	Q	S	T	A	V	L	I	F	Y	W	H	M	C	P
0	0.01035	0.12284	0.05272	0.01213	0.13804	0.05598	0.00845	0.01348	0.07720	0.01553	0.06733	0.20817	0.07249	0.00887	0.00520	0.00161	0.00451	0.03087	0.06427	0.02998
1	0.01079	0.17018	0.13363	0.04381	0.08401	0.04372	0.03643	0.01315	0.01070	0.04595	0.03645	0.19037	0.03939	0.04324	0.04481	0.00209	0.03526	0.00679	0.00323	0.00599
2	0.01399	0.06200	0.12043	0.04376	0.12809	0.06362	0.04740	0.22401	0.11939	0.02113	0.07237	0.01579	0.03304	0.00610	0.00510	0.00156	0.00583	0.00506	0.00384	0.00749
3	0.01602	0.11719	0.03872	0.01248	0.08697	0.15787	0.00942	0.20100	0.04911	0.10976	0.01396	0.07900	0.03031	0.00651	0.00487	0.00147	0.00578	0.00512	0.00397	0.05046
4	0.04991	0.00597	0.00685	0.00665	0.00804	0.00613	0.00520	0.01151	0.03161	0.04289	0.15420	0.07017	0.13714	0.00929	0.00580	0.00162	0.05457	0.08011	0.30737	0.00500
5	0.01064	0.00912	0.01064	0.00760	0.01216	0.00684	0.00608	0.01292	0.01064	0.01672	0.00912	0.01064	0.00760	0.00380	0.00380	0.00076	0.00380	0.00304	0.00304	0.85104
6	0.03335	0.01642	0.29848	0.03592	0.19718	0.01085	0.04522	0.03844	0.04240	0.04461	0.04775	0.01331	0.00977	0.00506	0.00485	0.00147	0.00601	0.00436	0.00296	0.14158
7	0.00638	0.00517	0.00567	0.00562	0.00715	0.00445	0.00419	0.00795	0.01232	0.01555	0.23948	0.08708	0.55602	0.01251	0.00609	0.00172	0.00257	0.01063	0.00499	0.00445

[dist]
# distance from previous block
# <min> <max>
0	1

[block]
# block no. 5 follows, 48 sequences, length 11
# corresponding to MSA columns:
# 266-276
name=unknown_F
#
# <colnr> <probs for GDERKNQSTAVLIFYWHMCP>
#	G	D	E	R	K	N	Q	S	T	A	V	L	I	F	Y	W	H	M	C	P
0	0.08424	0.07917	0.07714	0.06460	0.21666	0.10889	0.05652	0.09074	0.01291	0.09025	0.01016	0.01183	0.00781	0.00513	0.00509	0.00150	0.03049	0.00415	0.00316	0.03958
1	0.01729	0.07419	0.01568	0.01457	0.10497	0.55032	0.01021	0.05726	0.04366	0.01472	0.04384	0.01143	0.00912	0.00549	0.00470	0.00137	0.00795	0.00385	0.00296	0.00642
2	0.00616	0.00520	0.00534	0.00530	0.00699	0.00437	0.00398	0.00756	0.01193	0.01442	0.11329	0.04846	0.72393	0.01279	0.00606	0.00172	0.00258	0.01070	0.00484	0.00437
3	0.01373	0.00970	0.01405	0.07507	0.18638	0.00883	0.03695	0.03851	0.01212	0.18648	0.01324	0.07271	0.01077	0.00563	0.00481	0.00134	0.00484	0.00497	0.00377	0.29610
4	0.01397	0.07234	0.08216	0.01904	0.31141	0.18665	0.02588	0.05077	0.03940	0.03032	0.01213	0.01376	0.04736	0.00537	0.00481	0.00144	0.00641	0.00444	0.03111	0.04124
5	0.00722	0.00490	0.00578	0.00601	0.00611	0.00489	0.00357	0.00748	0.00795	0.01064	0.01837	0.18226	0.02130	0.63089	0.05754	0.00457	0.00499	0.00873	0.00341	0.00338
6	0.01696	0.01398	0.01705	0.04784	0.14247	0.06658	0.07422	0.42091	0.07819	0.05181	0.01224	0.01307	0.00901	0.00572	0.00518	0.00156	0.00609	0.00475	0.00427	0.00812
7	0.01356	0.36081	0.12800	0.01381	0.10559	0.01548	0.09328	0.06404	0.05989	0.05944	0.01132	0.01240	0.03116	0.00511	0.00444	0.00140	0.00596	0.00414	0.00296	0.00722
8	0.00617	0.00503	0.00546	0.00571	0.00709	0.00432	0.00415	0.00743	0.01140	0.01402	0.08339	0.22661	0.57423	0.01358	0.00618	0.00181	0.00268	0.01162	0.00481	0.00432
9	0.01154	0.00756	0.00839	0.03340	0.00996	0.00801	0.00584	0.22285	0.01402	0.02070	0.01741	0.17033	0.01614	0.07714	0.00655	0.00180	0.00378	0.00683	0.35211	0.00566
10	0.01495	0.01357	0.01702	0.04284	0.23448	0.08419	0.06345	0.22937	0.15570	0.02134	0.01223	0.01346	0.00942	0.00561	0.00543	0.00156	0.02831	0.00474	0.00377	0.03855

[dist]
# distance from previous block
# <min> <max>
0	1

[block]
# block no. 6 follows, 48 sequences, length 29
# corresponding to MSA columns:
# 278-306
name=unknown_G
#
# <colnr> <probs for GDERKNQSTAVLIFYWHMCP>
#	G	D	E	R	K	N	Q	S	T	A	V	L	I	F	Y	W	H	M	C	P
0	0.01328	0.02982	0.25562	0.01269	0.05493	0.01071	0.05588	0.01958	0.18595	0.14731	0.02495	0.01442	0.01055	0.00545	0.00490	0.00150	0.00553	0.00459	0.00379	0.13854
1	0.01064	0.00912	0.01064	0.00760	0.01216	0.00684	0.00608	0.01292	0.01064	0.01672	0.00912	0.01064	0.00760	0.00380	0.00380	0.00076	0.00380	0.00304	0.00304	0.85104
2	0.02052	0.01275	0.01440	0.01104	0.01510	0.01351	0.00912	0.55625	0.02141	0.25048	0.01460	0.01380	0.00987	0.00621	0.00514	0.00155	0.00528	0.00477	0.00548	0.00873
3	0.01216	0.00977	0.02916	0.00927	0.04527	0.00785	0.00722	0.03530	0.06200	0.08908	0.01165	0.01359	0.00938	0.00472	0.00425	0.00103	0.00413	0.02926	0.00356	0.61134
4	0.01139	0.00624	0.00672	0.00619	0.00785	0.00636	0.00470	0.06059	0.07451	0.08817	0.01746	0.04543	0.01408	0.05930	0.00552	0.00157	0.00309	0.00538	0.56993	0.00552
5	0.00684	0.00498	0.00648	0.00693	0.00780	0.00462	0.00507	0.00853	0.01207	0.01640	0.33595	0.36627	0.09975	0.01338	0.00636	0.00189	0.00289	0.08414	0.00512	0.00451
6	0.01067	0.01030	0.04097	0.25208	0.04330	0.01242	0.01148	0.01277	0.00957	0.04757	0.01377	0.01695	0.10244	0.00792	0.01070	0.00195	0.38133	0.00530	0.00275	0.00577
7	0.00823	0.00663	0.00922	0.00872	0.00920	0.00811	0.00663	0.00943	0.00796	0.01150	0.01282	0.02165	0.01298	0.23411	0.42554	0.00607	0.18827	0.00578	0.00273	0.00443
8	0.01917	0.02445	0.01454	0.01322	0.01586	0.79907	0.00991	0.02049	0.01454	0.01256	0.00793	0.00925	0.00661	0.00529	0.00463	0.00132	0.00925	0.00330	0.00264	0.00595
9	0.00625	0.00474	0.00577	0.00650	0.00730	0.00426	0.00450	0.00735	0.01066	0.01375	0.07752	0.53539	0.26785	0.01481	0.00637	0.00195	0.00283	0.01313	0.00481	0.00426
10	0.01480	0.00679	0.00922	0.00799	0.00989	0.00646	0.00603	0.01598	0.08031	0.32188	0.04892	0.01767	0.01279	0.01195	0.01216	0.39805	0.00429	0.00507	0.00429	0.00547
11	0.01917	0.02445	0.01454	0.01322	0.01586	0.79907	0.00991	0.02049	0.01454	0.01256	0.00793	0.00925	0.00661	0.00529	0.00463	0.00132	0.00925	0.00330	0.00264	0.00595
12	0.00658	0.00523	0.00591	0.00579	0.00731	0.00457	0.00437	0.00833	0.01277	0.01643	0.32789	0.04544	0.48727	0.01208	0.00609	0.00170	0.00259	0.03004	0.00510	0.00453
13	0.00639	0.00466	0.00605	0.00705	0.00758	0.00431	0.00488	0.00748	0.01034	0.01364	0.06424	0.65937	0.11161	0.01540	0.00651	0.00204	0.00301	0.05639	0.00480	0.00425
14	0.05801	0.01057	0.01258	0.00977	0.01361	0.01053	0.00804	0.27410	0.03518	0.45265	0.01687	0.01544	0.01114	0.00621	0.00500	0.00156	0.00469	0.00487	0.04076	0.00841
15	0.08009	0.01008	0.01239	0.00956	0.01351	0.00970	0.00790	0.19163	0.01639	0.56755	0.01755	0.01568	0.01131	0.00620	0.00502	0.00158	0.00463	0.00487	0.00586	0.00851
16	0.00733	0.00550	0.00825	0.00825	0.00916	0.00641	0.00641	0.00916	0.00825	0.01191	0.01374	0.02016	0.01283	0.03848	0.79934	0.00825	0.01374	0.00550	0.00275	0.00458
17	0.01862	0.00951	0.01147	0.00917	0.01261	0.00938	0.00745	0.16959	0.11225	0.41833	0.04098	0.01881	0.04759	0.00676	0.00508	0.00157	0.00427	0.00546	0.08312	0.00799
18	0.00947	0.00552	0.00631	0.00613	0.00709	0.00559	0.00430	0.04408	0.01017	0.05104	0.01731	0.07669	0.01661	0.29073	0.07394	0.00318	0.00451	0.02709	0.33576	0.00450
19	0.00891	0.00686	0.00816	0.00774	0.00947	0.00694	0.00609	0.05689	0.14541	0.01970	0.39274	0.03802	0.13816	0.01054	0.00602	0.00176	0.00327	0.12250	0.00528	0.00554
20	0.01123	0.01977	0.00870	0.00757	0.00928	0.00661	0.00576	0.03907	0.02867	0.17848	0.21060	0.02715	0.04995	0.16387	0.20627	0.00386	0.00631	0.00685	0.00450	0.00550
21	0.01047	0.00959	0.01557	0.72592	0.05935	0.01174	0.01399	0.06581	0.01127	0.01457	0.00936	0.01355	0.00701	0.00518	0.00513	0.00169	0.00673	0.00456	0.00249	0.00599
22	0.00753	0.00555	0.00753	0.00747	0.00796	0.00625	0.00534	0.00860	0.00800	0.01124	0.01491	0.05830	0.01560	0.33068	0.43453	0.00645	0.05048	0.00657	0.00294	0.00406
23	0.00744	0.00506	0.00602	0.00602	0.00616	0.00520	0.00363	0.00773	0.00759	0.01026	0.01578	0.03145	0.01773	0.69572	0.14881	0.00549	0.00637	0.00715	0.00305	0.00334
24	0.17732	0.01543	0.02462	0.01015	0.01245	0.36382	0.00780	0.01627	0.01184	0.06286	0.02803	0.09177	0.01160	0.06526	0.05893	0.00221	0.02577	0.00502	0.00327	0.00558
25	0.85592	0.00992	0.00754	0.00675	0.00992	0.01151	0.00556	0.01508	0.00873	0.02302	0.00714	0.00834	0.00556	0.00476	0.00318	0.00159	0.00397	0.00278	0.00318	0.00556
26	0.01200	0.42417	0.41045	0.01171	0.01769	0.01610	0.01387	0.01581	0.01063	0.01416	0.00817	0.00953	0.00654	0.00463	0.00408	0.00136	0.00654	0.00327	0.00218	0.00708
27	0.00977	0.00943	0.01532	0.01258	0.01404	0.01089	0.18142	0.01158	0.00958	0.01350	0.04454	0.07625	0.07589	0.11668	0.05049	0.00270	0.31405	0.02298	0.00303	0.00528
28	0.01036	0.01024	0.04791	0.18387	0.06770	0.03889	0.04107	0.04737	0.03560	0.01461	0.03273	0.14459	0.01464	0.07873	0.00970	0.00215	0.17126	0.03973	0.00319	0.00567

[dist]
# distance from previous block
# <min> <max>
0	1

[block]
# block no. 7 follows, 48 sequences, length 43
# corresponding to MSA columns:
# 308-350
name=unknown_H
#
# <colnr> <probs for GDERKNQSTAVLIFYWHMCP>
#	G	D	E	R	K	N	Q	S	T	A	V	L	I	F	Y	W	H	M	C	P
0	0.07232	0.07983	0.15876	0.01096	0.01511	0.04776	0.01027	0.19075	0.21664	0.07146	0.01544	0.01607	0.03957	0.00634	0.00489	0.00160	0.00540	0.02507	0.00418	0.00757
1	0.01633	0.05814	0.01418	0.01190	0.01425	0.46357	0.00927	0.09251	0.03180	0.01502	0.00952	0.01147	0.00796	0.00865	0.07375	0.00203	0.09671	0.00387	0.05299	0.00608
2	0.01536	0.03541	0.05349	0.00902	0.01272	0.00840	0.00780	0.06006	0.01316	0.31174	0.05640	0.02011	0.05909	0.00678	0.00548	0.00145	0.03995	0.05438	0.00465	0.22456
3	0.01081	0.00952	0.01185	0.01807	0.01248	0.05703	0.07420	0.13669	0.01277	0.01704	0.03582	0.30925	0.07425	0.01024	0.00702	0.00176	0.09850	0.00868	0.00403	0.08997
4	0.01049	0.07168	0.74965	0.01429	0.02170	0.01239	0.01838	0.01620	0.01081	0.01601	0.00909	0.01069	0.00650	0.00485	0.00479	0.00160	0.00746	0.00373	0.00217	0.00753
5	0.01907	0.00846	0.01095	0.00878	0.01204	0.00782	0.00702	0.03801	0.09747	0.55463	0.08715	0.02080	0.01661	0.07848	0.00709	0.00190	0.00424	0.00578	0.00585	0.00783
6	0.01264	0.00748	0.00919	0.00783	0.01010	0.00730	0.00616	0.12154	0.04757	0.18224	0.43878	0.02836	0.03190	0.00860	0.00555	0.00158	0.00335	0.00735	0.05616	0.00633
7	0.09184	0.24789	0.01622	0.00970	0.01322	0.21262	0.00817	0.01928	0.01288	0.25423	0.05797	0.01315	0.01089	0.00562	0.00436	0.00138	0.00578	0.00403	0.00389	0.00689
8	0.01100	0.00985	0.01026	0.00935	0.01045	0.12840	0.02265	0.01313	0.04113	0.01462	0.01311	0.05214	0.01192	0.07539	0.11136	0.00275	0.20021	0.00529	0.25184	0.00515
9	0.00659	0.00469	0.00623	0.00734	0.00773	0.00445	0.00511	0.00762	0.00992	0.01318	0.02734	0.66646	0.03236	0.06894	0.00791	0.00231	0.00334	0.10968	0.00465	0.00417
10	0.00753	0.00528	0.00658	0.00655	0.00785	0.00477	0.00490	0.00937	0.01282	0.05131	0.38689	0.18170	0.22896	0.01216	0.00616	0.00177	0.00278	0.05262	0.00524	0.00476
11	0.12823	0.01671	0.01309	0.01124	0.01440	0.33702	0.00888	0.20852	0.04023	0.11024	0.01187	0.01393	0.00930	0.00612	0.00478	0.00151	0.00666	0.04637	0.00397	0.00692
12	0.00628	0.00493	0.00568	0.00607	0.00721	0.00433	0.00433	0.00757	0.01136	0.01441	0.13422	0.33073	0.41701	0.01382	0.00624	0.00185	0.00272	0.01202	0.00487	0.00433
13	0.01459	0.00901	0.00965	0.00798	0.01057	0.00957	0.00640	0.32604	0.01655	0.07754	0.01515	0.01620	0.01129	0.00608	0.00433	0.00136	0.00387	0.00474	0.44238	0.00668
14	0.17124	0.06299	0.07669	0.00841	0.01126	0.00870	0.00726	0.04656	0.02255	0.19055	0.08205	0.23958	0.03402	0.00898	0.00512	0.00170	0.00411	0.00750	0.00452	0.00621
15	0.01706	0.01944	0.01340	0.01204	0.01478	0.50907	0.00916	0.06501	0.22160	0.01637	0.01205	0.01251	0.00945	0.00582	0.00477	0.00144	0.00736	0.00412	0.03790	0.00665
16	0.00632	0.00457	0.00586	0.00686	0.00726	0.00424	0.00457	0.00719	0.00982	0.01294	0.02948	0.69142	0.09909	0.07462	0.00794	0.00226	0.00309	0.01373	0.00464	0.00410
17	0.01284	0.01217	0.02048	0.05382	0.73917	0.01229	0.01550	0.04130	0.01206	0.01718	0.00973	0.01272	0.00811	0.00464	0.00508	0.00153	0.00610	0.00457	0.00262	0.00808
18	0.01205	0.00886	0.01174	0.01243	0.13633	0.04323	0.03861	0.05767	0.04774	0.10134	0.01426	0.01899	0.01221	0.13183	0.18515	0.00351	0.02840	0.00536	0.12427	0.00602
19	0.35290	0.01708	0.01188	0.01042	0.01350	0.36240	0.00815	0.13577	0.01372	0.01983	0.00830	0.00937	0.00652	0.00521	0.00413	0.00146	0.00658	0.00330	0.00325	0.00623
20	0.01624	0.01007	0.01163	0.00980	0.01301	0.01066	0.00780	0.08785	0.40084	0.27466	0.08345	0.01961	0.01683	0.00699	0.00526	0.00166	0.00416	0.00578	0.00562	0.00810
21	0.01609	0.01971	0.01245	0.01140	0.01375	0.60286	0.00855	0.01755	0.01421	0.01376	0.11497	0.01771	0.10228	0.00686	0.00498	0.00141	0.00759	0.00496	0.00328	0.00562
22	0.00743	0.00508	0.00615	0.00615	0.00634	0.00527	0.00380	0.00782	0.00763	0.01036	0.01566	0.03078	0.01744	0.65684	0.18729	0.00566	0.00680	0.00705	0.00303	0.00342
23	0.01245	0.39808	0.40047	0.01165	0.01758	0.01565	0.01370	0.01622	0.01081	0.04836	0.00872	0.00991	0.00681	0.00471	0.00415	0.00138	0.00646	0.00336	0.00236	0.00717
24	0.01685	0.27119	0.04541	0.01045	0.01459	0.01606	0.00932	0.38533	0.06337	0.07439	0.01174	0.01194	0.00879	0.00561	0.00449	0.00141	0.00538	0.00411	0.03173	0.00784
25	0.01248	0.11240	0.21656	0.01041	0.01460	0.01046	0.04082	0.01735	0.12119	0.15319	0.15105	0.02105	0.08274	0.00702	0.00513	0.00158	0.00498	0.00584	0.00418	0.00696
26	0.01283	0.05487	0.31560	0.01293	0.06236	0.01109	0.03206	0.11353	0.05424	0.10642	0.03463	0.11558	0.01277	0.00681	0.00514	0.00162	0.00578	0.00572	0.00367	0.03235
27	0.01088	0.26948	0.01451	0.00897	0.01128	0.04873	0.00761	0.05357	0.06227	0.01486	0.01891	0.24415	0.02026	0.01023	0.00537	0.00174	0.00471	0.18291	0.00388	0.00567
28	0.02198	0.00850	0.01157	0.00895	0.01274	0.00736	0.00736	0.02399	0.01468	0.74029	0.07078	0.01884	0.01506	0.00662	0.00522	0.00159	0.00424	0.00543	0.00630	0.00848
29	0.00753	0.00530	0.00641	0.00626	0.00767	0.00471	0.00464	0.00931	0.01283	0.05848	0.37157	0.15946	0.30294	0.01200	0.00608	0.00173	0.00267	0.01041	0.00524	0.00477
30	0.01030	0.13726	0.27897	0.02921	0.01492	0.01081	0.01086	0.01528	0.11345	0.03586	0.16999	0.02215	0.11581	0.00727	0.00508	0.00157	0.00504	0.00594	0.00370	0.00653
31	0.01902	0.01413	0.01512	0.01171	0.01573	0.01568	0.00963	0.71694	0.07854	0.03155	0.01294	0.01281	0.00923	0.00622	0.00514	0.00155	0.00553	0.00470	0.00514	0.00868
32	0.00713	0.00524	0.00668	0.00632	0.00758	0.00479	0.00474	0.00943	0.01421	0.01983	0.70403	0.03955	0.12980	0.01077	0.00605	0.00163	0.00244	0.00945	0.00555	0.00479
33	0.01147	0.01373	0.26780	0.05568	0.01578	0.00895	0.03021	0.01586	0.07204	0.12726	0.05750	0.02304	0.08488	0.02770	0.00592	0.00176	0.01645	0.06934	0.08808	0.00656
34	0.03300	0.00985	0.01193	0.01091	0.01263	0.07061	0.05159	0.11215	0.01277	0.01696	0.03884	0.08461	0.07143	0.01060	0.00818	0.00202	0.15647	0.27584	0.00402	0.00560
35	0.01161	0.02525	0.69965	0.01419	0.02126	0.05391	0.01772	0.01706	0.01129	0.06727	0.00987	0.01119	0.00692	0.00499	0.00488	0.00161	0.00746	0.00386	0.00247	0.00757
36	0.01681	0.00703	0.00871	0.00719	0.00990	0.00643	0.00577	0.03233	0.01306	0.42495	0.01850	0.01813	0.01284	0.00618	0.00444	0.00141	0.00349	0.00498	0.39093	0.00693
37	0.00890	0.00754	0.01107	0.20212	0.01601	0.00883	0.04191	0.01089	0.00997	0.01416	0.01893	0.20946	0.09480	0.00946	0.00779	0.00183	0.17206	0.00769	0.14149	0.00508
38	0.01535	0.01725	0.01522	0.01297	0.01594	0.38279	0.12073	0.02111	0.24045	0.01637	0.03445	0.01424	0.01101	0.00583	0.00499	0.00151	0.00704	0.00470	0.05142	0.00664
39	0.01265	0.01618	0.23855	0.01324	0.03777	0.06365	0.08999	0.04577	0.28015	0.05775	0.03681	0.05842	0.01293	0.00644	0.00525	0.00167	0.00591	0.00555	0.00387	0.00745
40	0.35675	0.01323	0.01572	0.04568	0.06717	0.12726	0.19052	0.05660	0.01151	0.01928	0.00881	0.01085	0.00686	0.00493	0.00468	0.00158	0.02271	0.00402	0.02557	0.00627
41	0.02771	0.04855	0.00923	0.00853	0.00986	0.19835	0.00618	0.01156	0.01125	0.03245	0.05537	0.40723	0.06796	0.05799	0.02209	0.00207	0.00495	0.00978	0.00404	0.00484
42	0.20392	0.00908	0.00947	0.00789	0.02446	0.02448	0.00596	0.06829	0.01125	0.05260	0.05918	0.01668	0.03077	0.12855	0.00743	0.00178	0.00421	0.00447	0.00357	0.32599

[dist]
# distance from previous block
# <min> <max>
4	19

[block]
# block no. 8 follows, 48 sequences, length 14
# corresponding to MSA columns:
# 370-383
name=unknown_I
#
# <colnr> <probs for GDERKNQSTAVLIFYWHMCP>
#	G	D	E	R	K	N	Q	S	T	A	V	L	I	F	Y	W	H	M	C	P
0	0.01364	0.15291	0.01433	0.01001	0.01312	0.03277	0.00815	0.14572	0.42106	0.02076	0.01709	0.06850	0.01382	0.00690	0.00488	0.00159	0.00456	0.00555	0.03712	0.00751
1	0.01171	0.00946	0.01316	0.20635	0.15461	0.01024	0.01013	0.10317	0.12007	0.04314	0.10180	0.07678	0.01589	0.00687	0.00519	0.00160	0.00490	0.00600	0.05964	0.03927
2	0.05069	0.06174	0.24701	0.07059	0.04199	0.01179	0.10075	0.13659	0.01346	0.10790	0.03728	0.07390	0.01118	0.00619	0.00511	0.00162	0.00614	0.00531	0.00355	0.00721
3	0.01285	0.00995	0.01731	0.01343	0.01677	0.00951	0.29216	0.07874	0.04074	0.14797	0.12947	0.13128	0.01971	0.00797	0.00592	0.00176	0.00561	0.04784	0.00439	0.00661
4	0.00675	0.00482	0.00651	0.00760	0.00814	0.00458	0.00553	0.00804	0.01052	0.01401	0.07134	0.60768	0.03381	0.01534	0.00664	0.00212	0.00332	0.17410	0.00481	0.00433
5	0.01210	0.01126	0.01989	0.04778	0.37604	0.01145	0.18130	0.01557	0.03965	0.04829	0.01249	0.03061	0.01088	0.00741	0.03990	0.00200	0.05274	0.07049	0.00302	0.00715
6	0.01493	0.13043	0.13925	0.01427	0.06359	0.01333	0.14787	0.12034	0.05586	0.15598	0.01225	0.02393	0.00915	0.00572	0.00594	0.00161	0.06962	0.00477	0.00363	0.00754
7	0.01307	0.71887	0.02484	0.00894	0.01285	0.01894	0.00869	0.01471	0.01013	0.01207	0.00767	0.00936	0.00711	0.00744	0.07047	0.00175	0.04142	0.00305	0.00224	0.00637
8	0.01172	0.00635	0.00834	0.00745	0.00935	0.00582	0.00571	0.03784	0.01415	0.22602	0.43843	0.15227	0.03534	0.01011	0.00586	0.00168	0.00313	0.00885	0.00568	0.00590
9	0.01068	0.06213	0.18428	0.30863	0.12253	0.01179	0.12279	0.01453	0.01104	0.01525	0.04255	0.01394	0.00910	0.00511	0.00506	0.00161	0.00669	0.00471	0.04100	0.00656
10	0.01298	0.09279	0.04477	0.01359	0.04471	0.05866	0.19790	0.05640	0.10933	0.07872	0.03949	0.02160	0.05328	0.00704	0.00588	0.00169	0.03699	0.09473	0.02273	0.00673
11	0.00644	0.00485	0.00580	0.00638	0.00719	0.00440	0.00442	0.00751	0.01053	0.01355	0.08277	0.41615	0.27345	0.09959	0.00845	0.00226	0.00308	0.03436	0.00464	0.00417
12	0.00801	0.00607	0.00855	0.00857	0.00932	0.00624	0.04715	0.00931	0.00969	0.01291	0.02129	0.17537	0.02386	0.30239	0.01434	0.00321	0.05283	0.27280	0.00389	0.00422
13	0.03321	0.01398	0.10556	0.04084	0.05822	0.07224	0.04492	0.22982	0.04419	0.25152	0.01446	0.04438	0.01050	0.00617	0.00513	0.00159	0.00578	0.00503	0.00455	0.00790

[dist]
# distance from previous block
# <min> <max>
1	11

[block]
# block no. 9 follows, 48 sequences, length 22
# corresponding to MSA columns:
# 395-416
name=unknown_J
#
# <colnr> <probs for GDERKNQSTAVLIFYWHMCP>
#	G	D	E	R	K	N	Q	S	T	A	V	L	I	F	Y	W	H	M	C	P
0	0.02233	0.10632	0.03440	0.07721	0.02474	0.01186	0.12169	0.05118	0.01959	0.03821	0.01459	0.16660	0.03957	0.02510	0.04218	0.00215	0.18645	0.00676	0.00322	0.00588
1	0.04394	0.01066	0.00963	0.00888	0.00981	0.18607	0.00638	0.01216	0.00948	0.03831	0.01249	0.02210	0.01296	0.38927	0.08496	0.00378	0.12596	0.00566	0.00296	0.00453
