[name]
unknown

[dist]
# distance from previous block
# <min> <max>
0	6

[block]
# block no. 0 follows, 53 sequences, length 20
# corresponding to MSA columns:
# 6-25
name=unknown_A
#
# <colnr> <probs for GDERKNQSTAVLIFYWHMCP>
#	G	D	E	R	K	N	Q	S	T	A	V	L	I	F	Y	W	H	M	C	P
0	0.00770	0.00550	0.00770	0.00880	0.00990	0.00550	0.00770	0.00990	0.01100	0.01430	0.02531	0.05391	0.02751	0.01320	0.00660	0.00220	0.00440	0.77004	0.00440	0.00440
1	0.13827	0.00555	0.00649	0.00605	0.00746	0.00546	0.00461	0.00979	0.01270	0.01952	0.67829	0.03143	0.03899	0.00895	0.00523	0.00150	0.00248	0.00772	0.00491	0.00461
2	0.01035	0.00985	0.01673	0.44618	0.39691	0.01097	0.01393	0.01337	0.01018	0.01382	0.00873	0.01231	0.00694	0.00453	0.00476	0.00151	0.00604	0.00425	0.00224	0.00638
3	0.00622	0.00486	0.00564	0.00545	0.00681	0.00428	0.00408	0.00797	0.01225	0.01613	0.43546	0.04069	0.41121	0.01090	0.00564	0.00156	0.00234	0.00934	0.00486	0.00428
4	0.73588	0.00936	0.00783	0.00676	0.00984	0.01058	0.00557	0.05750	0.00947	0.09920	0.00812	0.00881	0.00599	0.00465	0.00324	0.00148	0.00382	0.00290	0.00335	0.00563
5	0.00587	0.00420	0.00559	0.00662	0.00694	0.00392	0.00444	0.00678	0.00939	0.01258	0.06876	0.78540	0.03235	0.01469	0.00608	0.00192	0.00274	0.01332	0.00448	0.00392
6	0.01128	0.01289	0.02820	0.02015	0.02498	0.01209	0.78485	0.01531	0.01128	0.01531	0.00967	0.01289	0.00725	0.00403	0.00564	0.00161	0.00806	0.00564	0.00242	0.00645
7	0.00569	0.00484	0.00490	0.00489	0.00648	0.00405	0.00366	0.00694	0.01099	0.01315	0.07678	0.04561	0.77176	0.01202	0.00565	0.00161	0.00241	0.01003	0.00447	0.00405
8	0.01519	0.01165	0.01440	0.04466	0.20577	0.01259	0.00991	0.47774	0.01769	0.02447	0.01125	0.01236	0.00842	0.00532	0.00460	0.00140	0.00504	0.00431	0.10577	0.00745
9	0.01907	0.00747	0.00993	0.00781	0.01103	0.00655	0.00638	0.02099	0.01311	0.66064	0.04153	0.01708	0.01288	0.00598	0.00461	0.00142	0.00373	0.00487	0.13745	0.00746
10	0.01140	0.01017	0.01023	0.00933	0.01185	0.05118	0.00725	0.02263	0.64614	0.01865	0.02201	0.02155	0.09453	0.00722	0.00498	0.00162	0.00391	0.03368	0.00468	0.00699
11	0.00594	0.00421	0.00551	0.00650	0.00675	0.00396	0.00427	0.00669	0.00892	0.01189	0.02516	0.74511	0.03012	0.10081	0.00802	0.00222	0.00297	0.01289	0.00427	0.00378
12	0.00959	0.02472	0.80726	0.01362	0.02069	0.01110	0.01766	0.01514	0.01009	0.01514	0.00858	0.01009	0.00605	0.00454	0.00454	0.00151	0.00706	0.00353	0.00202	0.00706
13	0.01785	0.02278	0.01354	0.01231	0.01478	0.81284	0.00924	0.01909	0.01354	0.01170	0.00739	0.00862	0.00616	0.00493	0.00431	0.00123	0.00862	0.00308	0.00246	0.00554
14	0.00602	0.00486	0.00536	0.00523	0.00668	0.00419	0.00392	0.00758	0.01177	0.01500	0.29888	0.04257	0.54851	0.01133	0.00565	0.00158	0.00237	0.00961	0.00471	0.00419
15	0.06570	0.29093	0.47587	0.01154	0.01729	0.01368	0.03508	0.01480	0.00987	0.01426	0.00785	0.00922	0.00606	0.00437	0.00398	0.00135	0.00623	0.00321	0.00210	0.00662
16	0.01124	0.01885	0.46205	0.04420	0.21198	0.01143	0.01531	0.08458	0.04801	0.03339	0.00966	0.01122	0.00714	0.00471	0.00464	0.00149	0.00632	0.00392	0.00257	0.00727
17	0.00581	0.00420	0.00550	0.00654	0.00690	0.00389	0.00439	0.00667	0.00926	0.01224	0.02770	0.78067	0.07897	0.01480	0.00607	0.00192	0.00275	0.01337	0.00444	0.00389
18	0.01100	0.01629	0.31003	0.02354	0.51392	0.01126	0.01577	0.01484	0.01059	0.01544	0.00884	0.01119	0.00701	0.00436	0.00466	0.00145	0.00619	0.00399	0.00224	0.00738
19	0.01222	0.01007	0.01077	0.00952	0.01236	0.01136	0.00744	0.02456	0.71406	0.05636	0.01882	0.01732	0.01405	0.00630	0.00479	0.00156	0.00378	0.00523	0.00480	0.05462

[dist]
# distance from previous block
# <min> <max>
0	1

[block]
# block no. 1 follows, 53 sequences, length 33
# corresponding to MSA columns:
# 27-59
name=unknown_B
#
# <colnr> <probs for GDERKNQSTAVLIFYWHMCP>
#	G	D	E	R	K	N	Q	S	T	A	V	L	I	F	Y	W	H	M	C	P
0	0.08044	0.04797	0.05392	0.01178	0.01258	0.01413	0.01018	0.01195	0.00764	0.01248	0.00659	0.01029	0.00630	0.00832	0.03253	0.00210	0.65934	0.00397	0.00217	0.00533
1	0.04884	0.00966	0.02939	0.00798	0.01212	0.03824	0.03970	0.02636	0.01026	0.01597	0.00862	0.01008	0.00706	0.00376	0.00368	0.00084	0.00403	0.00303	0.01968	0.70070
2	0.01458	0.42795	0.06670	0.01033	0.01380	0.34203	0.00925	0.01621	0.01122	0.01167	0.00705	0.00829	0.00614	0.00460	0.00408	0.00117	0.03389	0.00288	0.00222	0.00592
3	0.00683	0.00512	0.00768	0.00768	0.00853	0.00597	0.00597	0.00853	0.00768	0.01110	0.01280	0.01878	0.01195	0.03585	0.81308	0.00768	0.01280	0.00512	0.00256	0.00427
4	0.01733	0.00995	0.01185	0.00895	0.01283	0.00941	0.00734	0.27046	0.01557	0.34303	0.01370	0.01302	0.00936	0.00523	0.00446	0.00126	0.00432	0.00412	0.00473	0.23307
5	0.00692	0.00476	0.00583	0.00583	0.00604	0.00497	0.00366	0.00735	0.00713	0.00972	0.01450	0.02816	0.01602	0.63361	0.22089	0.00539	0.00667	0.00649	0.00281	0.00324
6	0.00695	0.00463	0.00521	0.00521	0.00521	0.00463	0.00290	0.00695	0.00695	0.00927	0.01506	0.03128	0.01738	0.83203	0.02433	0.00463	0.00463	0.00695	0.00290	0.00290
7	0.00626	0.00446	0.00563	0.00612	0.00659	0.00419	0.00409	0.00725	0.00976	0.01317	0.19650	0.44514	0.07280	0.18383	0.00977	0.00239	0.00303	0.01092	0.00430	0.00382
8	0.01183	0.01136	0.01940	0.02934	0.80221	0.01136	0.01467	0.01467	0.01088	0.01562	0.00899	0.01183	0.00757	0.00426	0.00473	0.00142	0.00568	0.00426	0.00237	0.00757
9	0.00585	0.00443	0.00534	0.00598	0.00672	0.00399	0.00411	0.00683	0.00981	0.01259	0.06377	0.50914	0.28290	0.04694	0.00667	0.00193	0.00271	0.01198	0.00441	0.00392
10	0.01098	0.01012	0.01515	0.18479	0.37320	0.01099	0.01177	0.01695	0.23840	0.01624	0.03674	0.01523	0.02768	0.00535	0.00483	0.00152	0.00509	0.00485	0.00318	0.00694
11	0.00891	0.00445	0.00445	0.00445	0.00557	0.00445	0.00334	0.01114	0.01002	0.01782	0.01559	0.01782	0.01225	0.00557	0.00334	0.00111	0.00223	0.00445	0.85856	0.00445
12	0.01569	0.01412	0.01282	0.01078	0.01389	0.17749	0.00853	0.33626	0.31711	0.02245	0.01370	0.01333	0.01021	0.00586	0.00472	0.00146	0.00538	0.00447	0.00434	0.00738
13	0.01785	0.02278	0.01354	0.01231	0.01478	0.81284	0.00924	0.01909	0.01354	0.01170	0.00739	0.00862	0.00616	0.00493	0.00431	0.00123	0.00862	0.00308	0.00246	0.00554
14	0.00891	0.00445	0.00445	0.00445	0.00557	0.00445	0.00334	0.01114	0.01002	0.01782	0.01559	0.01782	0.01225	0.00557	0.00334	0.00111	0.00223	0.00445	0.85856	0.00445
15	0.86579	0.00924	0.00702	0.00629	0.00924	0.01072	0.00518	0.01405	0.00813	0.02144	0.00666	0.00776	0.00518	0.00444	0.00296	0.00148	0.00370	0.00259	0.00296	0.00518
16	0.00971	0.05539	0.77765	0.01342	0.02037	0.01140	0.01730	0.01511	0.01008	0.01499	0.00850	0.01000	0.00606	0.00452	0.00449	0.00150	0.00699	0.00349	0.00202	0.00703
17	0.01294	0.01119	0.05184	0.01282	0.06218	0.01079	0.17231	0.17201	0.18429	0.08710	0.09873	0.03556	0.01405	0.00597	0.00503	0.00150	0.00507	0.00545	0.00408	0.04709
18	0.01714	0.12151	0.01558	0.01052	0.01436	0.01513	0.00886	0.65055	0.04035	0.02710	0.01099	0.01111	0.00801	0.00550	0.00453	0.00137	0.00517	0.00407	0.00439	0.02376
19	0.01280	0.73837	0.07916	0.00876	0.01298	0.05737	0.00889	0.01460	0.00993	0.01154	0.00682	0.00788	0.00613	0.00416	0.00323	0.00107	0.00542	0.00265	0.00206	0.00617
20	0.01132	0.01082	0.01821	0.02733	0.73707	0.01076	0.01377	0.01403	0.01088	0.01539	0.01222	0.01463	0.07246	0.00490	0.00481	0.00144	0.00541	0.00474	0.00254	0.00728
21	0.00820	0.00419	0.00615	0.00615	0.00615	0.00419	0.00406	0.00628	0.00628	0.00837	0.00880	0.01576	0.00897	0.07649	0.01909	0.79805	0.00419	0.00436	0.00214	0.00214
22	0.01046	0.01046	0.01464	0.01255	0.01255	0.01464	0.01046	0.01150	0.00732	0.01150	0.00627	0.01046	0.00627	0.00837	0.01569	0.00209	0.82328	0.00418	0.00209	0.00523
23	0.01305	0.79386	0.02451	0.00832	0.01240	0.01871	0.00822	0.05288	0.01035	0.01219	0.00689	0.00786	0.00623	0.00417	0.00315	0.00104	0.00512	0.00264	0.00218	0.00623
24	0.00583	0.00467	0.00522	0.00547	0.00667	0.00405	0.00395	0.00707	0.01075	0.01348	0.13383	0.25374	0.50330	0.01259	0.00577	0.00169	0.00249	0.01085	0.00454	0.00405
25	0.01178	0.00964	0.01013	0.00909	0.01163	0.01104	0.00708	0.05769	0.65565	0.02016	0.01859	0.01755	0.01399	0.00633	0.00466	0.00155	0.00364	0.00523	0.11739	0.00718
26	0.00959	0.02472	0.80726	0.01362	0.02069	0.01110	0.01766	0.01514	0.01009	0.01514	0.00858	0.01009	0.00605	0.00454	0.00454	0.00151	0.00706	0.00353	0.00202	0.00706
27	0.09823	0.04854	0.08377	0.01023	0.01420	0.01299	0.00906	0.46396	0.05279	0.14133	0.01200	0.01183	0.00841	0.00550	0.00452	0.00144	0.00502	0.00412	0.00442	0.00764
28	0.01001	0.13103	0.70462	0.01291	0.01958	0.01213	0.01642	0.01503	0.01004	0.01463	0.00832	0.00977	0.00607	0.00448	0.00435	0.00145	0.00681	0.00340	0.00202	0.00694
29	0.00980	0.00931	0.01457	0.51019	0.09137	0.01169	0.01233	0.01322	0.06673	0.01291	0.00883	0.01252	0.00705	0.00568	0.00727	0.00169	0.19253	0.00432	0.00234	0.00565
30	0.00771	0.00581	0.00710	0.00670	0.00804	0.00577	0.00506	0.02800	0.12096	0.01838	0.55087	0.05785	0.06334	0.05071	0.00650	0.00172	0.00277	0.04284	0.00499	0.00489
31	0.03250	0.04694	0.02314	0.01700	0.02104	0.25628	0.50165	0.01639	0.01184	0.01419	0.00879	0.01128	0.00683	0.00431	0.00508	0.00147	0.00802	0.00467	0.00243	0.00613
32	0.03908	0.01547	0.26066	0.06378	0.02158	0.01128	0.35396	0.01564	0.01073	0.09731	0.00993	0.01208	0.00719	0.00470	0.00568	0.00159	0.05545	0.00465	0.00264	0.00663

[dist]
# distance from previous block
# <min> <max>
0	2

[block]
# block no. 2 follows, 53 sequences, length 31
# corresponding to MSA columns:
# 62-92
name=unknown_C
#
# <colnr> <probs for GDERKNQSTAVLIFYWHMCP>
#	G	D	E	R	K	N	Q	S	T	A	V	L	I	F	Y	W	H	M	C	P
0	0.01310	0.75690	0.02442	0.00870	0.01280	0.01845	0.03020	0.06580	0.01061	0.01262	0.00705	0.00807	0.00630	0.00420	0.00325	0.00107	0.00520	0.00276	0.00224	0.00628
1	0.01607	0.01207	0.01296	0.01045	0.01387	0.01348	0.00846	0.48629	0.29594	0.05682	0.01460	0.01392	0.01057	0.00601	0.00481	0.00150	0.00469	0.00471	0.00485	0.00793
2	0.00903	0.00850	0.01434	0.82054	0.03292	0.01062	0.01327	0.01221	0.00956	0.01221	0.00850	0.01274	0.00637	0.00478	0.00478	0.00159	0.00637	0.00425	0.00212	0.00531
3	0.01716	0.02137	0.01284	0.01171	0.01407	0.75051	0.00878	0.01847	0.01327	0.01217	0.00802	0.00933	0.00663	0.00497	0.00424	0.00122	0.00813	0.00318	0.06846	0.00546
4	0.01421	0.00840	0.01030	0.00787	0.01157	0.00710	0.00632	0.05303	0.04868	0.29602	0.01399	0.06616	0.01077	0.00537	0.00428	0.00114	0.00377	0.00443	0.00422	0.42238
5	0.01428	0.07878	0.17171	0.07877	0.26192	0.04094	0.01219	0.03087	0.01162	0.23582	0.01143	0.01234	0.00821	0.00486	0.00457	0.00143	0.00561	0.00409	0.00329	0.00727
6	0.86579	0.00924	0.00702	0.00629	0.00924	0.01072	0.00518	0.01405	0.00813	0.02144	0.00666	0.00776	0.00518	0.00444	0.00296	0.00148	0.00370	0.00259	0.00296	0.00518
7	0.00757	0.00522	0.00616	0.00595	0.00635	0.00542	0.00378	0.05233	0.00825	0.01118	0.04918	0.02847	0.01726	0.62949	0.13970	0.00476	0.00578	0.00660	0.00306	0.00347
8	0.01785	0.02278	0.01354	0.01231	0.01478	0.81284	0.00924	0.01909	0.01354	0.01170	0.00739	0.00862	0.00616	0.00493	0.00431	0.00123	0.00862	0.00308	0.00246	0.00554
9	0.00698	0.00467	0.00531	0.00535	0.00539	0.00467	0.00308	0.00706	0.00711	0.00946	0.01545	0.03215	0.01777	0.80062	0.02365	0.00454	0.00462	0.03622	0.00295	0.00295
10	0.00690	0.00496	0.00688	0.00683	0.00754	0.00543	0.00503	0.00833	0.00843	0.01205	0.12733	0.02388	0.01792	0.20205	0.50553	0.00596	0.00924	0.00601	0.02566	0.00401
11	0.00843	0.00560	0.00750	0.00814	0.00953	0.00538	0.00700	0.01045	0.01119	0.07508	0.02852	0.04974	0.15045	0.01247	0.00631	0.00205	0.00406	0.58895	0.00452	0.00463
12	0.01183	0.01136	0.01940	0.02934	0.80221	0.01136	0.01467	0.01467	0.01088	0.01562	0.00899	0.01183	0.00757	0.00426	0.00473	0.00142	0.00568	0.00426	0.00237	0.00757
13	0.00891	0.00445	0.00445	0.00445	0.00557	0.00445	0.00334	0.01114	0.01002	0.01782	0.01559	0.01782	0.01225	0.00557	0.00334	0.00111	0.00223	0.00445	0.85856	0.00445
14	0.01122	0.01073	0.01830	0.20170	0.63462	0.01120	0.01436	0.01413	0.01059	0.01487	0.00888	0.01203	0.00731	0.00437	0.00474	0.00146	0.00583	0.00426	0.00231	0.00708
15	0.00739	0.00530	0.00733	0.00840	0.00941	0.00524	0.00715	0.00938	0.01075	0.01398	0.02613	0.15678	0.05088	0.01341	0.00651	0.00215	0.00413	0.64696	0.00441	0.00432
16	0.00891	0.00445	0.00445	0.00445	0.00557	0.00445	0.00334	0.01114	0.01002	0.01782	0.01559	0.01782	0.01225	0.00557	0.00334	0.00111	0.00223	0.00445	0.85856	0.00445
17	0.31322	0.01184	0.01142	0.00918	0.01261	0.04584	0.00753	0.40672	0.03386	0.08888	0.01041	0.01060	0.00747	0.00528	0.00413	0.00145	0.00473	0.00372	0.00414	0.00698
18	0.00903	0.00850	0.01434	0.82054	0.03292	0.01062	0.01327	0.01221	0.00956	0.01221	0.00850	0.01274	0.00637	0.00478	0.00478	0.00159	0.00637	0.00425	0.00212	0.00531
19	0.00973	0.06110	0.77214	0.01338	0.02031	0.01145	0.01723	0.01510	0.01007	0.01496	0.00849	0.00998	0.00606	0.00452	0.00447	0.00149	0.00698	0.00349	0.00202	0.00702
20	0.01785	0.02278	0.01354	0.01231	0.01478	0.81284	0.00924	0.01909	0.01354	0.01170	0.00739	0.00862	0.00616	0.00493	0.00431	0.00123	0.00862	0.00308	0.00246	0.00554
21	0.01671	0.01266	0.01352	0.01070	0.01427	0.01414	0.00873	0.60941	0.20171	0.02777	0.01333	0.01295	0.00963	0.00591	0.00480	0.00148	0.00492	0.00456	0.00480	0.00800
22	0.00581	0.00481	0.00510	0.00518	0.00663	0.00410	0.00387	0.00711	0.01101	0.01347	0.11596	0.10292	0.65577	0.01213	0.00570	0.00164	0.00248	0.02772	0.00451	0.00408
23	0.05013	0.79874	0.02426	0.00810	0.01213	0.01855	0.00805	0.01430	0.00964	0.01169	0.00665	0.00767	0.00609	0.00410	0.00306	0.00104	0.00505	0.00256	0.00208	0.00609
24	0.00594	0.00485	0.00524	0.00515	0.00663	0.00416	0.00386	0.00742	0.01158	0.01453	0.24289	0.04333	0.60479	0.01150	0.00565	0.00159	0.00238	0.00971	0.00465	0.00416
25	0.00659	0.00490	0.00615	0.00591	0.00713	0.00446	0.00448	0.00864	0.01291	0.01775	0.62127	0.03848	0.18958	0.01037	0.00568	0.00156	0.00238	0.04226	0.00507	0.00441
26	0.00981	0.08066	0.75326	0.01325	0.02011	0.01164	0.01700	0.01508	0.01006	0.01487	0.00844	0.00992	0.00606	0.00451	0.00444	0.00148	0.00693	0.00346	0.00202	0.00700
27	0.32476	0.01054	0.01506	0.05076	0.44716	0.01113	0.04572	0.01438	0.00984	0.01761	0.00815	0.01042	0.00663	0.00433	0.00412	0.00146	0.00509	0.00371	0.00258	0.00656
28	0.01723	0.01292	0.01382	0.01081	0.01447	0.01438	0.00886	0.67273	0.13755	0.02861	0.01267	0.01242	0.00909	0.00585	0.00479	0.00146	0.00504	0.00447	0.00479	0.00804
29	0.01794	0.02104	0.01385	0.01223	0.01490	0.70253	0.03488	0.03522	0.01367	0.07829	0.00850	0.00946	0.00671	0.00499	0.00441	0.00127	0.00815	0.00333	0.00280	0.00584
30	0.05662	0.11171	0.03233	0.00790	0.01099	0.00839	0.00674	0.04547	0.01310	0.40233	0.23127	0.01979	0.01967	0.00663	0.00472	0.00143	0.00380	0.00542	0.00496	0.00671

[dist]
# distance from previous block
# <min> <max>
0	4

[block]
# block no. 3 follows, 53 sequences, length 44
# corresponding to MSA columns:
# 97-140
name=unknown_D
#
# <colnr> <probs for GDERKNQSTAVLIFYWHMCP>
#	G	D	E	R	K	N	Q	S	T	A	V	L	I	F	Y	W	H	M	C	P
0	0.01475	0.01033	0.01156	0.00897	0.01246	0.02358	0.00727	0.34010	0.04697	0.12990	0.11771	0.01518	0.01355	0.00576	0.00458	0.00127	0.00426	0.00461	0.00447	0.22269
1	0.00683	0.00512	0.00768	0.00768	0.00853	0.00597	0.00597	0.00853	0.00768	0.01110	0.01280	0.01878	0.01195	0.03585	0.81308	0.00768	0.01280	0.00512	0.00256	0.00427
2	0.01186	0.00983	0.01081	0.01025	0.04290	0.01116	0.00762	0.02368	0.68165	0.04985	0.01947	0.07032	0.01532	0.00693	0.00494	0.00163	0.00380	0.00587	0.00478	0.00735
3	0.01619	0.01361	0.25301	0.03253	0.01615	0.00913	0.06021	0.01948	0.02469	0.44372	0.01428	0.01383	0.00942	0.00548	0.00531	0.00153	0.04529	0.00444	0.00421	0.00748
4	0.01171	0.41292	0.24095	0.01318	0.08222	0.03071	0.11869	0.01480	0.01021	0.01326	0.00781	0.00942	0.00639	0.00424	0.00399	0.00128	0.00617	0.00340	0.00212	0.00654
5	0.01278	0.83490	0.02505	0.00818	0.01227	0.01891	0.00818	0.01431	0.00971	0.01125	0.00664	0.00767	0.00613	0.00409	0.00307	0.00102	0.00511	0.00256	0.00204	0.00613
6	0.01903	0.01089	0.01268	0.00977	0.01343	0.01121	0.00805	0.44212	0.01851	0.34655	0.04729	0.01444	0.01118	0.00598	0.00483	0.00146	0.00465	0.00469	0.00526	0.00798
7	0.84319	0.03112	0.00750	0.00634	0.00932	0.01094	0.00526	0.01406	0.00818	0.02117	0.00665	0.00776	0.00520	0.00443	0.00296	0.00147	0.00373	0.00259	0.00293	0.00520
8	0.10640	0.01148	0.03529	0.02371	0.58274	0.01149	0.01283	0.08514	0.01167	0.04738	0.00928	0.01146	0.00746	0.00455	0.00472	0.00144	0.01879	0.00408	0.00277	0.00733
9	0.00776	0.00588	0.00803	0.00998	0.15433	0.00590	0.00540	0.00846	0.00791	0.01080	0.01473	0.09293	0.01641	0.56360	0.06501	0.00399	0.00515	0.00689	0.00291	0.00393
10	0.01183	0.01136	0.01940	0.02934	0.80221	0.01136	0.01467	0.01467	0.01088	0.01562	0.00899	0.01183	0.00757	0.00426	0.00473	0.00142	0.00568	0.00426	0.00237	0.00757
11	0.01201	0.01028	0.01082	0.00968	0.01240	0.01184	0.00754	0.05473	0.74742	0.02024	0.01974	0.01816	0.03044	0.00657	0.00488	0.00161	0.00381	0.00546	0.00485	0.00751
12	0.00568	0.00484	0.00488	0.00487	0.00647	0.00405	0.00365	0.00691	0.01096	0.01307	0.06766	0.04573	0.78093	0.01205	0.00565	0.00161	0.00242	0.01005	0.00446	0.00405
13	0.00697	0.00495	0.00635	0.00596	0.00719	0.00452	0.00448	0.00913	0.01330	0.03510	0.71695	0.03620	0.11111	0.00990	0.00562	0.00151	0.00231	0.00869	0.00520	0.00454
14	0.01088	0.00669	0.00925	0.00785	0.01010	0.00617	0.06466	0.01374	0.06773	0.21047	0.29467	0.03102	0.19225	0.00882	0.00543	0.00157	0.00339	0.04469	0.00496	0.00566
15	0.00683	0.00458	0.00525	0.00537	0.00540	0.00455	0.00306	0.00692	0.00719	0.00958	0.01626	0.11638	0.01890	0.74486	0.02238	0.00435	0.00444	0.00766	0.00306	0.00300
16	0.01213	0.66969	0.18455	0.00929	0.01398	0.01732	0.01011	0.01448	0.00979	0.01204	0.00704	0.00816	0.00612	0.00418	0.00337	0.00112	0.00551	0.00275	0.00204	0.00632
17	0.00891	0.00445	0.00445	0.00445	0.00557	0.00445	0.00334	0.01114	0.01002	0.01782	0.01559	0.01782	0.01225	0.00557	0.00334	0.00111	0.00223	0.00445	0.85856	0.00445
18	0.00903	0.00850	0.01434	0.82054	0.03292	0.01062	0.01327	0.01221	0.00956	0.01221	0.00850	0.01274	0.00637	0.00478	0.00478	0.00159	0.00637	0.00425	0.00212	0.00531
19	0.86579	0.00924	0.00702	0.00629	0.00924	0.01072	0.00518	0.01405	0.00813	0.02144	0.00666	0.00776	0.00518	0.00444	0.00296	0.00148	0.00370	0.00259	0.00296	0.00518
20	0.01047	0.00587	0.00752	0.00670	0.00851	0.00533	0.00516	0.03649	0.01312	0.20899	0.42407	0.10812	0.12147	0.00948	0.00545	0.00155	0.00286	0.00822	0.00523	0.00539
21	0.00959	0.02472	0.80726	0.01362	0.02069	0.01110	0.01766	0.01514	0.01009	0.01514	0.00858	0.01009	0.00605	0.00454	0.00454	0.00151	0.00706	0.00353	0.00202	0.00706
22	0.00991	0.00850	0.00991	0.00708	0.01133	0.00637	0.00566	0.01203	0.00991	0.01557	0.00850	0.00991	0.00708	0.00354	0.00354	0.00071	0.00354	0.00283	0.00283	0.86124
23	0.00768	0.00610	0.00701	0.00657	0.00813	0.00609	0.00496	0.01220	0.19078	0.01762	0.42519	0.03385	0.21029	0.03500	0.00604	0.00165	0.00272	0.00818	0.00491	0.00505
24	0.01224	0.30218	0.43333	0.01108	0.01667	0.01326	0.01300	0.01592	0.01043	0.11700	0.00925	0.01006	0.00684	0.00456	0.00407	0.00134	0.00600	0.00336	0.00254	0.00688
25	0.00695	0.00463	0.00521	0.00521	0.00521	0.00463	0.00290	0.00695	0.00695	0.00927	0.01506	0.03128	0.01738	0.83203	0.02433	0.00463	0.00463	0.00695	0.00290	0.00290
26	0.01669	0.07381	0.04795	0.01135	0.04103	0.01445	0.00939	0.63206	0.03534	0.02686	0.01154	0.03701	0.00874	0.00582	0.00469	0.00143	0.00523	0.00446	0.00437	0.00777
27	0.00991	0.00850	0.00991	0.00708	0.01133	0.00637	0.00566	0.01203	0.00991	0.01557	0.00850	0.00991	0.00708	0.00354	0.00354	0.00071	0.00354	0.00283	0.00283	0.86124
28	0.00921	0.00868	0.01467	0.76905	0.08298	0.01067	0.01336	0.01237	0.00964	0.01243	0.00853	0.01268	0.00645	0.00474	0.00478	0.00158	0.00633	0.00425	0.00214	0.00546
29	0.01483	0.01158	0.07209	0.00976	0.01312	0.02403	0.00837	0.30327	0.17971	0.14989	0.08619	0.01765	0.06106	0.00661	0.00508	0.00151	0.01800	0.00527	0.00471	0.00727
30	0.86579	0.00924	0.00702	0.00629	0.00924	0.01072	0.00518	0.01405	0.00813	0.02144	0.00666	0.00776	0.00518	0.00444	0.00296	0.00148	0.00370	0.00259	0.00296	0.00518
31	0.00815	0.00421	0.00611	0.00611	0.00611	0.00421	0.00401	0.00631	0.00631	0.00841	0.00908	0.01646	0.00935	0.11046	0.01933	0.76238	0.00421	0.00447	0.00217	0.00217
32	0.00729	0.00648	0.00889	0.13120	0.12612	0.00627	0.02168	0.00916	0.01081	0.01366	0.07239	0.03428	0.49602	0.00945	0.00533	0.00157	0.00358	0.00808	0.02290	0.00482
33	0.01087	0.00579	0.00770	0.00671	0.00855	0.00521	0.00521	0.01301	0.01357	0.23894	0.58146	0.03027	0.03580	0.00869	0.00541	0.00150	0.00276	0.00757	0.00544	0.00552
34	0.01219	0.01160	0.04783	0.07116	0.42322	0.01155	0.07683	0.15442	0.01257	0.01748	0.01036	0.05097	0.00891	0.03141	0.00592	0.00160	0.03721	0.00488	0.00289	0.00701
35	0.01934	0.01097	0.01275	0.00980	0.01351	0.01130	0.00809	0.44731	0.01849	0.35670	0.01468	0.01364	0.00978	0.00581	0.00476	0.00145	0.00469	0.00452	0.02436	0.00805
36	0.01645	0.00946	0.01104	0.00890	0.01211	0.00961	0.00721	0.22956	0.15907	0.32994	0.04848	0.01937	0.10327	0.00682	0.00494	0.00151	0.00409	0.00552	0.00522	0.00743
37	0.04373	0.19509	0.59281	0.01216	0.01833	0.03115	0.01498	0.01501	0.01001	0.01448	0.00807	0.00946	0.00604	0.00445	0.00416	0.00140	0.00656	0.00328	0.00207	0.00676
38	0.11632	0.02062	0.01284	0.01157	0.01409	0.67400	0.00878	0.04818	0.01315	0.01354	0.00744	0.00866	0.00612	0.00496	0.00438	0.00128	0.02277	0.00309	0.00260	0.00559
39	0.86579	0.00924	0.00702	0.00629	0.00924	0.01072	0.00518	0.01405	0.00813	0.02144	0.00666	0.00776	0.00518	0.00444	0.00296	0.00148	0.00370	0.00259	0.00296	0.00518
40	0.01130	0.01277	0.05183	0.01534	0.01990	0.07121	0.46005	0.01460	0.01099	0.01511	0.00910	0.01156	0.00707	0.00397	0.00486	0.00131	0.00669	0.00451	0.00253	0.26530
41	0.01302	0.01134	0.06334	0.01236	0.08421	0.01127	0.07148	0.11419	0.39825	0.09187	0.04625	0.01649	0.01304	0.02442	0.00534	0.00162	0.00467	0.00518	0.00432	0.00734
42	0.00695	0.00463	0.00521	0.00521	0.00521	0.00463	0.00290	0.00695	0.00695	0.00927	0.01506	0.03128	0.01738	0.83203	0.02433	0.00463	0.00463	0.00695	0.00290	0.00290
43	0.01015	0.16720	0.66970	0.01267	0.01921	0.01247	0.01599	0.01499	0.01002	0.01445	0.00824	0.00966	0.00607	0.00446	0.00428	0.00143	0.00672	0.00336	0.00202	0.00690

[dist]
# distance from previous block
# <min> <max>
5	6

[block]
# block no. 4 follows, 53 sequences, length 29
# corresponding to MSA columns:
# 148-176
name=unknown_E
#
# <colnr> <probs for GDERKNQSTAVLIFYWHMCP>
#	G	D	E	R	K	N	Q	S	T	A	V	L	I	F	Y	W	H	M	C	P
0	0.01119	0.22212	0.50140	0.01183	0.01762	0.01336	0.01400	0.07536	0.06218	0.01566	0.00904	0.01011	0.00679	0.00465	0.00422	0.00139	0.00623	0.00347	0.00242	0.00695
1	0.17821	0.67478	0.02155	0.00781	0.01168	0.01732	0.00760	0.01426	0.00941	0.01322	0.00665	0.00769	0.00595	0.00416	0.00305	0.00111	0.00484	0.00256	0.00222	0.00595
2	0.01278	0.83490	0.02505	0.00818	0.01227	0.01891	0.00818	0.01431	0.00971	0.01125	0.00664	0.00767	0.00613	0.00409	0.00307	0.00102	0.00511	0.00256	0.00204	0.00613
3	0.00830	0.00415	0.00623	0.00623	0.00623	0.00415	0.00415	0.00623	0.00623	0.00830	0.00830	0.01453	0.00830	0.01660	0.01868	0.86094	0.00415	0.00415	0.00208	0.00208
4	0.00943	0.00595	0.00755	0.00678	0.00845	0.00569	0.00521	0.01288	0.10011	0.13161	0.60155	0.03094	0.03696	0.00886	0.00543	0.00151	0.00268	0.00774	0.00531	0.00537
5	0.01045	0.24289	0.59663	0.01216	0.01842	0.01320	0.01511	0.01491	0.00999	0.01409	0.00806	0.00944	0.00608	0.00442	0.00414	0.00138	0.00654	0.00327	0.00203	0.00681
6	0.00685	0.00504	0.00728	0.00728	0.00800	0.00576	0.00548	0.00828	0.00756	0.01080	0.01317	0.02080	0.01283	0.16485	0.68528	0.00719	0.01148	0.00542	0.00261	0.00405
7	0.01278	0.83490	0.02505	0.00818	0.01227	0.01891	0.00818	0.01431	0.00971	0.01125	0.00664	0.00767	0.00613	0.00409	0.00307	0.00102	0.00511	0.00256	0.00204	0.00613
8	0.01140	0.05687	0.17933	0.01724	0.02231	0.01206	0.52194	0.01610	0.05788	0.04190	0.01020	0.01249	0.00755	0.00434	0.00522	0.00156	0.00732	0.00503	0.00258	0.00668
9	0.01161	0.01113	0.01901	0.09065	0.74260	0.01130	0.01456	0.01448	0.01078	0.01535	0.00895	0.01190	0.00748	0.00430	0.00474	0.00143	0.00573	0.00426	0.00235	0.00740
10	0.01765	0.02244	0.01358	0.01232	0.01471	0.79075	0.00927	0.01888	0.01337	0.01169	0.00736	0.00867	0.00616	0.00502	0.00462	0.00126	0.03116	0.00311	0.00245	0.00553
11	0.03199	0.01814	0.01544	0.05397	0.15138	0.49116	0.06378	0.06430	0.01319	0.04062	0.00849	0.01008	0.00678	0.00482	0.00452	0.00133	0.00752	0.00364	0.00269	0.00618
12	0.01497	0.01874	0.06253	0.01270	0.06575	0.52627	0.02601	0.01790	0.08741	0.01376	0.08360	0.01313	0.02568	0.00558	0.00458	0.00134	0.00715	0.00411	0.00296	0.00586
13	0.01760	0.01305	0.01404	0.01073	0.01458	0.01424	0.00885	0.73279	0.02160	0.02912	0.01127	0.01137	0.00806	0.00559	0.00470	0.00138	0.00514	0.00420	0.00465	0.06706
14	0.00664	0.00488	0.00622	0.00589	0.00707	0.00446	0.00442	0.00879	0.01325	0.01849	0.71868	0.03681	0.12653	0.01002	0.00564	0.00152	0.00227	0.00880	0.00517	0.00446
15	0.70187	0.00930	0.00798	0.00684	0.00995	0.01040	0.00564	0.05480	0.00966	0.13391	0.00864	0.00917	0.00628	0.00471	0.00332	0.00148	0.00383	0.00299	0.00347	0.00575
16	0.00623	0.00486	0.00565	0.00545	0.00681	0.00428	0.00409	0.00799	0.01227	0.01617	0.44016	0.04063	0.40649	0.01089	0.00564	0.00156	0.00233	0.00933	0.00487	0.00428
17	0.00903	0.00672	0.00897	0.00832	0.00975	0.00769	0.00658	0.15937	0.01055	0.01479	0.01255	0.01736	0.01121	0.03001	0.65632	0.00647	0.01134	0.00496	0.00299	0.00502
18	0.00974	0.05161	0.76056	0.01361	0.02052	0.01139	0.03748	0.01511	0.01011	0.01501	0.00854	0.01008	0.00609	0.00451	0.00452	0.00150	0.00702	0.00355	0.00203	0.00702
19	0.00695	0.00463	0.00521	0.00521	0.00521	0.00463	0.00290	0.00695	0.00695	0.00927	0.01506	0.03128	0.01738	0.83203	0.02433	0.00463	0.00463	0.00695	0.00290	0.00290
20	0.07379	0.01362	0.22820	0.01506	0.21482	0.00967	0.01173	0.04061	0.01187	0.30140	0.02522	0.01306	0.00916	0.00508	0.00460	0.00147	0.00527	0.00422	0.00371	0.00744
21	0.01794	0.01258	0.01373	0.01060	0.01426	0.01376	0.00872	0.68864	0.02108	0.09346	0.01219	0.01244	0.00871	0.02264	0.02514	0.00166	0.00533	0.00442	0.00478	0.00793
22	0.02616	0.14405	0.04156	0.02126	0.36551	0.06083	0.22688	0.03044	0.01113	0.01497	0.00871	0.01115	0.00710	0.00425	0.00466	0.00140	0.00642	0.00426	0.00238	0.00687
23	0.00695	0.00463	0.00521	0.00521	0.00521	0.00463	0.00290	0.00695	0.00695	0.00927	0.01506	0.03128	0.01738	0.83203	0.02433	0.00463	0.00463	0.00695	0.00290	0.00290
24	0.00600	0.00484	0.00534	0.00525	0.00668	0.00418	0.00392	0.00753	0.01168	0.01485	0.28206	0.05999	0.54805	0.01144	0.00566	0.00159	0.00238	0.00971	0.00469	0.00418
25	0.01183	0.01136	0.01940	0.02934	0.80221	0.01136	0.01467	0.01467	0.01088	0.01562	0.00899	0.01183	0.00757	0.00426	0.00473	0.00142	0.00568	0.00426	0.00237	0.00757
26	0.00613	0.00452	0.00580	0.00672	0.00738	0.00420	0.00487	0.00727	0.00979	0.01270	0.03005	0.55337	0.16650	0.01415	0.00611	0.00193	0.00300	0.14709	0.00443	0.00400
27	0.01183	0.01136	0.01940	0.02934	0.80221	0.01136	0.01467	0.01467	0.01088	0.01562	0.00899	0.01183	0.00757	0.00426	0.00473	0.00142	0.00568	0.00426	0.00237	0.00757
28	0.17744	0.01095	0.01700	0.02487	0.64842	0.01123	0.01283	0.01455	0.01035	0.01675	0.00854	0.01104	0.00711	0.00429	0.00439	0.00143	0.00529	0.00393	0.00248	0.00711

[dist]
# distance from previous block
# <min> <max>
0	278

# created by:
# /st0/software/busco_prod/Augustus/scripts/msa2prfl.pl ./align_prep/62507.fa
