[name]
unknown

[dist]
# distance from previous block
# <min> <max>
0	4

[block]
# block no. 0 follows, 51 sequences, length 49
# corresponding to MSA columns:
# 4-52
name=unknown_A
#
# <colnr> <probs for GDERKNQSTAVLIFYWHMCP>
#	G	D	E	R	K	N	Q	S	T	A	V	L	I	F	Y	W	H	M	C	P
0	0.00933	0.00709	0.00877	0.00910	0.01081	0.03749	0.00781	0.04577	0.01188	0.03109	0.02271	0.04612	0.02400	0.01170	0.00624	0.00201	0.00463	0.60458	0.00433	0.09454
1	0.08592	0.01105	0.01143	0.00902	0.01266	0.07805	0.00725	0.18038	0.07455	0.18783	0.04226	0.01328	0.01040	0.00532	0.00440	0.00127	0.00456	0.00410	0.00425	0.25200
2	0.00650	0.00501	0.00594	0.00571	0.00706	0.00444	0.00428	0.00839	0.01284	0.01716	0.49909	0.04090	0.34292	0.01100	0.00580	0.00159	0.00239	0.00948	0.00507	0.00444
3	0.00911	0.00759	0.02282	0.04404	0.01077	0.00758	0.00628	0.03540	0.24529	0.03224	0.20718	0.12127	0.17457	0.00932	0.00542	0.00162	0.00334	0.00801	0.00471	0.04345
4	0.01314	0.01209	0.01288	0.01410	0.17852	0.14782	0.00911	0.14918	0.15434	0.03170	0.10278	0.12180	0.01662	0.00729	0.00511	0.00155	0.00512	0.00617	0.00402	0.00668
5	0.00665	0.00501	0.00615	0.00587	0.00716	0.00451	0.00440	0.00869	0.01320	0.01801	0.59813	0.03950	0.24334	0.01068	0.00580	0.00158	0.00236	0.00928	0.00519	0.00451
6	0.02848	0.01422	0.18682	0.01582	0.21019	0.01174	0.01191	0.12303	0.22885	0.08089	0.01408	0.01445	0.02610	0.00559	0.00486	0.00155	0.00531	0.00469	0.00375	0.00767
7	0.01706	0.10815	0.02928	0.01109	0.02528	0.17759	0.00903	0.31190	0.13979	0.10382	0.01238	0.01228	0.00911	0.00563	0.00463	0.00142	0.00577	0.00418	0.00415	0.00746
8	0.01563	0.01437	0.28190	0.01048	0.01520	0.00914	0.01086	0.09316	0.01359	0.35378	0.10112	0.01617	0.01347	0.00597	0.00492	0.00152	0.00514	0.00484	0.00446	0.02428
9	0.01136	0.39465	0.44579	0.01144	0.01730	0.01510	0.01368	0.01517	0.01020	0.01373	0.00791	0.00923	0.00626	0.00446	0.00397	0.00132	0.00634	0.00317	0.00209	0.00682
10	0.01179	0.15614	0.32679	0.01523	0.02087	0.01346	0.28766	0.08113	0.01184	0.01627	0.00914	0.01111	0.00686	0.00451	0.00484	0.00150	0.00713	0.00430	0.00247	0.00697
11	0.00703	0.00524	0.00776	0.00776	0.00859	0.00607	0.00597	0.00869	0.00786	0.01130	0.01329	0.02002	0.01259	0.08063	0.76447	0.00772	0.01270	0.00537	0.00265	0.00431
12	0.01314	0.01517	0.05959	0.02202	0.33061	0.17376	0.24403	0.01674	0.04793	0.01533	0.00960	0.01202	0.00765	0.00457	0.00506	0.00149	0.00717	0.00458	0.00257	0.00699
13	0.01251	0.01273	0.05556	0.02260	0.39570	0.02494	0.19772	0.05107	0.12842	0.03240	0.01129	0.01329	0.00880	0.00479	0.00510	0.00154	0.00620	0.00486	0.00300	0.00748
14	0.00766	0.00689	0.04408	0.02334	0.01057	0.00632	0.07288	0.05139	0.01013	0.01368	0.02187	0.39273	0.08103	0.04512	0.18483	0.00329	0.00605	0.00966	0.00377	0.00470
15	0.00604	0.00497	0.00511	0.00514	0.00657	0.00427	0.00375	0.00715	0.01067	0.01282	0.04464	0.04554	0.67197	0.11916	0.00835	0.00208	0.00284	0.03056	0.00435	0.00401
16	0.35740	0.02690	0.01126	0.00955	0.01261	0.29716	0.00756	0.11266	0.01279	0.09756	0.00899	0.00965	0.00676	0.00506	0.00397	0.00142	0.00588	0.00329	0.00338	0.00615
17	0.05099	0.02267	0.01256	0.00954	0.01333	0.01036	0.00789	0.27311	0.04251	0.48017	0.01626	0.01470	0.01067	0.00596	0.00484	0.00150	0.00458	0.00467	0.00549	0.00820
18	0.13471	0.25804	0.13653	0.00970	0.01401	0.05576	0.00939	0.14109	0.02335	0.12088	0.00991	0.01038	0.00743	0.00490	0.00401	0.00133	0.00534	0.00346	0.00331	0.04647
19	0.04495	0.01311	0.06450	0.03654	0.50326	0.08051	0.01308	0.03557	0.10642	0.01667	0.01082	0.03363	0.00899	0.00508	0.00480	0.00149	0.00579	0.00456	0.00287	0.00735
20	0.01112	0.00901	0.01019	0.00908	0.01131	0.05292	0.03863	0.01843	0.35678	0.07521	0.24889	0.09609	0.02489	0.00823	0.00535	0.00163	0.00381	0.00714	0.00492	0.00638
21	0.01483	0.01154	0.01289	0.01075	0.01362	0.01332	0.00867	0.28134	0.37806	0.07005	0.01539	0.01502	0.01144	0.00662	0.00642	0.00166	0.11105	0.00497	0.00466	0.00770
22	0.00756	0.00514	0.00672	0.00630	0.00755	0.00472	0.00473	0.00978	0.01370	0.05337	0.71873	0.06606	0.05667	0.01012	0.00578	0.00156	0.00242	0.00893	0.00539	0.00477
23	0.01195	0.00632	0.00816	0.00713	0.00921	0.00575	0.00554	0.01449	0.04944	0.27266	0.39579	0.07782	0.09718	0.00913	0.00551	0.00158	0.00304	0.00788	0.00549	0.00591
24	0.00603	0.00435	0.00572	0.00672	0.00712	0.00403	0.00453	0.00699	0.00974	0.01298	0.07061	0.74437	0.06871	0.01496	0.00622	0.00196	0.00280	0.01352	0.00461	0.00403
25	0.00713	0.00483	0.00569	0.00569	0.00581	0.00494	0.00339	0.00736	0.00724	0.00977	0.01518	0.03048	0.01714	0.72381	0.12750	0.00517	0.00586	0.00690	0.00293	0.00316
26	0.14222	0.01218	0.05442	0.01002	0.01380	0.01233	0.00855	0.35860	0.13491	0.18289	0.01369	0.01315	0.00958	0.00579	0.00464	0.00152	0.00479	0.00440	0.00474	0.00776
27	0.02205	0.00836	0.01140	0.00874	0.01254	0.00722	0.00722	0.02395	0.01407	0.80004	0.01939	0.01673	0.01216	0.00608	0.00494	0.00152	0.00418	0.00494	0.00608	0.00836
28	0.01160	0.45271	0.38981	0.01103	0.01667	0.01568	0.01298	0.01511	0.01017	0.01344	0.00776	0.00905	0.00627	0.00442	0.00386	0.00129	0.00620	0.00310	0.00209	0.00676
29	0.00854	0.00427	0.00640	0.00640	0.00640	0.00427	0.00427	0.00640	0.00640	0.00854	0.00854	0.01494	0.00854	0.01707	0.01921	0.85702	0.00427	0.00427	0.00213	0.00213
30	0.02205	0.00836	0.01140	0.00874	0.01254	0.00722	0.00722	0.02395	0.01407	0.80004	0.01939	0.01673	0.01216	0.00608	0.00494	0.00152	0.00418	0.00494	0.00608	0.00836
31	0.01040	0.15965	0.67239	0.01307	0.01983	0.01275	0.01653	0.01542	0.01031	0.01490	0.00849	0.00996	0.00624	0.00459	0.00442	0.00147	0.00693	0.00346	0.00208	0.00710
32	0.01160	0.01326	0.02900	0.02071	0.02568	0.01243	0.77879	0.01574	0.01160	0.01574	0.00994	0.01326	0.00746	0.00414	0.00580	0.00166	0.00829	0.00580	0.00249	0.00663
33	0.00916	0.00458	0.00458	0.00458	0.00573	0.00458	0.00344	0.01145	0.01031	0.01832	0.01603	0.01832	0.01260	0.00573	0.00344	0.00115	0.00229	0.00458	0.85457	0.00458
34	0.13149	0.01090	0.01579	0.03498	0.40853	0.04622	0.04307	0.01666	0.01143	0.17931	0.01175	0.04843	0.00935	0.00528	0.00471	0.00151	0.00533	0.00469	0.00337	0.00721
35	0.01152	0.01301	0.02765	0.01996	0.02444	0.01268	0.70431	0.01536	0.01120	0.01536	0.00960	0.01301	0.00736	0.00457	0.00680	0.00170	0.08683	0.00565	0.00245	0.00651
36	0.00644	0.00500	0.00585	0.00564	0.00703	0.00442	0.00423	0.00828	0.01269	0.01682	0.45957	0.04147	0.38264	0.01112	0.00580	0.00160	0.00240	0.00955	0.00503	0.00442
37	0.03966	0.01035	0.03505	0.01470	0.18997	0.03222	0.08104	0.15856	0.06429	0.01823	0.03282	0.22643	0.05895	0.00826	0.00533	0.00165	0.00488	0.00741	0.00382	0.00638
38	0.01376	0.60194	0.08361	0.00910	0.01335	0.03265	0.00903	0.01675	0.07785	0.08782	0.00934	0.00985	0.00761	0.00465	0.00363	0.00119	0.00526	0.00319	0.00274	0.00669
39	0.01050	0.00581	0.00771	0.00678	0.00856	0.00524	0.00524	0.01272	0.01395	0.20312	0.61196	0.03201	0.03833	0.00911	0.00560	0.00154	0.00276	0.00796	0.00557	0.00551
40	0.00766	0.00513	0.00704	0.00799	0.00885	0.00494	0.00630	0.00925	0.01054	0.05020	0.02621	0.41621	0.02952	0.01409	0.00646	0.00210	0.00372	0.37470	0.00461	0.00445
41	0.04085	0.02056	0.43048	0.01341	0.04834	0.13464	0.02739	0.06906	0.12060	0.01694	0.01071	0.02668	0.00816	0.00527	0.00470	0.00153	0.00668	0.00411	0.00285	0.00705
42	0.05792	0.18142	0.50384	0.01336	0.01949	0.01311	0.11511	0.01536	0.01035	0.01516	0.00847	0.01013	0.00635	0.00450	0.00443	0.00147	0.00681	0.00366	0.00219	0.00688
43	0.00609	0.00435	0.00582	0.00696	0.00728	0.00408	0.00473	0.00701	0.00951	0.01266	0.02703	0.78488	0.03229	0.01530	0.00630	0.00201	0.00294	0.05220	0.00456	0.00402
44	0.08556	0.02640	0.01256	0.00958	0.01331	0.01103	0.00791	0.30099	0.06814	0.38997	0.01542	0.01417	0.01031	0.00590	0.00475	0.00150	0.00460	0.00457	0.00527	0.00805
45	0.01318	0.01159	0.01869	0.02668	0.66022	0.01171	0.01389	0.07147	0.04832	0.06076	0.01049	0.01268	0.00840	0.00469	0.00488	0.00147	0.00562	0.00447	0.00293	0.00786
46	0.00924	0.00952	0.01589	0.01322	0.05156	0.05232	0.31027	0.01170	0.01127	0.01432	0.03733	0.12311	0.25043	0.02402	0.00615	0.00175	0.00546	0.04357	0.00352	0.00537
47	0.01140	0.11570	0.02754	0.00827	0.01078	0.00927	0.00667	0.07172	0.16670	0.10439	0.04324	0.24518	0.04452	0.03599	0.00570	0.00167	0.00390	0.00746	0.00431	0.07559
48	0.33931	0.03076	0.24289	0.00977	0.01416	0.01133	0.01000	0.07634	0.06463	0.09870	0.01003	0.01072	0.00729	0.00508	0.00437	0.00152	0.02731	0.00357	0.00330	0.02894

[dist]
# distance from previous block
# <min> <max>
0	1

[block]
# block no. 1 follows, 51 sequences, length 59
# corresponding to MSA columns:
# 54-112
name=unknown_B
#
# <colnr> <probs for GDERKNQSTAVLIFYWHMCP>
#	G	D	E	R	K	N	Q	S	T	A	V	L	I	F	Y	W	H	M	C	P
0	0.03271	0.24807	0.10631	0.01676	0.27351	0.06350	0.01167	0.08682	0.01224	0.09052	0.00955	0.01084	0.00751	0.00471	0.00430	0.00135	0.00578	0.00374	0.00289	0.00723
1	0.04923	0.05407	0.04732	0.01948	0.39082	0.01137	0.01166	0.09494	0.05041	0.20412	0.01219	0.01305	0.00900	0.00506	0.00473	0.00147	0.00525	0.00438	0.00367	0.00778
2	0.00601	0.00451	0.00558	0.00632	0.00702	0.00408	0.00435	0.00706	0.01017	0.01322	0.08488	0.57187	0.22854	0.01428	0.00612	0.00188	0.00272	0.01270	0.00462	0.00408
3	0.01160	0.01279	0.04650	0.10707	0.12523	0.01203	0.56147	0.01548	0.01138	0.03225	0.00989	0.01310	0.00747	0.00431	0.00554	0.00162	0.00767	0.00539	0.00251	0.00670
4	0.00715	0.00476	0.00536	0.00536	0.00536	0.00476	0.00298	0.00715	0.00715	0.00953	0.01548	0.03216	0.01787	0.82729	0.02501	0.00476	0.00476	0.00715	0.00298	0.00298
5	0.08072	0.00513	0.00583	0.00619	0.00732	0.00479	0.00443	0.00822	0.01049	0.03191	0.11669	0.40227	0.27298	0.01272	0.00576	0.00179	0.00279	0.01109	0.00456	0.00433
6	0.01541	0.24131	0.01775	0.01306	0.11499	0.22401	0.00962	0.19071	0.07441	0.01759	0.03045	0.01116	0.00871	0.00518	0.00432	0.00132	0.00613	0.00380	0.00321	0.00687
7	0.00648	0.00484	0.00602	0.00608	0.00714	0.00438	0.00443	0.00822	0.01226	0.01663	0.45322	0.22640	0.20217	0.01183	0.00591	0.00168	0.00248	0.01041	0.00503	0.00438
8	0.01326	0.01150	0.01056	0.00866	0.01192	0.18445	0.00675	0.01614	0.08061	0.12803	0.05677	0.02944	0.07931	0.00587	0.00447	0.00119	0.00471	0.00464	0.00377	0.33794
9	0.01996	0.00793	0.01058	0.00826	0.01179	0.00683	0.00677	0.02178	0.01370	0.69894	0.02329	0.02065	0.11271	0.00690	0.00505	0.00154	0.00396	0.00564	0.00589	0.00782
10	0.00986	0.02542	0.80183	0.01401	0.02127	0.01141	0.01816	0.01556	0.01038	0.01556	0.00882	0.01038	0.00623	0.00467	0.00467	0.00156	0.00726	0.00363	0.00208	0.00726
11	0.01239	0.37025	0.22763	0.01371	0.07517	0.07812	0.12958	0.01551	0.01074	0.01362	0.00807	0.00975	0.00657	0.00440	0.00418	0.00132	0.00657	0.00355	0.00221	0.00667
12	0.00655	0.00463	0.00564	0.00610	0.00643	0.00450	0.00390	0.00713	0.00847	0.01121	0.02306	0.34815	0.09405	0.37289	0.07194	0.00360	0.00440	0.01002	0.00373	0.00359
13	0.01360	0.01054	0.01187	0.00878	0.01297	0.00971	0.00713	0.28993	0.01496	0.04390	0.01015	0.01096	0.00781	0.00453	0.00414	0.00102	0.00429	0.00352	0.00373	0.52648
14	0.01004	0.05823	0.74769	0.01397	0.02104	0.01177	0.03957	0.01553	0.01039	0.01540	0.00877	0.01036	0.00626	0.00463	0.00464	0.00154	0.00721	0.00365	0.00209	0.00721
15	0.00610	0.00485	0.00548	0.00562	0.00689	0.00423	0.00410	0.00750	0.01144	0.01456	0.21044	0.20045	0.47599	0.01250	0.00590	0.00170	0.00252	0.01076	0.00475	0.00423
16	0.01934	0.01271	0.01409	0.01080	0.01471	0.01367	0.00893	0.63195	0.02133	0.18178	0.01329	0.01276	0.00910	0.00594	0.00492	0.00148	0.00517	0.00453	0.00514	0.00836
17	0.00796	0.00619	0.00937	0.01068	0.07038	0.00607	0.04771	0.01003	0.01090	0.01435	0.02480	0.21674	0.04799	0.01275	0.00645	0.00209	0.00440	0.48211	0.00427	0.00476
18	0.01146	0.01126	0.01989	0.18467	0.51649	0.01175	0.11277	0.01454	0.01083	0.01516	0.00913	0.01244	0.00745	0.00461	0.00541	0.00155	0.03657	0.00456	0.00238	0.00708
19	0.01047	0.01034	0.01452	0.01253	0.01260	0.01439	0.01041	0.01160	0.00755	0.01180	0.00695	0.01139	0.00688	0.01070	0.07481	0.00258	0.75862	0.00437	0.00219	0.00530
20	0.01142	0.01470	0.12764	0.02055	0.08227	0.01224	0.62444	0.01567	0.01141	0.01574	0.00975	0.01280	0.00732	0.00423	0.00558	0.00163	0.00797	0.00542	0.00243	0.00680
21	0.00722	0.00527	0.00554	0.00531	0.00715	0.00442	0.00404	0.00852	0.01145	0.08159	0.04714	0.04464	0.72670	0.01189	0.00573	0.00165	0.00264	0.00990	0.00470	0.00451
22	0.01171	0.28982	0.47756	0.01193	0.01789	0.01439	0.01418	0.08168	0.01135	0.01558	0.00842	0.00968	0.00644	0.00462	0.00419	0.00138	0.00644	0.00337	0.00233	0.00704
23	0.02019	0.01112	0.08083	0.00981	0.01394	0.00948	0.00867	0.20199	0.01588	0.55014	0.01668	0.01501	0.01075	0.00592	0.00491	0.00151	0.00474	0.00471	0.00546	0.00827
24	0.00686	0.00502	0.00643	0.00608	0.00728	0.00459	0.00456	0.00908	0.01368	0.01915	0.72942	0.03763	0.11134	0.01025	0.00580	0.00156	0.00233	0.00902	0.00534	0.00459
25	0.01024	0.00891	0.01061	0.00777	0.01176	0.00729	0.00625	0.01233	0.00996	0.01565	0.00854	0.01024	0.00721	0.00407	0.00472	0.00085	0.07437	0.00303	0.00285	0.78336
26	0.01276	0.01167	0.01136	0.01023	0.01299	0.08128	0.00793	0.02555	0.72057	0.01982	0.01892	0.01751	0.01425	0.00653	0.00495	0.00163	0.00432	0.00535	0.00479	0.00760
27	0.00743	0.00539	0.00658	0.00621	0.00754	0.00515	0.00468	0.01050	0.07070	0.01904	0.59801	0.03476	0.11260	0.00965	0.00553	0.00153	0.00245	0.00841	0.07903	0.00482
28	0.00700	0.00636	0.00604	0.00627	0.00756	0.07388	0.00453	0.00817	0.01099	0.01319	0.06817	0.28474	0.46030	0.01263	0.00583	0.00173	0.00315	0.01081	0.00442	0.00425
29	0.00818	0.00635	0.00605	0.00600	0.00636	0.07440	0.00368	0.00854	0.00818	0.01066	0.01618	0.07059	0.03388	0.63336	0.02019	0.00397	0.00478	0.00703	0.06820	0.00341
30	0.00688	0.00465	0.00544	0.00571	0.00577	0.00458	0.00335	0.00708	0.00768	0.01023	0.01820	0.21726	0.02129	0.63753	0.02063	0.00412	0.00432	0.00874	0.00335	0.00321
31	0.01333	0.01046	0.01525	0.20267	0.05107	0.04745	0.13845	0.07407	0.13515	0.15644	0.02371	0.08497	0.01194	0.00630	0.00518	0.00162	0.00562	0.00573	0.00385	0.00672
32	0.09426	0.01221	0.01559	0.01946	0.39048	0.11288	0.01121	0.04781	0.01249	0.21914	0.01153	0.01252	0.00852	0.00498	0.00466	0.00146	0.00559	0.00421	0.00354	0.00746
33	0.67986	0.01088	0.00989	0.00830	0.01154	0.05292	0.06505	0.08131	0.01018	0.02182	0.00755	0.00876	0.00580	0.00467	0.00349	0.00151	0.00455	0.00308	0.00313	0.00571
34	0.01320	0.01115	0.01424	0.01628	0.26467	0.01196	0.01010	0.21725	0.25509	0.02104	0.01761	0.01776	0.09489	0.00635	0.00502	0.00155	0.00476	0.00540	0.00411	0.00754
35	0.02127	0.00873	0.01271	0.00963	0.01352	0.00761	0.06442	0.02334	0.01388	0.74190	0.01869	0.01647	0.01182	0.00594	0.00501	0.00153	0.00449	0.00501	0.00582	0.00823
36	0.00718	0.00540	0.00669	0.00635	0.00765	0.00512	0.00476	0.01018	0.07080	0.01877	0.62283	0.06413	0.13103	0.01026	0.00576	0.00158	0.00247	0.00899	0.00525	0.00479
37	0.01259	0.66528	0.08191	0.00940	0.01329	0.01829	0.00943	0.01441	0.00970	0.01189	0.00693	0.00844	0.00632	0.00480	0.00493	0.00123	0.10988	0.00292	0.00211	0.00626
38	0.00928	0.00873	0.01474	0.81548	0.03385	0.01092	0.01365	0.01256	0.00983	0.01256	0.00873	0.01310	0.00655	0.00491	0.00491	0.00164	0.00655	0.00437	0.00218	0.00546
39	0.00636	0.00500	0.00574	0.00556	0.00698	0.00438	0.00417	0.00812	0.01251	0.01637	0.40836	0.04219	0.43413	0.01129	0.00580	0.00160	0.00241	0.00966	0.00497	0.00438
40	0.01353	0.77044	0.02487	0.00872	0.01280	0.07787	0.00849	0.01508	0.01028	0.01160	0.00689	0.00796	0.00631	0.00427	0.00325	0.00107	0.00552	0.00267	0.00213	0.00626
41	0.86201	0.00950	0.00722	0.00646	0.00950	0.01102	0.00532	0.01445	0.00836	0.02205	0.00684	0.00798	0.00532	0.00456	0.00304	0.00152	0.00380	0.00266	0.00304	0.00532
42	0.00681	0.00502	0.00636	0.00603	0.00725	0.00457	0.00452	0.00899	0.01356	0.01888	0.69841	0.03807	0.14252	0.01035	0.00580	0.00156	0.00234	0.00908	0.00530	0.00457
43	0.01414	0.67501	0.02348	0.00923	0.01311	0.17109	0.00862	0.01566	0.01074	0.01165	0.00698	0.00807	0.00631	0.00437	0.00340	0.00109	0.00595	0.00273	0.00218	0.00619
44	0.00637	0.00500	0.00575	0.00556	0.00698	0.00439	0.00417	0.00813	0.01252	0.01640	0.41190	0.04214	0.43058	0.01128	0.00580	0.00160	0.00241	0.00965	0.00498	0.00439
45	0.25209	0.00842	0.00978	0.00784	0.01116	0.00807	0.00636	0.01986	0.01191	0.51183	0.01543	0.01533	0.01061	0.06649	0.00588	0.00175	0.00411	0.00444	0.00495	0.02370
46	0.01792	0.13430	0.06333	0.00955	0.01343	0.01102	0.00848	0.15607	0.07182	0.40043	0.01586	0.02875	0.01128	0.00611	0.00473	0.00149	0.00472	0.02809	0.00487	0.00775
47	0.00597	0.00456	0.00542	0.00609	0.00688	0.00408	0.00419	0.00693	0.00998	0.01270	0.03503	0.50574	0.31390	0.04604	0.00683	0.00198	0.00279	0.01237	0.00450	0.00401
48	0.01376	0.01132	0.01198	0.01031	0.01337	0.01294	0.00815	0.20612	0.60524	0.02304	0.01804	0.01677	0.01342	0.00648	0.00498	0.00162	0.00425	0.00529	0.00498	0.00792
49	0.01838	0.01220	0.01591	0.01262	0.04173	0.07211	0.13919	0.26008	0.03397	0.32102	0.01417	0.01387	0.00964	0.00557	0.00504	0.00151	0.00567	0.00478	0.00469	0.00783
50	0.01326	0.01153	0.01902	0.02754	0.69602	0.01152	0.01418	0.05555	0.01203	0.07680	0.01015	0.01249	0.00815	0.00459	0.00487	0.00146	0.00569	0.00442	0.00284	0.00786
51	0.01315	0.00718	0.00810	0.00690	0.00909	0.00725	0.00546	0.15830	0.03175	0.16396	0.09792	0.01874	0.01533	0.00630	0.00427	0.00133	0.00326	0.00509	0.43054	0.00606
52	0.01229	0.01128	0.01914	0.10051	0.69685	0.01143	0.01464	0.01520	0.01118	0.04638	0.00959	0.01243	0.00784	0.00449	0.00487	0.00148	0.00584	0.00440	0.00255	0.00760
53	0.01272	0.01331	0.03980	0.02391	0.49536	0.09752	0.09534	0.01726	0.12433	0.01623	0.01069	0.01277	0.00860	0.00477	0.00493	0.00149	0.00618	0.00455	0.00281	0.00742
54	0.00625	0.00454	0.00620	0.00702	0.00747	0.00452	0.00488	0.00731	0.00904	0.01223	0.02405	0.59925	0.04436	0.03817	0.19613	0.00344	0.00532	0.01168	0.00407	0.00407
55	0.23854	0.00824	0.00971	0.00783	0.01110	0.00789	0.00640	0.01963	0.01256	0.49933	0.11384	0.01697	0.01470	0.00619	0.00456	0.00152	0.00385	0.00485	0.00521	0.00710
56	0.42207	0.01320	0.18550	0.01053	0.07127	0.01070	0.00942	0.05340	0.01073	0.15695	0.00990	0.01054	0.00705	0.00490	0.00396	0.00152	0.00486	0.00349	0.00341	0.00661
57	0.01665	0.01050	0.01175	0.00964	0.01281	0.04117	0.00780	0.25193	0.16251	0.26312	0.10476	0.01933	0.01595	0.00690	0.00511	0.00156	0.00449	0.04126	0.00524	0.00754
58	0.04933	0.00896	0.01063	0.00854	0.01173	0.00870	0.00686	0.16342	0.08589	0.27587	0.14921	0.04965	0.01740	0.00674	0.00488	0.00144	0.00393	0.00555	0.00502	0.12626

[dist]
# distance from previous block
# <min> <max>
1	11

[block]
# block no. 2 follows, 51 sequences, length 102
# corresponding to MSA columns:
# 124-225
name=unknown_C
#
# <colnr> <probs for GDERKNQSTAVLIFYWHMCP>
#	G	D	E	R	K	N	Q	S	T	A	V	L	I	F	Y	W	H	M	C	P
0	0.44535	0.06090	0.04106	0.00870	0.03120	0.01159	0.00725	0.15045	0.02547	0.13778	0.03193	0.01112	0.00834	0.00519	0.00388	0.00149	0.00437	0.00361	0.00381	0.00652
1	0.20204	0.06759	0.09582	0.01309	0.01735	0.04012	0.27916	0.06319	0.02724	0.09393	0.01192	0.01320	0.04366	0.00505	0.00470	0.00154	0.00607	0.00462	0.00319	0.00653
2	0.01634	0.01556	0.01348	0.01159	0.03386	0.25525	0.00891	0.30448	0.18652	0.02138	0.01201	0.01222	0.00910	0.00560	0.00469	0.00139	0.00600	0.00417	0.00399	0.07344
3	0.00599	0.00428	0.00570	0.00684	0.00713	0.00399	0.00456	0.00684	0.00941	0.01254	0.02709	0.82409	0.03250	0.01540	0.00627	0.00200	0.00285	0.01397	0.00456	0.00399
4	0.01039	0.07759	0.70288	0.01414	0.04644	0.03420	0.01717	0.01560	0.01048	0.01522	0.00867	0.01023	0.00629	0.00464	0.00457	0.00151	0.00713	0.00358	0.00210	0.00717
5	0.01119	0.35335	0.48562	0.01173	0.01774	0.01469	0.01418	0.01522	0.01022	0.01393	0.00801	0.00936	0.00626	0.00448	0.00405	0.00135	0.00644	0.00322	0.00209	0.00687
6	0.00928	0.00873	0.01474	0.81548	0.03385	0.01092	0.01365	0.01256	0.00983	0.01256	0.00873	0.01310	0.00655	0.00491	0.00491	0.00164	0.00655	0.00437	0.00218	0.00546
7	0.00599	0.00428	0.00570	0.00684	0.00713	0.00399	0.00456	0.00684	0.00941	0.01254	0.02709	0.82409	0.03250	0.01540	0.00627	0.00200	0.00285	0.01397	0.00456	0.00399
8	0.01217	0.01162	0.01952	0.02919	0.75873	0.01170	0.01473	0.01562	0.04875	0.01627	0.00976	0.01246	0.00813	0.00449	0.00487	0.00147	0.00574	0.00444	0.00256	0.00778
9	0.03349	0.00923	0.01311	0.01011	0.01379	0.00859	0.08815	0.07780	0.06519	0.55284	0.03719	0.04144	0.01294	0.00627	0.00506	0.00156	0.00459	0.00537	0.00543	0.00786
10	0.00599	0.00428	0.00570	0.00684	0.00713	0.00399	0.00456	0.00684	0.00941	0.01254	0.02709	0.82409	0.03250	0.01540	0.00627	0.00200	0.00285	0.01397	0.00456	0.00399
11	0.00601	0.00510	0.00520	0.00515	0.00681	0.00435	0.00387	0.00758	0.02793	0.01378	0.09006	0.04609	0.73687	0.01219	0.00579	0.00165	0.00251	0.01019	0.00462	0.00425
12	0.01813	0.02261	0.01402	0.01291	0.03064	0.74868	0.00957	0.04701	0.02841	0.01295	0.00801	0.00921	0.00659	0.00511	0.00447	0.00128	0.00859	0.00328	0.00266	0.00587
13	0.01109	0.01046	0.01695	0.31748	0.37509	0.01150	0.03480	0.01582	0.12733	0.01543	0.01069	0.01347	0.00840	0.00491	0.00493	0.00156	0.00588	0.00459	0.00273	0.00689
14	0.05304	0.01083	0.01280	0.00988	0.01362	0.01108	0.00816	0.35443	0.01764	0.41334	0.01525	0.01408	0.01009	0.00601	0.00514	0.00152	0.02498	0.00461	0.00536	0.00817
15	0.01162	0.09182	0.01588	0.01700	0.33398	0.04231	0.01003	0.01401	0.01073	0.01543	0.00871	0.01072	0.00735	0.00406	0.00413	0.00108	0.00491	0.00350	0.00262	0.39012
16	0.00643	0.00466	0.00607	0.00644	0.00720	0.00430	0.00455	0.00799	0.01161	0.01593	0.38715	0.41556	0.07832	0.01274	0.00603	0.00177	0.00258	0.01141	0.00496	0.00430
17	0.00788	0.00563	0.00787	0.00894	0.01007	0.00562	0.00779	0.01015	0.01141	0.01490	0.05596	0.05470	0.02899	0.01344	0.00675	0.00223	0.00444	0.73414	0.00456	0.00453
18	0.00592	0.00495	0.00515	0.00516	0.00672	0.00419	0.00385	0.00724	0.01137	0.01381	0.11436	0.07665	0.69911	0.01235	0.00583	0.00166	0.00249	0.01038	0.00464	0.00419
19	0.00715	0.00476	0.00536	0.00536	0.00536	0.00476	0.00298	0.00715	0.00715	0.00953	0.01548	0.03216	0.01787	0.82729	0.02501	0.00476	0.00476	0.00715	0.00298	0.00298
20	0.00792	0.00566	0.00792	0.00905	0.01018	0.00566	0.00792	0.01018	0.01131	0.01471	0.02602	0.05543	0.02828	0.01358	0.00679	0.00226	0.00453	0.76356	0.00453	0.00453
21	0.01216	0.01168	0.01995	0.03016	0.79664	0.01168	0.01508	0.01508	0.01119	0.01605	0.00924	0.01216	0.00778	0.00438	0.00487	0.00146	0.00584	0.00438	0.00243	0.00778
22	0.86201	0.00950	0.00722	0.00646	0.00950	0.01102	0.00532	0.01445	0.00836	0.02205	0.00684	0.00798	0.00532	0.00456	0.00304	0.00152	0.00380	0.00266	0.00304	0.00532
23	0.01357	0.73859	0.02420	0.00865	0.01267	0.07132	0.00837	0.01515	0.01043	0.03097	0.02427	0.00879	0.00732	0.00443	0.00334	0.00109	0.00541	0.00286	0.00230	0.00628
24	0.00928	0.00873	0.01474	0.81548	0.03385	0.01092	0.01365	0.01256	0.00983	0.01256	0.00873	0.01310	0.00655	0.00491	0.00491	0.00164	0.00655	0.00437	0.00218	0.00546
25	0.01703	0.10274	0.09128	0.01234	0.01553	0.63528	0.01022	0.03585	0.01340	0.01275	0.00773	0.00898	0.00636	0.00496	0.00434	0.00128	0.00828	0.00319	0.00250	0.00597
26	0.13699	0.00928	0.01071	0.00886	0.01220	0.00948	0.00715	0.02336	0.28030	0.42140	0.01783	0.01605	0.01218	0.00607	0.00469	0.00157	0.00403	0.00483	0.00528	0.00773
27	0.01019	0.00873	0.01019	0.00728	0.01165	0.00655	0.00582	0.01237	0.01019	0.01601	0.00873	0.01019	0.00728	0.00364	0.00364	0.00073	0.00364	0.00291	0.00291	0.85734
28	0.00938	0.00884	0.01493	0.78748	0.06105	0.01095	0.01370	0.01265	0.00988	0.01268	0.00875	0.01307	0.00659	0.00489	0.00491	0.00163	0.00653	0.00437	0.00219	0.00554
29	0.00916	0.00458	0.00458	0.00458	0.00573	0.00458	0.00344	0.01145	0.01031	0.01832	0.01603	0.01832	0.01260	0.00573	0.00344	0.00115	0.00229	0.00458	0.85457	0.00458
30	0.86201	0.00950	0.00722	0.00646	0.00950	0.01102	0.00532	0.01445	0.00836	0.02205	0.00684	0.00798	0.00532	0.00456	0.00304	0.00152	0.00380	0.00266	0.00304	0.00532
31	0.00715	0.00476	0.00536	0.00536	0.00536	0.00476	0.00298	0.00715	0.00715	0.00953	0.01548	0.03216	0.01787	0.82729	0.02501	0.00476	0.00476	0.00715	0.00298	0.00298
32	0.01868	0.01376	0.01475	0.01131	0.01524	0.01524	0.00934	0.78025	0.02311	0.03097	0.01180	0.01180	0.00836	0.00590	0.00492	0.00147	0.00541	0.00442	0.00492	0.00836
33	0.01169	0.01119	0.01908	0.16017	0.67036	0.01155	0.01484	0.01466	0.01096	0.01548	0.00916	0.01232	0.00758	0.00447	0.00487	0.00149	0.00596	0.00438	0.00239	0.00740
34	0.01164	0.01308	0.02781	0.02000	0.02482	0.01241	0.72744	0.01643	0.06330	0.01606	0.01061	0.01359	0.00796	0.00431	0.00575	0.00166	0.00799	0.00578	0.00265	0.00670
35	0.00597	0.00433	0.00565	0.00670	0.00709	0.00400	0.00450	0.00686	0.00954	0.01260	0.02880	0.76525	0.09023	0.01517	0.00624	0.00197	0.00282	0.01370	0.00456	0.00400
36	0.00581	0.00498	0.00498	0.00498	0.00664	0.00415	0.00373	0.00705	0.01120	0.01328	0.04978	0.04729	0.79464	0.01245	0.00581	0.00166	0.00249	0.01037	0.00456	0.00415
37	0.09851	0.01067	0.09108	0.01031	0.01451	0.00854	0.08960	0.02136	0.01291	0.56664	0.01617	0.01491	0.01044	0.00560	0.00483	0.00154	0.00488	0.00469	0.00502	0.00779
38	0.00581	0.00498	0.00498	0.00498	0.00664	0.00415	0.00373	0.00705	0.01120	0.01328	0.04978	0.04729	0.79464	0.01245	0.00581	0.00166	0.00249	0.01037	0.00456	0.00415
39	0.00670	0.00501	0.00625	0.00622	0.00736	0.00460	0.00462	0.00877	0.02564	0.01715	0.48687	0.16516	0.18769	0.01144	0.00590	0.00167	0.00254	0.03684	0.00507	0.00449
40	0.01821	0.02293	0.01387	0.01257	0.01513	0.77399	0.00945	0.03343	0.03293	0.01257	0.00797	0.00915	0.00658	0.00512	0.00445	0.00128	0.00868	0.00325	0.00263	0.00580
41	0.01274	0.36320	0.36886	0.01108	0.01654	0.04203	0.01266	0.01618	0.01070	0.09137	0.00898	0.00990	0.00685	0.00463	0.00405	0.00133	0.00617	0.00332	0.00250	0.00691
42	0.01185	0.01020	0.01077	0.00977	0.01243	0.01173	0.00757	0.02496	0.74114	0.02009	0.02092	0.04978	0.03259	0.00713	0.00507	0.00168	0.00382	0.00598	0.00497	0.00755
43	0.47032	0.01453	0.01076	0.01029	0.05930	0.27354	0.00758	0.07315	0.01146	0.01905	0.00760	0.00881	0.00603	0.00482	0.00375	0.00143	0.00571	0.00306	0.00298	0.00582
44	0.00644	0.00468	0.00608	0.00641	0.00720	0.00431	0.00455	0.00803	0.01169	0.01605	0.39885	0.39779	0.08435	0.01264	0.00601	0.00176	0.00257	0.01130	0.00497	0.00431
45	0.01120	0.01386	0.22847	0.01071	0.01588	0.00875	0.08978	0.03344	0.01095	0.06535	0.00963	0.01101	0.00734	0.00418	0.00426	0.00112	0.00519	0.00357	0.00289	0.46242
46	0.00702	0.00527	0.00790	0.00790	0.00878	0.00614	0.00614	0.00878	0.00790	0.01141	0.01316	0.01931	0.01229	0.03686	0.80782	0.00790	0.01316	0.00527	0.00263	0.00439
47	0.01120	0.34549	0.47705	0.01192	0.01792	0.01463	0.02993	0.01523	0.01025	0.01397	0.00805	0.00944	0.00628	0.00447	0.00409	0.00136	0.00648	0.00328	0.00209	0.00687
48	0.01222	0.01056	0.01111	0.01000	0.01278	0.01222	0.00778	0.02611	0.78776	0.02056	0.02000	0.01833	0.01500	0.00667	0.00500	0.00167	0.00389	0.00556	0.00500	0.00778
49	0.00715	0.00476	0.00536	0.00536	0.00536	0.00476	0.00298	0.00715	0.00715	0.00953	0.01548	0.03216	0.01787	0.82729	0.02501	0.00476	0.00476	0.00715	0.00298	0.00298
50	0.01314	0.83025	0.02575	0.00841	0.01261	0.01945	0.00841	0.01472	0.00999	0.01156	0.00683	0.00788	0.00631	0.00420	0.00315	0.00105	0.00526	0.00263	0.00210	0.00631
51	0.00581	0.00498	0.00498	0.00498	0.00664	0.00415	0.00373	0.00705	0.01120	0.01328	0.04978	0.04729	0.79464	0.01245	0.00581	0.00166	0.00249	0.01037	0.00456	0.00415
52	0.00599	0.00428	0.00570	0.00684	0.00713	0.00399	0.00456	0.00684	0.00941	0.01254	0.02709	0.82409	0.03250	0.01540	0.00627	0.00200	0.00285	0.01397	0.00456	0.00399
53	0.13605	0.01261	0.01329	0.01105	0.01429	0.09140	0.08083	0.18206	0.36452	0.02167	0.01420	0.01405	0.01064	0.00581	0.00472	0.00156	0.00510	0.00469	0.00422	0.00723
54	0.01314	0.83025	0.02575	0.00841	0.01261	0.01945	0.00841	0.01472	0.00999	0.01156	0.00683	0.00788	0.00631	0.00420	0.00315	0.00105	0.00526	0.00263	0.00210	0.00631
55	0.00986	0.02542	0.80183	0.01401	0.02127	0.01141	0.01816	0.01556	0.01038	0.01556	0.00882	0.01038	0.00623	0.00467	0.00467	0.00156	0.00726	0.00363	0.00208	0.00726
56	0.01354	0.06305	0.53330	0.01220	0.01830	0.01063	0.01449	0.01793	0.01142	0.24115	0.01176	0.01207	0.00794	0.00505	0.00467	0.00152	0.00627	0.00396	0.00323	0.00753
57	0.00696	0.00502	0.00657	0.00618	0.00734	0.00464	0.00464	0.00927	0.01391	0.01971	0.79405	0.03671	0.04637	0.01005	0.00580	0.00155	0.00232	0.00889	0.00541	0.00464
58	0.00928	0.00873	0.01474	0.81548	0.03385	0.01092	0.01365	0.01256	0.00983	0.01256	0.00873	0.01310	0.00655	0.00491	0.00491	0.00164	0.00655	0.00437	0.00218	0.00546
59	0.01160	0.01326	0.02900	0.02071	0.02568	0.01243	0.77879	0.01574	0.01160	0.01574	0.00994	0.01326	0.00746	0.00414	0.00580	0.00166	0.00829	0.00580	0.00249	0.00663
60	0.86201	0.00950	0.00722	0.00646	0.00950	0.01102	0.00532	0.01445	0.00836	0.02205	0.00684	0.00798	0.00532	0.00456	0.00304	0.00152	0.00380	0.00266	0.00304	0.00532
61	0.00599	0.00428	0.00570	0.00684	0.00713	0.00399	0.00456	0.00684	0.00941	0.01254	0.02709	0.82409	0.03250	0.01540	0.00627	0.00200	0.00285	0.01397	0.00456	0.00399
62	0.01216	0.01168	0.01995	0.03016	0.79664	0.01168	0.01508	0.01508	0.01119	0.01605	0.00924	0.01216	0.00778	0.00438	0.00487	0.00146	0.00584	0.00438	0.00243	0.00778
63	0.01222	0.01049	0.01107	0.00993	0.01270	0.01210	0.00773	0.03986	0.75507	0.02073	0.03820	0.01865	0.01562	0.00673	0.00502	0.00166	0.00388	0.00561	0.00501	0.00771
64	0.00706	0.00500	0.00662	0.00664	0.00708	0.00543	0.00457	0.00794	0.00756	0.01052	0.01457	0.04170	0.01541	0.42091	0.41096	0.00626	0.00887	0.00635	0.00284	0.00369
65	0.01868	0.01376	0.01475	0.01131	0.01524	0.01524	0.00934	0.78025	0.02311	0.03097	0.01180	0.01180	0.00836	0.00590	0.00492	0.00147	0.00541	0.00442	0.00492	0.00836
66	0.01473	0.58439	0.02215	0.00970	0.01340	0.25960	0.00874	0.01621	0.01119	0.01170	0.00706	0.00818	0.00631	0.00447	0.00354	0.00112	0.00635	0.00279	0.00223	0.00612
67	0.00854	0.00427	0.00640	0.00640	0.00640	0.00427	0.00427	0.00640	0.00640	0.00854	0.00854	0.01494	0.00854	0.01707	0.01921	0.85702	0.00427	0.00427	0.00213	0.00213
68	0.01019	0.00873	0.01019	0.00728	0.01165	0.00655	0.00582	0.01237	0.01019	0.01601	0.00873	0.01019	0.00728	0.00364	0.00364	0.00073	0.00364	0.00291	0.00291	0.85734
69	0.01222	0.01056	0.01111	0.01000	0.01278	0.01222	0.00778	0.02611	0.78776	0.02056	0.02000	0.01833	0.01500	0.00667	0.00500	0.00167	0.00389	0.00556	0.00500	0.00778
70	0.00702	0.00527	0.00790	0.00790	0.00878	0.00614	0.00614	0.00878	0.00790	0.01141	0.01316	0.01931	0.01229	0.03686	0.80782	0.00790	0.01316	0.00527	0.00263	0.00439
71	0.01019	0.00873	0.01019	0.00728	0.01165	0.00655	0.00582	0.01237	0.01019	0.01601	0.00873	0.01019	0.00728	0.00364	0.00364	0.00073	0.00364	0.00291	0.00291	0.85734
72	0.01160	0.01326	0.02900	0.02071	0.02568	0.01243	0.77879	0.01574	0.01160	0.01574	0.00994	0.01326	0.00746	0.00414	0.00580	0.00166	0.00829	0.00580	0.00249	0.00663
73	0.00692	0.00499	0.00654	0.00621	0.00733	0.00461	0.00463	0.00918	0.01374	0.01943	0.76414	0.06741	0.04583	0.01026	0.00581	0.00156	0.00234	0.00909	0.00538	0.00461
74	0.00702	0.00527	0.00790	0.00790	0.00878	0.00614	0.00614	0.00878	0.00790	0.01141	0.01316	0.01931	0.01229	0.03686	0.80782	0.00790	0.01316	0.00527	0.00263	0.00439
75	0.00721	0.00503	0.00660	0.00630	0.00744	0.00464	0.00469	0.00939	0.01351	0.03662	0.70814	0.10656	0.04436	0.01044	0.00582	0.00159	0.00241	0.00925	0.00535	0.00466
76	0.01339	0.01406	0.01698	0.02304	0.50315	0.21259	0.01254	0.04014	0.01211	0.01520	0.01050	0.08381	0.00964	0.00558	0.00488	0.00146	0.00632	0.00493	0.00273	0.00694
77	0.78668	0.01075	0.00782	0.00702	0.01001	0.08215	0.00569	0.01491	0.00886	0.02115	0.00691	0.00806	0.00541	0.00461	0.00317	0.00150	0.00425	0.00271	0.00300	0.00536
78	0.00951	0.02353	0.73074	0.01337	0.02001	0.01075	0.01694	0.01478	0.01029	0.01529	0.01045	0.08303	0.00857	0.00563	0.00481	0.00160	0.00687	0.00455	0.00230	0.00697
79	0.00609	0.00432	0.00567	0.00671	0.00697	0.00406	0.00442	0.00687	0.00921	0.01228	0.02605	0.75337	0.03120	0.08789	0.00795	0.00224	0.00302	0.01336	0.00442	0.00390
80	0.00714	0.07954	0.00946	0.00701	0.00922	0.00642	0.08605	0.00878	0.01129	0.01375	0.08432	0.03958	0.59832	0.01070	0.00557	0.00160	0.00334	0.00911	0.00417	0.00463
81	0.78557	0.00904	0.00709	0.00650	0.00929	0.01040	0.00525	0.01377	0.00846	0.02120	0.00865	0.08085	0.00775	0.00553	0.00333	0.00156	0.00372	0.00367	0.00318	0.00520
82	0.86201	0.00950	0.00722	0.00646	0.00950	0.01102	0.00532	0.01445	0.00836	0.02205	0.00684	0.00798	0.00532	0.00456	0.00304	0.00152	0.00380	0.00266	0.00304	0.00532
83	0.00599	0.00428	0.00570	0.00684	0.00713	0.00399	0.00456	0.00684	0.00941	0.01254	0.02709	0.82409	0.03250	0.01540	0.00627	0.00200	0.00285	0.01397	0.00456	0.00399
84	0.01259	0.75659	0.02416	0.00836	0.01227	0.01826	0.00821	0.01418	0.00980	0.01155	0.00740	0.00890	0.00684	0.00712	0.07500	0.00166	0.00596	0.00286	0.00215	0.00614
85	0.00591	0.00498	0.00512	0.00509	0.00670	0.00419	0.00381	0.00725	0.01144	0.01385	0.11624	0.04635	0.72783	0.01223	0.00581	0.00165	0.00247	0.01024	0.00464	0.00419
86	0.00599	0.00496	0.00510	0.00508	0.00656	0.00423	0.00372	0.00718	0.01099	0.01330	0.08780	0.04536	0.68398	0.08507	0.00752	0.00193	0.00268	0.01000	0.00447	0.00407
87	0.01225	0.08477	0.02047	0.02822	0.72663	0.01237	0.01449	0.01505	0.01108	0.01565	0.00903	0.01178	0.00765	0.00436	0.00471	0.00142	0.00579	0.00422	0.00240	0.00765
88	0.01007	0.02409	0.73123	0.01365	0.02051	0.01149	0.01723	0.01651	0.07979	0.01601	0.00982	0.01109	0.00701	0.00485	0.00470	0.00157	0.00696	0.00380	0.00234	0.00731
89	0.00725	0.00522	0.00666	0.00739	0.00806	0.00511	0.00521	0.07612	0.01076	0.01433	0.02565	0.70036	0.03007	0.01443	0.00619	0.00197	0.00319	0.06305	0.00459	0.00442
90	0.00813	0.00644	0.00992	0.01280	0.19777	0.00618	0.02603	0.00969	0.01034	0.03598	0.07570	0.53139	0.02634	0.01184	0.00585	0.00181	0.00370	0.01086	0.00410	0.00514
91	0.01729	0.01475	0.30490	0.01073	0.01579	0.00890	0.01130	0.02089	0.03104	0.49027	0.01548	0.01441	0.01003	0.00557	0.00484	0.00154	0.00532	0.00447	0.00457	0.00794
92	0.21199	0.01818	0.08271	0.01096	0.01429	0.39331	0.00917	0.12825	0.02619	0.04939	0.00882	0.00969	0.00676	0.00510	0.00423	0.00140	0.00678	0.00338	0.00314	0.00628
93	0.41888	0.01537	0.01147	0.01184	0.10744	0.33199	0.00819	0.01661	0.01095	0.01728	0.00744	0.00885	0.00603	0.00474	0.00382	0.00141	0.00609	0.00307	0.00276	0.00577
94	0.00972	0.04848	0.70670	0.01306	0.01958	0.01107	0.01650	0.01479	0.01007	0.01490	0.00935	0.01224	0.00727	0.07811	0.00644	0.00183	0.00698	0.00391	0.00216	0.00685
95	0.00712	0.00512	0.00651	0.00724	0.00785	0.00500	0.00499	0.07590	0.01063	0.01419	0.02572	0.75156	0.03035	0.01455	0.00615	0.00195	0.00308	0.01312	0.00459	0.00438
96	0.01067	0.01823	0.40507	0.01616	0.18537	0.06262	0.01431	0.01562	0.08014	0.01556	0.01223	0.09263	0.01071	0.00618	0.00496	0.00159	0.00623	0.03204	0.00277	0.00690
97	0.04483	0.01392	0.18249	0.01159	0.05081	0.06576	0.03950	0.09604	0.10794	0.20909	0.08395	0.01617	0.02948	0.00600	0.00489	0.00152	0.00527	0.00492	0.00416	0.02168
98	0.01318	0.00990	0.01119	0.00973	0.01231	0.01119	0.00770	0.06931	0.48738	0.12246	0.07092	0.01940	0.04594	0.00717	0.00607	0.00167	0.07658	0.00570	0.00489	0.00733
99	0.00607	0.00434	0.00578	0.00678	0.00715	0.00405	0.00457	0.00706	0.00981	0.01318	0.09557	0.75378	0.03374	0.01492	0.00623	0.00196	0.00280	0.01352	0.00464	0.00405
100	0.01384	0.01345	0.01591	0.05721	0.39740	0.19683	0.01173	0.06844	0.01256	0.05715	0.01128	0.08427	0.00996	0.00577	0.00487	0.00147	0.00612	0.00499	0.01989	0.00686
101	0.46102	0.00998	0.01059	0.00847	0.01202	0.03212	0.07492	0.01585	0.04022	0.11022	0.00949	0.01034	0.00710	0.00461	0.00374	0.00137	0.00436	0.00338	0.00338	0.17680

[dist]
# distance from previous block
# <min> <max>
0	103

# created by:
# /st0/software/busco_prod/Augustus/scripts/msa2prfl.pl ./align_prep/62527.fa
