[name]
unknown

[dist]
# distance from previous block
# <min> <max>
12	70

[block]
# block no. 0 follows, 46 sequences, length 21
# corresponding to MSA columns:
# 75-95
name=unknown_A
#
# <colnr> <probs for GDERKNQSTAVLIFYWHMCP>
#	G	D	E	R	K	N	Q	S	T	A	V	L	I	F	Y	W	H	M	C	P
0	0.13838	0.08462	0.17327	0.02684	0.03480	0.05740	0.01089	0.14733	0.11420	0.12660	0.02815	0.01347	0.01001	0.00582	0.00478	0.00160	0.00574	0.00439	0.00403	0.00768
1	0.06833	0.23636	0.18498	0.01150	0.03220	0.04622	0.02748	0.18686	0.03258	0.02011	0.01061	0.01179	0.00822	0.00535	0.00441	0.00145	0.00592	0.00395	0.09439	0.00730
2	0.05831	0.27732	0.20823	0.01434	0.01968	0.06078	0.22111	0.01687	0.02882	0.01569	0.00921	0.01111	0.00729	0.00475	0.00471	0.00149	0.00715	0.00415	0.00254	0.02645
3	0.01665	0.05256	0.11617	0.01328	0.06346	0.10217	0.04501	0.19458	0.11573	0.14932	0.05158	0.01513	0.01188	0.00611	0.00518	0.00158	0.00603	0.00493	0.00438	0.02426
4	0.21666	0.10929	0.29780	0.01389	0.08554	0.03900	0.05834	0.03832	0.01153	0.07017	0.00966	0.01104	0.00720	0.00503	0.00452	0.00158	0.00637	0.00385	0.00294	0.00726
5	0.46958	0.01469	0.20947	0.01029	0.01484	0.01165	0.05614	0.01697	0.04338	0.07038	0.03235	0.01160	0.00834	0.00529	0.00421	0.00166	0.00533	0.00383	0.00335	0.00665
6	0.01623	0.01719	0.01277	0.01089	0.01416	0.41555	0.00832	0.01800	0.01360	0.07842	0.05494	0.03902	0.01107	0.00575	0.00470	0.00125	0.00677	0.00422	0.00342	0.26372
7	0.01768	0.01147	0.01300	0.01040	0.01422	0.01189	0.00841	0.25644	0.23892	0.22369	0.01804	0.01687	0.03075	0.00655	0.00520	0.00158	0.00471	0.00524	0.00540	0.09956
8	0.43570	0.01100	0.01358	0.01713	0.31039	0.01169	0.01003	0.01692	0.01084	0.10379	0.00983	0.01136	0.00755	0.00501	0.00426	0.00161	0.00499	0.00385	0.00337	0.00711
9	0.00918	0.00459	0.00689	0.00689	0.00689	0.00459	0.00459	0.00689	0.00689	0.00918	0.00918	0.01607	0.00918	0.01837	0.02066	0.84619	0.00459	0.00459	0.00230	0.00230
10	0.02372	0.00900	0.01227	0.00941	0.01350	0.00777	0.00777	0.02576	0.01513	0.78489	0.02086	0.01799	0.01309	0.00654	0.00532	0.00164	0.00450	0.00532	0.00654	0.00900
11	0.01277	0.36270	0.02111	0.10110	0.21234	0.06725	0.01103	0.01491	0.01126	0.01397	0.01118	0.11655	0.01095	0.00631	0.00461	0.00146	0.00588	0.00517	0.00274	0.00672
12	0.01709	0.01111	0.01229	0.01009	0.01345	0.01198	0.00812	0.28142	0.24864	0.17236	0.01766	0.01694	0.01266	0.00661	0.00508	0.00160	0.00455	0.00526	0.13492	0.00817
13	0.00705	0.00554	0.00652	0.00704	0.00850	0.00501	0.00565	0.00873	0.01192	0.01474	0.04257	0.12157	0.45471	0.01409	0.00666	0.00204	0.00347	0.26472	0.00489	0.00459
14	0.07317	0.00881	0.03056	0.00927	0.01270	0.00760	0.02318	0.02119	0.01363	0.55358	0.02107	0.16824	0.01652	0.00827	0.00547	0.00174	0.00437	0.00699	0.00583	0.00782
15	0.01308	0.01256	0.02146	0.03245	0.78123	0.01256	0.01622	0.01622	0.01204	0.01727	0.00994	0.01308	0.00837	0.00471	0.00523	0.00157	0.00628	0.00471	0.00262	0.00837
16	0.00743	0.00528	0.00682	0.00675	0.00753	0.00516	0.00474	0.00903	0.01172	0.01637	0.40060	0.11943	0.03555	0.22130	0.11578	0.00351	0.00478	0.00916	0.00465	0.00442
17	0.00642	0.00467	0.00606	0.00718	0.00762	0.00431	0.00483	0.00738	0.01029	0.01357	0.03131	0.74309	0.10123	0.01628	0.00670	0.00211	0.00303	0.01468	0.00491	0.00431
18	0.01336	0.01363	0.01879	0.32617	0.24696	0.13495	0.08474	0.06827	0.01287	0.01622	0.00972	0.01300	0.00762	0.00514	0.00528	0.00163	0.00731	0.00465	0.00272	0.00697
19	0.01350	0.01236	0.01799	0.02053	0.31386	0.01315	0.09329	0.06963	0.34584	0.02039	0.01527	0.01610	0.01178	0.00587	0.00541	0.00169	0.00562	0.00543	0.00401	0.00828
20	0.05341	0.01351	0.01424	0.01332	0.09179	0.08655	0.00966	0.24924	0.27785	0.11114	0.01573	0.01528	0.01151	0.00634	0.00518	0.00164	0.00543	0.00503	0.00487	0.00831

[dist]
# distance from previous block
# <min> <max>
0	4

[block]
# block no. 1 follows, 46 sequences, length 18
# corresponding to MSA columns:
# 100-117
name=unknown_B
#
# <colnr> <probs for GDERKNQSTAVLIFYWHMCP>
#	G	D	E	R	K	N	Q	S	T	A	V	L	I	F	Y	W	H	M	C	P
0	0.03882	0.05595	0.04759	0.04993	0.16076	0.02739	0.23779	0.01854	0.18879	0.01809	0.05236	0.03614	0.01255	0.00585	0.00546	0.00167	0.00630	0.00573	0.00349	0.02679
1	0.05886	0.25697	0.05307	0.01586	0.17471	0.30484	0.01129	0.03970	0.01293	0.01500	0.00844	0.01007	0.00713	0.00500	0.00441	0.00137	0.00724	0.00354	0.00265	0.00693
2	0.01560	0.11604	0.05762	0.04095	0.24708	0.01256	0.01145	0.05888	0.13721	0.18652	0.01397	0.01445	0.01035	0.00557	0.00496	0.00154	0.00542	0.00469	0.00402	0.05111
3	0.01340	0.01153	0.01375	0.01405	0.12304	0.07001	0.04953	0.08601	0.30491	0.05937	0.01902	0.17832	0.01694	0.00835	0.00563	0.00177	0.00507	0.00732	0.00460	0.00739
4	0.00707	0.00542	0.00649	0.00633	0.00778	0.00485	0.00481	0.00912	0.01370	0.01826	0.46041	0.04495	0.32722	0.01200	0.00630	0.00175	0.00269	0.05066	0.00542	0.00478
5	0.00644	0.00460	0.00613	0.00736	0.00767	0.00429	0.00491	0.00736	0.01012	0.01350	0.02914	0.81076	0.03497	0.01656	0.00675	0.00215	0.00307	0.01503	0.00491	0.00429
6	0.02088	0.01355	0.01509	0.01157	0.01577	0.01453	0.00956	0.60421	0.02275	0.19568	0.01446	0.01384	0.00988	0.00639	0.00529	0.00160	0.00553	0.00488	0.00556	0.00899
7	0.01110	0.01054	0.01787	0.52463	0.30456	0.01204	0.01524	0.01449	0.01110	0.01486	0.00959	0.01373	0.00752	0.00508	0.00527	0.00169	0.00677	0.00470	0.00245	0.00677
8	0.02356	0.00925	0.01242	0.00952	0.01362	0.00814	0.00787	0.05753	0.01555	0.75254	0.02050	0.01777	0.01291	0.00653	0.00532	0.00163	0.00456	0.00529	0.00649	0.00900
9	0.01425	0.01101	0.01743	0.05244	0.47666	0.01089	0.01286	0.04078	0.03296	0.14394	0.09866	0.01701	0.01398	0.00581	0.00533	0.00158	0.00546	0.00535	0.00378	0.02983
10	0.01384	0.01319	0.01767	0.02259	0.41417	0.07022	0.01294	0.05905	0.22135	0.01878	0.01291	0.01451	0.01031	0.00588	0.00619	0.00168	0.06824	0.00496	0.00350	0.00804
11	0.01329	0.19355	0.12123	0.01035	0.01395	0.10705	0.00949	0.17566	0.01451	0.01821	0.03757	0.15064	0.09690	0.00825	0.00514	0.00159	0.00561	0.00660	0.00379	0.00660
12	0.01380	0.05661	0.14557	0.01877	0.22136	0.05443	0.15551	0.01723	0.01261	0.12055	0.05926	0.01569	0.03066	0.00554	0.00530	0.00157	0.00649	0.00516	0.00336	0.05050
13	0.06446	0.08098	0.05772	0.01233	0.01686	0.01188	0.16157	0.11148	0.05327	0.17964	0.01276	0.01344	0.00926	0.00532	0.00517	0.00147	0.02148	0.00460	0.00401	0.17230
14	0.05686	0.01125	0.03146	0.01617	0.22417	0.05822	0.04742	0.05560	0.05512	0.17866	0.05263	0.08683	0.08764	0.00748	0.00545	0.00167	0.00524	0.00651	0.00432	0.00732
15	0.01122	0.13602	0.36131	0.01263	0.05641	0.03553	0.01313	0.05599	0.01303	0.01812	0.21479	0.01847	0.01847	0.00656	0.00512	0.00157	0.00594	0.00533	0.00340	0.00695
16	0.05640	0.01146	0.01659	0.43437	0.15081	0.06625	0.04891	0.05663	0.01218	0.06355	0.01066	0.03027	0.00829	0.00552	0.00521	0.00169	0.00672	0.00485	0.00296	0.00668
17	0.01278	0.04447	0.04008	0.04369	0.35036	0.02617	0.05835	0.08878	0.03254	0.03465	0.02991	0.07105	0.02674	0.06082	0.00698	0.00185	0.01943	0.00581	0.00334	0.04220

[dist]
# distance from previous block
# <min> <max>
4	10

[block]
# block no. 2 follows, 46 sequences, length 13
# corresponding to MSA columns:
# 128-140
name=unknown_C
#
# <colnr> <probs for GDERKNQSTAVLIFYWHMCP>
#	G	D	E	R	K	N	Q	S	T	A	V	L	I	F	Y	W	H	M	C	P
0	0.16135	0.21135	0.13000	0.01034	0.01461	0.06883	0.00980	0.06929	0.13020	0.10591	0.03300	0.01292	0.01008	0.00566	0.00444	0.00152	0.00554	0.00412	0.00374	0.00730
1	0.00786	0.00598	0.00817	0.00796	0.00862	0.00683	0.00589	0.00916	0.00869	0.01222	0.04772	0.02608	0.05428	0.24743	0.44606	0.00644	0.07653	0.00657	0.00312	0.00439
2	0.17370	0.39314	0.07665	0.01257	0.08117	0.01606	0.09752	0.01613	0.01102	0.04029	0.03268	0.01103	0.00840	0.00490	0.00413	0.00141	0.00581	0.00376	0.00278	0.00685
3	0.00769	0.00513	0.00577	0.00577	0.00577	0.00513	0.00320	0.00769	0.00769	0.01025	0.01666	0.03460	0.01922	0.81421	0.02691	0.00513	0.00513	0.00769	0.00320	0.00320
4	0.01147	0.22164	0.60013	0.01359	0.02059	0.01440	0.01695	0.01652	0.01106	0.01568	0.00896	0.01050	0.00672	0.00490	0.00462	0.00154	0.00728	0.00364	0.00224	0.00756
5	0.00698	0.00538	0.00637	0.00613	0.00759	0.00478	0.00460	0.00901	0.01379	0.01840	0.48517	0.04410	0.34490	0.01185	0.00624	0.00171	0.00257	0.01021	0.00545	0.00478
6	0.00959	0.10987	0.28443	0.01006	0.01408	0.00977	0.01073	0.01376	0.04245	0.01862	0.38654	0.02506	0.02824	0.00788	0.00544	0.00161	0.00481	0.00663	0.00412	0.00633
7	0.40532	0.01250	0.01341	0.01464	0.19655	0.04019	0.00952	0.21100	0.01407	0.02431	0.00940	0.01077	0.00725	0.00525	0.00432	0.00160	0.00525	0.00382	0.00362	0.00722
8	0.06559	0.04261	0.22074	0.01171	0.01662	0.01148	0.04011	0.07611	0.15154	0.28590	0.01570	0.01508	0.01079	0.00599	0.00510	0.00166	0.00561	0.00483	0.00460	0.00823
9	0.01137	0.12208	0.48094	0.01453	0.04620	0.01256	0.09400	0.01609	0.01159	0.04225	0.03659	0.01510	0.06246	0.00570	0.00509	0.00162	0.00697	0.00477	0.00274	0.00735
10	0.33100	0.01020	0.06486	0.01145	0.12141	0.00974	0.00827	0.01430	0.01176	0.05640	0.25708	0.01992	0.02080	0.00702	0.00524	0.00166	0.03311	0.00554	0.00404	0.00617
11	0.03490	0.01370	0.11206	0.01957	0.31283	0.03329	0.02766	0.01970	0.22944	0.05033	0.04175	0.03368	0.01255	0.00602	0.00524	0.00164	0.00561	0.00531	0.00372	0.03100
12	0.01129	0.10364	0.17373	0.01238	0.07219	0.01040	0.07606	0.02986	0.04713	0.06518	0.23331	0.02288	0.07235	0.00728	0.00539	0.00158	0.00512	0.00632	0.00401	0.03990

[dist]
# distance from previous block
# <min> <max>
10	34

[block]
# block no. 3 follows, 46 sequences, length 97
# corresponding to MSA columns:
# 175-243,245-272
name=unknown_D
#
# <colnr> <probs for GDERKNQSTAVLIFYWHMCP>
#	G	D	E	R	K	N	Q	S	T	A	V	L	I	F	Y	W	H	M	C	P
0	0.02928	0.01069	0.01697	0.15086	0.42685	0.01091	0.01302	0.03856	0.01255	0.11303	0.03505	0.03539	0.07136	0.00620	0.00536	0.00164	0.00567	0.00562	0.00347	0.00752
1	0.01286	0.01289	0.02353	0.06281	0.49289	0.01291	0.22357	0.02952	0.02553	0.01727	0.01031	0.01353	0.00833	0.00485	0.00581	0.00166	0.02600	0.00516	0.00271	0.00786
2	0.01062	0.01664	0.28228	0.01590	0.02091	0.01128	0.29788	0.01483	0.01166	0.01645	0.05877	0.08304	0.05279	0.00677	0.00646	0.00177	0.05396	0.00646	0.00300	0.02854
3	0.01095	0.00987	0.01543	0.66421	0.03260	0.01174	0.01355	0.07884	0.01185	0.01555	0.00968	0.01370	0.00728	0.00526	0.00517	0.00166	0.00667	0.00457	0.00267	0.07873
4	0.01232	0.01237	0.02295	0.08859	0.47041	0.01229	0.22496	0.01574	0.01195	0.01668	0.01112	0.05552	0.00957	0.00531	0.00560	0.00168	0.00691	0.00568	0.00273	0.00761
5	0.07994	0.01827	0.01635	0.03781	0.28519	0.40200	0.01184	0.01824	0.01339	0.01570	0.04640	0.01228	0.00939	0.00541	0.00490	0.00148	0.00757	0.00415	0.00287	0.00683
6	0.07465	0.31208	0.05410	0.00871	0.01188	0.01224	0.04392	0.01322	0.01256	0.01754	0.34074	0.02312	0.04105	0.00746	0.00488	0.00147	0.00438	0.00612	0.00394	0.00595
7	0.00956	0.00843	0.01068	0.01117	0.14385	0.00703	0.00715	0.01167	0.01156	0.01613	0.02607	0.02631	0.29744	0.00761	0.00502	0.00130	0.00386	0.00642	0.00371	0.38504
8	0.00795	0.00549	0.00702	0.00779	0.00852	0.00532	0.00538	0.03800	0.04809	0.04393	0.02782	0.71152	0.03222	0.01533	0.00657	0.00209	0.00328	0.01383	0.00501	0.00485
9	0.32718	0.01466	0.13319	0.01547	0.02040	0.01264	0.36926	0.01638	0.01098	0.01945	0.00927	0.01168	0.00697	0.00471	0.00495	0.00171	0.00694	0.00463	0.00283	0.00670
10	0.00644	0.00460	0.00613	0.00736	0.00767	0.00429	0.00491	0.00736	0.01012	0.01350	0.02914	0.81076	0.03497	0.01656	0.00675	0.00215	0.00307	0.01503	0.00491	0.00429
11	0.00981	0.00916	0.01538	0.76270	0.03501	0.01138	0.01420	0.01321	0.01055	0.01351	0.01036	0.05302	0.00841	0.00584	0.00536	0.00178	0.00685	0.00520	0.00247	0.00580
12	0.00783	0.00551	0.00704	0.00659	0.00798	0.00501	0.00497	0.01019	0.01465	0.04320	0.67688	0.04009	0.12824	0.01096	0.00621	0.00168	0.00257	0.00961	0.00574	0.00505
13	0.01208	0.01150	0.01955	0.23507	0.56260	0.01211	0.01550	0.01526	0.01160	0.01617	0.01034	0.03574	0.00877	0.00519	0.00529	0.00164	0.00639	0.00500	0.00261	0.00760
14	0.01096	0.00940	0.01096	0.00783	0.01253	0.00705	0.00626	0.01331	0.01096	0.01723	0.00940	0.01096	0.00783	0.00392	0.00392	0.00078	0.00392	0.00313	0.00313	0.84653
15	0.01907	0.04951	0.01558	0.01163	0.01562	0.03923	0.00959	0.61006	0.07299	0.05161	0.01331	0.01330	0.00959	0.00629	0.00514	0.00156	0.00565	0.00474	0.03691	0.00861
16	0.00834	0.00559	0.00728	0.00765	0.04133	0.00537	0.00512	0.00875	0.00982	0.03598	0.07544	0.03162	0.25252	0.13313	0.11892	0.23253	0.00530	0.00757	0.00368	0.00407
17	0.12674	0.01330	0.01766	0.19505	0.13331	0.12519	0.12580	0.01555	0.01108	0.01576	0.00955	0.01276	0.02062	0.00589	0.00724	0.00176	0.14906	0.00460	0.00266	0.00641
18	0.01403	0.76912	0.02791	0.00984	0.01441	0.02046	0.05430	0.01590	0.01085	0.01271	0.00755	0.00883	0.00686	0.00452	0.00356	0.00117	0.00585	0.00303	0.00229	0.00681
19	0.00768	0.00582	0.00785	0.00826	0.00928	0.00608	0.00656	0.00944	0.01059	0.01410	0.05559	0.12967	0.14599	0.05879	0.23557	0.00414	0.03863	0.23715	0.00415	0.00466
20	0.01099	0.11363	0.70391	0.01441	0.02186	0.01322	0.01839	0.01664	0.01112	0.01627	0.00925	0.01087	0.00671	0.00497	0.00484	0.00161	0.00758	0.00379	0.00224	0.00770
21	0.00998	0.00940	0.01586	0.80150	0.03641	0.01175	0.01468	0.01351	0.01057	0.01351	0.00940	0.01409	0.00705	0.00529	0.00529	0.00176	0.00705	0.00470	0.00235	0.00587
22	0.01060	0.02735	0.78682	0.01507	0.02288	0.01228	0.01953	0.01674	0.01116	0.01674	0.00949	0.01116	0.00670	0.00502	0.00502	0.00167	0.00781	0.00391	0.00223	0.00781
23	0.01009	0.00950	0.01604	0.77597	0.06114	0.01177	0.01473	0.01360	0.01062	0.01363	0.00941	0.01406	0.00709	0.00527	0.00528	0.00176	0.00702	0.00470	0.00236	0.00596
24	0.01657	0.01198	0.01227	0.01055	0.01380	0.08563	0.00831	0.05991	0.43898	0.21852	0.03589	0.01903	0.03044	0.00701	0.00534	0.00170	0.00478	0.00569	0.00542	0.00820
25	0.00644	0.00460	0.00613	0.00736	0.00767	0.00429	0.00491	0.00736	0.01012	0.01350	0.02914	0.81076	0.03497	0.01656	0.00675	0.00215	0.00307	0.01503	0.00491	0.00429
26	0.01025	0.00966	0.01633	0.73635	0.09952	0.01181	0.01481	0.01374	0.01070	0.01383	0.00944	0.01401	0.00716	0.00524	0.00528	0.00175	0.00698	0.00470	0.00237	0.00608
27	0.01308	0.01256	0.02146	0.03245	0.78123	0.01256	0.01622	0.01622	0.01204	0.01727	0.00994	0.01308	0.00837	0.00471	0.00523	0.00157	0.00628	0.00471	0.00262	0.00837
28	0.00738	0.00540	0.00692	0.00654	0.00783	0.00494	0.00491	0.00977	0.01472	0.02061	0.71703	0.04045	0.11166	0.01103	0.00624	0.00167	0.00251	0.00970	0.00574	0.00494
29	0.02372	0.00900	0.01227	0.00941	0.01350	0.00777	0.00777	0.02576	0.01513	0.78489	0.02086	0.01799	0.01309	0.00654	0.00532	0.00164	0.00450	0.00532	0.00654	0.00900
30	0.01315	0.01136	0.01195	0.01076	0.01375	0.01315	0.00837	0.02809	0.77168	0.02211	0.02152	0.01972	0.01614	0.00717	0.00538	0.00179	0.00418	0.00598	0.00538	0.00837
31	0.01116	0.01059	0.01797	0.51066	0.31808	0.01205	0.01527	0.01453	0.01113	0.01493	0.00960	0.01371	0.00755	0.00507	0.00527	0.00169	0.00676	0.00470	0.00245	0.00682
32	0.85155	0.01022	0.00777	0.00695	0.01022	0.01186	0.00573	0.01554	0.00900	0.02372	0.00736	0.00859	0.00573	0.00491	0.00327	0.00164	0.00409	0.00286	0.00327	0.00573
33	0.01065	0.00839	0.00958	0.00872	0.01088	0.00903	0.00670	0.01919	0.38309	0.04091	0.39110	0.02933	0.03254	0.00893	0.00580	0.00173	0.00337	0.00771	0.00562	0.00673
34	0.00748	0.00540	0.00707	0.00665	0.00790	0.00499	0.00499	0.00998	0.01496	0.02120	0.77844	0.03949	0.04988	0.01081	0.00624	0.00166	0.00249	0.00956	0.00582	0.00499
35	0.01248	0.01426	0.03119	0.02228	0.02763	0.01337	0.76203	0.01693	0.01248	0.01693	0.01070	0.01426	0.00802	0.00446	0.00624	0.00178	0.00891	0.00624	0.00267	0.00713
36	0.00688	0.00479	0.00600	0.00680	0.00700	0.00459	0.00431	0.00748	0.00926	0.01235	0.02473	0.53680	0.02941	0.29810	0.01386	0.00320	0.00379	0.01244	0.00431	0.00391
37	0.00768	0.00514	0.00585	0.00585	0.00588	0.00517	0.00331	0.00774	0.00771	0.01031	0.01658	0.03418	0.01904	0.79074	0.05013	0.00523	0.00540	0.00763	0.00319	0.00325
38	0.01975	0.02520	0.01498	0.01362	0.01634	0.79299	0.01021	0.02111	0.01498	0.01294	0.00817	0.00953	0.00681	0.00545	0.00477	0.00136	0.00953	0.00340	0.00272	0.00613
39	0.02372	0.00900	0.01227	0.00941	0.01350	0.00777	0.00777	0.02576	0.01513	0.78489	0.02086	0.01799	0.01309	0.00654	0.00532	0.00164	0.00450	0.00532	0.00654	0.00900
40	0.00748	0.00540	0.00707	0.00665	0.00790	0.00499	0.00499	0.00998	0.01496	0.02120	0.77844	0.03949	0.04988	0.01081	0.00624	0.00166	0.00249	0.00956	0.00582	0.00499
41	0.00998	0.00940	0.01586	0.80150	0.03641	0.01175	0.01468	0.01351	0.01057	0.01351	0.00940	0.01409	0.00705	0.00529	0.00529	0.00176	0.00705	0.00470	0.00235	0.00587
42	0.00977	0.00985	0.01536	0.01388	0.09561	0.03877	0.21802	0.01286	0.04929	0.01567	0.03169	0.03267	0.37418	0.00928	0.00638	0.00178	0.02770	0.02740	0.00391	0.00592
43	0.01236	0.01392	0.02932	0.02123	0.02591	0.01372	0.66820	0.01641	0.01193	0.01641	0.01023	0.01392	0.00789	0.00506	0.00763	0.00185	0.10840	0.00604	0.00263	0.00696
44	0.01248	0.01426	0.03119	0.02228	0.02763	0.01337	0.76203	0.01693	0.01248	0.01693	0.01070	0.01426	0.00802	0.00446	0.00624	0.00178	0.00891	0.00624	0.00267	0.00713
45	0.01282	0.01229	0.02098	0.09860	0.71716	0.01249	0.01609	0.01599	0.01191	0.01695	0.00990	0.01317	0.00826	0.00476	0.00524	0.00159	0.00635	0.00471	0.00259	0.00816
46	0.01320	0.51121	0.18347	0.01184	0.05379	0.04718	0.02711	0.01625	0.02742	0.01430	0.04427	0.01111	0.00908	0.00502	0.00411	0.00133	0.00617	0.00362	0.00253	0.00701
47	0.00681	0.00501	0.00638	0.00682	0.00768	0.00458	0.00481	0.00837	0.01221	0.01650	0.31381	0.41565	0.14396	0.01396	0.00649	0.00191	0.00280	0.01244	0.00525	0.00458
48	0.01456	0.01769	0.10012	0.05675	0.04265	0.18473	0.37279	0.09581	0.01400	0.01751	0.01007	0.01265	0.00766	0.00508	0.00586	0.00166	0.02533	0.00508	0.00289	0.00711
49	0.03684	0.01344	0.07258	0.12032	0.10070	0.01335	0.34482	0.01565	0.02681	0.01609	0.02442	0.01382	0.00853	0.00575	0.00798	0.00185	0.16218	0.00538	0.00266	0.00682
50	0.01275	0.01350	0.02683	0.02684	0.36528	0.01301	0.42787	0.01662	0.01228	0.01709	0.01036	0.01373	0.00818	0.00457	0.00579	0.00169	0.00773	0.00555	0.00265	0.00769
51	0.00644	0.00460	0.00613	0.00736	0.00767	0.00429	0.00491	0.00736	0.01012	0.01350	0.02914	0.81076	0.03497	0.01656	0.00675	0.00215	0.00307	0.01503	0.00491	0.00429
52	0.01443	0.25037	0.36684	0.01256	0.01848	0.03024	0.04966	0.01832	0.01195	0.16349	0.01109	0.01182	0.00802	0.00515	0.00466	0.00151	0.00664	0.00397	0.00310	0.00768
53	0.01454	0.25771	0.38534	0.01209	0.01805	0.03249	0.01380	0.01842	0.01194	0.17219	0.01114	0.01172	0.00803	0.00520	0.00459	0.00150	0.00654	0.00386	0.00313	0.00771
54	0.02320	0.00911	0.01225	0.00947	0.01351	0.00803	0.00780	0.02588	0.05210	0.74762	0.02089	0.01808	0.01324	0.00657	0.00532	0.00164	0.00448	0.00535	0.00649	0.00897
55	0.85155	0.01022	0.00777	0.00695	0.01022	0.01186	0.00573	0.01554	0.00900	0.02372	0.00736	0.00859	0.00573	0.00491	0.00327	0.00164	0.00409	0.00286	0.00327	0.00573
56	0.01239	0.01179	0.01429	0.01528	0.22823	0.08346	0.00943	0.01487	0.01165	0.01683	0.00943	0.01142	0.00789	0.00428	0.00437	0.00106	0.00511	0.00360	0.00295	0.53168
57	0.00644	0.00460	0.00613	0.00736	0.00767	0.00429	0.00491	0.00736	0.01012	0.01350	0.02914	0.81076	0.03497	0.01656	0.00675	0.00215	0.00307	0.01503	0.00491	0.00429
58	0.01281	0.52082	0.31267	0.01131	0.01706	0.01767	0.01298	0.01617	0.01090	0.01405	0.00815	0.00949	0.00675	0.00471	0.00400	0.00133	0.00646	0.00323	0.00225	0.00717
59	0.01433	0.01066	0.01230	0.01027	0.01308	0.01181	0.00830	0.42291	0.01774	0.02397	0.01636	0.01863	0.06924	0.01938	0.30116	0.00420	0.00871	0.00559	0.00434	0.00704
60	0.01115	0.01058	0.01796	0.51281	0.31601	0.01205	0.01526	0.01453	0.01112	0.01492	0.00960	0.01372	0.00755	0.00507	0.00527	0.00169	0.00676	0.00470	0.00245	0.00681
61	0.01152	0.01161	0.02165	0.37582	0.23579	0.01242	0.22350	0.01520	0.01150	0.01548	0.00991	0.01387	0.00768	0.00490	0.00554	0.00172	0.00736	0.00513	0.00251	0.00690
62	0.01261	0.47751	0.35428	0.01164	0.01757	0.01720	0.01356	0.01622	0.01092	0.01429	0.00827	0.00963	0.00675	0.00474	0.00409	0.00136	0.00658	0.00329	0.00225	0.00723
63	0.01973	0.01033	0.01572	0.01806	0.30169	0.00957	0.01094	0.02218	0.01397	0.49674	0.01676	0.01615	0.01132	0.00586	0.00529	0.00161	0.00517	0.00509	0.00507	0.00876
64	0.00748	0.00540	0.00707	0.00665	0.00790	0.00499	0.00499	0.00998	0.01496	0.02120	0.77844	0.03949	0.04988	0.01081	0.00624	0.00166	0.00249	0.00956	0.00582	0.00499
65	0.00644	0.00460	0.00613	0.00736	0.00767	0.00429	0.00491	0.00736	0.01012	0.01350	0.02914	0.81076	0.03497	0.01656	0.00675	0.00215	0.00307	0.01503	0.00491	0.00429
66	0.01662	0.01939	0.01762	0.05790	0.32400	0.44362	0.01283	0.01880	0.01360	0.01470	0.00894	0.01117	0.00745	0.00514	0.00498	0.00146	0.00811	0.00399	0.00266	0.00702
67	0.01934	0.02121	0.01573	0.01463	0.07462	0.50781	0.01062	0.23655	0.01763	0.01919	0.00962	0.01072	0.00756	0.00565	0.00495	0.00144	0.00821	0.00390	0.00346	0.00713
68	0.00632	0.00507	0.00565	0.00611	0.00734	0.00440	0.00435	0.00750	0.01133	0.01399	0.04439	0.33613	0.49975	0.01458	0.00644	0.00192	0.00282	0.01261	0.00491	0.00440
69	0.01898	0.13933	0.01698	0.01272	0.01595	0.55880	0.01002	0.13638	0.01591	0.01605	0.00876	0.00987	0.00715	0.00545	0.00465	0.00136	0.00839	0.00353	0.00306	0.00667
70	0.01262	0.01209	0.02063	0.14647	0.67081	0.01244	0.01600	0.01582	0.01182	0.01671	0.00986	0.01323	0.00818	0.00480	0.00524	0.00160	0.00639	0.00471	0.00258	0.00800
71	0.05378	0.01081	0.01765	0.44042	0.32741	0.01218	0.01473	0.03253	0.01141	0.01597	0.00959	0.01339	0.00755	0.00507	0.00516	0.00168	0.00657	0.00461	0.00257	0.00692
72	0.01223	0.03631	0.29128	0.02579	0.49634	0.01265	0.01722	0.01640	0.01170	0.01697	0.00972	0.01230	0.00775	0.00482	0.00512	0.00160	0.00681	0.00438	0.00247	0.00814
73	0.00769	0.00513	0.00577	0.00577	0.00577	0.00513	0.00320	0.00769	0.00769	0.01025	0.01666	0.03460	0.01922	0.81421	0.02691	0.00513	0.00513	0.00769	0.00320	0.00320
74	0.00644	0.00460	0.00613	0.00736	0.00767	0.00429	0.00491	0.00736	0.01012	0.01350	0.02914	0.81076	0.03497	0.01656	0.00675	0.00215	0.00307	0.01503	0.00491	0.00429
75	0.01486	0.71487	0.02606	0.00964	0.01393	0.12084	0.00920	0.01651	0.01129	0.01250	0.00746	0.00862	0.00679	0.00464	0.00357	0.00116	0.00616	0.00290	0.00232	0.00670
76	0.00928	0.00583	0.00748	0.00682	0.00848	0.00526	0.00520	0.01158	0.01462	0.11229	0.59658	0.03833	0.13663	0.01062	0.00613	0.00167	0.00276	0.00925	0.00579	0.00541
77	0.00644	0.00460	0.00613	0.00736	0.00767	0.00429	0.00491	0.00736	0.01012	0.01350	0.02914	0.81076	0.03497	0.01656	0.00675	0.00215	0.00307	0.01503	0.00491	0.00429
78	0.00852	0.00608	0.00852	0.00974	0.01095	0.00608	0.00852	0.01095	0.01217	0.01582	0.02799	0.05963	0.03042	0.01460	0.00730	0.00243	0.00487	0.74565	0.00487	0.00487
79	0.16422	0.01709	0.01420	0.01169	0.01531	0.24583	0.00935	0.41373	0.01918	0.02561	0.01043	0.01104	0.00778	0.00583	0.00478	0.00153	0.00662	0.00403	0.00418	0.00758
80	0.85155	0.01022	0.00777	0.00695	0.01022	0.01186	0.00573	0.01554	0.00900	0.02372	0.00736	0.00859	0.00573	0.00491	0.00327	0.00164	0.00409	0.00286	0.00327	0.00573
81	0.01282	0.01249	0.01667	0.05052	0.38932	0.08709	0.01184	0.01551	0.01187	0.01669	0.00954	0.01198	0.00797	0.00451	0.00469	0.00126	0.00574	0.00399	0.00281	0.32269
82	0.00998	0.00940	0.01586	0.80150	0.03641	0.01175	0.01468	0.01351	0.01057	0.01351	0.00940	0.01409	0.00705	0.00529	0.00529	0.00176	0.00705	0.00470	0.00235	0.00587
83	0.08654	0.00948	0.01216	0.00940	0.01344	0.00865	0.00777	0.07391	0.01531	0.67707	0.01929	0.01693	0.01225	0.00641	0.00516	0.00163	0.00455	0.00509	0.00621	0.00875
84	0.01287	0.01319	0.05869	0.05490	0.72161	0.01252	0.01634	0.01617	0.01195	0.01713	0.00991	0.01302	0.00825	0.00474	0.00522	0.00158	0.00638	0.00467	0.00259	0.00827
85	0.02010	0.01481	0.01587	0.01216	0.01639	0.01639	0.01005	0.76360	0.02486	0.03332	0.01269	0.01269	0.00899	0.00635	0.00529	0.00159	0.00582	0.00476	0.00529	0.00899
86	0.01184	0.02220	0.53689	0.01367	0.01998	0.01249	0.01595	0.03570	0.22187	0.03796	0.01317	0.01373	0.00952	0.00568	0.00513	0.00170	0.00668	0.00453	0.00328	0.00802
87	0.01455	0.00700	0.00927	0.00838	0.01071	0.00626	0.00645	0.01652	0.03194	0.35674	0.05396	0.31953	0.05276	0.01106	0.00598	0.00185	0.00381	0.04547	0.00562	0.03212
88	0.00707	0.00539	0.00650	0.00622	0.00765	0.00481	0.00467	0.00919	0.01400	0.01891	0.53839	0.04326	0.29136	0.01166	0.00624	0.00170	0.00255	0.01009	0.00552	0.00481
89	0.01413	0.81739	0.02770	0.00905	0.01357	0.02092	0.00905	0.01583	0.01074	0.01244	0.00735	0.00848	0.00678	0.00452	0.00339	0.00113	0.00565	0.00283	0.00226	0.00678
90	0.01975	0.02520	0.01498	0.01362	0.01634	0.79299	0.01021	0.02111	0.01498	0.01294	0.00817	0.00953	0.00681	0.00545	0.00477	0.00136	0.00953	0.00340	0.00272	0.00613
91	0.01279	0.00775	0.01020	0.08765	0.01352	0.00710	0.00715	0.04936	0.01230	0.20826	0.01983	0.31335	0.01931	0.00957	0.00553	0.00164	0.00415	0.00838	0.00467	0.19751
92	0.00730	0.00537	0.00682	0.00651	0.00780	0.00490	0.00486	0.00960	0.01446	0.02011	0.66548	0.06390	0.14062	0.01130	0.00625	0.00169	0.00253	0.00992	0.00568	0.00490
93	0.01308	0.01256	0.02146	0.03245	0.78123	0.01256	0.01622	0.01622	0.01204	0.01727	0.00994	0.01308	0.00837	0.00471	0.00523	0.00157	0.00628	0.00471	0.00262	0.00837
94	0.01347	0.04023	0.03679	0.12318	0.48856	0.08238	0.01439	0.05927	0.03411	0.01721	0.01140	0.01399	0.03120	0.00527	0.00517	0.00158	0.00649	0.00474	0.00287	0.00771
95	0.01060	0.02735	0.78682	0.01507	0.02288	0.01228	0.01953	0.01674	0.01116	0.01674	0.00949	0.01116	0.00670	0.00502	0.00502	0.00167	0.00781	0.00391	0.00223	0.00781
96	0.01075	0.03861	0.53981	0.01386	0.04216	0.05599	0.02879	0.03057	0.01176	0.01633	0.01593	0.05484	0.10477	0.00665	0.00524	0.00168	0.00693	0.00538	0.00281	0.00713

[dist]
# distance from previous block
# <min> <max>
8	23

[block]
# block no. 4 follows, 46 sequences, length 22
# corresponding to MSA columns:
# 296-315,317,318
name=unknown_E
#
# <colnr> <probs for GDERKNQSTAVLIFYWHMCP>
#	G	D	E	R	K	N	Q	S	T	A	V	L	I	F	Y	W	H	M	C	P
0	0.16943	0.32272	0.01680	0.00877	0.01231	0.03255	0.00772	0.10912	0.05491	0.04492	0.01550	0.01608	0.10437	0.00840	0.05431	0.00189	0.00552	0.00457	0.00353	0.00659
1	0.05609	0.12295	0.03707	0.01114	0.01520	0.03793	0.00951	0.43124	0.10827	0.08127	0.02948	0.01358	0.01042	0.00618	0.00495	0.00155	0.00552	0.00463	0.00474	0.00827
2	0.10486	0.23736	0.08710	0.01232	0.03008	0.17877	0.06818	0.12304	0.02757	0.03872	0.00943	0.01065	0.00747	0.00524	0.00471	0.00145	0.02287	0.00378	0.00312	0.02328
3	0.21769	0.24949	0.09402	0.01545	0.20571	0.07406	0.01119	0.04763	0.01159	0.01772	0.00849	0.01017	0.00701	0.00486	0.00417	0.00145	0.00594	0.00354	0.00275	0.00707
4	0.01212	0.01832	0.31973	0.02568	0.48569	0.01245	0.01751	0.01643	0.01170	0.01706	0.00977	0.01233	0.00772	0.00483	0.00515	0.00161	0.00688	0.00440	0.00247	0.00816
5	0.01199	0.01106	0.01689	0.08832	0.41826	0.01034	0.01221	0.01486	0.01149	0.01693	0.00968	0.01234	0.00805	0.00445	0.00472	0.00128	0.00542	0.00409	0.00279	0.33480
6	0.01296	0.01243	0.02123	0.06328	0.75137	0.01253	0.01616	0.01612	0.01198	0.01712	0.00992	0.01312	0.00832	0.00473	0.00524	0.00158	0.00631	0.00471	0.00261	0.00827
7	0.01913	0.01437	0.01583	0.01304	0.05625	0.01579	0.01019	0.66693	0.06301	0.03148	0.01293	0.01304	0.00930	0.00624	0.00526	0.00158	0.00571	0.00478	0.00510	0.03005
8	0.01160	0.02111	0.48484	0.01339	0.01932	0.01262	0.01518	0.02117	0.30754	0.01884	0.01418	0.01450	0.01038	0.00586	0.00516	0.00172	0.00640	0.00471	0.00346	0.00803
9	0.00918	0.00459	0.00689	0.00689	0.00689	0.00459	0.00459	0.00689	0.00689	0.00918	0.00918	0.01607	0.00918	0.01837	0.02066	0.84619	0.00459	0.00459	0.00230	0.00230
10	0.34403	0.01575	0.01248	0.01051	0.01398	0.21856	0.00841	0.27710	0.01608	0.02423	0.00943	0.01026	0.00715	0.00555	0.00437	0.00155	0.00612	0.00366	0.00383	0.00697
11	0.01339	0.00682	0.00905	0.00767	0.01005	0.00605	0.00602	0.01571	0.01489	0.29328	0.48282	0.03088	0.03537	0.00906	0.00583	0.00162	0.00326	0.00783	0.00599	0.03442
12	0.00651	0.00463	0.00611	0.00728	0.00757	0.00434	0.00482	0.00738	0.00999	0.01333	0.02848	0.77005	0.03414	0.05840	0.00781	0.00230	0.00318	0.01464	0.00482	0.00424
13	0.01009	0.00960	0.01651	0.76817	0.03603	0.01181	0.04666	0.01365	0.01065	0.01365	0.00945	0.01410	0.00709	0.00525	0.00533	0.00176	0.00713	0.00476	0.00236	0.00593
14	0.01631	0.15320	0.35717	0.01185	0.01766	0.01198	0.01318	0.02010	0.01264	0.31537	0.01356	0.01337	0.00920	0.00553	0.00486	0.00157	0.00616	0.00427	0.00392	0.00810
15	0.01413	0.81739	0.02770	0.00905	0.01357	0.02092	0.00905	0.01583	0.01074	0.01244	0.00735	0.00848	0.00678	0.00452	0.00339	0.00113	0.00565	0.00283	0.00226	0.00678
16	0.00768	0.00517	0.00598	0.00598	0.00605	0.00524	0.00347	0.00782	0.00775	0.01041	0.01646	0.03353	0.01876	0.75431	0.08617	0.00539	0.00582	0.00753	0.00317	0.00332
17	0.00771	0.00551	0.00759	0.00881	0.00967	0.00539	0.00711	0.00955	0.01137	0.01491	0.02844	0.35236	0.03219	0.01537	0.00709	0.00232	0.00417	0.46092	0.00488	0.00464
18	0.01347	0.01151	0.01213	0.01082	0.01387	0.01330	0.00844	0.06161	0.73765	0.02263	0.02111	0.01940	0.01581	0.00713	0.00538	0.00178	0.00426	0.00592	0.00538	0.00840
19	0.34391	0.01936	0.01217	0.01102	0.01396	0.48857	0.00846	0.01894	0.01265	0.01714	0.00786	0.00917	0.00639	0.00524	0.00418	0.00147	0.00741	0.00319	0.00294	0.00597
20	0.01308	0.01256	0.02146	0.03245	0.78123	0.01256	0.01622	0.01622	0.01204	0.01727	0.00994	0.01308	0.00837	0.00471	0.00523	0.00157	0.00628	0.00471	0.00262	0.00837
21	0.01308	0.01256	0.02146	0.03245	0.78123	0.01256	0.01622	0.01622	0.01204	0.01727	0.00994	0.01308	0.00837	0.00471	0.00523	0.00157	0.00628	0.00471	0.00262	0.00837

[dist]
# distance from previous block
# <min> <max>
0	1

[block]
# block no. 5 follows, 46 sequences, length 11
# corresponding to MSA columns:
# 320-330
name=unknown_F
#
# <colnr> <probs for GDERKNQSTAVLIFYWHMCP>
#	G	D	E	R	K	N	Q	S	T	A	V	L	I	F	Y	W	H	M	C	P
0	0.01612	0.01353	0.01904	0.02367	0.45022	0.01422	0.01355	0.33969	0.01759	0.02422	0.01113	0.01291	0.00864	0.00542	0.00526	0.00158	0.00608	0.00473	0.00377	0.00864
1	0.37511	0.01099	0.01255	0.01088	0.01230	0.01432	0.00904	0.01394	0.00849	0.01748	0.00712	0.01028	0.00641	0.00737	0.01126	0.00202	0.45811	0.00386	0.00273	0.00576
2	0.00918	0.00459	0.00689	0.00689	0.00689	0.00459	0.00459	0.00689	0.00689	0.00918	0.00918	0.01607	0.00918	0.01837	0.02066	0.84619	0.00459	0.00459	0.00230	0.00230
3	0.01413	0.81739	0.02770	0.00905	0.01357	0.02092	0.00905	0.01583	0.01074	0.01244	0.00735	0.00848	0.00678	0.00452	0.00339	0.00113	0.00565	0.00283	0.00226	0.00678
4	0.01168	0.02095	0.45558	0.02259	0.35109	0.01240	0.01810	0.01652	0.01154	0.01697	0.00968	0.01199	0.00742	0.00489	0.00511	0.00163	0.00715	0.00425	0.00240	0.00806
5	0.01160	0.14170	0.63587	0.01412	0.02118	0.05496	0.01752	0.01684	0.01130	0.01592	0.00911	0.01069	0.00672	0.00497	0.00477	0.00158	0.00759	0.00372	0.00226	0.00757
6	0.01424	0.59445	0.08043	0.01030	0.01488	0.01878	0.03585	0.10758	0.01246	0.01546	0.00861	0.00999	0.00740	0.00648	0.04202	0.00160	0.00635	0.00340	0.00267	0.00704
7	0.10586	0.45679	0.15838	0.01001	0.01479	0.01671	0.01037	0.06730	0.01200	0.05361	0.04416	0.01114	0.00909	0.00517	0.00402	0.00136	0.00568	0.00359	0.00294	0.00703
8	0.03450	0.19406	0.37777	0.01313	0.01898	0.05007	0.06163	0.09650	0.01303	0.05530	0.03153	0.01193	0.00855	0.00527	0.00477	0.00154	0.00688	0.00409	0.00295	0.00752
9	0.06369	0.26223	0.28891	0.01363	0.06981	0.11096	0.03860	0.01697	0.01153	0.03974	0.00913	0.01074	0.00724	0.00599	0.02863	0.00167	0.00717	0.00369	0.00256	0.00713
10	0.06657	0.12973	0.30346	0.01318	0.01850	0.10795	0.06930	0.12786	0.04701	0.03549	0.02682	0.01203	0.00858	0.00540	0.00484	0.00156	0.00694	0.00418	0.00315	0.00745

[dist]
# distance from previous block
# <min> <max>
1	3

[block]
# block no. 6 follows, 46 sequences, length 6
# corresponding to MSA columns:
# 334-339
name=unknown_G
#
# <colnr> <probs for GDERKNQSTAVLIFYWHMCP>
#	G	D	E	R	K	N	Q	S	T	A	V	L	I	F	Y	W	H	M	C	P
0	0.11514	0.06152	0.10405	0.09123	0.08036	0.15503	0.06368	0.10145	0.04605	0.06183	0.01050	0.01198	0.00797	0.00527	0.00479	0.00152	0.00661	0.00415	0.00330	0.06358
1	0.06512	0.27350	0.08562	0.01130	0.01531	0.16534	0.07287	0.06361	0.01322	0.06575	0.07693	0.01473	0.04379	0.00592	0.00464	0.00144	0.00631	0.00453	0.00332	0.00674
2	0.01494	0.15978	0.08391	0.01127	0.05246	0.11947	0.00941	0.09018	0.03539	0.12088	0.04464	0.05470	0.04250	0.00635	0.00480	0.00141	0.00559	0.00497	0.00382	0.13353
3	0.01483	0.35924	0.16912	0.01099	0.01562	0.06863	0.01102	0.13236	0.01363	0.06985	0.01144	0.04816	0.00983	0.00608	0.00455	0.00146	0.00613	0.03656	0.00328	0.00724
4	0.09324	0.36159	0.16665	0.01152	0.01632	0.09199	0.05283	0.08105	0.05038	0.01688	0.00919	0.01034	0.00740	0.00503	0.00424	0.00141	0.00641	0.00360	0.00283	0.00710
5	0.04985	0.20046	0.09761	0.01115	0.01497	0.05189	0.08440	0.12095	0.01358	0.09358	0.03749	0.15081	0.03628	0.00759	0.00511	0.00161	0.00562	0.00636	0.00385	0.00683

[dist]
# distance from previous block
# <min> <max>
0	11

# created by:
# /st0/software/busco_prod/Augustus/scripts/msa2prfl.pl ./align_prep/62544.fa
