[name]
unknown

[dist]
# distance from previous block
# <min> <max>
0	46

[block]
# block no. 0 follows, 41 sequences, length 12
# corresponding to MSA columns:
# 104-114,116
name=unknown_A
#
# <colnr> <probs for GDERKNQSTAVLIFYWHMCP>
#	G	D	E	R	K	N	Q	S	T	A	V	L	I	F	Y	W	H	M	C	P
0	0.00922	0.00658	0.00922	0.01053	0.01185	0.00658	0.00922	0.01185	0.01317	0.01712	0.03029	0.06452	0.03292	0.01580	0.00790	0.00263	0.00527	0.72480	0.00527	0.00527
1	0.02566	0.00973	0.01327	0.01018	0.01460	0.00841	0.00841	0.02788	0.01637	0.76726	0.02257	0.01947	0.01416	0.00708	0.00575	0.00177	0.00487	0.00575	0.00708	0.00973
2	0.01186	0.01017	0.01186	0.00847	0.01356	0.00762	0.00678	0.01440	0.01186	0.01864	0.01017	0.01186	0.00847	0.00424	0.00424	0.00085	0.00424	0.00339	0.00339	0.83395
3	0.00832	0.00555	0.00624	0.00624	0.00624	0.00555	0.00347	0.00832	0.00832	0.01109	0.01802	0.03743	0.02080	0.79898	0.02911	0.00555	0.00555	0.00832	0.00347	0.00347
4	0.01416	0.01359	0.02322	0.03511	0.76330	0.01359	0.01755	0.01755	0.01302	0.01869	0.01076	0.01416	0.00906	0.00510	0.00566	0.00170	0.00680	0.00510	0.00283	0.00906
5	0.00696	0.00503	0.00658	0.00783	0.00826	0.00466	0.00525	0.00798	0.01108	0.01466	0.03319	0.74855	0.08345	0.01770	0.00727	0.00230	0.00329	0.01600	0.00531	0.00466
6	0.01416	0.01359	0.02322	0.03511	0.76330	0.01359	0.01755	0.01755	0.01302	0.01869	0.01076	0.01416	0.00906	0.00510	0.00566	0.00170	0.00680	0.00510	0.00283	0.00906
7	0.00832	0.00555	0.00624	0.00624	0.00624	0.00555	0.00347	0.00832	0.00832	0.01109	0.01802	0.03743	0.02080	0.79898	0.02911	0.00555	0.00555	0.00832	0.00347	0.00347
8	0.01080	0.01017	0.01716	0.78523	0.03940	0.01271	0.01589	0.01461	0.01144	0.01461	0.01017	0.01525	0.00762	0.00572	0.00572	0.00191	0.00762	0.00508	0.00254	0.00635
9	0.00922	0.00658	0.00922	0.01053	0.01185	0.00658	0.00922	0.01185	0.01317	0.01712	0.03029	0.06452	0.03292	0.01580	0.00790	0.00263	0.00527	0.72480	0.00527	0.00527
10	0.83938	0.01106	0.00841	0.00752	0.01106	0.01283	0.00619	0.01681	0.00973	0.02566	0.00796	0.00929	0.00619	0.00531	0.00354	0.00177	0.00442	0.00310	0.00354	0.00619
11	0.10822	0.01550	0.01624	0.01256	0.01703	0.01722	0.01038	0.66729	0.02508	0.03495	0.01312	0.01326	0.00935	0.00670	0.00549	0.00172	0.00610	0.00493	0.00549	0.00935

[dist]
# distance from previous block
# <min> <max>
0	2

[block]
# block no. 1 follows, 41 sequences, length 6
# corresponding to MSA columns:
# 119-124
name=unknown_B
#
# <colnr> <probs for GDERKNQSTAVLIFYWHMCP>
#	G	D	E	R	K	N	Q	S	T	A	V	L	I	F	Y	W	H	M	C	P
0	0.02174	0.01602	0.01717	0.01316	0.01774	0.01774	0.01087	0.74423	0.02689	0.03605	0.01373	0.01373	0.00973	0.00687	0.00572	0.00172	0.00629	0.00515	0.00572	0.00973
1	0.01080	0.01017	0.01716	0.78523	0.03940	0.01271	0.01589	0.01461	0.01144	0.01461	0.01017	0.01525	0.00762	0.00572	0.00572	0.00191	0.00762	0.00508	0.00254	0.00635
2	0.02174	0.01602	0.01717	0.01316	0.01774	0.01774	0.01087	0.74423	0.02689	0.03605	0.01373	0.01373	0.00973	0.00687	0.00572	0.00172	0.00629	0.00515	0.00572	0.00973
3	0.01572	0.01195	0.01298	0.01145	0.01484	0.01346	0.00897	0.03006	0.65650	0.12127	0.02319	0.02110	0.01703	0.00767	0.00581	0.00192	0.00457	0.00637	0.00599	0.00914
4	0.02168	0.01806	0.01699	0.01345	0.01773	0.15541	0.01090	0.61326	0.02495	0.03205	0.01284	0.01311	0.00930	0.00669	0.00562	0.00167	0.00702	0.00488	0.00522	0.00917
5	0.01450	0.01624	0.02844	0.02105	0.02611	0.09942	0.54266	0.02077	0.13299	0.01874	0.01315	0.01581	0.00995	0.00541	0.00642	0.00188	0.00889	0.00636	0.00337	0.00781

[dist]
# distance from previous block
# <min> <max>
0	2

[block]
# block no. 2 follows, 41 sequences, length 16
# corresponding to MSA columns:
# 127-142
name=unknown_C
#
# <colnr> <probs for GDERKNQSTAVLIFYWHMCP>
#	G	D	E	R	K	N	Q	S	T	A	V	L	I	F	Y	W	H	M	C	P
0	0.01159	0.02878	0.72756	0.01675	0.02505	0.01335	0.06211	0.01813	0.01216	0.01813	0.01034	0.01227	0.00733	0.00540	0.00551	0.00182	0.00852	0.00437	0.00244	0.00841
1	0.01295	0.01381	0.02476	0.01907	0.02165	0.01616	0.33804	0.01580	0.01087	0.01580	0.00932	0.01381	0.00803	0.00770	0.01341	0.00225	0.44120	0.00578	0.00268	0.00691
2	0.01475	0.69214	0.13548	0.01072	0.01612	0.02130	0.01141	0.01727	0.01169	0.01412	0.00828	0.00959	0.00733	0.00497	0.00392	0.00131	0.00645	0.00323	0.00244	0.00750
3	0.01125	0.00872	0.01095	0.00867	0.01205	0.00744	0.02692	0.05601	0.01486	0.04562	0.34530	0.02608	0.02902	0.00782	0.00556	0.00138	0.00384	0.00676	0.00493	0.36681
4	0.01208	0.44722	0.02002	0.00863	0.01194	0.01495	0.00783	0.01430	0.01366	0.01768	0.34343	0.02414	0.02813	0.00793	0.00504	0.00148	0.00459	0.00631	0.00416	0.00647
5	0.01018	0.00824	0.00998	0.00790	0.01132	0.00663	0.00616	0.01279	0.01379	0.02056	0.34466	0.02562	0.02876	0.00756	0.00536	0.00127	0.00355	0.00649	0.00469	0.46448
6	0.01438	0.36603	0.02989	0.01642	0.02154	0.01808	0.33900	0.01905	0.09007	0.01674	0.01118	0.01326	0.00900	0.00516	0.00528	0.00162	0.00754	0.00507	0.00300	0.00769
7	0.01413	0.01204	0.01175	0.01009	0.01264	0.12256	0.00786	0.23162	0.01939	0.02554	0.42666	0.02929	0.03389	0.00940	0.00621	0.00173	0.00489	0.00781	0.00563	0.00687
8	0.01786	0.02198	0.02403	0.01891	0.02313	0.43643	0.33723	0.02083	0.01500	0.01593	0.01006	0.01260	0.00795	0.00542	0.00587	0.00168	0.01002	0.00505	0.00292	0.00711
9	0.01663	0.02261	0.43336	0.01446	0.02116	0.01390	0.01619	0.23641	0.01713	0.13379	0.01311	0.01366	0.00900	0.00610	0.00557	0.00178	0.00728	0.00473	0.00409	0.00902
10	0.02375	0.01755	0.01458	0.01221	0.01598	0.35070	0.00959	0.02563	0.01630	0.43137	0.01645	0.01539	0.01113	0.00655	0.00549	0.00164	0.00730	0.00483	0.00524	0.00835
11	0.00939	0.00807	0.01219	0.01049	0.01305	0.00698	0.11431	0.01141	0.01160	0.01636	0.02221	0.44645	0.02477	0.01190	0.00630	0.00182	0.00452	0.01102	0.00438	0.25278
12	0.00736	0.00536	0.00693	0.00751	0.00834	0.00493	0.00526	0.00901	0.01303	0.01770	0.29807	0.46071	0.10383	0.01538	0.00705	0.00210	0.00306	0.01377	0.00567	0.00493
13	0.49951	0.01359	0.03708	0.00922	0.01250	0.13193	0.00758	0.01790	0.06505	0.02303	0.12006	0.01534	0.01426	0.00652	0.00450	0.00174	0.00525	0.00454	0.00398	0.00643
14	0.03256	0.01308	0.04264	0.01237	0.01637	0.02764	0.06215	0.13723	0.09575	0.13495	0.01368	0.01464	0.01028	0.00653	0.00740	0.00165	0.12875	0.00490	0.00438	0.23307
15	0.01248	0.01342	0.01937	0.01577	0.01826	0.12437	0.24970	0.01487	0.01215	0.01558	0.01720	0.21928	0.04393	0.00994	0.00938	0.00209	0.18377	0.00859	0.00353	0.00632

[dist]
# distance from previous block
# <min> <max>
3	31

[block]
# block no. 3 follows, 41 sequences, length 17
# corresponding to MSA columns:
# 174-190
name=unknown_D
#
# <colnr> <probs for GDERKNQSTAVLIFYWHMCP>
#	G	D	E	R	K	N	Q	S	T	A	V	L	I	F	Y	W	H	M	C	P
0	0.10149	0.04600	0.01269	0.01027	0.01337	0.18145	0.00812	0.05262	0.05285	0.20955	0.22688	0.02240	0.02283	0.00788	0.00559	0.00170	0.00553	0.00622	0.00525	0.00731
1	0.05493	0.14140	0.27726	0.01078	0.01541	0.01134	0.01166	0.01459	0.01263	0.03571	0.12310	0.02755	0.14994	0.04137	0.00660	0.00194	0.00570	0.04751	0.00385	0.00673
2	0.35763	0.00918	0.00961	0.00828	0.01122	0.00961	0.00649	0.01806	0.01148	0.25071	0.01499	0.01872	0.01205	0.14946	0.08705	0.00319	0.00586	0.00514	0.00457	0.00670
3	0.25009	0.01230	0.01329	0.01048	0.01472	0.01290	0.00866	0.27561	0.01821	0.30547	0.01542	0.01464	0.01040	0.00651	0.00513	0.00175	0.00524	0.00480	0.00562	0.00875
4	0.02174	0.01602	0.01717	0.01316	0.01774	0.01774	0.01087	0.74423	0.02689	0.03605	0.01373	0.01373	0.00973	0.00687	0.00572	0.00172	0.00629	0.00515	0.00572	0.00973
5	0.02081	0.01556	0.01664	0.01297	0.01738	0.01730	0.01065	0.65552	0.11712	0.03454	0.01492	0.01468	0.01069	0.00698	0.00573	0.00174	0.00607	0.00531	0.00573	0.00964
6	0.01935	0.01483	0.01582	0.01268	0.01682	0.01662	0.01029	0.51652	0.25850	0.03218	0.01678	0.01616	0.01219	0.00715	0.00575	0.00179	0.00573	0.00557	0.00575	0.00951
7	0.01637	0.01335	0.01414	0.01207	0.01569	0.01523	0.00957	0.23345	0.54643	0.02738	0.02056	0.01918	0.01526	0.00751	0.00579	0.00188	0.00503	0.00609	0.00579	0.00925
8	0.00689	0.00528	0.00632	0.00716	0.00808	0.00471	0.00495	0.00806	0.01173	0.01492	0.04136	0.51960	0.30713	0.01664	0.00710	0.00218	0.00316	0.01470	0.00531	0.00471
9	0.01529	0.80242	0.02997	0.00979	0.01468	0.02263	0.00979	0.01713	0.01162	0.01346	0.00795	0.00918	0.00734	0.00489	0.00367	0.00122	0.00612	0.00306	0.00245	0.00734
10	0.01754	0.01288	0.01417	0.01168	0.01505	0.01401	0.00929	0.53479	0.02236	0.02995	0.01879	0.23604	0.01772	0.01001	0.00617	0.00189	0.00545	0.00831	0.00560	0.00828
11	0.01530	0.01536	0.25296	0.01153	0.01631	0.00986	0.01177	0.02066	0.09977	0.25122	0.20850	0.02331	0.02258	0.00782	0.00591	0.00181	0.00541	0.00653	0.00525	0.00813
12	0.01455	0.51666	0.06440	0.01465	0.01999	0.01961	0.24403	0.01755	0.01224	0.01522	0.00921	0.01130	0.00776	0.00489	0.00473	0.00147	0.00735	0.00429	0.00259	0.00751
13	0.01614	0.01431	0.01100	0.00979	0.01224	0.25348	0.00753	0.15225	0.01611	0.02173	0.01461	0.01640	0.01142	0.00646	0.00469	0.00145	0.00578	0.00477	0.41330	0.00656
14	0.04921	0.02232	0.01578	0.01376	0.01714	0.48312	0.01061	0.19333	0.10334	0.02074	0.01162	0.01235	0.00904	0.00632	0.00531	0.00159	0.00850	0.00433	0.00395	0.00762
15	0.05096	0.26668	0.02092	0.01187	0.01651	0.01911	0.01035	0.48446	0.02137	0.02844	0.01167	0.01211	0.00883	0.00618	0.00498	0.00156	0.00617	0.00440	0.00459	0.00883
16	0.01172	0.00853	0.01003	0.00959	0.01132	0.00885	0.00709	0.24293	0.01623	0.02175	0.05302	0.51789	0.02947	0.01416	0.00678	0.00211	0.00424	0.01250	0.00548	0.00629

[dist]
# distance from previous block
# <min> <max>
3	5

[block]
# block no. 4 follows, 41 sequences, length 11
# corresponding to MSA columns:
# 196-206
name=unknown_E
#
# <colnr> <probs for GDERKNQSTAVLIFYWHMCP>
#	G	D	E	R	K	N	Q	S	T	A	V	L	I	F	Y	W	H	M	C	P
0	0.02154	0.02200	0.01666	0.01400	0.01771	0.42134	0.01097	0.36026	0.02121	0.02431	0.01113	0.01191	0.00847	0.00635	0.00542	0.00159	0.00843	0.00437	0.00425	0.00808
1	0.01308	0.35418	0.45880	0.01357	0.02052	0.01721	0.01637	0.01770	0.01189	0.01616	0.00929	0.01086	0.00729	0.00521	0.00469	0.00156	0.00747	0.00374	0.00243	0.00799
2	0.01120	0.01095	0.01963	0.67166	0.03798	0.01297	0.12431	0.01517	0.01175	0.01517	0.01038	0.01528	0.00778	0.00558	0.00587	0.00191	0.00793	0.00533	0.00259	0.00656
3	0.01275	0.01215	0.02067	0.35017	0.45926	0.01322	0.01685	0.01632	0.01236	0.01698	0.01051	0.01462	0.00846	0.00536	0.00569	0.00179	0.00714	0.00509	0.00271	0.00792
4	0.01667	0.00847	0.01113	0.04818	0.01355	0.00810	0.00776	0.09930	0.01504	0.33313	0.02470	0.34285	0.02323	0.01152	0.00639	0.00200	0.00452	0.01004	0.00596	0.00744
5	0.00697	0.00498	0.00664	0.00796	0.00830	0.00465	0.00531	0.00796	0.01095	0.01460	0.03153	0.79525	0.03783	0.01792	0.00730	0.00232	0.00332	0.01626	0.00531	0.00465
6	0.00688	0.00532	0.00628	0.00705	0.00806	0.00472	0.00490	0.00807	0.01183	0.01496	0.04262	0.48436	0.34156	0.01648	0.00707	0.00216	0.00314	0.01450	0.00531	0.00472
7	0.01038	0.00876	0.01124	0.12424	0.01599	0.00758	0.00774	0.01269	0.01155	0.01694	0.01595	0.22450	0.01630	0.00816	0.00529	0.00140	0.00449	0.00713	0.00378	0.48589
8	0.01557	0.13247	0.01698	0.01166	0.01583	0.14758	0.04545	0.05272	0.21413	0.03976	0.01372	0.01422	0.01076	0.00580	0.00497	0.00143	0.00604	0.00453	0.00401	0.24238
9	0.01723	0.01591	0.01733	0.13276	0.17192	0.15868	0.01261	0.19974	0.15235	0.04411	0.01367	0.01496	0.01038	0.00632	0.00562	0.00174	0.00699	0.00511	0.00419	0.00838
10	0.04445	0.13569	0.01864	0.01353	0.03695	0.22287	0.03009	0.29609	0.08474	0.02390	0.01199	0.01268	0.00923	0.00617	0.00519	0.00158	0.00719	0.00449	0.00421	0.03033

[dist]
# distance from previous block
# <min> <max>
0	9

[block]
# block no. 5 follows, 41 sequences, length 15
# corresponding to MSA columns:
# 216-230
name=unknown_F
#
# <colnr> <probs for GDERKNQSTAVLIFYWHMCP>
#	G	D	E	R	K	N	Q	S	T	A	V	L	I	F	Y	W	H	M	C	P
0	0.01964	0.15802	0.01830	0.01348	0.01689	0.52455	0.01062	0.06677	0.08943	0.01624	0.01043	0.01143	0.00851	0.00597	0.00500	0.00149	0.00877	0.00394	0.00332	0.00718
1	0.04908	0.07192	0.14581	0.01371	0.01816	0.30897	0.01225	0.18877	0.09967	0.02130	0.01174	0.01253	0.00897	0.00616	0.00525	0.00163	0.00794	0.00436	0.00381	0.00796
2	0.01010	0.05853	0.01054	0.00949	0.01143	0.06230	0.00752	0.01198	0.01225	0.01599	0.02434	0.31782	0.02708	0.01320	0.00659	0.00204	0.00479	0.24203	0.00462	0.14738
3	0.01128	0.01038	0.01659	0.50097	0.08067	0.01188	0.05622	0.06631	0.01305	0.01679	0.01874	0.02190	0.13713	0.00721	0.00595	0.00188	0.00678	0.00639	0.00329	0.00660
4	0.00785	0.00561	0.00765	0.00897	0.00969	0.00541	0.00684	0.00949	0.01182	0.01559	0.03104	0.50838	0.03590	0.01709	0.00754	0.00244	0.00408	0.29442	0.00529	0.00489
5	0.77990	0.01100	0.00903	0.06335	0.01310	0.01282	0.00689	0.01666	0.00986	0.02487	0.00812	0.00972	0.00630	0.00534	0.00370	0.00178	0.00465	0.00324	0.00347	0.00621
6	0.00819	0.00606	0.00884	0.00884	0.00974	0.00696	0.00671	0.00999	0.00909	0.01302	0.01564	0.02424	0.01507	0.13229	0.68798	0.00876	0.01417	0.00639	0.00311	0.00491
7	0.00928	0.14339	0.01101	0.00789	0.00978	0.05304	0.00610	0.01075	0.01255	0.01542	0.10255	0.29994	0.27134	0.01327	0.00632	0.00191	0.00401	0.01133	0.00477	0.00535
8	0.02019	0.17787	0.01888	0.01377	0.01710	0.62964	0.01081	0.02173	0.01532	0.01389	0.00867	0.01009	0.00736	0.00570	0.00487	0.00142	0.00950	0.00356	0.00285	0.00677
9	0.01277	0.01310	0.02353	0.01714	0.02189	0.01237	0.37381	0.01627	0.01226	0.01782	0.01051	0.01373	0.00844	0.00531	0.00746	0.00161	0.11338	0.00528	0.00302	0.31031
10	0.01952	0.01772	0.01692	0.16357	0.02193	0.20811	0.01189	0.42042	0.02119	0.02632	0.01181	0.01316	0.00872	0.00640	0.00558	0.00169	0.00757	0.00477	0.00440	0.00829
11	0.01094	0.00961	0.01640	0.30631	0.02466	0.01038	0.15039	0.01458	0.05503	0.04427	0.01746	0.20117	0.01703	0.08595	0.00858	0.00236	0.00651	0.00845	0.00371	0.00622
12	0.01632	0.01243	0.01311	0.01152	0.01493	0.04133	0.00902	0.02971	0.60787	0.14262	0.02263	0.02063	0.01656	0.00758	0.00578	0.00190	0.00479	0.00625	0.00592	0.00907
13	0.01431	0.01397	0.01384	0.01258	0.06508	0.14230	0.00919	0.03809	0.21095	0.01922	0.01583	0.01656	0.04891	0.00647	0.00600	0.00149	0.05522	0.00496	0.00402	0.30100
14	0.01372	0.00998	0.01249	0.01037	0.01323	0.01062	0.09367	0.14250	0.18875	0.02409	0.01807	0.01934	0.01377	0.00674	0.00505	0.00161	0.00455	0.00573	0.39849	0.00724

[dist]
# distance from previous block
# <min> <max>
0	13

[block]
# block no. 6 follows, 41 sequences, length 20
# corresponding to MSA columns:
# 244-251,253-264
name=unknown_G
#
# <colnr> <probs for GDERKNQSTAVLIFYWHMCP>
#	G	D	E	R	K	N	Q	S	T	A	V	L	I	F	Y	W	H	M	C	P
0	0.09398	0.01283	0.01579	0.01246	0.01653	0.01357	0.08392	0.25941	0.17358	0.19266	0.01717	0.01749	0.01243	0.04381	0.00675	0.00198	0.00574	0.00569	0.00545	0.00877
1	0.01843	0.15685	0.10291	0.01463	0.01905	0.35555	0.08654	0.10901	0.03286	0.03761	0.01041	0.01175	0.00818	0.00576	0.00520	0.00156	0.00856	0.00425	0.00331	0.00758
2	0.01554	0.01491	0.08962	0.01171	0.03181	0.15899	0.00971	0.04096	0.17579	0.13881	0.15751	0.02463	0.08890	0.00831	0.00589	0.00177	0.00572	0.00675	0.00508	0.00758
3	0.00791	0.00620	0.00715	0.00671	0.00850	0.00537	0.00493	0.00975	0.01349	0.01798	0.29657	0.08183	0.32925	0.08506	0.00859	0.00213	0.00323	0.01044	0.00529	0.08960
4	0.01186	0.01017	0.01186	0.00847	0.01356	0.00762	0.00678	0.01440	0.01186	0.01864	0.01017	0.01186	0.00847	0.00424	0.00424	0.00085	0.00424	0.00339	0.00339	0.83395
5	0.01276	0.01066	0.01166	0.01059	0.01345	0.01164	0.00809	0.05676	0.48319	0.02193	0.02329	0.18757	0.02060	0.00956	0.00597	0.00190	0.00432	0.00821	0.00546	0.09241
6	0.01662	0.01348	0.01428	0.01212	0.01579	0.01535	0.00963	0.25786	0.52160	0.02779	0.02024	0.01892	0.01500	0.00748	0.00579	0.00187	0.00509	0.00605	0.00579	0.00927
7	0.01186	0.01017	0.01186	0.00847	0.01356	0.00762	0.00678	0.01440	0.01186	0.01864	0.01017	0.01186	0.00847	0.00424	0.00424	0.00085	0.00424	0.00339	0.00339	0.83395
8	0.01156	0.00985	0.01154	0.00844	0.01323	0.00744	0.00669	0.01401	0.01181	0.01839	0.01147	0.05967	0.01026	0.00507	0.00442	0.00094	0.00418	0.00417	0.00351	0.78334
9	0.01458	0.01178	0.01332	0.00976	0.01471	0.01041	0.00791	0.21540	0.01600	0.02343	0.01115	0.01238	0.00882	0.00496	0.00465	0.00109	0.00480	0.00387	0.00403	0.60696
10	0.01801	0.01481	0.01502	0.01250	0.01632	0.05863	0.00998	0.35137	0.38464	0.02883	0.01817	0.01730	0.01341	0.00725	0.00574	0.00181	0.00565	0.00572	0.00561	0.00922
11	0.00817	0.00613	0.00919	0.00919	0.01021	0.00715	0.00715	0.01021	0.00919	0.01328	0.01532	0.02247	0.01430	0.04290	0.77631	0.00919	0.01532	0.00613	0.00306	0.00511
12	0.01284	0.20277	0.56502	0.01476	0.02214	0.05440	0.01807	0.01813	0.01219	0.01686	0.00967	0.01134	0.00727	0.00534	0.00502	0.00166	0.00802	0.00394	0.00245	0.00811
13	0.01108	0.01013	0.01405	0.01245	0.01272	0.01355	0.01007	0.01244	0.00895	0.01374	0.01074	0.01756	0.01063	0.09740	0.17886	0.00417	0.50934	0.00560	0.04084	0.00569
14	0.00840	0.00605	0.00808	0.00812	0.00946	0.00572	0.00645	0.01109	0.01536	0.02133	0.55924	0.04873	0.04817	0.01282	0.00706	0.00203	0.00341	0.20710	0.00601	0.00536
15	0.00697	0.00498	0.00664	0.00796	0.00830	0.00465	0.00531	0.00796	0.01095	0.01460	0.03153	0.79525	0.03783	0.01792	0.00730	0.00232	0.00332	0.01626	0.00531	0.00465
16	0.01147	0.02959	0.76934	0.01630	0.02476	0.01328	0.02113	0.01811	0.01208	0.01811	0.01026	0.01208	0.00725	0.00543	0.00543	0.00181	0.00845	0.00423	0.00242	0.00845
17	0.06133	0.02847	0.72352	0.01577	0.02393	0.01326	0.02023	0.01804	0.01194	0.01857	0.01013	0.01191	0.00718	0.00543	0.00532	0.00181	0.00821	0.00416	0.00248	0.00832
18	0.01580	0.04704	0.01715	0.01434	0.01713	0.40256	0.13795	0.01774	0.01412	0.01490	0.01554	0.22734	0.01599	0.00898	0.00597	0.00178	0.00812	0.00766	0.00357	0.00630
19	0.01364	0.01328	0.01667	0.31933	0.15082	0.09504	0.01338	0.02123	0.25870	0.01833	0.01448	0.01656	0.01111	0.00631	0.00568	0.00184	0.00674	0.00540	0.00372	0.00774

[dist]
# distance from previous block
# <min> <max>
51	131

[block]
# block no. 7 follows, 41 sequences, length 13
# corresponding to MSA columns:
# 429-441
name=unknown_H
#
# <colnr> <probs for GDERKNQSTAVLIFYWHMCP>
#	G	D	E	R	K	N	Q	S	T	A	V	L	I	F	Y	W	H	M	C	P
0	0.01280	0.05183	0.28313	0.02325	0.23150	0.01375	0.23139	0.01757	0.01270	0.01800	0.01155	0.04511	0.00941	0.00564	0.00589	0.00181	0.00804	0.00565	0.00279	0.00821
1	0.01256	0.02684	0.59793	0.01557	0.02275	0.09518	0.04717	0.01825	0.01257	0.01793	0.01083	0.01276	0.00791	0.00556	0.00534	0.00174	0.00824	0.00436	0.06852	0.00798
2	0.01839	0.01505	0.01950	0.01499	0.01950	0.01629	0.15600	0.43753	0.18931	0.02977	0.01547	0.01580	0.01128	0.00666	0.00595	0.00181	0.00656	0.00577	0.00518	0.00917
3	0.00684	0.00548	0.00612	0.00663	0.00795	0.00476	0.00472	0.00811	0.01223	0.01512	0.04775	0.34073	0.48188	0.01581	0.00697	0.00208	0.00306	0.01369	0.00531	0.00476
4	0.01804	0.46719	0.02451	0.01123	0.01598	0.02055	0.01025	0.32708	0.01813	0.02309	0.01042	0.01112	0.00836	0.00573	0.00454	0.00143	0.00619	0.00395	0.00384	0.00836
5	0.01566	0.01167	0.01274	0.01034	0.01366	0.01236	0.00833	0.43106	0.02170	0.02897	0.19227	0.02854	0.16923	0.00948	0.00616	0.00178	0.00480	0.00771	0.00577	0.00777
6	0.01940	0.01974	0.01847	0.01505	0.01897	0.30876	0.11087	0.26540	0.12434	0.02340	0.01291	0.01373	0.00978	0.00634	0.00566	0.00168	0.00805	0.00499	0.00428	0.00816
7	0.01033	0.02247	0.54503	0.01406	0.02020	0.01090	0.01679	0.01544	0.01192	0.01728	0.01642	0.18358	0.01585	0.00894	0.00603	0.00199	0.00710	0.06501	0.00326	0.00738
8	0.00803	0.00561	0.00718	0.00742	0.00778	0.00585	0.00489	0.00881	0.00905	0.01237	0.01968	0.17061	0.02198	0.43461	0.24511	0.00603	0.00802	0.00912	0.00368	0.00416
9	0.00971	0.00743	0.00883	0.00917	0.01046	0.00775	0.00656	0.07224	0.17072	0.01833	0.02833	0.56682	0.03121	0.01486	0.00686	0.00219	0.00382	0.01327	0.00545	0.00600
10	0.00803	0.00517	0.00616	0.00696	0.00775	0.00487	0.00482	0.00957	0.01148	0.01667	0.03057	0.48810	0.10851	0.01424	0.00627	0.00199	0.00308	0.01259	0.24829	0.00487
11	0.07883	0.02143	0.33715	0.01408	0.02023	0.01547	0.01489	0.38001	0.01929	0.02762	0.01182	0.01269	0.00840	0.00614	0.00544	0.00176	0.00707	0.00460	0.00415	0.00892
12	0.01784	0.01478	0.07176	0.01325	0.04302	0.01491	0.01088	0.29306	0.33552	0.09529	0.01826	0.01740	0.01323	0.00710	0.00574	0.00182	0.00559	0.00570	0.00554	0.00932

[dist]
# distance from previous block
# <min> <max>
0	3

[block]
# block no. 8 follows, 41 sequences, length 6
# corresponding to MSA columns:
# 445-450
name=unknown_I
#
# <colnr> <probs for GDERKNQSTAVLIFYWHMCP>
#	G	D	E	R	K	N	Q	S	T	A	V	L	I	F	Y	W	H	M	C	P
0	0.02097	0.01078	0.01313	0.01078	0.01471	0.01080	0.00867	0.02891	0.31882	0.46205	0.02286	0.02024	0.01551	0.00736	0.00578	0.00184	0.00473	0.00605	0.00656	0.00945
1	0.06226	0.16229	0.01613	0.01037	0.01451	0.01298	0.00874	0.02595	0.22040	0.37770	0.01922	0.01750	0.01336	0.00676	0.00526	0.00171	0.00499	0.00530	0.00566	0.00890
2	0.01825	0.01491	0.01642	0.01306	0.01713	0.10843	0.07961	0.27245	0.15836	0.10226	0.06082	0.01711	0.01384	0.00682	0.00571	0.00169	0.00625	0.00560	0.00511	0.07615
3	0.01291	0.01137	0.01500	0.12930	0.01928	0.01142	0.07929	0.08162	0.20675	0.02062	0.01794	0.01889	0.07235	0.00650	0.00545	0.00156	0.00541	0.00563	0.00421	0.27449
4	0.01954	0.01253	0.01469	0.01172	0.01531	0.01355	0.00958	0.34458	0.08052	0.21536	0.10889	0.01928	0.01676	0.00789	0.00711	0.00183	0.08017	0.00604	0.00584	0.00880
5	0.04652	0.06664	0.01942	0.15603	0.06741	0.08314	0.14077	0.14648	0.01602	0.08217	0.10494	0.01762	0.01447	0.00652	0.00576	0.00175	0.00688	0.00576	0.00409	0.00760

[dist]
# distance from previous block
# <min> <max>
5	23

[block]
# block no. 9 follows, 41 sequences, length 16
# corresponding to MSA columns:
# 475-490
name=unknown_J
#
# <colnr> <probs for GDERKNQSTAVLIFYWHMCP>
#	G	D	E	R	K	N	Q	S	T	A	V	L	I	F	Y	W	H	M	C	P
0	0.06730	0.03312	0.02594	0.04571	0.01409	0.00847	0.14418	0.01320	0.01221	0.01862	0.05257	0.16718	0.07623	0.00944	0.00570	0.00182	0.00480	0.04337	0.25022	0.00583
1	0.15238	0.28793	0.14975	0.01262	0.01751	0.01576	0.11530	0.04074	0.01251	0.01853	0.04644	0.01744	0.01196	0.00644	0.00499	0.00169	0.00650	0.07108	0.00324	0.00719
2	0.01499	0.08095	0.09787	0.01399	0.01897	0.17470	0.14582	0.05199	0.04960	0.01818	0.01078	0.01254	0.00855	0.00517	0.00512	0.00140	0.00723	0.00436	0.00325	0.27454
3	0.01231	0.04878	0.00941	0.00833	0.01000	0.14624	0.00623	0.04679	0.01313	0.01843	0.01967	0.23120	0.01913	0.00954	0.00518	0.00164	0.00456	0.00792	0.37583	0.00568
4	0.01142	0.00895	0.01233	0.01070	0.01293	0.00962	0.09551	0.06223	0.17309	0.01905	0.01817	0.05933	0.01583	0.08992	0.21226	0.00408	0.00780	0.00675	0.16359	0.00644
5	0.01543	0.36965	0.02531	0.13533	0.02162	0.10457	0.12924	0.07344	0.04445	0.01664	0.01006	0.01213	0.00821	0.00540	0.00491	0.00154	0.00735	0.00435	0.00298	0.00742
6	0.24070	0.15546	0.08014	0.00982	0.01327	0.01185	0.00913	0.01604	0.01198	0.09512	0.01760	0.09150	0.01712	0.00929	0.00544	0.00195	0.00527	0.19750	0.00421	0.00659
7	0.01748	0.18481	0.08219	0.01592	0.02094	0.14274	0.23230	0.11322	0.01549	0.10387	0.01177	0.01323	0.00882	0.00558	0.00548	0.00165	0.00794	0.00494	0.00361	0.00800
8	0.01146	0.00694	0.00637	0.00622	0.00775	0.04815	0.00468	0.01485	0.05569	0.02108	0.01839	0.02072	0.01442	0.00669	0.00417	0.00138	0.00319	0.00531	0.73691	0.00562
9	0.01679	0.01579	0.08982	0.01419	0.01864	0.13473	0.15690	0.02231	0.14288	0.18052	0.07245	0.01799	0.01448	0.00653	0.00580	0.00172	0.00677	0.00577	0.00456	0.07135
10	0.01258	0.02185	0.36712	0.02057	0.02757	0.01393	0.41559	0.01823	0.01285	0.01823	0.01098	0.01391	0.00803	0.00510	0.00615	0.00188	0.00910	0.00561	0.00268	0.00805
11	0.14418	0.00694	0.00720	0.00667	0.00874	0.00710	0.00518	0.01350	0.01116	0.02041	0.01542	0.01849	0.01253	0.01209	0.13013	0.00263	0.00520	0.00488	0.46803	0.09952
12	0.06048	0.01350	0.12045	0.02965	0.01636	0.01173	0.04489	0.25715	0.01700	0.05969	0.01928	0.20540	0.01862	0.01011	0.00623	0.00200	0.00579	0.08936	0.00484	0.00746
13	0.13465	0.07037	0.28014	0.01475	0.02058	0.05099	0.13153	0.09524	0.05036	0.08120	0.01192	0.01317	0.00865	0.00570	0.00532	0.00176	0.00730	0.00470	0.00357	0.00811
14	0.17579	0.21688	0.28078	0.01316	0.01900	0.04296	0.08195	0.01855	0.01212	0.07564	0.01025	0.01162	0.00773	0.00536	0.00476	0.00165	0.00699	0.00405	0.00306	0.00770
15	0.05026	0.03685	0.04746	0.13016	0.01731	0.10693	0.01002	0.01678	0.09967	0.06963	0.03538	0.22987	0.01850	0.00999	0.00740	0.00199	0.09293	0.00811	0.00418	0.00656

[dist]
# distance from previous block
# <min> <max>
46	136

[block]
# block no. 10 follows, 41 sequences, length 7
# corresponding to MSA columns:
# 657-663
name=unknown_K
#
# <colnr> <probs for GDERKNQSTAVLIFYWHMCP>
#	G	D	E	R	K	N	Q	S	T	A	V	L	I	F	Y	W	H	M	C	P
0	0.01167	0.00859	0.00997	0.00917	0.01115	0.00879	0.00692	0.23126	0.01713	0.02302	0.19074	0.32354	0.09928	0.01288	0.00665	0.00199	0.00404	0.01120	0.00565	0.00637
1	0.01002	0.00899	0.01487	0.01805	0.24797	0.00862	0.09136	0.01235	0.01244	0.01696	0.07587	0.34365	0.09182	0.01168	0.00664	0.00201	0.00504	0.01090	0.00433	0.00644
2	0.27415	0.01219	0.01184	0.01046	0.01390	0.01406	0.00829	0.08096	0.46360	0.02540	0.01773	0.01697	0.01333	0.00692	0.00510	0.00187	0.00463	0.00531	0.00510	0.00821
3	0.01186	0.01017	0.01186	0.00847	0.01356	0.00762	0.00678	0.01440	0.01186	0.01864	0.01017	0.01186	0.00847	0.00424	0.00424	0.00085	0.00424	0.00339	0.00339	0.83395
4	0.01147	0.02959	0.76934	0.01630	0.02476	0.01328	0.02113	0.01811	0.01208	0.01811	0.01026	0.01208	0.00725	0.00543	0.00543	0.00181	0.00845	0.00423	0.00242	0.00845
5	0.00770	0.00610	0.00711	0.00761	0.00931	0.00550	0.00621	0.00960	0.01309	0.01609	0.04734	0.05868	0.48191	0.01499	0.00720	0.00220	0.00381	0.28527	0.00529	0.00500
6	0.00841	0.00640	0.00799	0.00880	0.01010	0.00625	0.00692	0.01144	0.07608	0.01655	0.03606	0.28842	0.19066	0.01549	0.00729	0.00232	0.00408	0.28610	0.00534	0.00530

[dist]
# distance from previous block
# <min> <max>
0	1

[block]
# block no. 11 follows, 41 sequences, length 71
# corresponding to MSA columns:
# 665-707,712-739
name=unknown_L
#
# <colnr> <probs for GDERKNQSTAVLIFYWHMCP>
#	G	D	E	R	K	N	Q	S	T	A	V	L	I	F	Y	W	H	M	C	P
0	0.01675	0.01987	0.01375	0.01280	0.01507	0.50706	0.00969	0.01842	0.01375	0.01375	0.01111	0.01457	0.00979	0.01884	0.27492	0.00417	0.01207	0.00454	0.00299	0.00610
1	0.01416	0.01359	0.02322	0.03511	0.76330	0.01359	0.01755	0.01755	0.01302	0.01869	0.01076	0.01416	0.00906	0.00510	0.00566	0.00170	0.00680	0.00510	0.00283	0.00906
2	0.01905	0.01446	0.01549	0.01251	0.01659	0.01618	0.01013	0.45918	0.29668	0.05148	0.01753	0.01672	0.01272	0.00720	0.00576	0.00180	0.00560	0.00566	0.00580	0.00948
3	0.02174	0.01602	0.01717	0.01316	0.01774	0.01774	0.01087	0.74423	0.02689	0.03605	0.01373	0.01373	0.00973	0.00687	0.00572	0.00172	0.00629	0.00515	0.00572	0.00973
4	0.01416	0.01359	0.02322	0.03511	0.76330	0.01359	0.01755	0.01755	0.01302	0.01869	0.01076	0.01416	0.00906	0.00510	0.00566	0.00170	0.00680	0.00510	0.00283	0.00906
5	0.01218	0.02463	0.51203	0.01903	0.02655	0.01370	0.27348	0.01819	0.01257	0.01819	0.01072	0.01325	0.00775	0.00522	0.00589	0.00185	0.00887	0.00511	0.00258	0.00819
6	0.00683	0.00551	0.00609	0.00655	0.00793	0.00476	0.00468	0.00812	0.01231	0.01515	0.04870	0.31398	0.50801	0.01569	0.00695	0.00207	0.00304	0.01354	0.00531	0.00476
7	0.00817	0.00613	0.00919	0.00919	0.01021	0.00715	0.00715	0.01021	0.00919	0.01328	0.01532	0.02247	0.01430	0.04290	0.77631	0.00919	0.01532	0.00613	0.00306	0.00511
8	0.01416	0.01359	0.02322	0.03511	0.76330	0.01359	0.01755	0.01755	0.01302	0.01869	0.01076	0.01416	0.00906	0.00510	0.00566	0.00170	0.00680	0.00510	0.00283	0.00906
9	0.01892	0.52513	0.02413	0.00992	0.01465	0.01766	0.00930	0.02089	0.01328	0.27715	0.01306	0.01278	0.00973	0.00566	0.00440	0.00141	0.00568	0.00400	0.00407	0.00818
10	0.00736	0.00528	0.00699	0.00770	0.00838	0.00491	0.00534	0.00895	0.01278	0.01752	0.28645	0.53201	0.04348	0.01574	0.00711	0.00214	0.00310	0.01419	0.00565	0.00491
11	0.02566	0.00973	0.01327	0.01018	0.01460	0.00841	0.00841	0.02788	0.01637	0.76726	0.02257	0.01947	0.01416	0.00708	0.00575	0.00177	0.00487	0.00575	0.00708	0.00973
12	0.01416	0.01359	0.02322	0.03511	0.76330	0.01359	0.01755	0.01755	0.01302	0.01869	0.01076	0.01416	0.00906	0.00510	0.00566	0.00170	0.00680	0.00510	0.00283	0.00906
13	0.01268	0.02114	0.33060	0.02096	0.02782	0.01399	0.45141	0.01824	0.01293	0.01824	0.01104	0.01408	0.00810	0.00507	0.00622	0.00188	0.00916	0.00573	0.00270	0.00801
14	0.01021	0.00510	0.00666	0.00666	0.00716	0.00510	0.00461	0.00965	0.00915	0.01419	0.01320	0.01886	0.01170	0.01493	0.01549	0.52247	0.00411	0.00510	0.31210	0.00355
15	0.83938	0.01106	0.00841	0.00752	0.01106	0.01283	0.00619	0.01681	0.00973	0.02566	0.00796	0.00929	0.00619	0.00531	0.00354	0.00177	0.00442	0.00310	0.00354	0.00619
16	0.00676	0.00579	0.00579	0.00579	0.00773	0.00483	0.00435	0.00821	0.01304	0.01545	0.05794	0.05505	0.76098	0.01449	0.00676	0.00193	0.00290	0.01207	0.00531	0.00483
17	0.01423	0.01229	0.01293	0.01164	0.01487	0.01423	0.00905	0.03039	0.75297	0.02393	0.02328	0.02134	0.01746	0.00776	0.00582	0.00194	0.00453	0.00647	0.00582	0.00905
18	0.01066	0.00533	0.00533	0.00533	0.00666	0.00533	0.00400	0.01333	0.01200	0.02132	0.01866	0.02132	0.01466	0.00666	0.00400	0.00133	0.00267	0.00533	0.83073	0.00533
19	0.01416	0.01359	0.02322	0.03511	0.76330	0.01359	0.01755	0.01755	0.01302	0.01869	0.01076	0.01416	0.00906	0.00510	0.00566	0.00170	0.00680	0.00510	0.00283	0.00906
20	0.00922	0.00658	0.00922	0.01053	0.01185	0.00658	0.00922	0.01185	0.01317	0.01712	0.03029	0.06452	0.03292	0.01580	0.00790	0.00263	0.00527	0.72480	0.00527	0.00527
21	0.02174	0.01602	0.01717	0.01316	0.01774	0.01774	0.01087	0.74423	0.02689	0.03605	0.01373	0.01373	0.00973	0.00687	0.00572	0.00172	0.00629	0.00515	0.00572	0.00973
22	0.01377	0.49388	0.32515	0.01239	0.01870	0.01890	0.01432	0.01752	0.01180	0.01532	0.00888	0.01033	0.00730	0.00511	0.00437	0.00146	0.00705	0.00352	0.00243	0.00778
23	0.12436	0.01453	0.02135	0.01597	0.02076	0.01509	0.26594	0.30921	0.05297	0.08305	0.01334	0.01454	0.00960	0.00601	0.00581	0.00181	0.00703	0.00555	0.00456	0.00854
24	0.01066	0.00533	0.00533	0.00533	0.00666	0.00533	0.00400	0.01333	0.01200	0.02132	0.01866	0.02132	0.01466	0.00666	0.00400	0.00133	0.00267	0.00533	0.83073	0.00533
25	0.01080	0.01017	0.01716	0.78523	0.03940	0.01271	0.01589	0.01461	0.01144	0.01461	0.01017	0.01525	0.00762	0.00572	0.00572	0.00191	0.00762	0.00508	0.00254	0.00635
26	0.01066	0.00533	0.00533	0.00533	0.00666	0.00533	0.00400	0.01333	0.01200	0.02132	0.01866	0.02132	0.01466	0.00666	0.00400	0.00133	0.00267	0.00533	0.83073	0.00533
27	0.00843	0.00602	0.00831	0.00964	0.01061	0.00591	0.00785	0.01049	0.01239	0.01624	0.03072	0.32014	0.03464	0.01654	0.00769	0.00252	0.00459	0.47695	0.00528	0.00505
28	0.01379	0.49784	0.32136	0.01236	0.01865	0.01895	0.01426	0.01752	0.01180	0.01529	0.00886	0.01032	0.00730	0.00511	0.00437	0.00146	0.00704	0.00352	0.00243	0.00778
29	0.01066	0.00533	0.00533	0.00533	0.00666	0.00533	0.00400	0.01333	0.01200	0.02132	0.01866	0.02132	0.01466	0.00666	0.00400	0.00133	0.00267	0.00533	0.83073	0.00533
30	0.01350	0.01543	0.03375	0.02411	0.02989	0.01446	0.74253	0.01832	0.01350	0.01832	0.01157	0.01543	0.00868	0.00482	0.00675	0.00193	0.00964	0.00675	0.00289	0.00771
31	0.12139	0.01542	0.01610	0.01247	0.01692	0.01714	0.01030	0.65558	0.02480	0.03478	0.01303	0.01319	0.00930	0.00668	0.00546	0.00172	0.00607	0.00490	0.00546	0.00930
32	0.01240	0.01249	0.01732	0.28443	0.02369	0.05707	0.01361	0.01456	0.01010	0.01408	0.00851	0.01335	0.00754	0.00829	0.01347	0.00224	0.47305	0.00496	0.00254	0.00631
33	0.00817	0.00613	0.00919	0.00919	0.01021	0.00715	0.00715	0.01021	0.00919	0.01328	0.01532	0.02247	0.01430	0.04290	0.77631	0.00919	0.01532	0.00613	0.00306	0.00511
34	0.00832	0.00555	0.00624	0.00624	0.00624	0.00555	0.00347	0.00832	0.00832	0.01109	0.01802	0.03743	0.02080	0.79898	0.02911	0.00555	0.00555	0.00832	0.00347	0.00347
35	0.01529	0.80242	0.02997	0.00979	0.01468	0.02263	0.00979	0.01713	0.01162	0.01346	0.00795	0.00918	0.00734	0.00489	0.00367	0.00122	0.00612	0.00306	0.00245	0.00734
36	0.01066	0.00533	0.00533	0.00533	0.00666	0.00533	0.00400	0.01333	0.01200	0.02132	0.01866	0.02132	0.01466	0.00666	0.00400	0.00133	0.00267	0.00533	0.83073	0.00533
37	0.01300	0.33812	0.47417	0.01370	0.02073	0.01702	0.01660	0.01772	0.01189	0.01626	0.00934	0.01092	0.00728	0.00522	0.00473	0.00158	0.00752	0.00376	0.00243	0.00801
38	0.00819	0.00604	0.00875	0.00875	0.00961	0.00691	0.00659	0.00993	0.00906	0.01295	0.01573	0.02473	0.01528	0.15698	0.66357	0.00864	0.01385	0.00646	0.00312	0.00486
39	0.01500	0.74428	0.08560	0.01028	0.01544	0.02193	0.01064	0.01720	0.01166	0.01381	0.00813	0.00939	0.00733	0.00493	0.00380	0.00127	0.00629	0.00315	0.00244	0.00742
40	0.01438	0.46898	0.08692	0.01529	0.02076	0.01907	0.26696	0.01762	0.01231	0.01551	0.00939	0.01158	0.00780	0.00491	0.00488	0.00151	0.00753	0.00444	0.00260	0.00755
41	0.02137	0.02726	0.01621	0.01474	0.01768	0.77602	0.01105	0.02284	0.01621	0.01400	0.00884	0.01031	0.00737	0.00589	0.00516	0.00147	0.01031	0.00368	0.00295	0.00663
42	0.01159	0.05277	0.74717	0.01611	0.02445	0.01356	0.02079	0.01808	0.01206	0.01797	0.01020	0.01199	0.00725	0.00542	0.00538	0.00179	0.00838	0.00419	0.00242	0.00842
43	0.01561	0.01767	0.01706	0.01492	0.01595	0.28285	0.01200	0.01694	0.01137	0.01385	0.00797	0.01174	0.00746	0.00857	0.01401	0.00214	0.51629	0.00454	0.00266	0.00639
44	0.01276	0.02030	0.29063	0.02113	0.02769	0.01413	0.47040	0.01813	0.01287	0.01813	0.01100	0.01418	0.00815	0.00518	0.00662	0.00190	0.03033	0.00582	0.00272	0.00793
45	0.01416	0.01359	0.02322	0.03511	0.76330	0.01359	0.01755	0.01755	0.01302	0.01869	0.01076	0.01416	0.00906	0.00510	0.00566	0.00170	0.00680	0.00510	0.00283	0.00906
46	0.01423	0.01229	0.01293	0.01164	0.01487	0.01423	0.00905	0.03039	0.75297	0.02393	0.02328	0.02134	0.01746	0.00776	0.00582	0.00194	0.00453	0.00647	0.00582	0.00905
47	0.01529	0.80242	0.02997	0.00979	0.01468	0.02263	0.00979	0.01713	0.01162	0.01346	0.00795	0.00918	0.00734	0.00489	0.00367	0.00122	0.00612	0.00306	0.00245	0.00734
48	0.83938	0.01106	0.00841	0.00752	0.01106	0.01283	0.00619	0.01681	0.00973	0.02566	0.00796	0.00929	0.00619	0.00531	0.00354	0.00177	0.00442	0.00310	0.00354	0.00619
49	0.83938	0.01106	0.00841	0.00752	0.01106	0.01283	0.00619	0.01681	0.00973	0.02566	0.00796	0.00929	0.00619	0.00531	0.00354	0.00177	0.00442	0.00310	0.00354	0.00619
50	0.00697	0.00498	0.00664	0.00796	0.00830	0.00465	0.00531	0.00796	0.01095	0.01460	0.03153	0.79525	0.03783	0.01792	0.00730	0.00232	0.00332	0.01626	0.00531	0.00465
51	0.83938	0.01106	0.00841	0.00752	0.01106	0.01283	0.00619	0.01681	0.00973	0.02566	0.00796	0.00929	0.00619	0.00531	0.00354	0.00177	0.00442	0.00310	0.00354	0.00619
52	0.02566	0.00973	0.01327	0.01018	0.01460	0.00841	0.00841	0.02788	0.01637	0.76726	0.02257	0.01947	0.01416	0.00708	0.00575	0.00177	0.00487	0.00575	0.00708	0.00973
53	0.83938	0.01106	0.00841	0.00752	0.01106	0.01283	0.00619	0.01681	0.00973	0.02566	0.00796	0.00929	0.00619	0.00531	0.00354	0.00177	0.00442	0.00310	0.00354	0.00619
54	0.01423	0.01229	0.01293	0.01164	0.01487	0.01423	0.00905	0.03039	0.75297	0.02393	0.02328	0.02134	0.01746	0.00776	0.00582	0.00194	0.00453	0.00647	0.00582	0.00905
55	0.01186	0.01017	0.01186	0.00847	0.01356	0.00762	0.00678	0.01440	0.01186	0.01864	0.01017	0.01186	0.00847	0.00424	0.00424	0.00085	0.00424	0.00339	0.00339	0.83395
56	0.00922	0.00658	0.00922	0.01053	0.01185	0.00658	0.00922	0.01185	0.01317	0.01712	0.03029	0.06452	0.03292	0.01580	0.00790	0.00263	0.00527	0.72480	0.00527	0.00527
57	0.00832	0.00555	0.00624	0.00624	0.00624	0.00555	0.00347	0.00832	0.00832	0.01109	0.01802	0.03743	0.02080	0.79898	0.02911	0.00555	0.00555	0.00832	0.00347	0.00347
58	0.00677	0.00577	0.00582	0.00586	0.00774	0.00482	0.00437	0.00820	0.01298	0.01543	0.05716	0.07715	0.73939	0.01459	0.00678	0.00194	0.00291	0.01220	0.00531	0.00482
59	0.02132	0.01624	0.01690	0.01314	0.01758	0.04565	0.01078	0.67904	0.06560	0.03458	0.01407	0.01402	0.01006	0.00688	0.00571	0.00172	0.00635	0.00517	0.00562	0.00958
60	0.01147	0.02959	0.76934	0.01630	0.02476	0.01328	0.02113	0.01811	0.01208	0.01811	0.01026	0.01208	0.00725	0.00543	0.00543	0.00181	0.00845	0.00423	0.00242	0.00845
61	0.00875	0.00599	0.00785	0.00731	0.00877	0.00551	0.00551	0.01143	0.01620	0.05052	0.73294	0.04186	0.05249	0.01152	0.00671	0.00180	0.00278	0.01017	0.00633	0.00556
62	0.00914	0.00656	0.00911	0.01039	0.01173	0.00653	0.00907	0.01174	0.01316	0.01707	0.03113	0.06423	0.05507	0.01576	0.00787	0.00261	0.00519	0.70311	0.00527	0.00525
63	0.01251	0.01251	0.01752	0.01502	0.01502	0.01752	0.01251	0.01377	0.00876	0.01377	0.00751	0.01251	0.00751	0.01001	0.01877	0.00250	0.78851	0.00501	0.00250	0.00626
64	0.76035	0.01103	0.00886	0.00783	0.01141	0.01262	0.00643	0.01798	0.03768	0.06975	0.00940	0.01034	0.00709	0.00551	0.00376	0.00178	0.00445	0.00338	0.00384	0.00651
65	0.01935	0.01480	0.01618	0.05878	0.01836	0.01662	0.01075	0.53488	0.19473	0.03196	0.01574	0.01559	0.01140	0.00701	0.00574	0.00178	0.00596	0.00545	0.00556	0.00937
66	0.35029	0.01064	0.01156	0.00929	0.01338	0.01073	0.00767	0.06611	0.01435	0.42766	0.01621	0.01506	0.01072	0.00636	0.00487	0.00177	0.00478	0.00466	0.00559	0.00832
67	0.01044	0.00531	0.00541	0.00549	0.00676	0.00529	0.00408	0.01301	0.01193	0.02092	0.01943	0.06740	0.01604	0.00733	0.00420	0.00139	0.00270	0.00598	0.78159	0.00529
68	0.01784	0.01939	0.01720	0.01446	0.01810	0.35567	0.10329	0.05807	0.23126	0.03785	0.01406	0.01467	0.01083	0.00628	0.00554	0.00165	0.00785	0.00499	0.00404	0.05696
69	0.00677	0.00575	0.00584	0.00592	0.00776	0.00482	0.00440	0.00819	0.01291	0.01540	0.05637	0.09912	0.71792	0.01469	0.00679	0.00195	0.00292	0.01232	0.00531	0.00482
70	0.00726	0.00529	0.00695	0.00799	0.00861	0.00482	0.00540	0.00835	0.01101	0.01484	0.03025	0.74860	0.03608	0.01711	0.00712	0.00224	0.00337	0.01549	0.00520	0.05402

[dist]
# distance from previous block
# <min> <max>
0	22

# created by:
# /st0/software/busco_prod/Augustus/scripts/msa2prfl.pl ./align_prep/62645.fa
