[name]
unknown

[dist]
# distance from previous block
# <min> <max>
0	978

[block]
# block no. 0 follows, 51 sequences, length 28
# corresponding to MSA columns:
# 979-1006
name=unknown_A
#
# <colnr> <probs for GDERKNQSTAVLIFYWHMCP>
#	G	D	E	R	K	N	Q	S	T	A	V	L	I	F	Y	W	H	M	C	P
0	0.02201	0.00559	0.00696	0.00688	0.00813	0.00531	0.00510	0.04244	0.01164	0.09871	0.20086	0.27844	0.09772	0.08520	0.00751	0.00203	0.00325	0.07282	0.03460	0.00479
1	0.00800	0.00524	0.00659	0.00676	0.00775	0.00491	0.00479	0.04129	0.01125	0.07410	0.18074	0.44083	0.10390	0.07111	0.00732	0.00201	0.00306	0.01104	0.00475	0.00458
2	0.00798	0.00587	0.00763	0.00785	0.04119	0.00570	0.03486	0.06210	0.01085	0.01494	0.09000	0.29998	0.12482	0.15521	0.00898	0.00223	0.00355	0.00939	0.10235	0.00452
3	0.00871	0.00590	0.00722	0.00705	0.00850	0.00559	0.00515	0.01154	0.09782	0.07944	0.15648	0.34653	0.06841	0.04355	0.00634	0.00180	0.00311	0.02209	0.04079	0.07399
4	0.03570	0.04236	0.00948	0.00785	0.00996	0.03833	0.00602	0.09042	0.02385	0.23731	0.04849	0.21235	0.07468	0.11576	0.00785	0.00205	0.00410	0.02297	0.00463	0.00583
5	0.01134	0.00711	0.04138	0.00781	0.00963	0.03022	0.00616	0.01300	0.01169	0.23572	0.15404	0.34679	0.02664	0.03265	0.00621	0.00183	0.00363	0.04370	0.00492	0.00552
6	0.01000	0.00638	0.00780	0.03852	0.00946	0.00647	0.00541	0.01325	0.14921	0.12801	0.07444	0.21012	0.05125	0.23606	0.01121	0.02091	0.00388	0.00819	0.00434	0.00509
7	0.00727	0.00561	0.00688	0.00640	0.00792	0.00507	0.03691	0.02732	0.01144	0.03541	0.16793	0.07077	0.42603	0.12211	0.00843	0.00209	0.00323	0.04033	0.00445	0.00440
8	0.01175	0.06546	0.05758	0.16541	0.08942	0.06115	0.02570	0.09507	0.01115	0.01511	0.03311	0.01305	0.03234	0.00640	0.00830	0.00166	0.26110	0.00442	0.00270	0.03913
9	0.02631	0.06094	0.27779	0.04597	0.10721	0.06909	0.02715	0.14308	0.06319	0.04438	0.01178	0.01286	0.03818	0.00536	0.00488	0.00148	0.02028	0.00424	0.00310	0.03271
10	0.48403	0.01054	0.00999	0.00823	0.01161	0.01169	0.00677	0.22408	0.04326	0.13207	0.01043	0.01063	0.00747	0.00522	0.00389	0.00151	0.00429	0.00357	0.00405	0.00666
11	0.01385	0.06249	0.18781	0.01043	0.01431	0.01128	0.00997	0.28281	0.04616	0.10658	0.04463	0.11488	0.01374	0.02904	0.00556	0.00166	0.00514	0.02849	0.00416	0.00703
12	0.05773	0.00841	0.01123	0.00865	0.01242	0.00738	0.00714	0.02355	0.01382	0.76699	0.01885	0.01636	0.01187	0.00602	0.00486	0.00152	0.00417	0.00485	0.00595	0.00823
13	0.00606	0.00520	0.00522	0.00518	0.00688	0.00447	0.00389	0.00780	0.04170	0.01356	0.04861	0.04616	0.76403	0.01222	0.00578	0.00166	0.00254	0.01018	0.00458	0.00429
14	0.00854	0.00427	0.00640	0.00640	0.00640	0.00427	0.00427	0.00640	0.00640	0.00854	0.00854	0.01494	0.00854	0.01707	0.01921	0.85702	0.00427	0.00427	0.00213	0.00213
15	0.00916	0.00458	0.00458	0.00458	0.00573	0.00458	0.00344	0.01145	0.01031	0.01832	0.01603	0.01832	0.01260	0.00573	0.00344	0.00115	0.00229	0.00458	0.85457	0.00458
16	0.00702	0.00525	0.00781	0.00781	0.00865	0.00609	0.00603	0.00872	0.00787	0.01134	0.01325	0.01977	0.01249	0.06512	0.77983	0.00779	0.01286	0.00533	0.00264	0.00434
17	0.00928	0.00873	0.01474	0.81548	0.03385	0.01092	0.01365	0.01256	0.00983	0.01256	0.00873	0.01310	0.00655	0.00491	0.00491	0.00164	0.00655	0.00437	0.00218	0.00546
18	0.00916	0.00458	0.00458	0.00458	0.00573	0.00458	0.00344	0.01145	0.01031	0.01832	0.01603	0.01832	0.01260	0.00573	0.00344	0.00115	0.00229	0.00458	0.85457	0.00458
19	0.01429	0.01488	0.01206	0.01090	0.01359	0.27967	0.00836	0.02393	0.52755	0.01769	0.01583	0.01515	0.01209	0.00613	0.00481	0.00153	0.00556	0.00475	0.00417	0.00708
20	0.01868	0.01376	0.01475	0.01131	0.01524	0.01524	0.00934	0.78025	0.02311	0.03097	0.01180	0.01180	0.00836	0.00590	0.00492	0.00147	0.00541	0.00442	0.00492	0.00836
21	0.02173	0.00887	0.01172	0.00899	0.01280	0.00798	0.00742	0.09551	0.01492	0.72728	0.01867	0.01626	0.01180	0.00607	0.00494	0.00152	0.00430	0.00489	0.00597	0.00836
22	0.01222	0.01056	0.01111	0.01000	0.01278	0.01222	0.00778	0.02611	0.78776	0.02056	0.02000	0.01833	0.01500	0.00667	0.00500	0.00167	0.00389	0.00556	0.00500	0.00778
23	0.01019	0.00873	0.01019	0.00728	0.01165	0.00655	0.00582	0.01237	0.01019	0.01601	0.00873	0.01019	0.00728	0.00364	0.00364	0.00073	0.00364	0.00291	0.00291	0.85734
24	0.86201	0.00950	0.00722	0.00646	0.00950	0.01102	0.00532	0.01445	0.00836	0.02205	0.00684	0.00798	0.00532	0.00456	0.00304	0.00152	0.00380	0.00266	0.00304	0.00532
25	0.00916	0.00458	0.00458	0.00458	0.00573	0.00458	0.00344	0.01145	0.01031	0.01832	0.01603	0.01832	0.01260	0.00573	0.00344	0.00115	0.00229	0.00458	0.85457	0.00458
26	0.56374	0.00976	0.00900	0.00760	0.01085	0.01077	0.00623	0.09008	0.06136	0.17359	0.01060	0.01071	0.00756	0.00512	0.00372	0.00153	0.00403	0.00346	0.00394	0.00636
27	0.01056	0.25774	0.52473	0.01192	0.01784	0.01326	0.01444	0.01475	0.01020	0.01421	0.00943	0.06254	0.00796	0.00523	0.00433	0.00144	0.00639	0.00401	0.00224	0.00677

[dist]
# distance from previous block
# <min> <max>
0	1

[block]
# block no. 1 follows, 51 sequences, length 42
# corresponding to MSA columns:
# 1008-1049
name=unknown_B
#
# <colnr> <probs for GDERKNQSTAVLIFYWHMCP>
#	G	D	E	R	K	N	Q	S	T	A	V	L	I	F	Y	W	H	M	C	P
0	0.01322	0.23006	0.03347	0.04648	0.27081	0.16316	0.03240	0.01620	0.06292	0.01418	0.03050	0.01147	0.00852	0.00498	0.00489	0.00138	0.04220	0.00391	0.00259	0.00668
1	0.00715	0.00476	0.00536	0.00536	0.00536	0.00476	0.00298	0.00715	0.00715	0.00953	0.01548	0.03216	0.01787	0.82729	0.02501	0.00476	0.00476	0.00715	0.00298	0.00298
2	0.01837	0.02303	0.01396	0.01261	0.01519	0.77546	0.00949	0.05044	0.01430	0.01279	0.00777	0.00898	0.00641	0.00510	0.00445	0.00127	0.00872	0.00322	0.00263	0.00580
3	0.00854	0.00427	0.00640	0.00640	0.00640	0.00427	0.00427	0.00640	0.00640	0.00854	0.00854	0.01494	0.00854	0.01707	0.01921	0.85702	0.00427	0.00427	0.00213	0.00213
4	0.00940	0.00887	0.01488	0.77083	0.05192	0.01107	0.01359	0.01259	0.00979	0.01262	0.00867	0.01300	0.00658	0.00502	0.00527	0.00165	0.03219	0.00437	0.00219	0.00551
5	0.86201	0.00950	0.00722	0.00646	0.00950	0.01102	0.00532	0.01445	0.00836	0.02205	0.00684	0.00798	0.00532	0.00456	0.00304	0.00152	0.00380	0.00266	0.00304	0.00532
6	0.00581	0.00498	0.00498	0.00498	0.00664	0.00415	0.00373	0.00705	0.01120	0.01328	0.04978	0.04729	0.79464	0.01245	0.00581	0.00166	0.00249	0.01037	0.00456	0.00415
7	0.86201	0.00950	0.00722	0.00646	0.00950	0.01102	0.00532	0.01445	0.00836	0.02205	0.00684	0.00798	0.00532	0.00456	0.00304	0.00152	0.00380	0.00266	0.00304	0.00532
8	0.00708	0.00504	0.00677	0.00677	0.00726	0.00553	0.00474	0.00805	0.00757	0.01058	0.01419	0.02499	0.01476	0.38665	0.46140	0.00651	0.00945	0.00610	0.00279	0.00376
9	0.00599	0.00428	0.00570	0.00684	0.00713	0.00399	0.00456	0.00684	0.00941	0.01254	0.02709	0.82409	0.03250	0.01540	0.00627	0.00200	0.00285	0.01397	0.00456	0.00399
10	0.86201	0.00950	0.00722	0.00646	0.00950	0.01102	0.00532	0.01445	0.00836	0.02205	0.00684	0.00798	0.00532	0.00456	0.00304	0.00152	0.00380	0.00266	0.00304	0.00532
11	0.01064	0.21873	0.61542	0.01266	0.01919	0.01334	0.01582	0.01536	0.01028	0.01460	0.00834	0.00978	0.00624	0.00456	0.00430	0.00143	0.00678	0.00339	0.00208	0.00703
12	0.01148	0.01092	0.01892	0.03024	0.04274	0.01043	0.31800	0.01432	0.01059	0.05458	0.00944	0.01195	0.00748	0.00473	0.00645	0.00139	0.12359	0.00445	0.00276	0.30555
13	0.00916	0.00458	0.00458	0.00458	0.00573	0.00458	0.00344	0.01145	0.01031	0.01832	0.01603	0.01832	0.01260	0.00573	0.00344	0.00115	0.00229	0.00458	0.85457	0.00458
14	0.01090	0.00915	0.01057	0.00761	0.01194	0.00727	0.00612	0.07613	0.01126	0.01726	0.00899	0.01032	0.00737	0.00383	0.00375	0.00079	0.00379	0.00304	0.00308	0.78685
15	0.00986	0.02542	0.80183	0.01401	0.02127	0.01141	0.01816	0.01556	0.01038	0.01556	0.00882	0.01038	0.00623	0.00467	0.00467	0.00156	0.00726	0.00363	0.00208	0.00726
16	0.01364	0.38181	0.01854	0.00959	0.03460	0.07197	0.00818	0.13966	0.04939	0.01637	0.00884	0.00976	0.00733	0.00453	0.00378	0.00110	0.00511	0.00321	0.00293	0.20967
17	0.01455	0.43434	0.10347	0.01135	0.04618	0.28953	0.01008	0.01651	0.01143	0.01233	0.00740	0.00866	0.00637	0.00456	0.00382	0.00120	0.00673	0.00299	0.00226	0.00626
18	0.01314	0.83025	0.02575	0.00841	0.01261	0.01945	0.00841	0.01472	0.00999	0.01156	0.00683	0.00788	0.00631	0.00420	0.00315	0.00105	0.00526	0.00263	0.00210	0.00631
19	0.00624	0.00522	0.00546	0.00536	0.00700	0.00456	0.00403	0.00818	0.04459	0.01449	0.15370	0.04457	0.65575	0.01186	0.00577	0.00164	0.00252	0.00996	0.00470	0.00437
20	0.00916	0.00458	0.00458	0.00458	0.00573	0.00458	0.00344	0.01145	0.01031	0.01832	0.01603	0.01832	0.01260	0.00573	0.00344	0.00115	0.00229	0.00458	0.85457	0.00458
21	0.00702	0.00507	0.00666	0.00639	0.00754	0.00471	0.00487	0.00934	0.01373	0.01935	0.73947	0.03804	0.04508	0.01030	0.00587	0.00160	0.00248	0.06251	0.00535	0.00463
22	0.01216	0.01168	0.01995	0.03016	0.79664	0.01168	0.01508	0.01508	0.01119	0.01605	0.00924	0.01216	0.00778	0.00438	0.00487	0.00146	0.00584	0.00438	0.00243	0.00778
23	0.00675	0.00498	0.00631	0.00605	0.00723	0.00454	0.00451	0.00884	0.01331	0.01845	0.65227	0.07855	0.14865	0.01065	0.00582	0.00158	0.00237	0.00935	0.00525	0.00454
24	0.00848	0.00721	0.00758	0.00710	0.00916	0.00742	0.00543	0.01488	0.32193	0.01678	0.10691	0.03473	0.41353	0.00991	0.00548	0.00165	0.00303	0.00831	0.00482	0.00565
25	0.00986	0.02542	0.80183	0.01401	0.02127	0.01141	0.01816	0.01556	0.01038	0.01556	0.00882	0.01038	0.00623	0.00467	0.00467	0.00156	0.00726	0.00363	0.00208	0.00726
26	0.00972	0.00923	0.01575	0.69315	0.13500	0.01105	0.03117	0.01296	0.01005	0.01309	0.00883	0.01298	0.00674	0.00482	0.00493	0.00161	0.00650	0.00440	0.00222	0.00579
27	0.01046	0.00989	0.01652	0.49340	0.31530	0.01125	0.01395	0.01402	0.04072	0.01416	0.00936	0.01296	0.00734	0.00478	0.00490	0.00157	0.00618	0.00442	0.00239	0.00641
28	0.83669	0.00998	0.03083	0.00669	0.00985	0.01104	0.00570	0.01448	0.00842	0.02186	0.00690	0.00805	0.00535	0.00456	0.00309	0.00152	0.00390	0.00269	0.00301	0.00538
29	0.05967	0.00920	0.01116	0.00901	0.01241	0.00909	0.00730	0.08031	0.20067	0.47991	0.05474	0.01725	0.01383	0.00632	0.00490	0.00155	0.00410	0.00512	0.00555	0.00790
30	0.01114	0.01016	0.01647	0.13501	0.18577	0.01045	0.16971	0.12963	0.03441	0.01756	0.06526	0.06057	0.10359	0.00674	0.00536	0.00161	0.00554	0.02117	0.00344	0.00641
31	0.00988	0.02457	0.75677	0.03949	0.02178	0.01142	0.03791	0.01547	0.01039	0.01547	0.00885	0.01054	0.00627	0.00466	0.00471	0.00156	0.00727	0.00371	0.00209	0.00719
32	0.01123	0.00964	0.01019	0.00926	0.01180	0.01097	0.00716	0.02303	0.65999	0.01923	0.02313	0.02199	0.10436	0.02626	0.02770	0.00191	0.00400	0.00614	0.00484	0.00716
33	0.00609	0.00502	0.00556	0.00552	0.00702	0.00449	0.00417	0.00751	0.01096	0.01359	0.11273	0.04217	0.60995	0.01584	0.12467	0.00257	0.00406	0.00948	0.00436	0.00423
34	0.01128	0.00973	0.01021	0.00926	0.01187	0.01103	0.00718	0.02331	0.67335	0.01948	0.02439	0.02260	0.12987	0.00752	0.00512	0.00167	0.00368	0.00627	0.00494	0.00724
35	0.00928	0.00873	0.01474	0.81548	0.03385	0.01092	0.01365	0.01256	0.00983	0.01256	0.00873	0.01310	0.00655	0.00491	0.00491	0.00164	0.00655	0.00437	0.00218	0.00546
36	0.01260	0.69771	0.15355	0.00933	0.01404	0.01812	0.01001	0.01485	0.01005	0.01222	0.00716	0.00829	0.00629	0.00428	0.00340	0.00113	0.00559	0.00279	0.00210	0.00646
37	0.00916	0.00458	0.00458	0.00458	0.00573	0.00458	0.00344	0.01145	0.01031	0.01832	0.01603	0.01832	0.01260	0.00573	0.00344	0.00115	0.00229	0.00458	0.85457	0.00458
38	0.00609	0.00435	0.00578	0.00680	0.00712	0.00411	0.00455	0.00698	0.00940	0.01259	0.04731	0.74572	0.03167	0.04765	0.03263	0.00228	0.00324	0.01329	0.00446	0.00398
39	0.01867	0.01418	0.01471	0.01136	0.01524	0.04892	0.00935	0.74792	0.02272	0.03017	0.01162	0.01167	0.00827	0.00586	0.00490	0.00147	0.00555	0.00437	0.00481	0.00824
40	0.02026	0.01055	0.01267	0.00979	0.01359	0.01055	0.00806	0.31428	0.05652	0.46564	0.01651	0.01492	0.01085	0.00604	0.00493	0.00151	0.00464	0.00477	0.00558	0.00833
41	0.00599	0.00428	0.00570	0.00684	0.00713	0.00399	0.00456	0.00684	0.00941	0.01254	0.02709	0.82409	0.03250	0.01540	0.00627	0.00200	0.00285	0.01397	0.00456	0.00399

[dist]
# distance from previous block
# <min> <max>
0	1

[block]
# block no. 2 follows, 51 sequences, length 62
# corresponding to MSA columns:
# 1051-1112
name=unknown_C
#
# <colnr> <probs for GDERKNQSTAVLIFYWHMCP>
#	G	D	E	R	K	N	Q	S	T	A	V	L	I	F	Y	W	H	M	C	P
0	0.22306	0.01310	0.01189	0.00963	0.01313	0.13205	0.00776	0.30844	0.04306	0.07622	0.01040	0.01080	0.00768	0.00522	0.00424	0.00137	0.00519	0.00370	0.00394	0.10913
1	0.00705	0.00482	0.00566	0.00569	0.00587	0.00488	0.00343	0.00733	0.00745	0.00998	0.01679	0.05411	0.04593	0.67917	0.11775	0.00495	0.00563	0.00724	0.00304	0.00322
2	0.00928	0.00873	0.01474	0.81548	0.03385	0.01092	0.01365	0.01256	0.00983	0.01256	0.00873	0.01310	0.00655	0.00491	0.00491	0.00164	0.00655	0.00437	0.00218	0.00546
3	0.01330	0.01150	0.01348	0.03103	0.14615	0.01270	0.00962	0.02455	0.62699	0.02062	0.01893	0.01867	0.01459	0.00700	0.00548	0.00184	0.00469	0.00569	0.00487	0.00830
4	0.01314	0.83025	0.02575	0.00841	0.01261	0.01945	0.00841	0.01472	0.00999	0.01156	0.00683	0.00788	0.00631	0.00420	0.00315	0.00105	0.00526	0.00263	0.00210	0.00631
5	0.00592	0.00498	0.00514	0.00510	0.00671	0.00420	0.00382	0.00727	0.01147	0.01392	0.12381	0.04624	0.72022	0.01221	0.00581	0.00165	0.00247	0.01022	0.00465	0.00420
6	0.01019	0.00873	0.01019	0.00728	0.01165	0.00655	0.00582	0.01237	0.01019	0.01601	0.00873	0.01019	0.00728	0.00364	0.00364	0.00073	0.00364	0.00291	0.00291	0.85734
7	0.02205	0.00836	0.01140	0.00874	0.01254	0.00722	0.00722	0.02395	0.01407	0.80004	0.01939	0.01673	0.01216	0.00608	0.00494	0.00152	0.00418	0.00494	0.00608	0.00836
8	0.01314	0.83025	0.02575	0.00841	0.01261	0.01945	0.00841	0.01472	0.00999	0.01156	0.00683	0.00788	0.00631	0.00420	0.00315	0.00105	0.00526	0.00263	0.00210	0.00631
9	0.01207	0.01158	0.01978	0.05510	0.77242	0.01165	0.01504	0.01500	0.01115	0.01594	0.00923	0.01219	0.00775	0.00440	0.00487	0.00147	0.00586	0.00438	0.00242	0.00771
10	0.00702	0.00527	0.00790	0.00790	0.00878	0.00614	0.00614	0.00878	0.00790	0.01141	0.01316	0.01931	0.01229	0.03686	0.80782	0.00790	0.01316	0.00527	0.00263	0.00439
11	0.00986	0.02542	0.80183	0.01401	0.02127	0.01141	0.01816	0.01556	0.01038	0.01556	0.00882	0.01038	0.00623	0.00467	0.00467	0.00156	0.00726	0.00363	0.00208	0.00726
12	0.86201	0.00950	0.00722	0.00646	0.00950	0.01102	0.00532	0.01445	0.00836	0.02205	0.00684	0.00798	0.00532	0.00456	0.00304	0.00152	0.00380	0.00266	0.00304	0.00532
13	0.00916	0.00458	0.00458	0.00458	0.00573	0.00458	0.00344	0.01145	0.01031	0.01832	0.01603	0.01832	0.01260	0.00573	0.00344	0.00115	0.00229	0.00458	0.85457	0.00458
14	0.00916	0.00856	0.01439	0.77396	0.03256	0.01067	0.01326	0.01236	0.00973	0.01250	0.00896	0.01342	0.00685	0.00656	0.04619	0.00196	0.00689	0.00441	0.00221	0.00540
15	0.01098	0.03493	0.01127	0.00859	0.04175	0.02312	0.00659	0.01344	0.03202	0.04449	0.00963	0.01147	0.00800	0.00419	0.00413	0.00089	0.02363	0.01693	0.00305	0.69091
16	0.14085	0.00852	0.01081	0.00842	0.01211	0.00776	0.00695	0.02261	0.01326	0.69001	0.01761	0.01549	0.01120	0.00587	0.00467	0.00152	0.00413	0.00462	0.00565	0.00793
17	0.02054	0.00855	0.01126	0.00884	0.01246	0.00777	0.00723	0.02389	0.10695	0.68960	0.03619	0.01735	0.01324	0.00624	0.00497	0.00154	0.00411	0.00510	0.00594	0.00821
18	0.01132	0.01107	0.01676	0.05497	0.46234	0.06215	0.03801	0.01394	0.02323	0.01471	0.02509	0.06236	0.01026	0.00877	0.08305	0.00218	0.08534	0.00511	0.00265	0.00667
19	0.01300	0.80902	0.02529	0.00843	0.01255	0.01909	0.00840	0.01460	0.01002	0.01164	0.00733	0.00911	0.00687	0.00445	0.00325	0.00108	0.00524	0.02222	0.00216	0.00626
20	0.00817	0.00908	0.14015	0.00807	0.01053	0.00641	0.00738	0.01066	0.01158	0.03322	0.34115	0.12391	0.06233	0.01005	0.03139	0.01765	0.03452	0.02221	0.00414	0.10740
21	0.01205	0.01285	0.01651	0.32280	0.20503	0.17671	0.06002	0.01462	0.01088	0.01339	0.00886	0.02877	0.00738	0.00534	0.00596	0.00158	0.08439	0.00440	0.00238	0.00609
22	0.00599	0.00428	0.00570	0.00684	0.00713	0.00399	0.00456	0.00684	0.00941	0.01254	0.02709	0.82409	0.03250	0.01540	0.00627	0.00200	0.00285	0.01397	0.00456	0.00399
23	0.11520	0.00849	0.01094	0.00849	0.01221	0.00764	0.00701	0.02290	0.01343	0.71376	0.01800	0.01576	0.01141	0.00591	0.00473	0.00152	0.00414	0.00469	0.00575	0.00803
24	0.01301	0.04026	0.01507	0.01269	0.01355	0.24313	0.01032	0.01416	0.00944	0.01188	0.00679	0.01012	0.00641	0.00745	0.01235	0.00186	0.55983	0.00392	0.00226	0.00550
25	0.00702	0.00527	0.00790	0.00790	0.00878	0.00614	0.00614	0.00878	0.00790	0.01141	0.01316	0.01931	0.01229	0.03686	0.80782	0.00790	0.01316	0.00527	0.00263	0.00439
26	0.00696	0.00502	0.00657	0.00618	0.00734	0.00464	0.00464	0.00927	0.01391	0.01971	0.79405	0.03671	0.04637	0.01005	0.00580	0.00155	0.00232	0.00889	0.00541	0.00464
27	0.01809	0.02297	0.01397	0.01267	0.01511	0.77948	0.00954	0.01935	0.01370	0.01202	0.00756	0.00893	0.00633	0.00519	0.00485	0.00130	0.03755	0.00321	0.00252	0.00569
28	0.01292	0.01389	0.01405	0.01231	0.01345	0.21280	0.00990	0.01637	0.15090	0.01346	0.00920	0.01166	0.00797	0.00736	0.01118	0.00184	0.46782	0.00424	0.00276	0.00589
29	0.01523	0.01240	0.01278	0.01066	0.01393	0.04171	0.00851	0.35158	0.43010	0.02475	0.01602	0.01518	0.01182	0.00628	0.00494	0.00157	0.00472	0.00498	0.00488	0.00795
30	0.00592	0.00498	0.00513	0.00510	0.00671	0.00420	0.00382	0.00727	0.01146	0.01390	0.12208	0.04627	0.72196	0.01221	0.00581	0.00165	0.00247	0.01023	0.00465	0.00420
31	0.01186	0.01137	0.01941	0.11176	0.71738	0.01160	0.01493	0.01482	0.01105	0.01569	0.00919	0.01226	0.00766	0.00443	0.00487	0.00148	0.00591	0.00438	0.00241	0.00754
32	0.00992	0.02496	0.77236	0.01426	0.02144	0.01145	0.04716	0.01557	0.01042	0.01557	0.00886	0.01049	0.00627	0.00465	0.00471	0.00156	0.00730	0.00371	0.00209	0.00724
33	0.00879	0.03391	0.01133	0.00997	0.01037	0.01045	0.00794	0.00988	0.00874	0.01246	0.04648	0.26826	0.08067	0.01095	0.01141	0.00200	0.44041	0.00794	0.00322	0.00484
34	0.01377	0.73338	0.02433	0.00892	0.01292	0.11407	0.00854	0.01530	0.01046	0.01162	0.00692	0.00800	0.00631	0.00431	0.00331	0.00108	0.00569	0.00269	0.00215	0.00623
35	0.00696	0.00502	0.00657	0.00618	0.00734	0.00464	0.00464	0.00927	0.01391	0.01971	0.79405	0.03671	0.04637	0.01005	0.00580	0.00155	0.00232	0.00889	0.00541	0.00464
36	0.01151	0.01108	0.01848	0.15689	0.57273	0.01198	0.01430	0.01426	0.01050	0.01495	0.00881	0.01214	0.00741	0.00500	0.00629	0.00158	0.10827	0.00437	0.00236	0.00710
37	0.00928	0.00873	0.01474	0.81548	0.03385	0.01092	0.01365	0.01256	0.00983	0.01256	0.00873	0.01310	0.00655	0.00491	0.00491	0.00164	0.00655	0.00437	0.00218	0.00546
38	0.01385	0.65506	0.02300	0.00915	0.01301	0.13547	0.00853	0.01622	0.06361	0.01224	0.00784	0.00874	0.00690	0.00450	0.00347	0.00112	0.00570	0.00291	0.00236	0.00632
39	0.00819	0.00695	0.00999	0.00932	0.00988	0.00885	0.00741	0.00964	0.00774	0.01144	0.01119	0.01733	0.01076	0.07028	0.51913	0.00594	0.26377	0.00506	0.00250	0.00462
40	0.00713	0.00484	0.00576	0.00576	0.00590	0.00498	0.00347	0.00740	0.00726	0.00982	0.01512	0.03014	0.01699	0.70313	0.14797	0.00526	0.00608	0.00685	0.00292	0.00320
41	0.01378	0.28965	0.01686	0.00980	0.01319	0.09479	0.00834	0.12239	0.25292	0.01739	0.01208	0.01274	0.00969	0.00553	0.00459	0.00135	0.03059	0.01573	0.00352	0.06509
42	0.01514	0.35913	0.07590	0.01156	0.04566	0.10726	0.04101	0.25573	0.01470	0.01834	0.00884	0.00979	0.00705	0.00487	0.00414	0.00129	0.00600	0.00352	0.00306	0.00702
43	0.01094	0.00921	0.01000	0.00907	0.01145	0.01037	0.00701	0.02201	0.59918	0.02035	0.20863	0.02281	0.02265	0.00749	0.00519	0.00164	0.00351	0.00637	0.00510	0.00701
44	0.01179	0.01085	0.04464	0.01127	0.06404	0.01157	0.00858	0.04004	0.61682	0.01970	0.02010	0.02051	0.04444	0.00700	0.00510	0.00168	0.00417	0.04556	0.00467	0.00746
45	0.00722	0.00476	0.00555	0.00555	0.00560	0.00481	0.00321	0.00719	0.00714	0.00957	0.01496	0.03050	0.01704	0.73988	0.06492	0.05413	0.00517	0.00688	0.00291	0.00300
46	0.00916	0.00458	0.00458	0.00458	0.00573	0.00458	0.00344	0.01145	0.01031	0.01832	0.01603	0.01832	0.01260	0.00573	0.00344	0.00115	0.00229	0.00458	0.85457	0.00458
47	0.00714	0.00478	0.00545	0.00545	0.00548	0.00481	0.00309	0.00721	0.00717	0.00960	0.01540	0.03169	0.01766	0.79849	0.05354	0.00488	0.00507	0.00708	0.00297	0.00303
48	0.00916	0.00458	0.00458	0.00458	0.00573	0.00458	0.00344	0.01145	0.01031	0.01832	0.01603	0.01832	0.01260	0.00573	0.00344	0.00115	0.00229	0.00458	0.85457	0.00458
49	0.00715	0.00476	0.00536	0.00536	0.00536	0.00476	0.00298	0.00715	0.00715	0.00953	0.01548	0.03216	0.01787	0.82729	0.02501	0.00476	0.00476	0.00715	0.00298	0.00298
50	0.00599	0.00428	0.00570	0.00684	0.00713	0.00399	0.00456	0.00684	0.00941	0.01254	0.02709	0.82409	0.03250	0.01540	0.00627	0.00200	0.00285	0.01397	0.00456	0.00399
51	0.01314	0.83025	0.02575	0.00841	0.01261	0.01945	0.00841	0.01472	0.00999	0.01156	0.00683	0.00788	0.00631	0.00420	0.00315	0.00105	0.00526	0.00263	0.00210	0.00631
52	0.01075	0.01075	0.01505	0.01290	0.01290	0.01505	0.01075	0.01183	0.00753	0.01183	0.00645	0.01075	0.00645	0.00860	0.01613	0.00215	0.81830	0.00430	0.00215	0.00538
53	0.00928	0.00873	0.01474	0.81548	0.03385	0.01092	0.01365	0.01256	0.00983	0.01256	0.00873	0.01310	0.00655	0.00491	0.00491	0.00164	0.00655	0.00437	0.00218	0.00546
54	0.00916	0.00458	0.00458	0.00458	0.00573	0.00458	0.00344	0.01145	0.01031	0.01832	0.01603	0.01832	0.01260	0.00573	0.00344	0.00115	0.00229	0.00458	0.85457	0.00458
55	0.01836	0.02342	0.01393	0.01266	0.01519	0.80756	0.00950	0.01962	0.01393	0.01203	0.00760	0.00886	0.00633	0.00506	0.00443	0.00127	0.00886	0.00317	0.00253	0.00570
56	0.55637	0.03987	0.01053	0.00920	0.05870	0.02765	0.00703	0.17910	0.01204	0.04791	0.00847	0.00935	0.00640	0.00488	0.00365	0.00149	0.00443	0.00322	0.00346	0.00626
57	0.04505	0.00993	0.01224	0.00941	0.01322	0.00961	0.00777	0.23865	0.01647	0.55926	0.01687	0.01508	0.01089	0.00599	0.00488	0.00151	0.00452	0.00473	0.00566	0.00827
58	0.17246	0.01251	0.08005	0.01079	0.06158	0.02471	0.00877	0.28313	0.08590	0.02272	0.02861	0.01247	0.02331	0.00534	0.00436	0.00138	0.00479	0.00406	0.00381	0.14922
59	0.27208	0.00985	0.01104	0.10383	0.03676	0.01079	0.00794	0.11307	0.15434	0.19695	0.02830	0.01360	0.01002	0.00560	0.00438	0.00155	0.00445	0.00429	0.00424	0.00690
60	0.00827	0.02395	0.00756	0.00785	0.02303	0.05355	0.00554	0.02379	0.03364	0.04138	0.03743	0.47480	0.07886	0.07806	0.00747	0.00210	0.00372	0.08014	0.00431	0.00455
61	0.10984	0.01066	0.01557	0.03341	0.05103	0.01102	0.18786	0.20382	0.01391	0.09711	0.04145	0.08216	0.04334	0.00653	0.00559	0.00159	0.04422	0.00574	0.00385	0.03130

[dist]
# distance from previous block
# <min> <max>
16	40

# created by:
# /st0/software/busco_prod/Augustus/scripts/msa2prfl.pl ./align_prep/62712.fa
