[name]
unknown

[dist]
# distance from previous block
# <min> <max>
0	10

[block]
# block no. 0 follows, 44 sequences, length 36
# corresponding to MSA columns:
# 10-45
name=unknown_A
#
# <colnr> <probs for GDERKNQSTAVLIFYWHMCP>
#	G	D	E	R	K	N	Q	S	T	A	V	L	I	F	Y	W	H	M	C	P
0	0.01250	0.00882	0.01093	0.00960	0.01277	0.00803	0.00807	0.10081	0.01391	0.08789	0.01948	0.03396	0.01882	0.00936	0.00585	0.00172	0.00475	0.32247	0.00459	0.30565
1	0.01270	0.02014	0.34782	0.29444	0.02720	0.10350	0.01634	0.08347	0.01303	0.01716	0.00989	0.01254	0.00726	0.00545	0.00527	0.00171	0.00780	0.00434	0.00269	0.00725
2	0.01262	0.01970	0.28980	0.35373	0.02825	0.17311	0.01598	0.01675	0.01206	0.01500	0.00946	0.01247	0.00709	0.00539	0.00524	0.00170	0.00808	0.00428	0.00246	0.00683
3	0.01235	0.01178	0.02006	0.30639	0.51042	0.01265	0.01616	0.01573	0.01187	0.01642	0.01005	0.01387	0.00815	0.00507	0.00542	0.00169	0.00676	0.00485	0.00260	0.00771
4	0.00681	0.00498	0.00640	0.00722	0.00788	0.00457	0.00497	0.00809	0.01154	0.01539	0.16154	0.58424	0.12496	0.01567	0.00681	0.00208	0.00301	0.01405	0.00522	0.00457
5	0.00664	0.00474	0.00633	0.00759	0.00791	0.00443	0.00506	0.00759	0.01044	0.01392	0.03005	0.80485	0.03606	0.01708	0.00696	0.00221	0.00316	0.01550	0.00506	0.00443
6	0.00779	0.00584	0.00876	0.00876	0.00974	0.00681	0.00681	0.00974	0.00876	0.01266	0.01460	0.02142	0.01363	0.04089	0.78680	0.00876	0.01460	0.00584	0.00292	0.00487
7	0.02446	0.00928	0.01265	0.00970	0.01392	0.00801	0.00801	0.02657	0.01560	0.77817	0.02151	0.01856	0.01350	0.00675	0.00548	0.00169	0.00464	0.00548	0.00675	0.00928
8	0.00793	0.00529	0.00595	0.00595	0.00595	0.00529	0.00330	0.00793	0.00793	0.01057	0.01718	0.03568	0.01982	0.80840	0.02775	0.00529	0.00529	0.00793	0.00330	0.00330
9	0.01030	0.00969	0.01635	0.79530	0.03755	0.01211	0.01514	0.01393	0.01090	0.01393	0.00969	0.01453	0.00727	0.00545	0.00545	0.00182	0.00727	0.00484	0.00242	0.00606
10	0.84691	0.01054	0.00801	0.00717	0.01054	0.01223	0.00590	0.01603	0.00928	0.02446	0.00759	0.00886	0.00590	0.00506	0.00337	0.00169	0.00422	0.00295	0.00337	0.00590
11	0.00915	0.00485	0.00686	0.00686	0.00686	0.00485	0.00444	0.00727	0.00727	0.00970	0.01107	0.02054	0.01162	0.18286	0.02264	0.66777	0.00485	0.00540	0.00256	0.00256
12	0.00644	0.00552	0.00552	0.00552	0.00736	0.00460	0.00414	0.00782	0.01243	0.01473	0.05523	0.05247	0.77218	0.01381	0.00644	0.00184	0.00276	0.01151	0.00506	0.00460
13	0.02446	0.00928	0.01265	0.00970	0.01392	0.00801	0.00801	0.02657	0.01560	0.77817	0.02151	0.01856	0.01350	0.00675	0.00548	0.00169	0.00464	0.00548	0.00675	0.00928
14	0.00793	0.00529	0.00595	0.00595	0.00595	0.00529	0.00330	0.00793	0.00793	0.01057	0.01718	0.03568	0.01982	0.80840	0.02775	0.00529	0.00529	0.00793	0.00330	0.00330
15	0.00761	0.00557	0.00714	0.00675	0.00808	0.00510	0.00506	0.01008	0.01518	0.02127	0.71216	0.04170	0.11117	0.01137	0.00643	0.00173	0.00259	0.01000	0.00592	0.00510
16	0.02446	0.00928	0.01265	0.00970	0.01392	0.00801	0.00801	0.02657	0.01560	0.77817	0.02151	0.01856	0.01350	0.00675	0.00548	0.00169	0.00464	0.00548	0.00675	0.00928
17	0.00787	0.00526	0.00596	0.00603	0.00604	0.00524	0.00339	0.00791	0.00805	0.01073	0.01780	0.07276	0.02060	0.77025	0.02675	0.00514	0.00518	0.00829	0.00339	0.00336
18	0.00830	0.00612	0.00811	0.00910	0.01048	0.00593	0.00782	0.01057	0.01252	0.01599	0.03434	0.05962	0.18520	0.01480	0.00730	0.00237	0.00455	0.58691	0.00503	0.00493
19	0.01458	0.81168	0.02857	0.00933	0.01399	0.02157	0.00933	0.01632	0.01108	0.01283	0.00758	0.00875	0.00700	0.00466	0.00350	0.00117	0.00583	0.00292	0.00233	0.00700
20	0.00673	0.00488	0.00620	0.00721	0.00768	0.00452	0.00481	0.00765	0.01046	0.01373	0.03193	0.65297	0.12095	0.08227	0.00862	0.00242	0.00329	0.01440	0.00492	0.00436
21	0.75057	0.01039	0.00856	0.00747	0.01094	0.01174	0.00615	0.01726	0.01002	0.11276	0.00922	0.00999	0.00679	0.00526	0.00362	0.00169	0.00427	0.00325	0.00377	0.00630
22	0.01356	0.01171	0.01233	0.01109	0.01418	0.01356	0.00863	0.02897	0.76455	0.02281	0.02219	0.02034	0.01664	0.00740	0.00555	0.00185	0.00431	0.00616	0.00555	0.00863
23	0.02446	0.00928	0.01265	0.00970	0.01392	0.00801	0.00801	0.02657	0.01560	0.77817	0.02151	0.01856	0.01350	0.00675	0.00548	0.00169	0.00464	0.00548	0.00675	0.00928
24	0.00753	0.00521	0.00607	0.00631	0.00661	0.00504	0.00385	0.00799	0.00928	0.01230	0.06919	0.19709	0.08747	0.52943	0.02036	0.00414	0.00447	0.00991	0.00398	0.00376
25	0.01030	0.00969	0.01635	0.79530	0.03755	0.01211	0.01514	0.01393	0.01090	0.01393	0.00969	0.01453	0.00727	0.00545	0.00545	0.00182	0.00727	0.00484	0.00242	0.00606
26	0.01816	0.01509	0.01351	0.01110	0.01441	0.17392	0.00885	0.42858	0.02017	0.02669	0.01323	0.01412	0.00991	0.00631	0.00496	0.00150	0.00598	0.00466	0.20117	0.00767
27	0.00779	0.00584	0.00876	0.00876	0.00974	0.00681	0.00681	0.00974	0.00876	0.01266	0.01460	0.02142	0.01363	0.04089	0.78680	0.00876	0.01460	0.00584	0.00292	0.00487
28	0.00671	0.00553	0.00589	0.00580	0.00753	0.00471	0.00435	0.00834	0.01305	0.01621	0.20396	0.05003	0.62253	0.01325	0.00644	0.00181	0.00272	0.01116	0.00526	0.00471
29	0.01093	0.02820	0.78016	0.01554	0.02360	0.01266	0.02014	0.01727	0.01151	0.01727	0.00978	0.01151	0.00691	0.00518	0.00518	0.00173	0.00806	0.00403	0.00230	0.00806
30	0.01040	0.00979	0.01653	0.77150	0.06057	0.01214	0.01519	0.01402	0.01095	0.01405	0.00971	0.01450	0.00731	0.00543	0.00545	0.00181	0.00724	0.00485	0.00243	0.00614
31	0.01030	0.00969	0.01635	0.79530	0.03755	0.01211	0.01514	0.01393	0.01090	0.01393	0.00969	0.01453	0.00727	0.00545	0.00545	0.00182	0.00727	0.00484	0.00242	0.00606
32	0.02072	0.01527	0.01636	0.01254	0.01691	0.01691	0.01036	0.75622	0.02563	0.03436	0.01309	0.01309	0.00927	0.00654	0.00545	0.00164	0.00600	0.00491	0.00545	0.00927
33	0.00793	0.00529	0.00595	0.00595	0.00595	0.00529	0.00330	0.00793	0.00793	0.01057	0.01718	0.03568	0.01982	0.80840	0.02775	0.00529	0.00529	0.00793	0.00330	0.00330
34	0.00713	0.00509	0.00689	0.00815	0.00868	0.00485	0.00591	0.00844	0.01092	0.01446	0.02978	0.63547	0.03499	0.01662	0.00709	0.00228	0.00359	0.18005	0.00505	0.00456
35	0.60966	0.07476	0.01137	0.00846	0.01214	0.01394	0.00710	0.16974	0.01282	0.02560	0.00873	0.00973	0.00669	0.00534	0.00382	0.00164	0.00471	0.00336	0.00372	0.00669

[dist]
# distance from previous block
# <min> <max>
1	5

[block]
# block no. 1 follows, 44 sequences, length 39
# corresponding to MSA columns:
# 51-89
name=unknown_B
#
# <colnr> <probs for GDERKNQSTAVLIFYWHMCP>
#	G	D	E	R	K	N	Q	S	T	A	V	L	I	F	Y	W	H	M	C	P
0	0.01832	0.01311	0.01440	0.01172	0.01550	0.01441	0.00958	0.44502	0.21361	0.09867	0.01741	0.01916	0.01325	0.00743	0.00564	0.00176	0.00537	0.06130	0.00556	0.00878
1	0.01370	0.62380	0.20881	0.01082	0.01630	0.01943	0.01192	0.01655	0.01118	0.01389	0.00811	0.00941	0.00697	0.00479	0.00390	0.00130	0.00636	0.00318	0.00232	0.00725
2	0.01294	0.00992	0.01102	0.00986	0.01258	0.01091	0.00766	0.02390	0.50859	0.08567	0.19969	0.02570	0.04111	0.00837	0.00577	0.00180	0.00390	0.00710	0.00574	0.00777
3	0.01302	0.01429	0.02980	0.02545	0.20452	0.01359	0.58046	0.01729	0.01276	0.01755	0.01085	0.01442	0.00836	0.00466	0.00619	0.00179	0.00855	0.00606	0.00274	0.00766
4	0.00762	0.00518	0.00614	0.00644	0.00655	0.00514	0.00385	0.00792	0.00855	0.01144	0.02012	0.21666	0.02342	0.59290	0.05128	0.00469	0.00513	0.00964	0.00370	0.00363
5	0.00657	0.00549	0.00574	0.00591	0.00759	0.00466	0.00443	0.00796	0.01225	0.01472	0.05174	0.12174	0.67163	0.01416	0.00654	0.00191	0.00290	0.04439	0.00506	0.00461
6	0.01154	0.02735	0.74578	0.01528	0.02316	0.01245	0.01960	0.01768	0.01169	0.05134	0.01031	0.01183	0.00720	0.00525	0.00519	0.00172	0.00790	0.00409	0.00250	0.00811
7	0.65282	0.01024	0.00911	0.00777	0.01134	0.01123	0.00640	0.01851	0.01077	0.20233	0.01088	0.01115	0.00770	0.00546	0.00387	0.00169	0.00432	0.00355	0.00417	0.00670
8	0.01458	0.81168	0.02857	0.00933	0.01399	0.02157	0.00933	0.01632	0.01108	0.01283	0.00758	0.00875	0.00700	0.00466	0.00350	0.00117	0.00583	0.00292	0.00233	0.00700
9	0.00782	0.00573	0.00820	0.00820	0.00898	0.00651	0.00612	0.00938	0.00860	0.01224	0.01511	0.02425	0.01486	0.19337	0.63599	0.00807	0.01275	0.00626	0.00300	0.00456
10	0.01356	0.01171	0.01233	0.01109	0.01418	0.01356	0.00863	0.02897	0.76455	0.02281	0.02219	0.02034	0.01664	0.00740	0.00555	0.00185	0.00431	0.00616	0.00555	0.00863
11	0.00666	0.00553	0.00582	0.00575	0.00750	0.00469	0.00431	0.00824	0.01293	0.01593	0.17610	0.05049	0.65056	0.01336	0.00644	0.00182	0.00273	0.01123	0.00522	0.00469
12	0.01963	0.01371	0.01479	0.01148	0.01546	0.01499	0.00944	0.62697	0.02337	0.07174	0.01411	0.01426	0.01007	0.00653	0.00525	0.00159	0.00550	0.00496	0.10737	0.00876
13	0.01030	0.00969	0.01635	0.79530	0.03755	0.01211	0.01514	0.01393	0.01090	0.01393	0.00969	0.01453	0.00727	0.00545	0.00545	0.00182	0.00727	0.00484	0.00242	0.00606
14	0.00667	0.00553	0.00583	0.00576	0.00750	0.00470	0.00432	0.00826	0.01296	0.01599	0.18191	0.05039	0.64472	0.01334	0.00644	0.00182	0.00273	0.01121	0.00523	0.00470
15	0.00704	0.00552	0.00647	0.00706	0.00841	0.00496	0.00545	0.00859	0.01200	0.01492	0.04330	0.22518	0.43046	0.01484	0.00682	0.00208	0.00339	0.18379	0.00505	0.00466
16	0.84691	0.01054	0.00801	0.00717	0.01054	0.01223	0.00590	0.01603	0.00928	0.02446	0.00759	0.00886	0.00590	0.00506	0.00337	0.00169	0.00422	0.00295	0.00337	0.00590
17	0.00788	0.00598	0.00752	0.00830	0.00978	0.00563	0.00699	0.00995	0.01250	0.01570	0.03905	0.05801	0.31754	0.01458	0.00711	0.00225	0.00415	0.45718	0.00504	0.00486
18	0.00779	0.00584	0.00876	0.00876	0.00974	0.00681	0.00681	0.00974	0.00876	0.01266	0.01460	0.02142	0.01363	0.04089	0.78680	0.00876	0.01460	0.00584	0.00292	0.00487
19	0.01266	0.00749	0.00774	0.00684	0.00884	0.00787	0.00536	0.18817	0.01478	0.02364	0.01668	0.01862	0.01286	0.00640	0.00420	0.00136	0.00336	0.00504	0.64204	0.00607
20	0.00662	0.00514	0.00603	0.00662	0.00768	0.00455	0.00466	0.00786	0.01163	0.01476	0.08620	0.42230	0.36600	0.01526	0.00670	0.00202	0.00295	0.01337	0.00512	0.00455
21	0.00664	0.00474	0.00633	0.00759	0.00791	0.00443	0.00506	0.00759	0.01044	0.01392	0.03005	0.80485	0.03606	0.01708	0.00696	0.00221	0.00316	0.01550	0.00506	0.00443
22	0.01349	0.01295	0.02213	0.03346	0.77440	0.01295	0.01673	0.01673	0.01241	0.01781	0.01025	0.01349	0.00864	0.00486	0.00540	0.00162	0.00648	0.00486	0.00270	0.00864
23	0.02446	0.00928	0.01265	0.00970	0.01392	0.00801	0.00801	0.02657	0.01560	0.77817	0.02151	0.01856	0.01350	0.00675	0.00548	0.00169	0.00464	0.00548	0.00675	0.00928
24	0.00682	0.00543	0.00605	0.00623	0.00765	0.00475	0.00457	0.00829	0.01238	0.01555	0.15632	0.16577	0.48942	0.04954	0.00752	0.00206	0.00299	0.03892	0.00512	0.00461
25	0.02189	0.00985	0.01258	0.01003	0.01398	0.00932	0.00816	0.02714	0.19235	0.59991	0.02167	0.01898	0.01424	0.00690	0.00550	0.00173	0.00456	0.00564	0.00646	0.00912
26	0.00664	0.00474	0.00633	0.00759	0.00791	0.00443	0.00506	0.00759	0.01044	0.01392	0.03005	0.80485	0.03606	0.01708	0.00696	0.00221	0.00316	0.01550	0.00506	0.00443
27	0.00742	0.00556	0.00687	0.00654	0.00796	0.00502	0.00491	0.00971	0.01472	0.02018	0.60248	0.04349	0.22153	0.01177	0.00643	0.00174	0.00262	0.01025	0.00578	0.00502
28	0.01215	0.01258	0.02035	0.01636	0.01766	0.01601	0.18719	0.01415	0.00942	0.01415	0.00807	0.01258	0.00742	0.00837	0.01519	0.00226	0.61217	0.00516	0.00247	0.00629
29	0.01096	0.00665	0.00679	0.00650	0.00820	0.00708	0.00495	0.01654	0.18916	0.02091	0.01882	0.02033	0.01460	0.00660	0.00422	0.00141	0.00296	0.00534	0.64206	0.00592
30	0.01356	0.01171	0.01233	0.01109	0.01418	0.01356	0.00863	0.02897	0.76455	0.02281	0.02219	0.02034	0.01664	0.00740	0.00555	0.00185	0.00431	0.00616	0.00555	0.00863
31	0.00664	0.00474	0.00633	0.00759	0.00791	0.00443	0.00506	0.00759	0.01044	0.01392	0.03005	0.80485	0.03606	0.01708	0.00696	0.00221	0.00316	0.01550	0.00506	0.00443
32	0.00779	0.00584	0.00876	0.00876	0.00974	0.00681	0.00681	0.00974	0.00876	0.01266	0.01460	0.02142	0.01363	0.04089	0.78680	0.00876	0.01460	0.00584	0.00292	0.00487
33	0.00644	0.00552	0.00552	0.00552	0.00736	0.00460	0.00414	0.00782	0.01243	0.01473	0.05523	0.05247	0.77218	0.01381	0.00644	0.00184	0.00276	0.01151	0.00506	0.00460
34	0.01193	0.01193	0.01670	0.01431	0.01431	0.01670	0.01193	0.01312	0.00835	0.01312	0.00716	0.01193	0.00716	0.00954	0.01789	0.00239	0.79843	0.00477	0.00239	0.00596
35	0.00863	0.10428	0.01086	0.00851	0.00982	0.00844	0.00672	0.01034	0.00895	0.01244	0.01404	0.02149	0.01352	0.12377	0.60470	0.00744	0.01247	0.00572	0.00289	0.00495
36	0.01231	0.01174	0.01998	0.31626	0.50088	0.01264	0.01614	0.01569	0.01185	0.01637	0.01005	0.01388	0.00813	0.00508	0.00542	0.00169	0.00677	0.00485	0.00260	0.00768
37	0.01520	0.00957	0.01170	0.00856	0.01321	0.00749	0.00692	0.01752	0.01258	0.24263	0.01318	0.01345	0.00968	0.00484	0.00446	0.00107	0.00422	0.00390	0.00427	0.59556
38	0.00797	0.00551	0.00695	0.00659	0.00790	0.00512	0.00494	0.01049	0.01483	0.02140	0.65147	0.03869	0.07495	0.01066	0.00611	0.00167	0.00258	0.00934	0.10775	0.00512

[dist]
# distance from previous block
# <min> <max>
0	43

[block]
# block no. 2 follows, 44 sequences, length 58
# corresponding to MSA columns:
# 133-190
name=unknown_C
#
# <colnr> <probs for GDERKNQSTAVLIFYWHMCP>
#	G	D	E	R	K	N	Q	S	T	A	V	L	I	F	Y	W	H	M	C	P
0	0.00772	0.00557	0.00729	0.00686	0.00814	0.00514	0.00514	0.01029	0.01543	0.02186	0.77152	0.04072	0.05144	0.01115	0.00643	0.00171	0.00257	0.00986	0.00600	0.00514
1	0.01879	0.01339	0.01481	0.01173	0.01555	0.01463	0.00966	0.59323	0.02285	0.06955	0.05570	0.01808	0.01328	0.00926	0.05060	0.00210	0.00618	0.04665	0.00538	0.00855
2	0.00983	0.00747	0.00956	0.01027	0.01193	0.00788	0.00875	0.01518	0.17773	0.01774	0.02740	0.05246	0.02814	0.01338	0.00709	0.00236	0.00487	0.57702	0.00514	0.00581
3	0.84691	0.01054	0.00801	0.00717	0.01054	0.01223	0.00590	0.01603	0.00928	0.02446	0.00759	0.00886	0.00590	0.00506	0.00337	0.00169	0.00422	0.00295	0.00337	0.00590
4	0.66429	0.01047	0.00862	0.00754	0.01079	0.01197	0.00617	0.09769	0.01132	0.02511	0.00931	0.01057	0.00716	0.00537	0.00365	0.00164	0.00423	0.00340	0.09452	0.00619
5	0.00958	0.00512	0.00547	0.00568	0.00677	0.00509	0.00419	0.01181	0.01119	0.01886	0.01967	0.10638	0.01763	0.05415	0.00573	0.00167	0.00290	0.04773	0.65546	0.00491
6	0.07937	0.01393	0.01492	0.01188	0.01582	0.01539	0.00986	0.61994	0.02300	0.03164	0.01444	0.01815	0.01148	0.00738	0.00553	0.00174	0.00576	0.08597	0.00525	0.00856
7	0.00670	0.00479	0.00639	0.00766	0.00800	0.00448	0.00516	0.00769	0.01049	0.01398	0.03002	0.78474	0.03593	0.01703	0.00697	0.00222	0.00321	0.03503	0.00506	0.00444
8	0.02084	0.00850	0.01156	0.00926	0.01283	0.00745	0.00759	0.02305	0.01540	0.61173	0.14350	0.02462	0.02068	0.00794	0.00575	0.00174	0.00433	0.04834	0.00653	0.00836
9	0.00675	0.00509	0.00625	0.00691	0.00779	0.00459	0.00482	0.00807	0.01176	0.01537	0.15198	0.47832	0.24200	0.01525	0.00673	0.00203	0.00296	0.01352	0.00521	0.00459
10	0.01431	0.01329	0.01267	0.01142	0.01447	0.09922	0.00884	0.02817	0.68153	0.02176	0.02066	0.01918	0.01558	0.00720	0.00548	0.00180	0.00493	0.00587	0.00524	0.00837
11	0.00869	0.00621	0.00868	0.00994	0.01115	0.00620	0.00863	0.01114	0.01246	0.01621	0.02892	0.09334	0.03158	0.01515	0.00751	0.00250	0.00494	0.70677	0.00502	0.00499
12	0.00735	0.00561	0.00677	0.00663	0.00811	0.00504	0.00507	0.00949	0.01414	0.01889	0.45902	0.04651	0.30667	0.01240	0.00652	0.00182	0.00283	0.06661	0.00559	0.00494
13	0.00735	0.00504	0.00612	0.00668	0.00683	0.00490	0.00409	0.00778	0.00905	0.01207	0.02295	0.38041	0.02710	0.45374	0.01843	0.00391	0.00433	0.01132	0.00409	0.00381
14	0.00924	0.00683	0.00930	0.00887	0.01012	0.00777	0.00683	0.09226	0.01054	0.01483	0.01472	0.02205	0.01382	0.12062	0.61760	0.00759	0.01264	0.00596	0.00324	0.00519
15	0.01419	0.00727	0.00903	0.00800	0.01048	0.00657	0.00620	0.01659	0.05646	0.31493	0.04803	0.13119	0.23571	0.06875	0.00767	0.00210	0.00392	0.04067	0.00564	0.00658
16	0.01504	0.01245	0.01316	0.01139	0.01474	0.01425	0.00899	0.17902	0.61209	0.02519	0.02031	0.01884	0.01512	0.00722	0.00553	0.00181	0.00466	0.00590	0.00553	0.00876
17	0.01093	0.02820	0.78016	0.01554	0.02360	0.01266	0.02014	0.01727	0.01151	0.01727	0.00978	0.01151	0.00691	0.00518	0.00518	0.00173	0.00806	0.00403	0.00230	0.00806
18	0.02218	0.00897	0.01179	0.00928	0.01310	0.00804	0.00759	0.02519	0.06294	0.64598	0.02114	0.01887	0.01375	0.00675	0.00530	0.00165	0.00439	0.00548	0.09886	0.00877
19	0.00664	0.00474	0.00633	0.00759	0.00791	0.00443	0.00506	0.00759	0.01044	0.01392	0.03005	0.80485	0.03606	0.01708	0.00696	0.00221	0.00316	0.01550	0.00506	0.00443
20	0.00779	0.00584	0.00876	0.00876	0.00974	0.00681	0.00681	0.00974	0.00876	0.01266	0.01460	0.02142	0.01363	0.04089	0.78680	0.00876	0.01460	0.00584	0.00292	0.00487
21	0.00792	0.00531	0.00607	0.00607	0.00611	0.00535	0.00346	0.00801	0.00796	0.01066	0.01707	0.03506	0.01955	0.77516	0.06062	0.00544	0.00569	0.00784	0.00329	0.00337
22	0.01030	0.00969	0.01635	0.79530	0.03755	0.01211	0.01514	0.01393	0.01090	0.01393	0.00969	0.01453	0.00727	0.00545	0.00545	0.00182	0.00727	0.00484	0.00242	0.00606
23	0.02072	0.01527	0.01636	0.01254	0.01691	0.01691	0.01036	0.75622	0.02563	0.03436	0.01309	0.01309	0.00927	0.00654	0.00545	0.00164	0.00600	0.00491	0.00545	0.00927
24	0.01829	0.01385	0.01476	0.01182	0.01570	0.01547	0.00960	0.52327	0.22935	0.03056	0.01581	0.01540	0.01151	0.00677	0.00541	0.00168	0.00539	0.00526	0.04117	0.00891
25	0.01373	0.01180	0.01242	0.01113	0.01424	0.01364	0.00867	0.04645	0.74679	0.02308	0.02197	0.02017	0.01646	0.00738	0.00555	0.00184	0.00436	0.00613	0.00555	0.00864
26	0.00732	0.00514	0.00628	0.00706	0.00786	0.00480	0.00503	0.00863	0.01099	0.01480	0.03265	0.43167	0.17831	0.07248	0.00809	0.00229	0.00338	0.09305	0.09566	0.00452
27	0.02022	0.02518	0.01542	0.01391	0.01679	0.73502	0.01048	0.05375	0.03350	0.01448	0.00895	0.01022	0.00735	0.00570	0.00495	0.00142	0.00954	0.00363	0.00299	0.00650
28	0.00793	0.00529	0.00595	0.00595	0.00595	0.00529	0.00330	0.00793	0.00793	0.01057	0.01718	0.03568	0.01982	0.80840	0.02775	0.00529	0.00529	0.00793	0.00330	0.00330
29	0.00779	0.00584	0.00876	0.00876	0.00974	0.00681	0.00681	0.00974	0.00876	0.01266	0.01460	0.02142	0.01363	0.04089	0.78680	0.00876	0.01460	0.00584	0.00292	0.00487
30	0.00772	0.00557	0.00729	0.00686	0.00814	0.00514	0.00514	0.01029	0.01543	0.02186	0.77152	0.04072	0.05144	0.01115	0.00643	0.00171	0.00257	0.00986	0.00600	0.00514
31	0.00724	0.00598	0.00640	0.00622	0.00803	0.00537	0.00469	0.00990	0.06768	0.01688	0.21017	0.04756	0.55903	0.01276	0.00638	0.00181	0.00283	0.01076	0.00530	0.00501
32	0.00793	0.00529	0.00595	0.00595	0.00595	0.00529	0.00330	0.00793	0.00793	0.01057	0.01718	0.03568	0.01982	0.80840	0.02775	0.00529	0.00529	0.00793	0.00330	0.00330
33	0.01130	0.00969	0.01130	0.00807	0.01292	0.00727	0.00646	0.01373	0.01130	0.01776	0.00969	0.01130	0.00807	0.00404	0.00404	0.00081	0.00404	0.00323	0.00323	0.84173
34	0.00967	0.00513	0.00527	0.00527	0.00626	0.00513	0.00370	0.01165	0.01066	0.01818	0.01765	0.02370	0.01526	0.18253	0.00907	0.00215	0.00314	0.00571	0.65518	0.00469
35	0.00712	0.00555	0.00647	0.00624	0.00778	0.00489	0.00468	0.00914	0.01403	0.01854	0.43784	0.04619	0.38720	0.01239	0.00644	0.00177	0.00266	0.01063	0.00556	0.00489
36	0.00664	0.00474	0.00633	0.00759	0.00791	0.00443	0.00506	0.00759	0.01044	0.01392	0.03005	0.80485	0.03606	0.01708	0.00696	0.00221	0.00316	0.01550	0.00506	0.00443
37	0.02037	0.02598	0.01545	0.01404	0.01685	0.78652	0.01053	0.02177	0.01545	0.01334	0.00843	0.00983	0.00702	0.00562	0.00492	0.00140	0.00983	0.00351	0.00281	0.00632
38	0.01892	0.01411	0.01511	0.01189	0.01578	0.01565	0.00964	0.61257	0.11511	0.03121	0.01450	0.01562	0.01094	0.06485	0.00708	0.00193	0.00574	0.00528	0.00531	0.00876
39	0.00660	0.00554	0.00577	0.00590	0.00764	0.00470	0.00448	0.00803	0.01235	0.01479	0.05244	0.08632	0.69259	0.01403	0.00654	0.00190	0.00292	0.05778	0.00506	0.00462
40	0.01356	0.01171	0.01233	0.01109	0.01418	0.01356	0.00863	0.02897	0.76455	0.02281	0.02219	0.02034	0.01664	0.00740	0.00555	0.00185	0.00431	0.00616	0.00555	0.00863
41	0.00664	0.00474	0.00633	0.00759	0.00791	0.00443	0.00506	0.00759	0.01044	0.01392	0.03005	0.80485	0.03606	0.01708	0.00696	0.00221	0.00316	0.01550	0.00506	0.00443
42	0.05379	0.00706	0.00845	0.00807	0.00987	0.00685	0.00606	0.09397	0.01379	0.11754	0.14036	0.34549	0.12522	0.01259	0.00628	0.00194	0.00363	0.02785	0.00538	0.00582
43	0.81169	0.01049	0.00821	0.00728	0.01069	0.01205	0.00599	0.01648	0.00955	0.05674	0.00819	0.00927	0.00623	0.00513	0.00346	0.00169	0.00424	0.00306	0.00352	0.00605
44	0.00664	0.00474	0.00633	0.00759	0.00791	0.00443	0.00506	0.00759	0.01044	0.01392	0.03005	0.80485	0.03606	0.01708	0.00696	0.00221	0.00316	0.01550	0.00506	0.00443
45	0.00698	0.00553	0.00665	0.00697	0.00832	0.00520	0.00529	0.00851	0.01130	0.01427	0.03979	0.17260	0.41762	0.02041	0.17803	0.00348	0.00563	0.07416	0.00459	0.00467
46	0.00776	0.00583	0.00869	0.00869	0.00968	0.00676	0.00675	0.00969	0.00885	0.01270	0.01555	0.02214	0.03136	0.04025	0.76856	0.00860	0.01433	0.00597	0.00297	0.00486
47	0.00649	0.00535	0.00570	0.00598	0.00748	0.00456	0.00434	0.00777	0.01199	0.01455	0.04970	0.21773	0.61049	0.01453	0.00656	0.00192	0.00285	0.01238	0.00506	0.00456
48	0.01130	0.00969	0.01130	0.00807	0.01292	0.00727	0.00646	0.01373	0.01130	0.01776	0.00969	0.01130	0.00807	0.00404	0.00404	0.00081	0.00404	0.00323	0.00323	0.84173
49	0.01187	0.01129	0.01898	0.32103	0.45056	0.01215	0.01540	0.01516	0.01184	0.01616	0.01263	0.01613	0.05207	0.00560	0.00548	0.00171	0.00656	0.00524	0.00273	0.00742
50	0.01136	0.01079	0.01823	0.53266	0.27571	0.01248	0.01559	0.01482	0.01134	0.01517	0.00982	0.01414	0.00771	0.00534	0.00569	0.00176	0.02313	0.00485	0.00251	0.00689
51	0.00700	0.00500	0.00674	0.00800	0.00848	0.00474	0.00569	0.00821	0.01079	0.01432	0.02985	0.67968	0.03527	0.01674	0.00705	0.00226	0.00348	0.13710	0.00505	0.00453
52	0.01030	0.00969	0.01635	0.79530	0.03755	0.01211	0.01514	0.01393	0.01090	0.01393	0.00969	0.01453	0.00727	0.00545	0.00545	0.00182	0.00727	0.00484	0.00242	0.00606
53	0.00664	0.00474	0.00633	0.00759	0.00791	0.00443	0.00506	0.00759	0.01044	0.01392	0.03005	0.80485	0.03606	0.01708	0.00696	0.00221	0.00316	0.01550	0.00506	0.00443
54	0.00947	0.00473	0.00710	0.00710	0.00710	0.00473	0.00473	0.00710	0.00710	0.00947	0.00947	0.01657	0.00947	0.01894	0.02131	0.84138	0.00473	0.00473	0.00237	0.00237
55	0.01147	0.14366	0.66940	0.01462	0.02218	0.01397	0.01855	0.01713	0.01145	0.01661	0.00946	0.01110	0.00692	0.00510	0.00493	0.00164	0.00773	0.00386	0.00231	0.00790
56	0.01193	0.01047	0.01314	0.00973	0.01398	0.00922	0.03993	0.05189	0.01174	0.01803	0.00961	0.01162	0.00803	0.00487	0.00593	0.00109	0.10297	0.00365	0.00322	0.65896
57	0.01508	0.01622	0.01442	0.14381	0.01834	0.31180	0.01055	0.09652	0.01361	0.01561	0.01177	0.10077	0.01121	0.04881	0.00873	0.00196	0.14574	0.00566	0.00323	0.00617

[dist]
# distance from previous block
# <min> <max>
0	2

[block]
# block no. 3 follows, 44 sequences, length 23
# corresponding to MSA columns:
# 193-215
name=unknown_D
#
# <colnr> <probs for GDERKNQSTAVLIFYWHMCP>
#	G	D	E	R	K	N	Q	S	T	A	V	L	I	F	Y	W	H	M	C	P
0	0.05740	0.00956	0.01210	0.01049	0.01351	0.00945	0.04688	0.16479	0.03273	0.09439	0.03425	0.09620	0.01949	0.00969	0.00598	0.00186	0.00498	0.23677	0.00483	0.13463
1	0.01403	0.69343	0.14201	0.01027	0.01544	0.02023	0.01096	0.01647	0.01114	0.01350	0.00791	0.00916	0.00698	0.00474	0.00375	0.00125	0.00617	0.00308	0.00233	0.00716
2	0.01037	0.00990	0.00836	0.00853	0.01001	0.17865	0.00638	0.01196	0.01258	0.01535	0.06076	0.24547	0.19152	0.01204	0.00606	0.00185	0.00468	0.09731	0.10314	0.00507
3	0.01415	0.71906	0.11742	0.01006	0.01513	0.02052	0.01061	0.01644	0.01113	0.01335	0.00784	0.00907	0.00699	0.00473	0.00370	0.00123	0.00609	0.00305	0.00233	0.00712
4	0.01458	0.81168	0.02857	0.00933	0.01399	0.02157	0.00933	0.01632	0.01108	0.01283	0.00758	0.00875	0.00700	0.00466	0.00350	0.00117	0.00583	0.00292	0.00233	0.00700
5	0.01093	0.02820	0.78016	0.01554	0.02360	0.01266	0.02014	0.01727	0.01151	0.01727	0.00978	0.01151	0.00691	0.00518	0.00518	0.00173	0.00806	0.00403	0.00230	0.00806
6	0.02037	0.02598	0.01545	0.01404	0.01685	0.78652	0.01053	0.02177	0.01545	0.01334	0.00843	0.00983	0.00702	0.00562	0.00492	0.00140	0.00983	0.00351	0.00281	0.00632
7	0.02073	0.01483	0.01604	0.01234	0.01666	0.01631	0.01018	0.69431	0.04606	0.07608	0.01382	0.01360	0.00972	0.00658	0.00546	0.00165	0.00587	0.00498	0.00553	0.00925
8	0.01251	0.01730	0.18446	0.02078	0.02668	0.01354	0.56179	0.01807	0.05508	0.01772	0.01140	0.01437	0.00847	0.00487	0.00613	0.00182	0.00868	0.00593	0.00282	0.00757
9	0.00664	0.00474	0.00633	0.00759	0.00791	0.00443	0.00506	0.00759	0.01044	0.01392	0.03005	0.80485	0.03606	0.01708	0.00696	0.00221	0.00316	0.01550	0.00506	0.00443
10	0.00664	0.00474	0.00633	0.00759	0.00791	0.00443	0.00506	0.00759	0.01044	0.01392	0.03005	0.80485	0.03606	0.01708	0.00696	0.00221	0.00316	0.01550	0.00506	0.00443
11	0.01324	0.01270	0.02168	0.09296	0.71685	0.01289	0.01661	0.01651	0.01230	0.01751	0.01021	0.01357	0.00853	0.00490	0.00540	0.00163	0.00654	0.00486	0.00268	0.00843
12	0.01300	0.01435	0.03011	0.02513	0.18147	0.01362	0.60326	0.01731	0.01277	0.01753	0.01087	0.01446	0.00835	0.00465	0.00622	0.00179	0.00863	0.00611	0.00275	0.00762
13	0.00851	0.00619	0.00840	0.00951	0.01083	0.00608	0.00824	0.01088	0.01254	0.01613	0.03198	0.06043	0.11895	0.01491	0.00740	0.00243	0.00475	0.65185	0.00503	0.00497
14	0.53015	0.01099	0.00965	0.00866	0.01192	0.01274	0.00694	0.02095	0.29636	0.02383	0.01314	0.01322	0.00999	0.00595	0.00420	0.00175	0.00425	0.00417	0.00420	0.00694
15	0.59622	0.01468	0.08402	0.00924	0.01296	0.13092	0.00813	0.01770	0.04968	0.02198	0.00869	0.00986	0.00673	0.00528	0.00390	0.00166	0.00545	0.00331	0.00330	0.00632
16	0.00829	0.00773	0.08171	0.00794	0.00907	0.00643	0.00631	0.00960	0.00899	0.01233	0.01731	0.03343	0.01865	0.47738	0.18100	0.00534	0.00746	0.09339	0.00333	0.00429
17	0.01296	0.01221	0.02056	0.03080	0.70011	0.01221	0.01543	0.01588	0.01198	0.01711	0.01092	0.01564	0.00972	0.08254	0.00756	0.00197	0.00636	0.00515	0.00276	0.00812
18	0.01137	0.01076	0.01792	0.37459	0.36769	0.01177	0.01480	0.01461	0.01173	0.01576	0.01435	0.01773	0.08183	0.00599	0.00552	0.00173	0.00647	0.00549	0.00280	0.00708
19	0.01030	0.00969	0.01635	0.79530	0.03755	0.01211	0.01514	0.01393	0.01090	0.01393	0.00969	0.01453	0.00727	0.00545	0.00545	0.00182	0.00727	0.00484	0.00242	0.00606
20	0.01174	0.01062	0.01691	0.63614	0.10653	0.01272	0.01477	0.09529	0.01266	0.01654	0.01012	0.01428	0.00762	0.00551	0.00545	0.00178	0.00705	0.00485	0.00278	0.00666
21	0.07220	0.00909	0.01233	0.09736	0.08859	0.00908	0.00895	0.01989	0.09340	0.33308	0.02002	0.17843	0.01680	0.00850	0.00564	0.00182	0.00474	0.00731	0.00518	0.00757
22	0.01420	0.01255	0.02203	0.02578	0.43351	0.01260	0.16616	0.01734	0.01241	0.10027	0.01183	0.03358	0.00962	0.00572	0.00677	0.00174	0.07920	0.00547	0.00319	0.02602

[dist]
# distance from previous block
# <min> <max>
0	6

# created by:
# /st0/software/busco_prod/Augustus/scripts/msa2prfl.pl ./align_prep/62774.fa
