[name]
unknown

[dist]
# distance from previous block
# <min> <max>
10	20

[block]
# block no. 0 follows, 54 sequences, length 7
# corresponding to MSA columns:
# 37-43
name=unknown_A
#
# <colnr> <probs for GDERKNQSTAVLIFYWHMCP>
#	G	D	E	R	K	N	Q	S	T	A	V	L	I	F	Y	W	H	M	C	P
0	0.16817	0.01075	0.05445	0.01373	0.18936	0.05530	0.07741	0.08573	0.02998	0.05976	0.03265	0.07470	0.01124	0.10861	0.00693	0.00187	0.00509	0.00510	0.00320	0.00596
1	0.01250	0.01240	0.01542	0.01753	0.31287	0.15681	0.07884	0.05570	0.04608	0.03772	0.01292	0.01431	0.07894	0.00512	0.00460	0.00132	0.00561	0.00450	0.00293	0.12389
2	0.01015	0.00883	0.01137	0.14145	0.06400	0.00933	0.03733	0.06761	0.26580	0.01676	0.03737	0.06492	0.11167	0.00669	0.00480	0.00146	0.00422	0.00577	0.00376	0.12671
3	0.28294	0.00821	0.00857	0.00741	0.01001	0.00867	0.00590	0.10310	0.08532	0.19291	0.05908	0.11340	0.03370	0.00684	0.00431	0.00151	0.00361	0.00542	0.05307	0.00604
4	0.16839	0.00937	0.04177	0.08282	0.08460	0.00963	0.06419	0.13850	0.01163	0.03139	0.09048	0.09754	0.01367	0.02737	0.07650	0.00214	0.03545	0.00548	0.00337	0.00569
5	0.01744	0.01473	0.01231	0.01024	0.01330	0.30847	0.00809	0.26344	0.01596	0.19555	0.01468	0.01434	0.07838	0.00596	0.00463	0.00137	0.00591	0.00441	0.00409	0.00672
6	0.08852	0.00940	0.04362	0.00919	0.01161	0.05534	0.07524	0.14494	0.01182	0.08083	0.01507	0.26724	0.01495	0.00897	0.00615	0.07882	0.00449	0.00689	0.00372	0.06317

[dist]
# distance from previous block
# <min> <max>
0	2

[block]
# block no. 1 follows, 54 sequences, length 6
# corresponding to MSA columns:
# 46-51
name=unknown_B
#
# <colnr> <probs for GDERKNQSTAVLIFYWHMCP>
#	G	D	E	R	K	N	Q	S	T	A	V	L	I	F	Y	W	H	M	C	P
0	0.00655	0.00457	0.00595	0.00628	0.00708	0.00459	0.00458	0.00802	0.00944	0.01341	0.11739	0.30437	0.10646	0.01844	0.23718	0.00333	0.00539	0.00879	0.12405	0.00411
1	0.01177	0.01539	0.24494	0.01382	0.01848	0.01197	0.23463	0.12650	0.23702	0.01843	0.01224	0.01313	0.00901	0.00505	0.00492	0.00154	0.00607	0.00472	0.00329	0.00708
2	0.01189	0.00882	0.00961	0.00832	0.01041	0.00968	0.00626	0.19274	0.31042	0.05594	0.05204	0.02088	0.01502	0.25469	0.01057	0.00244	0.00426	0.00566	0.00426	0.00610
3	0.00718	0.00592	0.00916	0.00777	0.00944	0.00545	0.11425	0.00954	0.01276	0.01772	0.61110	0.03314	0.11972	0.00909	0.00556	0.00151	0.00304	0.00826	0.00471	0.00467
4	0.00890	0.00838	0.01414	0.82296	0.03247	0.01048	0.01309	0.01205	0.00943	0.01205	0.00838	0.01257	0.00629	0.00471	0.00471	0.00157	0.00629	0.00419	0.00210	0.00524
5	0.00752	0.00439	0.00593	0.00593	0.00603	0.00448	0.00384	0.00668	0.00658	0.00887	0.01123	0.02107	0.01200	0.32814	0.11328	0.43851	0.00527	0.00525	0.00241	0.00261

[dist]
# distance from previous block
# <min> <max>
0	2

[block]
# block no. 2 follows, 54 sequences, length 60
# corresponding to MSA columns:
# 54-113
name=unknown_C
#
# <colnr> <probs for GDERKNQSTAVLIFYWHMCP>
#	G	D	E	R	K	N	Q	S	T	A	V	L	I	F	Y	W	H	M	C	P
0	0.00971	0.00783	0.01271	0.62968	0.02691	0.00928	0.01128	0.01260	0.01037	0.08631	0.12430	0.01617	0.01231	0.00553	0.00484	0.00155	0.00549	0.00487	0.00289	0.00538
1	0.00892	0.00895	0.04222	0.79440	0.03205	0.01049	0.01325	0.01215	0.00945	0.01215	0.00838	0.01248	0.00627	0.00471	0.00471	0.00157	0.00631	0.00417	0.00209	0.00530
2	0.01159	0.01096	0.01842	0.11527	0.69240	0.01124	0.01413	0.04154	0.01100	0.01554	0.00890	0.01176	0.00736	0.00431	0.00467	0.00142	0.00566	0.00420	0.00239	0.00724
3	0.00978	0.00838	0.00978	0.00698	0.01117	0.00629	0.00559	0.01187	0.00978	0.01536	0.00838	0.00978	0.00698	0.00349	0.00349	0.00070	0.00349	0.00279	0.00279	0.86312
4	0.00856	0.00791	0.01319	0.73355	0.02967	0.00975	0.01214	0.01145	0.00938	0.01205	0.01031	0.10223	0.00901	0.00582	0.00486	0.00161	0.00590	0.00520	0.00235	0.00508
5	0.00961	0.00453	0.00667	0.00639	0.00679	0.00441	0.00441	0.00799	0.00695	0.09580	0.00933	0.01452	0.00857	0.01523	0.01693	0.76848	0.00409	0.00417	0.00246	0.00270
6	0.00573	0.00415	0.00543	0.00645	0.00681	0.00384	0.00432	0.00658	0.00914	0.01208	0.02741	0.77993	0.08156	0.01459	0.00599	0.00189	0.00271	0.01318	0.00438	0.00384
7	0.28493	0.00862	0.00886	0.00673	0.01051	0.00766	0.00543	0.01251	0.00921	0.01722	0.00780	0.00910	0.00638	0.00378	0.00331	0.00094	0.00354	0.00272	0.00283	0.58790
8	0.00939	0.00772	0.00926	0.00938	0.06177	0.00830	0.00680	0.01671	0.36946	0.01856	0.31507	0.02748	0.02661	0.00815	0.00525	0.00160	0.00335	0.08440	0.00474	0.00601
9	0.02080	0.00859	0.01129	0.00866	0.01232	0.00777	0.00715	0.10689	0.01445	0.72289	0.01780	0.01553	0.01127	0.00582	0.00474	0.00145	0.00414	0.00469	0.00571	0.00802
10	0.01132	0.01086	0.01840	0.07045	0.65307	0.01074	0.04926	0.01413	0.01059	0.01520	0.00883	0.01159	0.00734	0.00415	0.00460	0.00135	0.00555	0.00413	0.00237	0.08604
11	0.01718	0.01284	0.01373	0.01070	0.01434	0.01427	0.00878	0.69700	0.11555	0.02851	0.01227	0.01208	0.00879	0.00575	0.00473	0.00144	0.00501	0.00438	0.00473	0.00795
12	0.01139	0.01092	0.01863	0.10954	0.72648	0.01113	0.01433	0.01422	0.01060	0.01506	0.00882	0.01176	0.00735	0.00425	0.00467	0.00142	0.00567	0.00420	0.00231	0.00724
13	0.00630	0.00459	0.00614	0.00685	0.00755	0.00443	0.00509	0.00767	0.00990	0.01323	0.12292	0.43949	0.09050	0.01567	0.08820	0.00246	0.00396	0.15671	0.00428	0.00406
14	0.00794	0.00643	0.00616	0.00604	0.00635	0.08697	0.00373	0.00819	0.00757	0.00952	0.01392	0.02763	0.01560	0.68840	0.08313	0.00446	0.00559	0.00633	0.00279	0.00323
15	0.00941	0.00895	0.01481	0.63297	0.12873	0.01100	0.01297	0.01228	0.00935	0.01240	0.00820	0.01221	0.00643	0.00504	0.00589	0.00160	0.09594	0.00418	0.00212	0.00551
16	0.00642	0.00481	0.00595	0.00567	0.00689	0.00434	0.00425	0.00841	0.01275	0.01750	0.62964	0.03755	0.21813	0.01017	0.00556	0.00151	0.00226	0.00885	0.00500	0.00434
17	0.00978	0.00838	0.00978	0.00698	0.01117	0.00629	0.00559	0.01187	0.00978	0.01536	0.00838	0.00978	0.00698	0.00349	0.00349	0.00070	0.00349	0.00279	0.00279	0.86312
18	0.00949	0.01951	0.54625	0.01212	0.01744	0.06213	0.05585	0.01392	0.01096	0.01556	0.17571	0.01533	0.01416	0.00556	0.00475	0.00148	0.00612	0.00463	0.00271	0.00631
19	0.00924	0.00884	0.01421	0.62945	0.02768	0.01142	0.01243	0.01188	0.00890	0.01188	0.00786	0.01203	0.00626	0.00556	0.00728	0.00169	0.20190	0.00417	0.00209	0.00522
20	0.01116	0.01066	0.01757	0.05557	0.61921	0.01130	0.01327	0.01395	0.02745	0.01501	0.04508	0.01274	0.00910	0.00504	0.00611	0.00150	0.11146	0.00441	0.00247	0.00695
21	0.01141	0.01269	0.07790	0.01855	0.33597	0.09789	0.10985	0.01420	0.01091	0.01506	0.04532	0.01197	0.00876	0.00435	0.00449	0.00125	0.00567	0.00406	0.00256	0.20714
22	0.00984	0.01011	0.01976	0.01499	0.01837	0.00973	0.47937	0.01415	0.09705	0.01553	0.09404	0.12990	0.01596	0.00671	0.00559	0.00165	0.00602	0.04208	0.00330	0.00585
23	0.01124	0.09362	0.01119	0.00808	0.01101	0.07248	0.00649	0.14542	0.11800	0.01724	0.06262	0.07131	0.13440	0.00680	0.00449	0.00128	0.00407	0.00550	0.00377	0.21101
24	0.01015	0.02300	0.31447	0.01015	0.01453	0.00850	0.04598	0.01348	0.02132	0.09743	0.01608	0.07078	0.11663	0.00630	0.00511	0.00140	0.04290	0.00516	0.00310	0.17351
25	0.00976	0.10135	0.73551	0.01293	0.01962	0.01168	0.01654	0.01486	0.00992	0.01457	0.00828	0.00973	0.00598	0.00444	0.00434	0.00145	0.00679	0.00339	0.00199	0.00688
26	0.00946	0.02439	0.80987	0.01344	0.02041	0.01095	0.01742	0.01493	0.00995	0.01493	0.00846	0.00995	0.00597	0.00448	0.00448	0.00149	0.00697	0.00348	0.00199	0.00697
27	0.01007	0.00978	0.03406	0.28875	0.23068	0.04650	0.01092	0.04897	0.06247	0.01512	0.09755	0.01820	0.09515	0.00601	0.00486	0.00149	0.00516	0.00526	0.00304	0.00595
28	0.01278	0.09678	0.17327	0.01291	0.13141	0.02645	0.01053	0.03121	0.19524	0.14877	0.01424	0.01444	0.04603	0.00569	0.00525	0.00148	0.05853	0.00448	0.00352	0.00698
29	0.00946	0.02439	0.80987	0.01344	0.02041	0.01095	0.01742	0.01493	0.00995	0.01493	0.00846	0.00995	0.00597	0.00448	0.00448	0.00149	0.00697	0.00348	0.00199	0.00697
30	0.00638	0.00424	0.00581	0.00670	0.00701	0.00404	0.00465	0.00681	0.00868	0.01154	0.02262	0.60254	0.02656	0.01489	0.00834	0.15972	0.00315	0.08881	0.00395	0.00356
31	0.00892	0.00752	0.01144	0.01412	0.21457	0.00761	0.04482	0.01231	0.09653	0.01472	0.01967	0.17977	0.02051	0.00993	0.00572	0.00184	0.00447	0.31626	0.00379	0.00549
32	0.00890	0.00838	0.01414	0.82296	0.03247	0.01048	0.01309	0.01205	0.00943	0.01205	0.00838	0.01257	0.00629	0.00471	0.00471	0.00157	0.00629	0.00419	0.00210	0.00524
33	0.00573	0.00415	0.00543	0.00645	0.00681	0.00384	0.00432	0.00658	0.00914	0.01208	0.02741	0.77993	0.08156	0.01459	0.00599	0.00189	0.00271	0.01318	0.00438	0.00384
34	0.01232	0.01369	0.01328	0.01170	0.01254	0.27253	0.00934	0.01340	0.00921	0.01129	0.00730	0.01113	0.00697	0.04678	0.05653	0.00221	0.47850	0.00395	0.00224	0.00510
35	0.01665	0.02049	0.01238	0.01130	0.01358	0.72655	0.00847	0.01797	0.01298	0.01220	0.00817	0.00950	0.00673	0.00493	0.00415	0.00120	0.00781	0.00319	0.09641	0.00535
36	0.01353	0.01618	0.01341	0.02214	0.01423	0.46628	0.11010	0.01521	0.01221	0.01259	0.04289	0.01834	0.13280	0.00661	0.00528	0.00143	0.04131	0.04733	0.00291	0.00524
37	0.00674	0.00505	0.00758	0.00758	0.00842	0.00589	0.00589	0.00842	0.00758	0.01095	0.01263	0.01852	0.01179	0.03536	0.81561	0.00758	0.01263	0.00505	0.00253	0.00421
38	0.01014	0.00967	0.01625	0.44439	0.35457	0.01101	0.01351	0.01302	0.00985	0.01341	0.00846	0.01206	0.00678	0.00470	0.00531	0.00153	0.05278	0.00419	0.00219	0.00617
39	0.01087	0.00926	0.00992	0.00916	0.01148	0.01059	0.00702	0.02240	0.68328	0.01862	0.02017	0.13445	0.01680	0.00760	0.00497	0.00164	0.00359	0.00649	0.00474	0.00694
40	0.01113	0.01272	0.02782	0.01987	0.02464	0.01192	0.78776	0.01510	0.01113	0.01510	0.00954	0.01272	0.00715	0.00397	0.00556	0.00159	0.00795	0.00556	0.00238	0.00636
41	0.00664	0.00493	0.00650	0.00726	0.00822	0.00479	0.00581	0.00823	0.01005	0.01300	0.02856	0.24174	0.18296	0.01551	0.08833	0.00254	0.00439	0.35226	0.00417	0.00413
42	0.01120	0.01148	0.01553	0.41434	0.28895	0.13722	0.01276	0.01391	0.01049	0.01319	0.00849	0.01171	0.00675	0.00458	0.00460	0.00145	0.00633	0.00402	0.01697	0.00601
43	0.01793	0.01177	0.01309	0.01019	0.01382	0.01268	0.00837	0.54363	0.10513	0.19305	0.01372	0.01301	0.00949	0.00578	0.00473	0.00144	0.00478	0.00447	0.00496	0.00796
44	0.00634	0.00463	0.00596	0.00600	0.00693	0.00425	0.00436	0.00810	0.01199	0.01658	0.53467	0.24683	0.10342	0.01119	0.00568	0.00161	0.00237	0.00994	0.00491	0.00425
45	0.00872	0.00807	0.01351	0.71934	0.04377	0.00999	0.01233	0.01169	0.00925	0.01199	0.00885	0.01321	0.00691	0.00806	0.09353	0.00223	0.00697	0.00428	0.00215	0.00517
46	0.02400	0.01129	0.01831	0.19524	0.05783	0.07980	0.28803	0.02993	0.01137	0.17348	0.01106	0.02823	0.00820	0.00500	0.00539	0.00154	0.03704	0.00485	0.00309	0.00634
47	0.00720	0.00535	0.00691	0.00669	0.00695	0.00606	0.00461	0.00783	0.00712	0.00994	0.01322	0.02480	0.01429	0.49703	0.26760	0.00523	0.09699	0.00600	0.00267	0.00353
48	0.00602	0.00428	0.00565	0.00646	0.00675	0.00417	0.00431	0.00681	0.00854	0.01147	0.02282	0.62001	0.02692	0.14215	0.09743	0.00294	0.00410	0.01149	0.00394	0.00372
49	0.00901	0.00764	0.01216	0.60352	0.02600	0.00899	0.01100	0.01173	0.00994	0.05635	0.01580	0.02030	0.12389	0.00639	0.00496	0.00161	0.00546	0.05732	0.00279	0.00515
50	0.01165	0.19300	0.48080	0.01316	0.08990	0.01215	0.01399	0.01563	0.01035	0.10396	0.00924	0.01030	0.00677	0.00451	0.00422	0.00138	0.00610	0.00349	0.00246	0.00694
51	0.00946	0.02439	0.80987	0.01344	0.02041	0.01095	0.01742	0.01493	0.00995	0.01493	0.00846	0.00995	0.00597	0.00448	0.00448	0.00149	0.00697	0.00348	0.00199	0.00697
52	0.00853	0.00751	0.00762	0.00708	0.00852	0.10220	0.00534	0.01185	0.09911	0.01812	0.62155	0.03010	0.03660	0.00871	0.00532	0.00146	0.00314	0.00752	0.00482	0.00490
53	0.00859	0.01283	0.28111	0.01131	0.01497	0.00798	0.15124	0.01191	0.01074	0.03228	0.15218	0.17327	0.04540	0.00805	0.00533	0.00163	0.00514	0.05707	0.00338	0.00558
54	0.01374	0.04828	0.05034	0.40932	0.02271	0.08325	0.01074	0.01630	0.01106	0.26105	0.01137	0.01291	0.00792	0.00508	0.00473	0.00148	0.01603	0.00415	0.00329	0.00625
55	0.01015	0.00917	0.01412	0.01717	0.32392	0.00992	0.04200	0.07633	0.01056	0.01477	0.01444	0.09384	0.08382	0.01096	0.11831	0.00243	0.13341	0.00578	0.00290	0.00599
56	0.01264	0.02705	0.13083	0.01865	0.36284	0.07288	0.05112	0.01541	0.01127	0.14061	0.01449	0.01554	0.09490	0.00539	0.00474	0.00143	0.00553	0.00476	0.00307	0.00686
57	0.01064	0.01332	0.28370	0.01193	0.10183	0.00864	0.01069	0.09788	0.01185	0.09672	0.07757	0.18800	0.05179	0.00764	0.00501	0.00156	0.00485	0.00656	0.00358	0.00625
58	0.01042	0.10002	0.01348	0.01004	0.01264	0.04744	0.12170	0.01704	0.32108	0.01677	0.16541	0.07333	0.03635	0.00716	0.00498	0.00153	0.00435	0.02612	0.00405	0.00609
59	0.01509	0.01132	0.01312	0.04791	0.01458	0.01237	0.04396	0.45831	0.16728	0.06802	0.03593	0.01574	0.06215	0.00620	0.00485	0.00148	0.00476	0.00502	0.00456	0.00735

[dist]
# distance from previous block
# <min> <max>
0	3

[block]
# block no. 3 follows, 54 sequences, length 111
# corresponding to MSA columns:
# 117-162,167-231
name=unknown_D
#
# <colnr> <probs for GDERKNQSTAVLIFYWHMCP>
#	G	D	E	R	K	N	Q	S	T	A	V	L	I	F	Y	W	H	M	C	P
0	0.00939	0.00948	0.08421	0.01058	0.01179	0.00999	0.03547	0.01112	0.00904	0.05318	0.06539	0.18184	0.01606	0.00950	0.01017	0.00191	0.38219	0.08043	0.00315	0.00512
1	0.00711	0.00656	0.06102	0.00691	0.00869	0.00516	0.04487	0.00888	0.01083	0.04111	0.19421	0.12150	0.33184	0.08328	0.00719	0.00188	0.00333	0.04697	0.00420	0.00444
2	0.05272	0.00705	0.00833	0.00858	0.06223	0.04661	0.00598	0.01179	0.06332	0.08032	0.34316	0.17456	0.06418	0.00924	0.00568	0.00158	0.03717	0.00793	0.00445	0.00512
3	0.00908	0.00727	0.01268	0.01062	0.01278	0.00667	0.22519	0.01104	0.01016	0.08577	0.01924	0.40639	0.02051	0.02407	0.00594	0.00176	0.00451	0.05963	0.00381	0.06289
4	0.01182	0.03750	0.01234	0.01026	0.01313	0.01202	0.06013	0.03637	0.70507	0.01929	0.01800	0.01683	0.01353	0.00614	0.00479	0.00158	0.00408	0.00524	0.00454	0.00735
5	0.01072	0.00864	0.01007	0.00728	0.01138	0.00685	0.00585	0.06468	0.01080	0.04679	0.01983	0.01047	0.00775	0.00381	0.00365	0.00079	0.00361	0.00304	0.00307	0.76090
6	0.01142	0.01916	0.55224	0.01305	0.06758	0.00980	0.02702	0.01577	0.01070	0.15446	0.01294	0.01357	0.06084	0.00520	0.00463	0.00149	0.00607	0.00422	0.00286	0.00697
7	0.01099	0.15939	0.14684	0.01635	0.02121	0.01271	0.50630	0.01470	0.01075	0.01450	0.03488	0.01212	0.00800	0.00425	0.00495	0.00147	0.00710	0.00481	0.00235	0.00634
8	0.00967	0.07920	0.75691	0.01308	0.01985	0.01147	0.01679	0.01488	0.00993	0.01467	0.00833	0.00979	0.00598	0.00445	0.00438	0.00146	0.00684	0.00342	0.00199	0.00691
9	0.01021	0.07845	0.72029	0.01285	0.01946	0.01129	0.01631	0.01525	0.01009	0.05104	0.00880	0.01007	0.00624	0.00451	0.00439	0.00146	0.00670	0.00348	0.00217	0.00695
10	0.02024	0.00933	0.06496	0.00882	0.01270	0.00750	0.00772	0.05170	0.01359	0.72490	0.01764	0.01546	0.01115	0.00574	0.00472	0.00146	0.00426	0.00464	0.00553	0.00795
11	0.00980	0.12389	0.70201	0.01267	0.01920	0.01180	0.01609	0.01475	0.00996	0.01452	0.01956	0.01002	0.00653	0.00450	0.00432	0.00143	0.00666	0.00344	0.00204	0.00682
12	0.00717	0.00454	0.00571	0.00573	0.00588	0.00460	0.00362	0.00699	0.00710	0.00957	0.03931	0.02684	0.01583	0.52099	0.09151	0.20243	0.00509	0.03144	0.00277	0.00289
13	0.01106	0.01341	0.10931	0.01739	0.04722	0.04840	0.53019	0.01462	0.01089	0.03866	0.01101	0.08724	0.00930	0.00521	0.00558	0.00159	0.02424	0.00584	0.00262	0.00621
14	0.00997	0.02525	0.16572	0.45878	0.10293	0.02107	0.05117	0.01335	0.00985	0.04099	0.00908	0.02759	0.00704	0.00492	0.00505	0.00155	0.03319	0.00428	0.00229	0.00592
15	0.01091	0.00538	0.00602	0.00550	0.00716	0.00513	0.00424	0.03828	0.01099	0.16315	0.01944	0.06494	0.08631	0.00668	0.00397	0.00127	0.00268	0.00547	0.54738	0.00511
16	0.00786	0.00604	0.00836	0.00884	0.04929	0.00594	0.04159	0.08742	0.01110	0.01487	0.08464	0.45647	0.05499	0.03900	0.00639	0.00190	0.00357	0.10287	0.00423	0.00464
17	0.04163	0.11796	0.13161	0.20072	0.09137	0.01161	0.14999	0.05462	0.01113	0.13016	0.00998	0.01178	0.00730	0.00462	0.00455	0.00145	0.00598	0.00415	0.00285	0.00653
18	0.00899	0.01069	0.20911	0.13123	0.02522	0.00718	0.00909	0.01174	0.01091	0.10317	0.10050	0.02683	0.31067	0.00797	0.00506	0.00154	0.00433	0.00666	0.00365	0.00547
19	0.01761	0.02247	0.01336	0.01215	0.01458	0.81537	0.00911	0.01883	0.01336	0.01154	0.00729	0.00850	0.00607	0.00486	0.00425	0.00121	0.00850	0.00304	0.00243	0.00547
20	0.01319	0.18785	0.43072	0.01105	0.01649	0.02128	0.01270	0.03034	0.01099	0.20665	0.01056	0.01095	0.00741	0.00474	0.00424	0.00138	0.00584	0.00360	0.00298	0.00704
21	0.01368	0.01684	0.38481	0.01329	0.09579	0.02810	0.02646	0.08774	0.03125	0.22115	0.02778	0.01254	0.00879	0.00506	0.00463	0.00147	0.00578	0.00412	0.00342	0.00730
22	0.00819	0.00410	0.00614	0.00614	0.00614	0.00410	0.00410	0.00614	0.00614	0.00819	0.00819	0.01433	0.00819	0.01638	0.01843	0.86282	0.00410	0.00410	0.00205	0.00205
23	0.01761	0.02247	0.01336	0.01215	0.01458	0.81537	0.00911	0.01883	0.01336	0.01154	0.00729	0.00850	0.00607	0.00486	0.00425	0.00121	0.00850	0.00304	0.00243	0.00547
24	0.01327	0.01038	0.01822	0.19257	0.07433	0.03486	0.28726	0.01614	0.01121	0.21995	0.01198	0.04119	0.00891	0.00517	0.00540	0.00155	0.03278	0.00510	0.00327	0.00647
25	0.01200	0.05586	0.22797	0.01733	0.19290	0.01138	0.21036	0.02767	0.09004	0.09193	0.01083	0.01229	0.00803	0.00461	0.00479	0.00148	0.00618	0.00444	0.00286	0.00704
26	0.00737	0.00588	0.00627	0.00594	0.00774	0.00557	0.00453	0.01097	0.15621	0.04115	0.14416	0.03790	0.52810	0.01040	0.00540	0.00157	0.00267	0.00873	0.00461	0.00482
27	0.11663	0.00928	0.01085	0.00852	0.01203	0.04971	0.00699	0.07821	0.01351	0.62042	0.01612	0.01436	0.01037	0.00561	0.00451	0.00144	0.00429	0.00437	0.00525	0.00756
28	0.02424	0.02281	0.07785	0.03193	0.33530	0.05068	0.03825	0.04518	0.03545	0.19459	0.05917	0.03250	0.01997	0.00539	0.00474	0.00144	0.00519	0.00477	0.00350	0.00705
29	0.00887	0.01232	0.27905	0.01103	0.09847	0.00745	0.01003	0.01190	0.01095	0.06833	0.13446	0.07109	0.20272	0.00805	0.00512	0.00156	0.00449	0.04484	0.00356	0.00572
30	0.00890	0.00838	0.01414	0.82296	0.03247	0.01048	0.01309	0.01205	0.00943	0.01205	0.00838	0.01257	0.00629	0.00471	0.00471	0.00157	0.00629	0.00419	0.00210	0.00524
31	0.01164	0.21573	0.43037	0.01162	0.01681	0.13432	0.01304	0.01625	0.08205	0.01395	0.00881	0.00986	0.00677	0.00461	0.00413	0.00135	0.00645	0.00336	0.00232	0.00657
32	0.01174	0.01228	0.19822	0.01317	0.06114	0.00867	0.20854	0.01484	0.01108	0.18899	0.05207	0.15973	0.02418	0.00680	0.00516	0.00158	0.00546	0.00642	0.00356	0.00636
33	0.00890	0.00838	0.01414	0.82296	0.03247	0.01048	0.01309	0.01205	0.00943	0.01205	0.00838	0.01257	0.00629	0.00471	0.00471	0.00157	0.00629	0.00419	0.00210	0.00524
34	0.00582	0.00421	0.00558	0.00650	0.00690	0.00397	0.00442	0.00677	0.00922	0.01230	0.05844	0.71789	0.06923	0.01546	0.04711	0.00217	0.00320	0.01261	0.00432	0.00388
35	0.01720	0.01092	0.13830	0.00997	0.01398	0.00813	0.06179	0.03260	0.05554	0.52816	0.02727	0.05000	0.01183	0.00596	0.00482	0.00150	0.00467	0.00505	0.00485	0.00748
36	0.01213	0.05057	0.15607	0.15374	0.35702	0.01091	0.03820	0.02525	0.02152	0.11476	0.01003	0.01199	0.00757	0.00457	0.00461	0.00144	0.00577	0.00412	0.00273	0.00699
37	0.00941	0.03938	0.71727	0.01330	0.02946	0.01079	0.04195	0.01450	0.01004	0.01475	0.01046	0.01182	0.04652	0.00483	0.00454	0.00149	0.00671	0.00387	0.00213	0.00678
38	0.00980	0.00977	0.01317	0.58780	0.04032	0.11062	0.01170	0.01247	0.01001	0.01220	0.01045	0.05462	0.00922	0.00596	0.00503	0.00160	0.01868	0.06896	0.00244	0.00516
39	0.01238	0.05700	0.42135	0.01364	0.08338	0.01093	0.05619	0.02705	0.03364	0.16766	0.01061	0.01157	0.00755	0.00499	0.00529	0.00150	0.06134	0.00396	0.00291	0.00704
40	0.01219	0.02498	0.35758	0.07472	0.09761	0.00979	0.07105	0.01618	0.02845	0.18812	0.03765	0.03997	0.00977	0.00527	0.00473	0.00150	0.00582	0.00456	0.00315	0.00689
41	0.01008	0.00959	0.01639	0.39147	0.29352	0.01056	0.07765	0.01358	0.04679	0.01395	0.01027	0.01525	0.00855	0.00512	0.00489	0.00156	0.00594	0.05622	0.00248	0.00614
42	0.01067	0.00842	0.01349	0.11856	0.35493	0.00846	0.02195	0.01324	0.01153	0.09194	0.23372	0.01915	0.01839	0.00602	0.00488	0.00144	0.00445	0.00550	0.04704	0.00622
43	0.03131	0.03426	0.35276	0.01157	0.04196	0.04627	0.03714	0.01756	0.02532	0.28486	0.04487	0.01390	0.02631	0.00532	0.00461	0.00146	0.00557	0.00431	0.00359	0.00704
44	0.00832	0.03670	0.12028	0.01137	0.06584	0.00839	0.09988	0.01074	0.00854	0.01221	0.01106	0.01610	0.00999	0.06326	0.45231	0.00501	0.04770	0.00481	0.00240	0.00509
45	0.00595	0.00476	0.00532	0.00525	0.00662	0.00413	0.00391	0.00747	0.01153	0.01477	0.29938	0.08190	0.50975	0.01131	0.00559	0.00157	0.00235	0.00965	0.00465	0.00413
46	0.00863	0.01060	0.12648	0.07664	0.03122	0.00857	0.28930	0.01146	0.00994	0.01359	0.01560	0.32939	0.01622	0.00837	0.00568	0.00171	0.02001	0.00816	0.00307	0.00537
47	0.00948	0.01990	0.57792	0.10101	0.02055	0.01066	0.05330	0.01507	0.07576	0.01492	0.01136	0.01278	0.04651	0.00501	0.00464	0.00152	0.00644	0.00414	0.00238	0.00664
48	0.01093	0.01105	0.01436	0.59956	0.08084	0.13838	0.01235	0.05276	0.01079	0.01309	0.00839	0.01180	0.00642	0.00475	0.00464	0.00150	0.00654	0.00401	0.00230	0.00557
49	0.00571	0.00422	0.00535	0.00625	0.00676	0.00386	0.00424	0.00660	0.00933	0.01216	0.02981	0.69315	0.16678	0.01427	0.00594	0.00186	0.00267	0.01280	0.00438	0.00386
50	0.00928	0.11604	0.37930	0.09389	0.01792	0.01042	0.08087	0.01313	0.01068	0.01501	0.18065	0.02688	0.01481	0.00566	0.00468	0.00145	0.00567	0.00485	0.00277	0.00604
51	0.05002	0.03721	0.06391	0.00851	0.01119	0.04759	0.00717	0.01642	0.01133	0.39437	0.01786	0.24001	0.01567	0.00817	0.00546	0.00159	0.04584	0.00677	0.00456	0.00633
52	0.05421	0.00964	0.01581	0.14461	0.36020	0.00972	0.07333	0.01548	0.01093	0.18831	0.01195	0.06446	0.00956	0.00530	0.00476	0.00149	0.00527	0.00493	0.00322	0.00681
53	0.00993	0.01564	0.32440	0.08955	0.18174	0.01046	0.17089	0.01397	0.01054	0.01495	0.04946	0.01527	0.00989	0.00517	0.00495	0.00155	0.00641	0.05627	0.00247	0.00649
54	0.00823	0.02401	0.18637	0.05239	0.01523	0.00802	0.18208	0.01116	0.01054	0.01454	0.15112	0.22356	0.06408	0.00832	0.00550	0.00163	0.01683	0.00770	0.00337	0.00532
55	0.00869	0.00791	0.01313	0.72631	0.02937	0.00972	0.01200	0.01138	0.00927	0.01182	0.01037	0.01436	0.04689	0.00587	0.00568	0.05966	0.00594	0.00448	0.00221	0.00496
56	0.01054	0.14873	0.56410	0.01390	0.07529	0.01221	0.05384	0.02891	0.01029	0.02822	0.00847	0.00997	0.00629	0.00441	0.00433	0.00141	0.00654	0.00352	0.00215	0.00687
57	0.00961	0.01938	0.55977	0.01295	0.01848	0.01019	0.08885	0.01428	0.02253	0.03547	0.01220	0.03219	0.04031	0.00584	0.00521	0.00159	0.03438	0.06778	0.00251	0.00648
58	0.00980	0.10407	0.56866	0.01313	0.06944	0.02389	0.01465	0.02652	0.01012	0.01446	0.01015	0.09529	0.00874	0.00551	0.00450	0.00148	0.00624	0.00447	0.00232	0.00657
59	0.01011	0.01063	0.04473	0.35740	0.21501	0.03104	0.16860	0.01319	0.01013	0.01354	0.00967	0.05928	0.00816	0.00509	0.00515	0.00155	0.02341	0.00494	0.00235	0.00598
60	0.00915	0.00826	0.01375	0.29080	0.24595	0.00890	0.04488	0.01176	0.01017	0.01360	0.01461	0.09888	0.02971	0.00742	0.00527	0.00169	0.00533	0.17137	0.00292	0.00557
61	0.00966	0.04463	0.55399	0.09476	0.02083	0.01100	0.09292	0.01490	0.05010	0.01495	0.04182	0.01185	0.00814	0.00475	0.00463	0.00150	0.00658	0.00404	0.00232	0.00663
62	0.00991	0.00971	0.04221	0.24756	0.13665	0.00951	0.22538	0.01279	0.01050	0.04659	0.04144	0.01855	0.10242	0.00615	0.00558	0.03002	0.00584	0.03064	0.00281	0.00574
63	0.01152	0.00626	0.00755	0.00654	0.00882	0.00559	0.00514	0.01392	0.06511	0.28689	0.16389	0.03173	0.34986	0.00908	0.00523	0.00153	0.00301	0.00761	0.00504	0.00568
64	0.01186	0.07344	0.53833	0.01283	0.01840	0.21086	0.02516	0.03068	0.01103	0.01414	0.00812	0.00951	0.00606	0.00456	0.00435	0.00139	0.00721	0.00336	0.00216	0.00655
65	0.01314	0.03567	0.42072	0.01265	0.02764	0.01031	0.10191	0.06896	0.01177	0.21350	0.01169	0.03172	0.00830	0.00508	0.00469	0.00149	0.00606	0.00431	0.00324	0.00714
66	0.00922	0.00810	0.01338	0.29740	0.21320	0.00872	0.05159	0.01159	0.00997	0.04112	0.02693	0.20479	0.05358	0.00744	0.00531	0.00162	0.02074	0.00678	0.00299	0.00554
67	0.00651	0.00481	0.00608	0.00576	0.00695	0.00438	0.00432	0.00859	0.01297	0.01801	0.69262	0.03670	0.15483	0.00997	0.00556	0.00150	0.00225	0.00873	0.00507	0.00438
68	0.00885	0.00803	0.01323	0.44383	0.19708	0.00909	0.01144	0.01143	0.00974	0.01293	0.01281	0.16415	0.01249	0.00699	0.00506	0.00164	0.00536	0.05773	0.00271	0.00541
69	0.00903	0.00788	0.01246	0.20287	0.22549	0.00835	0.03523	0.01119	0.01007	0.03888	0.05597	0.12477	0.13560	0.02943	0.03048	0.00185	0.04525	0.00664	0.00312	0.00545
70	0.00961	0.02333	0.73902	0.01402	0.02079	0.01104	0.08721	0.01495	0.01006	0.01495	0.00856	0.01021	0.00608	0.00443	0.00458	0.00150	0.00706	0.00367	0.00203	0.00691
71	0.00957	0.00909	0.01468	0.02026	0.49410	0.00878	0.04932	0.01188	0.01076	0.01448	0.02215	0.02320	0.27830	0.00683	0.00502	0.00148	0.00462	0.00623	0.00303	0.00623
72	0.00957	0.02373	0.77043	0.01421	0.05953	0.01096	0.01727	0.01491	0.00999	0.01496	0.00848	0.01004	0.00605	0.00447	0.00449	0.00149	0.00690	0.00352	0.00201	0.00699
73	0.01075	0.00820	0.01395	0.16516	0.05725	0.00838	0.16967	0.03162	0.01064	0.13956	0.01601	0.25592	0.01548	0.00813	0.00578	0.00169	0.03908	0.03351	0.00357	0.00564
74	0.01889	0.01166	0.01319	0.01011	0.01385	0.01232	0.00835	0.55991	0.01957	0.26263	0.01350	0.01273	0.00911	0.00571	0.00472	0.00143	0.00484	0.00439	0.00505	0.00802
75	0.01182	0.01151	0.05735	0.04570	0.64614	0.01085	0.01361	0.01523	0.05066	0.04823	0.00975	0.01202	0.00787	0.00438	0.00463	0.00140	0.00545	0.00420	0.00260	0.03660
76	0.01341	0.01182	0.01155	0.01006	0.01291	0.08553	0.00789	0.16585	0.58175	0.02083	0.01665	0.01560	0.01246	0.00612	0.00473	0.00153	0.00444	0.00492	0.00457	0.00738
77	0.00683	0.00468	0.00570	0.00570	0.00589	0.00487	0.00355	0.00721	0.00702	0.00956	0.01435	0.02803	0.01592	0.65129	0.20532	0.00526	0.00642	0.00644	0.00278	0.00317
78	0.00559	0.00478	0.00481	0.00480	0.00638	0.00399	0.00360	0.00681	0.01080	0.01286	0.06312	0.04517	0.78754	0.01189	0.00557	0.00159	0.00238	0.00992	0.00439	0.00399
79	0.01163	0.00964	0.01035	0.00922	0.01187	0.01090	0.00718	0.02346	0.69186	0.04558	0.07164	0.01847	0.01609	0.00650	0.00480	0.00156	0.00363	0.00544	0.00479	0.03537
80	0.00946	0.00884	0.01442	0.69191	0.07015	0.01096	0.01281	0.03863	0.00976	0.01277	0.00834	0.01231	0.00640	0.00499	0.00554	0.00160	0.06929	0.00419	0.00219	0.00544
81	0.01058	0.13913	0.61496	0.01324	0.05868	0.01200	0.01541	0.02990	0.01030	0.04175	0.00861	0.00993	0.00629	0.00447	0.00429	0.00142	0.00649	0.00344	0.00220	0.00692
82	0.04664	0.02023	0.01375	0.01379	0.10549	0.66010	0.00954	0.03222	0.03230	0.01285	0.00781	0.00911	0.00644	0.00482	0.00427	0.00126	0.00782	0.00323	0.00254	0.00578
83	0.00575	0.00441	0.00517	0.00574	0.00653	0.00394	0.00395	0.00667	0.00958	0.01213	0.03409	0.45780	0.34396	0.06889	0.00705	0.00196	0.00272	0.01156	0.00427	0.00383
84	0.01239	0.68118	0.13741	0.00904	0.01342	0.05542	0.00947	0.01446	0.00981	0.01167	0.00686	0.00795	0.00604	0.00414	0.00329	0.00109	0.00548	0.00268	0.00203	0.00616
85	0.01372	0.01302	0.17485	0.01595	0.17498	0.01002	0.17158	0.01799	0.08495	0.24010	0.02698	0.01376	0.00961	0.00498	0.00486	0.00149	0.00567	0.00468	0.00355	0.00724
86	0.02115	0.00802	0.01094	0.00839	0.01204	0.00693	0.00693	0.02298	0.01350	0.80815	0.01860	0.01605	0.01167	0.00584	0.00474	0.00146	0.00401	0.00474	0.00584	0.00802
87	0.00558	0.00473	0.00482	0.00490	0.00640	0.00397	0.00364	0.00675	0.01063	0.01269	0.04630	0.09838	0.75092	0.01213	0.00560	0.00161	0.00241	0.01018	0.00438	0.00397
88	0.00946	0.02439	0.80987	0.01344	0.02041	0.01095	0.01742	0.01493	0.00995	0.01493	0.00846	0.00995	0.00597	0.00448	0.00448	0.00149	0.00697	0.00348	0.00199	0.00697
89	0.00991	0.00913	0.01447	0.08592	0.01583	0.01013	0.19100	0.01479	0.19622	0.03229	0.01519	0.16661	0.01418	0.00842	0.02392	0.00188	0.13920	0.04176	0.00342	0.00576
90	0.02115	0.00802	0.01094	0.00839	0.01204	0.00693	0.00693	0.02298	0.01350	0.80815	0.01860	0.01605	0.01167	0.00584	0.00474	0.00146	0.00401	0.00474	0.00584	0.00802
91	0.00574	0.00412	0.00546	0.00653	0.00683	0.00383	0.00436	0.00657	0.00907	0.01205	0.02647	0.81371	0.04838	0.01471	0.00601	0.00191	0.00273	0.01333	0.00438	0.00383
92	0.01765	0.00755	0.01004	0.00795	0.01102	0.00675	0.00646	0.05866	0.01390	0.58673	0.19885	0.02023	0.01905	0.00670	0.00493	0.00146	0.00366	0.00559	0.00563	0.00720
93	0.01612	0.02022	0.01669	0.01393	0.01690	0.63022	0.18854	0.01797	0.01285	0.01236	0.00781	0.00947	0.00632	0.00466	0.00455	0.00130	0.00838	0.00362	0.00242	0.00567
94	0.01001	0.00882	0.01134	0.00916	0.06541	0.00699	0.04595	0.01243	0.02304	0.01543	0.00865	0.01018	0.00715	0.00361	0.00370	0.00081	0.00386	0.00307	0.00278	0.74761
95	0.00806	0.00636	0.00747	0.00700	0.00860	0.00653	0.00538	0.01336	0.23623	0.01838	0.47756	0.03191	0.10137	0.00907	0.00539	0.00156	0.00277	0.04279	0.00497	0.00526
96	0.01400	0.57202	0.02113	0.00890	0.01279	0.01721	0.00828	0.22396	0.05354	0.01657	0.00849	0.00909	0.00701	0.00459	0.00357	0.00115	0.00501	0.00313	0.00289	0.00665
97	0.00768	0.00621	0.00851	0.00795	0.00848	0.00745	0.00602	0.00876	0.00737	0.01068	0.01166	0.01984	0.01187	0.25265	0.38509	0.00525	0.19251	0.00527	0.00252	0.03421
98	0.01716	0.09672	0.01440	0.01178	0.01435	0.74275	0.00902	0.01840	0.01302	0.01150	0.00722	0.00842	0.00607	0.00478	0.00414	0.00120	0.00819	0.00299	0.00239	0.00552
99	0.00684	0.00462	0.00539	0.00539	0.00548	0.00471	0.00317	0.00702	0.00693	0.00933	0.01463	0.02959	0.01659	0.75231	0.10523	0.00488	0.00540	0.00667	0.00282	0.00300
100	0.01924	0.00896	0.01113	0.00862	0.01207	0.00857	0.00709	0.20840	0.01528	0.54660	0.01654	0.01504	0.01082	0.00576	0.00460	0.00142	0.00413	0.00459	0.08345	0.00769
101	0.00567	0.00457	0.00505	0.00537	0.00654	0.00395	0.00386	0.00679	0.01033	0.01278	0.07228	0.28430	0.53661	0.01271	0.00571	0.00169	0.00249	0.01094	0.00441	0.00395
102	0.01261	0.83713	0.02471	0.00807	0.01210	0.01866	0.00807	0.01412	0.00958	0.01109	0.00656	0.00756	0.00605	0.00403	0.00303	0.00101	0.00504	0.00252	0.00202	0.00605
103	0.01885	0.00580	0.00881	0.14814	0.06590	0.00596	0.03352	0.00869	0.00945	0.01268	0.02137	0.51848	0.03992	0.01163	0.00568	0.00182	0.00385	0.07125	0.00376	0.00446
104	0.02544	0.27292	0.06944	0.01276	0.07929	0.03949	0.15416	0.07833	0.01188	0.18263	0.01036	0.01118	0.00770	0.00468	0.00448	0.00134	0.02001	0.00394	0.00316	0.00681
105	0.79368	0.00881	0.00699	0.00634	0.00912	0.01011	0.00520	0.01367	0.00826	0.03662	0.00806	0.03654	0.00682	0.00503	0.00318	0.00150	0.00365	0.02825	0.00307	0.00510
106	0.01715	0.02085	0.01314	0.01201	0.02510	0.71186	0.00894	0.04514	0.04581	0.02776	0.00831	0.00962	0.00683	0.02182	0.00471	0.00131	0.00799	0.00330	0.00268	0.00566
107	0.00662	0.00527	0.00698	0.04852	0.05777	0.00502	0.00588	0.00810	0.01013	0.01294	0.03113	0.30434	0.28624	0.01228	0.00583	0.00181	0.00333	0.17938	0.00413	0.00429
108	0.00770	0.00647	0.00968	0.06014	0.08279	0.00760	0.00747	0.00940	0.00814	0.01157	0.01364	0.04388	0.05634	0.04125	0.49645	0.00532	0.11953	0.00538	0.00259	0.00464
109	0.10538	0.01050	0.06922	0.41555	0.14965	0.01079	0.10077	0.01311	0.00963	0.01415	0.00839	0.01170	0.00650	0.00497	0.01532	0.00161	0.02886	0.00411	0.00226	0.01754
110	0.59352	0.08479	0.00947	0.00704	0.00998	0.03513	0.00587	0.03592	0.00942	0.10363	0.02466	0.03014	0.00749	0.00500	0.00360	0.00143	0.02082	0.00327	0.00325	0.00555

[dist]
# distance from previous block
# <min> <max>
0	29

# created by:
# /st0/software/busco_prod/Augustus/scripts/msa2prfl.pl ./align_prep/62890.fa
