[name]
unknown

[dist]
# distance from previous block
# <min> <max>
0	65

[block]
# block no. 0 follows, 50 sequences, length 20
# corresponding to MSA columns:
# 65-77,81-87
name=unknown_A
#
# <colnr> <probs for GDERKNQSTAVLIFYWHMCP>
#	G	D	E	R	K	N	Q	S	T	A	V	L	I	F	Y	W	H	M	C	P
0	0.03310	0.00510	0.00646	0.00709	0.00779	0.00495	0.00503	0.02433	0.01016	0.03385	0.07308	0.50091	0.04448	0.11031	0.02286	0.00242	0.00358	0.09576	0.00445	0.00429
1	0.09190	0.00639	0.00706	0.00682	0.00849	0.02972	0.00515	0.01113	0.01171	0.12159	0.19543	0.22758	0.21093	0.01099	0.00560	0.00172	0.00321	0.03474	0.00481	0.00503
2	0.23959	0.00937	0.01029	0.09570	0.05232	0.02745	0.00749	0.11899	0.05715	0.08741	0.11947	0.01759	0.05708	0.00635	0.00453	0.00152	0.00427	0.00500	0.05047	0.02795
3	0.09135	0.00855	0.02266	0.00842	0.02456	0.02277	0.00651	0.07310	0.11366	0.20712	0.11449	0.07561	0.06382	0.07591	0.02084	0.00195	0.00414	0.00635	0.03044	0.02776
4	0.07159	0.00782	0.00897	0.00773	0.01030	0.00776	0.00610	0.05659	0.16061	0.22264	0.19348	0.02727	0.18181	0.00839	0.00526	0.00160	0.00345	0.00696	0.00521	0.00644
5	0.03314	0.10902	0.23826	0.05641	0.03128	0.06452	0.02305	0.07894	0.02580	0.05331	0.05726	0.08107	0.04199	0.00735	0.00601	0.05979	0.01815	0.00526	0.00318	0.00622
6	0.14594	0.00967	0.01125	0.00886	0.01245	0.00962	0.00729	0.18486	0.03345	0.45110	0.01591	0.01469	0.01056	0.00589	0.00463	0.00151	0.00433	0.00455	0.05566	0.00778
7	0.00725	0.00483	0.00544	0.00544	0.00544	0.00483	0.00302	0.00725	0.00725	0.00966	0.01571	0.03262	0.01812	0.82483	0.02537	0.00483	0.00483	0.00725	0.00302	0.00302
8	0.01152	0.01013	0.01093	0.00803	0.01232	0.05257	0.00641	0.07637	0.01164	0.01727	0.00905	0.01039	0.00742	0.00396	0.00384	0.00083	0.00414	0.00309	0.00310	0.73697
9	0.01419	0.70007	0.02429	0.00910	0.01321	0.07821	0.00869	0.07851	0.01153	0.01340	0.00741	0.00840	0.00657	0.00447	0.00344	0.00112	0.00562	0.00286	0.00240	0.00652
10	0.86003	0.00964	0.00733	0.00655	0.00964	0.01118	0.00540	0.01465	0.00848	0.02236	0.00694	0.00810	0.00540	0.00463	0.00308	0.00154	0.00386	0.00270	0.00308	0.00540
11	0.07209	0.00855	0.01132	0.00873	0.01254	0.00755	0.00721	0.02372	0.01392	0.75119	0.01891	0.01644	0.01193	0.00608	0.00490	0.00154	0.00422	0.00488	0.00599	0.00830
12	0.01034	0.00886	0.01034	0.00738	0.01181	0.00664	0.00591	0.01255	0.01034	0.01624	0.00886	0.01034	0.00738	0.00369	0.00369	0.00074	0.00369	0.00295	0.00295	0.85530
13	0.02102	0.00956	0.01215	0.00929	0.01320	0.00886	0.00766	0.16883	0.01581	0.60526	0.01757	0.01563	0.01131	0.00599	0.00493	0.00149	0.00445	0.00479	0.00576	0.05643
14	0.01333	0.82783	0.02612	0.00853	0.01279	0.01972	0.00853	0.01493	0.01013	0.01173	0.00693	0.00800	0.00640	0.00426	0.00320	0.00107	0.00533	0.00267	0.00213	0.00640
15	0.01195	0.01024	0.01089	0.00982	0.01250	0.01176	0.00763	0.02507	0.72082	0.02078	0.08421	0.02014	0.01785	0.00705	0.00514	0.00168	0.00381	0.00592	0.00511	0.00763
16	0.00929	0.00465	0.00465	0.00465	0.00581	0.00465	0.00348	0.01161	0.01045	0.01858	0.01626	0.01858	0.01278	0.00581	0.00348	0.00116	0.00232	0.00465	0.85250	0.00465
17	0.00705	0.00510	0.00666	0.00627	0.00745	0.00470	0.00470	0.00941	0.01411	0.01999	0.79110	0.03723	0.04703	0.01019	0.00588	0.00157	0.00235	0.00901	0.00549	0.00470
18	0.01234	0.01184	0.02023	0.03059	0.79373	0.01184	0.01530	0.01530	0.01135	0.01628	0.00938	0.01234	0.00790	0.00444	0.00493	0.00148	0.00592	0.00444	0.00247	0.00790
19	0.01334	0.06004	0.08641	0.01800	0.15196	0.01306	0.29304	0.18490	0.04536	0.01941	0.01045	0.01240	0.00795	0.00476	0.00511	0.00151	0.00661	0.00478	0.00313	0.05777

[dist]
# distance from previous block
# <min> <max>
0	1

[block]
# block no. 1 follows, 50 sequences, length 36
# corresponding to MSA columns:
# 89-124
name=unknown_B
#
# <colnr> <probs for GDERKNQSTAVLIFYWHMCP>
#	G	D	E	R	K	N	Q	S	T	A	V	L	I	F	Y	W	H	M	C	P
0	0.00941	0.00886	0.01495	0.81285	0.03433	0.01107	0.01384	0.01274	0.00997	0.01274	0.00886	0.01329	0.00664	0.00498	0.00498	0.00166	0.00664	0.00443	0.00221	0.00554
1	0.01469	0.00840	0.01033	0.00846	0.01133	0.00807	0.02054	0.01935	0.20647	0.30606	0.01725	0.01973	0.01351	0.18205	0.00923	0.00218	0.00429	0.00537	0.00469	0.12799
2	0.01862	0.02376	0.01413	0.01284	0.01541	0.80482	0.00963	0.01990	0.01413	0.01220	0.00770	0.00899	0.00642	0.00514	0.00449	0.00128	0.00899	0.00321	0.00257	0.00578
3	0.01137	0.01621	0.20192	0.01948	0.02505	0.01237	0.60590	0.01593	0.01149	0.01593	0.00983	0.01279	0.00728	0.00432	0.00563	0.00166	0.00817	0.00539	0.00243	0.00687
4	0.01034	0.00886	0.01034	0.00738	0.01181	0.00664	0.00591	0.01255	0.01034	0.01624	0.00886	0.01034	0.00738	0.00369	0.00369	0.00074	0.00369	0.00295	0.00295	0.85530
5	0.01833	0.02327	0.01417	0.01285	0.01532	0.77483	0.00968	0.01960	0.01388	0.01219	0.00766	0.00906	0.00643	0.00527	0.00494	0.00132	0.03962	0.00325	0.00255	0.00577
6	0.01091	0.01091	0.01527	0.01309	0.01309	0.01527	0.01091	0.01200	0.00763	0.01200	0.00654	0.01091	0.00654	0.00872	0.01636	0.00218	0.81570	0.00436	0.00218	0.00545
7	0.86003	0.00964	0.00733	0.00655	0.00964	0.01118	0.00540	0.01465	0.00848	0.02236	0.00694	0.00810	0.00540	0.00463	0.00308	0.00154	0.00386	0.00270	0.00308	0.00540
8	0.01543	0.01226	0.09263	0.01974	0.31793	0.01041	0.13384	0.01872	0.02671	0.28183	0.01315	0.01403	0.00934	0.00506	0.00510	0.00155	0.00585	0.00482	0.00375	0.00786
9	0.02112	0.00849	0.01163	0.00907	0.01259	0.00772	0.00748	0.02300	0.01365	0.72250	0.01869	0.01673	0.01202	0.00755	0.03751	0.00184	0.04945	0.00499	0.00581	0.00815
10	0.00941	0.00886	0.01495	0.81285	0.03433	0.01107	0.01384	0.01274	0.00997	0.01274	0.00886	0.01329	0.00664	0.00498	0.00498	0.00166	0.00664	0.00443	0.00221	0.00554
11	0.01617	0.01250	0.01341	0.01069	0.01436	0.01371	0.00866	0.47886	0.25295	0.02681	0.01420	0.01383	0.01042	0.00601	0.00489	0.00148	0.00485	0.00469	0.00482	0.08668
12	0.01176	0.01345	0.02941	0.02101	0.02605	0.01261	0.77563	0.01597	0.01176	0.01597	0.01008	0.01345	0.00756	0.00420	0.00588	0.00168	0.00840	0.00588	0.00252	0.00672
13	0.01296	0.03552	0.05821	0.00906	0.01350	0.01000	0.00779	0.23635	0.02847	0.02060	0.00993	0.01091	0.00776	0.00450	0.00414	0.00104	0.00448	0.00348	0.00351	0.51781
14	0.07225	0.00707	0.02523	0.00869	0.01075	0.00633	0.06390	0.01353	0.01107	0.24810	0.02200	0.44613	0.02239	0.01093	0.00566	0.00181	0.00387	0.00978	0.00477	0.00574
15	0.05695	0.05645	0.12464	0.01226	0.01532	0.03651	0.07813	0.05269	0.01114	0.20624	0.01073	0.01226	0.00804	0.00647	0.00878	0.00175	0.28715	0.00436	0.00336	0.00677
16	0.01455	0.01156	0.01250	0.01104	0.03552	0.02878	0.00850	0.20611	0.48549	0.06915	0.01745	0.02948	0.01311	0.00664	0.00534	0.00164	0.02498	0.00535	0.00491	0.00790
17	0.01340	0.01486	0.01065	0.01008	0.01195	0.40130	0.00745	0.08104	0.01320	0.01418	0.01847	0.27633	0.08832	0.00931	0.00527	0.00158	0.00610	0.00756	0.00364	0.00531
18	0.01034	0.00886	0.01034	0.00738	0.01181	0.00664	0.00591	0.01255	0.01034	0.01624	0.00886	0.01034	0.00738	0.00369	0.00369	0.00074	0.00369	0.00295	0.00295	0.85530
19	0.00717	0.00515	0.00703	0.00703	0.00758	0.00570	0.00501	0.00827	0.00772	0.01084	0.01425	0.02455	0.01462	0.33774	0.50766	0.00680	0.01010	0.00607	0.00280	0.00390
20	0.01099	0.01991	0.42345	0.08667	0.02394	0.05169	0.28055	0.01579	0.01109	0.01540	0.00927	0.01170	0.00678	0.00459	0.00514	0.00161	0.00774	0.00449	0.00228	0.00690
21	0.00693	0.00507	0.00650	0.00619	0.00738	0.00464	0.00462	0.00915	0.01375	0.01924	0.70794	0.06013	0.10872	0.01055	0.00589	0.00159	0.00238	0.00928	0.00539	0.00464
22	0.00808	0.00626	0.00751	0.00706	0.00861	0.00626	0.00540	0.01272	0.17047	0.01940	0.54057	0.03510	0.10498	0.00984	0.00575	0.00163	0.00278	0.03698	0.00529	0.00530
23	0.02236	0.00848	0.01157	0.00887	0.01272	0.00733	0.00733	0.02429	0.01427	0.79719	0.01966	0.01697	0.01234	0.00617	0.00501	0.00154	0.00424	0.00501	0.00617	0.00848
24	0.01680	0.27764	0.01837	0.01048	0.01447	0.03488	0.00909	0.47622	0.05600	0.02408	0.01064	0.01094	0.00808	0.00545	0.00440	0.00136	0.00544	0.00392	0.00401	0.00771
25	0.28827	0.01092	0.01135	0.00913	0.01269	0.01178	0.00749	0.27935	0.08153	0.22049	0.01301	0.01256	0.00904	0.00566	0.00439	0.00154	0.00452	0.00415	0.00468	0.00744
26	0.01475	0.04513	0.20482	0.01500	0.01968	0.24294	0.23795	0.05500	0.01291	0.08973	0.01002	0.01154	0.00740	0.00488	0.00499	0.00150	0.00769	0.00433	0.00289	0.00684
27	0.01388	0.01113	0.01268	0.01059	0.01353	0.04760	0.05408	0.17524	0.35579	0.08000	0.13250	0.01898	0.01732	0.00689	0.00547	0.00161	0.02476	0.00573	0.00486	0.00735
28	0.00715	0.00521	0.00733	0.00733	0.00799	0.00586	0.00538	0.00847	0.00781	0.01107	0.01397	0.02302	0.01395	0.24504	0.59946	0.00717	0.01110	0.00584	0.00276	0.00407
29	0.24990	0.01163	0.01398	0.01172	0.01332	0.05757	0.06427	0.05918	0.00947	0.01636	0.00730	0.01026	0.00640	0.00689	0.01055	0.00188	0.43700	0.00395	0.00265	0.00573
30	0.01034	0.00886	0.01034	0.00738	0.01181	0.00664	0.00591	0.01255	0.01034	0.01624	0.00886	0.01034	0.00738	0.00369	0.00369	0.00074	0.00369	0.00295	0.00295	0.85530
31	0.86003	0.00964	0.00733	0.00655	0.00964	0.01118	0.00540	0.01465	0.00848	0.02236	0.00694	0.00810	0.00540	0.00463	0.00308	0.00154	0.00386	0.00270	0.00308	0.00540
32	0.01279	0.04627	0.06610	0.01664	0.02115	0.03020	0.44235	0.10091	0.17515	0.01841	0.01219	0.01389	0.00913	0.00498	0.00541	0.00162	0.00698	0.00537	0.00329	0.00716
33	0.01141	0.01507	0.16406	0.01779	0.02299	0.01198	0.51230	0.01669	0.08494	0.01642	0.01076	0.01319	0.00805	0.00450	0.00544	0.00160	0.00746	0.00526	0.00272	0.06737
34	0.00605	0.00506	0.00527	0.00522	0.00683	0.00428	0.00391	0.00746	0.01174	0.01435	0.15124	0.04651	0.69041	0.01229	0.00589	0.00167	0.00250	0.01031	0.00475	0.00428
35	0.01573	0.01350	0.02003	0.01491	0.01919	0.01414	0.29454	0.43114	0.08262	0.02478	0.01196	0.01307	0.00870	0.00539	0.00533	0.00158	0.00644	0.00510	0.00408	0.00777

[dist]
# distance from previous block
# <min> <max>
5	26

[block]
# block no. 2 follows, 50 sequences, length 66
# corresponding to MSA columns:
# 153-167,169-189,194-223
name=unknown_C
#
# <colnr> <probs for GDERKNQSTAVLIFYWHMCP>
#	G	D	E	R	K	N	Q	S	T	A	V	L	I	F	Y	W	H	M	C	P
0	0.03588	0.01439	0.02088	0.05342	0.10441	0.11755	0.31313	0.22754	0.01515	0.03337	0.01025	0.01225	0.00769	0.00493	0.00522	0.00155	0.00714	0.00483	0.00327	0.00716
1	0.01261	0.26341	0.23495	0.01112	0.01579	0.01452	0.03018	0.06960	0.25157	0.03062	0.01227	0.01254	0.00938	0.00532	0.00442	0.00145	0.00553	0.00411	0.00331	0.00731
2	0.00789	0.00611	0.00761	0.00738	0.00857	0.00630	0.00549	0.01180	0.14173	0.01809	0.44939	0.21592	0.03664	0.01082	0.00632	0.00172	0.03858	0.00945	0.00507	0.00512
3	0.00725	0.00483	0.00544	0.00544	0.00544	0.00483	0.00302	0.00725	0.00725	0.00966	0.01571	0.03262	0.01812	0.82483	0.02537	0.00483	0.00483	0.00725	0.00302	0.00302
4	0.00941	0.00886	0.01495	0.81285	0.03433	0.01107	0.01384	0.01274	0.00997	0.01274	0.00886	0.01329	0.00664	0.00498	0.00498	0.00166	0.00664	0.00443	0.00221	0.00554
5	0.86003	0.00964	0.00733	0.00655	0.00964	0.01118	0.00540	0.01465	0.00848	0.02236	0.00694	0.00810	0.00540	0.00463	0.00308	0.00154	0.00386	0.00270	0.00308	0.00540
6	0.00725	0.00483	0.00544	0.00544	0.00544	0.00483	0.00302	0.00725	0.00725	0.00966	0.01571	0.03262	0.01812	0.82483	0.02537	0.00483	0.00483	0.00725	0.00302	0.00302
7	0.00725	0.00483	0.00544	0.00544	0.00544	0.00483	0.00302	0.00725	0.00725	0.00966	0.01571	0.03262	0.01812	0.82483	0.02537	0.00483	0.00483	0.00725	0.00302	0.00302
8	0.00614	0.00451	0.00562	0.00646	0.00698	0.00415	0.00433	0.00701	0.00968	0.01259	0.03071	0.60768	0.17269	0.08695	0.00796	0.00221	0.00300	0.01288	0.00448	0.00399
9	0.01176	0.01345	0.02941	0.02101	0.02605	0.01261	0.77563	0.01597	0.01176	0.01597	0.01008	0.01345	0.00756	0.00420	0.00588	0.00168	0.00840	0.00588	0.00252	0.00672
10	0.02236	0.00848	0.01157	0.00887	0.01272	0.00733	0.00733	0.02429	0.01427	0.79719	0.01966	0.01697	0.01234	0.00617	0.00501	0.00154	0.00424	0.00501	0.00617	0.00848
11	0.00941	0.00886	0.01495	0.81285	0.03433	0.01107	0.01384	0.01274	0.00997	0.01274	0.00886	0.01329	0.00664	0.00498	0.00498	0.00166	0.00664	0.00443	0.00221	0.00554
12	0.01333	0.82783	0.02612	0.00853	0.01279	0.01972	0.00853	0.01493	0.01013	0.01173	0.00693	0.00800	0.00640	0.00426	0.00320	0.00107	0.00533	0.00267	0.00213	0.00640
13	0.02213	0.00886	0.01180	0.00905	0.01291	0.00789	0.00747	0.07648	0.01490	0.74410	0.01913	0.01662	0.01207	0.00616	0.00501	0.00154	0.00433	0.00498	0.00609	0.00848
14	0.01472	0.16751	0.02089	0.01420	0.01772	0.24847	0.24210	0.04333	0.04879	0.04696	0.00941	0.01122	0.00751	0.00517	0.00582	0.00148	0.08118	0.00426	0.00279	0.00645
15	0.01552	0.01226	0.01303	0.01078	0.01415	0.01386	0.00865	0.38448	0.42165	0.02589	0.01632	0.01543	0.01200	0.00639	0.00503	0.00160	0.00468	0.00509	0.00503	0.00817
16	0.01801	0.02284	0.01548	0.01357	0.01635	0.73444	0.07768	0.01955	0.01392	0.01253	0.00792	0.00938	0.00652	0.00505	0.00462	0.00132	0.00894	0.00345	0.00256	0.00586
17	0.01008	0.04667	0.77887	0.01406	0.02134	0.01179	0.01816	0.01576	0.01051	0.01568	0.00889	0.01046	0.00632	0.00472	0.00470	0.00157	0.00731	0.00366	0.00211	0.00734
18	0.00866	0.00433	0.00649	0.00649	0.00649	0.00433	0.00433	0.00649	0.00649	0.00866	0.00866	0.01515	0.00866	0.01732	0.01948	0.85498	0.00433	0.00433	0.00216	0.00216
19	0.00595	0.00505	0.00513	0.00511	0.00677	0.00423	0.00383	0.00726	0.01149	0.01377	0.08548	0.04746	0.75654	0.01251	0.00589	0.00168	0.00252	0.01045	0.00467	0.00423
20	0.86003	0.00964	0.00733	0.00655	0.00964	0.01118	0.00540	0.01465	0.00848	0.02236	0.00694	0.00810	0.00540	0.00463	0.00308	0.00154	0.00386	0.00270	0.00308	0.00540
21	0.01227	0.02150	0.52991	0.01410	0.03643	0.01255	0.05483	0.18858	0.04841	0.01957	0.01021	0.01140	0.00730	0.00508	0.00487	0.00157	0.00681	0.00408	0.00292	0.00762
22	0.00853	0.00437	0.00640	0.00640	0.00640	0.00437	0.00421	0.00656	0.00656	0.00875	0.00928	0.01670	0.00950	0.08905	0.02000	0.77945	0.00437	0.00459	0.00224	0.00224
23	0.00730	0.00669	0.04796	0.00784	0.00955	0.00580	0.05471	0.00959	0.01179	0.01632	0.38123	0.06218	0.14933	0.01630	0.18752	0.00308	0.00554	0.00814	0.00432	0.00481
24	0.01109	0.07230	0.31150	0.03350	0.08912	0.01256	0.32082	0.01540	0.01093	0.01537	0.00953	0.02587	0.00744	0.00481	0.00559	0.00161	0.03851	0.00479	0.00235	0.00692
25	0.01746	0.01322	0.01412	0.01117	0.01489	0.01476	0.00911	0.60648	0.19650	0.02901	0.01386	0.01347	0.01001	0.00616	0.00501	0.00154	0.00513	0.00475	0.00501	0.00834
26	0.01024	0.03425	0.47473	0.01264	0.01876	0.01027	0.08353	0.01469	0.01056	0.01579	0.00937	0.02728	0.00728	0.00460	0.00455	0.00135	0.00629	0.00387	0.00244	0.24752
27	0.01862	0.02376	0.01413	0.01284	0.01541	0.80482	0.00963	0.01990	0.01413	0.01220	0.00770	0.00899	0.00642	0.00514	0.00449	0.00128	0.00899	0.00321	0.00257	0.00578
28	0.01240	0.01071	0.01127	0.01014	0.01296	0.01240	0.00789	0.02649	0.78473	0.02085	0.02029	0.01860	0.01522	0.00676	0.00507	0.00169	0.00394	0.00564	0.00507	0.00789
29	0.01324	0.01356	0.01935	0.02803	0.68131	0.12638	0.01448	0.01596	0.01175	0.01569	0.00913	0.01185	0.00768	0.00454	0.00487	0.00145	0.00636	0.00426	0.00248	0.00759
30	0.03392	0.01083	0.01134	0.01011	0.01299	0.01251	0.00790	0.06001	0.73099	0.02136	0.01958	0.01804	0.01467	0.00667	0.00502	0.00168	0.00401	0.00551	0.00502	0.00785
31	0.00589	0.00505	0.00505	0.00505	0.00673	0.00421	0.00379	0.00715	0.01136	0.01347	0.05049	0.04797	0.79171	0.01262	0.00589	0.00168	0.00252	0.01052	0.00463	0.00421
32	0.01034	0.00886	0.01034	0.00738	0.01181	0.00664	0.00591	0.01255	0.01034	0.01624	0.00886	0.01034	0.00738	0.00369	0.00369	0.00074	0.00369	0.00295	0.00295	0.85530
33	0.01000	0.02578	0.79900	0.01421	0.02157	0.01158	0.01842	0.01579	0.01052	0.01579	0.00895	0.01052	0.00631	0.00474	0.00474	0.00158	0.00737	0.00368	0.00210	0.00737
34	0.00929	0.00465	0.00465	0.00465	0.00581	0.00465	0.00348	0.01161	0.01045	0.01858	0.01626	0.01858	0.01278	0.00581	0.00348	0.00116	0.00232	0.00465	0.85250	0.00465
35	0.01930	0.01339	0.01460	0.01120	0.01517	0.01461	0.00925	0.69856	0.02248	0.11132	0.01277	0.01249	0.00888	0.00600	0.00499	0.00150	0.00536	0.00454	0.00511	0.00848
36	0.02105	0.01059	0.01287	0.00987	0.01378	0.01046	0.00815	0.31433	0.01780	0.50216	0.01670	0.01504	0.01085	0.00610	0.00500	0.00152	0.00472	0.00481	0.00571	0.00848
37	0.00621	0.00506	0.00550	0.00539	0.00693	0.00435	0.00404	0.00778	0.01212	0.01527	0.25574	0.04499	0.58534	0.01195	0.00589	0.00165	0.00248	0.01010	0.00487	0.00435
38	0.01240	0.01071	0.01127	0.01014	0.01296	0.01240	0.00789	0.02649	0.78473	0.02085	0.02029	0.01860	0.01522	0.00676	0.00507	0.00169	0.00394	0.00564	0.00507	0.00789
39	0.01091	0.01091	0.01527	0.01309	0.01309	0.01527	0.01091	0.01200	0.00763	0.01200	0.00654	0.01091	0.00654	0.00872	0.01636	0.00218	0.81570	0.00436	0.00218	0.00545
40	0.14137	0.01067	0.01209	0.00945	0.01314	0.01098	0.00778	0.31887	0.01704	0.35124	0.04689	0.01456	0.01126	0.00604	0.00476	0.00153	0.00460	0.00464	0.00523	0.00788
41	0.01333	0.82783	0.02612	0.00853	0.01279	0.01972	0.00853	0.01493	0.01013	0.01173	0.00693	0.00800	0.00640	0.00426	0.00320	0.00107	0.00533	0.00267	0.00213	0.00640
42	0.01810	0.02280	0.01411	0.01304	0.03459	0.74995	0.00961	0.01947	0.01389	0.01248	0.00780	0.00913	0.00650	0.00506	0.00447	0.00126	0.00868	0.00323	0.00258	0.04326
43	0.00996	0.00942	0.01594	0.66602	0.17687	0.01122	0.01412	0.01322	0.01023	0.01340	0.00896	0.01311	0.00688	0.00488	0.00497	0.00163	0.00651	0.00443	0.00226	0.00598
44	0.01333	0.82783	0.02612	0.00853	0.01279	0.01972	0.00853	0.01493	0.01013	0.01173	0.00693	0.00800	0.00640	0.00426	0.00320	0.00107	0.00533	0.00267	0.00213	0.00640
45	0.01234	0.01184	0.02023	0.03059	0.79373	0.01184	0.01530	0.01530	0.01135	0.01628	0.00938	0.01234	0.00790	0.00444	0.00493	0.00148	0.00592	0.00444	0.00247	0.00790
46	0.00804	0.01210	0.26594	0.00990	0.01282	0.00743	0.02575	0.01176	0.07878	0.01451	0.02041	0.46813	0.02214	0.01103	0.00571	0.00184	0.00456	0.00981	0.00380	0.00553
47	0.40576	0.01062	0.01550	0.07316	0.01716	0.01107	0.24984	0.01631	0.01047	0.13152	0.00992	0.01147	0.00718	0.00474	0.00439	0.00160	0.00556	0.00417	0.00329	0.00627
48	0.02236	0.00848	0.01157	0.00887	0.01272	0.00733	0.00733	0.02429	0.01427	0.79719	0.01966	0.01697	0.01234	0.00617	0.00501	0.00154	0.00424	0.00501	0.00617	0.00848
49	0.01216	0.01142	0.01603	0.02144	0.45236	0.04631	0.01186	0.01838	0.24671	0.01782	0.08206	0.01630	0.01353	0.00569	0.00504	0.00154	0.00514	0.00516	0.00353	0.00752
50	0.00653	0.00453	0.00565	0.00635	0.00653	0.00436	0.00400	0.00706	0.00864	0.01152	0.02285	0.51176	0.02714	0.33338	0.01383	0.00313	0.00365	0.01145	0.00400	0.00364
51	0.00635	0.00504	0.00560	0.00550	0.00688	0.00440	0.00404	0.00787	0.01192	0.01526	0.28191	0.05773	0.49095	0.06590	0.00719	0.00186	0.00263	0.00989	0.00479	0.00428
52	0.00866	0.00433	0.00649	0.00649	0.00649	0.00433	0.00433	0.00649	0.00649	0.00866	0.00866	0.01515	0.00866	0.01732	0.01948	0.85498	0.00433	0.00433	0.00216	0.00216
53	0.01264	0.01297	0.02144	0.02614	0.52524	0.06684	0.18737	0.01634	0.05144	0.01616	0.00998	0.01268	0.00809	0.00455	0.00513	0.00152	0.00660	0.00475	0.00262	0.00748
54	0.02236	0.00848	0.01157	0.00887	0.01272	0.00733	0.00733	0.02429	0.01427	0.79719	0.01966	0.01697	0.01234	0.00617	0.00501	0.00154	0.00424	0.00501	0.00617	0.00848
55	0.01034	0.00886	0.01034	0.00738	0.01181	0.00664	0.00591	0.01255	0.01034	0.01624	0.00886	0.01034	0.00738	0.00369	0.00369	0.00074	0.00369	0.00295	0.00295	0.85530
56	0.01171	0.01420	0.11071	0.02282	0.25824	0.01238	0.42757	0.01557	0.01132	0.01587	0.00959	0.01267	0.00748	0.00453	0.00593	0.00163	0.04310	0.00514	0.00244	0.00709
57	0.01565	0.26587	0.01728	0.01111	0.01393	0.46054	0.00905	0.01707	0.01208	0.01199	0.00792	0.00971	0.00696	0.00789	0.07574	0.00185	0.04381	0.00328	0.00243	0.00583
58	0.01140	0.01088	0.01854	0.28178	0.54988	0.01160	0.01483	0.01447	0.01091	0.01514	0.00921	0.01264	0.00749	0.00462	0.00495	0.00154	0.00615	0.00444	0.00239	0.00714
59	0.01150	0.01104	0.01953	0.43784	0.05640	0.01215	0.24478	0.11539	0.01235	0.01633	0.00966	0.01313	0.00721	0.00486	0.00526	0.00164	0.00700	0.00488	0.00269	0.00637
60	0.86003	0.00964	0.00733	0.00655	0.00964	0.01118	0.00540	0.01465	0.00848	0.02236	0.00694	0.00810	0.00540	0.00463	0.00308	0.00154	0.00386	0.00270	0.00308	0.00540
61	0.01256	0.01426	0.02051	0.24694	0.02495	0.19886	0.32258	0.01562	0.01153	0.01386	0.00907	0.01236	0.00708	0.00557	0.02277	0.00174	0.04651	0.00475	0.00243	0.00605
62	0.00705	0.00510	0.00666	0.00627	0.00745	0.00470	0.00470	0.00941	0.01411	0.01999	0.79110	0.03723	0.04703	0.01019	0.00588	0.00157	0.00235	0.00901	0.00549	0.00470
63	0.00714	0.00528	0.00770	0.00770	0.00849	0.00606	0.00585	0.00870	0.00792	0.01134	0.01363	0.02114	0.01314	0.13146	0.71192	0.00763	0.01233	0.00557	0.00271	0.00428
64	0.00725	0.00483	0.00544	0.00544	0.00544	0.00483	0.00302	0.00725	0.00725	0.00966	0.01571	0.03262	0.01812	0.82483	0.02537	0.00483	0.00483	0.00725	0.00302	0.00302
65	0.01231	0.01065	0.01138	0.03473	0.01362	0.01236	0.00807	0.02607	0.76100	0.02060	0.01994	0.01843	0.01495	0.00671	0.00507	0.00169	0.00403	0.00560	0.00498	0.00782

[dist]
# distance from previous block
# <min> <max>
0	53

# created by:
# /st0/software/busco_prod/Augustus/scripts/msa2prfl.pl ./align_prep/62959.fa
