[name]
unknown

[dist]
# distance from previous block
# <min> <max>
0	0

[block]
# block no. 0 follows, 52 sequences, length 11
# corresponding to MSA columns:
# 0-10
name=unknown_A
#
# <colnr> <probs for GDERKNQSTAVLIFYWHMCP>
#	G	D	E	R	K	N	Q	S	T	A	V	L	I	F	Y	W	H	M	C	P
0	0.00781	0.00558	0.00781	0.00892	0.01004	0.00558	0.00781	0.01004	0.01116	0.01450	0.02566	0.05466	0.02789	0.01339	0.00669	0.00223	0.00446	0.76685	0.00446	0.00446
1	0.02174	0.00825	0.01125	0.00862	0.01237	0.00712	0.00712	0.02362	0.01387	0.80282	0.01912	0.01649	0.01200	0.00600	0.00487	0.00150	0.00412	0.00487	0.00600	0.00825
2	0.01195	0.00896	0.01052	0.00764	0.01185	0.00719	0.00616	0.07270	0.01144	0.10182	0.00998	0.01087	0.00778	0.00402	0.00382	0.00086	0.00378	0.00320	0.00336	0.70209
3	0.01074	0.01017	0.01032	0.01065	0.09059	0.13289	0.00732	0.01651	0.25925	0.01799	0.32816	0.02402	0.04610	0.00758	0.00517	0.00151	0.00414	0.00643	0.00445	0.00602
4	0.03250	0.06522	0.46068	0.01557	0.16671	0.04919	0.01470	0.01578	0.01090	0.07716	0.04049	0.01182	0.00844	0.00486	0.00457	0.00147	0.00634	0.00393	0.00260	0.00707
5	0.01270	0.01215	0.05611	0.01700	0.29206	0.07391	0.01067	0.01952	0.30289	0.06635	0.04763	0.01518	0.01204	0.00555	0.00481	0.00149	0.00502	0.00480	0.00370	0.03642
6	0.01681	0.00931	0.01425	0.01683	0.32458	0.00869	0.01002	0.01912	0.01273	0.43469	0.07035	0.01611	0.01267	0.00561	0.00490	0.00148	0.00464	0.00493	0.00452	0.00776
7	0.01489	0.01016	0.01595	0.02058	0.46365	0.00957	0.01142	0.01737	0.01183	0.26661	0.01225	0.01322	0.00900	0.00477	0.00469	0.00138	0.00500	0.00434	0.00360	0.09973
8	0.01545	0.01004	0.01636	0.01858	0.33992	0.00956	0.09380	0.01847	0.04309	0.32107	0.05328	0.01532	0.01152	0.00532	0.00498	0.00150	0.00513	0.00495	0.00405	0.00762
9	0.05404	0.00793	0.01001	0.00813	0.01109	0.00746	0.00655	0.07401	0.06054	0.46028	0.20422	0.03971	0.02013	0.00711	0.00502	0.00152	0.00371	0.00591	0.00553	0.00710
10	0.10685	0.03109	0.01212	0.00984	0.05840	0.00827	0.05397	0.01755	0.03845	0.32163	0.05893	0.01435	0.01136	0.00518	0.00438	0.00129	0.00419	0.00430	0.00424	0.23361

[dist]
# distance from previous block
# <min> <max>
3	16

[block]
# block no. 1 follows, 52 sequences, length 25
# corresponding to MSA columns:
# 27-51
name=unknown_B
#
# <colnr> <probs for GDERKNQSTAVLIFYWHMCP>
#	G	D	E	R	K	N	Q	S	T	A	V	L	I	F	Y	W	H	M	C	P
0	0.13484	0.01090	0.01518	0.05412	0.47268	0.06610	0.01142	0.01426	0.01115	0.02833	0.11091	0.01493	0.02437	0.00528	0.00464	0.00146	0.00518	0.00466	0.00295	0.00664
1	0.07011	0.01029	0.01187	0.01246	0.15221	0.08877	0.00825	0.12737	0.02438	0.13182	0.18152	0.04405	0.01761	0.04966	0.00649	0.00168	0.04549	0.00559	0.00408	0.00632
2	0.01406	0.01216	0.01515	0.12947	0.30958	0.13782	0.01127	0.05929	0.07072	0.12991	0.05383	0.01400	0.01053	0.00530	0.00481	0.00146	0.00574	0.00454	0.00338	0.00698
3	0.08993	0.01032	0.01531	0.05234	0.36506	0.01163	0.01138	0.01390	0.04831	0.01563	0.06540	0.01326	0.01013	0.00593	0.00755	0.00162	0.21707	0.00446	0.00273	0.03805
4	0.01026	0.00701	0.00903	0.00836	0.05224	0.00646	0.00598	0.01249	0.04554	0.12332	0.06610	0.02066	0.07013	0.12511	0.18383	0.00312	0.00584	0.00533	0.00360	0.23559
5	0.00985	0.00854	0.01237	0.01535	0.29547	0.00801	0.00883	0.03559	0.03942	0.01617	0.10864	0.17958	0.01738	0.00714	0.00490	0.00139	0.00412	0.00646	0.00346	0.21732
6	0.05632	0.01908	0.01385	0.01196	0.01486	0.53877	0.04221	0.11620	0.05112	0.07684	0.00956	0.01030	0.00735	0.00519	0.00449	0.00134	0.00747	0.00362	0.00320	0.00627
7	0.05418	0.01066	0.01299	0.10375	0.08231	0.01187	0.00921	0.36100	0.08041	0.05455	0.01207	0.01369	0.00924	0.01103	0.14841	0.00262	0.00661	0.00453	0.00390	0.00698
8	0.00896	0.17948	0.01122	0.00773	0.00931	0.00883	0.00615	0.08089	0.01017	0.01342	0.01666	0.28256	0.01801	0.07613	0.21719	0.00345	0.00640	0.03516	0.00341	0.00486
9	0.00590	0.00422	0.00562	0.00675	0.00703	0.00394	0.00450	0.00675	0.00928	0.01237	0.02671	0.82653	0.03205	0.01518	0.00619	0.00197	0.00281	0.01378	0.00450	0.00394
10	0.15996	0.01017	0.01225	0.04007	0.12670	0.01104	0.00864	0.09308	0.24177	0.19214	0.01415	0.01401	0.01027	0.00571	0.00500	0.00156	0.03747	0.00449	0.00425	0.00726
11	0.31382	0.23502	0.01382	0.00816	0.01141	0.06457	0.00700	0.15488	0.01202	0.04506	0.00942	0.04463	0.00787	0.00524	0.00367	0.00135	0.00464	0.00362	0.04770	0.00609
12	0.86392	0.00937	0.00712	0.00637	0.00937	0.01087	0.00525	0.01425	0.00825	0.02174	0.00675	0.00787	0.00525	0.00450	0.00300	0.00150	0.00375	0.00262	0.00300	0.00525
13	0.00655	0.00497	0.00608	0.00606	0.00731	0.00449	0.00463	0.00842	0.01235	0.01651	0.43475	0.08431	0.28177	0.01132	0.00585	0.00166	0.00260	0.09108	0.00493	0.00437
14	0.00777	0.00589	0.00893	0.22845	0.01498	0.00654	0.00760	0.00959	0.00930	0.04343	0.01802	0.33258	0.01913	0.01714	0.20484	0.00331	0.00646	0.04796	0.00345	0.00463
15	0.00931	0.00877	0.01481	0.77535	0.07487	0.01081	0.01353	0.01252	0.00976	0.01257	0.00864	0.01287	0.00653	0.00482	0.00484	0.00161	0.00642	0.00431	0.00217	0.00551
16	0.00700	0.00517	0.00694	0.00691	0.00785	0.00554	0.00518	0.00849	0.03410	0.01151	0.02064	0.02539	0.18068	0.08531	0.47251	0.09443	0.00891	0.00631	0.00305	0.00406
17	0.01497	0.01026	0.01158	0.00940	0.01232	0.01093	0.00755	0.44278	0.05188	0.10521	0.17463	0.09285	0.01877	0.00757	0.00516	0.00153	0.00429	0.00623	0.00504	0.00707
18	0.01057	0.00999	0.01635	0.34619	0.36716	0.01087	0.01314	0.01342	0.01020	0.01421	0.00872	0.01210	0.00706	0.00467	0.00527	0.00147	0.04830	0.00416	0.00233	0.09381
19	0.16700	0.00960	0.01201	0.24972	0.05190	0.01070	0.00906	0.19774	0.01291	0.12683	0.01115	0.01411	0.00864	0.09080	0.00657	0.00185	0.00517	0.00438	0.00357	0.00628
20	0.01212	0.01263	0.02332	0.02451	0.40710	0.03724	0.35659	0.03713	0.01163	0.01599	0.00944	0.01236	0.00750	0.00428	0.00520	0.00152	0.00692	0.00491	0.00249	0.00712
21	0.00818	0.00714	0.01032	0.00982	0.01137	0.04790	0.12014	0.01018	0.01090	0.01402	0.05463	0.26037	0.07451	0.01188	0.00619	0.00195	0.00455	0.32717	0.00411	0.00466
22	0.00957	0.02600	0.01039	0.08018	0.09786	0.00767	0.00758	0.01145	0.01003	0.09863	0.11751	0.02209	0.08943	0.05970	0.26773	0.00376	0.06585	0.00589	0.00341	0.00526
23	0.01155	0.01073	0.01891	0.02363	0.50461	0.01065	0.14282	0.01440	0.01127	0.04848	0.08311	0.04472	0.01218	0.00542	0.00550	0.00153	0.03525	0.00534	0.00290	0.00699
24	0.00999	0.00956	0.01643	0.49650	0.20097	0.01084	0.08424	0.01360	0.04624	0.01380	0.01013	0.04805	0.00830	0.00518	0.00498	0.00159	0.00618	0.00490	0.00247	0.00604

[dist]
# distance from previous block
# <min> <max>
0	1

[block]
# block no. 2 follows, 52 sequences, length 6
# corresponding to MSA columns:
# 53-58
name=unknown_C
#
# <colnr> <probs for GDERKNQSTAVLIFYWHMCP>
#	G	D	E	R	K	N	Q	S	T	A	V	L	I	F	Y	W	H	M	C	P
0	0.08746	0.00798	0.00977	0.01081	0.12691	0.05260	0.00699	0.01321	0.01100	0.17028	0.07839	0.31106	0.02004	0.00905	0.00513	0.00160	0.00394	0.00791	0.00419	0.06167
1	0.01004	0.00760	0.01010	0.00849	0.01118	0.00672	0.05961	0.05591	0.04091	0.07332	0.01711	0.28598	0.01742	0.00849	0.00500	0.00142	0.00385	0.05249	0.00390	0.32044
2	0.00870	0.00632	0.00797	0.00756	0.00878	0.00668	0.00557	0.08945	0.06915	0.01388	0.01548	0.17223	0.01571	0.12902	0.26684	0.09919	0.00686	0.00675	0.00338	0.06052
3	0.01418	0.01093	0.01558	0.28313	0.02192	0.01181	0.10416	0.29547	0.01514	0.10138	0.01095	0.01263	0.00784	0.00513	0.00486	0.00148	0.00580	0.00445	0.00362	0.06952
4	0.01307	0.00686	0.00867	0.00785	0.00980	0.00657	0.00589	0.07078	0.07124	0.29773	0.02133	0.34393	0.02052	0.08329	0.00717	0.00198	0.00371	0.00866	0.00496	0.00599
5	0.01348	0.18852	0.01899	0.02027	0.43055	0.09550	0.01177	0.01676	0.07806	0.06641	0.01000	0.01157	0.00811	0.00465	0.00441	0.00135	0.00567	0.00396	0.00279	0.00719

[dist]
# distance from previous block
# <min> <max>
2	14

[block]
# block no. 3 follows, 52 sequences, length 138
# corresponding to MSA columns:
# 73-210
name=unknown_D
#
# <colnr> <probs for GDERKNQSTAVLIFYWHMCP>
#	G	D	E	R	K	N	Q	S	T	A	V	L	I	F	Y	W	H	M	C	P
0	0.01148	0.01300	0.12245	0.02066	0.32425	0.01066	0.23307	0.01492	0.01116	0.04622	0.04237	0.01303	0.00908	0.00450	0.00494	0.00143	0.00618	0.00467	0.00268	0.10324
1	0.01255	0.01084	0.01725	0.02401	0.58846	0.01063	0.01268	0.01607	0.06902	0.07866	0.01064	0.01258	0.00849	0.00454	0.00468	0.00138	0.00524	0.00428	0.00293	0.10509
2	0.01166	0.01007	0.09217	0.00855	0.01206	0.00818	0.00747	0.03839	0.19317	0.12937	0.11924	0.03822	0.05137	0.00631	0.00467	0.00133	0.00390	0.00526	0.00421	0.25442
3	0.01199	0.01151	0.01967	0.02974	0.79946	0.01151	0.01487	0.01487	0.01103	0.01583	0.00912	0.01199	0.00768	0.00432	0.00480	0.00144	0.00576	0.00432	0.00240	0.00768
4	0.00929	0.00751	0.01192	0.01276	0.17516	0.00714	0.09210	0.01206	0.02977	0.06103	0.43780	0.02780	0.07955	0.00796	0.00546	0.00153	0.00380	0.00731	0.00438	0.00568
5	0.01276	0.05226	0.02924	0.05333	0.04366	0.00804	0.00729	0.03662	0.01117	0.17055	0.01069	0.01148	0.00806	0.00427	0.00399	0.00100	0.00415	0.00344	0.00342	0.52457
6	0.00626	0.00528	0.00599	0.00648	0.05035	0.00458	0.00445	0.00776	0.01150	0.01431	0.17334	0.04296	0.62685	0.01143	0.00567	0.00161	0.00261	0.00965	0.00453	0.00437
7	0.01209	0.01090	0.01501	0.06295	0.35051	0.01186	0.01113	0.04719	0.38687	0.01830	0.01429	0.01496	0.01106	0.00549	0.00487	0.00155	0.00486	0.00488	0.00369	0.00757
8	0.01000	0.00827	0.01308	0.01703	0.35955	0.00797	0.03065	0.01249	0.01227	0.06041	0.32536	0.02453	0.08360	0.00723	0.00526	0.00150	0.00410	0.00660	0.00392	0.00617
9	0.00745	0.00625	0.03771	0.00673	0.00827	0.00554	0.00537	0.01093	0.08753	0.01925	0.68031	0.03364	0.05345	0.00942	0.00560	0.00154	0.00262	0.00827	0.00516	0.00496
10	0.01171	0.01117	0.01902	0.02853	0.75589	0.01121	0.01439	0.01453	0.01086	0.01558	0.00933	0.01238	0.00792	0.00608	0.04919	0.00179	0.00616	0.00437	0.00241	0.00749
11	0.01166	0.01131	0.01982	0.02753	0.68006	0.01120	0.08936	0.01462	0.01122	0.01600	0.05259	0.01343	0.00974	0.00460	0.00494	0.00146	0.00580	0.00470	0.00257	0.00739
12	0.00584	0.00491	0.00506	0.00502	0.00661	0.00414	0.00377	0.00716	0.01130	0.01370	0.12080	0.04564	0.72540	0.01205	0.00573	0.00163	0.00244	0.01009	0.00458	0.00414
13	0.72101	0.01105	0.00856	0.00835	0.05354	0.10161	0.00625	0.01486	0.00902	0.02030	0.00696	0.00820	0.00549	0.00454	0.00325	0.00147	0.00443	0.00277	0.00291	0.00542
14	0.81670	0.00913	0.00709	0.00636	0.00925	0.01052	0.00521	0.01396	0.00855	0.02162	0.05029	0.00943	0.00748	0.00480	0.00315	0.00150	0.00367	0.00296	0.00313	0.00521
15	0.01631	0.05382	0.01152	0.00799	0.01200	0.00751	0.00660	0.01829	0.01203	0.42626	0.01399	0.01329	0.00964	0.00488	0.00423	0.00114	0.00396	0.00390	0.00446	0.36818
16	0.01232	0.01214	0.01935	0.02881	0.75706	0.05468	0.01457	0.01511	0.01118	0.01562	0.00903	0.01182	0.00760	0.00435	0.00477	0.00143	0.00592	0.00425	0.00240	0.00756
17	0.01777	0.02246	0.01406	0.01344	0.05821	0.76623	0.00967	0.01910	0.01358	0.01208	0.00758	0.00892	0.00632	0.00496	0.00439	0.00126	0.00857	0.00319	0.00249	0.00573
18	0.86392	0.00937	0.00712	0.00637	0.00937	0.01087	0.00525	0.01425	0.00825	0.02174	0.00675	0.00787	0.00525	0.00450	0.00300	0.00150	0.00375	0.00262	0.00300	0.00525
19	0.73151	0.00944	0.00810	0.00780	0.05065	0.01076	0.00590	0.05115	0.00940	0.02173	0.05064	0.00983	0.00775	0.00485	0.00333	0.00150	0.00385	0.00313	0.00319	0.00548
20	0.00995	0.02363	0.72692	0.01343	0.02015	0.01133	0.01690	0.01636	0.08660	0.01583	0.00978	0.01100	0.00699	0.00480	0.00464	0.00155	0.00684	0.00377	0.00233	0.00721
21	0.00915	0.00861	0.01453	0.81804	0.03338	0.01077	0.01346	0.01238	0.00969	0.01238	0.00861	0.01292	0.00646	0.00484	0.00484	0.00161	0.00646	0.00431	0.00215	0.00538
22	0.01074	0.00925	0.01046	0.01047	0.07458	0.01026	0.00744	0.02085	0.55125	0.01899	0.10914	0.02291	0.10792	0.00742	0.00510	0.00161	0.00366	0.00630	0.00472	0.00691
23	0.00686	0.00495	0.00648	0.00610	0.00724	0.00457	0.00457	0.00914	0.01372	0.01943	0.79691	0.03620	0.04572	0.00991	0.00572	0.00152	0.00229	0.00876	0.00533	0.00457
24	0.00760	0.00622	0.00831	0.08768	0.04237	0.03878	0.00665	0.00912	0.00893	0.01193	0.01714	0.24359	0.01838	0.10658	0.30246	0.00432	0.00757	0.06475	0.00324	0.00437
25	0.00633	0.00470	0.00641	0.00777	0.04538	0.00441	0.00505	0.00747	0.00993	0.01335	0.10684	0.65790	0.06177	0.01396	0.00606	0.00189	0.00292	0.02916	0.00448	0.00420
26	0.01186	0.01246	0.01684	0.29359	0.31182	0.15773	0.06270	0.01456	0.01103	0.01377	0.00941	0.04501	0.00797	0.00505	0.00485	0.00150	0.00658	0.00457	0.00242	0.00629
27	0.01199	0.01151	0.01967	0.02974	0.79946	0.01151	0.01487	0.01487	0.01103	0.01583	0.00912	0.01199	0.00768	0.00432	0.00480	0.00144	0.00576	0.00432	0.00240	0.00768
28	0.01535	0.01611	0.01260	0.01039	0.01377	0.36810	0.00808	0.16838	0.02722	0.01703	0.00889	0.00991	0.00710	0.00471	0.00421	0.00112	0.00624	0.00332	0.00313	0.29433
29	0.01172	0.01123	0.01917	0.10688	0.72450	0.01144	0.01473	0.01463	0.01090	0.01549	0.00907	0.01208	0.00756	0.00437	0.00480	0.00146	0.00583	0.00432	0.00237	0.00745
30	0.01984	0.00938	0.01224	0.08742	0.01495	0.00910	0.00816	0.17875	0.01530	0.56756	0.01656	0.01515	0.01069	0.00585	0.00487	0.00150	0.00460	0.00471	0.00539	0.00797
31	0.01501	0.18374	0.01562	0.01078	0.01369	0.33718	0.02944	0.13340	0.08060	0.01531	0.00981	0.01143	0.00815	0.02459	0.08887	0.00203	0.00742	0.00377	0.00299	0.00615
32	0.00673	0.00498	0.00716	0.02305	0.00852	0.00544	0.00563	0.00818	0.00844	0.01175	0.03256	0.23903	0.01903	0.07768	0.48044	0.00556	0.00904	0.03937	0.00325	0.00417
33	0.01106	0.00878	0.01029	0.00742	0.01167	0.00683	0.00596	0.04266	0.01077	0.06297	0.00935	0.01049	0.00750	0.00382	0.00371	0.00079	0.00369	0.00305	0.00313	0.77604
34	0.01205	0.01041	0.01096	0.00986	0.01260	0.01205	0.00767	0.02575	0.79071	0.02027	0.01972	0.01808	0.01479	0.00657	0.00493	0.00164	0.00384	0.00548	0.00493	0.00767
35	0.01184	0.01136	0.01939	0.07276	0.75766	0.01147	0.01480	0.01474	0.01096	0.01564	0.00909	0.01204	0.00761	0.00435	0.00480	0.00145	0.00580	0.00432	0.00239	0.00755
36	0.01191	0.00945	0.01298	0.38110	0.03942	0.01071	0.01037	0.06657	0.22668	0.09342	0.01291	0.01436	0.00950	0.00538	0.00477	0.00152	0.00519	0.00457	0.00353	0.07564
37	0.00750	0.00561	0.00754	0.10425	0.05618	0.00594	0.00535	0.00832	0.00786	0.01055	0.01500	0.06289	0.03051	0.53739	0.11166	0.00432	0.00581	0.00670	0.00287	0.00374
38	0.00881	0.00552	0.00716	0.00641	0.00804	0.00495	0.00490	0.01099	0.01345	0.11677	0.63160	0.03305	0.07331	0.00924	0.00552	0.00149	0.00258	0.00808	0.00527	0.04286
39	0.03070	0.01122	0.01705	0.14370	0.44011	0.03334	0.04345	0.07872	0.05801	0.01687	0.02515	0.01269	0.00857	0.00474	0.00475	0.00144	0.00566	0.00438	0.00282	0.05666
40	0.01250	0.01160	0.01892	0.02742	0.70645	0.01167	0.01409	0.08207	0.01203	0.01712	0.00932	0.01190	0.00771	0.00443	0.00476	0.00142	0.00565	0.00428	0.00263	0.03401
41	0.00919	0.00861	0.01434	0.78213	0.03241	0.01058	0.01312	0.01237	0.00971	0.01253	0.00861	0.01279	0.00649	0.00479	0.00479	0.00158	0.00633	0.00424	0.00219	0.04320
42	0.01107	0.00890	0.01032	0.00761	0.01168	0.00730	0.00610	0.05908	0.06046	0.05005	0.03168	0.01164	0.00899	0.00418	0.00386	0.00087	0.00369	0.00337	0.00332	0.69581
43	0.12647	0.01029	0.01170	0.00927	0.01284	0.01064	0.00759	0.25618	0.11200	0.36946	0.01532	0.01410	0.01033	0.00582	0.00463	0.00150	0.00441	0.00451	0.00513	0.00779
44	0.01156	0.01108	0.01890	0.14870	0.68386	0.01140	0.01466	0.01450	0.01083	0.01531	0.00904	0.01213	0.00749	0.00440	0.00480	0.00147	0.00586	0.00432	0.00236	0.00733
45	0.09977	0.01165	0.01307	0.03135	0.04445	0.10831	0.03934	0.16792	0.01442	0.36098	0.01341	0.01309	0.00915	0.00565	0.00519	0.00150	0.04463	0.00431	0.00449	0.00733
46	0.01092	0.01043	0.00896	0.00921	0.05291	0.22795	0.00638	0.01307	0.04935	0.01411	0.06520	0.09962	0.01521	0.09152	0.11250	0.00254	0.00603	0.00572	0.19347	0.00492
47	0.00704	0.00471	0.00533	0.00533	0.00535	0.00472	0.00300	0.00708	0.00706	0.00943	0.01522	0.03147	0.01751	0.81442	0.03979	0.00476	0.00486	0.00701	0.00293	0.00296
48	0.01421	0.01152	0.01497	0.32779	0.10665	0.03468	0.01142	0.35532	0.01589	0.04520	0.01030	0.01224	0.00755	0.00526	0.00483	0.00151	0.00587	0.00432	0.00350	0.00699
49	0.01365	0.01998	0.23354	0.01523	0.11306	0.35394	0.06644	0.01683	0.03331	0.01381	0.00927	0.04354	0.00776	0.00532	0.00506	0.00145	0.03487	0.00411	0.00249	0.00634
50	0.01060	0.01060	0.01484	0.01272	0.01272	0.01484	0.01060	0.01166	0.00742	0.01166	0.00636	0.01060	0.00636	0.00848	0.01590	0.00212	0.82082	0.00424	0.00212	0.00530
51	0.01158	0.01100	0.01858	0.02704	0.69363	0.01100	0.03281	0.01477	0.03532	0.01624	0.07150	0.01411	0.01088	0.00482	0.00490	0.00146	0.00548	0.00474	0.00271	0.00740
52	0.00921	0.00869	0.01455	0.78694	0.03258	0.01092	0.01335	0.01235	0.00960	0.01235	0.00853	0.01283	0.00646	0.00499	0.00527	0.00163	0.03792	0.00430	0.00215	0.00538
53	0.01633	0.01951	0.01343	0.01294	0.06510	0.60578	0.00930	0.06153	0.02835	0.01328	0.00870	0.01047	0.00729	0.00861	0.09660	0.00203	0.00874	0.00355	0.00268	0.00579
54	0.00989	0.00844	0.00893	0.00819	0.01049	0.00924	0.00632	0.01920	0.51073	0.01829	0.10038	0.02737	0.22565	0.00840	0.00522	0.00163	0.00332	0.00705	0.00485	0.00643
55	0.00915	0.00861	0.01453	0.81804	0.03338	0.01077	0.01346	0.01238	0.00969	0.01238	0.00861	0.01292	0.00646	0.00484	0.00484	0.00161	0.00646	0.00431	0.00215	0.00538
56	0.01097	0.05570	0.01660	0.46834	0.21007	0.04389	0.02840	0.05373	0.01082	0.01411	0.00868	0.01210	0.00683	0.00485	0.00513	0.00154	0.03552	0.00420	0.00237	0.00615
57	0.01638	0.01712	0.01310	0.01140	0.01429	0.38898	0.00883	0.19847	0.24632	0.01869	0.01208	0.01218	0.00924	0.00565	0.00465	0.00141	0.00649	0.00411	0.00376	0.00684
58	0.00598	0.00427	0.00571	0.00684	0.00715	0.00400	0.00463	0.00688	0.00935	0.01246	0.02667	0.79555	0.03188	0.01511	0.00621	0.00198	0.00288	0.04400	0.00450	0.00396
59	0.01065	0.00989	0.01596	0.05234	0.34577	0.01010	0.10649	0.01557	0.15624	0.01729	0.18979	0.01878	0.01753	0.00600	0.00515	0.00153	0.00494	0.00572	0.00353	0.00673
60	0.01020	0.00892	0.01131	0.05424	0.09593	0.00723	0.00713	0.01249	0.01013	0.01561	0.00867	0.01041	0.00719	0.00374	0.00379	0.00084	0.00398	0.00310	0.00278	0.72230
61	0.86392	0.00937	0.00712	0.00637	0.00937	0.01087	0.00525	0.01425	0.00825	0.02174	0.00675	0.00787	0.00525	0.00450	0.00300	0.00150	0.00375	0.00262	0.00300	0.00525
62	0.01142	0.01047	0.01512	0.18633	0.32586	0.01157	0.01171	0.01869	0.32161	0.01688	0.01324	0.01461	0.01026	0.00533	0.00486	0.00156	0.00514	0.00478	0.00336	0.00720
63	0.00674	0.00495	0.00631	0.00597	0.00717	0.00452	0.00448	0.00892	0.01344	0.01877	0.71905	0.03729	0.12400	0.01015	0.00572	0.00154	0.00230	0.00892	0.00525	0.00452
64	0.00594	0.00425	0.00566	0.00672	0.00704	0.00396	0.00450	0.00685	0.00946	0.01266	0.05813	0.79429	0.03261	0.01497	0.00617	0.00195	0.00279	0.01357	0.00453	0.00396
65	0.00573	0.00491	0.00491	0.00491	0.00655	0.00409	0.00368	0.00695	0.01105	0.01309	0.04909	0.04664	0.79750	0.01227	0.00573	0.00164	0.00245	0.01023	0.00450	0.00409
66	0.00590	0.00422	0.00562	0.00675	0.00703	0.00394	0.00450	0.00675	0.00928	0.01237	0.02671	0.82653	0.03205	0.01518	0.00619	0.00197	0.00281	0.01378	0.00450	0.00394
67	0.00594	0.00425	0.00566	0.00672	0.00704	0.00396	0.00450	0.00685	0.00946	0.01266	0.05876	0.79364	0.03262	0.01496	0.00617	0.00195	0.00279	0.01357	0.00453	0.00396
68	0.02174	0.00825	0.01125	0.00862	0.01237	0.00712	0.00712	0.02362	0.01387	0.80282	0.01912	0.01649	0.01200	0.00600	0.00487	0.00150	0.00412	0.00487	0.00600	0.00825
69	0.86392	0.00937	0.00712	0.00637	0.00937	0.01087	0.00525	0.01425	0.00825	0.02174	0.00675	0.00787	0.00525	0.00450	0.00300	0.00150	0.00375	0.00262	0.00300	0.00525
70	0.00915	0.00861	0.01453	0.81804	0.03338	0.01077	0.01346	0.01238	0.00969	0.01238	0.00861	0.01292	0.00646	0.00484	0.00484	0.00161	0.00646	0.00431	0.00215	0.00538
71	0.01060	0.01060	0.01484	0.01272	0.01272	0.01484	0.01060	0.01166	0.00742	0.01166	0.00636	0.01060	0.00636	0.00848	0.01590	0.00212	0.82082	0.00424	0.00212	0.00530
72	0.01169	0.01237	0.02458	0.02462	0.37359	0.01192	0.43681	0.01523	0.01126	0.01566	0.00949	0.01259	0.00750	0.00419	0.00530	0.00155	0.00708	0.00509	0.00243	0.00705
73	0.83013	0.00933	0.00729	0.00646	0.00949	0.01072	0.00532	0.01462	0.00847	0.05309	0.00724	0.00822	0.00552	0.00456	0.00307	0.00150	0.00376	0.00271	0.00312	0.00537
74	0.01199	0.01151	0.01967	0.02974	0.79946	0.01151	0.01487	0.01487	0.01103	0.01583	0.00912	0.01199	0.00768	0.00432	0.00480	0.00144	0.00576	0.00432	0.00240	0.00768
75	0.00915	0.00861	0.01453	0.81804	0.03338	0.01077	0.01346	0.01238	0.00969	0.01238	0.00861	0.01292	0.00646	0.00484	0.00484	0.00161	0.00646	0.00431	0.00215	0.00538
76	0.00686	0.00495	0.00648	0.00610	0.00724	0.00457	0.00457	0.00914	0.01372	0.01943	0.79691	0.03620	0.04572	0.00991	0.00572	0.00152	0.00229	0.00876	0.00533	0.00457
77	0.00681	0.00495	0.00641	0.00604	0.00721	0.00455	0.00453	0.00905	0.01360	0.01915	0.76383	0.03666	0.07898	0.01001	0.00572	0.00153	0.00229	0.00883	0.00530	0.00455
78	0.00590	0.00422	0.00562	0.00675	0.00703	0.00394	0.00450	0.00675	0.00928	0.01237	0.02671	0.82653	0.03205	0.01518	0.00619	0.00197	0.00281	0.01378	0.00450	0.00394
79	0.00590	0.00422	0.00562	0.00675	0.00703	0.00394	0.00450	0.00675	0.00928	0.01237	0.02671	0.82653	0.03205	0.01518	0.00619	0.00197	0.00281	0.01378	0.00450	0.00394
80	0.01199	0.01151	0.01967	0.02974	0.79946	0.01151	0.01487	0.01487	0.01103	0.01583	0.00912	0.01199	0.00768	0.00432	0.00480	0.00144	0.00576	0.00432	0.00240	0.00768
81	0.01004	0.00685	0.00833	0.00732	0.00918	0.00685	0.00567	0.10836	0.09451	0.08464	0.55623	0.02968	0.03515	0.00874	0.00546	0.00153	0.00297	0.00756	0.00529	0.00565
82	0.00590	0.00422	0.00562	0.00675	0.00703	0.00394	0.00450	0.00675	0.00928	0.01237	0.02671	0.82653	0.03205	0.01518	0.00619	0.00197	0.00281	0.01378	0.00450	0.00394
83	0.01526	0.01216	0.01745	0.01691	0.20858	0.07061	0.16577	0.14101	0.07315	0.17719	0.01235	0.01321	0.00899	0.00504	0.00494	0.00147	0.00583	0.00466	0.00375	0.04168
84	0.01687	0.01280	0.01367	0.01084	0.01444	0.01430	0.00883	0.59830	0.21033	0.02803	0.01361	0.01321	0.00984	0.00600	0.00487	0.00150	0.00497	0.00464	0.00487	0.00810
85	0.86392	0.00937	0.00712	0.00637	0.00937	0.01087	0.00525	0.01425	0.00825	0.02174	0.00675	0.00787	0.00525	0.00450	0.00300	0.00150	0.00375	0.00262	0.00300	0.00525
86	0.00590	0.00422	0.00562	0.00675	0.00703	0.00394	0.00450	0.00675	0.00928	0.01237	0.02671	0.82653	0.03205	0.01518	0.00619	0.00197	0.00281	0.01378	0.00450	0.00394
87	0.00590	0.00422	0.00562	0.00675	0.00703	0.00394	0.00450	0.00675	0.00928	0.01237	0.02671	0.82653	0.03205	0.01518	0.00619	0.00197	0.00281	0.01378	0.00450	0.00394
88	0.00590	0.00422	0.00562	0.00675	0.00703	0.00394	0.00450	0.00675	0.00928	0.01237	0.02671	0.82653	0.03205	0.01518	0.00619	0.00197	0.00281	0.01378	0.00450	0.00394
89	0.00686	0.00495	0.00648	0.00610	0.00724	0.00457	0.00457	0.00914	0.01372	0.01943	0.79691	0.03620	0.04572	0.00991	0.00572	0.00152	0.00229	0.00876	0.00533	0.00457
90	0.01289	0.01216	0.01134	0.01022	0.01293	0.12219	0.00790	0.02487	0.68350	0.01911	0.01804	0.01679	0.01361	0.00636	0.00485	0.00159	0.00451	0.00515	0.00460	0.00739
91	0.86392	0.00937	0.00712	0.00637	0.00937	0.01087	0.00525	0.01425	0.00825	0.02174	0.00675	0.00787	0.00525	0.00450	0.00300	0.00150	0.00375	0.00262	0.00300	0.00525
92	0.01005	0.00861	0.01005	0.00718	0.01148	0.00646	0.00574	0.01220	0.01005	0.01579	0.00861	0.01005	0.00718	0.00359	0.00359	0.00072	0.00359	0.00287	0.00287	0.85932
93	0.00704	0.00474	0.00549	0.00549	0.00556	0.00481	0.00319	0.00718	0.00711	0.00955	0.01508	0.03069	0.01717	0.76549	0.08826	0.00495	0.00537	0.00690	0.00291	0.00305
94	0.01542	0.01106	0.15988	0.01000	0.02868	0.00804	0.03861	0.04915	0.01215	0.39227	0.01548	0.03437	0.01121	0.04183	0.08440	0.00224	0.00565	0.00493	0.06765	0.00699
95	0.00615	0.00443	0.00582	0.00652	0.00707	0.00411	0.00449	0.00737	0.01048	0.01422	0.22687	0.59874	0.05824	0.01373	0.00605	0.00184	0.00266	0.01237	0.00472	0.00411
96	0.01810	0.02310	0.01373	0.01248	0.01498	0.81024	0.00936	0.01935	0.01373	0.01186	0.00749	0.00874	0.00624	0.00499	0.00437	0.00125	0.00874	0.00312	0.00250	0.00562
97	0.21104	0.01207	0.01310	0.01019	0.01390	0.01319	0.03962	0.50222	0.01814	0.10376	0.01118	0.01131	0.00789	0.00546	0.00446	0.00148	0.00497	0.00407	0.00444	0.00749
98	0.00903	0.00452	0.00452	0.00452	0.00565	0.00452	0.00339	0.01129	0.01016	0.01807	0.01581	0.01807	0.01242	0.00565	0.00339	0.00113	0.00226	0.00452	0.85659	0.00452
99	0.01005	0.00861	0.01005	0.00718	0.01148	0.00646	0.00574	0.01220	0.01005	0.01579	0.00861	0.01005	0.00718	0.00359	0.00359	0.00072	0.00359	0.00287	0.00287	0.85932
100	0.00720	0.00515	0.00674	0.00778	0.00834	0.00482	0.00562	0.00818	0.01033	0.01379	0.04653	0.62132	0.03189	0.01503	0.00661	0.00215	0.00346	0.18580	0.00476	0.00450
101	0.00915	0.00861	0.01453	0.81804	0.03338	0.01077	0.01346	0.01238	0.00969	0.01238	0.00861	0.01292	0.00646	0.00484	0.00484	0.00161	0.00646	0.00431	0.00215	0.00538
102	0.00915	0.00861	0.01453	0.81804	0.03338	0.01077	0.01346	0.01238	0.00969	0.01238	0.00861	0.01292	0.00646	0.00484	0.00484	0.00161	0.00646	0.00431	0.00215	0.00538
103	0.00618	0.00493	0.00553	0.00538	0.00682	0.00428	0.00403	0.00782	0.01210	0.01561	0.34555	0.04250	0.49947	0.01134	0.00572	0.00159	0.00239	0.00965	0.00483	0.00428
104	0.01839	0.01348	0.05721	0.01096	0.01500	0.01376	0.00940	0.63918	0.02090	0.13362	0.01248	0.01221	0.00863	0.00578	0.00484	0.00146	0.00527	0.00439	0.00485	0.00818
105	0.01144	0.01307	0.02859	0.02042	0.02533	0.01225	0.78186	0.01552	0.01144	0.01552	0.00980	0.01307	0.00735	0.00408	0.00572	0.00163	0.00817	0.00572	0.00245	0.00654
106	0.01228	0.01368	0.01425	0.53622	0.02694	0.29046	0.01203	0.01482	0.01110	0.01220	0.00822	0.01146	0.00638	0.00490	0.00468	0.00149	0.00726	0.00389	0.00227	0.00547
107	0.00694	0.00511	0.00736	0.00736	0.00807	0.00582	0.00552	0.00838	0.00766	0.01093	0.01337	0.02122	0.01306	0.17304	0.67509	0.00726	0.01155	0.00551	0.00265	0.00409
108	0.00686	0.00495	0.00648	0.00610	0.00724	0.00457	0.00457	0.00914	0.01372	0.01943	0.79691	0.03620	0.04572	0.00991	0.00572	0.00152	0.00229	0.00876	0.00533	0.00457
109	0.00573	0.00491	0.00491	0.00491	0.00655	0.00409	0.00368	0.00695	0.01105	0.01309	0.04909	0.04664	0.79750	0.01227	0.00573	0.00164	0.00245	0.01023	0.00450	0.00409
110	0.41763	0.00870	0.00892	0.00735	0.01055	0.00900	0.00604	0.04761	0.01128	0.34550	0.01275	0.01236	0.00870	0.00526	0.00388	0.00147	0.00385	0.00377	0.06883	0.00655
111	0.01205	0.01041	0.01096	0.00986	0.01260	0.01205	0.00767	0.02575	0.79071	0.02027	0.01972	0.01808	0.01479	0.00657	0.00493	0.00164	0.00384	0.00548	0.00493	0.00767
112	0.01533	0.04893	0.01730	0.01927	0.36285	0.01365	0.01168	0.40842	0.01700	0.02317	0.01030	0.01162	0.00790	0.00508	0.00475	0.00143	0.00551	0.00426	0.00364	0.00790
113	0.01401	0.01138	0.01206	0.01026	0.01335	0.01297	0.00814	0.25807	0.55521	0.02342	0.01724	0.01610	0.01278	0.00634	0.00491	0.00159	0.00429	0.00514	0.00491	0.00785
114	0.01057	0.00979	0.01604	0.46582	0.22331	0.01109	0.05009	0.06058	0.04294	0.01512	0.04107	0.01376	0.00883	0.00501	0.00491	0.00156	0.00602	0.00461	0.00263	0.00625
115	0.00667	0.00489	0.00625	0.00602	0.00715	0.00447	0.00447	0.00874	0.01310	0.01824	0.66083	0.09666	0.12333	0.01055	0.00575	0.00157	0.00234	0.00929	0.00518	0.00447
116	0.01578	0.34605	0.01866	0.01157	0.04871	0.45877	0.00918	0.01722	0.01206	0.01185	0.00726	0.00850	0.00630	0.00463	0.00388	0.00117	0.00719	0.00296	0.00232	0.00595
117	0.00590	0.00425	0.00559	0.00667	0.00701	0.00394	0.00447	0.00676	0.00935	0.01240	0.02762	0.79471	0.06328	0.01506	0.00617	0.00195	0.00280	0.01363	0.00450	0.00394
118	0.39826	0.01128	0.05604	0.05002	0.28847	0.01140	0.01002	0.07920	0.01070	0.03169	0.00836	0.01011	0.00655	0.00459	0.00398	0.00148	0.00489	0.00352	0.00290	0.00651
119	0.09799	0.23976	0.01757	0.01425	0.20913	0.04244	0.02376	0.08560	0.06527	0.14406	0.01074	0.01143	0.00821	0.00487	0.00418	0.00135	0.00512	0.00383	0.00335	0.00708
120	0.00704	0.00481	0.00629	0.00647	0.00702	0.00484	0.00444	0.00808	0.00906	0.03231	0.14165	0.24960	0.02467	0.27284	0.19476	0.00406	0.00566	0.00871	0.00375	0.00392
121	0.01214	0.01272	0.08369	0.02497	0.57403	0.01178	0.05478	0.05835	0.08793	0.01702	0.01029	0.01248	0.00826	0.00463	0.00485	0.00148	0.00579	0.00445	0.00276	0.00760
122	0.00646	0.00478	0.00603	0.00605	0.00708	0.00435	0.00441	0.00824	0.01227	0.01678	0.49887	0.21792	0.16587	0.01150	0.00582	0.00164	0.00243	0.01015	0.00501	0.00435
123	0.01026	0.00861	0.01007	0.00720	0.01150	0.00647	0.00577	0.01241	0.01012	0.03028	0.00881	0.01017	0.00727	0.00363	0.00361	0.00073	0.00360	0.00291	0.00293	0.84365
124	0.01200	0.01939	0.49946	0.01616	0.16048	0.01076	0.04908	0.01665	0.02450	0.13016	0.01053	0.01172	0.00747	0.00477	0.00473	0.00152	0.00645	0.00403	0.00275	0.00739
125	0.01084	0.01094	0.01472	0.01265	0.01278	0.03671	0.01050	0.01222	0.02697	0.01188	0.00672	0.01074	0.00657	0.00834	0.01531	0.00208	0.77822	0.00424	0.00220	0.00537
126	0.00581	0.00460	0.00523	0.00574	0.00676	0.00402	0.00405	0.00686	0.01024	0.01276	0.03895	0.39990	0.45078	0.01359	0.00593	0.00179	0.00262	0.01184	0.00450	0.00402
127	0.01711	0.17936	0.01598	0.01168	0.01449	0.65753	0.00916	0.01842	0.01298	0.01177	0.00735	0.00855	0.00624	0.00483	0.00413	0.00121	0.00805	0.00302	0.00242	0.00573
128	0.01296	0.83261	0.02539	0.00829	0.01244	0.01917	0.00829	0.01451	0.00985	0.01140	0.00674	0.00777	0.00622	0.00415	0.00311	0.00104	0.00518	0.00259	0.00207	0.00622
129	0.04998	0.00878	0.01238	0.24088	0.04990	0.00900	0.00924	0.03026	0.07617	0.43989	0.01518	0.01502	0.01015	0.00559	0.00479	0.00154	0.00484	0.00464	0.00453	0.00724
130	0.00692	0.00519	0.00779	0.00779	0.00865	0.00606	0.00606	0.00865	0.00779	0.01125	0.01298	0.01904	0.01211	0.03634	0.81049	0.00779	0.01298	0.00519	0.00260	0.00433
131	0.00705	0.00470	0.00529	0.00529	0.00529	0.00470	0.00294	0.00705	0.00705	0.00940	0.01527	0.03171	0.01762	0.82969	0.02467	0.00470	0.00470	0.00705	0.00294	0.00294
132	0.00982	0.00929	0.01574	0.63368	0.21255	0.01094	0.01379	0.01296	0.01000	0.01319	0.00873	0.01270	0.00674	0.00472	0.00483	0.00157	0.00630	0.00431	0.00221	0.00592
133	0.00915	0.00861	0.01453	0.81804	0.03338	0.01077	0.01346	0.01238	0.00969	0.01238	0.00861	0.01292	0.00646	0.00484	0.00484	0.00161	0.00646	0.00431	0.00215	0.00538
134	0.00940	0.00567	0.00762	0.00734	0.00869	0.00528	0.02052	0.04207	0.01188	0.14420	0.23190	0.40459	0.04396	0.01158	0.00578	0.00174	0.00312	0.02467	0.00494	0.00505
135	0.01112	0.06596	0.07260	0.01912	0.38313	0.01095	0.01165	0.01351	0.01026	0.04618	0.02685	0.10565	0.01110	0.00639	0.00645	0.00155	0.12824	0.00528	0.02439	0.03960
136	0.01292	0.00916	0.04483	0.01296	0.20251	0.00761	0.00848	0.01515	0.01156	0.23272	0.03537	0.03851	0.12746	0.00619	0.00471	0.00133	0.00420	0.00530	0.00392	0.21511
137	0.01231	0.01212	0.01936	0.02884	0.75842	0.05330	0.01458	0.01511	0.01118	0.01562	0.00903	0.01182	0.00760	0.00435	0.00478	0.00143	0.00591	0.00426	0.00240	0.00757

[dist]
# distance from previous block
# <min> <max>
2	4

[block]
# block no. 4 follows, 52 sequences, length 66
# corresponding to MSA columns:
# 215-280
name=unknown_E
#
# <colnr> <probs for GDERKNQSTAVLIFYWHMCP>
#	G	D	E	R	K	N	Q	S	T	A	V	L	I	F	Y	W	H	M	C	P
0	0.01260	0.01191	0.01578	0.15526	0.34685	0.08221	0.01188	0.09310	0.14587	0.01712	0.01093	0.01277	0.00859	0.00497	0.00473	0.00145	0.00566	0.00434	0.00307	0.05091
1	0.02957	0.01059	0.01442	0.39296	0.09367	0.01226	0.01146	0.24452	0.10757	0.01925	0.01086	0.01297	0.00808	0.00529	0.00482	0.00155	0.00569	0.00443	0.00333	0.00671
2	0.46962	0.00903	0.00869	0.00812	0.03787	0.01003	0.00620	0.01699	0.17531	0.09562	0.10605	0.01442	0.01288	0.00573	0.00398	0.00153	0.00370	0.00424	0.00396	0.00605
3	0.00972	0.02507	0.80458	0.01381	0.02097	0.01125	0.01790	0.01535	0.01023	0.01535	0.00870	0.01023	0.00614	0.00460	0.00460	0.00153	0.00716	0.00358	0.00205	0.00716
4	0.35625	0.00889	0.01083	0.26634	0.03560	0.00989	0.00856	0.01607	0.01021	0.21883	0.01057	0.01178	0.00742	0.00499	0.00411	0.00153	0.00475	0.00378	0.00348	0.00611
5	0.01296	0.83261	0.02539	0.00829	0.01244	0.01917	0.00829	0.01451	0.00985	0.01140	0.00674	0.00777	0.00622	0.00415	0.00311	0.00104	0.00518	0.00259	0.00207	0.00622
6	0.00583	0.00491	0.00505	0.00501	0.00661	0.00413	0.00376	0.00715	0.01128	0.01365	0.11523	0.04571	0.73101	0.01206	0.00573	0.00163	0.00244	0.01010	0.00457	0.00413
7	0.00705	0.00470	0.00529	0.00529	0.00529	0.00470	0.00294	0.00705	0.00705	0.00940	0.01527	0.03171	0.01762	0.82969	0.02467	0.00470	0.00470	0.00705	0.00294	0.00294
8	0.02091	0.00875	0.03901	0.00874	0.01253	0.00720	0.00743	0.02293	0.01374	0.75383	0.03990	0.01681	0.01271	0.00606	0.00489	0.00150	0.00418	0.00493	0.00584	0.00811
9	0.01307	0.00976	0.06224	0.15983	0.16504	0.00893	0.05684	0.01633	0.04866	0.23616	0.12813	0.01843	0.04284	0.00609	0.00504	0.00153	0.00495	0.00542	0.00396	0.00674
10	0.01194	0.01165	0.02047	0.02891	0.73000	0.01158	0.08370	0.01493	0.01107	0.01580	0.00918	0.01209	0.00765	0.00430	0.00488	0.00146	0.00597	0.00444	0.00240	0.00757
11	0.01128	0.07156	0.20628	0.02214	0.46228	0.01161	0.04129	0.03006	0.01119	0.01594	0.06263	0.01296	0.00980	0.00478	0.00473	0.00145	0.00589	0.00438	0.00254	0.00721
12	0.00897	0.01936	0.58072	0.01142	0.01658	0.00942	0.01371	0.01302	0.00934	0.01368	0.01054	0.01625	0.00935	0.23569	0.01022	0.00242	0.00647	0.00455	0.00230	0.00598
13	0.01077	0.01039	0.01805	0.36012	0.43097	0.01125	0.06072	0.01387	0.01049	0.01436	0.00895	0.01245	0.00715	0.00453	0.00487	0.00152	0.00620	0.00440	0.00230	0.00664
14	0.00698	0.00498	0.00674	0.00674	0.00724	0.00549	0.00475	0.00798	0.00748	0.01047	0.01394	0.02436	0.01443	0.36940	0.48059	0.00649	0.00950	0.00597	0.00274	0.00374
15	0.00870	0.00580	0.00834	0.00736	0.00898	0.00534	0.05098	0.01104	0.01346	0.09861	0.62893	0.03384	0.03905	0.00936	0.00568	0.00157	0.00294	0.04978	0.00518	0.00506
16	0.01078	0.00859	0.01012	0.00727	0.01154	0.00650	0.00583	0.01292	0.01029	0.06505	0.00927	0.01045	0.00748	0.00374	0.00367	0.00077	0.00362	0.00300	0.00307	0.80605
17	0.01735	0.01711	0.01367	0.01152	0.01465	0.34843	0.00905	0.35101	0.13208	0.02119	0.01109	0.01137	0.00837	0.00558	0.00466	0.00140	0.00654	0.00401	0.00387	0.00706
18	0.00972	0.02507	0.80458	0.01381	0.02097	0.01125	0.01790	0.01535	0.01023	0.01535	0.00870	0.01023	0.00614	0.00460	0.00460	0.00153	0.00716	0.00358	0.00205	0.00716
19	0.01168	0.01296	0.02818	0.02015	0.02502	0.01213	0.76350	0.01571	0.01150	0.03418	0.01002	0.01315	0.00746	0.00413	0.00570	0.00163	0.00807	0.00570	0.00254	0.00658
20	0.00940	0.00887	0.01499	0.74833	0.10113	0.01083	0.01358	0.01260	0.00981	0.01269	0.00866	0.01284	0.00657	0.00480	0.00484	0.00160	0.00640	0.00431	0.00218	0.00559
21	0.01199	0.01151	0.01967	0.02974	0.79946	0.01151	0.01487	0.01487	0.01103	0.01583	0.00912	0.01199	0.00768	0.00432	0.00480	0.00144	0.00576	0.00432	0.00240	0.00768
22	0.01502	0.01119	0.06378	0.02038	0.43556	0.01012	0.01198	0.01859	0.07296	0.27126	0.01316	0.01382	0.00954	0.00506	0.00482	0.00148	0.00516	0.00454	0.00374	0.00783
23	0.01296	0.83261	0.02539	0.00829	0.01244	0.01917	0.00829	0.01451	0.00985	0.01140	0.00674	0.00777	0.00622	0.00415	0.00311	0.00104	0.00518	0.00259	0.00207	0.00622
24	0.01144	0.01307	0.02859	0.02042	0.02533	0.01225	0.78186	0.01552	0.01144	0.01552	0.00980	0.01307	0.00735	0.00408	0.00572	0.00163	0.00817	0.00572	0.00245	0.00654
25	0.01248	0.01083	0.01803	0.02638	0.68196	0.01068	0.01351	0.01517	0.01129	0.08527	0.01241	0.01448	0.05577	0.00495	0.00486	0.00146	0.00541	0.00472	0.00284	0.00751
26	0.01145	0.05590	0.39591	0.01095	0.01573	0.01003	0.01208	0.01699	0.13522	0.12998	0.08852	0.06965	0.01390	0.00632	0.00484	0.00155	0.00534	0.00520	0.00356	0.00689
27	0.00684	0.00495	0.00645	0.00607	0.00723	0.00456	0.00456	0.00910	0.01367	0.01931	0.78275	0.03640	0.05995	0.00995	0.00572	0.00153	0.00229	0.00879	0.00532	0.00456
28	0.01296	0.83261	0.02539	0.00829	0.01244	0.01917	0.00829	0.01451	0.00985	0.01140	0.00674	0.00777	0.00622	0.00415	0.00311	0.00104	0.00518	0.00259	0.00207	0.00622
29	0.09163	0.02721	0.04610	0.01299	0.15168	0.01079	0.00923	0.14452	0.15139	0.28278	0.01447	0.01400	0.01016	0.00555	0.00465	0.00150	0.00467	0.00450	0.00448	0.00769
30	0.01867	0.00918	0.06305	0.00974	0.03441	0.00737	0.03500	0.02081	0.01306	0.61890	0.03099	0.08885	0.01367	0.00668	0.00501	0.00155	0.00436	0.00567	0.00537	0.00766
31	0.00648	0.00476	0.00608	0.00613	0.00711	0.00435	0.00445	0.00828	0.01227	0.01689	0.51318	0.23998	0.12898	0.01153	0.00584	0.00165	0.00244	0.01022	0.00502	0.00435
32	0.00727	0.00592	0.00882	0.13043	0.11022	0.00602	0.00731	0.00884	0.00979	0.01299	0.02297	0.50762	0.06690	0.01200	0.00582	0.00185	0.00382	0.06286	0.00388	0.00466
33	0.06351	0.06139	0.06301	0.02178	0.49358	0.01143	0.01249	0.01688	0.08005	0.11301	0.01097	0.01248	0.00852	0.00474	0.00460	0.00145	0.00531	0.00424	0.00306	0.00748
34	0.01854	0.00751	0.01019	0.00813	0.01127	0.00654	0.00658	0.02041	0.01357	0.63676	0.13641	0.06905	0.01829	0.00715	0.00508	0.00153	0.00377	0.00600	0.00581	0.00743
35	0.00592	0.00493	0.00521	0.00538	0.00688	0.00421	0.00410	0.00722	0.01095	0.01317	0.04566	0.09457	0.68309	0.01255	0.00584	0.00171	0.00265	0.07736	0.00450	0.00411
36	0.01251	0.01175	0.01879	0.07549	0.66806	0.02771	0.01418	0.08277	0.01205	0.01684	0.00928	0.01195	0.00762	0.00450	0.00480	0.00145	0.00582	0.00430	0.00260	0.00755
37	0.07909	0.01154	0.07578	0.01449	0.16339	0.03170	0.09905	0.06131	0.02834	0.36543	0.01372	0.01369	0.00939	0.00522	0.00478	0.00150	0.00529	0.00454	0.00420	0.00755
38	0.01067	0.01055	0.01442	0.14731	0.01622	0.03276	0.01079	0.01323	0.07824	0.01256	0.00796	0.01162	0.00713	0.00762	0.01279	0.00197	0.59190	0.00434	0.00239	0.00553
39	0.01145	0.01174	0.05414	0.03356	0.26198	0.07398	0.01001	0.01481	0.07036	0.01560	0.00947	0.01126	0.00775	0.00439	0.00459	0.00116	0.02996	0.00366	0.00277	0.36736
40	0.01073	0.22142	0.51505	0.01330	0.01944	0.01332	0.11262	0.01516	0.01029	0.01440	0.00836	0.00999	0.00631	0.00443	0.00438	0.00143	0.00680	0.00361	0.00210	0.00685
41	0.66135	0.00941	0.00905	0.05779	0.08097	0.01059	0.00676	0.01503	0.00908	0.09065	0.00818	0.00932	0.00614	0.00464	0.00344	0.00150	0.00412	0.00308	0.00316	0.00574
42	0.01114	0.01051	0.01764	0.09472	0.63548	0.01060	0.01351	0.01384	0.01073	0.01522	0.01063	0.08510	0.00974	0.00531	0.00488	0.00148	0.00548	0.00512	0.00258	0.03630
43	0.00682	0.00486	0.00600	0.00623	0.00676	0.00478	0.00417	0.00818	0.03615	0.01304	0.18417	0.26231	0.04890	0.31329	0.05572	0.00317	0.00399	0.02361	0.00401	0.00387
44	0.00647	0.00474	0.00557	0.00565	0.00642	0.00438	0.00382	0.00754	0.01022	0.01352	0.23625	0.16940	0.22298	0.26800	0.01173	0.00262	0.00317	0.00943	0.00424	0.00383
45	0.02567	0.00877	0.01186	0.03021	0.13011	0.00888	0.03800	0.13883	0.07355	0.16360	0.04615	0.10363	0.05847	0.08040	0.00695	0.00189	0.00453	0.05780	0.00429	0.00641
46	0.01148	0.01072	0.01786	0.31875	0.40021	0.01159	0.06029	0.08195	0.01160	0.01584	0.00919	0.01237	0.00726	0.00463	0.00488	0.00152	0.00613	0.00440	0.00253	0.00681
47	0.00692	0.00519	0.00779	0.00779	0.00865	0.00606	0.00606	0.00865	0.00779	0.01125	0.01298	0.01904	0.01211	0.03634	0.81049	0.00779	0.01298	0.00519	0.00260	0.00433
48	0.00607	0.00434	0.00582	0.00694	0.00730	0.00408	0.00479	0.00704	0.00944	0.01256	0.02662	0.75827	0.03168	0.01502	0.00623	0.00199	0.00296	0.08038	0.00450	0.00398
49	0.01158	0.01171	0.02181	0.09675	0.50632	0.01166	0.23806	0.01484	0.01103	0.01544	0.00927	0.01239	0.00747	0.00430	0.00507	0.00151	0.00652	0.00472	0.00239	0.00714
50	0.01851	0.01675	0.01405	0.01149	0.01485	0.30711	0.00914	0.45625	0.01891	0.07043	0.01056	0.01086	0.00773	0.00553	0.00467	0.00138	0.00651	0.00394	0.00405	0.00728
51	0.00850	0.00695	0.00793	0.00873	0.00980	0.07756	0.00723	0.01032	0.01086	0.01363	0.02320	0.11642	0.02540	0.08498	0.00803	0.00234	0.00472	0.56487	0.00415	0.00438
52	0.00705	0.00470	0.00529	0.00529	0.00529	0.00470	0.00294	0.00705	0.00705	0.00940	0.01527	0.03171	0.01762	0.82969	0.02467	0.00470	0.00470	0.00705	0.00294	0.00294
53	0.01994	0.00994	0.01248	0.05843	0.01448	0.00983	0.00816	0.26151	0.01642	0.51243	0.01613	0.01475	0.01048	0.00587	0.00486	0.00149	0.00464	0.00468	0.00540	0.00807
54	0.00590	0.00422	0.00562	0.00675	0.00703	0.00394	0.00450	0.00675	0.00928	0.01237	0.02671	0.82653	0.03205	0.01518	0.00619	0.00197	0.00281	0.01378	0.00450	0.00394
55	0.01067	0.01001	0.01468	0.35984	0.02183	0.01310	0.01171	0.08021	0.00976	0.01364	0.00780	0.01169	0.00657	0.00668	0.01016	0.00184	0.39755	0.00428	0.00238	0.00560
56	0.01729	0.01301	0.01391	0.01092	0.01460	0.01450	0.00894	0.64859	0.15934	0.02871	0.01307	0.01278	0.00941	0.00595	0.00486	0.00149	0.00507	0.00456	0.00486	0.00814
