[name]
unknown

[dist]
# distance from previous block
# <min> <max>
0	74

[block]
# block no. 0 follows, 41 sequences, length 6
# corresponding to MSA columns:
# 84-89
name=unknown_A
#
# <colnr> <probs for GDERKNQSTAVLIFYWHMCP>
#	G	D	E	R	K	N	Q	S	T	A	V	L	I	F	Y	W	H	M	C	P
0	0.01470	0.01115	0.01196	0.01121	0.01351	0.10382	0.00918	0.08240	0.08538	0.12273	0.07855	0.03663	0.02298	0.01134	0.00794	0.03482	0.04806	0.28174	0.00514	0.00677
1	0.11307	0.00840	0.00962	0.00892	0.01044	0.00973	0.00689	0.05714	0.07736	0.01902	0.01628	0.07946	0.01490	0.08971	0.14485	0.00348	0.11298	0.00637	0.20548	0.00589
2	0.08775	0.01402	0.01552	0.27761	0.09806	0.16604	0.01229	0.07587	0.01345	0.01759	0.01252	0.10944	0.01148	0.00752	0.00643	0.00186	0.05648	0.00600	0.00334	0.00673
3	0.06649	0.01426	0.01249	0.10659	0.01658	0.23852	0.00939	0.11063	0.01470	0.01804	0.01780	0.22963	0.01842	0.03311	0.00670	0.00202	0.00663	0.06763	0.00415	0.00623
4	0.01809	0.01368	0.01480	0.01211	0.01580	0.01515	0.00971	0.49269	0.17379	0.03050	0.01823	0.12663	0.01532	0.00862	0.00597	0.00185	0.00551	0.00700	0.00568	0.00887
5	0.01347	0.01423	0.01357	0.07516	0.01620	0.24005	0.07390	0.07087	0.01457	0.01677	0.05936	0.07617	0.19415	0.05041	0.04388	0.00232	0.00713	0.00768	0.00403	0.00609

[dist]
# distance from previous block
# <min> <max>
0	2

[block]
# block no. 1 follows, 41 sequences, length 15
# corresponding to MSA columns:
# 92-106
name=unknown_B
#
# <colnr> <probs for GDERKNQSTAVLIFYWHMCP>
#	G	D	E	R	K	N	Q	S	T	A	V	L	I	F	Y	W	H	M	C	P
0	0.00899	0.00653	0.00801	0.00809	0.00913	0.00659	0.00572	0.08564	0.01253	0.01678	0.08618	0.34561	0.09665	0.16090	0.11210	0.00367	0.00552	0.01146	0.00480	0.00510
1	0.01024	0.00700	0.00944	0.11058	0.01362	0.00709	0.00736	0.06629	0.01327	0.07905	0.10347	0.46993	0.05245	0.01384	0.00677	0.00211	0.00416	0.01235	0.00523	0.00576
2	0.01679	0.01962	0.01731	0.08287	0.01944	0.39623	0.06636	0.01882	0.01350	0.01494	0.00907	0.01179	0.00766	0.00641	0.00797	0.00167	0.16702	0.00427	0.00288	0.11538
3	0.00958	0.00683	0.00848	0.00826	0.00916	0.00728	0.00578	0.09371	0.01120	0.01527	0.01913	0.16656	0.02059	0.33455	0.25219	0.00564	0.00824	0.00871	0.00393	0.00490
4	0.03495	0.00643	0.00689	0.00694	0.00862	0.00615	0.00513	0.01166	0.09013	0.01794	0.10469	0.18514	0.36085	0.01286	0.00630	0.00191	0.00315	0.01095	0.11391	0.00540
5	0.00903	0.00791	0.00759	0.00747	0.00873	0.08585	0.00526	0.01046	0.01297	0.01633	0.23636	0.12787	0.23976	0.18577	0.01157	0.00269	0.00425	0.01037	0.00493	0.00485
6	0.00841	0.00523	0.00601	0.00663	0.00757	0.00494	0.00466	0.01013	0.01164	0.01738	0.02989	0.39054	0.12370	0.01300	0.00592	0.00188	0.00300	0.01137	0.33316	0.00494
7	0.11775	0.00642	0.00702	0.00685	0.00839	0.00647	0.00514	0.01138	0.01237	0.01939	0.22227	0.04746	0.13949	0.09568	0.07627	0.00281	0.00446	0.03290	0.17232	0.00516
8	0.01535	0.00841	0.01042	0.00930	0.01196	0.00814	0.00716	0.02024	0.17239	0.28842	0.10481	0.21586	0.08116	0.01093	0.00633	0.00196	0.00404	0.00945	0.00616	0.00751
9	0.01360	0.01086	0.01176	0.01074	0.01325	0.03228	0.00832	0.13280	0.36043	0.02188	0.02222	0.10500	0.04241	0.01111	0.00832	0.11133	0.00490	0.06631	0.00517	0.00732
10	0.00730	0.00532	0.00634	0.00700	0.00759	0.00494	0.00458	0.00812	0.01067	0.01380	0.03352	0.41825	0.19209	0.23791	0.01335	0.00315	0.00386	0.01309	0.00479	0.00435
11	0.01427	0.01057	0.01140	0.00959	0.01228	0.01114	0.00742	0.35617	0.01848	0.02425	0.02651	0.05710	0.19581	0.18363	0.01124	0.00266	0.00517	0.03036	0.00510	0.00685
12	0.08059	0.01458	0.09973	0.01535	0.01848	0.07995	0.21736	0.01514	0.01125	0.01611	0.01194	0.09540	0.01118	0.00942	0.01075	0.11136	0.16580	0.00631	0.00302	0.00627
13	0.12927	0.01292	0.01474	0.01579	0.17810	0.05860	0.01032	0.18538	0.10924	0.08094	0.06365	0.01699	0.01362	0.00664	0.00531	0.00171	0.00550	0.00534	0.07779	0.00815
14	0.01034	0.00672	0.00838	0.00786	0.00959	0.00597	0.00565	0.01182	0.01193	0.09452	0.12033	0.24478	0.04923	0.19410	0.01161	0.00270	0.00416	0.04889	0.00487	0.14656

[dist]
# distance from previous block
# <min> <max>
0	2

[block]
# block no. 2 follows, 41 sequences, length 13
# corresponding to MSA columns:
# 109-121
name=unknown_C
#
# <colnr> <probs for GDERKNQSTAVLIFYWHMCP>
#	G	D	E	R	K	N	Q	S	T	A	V	L	I	F	Y	W	H	M	C	P
0	0.08865	0.01049	0.01062	0.00923	0.01186	0.05626	0.00698	0.05541	0.17487	0.06711	0.03285	0.04383	0.01540	0.16219	0.01016	0.00239	0.02735	0.00602	0.08106	0.12727
1	0.01325	0.00921	0.01060	0.00969	0.01195	0.00964	0.00731	0.15889	0.16736	0.09233	0.06102	0.28904	0.06304	0.05955	0.00781	0.00222	0.00438	0.01009	0.00560	0.00700
2	0.02025	0.00865	0.01147	0.00924	0.01272	0.00772	0.00746	0.02310	0.04216	0.52198	0.19450	0.02507	0.02360	0.00816	0.00588	0.00176	0.00422	0.00682	0.05683	0.00843
3	0.31789	0.00851	0.00857	0.00796	0.01038	0.00899	0.00631	0.05771	0.01360	0.04504	0.25012	0.08194	0.08813	0.00987	0.00559	0.00189	0.00388	0.06262	0.00503	0.00598
4	0.01613	0.01077	0.01705	0.02246	0.39524	0.01031	0.01247	0.01871	0.01360	0.23798	0.01830	0.16876	0.01620	0.00819	0.00601	0.00184	0.00555	0.00748	0.00457	0.00839
5	0.01083	0.00995	0.01651	0.45790	0.20222	0.01133	0.01420	0.01400	0.01171	0.01556	0.01449	0.16782	0.01388	0.00796	0.00602	0.00194	0.00659	0.00728	0.00315	0.00665
6	0.83938	0.01106	0.00841	0.00752	0.01106	0.01283	0.00619	0.01681	0.00973	0.02566	0.00796	0.00929	0.00619	0.00531	0.00354	0.00177	0.00442	0.00310	0.00354	0.00619
7	0.01232	0.01058	0.01207	0.00909	0.01381	0.00892	0.00722	0.01754	0.15707	0.01967	0.01274	0.01372	0.01023	0.00493	0.00455	0.00106	0.00429	0.00399	0.00387	0.67233
8	0.17452	0.01223	0.01573	0.01355	0.01424	0.01660	0.01128	0.01436	0.00895	0.01610	0.00760	0.01188	0.00725	0.00909	0.01579	0.00236	0.63489	0.00463	0.00271	0.00624
9	0.01251	0.01251	0.01752	0.01502	0.01502	0.01752	0.01251	0.01377	0.00876	0.01377	0.00751	0.01251	0.00751	0.01001	0.01877	0.00250	0.78851	0.00501	0.00250	0.00626
10	0.01148	0.00915	0.01100	0.00827	0.01236	0.00710	0.00642	0.01304	0.01100	0.01693	0.01012	0.01294	0.00876	0.00730	0.00779	0.16400	0.00438	0.00370	0.00321	0.67104
11	0.34209	0.01052	0.01366	0.47429	0.02807	0.01276	0.01201	0.01549	0.01076	0.01903	0.00929	0.01287	0.00705	0.00556	0.00485	0.00185	0.00635	0.00429	0.00294	0.00629
12	0.65800	0.01216	0.01035	0.00877	0.01254	0.01392	0.00723	0.17818	0.01354	0.02797	0.00924	0.01028	0.00698	0.00565	0.00402	0.00176	0.00484	0.00355	0.00402	0.00698

[dist]
# distance from previous block
# <min> <max>
1	15

[block]
# block no. 3 follows, 41 sequences, length 24
# corresponding to MSA columns:
# 137-146,148-161
name=unknown_D
#
# <colnr> <probs for GDERKNQSTAVLIFYWHMCP>
#	G	D	E	R	K	N	Q	S	T	A	V	L	I	F	Y	W	H	M	C	P
0	0.01167	0.01231	0.05928	0.47330	0.11021	0.01387	0.05349	0.01514	0.01122	0.01526	0.00979	0.01443	0.00779	0.00643	0.00831	0.00200	0.16100	0.00511	0.00258	0.00681
1	0.01412	0.01291	0.01913	0.20729	0.14323	0.01559	0.05183	0.14969	0.01370	0.01912	0.01005	0.01383	0.00826	0.00731	0.01042	0.00205	0.28570	0.00516	0.00318	0.00745
2	0.00758	0.00547	0.00682	0.00715	0.00794	0.00509	0.00490	0.00903	0.01249	0.01691	0.28236	0.31802	0.11704	0.15962	0.01108	0.00270	0.00347	0.01232	0.00531	0.00471
3	0.01746	0.53311	0.02540	0.01120	0.01573	0.14236	0.01019	0.15229	0.01518	0.01771	0.00916	0.01020	0.00779	0.00542	0.00429	0.00135	0.00682	0.00354	0.00313	0.00767
4	0.01364	0.28658	0.20357	0.01742	0.02352	0.01697	0.32533	0.01787	0.01253	0.01662	0.01004	0.01252	0.00789	0.00499	0.00540	0.00166	0.00817	0.00491	0.00263	0.00776
5	0.01283	0.01247	0.01667	0.01439	0.01499	0.01691	0.01188	0.01684	0.14616	0.01564	0.01042	0.01414	0.00935	0.00960	0.01638	0.00240	0.64377	0.00528	0.00312	0.00677
6	0.00738	0.00527	0.00711	0.00844	0.00895	0.00500	0.00603	0.00868	0.01136	0.01507	0.03130	0.66033	0.03692	0.01753	0.00741	0.00238	0.00368	0.14708	0.00530	0.00476
7	0.01388	0.01167	0.01738	0.01477	0.05760	0.01190	0.19073	0.02234	0.31458	0.09964	0.02602	0.02551	0.15175	0.00806	0.00621	0.00190	0.00566	0.00742	0.00497	0.00801
8	0.01408	0.01266	0.01624	0.01327	0.01521	0.01544	0.01098	0.14877	0.01277	0.01893	0.00923	0.01260	0.00812	0.00819	0.01324	0.00200	0.47581	0.00469	0.00329	0.18450
9	0.01111	0.10654	0.51157	0.01408	0.02081	0.01278	0.05436	0.01619	0.01228	0.01714	0.01889	0.01988	0.14649	0.00702	0.00556	0.00178	0.00724	0.00568	0.00298	0.00763
10	0.01062	0.01739	0.32161	0.20532	0.02444	0.01101	0.05427	0.01499	0.01176	0.01666	0.01423	0.15762	0.01319	0.00765	0.00579	0.00183	0.00692	0.00671	0.00311	0.09487
11	0.16549	0.10998	0.15524	0.01538	0.09550	0.01607	0.01313	0.01593	0.01034	0.01724	0.00849	0.01161	0.00736	0.00717	0.01032	0.00200	0.32466	0.00429	0.00271	0.00707
12	0.01279	0.01158	0.01713	0.26438	0.02289	0.01538	0.01335	0.01493	0.01011	0.06161	0.00932	0.01384	0.00797	0.00843	0.01372	0.00226	0.48591	0.00508	0.00280	0.00651
13	0.00683	0.00554	0.00606	0.00648	0.00791	0.00477	0.00465	0.00813	0.01238	0.01518	0.04963	0.28805	0.53334	0.01557	0.00693	0.00205	0.00303	0.01339	0.00531	0.00477
14	0.01324	0.26700	0.37121	0.01806	0.15818	0.01630	0.04622	0.01771	0.01217	0.01678	0.00969	0.01169	0.00767	0.00518	0.00498	0.00161	0.00747	0.00413	0.00252	0.00819
15	0.01440	0.54991	0.24461	0.01186	0.01772	0.04678	0.01313	0.01762	0.01192	0.01483	0.00866	0.01006	0.00731	0.00509	0.00424	0.00140	0.00695	0.00342	0.00246	0.00764
16	0.01529	0.80242	0.02997	0.00979	0.01468	0.02263	0.00979	0.01713	0.01162	0.01346	0.00795	0.00918	0.00734	0.00489	0.00367	0.00122	0.00612	0.00306	0.00245	0.00734
17	0.00697	0.00498	0.00664	0.00796	0.00830	0.00465	0.00531	0.00796	0.01095	0.01460	0.03153	0.79525	0.03783	0.01792	0.00730	0.00232	0.00332	0.01626	0.00531	0.00465
18	0.01365	0.01307	0.02230	0.14828	0.65408	0.01346	0.01730	0.01711	0.01278	0.01807	0.01067	0.01432	0.00884	0.00519	0.00567	0.00173	0.00692	0.00509	0.00279	0.00865
19	0.10325	0.26018	0.09183	0.13426	0.09921	0.01525	0.04175	0.01887	0.01254	0.15530	0.01166	0.01309	0.00875	0.00554	0.00486	0.00162	0.00638	0.00435	0.00349	0.00781
20	0.00825	0.00633	0.00865	0.09117	0.01294	0.00632	0.00784	0.01030	0.01229	0.01578	0.03363	0.27841	0.16614	0.01513	0.00728	0.00233	0.00449	0.30260	0.00500	0.00511
21	0.35029	0.01575	0.09171	0.01007	0.01449	0.15221	0.00885	0.01734	0.01182	0.02058	0.00904	0.01055	0.00721	0.00511	0.00425	0.00144	0.00588	0.00341	0.00327	0.25671
22	0.00703	0.00565	0.00627	0.00644	0.00797	0.00489	0.00471	0.00861	0.01320	0.01659	0.17493	0.18957	0.50479	0.01464	0.00686	0.00198	0.00294	0.01255	0.00548	0.00489
23	0.26399	0.01481	0.02131	0.01642	0.03596	0.09639	0.33276	0.03216	0.01274	0.02046	0.01006	0.01258	0.00779	0.00507	0.00530	0.00171	0.00744	0.00489	0.00320	0.09496

[dist]
# distance from previous block
# <min> <max>
0	2

[block]
# block no. 4 follows, 41 sequences, length 39
# corresponding to MSA columns:
# 164-202
name=unknown_E
#
# <colnr> <probs for GDERKNQSTAVLIFYWHMCP>
#	G	D	E	R	K	N	Q	S	T	A	V	L	I	F	Y	W	H	M	C	P
0	0.01926	0.01134	0.01907	0.01764	0.15910	0.01042	0.16846	0.02231	0.01510	0.39620	0.08491	0.01970	0.01562	0.00664	0.00604	0.00179	0.00607	0.00626	0.00530	0.00878
1	0.01977	0.02099	0.01937	0.01751	0.09634	0.37426	0.10115	0.24028	0.01879	0.02169	0.01086	0.01237	0.00842	0.00597	0.00558	0.00163	0.00865	0.00465	0.00377	0.00795
2	0.00706	0.00525	0.00659	0.00744	0.00821	0.00477	0.00513	0.00836	0.01201	0.01579	0.12583	0.55573	0.18398	0.01647	0.00713	0.00218	0.00316	0.01470	0.00543	0.00477
3	0.01284	0.21858	0.42121	0.01363	0.02000	0.01554	0.01570	0.01984	0.14504	0.01796	0.01275	0.01493	0.01004	0.00610	0.00515	0.00172	0.00705	0.03062	0.00314	0.00817
4	0.01450	0.38916	0.25080	0.01322	0.01863	0.08051	0.04030	0.03622	0.01235	0.01569	0.00896	0.01078	0.00744	0.00563	0.00579	0.00157	0.07447	0.00382	0.00258	0.00760
5	0.00879	0.00628	0.00872	0.01004	0.01117	0.00621	0.00847	0.01111	0.01274	0.01664	0.03052	0.20448	0.03386	0.01621	0.00779	0.00257	0.00489	0.58909	0.00528	0.00515
6	0.02102	0.01566	0.01676	0.01301	0.01746	0.01740	0.01070	0.67525	0.09705	0.03488	0.01466	0.01447	0.01047	0.00695	0.00573	0.00174	0.00612	0.00528	0.00573	0.00966
7	0.01183	0.17854	0.55934	0.01431	0.02137	0.01437	0.01756	0.01705	0.01189	0.01690	0.01164	0.07875	0.00989	0.00640	0.00525	0.00174	0.00756	0.00503	0.00267	0.00791
8	0.01230	0.19654	0.60962	0.01490	0.02258	0.01530	0.01868	0.01790	0.01198	0.01711	0.00977	0.01145	0.00727	0.00532	0.00505	0.00168	0.00795	0.00397	0.00242	0.00821
9	0.01147	0.02959	0.76934	0.01630	0.02476	0.01328	0.02113	0.01811	0.01208	0.01811	0.01026	0.01208	0.00725	0.00543	0.00543	0.00181	0.00845	0.00423	0.00242	0.00845
10	0.01347	0.01276	0.02163	0.03251	0.69088	0.01273	0.01638	0.01663	0.01283	0.01829	0.01275	0.08908	0.01182	0.00633	0.00582	0.00176	0.00646	0.00617	0.00307	0.00864
11	0.09949	0.01556	0.01292	0.01134	0.01426	0.28654	0.07079	0.01739	0.08485	0.01704	0.02769	0.02749	0.27419	0.00895	0.00576	0.00175	0.00648	0.00711	0.00411	0.00628
12	0.00830	0.00561	0.00654	0.00654	0.00665	0.00571	0.00385	0.00851	0.00841	0.01132	0.01774	0.03588	0.02012	0.72076	0.10642	0.00592	0.00656	0.00809	0.00342	0.00364
13	0.00805	0.00601	0.00893	0.00907	0.01002	0.00689	0.00696	0.00998	0.00937	0.01342	0.01700	0.10242	0.01673	0.04031	0.69675	0.00848	0.01408	0.00718	0.00330	0.00506
14	0.00900	0.00709	0.01131	0.01095	0.01248	0.00758	0.07101	0.01149	0.01096	0.01507	0.02028	0.03670	0.02039	0.03007	0.43916	0.00625	0.01129	0.25972	0.00383	0.00539
15	0.00832	0.00555	0.00624	0.00624	0.00624	0.00555	0.00347	0.00832	0.00832	0.01109	0.01802	0.03743	0.02080	0.79898	0.02911	0.00555	0.00555	0.00832	0.00347	0.00347
16	0.01416	0.01359	0.02322	0.03511	0.76330	0.01359	0.01755	0.01755	0.01302	0.01869	0.01076	0.01416	0.00906	0.00510	0.00566	0.00170	0.00680	0.00510	0.00283	0.00906
17	0.01349	0.00694	0.00869	0.00800	0.01032	0.00604	0.00607	0.01507	0.01358	0.28042	0.03749	0.26595	0.27920	0.01291	0.00657	0.00199	0.00372	0.01111	0.00593	0.00650
18	0.01251	0.01251	0.01752	0.01502	0.01502	0.01752	0.01251	0.01377	0.00876	0.01377	0.00751	0.01251	0.00751	0.01001	0.01877	0.00250	0.78851	0.00501	0.00250	0.00626
19	0.01529	0.80242	0.02997	0.00979	0.01468	0.02263	0.00979	0.01713	0.01162	0.01346	0.00795	0.00918	0.00734	0.00489	0.00367	0.00122	0.00612	0.00306	0.00245	0.00734
20	0.04980	0.08696	0.01765	0.01341	0.01693	0.28547	0.01084	0.32532	0.01931	0.02365	0.01066	0.01185	0.00833	0.00662	0.00662	0.00167	0.08856	0.00436	0.00405	0.00794
21	0.01529	0.80242	0.02997	0.00979	0.01468	0.02263	0.00979	0.01713	0.01162	0.01346	0.00795	0.00918	0.00734	0.00489	0.00367	0.00122	0.00612	0.00306	0.00245	0.00734
22	0.02074	0.10746	0.01763	0.01422	0.01737	0.69807	0.01092	0.02225	0.01573	0.01394	0.00875	0.01020	0.00736	0.00579	0.00500	0.00145	0.00988	0.00362	0.00290	0.00670
23	0.02137	0.02726	0.01621	0.01474	0.01768	0.77602	0.01105	0.02284	0.01621	0.01400	0.00884	0.01031	0.00737	0.00589	0.00516	0.00147	0.01031	0.00368	0.00295	0.00663
24	0.10417	0.25960	0.01956	0.01250	0.01609	0.46962	0.01017	0.02049	0.01415	0.01504	0.00848	0.00987	0.00724	0.00553	0.00454	0.00143	0.00844	0.00343	0.00286	0.00680
25	0.02213	0.01365	0.01459	0.01377	0.09249	0.17461	0.00999	0.02434	0.01571	0.46268	0.01904	0.02081	0.01377	0.00737	0.00580	0.00177	0.00628	0.06697	0.00559	0.00861
26	0.00697	0.00498	0.00664	0.00796	0.00830	0.00465	0.00531	0.00796	0.01095	0.01460	0.03153	0.79525	0.03783	0.01792	0.00730	0.00232	0.00332	0.01626	0.00531	0.00465
27	0.01529	0.80242	0.02997	0.00979	0.01468	0.02263	0.00979	0.01713	0.01162	0.01346	0.00795	0.00918	0.00734	0.00489	0.00367	0.00122	0.00612	0.00306	0.00245	0.00734
28	0.83938	0.01106	0.00841	0.00752	0.01106	0.01283	0.00619	0.01681	0.00973	0.02566	0.00796	0.00929	0.00619	0.00531	0.00354	0.00177	0.00442	0.00310	0.00354	0.00619
29	0.00697	0.00498	0.00664	0.00796	0.00830	0.00465	0.00531	0.00796	0.01095	0.01460	0.03153	0.79525	0.03783	0.01792	0.00730	0.00232	0.00332	0.01626	0.00531	0.00465
30	0.01147	0.02959	0.76934	0.01630	0.02476	0.01328	0.02113	0.01811	0.01208	0.01811	0.01026	0.01208	0.00725	0.00543	0.00543	0.00181	0.00845	0.00423	0.00242	0.00845
31	0.00867	0.00638	0.00848	0.00954	0.01094	0.00618	0.00815	0.01102	0.01306	0.01671	0.03557	0.08926	0.17093	0.01563	0.00766	0.00249	0.00475	0.56414	0.00528	0.00516
32	0.00690	0.00527	0.00634	0.00720	0.00810	0.00471	0.00497	0.00805	0.01169	0.01490	0.04085	0.53412	0.29295	0.01671	0.00711	0.00218	0.00317	0.01478	0.00531	0.00471
33	0.01263	0.01354	0.02603	0.01967	0.02311	0.01468	0.43360	0.01603	0.01154	0.01635	0.01066	0.01523	0.00889	0.01042	0.09020	0.00286	0.25866	0.00613	0.00279	0.00698
34	0.02354	0.01314	0.01538	0.01179	0.01630	0.01347	0.00974	0.41621	0.02208	0.37087	0.01778	0.01636	0.01176	0.00696	0.00574	0.00174	0.00564	0.00543	0.00634	0.00973
35	0.02566	0.00973	0.01327	0.01018	0.01460	0.00841	0.00841	0.02788	0.01637	0.76726	0.02257	0.01947	0.01416	0.00708	0.00575	0.00177	0.00487	0.00575	0.00708	0.00973
36	0.01148	0.01002	0.01048	0.01041	0.01255	0.07478	0.00842	0.01822	0.25006	0.01940	0.09926	0.04294	0.10763	0.01184	0.00676	0.00216	0.00496	0.28672	0.00535	0.00656
37	0.01260	0.01276	0.01891	0.01580	0.01629	0.01726	0.07519	0.01416	0.00917	0.01416	0.00786	0.01276	0.00761	0.00957	0.01774	0.00245	0.72164	0.00516	0.00254	0.00638
38	0.01270	0.01315	0.02143	0.04007	0.01934	0.01664	0.18918	0.01489	0.00999	0.01489	0.00857	0.01330	0.00779	0.00863	0.01548	0.00235	0.57696	0.00543	0.00260	0.00661

[dist]
# distance from previous block
# <min> <max>
2	9

[block]
# block no. 5 follows, 41 sequences, length 9
# corresponding to MSA columns:
# 212-220
name=unknown_F
#
# <colnr> <probs for GDERKNQSTAVLIFYWHMCP>
#	G	D	E	R	K	N	Q	S	T	A	V	L	I	F	Y	W	H	M	C	P
0	0.10530	0.01124	0.01701	0.04662	0.05729	0.03080	0.14686	0.01517	0.04780	0.01663	0.01182	0.01633	0.01024	0.01791	0.24422	0.00424	0.18547	0.00551	0.00306	0.00648
1	0.00947	0.00666	0.00802	0.00823	0.00904	0.00674	0.00575	0.09198	0.01203	0.01600	0.02409	0.31397	0.02736	0.32034	0.01569	0.00355	0.00478	0.10682	0.00463	0.00485
2	0.01388	0.01357	0.01899	0.02267	0.32272	0.04898	0.01391	0.01866	0.14232	0.01759	0.01169	0.01465	0.00990	0.00741	0.01049	0.00203	0.29412	0.00524	0.00324	0.00792
3	0.29795	0.12241	0.01664	0.05287	0.10340	0.24768	0.02972	0.01906	0.03135	0.01885	0.00915	0.01093	0.00746	0.00548	0.00455	0.00161	0.00703	0.00379	0.00312	0.00694
4	0.10534	0.03065	0.01009	0.00953	0.04516	0.07236	0.00700	0.05939	0.03168	0.06628	0.08166	0.09461	0.31086	0.01108	0.00607	0.00188	0.00446	0.04081	0.00494	0.00616
5	0.01318	0.32578	0.34886	0.01397	0.01979	0.01752	0.04855	0.01716	0.01152	0.01574	0.00906	0.01117	0.00738	0.00581	0.00660	0.00168	0.11209	0.00399	0.00246	0.00769
6	0.06403	0.01077	0.01608	0.54506	0.03155	0.01346	0.01397	0.01677	0.11035	0.01647	0.01148	0.01538	0.00884	0.00645	0.00707	0.00197	0.09542	0.00513	0.00304	0.00669
7	0.12058	0.34542	0.12093	0.01065	0.01563	0.06383	0.01042	0.01893	0.04242	0.09507	0.01071	0.01152	0.00843	0.00535	0.00435	0.00143	0.00607	0.00372	0.00334	0.10120
8	0.05023	0.06310	0.18772	0.11804	0.05880	0.18794	0.01372	0.16750	0.01615	0.03525	0.04120	0.01366	0.00992	0.00611	0.00536	0.00169	0.00764	0.00462	0.00355	0.00780

[dist]
# distance from previous block
# <min> <max>
0	35

[block]
# block no. 6 follows, 41 sequences, length 41
# corresponding to MSA columns:
# 256-296
name=unknown_G
#
# <colnr> <probs for GDERKNQSTAVLIFYWHMCP>
#	G	D	E	R	K	N	Q	S	T	A	V	L	I	F	Y	W	H	M	C	P
0	0.03314	0.00938	0.01045	0.00960	0.01148	0.08773	0.00736	0.04635	0.01175	0.10649	0.03408	0.02205	0.01473	0.11913	0.41690	0.00609	0.01103	0.00598	0.00381	0.03246
1	0.00840	0.00865	0.08714	0.00884	0.01108	0.00637	0.00733	0.01042	0.01123	0.01559	0.02646	0.41252	0.10117	0.01683	0.09642	0.00278	0.00537	0.01118	0.00442	0.14780
2	0.01289	0.10465	0.02249	0.01714	0.08013	0.01410	0.25416	0.05104	0.01204	0.01654	0.01203	0.04235	0.01124	0.13287	0.01202	0.00247	0.15536	0.00620	0.00309	0.03720
3	0.01811	0.01802	0.01391	0.01312	0.04396	0.38647	0.00956	0.09475	0.01615	0.10505	0.04901	0.17316	0.01674	0.00881	0.00581	0.00173	0.00736	0.00699	0.00434	0.00695
4	0.01879	0.03870	0.14300	0.04545	0.01688	0.01054	0.01071	0.04957	0.10141	0.38940	0.02288	0.02140	0.09043	0.00751	0.00574	0.00180	0.00545	0.00609	0.00555	0.00870
5	0.01622	0.26984	0.13181	0.01225	0.01707	0.06313	0.01160	0.17889	0.20356	0.02175	0.01350	0.01375	0.01042	0.00619	0.00501	0.00161	0.00635	0.00459	0.00404	0.00842
6	0.01252	0.31765	0.40227	0.01302	0.01926	0.01608	0.01523	0.01682	0.01157	0.01580	0.00999	0.01220	0.00811	0.00961	0.09489	0.00245	0.00838	0.00401	0.00250	0.00764
7	0.01292	0.10522	0.61733	0.01533	0.02302	0.01468	0.01893	0.09360	0.01357	0.01952	0.01040	0.01196	0.00751	0.00553	0.00529	0.00174	0.00800	0.00421	0.00276	0.00847
8	0.00738	0.00515	0.00651	0.00743	0.00766	0.00492	0.00474	0.00807	0.01014	0.01352	0.02737	0.56206	0.03259	0.25827	0.01401	0.00331	0.00400	0.01382	0.00474	0.00428
9	0.01719	0.09743	0.21329	0.01571	0.02059	0.40469	0.09900	0.02074	0.03057	0.01573	0.00976	0.01150	0.00771	0.00560	0.00529	0.00160	0.00924	0.00419	0.00282	0.00735
10	0.01251	0.01251	0.01752	0.01502	0.01502	0.01752	0.01251	0.01377	0.00876	0.01377	0.00751	0.01251	0.00751	0.01001	0.01877	0.00250	0.78851	0.00501	0.00250	0.00626
11	0.00741	0.00572	0.00613	0.00609	0.00732	0.00512	0.00417	0.00851	0.01182	0.01480	0.11795	0.04798	0.44437	0.27175	0.01410	0.00310	0.00375	0.01066	0.00481	0.00444
12	0.00710	0.00581	0.00626	0.00615	0.00793	0.00497	0.00461	0.00886	0.01383	0.01734	0.23533	0.05194	0.58241	0.01378	0.00676	0.00190	0.00285	0.01164	0.00556	0.00497
13	0.01286	0.31044	0.50065	0.01393	0.02109	0.01668	0.01701	0.01776	0.01191	0.01642	0.00942	0.01102	0.00728	0.00524	0.00479	0.00160	0.00760	0.00380	0.00243	0.00805
14	0.01371	0.00712	0.00928	0.00801	0.01044	0.00632	0.00626	0.01610	0.01588	0.26643	0.43598	0.03653	0.12355	0.01051	0.00642	0.00180	0.00343	0.00904	0.00644	0.00675
15	0.00678	0.00571	0.00588	0.00602	0.00779	0.00481	0.00445	0.00818	0.01282	0.01536	0.05519	0.13210	0.68570	0.01484	0.00682	0.00197	0.00294	0.01251	0.00531	0.00481
16	0.01529	0.80242	0.02997	0.00979	0.01468	0.02263	0.00979	0.01713	0.01162	0.01346	0.00795	0.00918	0.00734	0.00489	0.00367	0.00122	0.00612	0.00306	0.00245	0.00734
17	0.01469	0.21258	0.17428	0.01999	0.26284	0.01628	0.01466	0.09471	0.10043	0.01969	0.01174	0.01330	0.00932	0.00561	0.00515	0.00163	0.00665	0.00458	0.00330	0.00858
18	0.00832	0.00555	0.00624	0.00624	0.00624	0.00555	0.00347	0.00832	0.00832	0.01109	0.01802	0.03743	0.02080	0.79898	0.02911	0.00555	0.00555	0.00832	0.00347	0.00347
19	0.00732	0.00543	0.00669	0.00755	0.00836	0.00501	0.00534	0.00852	0.01145	0.01474	0.03653	0.44736	0.21483	0.09813	0.00951	0.00260	0.00367	0.09722	0.00511	0.00464
20	0.01112	0.01549	0.20148	0.01549	0.10378	0.08914	0.08491	0.01430	0.01248	0.01658	0.04777	0.32087	0.02143	0.01052	0.00635	0.00197	0.00633	0.00948	0.00385	0.00665
21	0.00772	0.00841	0.09527	0.00740	0.00942	0.00597	0.00621	0.00936	0.01149	0.01458	0.03916	0.13826	0.39881	0.20842	0.01222	0.00286	0.00426	0.01075	0.00451	0.00489
22	0.02566	0.00973	0.01327	0.01018	0.01460	0.00841	0.00841	0.02788	0.01637	0.76726	0.02257	0.01947	0.01416	0.00708	0.00575	0.00177	0.00487	0.00575	0.00708	0.00973
23	0.01529	0.80242	0.02997	0.00979	0.01468	0.02263	0.00979	0.01713	0.01162	0.01346	0.00795	0.00918	0.00734	0.00489	0.00367	0.00122	0.00612	0.00306	0.00245	0.00734
24	0.01471	0.21035	0.07396	0.01131	0.04707	0.01265	0.00945	0.01937	0.14023	0.16521	0.04674	0.18870	0.01895	0.00900	0.00559	0.00178	0.00506	0.00754	0.00473	0.00760
25	0.01915	0.31013	0.02123	0.01293	0.01659	0.50110	0.01059	0.02076	0.01454	0.01380	0.00852	0.00990	0.00736	0.00553	0.00461	0.00138	0.00878	0.00346	0.00276	0.00689
26	0.01641	0.19204	0.02175	0.10387	0.27485	0.26581	0.01352	0.01888	0.01359	0.01555	0.00945	0.01191	0.00797	0.00538	0.00506	0.00154	0.00789	0.00418	0.00275	0.00759
27	0.01680	0.61017	0.02656	0.01101	0.01543	0.20948	0.01010	0.01854	0.01276	0.01359	0.00817	0.00946	0.00735	0.00514	0.00404	0.00129	0.00716	0.00321	0.00257	0.00716
28	0.83938	0.01106	0.00841	0.00752	0.01106	0.01283	0.00619	0.01681	0.00973	0.02566	0.00796	0.00929	0.00619	0.00531	0.00354	0.00177	0.00442	0.00310	0.00354	0.00619
29	0.00751	0.00523	0.00660	0.00747	0.00773	0.00502	0.00483	0.00823	0.01014	0.01350	0.02691	0.51199	0.03188	0.28239	0.01471	0.00343	0.00414	0.03934	0.00468	0.00427
30	0.00694	0.00507	0.00654	0.00771	0.00823	0.00467	0.00520	0.00799	0.01119	0.01470	0.03461	0.70872	0.12237	0.01752	0.00724	0.00228	0.00327	0.01577	0.00531	0.00467
31	0.01643	0.05395	0.01811	0.01500	0.01668	0.33971	0.03832	0.01793	0.01222	0.01402	0.00824	0.01154	0.00748	0.00785	0.01188	0.00199	0.39501	0.00442	0.00270	0.00652
32	0.00817	0.00613	0.00919	0.00919	0.01021	0.00715	0.00715	0.01021	0.00919	0.01328	0.01532	0.02247	0.01430	0.04290	0.77631	0.00919	0.01532	0.00613	0.00306	0.00511
33	0.01464	0.01138	0.01482	0.01082	0.01579	0.03839	0.09322	0.01736	0.01295	0.13898	0.01228	0.01344	0.00937	0.00483	0.00481	0.00115	0.00521	0.00417	0.00391	0.57251
34	0.01147	0.02959	0.76934	0.01630	0.02476	0.01328	0.02113	0.01811	0.01208	0.01811	0.01026	0.01208	0.00725	0.00543	0.00543	0.00181	0.00845	0.00423	0.00242	0.00845
35	0.00818	0.00594	0.00821	0.00821	0.00894	0.00661	0.00596	0.00959	0.00902	0.01266	0.01716	0.02780	0.03417	0.27233	0.53046	0.00791	0.01205	0.00694	0.00324	0.00460
36	0.01119	0.00743	0.00889	0.00786	0.01005	0.00701	0.00609	0.09767	0.01668	0.10010	0.42202	0.03997	0.22000	0.01134	0.00653	0.00182	0.00339	0.00969	0.00607	0.00621
37	0.01792	0.01623	0.01954	0.05395	0.38518	0.16893	0.01414	0.13680	0.01620	0.09830	0.01205	0.01390	0.00930	0.00577	0.00558	0.00167	0.00726	0.00489	0.00375	0.00864
38	0.02566	0.00973	0.01327	0.01018	0.01460	0.00841	0.00841	0.02788	0.01637	0.76726	0.02257	0.01947	0.01416	0.00708	0.00575	0.00177	0.00487	0.00575	0.00708	0.00973
39	0.00725	0.00572	0.00654	0.00654	0.00808	0.00501	0.00483	0.00909	0.01390	0.01797	0.30077	0.13726	0.42889	0.01391	0.00682	0.00193	0.00288	0.01196	0.00566	0.00501
40	0.01701	0.01780	0.01487	0.09341	0.01866	0.29231	0.01062	0.07704	0.35500	0.02020	0.01596	0.01614	0.01220	0.00680	0.00556	0.00175	0.00709	0.00521	0.00442	0.00794

[dist]
# distance from previous block
# <min> <max>
0	46

# created by:
# /st0/software/busco_prod/Augustus/scripts/msa2prfl.pl ./align_prep/63174.fa
