[name]
unknown

[dist]
# distance from previous block
# <min> <max>
0	30

[block]
# block no. 0 follows, 51 sequences, length 106
# corresponding to MSA columns:
# 30-42,44-136
name=unknown_A
#
# <colnr> <probs for GDERKNQSTAVLIFYWHMCP>
#	G	D	E	R	K	N	Q	S	T	A	V	L	I	F	Y	W	H	M	C	P
0	0.01832	0.01274	0.01400	0.01092	0.01466	0.01387	0.00905	0.65932	0.02150	0.10311	0.01343	0.01504	0.00999	0.00640	0.00504	0.00153	0.00523	0.05275	0.00500	0.00811
1	0.01836	0.02342	0.01393	0.01266	0.01519	0.80756	0.00950	0.01962	0.01393	0.01203	0.00760	0.00886	0.00633	0.00506	0.00443	0.00127	0.00886	0.00317	0.00253	0.00570
2	0.01761	0.01391	0.01474	0.01159	0.01493	0.05966	0.00954	0.63565	0.02052	0.02737	0.01085	0.01149	0.00799	0.00621	0.00638	0.00155	0.11344	0.00434	0.00442	0.00781
3	0.01252	0.01248	0.01489	0.01268	0.01343	0.10076	0.01045	0.10464	0.01008	0.01414	0.00721	0.01067	0.00667	0.00790	0.01352	0.00197	0.63349	0.00419	0.00252	0.00577
4	0.00634	0.00487	0.00716	0.00767	0.00829	0.00453	0.05378	0.00742	0.00960	0.01277	0.02672	0.74787	0.05510	0.01459	0.00623	0.00196	0.00319	0.01334	0.00443	0.00416
5	0.00715	0.00476	0.00536	0.00536	0.00536	0.00476	0.00298	0.00715	0.00715	0.00953	0.01548	0.03216	0.01787	0.82729	0.02501	0.00476	0.00476	0.00715	0.00298	0.00298
6	0.00606	0.00438	0.00575	0.00681	0.00722	0.00407	0.00465	0.00700	0.00961	0.01269	0.02861	0.73823	0.08496	0.01512	0.00626	0.00198	0.00290	0.04513	0.00456	0.00402
7	0.01183	0.01125	0.01910	0.02864	0.74644	0.01123	0.01442	0.01471	0.01136	0.01629	0.05916	0.01372	0.01024	0.00474	0.00492	0.00147	0.00561	0.00467	0.00262	0.00758
8	0.01868	0.01376	0.01475	0.01131	0.01524	0.01524	0.00934	0.78025	0.02311	0.03097	0.01180	0.01180	0.00836	0.00590	0.00492	0.00147	0.00541	0.00442	0.00492	0.00836
9	0.80849	0.00935	0.00734	0.00651	0.00954	0.01072	0.00536	0.01477	0.00864	0.05393	0.00756	0.00857	0.00577	0.00465	0.00313	0.00151	0.00378	0.00280	0.02214	0.00543
10	0.00707	0.00473	0.00538	0.00546	0.00548	0.00471	0.00309	0.00713	0.00730	0.00974	0.01629	0.08685	0.01888	0.77122	0.02372	0.00457	0.00463	0.00762	0.00309	0.00305
11	0.00949	0.00814	0.00936	0.00691	0.01085	0.00617	0.00549	0.01153	0.01035	0.01558	0.01525	0.01608	0.13227	0.00504	0.00398	0.00088	0.00346	0.00410	0.00317	0.72190
12	0.00985	0.00921	0.01539	0.69968	0.12890	0.01111	0.01373	0.02960	0.01029	0.01340	0.00887	0.01296	0.00674	0.00487	0.00491	0.00161	0.00644	0.00437	0.00227	0.00581
13	0.01988	0.00816	0.01090	0.00853	0.01198	0.00724	0.00698	0.04615	0.02803	0.66418	0.11611	0.01910	0.01637	0.00658	0.00505	0.00152	0.00398	0.00543	0.00594	0.00789
14	0.01075	0.00975	0.01045	0.00765	0.01189	0.06187	0.00608	0.01287	0.01045	0.01574	0.00866	0.01010	0.00721	0.00374	0.00369	0.00077	0.00400	0.00293	0.00289	0.79852
15	0.00598	0.00432	0.00566	0.00672	0.00710	0.00400	0.00451	0.00686	0.00952	0.01259	0.02853	0.77468	0.08097	0.01521	0.00624	0.00197	0.00283	0.01374	0.00456	0.00400
16	0.01207	0.01269	0.02629	0.01902	0.02361	0.02944	0.66734	0.01587	0.01156	0.06130	0.01065	0.01375	0.00801	0.00636	0.05673	0.00204	0.00837	0.00566	0.00271	0.00657
17	0.01836	0.02342	0.01393	0.01266	0.01519	0.80756	0.00950	0.01962	0.01393	0.01203	0.00760	0.00886	0.00633	0.00506	0.00443	0.00127	0.00886	0.00317	0.00253	0.00570
18	0.86201	0.00950	0.00722	0.00646	0.00950	0.01102	0.00532	0.01445	0.00836	0.02205	0.00684	0.00798	0.00532	0.00456	0.00304	0.00152	0.00380	0.00266	0.00304	0.00532
19	0.00635	0.00477	0.00591	0.00631	0.00727	0.00433	0.00459	0.00782	0.01130	0.01493	0.25110	0.33883	0.24060	0.01296	0.00605	0.00180	0.00272	0.06333	0.00480	0.00425
20	0.86201	0.00950	0.00722	0.00646	0.00950	0.01102	0.00532	0.01445	0.00836	0.02205	0.00684	0.00798	0.00532	0.00456	0.00304	0.00152	0.00380	0.00266	0.00304	0.00532
21	0.00928	0.00873	0.01474	0.81548	0.03385	0.01092	0.01365	0.01256	0.00983	0.01256	0.00873	0.01310	0.00655	0.00491	0.00491	0.00164	0.00655	0.00437	0.00218	0.00546
22	0.00732	0.00575	0.00910	0.00857	0.00966	0.00647	0.05510	0.00913	0.00809	0.01158	0.01309	0.01964	0.01229	0.07911	0.71290	0.00733	0.01238	0.00540	0.00264	0.00445
23	0.00673	0.00501	0.00625	0.00594	0.00720	0.00454	0.00446	0.00883	0.01337	0.01842	0.64471	0.03883	0.19651	0.01053	0.00580	0.00157	0.00235	0.00919	0.00524	0.00454
24	0.09155	0.00688	0.00613	0.00574	0.00734	0.05700	0.00441	0.06535	0.01124	0.01915	0.01433	0.01629	0.01121	0.00558	0.00356	0.00121	0.00307	0.00430	0.66069	0.00498
25	0.01160	0.01326	0.02900	0.02071	0.02568	0.01243	0.77879	0.01574	0.01160	0.01574	0.00994	0.01326	0.00746	0.00414	0.00580	0.00166	0.00829	0.00580	0.00249	0.00663
26	0.00599	0.00428	0.00570	0.00684	0.00713	0.00399	0.00456	0.00684	0.00941	0.01254	0.02709	0.82409	0.03250	0.01540	0.00627	0.00200	0.00285	0.01397	0.00456	0.00399
27	0.01160	0.01326	0.02900	0.02071	0.02568	0.01243	0.77879	0.01574	0.01160	0.01574	0.00994	0.01326	0.00746	0.00414	0.00580	0.00166	0.00829	0.00580	0.00249	0.00663
28	0.00928	0.00873	0.01474	0.81548	0.03385	0.01092	0.01365	0.01256	0.00983	0.01256	0.00873	0.01310	0.00655	0.00491	0.00491	0.00164	0.00655	0.00437	0.00218	0.00546
29	0.00624	0.00493	0.00563	0.00559	0.00694	0.00431	0.00414	0.00785	0.01203	0.01557	0.32077	0.11297	0.45191	0.01183	0.00585	0.00165	0.00246	0.01015	0.00487	0.00431
30	0.01222	0.01056	0.01111	0.01000	0.01278	0.01222	0.00778	0.02611	0.78776	0.02056	0.02000	0.01833	0.01500	0.00667	0.00500	0.00167	0.00389	0.00556	0.00500	0.00778
31	0.00596	0.00436	0.00561	0.00661	0.00707	0.00401	0.00446	0.00687	0.00963	0.01264	0.02993	0.72687	0.12788	0.01503	0.00621	0.00195	0.00281	0.01352	0.00456	0.00401
32	0.01216	0.01168	0.01995	0.03016	0.79664	0.01168	0.01508	0.01508	0.01119	0.01605	0.00924	0.01216	0.00778	0.00438	0.00487	0.00146	0.00584	0.00438	0.00243	0.00778
33	0.00710	0.00495	0.00629	0.00629	0.00661	0.00527	0.00414	0.00774	0.00742	0.01022	0.01463	0.02746	0.01582	0.53806	0.31146	0.00591	0.00784	0.00646	0.00285	0.00349
34	0.00916	0.00458	0.00458	0.00458	0.00573	0.00458	0.00344	0.01145	0.01031	0.01832	0.01603	0.01832	0.01260	0.00573	0.00344	0.00115	0.00229	0.00458	0.85457	0.00458
35	0.01216	0.01168	0.01995	0.03016	0.79664	0.01168	0.01508	0.01508	0.01119	0.01605	0.00924	0.01216	0.00778	0.00438	0.00487	0.00146	0.00584	0.00438	0.00243	0.00778
36	0.01644	0.01738	0.01368	0.01185	0.01449	0.38887	0.00925	0.19337	0.16735	0.01800	0.01087	0.01159	0.00851	0.00594	0.00586	0.00148	0.09083	0.00404	0.00352	0.00668
37	0.01536	0.01639	0.01372	0.01207	0.01408	0.36403	0.00961	0.16602	0.01382	0.01599	0.01012	0.01495	0.00913	0.00705	0.00775	0.00164	0.21322	0.08591	0.00312	0.00601
38	0.86201	0.00950	0.00722	0.00646	0.00950	0.01102	0.00532	0.01445	0.00836	0.02205	0.00684	0.00798	0.00532	0.00456	0.00304	0.00152	0.00380	0.00266	0.00304	0.00532
39	0.01822	0.01332	0.01378	0.01075	0.01441	0.05843	0.00880	0.63574	0.02112	0.07862	0.01234	0.01240	0.00878	0.00585	0.00479	0.00144	0.00531	0.00440	0.06353	0.00795
40	0.01868	0.01376	0.01475	0.01131	0.01524	0.01524	0.00934	0.78025	0.02311	0.03097	0.01180	0.01180	0.00836	0.00590	0.00492	0.00147	0.00541	0.00442	0.00492	0.00836
41	0.01118	0.01038	0.01709	0.41064	0.37621	0.01153	0.01402	0.06252	0.01128	0.01530	0.00916	0.01260	0.00722	0.00474	0.00489	0.00155	0.00616	0.00438	0.00247	0.00669
42	0.86201	0.00950	0.00722	0.00646	0.00950	0.01102	0.00532	0.01445	0.00836	0.02205	0.00684	0.00798	0.00532	0.00456	0.00304	0.00152	0.00380	0.00266	0.00304	0.00532
43	0.00780	0.00558	0.00775	0.00869	0.00983	0.00553	0.00751	0.01007	0.01164	0.01533	0.12214	0.05309	0.03055	0.01313	0.00666	0.00217	0.00425	0.66911	0.00464	0.00454
44	0.00928	0.00873	0.01474	0.81548	0.03385	0.01092	0.01365	0.01256	0.00983	0.01256	0.00873	0.01310	0.00655	0.00491	0.00491	0.00164	0.00655	0.00437	0.00218	0.00546
45	0.01201	0.36048	0.39196	0.01170	0.01726	0.06536	0.03627	0.01561	0.01053	0.02624	0.00812	0.00943	0.00640	0.00451	0.00406	0.00133	0.00651	0.00327	0.00219	0.00676
46	0.00714	0.00478	0.00542	0.00542	0.00544	0.00480	0.00305	0.00718	0.00716	0.00957	0.01543	0.03187	0.01774	0.80946	0.04268	0.00484	0.00495	0.00710	0.00297	0.00301
47	0.00588	0.00471	0.00525	0.00569	0.00682	0.00409	0.00405	0.00697	0.01052	0.01300	0.04111	0.34398	0.50355	0.01357	0.00599	0.00179	0.00263	0.01175	0.00456	0.00409
48	0.00986	0.02542	0.80183	0.01401	0.02127	0.01141	0.01816	0.01556	0.01038	0.01556	0.00882	0.01038	0.00623	0.00467	0.00467	0.00156	0.00726	0.00363	0.00208	0.00726
49	0.01692	0.02088	0.01504	0.01317	0.01555	0.63447	0.05811	0.03491	0.01313	0.01265	0.00768	0.00945	0.00646	0.00550	0.00609	0.00141	0.11676	0.00351	0.00253	0.00577
50	0.01209	0.13578	0.20283	0.01333	0.03312	0.09589	0.06510	0.04647	0.01023	0.01385	0.00771	0.01030	0.00654	0.00616	0.00890	0.00168	0.31757	0.00389	0.00231	0.00625
51	0.00599	0.00428	0.00570	0.00684	0.00713	0.00399	0.00456	0.00684	0.00941	0.01254	0.02709	0.82409	0.03250	0.01540	0.00627	0.00200	0.00285	0.01397	0.00456	0.00399
52	0.00663	0.00481	0.00626	0.00633	0.00725	0.00443	0.00458	0.00849	0.01251	0.01739	0.54424	0.26361	0.07173	0.01168	0.00593	0.00168	0.00248	0.01041	0.00513	0.00443
53	0.01329	0.77281	0.02539	0.00897	0.01313	0.05000	0.03290	0.01494	0.01019	0.01171	0.00696	0.00809	0.00634	0.00424	0.00329	0.00108	0.00549	0.00275	0.00213	0.00629
54	0.00714	0.00479	0.00547	0.00547	0.00550	0.00482	0.00311	0.00721	0.00718	0.00961	0.01539	0.03162	0.01763	0.79417	0.05781	0.00490	0.00512	0.00707	0.00296	0.00304
55	0.02119	0.00974	0.01226	0.00940	0.01323	0.00927	0.00776	0.21678	0.01637	0.60396	0.01745	0.01547	0.01119	0.00604	0.00494	0.00151	0.00449	0.00481	0.00579	0.00836
56	0.01122	0.01067	0.01779	0.28444	0.48114	0.01148	0.02687	0.01503	0.06438	0.01522	0.00983	0.01291	0.00788	0.00471	0.00491	0.00154	0.00598	0.00448	0.00253	0.00701
57	0.01324	0.02985	0.37657	0.06789	0.01898	0.01113	0.05621	0.07084	0.11990	0.16779	0.01263	0.01311	0.00882	0.00528	0.00484	0.00156	0.00605	0.00436	0.00348	0.00745
58	0.01836	0.02342	0.01393	0.01266	0.01519	0.80756	0.00950	0.01962	0.01393	0.01203	0.00760	0.00886	0.00633	0.00506	0.00443	0.00127	0.00886	0.00317	0.00253	0.00570
59	0.01038	0.06098	0.01118	0.00735	0.01171	0.00737	0.00599	0.01252	0.01018	0.01573	0.00861	0.01004	0.00722	0.00368	0.00361	0.00075	0.00374	0.00289	0.00286	0.80321
60	0.77543	0.00994	0.00800	0.00696	0.01009	0.01146	0.00573	0.09306	0.00988	0.02296	0.00735	0.00837	0.00563	0.00470	0.00323	0.00152	0.00397	0.00284	0.00323	0.00563
61	0.00655	0.00501	0.00601	0.00576	0.00709	0.00447	0.00432	0.00850	0.01296	0.01745	0.53312	0.04042	0.30870	0.01089	0.00580	0.00159	0.00238	0.00941	0.00511	0.00447
62	0.00696	0.00502	0.00657	0.00618	0.00734	0.00464	0.00464	0.00927	0.01391	0.01971	0.79405	0.03671	0.04637	0.01005	0.00580	0.00155	0.00232	0.00889	0.00541	0.00464
63	0.00691	0.00499	0.00653	0.00621	0.00733	0.00461	0.00463	0.00917	0.01372	0.01941	0.76191	0.06970	0.04579	0.01027	0.00582	0.00156	0.00234	0.00910	0.00537	0.00461
64	0.00702	0.00527	0.00790	0.00790	0.00878	0.00614	0.00614	0.00878	0.00790	0.01141	0.01316	0.01931	0.01229	0.03686	0.80782	0.00790	0.01316	0.00527	0.00263	0.00439
65	0.00696	0.00502	0.00657	0.00618	0.00734	0.00464	0.00464	0.00927	0.01391	0.01971	0.79405	0.03671	0.04637	0.01005	0.00580	0.00155	0.00232	0.00889	0.00541	0.00464
66	0.01216	0.01168	0.01995	0.03016	0.79664	0.01168	0.01508	0.01508	0.01119	0.01605	0.00924	0.01216	0.00778	0.00438	0.00487	0.00146	0.00584	0.00438	0.00243	0.00778
67	0.01019	0.00873	0.01019	0.00728	0.01165	0.00655	0.00582	0.01237	0.01019	0.01601	0.00873	0.01019	0.00728	0.00364	0.00364	0.00073	0.00364	0.00291	0.00291	0.85734
68	0.00928	0.00873	0.01474	0.81548	0.03385	0.01092	0.01365	0.01256	0.00983	0.01256	0.00873	0.01310	0.00655	0.00491	0.00491	0.00164	0.00655	0.00437	0.00218	0.00546
69	0.00928	0.00873	0.01474	0.81548	0.03385	0.01092	0.01365	0.01256	0.00983	0.01256	0.00873	0.01310	0.00655	0.00491	0.00491	0.00164	0.00655	0.00437	0.00218	0.00546
70	0.01075	0.01075	0.01505	0.01290	0.01290	0.01505	0.01075	0.01183	0.00753	0.01183	0.00645	0.01075	0.00645	0.00860	0.01613	0.00215	0.81830	0.00430	0.00215	0.00538
71	0.00928	0.00873	0.01474	0.81548	0.03385	0.01092	0.01365	0.01256	0.00983	0.01256	0.00873	0.01310	0.00655	0.00491	0.00491	0.00164	0.00655	0.00437	0.00218	0.00546
72	0.15432	0.01080	0.01210	0.01023	0.01337	0.01211	0.06075	0.10291	0.48560	0.06045	0.01623	0.01550	0.01203	0.00603	0.00472	0.00161	0.00435	0.00494	0.00455	0.00738
73	0.01340	0.00863	0.01052	0.00767	0.01189	0.00673	0.00620	0.01550	0.01124	0.22799	0.01161	0.01196	0.00860	0.00430	0.00399	0.00094	0.00379	0.00346	0.00377	0.62780
74	0.00761	0.00551	0.00703	0.00647	0.00778	0.00523	0.00490	0.05252	0.01443	0.02034	0.75017	0.03531	0.04424	0.00981	0.00575	0.00154	0.00249	0.00864	0.00538	0.00485
75	0.00646	0.00481	0.00611	0.00690	0.00775	0.00446	0.00517	0.00782	0.01053	0.01363	0.07554	0.41786	0.20807	0.01398	0.00626	0.00196	0.00313	0.19076	0.00460	0.00419
76	0.00980	0.00718	0.00857	0.00746	0.00930	0.00727	0.00580	0.18907	0.03327	0.02235	0.59478	0.03050	0.03683	0.00901	0.00557	0.00153	0.00307	0.00777	0.00529	0.00557
77	0.43320	0.00892	0.00936	0.00763	0.01106	0.00908	0.00629	0.01930	0.01127	0.41922	0.01325	0.01245	0.00882	0.00534	0.00401	0.00152	0.00400	0.00383	0.00459	0.00687
78	0.00986	0.02542	0.80183	0.01401	0.02127	0.01141	0.01816	0.01556	0.01038	0.01556	0.00882	0.01038	0.00623	0.00467	0.00467	0.00156	0.00726	0.00363	0.00208	0.00726
79	0.00704	0.00518	0.00747	0.00747	0.00821	0.00591	0.00561	0.00850	0.00777	0.01109	0.01355	0.02145	0.01322	0.16876	0.67719	0.00737	0.01176	0.00558	0.00269	0.00415
80	0.00599	0.00428	0.00570	0.00684	0.00713	0.00399	0.00456	0.00684	0.00941	0.01254	0.02709	0.82409	0.03250	0.01540	0.00627	0.00200	0.00285	0.01397	0.00456	0.00399
81	0.01807	0.06807	0.01458	0.01242	0.01505	0.76395	0.00944	0.01935	0.01371	0.01200	0.00755	0.00881	0.00633	0.00502	0.00436	0.00125	0.00866	0.00314	0.00251	0.00573
82	0.86201	0.00950	0.00722	0.00646	0.00950	0.01102	0.00532	0.01445	0.00836	0.02205	0.00684	0.00798	0.00532	0.00456	0.00304	0.00152	0.00380	0.00266	0.00304	0.00532
83	0.03019	0.35567	0.46534	0.01154	0.01745	0.01470	0.01387	0.01519	0.01017	0.01406	0.00796	0.00930	0.00624	0.00448	0.00401	0.00135	0.00636	0.00320	0.00211	0.00683
84	0.00950	0.00896	0.01514	0.75503	0.09256	0.01098	0.01376	0.01275	0.00993	0.01283	0.00877	0.01303	0.00665	0.00487	0.00491	0.00162	0.00650	0.00437	0.00220	0.00564
85	0.01123	0.01864	0.38993	0.06557	0.05787	0.05662	0.09122	0.03408	0.13864	0.01612	0.01062	0.01221	0.00796	0.00527	0.00565	0.00161	0.06275	0.00429	0.00272	0.00700
86	0.00854	0.00427	0.00640	0.00640	0.00640	0.00427	0.00427	0.00640	0.00640	0.00854	0.00854	0.01494	0.00854	0.01707	0.01921	0.85702	0.00427	0.00427	0.00213	0.00213
87	0.00672	0.00523	0.00679	0.00805	0.05194	0.00485	0.00564	0.00816	0.01058	0.01361	0.05087	0.35468	0.26297	0.01335	0.00615	0.00191	0.00326	0.17640	0.00445	0.00438
88	0.01721	0.01730	0.01365	0.01134	0.01462	0.37120	0.00890	0.32379	0.01701	0.02012	0.00955	0.01044	0.00740	0.00594	0.02266	0.00143	0.00692	0.00369	0.00354	0.11332
89	0.01019	0.00498	0.00540	0.00512	0.00652	0.00484	0.00390	0.01245	0.01098	0.09282	0.08420	0.01977	0.01550	0.00614	0.00378	0.00122	0.00247	0.00499	0.69979	0.00495
90	0.07777	0.00878	0.01400	0.71721	0.03101	0.01077	0.01272	0.01318	0.00989	0.04631	0.00903	0.01285	0.00669	0.00493	0.00477	0.00162	0.00623	0.00426	0.00242	0.00557
91	0.01826	0.04070	0.01425	0.01247	0.01514	0.73531	0.00946	0.07204	0.01447	0.01333	0.00787	0.00904	0.00647	0.00510	0.00444	0.00128	0.00854	0.00324	0.00269	0.00589
92	0.01590	0.01492	0.01364	0.09616	0.01623	0.28296	0.03907	0.24695	0.01536	0.07354	0.01153	0.05829	0.00969	0.06276	0.00644	0.00170	0.02006	0.00480	0.00360	0.00641
93	0.01353	0.04329	0.01241	0.00998	0.01322	0.02642	0.00796	0.18552	0.49819	0.02181	0.01633	0.01550	0.01227	0.00606	0.00476	0.00150	0.00433	0.00488	0.00461	0.09744
94	0.01156	0.01233	0.07415	0.26798	0.17385	0.01214	0.23094	0.09293	0.01190	0.01620	0.00940	0.01255	0.00720	0.00483	0.00561	0.00161	0.04085	0.00473	0.00259	0.00665
95	0.01110	0.27054	0.53801	0.01214	0.01833	0.01381	0.01482	0.01563	0.02442	0.02693	0.00858	0.00986	0.00650	0.00459	0.00422	0.00140	0.00654	0.00338	0.00220	0.00700
96	0.01050	0.15333	0.62431	0.01357	0.02019	0.01277	0.06913	0.01544	0.01040	0.01494	0.00858	0.01018	0.00632	0.00456	0.00450	0.00148	0.00701	0.00362	0.00211	0.00707
97	0.00582	0.00493	0.00503	0.00511	0.00667	0.00414	0.00379	0.00704	0.01108	0.01323	0.04822	0.10094	0.74201	0.01265	0.00584	0.00168	0.00251	0.01062	0.00456	0.00414
98	0.01336	0.00978	0.01109	0.05646	0.01312	0.01065	0.00760	0.33315	0.14331	0.05928	0.01826	0.17913	0.04792	0.05423	0.00635	0.00181	0.00445	0.00695	0.01641	0.00668
99	0.01216	0.01168	0.01995	0.03016	0.79664	0.01168	0.01508	0.01508	0.01119	0.01605	0.00924	0.01216	0.00778	0.00438	0.00487	0.00146	0.00584	0.00438	0.00243	0.00778
100	0.00854	0.00427	0.00640	0.00640	0.00640	0.00427	0.00427	0.00640	0.00640	0.00854	0.00854	0.01494	0.00854	0.01707	0.01921	0.85702	0.00427	0.00427	0.00213	0.00213
101	0.00626	0.00493	0.00569	0.00594	0.00721	0.00436	0.00447	0.00773	0.01138	0.01443	0.17454	0.18096	0.45136	0.01265	0.00599	0.00176	0.00273	0.08865	0.00471	0.00425
102	0.01344	0.27762	0.16626	0.01361	0.01842	0.08379	0.24600	0.01656	0.01132	0.09456	0.00950	0.01098	0.00725	0.00454	0.00454	0.00140	0.00676	0.00407	0.00266	0.00674
103	0.00627	0.00448	0.00591	0.00663	0.00713	0.00418	0.00453	0.00747	0.01048	0.01428	0.22226	0.59820	0.03557	0.03980	0.00675	0.00197	0.00278	0.01246	0.00473	0.00412
104	0.00645	0.00475	0.00650	0.00796	0.03831	0.00450	0.00535	0.00757	0.00976	0.01296	0.02698	0.67572	0.05522	0.01465	0.00626	0.00200	0.00316	0.10320	0.00447	0.00421
105	0.01195	0.01105	0.01783	0.14309	0.55928	0.01155	0.01369	0.06376	0.05541	0.01688	0.04059	0.01358	0.00955	0.00490	0.00492	0.00150	0.00567	0.00462	0.00281	0.00735

[dist]
# distance from previous block
# <min> <max>
4	5

[block]
# block no. 1 follows, 51 sequences, length 32
# corresponding to MSA columns:
# 142-173
name=unknown_B
#
# <colnr> <probs for GDERKNQSTAVLIFYWHMCP>
#	G	D	E	R	K	N	Q	S	T	A	V	L	I	F	Y	W	H	M	C	P
0	0.05182	0.12302	0.08399	0.12807	0.01809	0.05718	0.05954	0.27536	0.01486	0.04522	0.00980	0.01110	0.00735	0.00499	0.00448	0.00138	0.00581	0.00392	0.00337	0.09066
1	0.06534	0.01214	0.01318	0.01041	0.01408	0.01324	0.00852	0.49016	0.15284	0.14769	0.01411	0.01348	0.00992	0.00599	0.00483	0.00152	0.00487	0.00460	0.00501	0.00809
2	0.01532	0.01753	0.28284	0.01206	0.01715	0.01357	0.01220	0.48775	0.01823	0.02510	0.01066	0.01125	0.00759	0.00539	0.00478	0.00147	0.00597	0.00409	0.00386	0.04320
3	0.04381	0.05083	0.17920	0.01092	0.01551	0.01259	0.01045	0.37479	0.03332	0.16419	0.01220	0.01216	0.00850	0.00547	0.00468	0.00145	0.00541	0.00417	0.00426	0.04611
4	0.00710	0.00538	0.00656	0.00712	0.00805	0.00528	0.00524	0.00964	0.09351	0.01388	0.05350	0.38068	0.15293	0.08340	0.00775	0.00218	0.00335	0.14549	0.00449	0.00445
5	0.00928	0.00873	0.01474	0.81548	0.03385	0.01092	0.01365	0.01256	0.00983	0.01256	0.00873	0.01310	0.00655	0.00491	0.00491	0.00164	0.00655	0.00437	0.00218	0.00546
6	0.00629	0.00445	0.00611	0.00700	0.00738	0.00438	0.00482	0.00716	0.00901	0.01216	0.02380	0.64680	0.02788	0.01918	0.14521	0.04359	0.00470	0.01201	0.00411	0.00397
7	0.00928	0.00873	0.01474	0.81548	0.03385	0.01092	0.01365	0.01256	0.00983	0.01256	0.00873	0.01310	0.00655	0.00491	0.00491	0.00164	0.00655	0.00437	0.00218	0.00546
8	0.01216	0.01168	0.01995	0.03016	0.79664	0.01168	0.01508	0.01508	0.01119	0.01605	0.00924	0.01216	0.00778	0.00438	0.00487	0.00146	0.00584	0.00438	0.00243	0.00778
9	0.00874	0.00744	0.01037	0.01023	0.01080	0.00907	0.00853	0.01034	0.00956	0.01327	0.01856	0.14983	0.02040	0.01190	0.01035	0.00218	0.32106	0.35898	0.00361	0.00478
10	0.00830	0.00433	0.00628	0.00628	0.00642	0.00426	0.00422	0.00646	0.00682	0.00894	0.01209	0.01772	0.07623	0.01667	0.01805	0.78336	0.00411	0.00479	0.00234	0.00231
11	0.01070	0.01080	0.01627	0.08271	0.01584	0.01446	0.07931	0.01224	0.00809	0.01224	0.00696	0.01118	0.00655	0.00789	0.01424	0.00206	0.67635	0.00444	0.00218	0.00549
12	0.01222	0.01056	0.01111	0.01000	0.01278	0.01222	0.00778	0.02611	0.78776	0.02056	0.02000	0.01833	0.01500	0.00667	0.00500	0.00167	0.00389	0.00556	0.00500	0.00778
13	0.01345	0.57436	0.09693	0.01139	0.08130	0.12488	0.01005	0.01549	0.01066	0.01239	0.00733	0.00862	0.00643	0.00438	0.00362	0.00116	0.00598	0.00295	0.00219	0.00644
14	0.00762	0.00535	0.00690	0.00678	0.00804	0.00508	0.00528	0.01020	0.03897	0.03614	0.53631	0.06749	0.07391	0.01062	0.00587	0.00168	0.00281	0.13671	0.02950	0.00476
15	0.01019	0.00873	0.01019	0.00728	0.01165	0.00655	0.00582	0.01237	0.01019	0.01601	0.00873	0.01019	0.00728	0.00364	0.00364	0.00073	0.00364	0.00291	0.00291	0.85734
16	0.01868	0.01376	0.01475	0.01131	0.01524	0.01524	0.00934	0.78025	0.02311	0.03097	0.01180	0.01180	0.00836	0.00590	0.00492	0.00147	0.00541	0.00442	0.00492	0.00836
17	0.00615	0.00499	0.00545	0.00533	0.00684	0.00429	0.00400	0.00771	0.01200	0.01517	0.26867	0.04418	0.57458	0.01174	0.00580	0.00163	0.00244	0.00994	0.00481	0.00429
18	0.01160	0.01326	0.02900	0.02071	0.02568	0.01243	0.77879	0.01574	0.01160	0.01574	0.00994	0.01326	0.00746	0.00414	0.00580	0.00166	0.00829	0.00580	0.00249	0.00663
19	0.82379	0.00970	0.00756	0.00668	0.00976	0.01122	0.00550	0.04915	0.00903	0.02245	0.00707	0.00816	0.00546	0.00462	0.00313	0.00152	0.00387	0.00274	0.00313	0.00546
20	0.01277	0.00813	0.00992	0.00749	0.01121	0.00654	0.00600	0.02832	0.01188	0.21519	0.10354	0.01668	0.05039	0.00545	0.00434	0.00108	0.00360	0.00449	0.00412	0.48888
21	0.00854	0.00427	0.00640	0.00640	0.00640	0.00427	0.00427	0.00640	0.00640	0.00854	0.00854	0.01494	0.00854	0.01707	0.01921	0.85702	0.00427	0.00427	0.00213	0.00213
22	0.01222	0.01056	0.01111	0.01000	0.01278	0.01222	0.00778	0.02611	0.78776	0.02056	0.02000	0.01833	0.01500	0.00667	0.00500	0.00167	0.00389	0.00556	0.00500	0.00778
23	0.01072	0.00872	0.01024	0.00734	0.01169	0.00658	0.00589	0.01289	0.01036	0.05128	0.00921	0.01048	0.00750	0.00375	0.00370	0.00076	0.00366	0.00300	0.00305	0.81915
24	0.00715	0.00476	0.00536	0.00536	0.00536	0.00476	0.00298	0.00715	0.00715	0.00953	0.01548	0.03216	0.01787	0.82729	0.02501	0.00476	0.00476	0.00715	0.00298	0.00298
25	0.01010	0.00840	0.00929	0.00896	0.01096	0.00935	0.00688	0.01932	0.50016	0.01784	0.02355	0.20623	0.05560	0.00958	0.00550	0.00180	0.00365	0.08155	0.00483	0.00644
26	0.00853	0.00775	0.01069	0.01004	0.01020	0.00991	0.00785	0.00951	0.00844	0.01218	0.01657	0.37149	0.03594	0.01170	0.01153	0.00207	0.43887	0.00872	0.00327	0.00474
27	0.00993	0.00947	0.01633	0.57963	0.13542	0.01093	0.08405	0.02958	0.01049	0.01374	0.01038	0.03237	0.02623	0.00521	0.00504	0.00162	0.00641	0.00487	0.00242	0.00588
28	0.01611	0.01511	0.01449	0.01209	0.01434	0.22601	0.00976	0.29112	0.01512	0.05189	0.00923	0.01088	0.00735	0.00658	0.00850	0.00164	0.27565	0.00407	0.00341	0.00666
29	0.00983	0.00835	0.00980	0.00724	0.01126	0.00633	0.00571	0.01190	0.01012	0.01571	0.01031	0.08028	0.00945	0.00465	0.00387	0.00084	0.00357	0.00386	0.00305	0.78385
30	0.01343	0.15269	0.25130	0.01087	0.01567	0.01303	0.01111	0.20488	0.11502	0.05670	0.02912	0.01223	0.00920	0.00526	0.00447	0.00139	0.00546	0.00403	0.00350	0.08064
31	0.05427	0.04741	0.01177	0.00929	0.01219	0.09230	0.00748	0.05772	0.11470	0.36264	0.01606	0.03951	0.01208	0.04195	0.04424	0.00198	0.04176	0.02096	0.00465	0.00703

[dist]
# distance from previous block
# <min> <max>
0	2

[block]
# block no. 2 follows, 51 sequences, length 32
# corresponding to MSA columns:
# 176-207
name=unknown_C
#
# <colnr> <probs for GDERKNQSTAVLIFYWHMCP>
#	G	D	E	R	K	N	Q	S	T	A	V	L	I	F	Y	W	H	M	C	P
0	0.01395	0.00979	0.01469	0.01155	0.01490	0.00976	0.18889	0.04137	0.25047	0.22641	0.11337	0.01999	0.04870	0.00655	0.00530	0.00161	0.00479	0.00603	0.00472	0.00714
1	0.01243	0.08971	0.17379	0.01275	0.04800	0.06368	0.12076	0.02860	0.23240	0.07313	0.06022	0.01592	0.03515	0.00580	0.00490	0.00153	0.00563	0.00501	0.00361	0.00700
2	0.00705	0.00499	0.00659	0.00663	0.00706	0.00540	0.00455	0.00792	0.00758	0.01053	0.01474	0.05137	0.01564	0.42009	0.40189	0.00619	0.00875	0.00646	0.00286	0.00369
3	0.01019	0.00873	0.01019	0.00728	0.01165	0.00655	0.00582	0.01237	0.01019	0.01601	0.00873	0.01019	0.00728	0.00364	0.00364	0.00073	0.00364	0.00291	0.00291	0.85734
4	0.01700	0.01635	0.01294	0.01094	0.01390	0.33434	0.00858	0.33450	0.06045	0.02115	0.01108	0.01179	0.00844	0.00558	0.00454	0.00136	0.00633	0.00400	0.10995	0.00678
5	0.01271	0.11344	0.17938	0.07283	0.18335	0.01147	0.01169	0.05507	0.08408	0.11459	0.03245	0.01418	0.03635	0.00534	0.00463	0.00144	0.00538	0.00443	0.00330	0.05390
6	0.01167	0.05803	0.46092	0.01585	0.12329	0.04825	0.08771	0.03648	0.01141	0.05791	0.03639	0.01198	0.00831	0.00487	0.00478	0.00151	0.00677	0.00414	0.00259	0.00715
7	0.01148	0.05748	0.00921	0.00783	0.00943	0.00669	0.00593	0.02340	0.02153	0.23455	0.02173	0.44259	0.02245	0.03495	0.03094	0.00205	0.03799	0.00961	0.00464	0.00552
8	0.17034	0.01273	0.01339	0.05355	0.01520	0.01425	0.00885	0.60091	0.01973	0.02837	0.01074	0.01118	0.00771	0.00561	0.00458	0.00149	0.00518	0.00410	0.00443	0.00765
9	0.01120	0.01449	0.19079	0.16229	0.23494	0.01180	0.19139	0.03714	0.06734	0.01600	0.01007	0.01263	0.00769	0.00469	0.00506	0.00157	0.00669	0.00463	0.00258	0.00700
10	0.00886	0.00723	0.00870	0.00732	0.01013	0.00601	0.00566	0.01138	0.05073	0.01581	0.10230	0.19472	0.01901	0.00777	0.00474	0.00125	0.00339	0.05836	0.00377	0.47287
11	0.00778	0.00669	0.01052	0.03602	0.16554	0.00643	0.06778	0.00938	0.01007	0.01345	0.02393	0.44615	0.11743	0.04698	0.00668	0.00193	0.00402	0.01041	0.00384	0.00497
12	0.04197	0.39727	0.14797	0.00948	0.01318	0.06876	0.00938	0.01436	0.04394	0.01377	0.07199	0.09071	0.01236	0.00619	0.00462	0.00137	0.03922	0.00463	0.00279	0.00605
13	0.01122	0.13565	0.02648	0.01070	0.10359	0.02223	0.03496	0.01446	0.10109	0.09775	0.12799	0.02227	0.15259	0.00764	0.00563	0.04730	0.00419	0.00590	0.00387	0.06448
14	0.01010	0.01806	0.43963	0.01180	0.01777	0.00956	0.06298	0.01432	0.01038	0.01575	0.00886	0.01049	0.00672	0.00423	0.00434	0.00124	0.00590	0.00349	0.00243	0.34195
15	0.01097	0.01285	0.10243	0.01601	0.06158	0.01061	0.38694	0.01546	0.07461	0.01612	0.01155	0.01426	0.02572	0.00468	0.00510	0.00144	0.00643	0.02088	0.00283	0.19954
16	0.01602	0.01244	0.01325	0.01077	0.01423	0.01400	0.00870	0.46982	0.33787	0.02668	0.01518	0.01449	0.01109	0.00622	0.00495	0.00155	0.00478	0.00489	0.00495	0.00812
17	0.02205	0.00836	0.01140	0.00874	0.01254	0.00722	0.00722	0.02395	0.01407	0.80004	0.01939	0.01673	0.01216	0.00608	0.00494	0.00152	0.00418	0.00494	0.00608	0.00836
18	0.01222	0.01056	0.01111	0.01000	0.01278	0.01222	0.00778	0.02611	0.78776	0.02056	0.02000	0.01833	0.01500	0.00667	0.00500	0.00167	0.00389	0.00556	0.00500	0.00778
19	0.01059	0.06290	0.71146	0.01365	0.02045	0.06645	0.01711	0.01580	0.01060	0.01513	0.00864	0.01015	0.00624	0.00467	0.00458	0.00151	0.00728	0.00355	0.00211	0.00711
20	0.01239	0.01114	0.01879	0.06096	0.69453	0.01115	0.01423	0.01524	0.01138	0.05807	0.03781	0.01332	0.00935	0.00469	0.00490	0.00147	0.00565	0.00457	0.00272	0.00761
21	0.00599	0.00428	0.00570	0.00684	0.00713	0.00399	0.00456	0.00684	0.00941	0.01254	0.02709	0.82409	0.03250	0.01540	0.00627	0.00200	0.00285	0.01397	0.00456	0.00399
22	0.00600	0.00463	0.00545	0.00604	0.00695	0.00413	0.00425	0.00707	0.01029	0.01303	0.05715	0.43987	0.35752	0.03066	0.00646	0.00190	0.00276	0.02722	0.00455	0.00407
23	0.01028	0.06779	0.67275	0.01529	0.08992	0.01190	0.03426	0.01548	0.01045	0.01539	0.00877	0.01046	0.00640	0.00461	0.00463	0.00152	0.00705	0.00369	0.00212	0.00724
24	0.00639	0.00466	0.00610	0.00704	0.00768	0.00436	0.00513	0.00763	0.01017	0.01335	0.06155	0.55387	0.11642	0.01449	0.00630	0.00199	0.00312	0.16102	0.00459	0.00414
25	0.00926	0.00544	0.00700	0.00661	0.00743	0.00553	0.00454	0.01007	0.00837	0.12448	0.01535	0.02606	0.01536	0.47068	0.25759	0.00524	0.00721	0.00626	0.00332	0.00418
26	0.01007	0.01034	0.05856	0.21945	0.31477	0.01001	0.09060	0.01301	0.01061	0.01453	0.01296	0.13007	0.01241	0.00676	0.00531	0.00167	0.00582	0.06398	0.00282	0.00627
27	0.01528	0.01182	0.06221	0.01848	0.20781	0.01038	0.28412	0.01843	0.01229	0.28885	0.01300	0.01404	0.00911	0.00490	0.00521	0.00156	0.00621	0.00504	0.00370	0.00755
28	0.01197	0.01419	0.05071	0.01955	0.02417	0.06713	0.66316	0.01580	0.01151	0.01528	0.00957	0.01274	0.00729	0.00445	0.00621	0.00165	0.05019	0.00548	0.00246	0.00652
29	0.01213	0.01223	0.01932	0.24511	0.26334	0.07832	0.18492	0.06734	0.01191	0.01569	0.00928	0.01230	0.00726	0.00461	0.00501	0.00151	0.00674	0.00455	0.00257	0.03585
30	0.00965	0.01052	0.08182	0.01087	0.07219	0.13691	0.04196	0.01139	0.01071	0.03633	0.02074	0.40477	0.06253	0.03273	0.00615	0.00183	0.00484	0.03520	0.00375	0.00511
31	0.01285	0.03042	0.27338	0.01500	0.10961	0.10274	0.09770	0.05002	0.13599	0.07428	0.01220	0.04300	0.00947	0.00549	0.00491	0.00154	0.00635	0.00472	0.00319	0.00715

[dist]
# distance from previous block
# <min> <max>
0	184

# created by:
# /st0/software/busco_prod/Augustus/scripts/msa2prfl.pl ./align_prep/63194.fa
