[name]
unknown

[dist]
# distance from previous block
# <min> <max>
0	45

[block]
# block no. 0 follows, 40 sequences, length 8
# corresponding to MSA columns:
# 163-170
name=unknown_A
#
# <colnr> <probs for GDERKNQSTAVLIFYWHMCP>
#	G	D	E	R	K	N	Q	S	T	A	V	L	I	F	Y	W	H	M	C	P
0	0.02211	0.01629	0.01745	0.01338	0.01803	0.01803	0.01105	0.73997	0.02734	0.03665	0.01396	0.01396	0.00989	0.00698	0.00582	0.00175	0.00640	0.00524	0.00582	0.00989
1	0.01010	0.00505	0.00758	0.00758	0.00758	0.00505	0.00505	0.00758	0.00758	0.01010	0.01010	0.01768	0.01010	0.02020	0.02273	0.83081	0.00505	0.00505	0.00253	0.00253
2	0.00687	0.00589	0.00589	0.00589	0.00785	0.00491	0.00442	0.00835	0.01325	0.01571	0.05891	0.05596	0.75700	0.01473	0.00687	0.00196	0.00295	0.01227	0.00540	0.00491
3	0.01166	0.03008	0.76550	0.01657	0.02517	0.01351	0.02149	0.01842	0.01228	0.01842	0.01044	0.01228	0.00737	0.00552	0.00552	0.00184	0.00859	0.00430	0.00246	0.00859
4	0.00709	0.00506	0.00675	0.00810	0.00843	0.00472	0.00540	0.00810	0.01113	0.01484	0.03205	0.79184	0.03846	0.01822	0.00742	0.00236	0.00337	0.01653	0.00540	0.00472
5	0.02147	0.01597	0.01710	0.01325	0.01779	0.01774	0.01090	0.68139	0.08695	0.03563	0.01476	0.01460	0.01054	0.00706	0.00583	0.00176	0.00625	0.00535	0.00583	0.00983
6	0.01922	0.01435	0.01545	0.01256	0.01665	0.01600	0.01015	0.40687	0.32173	0.07567	0.01848	0.01748	0.01338	0.00737	0.00586	0.00184	0.00558	0.00582	0.00594	0.00961
7	0.01935	0.01767	0.01473	0.01283	0.01632	0.27399	0.00997	0.09112	0.32528	0.13085	0.01766	0.01688	0.01303	0.00706	0.00567	0.00176	0.00683	0.00538	0.00509	0.00852

[dist]
# distance from previous block
# <min> <max>
0	55

[block]
# block no. 1 follows, 40 sequences, length 10
# corresponding to MSA columns:
# 226-235
name=unknown_B
#
# <colnr> <probs for GDERKNQSTAVLIFYWHMCP>
#	G	D	E	R	K	N	Q	S	T	A	V	L	I	F	Y	W	H	M	C	P
0	0.16619	0.01080	0.01191	0.00987	0.01378	0.01092	0.00792	0.02427	0.24307	0.26299	0.02066	0.01934	0.05119	0.00709	0.00531	0.00174	0.00457	0.00560	0.00556	0.11722
1	0.05049	0.01502	0.11119	0.01206	0.01522	0.15960	0.01080	0.01874	0.11202	0.06876	0.05846	0.05845	0.02158	0.01039	0.00645	0.00209	0.00643	0.25069	0.00468	0.00690
2	0.01766	0.00917	0.01155	0.00975	0.01283	0.00880	0.00769	0.09092	0.08977	0.33889	0.20308	0.12715	0.02739	0.00985	0.00631	0.00189	0.00431	0.00842	0.00650	0.00806
3	0.57126	0.04991	0.04508	0.00891	0.01250	0.11302	0.00759	0.01763	0.01119	0.02316	0.00940	0.01093	0.00741	0.00560	0.00396	0.00169	0.00538	0.00350	0.08544	0.00643
4	0.01126	0.00843	0.01016	0.00912	0.01144	0.00851	0.00725	0.01558	0.12642	0.08129	0.19659	0.03717	0.20850	0.01105	0.00768	0.00193	0.07978	0.07396	0.00538	0.08852
5	0.01361	0.01302	0.02219	0.20679	0.59438	0.01361	0.01746	0.01716	0.01287	0.01805	0.01080	0.01465	0.00888	0.00533	0.00577	0.00178	0.00710	0.00518	0.00281	0.00858
6	0.02211	0.01629	0.01745	0.01338	0.01803	0.01803	0.01105	0.73997	0.02734	0.03665	0.01396	0.01396	0.00989	0.00698	0.00582	0.00175	0.00640	0.00524	0.00582	0.00989
7	0.01206	0.01034	0.01206	0.00861	0.01378	0.00775	0.00689	0.01464	0.01206	0.01895	0.01034	0.01206	0.00861	0.00431	0.00431	0.00086	0.00431	0.00345	0.00345	0.83118
8	0.01466	0.62274	0.19906	0.01147	0.01727	0.02083	0.01260	0.01764	0.01192	0.01477	0.00862	0.01000	0.00744	0.00510	0.00414	0.00138	0.00676	0.00338	0.00248	0.00772
9	0.01098	0.01034	0.01744	0.78165	0.04005	0.01292	0.01615	0.01486	0.01163	0.01486	0.01034	0.01550	0.00775	0.00581	0.00581	0.00194	0.00775	0.00517	0.00258	0.00646

[dist]
# distance from previous block
# <min> <max>
1	4

[block]
# block no. 2 follows, 40 sequences, length 21
# corresponding to MSA columns:
# 240-260
name=unknown_C
#
# <colnr> <probs for GDERKNQSTAVLIFYWHMCP>
#	G	D	E	R	K	N	Q	S	T	A	V	L	I	F	Y	W	H	M	C	P
0	0.01508	0.01208	0.01306	0.01140	0.01497	0.01335	0.00892	0.02907	0.62015	0.07845	0.02227	0.02058	0.01658	0.00748	0.00575	0.00185	0.00460	0.00620	0.00576	0.09241
1	0.01206	0.01034	0.01206	0.00861	0.01378	0.00775	0.00689	0.01464	0.01206	0.01895	0.01034	0.01206	0.00861	0.00431	0.00431	0.00086	0.00431	0.00345	0.00345	0.83118
2	0.00709	0.00506	0.00675	0.00810	0.00843	0.00472	0.00540	0.00810	0.01113	0.01484	0.03205	0.79184	0.03846	0.01822	0.00742	0.00236	0.00337	0.01653	0.00540	0.00472
3	0.01512	0.01024	0.01237	0.00899	0.01401	0.00793	0.00725	0.01763	0.01306	0.18112	0.01308	0.01374	0.00987	0.00494	0.00464	0.00107	0.00445	0.00397	0.00426	0.65226
4	0.00846	0.00564	0.00634	0.00634	0.00634	0.00564	0.00352	0.00846	0.00846	0.01128	0.01832	0.03805	0.02114	0.79563	0.02960	0.00564	0.00564	0.00846	0.00352	0.00352
5	0.02248	0.01636	0.01467	0.01227	0.01611	0.24799	0.00968	0.08122	0.13999	0.35126	0.01804	0.01677	0.01247	0.00692	0.00567	0.00173	0.00672	0.00527	0.00557	0.00880
6	0.02195	0.02096	0.01705	0.01403	0.01801	0.32624	0.01113	0.44708	0.02290	0.02749	0.01193	0.01254	0.00891	0.00658	0.00558	0.00164	0.00807	0.00463	0.00466	0.00860
7	0.47504	0.00893	0.00821	0.00750	0.01013	0.00975	0.00594	0.01442	0.01276	0.02488	0.33472	0.02429	0.02750	0.00823	0.00502	0.00181	0.00373	0.00637	0.00482	0.00594
8	0.01166	0.03008	0.76550	0.01657	0.02517	0.01351	0.02149	0.01842	0.01228	0.01842	0.01044	0.01228	0.00737	0.00552	0.00552	0.00184	0.00859	0.00430	0.00246	0.00859
9	0.01166	0.03008	0.76550	0.01657	0.02517	0.01351	0.02149	0.01842	0.01228	0.01842	0.01044	0.01228	0.00737	0.00552	0.00552	0.00184	0.00859	0.00430	0.00246	0.00859
10	0.00831	0.00623	0.00935	0.00935	0.01038	0.00727	0.00727	0.01038	0.00935	0.01350	0.01558	0.02285	0.01454	0.04361	0.77259	0.00935	0.01558	0.00623	0.00312	0.00519
11	0.00711	0.00542	0.00657	0.00745	0.00839	0.00487	0.00524	0.00836	0.01196	0.01525	0.04124	0.50670	0.28557	0.01692	0.00726	0.00224	0.00331	0.04592	0.00540	0.00481
12	0.01098	0.01034	0.01744	0.78165	0.04005	0.01292	0.01615	0.01486	0.01163	0.01486	0.01034	0.01550	0.00775	0.00581	0.00581	0.00194	0.00775	0.00517	0.00258	0.00646
13	0.00709	0.00506	0.00675	0.00810	0.00843	0.00472	0.00540	0.00810	0.01113	0.01484	0.03205	0.79184	0.03846	0.01822	0.00742	0.00236	0.00337	0.01653	0.00540	0.00472
14	0.00709	0.00506	0.00675	0.00810	0.00843	0.00472	0.00540	0.00810	0.01113	0.01484	0.03205	0.79184	0.03846	0.01822	0.00742	0.00236	0.00337	0.01653	0.00540	0.00472
15	0.01098	0.01034	0.01744	0.78165	0.04005	0.01292	0.01615	0.01486	0.01163	0.01486	0.01034	0.01550	0.00775	0.00581	0.00581	0.00194	0.00775	0.00517	0.00258	0.00646
16	0.01166	0.03008	0.76550	0.01657	0.02517	0.01351	0.02149	0.01842	0.01228	0.01842	0.01044	0.01228	0.00737	0.00552	0.00552	0.00184	0.00859	0.00430	0.00246	0.00859
17	0.02609	0.00990	0.01350	0.01035	0.01484	0.00855	0.00855	0.02834	0.01664	0.76338	0.02294	0.01979	0.01439	0.00720	0.00585	0.00180	0.00495	0.00585	0.00720	0.00990
18	0.01373	0.01569	0.03431	0.02451	0.03039	0.01471	0.73824	0.01863	0.01373	0.01863	0.01176	0.01569	0.00882	0.00490	0.00686	0.00196	0.00980	0.00686	0.00294	0.00784
19	0.01098	0.01034	0.01744	0.78165	0.04005	0.01292	0.01615	0.01486	0.01163	0.01486	0.01034	0.01550	0.00775	0.00581	0.00581	0.00194	0.00775	0.00517	0.00258	0.00646
20	0.01208	0.11232	0.68690	0.01587	0.02407	0.01452	0.02025	0.01831	0.01223	0.01791	0.01018	0.01196	0.00738	0.00547	0.00533	0.00178	0.00834	0.00417	0.00246	0.00847

[dist]
# distance from previous block
# <min> <max>
0	1

[block]
# block no. 3 follows, 40 sequences, length 8
# corresponding to MSA columns:
# 262-269
name=unknown_D
#
# <colnr> <probs for GDERKNQSTAVLIFYWHMCP>
#	G	D	E	R	K	N	Q	S	T	A	V	L	I	F	Y	W	H	M	C	P
0	0.02211	0.01629	0.01745	0.01338	0.01803	0.01803	0.01105	0.73997	0.02734	0.03665	0.01396	0.01396	0.00989	0.00698	0.00582	0.00175	0.00640	0.00524	0.00582	0.00989
1	0.01773	0.02036	0.02060	0.02323	0.28837	0.36610	0.08600	0.02137	0.06823	0.01714	0.01104	0.01324	0.00899	0.00573	0.00564	0.00166	0.00869	0.00478	0.00316	0.00793
2	0.01262	0.02340	0.42602	0.02026	0.02759	0.01406	0.35427	0.01851	0.01295	0.01851	0.01105	0.01386	0.00804	0.00524	0.00615	0.00190	0.00916	0.00549	0.00268	0.00825
3	0.02211	0.01629	0.01745	0.01338	0.01803	0.01803	0.01105	0.73997	0.02734	0.03665	0.01396	0.01396	0.00989	0.00698	0.00582	0.00175	0.00640	0.00524	0.00582	0.00989
4	0.02211	0.01629	0.01745	0.01338	0.01803	0.01803	0.01105	0.73997	0.02734	0.03665	0.01396	0.01396	0.00989	0.00698	0.00582	0.00175	0.00640	0.00524	0.00582	0.00989
5	0.01098	0.01034	0.01744	0.78165	0.04005	0.01292	0.01615	0.01486	0.01163	0.01486	0.01034	0.01550	0.00775	0.00581	0.00581	0.00194	0.00775	0.00517	0.00258	0.00646
6	0.00794	0.00593	0.00738	0.00702	0.00851	0.00537	0.00526	0.01042	0.01579	0.02172	0.60965	0.04607	0.20251	0.01249	0.00686	0.00186	0.00279	0.01089	0.00619	0.00537
7	0.01470	0.00828	0.01052	0.00883	0.01176	0.00756	0.00694	0.01864	0.08908	0.24768	0.37806	0.03062	0.03376	0.00923	0.00618	0.00173	0.00377	0.00792	0.00627	0.09847

[dist]
# distance from previous block
# <min> <max>
0	8

[block]
# block no. 4 follows, 40 sequences, length 19
# corresponding to MSA columns:
# 278-280,282-297
name=unknown_E
#
# <colnr> <probs for GDERKNQSTAVLIFYWHMCP>
#	G	D	E	R	K	N	Q	S	T	A	V	L	I	F	Y	W	H	M	C	P
0	0.01762	0.01406	0.01493	0.01247	0.01632	0.01594	0.00997	0.32355	0.45107	0.02941	0.01966	0.01850	0.01451	0.00751	0.00588	0.00188	0.00534	0.00602	0.00588	0.00949
1	0.01174	0.00998	0.01166	0.00871	0.01339	0.00778	0.00686	0.01478	0.04317	0.01883	0.01273	0.07816	0.01151	0.00563	0.00464	0.00103	0.00424	0.00468	0.00371	0.72675
2	0.01116	0.01058	0.01748	0.70363	0.03753	0.01342	0.01580	0.01477	0.01135	0.01477	0.01006	0.01522	0.00774	0.00626	0.00716	0.00200	0.08688	0.00516	0.00258	0.00645
3	0.33634	0.42427	0.05244	0.00948	0.01406	0.01850	0.00906	0.04930	0.01177	0.01974	0.00845	0.00970	0.00711	0.00525	0.00385	0.00151	0.00566	0.00327	0.00307	0.00716
4	0.02211	0.01629	0.01745	0.01338	0.01803	0.01803	0.01105	0.73997	0.02734	0.03665	0.01396	0.01396	0.00989	0.00698	0.00582	0.00175	0.00640	0.00524	0.00582	0.00989
5	0.01206	0.01034	0.01206	0.00861	0.01378	0.00775	0.00689	0.01464	0.01206	0.01895	0.01034	0.01206	0.00861	0.00431	0.00431	0.00086	0.00431	0.00345	0.00345	0.83118
6	0.01439	0.01382	0.02360	0.03569	0.75936	0.01382	0.01785	0.01785	0.01324	0.01900	0.01094	0.01439	0.00921	0.00518	0.00576	0.00173	0.00691	0.00518	0.00288	0.00921
7	0.02211	0.01629	0.01745	0.01338	0.01803	0.01803	0.01105	0.73997	0.02734	0.03665	0.01396	0.01396	0.00989	0.00698	0.00582	0.00175	0.00640	0.00524	0.00582	0.00989
8	0.01206	0.01034	0.01206	0.00861	0.01378	0.00775	0.00689	0.01464	0.01206	0.01895	0.01034	0.01206	0.00861	0.00431	0.00431	0.00086	0.00431	0.00345	0.00345	0.83118
9	0.01206	0.01034	0.01206	0.00861	0.01378	0.00775	0.00689	0.01464	0.01206	0.01895	0.01034	0.01206	0.00861	0.00431	0.00431	0.00086	0.00431	0.00345	0.00345	0.83118
10	0.02172	0.02772	0.01648	0.01498	0.01798	0.77228	0.01124	0.02322	0.01648	0.01423	0.00899	0.01049	0.00749	0.00599	0.00524	0.00150	0.01049	0.00375	0.00300	0.00674
11	0.02211	0.01629	0.01745	0.01338	0.01803	0.01803	0.01105	0.73997	0.02734	0.03665	0.01396	0.01396	0.00989	0.00698	0.00582	0.00175	0.00640	0.00524	0.00582	0.00989
12	0.01206	0.01034	0.01206	0.00861	0.01378	0.00775	0.00689	0.01464	0.01206	0.01895	0.01034	0.01206	0.00861	0.00431	0.00431	0.00086	0.00431	0.00345	0.00345	0.83118
13	0.01832	0.02259	0.02407	0.01904	0.02326	0.44965	0.32084	0.02126	0.01531	0.01610	0.01017	0.01270	0.00806	0.00553	0.00593	0.00170	0.01020	0.00507	0.00297	0.00721
14	0.01740	0.01395	0.01480	0.01243	0.01624	0.01583	0.00991	0.30291	0.47207	0.02905	0.01994	0.01873	0.01474	0.00754	0.00588	0.00189	0.00529	0.00606	0.00588	0.00947
15	0.01166	0.03008	0.76550	0.01657	0.02517	0.01351	0.02149	0.01842	0.01228	0.01842	0.01044	0.01228	0.00737	0.00552	0.00552	0.00184	0.00859	0.00430	0.00246	0.00859
16	0.00709	0.00506	0.00675	0.00810	0.00843	0.00472	0.00540	0.00810	0.01113	0.01484	0.03205	0.79184	0.03846	0.01822	0.00742	0.00236	0.00337	0.01653	0.00540	0.00472
17	0.01715	0.00786	0.00933	0.00797	0.01074	0.00752	0.00632	0.02102	0.08587	0.31158	0.02098	0.02094	0.01498	0.00705	0.00494	0.00159	0.00377	0.00570	0.42714	0.00754
18	0.01621	0.01045	0.01260	0.00962	0.01425	0.00887	0.00779	0.04309	0.08226	0.21747	0.01594	0.01744	0.01214	0.00601	0.00508	0.00132	0.00462	0.03614	0.00483	0.47387

[dist]
# distance from previous block
# <min> <max>
0	2

[block]
# block no. 5 follows, 40 sequences, length 16
# corresponding to MSA columns:
# 300-315
name=unknown_F
#
# <colnr> <probs for GDERKNQSTAVLIFYWHMCP>
#	G	D	E	R	K	N	Q	S	T	A	V	L	I	F	Y	W	H	M	C	P
0	0.01323	0.34003	0.46927	0.01390	0.02104	0.01734	0.01684	0.01801	0.01209	0.01651	0.00949	0.01109	0.00741	0.00530	0.00480	0.00160	0.00764	0.00382	0.00247	0.00814
1	0.01324	0.31715	0.44825	0.01455	0.02163	0.01713	0.05842	0.01805	0.01219	0.01666	0.00963	0.01137	0.00749	0.00528	0.00493	0.00162	0.00777	0.00400	0.00250	0.00813
2	0.00709	0.00506	0.00675	0.00810	0.00843	0.00472	0.00540	0.00810	0.01113	0.01484	0.03205	0.79184	0.03846	0.01822	0.00742	0.00236	0.00337	0.01653	0.00540	0.00472
3	0.01202	0.01140	0.01932	0.55469	0.25890	0.01319	0.01667	0.01577	0.01212	0.01612	0.01052	0.01517	0.00820	0.00562	0.00580	0.00187	0.00750	0.00517	0.00267	0.00730
4	0.21583	0.02379	0.01459	0.01323	0.01637	0.59145	0.01006	0.02176	0.01491	0.01706	0.00878	0.01024	0.00721	0.00585	0.00485	0.00157	0.00906	0.00360	0.00314	0.00664
5	0.00823	0.00594	0.00777	0.00732	0.00869	0.00549	0.00549	0.01097	0.01646	0.02332	0.75629	0.04344	0.05487	0.01189	0.00686	0.00183	0.00274	0.01052	0.00640	0.00549
6	0.00831	0.00623	0.00935	0.00935	0.01038	0.00727	0.00727	0.01038	0.00935	0.01350	0.01558	0.02285	0.01454	0.04361	0.77259	0.00935	0.01558	0.00623	0.00312	0.00519
7	0.00687	0.00589	0.00589	0.00589	0.00785	0.00491	0.00442	0.00835	0.01325	0.01571	0.05891	0.05596	0.75700	0.01473	0.00687	0.00196	0.00295	0.01227	0.00540	0.00491
8	0.02172	0.02772	0.01648	0.01498	0.01798	0.77228	0.01124	0.02322	0.01648	0.01423	0.00899	0.01049	0.00749	0.00599	0.00524	0.00150	0.01049	0.00375	0.00300	0.00674
9	0.00875	0.00688	0.01019	0.00994	0.01087	0.00832	0.00781	0.01075	0.00930	0.01355	0.01478	0.02183	0.01385	0.04027	0.69718	0.00867	0.09257	0.00612	0.00306	0.00531
10	0.00918	0.00613	0.03354	0.00791	0.00860	0.00539	0.00578	0.00886	0.01050	0.01441	0.19437	0.15789	0.02575	0.01734	0.01565	0.45825	0.00432	0.00834	0.00396	0.00383
11	0.01901	0.02132	0.01554	0.01387	0.01694	0.44013	0.01064	0.07717	0.25197	0.01908	0.01400	0.01444	0.01096	0.00686	0.00613	0.00172	0.04353	0.00482	0.00412	0.00774
12	0.01430	0.01337	0.02214	0.16353	0.58661	0.01393	0.01711	0.06417	0.01388	0.01943	0.01103	0.01456	0.00900	0.00541	0.00577	0.00176	0.00702	0.00518	0.00302	0.00878
13	0.11445	0.21620	0.18841	0.01142	0.01623	0.06694	0.01144	0.01958	0.08860	0.08944	0.10918	0.01680	0.01519	0.00663	0.00506	0.00167	0.00611	0.00501	0.00396	0.00768
14	0.66214	0.06306	0.01149	0.00994	0.06041	0.01367	0.00755	0.04027	0.01113	0.06345	0.00923	0.01044	0.00710	0.00550	0.00393	0.00176	0.00485	0.00348	0.00374	0.00686
15	0.01492	0.57341	0.15631	0.01095	0.01630	0.01948	0.01160	0.01772	0.01244	0.05286	0.05820	0.01260	0.01090	0.00564	0.00436	0.00141	0.00634	0.00394	0.00298	0.00765

[dist]
# distance from previous block
# <min> <max>
2	46

[block]
# block no. 6 follows, 40 sequences, length 12
# corresponding to MSA columns:
# 362-373
name=unknown_G
#
# <colnr> <probs for GDERKNQSTAVLIFYWHMCP>
#	G	D	E	R	K	N	Q	S	T	A	V	L	I	F	Y	W	H	M	C	P
0	0.01492	0.41170	0.02802	0.02168	0.31840	0.01855	0.07704	0.01770	0.01256	0.01627	0.00957	0.01194	0.00829	0.00505	0.00483	0.00150	0.00681	0.00428	0.00269	0.00821
1	0.01908	0.31062	0.05061	0.01313	0.01714	0.43917	0.01115	0.04814	0.01502	0.01504	0.00890	0.01026	0.00757	0.00564	0.00472	0.00143	0.00869	0.00359	0.00290	0.00720
2	0.39323	0.01318	0.01241	0.01225	0.07895	0.06565	0.00884	0.05802	0.23577	0.04809	0.01389	0.01422	0.01054	0.00631	0.00479	0.00182	0.00526	0.00460	0.00442	0.00776
3	0.01555	0.79913	0.03047	0.00995	0.01493	0.02301	0.00995	0.01741	0.01182	0.01368	0.00808	0.00933	0.00746	0.00498	0.00373	0.00124	0.00622	0.00311	0.00249	0.00746
4	0.01010	0.00505	0.00758	0.00758	0.00758	0.00505	0.00505	0.00758	0.00758	0.01010	0.01010	0.01768	0.01010	0.02020	0.02273	0.83081	0.00505	0.00505	0.00253	0.00253
5	0.00744	0.00533	0.00707	0.00785	0.00851	0.00496	0.00543	0.00899	0.01279	0.01747	0.25674	0.55965	0.04355	0.01625	0.00725	0.00220	0.00318	0.01467	0.00571	0.00496
6	0.01245	0.12293	0.02029	0.01862	0.20734	0.01179	0.15647	0.01390	0.01119	0.01504	0.01229	0.08314	0.01173	0.01090	0.01110	0.25897	0.00651	0.00618	0.00295	0.00622
7	0.01686	0.21433	0.17507	0.01336	0.01789	0.30726	0.01253	0.07286	0.01480	0.01669	0.01146	0.07937	0.01035	0.00679	0.00517	0.00160	0.00812	0.00494	0.00318	0.00736
8	0.00998	0.00509	0.00748	0.00748	0.00748	0.00509	0.00494	0.00764	0.00764	0.01019	0.01071	0.01919	0.01092	0.07796	0.02324	0.76934	0.00509	0.00530	0.00260	0.00260
9	0.02188	0.02317	0.01687	0.01434	0.01800	0.47213	0.01116	0.30845	0.02080	0.02315	0.01097	0.01187	0.00845	0.00639	0.00547	0.00160	0.00886	0.00434	0.00412	0.00799
10	0.01747	0.01431	0.01741	0.33271	0.02718	0.04878	0.01318	0.40741	0.02034	0.02662	0.01224	0.01445	0.00890	0.00645	0.00579	0.00181	0.00714	0.00514	0.00435	0.00833
11	0.11331	0.01515	0.01613	0.46212	0.03007	0.20913	0.01351	0.04438	0.01326	0.01686	0.00985	0.01342	0.00759	0.00585	0.00540	0.00180	0.00802	0.00456	0.00293	0.00664

[dist]
# distance from previous block
# <min> <max>
1	3

[block]
# block no. 7 follows, 40 sequences, length 14
# corresponding to MSA columns:
# 377-390
name=unknown_H
#
# <colnr> <probs for GDERKNQSTAVLIFYWHMCP>
#	G	D	E	R	K	N	Q	S	T	A	V	L	I	F	Y	W	H	M	C	P
0	0.01393	0.47794	0.33745	0.01272	0.01920	0.01904	0.01477	0.01783	0.01201	0.01566	0.00907	0.01056	0.00742	0.00520	0.00448	0.00149	0.00721	0.00361	0.00247	0.00794
1	0.01266	0.02315	0.41323	0.02040	0.02769	0.01408	0.36680	0.01852	0.01298	0.01852	0.01108	0.01392	0.00807	0.00522	0.00617	0.00190	0.00918	0.00553	0.00269	0.00823
2	0.01211	0.01287	0.02652	0.02131	0.08461	0.01213	0.49538	0.01592	0.01304	0.01771	0.01679	0.21027	0.01629	0.00827	0.00691	0.00204	0.00795	0.00915	0.00355	0.00717
3	0.01223	0.01089	0.01437	0.01027	0.01551	0.00847	0.08288	0.01506	0.01223	0.01892	0.01048	0.01244	0.00864	0.00437	0.00457	0.00098	0.00488	0.00380	0.00339	0.74563
4	0.01352	0.01029	0.01221	0.00879	0.01389	0.00783	0.00706	0.01607	0.01254	0.09630	0.01165	0.01286	0.00921	0.00461	0.00447	0.00096	0.00437	0.00369	0.00384	0.74584
5	0.01439	0.01382	0.02360	0.03569	0.75936	0.01382	0.01785	0.01785	0.01324	0.01900	0.01094	0.01439	0.00921	0.00518	0.00576	0.00173	0.00691	0.00518	0.00288	0.00921
6	0.01701	0.38346	0.15011	0.01246	0.01770	0.10472	0.01227	0.17906	0.03861	0.01997	0.01037	0.01137	0.00831	0.00572	0.00474	0.00151	0.00709	0.00396	0.00338	0.00817
7	0.01010	0.00505	0.00758	0.00758	0.00758	0.00505	0.00505	0.00758	0.00758	0.01010	0.01010	0.01768	0.01010	0.02020	0.02273	0.83081	0.00505	0.00505	0.00253	0.00253
8	0.01526	0.01575	0.02127	0.02835	0.50719	0.14466	0.05279	0.04172	0.01429	0.01846	0.01467	0.01718	0.07018	0.00615	0.00582	0.00172	0.00734	0.00560	0.00321	0.00838
9	0.00846	0.00564	0.00634	0.00634	0.00634	0.00564	0.00352	0.00846	0.00846	0.01128	0.01832	0.03805	0.02114	0.79563	0.02960	0.00564	0.00564	0.00846	0.00352	0.00352
10	0.01197	0.06940	0.68923	0.01664	0.02491	0.01406	0.05810	0.01837	0.01233	0.01818	0.01038	0.01230	0.00745	0.00546	0.00550	0.00182	0.00853	0.00437	0.00248	0.00850
11	0.01686	0.01359	0.01689	0.10884	0.07953	0.09298	0.01219	0.05418	0.03421	0.17229	0.01241	0.01474	0.00960	0.00779	0.01073	0.00204	0.30082	0.00513	0.00388	0.03131
12	0.05171	0.01149	0.01188	0.00954	0.01317	0.07177	0.00752	0.14435	0.01645	0.02344	0.24537	0.02202	0.02319	0.00736	0.00542	0.00142	0.00471	0.00600	0.00477	0.31842
13	0.01694	0.01648	0.01956	0.01878	0.15866	0.16276	0.11457	0.19650	0.05575	0.02275	0.07297	0.01628	0.01307	0.00663	0.00649	0.00174	0.04401	0.00558	0.00409	0.04640

[dist]
# distance from previous block
# <min> <max>
4	15

[block]
# block no. 8 follows, 40 sequences, length 54
# corresponding to MSA columns:
# 474-478,485-513,519-538
name=unknown_I
#
# <colnr> <probs for GDERKNQSTAVLIFYWHMCP>
#	G	D	E	R	K	N	Q	S	T	A	V	L	I	F	Y	W	H	M	C	P
0	0.83671	0.01125	0.00855	0.00765	0.01125	0.01305	0.00630	0.01709	0.00990	0.02609	0.00810	0.00945	0.00630	0.00540	0.00360	0.00180	0.00450	0.00315	0.00360	0.00630
1	0.00831	0.00623	0.00935	0.00935	0.01038	0.00727	0.00727	0.01038	0.00935	0.01350	0.01558	0.02285	0.01454	0.04361	0.77259	0.00935	0.01558	0.00623	0.00312	0.00519
2	0.02211	0.01629	0.01745	0.01338	0.01803	0.01803	0.01105	0.73997	0.02734	0.03665	0.01396	0.01396	0.00989	0.00698	0.00582	0.00175	0.00640	0.00524	0.00582	0.00989
3	0.00737	0.00599	0.00660	0.00683	0.00860	0.00523	0.00531	0.00911	0.01342	0.01647	0.10115	0.08271	0.56844	0.01487	0.00708	0.00208	0.00333	0.12493	0.00546	0.00501
4	0.01098	0.01034	0.01744	0.78165	0.04005	0.01292	0.01615	0.01486	0.01163	0.01486	0.01034	0.01550	0.00775	0.00581	0.00581	0.00194	0.00775	0.00517	0.00258	0.00646
5	0.00891	0.00790	0.01407	0.01249	0.01432	0.00741	0.19769	0.01100	0.01189	0.01593	0.02669	0.56259	0.03051	0.01465	0.00730	0.00227	0.00513	0.03893	0.00475	0.00556
6	0.01431	0.01090	0.01540	0.01871	0.27097	0.01112	0.01114	0.02083	0.20753	0.11780	0.21127	0.02462	0.02409	0.00791	0.00610	0.00183	0.00496	0.00703	0.00516	0.00832
7	0.01098	0.01034	0.01744	0.78165	0.04005	0.01292	0.01615	0.01486	0.01163	0.01486	0.01034	0.01550	0.00775	0.00581	0.00581	0.00194	0.00775	0.00517	0.00258	0.00646
8	0.00780	0.00559	0.00730	0.00757	0.00847	0.00520	0.00535	0.00973	0.01399	0.01942	0.43768	0.33398	0.04679	0.05384	0.00822	0.00223	0.00313	0.01275	0.00587	0.00509
9	0.83671	0.01125	0.00855	0.00765	0.01125	0.01305	0.00630	0.01709	0.00990	0.02609	0.00810	0.00945	0.00630	0.00540	0.00360	0.00180	0.00450	0.00315	0.00360	0.00630
10	0.01794	0.01327	0.02061	0.02731	0.50209	0.01319	0.01495	0.11148	0.01577	0.18470	0.01396	0.01552	0.01044	0.00585	0.00578	0.00175	0.00641	0.00533	0.00420	0.00945
11	0.02114	0.02683	0.01779	0.01568	0.01889	0.71679	0.06449	0.02288	0.01628	0.01455	0.00919	0.01087	0.00759	0.00591	0.00536	0.00153	0.01044	0.00397	0.00299	0.00682
12	0.02211	0.01629	0.01745	0.01338	0.01803	0.01803	0.01105	0.73997	0.02734	0.03665	0.01396	0.01396	0.00989	0.00698	0.00582	0.00175	0.00640	0.00524	0.00582	0.00989
13	0.00708	0.00509	0.00672	0.00803	0.00842	0.00473	0.00537	0.00810	0.01120	0.01487	0.03287	0.76944	0.06033	0.01811	0.00741	0.00235	0.00336	0.01640	0.00540	0.00473
14	0.00846	0.00564	0.00634	0.00634	0.00634	0.00564	0.00352	0.00846	0.00846	0.01128	0.01832	0.03805	0.02114	0.79563	0.02960	0.00564	0.00564	0.00846	0.00352	0.00352
15	0.02211	0.01629	0.01745	0.01338	0.01803	0.01803	0.01105	0.73997	0.02734	0.03665	0.01396	0.01396	0.00989	0.00698	0.00582	0.00175	0.00640	0.00524	0.00582	0.00989
16	0.01122	0.01057	0.01786	0.73067	0.08921	0.01298	0.01627	0.01506	0.01174	0.01514	0.01038	0.01543	0.00785	0.00577	0.00581	0.00192	0.00769	0.00517	0.00260	0.00665
17	0.01166	0.03008	0.76550	0.01657	0.02517	0.01351	0.02149	0.01842	0.01228	0.01842	0.01044	0.01228	0.00737	0.00552	0.00552	0.00184	0.00859	0.00430	0.00246	0.00859
18	0.00765	0.00584	0.00650	0.00638	0.00768	0.00525	0.00446	0.00907	0.01284	0.01655	0.23159	0.04798	0.37948	0.21874	0.01283	0.00289	0.00360	0.01081	0.00517	0.00470
19	0.00708	0.00508	0.00672	0.00803	0.00842	0.00473	0.00537	0.00810	0.01119	0.01487	0.03281	0.77092	0.05888	0.01812	0.00741	0.00235	0.00336	0.01641	0.00540	0.00473
20	0.00831	0.00623	0.00935	0.00935	0.01038	0.00727	0.00727	0.01038	0.00935	0.01350	0.01558	0.02285	0.01454	0.04361	0.77259	0.00935	0.01558	0.00623	0.00312	0.00519
21	0.02211	0.01629	0.01745	0.01338	0.01803	0.01803	0.01105	0.73997	0.02734	0.03665	0.01396	0.01396	0.00989	0.00698	0.00582	0.00175	0.00640	0.00524	0.00582	0.00989
22	0.00703	0.00528	0.00652	0.00752	0.00828	0.00477	0.00514	0.00816	0.01169	0.01507	0.03909	0.59889	0.22687	0.01730	0.00728	0.00226	0.00326	0.01542	0.00540	0.00477
23	0.00755	0.00555	0.00708	0.00748	0.00847	0.00507	0.00531	0.00936	0.01369	0.01859	0.34571	0.37648	0.13806	0.01506	0.00711	0.00208	0.00305	0.01341	0.00583	0.00507
24	0.00750	0.00536	0.00695	0.00768	0.00829	0.00501	0.00522	0.00887	0.01230	0.01669	0.21562	0.51353	0.05940	0.08791	0.00930	0.00252	0.00341	0.01415	0.00548	0.00481
25	0.01597	0.01324	0.01400	0.01214	0.01570	0.01517	0.00957	0.17071	0.60658	0.02676	0.02175	0.02017	0.01620	0.00771	0.00590	0.00193	0.00496	0.00631	0.00590	0.00934
26	0.02172	0.02772	0.01648	0.01498	0.01798	0.77228	0.01124	0.02322	0.01648	0.01423	0.00899	0.01049	0.00749	0.00599	0.00524	0.00150	0.01049	0.00375	0.00300	0.00674
27	0.00823	0.00594	0.00777	0.00732	0.00869	0.00549	0.00549	0.01097	0.01646	0.02332	0.75629	0.04344	0.05487	0.01189	0.00686	0.00183	0.00274	0.01052	0.00640	0.00549
28	0.00709	0.00506	0.00675	0.00810	0.00843	0.00472	0.00540	0.00810	0.01113	0.01484	0.03205	0.79184	0.03846	0.01822	0.00742	0.00236	0.00337	0.01653	0.00540	0.00472
29	0.02211	0.01629	0.01745	0.01338	0.01803	0.01803	0.01105	0.73997	0.02734	0.03665	0.01396	0.01396	0.00989	0.00698	0.00582	0.00175	0.00640	0.00524	0.00582	0.00989
30	0.00716	0.00512	0.00682	0.00804	0.00845	0.00478	0.00540	0.00829	0.01150	0.01542	0.08155	0.74069	0.03958	0.01779	0.00738	0.00233	0.00333	0.01612	0.00547	0.00478
31	0.00707	0.00512	0.00669	0.00795	0.00839	0.00474	0.00533	0.00811	0.01128	0.01490	0.03389	0.74154	0.08757	0.01798	0.00738	0.00233	0.00334	0.01624	0.00540	0.00474
32	0.00709	0.00506	0.00675	0.00810	0.00843	0.00472	0.00540	0.00810	0.01113	0.01484	0.03205	0.79184	0.03846	0.01822	0.00742	0.00236	0.00337	0.01653	0.00540	0.00472
33	0.83671	0.01125	0.00855	0.00765	0.01125	0.01305	0.00630	0.01709	0.00990	0.02609	0.00810	0.00945	0.00630	0.00540	0.00360	0.00180	0.00450	0.00315	0.00360	0.00630
34	0.02487	0.00963	0.01310	0.01014	0.01442	0.00834	0.00834	0.02715	0.01663	0.71280	0.07306	0.02141	0.01716	0.00752	0.00592	0.00180	0.00480	0.00617	0.00714	0.00960
35	0.83671	0.01125	0.00855	0.00765	0.01125	0.01305	0.00630	0.01709	0.00990	0.02609	0.00810	0.00945	0.00630	0.00540	0.00360	0.00180	0.00450	0.00315	0.00360	0.00630
36	0.00756	0.00568	0.00619	0.00636	0.00730	0.00519	0.00417	0.00836	0.01099	0.01376	0.03863	0.14335	0.35946	0.33881	0.01636	0.00354	0.00412	0.01124	0.00462	0.00431
37	0.83671	0.01125	0.00855	0.00765	0.01125	0.01305	0.00630	0.01709	0.00990	0.02609	0.00810	0.00945	0.00630	0.00540	0.00360	0.00180	0.00450	0.00315	0.00360	0.00630
38	0.01356	0.00691	0.00944	0.00912	0.01100	0.00644	0.00692	0.01523	0.01288	0.25733	0.02740	0.37432	0.04245	0.01780	0.10856	0.00312	0.00563	0.05971	0.00567	0.00651
39	0.00985	0.00517	0.00760	0.00754	0.00772	0.00511	0.00511	0.00803	0.00876	0.01186	0.10920	0.02110	0.01605	0.01910	0.02062	0.72072	0.00474	0.00578	0.00304	0.00292
40	0.00908	0.00655	0.00817	0.00880	0.00971	0.00649	0.00615	0.10529	0.01329	0.01774	0.02965	0.68853	0.03467	0.01673	0.00721	0.00228	0.00378	0.01503	0.00545	0.00541
41	0.01731	0.01453	0.02036	0.01542	0.01975	0.01540	0.20095	0.40885	0.02076	0.02774	0.01896	0.01992	0.10869	0.00766	0.00705	0.00188	0.05489	0.00659	0.00481	0.00847
42	0.01358	0.01281	0.02171	0.03219	0.65989	0.01295	0.01644	0.01686	0.01272	0.01827	0.01155	0.01552	0.00992	0.01029	0.10760	0.00274	0.00806	0.00532	0.00291	0.00868
43	0.01107	0.01296	0.11679	0.68005	0.03808	0.01300	0.01686	0.01533	0.01171	0.01533	0.01035	0.01508	0.00770	0.00578	0.00578	0.00193	0.00786	0.00505	0.00257	0.00674
44	0.72693	0.01042	0.00842	0.00764	0.01076	0.01198	0.00613	0.01583	0.00959	0.02397	0.00836	0.01054	0.00680	0.00736	0.00614	0.11190	0.00457	0.00340	0.00346	0.00580
45	0.00785	0.00692	0.00994	0.00908	0.01104	0.00615	0.10219	0.00963	0.01263	0.01582	0.04395	0.28899	0.42488	0.01455	0.00705	0.00209	0.00400	0.01293	0.00507	0.00524
46	0.00812	0.00625	0.00897	0.01167	0.10805	0.00598	0.00696	0.00941	0.01128	0.01522	0.02856	0.65061	0.03370	0.05566	0.00832	0.00244	0.00396	0.01462	0.00497	0.00526
47	0.00742	0.00530	0.00708	0.00806	0.00848	0.00518	0.00545	0.00851	0.01075	0.01450	0.04583	0.59317	0.03387	0.10246	0.11134	0.00362	0.00522	0.01418	0.00492	0.00468
48	0.01409	0.01483	0.11306	0.01246	0.01646	0.01434	0.01084	0.02924	0.65103	0.02354	0.02191	0.02045	0.01637	0.00758	0.00587	0.00196	0.00513	0.00627	0.00546	0.00912
49	0.01046	0.00964	0.01602	0.67892	0.03585	0.01183	0.01472	0.01396	0.01156	0.01486	0.01322	0.11860	0.01183	0.00746	0.00603	0.00199	0.00717	0.00668	0.00296	0.00623
50	0.00783	0.00576	0.00733	0.00730	0.00853	0.00526	0.00534	0.01007	0.01499	0.02068	0.52451	0.19552	0.13825	0.01351	0.00697	0.00195	0.00290	0.01194	0.00608	0.00526
51	0.01465	0.11534	0.01458	0.01004	0.01318	0.01274	0.00826	0.29779	0.02011	0.02727	0.36573	0.02735	0.03093	0.00905	0.00603	0.00172	0.00464	0.00746	0.00565	0.00748
52	0.00690	0.00578	0.00600	0.00618	0.00793	0.00488	0.00455	0.00831	0.01297	0.01559	0.05534	0.15369	0.66157	0.01519	0.00695	0.00202	0.00300	0.01284	0.00540	0.00488
53	0.01388	0.39298	0.31650	0.01280	0.01897	0.01815	0.01438	0.01960	0.10988	0.01695	0.01108	0.01213	0.00879	0.00558	0.00473	0.00158	0.00694	0.00404	0.00293	0.00814

[dist]
# distance from previous block
# <min> <max>
0	36

# created by:
# /st0/software/busco_prod/Augustus/scripts/msa2prfl.pl ./align_prep/63205.fa
