[name]
unknown

[dist]
# distance from previous block
# <min> <max>
0	40

[block]
# block no. 0 follows, 51 sequences, length 6
# corresponding to MSA columns:
# 40-45
name=unknown_A
#
# <colnr> <probs for GDERKNQSTAVLIFYWHMCP>
#	G	D	E	R	K	N	Q	S	T	A	V	L	I	F	Y	W	H	M	C	P
0	0.01675	0.00735	0.01010	0.00886	0.01166	0.00664	0.00748	0.01879	0.01303	0.50554	0.02187	0.03124	0.01821	0.00889	0.00563	0.00180	0.00431	0.28942	0.00550	0.00692
1	0.54100	0.00754	0.00665	0.00661	0.00861	0.00839	0.00504	0.01159	0.00876	0.01848	0.01443	0.31402	0.01551	0.00862	0.00425	0.00170	0.00345	0.00690	0.00361	0.00482
2	0.41106	0.07676	0.01149	0.00912	0.01213	0.31005	0.00728	0.01720	0.01105	0.08262	0.00817	0.00904	0.00635	0.00485	0.00373	0.00139	0.00584	0.00304	0.00303	0.00579
3	0.01064	0.01084	0.01218	0.01098	0.01174	0.14585	0.00881	0.01200	0.00875	0.01170	0.00916	0.01364	0.00862	0.01860	0.31103	0.00416	0.37937	0.00447	0.00240	0.00506
4	0.54139	0.00791	0.00748	0.00700	0.00923	0.00919	0.00563	0.01232	0.00819	0.01806	0.00921	0.01223	0.00793	0.01667	0.30483	0.00391	0.00731	0.00364	0.00289	0.00497
5	0.08173	0.14982	0.21919	0.06953	0.01374	0.03792	0.00928	0.01370	0.01020	0.01612	0.01098	0.01289	0.00858	0.00501	0.00383	0.00131	0.00477	0.00378	0.32187	0.00574

[dist]
# distance from previous block
# <min> <max>
0	1

[block]
# block no. 1 follows, 51 sequences, length 31
# corresponding to MSA columns:
# 47-77
name=unknown_B
#
# <colnr> <probs for GDERKNQSTAVLIFYWHMCP>
#	G	D	E	R	K	N	Q	S	T	A	V	L	I	F	Y	W	H	M	C	P
0	0.01202	0.01070	0.09514	0.00962	0.04775	0.00815	0.00799	0.06601	0.06675	0.10985	0.01253	0.07811	0.01044	0.00540	0.00435	0.00116	0.00426	0.00448	0.00359	0.44169
1	0.01809	0.02298	0.01397	0.01267	0.01511	0.78016	0.00954	0.01935	0.01370	0.01202	0.00756	0.00893	0.00633	0.00519	0.00484	0.00130	0.03685	0.00320	0.00252	0.00569
2	0.01017	0.00985	0.06306	0.00773	0.01229	0.00688	0.00665	0.01259	0.01020	0.01598	0.00874	0.01020	0.00721	0.00371	0.00371	0.00078	0.00388	0.00296	0.00286	0.80057
3	0.01836	0.02342	0.01393	0.01266	0.01519	0.80756	0.00950	0.01962	0.01393	0.01203	0.00760	0.00886	0.00633	0.00506	0.00443	0.00127	0.00886	0.00317	0.00253	0.00570
4	0.01677	0.01124	0.01249	0.01002	0.01340	0.01204	0.00812	0.44492	0.13053	0.16126	0.01743	0.06982	0.05516	0.00704	0.00507	0.00156	0.00464	0.00565	0.00509	0.00775
5	0.01745	0.05871	0.01460	0.01080	0.01448	0.04370	0.00891	0.61858	0.07945	0.02785	0.01218	0.01226	0.00886	0.00583	0.00474	0.00144	0.00527	0.00437	0.04259	0.00793
6	0.00854	0.00427	0.00640	0.00640	0.00640	0.00427	0.00427	0.00640	0.00640	0.00854	0.00854	0.01494	0.00854	0.01707	0.01921	0.85702	0.00427	0.00427	0.00213	0.00213
7	0.00666	0.00503	0.00624	0.00703	0.00776	0.00488	0.00493	0.00888	0.08427	0.01351	0.02913	0.61418	0.12375	0.01411	0.00612	0.00194	0.00299	0.04960	0.00460	0.00440
8	0.17490	0.28267	0.14488	0.00988	0.01427	0.01520	0.00971	0.26003	0.01394	0.02041	0.00875	0.00956	0.00676	0.00489	0.00394	0.00136	0.00536	0.00337	0.00318	0.00693
9	0.02038	0.01104	0.01306	0.01001	0.01388	0.01119	0.00827	0.39818	0.01854	0.41949	0.01563	0.01429	0.01028	0.00599	0.00493	0.00150	0.00479	0.00469	0.00551	0.00836
10	0.00943	0.00889	0.01501	0.77530	0.07287	0.01096	0.01372	0.01269	0.00990	0.01273	0.00876	0.01305	0.00661	0.00489	0.00491	0.00163	0.00651	0.00437	0.00220	0.00558
11	0.86201	0.00950	0.00722	0.00646	0.00950	0.01102	0.00532	0.01445	0.00836	0.02205	0.00684	0.00798	0.00532	0.00456	0.00304	0.00152	0.00380	0.00266	0.00304	0.00532
12	0.00725	0.00511	0.00625	0.00672	0.00716	0.00512	0.00461	0.00866	0.05015	0.01193	0.02090	0.25095	0.02369	0.40665	0.01535	0.00337	0.00415	0.15436	0.00381	0.00381
13	0.00821	0.00449	0.00673	0.00673	0.00692	0.00468	0.00468	0.00692	0.00673	0.00916	0.00954	0.01589	0.00935	0.02138	0.19110	0.67194	0.00621	0.00449	0.00224	0.00263
14	0.00608	0.00432	0.00571	0.00674	0.00704	0.00405	0.00448	0.00692	0.00940	0.01256	0.04647	0.75964	0.03205	0.06025	0.00730	0.00214	0.00294	0.01346	0.00450	0.00395
15	0.01759	0.00770	0.00996	0.00804	0.01086	0.00705	0.00628	0.03559	0.05809	0.53712	0.04714	0.02082	0.01476	0.18526	0.00935	0.00224	0.00425	0.00559	0.00529	0.00702
16	0.00702	0.00527	0.00790	0.00790	0.00878	0.00614	0.00614	0.00878	0.00790	0.01141	0.01316	0.01931	0.01229	0.03686	0.80782	0.00790	0.01316	0.00527	0.00263	0.00439
17	0.06724	0.00553	0.00632	0.00639	0.00738	0.00551	0.00447	0.00967	0.07403	0.01512	0.22030	0.24683	0.10940	0.18830	0.00983	0.00239	0.00324	0.00933	0.00436	0.00436
18	0.00596	0.00439	0.00558	0.00654	0.00705	0.00402	0.00443	0.00688	0.00970	0.01266	0.03078	0.69781	0.15640	0.01492	0.00620	0.00194	0.00279	0.01339	0.00456	0.00402
19	0.64392	0.00830	0.00673	0.00617	0.00849	0.00940	0.00475	0.01258	0.00820	0.01899	0.01032	0.01471	0.03733	0.18419	0.00793	0.00223	0.00396	0.00392	0.00308	0.00477
20	0.00645	0.00475	0.00607	0.00649	0.00736	0.00437	0.00472	0.00800	0.01143	0.01538	0.30532	0.36782	0.15121	0.01290	0.00607	0.00180	0.00273	0.06796	0.00486	0.00429
21	0.00821	0.00586	0.00715	0.00738	0.00853	0.00586	0.00530	0.01186	0.16087	0.05876	0.13307	0.47585	0.06741	0.01230	0.00586	0.00183	0.00303	0.01096	0.00485	0.00506
22	0.06029	0.00866	0.00940	0.00815	0.01059	0.00913	0.00638	0.19071	0.17652	0.07845	0.11459	0.05150	0.17273	0.05897	0.00643	0.00180	0.00382	0.02087	0.00476	0.00624
23	0.00851	0.00543	0.00662	0.00621	0.00711	0.00530	0.00425	0.02304	0.02422	0.07706	0.24296	0.03150	0.06251	0.40312	0.06847	0.00352	0.00446	0.00743	0.00406	0.00422
24	0.01075	0.01075	0.01505	0.01290	0.01290	0.01505	0.01075	0.01183	0.00753	0.01183	0.00645	0.01075	0.00645	0.00860	0.01613	0.00215	0.81830	0.00430	0.00215	0.00538
25	0.00603	0.00448	0.00558	0.00636	0.00699	0.00408	0.00435	0.00703	0.01001	0.01305	0.07515	0.59055	0.20153	0.03216	0.00655	0.00196	0.00278	0.01274	0.00458	0.00404
26	0.00622	0.00480	0.00556	0.00576	0.00692	0.00424	0.00417	0.00766	0.01139	0.01482	0.22952	0.24625	0.38969	0.01245	0.00587	0.00171	0.00254	0.01080	0.02541	0.00424
27	0.00621	0.00440	0.00572	0.00660	0.00691	0.00414	0.00436	0.00706	0.00944	0.01267	0.08189	0.66095	0.03158	0.12295	0.00873	0.00233	0.00307	0.01269	0.00441	0.00390
28	0.00599	0.00428	0.00570	0.00684	0.00713	0.00399	0.00456	0.00684	0.00941	0.01254	0.02709	0.82409	0.03250	0.01540	0.00627	0.00200	0.00285	0.01397	0.00456	0.00399
29	0.01962	0.01227	0.01382	0.01060	0.01449	0.01301	0.00875	0.57028	0.02060	0.24448	0.01391	0.01317	0.00941	0.00595	0.00492	0.00149	0.00507	0.00457	0.00524	0.00836
30	0.00643	0.00487	0.00593	0.00596	0.00709	0.00437	0.00436	0.00815	0.01224	0.01643	0.42720	0.19216	0.26332	0.01179	0.00589	0.00167	0.00247	0.01031	0.00500	0.00437

[dist]
# distance from previous block
# <min> <max>
0	4

[block]
# block no. 2 follows, 51 sequences, length 16
# corresponding to MSA columns:
# 82-97
name=unknown_C
#
# <colnr> <probs for GDERKNQSTAVLIFYWHMCP>
#	G	D	E	R	K	N	Q	S	T	A	V	L	I	F	Y	W	H	M	C	P
0	0.00654	0.00496	0.00589	0.00573	0.00693	0.00445	0.00419	0.00824	0.01224	0.01637	0.44314	0.07250	0.29955	0.07876	0.00741	0.00187	0.00260	0.00946	0.00488	0.00431
1	0.01498	0.04737	0.01648	0.01244	0.01614	0.03560	0.14515	0.33459	0.28079	0.02338	0.01394	0.01404	0.01032	0.00575	0.00501	0.00155	0.00549	0.00494	0.00433	0.00769
2	0.00693	0.00595	0.00605	0.00586	0.00771	0.00556	0.00444	0.01039	0.14716	0.01455	0.04457	0.04222	0.65815	0.01143	0.00567	0.00166	0.00273	0.00953	0.00464	0.00478
3	0.01264	0.01018	0.01279	0.00933	0.01362	0.00895	0.07065	0.17968	0.01327	0.05156	0.00994	0.01106	0.00773	0.00427	0.00415	0.00100	0.00443	0.00356	0.00344	0.56775
4	0.00797	0.00523	0.00734	0.00772	0.00859	0.00535	0.00613	0.00925	0.00977	0.03269	0.09210	0.07218	0.02225	0.05938	0.19107	0.13673	0.00612	0.29514	0.02088	0.00413
5	0.02080	0.00809	0.01100	0.00853	0.01211	0.00701	0.00701	0.02273	0.01405	0.73543	0.08353	0.01838	0.01500	0.00641	0.00501	0.00152	0.00403	0.00527	0.00603	0.00805
6	0.00854	0.00427	0.00640	0.00640	0.00640	0.00427	0.00427	0.00640	0.00640	0.00854	0.00854	0.01494	0.00854	0.01707	0.01921	0.85702	0.00427	0.00427	0.00213	0.00213
7	0.01250	0.01069	0.01127	0.01006	0.01288	0.01235	0.00785	0.05846	0.75496	0.02100	0.01965	0.01805	0.01472	0.00663	0.00500	0.00166	0.00395	0.00551	0.00500	0.00780
8	0.01064	0.00603	0.00710	0.00642	0.00857	0.00526	0.00495	0.01245	0.03577	0.23595	0.05705	0.11956	0.44971	0.01072	0.00559	0.00165	0.00304	0.00903	0.00503	0.00545
9	0.01222	0.01056	0.01111	0.01000	0.01278	0.01222	0.00778	0.02611	0.78776	0.02056	0.02000	0.01833	0.01500	0.00667	0.00500	0.00167	0.00389	0.00556	0.00500	0.00778
10	0.01836	0.02342	0.01393	0.01266	0.01519	0.80756	0.00950	0.01962	0.01393	0.01203	0.00760	0.00886	0.00633	0.00506	0.00443	0.00127	0.00886	0.00317	0.00253	0.00570
11	0.00598	0.00452	0.00553	0.00626	0.00699	0.00407	0.00432	0.00703	0.01017	0.01312	0.07248	0.55493	0.25832	0.01425	0.00611	0.00187	0.00272	0.01265	0.00461	0.00407
12	0.01043	0.00728	0.00864	0.00833	0.00998	0.00752	0.00630	0.15119	0.11794	0.07311	0.02356	0.41785	0.05223	0.01157	0.00578	0.00183	0.00367	0.07233	0.00479	0.00566
13	0.01075	0.01075	0.01505	0.01290	0.01290	0.01505	0.01075	0.01183	0.00753	0.01183	0.00645	0.01075	0.00645	0.00860	0.01613	0.00215	0.81830	0.00430	0.00215	0.00538
14	0.01836	0.02342	0.01393	0.01266	0.01519	0.80756	0.00950	0.01962	0.01393	0.01203	0.00760	0.00886	0.00633	0.00506	0.00443	0.00127	0.00886	0.00317	0.00253	0.00570
15	0.03390	0.00622	0.00809	0.00740	0.00940	0.00557	0.00561	0.01432	0.01178	0.34091	0.07382	0.34081	0.10053	0.01062	0.00556	0.00172	0.00336	0.00926	0.00521	0.00590

[dist]
# distance from previous block
# <min> <max>
0	8

[block]
# block no. 3 follows, 51 sequences, length 95
# corresponding to MSA columns:
# 106-200
name=unknown_D
#
# <colnr> <probs for GDERKNQSTAVLIFYWHMCP>
#	G	D	E	R	K	N	Q	S	T	A	V	L	I	F	Y	W	H	M	C	P
0	0.01955	0.00814	0.01078	0.00844	0.01187	0.00723	0.00690	0.06095	0.01438	0.64261	0.10003	0.01997	0.05256	0.00678	0.00507	0.00153	0.00397	0.00558	0.00588	0.00778
1	0.01145	0.01102	0.01503	0.01276	0.01311	0.01507	0.01063	0.07911	0.00889	0.01350	0.00692	0.01084	0.00662	0.00836	0.01515	0.00209	0.74712	0.00431	0.00239	0.00564
2	0.00622	0.00437	0.00563	0.00655	0.00677	0.00415	0.00424	0.00690	0.00896	0.01194	0.02476	0.66538	0.02957	0.17810	0.01003	0.00255	0.00323	0.01260	0.00424	0.00379
3	0.00702	0.00527	0.00790	0.00790	0.00878	0.00614	0.00614	0.00878	0.00790	0.01141	0.01316	0.01931	0.01229	0.03686	0.80782	0.00790	0.01316	0.00527	0.00263	0.00439
4	0.00715	0.00476	0.00536	0.00536	0.00536	0.00476	0.00298	0.00715	0.00715	0.00953	0.01548	0.03216	0.01787	0.82729	0.02501	0.00476	0.00476	0.00715	0.00298	0.00298
5	0.00599	0.00428	0.00570	0.00684	0.00713	0.00399	0.00456	0.00684	0.00941	0.01254	0.02709	0.82409	0.03250	0.01540	0.00627	0.00200	0.00285	0.01397	0.00456	0.00399
6	0.01075	0.01075	0.01505	0.01290	0.01290	0.01505	0.01075	0.01183	0.00753	0.01183	0.00645	0.01075	0.00645	0.00860	0.01613	0.00215	0.81830	0.00430	0.00215	0.00538
7	0.00883	0.00667	0.00748	0.00695	0.00876	0.00652	0.00542	0.15785	0.01381	0.01810	0.17260	0.11487	0.33698	0.01090	0.00568	0.00167	0.00323	0.07506	0.03352	0.00509
8	0.00585	0.00498	0.00503	0.00502	0.00666	0.00417	0.00376	0.00713	0.01129	0.01350	0.07552	0.04693	0.76877	0.01236	0.00581	0.00166	0.00248	0.01032	0.00459	0.00417
9	0.01216	0.01168	0.01995	0.03016	0.79664	0.01168	0.01508	0.01508	0.01119	0.01605	0.00924	0.01216	0.00778	0.00438	0.00487	0.00146	0.00584	0.00438	0.00243	0.00778
10	0.86201	0.00950	0.00722	0.00646	0.00950	0.01102	0.00532	0.01445	0.00836	0.02205	0.00684	0.00798	0.00532	0.00456	0.00304	0.00152	0.00380	0.00266	0.00304	0.00532
11	0.01974	0.00879	0.01270	0.00976	0.01346	0.00790	0.07470	0.02269	0.06745	0.64038	0.05531	0.01748	0.01357	0.00614	0.00506	0.00154	0.00443	0.00525	0.00566	0.00799
12	0.01019	0.00873	0.01019	0.00728	0.01165	0.00655	0.00582	0.01237	0.01019	0.01601	0.00873	0.01019	0.00728	0.00364	0.00364	0.00073	0.00364	0.00291	0.00291	0.85734
13	0.00854	0.00427	0.00640	0.00640	0.00640	0.00427	0.00427	0.00640	0.00640	0.00854	0.00854	0.01494	0.00854	0.01707	0.01921	0.85702	0.00427	0.00427	0.00213	0.00213
14	0.00690	0.00516	0.00654	0.00724	0.00815	0.00503	0.00550	0.00881	0.04462	0.01341	0.02921	0.33400	0.17094	0.06040	0.05684	0.00251	0.00404	0.22203	0.00436	0.00431
15	0.01812	0.01348	0.01443	0.01119	0.01502	0.01498	0.00920	0.71422	0.09006	0.03006	0.01252	0.01237	0.00894	0.00597	0.00492	0.00149	0.00527	0.00452	0.00492	0.00831
16	0.00954	0.00732	0.00806	0.04539	0.01050	0.00744	0.00586	0.01517	0.27133	0.08457	0.03521	0.03330	0.42782	0.00960	0.00542	0.00165	0.00330	0.00800	0.00473	0.00579
17	0.01059	0.31245	0.41504	0.01097	0.01635	0.01340	0.01290	0.01426	0.01035	0.01388	0.01251	0.01485	0.07633	0.00560	0.00432	0.00142	0.00599	0.03987	0.00242	0.00652
18	0.01734	0.05694	0.08974	0.01142	0.01491	0.40020	0.00963	0.08665	0.06872	0.15872	0.01111	0.01136	0.00820	0.00532	0.00455	0.00136	0.00689	0.00378	0.00351	0.02964
19	0.29112	0.49046	0.01873	0.00803	0.01183	0.01632	0.00748	0.08166	0.01060	0.01669	0.00727	0.00826	0.00616	0.00447	0.00327	0.00124	0.00479	0.00280	0.00266	0.00616
20	0.12036	0.05324	0.22584	0.01180	0.08995	0.01062	0.01057	0.07916	0.06224	0.08125	0.01111	0.01197	0.02063	0.00489	0.00427	0.00135	0.00509	0.00381	0.01722	0.17464
21	0.06153	0.01367	0.01313	0.06224	0.01499	0.16916	0.00898	0.30433	0.08378	0.08120	0.01151	0.01227	0.00858	0.00593	0.00574	0.00152	0.08404	0.00421	0.04621	0.00696
22	0.02634	0.00920	0.01479	0.61190	0.13397	0.01089	0.01295	0.05078	0.01071	0.01416	0.01105	0.01459	0.04775	0.00527	0.00492	0.00160	0.00613	0.00465	0.00249	0.00585
23	0.01015	0.00982	0.01731	0.51574	0.21871	0.01108	0.09657	0.01336	0.01034	0.01376	0.00948	0.03469	0.00765	0.00498	0.00503	0.00161	0.00646	0.00478	0.00234	0.00611
24	0.00779	0.00939	0.19056	0.00863	0.01059	0.00628	0.00799	0.00919	0.00849	0.01193	0.01478	0.23775	0.01547	0.01830	0.19407	0.22790	0.00662	0.00702	0.00290	0.00435
25	0.01222	0.01056	0.01111	0.01000	0.01278	0.01222	0.00778	0.02611	0.78776	0.02056	0.02000	0.01833	0.01500	0.00667	0.00500	0.00167	0.00389	0.00556	0.00500	0.00778
26	0.01075	0.01075	0.01505	0.01290	0.01290	0.01505	0.01075	0.01183	0.00753	0.01183	0.00645	0.01075	0.00645	0.00860	0.01613	0.00215	0.81830	0.00430	0.00215	0.00538
27	0.00841	0.00431	0.00631	0.00631	0.00631	0.00431	0.00416	0.00647	0.00647	0.00862	0.00914	0.01645	0.00935	0.08801	0.01971	0.78240	0.00431	0.00452	0.00221	0.00221
28	0.00986	0.02542	0.80183	0.01401	0.02127	0.01141	0.01816	0.01556	0.01038	0.01556	0.00882	0.01038	0.00623	0.00467	0.00467	0.00156	0.00726	0.00363	0.00208	0.00726
29	0.01160	0.01326	0.02900	0.02071	0.02568	0.01243	0.77879	0.01574	0.01160	0.01574	0.00994	0.01326	0.00746	0.00414	0.00580	0.00166	0.00829	0.00580	0.00249	0.00663
30	0.00584	0.00485	0.00511	0.00531	0.00673	0.00412	0.00388	0.00701	0.01088	0.01314	0.04571	0.18661	0.65795	0.01297	0.00589	0.00172	0.00255	0.01102	0.00456	0.00412
31	0.01434	0.64520	0.02304	0.00938	0.01320	0.20020	0.00866	0.01584	0.01089	0.01167	0.00701	0.00811	0.00631	0.00440	0.00345	0.00110	0.00608	0.00275	0.00220	0.00617
32	0.05216	0.50756	0.01878	0.00800	0.01101	0.03631	0.00729	0.02653	0.00978	0.01292	0.00902	0.01203	0.00834	0.07877	0.05659	0.00191	0.04427	0.00352	0.08956	0.00565
33	0.86201	0.00950	0.00722	0.00646	0.00950	0.01102	0.00532	0.01445	0.00836	0.02205	0.00684	0.00798	0.00532	0.00456	0.00304	0.00152	0.00380	0.00266	0.00304	0.00532
34	0.00956	0.01618	0.40876	0.01147	0.01619	0.00884	0.07932	0.01367	0.01182	0.05756	0.25840	0.02082	0.05288	0.00672	0.00519	0.00156	0.00543	0.00583	0.00348	0.00631
35	0.01120	0.01256	0.02715	0.01959	0.02420	0.01188	0.71114	0.01513	0.01127	0.01536	0.01022	0.01379	0.00788	0.00701	0.07602	0.00220	0.00871	0.00575	0.00250	0.00643
36	0.00754	0.00481	0.00621	0.00656	0.00684	0.00479	0.00453	0.00763	0.00811	0.01073	0.01725	0.10118	0.01932	0.38642	0.01795	0.20111	0.00443	0.17810	0.00327	0.00322
37	0.01285	0.01087	0.01146	0.01013	0.01302	0.01251	0.00793	0.09880	0.71406	0.02156	0.01921	0.01770	0.01436	0.00659	0.00499	0.00165	0.00404	0.00545	0.00499	0.00783
38	0.01493	0.01103	0.01217	0.12563	0.01607	0.08031	0.00861	0.08378	0.30445	0.19657	0.01554	0.01517	0.01119	0.00583	0.00480	0.00150	0.00488	0.00472	0.00444	0.07836
39	0.01208	0.01118	0.01525	0.01248	0.01576	0.01227	0.18613	0.02371	0.60821	0.01944	0.01767	0.01716	0.01326	0.00608	0.00519	0.00166	0.00491	0.00561	0.00442	0.00751
40	0.00953	0.00899	0.01520	0.74672	0.10064	0.01098	0.01377	0.01278	0.00995	0.01286	0.00878	0.01302	0.00666	0.00487	0.00491	0.00162	0.00649	0.00437	0.00221	0.00566
41	0.01207	0.01158	0.01977	0.05612	0.77143	0.01165	0.01503	0.01500	0.01114	0.01594	0.00923	0.01219	0.00774	0.00440	0.00487	0.00147	0.00586	0.00438	0.00242	0.00771
42	0.00695	0.00480	0.00531	0.00531	0.00554	0.00468	0.00309	0.00713	0.00773	0.01007	0.02042	0.03434	0.12954	0.71014	0.02225	0.00432	0.00444	0.00761	0.00321	0.00315
43	0.00599	0.00428	0.00570	0.00684	0.00713	0.00399	0.00456	0.00684	0.00941	0.01254	0.02709	0.82409	0.03250	0.01540	0.00627	0.00200	0.00285	0.01397	0.00456	0.00399
44	0.01173	0.01000	0.01056	0.00955	0.01206	0.01150	0.00732	0.02429	0.71252	0.01949	0.01957	0.01967	0.01528	0.08576	0.00693	0.00197	0.00397	0.00571	0.00481	0.00732
45	0.02012	0.00863	0.01116	0.00868	0.01229	0.00782	0.00713	0.09541	0.02870	0.64291	0.02133	0.01896	0.08036	0.00663	0.00502	0.00153	0.00415	0.00538	0.00582	0.00798
46	0.01059	0.00579	0.00750	0.00682	0.00861	0.00517	0.00523	0.01244	0.01289	0.21995	0.36626	0.14147	0.14283	0.01017	0.00566	0.00163	0.00294	0.02327	0.00533	0.00544
47	0.01019	0.00873	0.01019	0.00728	0.01165	0.00655	0.00582	0.01237	0.01019	0.01601	0.00873	0.01019	0.00728	0.00364	0.00364	0.00073	0.00364	0.00291	0.00291	0.85734
48	0.00581	0.00498	0.00498	0.00498	0.00664	0.00415	0.00373	0.00705	0.01120	0.01328	0.04978	0.04729	0.79464	0.01245	0.00581	0.00166	0.00249	0.01037	0.00456	0.00415
49	0.00677	0.00504	0.00605	0.00582	0.00717	0.00448	0.00436	0.00864	0.01278	0.03046	0.48764	0.06837	0.31242	0.01103	0.00580	0.00160	0.00243	0.00953	0.00509	0.00450
50	0.00616	0.00440	0.00590	0.00704	0.00740	0.00414	0.00486	0.00714	0.00958	0.01273	0.02699	0.75678	0.03213	0.01524	0.00632	0.00202	0.00300	0.07960	0.00456	0.00404
51	0.00715	0.00476	0.00536	0.00536	0.00536	0.00476	0.00298	0.00715	0.00715	0.00953	0.01548	0.03216	0.01787	0.82729	0.02501	0.00476	0.00476	0.00715	0.00298	0.00298
52	0.00599	0.00428	0.00570	0.00684	0.00713	0.00399	0.00456	0.00684	0.00941	0.01254	0.02709	0.82409	0.03250	0.01540	0.00627	0.00200	0.00285	0.01397	0.00456	0.00399
53	0.00599	0.00428	0.00570	0.00684	0.00713	0.00399	0.00456	0.00684	0.00941	0.01254	0.02709	0.82409	0.03250	0.01540	0.00627	0.00200	0.00285	0.01397	0.00456	0.00399
54	0.01216	0.01044	0.01098	0.00989	0.01264	0.01207	0.00769	0.02582	0.77241	0.02051	0.01992	0.01833	0.01495	0.00665	0.00497	0.00166	0.00386	0.00554	0.02177	0.00772
55	0.01040	0.00578	0.00591	0.00546	0.00697	0.00597	0.00421	0.11190	0.01198	0.01997	0.01548	0.01747	0.01204	0.00575	0.00363	0.00119	0.00270	0.00456	0.74356	0.00507
56	0.00622	0.00451	0.00590	0.00682	0.00736	0.00420	0.00478	0.00734	0.01010	0.01340	0.09589	0.63268	0.09184	0.01455	0.00624	0.00195	0.00291	0.07456	0.00463	0.00410
57	0.00702	0.00527	0.00790	0.00790	0.00878	0.00614	0.00614	0.00878	0.00790	0.01141	0.01316	0.01931	0.01229	0.03686	0.80782	0.00790	0.01316	0.00527	0.00263	0.00439
58	0.01222	0.01056	0.01111	0.01000	0.01278	0.01222	0.00778	0.02611	0.78776	0.02056	0.02000	0.01833	0.01500	0.00667	0.00500	0.00167	0.00389	0.00556	0.00500	0.00778
59	0.00992	0.00949	0.01637	0.63337	0.17377	0.01113	0.05017	0.01317	0.01016	0.01335	0.00889	0.01294	0.00682	0.00478	0.00495	0.00161	0.00650	0.00444	0.00224	0.00594
60	0.01836	0.02342	0.01393	0.01266	0.01519	0.80756	0.00950	0.01962	0.01393	0.01203	0.00760	0.00886	0.00633	0.00506	0.00443	0.00127	0.00886	0.00317	0.00253	0.00570
61	0.01597	0.40341	0.01976	0.01027	0.01398	0.21524	0.00894	0.22710	0.01459	0.01703	0.00839	0.00921	0.00688	0.00489	0.00396	0.00122	0.00620	0.00326	0.00299	0.00672
62	0.01187	0.01481	0.19357	0.01040	0.01414	0.12488	0.00972	0.01894	0.29578	0.04389	0.06838	0.01802	0.07663	0.00642	0.00485	0.00150	0.00516	0.00516	0.00384	0.07205
63	0.01236	0.32585	0.32529	0.01077	0.01581	0.01373	0.01203	0.05163	0.01109	0.08324	0.01022	0.01279	0.00829	0.00657	0.03991	0.00168	0.00627	0.04298	0.00272	0.00678
64	0.01075	0.01075	0.01505	0.01290	0.01290	0.01505	0.01075	0.01183	0.00753	0.01183	0.00645	0.01075	0.00645	0.00860	0.01613	0.00215	0.81830	0.00430	0.00215	0.00538
65	0.00715	0.00476	0.00536	0.00536	0.00536	0.00476	0.00298	0.00715	0.00715	0.00953	0.01548	0.03216	0.01787	0.82729	0.02501	0.00476	0.00476	0.00715	0.00298	0.00298
66	0.00620	0.00514	0.00547	0.00557	0.00709	0.00451	0.00419	0.00795	0.03780	0.01385	0.08262	0.11418	0.62771	0.01244	0.00587	0.00171	0.00266	0.04614	0.00462	0.00430
67	0.01816	0.00797	0.01047	0.00837	0.01160	0.00722	0.00678	0.02129	0.08855	0.56992	0.16085	0.02043	0.01861	0.00682	0.00508	0.00153	0.00380	0.00569	0.00581	0.02104
68	0.01836	0.02342	0.01393	0.01266	0.01519	0.80756	0.00950	0.01962	0.01393	0.01203	0.00760	0.00886	0.00633	0.00506	0.00443	0.00127	0.00886	0.00317	0.00253	0.00570
69	0.00711	0.00475	0.00537	0.00541	0.00542	0.00474	0.00303	0.00714	0.00722	0.00963	0.01588	0.05930	0.01837	0.79946	0.02437	0.00467	0.00470	0.00738	0.00303	0.00301
70	0.00591	0.00489	0.00519	0.00532	0.00676	0.00416	0.00391	0.00718	0.01115	0.01363	0.09971	0.15314	0.63673	0.01268	0.00587	0.00170	0.00253	0.01076	0.00462	0.00416
71	0.01868	0.01376	0.01475	0.01131	0.01524	0.01524	0.00934	0.78025	0.02311	0.03097	0.01180	0.01180	0.00836	0.00590	0.00492	0.00147	0.00541	0.00442	0.00492	0.00836
72	0.00599	0.00428	0.00570	0.00684	0.00713	0.00399	0.00456	0.00684	0.00941	0.01254	0.02709	0.82409	0.03250	0.01540	0.00627	0.00200	0.00285	0.01397	0.00456	0.00399
73	0.00739	0.00518	0.00638	0.00598	0.00741	0.00463	0.00452	0.00940	0.01318	0.05674	0.55319	0.03859	0.24811	0.01050	0.00576	0.00158	0.00246	0.00909	0.00521	0.00469
74	0.00693	0.00516	0.00632	0.00622	0.00729	0.00487	0.00449	0.00924	0.05152	0.01676	0.45600	0.15523	0.14889	0.08980	0.00768	0.00195	0.00274	0.00953	0.00490	0.00447
75	0.00696	0.00502	0.00657	0.00618	0.00734	0.00464	0.00464	0.00927	0.01391	0.01971	0.79405	0.03671	0.04637	0.01005	0.00580	0.00155	0.00232	0.00889	0.00541	0.00464
76	0.00986	0.00814	0.00896	0.00861	0.01051	0.00896	0.00645	0.04170	0.44569	0.01766	0.02439	0.28800	0.08059	0.00999	0.00548	0.00177	0.00348	0.00869	0.00482	0.00626
77	0.00625	0.00448	0.00594	0.00666	0.00719	0.00417	0.00458	0.00751	0.01065	0.01451	0.23794	0.60762	0.03631	0.01393	0.00614	0.00187	0.00270	0.01257	0.00479	0.00417
78	0.01019	0.00873	0.01019	0.00728	0.01165	0.00655	0.00582	0.01237	0.01019	0.01601	0.00873	0.01019	0.00728	0.00364	0.00364	0.00073	0.00364	0.00291	0.00291	0.85734
79	0.01216	0.01168	0.01995	0.03016	0.79664	0.01168	0.01508	0.01508	0.01119	0.01605	0.00924	0.01216	0.00778	0.00438	0.00487	0.00146	0.00584	0.00438	0.00243	0.00778
80	0.00608	0.00435	0.00581	0.00695	0.00728	0.00407	0.00473	0.00701	0.00950	0.01265	0.02703	0.78590	0.03229	0.01531	0.00630	0.00201	0.00293	0.05121	0.00456	0.00402
81	0.01019	0.00873	0.01019	0.00728	0.01165	0.00655	0.00582	0.01237	0.01019	0.01601	0.00873	0.01019	0.00728	0.00364	0.00364	0.00073	0.00364	0.00291	0.00291	0.85734
82	0.01273	0.01299	0.02538	0.01843	0.02303	0.01262	0.60073	0.15611	0.01370	0.01849	0.01105	0.01499	0.00861	0.00491	0.00568	0.00165	0.00758	0.04145	0.00303	0.00685
83	0.00711	0.00475	0.00537	0.00541	0.00542	0.00474	0.00303	0.00714	0.00722	0.00963	0.01588	0.05930	0.01837	0.79946	0.02437	0.00467	0.00470	0.00738	0.00303	0.00301
84	0.01075	0.01075	0.01505	0.01290	0.01290	0.01505	0.01075	0.01183	0.00753	0.01183	0.00645	0.01075	0.00645	0.00860	0.01613	0.00215	0.81830	0.00430	0.00215	0.00538
85	0.66509	0.00979	0.00903	0.00795	0.01029	0.01196	0.00658	0.01384	0.00817	0.01968	0.00675	0.00862	0.00558	0.00550	0.00607	0.00167	0.19222	0.00304	0.00284	0.00533
86	0.00718	0.00538	0.00736	0.08419	0.00990	0.00524	0.00551	0.00959	0.01352	0.01902	0.71835	0.03443	0.04253	0.00955	0.00571	0.00155	0.00273	0.00845	0.00510	0.00472
87	0.00928	0.00873	0.01474	0.81548	0.03385	0.01092	0.01365	0.01256	0.00983	0.01256	0.00873	0.01310	0.00655	0.00491	0.00491	0.00164	0.00655	0.00437	0.00218	0.00546
88	0.00599	0.00428	0.00570	0.00684	0.00713	0.00399	0.00456	0.00684	0.00941	0.01254	0.02709	0.82409	0.03250	0.01540	0.00627	0.00200	0.00285	0.01397	0.00456	0.00399
89	0.00715	0.00476	0.00536	0.00536	0.00536	0.00476	0.00298	0.00715	0.00715	0.00953	0.01548	0.03216	0.01787	0.82729	0.02501	0.00476	0.00476	0.00715	0.00298	0.00298
90	0.25447	0.06146	0.01266	0.01070	0.01346	0.54342	0.00827	0.01792	0.01216	0.01481	0.00735	0.00856	0.00605	0.00488	0.00398	0.00133	0.00726	0.00300	0.00265	0.00562
91	0.00581	0.00498	0.00498	0.00498	0.00664	0.00415	0.00373	0.00705	0.01120	0.01328	0.04978	0.04729	0.79464	0.01245	0.00581	0.00166	0.00249	0.01037	0.00456	0.00415
92	0.01836	0.02342	0.01393	0.01266	0.01519	0.80756	0.00950	0.01962	0.01393	0.01203	0.00760	0.00886	0.00633	0.00506	0.00443	0.00127	0.00886	0.00317	0.00253	0.00570
93	0.01201	0.01152	0.01968	0.07089	0.75708	0.01164	0.01501	0.01495	0.01112	0.01587	0.00922	0.01221	0.00772	0.00441	0.00487	0.00147	0.00588	0.00438	0.00242	0.00766
94	0.00705	0.00525	0.00787	0.00787	0.00873	0.00611	0.00611	0.00873	0.00787	0.01135	0.01307	0.01922	0.01221	0.03647	0.79251	0.02438	0.01299	0.00525	0.00262	0.00434

[dist]
# distance from previous block
# <min> <max>
0	3

# created by:
# /st0/software/busco_prod/Augustus/scripts/msa2prfl.pl ./align_prep/63685.fa
