[name]
unknown

[dist]
# distance from previous block
# <min> <max>
0	55

[block]
# block no. 0 follows, 47 sequences, length 7
# corresponding to MSA columns:
# 55-61
name=unknown_A
#
# <colnr> <probs for GDERKNQSTAVLIFYWHMCP>
#	G	D	E	R	K	N	Q	S	T	A	V	L	I	F	Y	W	H	M	C	P
0	0.01368	0.00998	0.01175	0.01070	0.01328	0.01071	0.00909	0.36171	0.01779	0.02358	0.02058	0.03729	0.02017	0.01061	0.00627	0.00201	0.00523	0.40390	0.00499	0.00668
1	0.33083	0.01121	0.01095	0.00895	0.01257	0.08306	0.00729	0.07517	0.01335	0.37736	0.01387	0.01313	0.00933	0.00573	0.00444	0.00158	0.00484	0.00413	0.00481	0.00740
2	0.01284	0.16099	0.01674	0.01194	0.01327	0.15387	0.00989	0.01405	0.00964	0.01232	0.00813	0.01256	0.00795	0.07012	0.04348	0.00235	0.42746	0.00429	0.00243	0.00570
3	0.01636	0.01979	0.02042	0.01869	0.13363	0.44854	0.23387	0.01887	0.01360	0.01454	0.00904	0.01129	0.00729	0.00497	0.00519	0.00149	0.00873	0.00437	0.00265	0.00666
4	0.00744	0.00558	0.00837	0.00837	0.00930	0.00651	0.00651	0.00930	0.00837	0.01209	0.01395	0.02046	0.01302	0.03906	0.79635	0.00837	0.01395	0.00558	0.00279	0.00465
5	0.00737	0.00546	0.00697	0.00747	0.00834	0.00534	0.00536	0.01011	0.08265	0.01650	0.25599	0.46689	0.03694	0.01364	0.00640	0.00195	0.00304	0.04959	0.00515	0.00484
6	0.01230	0.01326	0.04922	0.01674	0.05976	0.04142	0.37135	0.01784	0.14082	0.01747	0.01187	0.01387	0.00913	0.00479	0.00533	0.00150	0.00673	0.00514	0.00317	0.19827

[dist]
# distance from previous block
# <min> <max>
0	1

[block]
# block no. 1 follows, 47 sequences, length 6
# corresponding to MSA columns:
# 63-68
name=unknown_B
#
# <colnr> <probs for GDERKNQSTAVLIFYWHMCP>
#	G	D	E	R	K	N	Q	S	T	A	V	L	I	F	Y	W	H	M	C	P
0	0.20328	0.00946	0.00884	0.00765	0.01025	0.09555	0.00593	0.01304	0.01252	0.01967	0.34682	0.02241	0.02526	0.00722	0.00481	0.00141	0.00390	0.00583	0.00423	0.19192
1	0.11046	0.04397	0.01431	0.11529	0.01691	0.27669	0.00996	0.01808	0.01198	0.14896	0.01001	0.01171	0.00772	0.00623	0.00725	0.00166	0.17513	0.00402	0.00325	0.00640
2	0.01875	0.13598	0.01677	0.01240	0.01572	0.48440	0.00986	0.21213	0.01666	0.01784	0.00908	0.01004	0.00726	0.00546	0.00463	0.00137	0.00790	0.00362	0.00327	0.00686
3	0.00827	0.00712	0.00984	0.00968	0.00992	0.00868	0.00736	0.00933	0.00913	0.01293	0.01964	0.46308	0.02280	0.01531	0.06707	0.00262	0.29828	0.01039	0.00375	0.00480
4	0.00739	0.00508	0.00563	0.00563	0.00586	0.00496	0.00326	0.00756	0.00813	0.01062	0.02116	0.03618	0.11876	0.71188	0.02384	0.00462	0.00473	0.00802	0.00338	0.00332
5	0.08772	0.39099	0.01852	0.00905	0.01273	0.01573	0.00807	0.10193	0.15333	0.04982	0.04800	0.01333	0.01117	0.00564	0.00413	0.00138	0.00481	0.00411	0.05251	0.00702

[dist]
# distance from previous block
# <min> <max>
0	6

[block]
# block no. 2 follows, 47 sequences, length 15
# corresponding to MSA columns:
# 75-89
name=unknown_C
#
# <colnr> <probs for GDERKNQSTAVLIFYWHMCP>
#	G	D	E	R	K	N	Q	S	T	A	V	L	I	F	Y	W	H	M	C	P
0	0.01348	0.35710	0.34945	0.01154	0.01727	0.01520	0.01314	0.01759	0.04260	0.10277	0.01022	0.01100	0.00773	0.00500	0.00432	0.00143	0.00629	0.00364	0.00282	0.00743
1	0.01346	0.71387	0.12945	0.00971	0.01459	0.01947	0.01029	0.01571	0.01064	0.01282	0.00752	0.00871	0.00667	0.00452	0.00356	0.00119	0.00585	0.00293	0.00222	0.00682
2	0.00702	0.00531	0.00647	0.00618	0.00756	0.00476	0.00463	0.00914	0.01390	0.01890	0.56928	0.04217	0.26285	0.01139	0.00615	0.00167	0.00251	0.00988	0.00547	0.00476
3	0.01364	0.75559	0.08934	0.00939	0.01411	0.01991	0.00975	0.01567	0.01062	0.01260	0.00741	0.00857	0.00668	0.00450	0.00347	0.00116	0.00574	0.00287	0.00223	0.00677
4	0.01392	0.82012	0.02729	0.00891	0.01337	0.02061	0.00891	0.01559	0.01058	0.01225	0.00724	0.00835	0.00668	0.00446	0.00334	0.00111	0.00557	0.00278	0.00223	0.00668
5	0.01330	0.39065	0.33156	0.01192	0.01743	0.12564	0.01322	0.01668	0.01133	0.01402	0.00820	0.00956	0.00665	0.00478	0.00418	0.00136	0.00696	0.00329	0.00228	0.00700
6	0.00729	0.00647	0.04445	0.00763	0.00884	0.00559	0.00577	0.01006	0.08929	0.01512	0.09925	0.51777	0.13499	0.01387	0.00631	0.00196	0.00326	0.01234	0.00484	0.00489
7	0.00757	0.00505	0.00568	0.00568	0.00568	0.00505	0.00316	0.00757	0.00757	0.01010	0.01641	0.03408	0.01893	0.81698	0.02651	0.00505	0.00505	0.00757	0.00316	0.00316
8	0.00634	0.00453	0.00604	0.00725	0.00755	0.00423	0.00483	0.00725	0.00997	0.01329	0.02870	0.81358	0.03444	0.01632	0.00665	0.00211	0.00302	0.01480	0.00483	0.00423
9	0.01317	0.01337	0.01920	0.31901	0.20388	0.11989	0.13385	0.08452	0.01293	0.01642	0.00972	0.01294	0.00754	0.00506	0.00528	0.00163	0.00728	0.00470	0.00274	0.00687
10	0.01857	0.02339	0.01484	0.08586	0.01791	0.72424	0.01047	0.02011	0.01436	0.01280	0.00816	0.00980	0.00673	0.00535	0.00474	0.00138	0.00917	0.00347	0.00265	0.00601
11	0.01755	0.01208	0.01520	0.08749	0.16223	0.03858	0.01067	0.23797	0.12110	0.22073	0.01481	0.01490	0.01050	0.00598	0.00520	0.00161	0.00549	0.00494	0.00469	0.00828
12	0.01010	0.00939	0.01515	0.71528	0.03331	0.01148	0.01368	0.01432	0.06502	0.01406	0.01011	0.01415	0.00761	0.00528	0.00516	0.00170	0.00661	0.00466	0.00256	0.04035
13	0.01308	0.01103	0.01367	0.28735	0.04721	0.04965	0.01064	0.09311	0.26535	0.06370	0.05803	0.01689	0.01289	0.00626	0.00523	0.00167	0.00550	0.00526	0.00407	0.02943
14	0.15055	0.01524	0.01348	0.06106	0.08095	0.24996	0.00942	0.11318	0.10197	0.07362	0.01120	0.01206	0.00853	0.00547	0.00464	0.00148	0.00626	0.00403	0.00365	0.07325

[dist]
# distance from previous block
# <min> <max>
6	126

[block]
# block no. 3 follows, 47 sequences, length 93
# corresponding to MSA columns:
# 259-351
name=unknown_D
#
# <colnr> <probs for GDERKNQSTAVLIFYWHMCP>
#	G	D	E	R	K	N	Q	S	T	A	V	L	I	F	Y	W	H	M	C	P
0	0.01501	0.07722	0.12794	0.17408	0.07002	0.01103	0.07512	0.01807	0.01210	0.27077	0.01371	0.04291	0.01013	0.00672	0.02373	0.00181	0.03342	0.00508	0.00380	0.00733
1	0.01198	0.01371	0.05419	0.07175	0.06689	0.01249	0.58980	0.01613	0.01198	0.01650	0.01027	0.01361	0.00780	0.00443	0.00581	0.00166	0.00809	0.00564	0.00263	0.07464
2	0.00992	0.00957	0.01674	0.58611	0.03094	0.01134	0.11208	0.01315	0.01049	0.01371	0.01108	0.08730	0.00959	0.00633	0.00610	0.00180	0.04961	0.00576	0.00259	0.00580
3	0.01052	0.01114	0.02312	0.01746	0.02122	0.01046	0.52827	0.01389	0.01165	0.01572	0.01616	0.23096	0.01599	0.00803	0.00633	0.00188	0.00706	0.04064	0.00332	0.00618
4	0.01511	0.00884	0.01049	0.00909	0.01201	0.00882	0.00735	0.10031	0.18158	0.27433	0.02702	0.04724	0.16182	0.00909	0.00571	0.00178	0.00418	0.10246	0.00551	0.00725
5	0.00736	0.00532	0.00739	0.00752	0.00813	0.00587	0.00542	0.00861	0.00832	0.01167	0.01619	0.10837	0.01691	0.24882	0.50254	0.00680	0.01036	0.00710	0.00311	0.00420
6	0.01570	0.01770	0.38679	0.01268	0.01839	0.01000	0.06216	0.01976	0.01264	0.33390	0.01487	0.04869	0.01048	0.00602	0.00522	0.00166	0.00622	0.00504	0.00409	0.00798
7	0.01117	0.02187	0.49163	0.01764	0.02438	0.01252	0.31253	0.01657	0.01150	0.01657	0.00981	0.01219	0.00711	0.00473	0.00542	0.00169	0.00812	0.00475	0.00237	0.00743
8	0.01146	0.01091	0.01856	0.39339	0.43424	0.01200	0.01527	0.01473	0.01118	0.01528	0.00954	0.01335	0.00764	0.00491	0.00518	0.00164	0.00654	0.00463	0.00245	0.00710
9	0.01012	0.00949	0.01572	0.73207	0.07176	0.01167	0.01427	0.01406	0.04358	0.01386	0.00980	0.01408	0.00739	0.00526	0.00521	0.00173	0.00678	0.00468	0.00246	0.00601
10	0.01014	0.00957	0.01617	0.72674	0.11119	0.01165	0.01462	0.01357	0.01056	0.01368	0.00931	0.01378	0.00707	0.00515	0.00520	0.00172	0.00687	0.00463	0.00234	0.00603
11	0.01432	0.03488	0.49996	0.01366	0.02008	0.01106	0.06964	0.01902	0.01220	0.23637	0.01259	0.01309	0.00849	0.00533	0.00509	0.00164	0.00681	0.00439	0.00344	0.00796
12	0.00628	0.00514	0.00556	0.00587	0.00729	0.00442	0.00432	0.00755	0.01146	0.01396	0.04651	0.21788	0.58942	0.01392	0.00630	0.00186	0.00280	0.04023	0.00483	0.00438
13	0.01045	0.02694	0.79000	0.01484	0.02254	0.01209	0.01924	0.01649	0.01099	0.01649	0.00935	0.01099	0.00660	0.00495	0.00495	0.00165	0.00770	0.00385	0.00220	0.00770
14	0.01394	0.07800	0.26627	0.01618	0.02172	0.09048	0.28348	0.07859	0.01318	0.07292	0.01055	0.01235	0.00772	0.00497	0.00528	0.00161	0.00770	0.00471	0.00296	0.00740
15	0.01214	0.01066	0.01637	0.59214	0.03112	0.01265	0.05045	0.17879	0.01359	0.01775	0.01003	0.01359	0.00741	0.00540	0.00525	0.00170	0.00677	0.00472	0.00296	0.00652
16	0.01387	0.01164	0.01229	0.01078	0.01389	0.01338	0.00847	0.12717	0.67409	0.02327	0.02003	0.01850	0.01495	0.00696	0.00529	0.00174	0.00434	0.00573	0.00529	0.00833
17	0.00634	0.00456	0.00602	0.00718	0.00754	0.00424	0.00480	0.00726	0.01003	0.01332	0.02952	0.78766	0.05984	0.01621	0.00663	0.00210	0.00301	0.01468	0.00483	0.00424
18	0.01206	0.32891	0.18491	0.01059	0.02920	0.07393	0.01028	0.01450	0.01105	0.04714	0.01384	0.21419	0.01402	0.00774	0.00475	0.00153	0.00564	0.00626	0.00311	0.00635
19	0.01830	0.01384	0.01478	0.01168	0.01558	0.01545	0.00954	0.60497	0.18909	0.03040	0.01441	0.01402	0.01040	0.00643	0.00523	0.00161	0.00538	0.00495	0.00523	0.00872
20	0.01568	0.01254	0.01331	0.01115	0.01458	0.01423	0.00890	0.32205	0.47628	0.02618	0.01774	0.01667	0.01309	0.00674	0.00526	0.00169	0.00476	0.00541	0.00526	0.00849
21	0.01383	0.01763	0.09158	0.01912	0.02394	0.19716	0.50980	0.01784	0.02714	0.01584	0.01005	0.01279	0.00766	0.00472	0.00569	0.00165	0.00874	0.00529	0.00266	0.00687
22	0.01107	0.01049	0.01766	0.49241	0.32276	0.01191	0.01492	0.01461	0.02596	0.01489	0.00970	0.01361	0.00762	0.00503	0.00519	0.00166	0.00660	0.00466	0.00247	0.00678
23	0.01758	0.01245	0.01327	0.01042	0.01394	0.01367	0.00853	0.60156	0.02151	0.02988	0.01349	0.01402	0.00984	0.00621	0.00487	0.00149	0.00501	0.00472	0.18957	0.00798
24	0.00633	0.00461	0.00597	0.00705	0.00750	0.00425	0.00475	0.00727	0.01016	0.01337	0.03112	0.73677	0.10970	0.01600	0.00660	0.00208	0.00298	0.01442	0.00483	0.00425
25	0.81502	0.01056	0.00800	0.00713	0.01035	0.03311	0.00584	0.02992	0.00932	0.02326	0.00737	0.00856	0.00573	0.00488	0.00330	0.00160	0.00421	0.00287	0.00325	0.00571
26	0.00657	0.00471	0.00624	0.00710	0.00760	0.00438	0.00485	0.00782	0.01102	0.01496	0.19385	0.64369	0.03767	0.01507	0.00654	0.00201	0.00290	0.01362	0.00503	0.00438
27	0.00634	0.00453	0.00604	0.00725	0.00755	0.00423	0.00483	0.00725	0.00997	0.01329	0.02870	0.81358	0.03444	0.01632	0.00665	0.00211	0.00302	0.01480	0.00483	0.00423
28	0.00821	0.00676	0.01069	0.26305	0.01780	0.00813	0.00905	0.01058	0.00902	0.01248	0.01245	0.01836	0.01107	0.02823	0.54325	0.00625	0.01171	0.00528	0.00264	0.00501
29	0.01110	0.12062	0.67877	0.01410	0.02128	0.03443	0.01777	0.01650	0.01105	0.01589	0.00906	0.01064	0.00661	0.00490	0.00475	0.00158	0.00749	0.00371	0.00222	0.00753
30	0.01355	0.01132	0.01199	0.01064	0.01368	0.01301	0.00832	0.06714	0.71841	0.03907	0.02072	0.01902	0.01546	0.00701	0.00529	0.00175	0.00421	0.00581	0.00532	0.00829
31	0.01079	0.02451	0.64692	0.01618	0.02342	0.01230	0.15989	0.01653	0.01124	0.01653	0.00957	0.01157	0.00684	0.00484	0.00517	0.00167	0.00790	0.00428	0.00228	0.00757
32	0.01186	0.12536	0.29697	0.01773	0.02374	0.01378	0.40319	0.01647	0.01161	0.01603	0.00968	0.01222	0.00728	0.00459	0.00535	0.00163	0.00797	0.00489	0.00243	0.00721
33	0.00764	0.00540	0.00696	0.00653	0.00785	0.00494	0.00491	0.01001	0.01456	0.03716	0.71797	0.03916	0.09581	0.01072	0.00612	0.00165	0.00251	0.00943	0.00569	0.00497
34	0.85377	0.01007	0.00765	0.00685	0.01007	0.01168	0.00564	0.01531	0.00886	0.02336	0.00725	0.00846	0.00564	0.00483	0.00322	0.00161	0.00403	0.00282	0.00322	0.00564
35	0.01077	0.01025	0.01405	0.04284	0.36163	0.06008	0.01074	0.01380	0.05292	0.01609	0.05345	0.02811	0.22967	0.00823	0.00561	0.00168	0.00506	0.06482	0.00365	0.00655
36	0.02256	0.06168	0.01326	0.00939	0.01345	0.00895	0.00786	0.06439	0.01514	0.69751	0.01925	0.01684	0.01227	0.00631	0.00511	0.00158	0.00457	0.00505	0.00611	0.00872
37	0.01295	0.01119	0.01178	0.01060	0.01354	0.01295	0.00824	0.02767	0.77509	0.02178	0.02120	0.01943	0.01590	0.00707	0.00530	0.00177	0.00412	0.00589	0.00530	0.00824
38	0.02336	0.00886	0.01209	0.00927	0.01329	0.00765	0.00765	0.02538	0.01491	0.78810	0.02055	0.01773	0.01289	0.00645	0.00524	0.00161	0.00443	0.00524	0.00645	0.00886
39	0.01007	0.01262	0.24073	0.00960	0.01316	0.00806	0.00970	0.01476	0.09005	0.07986	0.39289	0.02732	0.05305	0.00834	0.00563	0.00166	0.00434	0.00713	0.00467	0.00637
40	0.01045	0.02694	0.79000	0.01484	0.02254	0.01209	0.01924	0.01649	0.01099	0.01649	0.00935	0.01099	0.00660	0.00495	0.00495	0.00165	0.00770	0.00385	0.00220	0.00770
41	0.00634	0.00453	0.00604	0.00725	0.00755	0.00423	0.00483	0.00725	0.00997	0.01329	0.02870	0.81358	0.03444	0.01632	0.00665	0.00211	0.00302	0.01480	0.00483	0.00423
42	0.02062	0.00962	0.01306	0.01033	0.01348	0.00977	0.00855	0.04845	0.01372	0.59166	0.01726	0.01615	0.01142	0.00702	0.00784	0.00176	0.18058	0.00507	0.00549	0.00817
43	0.01151	0.01097	0.01865	0.38088	0.44637	0.01201	0.01530	0.01477	0.01121	0.01534	0.00955	0.01334	0.00766	0.00490	0.00518	0.00163	0.00653	0.00463	0.00246	0.00714
44	0.01229	0.01405	0.03073	0.02195	0.02722	0.01317	0.76558	0.01668	0.01229	0.01668	0.01054	0.01405	0.00790	0.00439	0.00615	0.00176	0.00878	0.00615	0.00263	0.00702
45	0.00983	0.00926	0.01562	0.80447	0.03587	0.01157	0.01446	0.01331	0.01041	0.01331	0.00926	0.01388	0.00694	0.00521	0.00521	0.00174	0.00694	0.00463	0.00231	0.00579
46	0.01067	0.07828	0.74063	0.01446	0.02195	0.01265	0.01857	0.01643	0.01097	0.01622	0.00921	0.01082	0.00660	0.00492	0.00484	0.00161	0.00756	0.00378	0.00220	0.00763
47	0.01229	0.01405	0.03073	0.02195	0.02722	0.01317	0.76558	0.01668	0.01229	0.01668	0.01054	0.01405	0.00790	0.00439	0.00615	0.00176	0.00878	0.00615	0.00263	0.00702
48	0.00634	0.00453	0.00604	0.00725	0.00755	0.00423	0.00483	0.00725	0.00997	0.01329	0.02870	0.81358	0.03444	0.01632	0.00665	0.00211	0.00302	0.01480	0.00483	0.00423
49	0.01045	0.02694	0.79000	0.01484	0.02254	0.01209	0.01924	0.01649	0.01099	0.01649	0.00935	0.01099	0.00660	0.00495	0.00495	0.00165	0.00770	0.00385	0.00220	0.00770
50	0.01350	0.01391	0.01935	0.13806	0.55705	0.13647	0.01483	0.01637	0.01211	0.01581	0.00944	0.01248	0.00782	0.00484	0.00509	0.00154	0.00680	0.00443	0.00256	0.00755
51	0.01295	0.01119	0.01178	0.01060	0.01354	0.01295	0.00824	0.02767	0.77509	0.02178	0.02120	0.01943	0.01590	0.00707	0.00530	0.00177	0.00412	0.00589	0.00530	0.00824
52	0.01683	0.06636	0.01725	0.09589	0.18626	0.09014	0.01150	0.35399	0.03847	0.05600	0.01139	0.01257	0.00855	0.00562	0.00503	0.00153	0.00620	0.00448	0.00396	0.00798
53	0.01254	0.09377	0.01927	0.16512	0.31508	0.07016	0.03017	0.01500	0.01076	0.01448	0.00863	0.01203	0.00740	0.00583	0.00780	0.00170	0.19659	0.00437	0.00243	0.00685
54	0.01352	0.01587	0.02762	0.02028	0.02498	0.14972	0.61708	0.01731	0.01263	0.01590	0.01002	0.01318	0.00767	0.00467	0.00614	0.00170	0.02667	0.00562	0.00263	0.00682
55	0.00634	0.00453	0.00604	0.00725	0.00755	0.00423	0.00483	0.00725	0.00997	0.01329	0.02870	0.81358	0.03444	0.01632	0.00665	0.00211	0.00302	0.01480	0.00483	0.00423
56	0.01375	0.78106	0.06485	0.00920	0.01382	0.02019	0.00942	0.01564	0.01060	0.01246	0.00734	0.00848	0.00668	0.00448	0.00342	0.00114	0.00567	0.00284	0.00223	0.00673
57	0.01146	0.19931	0.54442	0.01311	0.01962	0.01405	0.01587	0.01742	0.08778	0.01609	0.01008	0.01126	0.00755	0.00505	0.00463	0.00154	0.00687	0.00382	0.00252	0.00753
58	0.00615	0.00528	0.00528	0.00528	0.00703	0.00440	0.00396	0.00747	0.01187	0.01407	0.05276	0.05012	0.78238	0.01319	0.00615	0.00176	0.00264	0.01099	0.00484	0.00440
59	0.01932	0.02392	0.01517	0.01351	0.01635	0.72826	0.02687	0.06892	0.01533	0.01413	0.00839	0.00970	0.00687	0.00540	0.00476	0.00137	0.00914	0.00350	0.00285	0.00624
60	0.01951	0.01532	0.01489	0.01200	0.01571	0.19612	0.04197	0.31861	0.09505	0.19653	0.01406	0.01372	0.00993	0.00609	0.00515	0.00155	0.00626	0.00468	0.00480	0.00806
61	0.01567	0.01253	0.01330	0.01115	0.01458	0.01422	0.00890	0.32074	0.47761	0.02616	0.01775	0.01668	0.01311	0.00674	0.00526	0.00169	0.00476	0.00541	0.00526	0.00849
62	0.00634	0.00453	0.00604	0.00725	0.00755	0.00423	0.00483	0.00725	0.00997	0.01329	0.02870	0.81358	0.03444	0.01632	0.00665	0.00211	0.00302	0.01480	0.00483	0.00423
63	0.01014	0.00957	0.01617	0.72674	0.11119	0.01165	0.01462	0.01357	0.01056	0.01368	0.00931	0.01378	0.00707	0.00515	0.00520	0.00172	0.00687	0.00463	0.00234	0.00603
64	0.00756	0.00511	0.00600	0.00600	0.00611	0.00522	0.00355	0.00778	0.00767	0.01033	0.01612	0.03247	0.01823	0.72505	0.11749	0.00544	0.00610	0.00734	0.00311	0.00333
65	0.01980	0.01459	0.01563	0.01198	0.01615	0.01615	0.00990	0.76713	0.02448	0.03282	0.01250	0.01250	0.00886	0.00625	0.00521	0.00156	0.00573	0.00469	0.00521	0.00886
66	0.01229	0.01405	0.03073	0.02195	0.02722	0.01317	0.76558	0.01668	0.01229	0.01668	0.01054	0.01405	0.00790	0.00439	0.00615	0.00176	0.00878	0.00615	0.00263	0.00702
67	0.01080	0.01024	0.01736	0.56034	0.27245	0.01182	0.01494	0.01415	0.01087	0.01448	0.00943	0.01357	0.00736	0.00503	0.00519	0.00168	0.00670	0.00463	0.00240	0.00656
68	0.01139	0.01139	0.01595	0.01367	0.01367	0.01595	0.01139	0.01253	0.00798	0.01253	0.00684	0.01139	0.00684	0.00911	0.01709	0.00228	0.80745	0.00456	0.00228	0.00570
69	0.00634	0.00453	0.00604	0.00725	0.00755	0.00423	0.00483	0.00725	0.00997	0.01329	0.02870	0.81358	0.03444	0.01632	0.00665	0.00211	0.00302	0.01480	0.00483	0.00423
70	0.01835	0.02251	0.01425	0.01294	0.01567	0.66332	0.00975	0.02196	0.14365	0.01428	0.01028	0.01109	0.00827	0.00565	0.00480	0.00141	0.00850	0.00378	0.00313	0.00641
71	0.56333	0.01164	0.01043	0.00864	0.01219	0.01324	0.00712	0.27714	0.01430	0.02666	0.00908	0.00987	0.00676	0.00533	0.00391	0.00159	0.00462	0.00347	0.00391	0.00676
72	0.00630	0.00469	0.00587	0.00682	0.00744	0.00427	0.00464	0.00730	0.01039	0.01346	0.03397	0.64654	0.19809	0.01563	0.00654	0.00204	0.00294	0.01397	0.00483	0.00427
73	0.01289	0.01237	0.02114	0.03196	0.78450	0.01237	0.01598	0.01598	0.01186	0.01701	0.00980	0.01289	0.00825	0.00464	0.00516	0.00155	0.00619	0.00464	0.00258	0.00825
74	0.01980	0.01459	0.01563	0.01198	0.01615	0.01615	0.00990	0.76713	0.02448	0.03282	0.01250	0.01250	0.00886	0.00625	0.00521	0.00156	0.00573	0.00469	0.00521	0.00886
75	0.00742	0.00539	0.00703	0.00680	0.00805	0.00500	0.00522	0.00982	0.01434	0.02006	0.67432	0.04138	0.07894	0.01113	0.00625	0.00172	0.00270	0.08394	0.00560	0.00488
76	0.00757	0.00505	0.00568	0.00568	0.00568	0.00505	0.00316	0.00757	0.00757	0.01010	0.01641	0.03408	0.01893	0.81698	0.02651	0.00505	0.00505	0.00757	0.00316	0.00316
77	0.85377	0.01007	0.00765	0.00685	0.01007	0.01168	0.00564	0.01531	0.00886	0.02336	0.00725	0.00846	0.00564	0.00483	0.00322	0.00161	0.00403	0.00282	0.00322	0.00564
78	0.75521	0.01060	0.00860	0.00746	0.01079	0.01221	0.00614	0.10416	0.01071	0.02448	0.00787	0.00894	0.00602	0.00500	0.00346	0.00161	0.00423	0.00304	0.00346	0.00602
79	0.00632	0.00462	0.00595	0.00702	0.00749	0.00425	0.00473	0.00728	0.01019	0.01339	0.03155	0.72336	0.12284	0.01595	0.00659	0.00207	0.00298	0.01435	0.00483	0.00425
80	0.01273	0.01221	0.02084	0.07325	0.74449	0.01233	0.01590	0.01584	0.01178	0.01682	0.00977	0.01294	0.00818	0.00467	0.00516	0.00156	0.00623	0.00464	0.00256	0.00812
81	0.01945	0.02482	0.01476	0.01342	0.01610	0.79608	0.01006	0.02079	0.01476	0.01275	0.00805	0.00939	0.00671	0.00537	0.00470	0.00134	0.00939	0.00335	0.00268	0.00604
82	0.00770	0.00596	0.00886	0.00871	0.00958	0.00712	0.00683	0.00951	0.00834	0.01212	0.01349	0.01987	0.01262	0.03712	0.74590	0.00798	0.06532	0.00551	0.00276	0.00472
83	0.00640	0.00459	0.00599	0.00708	0.00743	0.00428	0.00471	0.00728	0.00992	0.01316	0.02909	0.73888	0.06598	0.05897	0.00769	0.00226	0.00311	0.01425	0.00474	0.00418
84	0.01906	0.01338	0.01456	0.01130	0.01515	0.01462	0.00922	0.63152	0.04880	0.09270	0.01372	0.01457	0.01008	0.05878	0.00659	0.00180	0.00552	0.00496	0.00518	0.00847
85	0.82431	0.01004	0.00793	0.03469	0.01097	0.01168	0.00595	0.01524	0.00892	0.02301	0.00732	0.00865	0.00569	0.00485	0.00329	0.00162	0.00413	0.00288	0.00319	0.00564
86	0.01573	0.01770	0.01671	0.18914	0.09845	0.37780	0.07056	0.07188	0.06323	0.01562	0.00985	0.01196	0.00776	0.00535	0.00504	0.00152	0.00788	0.00424	0.00294	0.00662
87	0.01076	0.00932	0.01447	0.49002	0.08691	0.01087	0.01279	0.08881	0.01229	0.01606	0.01364	0.02350	0.01229	0.00728	0.00564	0.00185	0.00629	0.16797	0.00317	0.00607
88	0.01189	0.50442	0.15458	0.00942	0.01373	0.01569	0.00982	0.01448	0.01157	0.01488	0.17745	0.01551	0.01598	0.00590	0.00423	0.00132	0.00525	0.00442	0.00299	0.00647
89	0.02879	0.00980	0.01635	0.01270	0.01606	0.00945	0.24716	0.01755	0.10266	0.19554	0.09600	0.07006	0.04990	0.03671	0.03705	0.00209	0.01815	0.00687	0.00442	0.02269
90	0.16721	0.04332	0.06159	0.01005	0.01440	0.06084	0.07776	0.02939	0.05240	0.06208	0.01020	0.01139	0.00793	0.00464	0.00423	0.00124	0.00509	0.00367	0.00330	0.36927
91	0.18257	0.01056	0.01137	0.00920	0.01265	0.05157	0.04412	0.10852	0.06441	0.05001	0.07556	0.07826	0.01370	0.00633	0.00462	0.00140	0.00452	0.00513	0.00397	0.26154
92	0.18429	0.01097	0.01244	0.03841	0.04386	0.01176	0.02719	0.12796	0.25552	0.14386	0.01494	0.01467	0.01087	0.00591	0.00475	0.00159	0.00465	0.00468	0.00459	0.07708

[dist]
# distance from previous block
# <min> <max>
8	35

[block]
# block no. 4 follows, 47 sequences, length 23
# corresponding to MSA columns:
# 389-410,413
name=unknown_E
#
# <colnr> <probs for GDERKNQSTAVLIFYWHMCP>
#	G	D	E	R	K	N	Q	S	T	A	V	L	I	F	Y	W	H	M	C	P
0	0.05273	0.04315	0.01421	0.01302	0.12331	0.03147	0.04243	0.29427	0.02903	0.04351	0.02197	0.02198	0.20545	0.00749	0.00527	0.00158	0.00503	0.00614	0.00432	0.03364
1	0.17553	0.05307	0.01402	0.01020	0.01423	0.01303	0.03197	0.34823	0.01688	0.10151	0.01133	0.01179	0.00828	0.00550	0.00475	0.00144	0.01916	0.00406	0.00431	0.15071
2	0.01265	0.11626	0.01497	0.03300	0.09983	0.01104	0.02278	0.15495	0.01354	0.01891	0.01361	0.03486	0.06958	0.00557	0.00452	0.00121	0.00475	0.00454	0.00347	0.35994
3	0.03109	0.01093	0.01509	0.01455	0.15435	0.01063	0.08027	0.06868	0.18771	0.11750	0.03446	0.01516	0.01150	0.00547	0.00495	0.00143	0.00497	0.00484	0.00410	0.22232
4	0.01223	0.00931	0.01308	0.01001	0.01374	0.00806	0.11060	0.07335	0.01280	0.10509	0.08488	0.11969	0.01574	0.00667	0.00501	0.00132	0.00451	0.00599	0.00404	0.38386
5	0.01105	0.00908	0.01313	0.01243	0.06729	0.00917	0.10696	0.04584	0.18558	0.04778	0.02014	0.18159	0.01947	0.01041	0.03010	0.00205	0.00514	0.14558	0.00437	0.07284
6	0.01742	0.01674	0.16710	0.01243	0.01720	0.01510	0.01160	0.56172	0.08100	0.02875	0.01257	0.01275	0.00897	0.00606	0.00517	0.00160	0.00599	0.00462	0.00463	0.00858
7	0.01305	0.01296	0.16395	0.00962	0.01462	0.00871	0.00919	0.07491	0.01261	0.12404	0.03636	0.01284	0.00965	0.00484	0.00444	0.00115	0.00479	0.00386	0.00363	0.47477
8	0.01558	0.25462	0.03777	0.01011	0.01393	0.01463	0.00879	0.09203	0.32626	0.14968	0.01577	0.01494	0.01171	0.00604	0.00468	0.00152	0.00485	0.00468	0.00448	0.00792
9	0.01268	0.19935	0.43467	0.01295	0.01896	0.04541	0.03823	0.11424	0.01289	0.01745	0.01098	0.01218	0.03740	0.00533	0.00470	0.00151	0.00687	0.00406	0.00274	0.00741
10	0.01092	0.04154	0.01436	0.39833	0.07731	0.01103	0.01137	0.11090	0.01223	0.01623	0.01338	0.16994	0.01270	0.00749	0.00566	0.00172	0.02714	0.00648	0.00324	0.04803
11	0.00745	0.00554	0.00816	0.00816	0.00901	0.00639	0.00625	0.00916	0.00831	0.01193	0.01414	0.02153	0.01349	0.10037	0.73567	0.00811	0.01325	0.00574	0.00282	0.00453
12	0.01390	0.31446	0.08499	0.01003	0.01420	0.17736	0.00918	0.06046	0.01246	0.01502	0.01189	0.01282	0.06815	0.00537	0.00420	0.00122	0.00599	0.00381	0.00287	0.17164
13	0.01764	0.04256	0.01861	0.01487	0.01830	0.47354	0.16848	0.13149	0.01541	0.01656	0.00919	0.01086	0.00728	0.00537	0.00536	0.00148	0.02915	0.00415	0.00303	0.00668
14	0.01078	0.01015	0.01360	0.01146	0.01237	0.01276	0.00929	0.01200	0.00848	0.01308	0.00856	0.01424	0.00859	0.11369	0.01573	0.00235	0.54506	0.00466	0.00255	0.17062
15	0.01227	0.01089	0.01534	0.01106	0.01575	0.00937	0.15550	0.11238	0.01288	0.01898	0.00993	0.01166	0.00790	0.00427	0.00448	0.00107	0.00507	0.00389	0.00327	0.57403
16	0.00986	0.16697	0.01443	0.00937	0.01208	0.01009	0.10542	0.01392	0.11839	0.01759	0.29746	0.02891	0.15792	0.00856	0.00548	0.00159	0.00416	0.00747	0.00443	0.00591
17	0.01554	0.01199	0.01402	0.01332	0.11438	0.01312	0.00934	0.41778	0.12350	0.02489	0.01398	0.01695	0.01138	0.11999	0.05399	0.00246	0.00595	0.00530	0.00445	0.00766
18	0.02798	0.01045	0.01899	0.58395	0.03271	0.01206	0.18942	0.01411	0.01075	0.01428	0.00945	0.01374	0.00714	0.00511	0.00571	0.00175	0.02897	0.00494	0.00241	0.00607
19	0.00818	0.00614	0.00723	0.00738	0.00866	0.00593	0.00539	0.10692	0.01273	0.01658	0.07792	0.43284	0.23146	0.01376	0.00632	0.00193	0.00330	0.03745	0.00494	0.00494
20	0.01261	0.00918	0.01430	0.54446	0.02837	0.01020	0.01204	0.01565	0.01134	0.16565	0.01147	0.01423	0.00821	0.00527	0.00504	0.00159	0.00605	0.00455	0.00322	0.11659
21	0.17945	0.33389	0.07071	0.00988	0.01394	0.07255	0.00910	0.12062	0.11241	0.01882	0.00999	0.01065	0.00798	0.00522	0.00404	0.00141	0.00552	0.00357	0.00326	0.00700
22	0.01392	0.51951	0.05752	0.00935	0.01395	0.01695	0.00898	0.11339	0.01246	0.01606	0.00842	0.00950	0.00717	0.00460	0.00376	0.00113	0.00535	0.00314	0.00278	0.17207

[dist]
# distance from previous block
# <min> <max>
7	110

[block]
# block no. 5 follows, 47 sequences, length 68
# corresponding to MSA columns:
# 524-591
name=unknown_F
#
# <colnr> <probs for GDERKNQSTAVLIFYWHMCP>
#	G	D	E	R	K	N	Q	S	T	A	V	L	I	F	Y	W	H	M	C	P
0	0.13641	0.00995	0.01176	0.12610	0.01596	0.04091	0.00829	0.06971	0.03772	0.34719	0.04185	0.01680	0.04394	0.00624	0.00490	0.00157	0.00484	0.00494	0.00478	0.06615
1	0.33819	0.01342	0.01140	0.02551	0.01342	0.17637	0.00773	0.11140	0.01346	0.18620	0.01107	0.01137	0.00795	0.00543	0.00428	0.00151	0.00551	0.00373	0.00402	0.04803
2	0.19222	0.01835	0.01242	0.01100	0.01392	0.46482	0.00845	0.04865	0.01371	0.05446	0.06329	0.01189	0.00992	0.00564	0.00449	0.00141	0.00710	0.00380	0.00332	0.05114
3	0.23313	0.01135	0.01121	0.00872	0.01276	0.09577	0.03459	0.01527	0.01099	0.05586	0.00920	0.01049	0.00732	0.00443	0.00394	0.00113	0.00472	0.00326	0.00322	0.46265
4	0.00757	0.00505	0.00568	0.00568	0.00568	0.00505	0.00316	0.00757	0.00757	0.01010	0.01641	0.03408	0.01893	0.81698	0.02651	0.00505	0.00505	0.00757	0.00316	0.00316
5	0.01509	0.01833	0.14689	0.01688	0.02179	0.16460	0.32660	0.18898	0.01534	0.01958	0.01031	0.01230	0.00768	0.00509	0.00546	0.00161	0.00803	0.00490	0.00316	0.00736
6	0.01589	0.01048	0.01557	0.04817	0.12605	0.01144	0.05910	0.01917	0.07898	0.29253	0.04118	0.01583	0.01157	0.00692	0.00849	0.00181	0.21991	0.00521	0.00423	0.00748
7	0.01217	0.01381	0.02999	0.06020	0.02764	0.01309	0.72887	0.01652	0.01220	0.01652	0.01047	0.01404	0.00785	0.00443	0.00610	0.00175	0.00869	0.00607	0.00262	0.00696
8	0.00636	0.00471	0.00587	0.00677	0.00737	0.00430	0.00458	0.00731	0.01026	0.01332	0.03318	0.62198	0.18921	0.04952	0.00738	0.00216	0.00303	0.01371	0.00476	0.00422
9	0.01258	0.51337	0.32225	0.01120	0.01691	0.01731	0.01291	0.01594	0.01074	0.01389	0.00805	0.00938	0.00665	0.00465	0.00396	0.00132	0.00639	0.00320	0.00222	0.00707
10	0.01703	0.01226	0.01902	0.09705	0.05131	0.01248	0.21967	0.24008	0.04450	0.21177	0.01382	0.01464	0.00962	0.00564	0.00548	0.00165	0.00634	0.00526	0.00440	0.00798
11	0.01945	0.02482	0.01476	0.01342	0.01610	0.79608	0.01006	0.02079	0.01476	0.01275	0.00805	0.00939	0.00671	0.00537	0.00470	0.00134	0.00939	0.00335	0.00268	0.00604
12	0.00634	0.00453	0.00604	0.00725	0.00755	0.00423	0.00483	0.00725	0.00997	0.01329	0.02870	0.81358	0.03444	0.01632	0.00665	0.00211	0.00302	0.01480	0.00483	0.00423
13	0.01320	0.50651	0.27265	0.01115	0.01653	0.07392	0.01233	0.01626	0.01102	0.01366	0.00798	0.00928	0.00666	0.00468	0.00396	0.00130	0.00653	0.00317	0.00225	0.00696
14	0.01160	0.18460	0.59997	0.01352	0.02040	0.01399	0.01672	0.05300	0.01157	0.01644	0.00908	0.01054	0.00672	0.00491	0.00464	0.00154	0.00718	0.00368	0.00235	0.00755
15	0.00839	0.00599	0.00839	0.00959	0.01079	0.00599	0.00839	0.01079	0.01199	0.01558	0.02757	0.05874	0.02997	0.01439	0.00719	0.00240	0.00480	0.74945	0.00480	0.00480
16	0.01053	0.00639	0.00809	0.18814	0.01361	0.00690	0.00656	0.03952	0.01163	0.04942	0.05258	0.01879	0.01346	0.00612	0.00424	0.00138	0.00366	0.00503	0.54858	0.00537
17	0.37121	0.32857	0.04419	0.00870	0.01270	0.01586	0.00803	0.12710	0.01193	0.02017	0.00810	0.00911	0.00656	0.00490	0.00363	0.00141	0.00501	0.00312	0.00309	0.00660
18	0.01952	0.02285	0.01493	0.01314	0.01611	0.64573	0.01003	0.16467	0.01663	0.01662	0.00891	0.00999	0.00712	0.00554	0.00479	0.00138	0.00869	0.00361	0.00317	0.00658
19	0.00634	0.00453	0.00604	0.00725	0.00755	0.00423	0.00483	0.00725	0.00997	0.01329	0.02870	0.81358	0.03444	0.01632	0.00665	0.00211	0.00302	0.01480	0.00483	0.00423
20	0.01951	0.01444	0.01547	0.01192	0.01604	0.01601	0.00983	0.73587	0.05622	0.03235	0.01287	0.01280	0.00915	0.00629	0.00521	0.00157	0.00566	0.00474	0.00521	0.00883
21	0.00962	0.03966	0.01478	0.65557	0.03084	0.01093	0.01283	0.01288	0.01106	0.01439	0.12389	0.01739	0.01320	0.00599	0.00527	0.00170	0.00622	0.00527	0.00282	0.00569
22	0.00634	0.00453	0.00604	0.00725	0.00755	0.00423	0.00483	0.00725	0.00997	0.01329	0.02870	0.81358	0.03444	0.01632	0.00665	0.00211	0.00302	0.01480	0.00483	0.00423
23	0.01289	0.01237	0.02114	0.03196	0.78450	0.01237	0.01598	0.01598	0.01186	0.01701	0.00980	0.01289	0.00825	0.00464	0.00516	0.00155	0.00619	0.00464	0.00258	0.00825
24	0.26182	0.01157	0.00911	0.00871	0.01053	0.19761	0.00661	0.01372	0.01050	0.01585	0.01358	0.05315	0.01387	0.19545	0.01006	0.00249	0.02573	0.11546	0.01922	0.00497
25	0.00634	0.00453	0.00604	0.00725	0.00755	0.00423	0.00483	0.00725	0.00997	0.01329	0.02870	0.81358	0.03444	0.01632	0.00665	0.00211	0.00302	0.01480	0.00483	0.00423
26	0.02336	0.00886	0.01209	0.00927	0.01329	0.00765	0.00765	0.02538	0.01491	0.78810	0.02055	0.01773	0.01289	0.00645	0.00524	0.00161	0.00443	0.00524	0.00645	0.00886
27	0.01043	0.00855	0.00931	0.00879	0.01090	0.00924	0.00664	0.07827	0.36299	0.01893	0.02858	0.23667	0.16803	0.01065	0.00582	0.00184	0.00367	0.00915	0.00508	0.00648
28	0.01379	0.79082	0.05546	0.00913	0.01370	0.02029	0.00929	0.01563	0.01060	0.01241	0.00732	0.00845	0.00668	0.00447	0.00340	0.00113	0.00565	0.00282	0.00223	0.00672
29	0.00645	0.00460	0.00616	0.00737	0.00771	0.00432	0.00501	0.00743	0.01007	0.01341	0.02865	0.77622	0.03422	0.01622	0.00667	0.00213	0.00311	0.05117	0.00483	0.00426
30	0.44359	0.01704	0.01117	0.01008	0.01298	0.38110	0.00784	0.01783	0.01162	0.01814	0.00762	0.00896	0.00617	0.00517	0.00420	0.00150	0.02310	0.00311	0.00295	0.00583
31	0.21350	0.01195	0.01672	0.05233	0.01792	0.01287	0.21833	0.13818	0.19307	0.02184	0.01320	0.01553	0.01024	0.00586	0.00510	0.00172	0.00581	0.03482	0.00388	0.00712
32	0.01045	0.02694	0.79000	0.01484	0.02254	0.01209	0.01924	0.01649	0.01099	0.01649	0.00935	0.01099	0.00660	0.00495	0.00495	0.00165	0.00770	0.00385	0.00220	0.00770
33	0.00615	0.00528	0.00528	0.00528	0.00703	0.00440	0.00396	0.00747	0.01187	0.01407	0.05276	0.05012	0.78238	0.01319	0.00615	0.00176	0.00264	0.01099	0.00484	0.00440
34	0.04733	0.30547	0.48840	0.01242	0.01878	0.01507	0.01503	0.01613	0.01076	0.01529	0.00852	0.00996	0.00659	0.00477	0.00431	0.00146	0.00679	0.00343	0.00225	0.00725
35	0.01841	0.04625	0.01544	0.01159	0.01552	0.01565	0.00957	0.63279	0.10190	0.03011	0.01325	0.01334	0.00965	0.00742	0.03312	0.00181	0.00585	0.00477	0.00501	0.00856
36	0.01229	0.01405	0.03073	0.02195	0.02722	0.01317	0.76558	0.01668	0.01229	0.01668	0.01054	0.01405	0.00790	0.00439	0.00615	0.00176	0.00878	0.00615	0.00263	0.00702
37	0.01945	0.02482	0.01476	0.01342	0.01610	0.79608	0.01006	0.02079	0.01476	0.01275	0.00805	0.00939	0.00671	0.00537	0.00470	0.00134	0.00939	0.00335	0.00268	0.00604
38	0.06221	0.32801	0.43440	0.01204	0.01815	0.01541	0.01427	0.03379	0.01103	0.01567	0.00849	0.00987	0.00663	0.00478	0.00424	0.00144	0.00662	0.00340	0.00234	0.00721
39	0.00656	0.00467	0.00620	0.00735	0.00770	0.00440	0.00502	0.00753	0.01000	0.01331	0.02801	0.71800	0.03334	0.05580	0.00767	0.00228	0.00326	0.06993	0.00475	0.00422
40	0.00626	0.00487	0.00569	0.00634	0.00731	0.00431	0.00443	0.00735	0.01084	0.01365	0.03976	0.46272	0.37817	0.01488	0.00642	0.00195	0.00285	0.01305	0.00483	0.00431
41	0.01392	0.82012	0.02729	0.00891	0.01337	0.02061	0.00891	0.01559	0.01058	0.01225	0.00724	0.00835	0.00668	0.00446	0.00334	0.00111	0.00557	0.00278	0.00223	0.00668
42	0.01727	0.29245	0.04692	0.01195	0.01541	0.50693	0.01001	0.01889	0.01322	0.01271	0.00782	0.00910	0.00670	0.00504	0.00425	0.00128	0.00804	0.00318	0.00251	0.00631
43	0.00745	0.00569	0.00708	0.00777	0.00921	0.00532	0.00652	0.00939	0.01194	0.01495	0.03818	0.05511	0.34700	0.01388	0.00676	0.00213	0.00389	0.43830	0.00481	0.00463
44	0.04881	0.01991	0.01436	0.01245	0.01558	0.46620	0.00963	0.21686	0.11166	0.01951	0.01082	0.01142	0.00837	0.00579	0.00485	0.00146	0.00758	0.00400	0.00369	0.00704
45	0.01056	0.22314	0.01416	0.00910	0.01125	0.07652	0.00757	0.01327	0.06575	0.01290	0.01221	0.01626	0.01103	0.02475	0.46247	0.00538	0.01063	0.00468	0.00282	0.00557
46	0.01219	0.01166	0.01988	0.20854	0.61337	0.01219	0.01563	0.01537	0.01153	0.01617	0.00967	0.01312	0.00795	0.00477	0.00517	0.00159	0.00636	0.00464	0.00252	0.00769
47	0.00671	0.00530	0.00605	0.00586	0.00737	0.00463	0.00439	0.00855	0.01318	0.01718	0.38569	0.04499	0.44751	0.01203	0.00615	0.00170	0.00256	0.01027	0.00525	0.00463
48	0.01045	0.02694	0.79000	0.01484	0.02254	0.01209	0.01924	0.01649	0.01099	0.01649	0.00935	0.01099	0.00660	0.00495	0.00495	0.00165	0.00770	0.00385	0.00220	0.00770
49	0.01508	0.65850	0.02487	0.00964	0.01392	0.07913	0.00912	0.11024	0.01264	0.01487	0.00796	0.00895	0.00696	0.00475	0.00368	0.00119	0.00588	0.00307	0.00264	0.00691
50	0.00777	0.00580	0.00727	0.00682	0.00822	0.00555	0.00514	0.01118	0.07703	0.02062	0.68321	0.03786	0.08270	0.01048	0.00607	0.00165	0.00260	0.00921	0.00565	0.00516
51	0.01392	0.82012	0.02729	0.00891	0.01337	0.02061	0.00891	0.01559	0.01058	0.01225	0.00724	0.00835	0.00668	0.00446	0.00334	0.00111	0.00557	0.00278	0.00223	0.00668
52	0.00929	0.00591	0.00756	0.00760	0.00899	0.00553	0.00576	0.04249	0.01272	0.10200	0.20195	0.31982	0.12275	0.01286	0.00633	0.00192	0.00336	0.11273	0.00523	0.00519
53	0.01333	0.01320	0.02071	0.03073	0.73334	0.06455	0.01559	0.01630	0.01205	0.01673	0.00968	0.01266	0.00815	0.00469	0.00512	0.00153	0.00640	0.00455	0.00258	0.00810
54	0.00696	0.00542	0.00647	0.00705	0.00842	0.00493	0.00563	0.00860	0.01165	0.01449	0.04065	0.15820	0.41678	0.01404	0.00658	0.00203	0.00344	0.26932	0.00482	0.00451
55	0.33843	0.01399	0.01135	0.00999	0.01257	0.20765	0.00793	0.08522	0.05457	0.01956	0.04470	0.01316	0.04169	0.00639	0.00597	0.00164	0.11150	0.00416	0.00344	0.00610
56	0.01257	0.01205	0.02056	0.11330	0.70567	0.01229	0.01582	0.01570	0.01171	0.01662	0.00974	0.01299	0.00811	0.00470	0.00516	0.00157	0.00627	0.00464	0.00255	0.00799
57	0.01229	0.01405	0.03073	0.02195	0.02722	0.01317	0.76558	0.01668	0.01229	0.01668	0.01054	0.01405	0.00790	0.00439	0.00615	0.00176	0.00878	0.00615	0.00263	0.00702
58	0.01945	0.02482	0.01476	0.01342	0.01610	0.79608	0.01006	0.02079	0.01476	0.01275	0.00805	0.00939	0.00671	0.00537	0.00470	0.00134	0.00939	0.00335	0.00268	0.00604
59	0.01242	0.01190	0.02030	0.14987	0.67023	0.01225	0.01575	0.01557	0.01164	0.01645	0.00971	0.01304	0.00805	0.00473	0.00516	0.00158	0.00630	0.00464	0.00254	0.00787
60	0.01319	0.57936	0.23170	0.01061	0.01593	0.01817	0.01172	0.04174	0.01117	0.01410	0.00799	0.00921	0.00673	0.00465	0.00384	0.00127	0.00615	0.00314	0.00232	0.00703
61	0.00789	0.00583	0.00769	0.00861	0.00994	0.00563	0.00739	0.01004	0.01196	0.01524	0.03327	0.05679	0.20009	0.01412	0.00696	0.00225	0.00431	0.58248	0.00480	0.00471
62	0.01739	0.01864	0.01390	0.01245	0.03092	0.44187	0.00934	0.21190	0.01611	0.01783	0.01080	0.04028	0.00941	0.06391	0.04535	0.00205	0.02341	0.00455	0.00344	0.00648
63	0.01207	0.01154	0.01965	0.23955	0.58332	0.01216	0.01557	0.01526	0.01147	0.01602	0.00965	0.01316	0.00790	0.00479	0.00517	0.00160	0.00639	0.00464	0.00251	0.00759
64	0.00637	0.00464	0.00601	0.00709	0.00757	0.00428	0.00482	0.00735	0.01021	0.01342	0.03117	0.71874	0.11195	0.01595	0.00661	0.00208	0.00302	0.02962	0.00483	0.00426
65	0.00650	0.00464	0.00622	0.00743	0.00780	0.00437	0.00511	0.00752	0.01013	0.01347	0.02862	0.75546	0.03410	0.01617	0.00669	0.00214	0.00316	0.07138	0.00483	0.00427
66	0.35292	0.01070	0.01422	0.19792	0.28332	0.01192	0.01128	0.01534	0.02641	0.01884	0.00888	0.01146	0.00705	0.00490	0.00439	0.00162	0.00544	0.00393	0.00284	0.00663
67	0.01305	0.01269	0.02098	0.03150	0.76524	0.03201	0.01583	0.01610	0.01193	0.01691	0.00975	0.01280	0.00821	0.00466	0.00514	0.00154	0.00627	0.00461	0.00258	0.00819

[dist]
# distance from previous block
# <min> <max>
0	32

# created by:
# /st0/software/busco_prod/Augustus/scripts/msa2prfl.pl ./align_prep/63807.fa
