[name]
unknown

[dist]
# distance from previous block
# <min> <max>
0	15

[block]
# block no. 0 follows, 47 sequences, length 35
# corresponding to MSA columns:
# 15-49
name=unknown_A
#
# <colnr> <probs for GDERKNQSTAVLIFYWHMCP>
#	G	D	E	R	K	N	Q	S	T	A	V	L	I	F	Y	W	H	M	C	P
0	0.02041	0.00991	0.01533	0.01165	0.01574	0.00896	0.14078	0.06093	0.01477	0.57140	0.01877	0.01909	0.01276	0.00651	0.00550	0.00168	0.00528	0.04659	0.00562	0.00831
1	0.01306	0.01290	0.01678	0.21479	0.31550	0.11966	0.01273	0.05709	0.01242	0.01638	0.00948	0.01226	0.00765	0.00483	0.00488	0.00143	0.00638	0.00419	0.00276	0.15484
2	0.00962	0.00868	0.00812	0.00788	0.00865	0.14428	0.00542	0.01044	0.00908	0.01119	0.01417	0.02546	0.01493	0.42992	0.26481	0.00544	0.00861	0.00621	0.00296	0.00413
3	0.00919	0.00659	0.00781	0.00754	0.00867	0.00665	0.00534	0.14117	0.01300	0.01758	0.17926	0.31936	0.04659	0.19422	0.01077	0.00257	0.00383	0.01020	0.00471	0.00494
4	0.70507	0.00923	0.00724	0.00657	0.00954	0.01040	0.00534	0.01393	0.00939	0.02173	0.01523	0.01577	0.14191	0.00630	0.00374	0.00164	0.00378	0.00425	0.00351	0.00542
5	0.00792	0.00514	0.00641	0.00692	0.00796	0.00460	0.00487	0.00904	0.01095	0.08736	0.03435	0.53363	0.23233	0.01454	0.00638	0.00197	0.00305	0.01287	0.00499	0.00472
6	0.16266	0.45278	0.02023	0.00975	0.01350	0.21892	0.00862	0.01718	0.03029	0.01457	0.00780	0.00891	0.00673	0.00482	0.00372	0.00128	0.00625	0.00301	0.00260	0.00637
7	0.01158	0.01104	0.01878	0.36176	0.46489	0.01203	0.01533	0.01484	0.01124	0.01543	0.00957	0.01331	0.00769	0.00488	0.00518	0.00163	0.00651	0.00463	0.00247	0.00720
8	0.00654	0.00472	0.00619	0.00703	0.00758	0.00437	0.00481	0.00777	0.01099	0.01483	0.17932	0.62890	0.06747	0.01506	0.00653	0.00201	0.00289	0.01358	0.00501	0.00437
9	0.39393	0.01002	0.01049	0.14797	0.01561	0.01149	0.00800	0.10275	0.10840	0.04757	0.01247	0.08833	0.01053	0.00650	0.00446	0.00170	0.00467	0.00497	0.00382	0.00634
10	0.01350	0.01400	0.01904	0.16588	0.51676	0.14972	0.01467	0.01635	0.01211	0.01561	0.00939	0.01245	0.00775	0.00487	0.00508	0.00154	0.00688	0.00441	0.00255	0.00742
11	0.00931	0.00538	0.00701	0.00736	0.00850	0.00485	0.00522	0.01046	0.01107	0.14932	0.03029	0.57827	0.12440	0.01419	0.00634	0.00198	0.00322	0.01265	0.00512	0.00506
12	0.00745	0.00513	0.00633	0.00648	0.00673	0.00529	0.00414	0.00798	0.00809	0.01096	0.01743	0.10643	0.01957	0.56198	0.17675	0.00535	0.00661	0.03038	0.00329	0.00360
13	0.10470	0.01294	0.01945	0.05949	0.04301	0.11235	0.33157	0.04577	0.03740	0.01695	0.01338	0.15317	0.01242	0.00687	0.00558	0.00173	0.00687	0.00674	0.00326	0.00634
14	0.00832	0.00571	0.00700	0.00677	0.00830	0.00543	0.00520	0.00951	0.01077	0.07682	0.03530	0.03701	0.42777	0.01897	0.18805	0.08400	0.02064	0.03556	0.00421	0.00466
15	0.00678	0.00534	0.00637	0.00624	0.00768	0.00494	0.00472	0.00856	0.01220	0.01595	0.28449	0.04124	0.40748	0.01690	0.14478	0.00288	0.00456	0.00953	0.00477	0.00461
16	0.01122	0.01103	0.01994	0.47125	0.16469	0.01220	0.18127	0.03740	0.01151	0.01530	0.00973	0.01370	0.00744	0.00496	0.00541	0.00170	0.00718	0.00497	0.00252	0.00659
17	0.01214	0.17983	0.24792	0.01823	0.09527	0.01428	0.32677	0.01634	0.01153	0.01577	0.00946	0.01191	0.00731	0.00459	0.00514	0.00158	0.00757	0.00466	0.00242	0.00727
18	0.02012	0.01761	0.01412	0.01180	0.01518	0.36388	0.00928	0.24458	0.01758	0.19070	0.01242	0.01248	0.00892	0.00589	0.00494	0.00146	0.00698	0.00422	0.03035	0.00747
19	0.85377	0.01007	0.00765	0.00685	0.01007	0.01168	0.00564	0.01531	0.00886	0.02336	0.00725	0.00846	0.00564	0.00483	0.00322	0.00161	0.00403	0.00282	0.00322	0.00564
20	0.85377	0.01007	0.00765	0.00685	0.01007	0.01168	0.00564	0.01531	0.00886	0.02336	0.00725	0.00846	0.00564	0.00483	0.00322	0.00161	0.00403	0.00282	0.00322	0.00564
21	0.00638	0.00506	0.00567	0.00596	0.00719	0.00443	0.00426	0.00764	0.01143	0.01433	0.11403	0.25987	0.47262	0.04819	0.00716	0.00199	0.00283	0.01175	0.00485	0.00435
22	0.01053	0.00945	0.01528	0.25839	0.34730	0.01015	0.01205	0.01290	0.01026	0.01402	0.01142	0.01893	0.01075	0.22476	0.01095	0.00255	0.00611	0.00543	0.00265	0.00612
23	0.01786	0.01382	0.01895	0.01761	0.16810	0.15807	0.19625	0.02054	0.01364	0.30175	0.01363	0.01431	0.00959	0.00538	0.00534	0.00158	0.00678	0.00499	0.00404	0.00776
24	0.01759	0.01142	0.01361	0.01110	0.01417	0.01273	0.00905	0.21811	0.21597	0.25273	0.01620	0.01569	0.01156	0.00703	0.00733	0.00176	0.14557	0.00515	0.00509	0.00814
25	0.00681	0.00499	0.00695	0.00761	0.00821	0.00518	0.00545	0.00810	0.00933	0.01276	0.02323	0.45064	0.04954	0.04220	0.32766	0.00470	0.00749	0.01078	0.00397	0.00438
26	0.00844	0.00689	0.01008	0.01123	0.08342	0.00784	0.00781	0.00986	0.00944	0.01324	0.01830	0.28630	0.02005	0.01979	0.21589	0.03783	0.14754	0.07759	0.00353	0.00495
27	0.01235	0.01183	0.02017	0.16749	0.65316	0.01223	0.01572	0.01551	0.01160	0.01636	0.00970	0.01306	0.00802	0.00474	0.00516	0.00158	0.00632	0.00464	0.00253	0.00782
28	0.08756	0.00538	0.00665	0.00738	0.00823	0.00528	0.00536	0.00890	0.01095	0.01587	0.15863	0.50842	0.03373	0.01399	0.00630	0.00202	0.00324	0.10275	0.00483	0.00455
29	0.00745	0.00553	0.00811	0.00811	0.00895	0.00637	0.00619	0.00913	0.00829	0.01190	0.01418	0.02176	0.01358	0.11321	0.72296	0.00805	0.01310	0.00577	0.00282	0.00451
30	0.01037	0.00980	0.01659	0.66894	0.16720	0.01171	0.01473	0.01378	0.01067	0.01396	0.00935	0.01371	0.00717	0.00511	0.00520	0.00170	0.00681	0.00463	0.00236	0.00622
31	0.01171	0.01174	0.00988	0.00991	0.01135	0.25162	0.00770	0.01353	0.02923	0.01349	0.01821	0.03506	0.01910	0.18047	0.05753	0.00297	0.00681	0.30110	0.00369	0.00491
32	0.01489	0.68059	0.02509	0.00970	0.01385	0.15665	0.00911	0.01651	0.01131	0.01234	0.00738	0.00854	0.00669	0.00462	0.00358	0.00115	0.00624	0.00288	0.00231	0.00657
33	0.01208	0.40012	0.43116	0.01205	0.01822	0.01610	0.01438	0.01607	0.01080	0.01450	0.00835	0.00975	0.00664	0.00472	0.00419	0.00140	0.00670	0.00335	0.00221	0.00722
34	0.04098	0.00513	0.00668	0.00765	0.00835	0.00496	0.00561	0.00855	0.01080	0.01490	0.09939	0.55133	0.03376	0.01491	0.00657	0.00211	0.00337	0.16563	0.00485	0.00447

[dist]
# distance from previous block
# <min> <max>
0	1

[block]
# block no. 1 follows, 47 sequences, length 104
# corresponding to MSA columns:
# 51-154
name=unknown_B
#
# <colnr> <probs for GDERKNQSTAVLIFYWHMCP>
#	G	D	E	R	K	N	Q	S	T	A	V	L	I	F	Y	W	H	M	C	P
0	0.01289	0.01237	0.02114	0.03196	0.78450	0.01237	0.01598	0.01598	0.01186	0.01701	0.00980	0.01289	0.00825	0.00464	0.00516	0.00155	0.00619	0.00464	0.00258	0.00825
1	0.01265	0.00873	0.04793	0.00812	0.01082	0.00774	0.00665	0.09678	0.09189	0.19365	0.04479	0.07809	0.27565	0.08351	0.00758	0.00202	0.00403	0.00800	0.00502	0.00635
2	0.85377	0.01007	0.00765	0.00685	0.01007	0.01168	0.00564	0.01531	0.00886	0.02336	0.00725	0.00846	0.00564	0.00483	0.00322	0.00161	0.00403	0.00282	0.00322	0.00564
3	0.01191	0.01062	0.01361	0.27537	0.06705	0.01246	0.01077	0.02220	0.47565	0.01869	0.01655	0.01720	0.01247	0.00630	0.00526	0.00174	0.00518	0.00540	0.00415	0.00743
4	0.00670	0.00460	0.00599	0.00709	0.00750	0.00433	0.00482	0.00779	0.01011	0.01391	0.02760	0.72158	0.03240	0.01533	0.00639	0.00204	0.00301	0.03274	0.08176	0.00430
5	0.00726	0.00532	0.00681	0.00644	0.00771	0.00487	0.00483	0.00962	0.01449	0.02029	0.71787	0.03988	0.11339	0.01087	0.00614	0.00165	0.00247	0.00956	0.00565	0.00487
6	0.85377	0.01007	0.00765	0.00685	0.01007	0.01168	0.00564	0.01531	0.00886	0.02336	0.00725	0.00846	0.00564	0.00483	0.00322	0.00161	0.00403	0.00282	0.00322	0.00564
7	0.01031	0.01178	0.13716	0.01039	0.01391	0.00952	0.08288	0.03771	0.24417	0.03473	0.04871	0.02887	0.29068	0.00872	0.00565	0.00173	0.00463	0.00747	0.00440	0.00659
8	0.01392	0.82012	0.02729	0.00891	0.01337	0.02061	0.00891	0.01559	0.01058	0.01225	0.00724	0.00835	0.00668	0.00446	0.00334	0.00111	0.00557	0.00278	0.00223	0.00668
9	0.01289	0.01237	0.02114	0.03196	0.78450	0.01237	0.01598	0.01598	0.01186	0.01701	0.00980	0.01289	0.00825	0.00464	0.00516	0.00155	0.00619	0.00464	0.00258	0.00825
10	0.00744	0.00558	0.00837	0.00837	0.00930	0.00651	0.00651	0.00930	0.00837	0.01209	0.01395	0.02046	0.01302	0.03906	0.79635	0.00837	0.01395	0.00558	0.00279	0.00465
11	0.85377	0.01007	0.00765	0.00685	0.01007	0.01168	0.00564	0.01531	0.00886	0.02336	0.00725	0.00846	0.00564	0.00483	0.00322	0.00161	0.00403	0.00282	0.00322	0.00564
12	0.01945	0.02482	0.01476	0.01342	0.01610	0.79608	0.01006	0.02079	0.01476	0.01275	0.00805	0.00939	0.00671	0.00537	0.00470	0.00134	0.00939	0.00335	0.00268	0.00604
13	0.01242	0.01190	0.02030	0.14951	0.67058	0.01225	0.01575	0.01557	0.01164	0.01645	0.00971	0.01304	0.00805	0.00473	0.00516	0.00158	0.00630	0.00464	0.00254	0.00787
14	0.00744	0.00558	0.00837	0.00837	0.00930	0.00651	0.00651	0.00930	0.00837	0.01209	0.01395	0.02046	0.01302	0.03906	0.79635	0.00837	0.01395	0.00558	0.00279	0.00465
15	0.00751	0.00530	0.00697	0.00697	0.00742	0.00575	0.00477	0.00840	0.00796	0.01106	0.01522	0.02752	0.01609	0.44246	0.39713	0.00665	0.00933	0.00661	0.00298	0.00387
16	0.01045	0.02694	0.79000	0.01484	0.02254	0.01209	0.01924	0.01649	0.01099	0.01649	0.00935	0.01099	0.00660	0.00495	0.00495	0.00165	0.00770	0.00385	0.00220	0.00770
17	0.01759	0.29311	0.01898	0.01190	0.01518	0.53448	0.00967	0.01904	0.01335	0.01258	0.00778	0.00904	0.00670	0.00506	0.00424	0.00126	0.00810	0.00316	0.00253	0.00626
18	0.03045	0.00954	0.01172	0.00997	0.08295	0.00757	0.00711	0.01390	0.01101	0.04681	0.00969	0.01120	0.00792	0.00405	0.00401	0.00089	0.00410	0.00330	0.00317	0.72062
19	0.01144	0.00847	0.01042	0.00926	0.01114	0.00951	0.00724	0.24453	0.03425	0.01856	0.01397	0.01945	0.01245	0.11284	0.44551	0.00572	0.01016	0.00553	0.00365	0.00589
20	0.00908	0.00841	0.01578	0.01282	0.01516	0.00868	0.26241	0.01170	0.00965	0.01354	0.01292	0.01898	0.01159	0.06621	0.49133	0.00597	0.01176	0.00587	0.00276	0.00538
21	0.00757	0.00505	0.00568	0.00568	0.00568	0.00505	0.00316	0.00757	0.00757	0.01010	0.01641	0.03408	0.01893	0.81698	0.02651	0.00505	0.00505	0.00757	0.00316	0.00316
22	0.00744	0.00558	0.00837	0.00837	0.00930	0.00651	0.00651	0.00930	0.00837	0.01209	0.01395	0.02046	0.01302	0.03906	0.79635	0.00837	0.01395	0.00558	0.00279	0.00465
23	0.85377	0.01007	0.00765	0.00685	0.01007	0.01168	0.00564	0.01531	0.00886	0.02336	0.00725	0.00846	0.00564	0.00483	0.00322	0.00161	0.00403	0.00282	0.00322	0.00564
24	0.00983	0.00926	0.01562	0.80447	0.03587	0.01157	0.01446	0.01331	0.01041	0.01331	0.00926	0.01388	0.00694	0.00521	0.00521	0.00174	0.00694	0.00463	0.00231	0.00579
25	0.01895	0.09756	0.01590	0.01300	0.01585	0.72515	0.00996	0.02032	0.01438	0.01270	0.00798	0.00930	0.00671	0.00528	0.00457	0.00132	0.00904	0.00330	0.00264	0.00610
26	0.00983	0.00926	0.01562	0.80447	0.03587	0.01157	0.01446	0.01331	0.01041	0.01331	0.00926	0.01388	0.00694	0.00521	0.00521	0.00174	0.00694	0.00463	0.00231	0.00579
27	0.00905	0.00452	0.00678	0.00678	0.00678	0.00452	0.00452	0.00678	0.00678	0.00905	0.00905	0.01583	0.00905	0.01809	0.02035	0.84848	0.00452	0.00452	0.00226	0.00226
28	0.00709	0.00531	0.00657	0.00626	0.00761	0.00479	0.00469	0.00929	0.01408	0.01932	0.61412	0.04148	0.21774	0.01123	0.00615	0.00167	0.00250	0.00978	0.00553	0.00479
29	0.01045	0.02694	0.79000	0.01484	0.02254	0.01209	0.01924	0.01649	0.01099	0.01649	0.00935	0.01099	0.00660	0.00495	0.00495	0.00165	0.00770	0.00385	0.00220	0.00770
30	0.00749	0.00537	0.00729	0.00729	0.00785	0.00593	0.00517	0.00861	0.00805	0.01129	0.01493	0.02590	0.01538	0.34985	0.48878	0.00704	0.01039	0.00638	0.00294	0.00405
31	0.02193	0.00965	0.01240	0.00962	0.01354	0.00898	0.00791	0.12404	0.05457	0.62764	0.04033	0.01769	0.01350	0.00657	0.00526	0.00161	0.00453	0.00531	0.00620	0.00872
32	0.01220	0.14038	0.05669	0.00841	0.01314	0.00947	0.00744	0.01460	0.01108	0.07279	0.00977	0.01093	0.00787	0.00420	0.00394	0.00094	0.00439	0.00324	0.00315	0.60539
33	0.01161	0.01125	0.01551	0.01327	0.01353	0.01543	0.01103	0.05006	0.00897	0.01373	0.02567	0.01235	0.00811	0.00985	0.03807	0.00240	0.72611	0.00471	0.00252	0.00581
34	0.00822	0.00549	0.00760	0.02937	0.03016	0.00544	0.00544	0.00933	0.01102	0.03351	0.32574	0.10157	0.02933	0.11520	0.10288	0.15841	0.00482	0.00798	0.00419	0.00433
35	0.08014	0.02251	0.01434	0.01296	0.01543	0.66697	0.00986	0.01964	0.01370	0.01351	0.00788	0.00951	0.00664	0.00567	0.00572	0.00145	0.08199	0.00342	0.00269	0.00598
36	0.00754	0.00543	0.00738	0.00853	0.00935	0.00532	0.00674	0.00950	0.02692	0.01465	0.02796	0.40712	0.03175	0.01513	0.00690	0.00225	0.00396	0.39414	0.00482	0.00461
37	0.01233	0.45693	0.37652	0.01163	0.01757	0.01671	0.01364	0.01601	0.01077	0.01419	0.00820	0.00956	0.00664	0.00468	0.00408	0.00136	0.00654	0.00327	0.00221	0.00715
38	0.00745	0.00553	0.00812	0.00812	0.00897	0.00638	0.00620	0.00914	0.00830	0.01191	0.01417	0.02170	0.01356	0.11021	0.72594	0.00807	0.01313	0.00576	0.00282	0.00451
39	0.01392	0.82012	0.02729	0.00891	0.01337	0.02061	0.00891	0.01559	0.01058	0.01225	0.00724	0.00835	0.00668	0.00446	0.00334	0.00111	0.00557	0.00278	0.00223	0.00668
40	0.77782	0.00996	0.00806	0.00707	0.01037	0.01131	0.00582	0.01623	0.00942	0.09331	0.00847	0.00931	0.00630	0.00498	0.00341	0.00161	0.00407	0.00304	0.00352	0.00593
41	0.01980	0.01459	0.01563	0.01198	0.01615	0.01615	0.00990	0.76713	0.02448	0.03282	0.01250	0.01250	0.00886	0.00625	0.00521	0.00156	0.00573	0.00469	0.00521	0.00886
42	0.01169	0.01280	0.02727	0.02003	0.02467	0.01206	0.64817	0.01577	0.01224	0.01651	0.01318	0.02098	0.01132	0.00594	0.00631	0.00186	0.00816	0.12141	0.00297	0.00668
43	0.00615	0.00528	0.00528	0.00528	0.00703	0.00440	0.00396	0.00747	0.01187	0.01407	0.05276	0.05012	0.78238	0.01319	0.00615	0.00176	0.00264	0.01099	0.00484	0.00440
44	0.01080	0.00926	0.01080	0.00771	0.01234	0.00694	0.00617	0.01311	0.01080	0.01697	0.00926	0.01080	0.00771	0.00386	0.00386	0.00077	0.00386	0.00309	0.00309	0.84882
45	0.02328	0.00900	0.01217	0.00933	0.01336	0.00786	0.00771	0.04356	0.01514	0.76959	0.02035	0.01760	0.01279	0.00644	0.00524	0.00161	0.00446	0.00522	0.00642	0.00886
46	0.01121	0.20193	0.62173	0.01353	0.02052	0.01397	0.01696	0.01629	0.01090	0.01556	0.00888	0.01041	0.00662	0.00484	0.00459	0.00153	0.00723	0.00361	0.00221	0.00747
47	0.00905	0.00452	0.00678	0.00678	0.00678	0.00452	0.00452	0.00678	0.00678	0.00905	0.00905	0.01583	0.00905	0.01809	0.02035	0.84848	0.00452	0.00452	0.00226	0.00226
48	0.00751	0.00528	0.00686	0.00686	0.00726	0.00569	0.00462	0.00833	0.00792	0.01097	0.01533	0.02813	0.01635	0.47694	0.36302	0.00650	0.00894	0.00670	0.00300	0.00381
49	0.85377	0.01007	0.00765	0.00685	0.01007	0.01168	0.00564	0.01531	0.00886	0.02336	0.00725	0.00846	0.00564	0.00483	0.00322	0.00161	0.00403	0.00282	0.00322	0.00564
50	0.00905	0.00452	0.00678	0.00678	0.00678	0.00452	0.00452	0.00678	0.00678	0.00905	0.00905	0.01583	0.00905	0.01809	0.02035	0.84848	0.00452	0.00452	0.00226	0.00226
51	0.00839	0.00599	0.00839	0.00959	0.01079	0.00599	0.00839	0.01079	0.01199	0.01558	0.02757	0.05874	0.02997	0.01439	0.00719	0.00240	0.00480	0.74945	0.00480	0.00480
52	0.01139	0.01139	0.01595	0.01367	0.01367	0.01595	0.01139	0.01253	0.00798	0.01253	0.00684	0.01139	0.00684	0.00911	0.01709	0.00228	0.80745	0.00456	0.00228	0.00570
53	0.00780	0.00611	0.00906	0.00885	0.00970	0.00737	0.00696	0.00960	0.00833	0.01213	0.01330	0.01963	0.01245	0.03632	0.72507	0.00781	0.08652	0.00549	0.00274	0.00475
54	0.01289	0.01237	0.02114	0.03196	0.78450	0.01237	0.01598	0.01598	0.01186	0.01701	0.00980	0.01289	0.00825	0.00464	0.00516	0.00155	0.00619	0.00464	0.00258	0.00825
55	0.01312	0.01127	0.01187	0.01063	0.01361	0.01303	0.00828	0.04594	0.75655	0.02206	0.02098	0.01926	0.01572	0.00705	0.00530	0.00176	0.00416	0.00586	0.00530	0.00826
56	0.01392	0.82012	0.02729	0.00891	0.01337	0.02061	0.00891	0.01559	0.01058	0.01225	0.00724	0.00835	0.00668	0.00446	0.00334	0.00111	0.00557	0.00278	0.00223	0.00668
57	0.00634	0.00453	0.00604	0.00725	0.00755	0.00423	0.00483	0.00725	0.00997	0.01329	0.02870	0.81358	0.03444	0.01632	0.00665	0.00211	0.00302	0.01480	0.00483	0.00423
58	0.01037	0.00889	0.01029	0.00749	0.01186	0.00671	0.00597	0.01260	0.01090	0.01670	0.01323	0.01439	0.07857	0.00471	0.00407	0.00086	0.00375	0.00381	0.00325	0.77159
59	0.01080	0.00926	0.01080	0.00771	0.01234	0.00694	0.00617	0.01311	0.01080	0.01697	0.00926	0.01080	0.00771	0.00386	0.00386	0.00077	0.00386	0.00309	0.00309	0.84882
60	0.01224	0.05303	0.01098	0.00915	0.01150	0.23067	0.00714	0.08262	0.06001	0.01570	0.02973	0.02910	0.36459	0.00931	0.00607	0.00162	0.04963	0.00718	0.00402	0.00569
61	0.01011	0.00954	0.01612	0.73381	0.10434	0.01164	0.01460	0.01355	0.01055	0.01364	0.00931	0.01379	0.00706	0.00515	0.00520	0.00172	0.00687	0.00463	0.00234	0.00601
62	0.01392	0.82012	0.02729	0.00891	0.01337	0.02061	0.00891	0.01559	0.01058	0.01225	0.00724	0.00835	0.00668	0.00446	0.00334	0.00111	0.00557	0.00278	0.00223	0.00668
63	0.77667	0.01000	0.00794	0.00693	0.01028	0.01125	0.00569	0.01511	0.00904	0.02278	0.00743	0.00867	0.00583	0.00474	0.00328	0.00153	0.00401	0.00284	0.00321	0.08276
64	0.01472	0.01360	0.01159	0.01075	0.04134	0.24728	0.00805	0.15576	0.01438	0.01899	0.01269	0.02922	0.01046	0.00648	0.00567	0.00147	0.07898	0.02083	0.29157	0.00615
65	0.00983	0.00926	0.01562	0.80447	0.03587	0.01157	0.01446	0.01331	0.01041	0.01331	0.00926	0.01388	0.00694	0.00521	0.00521	0.00174	0.00694	0.00463	0.00231	0.00579
66	0.01124	0.00942	0.01140	0.00910	0.05512	0.00726	0.00675	0.01359	0.01096	0.03675	0.00958	0.01109	0.00788	0.00397	0.00396	0.00084	0.00400	0.00323	0.00314	0.78072
67	0.01307	0.01339	0.01987	0.02415	0.42952	0.08502	0.08433	0.01604	0.03689	0.01566	0.00937	0.01253	0.00799	0.00585	0.00812	0.00173	0.20185	0.00469	0.00261	0.00731
68	0.00838	0.00696	0.01017	0.00963	0.01034	0.00876	0.00767	0.01007	0.00828	0.01219	0.01226	0.01830	0.01155	0.03193	0.61087	0.00692	0.20282	0.00534	0.00267	0.00490
69	0.01474	0.01226	0.01906	0.02590	0.56743	0.01228	0.01390	0.12896	0.01396	0.08664	0.01111	0.01316	0.00872	0.00500	0.00511	0.00152	0.00586	0.00463	0.00333	0.04643
70	0.00905	0.00452	0.00678	0.00678	0.00678	0.00452	0.00452	0.00678	0.00678	0.00905	0.00905	0.01583	0.00905	0.01809	0.02035	0.84848	0.00452	0.00452	0.00226	0.00226
71	0.00768	0.00575	0.00741	0.00825	0.00960	0.00548	0.00700	0.00973	0.01192	0.01509	0.03514	0.07029	0.25539	0.01406	0.00687	0.00220	0.00412	0.51453	0.00481	0.00467
72	0.01718	0.00807	0.01054	0.00898	0.01189	0.00746	0.00727	0.08725	0.01456	0.43925	0.06109	0.14225	0.04740	0.00936	0.00577	0.00179	0.00423	0.10257	0.00579	0.00730
73	0.01383	0.74624	0.02673	0.01102	0.08389	0.01985	0.00956	0.01563	0.01070	0.01269	0.00747	0.00877	0.00683	0.00447	0.00351	0.00115	0.00563	0.00295	0.00226	0.00683
74	0.01139	0.01139	0.01595	0.01367	0.01367	0.01595	0.01139	0.01253	0.00798	0.01253	0.00684	0.01139	0.00684	0.00911	0.01709	0.00228	0.80745	0.00456	0.00228	0.00570
75	0.01980	0.01459	0.01563	0.01198	0.01615	0.01615	0.00990	0.76713	0.02448	0.03282	0.01250	0.01250	0.00886	0.00625	0.00521	0.00156	0.00573	0.00469	0.00521	0.00886
76	0.01130	0.10413	0.61045	0.01474	0.02165	0.01301	0.08604	0.01656	0.01111	0.03493	0.00947	0.01118	0.00688	0.00496	0.00514	0.00162	0.02296	0.00400	0.00235	0.00752
77	0.01945	0.02482	0.01476	0.01342	0.01610	0.79608	0.01006	0.02079	0.01476	0.01275	0.00805	0.00939	0.00671	0.00537	0.00470	0.00134	0.00939	0.00335	0.00268	0.00604
78	0.00730	0.00553	0.00738	0.00830	0.02787	0.00554	0.00574	0.00923	0.04525	0.01513	0.15354	0.55482	0.03400	0.01424	0.00694	0.00203	0.03811	0.04949	0.00484	0.00472
79	0.01980	0.01459	0.01563	0.01198	0.01615	0.01615	0.00990	0.76713	0.02448	0.03282	0.01250	0.01250	0.00886	0.00625	0.00521	0.00156	0.00573	0.00469	0.00521	0.00886
80	0.85377	0.01007	0.00765	0.00685	0.01007	0.01168	0.00564	0.01531	0.00886	0.02336	0.00725	0.00846	0.00564	0.00483	0.00322	0.00161	0.00403	0.00282	0.00322	0.00564
81	0.01278	0.01110	0.01220	0.05539	0.03169	0.01286	0.00876	0.02661	0.71567	0.02121	0.02028	0.01898	0.01523	0.00691	0.00529	0.00176	0.00432	0.00579	0.00507	0.00811
82	0.01248	0.01212	0.03434	0.02618	0.58054	0.01152	0.03174	0.01618	0.05394	0.01725	0.01035	0.01289	0.00854	0.00464	0.00497	0.00144	0.00578	0.00447	0.00281	0.14783
83	0.05369	0.22278	0.49109	0.01254	0.01865	0.04819	0.01492	0.01603	0.01081	0.01536	0.00893	0.01091	0.00702	0.02600	0.02119	0.00172	0.00712	0.00364	0.00231	0.00709
84	0.01958	0.01111	0.01817	0.01344	0.01786	0.01033	0.23826	0.10993	0.01524	0.46488	0.01656	0.01599	0.01090	0.00580	0.00551	0.00165	0.00591	0.00545	0.00514	0.00830
85	0.00744	0.00558	0.00837	0.00837	0.00930	0.00651	0.00651	0.00930	0.00837	0.01209	0.01395	0.02046	0.01302	0.03906	0.79635	0.00837	0.01395	0.00558	0.00279	0.00465
86	0.00810	0.00585	0.00826	0.00906	0.01021	0.00600	0.00769	0.01040	0.01150	0.01535	0.09376	0.04908	0.02825	0.01910	0.16896	0.00355	0.00646	0.52919	0.00447	0.00478
87	0.01080	0.00926	0.01080	0.00771	0.01234	0.00694	0.00617	0.01311	0.01080	0.01697	0.00926	0.01080	0.00771	0.00386	0.00386	0.00077	0.00386	0.00309	0.00309	0.84882
88	0.00745	0.00553	0.00812	0.00812	0.00897	0.00638	0.00620	0.00914	0.00830	0.01191	0.01417	0.02170	0.01356	0.11021	0.72594	0.00807	0.01313	0.00576	0.00282	0.00451
89	0.01823	0.01381	0.01474	0.01166	0.01555	0.01542	0.00952	0.59736	0.19682	0.03029	0.01450	0.01409	0.01047	0.00644	0.00523	0.00161	0.00536	0.00496	0.00523	0.00872
90	0.01295	0.01119	0.01178	0.01060	0.01354	0.01295	0.00824	0.02767	0.77509	0.02178	0.02120	0.01943	0.01590	0.00707	0.00530	0.00177	0.00412	0.00589	0.00530	0.00824
91	0.01244	0.01065	0.01134	0.01023	0.01301	0.01222	0.00794	0.02604	0.70555	0.02170	0.09076	0.02121	0.01894	0.00739	0.00538	0.00175	0.00397	0.00621	0.00534	0.00794
92	0.01068	0.00966	0.01400	0.37299	0.09375	0.00991	0.01097	0.01435	0.05724	0.01560	0.01003	0.01292	0.00791	0.00474	0.00468	0.00134	0.00549	0.00410	0.00282	0.33682
93	0.01263	0.01250	0.01163	0.00895	0.01314	0.16895	0.00702	0.01505	0.03049	0.01622	0.00930	0.01072	0.00771	0.00425	0.00406	0.00091	0.00500	0.00321	0.00306	0.65519
94	0.01289	0.01237	0.02114	0.03196	0.78450	0.01237	0.01598	0.01598	0.01186	0.01701	0.00980	0.01289	0.00825	0.00464	0.00516	0.00155	0.00619	0.00464	0.00258	0.00825
95	0.00698	0.00531	0.00642	0.00614	0.00754	0.00475	0.00461	0.00908	0.01382	0.01870	0.54875	0.04249	0.28350	0.01146	0.00615	0.00168	0.00251	0.00992	0.00545	0.00475
96	0.01055	0.02620	0.74634	0.01525	0.02281	0.01216	0.06216	0.01650	0.01107	0.01650	0.00941	0.01117	0.00667	0.00492	0.00502	0.00166	0.00776	0.00398	0.00222	0.00766
97	0.04429	0.00889	0.01197	0.00920	0.01321	0.00776	0.00760	0.02513	0.01475	0.76883	0.02021	0.01749	0.01271	0.00640	0.00519	0.00161	0.00442	0.00518	0.00636	0.00878
98	0.00905	0.00452	0.00678	0.00678	0.00678	0.00452	0.00452	0.00678	0.00678	0.00905	0.00905	0.01583	0.00905	0.01809	0.02035	0.84848	0.00452	0.00452	0.00226	0.00226
99	0.01416	0.62769	0.03948	0.01064	0.01497	0.10340	0.07834	0.01614	0.01129	0.01298	0.02510	0.00972	0.00775	0.00470	0.00384	0.00122	0.00624	0.00332	0.00239	0.00662
100	0.01080	0.00926	0.01080	0.00771	0.01234	0.00694	0.00617	0.01311	0.01080	0.01697	0.00926	0.01080	0.00771	0.00386	0.00386	0.00077	0.00386	0.00309	0.00309	0.84882
101	0.01347	0.01250	0.01928	0.02683	0.60428	0.02854	0.01414	0.09018	0.01305	0.01849	0.00997	0.01254	0.00822	0.00473	0.00500	0.00146	0.00594	0.00444	0.00290	0.10407
102	0.01616	0.01141	0.01857	0.02445	0.51584	0.01106	0.03436	0.03421	0.01304	0.24900	0.01310	0.01437	0.00965	0.00521	0.00521	0.00157	0.00572	0.00486	0.00380	0.00841
103	0.05289	0.01215	0.01789	0.02012	0.32751	0.01233	0.08049	0.20216	0.03078	0.11147	0.01258	0.02845	0.00983	0.00566	0.00520	0.00158	0.00580	0.01982	0.00387	0.03942

[dist]
# distance from previous block
# <min> <max>
0	5

# created by:
# /st0/software/busco_prod/Augustus/scripts/msa2prfl.pl ./align_prep/63928.fa
