[name]
unknown

[dist]
# distance from previous block
# <min> <max>
2	54

[block]
# block no. 0 follows, 47 sequences, length 8
# corresponding to MSA columns:
# 56,58-64
name=unknown_A
#
# <colnr> <probs for GDERKNQSTAVLIFYWHMCP>
#	G	D	E	R	K	N	Q	S	T	A	V	L	I	F	Y	W	H	M	C	P
0	0.01225	0.00772	0.00929	0.00833	0.01029	0.00784	0.00630	0.16381	0.03300	0.14056	0.05211	0.19643	0.09371	0.12003	0.11086	0.00306	0.00544	0.00830	0.00473	0.00596
1	0.00858	0.00507	0.00654	0.00703	0.00791	0.00472	0.00494	0.00996	0.01103	0.09004	0.09537	0.54960	0.03063	0.01335	0.00603	0.00189	0.00302	0.01193	0.12753	0.00483
2	0.01159	0.00609	0.00743	0.00676	0.00832	0.00555	0.00481	0.01268	0.01106	0.22594	0.05852	0.11160	0.16298	0.29908	0.01315	0.00291	0.00402	0.00829	0.03402	0.00520
3	0.01023	0.00562	0.00753	0.00756	0.00884	0.00510	0.00546	0.01167	0.01193	0.18302	0.16681	0.49680	0.03249	0.01312	0.00625	0.00192	0.00322	0.01173	0.00535	0.00536
4	0.07307	0.00713	0.00851	0.00787	0.00993	0.00694	0.00592	0.01564	0.11038	0.22788	0.07285	0.26252	0.09810	0.06029	0.00698	0.00201	0.00367	0.00900	0.00517	0.00611
5	0.00892	0.00604	0.00704	0.00696	0.00814	0.00599	0.00502	0.10029	0.01266	0.01799	0.15686	0.30963	0.07250	0.07989	0.00744	0.00201	0.00328	0.00979	0.17459	0.00495
6	0.06426	0.00809	0.00965	0.00819	0.01067	0.00798	0.00637	0.12540	0.03722	0.25580	0.18590	0.09211	0.02240	0.08515	0.00737	0.00196	0.00397	0.00699	0.05391	0.00661
7	0.05312	0.00595	0.00685	0.00656	0.00794	0.00566	0.00475	0.03997	0.01233	0.05239	0.27755	0.14135	0.20698	0.14454	0.00934	0.00229	0.00331	0.00947	0.00486	0.00479

[dist]
# distance from previous block
# <min> <max>
3	5

[block]
# block no. 1 follows, 47 sequences, length 10
# corresponding to MSA columns:
# 70-79
name=unknown_B
#
# <colnr> <probs for GDERKNQSTAVLIFYWHMCP>
#	G	D	E	R	K	N	Q	S	T	A	V	L	I	F	Y	W	H	M	C	P
0	0.01586	0.01214	0.09260	0.05549	0.01506	0.10782	0.03934	0.01843	0.03126	0.31559	0.04056	0.14840	0.01571	0.03739	0.00654	0.00183	0.02780	0.00665	0.00459	0.00694
1	0.05300	0.01030	0.01243	0.00965	0.01348	0.01011	0.00794	0.24285	0.01721	0.47959	0.01740	0.01596	0.01146	0.00630	0.00503	0.00157	0.00465	0.00495	0.06766	0.00844
2	0.10110	0.12766	0.30914	0.01398	0.08978	0.08555	0.01331	0.11618	0.03111	0.05150	0.00994	0.01109	0.00746	0.00516	0.00460	0.00153	0.00656	0.00385	0.00304	0.00746
3	0.01544	0.04821	0.01805	0.01396	0.01724	0.24545	0.18304	0.19321	0.01501	0.01817	0.01063	0.01351	0.00873	0.03956	0.10450	0.00252	0.03807	0.00476	0.00326	0.00666
4	0.01167	0.00898	0.00927	0.00828	0.01046	0.08161	0.00638	0.04508	0.15186	0.10741	0.36025	0.03062	0.12859	0.00918	0.00572	0.00164	0.00379	0.00775	0.00531	0.00616
5	0.01004	0.00838	0.00995	0.00746	0.01133	0.00649	0.00589	0.01238	0.01167	0.01784	0.18040	0.01702	0.01689	0.00536	0.00436	0.00096	0.00355	0.00449	0.00367	0.66185
6	0.00916	0.00560	0.00741	0.00705	0.00843	0.00511	0.00524	0.01122	0.01370	0.11617	0.51870	0.20786	0.04130	0.01137	0.00614	0.00174	0.00283	0.01008	0.00562	0.00526
7	0.00741	0.00506	0.00600	0.00602	0.00632	0.00494	0.00370	0.00804	0.00939	0.01279	0.18713	0.10861	0.02709	0.56288	0.02012	0.00402	0.00428	0.00866	0.00388	0.00365
8	0.00666	0.00485	0.00612	0.00670	0.00737	0.00448	0.00459	0.00789	0.01106	0.01480	0.19960	0.47170	0.13085	0.08814	0.00829	0.00223	0.00303	0.01245	0.00488	0.00431
9	0.09136	0.00607	0.00782	0.00725	0.00848	0.00593	0.00518	0.01186	0.00921	0.18357	0.01439	0.10043	0.01345	0.11505	0.01475	0.38685	0.00437	0.00597	0.00366	0.00436

[dist]
# distance from previous block
# <min> <max>
5	8

[block]
# block no. 2 follows, 47 sequences, length 14
# corresponding to MSA columns:
# 91-94,98-107
name=unknown_C
#
# <colnr> <probs for GDERKNQSTAVLIFYWHMCP>
#	G	D	E	R	K	N	Q	S	T	A	V	L	I	F	Y	W	H	M	C	P
0	0.01151	0.00973	0.01117	0.00821	0.01267	0.00799	0.00657	0.05858	0.07677	0.01831	0.01046	0.01163	0.00848	0.00427	0.00406	0.00090	0.00399	0.00342	0.00340	0.72787
1	0.02173	0.01149	0.01371	0.01051	0.01460	0.01155	0.00868	0.36564	0.01930	0.44163	0.01686	0.01533	0.01104	0.00636	0.00522	0.00159	0.00503	0.00499	0.00588	0.00886
2	0.00634	0.00453	0.00604	0.00725	0.00755	0.00423	0.00483	0.00725	0.00997	0.01329	0.02870	0.81358	0.03444	0.01632	0.00665	0.00211	0.00302	0.01480	0.00483	0.00423
3	0.04205	0.01247	0.09069	0.10756	0.13339	0.01185	0.01088	0.23455	0.09916	0.02149	0.04224	0.05809	0.09873	0.00722	0.00532	0.00167	0.00531	0.00602	0.00407	0.00725
4	0.01218	0.01073	0.01397	0.15702	0.12380	0.01198	0.01038	0.07759	0.28086	0.01871	0.01542	0.03395	0.03604	0.00654	0.00613	0.00165	0.07171	0.00533	0.00385	0.10217
5	0.00719	0.00531	0.00705	0.00690	0.00803	0.00517	0.00518	0.00928	0.01266	0.01767	0.48188	0.10020	0.10649	0.01768	0.18222	0.00319	0.00508	0.00915	0.00492	0.00475
6	0.10903	0.12390	0.01484	0.04259	0.05272	0.04645	0.00857	0.19365	0.09129	0.02094	0.01070	0.01164	0.00839	0.00510	0.00433	0.00130	0.00506	0.00383	0.00363	0.24205
7	0.11180	0.01398	0.02093	0.01612	0.03857	0.07753	0.34221	0.21072	0.01508	0.03864	0.01086	0.01304	0.00820	0.00701	0.04994	0.00202	0.00762	0.00507	0.00347	0.00720
8	0.01682	0.15230	0.12490	0.01086	0.01522	0.01333	0.01018	0.23271	0.09407	0.20145	0.03028	0.01620	0.01163	0.00636	0.00498	0.00157	0.00540	0.03919	0.00456	0.00799
9	0.01174	0.02523	0.68277	0.01445	0.02165	0.01266	0.01795	0.12043	0.01286	0.01875	0.00978	0.01120	0.00691	0.00513	0.00498	0.00164	0.00742	0.00396	0.00262	0.00786
10	0.00757	0.00505	0.00568	0.00568	0.00568	0.00505	0.00316	0.00757	0.00757	0.01010	0.01641	0.03408	0.01893	0.81698	0.02651	0.00505	0.00505	0.00757	0.00316	0.00316
11	0.07152	0.01177	0.04771	0.01043	0.01405	0.11728	0.06749	0.02006	0.01339	0.40371	0.01992	0.01920	0.09764	0.00864	0.05160	0.00200	0.00594	0.00550	0.00483	0.00732
12	0.03502	0.06475	0.14005	0.08022	0.14678	0.03879	0.04941	0.06366	0.07660	0.23287	0.01354	0.01409	0.00962	0.00554	0.00504	0.00159	0.00595	0.00466	0.00395	0.00787
13	0.00885	0.09931	0.01475	0.01083	0.01317	0.00888	0.19072	0.01081	0.01099	0.01416	0.02693	0.29278	0.21492	0.01092	0.00655	0.00183	0.04458	0.00986	0.00388	0.00530

[dist]
# distance from previous block
# <min> <max>
0	1

[block]
# block no. 3 follows, 47 sequences, length 8
# corresponding to MSA columns:
# 109-116
name=unknown_D
#
# <colnr> <probs for GDERKNQSTAVLIFYWHMCP>
#	G	D	E	R	K	N	Q	S	T	A	V	L	I	F	Y	W	H	M	C	P
0	0.00939	0.08230	0.11470	0.01077	0.09653	0.00801	0.00841	0.01164	0.01162	0.06005	0.09373	0.21557	0.21616	0.01051	0.00572	0.00175	0.00421	0.02902	0.00417	0.00575
1	0.01792	0.01433	0.16998	0.01372	0.10536	0.01138	0.01148	0.18357	0.07909	0.31614	0.01536	0.01482	0.01046	0.00594	0.00517	0.00161	0.00555	0.00482	0.00478	0.00850
2	0.01388	0.01240	0.03967	0.01383	0.01842	0.01146	0.26148	0.13521	0.11607	0.07476	0.01260	0.01380	0.00939	0.00505	0.00515	0.00144	0.00598	0.00491	0.00378	0.24071
3	0.00922	0.06786	0.01178	0.00931	0.01122	0.00723	0.12407	0.01080	0.01087	0.07233	0.02683	0.35052	0.16224	0.09133	0.00808	0.00217	0.00435	0.01041	0.00425	0.00513
4	0.01198	0.18945	0.01462	0.01204	0.13182	0.01062	0.00822	0.01521	0.09628	0.11032	0.08861	0.25110	0.02079	0.00908	0.00531	0.00166	0.00433	0.00787	0.00423	0.00648
5	0.01231	0.02105	0.41489	0.01996	0.26702	0.09211	0.01657	0.01746	0.05899	0.01661	0.01009	0.01196	0.00772	0.00502	0.00501	0.00159	0.00716	0.00418	0.00256	0.00774
6	0.10023	0.39279	0.02180	0.01481	0.17497	0.16152	0.03725	0.01665	0.01151	0.01463	0.00804	0.00971	0.00695	0.00470	0.00406	0.00132	0.00636	0.00340	0.00250	0.00680
7	0.01379	0.01257	0.01584	0.01733	0.21625	0.08137	0.01138	0.01905	0.20900	0.07444	0.01247	0.01417	0.01000	0.00688	0.00893	0.00182	0.25905	0.00487	0.00349	0.00729

[dist]
# distance from previous block
# <min> <max>
0	1

[block]
# block no. 4 follows, 47 sequences, length 16
# corresponding to MSA columns:
# 118-133
name=unknown_E
#
# <colnr> <probs for GDERKNQSTAVLIFYWHMCP>
#	G	D	E	R	K	N	Q	S	T	A	V	L	I	F	Y	W	H	M	C	P
0	0.01014	0.00753	0.00857	0.00797	0.01002	0.00774	0.00607	0.01643	0.27844	0.07602	0.22645	0.11515	0.18807	0.01023	0.00584	0.00176	0.00328	0.00878	0.00535	0.00619
1	0.00919	0.00576	0.00718	0.00662	0.00833	0.00512	0.00504	0.01122	0.01378	0.12392	0.44956	0.07720	0.23518	0.01102	0.00605	0.00169	0.00280	0.00952	0.00555	0.00529
2	0.01153	0.00624	0.00829	0.00726	0.00921	0.00563	0.00563	0.01387	0.01478	0.22046	0.58373	0.03339	0.03971	0.00955	0.00591	0.00163	0.00297	0.00833	0.00592	0.00594
3	0.00749	0.00506	0.00566	0.00566	0.00576	0.00501	0.00320	0.00757	0.00782	0.01033	0.01850	0.03500	0.06291	0.77068	0.02533	0.00486	0.00491	0.00777	0.00325	0.00323
4	0.01388	0.01335	0.20601	0.01250	0.01687	0.00907	0.15374	0.01735	0.01297	0.25120	0.13397	0.07537	0.01810	0.00731	0.00565	0.00172	0.00567	0.03373	0.00439	0.00715
5	0.01045	0.02694	0.79000	0.01484	0.02254	0.01209	0.01924	0.01649	0.01099	0.01649	0.00935	0.01099	0.00660	0.00495	0.00495	0.00165	0.00770	0.00385	0.00220	0.00770
6	0.01507	0.27185	0.13604	0.01471	0.12834	0.28997	0.01180	0.01752	0.01231	0.01394	0.00829	0.00987	0.00695	0.00485	0.00434	0.00132	0.00726	0.00343	0.00247	0.03966
7	0.37066	0.10422	0.01334	0.19436	0.05158	0.01285	0.00912	0.06785	0.01060	0.01891	0.00866	0.01115	0.00697	0.00753	0.05994	0.00207	0.03747	0.00371	0.00294	0.00607
8	0.00634	0.00453	0.00604	0.00725	0.00755	0.00423	0.00483	0.00725	0.00997	0.01329	0.02870	0.81358	0.03444	0.01632	0.00665	0.00211	0.00302	0.01480	0.00483	0.00423
9	0.01903	0.01534	0.01512	0.01199	0.01587	0.10110	0.00974	0.60701	0.10310	0.02945	0.01294	0.01290	0.00937	0.00624	0.00516	0.00156	0.00596	0.00467	0.00494	0.00848
10	0.01495	0.01276	0.01154	0.01017	0.01253	0.21337	0.00779	0.05876	0.14299	0.13963	0.04886	0.01842	0.01359	0.10681	0.11245	0.00287	0.03505	0.00526	0.00407	0.02812
11	0.01283	0.01853	0.28775	0.03977	0.36717	0.08095	0.01608	0.05384	0.01226	0.01699	0.00949	0.01187	0.00749	0.00508	0.00551	0.00160	0.03822	0.00425	0.00257	0.00774
12	0.01418	0.78253	0.02670	0.00912	0.01350	0.05725	0.00897	0.01584	0.01078	0.01228	0.00728	0.00840	0.00668	0.00450	0.00341	0.00112	0.00575	0.00281	0.00225	0.00665
13	0.00720	0.00489	0.00579	0.00616	0.00625	0.00480	0.00367	0.00748	0.00830	0.01107	0.02014	0.27072	0.02364	0.57392	0.02048	0.00416	0.00443	0.00977	0.00367	0.00348
14	0.01245	0.00942	0.01145	0.01007	0.01232	0.00994	0.04499	0.32107	0.04773	0.02184	0.02082	0.41140	0.02183	0.01120	0.00598	0.00186	0.00447	0.00984	0.00490	0.00644
15	0.01061	0.00806	0.01387	0.01081	0.01343	0.00775	0.26900	0.01372	0.01140	0.01846	0.01474	0.01755	0.01145	0.00548	0.00451	0.00140	0.00464	0.00530	0.55222	0.00561

[dist]
# distance from previous block
# <min> <max>
0	8

[block]
# block no. 5 follows, 47 sequences, length 27
# corresponding to MSA columns:
# 142-149,151-169
name=unknown_F
#
# <colnr> <probs for GDERKNQSTAVLIFYWHMCP>
#	G	D	E	R	K	N	Q	S	T	A	V	L	I	F	Y	W	H	M	C	P
0	0.08352	0.01297	0.01378	0.03886	0.01553	0.01463	0.00920	0.44804	0.25928	0.02791	0.01471	0.01441	0.01075	0.00636	0.00508	0.00164	0.00513	0.00492	0.00498	0.00830
1	0.00971	0.00485	0.00485	0.00485	0.00607	0.00485	0.00364	0.01213	0.01092	0.01942	0.01699	0.01942	0.01335	0.00607	0.00364	0.00121	0.00243	0.00485	0.84589	0.00485
2	0.00750	0.00532	0.00706	0.00706	0.00754	0.00580	0.00488	0.00846	0.00798	0.01112	0.01514	0.02708	0.01589	0.41698	0.42235	0.00676	0.00963	0.00655	0.00297	0.00392
3	0.01809	0.10453	0.07711	0.06402	0.14991	0.01177	0.01090	0.12752	0.01467	0.34781	0.01441	0.01429	0.00993	0.00568	0.00498	0.00155	0.00547	0.00463	0.00452	0.00822
4	0.01354	0.01530	0.01878	0.19924	0.03542	0.23646	0.17297	0.01601	0.01146	0.01373	0.00858	0.01199	0.00708	0.00605	0.00826	0.00176	0.21015	0.00457	0.00248	0.00614
5	0.00634	0.00453	0.00604	0.00725	0.00755	0.00423	0.00483	0.00725	0.00997	0.01329	0.02870	0.81358	0.03444	0.01632	0.00665	0.00211	0.00302	0.01480	0.00483	0.00423
6	0.01411	0.01517	0.06129	0.01948	0.03686	0.07439	0.54862	0.08090	0.01361	0.06626	0.01107	0.01363	0.00815	0.00478	0.00583	0.00169	0.00820	0.00562	0.00307	0.00727
7	0.20763	0.04527	0.04101	0.01496	0.17331	0.08557	0.03304	0.16656	0.05828	0.10946	0.01138	0.01220	0.00848	0.00541	0.00465	0.00156	0.00569	0.00420	0.00383	0.00752
8	0.00775	0.00542	0.00651	0.00632	0.00780	0.00479	0.00470	0.00954	0.01302	0.06422	0.35656	0.14398	0.32600	0.01211	0.00616	0.00175	0.00272	0.01047	0.00531	0.00487
9	0.01360	0.01678	0.25841	0.01300	0.06136	0.01239	0.01221	0.22038	0.14461	0.02192	0.01222	0.01291	0.00909	0.00544	0.00489	0.00148	0.00575	0.00432	0.00373	0.16550
10	0.01011	0.03079	0.06891	0.25923	0.01999	0.00886	0.00966	0.01299	0.01092	0.01576	0.06343	0.05006	0.01144	0.00541	0.00463	0.00127	0.00502	0.00459	0.00302	0.40391
11	0.01361	0.01260	0.02056	0.02988	0.70432	0.01277	0.01535	0.09436	0.01318	0.01866	0.01008	0.01285	0.00831	0.00481	0.00516	0.00155	0.00614	0.00465	0.00285	0.00831
12	0.01558	0.01325	0.01321	0.01124	0.01455	0.07089	0.00890	0.26019	0.48328	0.02460	0.01750	0.01652	0.01301	0.00669	0.00523	0.00167	0.00501	0.00533	0.00508	0.00828
13	0.00748	0.00541	0.00749	0.00749	0.00812	0.00603	0.00542	0.00874	0.00811	0.01144	0.01475	0.02490	0.01495	0.29273	0.54531	0.00729	0.01105	0.00623	0.00291	0.00416
14	0.00710	0.00524	0.00757	0.00795	0.00866	0.00576	0.00590	0.00861	0.00886	0.01242	0.01866	0.27071	0.01991	0.05018	0.52940	0.00632	0.01030	0.00853	0.00344	0.00448
15	0.01526	0.00981	0.01174	0.04048	0.01392	0.00963	0.00787	0.10379	0.20022	0.22289	0.01748	0.05524	0.01371	0.00683	0.00510	0.00152	0.00442	0.04821	0.00490	0.20698
16	0.01865	0.01369	0.01554	0.09607	0.08269	0.06322	0.01058	0.47428	0.02000	0.13390	0.01278	0.01321	0.00903	0.00598	0.00518	0.00157	0.00594	0.00467	0.00470	0.00831
17	0.07884	0.00572	0.00702	0.00658	0.00797	0.00549	0.00498	0.01029	0.01424	0.02109	0.71635	0.03633	0.04546	0.01016	0.00590	0.00164	0.00259	0.00886	0.00552	0.00498
18	0.01216	0.20127	0.55526	0.01322	0.01983	0.04436	0.01606	0.01687	0.01123	0.05109	0.00935	0.01066	0.00691	0.00492	0.00460	0.00152	0.00714	0.00366	0.00242	0.00746
19	0.01453	0.08364	0.22435	0.06779	0.01878	0.28561	0.04722	0.09526	0.01361	0.01608	0.01074	0.07850	0.00931	0.00614	0.00498	0.00154	0.00752	0.00477	0.00293	0.00670
20	0.01156	0.00971	0.01121	0.00807	0.01266	0.00772	0.00649	0.07679	0.01195	0.01831	0.00953	0.01094	0.00781	0.00406	0.00397	0.00084	0.00401	0.00322	0.00326	0.77789
21	0.01074	0.07887	0.12244	0.00924	0.01207	0.00934	0.00831	0.11596	0.07260	0.04306	0.24025	0.20995	0.02680	0.00964	0.00563	0.00171	0.00424	0.00829	0.00463	0.00622
22	0.01421	0.10971	0.34568	0.01616	0.14905	0.05878	0.01465	0.14759	0.01390	0.06727	0.01037	0.01161	0.00768	0.00519	0.00485	0.00154	0.00675	0.00407	0.00308	0.00786
23	0.08260	0.00799	0.00995	0.00820	0.01105	0.00754	0.00657	0.07648	0.01511	0.36002	0.32459	0.02508	0.02656	0.00799	0.00544	0.00162	0.00371	0.00668	0.00581	0.00702
24	0.00641	0.00459	0.00599	0.00707	0.00742	0.00429	0.00469	0.00728	0.00989	0.01312	0.02888	0.73453	0.06288	0.06656	0.00788	0.00229	0.00313	0.01420	0.00473	0.00417
25	0.01166	0.03890	0.25780	0.26074	0.13737	0.01136	0.04416	0.01560	0.01132	0.08048	0.01178	0.04079	0.00951	0.00587	0.00524	0.00170	0.00666	0.03921	0.00287	0.00698
26	0.16338	0.01314	0.01460	0.06299	0.09633	0.06734	0.02908	0.34520	0.01736	0.10965	0.02470	0.01278	0.00907	0.00576	0.00487	0.00158	0.00569	0.00444	0.00431	0.00773

[dist]
# distance from previous block
# <min> <max>
3	9

[block]
# block no. 6 follows, 47 sequences, length 20
# corresponding to MSA columns:
# 179-198
name=unknown_G
#
# <colnr> <probs for GDERKNQSTAVLIFYWHMCP>
#	G	D	E	R	K	N	Q	S	T	A	V	L	I	F	Y	W	H	M	C	P
0	0.01054	0.01787	0.35627	0.04237	0.12247	0.01114	0.19298	0.01500	0.01165	0.01638	0.04588	0.01797	0.10393	0.00602	0.00546	0.00168	0.00690	0.00562	0.00282	0.00703
1	0.01400	0.11040	0.01531	0.01104	0.01345	0.01428	0.00922	0.29514	0.03377	0.02099	0.07839	0.01527	0.01234	0.01160	0.11487	0.00262	0.21165	0.00499	0.00382	0.00685
2	0.01280	0.08323	0.01162	0.00938	0.01164	0.34478	0.00722	0.01444	0.01369	0.01500	0.20615	0.02640	0.20667	0.00848	0.00529	0.00150	0.00574	0.00664	0.00391	0.00542
3	0.01547	0.01214	0.01649	0.01283	0.01662	0.01273	0.16756	0.29890	0.17987	0.08934	0.01859	0.04342	0.07756	0.00696	0.00555	0.00169	0.00557	0.00616	0.00475	0.00781
4	0.00665	0.00517	0.00606	0.00623	0.00751	0.00458	0.00460	0.00827	0.01236	0.01603	0.26742	0.20185	0.37939	0.01310	0.00629	0.00182	0.00275	0.04029	0.00511	0.00453
5	0.01419	0.38021	0.01955	0.03722	0.01433	0.03115	0.02190	0.20929	0.04313	0.01839	0.01227	0.11975	0.01144	0.00665	0.00451	0.00141	0.00532	0.00517	0.00352	0.04059
6	0.11328	0.07562	0.01456	0.03033	0.08253	0.01178	0.00896	0.20893	0.01583	0.34761	0.01451	0.01396	0.00991	0.00581	0.00482	0.00154	0.00501	0.00452	0.00493	0.02557
7	0.01600	0.24402	0.07207	0.01213	0.04442	0.17611	0.01025	0.19669	0.14424	0.01931	0.01126	0.01178	0.00882	0.00555	0.00457	0.00143	0.00632	0.00402	0.00356	0.00746
8	0.74275	0.01145	0.05747	0.00771	0.01128	0.01202	0.00679	0.06759	0.01008	0.02359	0.00775	0.00890	0.00592	0.00494	0.00347	0.00161	0.00438	0.00301	0.00330	0.00599
9	0.01527	0.12277	0.04869	0.05481	0.20210	0.17854	0.08056	0.14337	0.07144	0.01826	0.01042	0.01206	0.00824	0.00523	0.00492	0.00150	0.00688	0.00433	0.00318	0.00743
10	0.00645	0.00458	0.00601	0.00712	0.00739	0.00430	0.00469	0.00728	0.00976	0.01302	0.02764	0.74606	0.03310	0.08567	0.00837	0.00237	0.00320	0.01418	0.00469	0.00414
11	0.01374	0.01497	0.19629	0.05163	0.11863	0.01211	0.01209	0.26794	0.05321	0.04164	0.11926	0.04669	0.01515	0.00672	0.00533	0.00163	0.00564	0.00559	0.00411	0.00761
12	0.01377	0.12423	0.20469	0.01521	0.12608	0.10494	0.02528	0.08811	0.17894	0.01806	0.01177	0.01277	0.00912	0.00563	0.00535	0.00157	0.03926	0.00435	0.00327	0.00758
13	0.01290	0.01026	0.04281	0.12469	0.03669	0.04382	0.03248	0.01531	0.01155	0.15415	0.01321	0.08200	0.01116	0.03597	0.00557	0.00145	0.00500	0.00504	0.00365	0.35227
14	0.00993	0.00650	0.00896	0.01029	0.11114	0.00601	0.00652	0.01161	0.01206	0.12878	0.17244	0.28138	0.15333	0.04809	0.00697	0.00195	0.00357	0.01007	0.00487	0.00555
15	0.01098	0.18394	0.03761	0.01703	0.30747	0.01134	0.01040	0.01361	0.01264	0.01742	0.29827	0.02160	0.02318	0.00686	0.00513	0.00149	0.00470	0.00601	0.00367	0.00665
16	0.01134	0.11511	0.01077	0.00729	0.01006	0.00892	0.00591	0.07798	0.06536	0.01868	0.01471	0.08089	0.01264	0.00625	0.00415	0.00124	0.00364	0.00503	0.33017	0.20987
17	0.10801	0.01576	0.18695	0.01598	0.11544	0.04751	0.15380	0.10620	0.01362	0.16904	0.01188	0.01294	0.00844	0.00525	0.00508	0.00162	0.00652	0.00461	0.00364	0.00770
18	0.06144	0.04844	0.11525	0.10712	0.01635	0.04641	0.00965	0.01902	0.03180	0.33317	0.14070	0.01856	0.01638	0.00657	0.00512	0.00160	0.00510	0.00535	0.00469	0.00726
19	0.56620	0.01244	0.10588	0.01154	0.11444	0.01180	0.00900	0.01591	0.00977	0.05734	0.00846	0.00991	0.00649	0.00507	0.00434	0.00163	0.03689	0.00337	0.00313	0.00639

[dist]
# distance from previous block
# <min> <max>
7	16

[block]
# block no. 7 follows, 47 sequences, length 19
# corresponding to MSA columns:
# 215-233
name=unknown_H
#
# <colnr> <probs for GDERKNQSTAVLIFYWHMCP>
#	G	D	E	R	K	N	Q	S	T	A	V	L	I	F	Y	W	H	M	C	P
0	0.04123	0.01164	0.01532	0.49349	0.02793	0.04679	0.01254	0.25209	0.01500	0.01978	0.01016	0.01307	0.00749	0.00553	0.00512	0.00166	0.00657	0.00453	0.00328	0.00676
1	0.18429	0.01639	0.30114	0.01111	0.01619	0.02690	0.02410	0.06445	0.01268	0.22349	0.03740	0.01446	0.03363	0.00583	0.00478	0.00162	0.00570	0.00448	0.00393	0.00743
2	0.22000	0.17478	0.07500	0.00912	0.01293	0.02991	0.02037	0.05946	0.01272	0.20485	0.11898	0.01545	0.01398	0.00605	0.00447	0.00151	0.00480	0.00457	0.00416	0.00690
3	0.01306	0.32793	0.01718	0.00945	0.02614	0.03950	0.00797	0.08703	0.19704	0.01813	0.09859	0.01723	0.04186	0.00640	0.00449	0.00142	0.00468	0.00494	0.07011	0.00685
4	0.00682	0.00477	0.00607	0.00680	0.00704	0.00464	0.00438	0.00748	0.00908	0.01216	0.02373	0.50696	0.02799	0.28212	0.06221	0.00347	0.00437	0.01184	0.00415	0.00390
5	0.01442	0.01632	0.31191	0.08134	0.05633	0.01052	0.08326	0.03465	0.01234	0.24152	0.01317	0.01435	0.00922	0.00805	0.06731	0.00218	0.00716	0.00472	0.00362	0.00762
6	0.01781	0.01483	0.08070	0.01246	0.04310	0.04780	0.01038	0.50298	0.07015	0.08099	0.01396	0.05657	0.01068	0.00666	0.00525	0.00161	0.00573	0.00522	0.00482	0.00832
7	0.01139	0.01139	0.01595	0.01367	0.01367	0.01595	0.01139	0.01253	0.00798	0.01253	0.00684	0.01139	0.00684	0.00911	0.01709	0.00228	0.80745	0.00456	0.00228	0.00570
8	0.01392	0.82012	0.02729	0.00891	0.01337	0.02061	0.00891	0.01559	0.01058	0.01225	0.00724	0.00835	0.00668	0.00446	0.00334	0.00111	0.00557	0.00278	0.00223	0.00668
9	0.01908	0.01143	0.07838	0.00999	0.01394	0.00992	0.00871	0.20518	0.03804	0.41978	0.01926	0.01885	0.05698	0.05802	0.00661	0.00183	0.00495	0.00549	0.00544	0.00812
10	0.01441	0.00676	0.00886	0.00783	0.01019	0.00593	0.00603	0.01606	0.01307	0.37773	0.10731	0.24404	0.13860	0.01062	0.00586	0.00178	0.00357	0.00918	0.00568	0.00650
11	0.00616	0.00524	0.00531	0.00537	0.00706	0.00439	0.00400	0.00746	0.01178	0.01403	0.05156	0.08796	0.74531	0.01334	0.00618	0.00178	0.00266	0.01118	0.00484	0.00439
12	0.08415	0.27653	0.01767	0.00975	0.01383	0.04126	0.02933	0.09088	0.03237	0.33490	0.01368	0.01308	0.00962	0.00557	0.00446	0.00144	0.00519	0.00417	0.00443	0.00773
13	0.02013	0.05563	0.01524	0.01425	0.16152	0.08433	0.00976	0.09399	0.01499	0.45263	0.01581	0.01500	0.01069	0.00587	0.00506	0.00154	0.00542	0.00476	0.00500	0.00836
14	0.00654	0.00504	0.00598	0.00627	0.00741	0.00448	0.00450	0.00803	0.01201	0.01564	0.24019	0.29873	0.33938	0.01354	0.00631	0.00184	0.00272	0.01183	0.00508	0.00448
15	0.01181	0.00852	0.01019	0.00914	0.01129	0.00924	0.00726	0.19886	0.09326	0.05711	0.02049	0.02605	0.10118	0.06904	0.26808	0.00415	0.00773	0.07616	0.00427	0.00616
16	0.07621	0.01376	0.01705	0.02066	0.36003	0.12442	0.03523	0.08383	0.11076	0.08935	0.01206	0.01335	0.00928	0.00536	0.00501	0.00156	0.00611	0.00459	0.00357	0.00781
17	0.01160	0.01233	0.02476	0.26877	0.12701	0.01257	0.43381	0.01553	0.01165	0.01566	0.01004	0.01385	0.00765	0.00468	0.00572	0.00172	0.00787	0.00548	0.00253	0.00679
18	0.00686	0.00481	0.00617	0.00692	0.00728	0.00459	0.00462	0.00777	0.00993	0.01334	0.09650	0.50547	0.03172	0.21512	0.01158	0.00282	0.00357	0.05238	0.00450	0.00406

[dist]
# distance from previous block
# <min> <max>
0	3

[block]
# block no. 8 follows, 47 sequences, length 17
# corresponding to MSA columns:
# 238-254
name=unknown_I
#
# <colnr> <probs for GDERKNQSTAVLIFYWHMCP>
#	G	D	E	R	K	N	Q	S	T	A	V	L	I	F	Y	W	H	M	C	P
0	0.14208	0.08645	0.12482	0.01155	0.03218	0.11832	0.01020	0.15896	0.01296	0.01859	0.00976	0.01251	0.00817	0.04348	0.09045	0.00246	0.10325	0.00414	0.00312	0.00655
1	0.08299	0.12208	0.05704	0.00700	0.01003	0.00885	0.00620	0.03567	0.01108	0.01846	0.01259	0.01442	0.01004	0.00521	0.00373	0.00118	0.00372	0.00396	0.40443	0.18133
2	0.01469	0.01596	0.01701	0.02109	0.37850	0.27458	0.01211	0.01705	0.01263	0.01557	0.00911	0.01131	0.00763	0.00473	0.00475	0.00133	0.00682	0.00391	0.00271	0.16851
3	0.01121	0.00712	0.00852	0.00764	0.00983	0.00688	0.00594	0.01569	0.15973	0.16355	0.31908	0.03407	0.19242	0.00981	0.00584	0.00170	0.00324	0.02601	0.00557	0.00618
4	0.01166	0.00626	0.00818	0.00736	0.00929	0.00572	0.00564	0.01351	0.01296	0.23630	0.27469	0.10974	0.14080	0.04377	0.08758	0.00251	0.00438	0.00853	0.00532	0.00580
5	0.01215	0.00636	0.00865	0.00789	0.00947	0.00634	0.00590	0.01353	0.01022	0.24300	0.01745	0.07244	0.01581	0.22438	0.31695	0.00513	0.00818	0.00656	0.00410	0.00550
6	0.00685	0.00518	0.00641	0.00704	0.00811	0.00474	0.00533	0.00839	0.01158	0.01495	0.12679	0.31555	0.27296	0.01422	0.00655	0.00200	0.00321	0.17071	0.00493	0.00449
7	0.00744	0.00558	0.00837	0.00837	0.00930	0.00651	0.00651	0.00930	0.00837	0.01209	0.01395	0.02046	0.01302	0.03906	0.79635	0.00837	0.01395	0.00558	0.00279	0.00465
8	0.01121	0.00937	0.01023	0.00968	0.01189	0.01058	0.00735	0.02202	0.55719	0.01933	0.02278	0.18191	0.02035	0.04271	0.00653	0.00200	0.00397	0.03875	0.00510	0.00708
9	0.23895	0.01033	0.01149	0.00920	0.01295	0.01058	0.00755	0.14689	0.07988	0.39652	0.01578	0.01458	0.01058	0.00604	0.00471	0.00162	0.00452	0.00457	0.00530	0.00797
10	0.01654	0.01042	0.01385	0.01483	0.19650	0.01045	0.00962	0.09774	0.17780	0.28502	0.02055	0.01967	0.08962	0.00681	0.00532	0.00164	0.00473	0.00576	0.00499	0.00813
11	0.01201	0.01007	0.01184	0.00992	0.04208	0.00953	0.00754	0.01803	0.24192	0.04558	0.01314	0.01377	0.01034	0.00527	0.00519	0.00122	0.05240	0.00416	0.00381	0.48219
12	0.04534	0.01160	0.04506	0.01030	0.01433	0.01082	0.03767	0.23722	0.03394	0.14508	0.06024	0.01444	0.01150	0.00582	0.00538	0.00139	0.04229	0.00457	0.00438	0.25861
13	0.01550	0.01318	0.06259	0.01395	0.11455	0.01344	0.01038	0.24575	0.35610	0.07351	0.01635	0.01588	0.01204	0.00634	0.00523	0.00166	0.00511	0.00520	0.00480	0.00843
14	0.01497	0.08230	0.09321	0.01141	0.09127	0.01003	0.00876	0.11073	0.01283	0.23398	0.01487	0.01993	0.01251	0.24753	0.01137	0.00258	0.00540	0.00544	0.00410	0.00678
15	0.01381	0.00999	0.01163	0.04258	0.01358	0.00975	0.00750	0.19394	0.10812	0.09989	0.07450	0.05389	0.01452	0.04497	0.00594	0.00154	0.00443	0.00535	0.00446	0.27961
16	0.01000	0.00856	0.04710	0.00927	0.01143	0.00825	0.03412	0.09502	0.11110	0.03078	0.18884	0.13374	0.02340	0.01737	0.21808	0.00350	0.00674	0.00754	0.00436	0.03082

[dist]
# distance from previous block
# <min> <max>
18	70

[block]
# block no. 9 follows, 47 sequences, length 18
# corresponding to MSA columns:
# 329-346
name=unknown_J
#
# <colnr> <probs for GDERKNQSTAVLIFYWHMCP>
#	G	D	E	R	K	N	Q	S	T	A	V	L	I	F	Y	W	H	M	C	P
0	0.26451	0.06097	0.01236	0.05742	0.02663	0.10020	0.00825	0.07583	0.28876	0.02077	0.01378	0.01399	0.02408	0.00596	0.00450	0.00161	0.00506	0.00441	0.00397	0.00696
1	0.01749	0.13965	0.03172	0.01178	0.02956	0.31873	0.00948	0.07089	0.05628	0.14053	0.01106	0.01167	0.00847	0.00564	0.00533	0.00141	0.05397	0.00389	0.00354	0.06891
2	0.23831	0.03928	0.01861	0.01584	0.10340	0.08242	0.26111	0.01729	0.09193	0.01828	0.01057	0.01277	0.00834	0.00695	0.05148	0.00203	0.00698	0.00467	0.00307	0.00668
3	0.00924	0.00541	0.00650	0.00637	0.00690	0.00522	0.00398	0.00963	0.00885	0.10290	0.01900	0.16508	0.02086	0.58433	0.02060	0.00414	0.00463	0.00853	0.00383	0.00402
4	0.00991	0.00771	0.01357	0.03840	0.01434	0.00726	0.20655	0.01195	0.01110	0.09638	0.02204	0.45533	0.02372	0.03214	0.00683	0.00203	0.00491	0.02602	0.00429	0.00550
5	0.00707	0.00542	0.00663	0.00723	0.00852	0.00498	0.00576	0.00878	0.01179	0.01491	0.08338	0.17103	0.34913	0.01396	0.00661	0.00204	0.00347	0.27988	0.00487	0.00455
6	0.01239	0.00719	0.00889	0.00779	0.00950	0.00723	0.00574	0.09646	0.03159	0.18132	0.12561	0.02650	0.01988	0.30363	0.12979	0.00385	0.00591	0.00668	0.00445	0.00561
7	0.00732	0.00528	0.00717	0.00731	0.00790	0.00572	0.00519	0.00847	0.00840	0.01166	0.01751	0.11957	0.03814	0.27923	0.44038	0.00641	0.00956	0.00744	0.00320	0.00413
8	0.01250	0.01526	0.21829	0.06682	0.01741	0.01250	0.01155	0.11022	0.38342	0.02084	0.04156	0.01752	0.03580	0.00658	0.00524	0.00170	0.00536	0.00538	0.00426	0.00778
9	0.14449	0.08865	0.03583	0.03559	0.10059	0.05923	0.06426	0.17234	0.09794	0.13287	0.01245	0.01298	0.00914	0.00556	0.00477	0.00156	0.00566	0.00443	0.00403	0.00762
10	0.00701	0.00491	0.00606	0.00645	0.00686	0.00468	0.00418	0.00788	0.01004	0.01357	0.17119	0.33910	0.05580	0.32214	0.01415	0.00314	0.00368	0.01086	0.00437	0.00396
11	0.01266	0.00993	0.05157	0.01251	0.10234	0.00942	0.03082	0.12445	0.08392	0.11821	0.02119	0.19408	0.06331	0.02782	0.00667	0.00192	0.03097	0.08697	0.00455	0.00669
12	0.00821	0.00558	0.00747	0.00719	0.00833	0.00568	0.00537	0.00994	0.01086	0.05854	0.24669	0.03066	0.10004	0.13844	0.32816	0.00486	0.00760	0.00752	0.00412	0.00473
13	0.23722	0.06297	0.01244	0.01120	0.05889	0.32359	0.00821	0.01678	0.03746	0.01663	0.05982	0.01461	0.05656	0.00807	0.05338	0.00190	0.00682	0.00432	0.00321	0.00592
14	0.19276	0.10168	0.01486	0.01078	0.01429	0.23684	0.08872	0.03579	0.01232	0.05669	0.01313	0.01405	0.07942	0.00568	0.00447	0.00141	0.00616	0.00429	0.00325	0.10338
15	0.12312	0.09141	0.06607	0.01110	0.03895	0.13021	0.06519	0.06335	0.01368	0.11836	0.20699	0.01852	0.01843	0.00662	0.00498	0.00154	0.00543	0.00538	0.00409	0.00656
16	0.05710	0.18567	0.03915	0.01305	0.12006	0.06318	0.00971	0.12641	0.13460	0.09420	0.01218	0.01265	0.00933	0.00537	0.00454	0.00141	0.00538	0.00414	0.00377	0.09809
17	0.05496	0.10848	0.04666	0.00829	0.01139	0.03914	0.00708	0.03785	0.03851	0.24499	0.13158	0.02584	0.17984	0.03555	0.00592	0.00170	0.00428	0.00658	0.00481	0.00656

[dist]
# distance from previous block
# <min> <max>
11	24

[block]
# block no. 10 follows, 47 sequences, length 8
# corresponding to MSA columns:
# 373-380
name=unknown_K
#
# <colnr> <probs for GDERKNQSTAVLIFYWHMCP>
#	G	D	E	R	K	N	Q	S	T	A	V	L	I	F	Y	W	H	M	C	P
0	0.01587	0.03684	0.09475	0.01277	0.01677	0.11254	0.11387	0.13268	0.21122	0.14194	0.01537	0.04695	0.01165	0.00635	0.00528	0.00164	0.00608	0.00538	0.00435	0.00772
1	0.01425	0.16069	0.04168	0.01066	0.01448	0.05448	0.03459	0.18468	0.25481	0.02070	0.01591	0.01581	0.05593	0.00619	0.00481	0.00147	0.00518	0.00488	0.00413	0.09468
2	0.01520	0.05540	0.05328	0.01655	0.19076	0.07832	0.08144	0.07005	0.18115	0.14185	0.05218	0.01585	0.01241	0.00591	0.00520	0.00160	0.00579	0.00515	0.00410	0.00781
3	0.00720	0.00510	0.00636	0.00695	0.00750	0.00490	0.00487	0.00821	0.00996	0.01313	0.06897	0.29213	0.09226	0.29063	0.01351	0.00312	0.00399	0.15288	0.00430	0.00402
4	0.01568	0.01361	0.01966	0.01498	0.01878	0.01486	0.23270	0.35968	0.10816	0.02411	0.01222	0.01364	0.00915	0.00617	0.00704	0.00174	0.11067	0.00524	0.00408	0.00783
5	0.00708	0.00528	0.00640	0.00614	0.00737	0.00480	0.00449	0.00900	0.01327	0.01803	0.51727	0.04125	0.23237	0.09473	0.00825	0.00202	0.00277	0.00963	0.00524	0.00460
6	0.01269	0.06857	0.04349	0.18682	0.14630	0.01209	0.06191	0.03867	0.20949	0.07638	0.06191	0.01726	0.02946	0.00611	0.00522	0.00165	0.00555	0.00538	0.00380	0.00727
7	0.00663	0.00482	0.00631	0.00741	0.00798	0.00450	0.00527	0.00779	0.01044	0.01370	0.03079	0.63175	0.10386	0.01574	0.00668	0.00212	0.00324	0.12181	0.00483	0.00433

[dist]
# distance from previous block
# <min> <max>
2	5

[block]
# block no. 11 follows, 47 sequences, length 10
# corresponding to MSA columns:
# 386-395
name=unknown_L
#
# <colnr> <probs for GDERKNQSTAVLIFYWHMCP>
#	G	D	E	R	K	N	Q	S	T	A	V	L	I	F	Y	W	H	M	C	P
0	0.26150	0.04561	0.01292	0.00999	0.01357	0.04183	0.02421	0.28219	0.11697	0.09006	0.04348	0.01350	0.01063	0.00599	0.00461	0.00159	0.00497	0.00444	0.00450	0.00745
1	0.01568	0.11010	0.01765	0.01774	0.27621	0.03944	0.01125	0.03455	0.01228	0.21651	0.02931	0.01374	0.00991	0.00597	0.00681	0.00159	0.13303	0.00456	0.00365	0.04003
2	0.05103	0.05693	0.01654	0.01406	0.10358	0.06065	0.12218	0.14427	0.11793	0.04300	0.07630	0.03436	0.01313	0.00598	0.00507	0.00150	0.00554	0.00523	0.00391	0.11881
3	0.00666	0.00501	0.00600	0.00631	0.00727	0.00453	0.00442	0.00801	0.01155	0.01517	0.22755	0.30462	0.26925	0.08945	0.00824	0.00216	0.00295	0.01156	0.00491	0.00436
4	0.01405	0.18667	0.08872	0.01045	0.01427	0.01403	0.00937	0.11122	0.34979	0.07007	0.06562	0.01658	0.01417	0.00640	0.00488	0.00157	0.00487	0.00507	0.00444	0.00775
5	0.00729	0.00503	0.00606	0.00645	0.00676	0.00491	0.00416	0.00789	0.00905	0.01202	0.05569	0.22501	0.05532	0.48089	0.01819	0.00381	0.00433	0.07954	0.00390	0.00370
6	0.01293	0.35121	0.01686	0.00883	0.01137	0.19184	0.00722	0.01405	0.01078	0.01207	0.04382	0.01788	0.01232	0.25650	0.01094	0.00241	0.00614	0.00468	0.00277	0.00537
7	0.00802	0.00616	0.00692	0.00662	0.00788	0.00610	0.00468	0.01141	0.13282	0.01611	0.25081	0.03715	0.21693	0.25188	0.01210	0.00271	0.00354	0.00870	0.00467	0.00479
8	0.01029	0.01154	0.16885	0.00995	0.01277	0.00890	0.00924	0.07259	0.10342	0.04924	0.15744	0.20998	0.05359	0.01002	0.00656	0.00184	0.05637	0.03676	0.00444	0.00621
9	0.00804	0.00637	0.00848	0.00875	0.00975	0.03167	0.03463	0.03388	0.01084	0.01443	0.05234	0.40815	0.02688	0.01963	0.17910	0.00345	0.00618	0.12840	0.00428	0.00475

[dist]
# distance from previous block
# <min> <max>
0	2

[block]
# block no. 12 follows, 47 sequences, length 8
# corresponding to MSA columns:
# 398-405
name=unknown_M
#
# <colnr> <probs for GDERKNQSTAVLIFYWHMCP>
#	G	D	E	R	K	N	Q	S	T	A	V	L	I	F	Y	W	H	M	C	P
0	0.01459	0.09355	0.04942	0.01262	0.06838	0.05926	0.05025	0.22964	0.16565	0.04468	0.11770	0.01729	0.01542	0.00751	0.02935	0.00178	0.00566	0.00538	0.00436	0.00750
1	0.32527	0.14401	0.05128	0.01319	0.08206	0.01384	0.13916	0.04548	0.01087	0.04966	0.00883	0.01068	0.00699	0.00516	0.00531	0.00161	0.07310	0.00391	0.00299	0.00662
2	0.78266	0.07865	0.00932	0.00702	0.01035	0.01244	0.00592	0.01533	0.00901	0.02242	0.00725	0.00845	0.00573	0.00480	0.00323	0.00157	0.00416	0.00282	0.00314	0.00573
3	0.01072	0.00808	0.01031	0.00937	0.01120	0.00922	0.00742	0.18674	0.06849	0.01762	0.01415	0.01853	0.01226	0.02908	0.55435	0.00630	0.01132	0.00540	0.00354	0.00589
4	0.00798	0.00507	0.00695	0.00695	0.00727	0.00539	0.00474	0.00793	0.00761	0.01047	0.01330	0.02377	0.01386	0.30264	0.29179	0.26420	0.00798	0.00595	0.00276	0.00340
5	0.01277	0.01406	0.17660	0.01132	0.01478	0.01221	0.01052	0.20618	0.18454	0.02026	0.01388	0.01684	0.01133	0.09275	0.10878	0.00290	0.07419	0.00517	0.00383	0.00710
6	0.00726	0.00538	0.00690	0.00738	0.00854	0.00503	0.00580	0.00917	0.01240	0.01640	0.25347	0.18720	0.19421	0.01339	0.00657	0.00199	0.00334	0.24585	0.00508	0.00464
7	0.01636	0.01323	0.01641	0.01576	0.15228	0.04146	0.06595	0.30397	0.22566	0.07214	0.01460	0.01479	0.01078	0.00603	0.00528	0.00163	0.00564	0.00510	0.00457	0.00835

[dist]
# distance from previous block
# <min> <max>
0	1

[block]
# block no. 13 follows, 47 sequences, length 6
# corresponding to MSA columns:
# 407-412
name=unknown_N
#
# <colnr> <probs for GDERKNQSTAVLIFYWHMCP>
#	G	D	E	R	K	N	Q	S	T	A	V	L	I	F	Y	W	H	M	C	P
0	0.00918	0.00553	0.00723	0.00700	0.00820	0.00509	0.00506	0.01089	0.01269	0.11671	0.39525	0.24768	0.03720	0.09815	0.00835	0.00213	0.00314	0.01015	0.00530	0.00505
1	0.01399	0.00965	0.04907	0.09611	0.12175	0.00908	0.03149	0.01777	0.11940	0.21954	0.06769	0.02005	0.01451	0.00852	0.00768	0.12842	0.00507	0.04921	0.00424	0.00676
2	0.00751	0.00532	0.00754	0.00762	0.00825	0.00591	0.00556	0.00862	0.00820	0.01154	0.01513	0.07769	0.01544	0.19654	0.52769	0.06708	0.01069	0.00655	0.00297	0.00414
3	0.15850	0.36203	0.05202	0.01024	0.01405	0.26002	0.00910	0.01767	0.01182	0.05129	0.00822	0.00925	0.00680	0.00492	0.00390	0.00132	0.00654	0.00313	0.00274	0.00645
4	0.33137	0.09520	0.05490	0.03861	0.04298	0.22725	0.03635	0.01803	0.08057	0.01804	0.00913	0.01039	0.00724	0.00514	0.00416	0.00151	0.00620	0.00355	0.00303	0.00635
5	0.01303	0.08672	0.07020	0.01494	0.09324	0.10692	0.18270	0.12722	0.01422	0.01811	0.06836	0.02077	0.12112	0.00687	0.00544	0.00161	0.00634	0.03193	0.00355	0.00672

[dist]
# distance from previous block
# <min> <max>
9	16

[block]
# block no. 14 follows, 47 sequences, length 18
# corresponding to MSA columns:
# 430-447
name=unknown_O
#
# <colnr> <probs for GDERKNQSTAVLIFYWHMCP>
#	G	D	E	R	K	N	Q	S	T	A	V	L	I	F	Y	W	H	M	C	P
0	0.15243	0.01393	0.01143	0.00923	0.01306	0.23777	0.00722	0.01571	0.01163	0.01679	0.00857	0.01000	0.00708	0.00446	0.00400	0.00108	0.00550	0.00312	0.00299	0.46400
1	0.01200	0.01256	0.06362	0.01399	0.01776	0.01225	0.22963	0.01976	0.30275	0.01833	0.03499	0.01588	0.01186	0.00604	0.00660	0.00167	0.09055	0.00542	0.00373	0.12060
2	0.01322	0.06660	0.01461	0.09523	0.01585	0.01372	0.00986	0.06671	0.26366	0.07925	0.01416	0.04520	0.01150	0.00758	0.00888	0.00187	0.25585	0.00534	0.00390	0.00702
3	0.00756	0.00510	0.00596	0.00596	0.00606	0.00520	0.00351	0.00776	0.00766	0.01031	0.01615	0.03264	0.01831	0.73473	0.10790	0.00540	0.00599	0.00736	0.00312	0.00331
4	0.01980	0.01459	0.01563	0.01198	0.01615	0.01615	0.00990	0.76713	0.02448	0.03282	0.01250	0.01250	0.00886	0.00625	0.00521	0.00156	0.00573	0.00469	0.00521	0.00886
5	0.00747	0.00547	0.00779	0.00779	0.00852	0.00619	0.00579	0.00893	0.00820	0.01166	0.01448	0.02340	0.01429	0.20690	0.63025	0.00765	0.01203	0.00601	0.00287	0.00433
6	0.15304	0.01035	0.01168	0.08957	0.01446	0.01164	0.00811	0.23916	0.08208	0.08455	0.01318	0.01696	0.01088	0.14367	0.04635	0.00255	0.04599	0.00505	0.00409	0.00665
7	0.00971	0.00485	0.00485	0.00485	0.00607	0.00485	0.00364	0.01213	0.01092	0.01942	0.01699	0.01942	0.01335	0.00607	0.00364	0.00121	0.00243	0.00485	0.84589	0.00485
8	0.49112	0.01213	0.00928	0.00836	0.01108	0.16486	0.00662	0.01561	0.01091	0.04659	0.09147	0.01406	0.03581	0.00733	0.03564	0.00185	0.02400	0.00412	0.00351	0.00568
9	0.01718	0.18008	0.01873	0.04318	0.01715	0.44102	0.07228	0.09687	0.01436	0.01508	0.00857	0.01013	0.00704	0.00531	0.00501	0.00140	0.03357	0.00370	0.00283	0.00652
10	0.00847	0.00518	0.00693	0.00746	0.00809	0.00500	0.00514	0.00947	0.05109	0.06496	0.02325	0.53445	0.02618	0.01555	0.00961	0.19563	0.00352	0.01132	0.00438	0.00431
11	0.01111	0.01333	0.17498	0.01098	0.01467	0.01100	0.03969	0.02085	0.41820	0.01987	0.14105	0.02236	0.06435	0.00745	0.00544	0.00172	0.00470	0.00633	0.00458	0.00732
12	0.00704	0.00502	0.00676	0.00714	0.00790	0.00501	0.00515	0.00804	0.00981	0.01316	0.08645	0.29718	0.14971	0.02219	0.23840	0.10675	0.00628	0.00980	0.00400	0.00420
13	0.01076	0.09016	0.11698	0.01226	0.09426	0.04752	0.00988	0.04639	0.01069	0.04127	0.01264	0.01769	0.01119	0.02233	0.39873	0.00494	0.01021	0.03312	0.00294	0.00604
14	0.05650	0.01442	0.01406	0.04445	0.01588	0.11433	0.00948	0.37768	0.23403	0.02539	0.01388	0.01391	0.01030	0.00633	0.00536	0.00162	0.02504	0.00476	0.00463	0.00797
15	0.01284	0.00924	0.01083	0.01014	0.05722	0.02742	0.00739	0.13911	0.10161	0.11237	0.04623	0.10176	0.10413	0.05487	0.05092	0.00218	0.00493	0.03618	0.00458	0.10605
16	0.05507	0.24673	0.01791	0.06498	0.14177	0.04501	0.00968	0.04705	0.01263	0.18972	0.05319	0.01361	0.01077	0.00540	0.00450	0.00139	0.00530	0.00424	0.00367	0.06735
17	0.07833	0.00937	0.02176	0.14059	0.03164	0.06967	0.00827	0.01497	0.13235	0.05049	0.11389	0.20286	0.02156	0.00929	0.00556	0.00178	0.00468	0.05427	0.00425	0.02442

[dist]
# distance from previous block
# <min> <max>
0	8

[block]
# block no. 15 follows, 47 sequences, length 18
# corresponding to MSA columns:
# 456-473
name=unknown_P
#
# <colnr> <probs for GDERKNQSTAVLIFYWHMCP>
#	G	D	E	R	K	N	Q	S	T	A	V	L	I	F	Y	W	H	M	C	P
0	0.01504	0.11573	0.06603	0.01526	0.13453	0.36741	0.01112	0.01704	0.01220	0.01349	0.00891	0.01142	0.00771	0.00951	0.10120	0.00229	0.07830	0.00389	0.00256	0.00637
1	0.01261	0.01166	0.05419	0.04676	0.25622	0.01146	0.04212	0.09624	0.21333	0.04010	0.01822	0.06633	0.07924	0.00719	0.00566	0.01579	0.00523	0.00617	0.00397	0.00748
2	0.00626	0.00488	0.00568	0.00632	0.00731	0.00431	0.00442	0.00736	0.01087	0.01366	0.04004	0.45372	0.38699	0.01484	0.00641	0.00195	0.00284	0.01301	0.00483	0.00431
3	0.01237	0.00983	0.01314	0.07213	0.03339	0.02770	0.07400	0.16840	0.05997	0.06166	0.26257	0.06330	0.02363	0.02687	0.00703	0.00179	0.06417	0.00699	0.00460	0.00647
4	0.00775	0.00482	0.00603	0.00624	0.00629	0.00477	0.00380	0.00731	0.00778	0.01038	0.01661	0.16441	0.01903	0.46925	0.02145	0.22516	0.00456	0.00803	0.00321	0.00311
5	0.01403	0.01742	0.16566	0.01595	0.12372	0.17806	0.08246	0.10672	0.08937	0.01747	0.01127	0.01426	0.00925	0.07619	0.00768	0.00191	0.05365	0.00474	0.00315	0.00704
6	0.08866	0.01823	0.27188	0.01328	0.01862	0.01418	0.07310	0.39377	0.01769	0.02531	0.01085	0.01178	0.00775	0.00555	0.00503	0.00161	0.00648	0.00437	0.00384	0.00805
7	0.00784	0.00515	0.00662	0.00680	0.00762	0.00480	0.00471	0.00921	0.01157	0.05772	0.29379	0.34547	0.05318	0.14958	0.00975	0.00241	0.00323	0.01106	0.00496	0.00455
8	0.01229	0.01405	0.03073	0.02195	0.02722	0.01317	0.76558	0.01668	0.01229	0.01668	0.01054	0.01405	0.00790	0.00439	0.00615	0.00176	0.00878	0.00615	0.00263	0.00702
9	0.00685	0.00492	0.00619	0.00673	0.00725	0.00474	0.00453	0.00780	0.00983	0.01308	0.08469	0.38993	0.10924	0.22186	0.08033	0.00334	0.00444	0.02587	0.00430	0.00407
10	0.01229	0.01405	0.03073	0.02195	0.02722	0.01317	0.76558	0.01668	0.01229	0.01668	0.01054	0.01405	0.00790	0.00439	0.00615	0.00176	0.00878	0.00615	0.00263	0.00702
11	0.01712	0.00906	0.01145	0.00849	0.01282	0.00730	0.00692	0.01928	0.01286	0.40463	0.01493	0.01428	0.01032	0.00516	0.00455	0.00119	0.00415	0.00417	0.00477	0.42656
12	0.01095	0.01008	0.00959	0.00784	0.01056	0.12259	0.00569	0.01231	0.01025	0.01394	0.01158	0.01874	0.01149	0.28858	0.01191	0.00235	0.00509	0.00470	0.00305	0.42871
