[name]
unknown

[dist]
# distance from previous block
# <min> <max>
10	52

[block]
# block no. 0 follows, 53 sequences, length 28
# corresponding to MSA columns:
# 56-83
name=unknown_A
#
# <colnr> <probs for GDERKNQSTAVLIFYWHMCP>
#	G	D	E	R	K	N	Q	S	T	A	V	L	I	F	Y	W	H	M	C	P
0	0.09338	0.01161	0.01057	0.00982	0.01211	0.17762	0.00801	0.19567	0.06658	0.01847	0.01618	0.04904	0.01562	0.00849	0.00522	0.00170	0.00533	0.28480	0.00398	0.00579
1	0.01183	0.01136	0.01940	0.02934	0.80221	0.01136	0.01467	0.01467	0.01088	0.01562	0.00899	0.01183	0.00757	0.00426	0.00473	0.00142	0.00568	0.00426	0.00237	0.00757
2	0.00673	0.00488	0.00634	0.00597	0.00712	0.00449	0.00448	0.00895	0.01344	0.01895	0.77406	0.03605	0.07086	0.00985	0.00564	0.00151	0.00226	0.00869	0.00523	0.00449
3	0.00695	0.00463	0.00521	0.00521	0.00521	0.00463	0.00290	0.00695	0.00695	0.00927	0.01506	0.03128	0.01738	0.83203	0.02433	0.00463	0.00463	0.00695	0.00290	0.00290
4	0.00571	0.00484	0.00492	0.00490	0.00649	0.00406	0.00368	0.00697	0.01103	0.01323	0.08698	0.04547	0.76151	0.01199	0.00565	0.00161	0.00241	0.01001	0.00448	0.00406
5	0.01128	0.01289	0.02820	0.02015	0.02498	0.01209	0.78485	0.01531	0.01128	0.01531	0.00967	0.01289	0.00725	0.00403	0.00564	0.00161	0.00806	0.00564	0.00242	0.00645
6	0.00903	0.00850	0.01434	0.82054	0.03292	0.01062	0.01327	0.01221	0.00956	0.01221	0.00850	0.01274	0.00637	0.00478	0.00478	0.00159	0.00637	0.00425	0.00212	0.00531
7	0.01278	0.83490	0.02505	0.00818	0.01227	0.01891	0.00818	0.01431	0.00971	0.01125	0.00664	0.00767	0.00613	0.00409	0.00307	0.00102	0.00511	0.00256	0.00204	0.00613
8	0.00683	0.00512	0.00768	0.00768	0.00853	0.00597	0.00597	0.00853	0.00768	0.01110	0.01280	0.01878	0.01195	0.03585	0.81308	0.00768	0.01280	0.00512	0.00256	0.00427
9	0.01792	0.01327	0.01421	0.01095	0.01473	0.01471	0.00903	0.75668	0.05246	0.02973	0.01179	0.01172	0.00838	0.00577	0.00478	0.00144	0.00520	0.00435	0.00478	0.00811
10	0.00994	0.14974	0.64606	0.01240	0.01871	0.01199	0.01554	0.01471	0.01020	0.01473	0.04735	0.01098	0.00800	0.00473	0.00437	0.00144	0.00652	0.00363	0.00218	0.00679
11	0.86579	0.00924	0.00702	0.00629	0.00924	0.01072	0.00518	0.01405	0.00813	0.02144	0.00666	0.00776	0.00518	0.00444	0.00296	0.00148	0.00370	0.00259	0.00296	0.00518
12	0.01169	0.00988	0.01038	0.00937	0.01197	0.01139	0.00728	0.02444	0.74084	0.01985	0.01919	0.01783	0.01443	0.00642	0.00476	0.00159	0.00368	0.00534	0.06232	0.00736
13	0.01890	0.01222	0.01362	0.01044	0.01424	0.01309	0.00863	0.61683	0.02052	0.20232	0.01311	0.01254	0.00895	0.00578	0.00479	0.00144	0.00499	0.00442	0.00503	0.00813
14	0.00676	0.00489	0.00639	0.00601	0.00714	0.00451	0.00451	0.00902	0.01353	0.01917	0.79969	0.03570	0.04510	0.00977	0.00564	0.00150	0.00225	0.00864	0.00526	0.00451
15	0.01177	0.01152	0.02033	0.02837	0.72033	0.01143	0.09581	0.01474	0.01093	0.01558	0.00906	0.01194	0.00754	0.00423	0.00483	0.00144	0.00593	0.00440	0.00237	0.00745
16	0.00695	0.00463	0.00521	0.00521	0.00521	0.00463	0.00290	0.00695	0.00695	0.00927	0.01506	0.03128	0.01738	0.83203	0.02433	0.00463	0.00463	0.00695	0.00290	0.00290
17	0.01081	0.01151	0.02052	0.01584	0.01794	0.01353	0.34634	0.01315	0.00904	0.01315	0.00775	0.01151	0.00670	0.00648	0.01133	0.00188	0.46969	0.00482	0.00223	0.00576
18	0.01371	0.01409	0.01164	0.01052	0.01315	0.25681	0.00808	0.02347	0.55505	0.01746	0.01576	0.01502	0.01201	0.00601	0.00469	0.00150	0.00526	0.00469	0.00413	0.00695
19	0.00903	0.00850	0.01434	0.82054	0.03292	0.01062	0.01327	0.01221	0.00956	0.01221	0.00850	0.01274	0.00637	0.00478	0.00478	0.00159	0.00637	0.00425	0.00212	0.00531
20	0.00634	0.00438	0.00539	0.00599	0.00614	0.00423	0.00373	0.00679	0.00814	0.01085	0.02114	0.46095	0.02505	0.39189	0.01451	0.00318	0.00363	0.01053	0.00373	0.00343
21	0.00991	0.00850	0.00991	0.00708	0.01133	0.00637	0.00566	0.01203	0.00991	0.01557	0.00850	0.00991	0.00708	0.00354	0.00354	0.00071	0.00354	0.00283	0.00283	0.86124
22	0.03176	0.01000	0.01161	0.00904	0.01274	0.02653	0.03713	0.11835	0.20024	0.13465	0.01302	0.01299	0.00966	0.00495	0.00429	0.00120	0.00419	0.00404	0.00401	0.34960
23	0.00959	0.02472	0.80726	0.01362	0.02069	0.01110	0.01766	0.01514	0.01009	0.01514	0.00858	0.01009	0.00605	0.00454	0.00454	0.00151	0.00706	0.00353	0.00202	0.00706
24	0.00582	0.00416	0.00555	0.00666	0.00693	0.00388	0.00444	0.00666	0.00915	0.01220	0.02634	0.82891	0.03161	0.01497	0.00610	0.00194	0.00277	0.01359	0.00444	0.00388
25	0.00985	0.09056	0.74369	0.01318	0.02000	0.01174	0.01689	0.01507	0.01006	0.01482	0.00842	0.00989	0.00606	0.00450	0.00442	0.00147	0.00691	0.00345	0.00202	0.00699
26	0.56074	0.01073	0.00966	0.00798	0.01125	0.01220	0.00658	0.29196	0.01329	0.02457	0.00839	0.00910	0.00624	0.00490	0.00361	0.00146	0.00426	0.00321	0.00361	0.00624
27	0.00785	0.00659	0.01021	0.38266	0.01979	0.00748	0.00945	0.01020	0.00998	0.01287	0.01889	0.18192	0.05670	0.00960	0.00562	0.00184	0.00490	0.23538	0.00336	0.00470

[dist]
# distance from previous block
# <min> <max>
2	27

[block]
# block no. 1 follows, 53 sequences, length 48
# corresponding to MSA columns:
# 111-158
name=unknown_B
#
# <colnr> <probs for GDERKNQSTAVLIFYWHMCP>
#	G	D	E	R	K	N	Q	S	T	A	V	L	I	F	Y	W	H	M	C	P
0	0.01236	0.01084	0.01652	0.75038	0.06543	0.01233	0.01436	0.01454	0.01165	0.01541	0.01170	0.01696	0.00946	0.00686	0.00613	0.00216	0.00732	0.00527	0.00325	0.00705
1	0.01418	0.01247	0.01729	0.01464	0.01582	0.01487	0.09165	0.01529	0.04472	0.05827	0.04640	0.01684	0.01181	0.00969	0.01395	0.00251	0.58300	0.00564	0.00371	0.00724
2	0.01092	0.00815	0.00962	0.00826	0.01052	0.00854	0.02447	0.15238	0.21729	0.06112	0.35828	0.02578	0.06850	0.00799	0.00524	0.00153	0.00342	0.00684	0.00500	0.00615
3	0.00695	0.00463	0.00521	0.00521	0.00521	0.00463	0.00290	0.00695	0.00695	0.00927	0.01506	0.03128	0.01738	0.83203	0.02433	0.00463	0.00463	0.00695	0.00290	0.00290
4	0.00959	0.02472	0.80726	0.01362	0.02069	0.01110	0.01766	0.01514	0.01009	0.01514	0.00858	0.01009	0.00605	0.00454	0.00454	0.00151	0.00706	0.00353	0.00202	0.00706
5	0.01683	0.01095	0.01331	0.16488	0.01747	0.01190	0.00928	0.40033	0.06723	0.21853	0.01325	0.01331	0.00913	0.00565	0.00479	0.00149	0.00508	0.00449	0.00456	0.00756
6	0.01189	0.01027	0.01081	0.00973	0.01243	0.01189	0.00757	0.02540	0.79357	0.01999	0.01945	0.01783	0.01459	0.00648	0.00486	0.00162	0.00378	0.00540	0.00486	0.00757
7	0.00623	0.00503	0.00565	0.00596	0.00743	0.00445	0.00478	0.00772	0.01093	0.01331	0.04188	0.04824	0.58171	0.01242	0.00592	0.00178	0.00298	0.22502	0.00443	0.00414
8	0.01761	0.01909	0.01336	0.01264	0.06302	0.59131	0.00914	0.01985	0.06578	0.12883	0.00998	0.01056	0.00764	0.00513	0.00445	0.00131	0.00745	0.00356	0.00312	0.00618
9	0.01051	0.01001	0.01702	0.40171	0.44015	0.01101	0.01401	0.01351	0.01026	0.01401	0.00876	0.01226	0.00701	0.00450	0.00475	0.00150	0.00600	0.00425	0.00225	0.00651
10	0.00589	0.00429	0.00555	0.00641	0.00690	0.00395	0.00436	0.00688	0.00972	0.01289	0.09662	0.67851	0.11198	0.01422	0.00601	0.00187	0.00269	0.01279	0.00451	0.00395
11	0.01785	0.02278	0.01354	0.01231	0.01478	0.81284	0.00924	0.01909	0.01354	0.01170	0.00739	0.00862	0.00616	0.00493	0.00431	0.00123	0.00862	0.00308	0.00246	0.00554
12	0.00959	0.02472	0.80726	0.01362	0.02069	0.01110	0.01766	0.01514	0.01009	0.01514	0.00858	0.01009	0.00605	0.00454	0.00454	0.00151	0.00706	0.00353	0.00202	0.00706
13	0.00689	0.00488	0.00648	0.00648	0.00692	0.00532	0.00448	0.00777	0.00733	0.01021	0.01390	0.02485	0.01458	0.42245	0.43008	0.00620	0.00884	0.00601	0.00272	0.00360
14	0.00691	0.00478	0.00598	0.00598	0.00624	0.00505	0.00385	0.00744	0.00718	0.00983	0.01436	0.02741	0.01570	0.58591	0.26815	0.00558	0.00716	0.00639	0.00279	0.00332
15	0.01788	0.00738	0.00972	0.00771	0.01091	0.00636	0.00628	0.01962	0.01314	0.62465	0.05381	0.02267	0.16363	0.00724	0.00500	0.00151	0.00368	0.00596	0.00561	0.00722
16	0.00959	0.02472	0.80726	0.01362	0.02069	0.01110	0.01766	0.01514	0.01009	0.01514	0.00858	0.01009	0.00605	0.00454	0.00454	0.00151	0.00706	0.00353	0.00202	0.00706
17	0.02144	0.00813	0.01109	0.00850	0.01220	0.00702	0.00702	0.02329	0.01368	0.80552	0.01886	0.01627	0.01183	0.00592	0.00481	0.00148	0.00407	0.00481	0.00592	0.00813
18	0.00959	0.02472	0.80726	0.01362	0.02069	0.01110	0.01766	0.01514	0.01009	0.01514	0.00858	0.01009	0.00605	0.00454	0.00454	0.00151	0.00706	0.00353	0.00202	0.00706
19	0.01114	0.01549	0.26294	0.02448	0.56062	0.01128	0.01559	0.01481	0.01064	0.01547	0.00886	0.01129	0.00710	0.00435	0.00467	0.00145	0.00611	0.00403	0.00226	0.00741
20	0.86579	0.00924	0.00702	0.00629	0.00924	0.01072	0.00518	0.01405	0.00813	0.02144	0.00666	0.00776	0.00518	0.00444	0.00296	0.00148	0.00370	0.00259	0.00296	0.00518
21	0.01785	0.01505	0.01405	0.01120	0.01472	0.16708	0.00905	0.60885	0.05212	0.02619	0.01102	0.01119	0.00801	0.00561	0.00469	0.00140	0.00584	0.00411	0.00434	0.00761
22	0.00891	0.00445	0.00445	0.00445	0.00557	0.00445	0.00334	0.01114	0.01002	0.01782	0.01559	0.01782	0.01225	0.00557	0.00334	0.00111	0.00223	0.00445	0.85856	0.00445
23	0.23979	0.01230	0.01243	0.00977	0.01336	0.01375	0.00806	0.58437	0.01872	0.02785	0.01022	0.01051	0.00736	0.00540	0.00430	0.00145	0.00485	0.00385	0.00430	0.00736
24	0.01189	0.01027	0.01081	0.00973	0.01243	0.01189	0.00757	0.02540	0.79357	0.01999	0.01945	0.01783	0.01459	0.00648	0.00486	0.00162	0.00378	0.00540	0.00486	0.00757
25	0.00685	0.00503	0.00721	0.00721	0.00790	0.00572	0.00539	0.00823	0.00754	0.01075	0.01323	0.02116	0.01299	0.18787	0.66247	0.00710	0.01124	0.00547	0.00262	0.00401
26	0.00891	0.00445	0.00445	0.00445	0.00557	0.00445	0.00334	0.01114	0.01002	0.01782	0.01559	0.01782	0.01225	0.00557	0.00334	0.00111	0.00223	0.00445	0.85856	0.00445
27	0.00959	0.02472	0.80726	0.01362	0.02069	0.01110	0.01766	0.01514	0.01009	0.01514	0.00858	0.01009	0.00605	0.00454	0.00454	0.00151	0.00706	0.00353	0.00202	0.00706
28	0.86579	0.00924	0.00702	0.00629	0.00924	0.01072	0.00518	0.01405	0.00813	0.02144	0.00666	0.00776	0.00518	0.00444	0.00296	0.00148	0.00370	0.00259	0.00296	0.00518
29	0.00854	0.00449	0.00460	0.00460	0.00550	0.00449	0.00326	0.01034	0.00944	0.01619	0.01549	0.02039	0.01323	0.16338	0.00735	0.00179	0.00269	0.00493	0.69517	0.00416
30	0.00630	0.00460	0.00511	0.00547	0.00653	0.00413	0.00393	0.00752	0.01008	0.01327	0.03495	0.26754	0.40127	0.05256	0.00641	0.00181	0.00267	0.03662	0.12525	0.00401
31	0.43143	0.00867	0.00912	0.00743	0.01076	0.00882	0.00613	0.01880	0.01099	0.42479	0.01293	0.01214	0.00860	0.00520	0.00391	0.00148	0.00389	0.00373	0.00448	0.00670
32	0.00891	0.00445	0.00445	0.00445	0.00557	0.00445	0.00334	0.01114	0.01002	0.01782	0.01559	0.01782	0.01225	0.00557	0.00334	0.00111	0.00223	0.00445	0.85856	0.00445
33	0.00590	0.00480	0.00491	0.00491	0.00622	0.00415	0.00349	0.00688	0.01014	0.01222	0.04205	0.04319	0.65078	0.16867	0.00922	0.00219	0.00284	0.00949	0.00414	0.00382
34	0.01309	0.01086	0.01148	0.00997	0.01289	0.01245	0.00786	0.17068	0.64634	0.02193	0.01793	0.01662	0.01336	0.00634	0.00485	0.00159	0.00406	0.00519	0.00485	0.00767
35	0.02144	0.00813	0.01109	0.00850	0.01220	0.00702	0.00702	0.02329	0.01368	0.80552	0.01886	0.01627	0.01183	0.00592	0.00481	0.00148	0.00407	0.00481	0.00592	0.00813
36	0.00683	0.00512	0.00768	0.00768	0.00853	0.00597	0.00597	0.00853	0.00768	0.01110	0.01280	0.01878	0.01195	0.03585	0.81308	0.00768	0.01280	0.00512	0.00256	0.00427
37	0.00582	0.00416	0.00555	0.00666	0.00693	0.00388	0.00444	0.00666	0.00915	0.01220	0.02634	0.82891	0.03161	0.01497	0.00610	0.00194	0.00277	0.01359	0.00444	0.00388
38	0.00637	0.00551	0.00555	0.00554	0.00697	0.03699	0.00410	0.00773	0.01130	0.01392	0.18080	0.12327	0.55177	0.01169	0.00564	0.00161	0.00268	0.00990	0.00451	0.00417
39	0.00683	0.00512	0.00768	0.00768	0.00853	0.00597	0.00597	0.00853	0.00768	0.01110	0.01280	0.01878	0.01195	0.03585	0.81308	0.00768	0.01280	0.00512	0.00256	0.00427
40	0.00668	0.00502	0.00638	0.00715	0.00823	0.00471	0.00578	0.00829	0.01057	0.01344	0.03246	0.21767	0.26027	0.01325	0.00621	0.00197	0.00346	0.37985	0.00442	0.00418
41	0.00854	0.00449	0.00460	0.00460	0.00550	0.00449	0.00326	0.01034	0.00944	0.01619	0.01549	0.02039	0.01323	0.16338	0.00735	0.00179	0.00269	0.00493	0.69517	0.00416
42	0.01516	0.01189	0.01265	0.01039	0.01367	0.01342	0.00836	0.42137	0.39228	0.02527	0.01530	0.01452	0.01123	0.00610	0.00482	0.00152	0.00455	0.00483	0.00482	0.00786
43	0.00992	0.10819	0.72668	0.01306	0.01982	0.01190	0.01668	0.01505	0.01005	0.01474	0.00838	0.00984	0.00606	0.00449	0.00439	0.00146	0.00686	0.00343	0.00202	0.00697
44	0.01189	0.01027	0.01081	0.00973	0.01243	0.01189	0.00757	0.02540	0.79357	0.01999	0.01945	0.01783	0.01459	0.00648	0.00486	0.00162	0.00378	0.00540	0.00486	0.00757
45	0.01046	0.01046	0.01464	0.01255	0.01255	0.01464	0.01046	0.01150	0.00732	0.01150	0.00627	0.01046	0.00627	0.00837	0.01569	0.00209	0.82328	0.00418	0.00209	0.00523
46	0.00683	0.00512	0.00768	0.00768	0.00853	0.00597	0.00597	0.00853	0.00768	0.01110	0.01280	0.01878	0.01195	0.03585	0.81308	0.00768	0.01280	0.00512	0.00256	0.00427
47	0.00959	0.02472	0.80726	0.01362	0.02069	0.01110	0.01766	0.01514	0.01009	0.01514	0.00858	0.01009	0.00605	0.00454	0.00454	0.00151	0.00706	0.00353	0.00202	0.00706

[dist]
# distance from previous block
# <min> <max>
0	6

[block]
# block no. 2 follows, 53 sequences, length 45
# corresponding to MSA columns:
# 165-209
name=unknown_C
#
# <colnr> <probs for GDERKNQSTAVLIFYWHMCP>
#	G	D	E	R	K	N	Q	S	T	A	V	L	I	F	Y	W	H	M	C	P
0	0.01172	0.01121	0.01910	0.02881	0.78195	0.01121	0.01449	0.01455	0.01089	0.01558	0.00941	0.01291	0.00808	0.00449	0.00478	0.00144	0.00565	0.02384	0.00242	0.00749
1	0.01033	0.00723	0.00749	0.00697	0.00885	0.00801	0.00536	0.01795	0.38445	0.01886	0.01744	0.01783	0.01337	0.00601	0.00407	0.00136	0.00297	0.00491	0.45061	0.00594
2	0.00582	0.00419	0.00552	0.00659	0.00691	0.00389	0.00441	0.00666	0.00922	0.01223	0.02718	0.79911	0.06086	0.01487	0.00608	0.00193	0.00276	0.01345	0.00444	0.00389
3	0.00903	0.00850	0.01434	0.82054	0.03292	0.01062	0.01327	0.01221	0.00956	0.01221	0.00850	0.01274	0.00637	0.00478	0.00478	0.00159	0.00637	0.00425	0.00212	0.00531
4	0.01183	0.01136	0.01940	0.02934	0.80221	0.01136	0.01467	0.01467	0.01088	0.01562	0.00899	0.01183	0.00757	0.00426	0.00473	0.00142	0.00568	0.00426	0.00237	0.00757
5	0.00618	0.00486	0.00557	0.00539	0.00678	0.00426	0.00405	0.00788	0.01214	0.01586	0.40284	0.04114	0.44400	0.01100	0.00564	0.00156	0.00234	0.00941	0.00483	0.00426
6	0.01817	0.01339	0.01434	0.01100	0.01482	0.01482	0.00908	0.78627	0.02247	0.03012	0.01148	0.01148	0.00813	0.00574	0.00478	0.00143	0.00526	0.00430	0.00478	0.00813
7	0.01377	0.01070	0.01772	0.02512	0.64247	0.01048	0.01312	0.01641	0.01145	0.17533	0.01099	0.01273	0.00843	0.00459	0.00475	0.00143	0.00535	0.00437	0.00308	0.00768
8	0.00688	0.00491	0.00662	0.00662	0.00710	0.00540	0.00465	0.00785	0.00737	0.01031	0.01378	0.02416	0.01429	0.37897	0.47316	0.00637	0.00928	0.00591	0.00271	0.00368
9	0.00598	0.00486	0.00531	0.00519	0.00666	0.00418	0.00390	0.00751	0.01169	0.01480	0.27460	0.04290	0.57291	0.01140	0.00565	0.00158	0.00237	0.00965	0.00469	0.00418
10	0.02090	0.00815	0.01102	0.00848	0.01210	0.00713	0.00699	0.04055	0.01388	0.76219	0.04383	0.01678	0.01282	0.00604	0.00483	0.00148	0.00404	0.00492	0.00587	0.00802
11	0.01344	0.00982	0.01134	0.01001	0.01260	0.01061	0.00846	0.43544	0.01729	0.02297	0.01773	0.03065	0.01689	0.00911	0.00560	0.00178	0.00487	0.35033	0.00461	0.00644
12	0.01128	0.01289	0.02820	0.02015	0.02498	0.01209	0.78485	0.01531	0.01128	0.01531	0.00967	0.01289	0.00725	0.00403	0.00564	0.00161	0.00806	0.00564	0.00242	0.00645
13	0.01785	0.02278	0.01354	0.01231	0.01478	0.81284	0.00924	0.01909	0.01354	0.01170	0.00739	0.00862	0.00616	0.00493	0.00431	0.00123	0.00862	0.00308	0.00246	0.00554
14	0.00959	0.02472	0.80726	0.01362	0.02069	0.01110	0.01766	0.01514	0.01009	0.01514	0.00858	0.01009	0.00605	0.00454	0.00454	0.00151	0.00706	0.00353	0.00202	0.00706
15	0.00843	0.00766	0.01260	0.65594	0.02768	0.00929	0.01149	0.01121	0.00970	0.01256	0.05106	0.13781	0.01215	0.00658	0.00502	0.00164	0.00562	0.00589	0.00263	0.00505
16	0.00620	0.00486	0.00560	0.00542	0.00679	0.00427	0.00406	0.00792	0.01219	0.01598	0.41650	0.04095	0.43028	0.01096	0.00564	0.00156	0.00234	0.00938	0.00484	0.00427
17	0.00683	0.00512	0.00768	0.00768	0.00853	0.00597	0.00597	0.00853	0.00768	0.01110	0.01280	0.01878	0.01195	0.03585	0.81308	0.00768	0.01280	0.00512	0.00256	0.00427
18	0.01723	0.02174	0.01364	0.01233	0.01459	0.74528	0.00934	0.01844	0.01302	0.01168	0.00729	0.00877	0.00617	0.00522	0.00527	0.00130	0.07757	0.00317	0.00243	0.00551
19	0.01134	0.00865	0.01076	0.00779	0.01197	0.00677	0.03526	0.01373	0.02559	0.10739	0.00996	0.01092	0.00778	0.00389	0.00379	0.00085	0.00378	0.00322	0.00321	0.71336
20	0.01218	0.01112	0.01886	0.05386	0.74132	0.01113	0.01427	0.01498	0.01097	0.05162	0.00943	0.01206	0.00773	0.00435	0.00474	0.00143	0.00563	0.00428	0.00252	0.00752
21	0.86579	0.00924	0.00702	0.00629	0.00924	0.01072	0.00518	0.01405	0.00813	0.02144	0.00666	0.00776	0.00518	0.00444	0.00296	0.00148	0.00370	0.00259	0.00296	0.00518
22	0.00582	0.00416	0.00555	0.00666	0.00693	0.00388	0.00444	0.00666	0.00915	0.01220	0.02634	0.82891	0.03161	0.01497	0.00610	0.00194	0.00277	0.01359	0.00444	0.00388
23	0.01183	0.01358	0.02536	0.01859	0.02268	0.08931	0.62815	0.01527	0.01108	0.01456	0.00909	0.01222	0.00704	0.00458	0.00658	0.00163	0.09461	0.00524	0.00239	0.00623
24	0.00590	0.00468	0.00533	0.00570	0.00685	0.00411	0.00418	0.00713	0.01056	0.01322	0.09384	0.28144	0.46973	0.01287	0.00584	0.00174	0.00263	0.05571	0.00449	0.00404
25	0.00891	0.00767	0.00796	0.00739	0.00957	0.00814	0.00569	0.01654	0.41956	0.01661	0.03330	0.03129	0.39004	0.00917	0.00524	0.00162	0.00313	0.00764	0.00466	0.00588
26	0.01278	0.83490	0.02505	0.00818	0.01227	0.01891	0.00818	0.01431	0.00971	0.01125	0.00664	0.00767	0.00613	0.00409	0.00307	0.00102	0.00511	0.00256	0.00204	0.00613
27	0.00991	0.00850	0.00991	0.00708	0.01133	0.00637	0.00566	0.01203	0.00991	0.01557	0.00850	0.00991	0.00708	0.00354	0.00354	0.00071	0.00354	0.00283	0.00283	0.86124
28	0.00957	0.00784	0.00881	0.00805	0.01004	0.00855	0.00618	0.01800	0.44108	0.01962	0.37203	0.02591	0.02838	0.00797	0.00521	0.00157	0.00309	0.00687	0.00504	0.00618
29	0.00802	0.00678	0.00748	0.00745	0.00827	0.09105	0.00546	0.00930	0.00842	0.01124	0.01409	0.09787	0.01427	0.18010	0.46121	0.00555	0.00934	0.00603	0.04395	0.00411
30	0.00903	0.00850	0.01434	0.82054	0.03292	0.01062	0.01327	0.01221	0.00956	0.01221	0.00850	0.01274	0.00637	0.00478	0.00478	0.00159	0.00637	0.00425	0.00212	0.00531
31	0.86579	0.00924	0.00702	0.00629	0.00924	0.01072	0.00518	0.01405	0.00813	0.02144	0.00666	0.00776	0.00518	0.00444	0.00296	0.00148	0.00370	0.00259	0.00296	0.00518
32	0.00582	0.00416	0.00555	0.00666	0.00693	0.00388	0.00444	0.00666	0.00915	0.01220	0.02634	0.82891	0.03161	0.01497	0.00610	0.00194	0.00277	0.01359	0.00444	0.00388
33	0.00903	0.00850	0.01434	0.82054	0.03292	0.01062	0.01327	0.01221	0.00956	0.01221	0.00850	0.01274	0.00637	0.00478	0.00478	0.00159	0.00637	0.00425	0.00212	0.00531
34	0.00676	0.00489	0.00639	0.00601	0.00714	0.00451	0.00451	0.00902	0.01353	0.01917	0.79969	0.03570	0.04510	0.00977	0.00564	0.00150	0.00225	0.00864	0.00526	0.00451
35	0.00571	0.00484	0.00493	0.00491	0.00649	0.00406	0.00368	0.00698	0.01104	0.01326	0.09028	0.04542	0.75819	0.01197	0.00565	0.00161	0.00241	0.01001	0.00448	0.00406
36	0.00959	0.02472	0.80726	0.01362	0.02069	0.01110	0.01766	0.01514	0.01009	0.01514	0.00858	0.01009	0.00605	0.00454	0.00454	0.00151	0.00706	0.00353	0.00202	0.00706
37	0.00565	0.00484	0.00484	0.00484	0.00646	0.00403	0.00363	0.00686	0.01089	0.01291	0.04842	0.04600	0.80027	0.01210	0.00565	0.00161	0.00242	0.01009	0.00444	0.00403
38	0.01566	0.01220	0.01337	0.01148	0.05365	0.01363	0.00884	0.48265	0.29021	0.02587	0.01413	0.01371	0.01035	0.00592	0.00481	0.00150	0.00477	0.00468	0.00469	0.00790
39	0.00706	0.00573	0.00599	0.00565	0.00741	0.00521	0.00430	0.08970	0.01224	0.01516	0.09708	0.07140	0.63327	0.01137	0.00557	0.00160	0.00272	0.00950	0.00453	0.00450
40	0.00814	0.08511	0.00825	0.00683	0.00776	0.00671	0.00483	0.09020	0.00996	0.01313	0.01948	0.42312	0.02239	0.25894	0.01116	0.00261	0.00382	0.00954	0.00378	0.00425
41	0.01241	0.66788	0.02251	0.08642	0.01425	0.01716	0.00869	0.05276	0.01041	0.01246	0.00811	0.01092	0.00745	0.00475	0.00351	0.00116	0.00520	0.04557	0.00232	0.00606
42	0.00962	0.00859	0.01329	0.62520	0.02769	0.00995	0.01153	0.05114	0.01028	0.01384	0.00892	0.01244	0.00679	0.00467	0.00454	0.00143	0.00573	0.00404	0.03496	0.13537
43	0.00987	0.00820	0.00963	0.00734	0.01103	0.00656	0.00584	0.05455	0.01059	0.01600	0.01122	0.09092	0.01052	0.00525	0.00401	0.00094	0.00361	0.04260	0.00317	0.68815
44	0.63312	0.00996	0.00887	0.00761	0.01063	0.04716	0.04487	0.01514	0.08246	0.02018	0.03367	0.01001	0.00759	0.00476	0.00345	0.00145	0.00410	0.00324	0.00315	0.04858

[dist]
# distance from previous block
# <min> <max>
0	181

# created by:
# /st0/software/busco_prod/Augustus/scripts/msa2prfl.pl ./align_prep/64101.fa
