[name]
unknown

[dist]
# distance from previous block
# <min> <max>
0	17

[block]
# block no. 0 follows, 52 sequences, length 19
# corresponding to MSA columns:
# 18-36
name=unknown_A
#
# <colnr> <probs for GDERKNQSTAVLIFYWHMCP>
#	G	D	E	R	K	N	Q	S	T	A	V	L	I	F	Y	W	H	M	C	P
0	0.02619	0.00749	0.00952	0.02705	0.11175	0.00773	0.00692	0.10538	0.08599	0.04074	0.05314	0.25948	0.10849	0.09022	0.00748	0.00199	0.01551	0.02535	0.00413	0.00547
1	0.14536	0.03754	0.02181	0.00820	0.01084	0.05366	0.02236	0.18300	0.06468	0.05058	0.03526	0.09039	0.11277	0.00737	0.00477	0.01498	0.00414	0.00574	0.09773	0.02880
2	0.00948	0.00772	0.01017	0.18884	0.05121	0.02540	0.02147	0.02462	0.15596	0.03685	0.05919	0.18900	0.04220	0.04687	0.02400	0.00189	0.00449	0.00710	0.07048	0.02303
3	0.07759	0.00877	0.01054	0.07049	0.02420	0.09725	0.08964	0.01192	0.02897	0.05154	0.07340	0.09617	0.07957	0.13282	0.00943	0.08174	0.01678	0.00636	0.02807	0.00475
4	0.01241	0.00929	0.01099	0.01073	0.08840	0.00977	0.00756	0.22843	0.17724	0.07111	0.06368	0.13875	0.10484	0.02275	0.00554	0.00164	0.00408	0.00694	0.00457	0.02129
5	0.01033	0.00704	0.03037	0.05045	0.01036	0.00656	0.00610	0.08734	0.02558	0.12666	0.41970	0.05360	0.04491	0.07284	0.00687	0.00178	0.00343	0.00733	0.02332	0.00544
6	0.00850	0.00780	0.01269	0.64375	0.02778	0.00945	0.01155	0.01131	0.00968	0.01238	0.01382	0.06004	0.08568	0.00812	0.05604	0.00203	0.00629	0.00545	0.00254	0.00511
7	0.02604	0.01157	0.01181	0.03624	0.01275	0.16403	0.00837	0.12318	0.05941	0.05552	0.01211	0.09270	0.01099	0.01289	0.15843	0.00282	0.18686	0.00524	0.00329	0.00576
8	0.00855	0.00759	0.00986	0.08900	0.06164	0.07082	0.00761	0.01030	0.00857	0.01158	0.01169	0.01770	0.01093	0.08784	0.51436	0.00573	0.05403	0.00498	0.00253	0.00469
9	0.63062	0.01069	0.01013	0.00836	0.01165	0.06144	0.08177	0.04062	0.00954	0.02033	0.00741	0.00874	0.00577	0.00446	0.00346	0.00143	0.00454	0.00304	0.00297	0.07304
10	0.01171	0.01144	0.02014	0.09117	0.66304	0.01153	0.08990	0.01474	0.01097	0.01553	0.00914	0.01217	0.00755	0.00434	0.00489	0.00147	0.00605	0.00445	0.00238	0.00738
11	0.01058	0.01051	0.01319	0.01110	0.01220	0.05493	0.00912	0.01188	0.00851	0.01259	0.00958	0.01267	0.05664	0.00755	0.01217	0.00176	0.56176	0.00429	0.00244	0.17649
12	0.01810	0.02310	0.01373	0.01248	0.01498	0.81024	0.00936	0.01935	0.01373	0.01186	0.00749	0.00874	0.00624	0.00499	0.00437	0.00125	0.00874	0.00312	0.00250	0.00562
13	0.01199	0.01151	0.01967	0.02974	0.79946	0.01151	0.01487	0.01487	0.01103	0.01583	0.00912	0.01199	0.00768	0.00432	0.00480	0.00144	0.00576	0.00432	0.00240	0.00768
14	0.01235	0.01230	0.01897	0.06398	0.70283	0.07464	0.01437	0.01511	0.01119	0.01536	0.00896	0.01178	0.00751	0.00440	0.00477	0.00143	0.00602	0.00422	0.00240	0.00741
15	0.00770	0.00568	0.00734	0.00690	0.00747	0.00615	0.00483	0.00827	0.00746	0.01054	0.01274	0.02329	0.01354	0.41257	0.22899	0.07018	0.08671	0.00574	0.00270	0.07119
16	0.00610	0.00437	0.00580	0.00661	0.00707	0.00407	0.00451	0.00724	0.01019	0.01383	0.18563	0.66345	0.03487	0.01409	0.00609	0.00188	0.00270	0.01274	0.00467	0.00407
17	0.00692	0.00519	0.00779	0.00779	0.00865	0.00606	0.00606	0.00865	0.00779	0.01125	0.01298	0.01904	0.01211	0.03634	0.81049	0.00779	0.01298	0.00519	0.00260	0.00433
18	0.01250	0.01248	0.01918	0.02831	0.73430	0.07786	0.01441	0.01524	0.01126	0.01550	0.00898	0.01172	0.00756	0.00437	0.00476	0.00142	0.00600	0.00422	0.00241	0.00751

[dist]
# distance from previous block
# <min> <max>
0	3

[block]
# block no. 1 follows, 52 sequences, length 9
# corresponding to MSA columns:
# 40-48
name=unknown_B
#
# <colnr> <probs for GDERKNQSTAVLIFYWHMCP>
#	G	D	E	R	K	N	Q	S	T	A	V	L	I	F	Y	W	H	M	C	P
0	0.01426	0.62719	0.02243	0.00936	0.01308	0.21991	0.00856	0.01574	0.01083	0.01152	0.00693	0.00802	0.00622	0.00436	0.00343	0.00109	0.00608	0.00273	0.00218	0.00607
1	0.73451	0.00951	0.00856	0.00874	0.08533	0.01072	0.00628	0.01484	0.00883	0.06541	0.00768	0.00876	0.00586	0.00457	0.00328	0.00149	0.00396	0.00291	0.00311	0.00565
2	0.00968	0.00944	0.01702	0.01765	0.26165	0.00898	0.24060	0.01253	0.01179	0.01617	0.20063	0.02323	0.13557	0.00676	0.00543	0.00155	0.00517	0.00667	0.00342	0.00606
3	0.01080	0.01064	0.01673	0.07798	0.45100	0.06014	0.08573	0.01329	0.01083	0.01459	0.01359	0.16196	0.03819	0.00662	0.00515	0.00156	0.00558	0.00630	0.00285	0.00647
4	0.00746	0.00597	0.00839	0.00989	0.12663	0.00610	0.00617	0.00894	0.00917	0.01244	0.06740	0.02736	0.17973	0.18470	0.31331	0.00454	0.00737	0.00671	0.00320	0.00452
5	0.25213	0.14038	0.28538	0.01023	0.01480	0.10117	0.01076	0.01642	0.05928	0.05567	0.00893	0.00984	0.00675	0.00474	0.00394	0.00142	0.00572	0.00330	0.00275	0.00640
6	0.24212	0.01431	0.01592	0.01693	0.23900	0.22349	0.12626	0.03932	0.01142	0.01676	0.00823	0.01018	0.00661	0.00456	0.00434	0.00143	0.00636	0.00376	0.00267	0.00632
7	0.00649	0.00546	0.00582	0.00570	0.00735	0.00505	0.00432	0.00899	0.08485	0.01384	0.07126	0.04088	0.61929	0.01395	0.08284	0.00222	0.00359	0.00924	0.00439	0.00447
8	0.00766	0.00659	0.00700	0.00689	0.00829	0.04586	0.00512	0.01068	0.12285	0.01329	0.02957	0.11015	0.32689	0.07822	0.19533	0.00332	0.00563	0.00812	0.00390	0.00464

[dist]
# distance from previous block
# <min> <max>
8	17

[block]
# block no. 2 follows, 52 sequences, length 38
# corresponding to MSA columns:
# 66-103
name=unknown_C
#
# <colnr> <probs for GDERKNQSTAVLIFYWHMCP>
#	G	D	E	R	K	N	Q	S	T	A	V	L	I	F	Y	W	H	M	C	P
0	0.01085	0.01338	0.16039	0.01452	0.05700	0.01005	0.29100	0.06088	0.01137	0.01631	0.01036	0.06068	0.00865	0.00482	0.00484	0.00135	0.00607	0.00486	0.00277	0.24985
1	0.06448	0.40145	0.05942	0.00903	0.01285	0.01332	0.05839	0.01468	0.02558	0.09530	0.01090	0.09579	0.00983	0.00552	0.00395	0.00125	0.00482	0.00435	0.00296	0.10613
2	0.01045	0.01088	0.12578	0.00912	0.01318	0.02390	0.05824	0.01299	0.01043	0.07233	0.01277	0.12546	0.02635	0.00576	0.00439	0.00116	0.00442	0.00498	0.00320	0.46422
3	0.01030	0.07135	0.12648	0.00820	0.01190	0.00803	0.00747	0.01328	0.05677	0.06298	0.05270	0.06784	0.01244	0.09212	0.00636	0.00151	0.00427	0.00469	0.00325	0.37807
4	0.18274	0.00835	0.07254	0.00700	0.00979	0.00692	0.00608	0.01252	0.02458	0.10987	0.22488	0.02519	0.18649	0.00770	0.00474	0.00146	0.00340	0.00628	0.00423	0.09525
5	0.01006	0.10704	0.57894	0.01239	0.01849	0.01148	0.03261	0.01516	0.04278	0.01539	0.05270	0.01179	0.00879	0.00486	0.00449	0.00144	0.00635	0.00385	0.00241	0.05898
6	0.01005	0.00861	0.01005	0.00718	0.01148	0.00646	0.00574	0.01220	0.01005	0.01579	0.00861	0.01005	0.00718	0.00359	0.00359	0.00072	0.00359	0.00287	0.00287	0.85932
7	0.01785	0.01031	0.01218	0.00928	0.01312	0.01004	0.00762	0.31024	0.02910	0.33394	0.02948	0.01385	0.01037	0.00556	0.00464	0.00134	0.00444	0.00439	0.00495	0.16731
8	0.01199	0.01151	0.01967	0.02974	0.79946	0.01151	0.01487	0.01487	0.01103	0.01583	0.00912	0.01199	0.00768	0.00432	0.00480	0.00144	0.00576	0.00432	0.00240	0.00768
9	0.00602	0.00430	0.00576	0.00688	0.00721	0.00404	0.00470	0.00695	0.00939	0.01250	0.02665	0.77938	0.03180	0.01507	0.00622	0.00198	0.00291	0.05978	0.00450	0.00397
10	0.00705	0.00470	0.00529	0.00529	0.00529	0.00470	0.00294	0.00705	0.00705	0.00940	0.01527	0.03171	0.01762	0.82969	0.02467	0.00470	0.00470	0.00705	0.00294	0.00294
11	0.01039	0.00909	0.01399	0.63522	0.02882	0.01096	0.01238	0.12393	0.01171	0.01519	0.01044	0.01613	0.00846	0.00568	0.00500	0.00164	0.00613	0.06640	0.00273	0.00572
12	0.00674	0.00495	0.00631	0.00597	0.00717	0.00452	0.00448	0.00891	0.01344	0.01877	0.71821	0.03730	0.12484	0.01016	0.00572	0.00154	0.00230	0.00892	0.00525	0.00452
13	0.01144	0.01243	0.06276	0.18300	0.08788	0.01200	0.39693	0.06603	0.08661	0.01633	0.01052	0.01319	0.00791	0.00464	0.00527	0.00160	0.00697	0.00509	0.00276	0.00665
14	0.00915	0.00861	0.01453	0.81804	0.03338	0.01077	0.01346	0.01238	0.00969	0.01238	0.00861	0.01292	0.00646	0.00484	0.00484	0.00161	0.00646	0.00431	0.00215	0.00538
15	0.00591	0.00482	0.00524	0.00540	0.00676	0.00414	0.00398	0.00721	0.01104	0.01365	0.12187	0.17086	0.58244	0.01252	0.00582	0.00169	0.00253	0.02540	0.00458	0.00412
16	0.01145	0.01082	0.01828	0.02726	0.71610	0.01078	0.01379	0.01427	0.01132	0.01621	0.09202	0.01454	0.01168	0.00491	0.00489	0.00145	0.00539	0.00479	0.00271	0.00735
17	0.01012	0.00880	0.01095	0.05819	0.06438	0.00705	0.00681	0.01239	0.01009	0.01559	0.00865	0.01035	0.00717	0.00371	0.00374	0.00082	0.00391	0.00305	0.00280	0.75143
18	0.00703	0.00525	0.00639	0.00631	0.00746	0.00497	0.00464	0.04834	0.01203	0.01619	0.34260	0.20228	0.20697	0.04917	0.04627	0.00210	0.00326	0.01961	0.00469	0.00444
19	0.01115	0.01076	0.01839	0.06759	0.62886	0.01074	0.06047	0.01395	0.01099	0.01535	0.01334	0.01575	0.09071	0.00517	0.00495	0.00148	0.00559	0.00502	0.00261	0.00711
20	0.71879	0.01040	0.00837	0.00744	0.01009	0.06359	0.00608	0.01431	0.00852	0.02004	0.00676	0.00822	0.00543	0.00495	0.00445	0.00155	0.09006	0.00283	0.00287	0.00528
21	0.01301	0.01492	0.01084	0.09499	0.01399	0.43989	0.00796	0.01443	0.01187	0.01248	0.01488	0.21228	0.05195	0.00788	0.00487	0.00148	0.00634	0.00629	0.05463	0.00504
22	0.01104	0.01022	0.01052	0.00781	0.01191	0.09119	0.00618	0.02645	0.01066	0.01564	0.00855	0.00994	0.00710	0.00378	0.00369	0.00079	0.00416	0.00292	0.00287	0.75458
23	0.00737	0.00567	0.00794	0.00770	0.00824	0.00670	0.00576	0.00858	0.00756	0.01082	0.01283	0.02135	0.01289	0.23761	0.51868	0.00635	0.10168	0.00556	0.00263	0.00408
24	0.00842	0.00421	0.00631	0.00631	0.00631	0.00421	0.00421	0.00631	0.00631	0.00842	0.00842	0.01473	0.00842	0.01684	0.01894	0.85901	0.00421	0.00421	0.00210	0.00210
25	0.00972	0.02507	0.80458	0.01381	0.02097	0.01125	0.01790	0.01535	0.01023	0.01535	0.00870	0.01023	0.00614	0.00460	0.00460	0.00153	0.00716	0.00358	0.00205	0.00716
26	0.01178	0.01140	0.01898	0.11861	0.69842	0.02607	0.01461	0.01467	0.01093	0.01537	0.00903	0.01204	0.00751	0.00439	0.00480	0.00146	0.00589	0.00429	0.00237	0.00738
27	0.00967	0.00926	0.01507	0.70138	0.11318	0.02757	0.01346	0.01277	0.00987	0.01272	0.00860	0.01269	0.00658	0.00487	0.00506	0.00160	0.02356	0.00428	0.00219	0.00563
28	0.00577	0.00475	0.00507	0.00532	0.00665	0.00406	0.00387	0.00691	0.01065	0.01293	0.04407	0.22168	0.62569	0.01293	0.00583	0.00171	0.00253	0.01102	0.00450	0.00406
29	0.00590	0.00425	0.00559	0.00666	0.00700	0.00394	0.00446	0.00676	0.00937	0.01241	0.02781	0.78811	0.06976	0.01504	0.00616	0.00195	0.00279	0.01360	0.00450	0.00394
30	0.01033	0.00993	0.01515	0.43703	0.27313	0.05472	0.01257	0.01300	0.01006	0.01314	0.00941	0.01437	0.00801	0.09149	0.00689	0.00186	0.00618	0.00453	0.00233	0.00587
31	0.16547	0.53126	0.16993	0.00899	0.01351	0.01618	0.00957	0.01462	0.00963	0.01401	0.00711	0.00826	0.00603	0.00430	0.00337	0.00121	0.00530	0.00278	0.00223	0.00622
32	0.00606	0.00430	0.00566	0.00669	0.00697	0.00405	0.00447	0.00688	0.00915	0.01218	0.02569	0.73299	0.03067	0.08554	0.00780	0.00221	0.00303	0.03741	0.00436	0.00387
33	0.78893	0.00904	0.00712	0.02435	0.00966	0.01045	0.00531	0.01401	0.00840	0.02129	0.00738	0.00865	0.00574	0.00458	0.00307	0.00148	0.00371	0.00279	0.05883	0.00520
34	0.00589	0.00429	0.00555	0.00656	0.00698	0.00395	0.00442	0.00677	0.00946	0.01244	0.02898	0.74752	0.10960	0.01489	0.00614	0.00193	0.00278	0.01342	0.00450	0.00395
35	0.03707	0.36164	0.01470	0.00734	0.00962	0.01151	0.00635	0.01101	0.00907	0.01170	0.01487	0.02070	0.09371	0.15660	0.16201	0.00313	0.01685	0.04447	0.00273	0.00492
36	0.34775	0.07150	0.35583	0.01038	0.01521	0.09570	0.01138	0.01528	0.00979	0.01724	0.00767	0.00898	0.00580	0.00457	0.00385	0.00146	0.00585	0.00309	0.00247	0.00618
37	0.01283	0.01173	0.01700	0.18166	0.42526	0.05039	0.01293	0.16316	0.01316	0.01780	0.02616	0.01244	0.00826	0.00494	0.00503	0.00148	0.02141	0.00436	0.00289	0.00712

[dist]
# distance from previous block
# <min> <max>
0	2

[block]
# block no. 3 follows, 52 sequences, length 61
# corresponding to MSA columns:
# 106-166
name=unknown_D
#
# <colnr> <probs for GDERKNQSTAVLIFYWHMCP>
#	G	D	E	R	K	N	Q	S	T	A	V	L	I	F	Y	W	H	M	C	P
0	0.16207	0.01489	0.01304	0.01169	0.06985	0.23053	0.00869	0.32275	0.01590	0.02163	0.00923	0.01009	0.00705	0.00507	0.00429	0.00134	0.00587	0.00360	0.00355	0.07888
1	0.05773	0.43777	0.08686	0.00911	0.01322	0.08176	0.00875	0.01736	0.01118	0.21966	0.01021	0.01036	0.00768	0.00476	0.00380	0.00124	0.00530	0.00332	0.00318	0.00673
2	0.00683	0.00484	0.00580	0.00565	0.00630	0.00463	0.00377	0.00792	0.01014	0.01383	0.32809	0.03468	0.11256	0.39132	0.04087	0.00321	0.00377	0.00801	0.00404	0.00375
3	0.01667	0.01056	0.01141	0.00959	0.01277	0.06725	0.00763	0.05369	0.38955	0.33831	0.01829	0.01652	0.01279	0.00620	0.00486	0.00155	0.00436	0.00502	0.00519	0.00778
4	0.00673	0.00495	0.00630	0.00597	0.00716	0.00452	0.00447	0.00890	0.01342	0.01873	0.71407	0.03736	0.12900	0.01017	0.00572	0.00154	0.00230	0.00893	0.00524	0.00452
5	0.00680	0.00495	0.00640	0.00604	0.00721	0.00455	0.00453	0.00904	0.01359	0.01913	0.76105	0.03670	0.08177	0.01002	0.00572	0.00153	0.00229	0.00883	0.00529	0.00455
6	0.01199	0.01151	0.01967	0.02974	0.79946	0.01151	0.01487	0.01487	0.01103	0.01583	0.00912	0.01199	0.00768	0.00432	0.00480	0.00144	0.00576	0.00432	0.00240	0.00768
7	0.01810	0.02310	0.01373	0.01248	0.01498	0.81024	0.00936	0.01935	0.01373	0.01186	0.00749	0.00874	0.00624	0.00499	0.00437	0.00125	0.00874	0.00312	0.00250	0.00562
8	0.00664	0.00570	0.00578	0.00562	0.00742	0.00523	0.00425	0.00965	0.12305	0.01412	0.04487	0.04253	0.68505	0.01145	0.00561	0.00164	0.00265	0.00955	0.00456	0.00461
9	0.01005	0.00861	0.01005	0.00718	0.01148	0.00646	0.00574	0.01220	0.01005	0.01579	0.00861	0.01005	0.00718	0.00359	0.00359	0.00072	0.00359	0.00287	0.00287	0.85932
10	0.01002	0.09990	0.73238	0.01330	0.02018	0.01199	0.01701	0.01527	0.01020	0.01498	0.00851	0.01000	0.00615	0.00456	0.00447	0.00149	0.00698	0.00349	0.00205	0.00707
11	0.01461	0.01746	0.01151	0.01078	0.01289	0.55639	0.00825	0.01609	0.01315	0.01304	0.08654	0.02087	0.07543	0.00723	0.00494	0.00145	0.00703	0.11392	0.00320	0.00523
12	0.01745	0.02177	0.01307	0.01191	0.01431	0.75261	0.00894	0.01877	0.01348	0.01230	0.00809	0.00941	0.00668	0.00504	0.00430	0.00124	0.00828	0.00322	0.06358	0.00554
13	0.02065	0.00859	0.01190	0.00917	0.01289	0.00768	0.03709	0.02346	0.06982	0.71595	0.01880	0.01648	0.01202	0.00597	0.00491	0.00152	0.00426	0.00495	0.00578	0.00814
14	0.00863	0.00775	0.01271	0.62659	0.02754	0.00936	0.01177	0.01147	0.00983	0.01265	0.01275	0.10598	0.01197	0.00706	0.00523	0.00173	0.00581	0.10335	0.00270	0.00511
15	0.00600	0.00428	0.00573	0.00685	0.00717	0.00401	0.00466	0.00691	0.00937	0.01247	0.02666	0.78952	0.03185	0.01510	0.00621	0.00198	0.00289	0.04988	0.00450	0.00396
16	0.00842	0.00421	0.00631	0.00631	0.00631	0.00421	0.00421	0.00631	0.00631	0.00842	0.00842	0.01473	0.00842	0.01684	0.01894	0.85901	0.00421	0.00421	0.00210	0.00210
17	0.01179	0.01131	0.01930	0.08612	0.74467	0.01146	0.01477	0.01469	0.01094	0.01559	0.00908	0.01206	0.00759	0.00436	0.00480	0.00145	0.00581	0.00432	0.00238	0.00751
18	0.00625	0.00493	0.00564	0.00546	0.00687	0.00431	0.00410	0.00797	0.01229	0.01604	0.39662	0.04179	0.44813	0.01117	0.00572	0.00158	0.00238	0.00955	0.00489	0.00431
19	0.01199	0.01151	0.01967	0.02974	0.79946	0.01151	0.01487	0.01487	0.01103	0.01583	0.00912	0.01199	0.00768	0.00432	0.00480	0.00144	0.00576	0.00432	0.00240	0.00768
20	0.01060	0.01060	0.01484	0.01272	0.01272	0.01484	0.01060	0.01166	0.00742	0.01166	0.00636	0.01060	0.00636	0.00848	0.01590	0.00212	0.82082	0.00424	0.00212	0.00530
21	0.00590	0.00422	0.00562	0.00675	0.00703	0.00394	0.00450	0.00675	0.00928	0.01237	0.02671	0.82653	0.03205	0.01518	0.00619	0.00197	0.00281	0.01378	0.00450	0.00394
22	0.00634	0.00491	0.00577	0.00561	0.00693	0.00434	0.00419	0.00811	0.01240	0.01644	0.44660	0.06957	0.36909	0.01112	0.00574	0.00159	0.00238	0.00958	0.00494	0.00434
23	0.01172	0.01529	0.23366	0.05224	0.48897	0.01168	0.02934	0.06988	0.01161	0.01662	0.00918	0.01154	0.00725	0.00452	0.00477	0.00148	0.00618	0.00415	0.00247	0.00747
24	0.00641	0.00494	0.00585	0.00562	0.00696	0.00438	0.00422	0.00827	0.01265	0.01689	0.49720	0.04038	0.34702	0.01086	0.00572	0.00157	0.00235	0.00935	0.00500	0.00438
25	0.01058	0.01076	0.09783	0.00995	0.01271	0.01015	0.03369	0.05272	0.45792	0.01812	0.01951	0.21086	0.01745	0.00831	0.00522	0.00170	0.00416	0.00722	0.00442	0.00671
26	0.01048	0.00860	0.01009	0.00723	0.01152	0.00648	0.00579	0.01262	0.01019	0.04455	0.00900	0.01028	0.00735	0.00368	0.00364	0.00075	0.00361	0.00294	0.00299	0.82822
27	0.00597	0.00492	0.00524	0.00516	0.00669	0.00419	0.00387	0.00742	0.01161	0.01444	0.20840	0.04441	0.63734	0.01177	0.00572	0.00161	0.00242	0.00992	0.00468	0.00419
28	0.01195	0.01093	0.01137	0.08134	0.02920	0.07151	0.00826	0.02293	0.60610	0.01869	0.04613	0.01800	0.02922	0.00649	0.00492	0.00160	0.00439	0.00538	0.00446	0.00714
29	0.00703	0.00477	0.00563	0.00563	0.00574	0.00488	0.00336	0.00727	0.00715	0.00965	0.01496	0.02998	0.01687	0.72152	0.13181	0.00512	0.00583	0.00679	0.00289	0.00313
30	0.01032	0.00905	0.01169	0.05211	0.13434	0.00779	0.00764	0.01347	0.06616	0.01608	0.03994	0.01208	0.00925	0.00422	0.00402	0.00097	0.00404	0.00358	0.00300	0.59024
31	0.00814	0.00710	0.00897	0.00865	0.00955	0.06742	0.00678	0.00977	0.00820	0.01134	0.01188	0.01739	0.01108	0.03110	0.66753	0.00671	0.09640	0.00494	0.00254	0.00452
32	0.86392	0.00937	0.00712	0.00637	0.00937	0.01087	0.00525	0.01425	0.00825	0.02174	0.00675	0.00787	0.00525	0.00450	0.00300	0.00150	0.00375	0.00262	0.00300	0.00525
33	0.01009	0.02455	0.78016	0.01365	0.02071	0.01113	0.01757	0.01560	0.01034	0.03959	0.00902	0.01042	0.00632	0.00465	0.00461	0.00153	0.00707	0.00362	0.00217	0.00720
34	0.01005	0.00861	0.01005	0.00718	0.01148	0.00646	0.00574	0.01220	0.01005	0.01579	0.00861	0.01005	0.00718	0.00359	0.00359	0.00072	0.00359	0.00287	0.00287	0.85932
35	0.03017	0.01072	0.01167	0.01100	0.05624	0.01226	0.00815	0.09040	0.66509	0.02094	0.01817	0.01698	0.01364	0.00634	0.00488	0.00161	0.00407	0.00526	0.00474	0.00767
36	0.01430	0.03226	0.43460	0.01217	0.03015	0.00989	0.04214	0.01849	0.02655	0.30166	0.01271	0.01275	0.00852	0.00510	0.00471	0.00151	0.00593	0.00415	0.00357	0.01884
37	0.04330	0.17134	0.12522	0.01373	0.04742	0.15473	0.19203	0.02961	0.01151	0.10698	0.00947	0.01094	0.00722	0.00485	0.00515	0.00143	0.05172	0.00401	0.00279	0.00656
38	0.01296	0.83261	0.02539	0.00829	0.01244	0.01917	0.00829	0.01451	0.00985	0.01140	0.00674	0.00777	0.00622	0.00415	0.00311	0.00104	0.00518	0.00259	0.00207	0.00622
39	0.00606	0.00484	0.00543	0.00546	0.00680	0.00420	0.00403	0.00753	0.01156	0.01475	0.25221	0.13945	0.49663	0.01198	0.00578	0.00165	0.00245	0.01026	0.00473	0.00420
40	0.01265	0.03886	0.17902	0.13219	0.32000	0.16804	0.01377	0.05157	0.01173	0.01504	0.00869	0.01099	0.00690	0.00465	0.00464	0.00144	0.00669	0.00389	0.00242	0.00683
41	0.00902	0.00830	0.01232	0.17651	0.01555	0.01094	0.00960	0.01076	0.00802	0.01167	0.00913	0.01402	0.00839	0.01746	0.29103	0.00400	0.37143	0.00459	0.00229	0.00498
42	0.01205	0.01041	0.01096	0.00986	0.01260	0.01205	0.00767	0.02575	0.79071	0.02027	0.01972	0.01808	0.01479	0.00657	0.00493	0.00164	0.00384	0.00548	0.00493	0.00767
43	0.00713	0.00561	0.00716	0.00656	0.00742	0.00559	0.04129	0.00803	0.00932	0.01225	0.12955	0.03390	0.24450	0.37035	0.01501	0.01876	0.06225	0.00788	0.00361	0.00382
44	0.00592	0.00427	0.00561	0.00664	0.00701	0.00396	0.00446	0.00681	0.00947	0.01257	0.04597	0.77048	0.06907	0.01492	0.00615	0.00194	0.00278	0.01349	0.00452	0.00396
45	0.01183	0.01248	0.07581	0.02861	0.74379	0.01150	0.01509	0.01491	0.01098	0.01580	0.00909	0.01187	0.00757	0.00434	0.00478	0.00145	0.00586	0.00427	0.00237	0.00764
46	0.01013	0.03932	0.71424	0.01350	0.02001	0.01157	0.01694	0.01526	0.01011	0.03360	0.00874	0.01036	0.00629	0.00491	0.00539	0.00157	0.06524	0.00364	0.00215	0.00704
47	0.01660	0.22476	0.01654	0.01134	0.01426	0.58384	0.00903	0.01837	0.04088	0.01205	0.00775	0.00884	0.00655	0.00484	0.00408	0.00121	0.00767	0.00307	0.00248	0.00584
48	0.86392	0.00937	0.00712	0.00637	0.00937	0.01087	0.00525	0.01425	0.00825	0.02174	0.00675	0.00787	0.00525	0.00450	0.00300	0.00150	0.00375	0.00262	0.00300	0.00525
49	0.01049	0.15653	0.65568	0.01284	0.01942	0.01265	0.01610	0.03635	0.01051	0.01512	0.00846	0.00987	0.00621	0.00456	0.00437	0.00145	0.00679	0.00344	0.00213	0.00704
50	0.00903	0.00452	0.00452	0.00452	0.00565	0.00452	0.00339	0.01129	0.01016	0.01807	0.01581	0.01807	0.01242	0.00565	0.00339	0.00113	0.00226	0.00452	0.85659	0.00452
51	0.00614	0.00475	0.00560	0.00577	0.00689	0.00421	0.00418	0.00761	0.01146	0.01496	0.28519	0.24389	0.35744	0.01226	0.00584	0.00169	0.00249	0.01067	0.00477	0.00421
52	0.00686	0.00495	0.00648	0.00610	0.00724	0.00457	0.00457	0.00914	0.01372	0.01943	0.79691	0.03620	0.04572	0.00991	0.00572	0.00152	0.00229	0.00876	0.00533	0.00457
53	0.01015	0.00802	0.00891	0.00805	0.01017	0.00867	0.00628	0.01707	0.35908	0.07370	0.09412	0.02826	0.27134	0.00881	0.00604	0.00165	0.06171	0.00717	0.00470	0.00612
54	0.01141	0.01092	0.01856	0.18470	0.63247	0.01143	0.01451	0.01432	0.01070	0.01507	0.00896	0.01215	0.00741	0.00451	0.00503	0.00149	0.02254	0.00431	0.00234	0.00718
55	0.01248	0.28124	0.21512	0.01648	0.23329	0.11228	0.03581	0.01544	0.01080	0.01378	0.00807	0.00983	0.00664	0.00441	0.00418	0.00132	0.00636	0.00347	0.00222	0.00679
56	0.00584	0.00461	0.00527	0.00574	0.00678	0.00404	0.00406	0.00693	0.01036	0.01297	0.06241	0.38455	0.44238	0.01346	0.00593	0.00178	0.00260	0.01172	0.00453	0.00404
57	0.40324	0.07723	0.29044	0.01096	0.07082	0.01173	0.01073	0.01516	0.04062	0.01822	0.00812	0.00940	0.00619	0.00458	0.00378	0.00148	0.00521	0.00320	0.00263	0.00627
58	0.01241	0.00856	0.02402	0.00791	0.01147	0.00719	0.02131	0.04602	0.07073	0.17780	0.09838	0.01654	0.04153	0.00550	0.00436	0.00114	0.00371	0.00457	0.03702	0.39986
59	0.00925	0.06542	0.00884	0.06152	0.01011	0.00648	0.00577	0.01154	0.03624	0.11533	0.37111	0.11659	0.13388	0.00949	0.00540	0.00157	0.00316	0.01838	0.00474	0.00517
60	0.01071	0.13710	0.45652	0.01177	0.01724	0.04970	0.04139	0.01505	0.03221	0.03177	0.06871	0.01284	0.02363	0.00508	0.00446	0.00140	0.00613	0.00403	0.00260	0.06766

[dist]
# distance from previous block
# <min> <max>
0	3

[block]
# block no. 4 follows, 52 sequences, length 33
# corresponding to MSA columns:
# 170-202
name=unknown_E
#
# <colnr> <probs for GDERKNQSTAVLIFYWHMCP>
#	G	D	E	R	K	N	Q	S	T	A	V	L	I	F	Y	W	H	M	C	P
0	0.01097	0.08307	0.19014	0.01407	0.12781	0.01134	0.09488	0.05634	0.18904	0.01714	0.07470	0.03906	0.04546	0.00614	0.00492	0.00154	0.00532	0.01787	0.00341	0.00680
1	0.00951	0.00887	0.01488	0.61098	0.17324	0.01044	0.01305	0.01260	0.01024	0.01355	0.06805	0.01450	0.00964	0.00513	0.00490	0.00158	0.00602	0.00464	0.00244	0.00575
2	0.00666	0.02820	0.00677	0.00679	0.00770	0.00502	0.01598	0.02144	0.02838	0.01344	0.06462	0.52855	0.17445	0.01396	0.02793	0.00199	0.00323	0.02298	0.01763	0.00429
3	0.03603	0.07917	0.37852	0.01314	0.04947	0.01158	0.08415	0.07163	0.07039	0.12526	0.01145	0.01281	0.00836	0.00512	0.00468	0.00151	0.00610	0.02026	0.00314	0.00721
4	0.02158	0.00851	0.01141	0.00875	0.01250	0.00751	0.00722	0.06066	0.01430	0.76517	0.01875	0.01626	0.01181	0.00599	0.00487	0.00150	0.00418	0.00485	0.00594	0.00825
5	0.01433	0.00834	0.01147	0.23690	0.01773	0.00882	0.00872	0.01896	0.17592	0.32407	0.01716	0.10899	0.01333	0.00685	0.00503	0.00162	0.00457	0.00587	0.00452	0.00682
6	0.02409	0.12424	0.53114	0.02674	0.01942	0.01188	0.10058	0.01496	0.01055	0.02893	0.05608	0.01191	0.00876	0.00483	0.00459	0.00148	0.00661	0.00402	0.00238	0.00677
7	0.01320	0.07337	0.12243	0.01848	0.24362	0.01184	0.20364	0.08155	0.03642	0.10974	0.03121	0.01304	0.00905	0.00482	0.00492	0.00149	0.00612	0.00466	0.00313	0.00725
8	0.00681	0.00479	0.00567	0.00570	0.00609	0.00479	0.00362	0.00734	0.00800	0.01064	0.04949	0.06250	0.11694	0.54619	0.13732	0.00454	0.00548	0.00750	0.00324	0.00339
9	0.01053	0.24591	0.25739	0.17527	0.05930	0.01281	0.01216	0.02939	0.04184	0.01408	0.03035	0.01387	0.06720	0.00532	0.00437	0.00142	0.00575	0.00420	0.00253	0.00631
10	0.03100	0.02663	0.12984	0.01933	0.26451	0.08479	0.17210	0.06761	0.04268	0.02783	0.00946	0.01168	0.00746	0.00496	0.00585	0.00154	0.07874	0.00438	0.00267	0.00694
11	0.01438	0.35114	0.02174	0.01191	0.01588	0.06239	0.20509	0.01734	0.05808	0.15899	0.01062	0.01149	0.00809	0.00479	0.00464	0.00135	0.02823	0.00406	0.00309	0.00670
12	0.01081	0.02454	0.10855	0.04127	0.14587	0.00865	0.04426	0.03450	0.01092	0.04061	0.04321	0.01247	0.02014	0.00444	0.00424	0.00111	0.00471	0.00383	0.00291	0.43295
13	0.01148	0.05718	0.11404	0.04938	0.50897	0.05189	0.02729	0.01449	0.01114	0.01542	0.06848	0.02837	0.01061	0.00501	0.00477	0.00145	0.00580	0.00461	0.00260	0.00703
14	0.00969	0.00947	0.01427	0.65884	0.08824	0.05866	0.01270	0.01265	0.01012	0.01265	0.01113	0.01472	0.05639	0.00528	0.00487	0.00158	0.00629	0.00461	0.00234	0.00549
15	0.00636	0.00457	0.00612	0.00720	0.00774	0.00434	0.00527	0.00755	0.00980	0.01291	0.02732	0.61041	0.06052	0.01464	0.00629	0.00202	0.00320	0.19520	0.00449	0.00407
16	0.01346	0.75257	0.02424	0.00871	0.01269	0.09739	0.00840	0.01499	0.01023	0.01145	0.00681	0.00787	0.00622	0.00423	0.00323	0.00106	0.00553	0.00264	0.00211	0.00616
17	0.29029	0.03486	0.01101	0.01026	0.07091	0.01193	0.00757	0.08257	0.37213	0.02086	0.01378	0.01432	0.01066	0.00575	0.00427	0.00156	0.00413	0.02231	0.00401	0.00681
18	0.01205	0.39834	0.36927	0.01081	0.01622	0.01469	0.01246	0.01579	0.03359	0.06329	0.00877	0.00972	0.00680	0.00454	0.00394	0.00130	0.00595	0.00326	0.00239	0.00681
19	0.00882	0.00721	0.00812	0.00812	0.00966	0.00781	0.00596	0.01582	0.38176	0.01618	0.02473	0.39420	0.07003	0.01090	0.00556	0.00179	0.00328	0.00961	0.00470	0.00572
20	0.00590	0.00422	0.00562	0.00675	0.00703	0.00394	0.00450	0.00675	0.00928	0.01237	0.02671	0.82653	0.03205	0.01518	0.00619	0.00197	0.00281	0.01378	0.00450	0.00394
21	0.01018	0.00966	0.01639	0.53297	0.31042	0.01104	0.01397	0.01328	0.01018	0.01363	0.00879	0.01259	0.00690	0.00465	0.00483	0.00155	0.00621	0.00431	0.00224	0.00621
22	0.01099	0.01169	0.07725	0.25881	0.51708	0.01128	0.01469	0.01418	0.01058	0.01479	0.00894	0.01213	0.00721	0.00449	0.00480	0.00150	0.00607	0.00426	0.00230	0.00697
23	0.01296	0.83261	0.02539	0.00829	0.01244	0.01917	0.00829	0.01451	0.00985	0.01140	0.00674	0.00777	0.00622	0.00415	0.00311	0.00104	0.00518	0.00259	0.00207	0.00622
24	0.01945	0.01107	0.01289	0.00998	0.01373	0.01143	0.00821	0.40752	0.06733	0.36338	0.01538	0.01414	0.01028	0.00594	0.00486	0.00149	0.00472	0.00465	0.00535	0.00821
25	0.00915	0.00861	0.01453	0.81804	0.03338	0.01077	0.01346	0.01238	0.00969	0.01238	0.00861	0.01292	0.00646	0.00484	0.00484	0.00161	0.00646	0.00431	0.00215	0.00538
26	0.00639	0.00469	0.00651	0.05819	0.00913	0.00461	0.00555	0.00759	0.00958	0.01268	0.02541	0.66174	0.02983	0.01427	0.00618	0.00198	0.00328	0.12394	0.00435	0.00410
27	0.01199	0.01151	0.01967	0.02974	0.79946	0.01151	0.01487	0.01487	0.01103	0.01583	0.00912	0.01199	0.00768	0.00432	0.00480	0.00144	0.00576	0.00432	0.00240	0.00768
28	0.00842	0.00421	0.00631	0.00631	0.00631	0.00421	0.00421	0.00631	0.00631	0.00842	0.00842	0.01473	0.00842	0.01684	0.01894	0.85901	0.00421	0.00421	0.00210	0.00210
29	0.00714	0.00603	0.00759	0.00779	0.00861	0.05532	0.04938	0.00843	0.01040	0.01366	0.14911	0.60053	0.03122	0.01305	0.00597	0.00183	0.00341	0.01183	0.00439	0.00429
30	0.01701	0.02137	0.01473	0.07362	0.01702	0.69977	0.05835	0.01858	0.01328	0.01213	0.00772	0.00933	0.00633	0.00493	0.00449	0.00130	0.00853	0.00337	0.00247	0.00566
31	0.01315	0.01051	0.01075	0.00815	0.01211	0.11560	0.00647	0.01514	0.01121	0.15071	0.01027	0.01098	0.00788	0.00419	0.00392	0.00092	0.00438	0.00325	0.00336	0.59705
32	0.00821	0.00434	0.00651	0.00651	0.00663	0.00446	0.00446	0.00663	0.00651	0.00880	0.00904	0.01531	0.00892	0.01948	0.12630	0.74355	0.00540	0.00434	0.00217	0.00241

[dist]
# distance from previous block
# <min> <max>
0	3

# created by:
# /st0/software/busco_prod/Augustus/scripts/msa2prfl.pl ./align_prep/64137.fa
