[name]
unknown

[dist]
# distance from previous block
# <min> <max>
7	170

[block]
# block no. 0 follows, 45 sequences, length 18
# corresponding to MSA columns:
# 257-264,266-275
name=unknown_A
#
# <colnr> <probs for GDERKNQSTAVLIFYWHMCP>
#	G	D	E	R	K	N	Q	S	T	A	V	L	I	F	Y	W	H	M	C	P
0	0.28457	0.00846	0.00867	0.00771	0.01003	0.02826	0.02434	0.05222	0.03253	0.02232	0.36997	0.02656	0.06697	0.00840	0.00517	0.00167	0.00364	0.00685	0.02601	0.00566
1	0.01179	0.00976	0.01065	0.00964	0.01220	0.01081	0.00750	0.06130	0.48167	0.02210	0.19512	0.02765	0.07706	0.00875	0.00578	0.00180	0.00386	0.02971	0.00551	0.00737
2	0.00654	0.00467	0.00623	0.00747	0.00779	0.00436	0.00498	0.00747	0.01028	0.01370	0.02959	0.80785	0.03550	0.01682	0.00685	0.00218	0.00311	0.01526	0.00498	0.00436
3	0.01267	0.01448	0.03167	0.02262	0.02805	0.01357	0.75837	0.01719	0.01267	0.01719	0.01086	0.01448	0.00814	0.00452	0.00633	0.00181	0.00905	0.00633	0.00271	0.00724
4	0.01014	0.00954	0.01610	0.79845	0.03697	0.01193	0.01491	0.01371	0.01073	0.01371	0.00954	0.01431	0.00716	0.00537	0.00537	0.00179	0.00716	0.00477	0.00239	0.00596
5	0.33321	0.00960	0.01075	0.00862	0.01246	0.00945	0.00711	0.02227	0.01303	0.49781	0.01604	0.01469	0.01049	0.00602	0.00462	0.00166	0.00441	0.00446	0.00540	0.00789
6	0.00768	0.00550	0.00704	0.00822	0.00863	0.00504	0.00547	0.00831	0.01096	0.01472	0.03032	0.79593	0.03605	0.01733	0.00728	0.00237	0.00350	0.01542	0.00531	0.00494
7	0.02041	0.01504	0.01611	0.01235	0.01665	0.01665	0.01020	0.75997	0.02524	0.03383	0.01289	0.01289	0.00913	0.00644	0.00537	0.00161	0.00591	0.00483	0.00537	0.00913
8	0.02029	0.01852	0.01581	0.01284	0.01663	0.27190	0.01026	0.51614	0.02193	0.02700	0.01137	0.01183	0.00840	0.00614	0.00519	0.00154	0.00715	0.00438	0.00451	0.00817
9	0.01610	0.01764	0.01496	0.01306	0.01617	0.33791	0.06835	0.02467	0.39393	0.01815	0.01532	0.01527	0.01178	0.00633	0.00527	0.00164	0.00690	0.00500	0.00412	0.00745
10	0.02041	0.01504	0.01611	0.01235	0.01665	0.01665	0.01020	0.75997	0.02524	0.03383	0.01289	0.01289	0.00913	0.00644	0.00537	0.00161	0.00591	0.00483	0.00537	0.00913
11	0.59748	0.01000	0.00928	0.00782	0.01139	0.01077	0.00645	0.01895	0.01104	0.25522	0.01166	0.01163	0.00809	0.00549	0.00396	0.00166	0.00428	0.00367	0.00434	0.00683
12	0.84927	0.01038	0.00789	0.00706	0.01038	0.01204	0.00581	0.01578	0.00914	0.02408	0.00747	0.00872	0.00581	0.00498	0.00332	0.00166	0.00415	0.00291	0.00332	0.00581
13	0.00767	0.00575	0.00863	0.00863	0.00959	0.00671	0.00671	0.00959	0.00863	0.01246	0.01438	0.02109	0.01342	0.04026	0.79008	0.00863	0.01438	0.00575	0.00288	0.00479
14	0.02030	0.01053	0.01245	0.01017	0.01389	0.03755	0.00818	0.02679	0.27060	0.49687	0.02095	0.01856	0.01411	0.00682	0.00540	0.00171	0.00464	0.00556	0.00611	0.00882
15	0.02041	0.01504	0.01611	0.01235	0.01665	0.01665	0.01020	0.75997	0.02524	0.03383	0.01289	0.01289	0.00913	0.00644	0.00537	0.00161	0.00591	0.00483	0.00537	0.00913
16	0.01986	0.01451	0.01553	0.01196	0.01610	0.01604	0.00986	0.72071	0.02450	0.03310	0.01313	0.01326	0.00937	0.00643	0.00528	0.00159	0.00573	0.00484	0.04926	0.00891
17	0.01508	0.01516	0.01263	0.01110	0.01350	0.30204	0.04834	0.05780	0.12967	0.01796	0.01349	0.01497	0.01065	0.00625	0.00548	0.00150	0.05425	0.00463	0.25910	0.00639

[dist]
# distance from previous block
# <min> <max>
8	32

[block]
# block no. 1 follows, 45 sequences, length 6
# corresponding to MSA columns:
# 309-314
name=unknown_B
#
# <colnr> <probs for GDERKNQSTAVLIFYWHMCP>
#	G	D	E	R	K	N	Q	S	T	A	V	L	I	F	Y	W	H	M	C	P
0	0.15892	0.00596	0.00552	0.00537	0.00699	0.00625	0.00412	0.01309	0.01088	0.02073	0.01573	0.01801	0.01235	0.00603	0.00368	0.00132	0.00279	0.00463	0.69249	0.00515
1	0.01489	0.02680	0.44241	0.01465	0.02029	0.35760	0.01563	0.01897	0.01306	0.01528	0.00904	0.01060	0.00685	0.00529	0.00498	0.00156	0.00871	0.00374	0.00249	0.00717
2	0.01203	0.00878	0.01014	0.00941	0.01129	0.00923	0.00705	0.30545	0.01620	0.02167	0.02297	0.49305	0.02506	0.01271	0.00626	0.00195	0.00422	0.01113	0.00514	0.00625
3	0.01596	0.01349	0.01888	0.09150	0.24480	0.01483	0.06311	0.34602	0.01749	0.02393	0.01103	0.01313	0.00849	0.00602	0.00664	0.00171	0.08606	0.00490	0.00381	0.00820
4	0.00804	0.00594	0.00770	0.00822	0.00931	0.00588	0.00631	0.01117	0.08187	0.01746	0.24967	0.30861	0.03701	0.01368	0.00672	0.00208	0.00353	0.20642	0.00529	0.00510
5	0.01043	0.00865	0.03611	0.00863	0.01082	0.00836	0.00696	0.11491	0.10943	0.04548	0.09499	0.16175	0.26836	0.01144	0.00669	0.00188	0.04209	0.04196	0.00501	0.00604

[dist]
# distance from previous block
# <min> <max>
13	66

[block]
# block no. 2 follows, 45 sequences, length 16
# corresponding to MSA columns:
# 382-397
name=unknown_C
#
# <colnr> <probs for GDERKNQSTAVLIFYWHMCP>
#	G	D	E	R	K	N	Q	S	T	A	V	L	I	F	Y	W	H	M	C	P
0	0.08413	0.01100	0.01281	0.28351	0.02084	0.09225	0.00993	0.06031	0.06548	0.15420	0.03636	0.01751	0.01164	0.09253	0.00751	0.00206	0.00599	0.00516	0.02021	0.00657
1	0.27916	0.01486	0.01281	0.01096	0.01401	0.17160	0.00877	0.19274	0.12275	0.02274	0.01092	0.01183	0.00846	0.00623	0.00592	0.00169	0.08948	0.00411	0.00389	0.00706
2	0.22869	0.01453	0.01163	0.00992	0.01306	0.21362	0.00784	0.20642	0.01542	0.04561	0.01125	0.01231	0.00859	0.00573	0.00439	0.00148	0.00576	0.00398	0.14616	0.03359
3	0.04618	0.01410	0.01412	0.01140	0.01518	0.09532	0.00919	0.38341	0.15262	0.13420	0.03932	0.01526	0.01196	0.00656	0.00526	0.00162	0.00561	0.00504	0.00519	0.02845
4	0.00957	0.00808	0.00855	0.00794	0.00975	0.05649	0.00602	0.03501	0.14924	0.02027	0.44535	0.06059	0.14135	0.01040	0.00607	0.00172	0.00343	0.00893	0.00546	0.00577
5	0.01404	0.01326	0.02219	0.03318	0.76900	0.01315	0.01669	0.01698	0.01270	0.01823	0.01087	0.01434	0.00924	0.00531	0.00564	0.00174	0.00662	0.00503	0.00293	0.00888
6	0.01398	0.01280	0.01991	0.02793	0.59921	0.01321	0.01477	0.08939	0.11807	0.01978	0.01199	0.01418	0.00965	0.00529	0.00534	0.00163	0.00604	0.00497	0.00331	0.00856
7	0.01329	0.01275	0.02179	0.03295	0.77787	0.01275	0.01647	0.01647	0.01222	0.01754	0.01010	0.01329	0.00850	0.00478	0.00531	0.00159	0.00638	0.00478	0.00266	0.00850
8	0.00772	0.00562	0.00735	0.00727	0.00856	0.00524	0.00569	0.01017	0.01447	0.02004	0.58680	0.04474	0.09281	0.01188	0.00654	0.00185	0.00300	0.14961	0.00567	0.00501
9	0.02082	0.00923	0.01331	0.19431	0.01915	0.00883	0.00953	0.02325	0.01428	0.60175	0.01845	0.01734	0.01185	0.00634	0.00539	0.00169	0.00517	0.00525	0.00565	0.00839
10	0.00891	0.00598	0.00812	0.00840	0.00977	0.00572	0.00691	0.01134	0.01371	0.05756	0.36016	0.07176	0.03892	0.01276	0.00681	0.00207	0.00380	0.35665	0.00546	0.00519
11	0.00977	0.00801	0.01200	0.01604	0.28543	0.00814	0.00852	0.01119	0.00952	0.01327	0.01409	0.02527	0.01468	0.41198	0.12603	0.00438	0.00691	0.00643	0.00298	0.00537
12	0.01077	0.02777	0.78354	0.01530	0.02323	0.01247	0.01983	0.01700	0.01133	0.01700	0.00963	0.01133	0.00680	0.00510	0.00510	0.00170	0.00793	0.00397	0.00227	0.00793
13	0.01378	0.00944	0.01135	0.00837	0.01278	0.00757	0.00674	0.04799	0.01281	0.16437	0.06040	0.01441	0.01173	0.00504	0.00446	0.00105	0.00408	0.00409	0.00411	0.59544
14	0.17318	0.04174	0.18210	0.01052	0.01518	0.05156	0.01013	0.13496	0.03217	0.03663	0.01146	0.06457	0.00956	0.00591	0.00461	0.00147	0.00550	0.00450	0.00356	0.20068
15	0.01349	0.01059	0.03379	0.19583	0.02022	0.01060	0.08324	0.14251	0.05186	0.11064	0.01614	0.13066	0.01419	0.00771	0.00564	0.00173	0.00566	0.04584	0.00418	0.09546

[dist]
# distance from previous block
# <min> <max>
8	41

[block]
# block no. 3 follows, 45 sequences, length 17
# corresponding to MSA columns:
# 439-442,444-456
name=unknown_D
#
# <colnr> <probs for GDERKNQSTAVLIFYWHMCP>
#	G	D	E	R	K	N	Q	S	T	A	V	L	I	F	Y	W	H	M	C	P
0	0.25427	0.01084	0.01123	0.05690	0.01404	0.01187	0.00796	0.22469	0.10098	0.05132	0.01817	0.02018	0.10149	0.00731	0.00497	0.00170	0.00472	0.04940	0.00449	0.04345
1	0.01005	0.00934	0.01565	0.75080	0.03541	0.01158	0.01453	0.01356	0.01083	0.01386	0.01068	0.01710	0.00859	0.00594	0.00549	0.00183	0.00702	0.04930	0.00254	0.00590
2	0.15306	0.00848	0.01047	0.01063	0.10168	0.00806	0.00721	0.03085	0.01290	0.10268	0.25139	0.08588	0.02385	0.00782	0.00518	0.00154	0.00388	0.00663	0.00457	0.16325
3	0.01820	0.01039	0.01238	0.00966	0.01342	0.01005	0.00786	0.25696	0.01782	0.30796	0.11505	0.02048	0.06187	0.00723	0.00540	0.00155	0.00456	0.00586	0.00563	0.10769
4	0.21075	0.01680	0.01440	0.01204	0.01555	0.25656	0.05424	0.22515	0.10601	0.02275	0.01114	0.01187	0.00847	0.00580	0.00480	0.00159	0.00667	0.00420	0.00393	0.00726
5	0.00679	0.00492	0.00641	0.00717	0.00781	0.00454	0.00495	0.00814	0.01161	0.01568	0.21462	0.57339	0.08369	0.01518	0.00669	0.00204	0.00295	0.01366	0.00521	0.00454
6	0.19534	0.01251	0.01810	0.02489	0.52094	0.01306	0.01342	0.10478	0.01310	0.02089	0.00986	0.01225	0.00799	0.00502	0.00489	0.00161	0.00584	0.00438	0.00312	0.00799
7	0.01014	0.00954	0.01610	0.79845	0.03697	0.01193	0.01491	0.01371	0.01073	0.01371	0.00954	0.01431	0.00716	0.00537	0.00537	0.00179	0.00716	0.00477	0.00239	0.00596
8	0.02084	0.01156	0.01362	0.01075	0.01474	0.01185	0.00878	0.27297	0.15969	0.38835	0.01852	0.01679	0.01247	0.00670	0.00540	0.00167	0.00496	0.00533	0.00599	0.00901
9	0.01406	0.01333	0.10373	0.08326	0.01625	0.10262	0.02870	0.15498	0.01602	0.10895	0.23795	0.02300	0.05872	0.00773	0.00563	0.00165	0.00549	0.00641	0.00464	0.00689
10	0.01991	0.01407	0.01530	0.01192	0.01606	0.01545	0.00979	0.60533	0.11272	0.10137	0.01472	0.01423	0.01038	0.00656	0.00538	0.00164	0.00559	0.00503	0.00550	0.00905
11	0.00686	0.00470	0.00612	0.00725	0.00764	0.00442	0.00487	0.00794	0.01037	0.01428	0.02847	0.73526	0.03350	0.01584	0.00657	0.00209	0.00306	0.01432	0.08202	0.00442
12	0.01480	0.01405	0.01295	0.01005	0.01430	0.17858	0.00795	0.15505	0.01466	0.01961	0.00990	0.01115	0.00795	0.00478	0.00442	0.00108	0.00557	0.00355	0.00350	0.50613
13	0.01648	0.01321	0.01749	0.46467	0.03016	0.01385	0.01396	0.10517	0.01605	0.02168	0.02013	0.19394	0.01914	0.01185	0.00816	0.00291	0.00789	0.00891	0.00535	0.00901
14	0.01444	0.01721	0.08802	0.01982	0.27192	0.23096	0.01313	0.01694	0.01212	0.01538	0.00892	0.01158	0.00757	0.00580	0.00733	0.00160	0.15614	0.00415	0.00265	0.09432
15	0.06206	0.01213	0.01463	0.01161	0.01518	0.01303	0.07756	0.36280	0.13694	0.06127	0.15693	0.01926	0.01795	0.00718	0.00554	0.00168	0.00515	0.00600	0.00518	0.00791
16	0.01242	0.00855	0.01172	0.00926	0.01261	0.00750	0.08437	0.01567	0.06171	0.14859	0.12012	0.06079	0.08626	0.00734	0.00521	0.00144	0.00414	0.00644	0.08169	0.25417

[dist]
# distance from previous block
# <min> <max>
4	20

[block]
# block no. 4 follows, 45 sequences, length 6
# corresponding to MSA columns:
# 477-482
name=unknown_E
#
# <colnr> <probs for GDERKNQSTAVLIFYWHMCP>
#	G	D	E	R	K	N	Q	S	T	A	V	L	I	F	Y	W	H	M	C	P
0	0.01512	0.01282	0.01622	0.35224	0.11160	0.08678	0.01270	0.19765	0.04837	0.07699	0.01171	0.01396	0.00863	0.00576	0.00532	0.00168	0.00668	0.00477	0.00363	0.00739
1	0.01380	0.38530	0.22100	0.11127	0.01961	0.06532	0.01284	0.08489	0.01258	0.01589	0.00884	0.01050	0.00711	0.00505	0.00438	0.00143	0.00675	0.00361	0.00261	0.00721
2	0.01280	0.01437	0.11702	0.07037	0.57161	0.01273	0.01608	0.01750	0.08168	0.01771	0.01109	0.01372	0.00894	0.00509	0.00530	0.00164	0.00642	0.00480	0.00285	0.00829
3	0.01398	0.01120	0.01457	0.01358	0.11104	0.01115	0.05909	0.24784	0.05610	0.03971	0.04995	0.06117	0.05709	0.00740	0.00548	0.00158	0.00514	0.05769	0.00440	0.17184
4	0.01404	0.01064	0.01699	0.29251	0.06390	0.01196	0.10057	0.03742	0.05481	0.17162	0.04227	0.01599	0.01084	0.00645	0.00735	0.00183	0.12472	0.00534	0.00369	0.00707
5	0.01253	0.00936	0.01078	0.10906	0.01457	0.06322	0.00788	0.13700	0.01386	0.10256	0.02117	0.35008	0.04425	0.01069	0.00589	0.00181	0.00476	0.00928	0.00462	0.06665

[dist]
# distance from previous block
# <min> <max>
12	31

[block]
# block no. 5 follows, 45 sequences, length 23
# corresponding to MSA columns:
# 519-541
name=unknown_F
#
# <colnr> <probs for GDERKNQSTAVLIFYWHMCP>
#	G	D	E	R	K	N	Q	S	T	A	V	L	I	F	Y	W	H	M	C	P
0	0.01367	0.01174	0.01365	0.07958	0.01661	0.04109	0.04166	0.12015	0.25382	0.03551	0.01414	0.01470	0.01079	0.00562	0.00492	0.00140	0.00506	0.00465	0.00416	0.30708
1	0.01323	0.01041	0.01262	0.11269	0.01649	0.01127	0.00943	0.23574	0.12404	0.02246	0.07954	0.02677	0.01802	0.00847	0.00603	0.00179	0.02167	0.16975	0.00465	0.09492
2	0.02791	0.00947	0.01137	0.00947	0.01287	0.00907	0.02179	0.04338	0.21450	0.14089	0.06779	0.06485	0.01738	0.00751	0.00529	0.00155	0.00425	0.07014	0.00484	0.25569
3	0.01287	0.01087	0.01564	0.31605	0.02408	0.01117	0.07235	0.14161	0.01364	0.04310	0.01059	0.01317	0.00803	0.00507	0.00499	0.00143	0.00597	0.00441	0.00332	0.28164
4	0.01289	0.00962	0.01324	0.01075	0.01405	0.00920	0.10449	0.06484	0.15626	0.11828	0.08507	0.13313	0.03267	0.00816	0.00561	0.00164	0.00465	0.03180	0.00473	0.17894
5	0.05383	0.01164	0.01522	0.25433	0.11744	0.07564	0.03504	0.01915	0.10517	0.16684	0.01325	0.01474	0.00968	0.00563	0.00515	0.00162	0.00604	0.00477	0.00379	0.08104
6	0.01089	0.01031	0.01746	0.61482	0.21469	0.01212	0.01528	0.01438	0.01109	0.01463	0.00967	0.01407	0.00748	0.00523	0.00535	0.00174	0.00697	0.00477	0.00245	0.00657
7	0.01113	0.00954	0.01113	0.00795	0.01272	0.00716	0.00636	0.01352	0.01113	0.01749	0.00954	0.01113	0.00795	0.00398	0.00398	0.00080	0.00398	0.00318	0.00318	0.84417
8	0.01139	0.01112	0.02167	0.01624	0.02025	0.01017	0.43367	0.01473	0.01230	0.04613	0.06360	0.15998	0.01649	0.00740	0.00612	0.00175	0.00666	0.02485	0.00359	0.11189
9	0.01329	0.01275	0.02179	0.03295	0.77787	0.01275	0.01647	0.01647	0.01222	0.01754	0.01010	0.01329	0.00850	0.00478	0.00531	0.00159	0.00638	0.00478	0.00266	0.00850
10	0.01113	0.00954	0.01113	0.00795	0.01272	0.00716	0.00636	0.01352	0.01113	0.01749	0.00954	0.01113	0.00795	0.00398	0.00398	0.00080	0.00398	0.00318	0.00318	0.84417
11	0.01418	0.77785	0.06340	0.00947	0.01422	0.02083	0.00968	0.01612	0.01093	0.01283	0.00756	0.00874	0.00688	0.00462	0.00352	0.00117	0.00584	0.00292	0.00229	0.00694
12	0.01730	0.01438	0.01430	0.01185	0.01547	0.07941	0.00947	0.37979	0.34827	0.02715	0.01641	0.01573	0.01211	0.00673	0.00537	0.00168	0.00550	0.00526	0.00519	0.00861
13	0.00665	0.00472	0.00620	0.00733	0.00762	0.00443	0.00483	0.00750	0.01006	0.01341	0.02848	0.74022	0.03410	0.08635	0.00864	0.00244	0.00330	0.01461	0.00483	0.00426
14	0.01113	0.00954	0.01113	0.00795	0.01272	0.00716	0.00636	0.01352	0.01113	0.01749	0.00954	0.01113	0.00795	0.00398	0.00398	0.00080	0.00398	0.00318	0.00318	0.84417
15	0.01792	0.01737	0.01459	0.01270	0.01599	0.26226	0.00982	0.19989	0.34293	0.02283	0.01604	0.01603	0.01229	0.00703	0.00558	0.00177	0.00665	0.00518	0.00482	0.00830
16	0.30457	0.01127	0.01466	0.01143	0.01544	0.01161	0.14349	0.08540	0.08165	0.24838	0.01393	0.01399	0.00970	0.00573	0.00486	0.00170	0.00533	0.00472	0.00457	0.00759
17	0.00656	0.00500	0.00605	0.00686	0.00773	0.00449	0.00481	0.00770	0.01105	0.01408	0.03827	0.51088	0.29612	0.01560	0.00670	0.00206	0.00305	0.04355	0.00498	0.00444
18	0.01723	0.01718	0.01829	0.02168	0.34509	0.24445	0.01296	0.21995	0.01665	0.02066	0.01032	0.01211	0.00820	0.00546	0.00519	0.00154	0.00723	0.00440	0.00343	0.00800
19	0.01159	0.27598	0.09899	0.45852	0.02794	0.01504	0.01353	0.01483	0.01085	0.01370	0.00887	0.01213	0.00703	0.00508	0.00471	0.00157	0.00677	0.00406	0.00234	0.00647
20	0.08700	0.01095	0.01248	0.01037	0.01393	0.01152	0.00847	0.18847	0.22132	0.27896	0.01901	0.02046	0.01413	0.00735	0.00541	0.00176	0.00478	0.06969	0.00562	0.00832
21	0.01406	0.01296	0.02030	0.01509	0.01970	0.01274	0.29873	0.17309	0.15191	0.02168	0.01298	0.01441	0.00980	0.00530	0.00545	0.00154	0.00639	0.00527	0.00387	0.19472
22	0.05193	0.01328	0.01431	0.01118	0.01514	0.01424	0.00910	0.57361	0.02157	0.02970	0.01372	0.08208	0.01116	0.00699	0.00525	0.00156	0.00536	0.00547	0.00499	0.10937

[dist]
# distance from previous block
# <min> <max>
2	7

[block]
# block no. 6 follows, 45 sequences, length 19
# corresponding to MSA columns:
# 549-561,564-569
name=unknown_G
#
# <colnr> <probs for GDERKNQSTAVLIFYWHMCP>
#	G	D	E	R	K	N	Q	S	T	A	V	L	I	F	Y	W	H	M	C	P
0	0.01018	0.00902	0.01621	0.30541	0.02372	0.00952	0.18670	0.01300	0.01126	0.05187	0.01730	0.28692	0.01742	0.00916	0.00611	0.00192	0.00609	0.00877	0.00356	0.00587
1	0.01236	0.00838	0.01130	0.19503	0.01708	0.00892	0.00860	0.04746	0.13143	0.14688	0.32043	0.02614	0.02713	0.00817	0.00577	0.00172	0.00437	0.00706	0.00511	0.00665
2	0.01270	0.01216	0.01808	0.01446	0.01780	0.05860	0.26536	0.10065	0.20170	0.01929	0.01809	0.20272	0.01669	0.00839	0.00604	0.00185	0.00614	0.00803	0.00423	0.00702
3	0.00744	0.00544	0.00701	0.00680	0.00803	0.00500	0.00509	0.00975	0.01448	0.02018	0.63634	0.10547	0.10422	0.01177	0.00641	0.00176	0.00266	0.03145	0.00573	0.00496
4	0.01592	0.01471	0.02513	0.01830	0.02326	0.01487	0.44366	0.32964	0.01796	0.02419	0.01171	0.01381	0.00856	0.00533	0.00593	0.00173	0.00773	0.00570	0.00383	0.00803
5	0.01014	0.00954	0.01610	0.79845	0.03697	0.01193	0.01491	0.01371	0.01073	0.01371	0.00954	0.01431	0.00716	0.00537	0.00537	0.00179	0.00716	0.00477	0.00239	0.00596
6	0.01335	0.01153	0.01214	0.01092	0.01396	0.01335	0.00850	0.02852	0.76817	0.02245	0.02185	0.02003	0.01639	0.00728	0.00546	0.00182	0.00425	0.00607	0.00546	0.00850
7	0.01113	0.00954	0.01113	0.00795	0.01272	0.00716	0.00636	0.01352	0.01113	0.01749	0.00954	0.01113	0.00795	0.00398	0.00398	0.00080	0.00398	0.00318	0.00318	0.84417
8	0.02041	0.01504	0.01611	0.01235	0.01665	0.01665	0.01020	0.75997	0.02524	0.03383	0.01289	0.01289	0.00913	0.00644	0.00537	0.00161	0.00591	0.00483	0.00537	0.00913
9	0.00697	0.00526	0.00648	0.00714	0.00801	0.00492	0.00498	0.00889	0.04816	0.01531	0.13122	0.51814	0.18479	0.01495	0.00661	0.00202	0.00301	0.01330	0.00513	0.00469
10	0.01744	0.01356	0.01444	0.01175	0.01552	0.01526	0.00948	0.45229	0.33775	0.02905	0.01666	0.01589	0.01218	0.00680	0.00541	0.00170	0.00521	0.00535	0.00541	0.00886
11	0.01014	0.00954	0.01610	0.79845	0.03697	0.01193	0.01491	0.01371	0.01073	0.01371	0.00954	0.01431	0.00716	0.00537	0.00537	0.00179	0.00716	0.00477	0.00239	0.00596
12	0.28955	0.01031	0.01133	0.00918	0.01276	0.03900	0.00755	0.02183	0.01292	0.46186	0.01542	0.01447	0.01026	0.00623	0.00545	0.00169	0.05279	0.00448	0.00517	0.00776
13	0.01014	0.00954	0.01610	0.79845	0.03697	0.01193	0.01491	0.01371	0.01073	0.01371	0.00954	0.01431	0.00716	0.00537	0.00537	0.00179	0.00716	0.00477	0.00239	0.00596
14	0.01429	0.01218	0.01279	0.01156	0.01464	0.01384	0.00889	0.02897	0.75705	0.02326	0.02264	0.02125	0.01719	0.00790	0.00588	0.00200	0.00459	0.00636	0.00576	0.00897
15	0.01113	0.00954	0.01113	0.00795	0.01272	0.00716	0.00636	0.01352	0.01113	0.01749	0.00954	0.01113	0.00795	0.00398	0.00398	0.00080	0.00398	0.00318	0.00318	0.84417
16	0.29718	0.00725	0.00711	0.00715	0.00888	0.00778	0.00533	0.05214	0.01088	0.01951	0.01889	0.34715	0.01993	0.01027	0.00500	0.00180	0.00351	0.00859	0.15641	0.00523
17	0.25268	0.01123	0.01119	0.00981	0.01308	0.01277	0.00779	0.06892	0.45033	0.08083	0.01716	0.01624	0.01270	0.00653	0.00484	0.00175	0.00435	0.00504	0.00494	0.00782
18	0.01271	0.01076	0.01190	0.00951	0.01351	0.01042	0.00753	0.07181	0.33056	0.02072	0.01495	0.01500	0.01158	0.00554	0.00470	0.00128	0.00422	0.00451	0.00429	0.43450

[dist]
# distance from previous block
# <min> <max>
0	4

[block]
# block no. 7 follows, 45 sequences, length 9
# corresponding to MSA columns:
# 575-583
name=unknown_H
#
# <colnr> <probs for GDERKNQSTAVLIFYWHMCP>
#	G	D	E	R	K	N	Q	S	T	A	V	L	I	F	Y	W	H	M	C	P
0	0.01385	0.52436	0.23874	0.01131	0.01668	0.08664	0.01227	0.01681	0.01141	0.01390	0.00814	0.00947	0.00687	0.00482	0.00403	0.00132	0.00670	0.00323	0.00233	0.00712
1	0.01435	0.81458	0.02813	0.00918	0.01378	0.02124	0.00918	0.01607	0.01091	0.01263	0.00746	0.00861	0.00689	0.00459	0.00344	0.00115	0.00574	0.00287	0.00230	0.00689
2	0.71805	0.01164	0.00886	0.00783	0.01116	0.08043	0.00636	0.01701	0.01011	0.07636	0.00851	0.00948	0.00644	0.00515	0.00360	0.00164	0.00467	0.00313	0.00351	0.00608
3	0.01014	0.00954	0.01610	0.79845	0.03697	0.01193	0.01491	0.01371	0.01073	0.01371	0.00954	0.01431	0.00716	0.00537	0.00537	0.00179	0.00716	0.00477	0.00239	0.00596
4	0.00932	0.00466	0.00699	0.00699	0.00699	0.00466	0.00466	0.00699	0.00699	0.00932	0.00932	0.01632	0.00932	0.01865	0.02098	0.84382	0.00466	0.00466	0.00233	0.00233
5	0.01113	0.00954	0.01113	0.00795	0.01272	0.00716	0.00636	0.01352	0.01113	0.01749	0.00954	0.01113	0.00795	0.00398	0.00398	0.00080	0.00398	0.00318	0.00318	0.84417
6	0.26203	0.01086	0.01182	0.00947	0.01326	0.01125	0.00777	0.21512	0.01593	0.33234	0.01538	0.04781	0.01097	0.00654	0.00485	0.00167	0.00474	0.00495	0.00527	0.00796
7	0.01715	0.01805	0.01346	0.01234	0.01478	0.39985	0.00910	0.05343	0.01689	0.01943	0.24947	0.02730	0.10350	0.00986	0.00664	0.00204	0.00730	0.00717	0.00501	0.00722
8	0.24331	0.01132	0.01360	0.32851	0.02297	0.01327	0.01079	0.20875	0.06104	0.02232	0.01061	0.01276	0.00787	0.00566	0.00481	0.00171	0.00583	0.00436	0.00361	0.00690

[dist]
# distance from previous block
# <min> <max>
2	16

[block]
# block no. 8 follows, 45 sequences, length 11
# corresponding to MSA columns:
# 605-615
name=unknown_I
#
# <colnr> <probs for GDERKNQSTAVLIFYWHMCP>
#	G	D	E	R	K	N	Q	S	T	A	V	L	I	F	Y	W	H	M	C	P
0	0.02101	0.01334	0.01549	0.01197	0.01614	0.05926	0.05364	0.37610	0.04802	0.30477	0.01586	0.01503	0.01073	0.00638	0.00541	0.00164	0.00577	0.00509	0.00553	0.00882
1	0.05423	0.00930	0.01366	0.32886	0.11982	0.01046	0.01169	0.01559	0.10236	0.04770	0.01789	0.02616	0.05918	0.00793	0.00573	0.00189	0.00574	0.15170	0.00368	0.00643
2	0.01014	0.00954	0.01610	0.79845	0.03697	0.01193	0.01491	0.01371	0.01073	0.01371	0.00954	0.01431	0.00716	0.00537	0.00537	0.00179	0.00716	0.00477	0.00239	0.00596
3	0.54369	0.00992	0.00958	0.00798	0.01161	0.01050	0.00658	0.01962	0.01144	0.30459	0.01255	0.01226	0.00858	0.00560	0.00409	0.00166	0.00431	0.00383	0.00455	0.00704
4	0.01297	0.00970	0.01129	0.01031	0.01276	0.01041	0.00847	0.26517	0.11840	0.02346	0.11796	0.08237	0.02443	0.01062	0.00629	0.00198	0.00475	0.25658	0.00528	0.00681
5	0.02041	0.01504	0.01611	0.01235	0.01665	0.01665	0.01020	0.75997	0.02524	0.03383	0.01289	0.01289	0.00913	0.00644	0.00537	0.00161	0.00591	0.00483	0.00537	0.00913
6	0.01088	0.00621	0.00823	0.00731	0.00915	0.00563	0.00563	0.01332	0.01523	0.17282	0.62497	0.03575	0.04321	0.01011	0.00615	0.00168	0.00294	0.00885	0.00606	0.00588
7	0.01568	0.01008	0.01160	0.01001	0.01313	0.01075	0.00789	0.02552	0.45860	0.23840	0.11699	0.02207	0.01984	0.00757	0.00555	0.00176	0.00412	0.00634	0.00585	0.00824
8	0.01113	0.00954	0.01113	0.00795	0.01272	0.00716	0.00636	0.01352	0.01113	0.01749	0.00954	0.01113	0.00795	0.00398	0.00398	0.00080	0.00398	0.00318	0.00318	0.84417
9	0.01259	0.42828	0.39901	0.01219	0.01842	0.01693	0.01441	0.01653	0.01112	0.01477	0.00853	0.00995	0.00685	0.00484	0.00426	0.00142	0.00682	0.00341	0.00228	0.00740
10	0.27671	0.00786	0.00819	0.00767	0.00977	0.00830	0.00588	0.05763	0.04421	0.06046	0.24034	0.20669	0.02701	0.00979	0.00536	0.00179	0.00356	0.00818	0.00486	0.00573

[dist]
# distance from previous block
# <min> <max>
0	3

[block]
# block no. 9 follows, 45 sequences, length 6
# corresponding to MSA columns:
# 619-624
name=unknown_J
#
# <colnr> <probs for GDERKNQSTAVLIFYWHMCP>
#	G	D	E	R	K	N	Q	S	T	A	V	L	I	F	Y	W	H	M	C	P
0	0.04304	0.00902	0.00980	0.00992	0.01166	0.07028	0.00787	0.04999	0.08517	0.05335	0.08296	0.20586	0.02766	0.01265	0.00670	0.00219	0.00487	0.29588	0.00512	0.00601
1	0.01650	0.01158	0.01223	0.00996	0.01320	0.07725	0.00796	0.27183	0.04461	0.16838	0.21600	0.02232	0.04809	0.00776	0.00555	0.00160	0.00482	0.00630	0.00541	0.04863
2	0.01432	0.01463	0.01103	0.01017	0.01246	0.32143	0.00765	0.05708	0.07897	0.05301	0.06033	0.12623	0.15516	0.00906	0.00552	0.00164	0.00594	0.00723	0.04211	0.00605
3	0.01320	0.01176	0.01825	0.36575	0.31299	0.01310	0.01464	0.15115	0.01395	0.01883	0.01036	0.01366	0.00802	0.00534	0.00535	0.00168	0.00663	0.00479	0.00303	0.00750
4	0.01014	0.00826	0.01093	0.15399	0.01650	0.00891	0.00941	0.01570	0.18802	0.01715	0.02187	0.07025	0.02140	0.01049	0.00627	0.00204	0.00502	0.34129	0.00445	0.07791
5	0.16351	0.00969	0.01460	0.65380	0.03211	0.01195	0.01325	0.01409	0.01044	0.01561	0.00916	0.01329	0.00691	0.00530	0.00499	0.00177	0.00661	0.00443	0.00256	0.00594

[dist]
# distance from previous block
# <min> <max>
1	28

[block]
# block no. 10 follows, 45 sequences, length 21
# corresponding to MSA columns:
# 655-675
name=unknown_K
#
# <colnr> <probs for GDERKNQSTAVLIFYWHMCP>
#	G	D	E	R	K	N	Q	S	T	A	V	L	I	F	Y	W	H	M	C	P
0	0.19940	0.01327	0.01328	0.01049	0.01450	0.05067	0.00857	0.39100	0.03984	0.10178	0.01220	0.01237	0.00879	0.00586	0.00476	0.00153	0.00532	0.00426	0.00469	0.09740
1	0.01187	0.00919	0.01067	0.00866	0.01181	0.00856	0.00678	0.19435	0.01550	0.02201	0.20890	0.12660	0.02288	0.00810	0.00531	0.00141	0.00396	0.00689	0.00466	0.31188
2	0.01958	0.29557	0.01891	0.01038	0.01456	0.10207	0.00902	0.14743	0.01546	0.29665	0.01348	0.01298	0.00961	0.00576	0.00464	0.00144	0.00578	0.00419	0.00446	0.00802
3	0.01225	0.01089	0.01508	0.01692	0.28226	0.00950	0.01007	0.04356	0.01206	0.01814	0.00987	0.01196	0.00819	0.00436	0.00450	0.00111	0.00490	0.00381	0.00308	0.51751
4	0.28976	0.00744	0.00790	0.00751	0.00912	0.00841	0.00564	0.03364	0.00909	0.01647	0.01266	0.02025	0.01228	0.22215	0.31070	0.00522	0.00839	0.00529	0.00319	0.00487
5	0.53811	0.01062	0.01005	0.00834	0.01199	0.01154	0.00687	0.10827	0.01267	0.21905	0.01163	0.01167	0.00813	0.00558	0.00410	0.00165	0.00447	0.00378	0.00442	0.00706
6	0.01335	0.01153	0.01214	0.01092	0.01396	0.01335	0.00850	0.02852	0.76817	0.02245	0.02185	0.02003	0.01639	0.00728	0.00546	0.00182	0.00425	0.00607	0.00546	0.00850
7	0.00677	0.00477	0.00633	0.00754	0.00794	0.00449	0.00516	0.00784	0.01043	0.01403	0.02915	0.73975	0.03457	0.01638	0.00679	0.00217	0.00320	0.05777	0.03050	0.00441
8	0.01113	0.00954	0.01113	0.00795	0.01272	0.00716	0.00636	0.01352	0.01113	0.01749	0.00954	0.01113	0.00795	0.00398	0.00398	0.00080	0.00398	0.00318	0.00318	0.84417
9	0.01209	0.01089	0.01727	0.77566	0.03761	0.01292	0.01549	0.01505	0.01196	0.01556	0.01148	0.01689	0.00901	0.00665	0.00618	0.00214	0.00774	0.00539	0.00306	0.00696
10	0.01014	0.00954	0.01610	0.79845	0.03697	0.01193	0.01491	0.01371	0.01073	0.01371	0.00954	0.01431	0.00716	0.00537	0.00537	0.00179	0.00716	0.00477	0.00239	0.00596
11	0.01113	0.00951	0.01584	0.74226	0.03531	0.01164	0.01441	0.01460	0.01106	0.06840	0.01037	0.01459	0.00759	0.00546	0.00537	0.00178	0.00697	0.00482	0.00269	0.00619
12	0.01310	0.01256	0.02145	0.07887	0.73342	0.01270	0.01638	0.01631	0.01213	0.01731	0.01006	0.01335	0.00842	0.00482	0.00532	0.00161	0.00642	0.00478	0.00264	0.00835
13	0.01193	0.01967	0.32559	0.01976	0.02617	0.01314	0.46966	0.01712	0.01215	0.01712	0.01038	0.01325	0.00762	0.00475	0.00585	0.00177	0.00861	0.00541	0.00254	0.00751
14	0.01192	0.01222	0.02333	0.30674	0.23586	0.01275	0.28638	0.01574	0.01185	0.01603	0.01017	0.01409	0.00788	0.00490	0.00571	0.00174	0.00763	0.00534	0.00258	0.00712
15	0.02041	0.01504	0.01611	0.01235	0.01665	0.01665	0.01020	0.75997	0.02524	0.03383	0.01289	0.01289	0.00913	0.00644	0.00537	0.00161	0.00591	0.00483	0.00537	0.00913
16	0.01358	0.00681	0.00909	0.00777	0.01008	0.00609	0.00609	0.01594	0.01526	0.29711	0.50170	0.03218	0.03710	0.00940	0.00599	0.00168	0.00327	0.00815	0.00618	0.00654
17	0.01077	0.02777	0.78354	0.01530	0.02323	0.01247	0.01983	0.01700	0.01133	0.01700	0.00963	0.01133	0.00680	0.00510	0.00510	0.00170	0.00793	0.00397	0.00227	0.00793
18	0.01435	0.81458	0.02813	0.00918	0.01378	0.02124	0.00918	0.01607	0.01091	0.01263	0.00746	0.00861	0.00689	0.00459	0.00344	0.00115	0.00574	0.00287	0.00230	0.00689
19	0.00654	0.00467	0.00623	0.00747	0.00779	0.00436	0.00498	0.00747	0.01028	0.01370	0.02959	0.80785	0.03550	0.01682	0.00685	0.00218	0.00311	0.01526	0.00498	0.00436
20	0.01407	0.01242	0.01642	0.01870	0.26459	0.01352	0.03794	0.10356	0.41346	0.02189	0.01664	0.01685	0.01273	0.00628	0.00543	0.00172	0.00530	0.00552	0.00444	0.00852

[dist]
# distance from previous block
# <min> <max>
1	11

[block]
# block no. 11 follows, 45 sequences, length 11
# corresponding to MSA columns:
# 687-697
name=unknown_L
#
# <colnr> <probs for GDERKNQSTAVLIFYWHMCP>
#	G	D	E	R	K	N	Q	S	T	A	V	L	I	F	Y	W	H	M	C	P
0	0.01381	0.01099	0.01480	0.36409	0.02458	0.01244	0.01153	0.20575	0.05483	0.05796	0.01176	0.01414	0.00875	0.00585	0.00571	0.00163	0.04169	0.00470	0.02983	0.10517
1	0.24976	0.08565	0.04607	0.00921	0.01202	0.06556	0.00762	0.15122	0.01317	0.02038	0.01580	0.26893	0.01628	0.00910	0.00504	0.00175	0.00484	0.00735	0.00406	0.00618
2	0.02041	0.01504	0.01611	0.01235	0.01665	0.01665	0.01020	0.75997	0.02524	0.03383	0.01289	0.01289	0.00913	0.00644	0.00537	0.00161	0.00591	0.00483	0.00537	0.00913
3	0.01014	0.00954	0.01610	0.79845	0.03697	0.01193	0.01491	0.01371	0.01073	0.01371	0.00954	0.01431	0.00716	0.00537	0.00537	0.00179	0.00716	0.00477	0.00239	0.00596
4	0.02041	0.01504	0.01611	0.01235	0.01665	0.01665	0.01020	0.75997	0.02524	0.03383	0.01289	0.01289	0.00913	0.00644	0.00537	0.00161	0.00591	0.00483	0.00537	0.00913
5	0.02065	0.02029	0.01516	0.01285	0.01626	0.45277	0.01002	0.25437	0.01838	0.11180	0.01129	0.01172	0.00838	0.00595	0.00507	0.00149	0.00788	0.00412	0.00405	0.00749
6	0.02041	0.01504	0.01611	0.01235	0.01665	0.01665	0.01020	0.75997	0.02524	0.03383	0.01289	0.01289	0.00913	0.00644	0.00537	0.00161	0.00591	0.00483	0.00537	0.00913
7	0.00890	0.00593	0.00687	0.00648	0.00842	0.00515	0.00502	0.01068	0.01333	0.10826	0.22270	0.04534	0.46999	0.01220	0.00628	0.00180	0.00301	0.04900	0.00540	0.00523
8	0.01622	0.01295	0.01375	0.01150	0.01505	0.01469	0.00919	0.32557	0.46645	0.02707	0.01821	0.01713	0.01344	0.00694	0.00542	0.00174	0.00492	0.00557	0.00542	0.00875
9	0.01014	0.00954	0.01610	0.79845	0.03697	0.01193	0.01491	0.01371	0.01073	0.01371	0.00954	0.01431	0.00716	0.00537	0.00537	0.00179	0.00716	0.00477	0.00239	0.00596
10	0.04442	0.31673	0.21036	0.01098	0.01614	0.05443	0.01141	0.01951	0.01247	0.23797	0.01204	0.01216	0.00869	0.00538	0.00449	0.00146	0.00610	0.00391	0.00361	0.00773

[dist]
# distance from previous block
# <min> <max>
0	6

[block]
# block no. 12 follows, 45 sequences, length 11
# corresponding to MSA columns:
# 704-714
name=unknown_M
#
# <colnr> <probs for GDERKNQSTAVLIFYWHMCP>
#	G	D	E	R	K	N	Q	S	T	A	V	L	I	F	Y	W	H	M	C	P
0	0.01977	0.01692	0.01403	0.04124	0.01608	0.33553	0.00946	0.09652	0.11477	0.23874	0.01433	0.01405	0.01026	0.00613	0.00513	0.00154	0.00687	0.00454	0.00450	0.02959
1	0.01020	0.00954	0.01580	0.75065	0.03550	0.01164	0.01439	0.01370	0.01076	0.01394	0.00954	0.01412	0.00720	0.00528	0.00528	0.00173	0.00696	0.00467	0.00243	0.05665
2	0.00865	0.00618	0.00865	0.00989	0.01112	0.00618	0.00865	0.01112	0.01236	0.01606	0.02842	0.06055	0.03089	0.01483	0.00741	0.00247	0.00494	0.74174	0.00494	0.00494
3	0.01683	0.01141	0.01273	0.01078	0.01425	0.01247	0.00857	0.12290	0.49167	0.20551	0.02052	0.01868	0.01470	0.00702	0.00543	0.00176	0.00454	0.00575	0.00573	0.00873
4	0.01559	0.01141	0.01283	0.01106	0.01420	0.01247	0.00909	0.32831	0.21566	0.06731	0.04539	0.02708	0.01775	0.00878	0.00590	0.00187	0.00506	0.17700	0.00538	0.00785
5	0.02041	0.01504	0.01611	0.01235	0.01665	0.01665	0.01020	0.75997	0.02524	0.03383	0.01289	0.01289	0.00913	0.00644	0.00537	0.00161	0.00591	0.00483	0.00537	0.00913
6	0.00796	0.00572	0.00739	0.00769	0.00863	0.00527	0.00554	0.00964	0.01348	0.01871	0.43241	0.34648	0.04379	0.01389	0.00687	0.00205	0.00315	0.05050	0.00569	0.00514
7	0.00778	0.00574	0.00719	0.00771	0.00886	0.00552	0.00613	0.00946	0.01142	0.01467	0.06968	0.05041	0.22703	0.16780	0.04846	0.00308	0.00473	0.33524	0.00458	0.00451
8	0.01120	0.00884	0.01376	0.01828	0.32972	0.00859	0.01048	0.01389	0.01335	0.07179	0.25909	0.05211	0.04767	0.00886	0.00601	0.00177	0.00463	0.10879	0.00442	0.00673
9	0.04007	0.01059	0.01497	0.05935	0.29229	0.01102	0.01117	0.12713	0.07552	0.04351	0.15488	0.02360	0.03679	0.00751	0.00566	0.00173	0.00514	0.06747	0.00426	0.00737
10	0.05131	0.00884	0.01006	0.00879	0.01159	0.00850	0.00674	0.11661	0.10701	0.01936	0.01879	0.28240	0.01908	0.00945	0.00540	0.00160	0.00403	0.03135	0.00444	0.27465

[dist]
# distance from previous block
# <min> <max>
23	50

[block]
# block no. 13 follows, 45 sequences, length 31
# corresponding to MSA columns:
# 772-802
name=unknown_N
#
# <colnr> <probs for GDERKNQSTAVLIFYWHMCP>
#	G	D	E	R	K	N	Q	S	T	A	V	L	I	F	Y	W	H	M	C	P
0	0.04075	0.01054	0.01668	0.01240	0.01639	0.00971	0.24372	0.04954	0.01214	0.01863	0.01235	0.01471	0.02449	0.00514	0.00531	0.00135	0.03725	0.00481	0.16156	0.30252
1	0.01223	0.01168	0.01988	0.28946	0.52960	0.01248	0.01595	0.01555	0.01172	0.01626	0.00991	0.01363	0.00805	0.00498	0.00533	0.00166	0.00664	0.00478	0.00257	0.00765
2	0.01312	0.01133	0.01192	0.01074	0.01374	0.01306	0.00835	0.02783	0.74315	0.02219	0.02292	0.02107	0.04152	0.00749	0.00549	0.00182	0.00420	0.00624	0.00545	0.00837
3	0.01129	0.01072	0.01819	0.51703	0.30934	0.01223	0.01548	0.01473	0.01128	0.01512	0.00975	0.01393	0.00765	0.00515	0.00535	0.00172	0.00687	0.00477	0.00249	0.00690
4	0.00634	0.00544	0.00544	0.00544	0.00725	0.00453	0.00408	0.00770	0.01224	0.01450	0.05438	0.05166	0.77569	0.01359	0.00634	0.00181	0.00272	0.01133	0.00498	0.00453
5	0.00767	0.00573	0.00850	0.00850	0.00941	0.00664	0.00655	0.00950	0.00859	0.01236	0.01450	0.02175	0.01371	0.07654	0.75419	0.00847	0.01395	0.00585	0.00289	0.00472
6	0.01174	0.01174	0.01644	0.01409	0.01409	0.01644	0.01174	0.01292	0.00822	0.01292	0.00705	0.01174	0.00705	0.00940	0.01762	0.00235	0.80153	0.00470	0.00235	0.00587
7	0.01077	0.02777	0.78354	0.01530	0.02323	0.01247	0.01983	0.01700	0.01133	0.01700	0.00963	0.01133	0.00680	0.00510	0.00510	0.00170	0.00793	0.00397	0.00227	0.00793
8	0.01298	0.01117	0.01181	0.01071	0.01365	0.01285	0.00835	0.02733	0.72141	0.02201	0.02313	0.02223	0.04242	0.00771	0.00555	0.00184	0.00422	0.02693	0.00543	0.00826
9	0.15037	0.01231	0.01360	0.01058	0.01468	0.01297	0.00874	0.39582	0.01939	0.28561	0.01485	0.01406	0.01002	0.00628	0.00506	0.00164	0.00518	0.00473	0.00548	0.00862
10	0.01002	0.00729	0.00886	0.00781	0.00965	0.00725	0.00604	0.15189	0.01709	0.02385	0.63095	0.03495	0.04280	0.01012	0.00615	0.00167	0.00317	0.00879	0.00581	0.00583
11	0.01267	0.01448	0.03167	0.02262	0.02805	0.01357	0.75837	0.01719	0.01267	0.01719	0.01086	0.01448	0.00814	0.00452	0.00633	0.00181	0.00905	0.00633	0.00271	0.00724
12	0.01335	0.01153	0.01214	0.01092	0.01396	0.01335	0.00850	0.02852	0.76817	0.02245	0.02185	0.02003	0.01639	0.00728	0.00546	0.00182	0.00425	0.00607	0.00546	0.00850
13	0.02408	0.00914	0.01246	0.00955	0.01370	0.00789	0.00789	0.02616	0.01536	0.78158	0.02118	0.01827	0.01329	0.00664	0.00540	0.00166	0.00457	0.00540	0.00664	0.00914
14	0.00647	0.00494	0.00596	0.00677	0.00760	0.00442	0.00467	0.00755	0.01095	0.01398	0.03814	0.54697	0.29086	0.01571	0.00668	0.00205	0.00298	0.01390	0.00498	0.00442
15	0.01335	0.01153	0.01214	0.01092	0.01396	0.01335	0.00850	0.02852	0.76817	0.02245	0.02185	0.02003	0.01639	0.00728	0.00546	0.00182	0.00425	0.00607	0.00546	0.00850
16	0.17672	0.01229	0.01185	0.00967	0.01298	0.05189	0.00784	0.40293	0.01833	0.02764	0.01272	0.01362	0.00948	0.00607	0.00457	0.00152	0.00495	0.00444	0.20312	0.00737
17	0.01340	0.06965	0.31867	0.02062	0.24603	0.05202	0.11335	0.01768	0.01223	0.07084	0.01054	0.01256	0.00795	0.00503	0.00523	0.00163	0.00733	0.00452	0.00278	0.00794
18	0.01435	0.81458	0.02813	0.00918	0.01378	0.02124	0.00918	0.01607	0.01091	0.01263	0.00746	0.00861	0.00689	0.00459	0.00344	0.00115	0.00574	0.00287	0.00230	0.00689
19	0.00686	0.00496	0.00648	0.00715	0.00783	0.00459	0.00496	0.00831	0.01191	0.01619	0.26354	0.53014	0.07746	0.01483	0.00666	0.00201	0.00291	0.01333	0.00527	0.00459
20	0.01111	0.05013	0.71187	0.01465	0.02214	0.01234	0.01865	0.01696	0.01157	0.03705	0.03822	0.01250	0.00860	0.00534	0.00510	0.00168	0.00758	0.00418	0.00252	0.00783
21	0.01427	0.26533	0.02487	0.03694	0.16308	0.14255	0.22144	0.01703	0.01233	0.01498	0.00977	0.03551	0.00842	0.00515	0.00499	0.00150	0.00739	0.00472	0.00264	0.00709
22	0.01664	0.00749	0.01009	0.00841	0.01123	0.00663	0.00673	0.01887	0.01505	0.43784	0.31576	0.05090	0.02908	0.00889	0.00587	0.00171	0.00374	0.03152	0.00625	0.00727
23	0.00732	0.00500	0.00600	0.00647	0.00659	0.00488	0.00391	0.00768	0.00875	0.01167	0.02176	0.33041	0.02562	0.50773	0.01950	0.00405	0.00441	0.01065	0.00391	0.00368
24	0.44897	0.01104	0.01042	0.00868	0.01230	0.05433	0.00708	0.05495	0.03427	0.29108	0.01302	0.01266	0.00897	0.00573	0.00430	0.00165	0.00469	0.00400	0.00462	0.00724
25	0.84927	0.01038	0.00789	0.00706	0.01038	0.01204	0.00581	0.01578	0.00914	0.02408	0.00747	0.00872	0.00581	0.00498	0.00332	0.00166	0.00415	0.00291	0.00332	0.00581
26	0.29398	0.01407	0.01156	0.10228	0.03649	0.24674	0.00858	0.01613	0.01237	0.01858	0.15313	0.01581	0.01489	0.00644	0.00505	0.00161	0.02823	0.00468	0.00349	0.00589
27	0.01624	0.00828	0.03086	0.00904	0.01186	0.00729	0.00729	0.01939	0.08158	0.40038	0.10362	0.21254	0.02334	0.00986	0.00591	0.00183	0.00407	0.03341	0.00588	0.00732
28	0.01057	0.00932	0.04812	0.19495	0.07779	0.00887	0.00969	0.08790	0.01235	0.03723	0.01797	0.31947	0.01864	0.00969	0.00575	0.00177	0.00497	0.00860	0.00392	0.11244
29	0.01627	0.07910	0.02131	0.01559	0.01940	0.19511	0.26058	0.05712	0.07956	0.10917	0.01194	0.01350	0.00904	0.00582	0.00658	0.00168	0.08242	0.00502	0.00351	0.00728
30	0.01200	0.00911	0.01021	0.00920	0.01182	0.00968	0.00719	0.02093	0.40661	0.08396	0.17356	0.02906	0.11091	0.00892	0.00577	0.00177	0.00378	0.04184	0.00548	0.03820

[dist]
# distance from previous block
# <min> <max>
0	1

[block]
# block no. 14 follows, 45 sequences, length 14
# corresponding to MSA columns:
# 804-817
name=unknown_O
#
# <colnr> <probs for GDERKNQSTAVLIFYWHMCP>
#	G	D	E	R	K	N	Q	S	T	A	V	L	I	F	Y	W	H	M	C	P
0	0.01784	0.01001	0.01421	0.22911	0.06816	0.00997	0.01040	0.08232	0.01426	0.37596	0.01531	0.01564	0.01037	0.00587	0.00523	0.00159	0.00544	0.00490	0.00473	0.09868
1	0.00682	0.00524	0.00625	0.00645	0.00766	0.00466	0.00466	0.00846	0.01269	0.01665	0.29082	0.25895	0.32411	0.01361	0.00648	0.00187	0.00277	0.01188	0.00530	0.00466
2	0.01362	0.65304	0.18322	0.01044	0.01572	0.01944	0.01137	0.01626	0.01099	0.01353	0.00791	0.00917	0.00687	0.00470	0.00378	0.00126	0.00619	0.00310	0.00229	0.00710
3	0.02256	0.03454	0.01333	0.00989	0.01397	0.00962	0.00820	0.14499	0.01683	0.60733	0.04794	0.01792	0.01383	0.00671	0.00537	0.00164	0.00474	0.00539	0.00628	0.00891
4	0.00882	0.00577	0.00749	0.00690	0.00842	0.00526	0.00523	0.01125	0.01504	0.08097	0.67354	0.03905	0.09009	0.01079	0.00626	0.00169	0.00270	0.00946	0.00591	0.00535
5	0.01095	0.06789	0.74501	0.01499	0.02275	0.01291	0.01929	0.01695	0.01131	0.01678	0.00952	0.01119	0.00680	0.00507	0.00502	0.00167	0.00782	0.00391	0.00227	0.00788
6	0.01152	0.01186	0.02349	0.01796	0.02198	0.01143	0.48549	0.01635	0.07959	0.01723	0.01672	0.06540	0.01536	0.00770	0.00653	0.00198	0.00740	0.17175	0.00357	0.00669
7	0.01198	0.01068	0.01475	0.16975	0.11988	0.08200	0.07640	0.01487	0.02539	0.05803	0.16234	0.05420	0.01826	0.00737	0.00659	0.00172	0.07537	0.00629	0.07782	0.00631
8	0.01514	0.26717	0.11301	0.01213	0.01586	0.11434	0.01125	0.14918	0.06885	0.01776	0.00977	0.01126	0.00800	0.00621	0.00699	0.00160	0.15707	0.00401	0.00314	0.00725
9	0.01264	0.01426	0.06470	0.07131	0.28256	0.01314	0.42655	0.01674	0.01234	0.01710	0.01046	0.01391	0.00814	0.00469	0.00587	0.00173	0.00798	0.00560	0.00265	0.00763
10	0.06378	0.01523	0.15198	0.01454	0.01912	0.01316	0.20344	0.16408	0.10658	0.08240	0.01310	0.01436	0.00959	0.00592	0.00615	0.00174	0.05634	0.00515	0.04556	0.00775
11	0.01415	0.01186	0.01261	0.01088	0.01423	0.01331	0.00856	0.12876	0.60466	0.02364	0.01962	0.01833	0.01471	0.00690	0.00533	0.00171	0.00446	0.00567	0.00527	0.07534
12	0.07945	0.01400	0.02894	0.02091	0.02588	0.01361	0.65730	0.01685	0.01214	0.01751	0.01038	0.01387	0.00790	0.00483	0.00671	0.00183	0.05213	0.00597	0.00274	0.00705
13	0.08595	0.01143	0.01297	0.01037	0.01415	0.01196	0.00845	0.27359	0.14725	0.29279	0.06166	0.01727	0.01401	0.00681	0.00529	0.00167	0.00481	0.00538	0.00570	0.00852

[dist]
# distance from previous block
# <min> <max>
0	2

[block]
# block no. 15 follows, 45 sequences, length 17
# corresponding to MSA columns:
# 820-836
name=unknown_P
#
# <colnr> <probs for GDERKNQSTAVLIFYWHMCP>
#	G	D	E	R	K	N	Q	S	T	A	V	L	I	F	Y	W	H	M	C	P
0	0.01946	0.63910	0.13085	0.01396	0.01916	0.02225	0.01292	0.02005	0.01468	0.01896	0.01387	0.01740	0.01258	0.00865	0.00634	0.00235	0.00794	0.00508	0.00438	0.01000
