[name]
unknown

[dist]
# distance from previous block
# <min> <max>
0	28

[block]
# block no. 0 follows, 53 sequences, length 25
# corresponding to MSA columns:
# 28-52
name=unknown_A
#
# <colnr> <probs for GDERKNQSTAVLIFYWHMCP>
#	G	D	E	R	K	N	Q	S	T	A	V	L	I	F	Y	W	H	M	C	P
0	0.05043	0.00947	0.04784	0.01239	0.01522	0.00885	0.24541	0.06589	0.01168	0.06217	0.03122	0.08372	0.01714	0.00861	0.00602	0.00183	0.02833	0.28444	0.00370	0.00564
1	0.01457	0.19538	0.21575	0.01095	0.01537	0.01414	0.01097	0.30882	0.01482	0.08341	0.00993	0.01061	0.00734	0.00527	0.00510	0.00141	0.06178	0.00376	0.00339	0.00723
2	0.00723	0.00513	0.00612	0.00595	0.00600	0.00552	0.00368	0.00741	0.00702	0.00955	0.01422	0.02887	0.01617	0.71921	0.06965	0.00461	0.07106	0.00662	0.00281	0.00316
3	0.01236	0.08525	0.42335	0.01225	0.01761	0.05216	0.04939	0.17631	0.03600	0.03989	0.01131	0.01216	0.04048	0.00516	0.00458	0.00145	0.00628	0.00406	0.00293	0.00702
4	0.01557	0.10610	0.19082	0.01081	0.01515	0.06624	0.04629	0.09453	0.11342	0.27316	0.01335	0.01299	0.00930	0.00531	0.00456	0.00144	0.00543	0.00422	0.00397	0.00734
5	0.01164	0.01116	0.01905	0.08369	0.74936	0.01131	0.01457	0.01450	0.01079	0.01538	0.00896	0.01189	0.00749	0.00429	0.00474	0.00143	0.00573	0.00426	0.00235	0.00742
6	0.01055	0.01011	0.01736	0.38678	0.43238	0.01104	0.03587	0.01358	0.01029	0.01407	0.00879	0.01227	0.00702	0.00449	0.00478	0.00150	0.00606	0.00429	0.00226	0.00652
7	0.01498	0.17282	0.01763	0.01691	0.26572	0.37073	0.01076	0.05094	0.01237	0.01368	0.00794	0.00959	0.00669	0.00459	0.00423	0.00126	0.00686	0.00341	0.00246	0.00642
8	0.01376	0.00686	0.01009	0.00865	0.01103	0.00613	0.06869	0.01543	0.01166	0.38821	0.02250	0.29407	0.05840	0.00956	0.00546	0.00169	0.00389	0.05282	0.00497	0.00614
9	0.00582	0.00416	0.00555	0.00666	0.00693	0.00388	0.00444	0.00666	0.00915	0.01220	0.02634	0.82891	0.03161	0.01497	0.00610	0.00194	0.00277	0.01359	0.00444	0.00388
10	0.00695	0.00463	0.00521	0.00521	0.00521	0.00463	0.00290	0.00695	0.00695	0.00927	0.01506	0.03128	0.01738	0.83203	0.02433	0.00463	0.00463	0.00695	0.00290	0.00290
11	0.01789	0.10935	0.10454	0.00966	0.01377	0.01086	0.00886	0.19094	0.05120	0.41188	0.01462	0.01355	0.00980	0.00553	0.00457	0.00143	0.00479	0.00431	0.00471	0.00775
12	0.01347	0.00885	0.00932	0.00768	0.01012	0.00956	0.00617	0.39275	0.01615	0.02388	0.01357	0.01470	0.01022	0.00565	0.00405	0.00127	0.00372	0.00438	0.43822	0.00626
13	0.00582	0.00416	0.00555	0.00666	0.00693	0.00388	0.00444	0.00666	0.00915	0.01220	0.02634	0.82891	0.03161	0.01497	0.00610	0.00194	0.00277	0.01359	0.00444	0.00388
14	0.01177	0.37071	0.31930	0.01149	0.01657	0.06965	0.06959	0.01558	0.04934	0.01349	0.00829	0.00954	0.00661	0.00443	0.00399	0.00130	0.00624	0.00333	0.00223	0.00654
15	0.01503	0.29621	0.01684	0.00964	0.01315	0.08807	0.00825	0.20504	0.20237	0.08195	0.01195	0.01182	0.00912	0.00529	0.00417	0.00132	0.00506	0.00389	0.00374	0.00707
16	0.02144	0.00813	0.01109	0.00850	0.01220	0.00702	0.00702	0.02329	0.01368	0.80552	0.01886	0.01627	0.01183	0.00592	0.00481	0.00148	0.00407	0.00481	0.00592	0.00813
17	0.01312	0.02006	0.48078	0.01254	0.01827	0.01263	0.01413	0.33265	0.01519	0.02131	0.00977	0.01066	0.00691	0.00503	0.00464	0.00148	0.00632	0.00385	0.00316	0.00750
18	0.01208	0.01229	0.02070	0.09948	0.43671	0.06027	0.22110	0.05040	0.01156	0.01564	0.00914	0.01199	0.00731	0.00435	0.00496	0.00148	0.00654	0.00456	0.00247	0.00696
19	0.04515	0.04116	0.31758	0.01141	0.01615	0.10544	0.01179	0.26014	0.01458	0.07403	0.01029	0.01101	0.00740	0.00509	0.00445	0.00142	0.00605	0.00380	0.04598	0.00707
20	0.00574	0.00447	0.00523	0.00584	0.00672	0.00395	0.00407	0.00675	0.00993	0.01252	0.03626	0.47718	0.37693	0.01369	0.00590	0.00179	0.00261	0.01202	0.00444	0.00395
21	0.14967	0.01029	0.01514	0.09437	0.30510	0.01087	0.05588	0.04568	0.03234	0.10223	0.00982	0.01173	0.00760	0.00491	0.00533	0.00148	0.07106	0.00407	0.00300	0.05947
22	0.58454	0.00938	0.00837	0.00724	0.01022	0.01056	0.00590	0.07345	0.10536	0.09283	0.04477	0.01127	0.00891	0.00515	0.00361	0.00149	0.00379	0.00353	0.00369	0.00592
23	0.01269	0.28319	0.01580	0.00932	0.01257	0.01445	0.00789	0.08303	0.47226	0.01792	0.01458	0.01396	0.01127	0.00563	0.00426	0.00141	0.00434	0.00437	0.00392	0.00714
24	0.04071	0.00960	0.01124	0.07667	0.01365	0.01001	0.00761	0.31738	0.03040	0.22766	0.03889	0.01723	0.08424	0.00634	0.00471	0.00145	0.00435	0.00505	0.07354	0.01927

[dist]
# distance from previous block
# <min> <max>
16	46

[block]
# block no. 1 follows, 53 sequences, length 29
# corresponding to MSA columns:
# 102-130
name=unknown_B
#
# <colnr> <probs for GDERKNQSTAVLIFYWHMCP>
#	G	D	E	R	K	N	Q	S	T	A	V	L	I	F	Y	W	H	M	C	P
0	0.01128	0.03323	0.22988	0.13087	0.21507	0.01073	0.01268	0.08113	0.05113	0.04388	0.03003	0.01300	0.02647	0.00495	0.00459	0.00141	0.00559	0.00421	0.00285	0.08702
1	0.01133	0.36331	0.09591	0.09492	0.01474	0.05112	0.00888	0.01384	0.03326	0.03149	0.02264	0.07731	0.00943	0.00526	0.00392	0.00120	0.00504	0.00405	0.00263	0.14973
2	0.21349	0.07748	0.13656	0.11469	0.12867	0.00985	0.00941	0.01230	0.00984	0.01547	0.01798	0.01892	0.20487	0.00636	0.00438	0.00149	0.00465	0.00507	0.00291	0.00563
3	0.01271	0.01109	0.02468	0.18434	0.06419	0.08695	0.05195	0.18052	0.01307	0.06126	0.03444	0.01315	0.00906	0.00799	0.07969	0.00197	0.03051	0.00430	0.02101	0.10713
4	0.00702	0.00531	0.00646	0.00668	0.00769	0.00517	0.00480	0.03302	0.08536	0.01553	0.24439	0.40840	0.12787	0.01208	0.00576	0.00173	0.00276	0.01071	0.00472	0.00456
5	0.01182	0.29372	0.05830	0.24313	0.13862	0.03266	0.01124	0.08609	0.01113	0.01426	0.00864	0.01168	0.00724	0.00488	0.00448	0.00137	0.02574	0.02628	0.00245	0.00626
6	0.01029	0.00991	0.01544	0.53690	0.19952	0.04083	0.01312	0.03062	0.01012	0.01330	0.00846	0.01219	0.00666	0.00496	0.00558	0.00158	0.06820	0.00420	0.00225	0.00587
7	0.00693	0.00500	0.00698	0.00750	0.00822	0.00529	0.00581	0.00840	0.00883	0.01200	0.01918	0.17063	0.02073	0.13363	0.32574	0.00464	0.00745	0.23550	0.00348	0.00405
8	0.00949	0.00917	0.01623	0.54771	0.13976	0.01044	0.11220	0.01257	0.00994	0.01310	0.00997	0.06976	0.00842	0.00532	0.00498	0.00159	0.00624	0.00508	0.00236	0.00568
9	0.70679	0.01061	0.00859	0.00828	0.04963	0.08221	0.00626	0.01441	0.00871	0.01981	0.00682	0.00817	0.00544	0.00466	0.00377	0.00148	0.04339	0.00279	0.00284	0.00533
10	0.01092	0.01043	0.01776	0.28612	0.55254	0.01112	0.01422	0.01387	0.01045	0.01451	0.00883	0.01213	0.00718	0.00443	0.00475	0.00148	0.00590	0.00426	0.00229	0.00684
11	0.04816	0.10334	0.69493	0.01276	0.01935	0.01185	0.01617	0.01501	0.00997	0.01504	0.00830	0.00975	0.00602	0.00449	0.00433	0.00146	0.00672	0.00339	0.00206	0.00689
12	0.01817	0.01339	0.01434	0.01100	0.01482	0.01482	0.00908	0.78627	0.02247	0.03012	0.01148	0.01148	0.00813	0.00574	0.00478	0.00143	0.00526	0.00430	0.00478	0.00813
13	0.00574	0.00480	0.00501	0.00516	0.00663	0.00408	0.00386	0.00695	0.01074	0.01290	0.04552	0.11868	0.70064	0.01241	0.00573	0.00167	0.00253	0.03850	0.00444	0.00403
14	0.00695	0.00463	0.00521	0.00521	0.00521	0.00463	0.00290	0.00695	0.00695	0.00927	0.01506	0.03128	0.01738	0.83203	0.02433	0.00463	0.00463	0.00695	0.00290	0.00290
15	0.01183	0.01136	0.01940	0.02934	0.80221	0.01136	0.01467	0.01467	0.01088	0.01562	0.00899	0.01183	0.00757	0.00426	0.00473	0.00142	0.00568	0.00426	0.00237	0.00757
16	0.01035	0.00984	0.01672	0.44762	0.39551	0.01097	0.01393	0.01337	0.01018	0.01382	0.00873	0.01231	0.00694	0.00453	0.00476	0.00151	0.00604	0.00425	0.00224	0.00638
17	0.00991	0.00850	0.00991	0.00708	0.01133	0.00637	0.00566	0.01203	0.00991	0.01557	0.00850	0.00991	0.00708	0.00354	0.00354	0.00071	0.00354	0.00283	0.00283	0.86124
18	0.01355	0.04044	0.45730	0.01250	0.01772	0.25015	0.01366	0.01727	0.01154	0.10866	0.00941	0.01034	0.00678	0.00481	0.00447	0.00141	0.00713	0.00353	0.00262	0.00672
19	0.01220	0.00594	0.00808	0.00776	0.00950	0.00539	0.00603	0.01367	0.01124	0.31888	0.02326	0.37470	0.02323	0.01116	0.00569	0.00181	0.00357	0.14729	0.00500	0.00562
20	0.00991	0.00850	0.00991	0.00708	0.01133	0.00637	0.00566	0.01203	0.00991	0.01557	0.00850	0.00991	0.00708	0.00354	0.00354	0.00071	0.00354	0.00283	0.00283	0.86124
21	0.00566	0.00479	0.00489	0.00497	0.00649	0.00402	0.00369	0.00684	0.01077	0.01286	0.04685	0.10172	0.74556	0.01231	0.00568	0.00164	0.00245	0.01034	0.00444	0.00402
22	0.42562	0.01228	0.01050	0.04027	0.01268	0.13129	0.00726	0.22342	0.01320	0.07012	0.00888	0.00961	0.00657	0.00496	0.00384	0.00143	0.00498	0.00332	0.00352	0.00621
23	0.01058	0.01050	0.01887	0.33258	0.32581	0.01135	0.15694	0.01370	0.01029	0.01406	0.00881	0.01232	0.00699	0.00460	0.00540	0.00155	0.04250	0.00451	0.00227	0.00638
24	0.00891	0.00445	0.00445	0.00445	0.00557	0.00445	0.00334	0.01114	0.01002	0.01782	0.01559	0.01782	0.01225	0.00557	0.00334	0.00111	0.00223	0.00445	0.85856	0.00445
25	0.00582	0.00416	0.00555	0.00666	0.00693	0.00388	0.00444	0.00666	0.00915	0.01220	0.02634	0.82891	0.03161	0.01497	0.00610	0.00194	0.00277	0.01359	0.00444	0.00388
26	0.01138	0.01082	0.01812	0.11498	0.65753	0.01090	0.01383	0.01420	0.01066	0.01524	0.00890	0.01179	0.00740	0.00426	0.00465	0.00138	0.00559	0.00415	0.00237	0.07183
27	0.01086	0.00870	0.01132	0.21122	0.01699	0.00818	0.00811	0.08407	0.01126	0.05557	0.01056	0.01441	0.00878	0.00490	0.00426	0.00115	0.00450	0.06140	0.00311	0.46065
28	0.01198	0.00973	0.01411	0.53867	0.04257	0.01146	0.01175	0.19042	0.04804	0.05973	0.01024	0.01285	0.00746	0.00513	0.00478	0.00155	0.00586	0.00434	0.00307	0.00626

[dist]
# distance from previous block
# <min> <max>
0	2

[block]
# block no. 2 follows, 53 sequences, length 20
# corresponding to MSA columns:
# 133-152
name=unknown_C
#
# <colnr> <probs for GDERKNQSTAVLIFYWHMCP>
#	G	D	E	R	K	N	Q	S	T	A	V	L	I	F	Y	W	H	M	C	P
0	0.01162	0.01224	0.03341	0.16566	0.33091	0.10171	0.09237	0.01485	0.05288	0.01423	0.00943	0.02992	0.00790	0.00522	0.00603	0.00155	0.09661	0.00451	0.00248	0.00647
1	0.00864	0.00737	0.01012	0.10419	0.05995	0.00780	0.04772	0.01372	0.21553	0.01634	0.20910	0.18505	0.07707	0.00890	0.00537	0.00164	0.00376	0.00795	0.00425	0.00553
2	0.00991	0.00850	0.00991	0.00708	0.01133	0.00637	0.00566	0.01203	0.00991	0.01557	0.00850	0.00991	0.00708	0.00354	0.00354	0.00071	0.00354	0.00283	0.00283	0.86124
3	0.07380	0.72686	0.02293	0.00806	0.01205	0.01762	0.00790	0.01483	0.00984	0.05950	0.00738	0.00819	0.00641	0.00422	0.00316	0.00108	0.00495	0.00269	0.00234	0.00619
4	0.00729	0.00573	0.00828	0.00802	0.00868	0.00690	0.00621	0.00874	0.00756	0.01096	0.01223	0.01905	0.01181	0.11520	0.63294	0.00668	0.11175	0.00520	0.00254	0.00424
5	0.01088	0.01307	0.11651	0.07623	0.29073	0.01122	0.33527	0.01453	0.01100	0.01539	0.05058	0.01338	0.00914	0.00452	0.00514	0.00153	0.00670	0.00498	0.00248	0.00673
6	0.00790	0.00779	0.05775	0.25622	0.09585	0.00736	0.00891	0.01042	0.01104	0.01477	0.22832	0.07716	0.15961	0.00823	0.00528	0.00159	0.00426	0.02887	0.00360	0.00509
7	0.01753	0.02224	0.01359	0.01232	0.01468	0.77813	0.00929	0.01876	0.01327	0.01169	0.00734	0.00870	0.00616	0.00507	0.00480	0.00127	0.04404	0.00313	0.00245	0.00553
8	0.00991	0.00850	0.00991	0.00708	0.01133	0.00637	0.00566	0.01203	0.00991	0.01557	0.00850	0.00991	0.00708	0.00354	0.00354	0.00071	0.00354	0.00283	0.00283	0.86124
9	0.01176	0.01287	0.01751	0.01422	0.01567	0.13513	0.18383	0.01351	0.00915	0.01239	0.00720	0.01072	0.00648	0.00687	0.01171	0.00185	0.51701	0.00434	0.00222	0.00555
10	0.01183	0.01136	0.01940	0.02934	0.80221	0.01136	0.01467	0.01467	0.01088	0.01562	0.00899	0.01183	0.00757	0.00426	0.00473	0.00142	0.00568	0.00426	0.00237	0.00757
11	0.00821	0.00421	0.00631	0.00631	0.00637	0.00426	0.00426	0.00637	0.00631	0.00847	0.00857	0.01478	0.00852	0.01776	0.06639	0.80969	0.00467	0.00421	0.00210	0.00221
12	0.01073	0.01004	0.01529	0.01997	0.43720	0.01023	0.05139	0.01583	0.19344	0.01614	0.01841	0.01930	0.14879	0.00615	0.00497	0.00151	0.00479	0.00562	0.00332	0.00689
13	0.01142	0.01102	0.01826	0.07635	0.61767	0.01188	0.01386	0.01397	0.01019	0.01469	0.00849	0.01165	0.00727	0.00500	0.00662	0.00155	0.14655	0.00424	0.00230	0.00702
14	0.00683	0.00512	0.00768	0.00768	0.00853	0.00597	0.00597	0.00853	0.00768	0.01110	0.01280	0.01878	0.01195	0.03585	0.81308	0.00768	0.01280	0.00512	0.00256	0.00427
15	0.01683	0.01272	0.01359	0.01073	0.01431	0.01420	0.00876	0.62402	0.18690	0.02796	0.01318	0.01283	0.00951	0.00590	0.00480	0.00147	0.00494	0.00454	0.00480	0.00801
16	0.00582	0.00416	0.00555	0.00666	0.00693	0.00388	0.00444	0.00666	0.00915	0.01220	0.02634	0.82891	0.03161	0.01497	0.00610	0.00194	0.00277	0.01359	0.00444	0.00388
17	0.06743	0.14458	0.31947	0.01091	0.01587	0.01271	0.01166	0.18534	0.06632	0.10568	0.01066	0.01108	0.00768	0.00501	0.00432	0.00142	0.00560	0.00376	0.00331	0.00719
18	0.01278	0.83490	0.02505	0.00818	0.01227	0.01891	0.00818	0.01431	0.00971	0.01125	0.00664	0.00767	0.00613	0.00409	0.00307	0.00102	0.00511	0.00256	0.00204	0.00613
19	0.00737	0.00530	0.00668	0.00623	0.00755	0.00500	0.00470	0.01025	0.06255	0.03801	0.68028	0.03480	0.09374	0.00963	0.00557	0.00152	0.00241	0.00844	0.00520	0.00476

[dist]
# distance from previous block
# <min> <max>
0	1

[block]
# block no. 3 follows, 53 sequences, length 27
# corresponding to MSA columns:
# 154-180
name=unknown_D
#
# <colnr> <probs for GDERKNQSTAVLIFYWHMCP>
#	G	D	E	R	K	N	Q	S	T	A	V	L	I	F	Y	W	H	M	C	P
0	0.01278	0.83490	0.02505	0.00818	0.01227	0.01891	0.00818	0.01431	0.00971	0.01125	0.00664	0.00767	0.00613	0.00409	0.00307	0.00102	0.00511	0.00256	0.00204	0.00613
1	0.00812	0.00697	0.00723	0.00684	0.00886	0.00712	0.00526	0.01413	0.31474	0.01570	0.03658	0.03527	0.47541	0.00995	0.00537	0.00163	0.00300	0.02780	0.00460	0.00541
2	0.01817	0.01339	0.01434	0.01100	0.01482	0.01482	0.00908	0.78627	0.02247	0.03012	0.01148	0.01148	0.00813	0.00574	0.00478	0.00143	0.00526	0.00430	0.00478	0.00813
3	0.01234	0.72392	0.13220	0.00892	0.01342	0.01784	0.00948	0.01442	0.00976	0.01178	0.00691	0.00800	0.00612	0.00415	0.00327	0.00109	0.00538	0.00269	0.00204	0.00626
4	0.01010	0.01038	0.01886	0.36838	0.02545	0.01206	0.26040	0.01304	0.00957	0.01304	0.00834	0.01224	0.00663	0.00540	0.00769	0.00172	0.20415	0.00468	0.00221	0.00566
5	0.01421	0.01112	0.01199	0.01013	0.01313	0.01247	0.00815	0.36684	0.36167	0.02388	0.01652	0.04606	0.01321	0.00693	0.00500	0.00159	0.00446	0.06041	0.00478	0.00746
6	0.01785	0.02278	0.01354	0.01231	0.01478	0.81284	0.00924	0.01909	0.01354	0.01170	0.00739	0.00862	0.00616	0.00493	0.00431	0.00123	0.00862	0.00308	0.00246	0.00554
7	0.01386	0.01067	0.01160	0.00996	0.01290	0.01196	0.00800	0.24707	0.46179	0.06199	0.01758	0.01895	0.01365	0.00681	0.00498	0.00161	0.00428	0.07000	0.00485	0.00749
8	0.01982	0.00934	0.01166	0.00910	0.01271	0.00899	0.00746	0.16507	0.09870	0.57768	0.01755	0.01555	0.01144	0.00594	0.00481	0.00149	0.00426	0.00478	0.00559	0.00807
9	0.02144	0.00813	0.01109	0.00850	0.01220	0.00702	0.00702	0.02329	0.01368	0.80552	0.01886	0.01627	0.01183	0.00592	0.00481	0.00148	0.00407	0.00481	0.00592	0.00813
10	0.02144	0.00813	0.01109	0.00850	0.01220	0.00702	0.00702	0.02329	0.01368	0.80552	0.01886	0.01627	0.01183	0.00592	0.00481	0.00148	0.00407	0.00481	0.00592	0.00813
11	0.00649	0.00444	0.00535	0.00580	0.00592	0.00433	0.00353	0.00683	0.00785	0.01047	0.01967	0.35696	0.02319	0.49841	0.01689	0.00353	0.00387	0.00966	0.00353	0.00330
12	0.01734	0.01361	0.06081	0.01171	0.01572	0.04981	0.08426	0.50845	0.03386	0.13754	0.01215	0.01221	0.00849	0.00551	0.00483	0.00146	0.00559	0.00442	0.00445	0.00778
13	0.00695	0.00463	0.00521	0.00521	0.00521	0.00463	0.00290	0.00695	0.00695	0.00927	0.01506	0.03128	0.01738	0.83203	0.02433	0.00463	0.00463	0.00695	0.00290	0.00290
14	0.00582	0.00416	0.00555	0.00666	0.00693	0.00388	0.00444	0.00666	0.00915	0.01220	0.02634	0.82891	0.03161	0.01497	0.00610	0.00194	0.00277	0.01359	0.00444	0.00388
15	0.01086	0.00966	0.01671	0.47028	0.25732	0.01071	0.07434	0.01392	0.01036	0.06627	0.00942	0.01272	0.00716	0.00464	0.00483	0.00154	0.00615	0.00440	0.00247	0.00625
16	0.01095	0.05524	0.33994	0.01666	0.02232	0.01186	0.41992	0.01542	0.01080	0.03708	0.00935	0.01162	0.00685	0.00429	0.00506	0.00154	0.00741	0.00463	0.00234	0.00673
17	0.00786	0.00543	0.00725	0.00797	0.00923	0.00523	0.00678	0.00982	0.01108	0.04909	0.04665	0.08610	0.15531	0.01270	0.00632	0.00204	0.00393	0.55822	0.00450	0.00448
18	0.01117	0.42746	0.41843	0.01092	0.01650	0.01498	0.01295	0.01473	0.00990	0.01320	0.00762	0.00889	0.00609	0.00432	0.00381	0.00127	0.00609	0.00305	0.00203	0.00660
19	0.01491	0.13046	0.25303	0.01257	0.08137	0.02980	0.04567	0.06359	0.01209	0.27445	0.01185	0.01210	0.00827	0.00505	0.00474	0.00143	0.02380	0.00402	0.00352	0.00729
20	0.01085	0.01188	0.02478	0.18673	0.07524	0.01174	0.57665	0.01463	0.01090	0.01469	0.00938	0.01280	0.00709	0.00420	0.00540	0.00160	0.00756	0.00527	0.00235	0.00628
21	0.00963	0.00907	0.01530	0.46743	0.25306	0.01034	0.03108	0.01244	0.00987	0.01325	0.01032	0.09131	0.00918	0.00571	0.00526	0.00159	0.03169	0.00518	0.00242	0.00585
22	0.03736	0.16548	0.45218	0.04765	0.05393	0.01234	0.10696	0.01454	0.01015	0.01448	0.00972	0.01137	0.03416	0.00466	0.00442	0.00144	0.00647	0.00387	0.00221	0.00661
23	0.03067	0.10030	0.06714	0.03778	0.01336	0.00981	0.03261	0.05255	0.09789	0.34473	0.03229	0.06542	0.04487	0.00654	0.00521	0.00151	0.04067	0.00529	0.00443	0.00694
24	0.03103	0.11535	0.25486	0.05109	0.03282	0.01141	0.09059	0.08974	0.06349	0.12643	0.03714	0.03094	0.00979	0.00530	0.00457	0.00146	0.00560	0.00445	0.02712	0.00683
25	0.13852	0.03888	0.18642	0.01154	0.04962	0.01016	0.09933	0.07415	0.04177	0.10690	0.01193	0.07260	0.00992	0.02107	0.00507	0.00154	0.01793	0.02117	0.00330	0.07817
26	0.10791	0.13751	0.10638	0.05645	0.01556	0.05703	0.10586	0.08906	0.04371	0.08752	0.04411	0.01455	0.02478	0.00544	0.00444	0.00142	0.00540	0.03803	0.00327	0.05158

[dist]
# distance from previous block
# <min> <max>
1	22

[block]
# block no. 4 follows, 53 sequences, length 23
# corresponding to MSA columns:
# 203-225
name=unknown_E
#
# <colnr> <probs for GDERKNQSTAVLIFYWHMCP>
#	G	D	E	R	K	N	Q	S	T	A	V	L	I	F	Y	W	H	M	C	P
0	0.07616	0.05138	0.14624	0.05408	0.05561	0.01188	0.01001	0.29655	0.05596	0.11079	0.03570	0.01299	0.00947	0.02681	0.00504	0.00152	0.00516	0.00425	0.00385	0.02655
1	0.05692	0.01274	0.19578	0.03478	0.06937	0.00978	0.06388	0.08270	0.06317	0.06802	0.02409	0.04244	0.02551	0.04841	0.00623	0.00168	0.04096	0.05614	0.00327	0.09412
2	0.15283	0.10462	0.11509	0.07590	0.01390	0.06290	0.00850	0.06627	0.04804	0.06081	0.02733	0.01335	0.00909	0.09934	0.00672	0.00173	0.03245	0.00396	0.00302	0.09415
3	0.06357	0.01018	0.04883	0.03481	0.04381	0.07704	0.06044	0.08525	0.10610	0.08887	0.05469	0.03198	0.03401	0.05411	0.00562	0.00160	0.00456	0.00505	0.17380	0.01568
4	0.04970	0.09394	0.02322	0.14542	0.11549	0.11443	0.02109	0.04156	0.04183	0.10758	0.01192	0.08424	0.01919	0.00582	0.00473	0.00140	0.02330	0.00474	0.00317	0.08723
5	0.16009	0.05035	0.01407	0.01163	0.06871	0.05959	0.07339	0.26877	0.06650	0.07903	0.03268	0.03322	0.00955	0.00558	0.00477	0.00146	0.02777	0.00440	0.00382	0.02461
6	0.01034	0.00962	0.01589	0.08266	0.56200	0.00967	0.01216	0.01294	0.01103	0.01546	0.10696	0.05088	0.06791	0.00594	0.00496	0.00148	0.00497	0.00557	0.00292	0.00664
7	0.00632	0.00507	0.00572	0.00542	0.00700	0.00435	0.00408	0.00798	0.01184	0.01545	0.33319	0.04000	0.46634	0.01072	0.00552	0.00152	0.00242	0.00912	0.00466	0.05326
8	0.00926	0.01585	0.38698	0.21975	0.06680	0.01000	0.01372	0.01399	0.05536	0.01533	0.13339	0.01533	0.01284	0.00552	0.00480	0.00153	0.00586	0.00467	0.00274	0.00627
9	0.00695	0.00463	0.00521	0.00521	0.00521	0.00463	0.00290	0.00695	0.00695	0.00927	0.01506	0.03128	0.01738	0.83203	0.02433	0.00463	0.00463	0.00695	0.00290	0.00290
10	0.01394	0.01547	0.01699	0.06013	0.47351	0.30915	0.01258	0.01619	0.01181	0.01400	0.00837	0.01068	0.00699	0.00453	0.00458	0.00136	0.00680	0.00382	0.00239	0.00671
11	0.01107	0.01083	0.01722	0.32463	0.47662	0.04943	0.01389	0.01396	0.01051	0.01415	0.00873	0.01202	0.00705	0.00449	0.00473	0.00148	0.00608	0.00420	0.00228	0.00663
12	0.01627	0.01242	0.01369	0.01164	0.05913	0.01377	0.00893	0.57255	0.17092	0.02674	0.01298	0.01329	0.00961	0.02914	0.00535	0.00156	0.00498	0.00459	0.00461	0.00784
13	0.01322	0.00932	0.01054	0.00871	0.01136	0.00983	0.00701	0.35632	0.07594	0.07942	0.26516	0.02344	0.06746	0.00771	0.00517	0.00151	0.00392	0.03239	0.00499	0.00657
14	0.01097	0.01045	0.01739	0.22242	0.53107	0.01104	0.01362	0.01377	0.01034	0.01459	0.00872	0.01188	0.00719	0.00453	0.00518	0.00145	0.04318	0.00417	0.00232	0.05574
15	0.00579	0.00427	0.00543	0.00635	0.00685	0.00391	0.00430	0.00669	0.00944	0.01232	0.03002	0.69853	0.15961	0.01450	0.00603	0.00189	0.00271	0.01300	0.00444	0.00391
16	0.01193	0.01321	0.05697	0.32708	0.23240	0.16064	0.05675	0.04160	0.01119	0.01396	0.00855	0.01151	0.00674	0.00472	0.00494	0.00148	0.02368	0.00408	0.00236	0.00621
17	0.10676	0.01049	0.04642	0.34925	0.14760	0.02802	0.01117	0.08305	0.02993	0.03657	0.00915	0.01163	0.00699	0.00467	0.00441	0.00143	0.00551	0.00390	0.00274	0.10032
18	0.01258	0.01588	0.09358	0.06574	0.10667	0.23001	0.33452	0.01567	0.01162	0.01404	0.01062	0.01289	0.04403	0.00477	0.00502	0.00148	0.00749	0.00472	0.00246	0.00620
19	0.00644	0.00548	0.03392	0.00713	0.00815	0.00461	0.02676	0.00772	0.00966	0.01294	0.06240	0.57133	0.10168	0.03847	0.00643	0.00190	0.00317	0.04248	0.00421	0.04512
20	0.04067	0.05642	0.25807	0.07965	0.31869	0.04438	0.07986	0.01509	0.01062	0.03947	0.00893	0.01112	0.00692	0.00444	0.00460	0.00145	0.00633	0.00398	0.00236	0.00693
21	0.01162	0.15438	0.25274	0.06045	0.10837	0.06740	0.10732	0.04738	0.04029	0.03531	0.01144	0.02443	0.04804	0.00511	0.00456	0.00143	0.00619	0.00434	0.00263	0.00657
22	0.04058	0.09437	0.03060	0.03564	0.11581	0.00803	0.00752	0.01336	0.02404	0.18253	0.03857	0.28226	0.03979	0.00875	0.00502	0.00158	0.00399	0.02837	0.00402	0.03517

[dist]
# distance from previous block
# <min> <max>
2	8

[block]
# block no. 5 follows, 53 sequences, length 26
# corresponding to MSA columns:
# 234-259
name=unknown_F
#
# <colnr> <probs for GDERKNQSTAVLIFYWHMCP>
#	G	D	E	R	K	N	Q	S	T	A	V	L	I	F	Y	W	H	M	C	P
0	0.01143	0.01810	0.47371	0.01206	0.01733	0.01025	0.05138	0.06353	0.03363	0.11600	0.07265	0.01468	0.04086	0.00566	0.00521	0.00154	0.03743	0.00457	0.00313	0.00686
1	0.02465	0.05325	0.27908	0.00924	0.01248	0.00762	0.03364	0.01086	0.01062	0.01499	0.18733	0.24002	0.07924	0.00901	0.00521	0.00161	0.00439	0.00784	0.00358	0.00533
2	0.05531	0.61254	0.09787	0.01044	0.07419	0.05620	0.00949	0.01464	0.00995	0.01249	0.00705	0.00827	0.00619	0.00420	0.00339	0.00113	0.00544	0.00281	0.00213	0.00626
3	0.05399	0.01141	0.07694	0.15405	0.39793	0.01101	0.01253	0.07085	0.07984	0.01653	0.01094	0.06316	0.00929	0.00535	0.00474	0.00151	0.00542	0.00480	0.00285	0.00685
4	0.01055	0.00916	0.01165	0.01091	0.14204	0.00752	0.00728	0.04234	0.01056	0.01614	0.00869	0.01029	0.00720	0.00374	0.00378	0.00085	0.00396	0.00312	0.00283	0.68739
5	0.01135	0.01149	0.02133	0.10985	0.30765	0.01150	0.32607	0.04472	0.05049	0.01581	0.01107	0.01372	0.03264	0.00464	0.00514	0.00153	0.00651	0.00506	0.00264	0.00678
6	0.00624	0.00452	0.00557	0.00614	0.00670	0.00423	0.00420	0.00716	0.00941	0.01234	0.08480	0.41238	0.15612	0.19251	0.01001	0.00246	0.00320	0.06407	0.00416	0.00377
7	0.01167	0.01242	0.01637	0.25853	0.28634	0.17077	0.07985	0.01427	0.01106	0.01358	0.01163	0.01420	0.06826	0.00513	0.00481	0.00147	0.00643	0.00459	0.00248	0.00612
8	0.70412	0.01003	0.00842	0.00718	0.01031	0.01150	0.00592	0.16134	0.01087	0.02310	0.00757	0.00847	0.00574	0.00468	0.00331	0.00147	0.00400	0.00292	0.00331	0.00574
9	0.01510	0.01244	0.01349	0.17250	0.01785	0.07506	0.00956	0.43153	0.14494	0.02320	0.01195	0.01268	0.00877	0.00560	0.00473	0.00147	0.00544	0.00438	0.02212	0.00720
10	0.01109	0.01060	0.01807	0.23728	0.60002	0.01116	0.01430	0.01402	0.01053	0.01472	0.00886	0.01207	0.00726	0.00440	0.00474	0.00147	0.00586	0.00426	0.00230	0.00698
11	0.00632	0.00458	0.00584	0.00609	0.00685	0.00424	0.00428	0.00777	0.01111	0.01519	0.37720	0.33974	0.10402	0.07561	0.00726	0.00192	0.00265	0.01053	0.00469	0.00410
12	0.00641	0.00473	0.00600	0.00597	0.00700	0.00432	0.00437	0.00823	0.01227	0.01687	0.53601	0.19568	0.15213	0.01115	0.00573	0.00161	0.00238	0.00984	0.00498	0.00432
13	0.00770	0.00550	0.00770	0.00880	0.00990	0.00550	0.00770	0.00990	0.01100	0.01430	0.02531	0.05391	0.02751	0.01320	0.00660	0.00220	0.00440	0.77004	0.00440	0.00440
14	0.01006	0.00872	0.01065	0.00880	0.07255	0.00676	0.00636	0.01224	0.00999	0.01558	0.00853	0.01006	0.00712	0.00360	0.00363	0.00076	0.00371	0.00294	0.00280	0.79516
15	0.00959	0.02472	0.80726	0.01362	0.02069	0.01110	0.01766	0.01514	0.01009	0.01514	0.00858	0.01009	0.00605	0.00454	0.00454	0.00151	0.00706	0.00353	0.00202	0.00706
16	0.00683	0.00512	0.00768	0.00768	0.00853	0.00597	0.00597	0.00853	0.00768	0.01110	0.01280	0.01878	0.01195	0.03585	0.81308	0.00768	0.01280	0.00512	0.00256	0.00427
17	0.00667	0.00488	0.00625	0.00591	0.00708	0.00447	0.00443	0.00883	0.01330	0.01862	0.73356	0.03661	0.11157	0.00998	0.00564	0.00151	0.00227	0.00877	0.00519	0.00447
18	0.00621	0.00486	0.00562	0.00543	0.00680	0.00427	0.00407	0.00794	0.01222	0.01605	0.42593	0.04082	0.42080	0.01093	0.00564	0.00156	0.00234	0.00936	0.00485	0.00427
19	0.86579	0.00924	0.00702	0.00629	0.00924	0.01072	0.00518	0.01405	0.00813	0.02144	0.00666	0.00776	0.00518	0.00444	0.00296	0.00148	0.00370	0.00259	0.00296	0.00518
20	0.03851	0.01420	0.12536	0.01869	0.03839	0.01202	0.61401	0.03264	0.01119	0.01575	0.00939	0.01227	0.00704	0.00424	0.00559	0.00160	0.02498	0.00519	0.00243	0.00652
21	0.01238	0.01125	0.01913	0.08131	0.53411	0.01139	0.11244	0.05643	0.04390	0.05579	0.01010	0.01248	0.00798	0.00452	0.00486	0.00147	0.00585	0.00451	0.00276	0.00732
22	0.01215	0.12510	0.01465	0.18717	0.14253	0.01064	0.00945	0.10188	0.01203	0.09748	0.05402	0.01483	0.05587	0.00533	0.00444	0.00131	0.00483	0.00443	0.00326	0.13860
23	0.01190	0.05572	0.06066	0.04263	0.20579	0.01086	0.19650	0.06413	0.03669	0.05020	0.00976	0.01171	0.00761	0.00436	0.00474	0.00131	0.01697	0.00420	0.00282	0.20141
24	0.01200	0.01125	0.03221	0.07555	0.58957	0.01108	0.02863	0.05284	0.03604	0.03360	0.00960	0.01202	0.00777	0.00442	0.00468	0.00140	0.00553	0.00423	0.00265	0.06493
25	0.01170	0.01188	0.05603	0.14974	0.23668	0.05444	0.11004	0.09852	0.02851	0.01637	0.01044	0.01322	0.02367	0.00481	0.00470	0.00138	0.00582	0.02047	0.00279	0.13877

[dist]
# distance from previous block
# <min> <max>
6	16

[block]
# block no. 6 follows, 53 sequences, length 20
# corresponding to MSA columns:
# 276-295
name=unknown_G
#
# <colnr> <probs for GDERKNQSTAVLIFYWHMCP>
#	G	D	E	R	K	N	Q	S	T	A	V	L	I	F	Y	W	H	M	C	P
0	0.04740	0.03597	0.09950	0.03783	0.24527	0.03631	0.20143	0.05744	0.07568	0.01655	0.02538	0.01471	0.00950	0.00510	0.00490	0.00151	0.00604	0.04633	0.00287	0.03028
1	0.01363	0.05305	0.11023	0.06233	0.03631	0.06261	0.07294	0.14825	0.14341	0.13495	0.03399	0.01645	0.07848	0.00601	0.00482	0.00149	0.00526	0.00501	0.00390	0.00687
2	0.15017	0.08676	0.05500	0.37174	0.02160	0.03955	0.01068	0.05138	0.01016	0.04921	0.00887	0.01225	0.00705	0.00531	0.00533	0.00155	0.07927	0.02580	0.00262	0.00569
3	0.05386	0.00926	0.01293	0.08475	0.16956	0.00896	0.00905	0.06247	0.04624	0.41356	0.01436	0.01407	0.00980	0.00527	0.00462	0.00143	0.00459	0.00441	0.00443	0.06638
4	0.21207	0.01049	0.01219	0.01003	0.03470	0.05474	0.06281	0.12754	0.05590	0.35211	0.01350	0.01295	0.00918	0.00535	0.00441	0.00147	0.00472	0.00421	0.00448	0.00715
5	0.41734	0.01063	0.01004	0.00964	0.07223	0.05938	0.00706	0.12239	0.12899	0.05569	0.03257	0.01161	0.00886	0.00519	0.00388	0.00146	0.00431	0.00373	0.02876	0.00624
6	0.03114	0.01350	0.14591	0.01829	0.27547	0.03058	0.13085	0.03941	0.14185	0.10714	0.01188	0.01304	0.00886	0.00489	0.00482	0.00150	0.00579	0.00454	0.00322	0.00729
7	0.00595	0.00425	0.00569	0.00680	0.00714	0.00399	0.00466	0.00688	0.00928	0.01235	0.02627	0.77552	0.03133	0.01485	0.00614	0.00196	0.00289	0.06569	0.00443	0.00392
8	0.01068	0.01097	0.02088	0.06753	0.23762	0.01087	0.36086	0.01404	0.02966	0.01487	0.01121	0.08454	0.00994	0.00552	0.00577	0.00159	0.04451	0.02067	0.00266	0.03560
9	0.00582	0.00416	0.00555	0.00666	0.00693	0.00388	0.00444	0.00666	0.00915	0.01220	0.02634	0.82891	0.03161	0.01497	0.00610	0.00194	0.00277	0.01359	0.00444	0.00388
10	0.01537	0.33462	0.03706	0.01017	0.01415	0.01562	0.04491	0.34631	0.05928	0.06349	0.01028	0.01064	0.00782	0.00504	0.00415	0.00130	0.00523	0.00375	0.00360	0.00721
11	0.01046	0.01046	0.01464	0.01255	0.01255	0.01464	0.01046	0.01150	0.00732	0.01150	0.00627	0.01046	0.00627	0.00837	0.01569	0.00209	0.82328	0.00418	0.00209	0.00523
12	0.00581	0.00420	0.00551	0.00656	0.00691	0.00389	0.00439	0.00667	0.00925	0.01224	0.02755	0.78614	0.07360	0.01482	0.00608	0.00192	0.00275	0.01340	0.00444	0.00389
13	0.01065	0.11579	0.13034	0.01066	0.01384	0.02528	0.12776	0.01359	0.03789	0.09372	0.03426	0.06864	0.07034	0.05333	0.00646	0.00181	0.02125	0.15520	0.00347	0.00572
14	0.00991	0.10757	0.72727	0.01307	0.01983	0.01190	0.01669	0.01505	0.01005	0.01474	0.00838	0.00984	0.00606	0.00449	0.00439	0.00146	0.00686	0.00343	0.00202	0.00697
15	0.01025	0.16918	0.57237	0.01191	0.01783	0.01184	0.01456	0.01463	0.01017	0.03478	0.02653	0.03817	0.00837	0.00512	0.00438	0.00144	0.00628	0.01997	0.00234	0.01990
16	0.10684	0.31409	0.25262	0.01018	0.01460	0.13993	0.01064	0.01521	0.01035	0.03699	0.00856	0.04459	0.00729	0.00492	0.00387	0.00131	0.00596	0.00348	0.00242	0.00617
17	0.04777	0.07581	0.70559	0.01292	0.01952	0.02805	0.01633	0.01512	0.01005	0.01510	0.00834	0.00980	0.00602	0.00452	0.00437	0.00147	0.00682	0.00342	0.00207	0.00689
18	0.01074	0.32544	0.32299	0.01167	0.01668	0.01351	0.11458	0.01417	0.01005	0.01352	0.00976	0.01196	0.02891	0.00592	0.03520	0.00159	0.00639	0.01984	0.02073	0.00633
19	0.03472	0.34897	0.17446	0.00905	0.01317	0.05533	0.00921	0.01528	0.04217	0.09151	0.03198	0.01268	0.04617	0.00510	0.00389	0.00124	0.00506	0.00375	0.05067	0.04560

[dist]
# distance from previous block
# <min> <max>
0	225

# created by:
# /st0/software/busco_prod/Augustus/scripts/msa2prfl.pl ./align_prep/64151.fa
