[name]
unknown

[dist]
# distance from previous block
# <min> <max>
8	29

[block]
# block no. 0 follows, 54 sequences, length 8
# corresponding to MSA columns:
# 31-38
name=unknown_A
#
# <colnr> <probs for GDERKNQSTAVLIFYWHMCP>
#	G	D	E	R	K	N	Q	S	T	A	V	L	I	F	Y	W	H	M	C	P
0	0.24905	0.18533	0.32809	0.00953	0.01417	0.01176	0.01062	0.01438	0.00976	0.05259	0.06739	0.01099	0.00889	0.00481	0.00384	0.00138	0.00516	0.00346	0.00267	0.00612
1	0.40030	0.13491	0.12294	0.00878	0.01256	0.06283	0.00827	0.16862	0.01167	0.01991	0.00782	0.00875	0.00601	0.00463	0.00359	0.00137	0.00492	0.00304	0.00298	0.00611
2	0.01207	0.45950	0.17667	0.00886	0.01300	0.01371	0.00927	0.01451	0.01065	0.10267	0.12557	0.01307	0.01233	0.00515	0.00388	0.00123	0.00489	0.00385	0.00291	0.00622
3	0.10613	0.09562	0.08528	0.00808	0.01058	0.00884	0.00725	0.12552	0.01264	0.01834	0.26504	0.08433	0.02346	0.00827	0.00495	0.00156	0.00392	0.12077	0.00404	0.00539
4	0.14314	0.01260	0.01309	0.01016	0.01381	0.01403	0.00839	0.67490	0.02008	0.02845	0.01062	0.01078	0.00759	0.00547	0.00445	0.00142	0.00496	0.00400	0.00445	0.00759
5	0.59197	0.01295	0.13359	0.00812	0.01166	0.10097	0.00758	0.01508	0.00922	0.06154	0.00759	0.00857	0.00570	0.00453	0.00341	0.00144	0.00473	0.00287	0.00288	0.00560
6	0.08523	0.00993	0.01179	0.01052	0.08685	0.05885	0.00772	0.10622	0.01338	0.45110	0.01414	0.01331	0.00951	0.00524	0.00443	0.00135	0.00449	0.00415	0.00462	0.09717
7	0.00983	0.12178	0.71578	0.01280	0.01941	0.01187	0.01630	0.01483	0.00991	0.01447	0.00823	0.00967	0.00598	0.00443	0.00431	0.00144	0.00674	0.00337	0.00199	0.00686

[dist]
# distance from previous block
# <min> <max>
0	2

[block]
# block no. 1 follows, 54 sequences, length 6
# corresponding to MSA columns:
# 41-46
name=unknown_B
#
# <colnr> <probs for GDERKNQSTAVLIFYWHMCP>
#	G	D	E	R	K	N	Q	S	T	A	V	L	I	F	Y	W	H	M	C	P
0	0.01038	0.00900	0.01217	0.11664	0.01417	0.01118	0.00918	0.13208	0.01129	0.01586	0.13522	0.02037	0.01530	0.00824	0.00964	0.00182	0.35201	0.10679	0.00328	0.00539
1	0.14997	0.01511	0.01263	0.01044	0.01364	0.24617	0.00833	0.40788	0.05484	0.02262	0.00979	0.01024	0.00731	0.00526	0.00431	0.00137	0.00584	0.00368	0.00378	0.00680
2	0.16206	0.01504	0.01217	0.01025	0.01332	0.27912	0.00811	0.29201	0.08706	0.06163	0.01027	0.01058	0.00765	0.00525	0.00426	0.00138	0.00583	0.00368	0.00372	0.00662
3	0.01792	0.01321	0.01415	0.01085	0.01462	0.01462	0.00896	0.78916	0.02217	0.02972	0.01132	0.01132	0.00802	0.00566	0.00472	0.00142	0.00519	0.00425	0.00472	0.00802
4	0.01514	0.01544	0.13942	0.13801	0.01831	0.11955	0.01096	0.44393	0.01709	0.02222	0.00988	0.01093	0.00717	0.00522	0.00462	0.00143	0.00608	0.00396	0.00358	0.00708
5	0.01298	0.14056	0.02042	0.11061	0.01962	0.01352	0.28041	0.23885	0.01364	0.01817	0.00924	0.01127	0.00707	0.00477	0.00526	0.00144	0.04863	0.00437	0.00297	0.03622

[dist]
# distance from previous block
# <min> <max>
5	17

[block]
# block no. 2 follows, 54 sequences, length 12
# corresponding to MSA columns:
# 64-75
name=unknown_C
#
# <colnr> <probs for GDERKNQSTAVLIFYWHMCP>
#	G	D	E	R	K	N	Q	S	T	A	V	L	I	F	Y	W	H	M	C	P
0	0.01338	0.65040	0.02209	0.00849	0.01249	0.01730	0.00809	0.14819	0.01177	0.01454	0.00748	0.00833	0.00644	0.00429	0.00334	0.00106	0.00499	0.00283	0.00253	0.05198
1	0.01640	0.14254	0.01526	0.01006	0.01364	0.01463	0.00844	0.61847	0.01923	0.02550	0.01079	0.01194	0.00827	0.05681	0.00565	0.00155	0.00513	0.00414	0.00418	0.00739
2	0.01356	0.57031	0.02084	0.00874	0.01249	0.01675	0.00815	0.21095	0.01265	0.01582	0.00818	0.00927	0.00695	0.00660	0.05929	0.00156	0.00560	0.00313	0.00274	0.00643
3	0.01286	0.67238	0.09964	0.00888	0.01317	0.01749	0.00907	0.09514	0.01093	0.01341	0.00724	0.00819	0.00625	0.00425	0.00334	0.00110	0.00524	0.00279	0.00230	0.00635
4	0.01792	0.01321	0.01415	0.01085	0.01462	0.01462	0.00896	0.78916	0.02217	0.02972	0.01132	0.01132	0.00802	0.00566	0.00472	0.00142	0.00519	0.00425	0.00472	0.00802
5	0.01792	0.01321	0.01415	0.01085	0.01462	0.01462	0.00896	0.78916	0.02217	0.02972	0.01132	0.01132	0.00802	0.00566	0.00472	0.00142	0.00519	0.00425	0.00472	0.00802
6	0.00996	0.15321	0.68541	0.01259	0.01909	0.01217	0.01594	0.01480	0.00990	0.01432	0.00816	0.00958	0.00599	0.00441	0.00425	0.00142	0.00666	0.00333	0.00200	0.00682
7	0.00710	0.00507	0.00702	0.00811	0.00898	0.00500	0.00673	0.00890	0.01036	0.01355	0.02524	0.26319	0.02823	0.01350	0.00638	0.00210	0.00391	0.56808	0.00435	0.00420
8	0.01333	0.53066	0.02009	0.00885	0.01256	0.01658	0.00810	0.14803	0.17008	0.01599	0.00991	0.01022	0.00806	0.00479	0.00367	0.00120	0.00480	0.00338	0.00304	0.00667
9	0.01378	0.01524	0.36572	0.01049	0.01521	0.00900	0.01137	0.07321	0.01197	0.29178	0.04820	0.01477	0.01065	0.05327	0.03266	0.00185	0.00565	0.00445	0.00374	0.00698
10	0.15059	0.03215	0.01158	0.00976	0.01249	0.30857	0.00768	0.21685	0.04547	0.01817	0.01234	0.01313	0.07196	0.00771	0.06001	0.00178	0.00639	0.00406	0.00335	0.00596
11	0.00969	0.08362	0.75264	0.01305	0.01980	0.01151	0.01674	0.01487	0.00993	0.01465	0.00832	0.00978	0.00598	0.00445	0.00437	0.00146	0.00683	0.00341	0.00199	0.00690

[dist]
# distance from previous block
# <min> <max>
0	2

[block]
# block no. 3 follows, 54 sequences, length 182
# corresponding to MSA columns:
# 78-259
name=unknown_D
#
# <colnr> <probs for GDERKNQSTAVLIFYWHMCP>
#	G	D	E	R	K	N	Q	S	T	A	V	L	I	F	Y	W	H	M	C	P
0	0.00699	0.00468	0.00488	0.00497	0.00628	0.00428	0.00378	0.00860	0.01029	0.01453	0.03254	0.03510	0.41356	0.03964	0.00547	0.00156	0.00256	0.07151	0.32464	0.00412
1	0.11512	0.18034	0.55910	0.01151	0.01741	0.01240	0.01410	0.01464	0.00965	0.01495	0.00786	0.00921	0.00588	0.00438	0.00401	0.00139	0.00619	0.00318	0.00211	0.00656
2	0.02607	0.00837	0.01388	0.69683	0.08871	0.01015	0.01256	0.01198	0.00950	0.01251	0.00944	0.05027	0.00781	0.00526	0.00476	0.00158	0.00599	0.01673	0.00227	0.00533
3	0.00895	0.00849	0.01426	0.59511	0.12364	0.00987	0.04597	0.01186	0.00982	0.01267	0.01309	0.01630	0.09955	0.00546	0.00485	0.00155	0.00582	0.00492	0.00240	0.00541
4	0.00865	0.00803	0.01281	0.67981	0.02821	0.00975	0.01163	0.01209	0.05118	0.01254	0.01377	0.01685	0.10425	0.00569	0.00482	0.00158	0.00567	0.00496	0.00252	0.00520
5	0.01779	0.01117	0.01207	0.00971	0.01309	0.06819	0.00785	0.26650	0.18967	0.32934	0.01561	0.01435	0.01071	0.00583	0.00471	0.00146	0.00464	0.00459	0.00501	0.00772
6	0.07256	0.18464	0.41620	0.01148	0.01663	0.14433	0.01279	0.06376	0.01107	0.01497	0.00793	0.00916	0.00607	0.00452	0.00406	0.00134	0.00649	0.00320	0.00230	0.00647
7	0.00869	0.00627	0.00793	0.00731	0.00790	0.00761	0.00569	0.01017	0.00836	0.01365	0.01219	0.01736	0.01098	0.12308	0.12430	0.00277	0.24837	0.00474	0.36823	0.00439
8	0.00838	0.00785	0.01040	0.00914	0.01101	0.08015	0.14300	0.01038	0.02079	0.01393	0.08376	0.23645	0.17572	0.00983	0.00544	0.00163	0.00423	0.08183	0.05508	0.03099
9	0.01053	0.23232	0.49709	0.01344	0.06010	0.01304	0.08228	0.01471	0.01000	0.01398	0.00809	0.00967	0.00618	0.00431	0.00421	0.00137	0.00649	0.00346	0.00205	0.00670
10	0.01356	0.34342	0.01646	0.00924	0.01219	0.31527	0.00776	0.05557	0.01181	0.01250	0.01342	0.04335	0.11588	0.00590	0.00403	0.00122	0.00590	0.00422	0.00272	0.00557
11	0.00591	0.00422	0.00566	0.00676	0.00710	0.00397	0.00467	0.00685	0.00919	0.01222	0.02590	0.76144	0.03082	0.01462	0.00606	0.00194	0.00288	0.08154	0.00437	0.00388
12	0.05906	0.05083	0.01066	0.00859	0.01127	0.03407	0.00688	0.07947	0.25776	0.22787	0.07439	0.09876	0.01634	0.00724	0.00481	0.00154	0.00394	0.03510	0.00472	0.00670
13	0.01606	0.10403	0.03958	0.01107	0.01423	0.16889	0.00932	0.43482	0.01684	0.02142	0.00929	0.01020	0.00714	0.00562	0.00580	0.00142	0.10997	0.00379	0.00356	0.00692
14	0.00574	0.00410	0.00547	0.00657	0.00684	0.00383	0.00438	0.00657	0.00903	0.01204	0.02599	0.83122	0.03119	0.01477	0.00602	0.00191	0.00274	0.01340	0.00438	0.00383
15	0.00956	0.04993	0.78519	0.01327	0.02015	0.01119	0.01713	0.01491	0.00994	0.01481	0.00840	0.00988	0.00598	0.00447	0.00443	0.00148	0.00691	0.00345	0.00199	0.00694
16	0.00998	0.03226	0.01578	0.37603	0.33369	0.01071	0.01275	0.01269	0.00987	0.01339	0.00984	0.04910	0.00866	0.00545	0.00535	0.00155	0.04906	0.03542	0.00237	0.00604
17	0.01113	0.01272	0.02782	0.01987	0.02464	0.01192	0.78776	0.01510	0.01113	0.01510	0.00954	0.01272	0.00715	0.00397	0.00556	0.00159	0.00795	0.00556	0.00238	0.00636
18	0.00686	0.00457	0.00514	0.00514	0.00514	0.00457	0.00286	0.00686	0.00686	0.00914	0.01486	0.03086	0.01714	0.83430	0.02400	0.00457	0.00457	0.00686	0.00286	0.00286
19	0.05773	0.03362	0.08167	0.01002	0.01318	0.19485	0.00849	0.23417	0.08594	0.09659	0.04165	0.05867	0.02461	0.03153	0.00518	0.00152	0.00546	0.00476	0.00385	0.00651
20	0.00889	0.00846	0.02505	0.01073	0.01365	0.00776	0.26838	0.01251	0.09823	0.04776	0.07164	0.02901	0.36141	0.00816	0.00543	0.00158	0.00453	0.00757	0.00383	0.00540
21	0.00574	0.00410	0.00547	0.00657	0.00684	0.00383	0.00438	0.00657	0.00903	0.01204	0.02599	0.83122	0.03119	0.01477	0.00602	0.00191	0.00274	0.01340	0.00438	0.00383
22	0.00967	0.00916	0.01553	0.60309	0.24636	0.01068	0.01348	0.01272	0.00979	0.01298	0.00852	0.01232	0.00661	0.00457	0.00470	0.00152	0.00610	0.00419	0.00216	0.00586
23	0.00960	0.06047	0.77501	0.01320	0.02004	0.01129	0.01701	0.01490	0.00994	0.01476	0.00838	0.00985	0.00598	0.00446	0.00442	0.00147	0.00688	0.00344	0.00199	0.00693
24	0.01109	0.08851	0.05099	0.01828	0.02294	0.01232	0.67402	0.01481	0.01090	0.01466	0.00962	0.03156	0.00759	0.00425	0.00531	0.00154	0.00753	0.00541	0.00239	0.00629
25	0.00624	0.00458	0.00653	0.00707	0.00763	0.00487	0.00514	0.00750	0.00830	0.01149	0.01926	0.42209	0.02142	0.02514	0.41358	0.00477	0.00772	0.00920	0.00345	0.00402
26	0.00674	0.00505	0.00758	0.00758	0.00842	0.00589	0.00589	0.00842	0.00758	0.01095	0.01263	0.01852	0.01179	0.03536	0.81561	0.00758	0.01263	0.00505	0.00253	0.00421
27	0.00982	0.00891	0.01476	0.05346	0.32911	0.00909	0.11239	0.01254	0.04938	0.01376	0.02299	0.01863	0.01139	0.20243	0.04478	0.00249	0.02223	0.02648	0.02964	0.00572
28	0.00973	0.02355	0.77170	0.01315	0.01991	0.01071	0.01687	0.01503	0.01012	0.03699	0.02458	0.01063	0.00690	0.00462	0.00451	0.00149	0.00679	0.00362	0.00216	0.00695
29	0.00912	0.00860	0.01453	0.76157	0.09220	0.01053	0.01320	0.01223	0.00953	0.01231	0.00842	0.01250	0.00638	0.00467	0.00471	0.00156	0.00623	0.00419	0.00211	0.00541
30	0.00639	0.00532	0.00581	0.00609	0.00746	0.02364	0.00479	0.00780	0.01054	0.01286	0.03840	0.09034	0.52041	0.01358	0.05424	0.00209	0.00360	0.17833	0.00421	0.00410
31	0.01380	0.04821	0.01503	0.03825	0.21895	0.36647	0.04450	0.03913	0.03866	0.01442	0.10685	0.01328	0.01158	0.00528	0.00458	0.00133	0.00649	0.00425	0.00287	0.00606
32	0.00979	0.01037	0.02134	0.01601	0.01934	0.01001	0.54147	0.01268	0.01026	0.01397	0.01295	0.19465	0.01248	0.00704	0.00668	0.03037	0.05501	0.00717	0.00280	0.00558
33	0.00738	0.00675	0.00639	0.00612	0.00758	0.09443	0.00458	0.00900	0.01209	0.01519	0.36044	0.05488	0.37746	0.01025	0.00543	0.00151	0.00301	0.00866	0.00450	0.00434
34	0.01110	0.44828	0.40036	0.01064	0.01608	0.01497	0.01254	0.01451	0.00976	0.01293	0.00747	0.00871	0.00601	0.00425	0.00372	0.00124	0.00596	0.00298	0.00200	0.00649
35	0.01077	0.01129	0.03709	0.27661	0.05211	0.10268	0.11224	0.03952	0.05382	0.01365	0.01099	0.01582	0.02599	0.00676	0.02504	0.00178	0.13316	0.06242	0.00264	0.00563
36	0.01155	0.01294	0.02540	0.02086	0.15393	0.05431	0.60535	0.01513	0.01112	0.01491	0.00925	0.01228	0.00713	0.00413	0.00550	0.00155	0.02063	0.00518	0.00237	0.00648
37	0.00634	0.00464	0.00583	0.00658	0.00718	0.00439	0.00452	0.04619	0.00988	0.01301	0.02767	0.70231	0.11586	0.01400	0.00590	0.00185	0.00282	0.01256	0.00439	0.00406
38	0.01526	0.03405	0.01623	0.01216	0.01546	0.08216	0.21294	0.11218	0.01319	0.26782	0.07317	0.02859	0.01176	0.00584	0.00587	0.00152	0.07606	0.00507	0.00398	0.00671
39	0.01071	0.29193	0.45308	0.01246	0.01818	0.01362	0.10979	0.01468	0.00998	0.01368	0.00796	0.00951	0.00615	0.00427	0.00413	0.00134	0.00645	0.00342	0.00205	0.00659
40	0.00623	0.00477	0.00571	0.00554	0.00679	0.00425	0.00413	0.00802	0.01221	0.01636	0.49322	0.07425	0.32000	0.01071	0.00559	0.00154	0.00231	0.00926	0.00486	0.00425
41	0.00897	0.01034	0.11156	0.72386	0.03100	0.01053	0.01362	0.01240	0.00949	0.01240	0.00839	0.01225	0.00625	0.00469	0.00469	0.00156	0.00637	0.00410	0.00208	0.00545
42	0.19807	0.01597	0.05997	0.01043	0.01378	0.26982	0.00870	0.33137	0.01561	0.02119	0.00885	0.00956	0.00665	0.00506	0.00417	0.00136	0.00603	0.00345	0.00344	0.00652
43	0.86760	0.00912	0.00693	0.00620	0.00912	0.01058	0.00511	0.01386	0.00802	0.02115	0.00657	0.00766	0.00511	0.00438	0.00292	0.00146	0.00365	0.00255	0.00292	0.00511
44	0.00874	0.00802	0.01334	0.72328	0.02969	0.00986	0.01242	0.01177	0.00960	0.01230	0.01041	0.01754	0.00884	0.00573	0.00493	0.00164	0.00605	0.09833	0.00237	0.00513
45	0.01593	0.01172	0.01273	0.01015	0.01335	0.01286	0.00821	0.66109	0.02002	0.02682	0.01372	0.14549	0.01181	0.00715	0.00493	0.00150	0.00479	0.00574	0.00466	0.00733
46	0.00996	0.01856	0.45496	0.01625	0.07379	0.01091	0.27192	0.01452	0.01035	0.01487	0.00977	0.05439	0.00780	0.00484	0.00493	0.00154	0.00698	0.00475	0.00227	0.00663
47	0.00997	0.15739	0.68138	0.01256	0.01905	0.01221	0.01589	0.01480	0.00989	0.01430	0.00815	0.00956	0.00599	0.00441	0.00424	0.00141	0.00665	0.00333	0.00200	0.00682
48	0.00677	0.00492	0.00691	0.00691	0.00752	0.00553	0.00506	0.00799	0.00738	0.01045	0.01324	0.02190	0.01325	0.25394	0.59904	0.00676	0.01042	0.00555	0.00262	0.00384
49	0.00606	0.00440	0.00567	0.00619	0.00681	0.00410	0.00429	0.00728	0.01021	0.01380	0.23937	0.48616	0.09990	0.05506	0.02606	0.00204	0.00289	0.01124	0.00448	0.00397
50	0.08414	0.01030	0.05699	0.01179	0.01482	0.02769	0.25476	0.07177	0.01150	0.05987	0.08457	0.08399	0.13116	0.00714	0.00592	0.00160	0.06646	0.00642	0.00345	0.00567
51	0.00978	0.00838	0.00978	0.00698	0.01117	0.00629	0.00559	0.01187	0.00978	0.01536	0.00838	0.00978	0.00698	0.00349	0.00349	0.00070	0.00349	0.00279	0.00279	0.86312
52	0.00737	0.00664	0.01198	0.01048	0.01208	0.00623	0.22944	0.00916	0.00971	0.01301	0.02122	0.56118	0.02410	0.01159	0.00591	0.00183	0.00430	0.04536	0.00380	0.00458
53	0.01118	0.01169	0.02194	0.13951	0.34679	0.02970	0.33968	0.01449	0.01077	0.01470	0.00904	0.01217	0.00713	0.00419	0.00504	0.00150	0.00675	0.00475	0.00232	0.00663
54	0.03042	0.04432	0.39059	0.15511	0.02176	0.01099	0.15424	0.01508	0.01029	0.08935	0.00944	0.01136	0.00677	0.00463	0.00492	0.00152	0.02612	0.00406	0.00247	0.00654
55	0.00574	0.00410	0.00547	0.00657	0.00684	0.00383	0.00438	0.00657	0.00903	0.01204	0.02599	0.83122	0.03119	0.01477	0.00602	0.00191	0.00274	0.01340	0.00438	0.00383
56	0.01324	0.42752	0.06204	0.01008	0.01392	0.04983	0.10484	0.05582	0.02864	0.10980	0.02386	0.06175	0.00938	0.00521	0.00404	0.00127	0.00532	0.00418	0.00295	0.00632
57	0.01206	0.22137	0.11457	0.01947	0.41229	0.01315	0.01242	0.04084	0.05047	0.03378	0.00903	0.01080	0.00738	0.00446	0.00442	0.00134	0.01888	0.00376	0.00250	0.00704
58	0.01205	0.01110	0.01051	0.10871	0.02480	0.23531	0.01980	0.01466	0.05417	0.10363	0.31821	0.02127	0.03233	0.00695	0.00494	0.00142	0.00492	0.00576	0.00399	0.00546
59	0.00723	0.00529	0.00754	0.00805	0.00894	0.00571	0.00661	0.00903	0.00915	0.01241	0.01880	0.03641	0.01967	0.07574	0.34964	0.00461	0.02095	0.38658	0.00344	0.00420
60	0.01219	0.11637	0.06372	0.33313	0.12549	0.23331	0.02431	0.01471	0.01076	0.01245	0.00794	0.01056	0.00635	0.00458	0.00437	0.00138	0.00672	0.00365	0.00221	0.00582
61	0.01556	0.01354	0.01183	0.01009	0.01299	0.22760	0.00792	0.19918	0.25748	0.11600	0.01527	0.01474	0.04530	0.00597	0.00463	0.00142	0.00529	0.00457	0.02372	0.00690
62	0.00890	0.00838	0.01414	0.82296	0.03247	0.01048	0.01309	0.01205	0.00943	0.01205	0.00838	0.01257	0.00629	0.00471	0.00471	0.00157	0.00629	0.00419	0.00210	0.00524
63	0.00837	0.00758	0.01090	0.01474	0.32556	0.00725	0.00818	0.01083	0.04584	0.01463	0.09400	0.02983	0.38693	0.00841	0.00518	0.00151	0.00372	0.00733	0.00365	0.00557
64	0.00946	0.02439	0.80987	0.01344	0.02041	0.01095	0.01742	0.01493	0.00995	0.01493	0.00846	0.00995	0.00597	0.00448	0.00448	0.00149	0.00697	0.00348	0.00199	0.00697
65	0.00667	0.00482	0.00630	0.00593	0.00704	0.00445	0.00445	0.00890	0.01335	0.01891	0.80239	0.03522	0.04449	0.00964	0.00556	0.00148	0.00222	0.00853	0.00519	0.00445
66	0.02108	0.00815	0.01102	0.00845	0.01210	0.00711	0.00698	0.04124	0.01370	0.78959	0.01843	0.01594	0.01158	0.00583	0.00474	0.00146	0.00404	0.00473	0.00581	0.00802
67	0.09399	0.27493	0.45213	0.01176	0.05205	0.01332	0.01318	0.01455	0.00969	0.01437	0.00770	0.00907	0.00598	0.00432	0.00388	0.00134	0.00599	0.00313	0.00210	0.00652
68	0.00689	0.00552	0.00727	0.00814	0.09559	0.00506	0.00530	0.00887	0.01226	0.01664	0.48411	0.03570	0.27156	0.00974	0.00547	0.00151	0.00265	0.00848	0.00463	0.00464
69	0.00605	0.00432	0.00582	0.00691	0.00732	0.00409	0.00490	0.00709	0.00933	0.01238	0.02582	0.70389	0.03052	0.01449	0.00610	0.00196	0.00300	0.13773	0.00437	0.00391
70	0.01037	0.00988	0.01679	0.40149	0.44247	0.01086	0.01382	0.01333	0.01012	0.01383	0.00864	0.01209	0.00691	0.00444	0.00469	0.00148	0.00592	0.00420	0.00222	0.00642
71	0.01133	0.01168	0.01957	0.20371	0.40269	0.06608	0.18740	0.01437	0.01071	0.01432	0.00880	0.01189	0.00704	0.00431	0.00485	0.00147	0.00648	0.00443	0.00230	0.00658
72	0.00678	0.00489	0.00676	0.00676	0.00732	0.00545	0.00487	0.00789	0.00734	0.01034	0.01338	0.02267	0.01359	0.30374	0.54969	0.00657	0.00992	0.00566	0.00264	0.00376
73	0.00890	0.00838	0.01414	0.82296	0.03247	0.01048	0.01309	0.01205	0.00943	0.01205	0.00838	0.01257	0.00629	0.00471	0.00471	0.00157	0.00629	0.00419	0.00210	0.00524
74	0.00657	0.00519	0.00610	0.00683	0.00746	0.04061	0.00486	0.00775	0.01009	0.01320	0.13474	0.56972	0.07198	0.01330	0.00590	0.00183	0.00305	0.08238	0.00440	0.00405
75	0.01150	0.08645	0.40714	0.01449	0.01991	0.12759	0.22112	0.03083	0.01097	0.01447	0.00848	0.01032	0.00635	0.00439	0.00462	0.00144	0.00726	0.00391	0.00222	0.00654
76	0.01761	0.02247	0.01336	0.01215	0.01458	0.81537	0.00911	0.01883	0.01336	0.01154	0.00729	0.00850	0.00607	0.00486	0.00425	0.00121	0.00850	0.00304	0.00243	0.00547
77	0.00564	0.00478	0.00487	0.00484	0.00641	0.00401	0.00363	0.00689	0.01090	0.01310	0.09156	0.04479	0.75895	0.01181	0.00557	0.00159	0.00238	0.00987	0.00443	0.00401
78	0.01031	0.03429	0.40114	0.15998	0.12328	0.05359	0.10796	0.01448	0.01029	0.01423	0.00881	0.01159	0.00673	0.00458	0.00467	0.00149	0.00679	0.01712	0.00216	0.00651
79	0.01291	0.01464	0.01406	0.01230	0.01316	0.29921	0.00989	0.01401	0.00940	0.01142	0.00658	0.00967	0.00615	0.00705	0.01148	0.00176	0.53512	0.00374	0.00219	0.00527
80	0.01167	0.01120	0.01914	0.02894	0.80488	0.01120	0.01447	0.01447	0.01074	0.01540	0.00887	0.01167	0.00747	0.00420	0.00467	0.00140	0.00560	0.00420	0.00233	0.00747
81	0.00682	0.00473	0.00597	0.00597	0.00625	0.00502	0.00389	0.00739	0.00710	0.00975	0.01410	0.02667	0.01533	0.56333	0.29248	0.00559	0.00730	0.00624	0.00274	0.00332
82	0.00951	0.06666	0.25305	0.01192	0.01572	0.00930	0.18981	0.03968	0.01057	0.03187	0.07386	0.19168	0.01502	0.00767	0.00581	0.04710	0.00550	0.00654	0.00303	0.00569
83	0.16941	0.01220	0.01269	0.00989	0.01351	0.01350	0.00817	0.61059	0.01919	0.06933	0.01086	0.01092	0.00769	0.00544	0.00440	0.00143	0.00485	0.00397	0.00446	0.00750
84	0.00946	0.02439	0.80987	0.01344	0.02041	0.01095	0.01742	0.01493	0.00995	0.01493	0.00846	0.00995	0.00597	0.00448	0.00448	0.00149	0.00697	0.00348	0.00199	0.00697
85	0.00916	0.06002	0.45993	0.01080	0.01540	0.00906	0.02557	0.01287	0.01007	0.05170	0.04794	0.14584	0.04503	0.02413	0.02329	0.00176	0.00567	0.03286	0.00291	0.00600
86	0.01113	0.01272	0.02782	0.01987	0.02464	0.01192	0.78776	0.01510	0.01113	0.01510	0.00954	0.01272	0.00715	0.00397	0.00556	0.00159	0.00795	0.00556	0.00238	0.00636
87	0.06578	0.00827	0.01084	0.00836	0.01197	0.00739	0.00691	0.04955	0.01351	0.73907	0.01771	0.01544	0.01120	0.00575	0.00464	0.00146	0.00403	0.00461	0.00564	0.00787
88	0.01860	0.00814	0.01030	0.00809	0.01133	0.00759	0.00662	0.11621	0.03144	0.56969	0.01720	0.01574	0.01134	0.00577	0.00451	0.00140	0.00387	0.00464	0.14005	0.00744
89	0.00866	0.00739	0.01152	0.12786	0.05768	0.00813	0.08144	0.03417	0.03870	0.02663	0.17590	0.10259	0.03407	0.01357	0.17392	0.00286	0.07992	0.00649	0.00337	0.00512
90	0.01113	0.01272	0.02782	0.01987	0.02464	0.01192	0.78776	0.01510	0.01113	0.01510	0.00954	0.01272	0.00715	0.00397	0.00556	0.00159	0.00795	0.00556	0.00238	0.00636
91	0.01261	0.01415	0.01410	0.01231	0.01307	0.26675	0.00994	0.01370	0.00916	0.01141	0.00654	0.00974	0.00615	0.00718	0.01194	0.00180	0.56824	0.00378	0.00218	0.00525
92	0.00679	0.00466	0.00567	0.00570	0.00589	0.00483	0.00355	0.00718	0.00708	0.00962	0.01476	0.05491	0.01648	0.63870	0.19016	0.00512	0.00621	0.00669	0.00284	0.00317
93	0.01010	0.11872	0.69932	0.01269	0.01924	0.01175	0.01608	0.01503	0.01000	0.03339	0.00848	0.00982	0.00612	0.00446	0.00432	0.00144	0.00667	0.00340	0.00209	0.00689
94	0.01792	0.01321	0.01415	0.01085	0.01462	0.01462	0.00896	0.78916	0.02217	0.02972	0.01132	0.01132	0.00802	0.00566	0.00472	0.00142	0.00519	0.00425	0.00472	0.00802
95	0.00946	0.02439	0.80987	0.01344	0.02041	0.01095	0.01742	0.01493	0.00995	0.01493	0.00846	0.00995	0.00597	0.00448	0.00448	0.00149	0.00697	0.00348	0.00199	0.00697
96	0.01161	0.01137	0.02011	0.02793	0.71750	0.01128	0.10108	0.01454	0.01078	0.01537	0.00894	0.01179	0.00743	0.00418	0.00477	0.00142	0.00586	0.00435	0.00234	0.00734
97	0.01283	0.01448	0.02031	0.01567	0.01870	0.20857	0.37248	0.05599	0.01134	0.01411	0.00838	0.01116	0.00679	0.00567	0.01879	0.00168	0.19012	0.00455	0.00245	0.00593
98	0.00633	0.00458	0.00611	0.00713	0.00775	0.00435	0.00536	0.00761	0.00973	0.01275	0.02712	0.52758	0.08173	0.01402	0.00615	0.00198	0.00323	0.25813	0.00437	0.00400
99	0.01912	0.00840	0.01084	0.00860	0.01201	0.00784	0.00700	0.04000	0.14586	0.63873	0.01871	0.03553	0.01251	0.00614	0.00478	0.00149	0.00396	0.00504	0.00560	0.00783
100	0.03660	0.00672	0.00777	0.00853	0.06798	0.05876	0.00593	0.01017	0.02929	0.02683	0.31518	0.17016	0.11855	0.01020	0.00549	0.00164	0.00338	0.10774	0.00438	0.00471
101	0.01261	0.83713	0.02471	0.00807	0.01210	0.01866	0.00807	0.01412	0.00958	0.01109	0.00656	0.00756	0.00605	0.00403	0.00303	0.00101	0.00504	0.00252	0.00202	0.00605
102	0.01381	0.01234	0.01518	0.06513	0.06187	0.19095	0.17682	0.08451	0.01302	0.14076	0.12498	0.03207	0.01376	0.02696	0.00544	0.00152	0.00595	0.00519	0.00358	0.00615
103	0.00573	0.00452	0.00519	0.00565	0.00667	0.00397	0.00404	0.00684	0.01015	0.01273	0.06828	0.36699	0.43838	0.01303	0.00578	0.00173	0.00257	0.02940	0.00441	0.00395
104	0.00957	0.00955	0.09972	0.25665	0.01778	0.00929	0.00969	0.12190	0.01068	0.01487	0.01133	0.05951	0.00989	0.03833	0.19810	0.00307	0.05050	0.00492	0.05927	0.00537
105	0.01062	0.32375	0.52067	0.01146	0.01735	0.01379	0.01398	0.01463	0.00982	0.01352	0.00776	0.00907	0.00600	0.00432	0.00394	0.00131	0.00626	0.00313	0.00200	0.00663
106	0.01050	0.18281	0.58679	0.01263	0.01880	0.01241	0.06138	0.01501	0.01005	0.03617	0.00843	0.00982	0.00622	0.00440	0.00427	0.00140	0.00657	0.00345	0.00213	0.00678
107	0.00584	0.00419	0.00540	0.00632	0.00665	0.00391	0.00419	0.00660	0.00893	0.01181	0.02625	0.70845	0.07633	0.09186	0.00769	0.00215	0.00289	0.01258	0.00423	0.00375
108	0.00853	0.00750	0.00788	0.00825	0.00955	0.10453	0.00674	0.01077	0.03903	0.01428	0.12509	0.09653	0.11264	0.01129	0.00604	0.00186	0.01534	0.40539	0.00421	0.00454
109	0.00991	0.14181	0.69643	0.01266	0.01921	0.01206	0.01607	0.01481	0.00990	0.01438	0.00819	0.00961	0.00598	0.00442	0.00427	0.00142	0.00669	0.00335	0.00199	0.00684
110	0.01071	0.01022	0.01740	0.30442	0.53690	0.01095	0.01399	0.01363	0.01028	0.01424	0.00870	0.01198	0.00706	0.00438	0.00468	0.00146	0.00584	0.00420	0.00225	0.00669
111	0.00585	0.00481	0.00516	0.00513	0.00662	0.00412	0.00389	0.00727	0.01124	0.01394	0.18760	0.04377	0.63326	0.01155	0.00560	0.00159	0.00243	0.03755	0.00453	0.00408
112	0.00890	0.00838	0.01414	0.82296	0.03247	0.01048	0.01309	0.01205	0.00943	0.01205	0.00838	0.01257	0.00629	0.00471	0.00471	0.00157	0.00629	0.00419	0.00210	0.00524
113	0.00905	0.00853	0.01441	0.78100	0.07330	0.01051	0.01317	0.01218	0.00950	0.01222	0.00841	0.01252	0.00635	0.00469	0.00471	0.00156	0.00625	0.00419	0.00211	0.00536
114	0.00574	0.00410	0.00547	0.00657	0.00684	0.00383	0.00438	0.00657	0.00903	0.01204	0.02599	0.83122	0.03119	0.01477	0.00602	0.00191	0.00274	0.01340	0.00438	0.00383
115	0.00958	0.05667	0.77868	0.01323	0.02008	0.01126	0.01705	0.01490	0.00994	0.01478	0.00839	0.00986	0.00598	0.00446	0.00442	0.00147	0.00689	0.00345	0.00199	0.00693
116	0.00946	0.02439	0.80987	0.01344	0.02041	0.01095	0.01742	0.01493	0.00995	0.01493	0.00846	0.00995	0.00597	0.00448	0.00448	0.00149	0.00697	0.00348	0.00199	0.00697
117	0.01261	0.83713	0.02471	0.00807	0.01210	0.01866	0.00807	0.01412	0.00958	0.01109	0.00656	0.00756	0.00605	0.00403	0.00303	0.00101	0.00504	0.00252	0.00202	0.00605
118	0.01001	0.00897	0.01414	0.72354	0.03029	0.01098	0.01259	0.10718	0.01099	0.01421	0.00874	0.01242	0.00650	0.00483	0.00471	0.00155	0.00615	0.00420	0.00242	0.00558
119	0.01114	0.01141	0.01434	0.01232	0.01262	0.08135	0.01018	0.03352	0.00815	0.01187	0.00642	0.01019	0.00623	0.00790	0.01424	0.00197	0.73467	0.00404	0.00217	0.00526
120	0.01761	0.02247	0.01336	0.01215	0.01458	0.81537	0.00911	0.01883	0.01336	0.01154	0.00729	0.00850	0.00607	0.00486	0.00425	0.00121	0.00850	0.00304	0.00243	0.00547
121	0.00667	0.00482	0.00630	0.00593	0.00704	0.00445	0.00445	0.00890	0.01335	0.01891	0.80239	0.03522	0.04449	0.00964	0.00556	0.00148	0.00222	0.00853	0.00519	0.00445
122	0.01261	0.83713	0.02471	0.00807	0.01210	0.01866	0.00807	0.01412	0.00958	0.01109	0.00656	0.00756	0.00605	0.00403	0.00303	0.00101	0.00504	0.00252	0.00202	0.00605
123	0.00557	0.00478	0.00478	0.00478	0.00637	0.00398	0.00358	0.00677	0.01075	0.01274	0.04776	0.04538	0.80297	0.01194	0.00557	0.00159	0.00239	0.00995	0.00438	0.00398
124	0.01755	0.01292	0.01391	0.01077	0.01444	0.01429	0.00891	0.76071	0.02176	0.02915	0.01182	0.01285	0.00872	0.00593	0.00478	0.00144	0.00516	0.03231	0.00470	0.00788
125	0.00817	0.00414	0.00620	0.00624	0.00627	0.00414	0.00422	0.00627	0.00631	0.00841	0.00880	0.01575	0.00888	0.01626	0.01799	0.83140	0.00410	0.03217	0.00213	0.00213
126	0.01918	0.14699	0.01375	0.00877	0.01248	0.02614	0.00746	0.13462	0.01412	0.54468	0.01530	0.01379	0.01009	0.00549	0.00444	0.00137	0.00445	0.00426	0.00497	0.00764
127	0.01261	0.83713	0.02471	0.00807	0.01210	0.01866	0.00807	0.01412	0.00958	0.01109	0.00656	0.00756	0.00605	0.00403	0.00303	0.00101	0.00504	0.00252	0.00202	0.00605
128	0.00819	0.00410	0.00614	0.00614	0.00614	0.00410	0.00410	0.00614	0.00614	0.00819	0.00819	0.01433	0.00819	0.01638	0.01843	0.86282	0.00410	0.00410	0.00205	0.00205
129	0.72853	0.00921	0.00776	0.00669	0.00973	0.01039	0.00551	0.05585	0.00938	0.10915	0.00816	0.00879	0.00599	0.00461	0.00322	0.00146	0.00377	0.00289	0.00334	0.00558
130	0.01270	0.01154	0.01096	0.00968	0.01227	0.11721	0.00753	0.11598	0.51127	0.01978	0.10378	0.01759	0.01586	0.00646	0.00480	0.00151	0.00437	0.00525	0.00452	0.00693
131	0.01524	0.43031	0.01919	0.00974	0.01328	0.22707	0.00851	0.17934	0.01332	0.03290	0.00802	0.00879	0.00660	0.00463	0.00374	0.00116	0.00596	0.00307	0.00278	0.00636
132	0.01250	0.00992	0.01499	0.10781	0.32567	0.01037	0.04531	0.01796	0.21522	0.13086	0.03755	0.01542	0.01120	0.00537	0.00482	0.00150	0.00494	0.01790	0.00358	0.00710
133	0.00915	0.00864	0.01459	0.75106	0.10242	0.01054	0.01322	0.01227	0.00955	0.01235	0.00842	0.01249	0.00639	0.00467	0.00471	0.00156	0.00622	0.00419	0.00212	0.00544
134	0.01292	0.01086	0.01628	0.01272	0.01597	0.01159	0.23180	0.08569	0.30569	0.10592	0.01392	0.01443	0.01033	0.00566	0.00608	0.00158	0.09144	0.00502	0.00385	0.03825
135	0.01869	0.01245	0.01332	0.01032	0.01399	0.05698	0.00847	0.55967	0.01957	0.21864	0.01287	0.01232	0.00880	0.00566	0.00470	0.00141	0.00508	0.00430	0.00486	0.00788
136	0.01167	0.01120	0.01914	0.02894	0.80488	0.01120	0.01447	0.01447	0.01074	0.01540	0.00887	0.01167	0.00747	0.00420	0.00467	0.00140	0.00560	0.00420	0.00233	0.00747
137	0.00667	0.00482	0.00630	0.00593	0.00704	0.00445	0.00445	0.00890	0.01335	0.01891	0.80239	0.03522	0.04449	0.00964	0.00556	0.00148	0.00222	0.00853	0.00519	0.00445
138	0.00890	0.00838	0.01414	0.82296	0.03247	0.01048	0.01309	0.01205	0.00943	0.01205	0.00838	0.01257	0.00629	0.00471	0.00471	0.00157	0.00629	0.00419	0.00210	0.00524
139	0.86760	0.00912	0.00693	0.00620	0.00912	0.01058	0.00511	0.01386	0.00802	0.02115	0.00657	0.00766	0.00511	0.00438	0.00292	0.00146	0.00365	0.00255	0.00292	0.00511
140	0.00978	0.00838	0.00978	0.00698	0.01117	0.00629	0.00559	0.01187	0.00978	0.01536	0.00838	0.00978	0.00698	0.00349	0.00349	0.00070	0.00349	0.00279	0.00279	0.86312
141	0.77867	0.00900	0.00735	0.00643	0.00942	0.01019	0.00530	0.01482	0.00860	0.10384	0.00783	0.00854	0.00580	0.00453	0.00311	0.00146	0.00369	0.00278	0.00322	0.00541
142	0.00890	0.00838	0.01414	0.82296	0.03247	0.01048	0.01309	0.01205	0.00943	0.01205	0.00838	0.01257	0.00629	0.00471	0.00471	0.00157	0.00629	0.00419	0.00210	0.00524
143	0.01167	0.01120	0.01914	0.02894	0.80488	0.01120	0.01447	0.01447	0.01074	0.01540	0.00887	0.01167	0.00747	0.00420	0.00467	0.00140	0.00560	0.00420	0.00233	0.00747
144	0.01167	0.01120	0.01914	0.02894	0.80488	0.01120	0.01447	0.01447	0.01074	0.01540	0.00887	0.01167	0.00747	0.00420	0.00467	0.00140	0.00560	0.00420	0.00233	0.00747
145	0.01976	0.00807	0.01080	0.00822	0.01193	0.00685	0.00677	0.02162	0.01304	0.71109	0.01735	0.01528	0.01110	0.00555	0.00459	0.00137	0.00395	0.00450	0.00546	0.11271
146	0.00657	0.00482	0.00615	0.00582	0.00698	0.00440	0.00436	0.00869	0.01309	0.01831	0.72901	0.03621	0.11825	0.00986	0.00556	0.00149	0.00224	0.00867	0.00511	0.00440
147	0.01173	0.01013	0.01066	0.00960	0.01226	0.01173	0.00746	0.02505	0.79636	0.01972	0.01919	0.01759	0.01439	0.00640	0.00480	0.00160	0.00373	0.00533	0.00480	0.00746
148	0.00667	0.00482	0.00630	0.00593	0.00704	0.00445	0.00445	0.00890	0.01335	0.01891	0.80239	0.03522	0.04449	0.00964	0.00556	0.00148	0.00222	0.00853	0.00519	0.00445
149	0.01484	0.01200	0.01239	0.01027	0.01345	0.04059	0.00822	0.38417	0.40550	0.02414	0.01508	0.01433	0.01111	0.00600	0.00474	0.00150	0.00458	0.00474	0.00468	0.00766
150	0.86760	0.00912	0.00693	0.00620	0.00912	0.01058	0.00511	0.01386	0.00802	0.02115	0.00657	0.00766	0.00511	0.00438	0.00292	0.00146	0.00365	0.00255	0.00292	0.00511
151	0.00978	0.00838	0.00978	0.00698	0.01117	0.00629	0.00559	0.01187	0.00978	0.01536	0.00838	0.00978	0.00698	0.00349	0.00349	0.00070	0.00349	0.00279	0.00279	0.86312
152	0.00674	0.00503	0.00745	0.00745	0.00825	0.00583	0.00574	0.00834	0.00754	0.01085	0.01274	0.01915	0.01206	0.07580	0.77555	0.00743	0.01222	0.00514	0.00254	0.00414
153	0.00588	0.00479	0.00521	0.00510	0.00656	0.00411	0.00383	0.00737	0.01148	0.01448	0.26134	0.04250	0.58831	0.01129	0.00557	0.00156	0.00234	0.00955	0.00461	0.00411
154	0.00667	0.00482	0.00630	0.00593	0.00704	0.00445	0.00445	0.00890	0.01335	0.01891	0.80239	0.03522	0.04449	0.00964	0.00556	0.00148	0.00222	0.00853	0.00519	0.00445
155	0.00674	0.00505	0.00758	0.00758	0.00842	0.00589	0.00589	0.00842	0.00758	0.01095	0.01263	0.01852	0.01179	0.03536	0.81561	0.00758	0.01263	0.00505	0.00253	0.00421
156	0.00760	0.00543	0.00760	0.00868	0.00977	0.00543	0.00760	0.00977	0.01085	0.01411	0.02496	0.05319	0.02714	0.01303	0.00651	0.00217	0.00434	0.77315	0.00434	0.00434
157	0.00574	0.00410	0.00547	0.00657	0.00684	0.00383	0.00438	0.00657	0.00903	0.01204	0.02599	0.83122	0.03119	0.01477	0.00602	0.00191	0.00274	0.01340	0.00438	0.00383
158	0.00950	0.00868	0.01365	0.63635	0.02776	0.01081	0.01202	0.05345	0.04476	0.01321	0.00908	0.01288	0.00703	0.00678	0.04971	0.00193	0.07032	0.00429	0.00237	0.00542
159	0.01027	0.23417	0.60720	0.01205	0.01826	0.01294	0.01501	0.01472	0.00986	0.01394	0.00797	0.00934	0.00599	0.00436	0.00410	0.00137	0.00647	0.00324	0.00200	0.00673
160	0.00962	0.06735	0.76837	0.01315	0.01997	0.01136	0.01693	0.01489	0.00993	0.01473	0.00836	0.00983	0.00598	0.00446	0.00440	0.00147	0.00687	0.00343	0.00199	0.00692
161	0.01129	0.47324	0.33431	0.01081	0.01604	0.01526	0.05296	0.01449	0.00981	0.01282	0.00746	0.00878	0.00608	0.00421	0.00373	0.00123	0.00596	0.00306	0.00203	0.00643
162	0.00557	0.00478	0.00478	0.00478	0.00637	0.00398	0.00358	0.00677	0.01075	0.01274	0.04776	0.04538	0.80297	0.01194	0.00557	0.00159	0.00239	0.00995	0.00438	0.00398
163	0.00663	0.00476	0.00648	0.00754	0.00824	0.00460	0.00591	0.00812	0.00996	0.01306	0.02610	0.43426	0.05062	0.01385	0.00624	0.00203	0.00350	0.37967	0.00436	0.00408
164	0.00969	0.08447	0.75183	0.01304	0.01979	0.01152	0.01673	0.01487	0.00993	0.01465	0.00832	0.00978	0.00598	0.00445	0.00437	0.00146	0.00683	0.00341	0.00199	0.00690
165	0.01261	0.83713	0.02471	0.00807	0.01210	0.01866	0.00807	0.01412	0.00958	0.01109	0.00656	0.00756	0.00605	0.00403	0.00303	0.00101	0.00504	0.00252	0.00202	0.00605
166	0.00819	0.00410	0.00614	0.00614	0.00614	0.00410	0.00410	0.00614	0.00614	0.00819	0.00819	0.01433	0.00819	0.01638	0.01843	0.86282	0.00410	0.00410	0.00205	0.00205
167	0.01192	0.01021	0.01104	0.05265	0.01346	0.01182	0.00784	0.06658	0.71200	0.01987	0.01818	0.01698	0.01361	0.00627	0.00479	0.00159	0.00395	0.00521	0.00465	0.00738
168	0.01280	0.00818	0.00921	0.00776	0.01041	0.00820	0.00617	0.18522	0.13653	0.19719	0.04888	0.05076	0.28206	0.00834	0.00509	0.00153	0.00359	0.00687	0.00487	0.00633
169	0.00557	0.00478	0.00478	0.00478	0.00637	0.00398	0.00358	0.00677	0.01075	0.01274	0.04776	0.04538	0.80297	0.01194	0.00557	0.00159	0.00239	0.00995	0.00438	0.00398
170	0.00890	0.00838	0.01414	0.82296	0.03247	0.01048	0.01309	0.01205	0.00943	0.01205	0.00838	0.01257	0.00629	0.00471	0.00471	0.00157	0.00629	0.00419	0.00210	0.00524
171	0.01167	0.01120	0.01914	0.02894	0.80488	0.01120	0.01447	0.01447	0.01074	0.01540	0.00887	0.01167	0.00747	0.00420	0.00467	0.00140	0.00560	0.00420	0.00233	0.00747
172	0.06589	0.00808	0.01073	0.00827	0.01188	0.00712	0.00683	0.02250	0.01321	0.76655	0.01797	0.01561	0.01132	0.00576	0.00465	0.00146	0.00399	0.00463	0.00568	0.00787
173	0.00590	0.00424	0.00564	0.00666	0.00705	0.00397	0.00460	0.00687	0.00933	0.01241	0.05022	0.73248	0.04872	0.01442	0.00603	0.00191	0.00283	0.06843	0.00440	0.00389
174	0.01167	0.01120	0.01914	0.02894	0.80488	0.01120	0.01447	0.01447	0.01074	0.01540	0.00887	0.01167	0.00747	0.00420	0.00467	0.00140	0.00560	0.00420	0.00233	0.00747
175	0.05942	0.00948	0.01394	0.68139	0.07079	0.06237	0.01245	0.01272	0.00967	0.01272	0.00823	0.01198	0.00627	0.00468	0.00458	0.00153	0.00624	0.00402	0.00218	0.00536
176	0.01711	0.01358	0.01378	0.03352	0.01491	0.08134	0.00896	0.63710	0.08778	0.02684	0.01158	0.01166	0.00836	0.00563	0.00468	0.00142	0.00537	0.00424	0.00446	0.00768
177	0.01396	0.01068	0.01201	0.08673	0.01483	0.01206	0.00838	0.24154	0.44030	0.08322	0.01588	0.01521	0.01160	0.00598	0.00476	0.00153	0.00441	0.00487	0.00460	0.00745
178	0.02935	0.00871	0.01054	0.00859	0.01159	0.00861	0.00695	0.16680	0.08930	0.36106	0.03207	0.07575	0.06365	0.00708	0.00516	0.00150	0.02690	0.02913	0.00496	0.05231
179	0.02994	0.01006	0.01189	0.00954	0.01271	0.03203	0.02928	0.21746	0.14845	0.31064	0.07163	0.01640	0.01318	0.00622	0.00512	0.00149	0.02956	0.01812	0.00490	0.02137
180	0.09265	0.00937	0.01245	0.03235	0.01372	0.02165	0.08094	0.07946	0.09652	0.47254	0.02925	0.01491	0.01101	0.00560	0.00467	0.00148	0.00452	0.00467	0.00489	0.00737
181	0.08696	0.00978	0.01154	0.03180	0.01299	0.01071	0.05959	0.14622	0.36002	0.06371	0.12614	0.01750	0.01580	0.00627	0.00475	0.00152	0.00412	0.00527	0.00446	0.02084

[dist]
# distance from previous block
# <min> <max>
0	43

# created by:
# /st0/software/busco_prod/Augustus/scripts/msa2prfl.pl ./align_prep/64239.fa
