[name]
unknown

[dist]
# distance from previous block
# <min> <max>
1	27

[block]
# block no. 0 follows, 47 sequences, length 83
# corresponding to MSA columns:
# 28-110
name=unknown_A
#
# <colnr> <probs for GDERKNQSTAVLIFYWHMCP>
#	G	D	E	R	K	N	Q	S	T	A	V	L	I	F	Y	W	H	M	C	P
0	0.06046	0.05244	0.01176	0.00890	0.01213	0.00828	0.00733	0.02031	0.01273	0.51278	0.01750	0.01743	0.01222	0.01443	0.20343	0.00328	0.00686	0.00507	0.00514	0.00753
1	0.01912	0.01473	0.05661	0.01337	0.08231	0.09107	0.01040	0.42469	0.01951	0.17965	0.01358	0.02835	0.00976	0.00618	0.00517	0.00156	0.00593	0.00481	0.00481	0.00838
2	0.27211	0.01435	0.16102	0.07805	0.23736	0.03733	0.01221	0.05618	0.01158	0.01950	0.04765	0.01241	0.00906	0.00521	0.00456	0.00160	0.00576	0.00413	0.00299	0.00694
3	0.00813	0.00534	0.00639	0.00630	0.00703	0.00521	0.00418	0.00893	0.00938	0.05449	0.06351	0.08797	0.14467	0.42886	0.11841	0.00430	0.00545	0.00829	0.01910	0.00406
4	0.00660	0.00469	0.00600	0.00686	0.00723	0.00441	0.00452	0.00745	0.00990	0.01318	0.06705	0.60738	0.06593	0.15115	0.00995	0.00257	0.00332	0.01313	0.00460	0.00409
5	0.17886	0.28578	0.06224	0.01732	0.28930	0.05698	0.01142	0.01600	0.01095	0.01640	0.00832	0.01020	0.00703	0.00467	0.00413	0.00141	0.00581	0.00354	0.00257	0.00706
6	0.25190	0.01163	0.01462	0.30148	0.20792	0.07236	0.01182	0.04138	0.01115	0.01771	0.00884	0.01170	0.00694	0.00501	0.00459	0.00162	0.00608	0.00402	0.00277	0.00647
7	0.00751	0.00547	0.00655	0.00649	0.00738	0.00528	0.00447	0.00956	0.05808	0.01568	0.30256	0.14616	0.12628	0.24407	0.01232	0.02011	0.00345	0.00952	0.00465	0.00440
8	0.00695	0.00487	0.00604	0.00650	0.00690	0.00464	0.00421	0.00780	0.00997	0.01343	0.15015	0.37880	0.05710	0.30271	0.01368	0.00308	0.00364	0.01118	0.00438	0.00396
9	0.59939	0.01184	0.01002	0.05096	0.01297	0.06499	0.00719	0.15380	0.01221	0.02385	0.00838	0.00956	0.00637	0.00515	0.00379	0.00159	0.00486	0.00330	0.00350	0.00627
10	0.01455	0.70554	0.04042	0.00959	0.01388	0.11726	0.00925	0.01626	0.01111	0.01240	0.00738	0.00853	0.00668	0.00458	0.00354	0.00115	0.00609	0.00288	0.00228	0.00662
11	0.00657	0.00529	0.00585	0.00571	0.00729	0.00457	0.00428	0.00828	0.01285	0.01639	0.30113	0.04630	0.53256	0.01232	0.00615	0.00172	0.00258	0.01045	0.00514	0.00457
12	0.13565	0.01396	0.01452	0.01127	0.01531	0.01553	0.00931	0.66269	0.02231	0.03151	0.01177	0.01194	0.00841	0.00605	0.00493	0.00157	0.00549	0.00443	0.00493	0.00841
13	0.01438	0.01284	0.01985	0.10112	0.32325	0.01371	0.11781	0.23027	0.02907	0.02092	0.01064	0.01307	0.00830	0.00544	0.00605	0.00165	0.05556	0.00488	0.00334	0.00785
14	0.05708	0.01052	0.01755	0.47254	0.28924	0.01190	0.03862	0.01444	0.01088	0.01523	0.00937	0.01325	0.00735	0.00497	0.00511	0.00167	0.00658	0.00458	0.00246	0.00666
15	0.01980	0.01459	0.01563	0.01198	0.01615	0.01615	0.00990	0.76713	0.02448	0.03282	0.01250	0.01250	0.00886	0.00625	0.00521	0.00156	0.00573	0.00469	0.00521	0.00886
16	0.02310	0.00892	0.01208	0.00930	0.01330	0.00779	0.00767	0.02544	0.03426	0.76859	0.02056	0.01777	0.01297	0.00646	0.00524	0.00162	0.00442	0.00525	0.00642	0.00885
17	0.00962	0.00780	0.00972	0.00925	0.01098	0.00906	0.00719	0.01656	0.31150	0.01592	0.01681	0.02005	0.01416	0.02641	0.48360	0.00576	0.01006	0.00570	0.00378	0.00607
18	0.01667	0.01321	0.01736	0.01966	0.31961	0.01406	0.01208	0.38233	0.07797	0.05609	0.01244	0.01341	0.00933	0.00569	0.00520	0.00157	0.00573	0.00479	0.00423	0.00857
19	0.01229	0.01405	0.03073	0.02195	0.02722	0.01317	0.76558	0.01668	0.01229	0.01668	0.01054	0.01405	0.00790	0.00439	0.00615	0.00176	0.00878	0.00615	0.00263	0.00702
20	0.00667	0.00534	0.00605	0.00645	0.00792	0.00473	0.00503	0.00817	0.01167	0.01431	0.04441	0.14211	0.52959	0.01382	0.00644	0.00194	0.00315	0.17291	0.00483	0.00446
21	0.04300	0.00552	0.00701	0.00728	0.00838	0.00514	0.00516	0.01045	0.01113	0.12443	0.10928	0.51075	0.06877	0.04936	0.00711	0.00208	0.00327	0.01186	0.00502	0.00498
22	0.00615	0.00528	0.00528	0.00528	0.00703	0.00440	0.00396	0.00747	0.01187	0.01407	0.05276	0.05012	0.78238	0.01319	0.00615	0.00176	0.00264	0.01099	0.00484	0.00440
23	0.85377	0.01007	0.00765	0.00685	0.01007	0.01168	0.00564	0.01531	0.00886	0.02336	0.00725	0.00846	0.00564	0.00483	0.00322	0.00161	0.00403	0.00282	0.00322	0.00564
24	0.01618	0.00757	0.00998	0.00824	0.01106	0.00687	0.00657	0.01918	0.06315	0.42642	0.33111	0.02647	0.02787	0.00820	0.00561	0.00163	0.00361	0.00698	0.00608	0.00721
25	0.25758	0.01137	0.01159	0.00967	0.01315	0.01261	0.00782	0.20675	0.25915	0.13607	0.01495	0.01432	0.01077	0.00613	0.00467	0.00165	0.00454	0.00462	0.00485	0.00774
26	0.01918	0.01371	0.01486	0.01160	0.01560	0.01510	0.00951	0.61543	0.12098	0.08834	0.01424	0.01379	0.01007	0.00637	0.00522	0.00159	0.00542	0.00489	0.00531	0.00878
27	0.85377	0.01007	0.00765	0.00685	0.01007	0.01168	0.00564	0.01531	0.00886	0.02336	0.00725	0.00846	0.00564	0.00483	0.00322	0.00161	0.00403	0.00282	0.00322	0.00564
28	0.00889	0.00456	0.00670	0.00670	0.00680	0.00452	0.00449	0.00682	0.00706	0.00932	0.01141	0.01769	0.05092	0.01783	0.01958	0.80264	0.00442	0.00487	0.00240	0.00238
29	0.01785	0.00760	0.01018	0.00830	0.01126	0.00668	0.00659	0.01976	0.01410	0.52570	0.17916	0.06718	0.03521	0.05757	0.00682	0.00186	0.00395	0.00687	0.00598	0.00736
30	0.01295	0.01119	0.01178	0.01060	0.01354	0.01295	0.00824	0.02767	0.77509	0.02178	0.02120	0.01943	0.01590	0.00707	0.00530	0.00177	0.00412	0.00589	0.00530	0.00824
31	0.85377	0.01007	0.00765	0.00685	0.01007	0.01168	0.00564	0.01531	0.00886	0.02336	0.00725	0.00846	0.00564	0.00483	0.00322	0.00161	0.00403	0.00282	0.00322	0.00564
32	0.00752	0.00527	0.00681	0.00681	0.00720	0.00566	0.00457	0.00830	0.00791	0.01093	0.01537	0.02835	0.01645	0.48989	0.35020	0.00644	0.00879	0.00673	0.00300	0.00378
33	0.01214	0.00842	0.00956	0.00863	0.01108	0.00877	0.00666	0.01963	0.35020	0.14402	0.13513	0.09539	0.14985	0.00929	0.00567	0.00175	0.00359	0.00790	0.00543	0.00688
34	0.01332	0.01137	0.01198	0.01067	0.01368	0.01313	0.00833	0.06771	0.73445	0.02238	0.02073	0.01905	0.01552	0.00702	0.00529	0.00176	0.00421	0.00582	0.00529	0.00828
35	0.00910	0.00610	0.00845	0.00932	0.01068	0.00599	0.00807	0.01146	0.01229	0.05767	0.06895	0.05525	0.04601	0.01373	0.00701	0.00230	0.00460	0.65308	0.00494	0.00501
36	0.01272	0.01220	0.02084	0.07419	0.74358	0.01233	0.01590	0.01584	0.01178	0.01681	0.00977	0.01294	0.00818	0.00467	0.00516	0.00156	0.00623	0.00464	0.00256	0.00811
37	0.00699	0.00528	0.00626	0.00603	0.00731	0.00476	0.00441	0.00880	0.01302	0.01745	0.45654	0.04213	0.29060	0.09782	0.00833	0.00204	0.00279	0.00975	0.00516	0.00455
38	0.85377	0.01007	0.00765	0.00685	0.01007	0.01168	0.00564	0.01531	0.00886	0.02336	0.00725	0.00846	0.00564	0.00483	0.00322	0.00161	0.00403	0.00282	0.00322	0.00564
39	0.01272	0.01220	0.02084	0.07419	0.74358	0.01233	0.01590	0.01584	0.01178	0.01681	0.00977	0.01294	0.00818	0.00467	0.00516	0.00156	0.00623	0.00464	0.00256	0.00811
40	0.00775	0.00531	0.00630	0.00651	0.00714	0.00512	0.00447	0.00856	0.00956	0.02822	0.04977	0.08348	0.14310	0.45909	0.01763	0.00371	0.00441	0.14203	0.00396	0.00388
41	0.02019	0.00813	0.01104	0.00877	0.01221	0.00708	0.00712	0.02221	0.01461	0.63819	0.12810	0.06380	0.01916	0.00757	0.00544	0.00164	0.00408	0.00634	0.00626	0.00806
42	0.02336	0.00886	0.01209	0.00927	0.01329	0.00765	0.00765	0.02538	0.01491	0.78810	0.02055	0.01773	0.01289	0.00645	0.00524	0.00161	0.00443	0.00524	0.00645	0.00886
43	0.00721	0.00515	0.00579	0.00573	0.00634	0.00487	0.00363	0.00791	0.00974	0.01277	0.14875	0.03860	0.20211	0.49878	0.01846	0.00373	0.00407	0.00867	0.00396	0.00373
44	0.02226	0.00918	0.01213	0.00936	0.01326	0.00825	0.00771	0.08843	0.01572	0.68467	0.05799	0.01834	0.01436	0.00664	0.00528	0.00161	0.00444	0.00540	0.00630	0.00866
45	0.00680	0.00530	0.00617	0.00595	0.00743	0.00467	0.00446	0.00872	0.01339	0.01768	0.43964	0.04416	0.39324	0.01184	0.00615	0.00169	0.00254	0.01016	0.00531	0.00467
46	0.85377	0.01007	0.00765	0.00685	0.01007	0.01168	0.00564	0.01531	0.00886	0.02336	0.00725	0.00846	0.00564	0.00483	0.00322	0.00161	0.00403	0.00282	0.00322	0.00564
47	0.85377	0.01007	0.00765	0.00685	0.01007	0.01168	0.00564	0.01531	0.00886	0.02336	0.00725	0.00846	0.00564	0.00483	0.00322	0.00161	0.00403	0.00282	0.00322	0.00564
48	0.37538	0.01266	0.01223	0.00979	0.01356	0.01424	0.00808	0.44657	0.01782	0.02879	0.01026	0.01078	0.00748	0.00565	0.00436	0.00158	0.00500	0.00389	0.00436	0.00748
49	0.00615	0.00528	0.00528	0.00528	0.00703	0.00440	0.00396	0.00747	0.01187	0.01407	0.05276	0.05012	0.78238	0.01319	0.00615	0.00176	0.00264	0.01099	0.00484	0.00440
50	0.00615	0.00528	0.00528	0.00528	0.00703	0.00440	0.00396	0.00747	0.01187	0.01407	0.05276	0.05012	0.78238	0.01319	0.00615	0.00176	0.00264	0.01099	0.00484	0.00440
51	0.00646	0.00461	0.00617	0.00738	0.00773	0.00433	0.00503	0.00744	0.01008	0.01342	0.02864	0.77271	0.03420	0.01621	0.00668	0.00213	0.00312	0.05458	0.00483	0.00426
52	0.00682	0.00495	0.00653	0.00755	0.00822	0.00466	0.00553	0.00816	0.01081	0.01423	0.06825	0.54646	0.09847	0.01535	0.00670	0.00212	0.00334	0.17259	0.00487	0.00440
53	0.01118	0.02184	0.48981	0.01765	0.02439	0.01252	0.31432	0.01657	0.01151	0.01657	0.00982	0.01220	0.00711	0.00473	0.00542	0.00169	0.00812	0.00476	0.00237	0.00743
54	0.00636	0.00526	0.00559	0.00570	0.00730	0.00450	0.00429	0.00778	0.01195	0.01456	0.10058	0.09946	0.64665	0.01327	0.00624	0.00180	0.00275	0.04661	0.00490	0.00444
55	0.02336	0.00886	0.01209	0.00927	0.01329	0.00765	0.00765	0.02538	0.01491	0.78810	0.02055	0.01773	0.01289	0.00645	0.00524	0.00161	0.00443	0.00524	0.00645	0.00886
56	0.01474	0.01508	0.01549	0.01328	0.01455	0.21476	0.01077	0.09634	0.01171	0.03997	0.00820	0.01121	0.00722	0.00776	0.01226	0.00194	0.49137	0.00429	0.00283	0.00623
57	0.01315	0.01613	0.06926	0.01995	0.02473	0.12301	0.58145	0.01704	0.01235	0.01591	0.00994	0.01310	0.00761	0.00479	0.00642	0.00172	0.04843	0.00555	0.00260	0.00686
58	0.01088	0.02270	0.55478	0.05896	0.02445	0.01234	0.20942	0.01637	0.01129	0.01637	0.00964	0.01193	0.00695	0.00482	0.00527	0.00168	0.00793	0.00448	0.00232	0.00742
59	0.80859	0.01097	0.04956	0.00728	0.01074	0.01170	0.00637	0.01537	0.00898	0.02300	0.00736	0.00860	0.00569	0.00484	0.00332	0.00161	0.00422	0.00287	0.00317	0.00575
60	0.00691	0.00515	0.00656	0.00683	0.00764	0.00515	0.00485	0.00810	0.00965	0.01281	0.05754	0.22041	0.19356	0.17094	0.25503	0.00450	0.00668	0.00953	0.00393	0.00423
61	0.00623	0.00528	0.00538	0.00536	0.00708	0.00443	0.00402	0.00762	0.01205	0.01450	0.09909	0.04940	0.73578	0.01303	0.00615	0.00175	0.00263	0.01089	0.00489	0.00443
62	0.01423	0.01537	0.14661	0.02239	0.38357	0.05478	0.06443	0.07906	0.06974	0.08163	0.01162	0.01331	0.00887	0.00517	0.00518	0.00159	0.00645	0.00469	0.00326	0.00806
63	0.00641	0.00529	0.00563	0.00554	0.00719	0.00450	0.00416	0.00796	0.01247	0.01548	0.20393	0.04779	0.63033	0.01266	0.00615	0.00173	0.00260	0.01066	0.00502	0.00450
64	0.01574	0.51856	0.02240	0.01050	0.01424	0.29599	0.00926	0.01730	0.01202	0.01242	0.00768	0.00900	0.00684	0.00558	0.02213	0.00136	0.00712	0.00305	0.00240	0.00641
65	0.00905	0.00452	0.00678	0.00678	0.00678	0.00452	0.00452	0.00678	0.00678	0.00905	0.00905	0.01583	0.00905	0.01809	0.02035	0.84848	0.00452	0.00452	0.00226	0.00226
66	0.01705	0.01715	0.01386	0.01149	0.01505	0.32219	0.00899	0.23716	0.08890	0.02037	0.01086	0.01156	0.00843	0.00546	0.00472	0.00132	0.00662	0.00392	0.00376	0.19116
67	0.01254	0.01201	0.02050	0.12113	0.69808	0.01228	0.01581	0.01567	0.01169	0.01659	0.00973	0.01300	0.00810	0.00471	0.00516	0.00157	0.00627	0.00464	0.00255	0.00796
68	0.00657	0.00491	0.00612	0.00662	0.00750	0.00445	0.00466	0.00799	0.01166	0.01548	0.23428	0.43675	0.20576	0.01411	0.00640	0.00191	0.00279	0.01252	0.00507	0.00445
69	0.01347	0.16587	0.01785	0.01225	0.01574	0.08586	0.13222	0.03742	0.36546	0.01819	0.01565	0.01735	0.01250	0.00631	0.00507	0.00162	0.00567	0.04231	0.02188	0.00731
70	0.07923	0.01167	0.01869	0.12855	0.55931	0.01208	0.01432	0.04050	0.01201	0.05969	0.01020	0.01292	0.00815	0.00488	0.00502	0.00158	0.00600	0.00453	0.00289	0.00778
71	0.08184	0.01337	0.01807	0.02337	0.46783	0.05526	0.01310	0.20292	0.03794	0.02136	0.01052	0.01245	0.00834	0.00517	0.00499	0.00155	0.00601	0.00448	0.00337	0.00807
72	0.05394	0.00580	0.00724	0.00694	0.00839	0.00545	0.00524	0.01095	0.01325	0.08542	0.46536	0.14013	0.08638	0.03697	0.00668	0.00185	0.00300	0.04653	0.00535	0.00511
73	0.01528	0.64398	0.02447	0.00973	0.01388	0.14349	0.00908	0.03866	0.01179	0.03785	0.00795	0.00894	0.00695	0.00472	0.00367	0.00118	0.00615	0.00301	0.00252	0.00671
74	0.01276	0.01194	0.01962	0.08336	0.64617	0.01215	0.01490	0.06140	0.01253	0.01758	0.01208	0.01480	0.04698	0.00521	0.00521	0.00157	0.00603	0.00496	0.00283	0.00792
75	0.00671	0.00500	0.00625	0.00658	0.00754	0.00453	0.00469	0.00832	0.01225	0.01646	0.33264	0.35303	0.19001	0.01344	0.00635	0.00185	0.00272	0.01190	0.00519	0.00453
76	0.01893	0.01059	0.01250	0.01017	0.01381	0.01091	0.00821	0.13710	0.30102	0.38823	0.01959	0.01758	0.01341	0.00665	0.00526	0.00166	0.00451	0.00540	0.00583	0.00863
77	0.06736	0.62729	0.07509	0.01060	0.05256	0.06659	0.00981	0.01597	0.01082	0.01351	0.00756	0.00882	0.00669	0.00458	0.00361	0.00122	0.00588	0.00298	0.00233	0.00672
78	0.01328	0.01325	0.02121	0.03028	0.69772	0.06222	0.05316	0.01632	0.01206	0.01673	0.00972	0.01272	0.00813	0.00467	0.00518	0.00154	0.00652	0.00463	0.00259	0.00805
79	0.00955	0.00582	0.00760	0.00687	0.00852	0.00527	0.00525	0.01189	0.01462	0.12811	0.63851	0.03649	0.08079	0.01018	0.00602	0.00164	0.00274	0.00891	0.00579	0.00544
80	0.01064	0.02560	0.71129	0.01558	0.02302	0.01221	0.09661	0.01651	0.01113	0.01651	0.00947	0.01131	0.00673	0.00489	0.00507	0.00166	0.00781	0.00409	0.00224	0.00763
81	0.01465	0.01856	0.33654	0.06430	0.06079	0.01309	0.01409	0.25398	0.07546	0.07978	0.01213	0.01292	0.00862	0.00564	0.00511	0.00163	0.00642	0.00447	0.00374	0.00810
82	0.01987	0.01079	0.01291	0.01006	0.01393	0.01073	0.00823	0.27241	0.07700	0.39596	0.05812	0.01690	0.01346	0.00652	0.00521	0.00157	0.00471	0.00522	0.00574	0.05068

[dist]
# distance from previous block
# <min> <max>
0	1

[block]
# block no. 1 follows, 47 sequences, length 70
# corresponding to MSA columns:
# 112-181
name=unknown_B
#
# <colnr> <probs for GDERKNQSTAVLIFYWHMCP>
#	G	D	E	R	K	N	Q	S	T	A	V	L	I	F	Y	W	H	M	C	P
0	0.01233	0.00987	0.01124	0.01006	0.01260	0.01091	0.02661	0.10092	0.45282	0.04423	0.08295	0.16405	0.02091	0.00886	0.00562	0.00179	0.00409	0.00765	0.00521	0.00730
1	0.70905	0.01134	0.07139	0.00767	0.01135	0.01132	0.00688	0.01594	0.00946	0.06881	0.00829	0.00930	0.00622	0.00491	0.00350	0.00159	0.00434	0.00306	0.00333	0.03225
2	0.01236	0.01686	0.17283	0.24437	0.02631	0.14177	0.24098	0.01615	0.01169	0.01482	0.00934	0.01250	0.00712	0.00512	0.00592	0.00169	0.04643	0.00472	0.00245	0.00657
3	0.33241	0.15938	0.29451	0.01065	0.01545	0.01375	0.01160	0.01556	0.00986	0.01804	0.00797	0.00959	0.00627	0.00515	0.00499	0.00159	0.07070	0.00333	0.00260	0.00657
4	0.01286	0.01042	0.01565	0.03600	0.24165	0.00939	0.07176	0.01596	0.03553	0.10256	0.01204	0.01514	0.00979	0.00507	0.00482	0.00131	0.00514	0.04073	0.00341	0.35079
5	0.01765	0.01705	0.01454	0.04287	0.01629	0.27929	0.00983	0.31171	0.17574	0.02243	0.01252	0.01291	0.00946	0.00616	0.00538	0.00156	0.02838	0.00448	0.00418	0.00757
6	0.00869	0.00457	0.00662	0.00672	0.00674	0.00455	0.00442	0.00689	0.00711	0.00949	0.01132	0.08212	0.01201	0.09147	0.01981	0.70230	0.00445	0.00564	0.00255	0.00250
7	0.01364	0.00790	0.01086	0.01170	0.13231	0.00735	0.00780	0.01635	0.05365	0.27470	0.10911	0.09196	0.17015	0.00932	0.00576	0.00174	0.00404	0.05976	0.00514	0.00677
8	0.01309	0.58304	0.19185	0.01206	0.07781	0.01810	0.01172	0.01582	0.01077	0.01356	0.00790	0.00929	0.00679	0.00458	0.00384	0.00126	0.00608	0.00317	0.00225	0.00703
9	0.01289	0.01237	0.02114	0.03196	0.78450	0.01237	0.01598	0.01598	0.01186	0.01701	0.00980	0.01289	0.00825	0.00464	0.00516	0.00155	0.00619	0.00464	0.00258	0.00825
10	0.01803	0.01005	0.01193	0.00995	0.01342	0.01037	0.00796	0.02655	0.40439	0.39548	0.02088	0.01860	0.01443	0.00676	0.00527	0.00169	0.00427	0.00557	0.00586	0.00855
11	0.01100	0.15276	0.66901	0.01390	0.02108	0.01344	0.01760	0.01635	0.01093	0.01582	0.00901	0.01058	0.00661	0.00487	0.00469	0.00156	0.00736	0.00368	0.00220	0.00754
12	0.01018	0.00951	0.01547	0.71697	0.05654	0.01171	0.01400	0.01455	0.07239	0.01410	0.01024	0.01430	0.00771	0.00534	0.00521	0.00173	0.00669	0.00473	0.00256	0.00606
13	0.00779	0.00555	0.00733	0.00728	0.00788	0.00606	0.00514	0.02497	0.00845	0.01174	0.01534	0.02727	0.01597	0.38292	0.41820	0.00660	0.00960	0.02476	0.00305	0.00408
14	0.00693	0.00511	0.00648	0.00656	0.00762	0.00466	0.00476	0.00881	0.01307	0.01791	0.47984	0.24761	0.14632	0.01251	0.00628	0.00178	0.00263	0.01108	0.00537	0.00466
15	0.01366	0.76072	0.08441	0.00935	0.01405	0.01997	0.00968	0.01566	0.01061	0.01257	0.00740	0.00855	0.00668	0.00449	0.00346	0.00115	0.00573	0.00286	0.00223	0.00676
16	0.08005	0.05178	0.01627	0.53176	0.02907	0.13567	0.05552	0.01495	0.01109	0.01417	0.00888	0.01248	0.00684	0.00512	0.00493	0.00163	0.00713	0.00428	0.00246	0.00593
17	0.01277	0.01272	0.02310	0.02991	0.62939	0.01254	0.16952	0.01613	0.01195	0.01695	0.00995	0.01313	0.00818	0.00459	0.00536	0.00159	0.00672	0.00495	0.00259	0.00800
18	0.00644	0.00462	0.00614	0.00733	0.00770	0.00432	0.00499	0.00743	0.01010	0.01342	0.02910	0.76233	0.04820	0.01616	0.00666	0.00212	0.00310	0.05073	0.00483	0.00426
19	0.03622	0.59679	0.02342	0.00984	0.01378	0.19896	0.00900	0.01665	0.01160	0.01285	0.02585	0.00932	0.00767	0.00482	0.00372	0.00119	0.00634	0.00307	0.00244	0.00647
20	0.03417	0.01151	0.02102	0.25034	0.22144	0.01227	0.24384	0.01475	0.01115	0.01552	0.01091	0.03377	0.02391	0.00553	0.00637	0.00174	0.06700	0.00542	0.00261	0.00672
21	0.02182	0.00852	0.01159	0.00900	0.01276	0.00739	0.00739	0.02388	0.01489	0.71421	0.09386	0.01976	0.01638	0.00685	0.00532	0.00161	0.00424	0.00564	0.00638	0.00848
22	0.01099	0.15058	0.67111	0.01392	0.02111	0.01342	0.01763	0.01635	0.01093	0.01583	0.00902	0.01058	0.00661	0.00487	0.00470	0.00157	0.00736	0.00368	0.00220	0.00754
23	0.05697	0.38397	0.03734	0.05624	0.03663	0.13439	0.00989	0.19550	0.01447	0.01806	0.00885	0.01000	0.00721	0.00510	0.00417	0.00134	0.00625	0.00350	0.00307	0.00707
24	0.00889	0.00628	0.00849	0.00869	0.03326	0.00616	0.02646	0.01062	0.02752	0.07943	0.10338	0.32059	0.14662	0.07784	0.00856	0.00220	0.04935	0.06597	0.00466	0.00504
25	0.00746	0.00494	0.00649	0.00715	0.00789	0.00454	0.00496	0.00870	0.01110	0.05861	0.14672	0.60523	0.07720	0.01470	0.00646	0.00199	0.00299	0.01321	0.00507	0.00461
26	0.01339	0.01343	0.01890	0.10469	0.41160	0.10180	0.07442	0.03022	0.14557	0.01720	0.01163	0.01382	0.00926	0.00521	0.00521	0.00160	0.00647	0.00483	0.00308	0.00765
27	0.10592	0.02698	0.01789	0.17118	0.28268	0.11193	0.07026	0.08858	0.01270	0.01770	0.00935	0.01207	0.00747	0.00518	0.00543	0.00160	0.03882	0.00436	0.00285	0.00705
28	0.01395	0.01436	0.01950	0.18324	0.34443	0.15469	0.09922	0.07723	0.01316	0.01673	0.00967	0.01256	0.00771	0.00499	0.00520	0.00157	0.00718	0.00458	0.00276	0.00726
29	0.17361	0.01323	0.01450	0.01173	0.01537	0.07677	0.09433	0.23156	0.22868	0.06746	0.01382	0.01390	0.01017	0.00594	0.00493	0.00164	0.00553	0.00476	0.00444	0.00765
30	0.01389	0.02941	0.01892	0.02603	0.57488	0.05977	0.01383	0.01769	0.07631	0.07471	0.01274	0.01465	0.03321	0.00529	0.00514	0.00156	0.00595	0.00487	0.00317	0.00801
31	0.01248	0.01155	0.01831	0.02622	0.58632	0.01181	0.01373	0.03695	0.11727	0.01775	0.01317	0.08720	0.01172	0.00609	0.00531	0.00163	0.00560	0.00575	0.00323	0.00790
32	0.07763	0.00735	0.00922	0.00779	0.01029	0.00688	0.00609	0.01720	0.04319	0.33872	0.31636	0.02669	0.02710	0.07364	0.00716	0.00191	0.00367	0.00690	0.00562	0.00659
33	0.01375	0.01154	0.01911	0.15320	0.52906	0.01189	0.02555	0.03815	0.01227	0.10475	0.01097	0.01358	0.00856	0.00506	0.00539	0.00160	0.01992	0.00473	0.00305	0.00788
34	0.01262	0.01210	0.02066	0.09954	0.71901	0.01230	0.01585	0.01575	0.01173	0.01669	0.00975	0.01298	0.00813	0.00469	0.00516	0.00156	0.00625	0.00464	0.00255	0.00803
35	0.00905	0.00452	0.00678	0.00678	0.00678	0.00452	0.00452	0.00678	0.00678	0.00905	0.00905	0.01583	0.00905	0.01809	0.02035	0.84848	0.00452	0.00452	0.00226	0.00226
36	0.00744	0.00558	0.00837	0.00837	0.00930	0.00651	0.00651	0.00930	0.00837	0.01209	0.01395	0.02046	0.01302	0.03906	0.79635	0.00837	0.01395	0.00558	0.00279	0.00465
37	0.01659	0.03388	0.01362	0.01091	0.01445	0.01373	0.00879	0.29430	0.39997	0.10955	0.01761	0.01644	0.01278	0.00663	0.00521	0.00166	0.00478	0.00530	0.00531	0.00849
38	0.01626	0.01735	0.01796	0.02269	0.40968	0.32797	0.01299	0.05304	0.01373	0.04584	0.00963	0.01165	0.00784	0.00508	0.00498	0.00147	0.00739	0.00415	0.00289	0.00741
39	0.00678	0.00485	0.00651	0.00743	0.00786	0.00477	0.00518	0.00785	0.00967	0.01299	0.02535	0.56488	0.02958	0.10071	0.11651	0.00329	0.00486	0.07231	0.00438	0.00422
40	0.00622	0.00528	0.00537	0.00535	0.00708	0.00443	0.00401	0.00761	0.01203	0.01446	0.09424	0.04948	0.74066	0.01304	0.00615	0.00175	0.00263	0.01090	0.00489	0.00443
41	0.85377	0.01007	0.00765	0.00685	0.01007	0.01168	0.00564	0.01531	0.00886	0.02336	0.00725	0.00846	0.00564	0.00483	0.00322	0.00161	0.00403	0.00282	0.00322	0.00564
42	0.01392	0.82012	0.02729	0.00891	0.01337	0.02061	0.00891	0.01559	0.01058	0.01225	0.00724	0.00835	0.00668	0.00446	0.00334	0.00111	0.00557	0.00278	0.00223	0.00668
43	0.01198	0.11302	0.58058	0.01314	0.01973	0.01219	0.01609	0.01692	0.01156	0.09476	0.05420	0.01297	0.00967	0.00537	0.00486	0.00158	0.00683	0.00419	0.00284	0.00754
44	0.01450	0.15448	0.21127	0.07192	0.01854	0.25538	0.02380	0.04666	0.12482	0.01577	0.01046	0.01162	0.00814	0.00536	0.00470	0.00149	0.00723	0.00394	0.00293	0.00699
45	0.85377	0.01007	0.00765	0.00685	0.01007	0.01168	0.00564	0.01531	0.00886	0.02336	0.00725	0.00846	0.00564	0.00483	0.00322	0.00161	0.00403	0.00282	0.00322	0.00564
46	0.01056	0.00828	0.00948	0.00708	0.01095	0.00648	0.00561	0.01290	0.01083	0.01751	0.01098	0.01271	0.00897	0.00435	0.00381	0.00087	0.00354	0.00348	0.19048	0.66117
47	0.01252	0.01200	0.02048	0.12440	0.69491	0.01228	0.01580	0.01566	0.01168	0.01657	0.00973	0.01301	0.00809	0.00471	0.00516	0.00157	0.00628	0.00464	0.00255	0.00795
48	0.00689	0.00513	0.00609	0.00615	0.00738	0.00460	0.00450	0.00867	0.01264	0.01703	0.34643	0.18656	0.29675	0.01232	0.00610	0.00174	0.00262	0.01071	0.05306	0.00460
49	0.01856	0.02294	0.01435	0.01303	0.01575	0.68808	0.00981	0.02174	0.11961	0.01399	0.00986	0.01078	0.00798	0.00560	0.00478	0.00140	0.00866	0.00370	0.00304	0.00634
50	0.01358	0.56889	0.20518	0.01055	0.01574	0.01825	0.01141	0.07668	0.01180	0.01491	0.00816	0.00931	0.00684	0.00472	0.00387	0.00128	0.00608	0.00319	0.00246	0.00710
51	0.00648	0.00465	0.00594	0.00691	0.00729	0.00434	0.00456	0.00731	0.00982	0.01296	0.02900	0.66099	0.08855	0.11409	0.00904	0.00245	0.00324	0.01363	0.00463	0.00411
52	0.01146	0.01159	0.01706	0.01429	0.01469	0.01574	0.06787	0.01284	0.00830	0.01284	0.00711	0.01159	0.00692	0.00876	0.01627	0.00224	0.74764	0.00468	0.00231	0.00580
53	0.00620	0.00528	0.00534	0.00532	0.00706	0.00442	0.00399	0.00756	0.01198	0.01432	0.07994	0.04970	0.75505	0.01309	0.00615	0.00175	0.00263	0.01093	0.00487	0.00442
54	0.00757	0.00505	0.00568	0.00568	0.00568	0.00505	0.00316	0.00757	0.00757	0.01010	0.01641	0.03408	0.01893	0.81698	0.02651	0.00505	0.00505	0.00757	0.00316	0.00316
55	0.00819	0.00568	0.00713	0.00767	0.00862	0.00555	0.00539	0.01098	0.10540	0.05894	0.07598	0.59685	0.05514	0.01415	0.00635	0.00200	0.00319	0.01269	0.00504	0.00504
56	0.07086	0.00799	0.00880	0.00787	0.01033	0.00826	0.00614	0.01895	0.24217	0.17829	0.04707	0.06725	0.09407	0.00782	0.00495	0.00161	0.00352	0.00644	0.20095	0.00668
57	0.08929	0.01110	0.01305	0.01009	0.01410	0.01116	0.00833	0.30222	0.01800	0.44344	0.01646	0.01502	0.01079	0.00624	0.00506	0.00159	0.00488	0.00484	0.00572	0.00860
58	0.00757	0.00505	0.00568	0.00568	0.00568	0.00505	0.00316	0.00757	0.00757	0.01010	0.01641	0.03408	0.01893	0.81698	0.02651	0.00505	0.00505	0.00757	0.00316	0.00316
59	0.01088	0.00603	0.00745	0.00672	0.00832	0.00547	0.00488	0.01229	0.01209	0.19434	0.23253	0.05797	0.16725	0.23720	0.01168	0.00263	0.00369	0.00838	0.00498	0.00522
60	0.53741	0.00961	0.00934	0.00777	0.01130	0.01015	0.00641	0.01914	0.01116	0.31471	0.01232	0.01199	0.00840	0.00545	0.00399	0.00161	0.00418	0.00374	0.00445	0.00687
61	0.85377	0.01007	0.00765	0.00685	0.01007	0.01168	0.00564	0.01531	0.00886	0.02336	0.00725	0.00846	0.00564	0.00483	0.00322	0.00161	0.00403	0.00282	0.00322	0.00564
62	0.00691	0.00521	0.00640	0.00631	0.00755	0.00469	0.00465	0.00887	0.01336	0.01809	0.49040	0.14395	0.24043	0.01206	0.00621	0.00173	0.00258	0.01054	0.00538	0.00469
63	0.02275	0.00873	0.01189	0.00916	0.01308	0.00755	0.00755	0.02478	0.01490	0.75844	0.04998	0.01854	0.01429	0.00661	0.00527	0.00161	0.00435	0.00540	0.00642	0.00871
64	0.00633	0.00473	0.00584	0.00671	0.00737	0.00429	0.00457	0.00732	0.01038	0.01340	0.03441	0.60093	0.22185	0.03703	0.00706	0.00210	0.00298	0.01365	0.00479	0.00424
65	0.85377	0.01007	0.00765	0.00685	0.01007	0.01168	0.00564	0.01531	0.00886	0.02336	0.00725	0.00846	0.00564	0.00483	0.00322	0.00161	0.00403	0.00282	0.00322	0.00564
66	0.00653	0.00523	0.00584	0.00581	0.00730	0.00454	0.00431	0.00816	0.01259	0.01606	0.27011	0.10392	0.50594	0.01266	0.00619	0.00175	0.00261	0.01080	0.00511	0.00454
67	0.33972	0.00932	0.01040	0.00834	0.01207	0.00919	0.00689	0.02154	0.01260	0.49676	0.01548	0.01420	0.01013	0.00583	0.00447	0.00161	0.00428	0.00432	0.00522	0.00763
68	0.01458	0.01088	0.01168	0.01007	0.01311	0.01218	0.00795	0.15796	0.49423	0.08087	0.01910	0.01806	0.01411	0.00676	0.00508	0.00165	0.00423	0.00550	0.10398	0.00800
69	0.24192	0.01010	0.01148	0.00906	0.01290	0.01007	0.00748	0.14124	0.01484	0.46563	0.01575	0.01445	0.01033	0.00599	0.00470	0.00160	0.00453	0.00451	0.00540	0.00801

[dist]
# distance from previous block
# <min> <max>
0	1

# created by:
# /st0/software/busco_prod/Augustus/scripts/msa2prfl.pl ./align_prep/64273.fa
