[name]
unknown

[dist]
# distance from previous block
# <min> <max>
0	34

[block]
# block no. 0 follows, 45 sequences, length 61
# corresponding to MSA columns:
# 36-96
name=unknown_A
#
# <colnr> <probs for GDERKNQSTAVLIFYWHMCP>
#	G	D	E	R	K	N	Q	S	T	A	V	L	I	F	Y	W	H	M	C	P
0	0.00865	0.00618	0.00865	0.00989	0.01112	0.00618	0.00865	0.01112	0.01236	0.01606	0.02842	0.06055	0.03089	0.01483	0.00741	0.00247	0.00494	0.74174	0.00494	0.00494
1	0.02005	0.02558	0.01521	0.01383	0.01659	0.78980	0.01037	0.02143	0.01521	0.01314	0.00830	0.00968	0.00691	0.00553	0.00484	0.00138	0.00968	0.00346	0.00277	0.00622
2	0.00634	0.00544	0.00544	0.00544	0.00725	0.00453	0.00408	0.00770	0.01224	0.01450	0.05438	0.05166	0.77569	0.01359	0.00634	0.00181	0.00272	0.01133	0.00498	0.00453
3	0.00654	0.00467	0.00623	0.00747	0.00779	0.00436	0.00498	0.00747	0.01028	0.01370	0.02959	0.80785	0.03550	0.01682	0.00685	0.00218	0.00311	0.01526	0.00498	0.00436
4	0.01113	0.00954	0.01113	0.00795	0.01272	0.00716	0.00636	0.01352	0.01113	0.01749	0.00954	0.01113	0.00795	0.00398	0.00398	0.00080	0.00398	0.00318	0.00318	0.84417
5	0.01312	0.01264	0.02120	0.03088	0.69423	0.01316	0.01596	0.01608	0.01178	0.01703	0.00976	0.01312	0.00834	0.00529	0.00666	0.00168	0.09345	0.00477	0.00262	0.00821
6	0.01329	0.01275	0.02179	0.03295	0.77787	0.01275	0.01647	0.01647	0.01222	0.01754	0.01010	0.01329	0.00850	0.00478	0.00531	0.00159	0.00638	0.00478	0.00266	0.00850
7	0.01188	0.01047	0.01610	0.66482	0.03352	0.01273	0.01411	0.14058	0.01320	0.01713	0.01011	0.01407	0.00749	0.00555	0.00537	0.00176	0.00694	0.00478	0.00289	0.00650
8	0.00932	0.00466	0.00699	0.00699	0.00699	0.00466	0.00466	0.00699	0.00699	0.00932	0.00932	0.01632	0.00932	0.01865	0.02098	0.84382	0.00466	0.00466	0.00233	0.00233
9	0.01174	0.01174	0.01644	0.01409	0.01409	0.01644	0.01174	0.01292	0.00822	0.01292	0.00705	0.01174	0.00705	0.00940	0.01762	0.00235	0.80153	0.00470	0.00235	0.00587
10	0.00760	0.00549	0.00718	0.00675	0.00802	0.00506	0.00506	0.01013	0.01519	0.02153	0.77503	0.04010	0.05065	0.01097	0.00633	0.00169	0.00253	0.00971	0.00591	0.00506
11	0.01014	0.00954	0.01610	0.79845	0.03697	0.01193	0.01491	0.01371	0.01073	0.01371	0.00954	0.01431	0.00716	0.00537	0.00537	0.00179	0.00716	0.00477	0.00239	0.00596
12	0.01376	0.01238	0.01232	0.01110	0.01412	0.06033	0.00861	0.02809	0.72262	0.02189	0.02103	0.01940	0.01581	0.00718	0.00542	0.00179	0.00458	0.00591	0.00530	0.00836
13	0.01307	0.01253	0.02139	0.08637	0.72616	0.01270	0.01636	0.01628	0.01212	0.01727	0.01006	0.01336	0.00841	0.00482	0.00532	0.00161	0.00643	0.00478	0.00264	0.00833
14	0.01330	0.54827	0.23447	0.01237	0.06494	0.01830	0.01256	0.01635	0.01111	0.01414	0.00822	0.00965	0.00697	0.00474	0.00402	0.00133	0.00638	0.00329	0.00231	0.00728
15	0.02005	0.02558	0.01521	0.01383	0.01659	0.78980	0.01037	0.02143	0.01521	0.01314	0.00830	0.00968	0.00691	0.00553	0.00484	0.00138	0.00968	0.00346	0.00277	0.00622
16	0.00640	0.00546	0.00552	0.00555	0.00735	0.00457	0.00419	0.00779	0.01224	0.01454	0.05374	0.05188	0.75730	0.01363	0.00637	0.00183	0.00277	0.02936	0.00498	0.00454
17	0.02408	0.00914	0.01246	0.00955	0.01370	0.00789	0.00789	0.02616	0.01536	0.78158	0.02118	0.01827	0.01329	0.00664	0.00540	0.00166	0.00457	0.00540	0.00664	0.00914
18	0.01034	0.00975	0.01646	0.74979	0.08407	0.01198	0.01501	0.01389	0.01083	0.01396	0.00958	0.01425	0.00724	0.00533	0.00536	0.00178	0.00711	0.00477	0.00240	0.00612
19	0.00760	0.00549	0.00718	0.00675	0.00802	0.00506	0.00506	0.01013	0.01519	0.02153	0.77503	0.04010	0.05065	0.01097	0.00633	0.00169	0.00253	0.00971	0.00591	0.00506
20	0.01014	0.00954	0.01610	0.79845	0.03697	0.01193	0.01491	0.01371	0.01073	0.01371	0.00954	0.01431	0.00716	0.00537	0.00537	0.00179	0.00716	0.00477	0.00239	0.00596
21	0.01086	0.01028	0.01740	0.62332	0.20647	0.01212	0.01527	0.01435	0.01107	0.01459	0.00967	0.01408	0.00746	0.00523	0.00535	0.00174	0.00698	0.00477	0.00245	0.00654
22	0.01435	0.81458	0.02813	0.00918	0.01378	0.02124	0.00918	0.01607	0.01091	0.01263	0.00746	0.00861	0.00689	0.00459	0.00344	0.00115	0.00574	0.00287	0.00230	0.00689
23	0.01119	0.02480	0.61549	0.01694	0.02431	0.01271	0.18490	0.01704	0.01163	0.01704	0.00991	0.01204	0.00710	0.00497	0.00538	0.00172	0.00818	0.00450	0.00237	0.00778
24	0.02244	0.00941	0.01334	0.06133	0.06851	0.00849	0.00893	0.02469	0.01485	0.67946	0.01966	0.01767	0.01256	0.00643	0.00539	0.00166	0.00486	0.00532	0.00609	0.00889
25	0.01888	0.01217	0.08381	0.01769	0.24132	0.01015	0.05063	0.02208	0.03095	0.43156	0.01637	0.01603	0.01111	0.00586	0.00540	0.00166	0.00562	0.00515	0.00485	0.00873
26	0.02408	0.00914	0.01246	0.00955	0.01370	0.00789	0.00789	0.02616	0.01536	0.78158	0.02118	0.01827	0.01329	0.00664	0.00540	0.00166	0.00457	0.00540	0.00664	0.00914
27	0.01923	0.01123	0.04675	0.06661	0.15564	0.00995	0.10810	0.02208	0.01399	0.46469	0.01663	0.01635	0.01111	0.00589	0.00549	0.00168	0.00578	0.00531	0.00497	0.00852
28	0.01332	0.02187	0.54792	0.01383	0.03646	0.01096	0.01615	0.01834	0.01248	0.17483	0.07145	0.01504	0.01158	0.00587	0.00526	0.00169	0.00679	0.00472	0.00346	0.00797
29	0.01079	0.05380	0.65616	0.01562	0.06983	0.01228	0.01823	0.01636	0.01145	0.01683	0.02649	0.03202	0.02551	0.00565	0.00515	0.00169	0.00741	0.00453	0.00249	0.00771
30	0.01117	0.11710	0.69777	0.01461	0.02216	0.01346	0.01862	0.01689	0.01128	0.01650	0.00939	0.01102	0.00681	0.00504	0.00491	0.00164	0.00768	0.00384	0.00227	0.00781
31	0.01297	0.01212	0.02074	0.11882	0.47736	0.02912	0.11698	0.01613	0.01217	0.05175	0.01206	0.07316	0.01050	0.00582	0.00557	0.00169	0.00658	0.00578	0.00299	0.00770
32	0.01124	0.01777	0.33278	0.02141	0.34491	0.01137	0.01596	0.01547	0.01208	0.01735	0.06982	0.01773	0.07654	0.00612	0.00539	0.00166	0.00642	0.00537	0.00293	0.00768
33	0.01048	0.00990	0.01673	0.71390	0.11881	0.01202	0.01508	0.01402	0.01090	0.01414	0.00960	0.01420	0.00730	0.00530	0.00536	0.00177	0.00707	0.00477	0.00242	0.00624
34	0.01033	0.01063	0.02149	0.01719	0.04964	0.00999	0.43916	0.01342	0.01173	0.01586	0.01804	0.31997	0.01869	0.00927	0.00649	0.00194	0.00666	0.00971	0.00359	0.00618
35	0.02873	0.22666	0.19620	0.33633	0.02649	0.01463	0.06996	0.01539	0.01103	0.01465	0.00907	0.01202	0.00705	0.00503	0.00483	0.00160	0.00704	0.00416	0.00238	0.00675
36	0.01216	0.01179	0.02058	0.29376	0.46860	0.01253	0.07144	0.01559	0.01175	0.01621	0.00996	0.01373	0.00802	0.00496	0.00541	0.00168	0.00684	0.00489	0.00257	0.00754
37	0.00690	0.00505	0.00643	0.00693	0.00774	0.00464	0.00484	0.00839	0.01208	0.01628	0.27714	0.43585	0.13646	0.03656	0.00718	0.00205	0.00293	0.01272	0.00524	0.00458
38	0.01648	0.10045	0.24107	0.01271	0.04781	0.01092	0.05916	0.01986	0.01306	0.33095	0.01702	0.04941	0.04404	0.00649	0.00526	0.00165	0.00589	0.00541	0.00435	0.00800
39	0.00694	0.00485	0.00617	0.00700	0.00727	0.00462	0.00451	0.00769	0.00983	0.01316	0.06036	0.56104	0.03182	0.23407	0.01243	0.00299	0.00366	0.01296	0.00455	0.00409
40	0.02408	0.00914	0.01246	0.00955	0.01370	0.00789	0.00789	0.02616	0.01536	0.78158	0.02118	0.01827	0.01329	0.00664	0.00540	0.00166	0.00457	0.00540	0.00664	0.00914
41	0.01199	0.29663	0.52540	0.01321	0.02000	0.01546	0.01619	0.01668	0.01119	0.01551	0.00889	0.01040	0.00683	0.00493	0.00453	0.00151	0.00718	0.00359	0.00228	0.00758
42	0.01699	0.01441	0.02146	0.01594	0.02049	0.01507	0.28355	0.45397	0.01988	0.02677	0.01221	0.01385	0.00897	0.00730	0.04177	0.00201	0.00744	0.00542	0.00428	0.00824
43	0.01077	0.02777	0.78354	0.01530	0.02323	0.01247	0.01983	0.01700	0.01133	0.01700	0.00963	0.01133	0.00680	0.00510	0.00510	0.00170	0.00793	0.00397	0.00227	0.00793
44	0.02408	0.00914	0.01246	0.00955	0.01370	0.00789	0.00789	0.02616	0.01536	0.78158	0.02118	0.01827	0.01329	0.00664	0.00540	0.00166	0.00457	0.00540	0.00664	0.00914
45	0.01053	0.00994	0.01681	0.70348	0.12889	0.01203	0.01510	0.01406	0.01092	0.01419	0.00961	0.01418	0.00732	0.00529	0.00536	0.00176	0.00706	0.00477	0.00242	0.00628
46	0.00639	0.00538	0.00554	0.00562	0.00731	0.00453	0.00417	0.00775	0.01216	0.01462	0.07084	0.10793	0.70189	0.01377	0.00638	0.00184	0.00274	0.01158	0.00501	0.00453
47	0.01931	0.12837	0.01689	0.01322	0.01623	0.68967	0.01022	0.02074	0.01465	0.01307	0.00819	0.00954	0.00691	0.00541	0.00466	0.00135	0.00917	0.00338	0.00270	0.00631
48	0.00761	0.00532	0.00643	0.00678	0.00707	0.00537	0.00427	0.00863	0.03749	0.01206	0.02086	0.27534	0.02391	0.47039	0.08114	0.00440	0.00525	0.00991	0.00385	0.00392
49	0.00654	0.00467	0.00623	0.00747	0.00779	0.00436	0.00498	0.00747	0.01028	0.01370	0.02959	0.80785	0.03550	0.01682	0.00685	0.00218	0.00311	0.01526	0.00498	0.00436
50	0.01034	0.00975	0.01646	0.74979	0.08407	0.01198	0.01501	0.01389	0.01083	0.01396	0.00958	0.01425	0.00724	0.00533	0.00536	0.00178	0.00711	0.00477	0.00240	0.00612
51	0.01159	0.01284	0.08311	0.30322	0.22809	0.01238	0.17475	0.01560	0.02673	0.01603	0.01071	0.02880	0.00854	0.00536	0.00578	0.00174	0.02284	0.00527	0.01954	0.00707
52	0.01235	0.01261	0.02388	0.20453	0.35109	0.01285	0.27068	0.01609	0.01204	0.01655	0.01023	0.01393	0.00807	0.00483	0.00568	0.00171	0.00747	0.00531	0.00261	0.00749
53	0.02105	0.01286	0.01465	0.01128	0.01541	0.01352	0.00930	0.50601	0.02182	0.26317	0.04435	0.01557	0.01198	0.00668	0.00542	0.00163	0.00537	0.00519	0.00578	0.00898
54	0.50484	0.01120	0.01199	0.19460	0.11918	0.04783	0.00956	0.01565	0.01020	0.02030	0.00834	0.01067	0.00653	0.00507	0.00413	0.00167	0.00540	0.00361	0.00299	0.00623
55	0.07699	0.00917	0.01021	0.01108	0.08367	0.07330	0.00741	0.08302	0.02823	0.08217	0.05200	0.41412	0.02408	0.01153	0.00595	0.00189	0.00444	0.01008	0.00467	0.00599
56	0.12186	0.02604	0.01212	0.08973	0.06102	0.00918	0.00789	0.03264	0.02693	0.05318	0.01128	0.01336	0.02401	0.03047	0.00502	0.00131	0.00460	0.00391	0.00337	0.46210
57	0.06248	0.01983	0.40224	0.01500	0.06783	0.03058	0.08436	0.08032	0.02822	0.01864	0.01335	0.06908	0.04059	0.00631	0.00528	0.00169	0.00680	0.00534	0.00308	0.03897
58	0.06719	0.04643	0.04708	0.08322	0.27809	0.08701	0.05746	0.09268	0.06352	0.01901	0.01082	0.01291	0.00858	0.00520	0.00499	0.00153	0.00632	0.00448	0.02211	0.08137
59	0.01415	0.01223	0.08354	0.02935	0.07158	0.02634	0.04533	0.10995	0.12133	0.13435	0.16803	0.02070	0.03279	0.00760	0.00700	0.00177	0.09583	0.00614	0.00461	0.00740
60	0.05850	0.03907	0.12712	0.08679	0.03414	0.02909	0.01089	0.19594	0.19136	0.06875	0.01638	0.01659	0.05527	0.00648	0.00517	0.00165	0.00558	0.00515	0.00430	0.04176

[dist]
# distance from previous block
# <min> <max>
7	22

[block]
# block no. 1 follows, 45 sequences, length 15
# corresponding to MSA columns:
# 119-133
name=unknown_B
#
# <colnr> <probs for GDERKNQSTAVLIFYWHMCP>
#	G	D	E	R	K	N	Q	S	T	A	V	L	I	F	Y	W	H	M	C	P
0	0.06466	0.08366	0.21946	0.05543	0.07632	0.03150	0.09423	0.06553	0.08705	0.06224	0.05282	0.01668	0.05498	0.00616	0.00521	0.00166	0.00626	0.00522	0.00354	0.00740
1	0.01501	0.05339	0.06026	0.15464	0.03575	0.04431	0.03937	0.17735	0.07568	0.11525	0.08398	0.01638	0.01323	0.00621	0.00524	0.00158	0.00574	0.00514	0.00423	0.08727
2	0.06352	0.01390	0.03608	0.01752	0.12874	0.05849	0.22656	0.10356	0.19965	0.04448	0.01357	0.01479	0.01025	0.00560	0.00545	0.00168	0.00652	0.00530	0.00385	0.04049
3	0.03062	0.01742	0.27275	0.07707	0.12302	0.01231	0.21712	0.05608	0.01277	0.08566	0.01179	0.03821	0.00899	0.00549	0.00554	0.00173	0.00734	0.00528	0.00311	0.00769
4	0.19995	0.01164	0.01380	0.01165	0.01331	0.03508	0.00963	0.04965	0.01005	0.05701	0.00841	0.01135	0.00727	0.00754	0.01165	0.00196	0.45226	0.00417	0.00302	0.08059
5	0.00744	0.00540	0.00693	0.00670	0.00785	0.00498	0.00491	0.00964	0.01422	0.01988	0.63071	0.10863	0.08818	0.05174	0.00743	0.00192	0.00273	0.01020	0.00564	0.00488
6	0.01728	0.40905	0.02149	0.01157	0.01523	0.41627	0.00979	0.01883	0.01312	0.01289	0.00789	0.00916	0.00690	0.00508	0.00416	0.00127	0.00777	0.00317	0.00254	0.00655
7	0.00696	0.00485	0.00611	0.00694	0.00715	0.00464	0.00441	0.00758	0.00946	0.01262	0.02542	0.55363	0.03024	0.27821	0.01359	0.00317	0.00380	0.01281	0.00441	0.00400
8	0.00781	0.00520	0.00585	0.00585	0.00585	0.00520	0.00325	0.00781	0.00781	0.01041	0.01691	0.03513	0.01952	0.81135	0.02732	0.00520	0.00520	0.00781	0.00325	0.00325
9	0.01989	0.01345	0.12531	0.01104	0.01554	0.03266	0.01007	0.14775	0.09174	0.42630	0.03821	0.01688	0.01278	0.00653	0.00537	0.00167	0.00534	0.00522	0.00554	0.00870
10	0.01416	0.65632	0.13620	0.01033	0.01530	0.06374	0.01079	0.01651	0.01121	0.01329	0.00782	0.00906	0.00688	0.00472	0.00376	0.00124	0.00628	0.00306	0.00232	0.00700
11	0.00755	0.00574	0.00829	0.00851	0.00924	0.00648	0.00641	0.00917	0.00933	0.01319	0.04697	0.25062	0.02092	0.03070	0.49167	0.00616	0.05214	0.00862	0.00358	0.00473
12	0.01192	0.01821	0.31244	0.11448	0.36165	0.01259	0.05931	0.01639	0.01174	0.01687	0.00990	0.01273	0.00768	0.00496	0.00530	0.00167	0.00721	0.00456	0.00248	0.00792
13	0.01736	0.05916	0.15784	0.01240	0.01708	0.05850	0.01151	0.37340	0.14318	0.07518	0.01376	0.01372	0.00992	0.00620	0.00521	0.00163	0.00612	0.00473	0.00458	0.00852
14	0.28777	0.01115	0.01374	0.04676	0.05411	0.01427	0.01003	0.01459	0.00912	0.04643	0.00800	0.01119	0.00696	0.00742	0.01126	0.00203	0.43205	0.00414	0.00285	0.00612

[dist]
# distance from previous block
# <min> <max>
1	6

[block]
# block no. 2 follows, 45 sequences, length 50
# corresponding to MSA columns:
# 140-188,191
name=unknown_C
#
# <colnr> <probs for GDERKNQSTAVLIFYWHMCP>
#	G	D	E	R	K	N	Q	S	T	A	V	L	I	F	Y	W	H	M	C	P
0	0.04910	0.01212	0.01506	0.17766	0.18407	0.06089	0.01152	0.02179	0.34014	0.04880	0.01529	0.01620	0.01162	0.00612	0.00528	0.00172	0.00565	0.00520	0.00401	0.00775
1	0.01473	0.01361	0.04763	0.01433	0.09876	0.04172	0.03958	0.15905	0.46183	0.02321	0.01750	0.01704	0.01314	0.00659	0.00543	0.00174	0.00532	0.00553	0.00480	0.00846
2	0.01928	0.02433	0.01471	0.01339	0.01606	0.74105	0.01004	0.02073	0.01521	0.01366	0.05593	0.01157	0.00963	0.00587	0.00493	0.00140	0.00924	0.00385	0.00296	0.00615
3	0.01364	0.01143	0.01894	0.02722	0.60109	0.01126	0.01413	0.01659	0.01281	0.09609	0.09189	0.03499	0.01404	0.00590	0.00546	0.00162	0.00571	0.00560	0.00346	0.00811
4	0.01441	0.44890	0.23008	0.01081	0.01627	0.01629	0.01173	0.01745	0.01160	0.11164	0.00992	0.01073	0.00774	0.00495	0.00417	0.00134	0.00608	0.00351	0.00289	0.05947
5	0.00838	0.00699	0.00956	0.00958	0.00986	0.00830	0.00722	0.00947	0.00955	0.01334	0.02118	0.43513	0.02458	0.06783	0.04485	0.00272	0.24640	0.05628	0.00398	0.00480
6	0.01068	0.07482	0.67310	0.01417	0.02137	0.01239	0.01793	0.01629	0.01151	0.01682	0.04384	0.01397	0.03877	0.00565	0.00510	0.00167	0.00736	0.00443	0.00253	0.00761
7	0.01298	0.06115	0.09823	0.05080	0.59916	0.01324	0.05409	0.01646	0.01204	0.01707	0.00992	0.01291	0.00818	0.00481	0.00524	0.00160	0.00665	0.00467	0.00259	0.00822
8	0.01077	0.02777	0.78354	0.01530	0.02323	0.01247	0.01983	0.01700	0.01133	0.01700	0.00963	0.01133	0.00680	0.00510	0.00510	0.00170	0.00793	0.00397	0.00227	0.00793
9	0.01316	0.01311	0.02382	0.03082	0.62353	0.01292	0.16918	0.01662	0.01231	0.01747	0.01025	0.01353	0.00843	0.00473	0.00552	0.00164	0.00693	0.00510	0.00267	0.00824
10	0.01309	0.01255	0.02143	0.08050	0.73184	0.01270	0.01638	0.01630	0.01213	0.01730	0.01006	0.01335	0.00842	0.00482	0.00532	0.00161	0.00643	0.00478	0.00264	0.00834
11	0.01089	0.08846	0.64055	0.01488	0.03798	0.01270	0.03560	0.01633	0.01128	0.01646	0.01074	0.06071	0.00866	0.00577	0.00511	0.00169	0.00745	0.00465	0.00246	0.00762
12	0.01077	0.02777	0.78354	0.01530	0.02323	0.01247	0.01983	0.01700	0.01133	0.01700	0.00963	0.01133	0.00680	0.00510	0.00510	0.00170	0.00793	0.00397	0.00227	0.00793
13	0.01281	0.01417	0.02992	0.05216	0.08940	0.01352	0.65262	0.03428	0.01285	0.01748	0.01080	0.01434	0.00816	0.00462	0.00619	0.00179	0.00869	0.00611	0.00276	0.00734
14	0.01077	0.02777	0.78354	0.01530	0.02323	0.01247	0.01983	0.01700	0.01133	0.01700	0.00963	0.01133	0.00680	0.00510	0.00510	0.00170	0.00793	0.00397	0.00227	0.00793
15	0.01329	0.01275	0.02179	0.03295	0.77787	0.01275	0.01647	0.01647	0.01222	0.01754	0.01010	0.01329	0.00850	0.00478	0.00531	0.00159	0.00638	0.00478	0.00266	0.00850
16	0.00767	0.00575	0.00863	0.00863	0.00959	0.00671	0.00671	0.00959	0.00863	0.01246	0.01438	0.02109	0.01342	0.04026	0.79008	0.00863	0.01438	0.00575	0.00288	0.00479
17	0.01077	0.02777	0.78354	0.01530	0.02323	0.01247	0.01983	0.01700	0.01133	0.01700	0.00963	0.01133	0.00680	0.00510	0.00510	0.00170	0.00793	0.00397	0.00227	0.00793
18	0.01329	0.01275	0.02179	0.03295	0.77787	0.01275	0.01647	0.01647	0.01222	0.01754	0.01010	0.01329	0.00850	0.00478	0.00531	0.00159	0.00638	0.00478	0.00266	0.00850
19	0.01270	0.01440	0.03120	0.02312	0.06438	0.01353	0.72243	0.01716	0.01265	0.01721	0.01082	0.01442	0.00816	0.00454	0.00629	0.00180	0.00892	0.00626	0.00271	0.00730
20	0.00648	0.00544	0.00562	0.00558	0.00733	0.00459	0.00418	0.00796	0.01255	0.01524	0.12988	0.05045	0.69973	0.01332	0.00634	0.00180	0.00270	0.01116	0.00508	0.00459
21	0.84927	0.01038	0.00789	0.00706	0.01038	0.01204	0.00581	0.01578	0.00914	0.02408	0.00747	0.00872	0.00581	0.00498	0.00332	0.00166	0.00415	0.00291	0.00332	0.00581
22	0.00767	0.00575	0.00863	0.00863	0.00959	0.00671	0.00671	0.00959	0.00863	0.01246	0.01438	0.02109	0.01342	0.04026	0.79008	0.00863	0.01438	0.00575	0.00288	0.00479
23	0.00654	0.00467	0.00623	0.00747	0.00779	0.00436	0.00498	0.00747	0.01028	0.01370	0.02959	0.80785	0.03550	0.01682	0.00685	0.00218	0.00311	0.01526	0.00498	0.00436
24	0.01335	0.01153	0.01214	0.01092	0.01396	0.01335	0.00850	0.02852	0.76817	0.02245	0.02185	0.02003	0.01639	0.00728	0.00546	0.00182	0.00425	0.00607	0.00546	0.00850
25	0.00767	0.00575	0.00863	0.00863	0.00959	0.00671	0.00671	0.00959	0.00863	0.01246	0.01438	0.02109	0.01342	0.04026	0.79008	0.00863	0.01438	0.00575	0.00288	0.00479
26	0.00654	0.00467	0.00623	0.00747	0.00779	0.00436	0.00498	0.00747	0.01028	0.01370	0.02959	0.80785	0.03550	0.01682	0.00685	0.00218	0.00311	0.01526	0.00498	0.00436
27	0.84927	0.01038	0.00789	0.00706	0.01038	0.01204	0.00581	0.01578	0.00914	0.02408	0.00747	0.00872	0.00581	0.00498	0.00332	0.00166	0.00415	0.00291	0.00332	0.00581
28	0.01267	0.01448	0.03167	0.02262	0.02805	0.01357	0.75837	0.01719	0.01267	0.01719	0.01086	0.01448	0.00814	0.00452	0.00633	0.00181	0.00905	0.00633	0.00271	0.00724
29	0.01435	0.81458	0.02813	0.00918	0.01378	0.02124	0.00918	0.01607	0.01091	0.01263	0.00746	0.00861	0.00689	0.00459	0.00344	0.00115	0.00574	0.00287	0.00230	0.00689
30	0.01335	0.01153	0.01214	0.01092	0.01396	0.01335	0.00850	0.02852	0.76817	0.02245	0.02185	0.02003	0.01639	0.00728	0.00546	0.00182	0.00425	0.00607	0.00546	0.00850
31	0.02005	0.02558	0.01521	0.01383	0.01659	0.78980	0.01037	0.02143	0.01521	0.01314	0.00830	0.00968	0.00691	0.00553	0.00484	0.00138	0.00968	0.00346	0.00277	0.00622
32	0.01077	0.02777	0.78354	0.01530	0.02323	0.01247	0.01983	0.01700	0.01133	0.01700	0.00963	0.01133	0.00680	0.00510	0.00510	0.00170	0.00793	0.00397	0.00227	0.00793
33	0.02395	0.00936	0.01259	0.00965	0.01381	0.00822	0.00798	0.05352	0.01573	0.75370	0.02087	0.01807	0.01313	0.00664	0.00540	0.00166	0.00462	0.00538	0.00660	0.00914
34	0.00678	0.00492	0.00644	0.00760	0.00801	0.00468	0.00511	0.00823	0.03748	0.01402	0.02931	0.77958	0.03482	0.01648	0.00680	0.00217	0.00315	0.01493	0.00500	0.00451
35	0.35455	0.01156	0.01570	0.07702	0.41147	0.01240	0.01201	0.01599	0.01086	0.01994	0.00899	0.01149	0.00731	0.00491	0.00450	0.00164	0.00552	0.00402	0.00291	0.00722
36	0.00975	0.00827	0.01228	0.04390	0.24861	0.00834	0.00928	0.01336	0.08777	0.01803	0.23818	0.23166	0.02859	0.01003	0.00603	0.00181	0.00422	0.00911	0.00448	0.00632
37	0.01069	0.01019	0.01737	0.65116	0.13791	0.01220	0.03812	0.01418	0.01094	0.01433	0.00960	0.01412	0.00737	0.00535	0.00567	0.00178	0.02542	0.00482	0.00243	0.00635
38	0.01880	0.22663	0.01929	0.01151	0.01589	0.01786	0.00993	0.56310	0.02145	0.02822	0.01145	0.01176	0.00854	0.00595	0.00486	0.00149	0.00586	0.00431	0.00456	0.00854
39	0.00932	0.00466	0.00699	0.00699	0.00699	0.00466	0.00466	0.00699	0.00699	0.00932	0.00932	0.01632	0.00932	0.01865	0.02098	0.84382	0.00466	0.00466	0.00233	0.00233
40	0.00767	0.00575	0.00863	0.00863	0.00959	0.00671	0.00671	0.00959	0.00863	0.01246	0.01438	0.02109	0.01342	0.04026	0.79008	0.00863	0.01438	0.00575	0.00288	0.00479
41	0.01208	0.31567	0.50713	0.01306	0.01977	0.01568	0.01594	0.01666	0.01118	0.01540	0.00884	0.01034	0.00683	0.00491	0.00449	0.00150	0.00713	0.00357	0.00228	0.00755
42	0.00890	0.00857	0.07177	0.00896	0.03415	0.00732	0.00716	0.01385	0.15115	0.02009	0.44195	0.08563	0.09878	0.01024	0.00608	0.00175	0.00346	0.00893	0.00529	0.00594
43	0.02190	0.00892	0.01196	0.00920	0.01323	0.00763	0.00755	0.02400	0.01494	0.66850	0.05319	0.01941	0.03254	0.00678	0.00534	0.00159	0.00439	0.00554	0.00629	0.07709
44	0.01113	0.00954	0.01113	0.00795	0.01272	0.00716	0.00636	0.01352	0.01113	0.01749	0.00954	0.01113	0.00795	0.00398	0.00398	0.00080	0.00398	0.00318	0.00318	0.84417
45	0.01427	0.01352	0.02071	0.02845	0.59970	0.07976	0.05708	0.01725	0.01270	0.06268	0.01202	0.01453	0.03244	0.00522	0.00537	0.00160	0.00659	0.00500	0.00298	0.00815
46	0.01014	0.00954	0.01610	0.79845	0.03697	0.01193	0.01491	0.01371	0.01073	0.01371	0.00954	0.01431	0.00716	0.00537	0.00537	0.00179	0.00716	0.00477	0.00239	0.00596
47	0.01453	0.05382	0.15970	0.02905	0.06151	0.12306	0.02375	0.11916	0.05881	0.06487	0.02803	0.03583	0.01047	0.02371	0.00545	0.00153	0.00620	0.00465	0.00361	0.17226
48	0.01183	0.25603	0.43057	0.02933	0.04726	0.01425	0.01483	0.01607	0.01147	0.03263	0.02986	0.01414	0.05875	0.00567	0.00474	0.00154	0.00667	0.00434	0.00265	0.00734
49	0.01205	0.11650	0.01278	0.05636	0.01301	0.09399	0.00762	0.09206	0.05960	0.03441	0.29572	0.02550	0.07573	0.00959	0.03892	0.00186	0.00507	0.00671	0.00452	0.03799

[dist]
# distance from previous block
# <min> <max>
1	8

[block]
# block no. 3 follows, 45 sequences, length 27
# corresponding to MSA columns:
# 200-226
name=unknown_D
#
# <colnr> <probs for GDERKNQSTAVLIFYWHMCP>
#	G	D	E	R	K	N	Q	S	T	A	V	L	I	F	Y	W	H	M	C	P
0	0.01032	0.00836	0.01016	0.00935	0.02590	0.02278	0.04235	0.01600	0.22221	0.05615	0.22934	0.08296	0.20333	0.01017	0.00630	0.00180	0.02235	0.00874	0.00519	0.00625
1	0.01077	0.02777	0.78354	0.01530	0.02323	0.01247	0.01983	0.01700	0.01133	0.01700	0.00963	0.01133	0.00680	0.00510	0.00510	0.00170	0.00793	0.00397	0.00227	0.00793
2	0.01248	0.00864	0.01238	0.03416	0.21283	0.00837	0.00899	0.02960	0.05755	0.15585	0.23197	0.06487	0.12231	0.00874	0.00583	0.00171	0.00424	0.00768	0.00490	0.00690
3	0.30145	0.19490	0.01719	0.01114	0.01416	0.09943	0.08014	0.01582	0.01033	0.01708	0.00805	0.01053	0.00697	0.01865	0.01899	0.00182	0.16064	0.00375	0.00277	0.00619
4	0.00672	0.00500	0.00642	0.00730	0.00792	0.00470	0.00506	0.00786	0.01088	0.01434	0.07835	0.61473	0.14723	0.01579	0.00696	0.00210	0.01805	0.03112	0.00499	0.00447
5	0.01315	0.01256	0.02139	0.03225	0.75479	0.01256	0.01624	0.01631	0.01223	0.01749	0.01065	0.01471	0.00918	0.00509	0.00538	0.00162	0.00633	0.02697	0.00273	0.00840
6	0.01510	0.01494	0.01928	0.01524	0.01915	0.13436	0.25023	0.09267	0.31966	0.03880	0.01534	0.01592	0.01150	0.00603	0.00564	0.00173	0.00680	0.00562	0.00418	0.00781
7	0.01329	0.01275	0.02179	0.03295	0.77787	0.01275	0.01647	0.01647	0.01222	0.01754	0.01010	0.01329	0.00850	0.00478	0.00531	0.00159	0.00638	0.00478	0.00266	0.00850
8	0.01025	0.03027	0.02793	0.01051	0.01178	0.10942	0.03595	0.02581	0.01123	0.01438	0.04091	0.34912	0.05925	0.01281	0.02685	0.00219	0.16181	0.05029	0.00395	0.00531
9	0.03863	0.01042	0.01194	0.01106	0.05058	0.06523	0.00824	0.19557	0.01482	0.15942	0.01651	0.12873	0.01449	0.01680	0.21604	0.00356	0.00775	0.00649	0.00447	0.01924
10	0.01305	0.01475	0.03825	0.01670	0.01905	0.12286	0.25521	0.01546	0.01077	0.01446	0.00909	0.03225	0.00809	0.00736	0.01160	0.00202	0.39478	0.00531	0.00259	0.00638
11	0.01435	0.81458	0.02813	0.00918	0.01378	0.02124	0.00918	0.01607	0.01091	0.01263	0.00746	0.00861	0.00689	0.00459	0.00344	0.00115	0.00574	0.00287	0.00230	0.00689
12	0.01113	0.00954	0.01113	0.00795	0.01272	0.00716	0.00636	0.01352	0.01113	0.01749	0.00954	0.01113	0.00795	0.00398	0.00398	0.00080	0.00398	0.00318	0.00318	0.84417
13	0.00684	0.00489	0.00657	0.00782	0.00826	0.00462	0.00550	0.00799	0.01057	0.01404	0.02942	0.70161	0.03485	0.01653	0.00693	0.00222	0.00337	0.11854	0.00498	0.00444
14	0.01463	0.01460	0.01278	0.06366	0.01572	0.22083	0.00915	0.02400	0.44377	0.03346	0.01797	0.07657	0.01462	0.00740	0.00539	0.00173	0.00582	0.00597	0.00452	0.00742
15	0.00727	0.00538	0.00738	0.06736	0.01023	0.00527	0.00595	0.00891	0.01170	0.01586	0.22766	0.46952	0.03665	0.03744	0.00723	0.00213	0.00345	0.06095	0.00498	0.00468
16	0.00673	0.00551	0.00586	0.00600	0.00761	0.00478	0.00457	0.00812	0.01191	0.01438	0.04842	0.05148	0.62877	0.07423	0.00806	0.00215	0.00317	0.09892	0.00485	0.00448
17	0.01557	0.01930	0.06652	0.17245	0.11759	0.42428	0.01227	0.01791	0.01331	0.01411	0.01048	0.07169	0.00933	0.00623	0.00518	0.00157	0.00814	0.00482	0.00281	0.00643
18	0.01850	0.01011	0.01506	0.19676	0.15571	0.01010	0.01113	0.04238	0.03632	0.42339	0.01629	0.01636	0.01099	0.00603	0.00538	0.00168	0.00552	0.00515	0.00487	0.00827
19	0.00798	0.00662	0.00764	0.00822	0.00893	0.06466	0.00585	0.00925	0.01021	0.01340	0.04473	0.46211	0.02661	0.05178	0.24099	0.00414	0.00703	0.01110	0.00415	0.00461
20	0.00673	0.00503	0.00626	0.00684	0.00771	0.00456	0.00479	0.00812	0.01183	0.01563	0.20142	0.46177	0.21018	0.01477	0.00662	0.00199	0.00289	0.01311	0.00519	0.00456
21	0.06763	0.00957	0.01101	0.00800	0.01263	0.00753	0.00643	0.01454	0.01129	0.07050	0.01020	0.01146	0.00818	0.00423	0.00403	0.00091	0.00403	0.00331	0.00343	0.73110
22	0.04071	0.01273	0.05419	0.01364	0.12535	0.01170	0.01001	0.25546	0.01619	0.10835	0.01189	0.01276	0.00887	0.00538	0.00508	0.00137	0.02100	0.00425	0.00414	0.27693
23	0.08653	0.04960	0.32573	0.01173	0.01698	0.01178	0.01258	0.08101	0.11255	0.04707	0.04233	0.01705	0.02935	0.00633	0.00504	0.00163	0.00586	0.04252	0.00363	0.09069
24	0.01244	0.03085	0.06107	0.06074	0.33977	0.01153	0.04115	0.08984	0.04777	0.01875	0.03413	0.02090	0.07952	0.00673	0.00549	0.00165	0.00575	0.06127	0.00351	0.06713
25	0.01332	0.01272	0.03594	0.03566	0.31512	0.04712	0.08931	0.10750	0.10246	0.01968	0.07131	0.03452	0.02867	0.03513	0.00631	0.00178	0.00601	0.00582	0.00369	0.02794
26	0.01422	0.11211	0.04839	0.04186	0.20181	0.06435	0.04293	0.04240	0.16604	0.07397	0.04004	0.01491	0.01148	0.00566	0.00502	0.00151	0.00574	0.00480	0.00371	0.09905

[dist]
# distance from previous block
# <min> <max>
43	98

[block]
# block no. 4 follows, 45 sequences, length 41
# corresponding to MSA columns:
# 331-371
name=unknown_E
#
# <colnr> <probs for GDERKNQSTAVLIFYWHMCP>
#	G	D	E	R	K	N	Q	S	T	A	V	L	I	F	Y	W	H	M	C	P
0	0.01365	0.17171	0.18291	0.01278	0.06253	0.03178	0.01158	0.14876	0.13784	0.02966	0.01545	0.06605	0.04374	0.00703	0.00540	0.00165	0.02424	0.02190	0.00379	0.00756
1	0.01303	0.26415	0.13716	0.03071	0.04961	0.04379	0.01040	0.07773	0.05340	0.04623	0.01464	0.12205	0.02995	0.02730	0.00547	0.00165	0.00566	0.02342	0.00347	0.04019
2	0.01084	0.05726	0.48195	0.01350	0.03722	0.05793	0.01504	0.03356	0.01171	0.01628	0.01422	0.18219	0.01357	0.00785	0.00545	0.00177	0.00676	0.02287	0.00302	0.00700
3	0.01317	0.03948	0.43116	0.01337	0.01918	0.01133	0.05683	0.01902	0.09843	0.14867	0.01483	0.08555	0.01168	0.00663	0.00538	0.00174	0.00651	0.00558	0.00366	0.00782
4	0.01330	0.01303	0.20223	0.03925	0.03381	0.00905	0.02533	0.01792	0.09840	0.20836	0.11139	0.09292	0.08091	0.00836	0.00570	0.00177	0.00507	0.02128	0.00470	0.00723
5	0.01154	0.02818	0.22285	0.11837	0.08252	0.01085	0.13002	0.04411	0.02936	0.06295	0.01640	0.15840	0.04546	0.00768	0.00572	0.00180	0.00639	0.00701	0.00345	0.00694
6	0.01258	0.04338	0.01837	0.29928	0.23088	0.07690	0.07355	0.05932	0.01255	0.01631	0.01228	0.03337	0.04025	0.00589	0.00559	0.00168	0.02223	0.00524	0.02348	0.00688
7	0.01464	0.01046	0.06108	0.01238	0.03272	0.00947	0.13164	0.01710	0.01263	0.27468	0.05545	0.09956	0.09951	0.00933	0.02674	0.00202	0.11177	0.00720	0.00459	0.00702
8	0.01318	0.01265	0.02160	0.05880	0.75284	0.01273	0.01642	0.01638	0.01217	0.01741	0.01008	0.01332	0.00846	0.00480	0.00532	0.00160	0.00640	0.00478	0.00265	0.00842
9	0.01108	0.01049	0.01784	0.48976	0.24938	0.01199	0.03893	0.01446	0.01126	0.01505	0.01076	0.01659	0.00892	0.00580	0.00577	0.00178	0.02415	0.04668	0.00262	0.00668
10	0.01305	0.11605	0.35360	0.01242	0.01767	0.01137	0.05554	0.01715	0.02738	0.15460	0.03205	0.13771	0.01372	0.00729	0.00533	0.00171	0.00617	0.00616	0.00366	0.00737
11	0.01390	0.01438	0.02193	0.06165	0.56545	0.10680	0.10386	0.01704	0.01257	0.01680	0.00995	0.01303	0.00821	0.00487	0.00538	0.00160	0.00713	0.00481	0.00267	0.00797
12	0.00653	0.00470	0.00620	0.00740	0.00777	0.00437	0.00495	0.00748	0.01035	0.01373	0.03047	0.78087	0.06191	0.01670	0.00683	0.00217	0.00310	0.01512	0.00498	0.00437
13	0.01178	0.06041	0.58791	0.01575	0.05135	0.07815	0.05990	0.01702	0.01172	0.01641	0.01016	0.03704	0.00788	0.00545	0.00514	0.00167	0.00783	0.00441	0.00244	0.00761
14	0.01177	0.01118	0.01979	0.29506	0.24043	0.01188	0.16654	0.01586	0.05564	0.03381	0.01257	0.07840	0.01070	0.00609	0.00568	0.00177	0.00677	0.00603	0.00302	0.00703
15	0.00706	0.00504	0.00682	0.00806	0.00860	0.00481	0.00588	0.00837	0.01079	0.01428	0.02930	0.62491	0.03437	0.01633	0.00699	0.00225	0.00356	0.19310	0.00497	0.00450
16	0.01014	0.00954	0.01610	0.79845	0.03697	0.01193	0.01491	0.01371	0.01073	0.01371	0.00954	0.01431	0.00716	0.00537	0.00537	0.00179	0.00716	0.00477	0.00239	0.00596
17	0.01360	0.01293	0.06335	0.11466	0.56578	0.01231	0.01554	0.01739	0.04161	0.07423	0.01129	0.01392	0.00892	0.00510	0.00532	0.00164	0.00633	0.00483	0.00301	0.00823
18	0.01110	0.02543	0.65146	0.01659	0.02408	0.01266	0.14957	0.01703	0.01157	0.01703	0.00985	0.01189	0.00704	0.00500	0.00532	0.00172	0.00813	0.00438	0.00235	0.00781
19	0.01014	0.00954	0.01610	0.79845	0.03697	0.01193	0.01491	0.01371	0.01073	0.01371	0.00954	0.01431	0.00716	0.00537	0.00537	0.00179	0.00716	0.00477	0.00239	0.00596
20	0.00655	0.00486	0.00613	0.00712	0.00776	0.00444	0.00489	0.00761	0.01073	0.01392	0.03459	0.63602	0.18579	0.01611	0.00676	0.00211	0.00308	0.03214	0.00498	0.00441
21	0.01275	0.03619	0.03510	0.24846	0.02339	0.01041	0.20299	0.01580	0.01213	0.15354	0.01720	0.12954	0.04822	0.00754	0.00585	0.00182	0.00633	0.02236	0.00377	0.00663
22	0.01014	0.00954	0.01610	0.79845	0.03697	0.01193	0.01491	0.01371	0.01073	0.01371	0.00954	0.01431	0.00716	0.00537	0.00537	0.00179	0.00716	0.00477	0.00239	0.00596
23	0.01077	0.02777	0.78354	0.01530	0.02323	0.01247	0.01983	0.01700	0.01133	0.01700	0.00963	0.01133	0.00680	0.00510	0.00510	0.00170	0.00793	0.00397	0.00227	0.00793
24	0.01554	0.01135	0.06264	0.12425	0.15054	0.01060	0.05382	0.02061	0.14195	0.25609	0.01714	0.05610	0.01319	0.00684	0.00557	0.00176	0.00559	0.03399	0.00452	0.00790
25	0.03546	0.01439	0.17805	0.04283	0.06220	0.04537	0.01109	0.08881	0.07560	0.25752	0.03806	0.01948	0.09345	0.00695	0.00538	0.00168	0.00557	0.00563	0.00464	0.00786
26	0.01077	0.02777	0.78354	0.01530	0.02323	0.01247	0.01983	0.01700	0.01133	0.01700	0.00963	0.01133	0.00680	0.00510	0.00510	0.00170	0.00793	0.00397	0.00227	0.00793
27	0.01124	0.01082	0.01878	0.51937	0.26032	0.01228	0.06114	0.01476	0.01130	0.01508	0.00979	0.01401	0.00762	0.00514	0.00541	0.00173	0.00704	0.00487	0.00249	0.00681
28	0.01309	0.01607	0.26459	0.08109	0.02178	0.01091	0.21161	0.01750	0.03058	0.15002	0.04004	0.09172	0.01280	0.00662	0.00572	0.00178	0.00684	0.00625	0.00362	0.00736
29	0.01024	0.00964	0.01628	0.77431	0.06033	0.01195	0.01496	0.01380	0.01078	0.01384	0.00956	0.01428	0.00720	0.00535	0.00537	0.00178	0.00713	0.00477	0.00239	0.00604
30	0.01619	0.01332	0.02071	0.01562	0.02004	0.01370	0.29567	0.21937	0.19575	0.10917	0.01518	0.01580	0.01095	0.00593	0.00576	0.00174	0.00656	0.00576	0.00452	0.00826
31	0.01177	0.13221	0.63950	0.01440	0.02160	0.05779	0.01788	0.01713	0.01150	0.01620	0.00927	0.01088	0.00682	0.00506	0.00487	0.00161	0.00774	0.00379	0.00230	0.00770
32	0.01843	0.01177	0.07611	0.03329	0.20572	0.00988	0.07420	0.02130	0.01375	0.42217	0.01674	0.04677	0.01190	0.00625	0.00549	0.00168	0.00565	0.00558	0.00483	0.00847
33	0.00693	0.00494	0.00660	0.00779	0.00824	0.00469	0.00550	0.00807	0.01050	0.01394	0.02885	0.65470	0.03408	0.05067	0.00782	0.00236	0.00350	0.13151	0.00490	0.00441
34	0.00707	0.00489	0.00607	0.00680	0.00698	0.00471	0.00426	0.00761	0.00924	0.01233	0.02429	0.48494	0.02882	0.34884	0.01541	0.00344	0.00399	0.01215	0.00426	0.00390
35	0.10468	0.00937	0.01220	0.05416	0.01470	0.00873	0.00810	0.02451	0.04134	0.63582	0.01918	0.01716	0.01231	0.00643	0.00519	0.00167	0.00466	0.00514	0.00603	0.00860
36	0.01143	0.01021	0.01430	0.09263	0.22183	0.00903	0.00988	0.01412	0.01146	0.01714	0.02800	0.03044	0.00963	0.00478	0.00459	0.00116	0.00489	0.00419	0.00306	0.49722
37	0.01083	0.00970	0.01554	0.02175	0.42911	0.00953	0.02406	0.03128	0.01192	0.01655	0.01887	0.26465	0.05281	0.00929	0.00590	0.00180	0.00512	0.03213	0.00364	0.02551
38	0.01145	0.06950	0.26564	0.26069	0.12122	0.06499	0.01492	0.01532	0.01147	0.01532	0.04416	0.01486	0.00983	0.05120	0.00640	0.00185	0.00707	0.00469	0.00261	0.00681
39	0.27545	0.01067	0.01160	0.00927	0.01300	0.01085	0.03624	0.16005	0.04644	0.08426	0.05093	0.05125	0.01179	0.00611	0.00457	0.00149	0.00455	0.00475	0.00423	0.20250
40	0.01616	0.17903	0.06975	0.01108	0.05295	0.02958	0.00927	0.08238	0.08808	0.23217	0.10999	0.03541	0.01603	0.00670	0.00505	0.00154	0.00503	0.00539	0.00465	0.03976

[dist]
# distance from previous block
# <min> <max>
3	17

[block]
# block no. 5 follows, 45 sequences, length 25
# corresponding to MSA columns:
# 389-413
name=unknown_F
#
# <colnr> <probs for GDERKNQSTAVLIFYWHMCP>
#	G	D	E	R	K	N	Q	S	T	A	V	L	I	F	Y	W	H	M	C	P
0	0.01257	0.01226	0.08106	0.01182	0.05430	0.03068	0.07007	0.04884	0.12399	0.05495	0.08449	0.01595	0.01344	0.00558	0.00493	0.00132	0.00503	0.00481	0.00387	0.36002
1	0.01671	0.00998	0.05523	0.00940	0.01355	0.00781	0.02644	0.01945	0.03426	0.37694	0.02020	0.04356	0.07520	0.00687	0.00518	0.00148	0.00451	0.02537	0.00506	0.24280
2	0.01257	0.01080	0.01612	0.04254	0.01703	0.00998	0.16811	0.04292	0.07150	0.06708	0.05857	0.01500	0.01158	0.00540	0.00571	0.00136	0.05026	0.00483	0.00365	0.38499
3	0.03377	0.01102	0.01188	0.01033	0.01292	0.07539	0.02861	0.01988	0.30902	0.06233	0.13702	0.04090	0.06201	0.00805	0.00663	0.00172	0.08068	0.00645	0.00472	0.07666
4	0.01386	0.01020	0.01427	0.09877	0.01739	0.00895	0.08734	0.03615	0.03633	0.15726	0.01228	0.01347	0.00915	0.00485	0.00472	0.00123	0.00504	0.00423	0.00380	0.46071
5	0.01001	0.00882	0.01363	0.38770	0.10538	0.00955	0.01139	0.01299	0.01166	0.01593	0.13067	0.02227	0.01656	0.03803	0.00633	0.00180	0.00565	0.06422	0.00331	0.12410
6	0.00761	0.00623	0.00703	0.00646	0.00864	0.00521	0.00497	0.00943	0.01255	0.01648	0.18331	0.06413	0.43051	0.01147	0.00598	0.00165	0.00305	0.05039	0.00483	0.16007
7	0.00976	0.00842	0.01325	0.18349	0.23354	0.00872	0.01042	0.01270	0.01339	0.01872	0.39342	0.02694	0.02934	0.00801	0.00584	0.00168	0.00462	0.00725	0.00423	0.00624
8	0.01267	0.01448	0.03167	0.02262	0.02805	0.01357	0.75837	0.01719	0.01267	0.01719	0.01086	0.01448	0.00814	0.00452	0.00633	0.00181	0.00905	0.00633	0.00271	0.00724
9	0.01329	0.01275	0.02179	0.03295	0.77787	0.01275	0.01647	0.01647	0.01222	0.01754	0.01010	0.01329	0.00850	0.00478	0.00531	0.00159	0.00638	0.00478	0.00266	0.00850
10	0.00767	0.00575	0.00863	0.00863	0.00959	0.00671	0.00671	0.00959	0.00863	0.01246	0.01438	0.02109	0.01342	0.04026	0.79008	0.00863	0.01438	0.00575	0.00288	0.00479
11	0.02005	0.02558	0.01521	0.01383	0.01659	0.78980	0.01037	0.02143	0.01521	0.01314	0.00830	0.00968	0.00691	0.00553	0.00484	0.00138	0.00968	0.00346	0.00277	0.00622
12	0.02041	0.01504	0.01611	0.01235	0.01665	0.01665	0.01020	0.75997	0.02524	0.03383	0.01289	0.01289	0.00913	0.00644	0.00537	0.00161	0.00591	0.00483	0.00537	0.00913
13	0.01267	0.01448	0.03167	0.02262	0.02805	0.01357	0.75837	0.01719	0.01267	0.01719	0.01086	0.01448	0.00814	0.00452	0.00633	0.00181	0.00905	0.00633	0.00271	0.00724
14	0.00781	0.00520	0.00585	0.00585	0.00585	0.00520	0.00325	0.00781	0.00781	0.01041	0.01691	0.03513	0.01952	0.81135	0.02732	0.00520	0.00520	0.00781	0.00325	0.00325
15	0.02005	0.02558	0.01521	0.01383	0.01659	0.78980	0.01037	0.02143	0.01521	0.01314	0.00830	0.00968	0.00691	0.00553	0.00484	0.00138	0.00968	0.00346	0.00277	0.00622
16	0.01113	0.00954	0.01113	0.00795	0.01272	0.00716	0.00636	0.01352	0.01113	0.01749	0.00954	0.01113	0.00795	0.00398	0.00398	0.00080	0.00398	0.00318	0.00318	0.84417
17	0.01123	0.06181	0.69504	0.01458	0.02198	0.01249	0.01847	0.01696	0.01134	0.04076	0.01008	0.01181	0.00727	0.00649	0.03551	0.00194	0.00798	0.00403	0.00243	0.00780
18	0.00662	0.00494	0.00597	0.00674	0.00743	0.00450	0.00455	0.00757	0.01055	0.01357	0.03500	0.51776	0.23613	0.10165	0.00892	0.00241	0.00323	0.01338	0.00480	0.00429
19	0.02408	0.00914	0.01246	0.00955	0.01370	0.00789	0.00789	0.02616	0.01536	0.78158	0.02118	0.01827	0.01329	0.00664	0.00540	0.00166	0.00457	0.00540	0.00664	0.00914
20	0.01311	0.01257	0.02147	0.07618	0.73603	0.01271	0.01639	0.01632	0.01214	0.01732	0.01007	0.01334	0.00843	0.00482	0.00532	0.00161	0.00642	0.00478	0.00264	0.00836
21	0.01267	0.01448	0.03167	0.02262	0.02805	0.01357	0.75837	0.01719	0.01267	0.01719	0.01086	0.01448	0.00814	0.00452	0.00633	0.00181	0.00905	0.00633	0.00271	0.00724
22	0.02005	0.02558	0.01521	0.01383	0.01659	0.78980	0.01037	0.02143	0.01521	0.01314	0.00830	0.00968	0.00691	0.00553	0.00484	0.00138	0.00968	0.00346	0.00277	0.00622
23	0.00822	0.00612	0.00890	0.00934	0.01051	0.00641	0.02564	0.01035	0.01072	0.01439	0.02314	0.06092	0.04705	0.06407	0.29396	0.00481	0.00839	0.37819	0.00405	0.00483
24	0.01086	0.12507	0.19643	0.01016	0.01362	0.12878	0.00984	0.01350	0.01223	0.01524	0.10671	0.14137	0.13904	0.02928	0.00604	0.00177	0.00560	0.02483	0.00369	0.00594

[dist]
# distance from previous block
# <min> <max>
0	3

# created by:
# /st0/software/busco_prod/Augustus/scripts/msa2prfl.pl ./align_prep/64344.fa
