[name]
unknown

[dist]
# distance from previous block
# <min> <max>
0	286

[block]
# block no. 0 follows, 53 sequences, length 102
# corresponding to MSA columns:
# 286-387
name=unknown_A
#
# <colnr> <probs for GDERKNQSTAVLIFYWHMCP>
#	G	D	E	R	K	N	Q	S	T	A	V	L	I	F	Y	W	H	M	C	P
0	0.01130	0.00976	0.01161	0.01240	0.12494	0.01093	0.00860	0.02173	0.57370	0.01858	0.01877	0.02196	0.01537	0.00709	0.00508	0.00167	0.00414	0.11079	0.00444	0.00713
1	0.00573	0.00485	0.00495	0.00493	0.00651	0.00407	0.00370	0.00702	0.01109	0.01337	0.10298	0.04525	0.74543	0.01194	0.00565	0.00161	0.00241	0.00998	0.00450	0.00407
2	0.00708	0.00523	0.00708	0.00696	0.00743	0.00593	0.00499	0.00807	0.00737	0.01038	0.01334	0.02333	0.01381	0.35447	0.45078	0.00614	0.05538	0.00580	0.00267	0.00377
3	0.01713	0.02158	0.01365	0.01234	0.01456	0.73520	0.00935	0.01835	0.01294	0.01168	0.00728	0.00880	0.00617	0.00526	0.00542	0.00131	0.08786	0.00319	0.00243	0.00551
4	0.00605	0.00429	0.00568	0.00670	0.00701	0.00406	0.00455	0.00691	0.00911	0.01212	0.02538	0.71032	0.03020	0.07894	0.00757	0.00217	0.00304	0.06774	0.00431	0.00384
5	0.00683	0.00512	0.00768	0.00768	0.00853	0.00597	0.00597	0.00853	0.00768	0.01110	0.01280	0.01878	0.01195	0.03585	0.81308	0.00768	0.01280	0.00512	0.00256	0.00427
6	0.00565	0.00484	0.00484	0.00484	0.00646	0.00403	0.00363	0.00686	0.01089	0.01291	0.04842	0.04600	0.80027	0.01210	0.00565	0.00161	0.00242	0.01009	0.00444	0.00403
7	0.00695	0.00463	0.00521	0.00521	0.00521	0.00463	0.00290	0.00695	0.00695	0.00927	0.01506	0.03128	0.01738	0.83203	0.02433	0.00463	0.00463	0.00695	0.00290	0.00290
8	0.01278	0.83490	0.02505	0.00818	0.01227	0.01891	0.00818	0.01431	0.00971	0.01125	0.00664	0.00767	0.00613	0.00409	0.00307	0.00102	0.00511	0.00256	0.00204	0.00613
9	0.01164	0.01116	0.01906	0.08291	0.75012	0.01131	0.01457	0.01450	0.01079	0.01538	0.00896	0.01189	0.00749	0.00429	0.00473	0.00143	0.00573	0.00426	0.00235	0.00742
10	0.00741	0.00583	0.00857	0.00809	0.00881	0.00624	0.06622	0.00857	0.00836	0.01159	0.01685	0.22040	0.01852	0.26134	0.17010	0.00385	0.07899	0.05882	0.02741	0.00404
11	0.86579	0.00924	0.00702	0.00629	0.00924	0.01072	0.00518	0.01405	0.00813	0.02144	0.00666	0.00776	0.00518	0.00444	0.00296	0.00148	0.00370	0.00259	0.00296	0.00518
12	0.01266	0.01118	0.01103	0.00989	0.01261	0.07456	0.00768	0.02484	0.70765	0.04426	0.01849	0.01706	0.01384	0.00634	0.00482	0.00159	0.00417	0.00520	0.00471	0.00742
13	0.00613	0.00438	0.00590	0.00701	0.00742	0.00415	0.00498	0.00719	0.00946	0.01255	0.02617	0.70105	0.03093	0.01468	0.00618	0.00198	0.00304	0.13839	0.00443	0.00397
14	0.00637	0.00455	0.00618	0.00728	0.00780	0.00436	0.00539	0.00760	0.00969	0.01282	0.02604	0.60237	0.03041	0.01446	0.00625	0.00202	0.00325	0.23471	0.00443	0.00403
15	0.00776	0.00649	0.00947	0.00893	0.00956	0.00820	0.00712	0.00930	0.00759	0.01120	0.01113	0.01664	0.01049	0.02880	0.60867	0.00625	0.22057	0.00488	0.00244	0.00451
16	0.00683	0.00512	0.00768	0.00768	0.00853	0.00597	0.00597	0.00853	0.00768	0.01110	0.01280	0.01878	0.01195	0.03585	0.81308	0.00768	0.01280	0.00512	0.00256	0.00427
17	0.25982	0.00877	0.01120	0.00875	0.01228	0.00843	0.06747	0.01981	0.01192	0.50847	0.02733	0.01391	0.01012	0.00541	0.00436	0.00149	0.00425	0.00431	0.00479	0.00710
18	0.00959	0.02472	0.80726	0.01362	0.02069	0.01110	0.01766	0.01514	0.01009	0.01514	0.00858	0.01009	0.00605	0.00454	0.00454	0.00151	0.00706	0.00353	0.00202	0.00706
19	0.00830	0.00415	0.00623	0.00623	0.00623	0.00415	0.00415	0.00623	0.00623	0.00830	0.00830	0.01453	0.00830	0.01660	0.01868	0.86094	0.00415	0.00415	0.00208	0.00208
20	0.01739	0.02180	0.01333	0.01211	0.01459	0.75001	0.00910	0.01958	0.07473	0.01235	0.00833	0.00934	0.00682	0.00505	0.00435	0.00126	0.00824	0.00326	0.00265	0.00570
21	0.00903	0.00850	0.01434	0.82054	0.03292	0.01062	0.01327	0.01221	0.00956	0.01221	0.00850	0.01274	0.00637	0.00478	0.00478	0.00159	0.00637	0.00425	0.00212	0.00531
22	0.00897	0.00738	0.00824	0.00807	0.00973	0.00803	0.00599	0.01641	0.41171	0.01664	0.06846	0.31437	0.07608	0.01013	0.00541	0.00173	0.00324	0.00887	0.00470	0.00582
23	0.01183	0.01136	0.01940	0.02934	0.80221	0.01136	0.01467	0.01467	0.01088	0.01562	0.00899	0.01183	0.00757	0.00426	0.00473	0.00142	0.00568	0.00426	0.00237	0.00757
24	0.01156	0.01211	0.02369	0.02486	0.42349	0.01171	0.38996	0.01498	0.01108	0.01547	0.00932	0.01235	0.00742	0.00415	0.00517	0.00151	0.00684	0.00493	0.00239	0.00702
25	0.01817	0.01339	0.01434	0.01100	0.01482	0.01482	0.00908	0.78627	0.02247	0.03012	0.01148	0.01148	0.00813	0.00574	0.00478	0.00143	0.00526	0.00430	0.00478	0.00813
26	0.86579	0.00924	0.00702	0.00629	0.00924	0.01072	0.00518	0.01405	0.00813	0.02144	0.00666	0.00776	0.00518	0.00444	0.00296	0.00148	0.00370	0.00259	0.00296	0.00518
27	0.00578	0.00475	0.00509	0.00521	0.00659	0.00406	0.00383	0.00704	0.01090	0.01342	0.11834	0.15688	0.61697	0.01229	0.00571	0.00165	0.00246	0.01045	0.00452	0.00406
28	0.01250	0.01057	0.01115	0.00985	0.01266	0.01217	0.00771	0.09941	0.71857	0.02098	0.01868	0.01721	0.01396	0.00641	0.00486	0.00160	0.00393	0.00530	0.00486	0.00762
29	0.01015	0.00946	0.01617	0.42667	0.30635	0.01048	0.05730	0.01319	0.01017	0.01405	0.00930	0.01282	0.00731	0.00461	0.00470	0.00149	0.00589	0.00435	0.06941	0.00612
30	0.01067	0.30069	0.54082	0.01177	0.01782	0.01376	0.01443	0.01486	0.00996	0.01381	0.00792	0.00927	0.00608	0.00439	0.00404	0.00135	0.00640	0.00320	0.00203	0.00675
31	0.00959	0.02472	0.80726	0.01362	0.02069	0.01110	0.01766	0.01514	0.01009	0.01514	0.00858	0.01009	0.00605	0.00454	0.00454	0.00151	0.00706	0.00353	0.00202	0.00706
32	0.00959	0.02472	0.80726	0.01362	0.02069	0.01110	0.01766	0.01514	0.01009	0.01514	0.00858	0.01009	0.00605	0.00454	0.00454	0.00151	0.00706	0.00353	0.00202	0.00706
33	0.02133	0.00832	0.01121	0.00859	0.01229	0.00730	0.00710	0.05044	0.01399	0.77793	0.01859	0.01610	0.01170	0.00591	0.00481	0.00148	0.00411	0.00479	0.00588	0.00813
34	0.01183	0.01136	0.01940	0.02934	0.80221	0.01136	0.01467	0.01467	0.01088	0.01562	0.00899	0.01183	0.00757	0.00426	0.00473	0.00142	0.00568	0.00426	0.00237	0.00757
35	0.00582	0.00416	0.00555	0.00666	0.00693	0.00388	0.00444	0.00666	0.00915	0.01220	0.02634	0.82891	0.03161	0.01497	0.00610	0.00194	0.00277	0.01359	0.00444	0.00388
36	0.01006	0.00790	0.00930	0.00925	0.01119	0.00867	0.00762	0.01780	0.39527	0.03432	0.02229	0.03538	0.02082	0.00975	0.00571	0.00190	0.00409	0.37798	0.00466	0.00604
37	0.00683	0.00512	0.00768	0.00768	0.00853	0.00597	0.00597	0.00853	0.00768	0.01110	0.01280	0.01878	0.01195	0.03585	0.81308	0.00768	0.01280	0.00512	0.00256	0.00427
38	0.86579	0.00924	0.00702	0.00629	0.00924	0.01072	0.00518	0.01405	0.00813	0.02144	0.00666	0.00776	0.00518	0.00444	0.00296	0.00148	0.00370	0.00259	0.00296	0.00518
39	0.00864	0.00620	0.00829	0.00900	0.01034	0.00633	0.00783	0.07916	0.01203	0.01571	0.02407	0.05013	0.02578	0.01254	0.00644	0.00213	0.00448	0.70173	0.00444	0.00473
40	0.00584	0.00424	0.00552	0.00649	0.00690	0.00391	0.00438	0.00675	0.00943	0.01248	0.05260	0.74234	0.09233	0.01458	0.00605	0.00190	0.00273	0.01316	0.00446	0.00391
41	0.00854	0.00596	0.00688	0.00640	0.00707	0.00629	0.00423	0.11855	0.00928	0.01251	0.01422	0.02662	0.01526	0.59758	0.13681	0.00462	0.00592	0.00630	0.00312	0.00384
42	0.01817	0.01339	0.01434	0.01100	0.01482	0.01482	0.00908	0.78627	0.02247	0.03012	0.01148	0.01148	0.00813	0.00574	0.00478	0.00143	0.00526	0.00430	0.00478	0.00813
43	0.00582	0.00484	0.00512	0.00530	0.00677	0.00414	0.00402	0.00708	0.01076	0.01296	0.04481	0.11033	0.67711	0.01242	0.00576	0.00169	0.00260	0.06998	0.00444	0.00405
44	0.01183	0.01136	0.01940	0.02934	0.80221	0.01136	0.01467	0.01467	0.01088	0.01562	0.00899	0.01183	0.00757	0.00426	0.00473	0.00142	0.00568	0.00426	0.00237	0.00757
45	0.01803	0.01334	0.01446	0.01141	0.03236	0.01475	0.00921	0.76909	0.02221	0.02980	0.01142	0.01148	0.00812	0.00570	0.00478	0.00143	0.00527	0.00430	0.00473	0.00812
46	0.00695	0.00463	0.00521	0.00521	0.00521	0.00463	0.00290	0.00695	0.00695	0.00927	0.01506	0.03128	0.01738	0.83203	0.02433	0.00463	0.00463	0.00695	0.00290	0.00290
47	0.00676	0.00489	0.00639	0.00601	0.00714	0.00451	0.00451	0.00902	0.01353	0.01917	0.79969	0.03570	0.04510	0.00977	0.00564	0.00150	0.00225	0.00864	0.00526	0.00451
48	0.01733	0.01478	0.01419	0.08046	0.01636	0.16869	0.00947	0.57184	0.01964	0.02503	0.01043	0.01103	0.00760	0.00550	0.00469	0.00141	0.00600	0.00406	0.00411	0.00739
49	0.01130	0.01080	0.01816	0.02724	0.73418	0.01073	0.01373	0.01400	0.01088	0.01538	0.01236	0.01475	0.07534	0.00493	0.00481	0.00144	0.00540	0.00476	0.00254	0.00727
50	0.00587	0.00487	0.00517	0.00529	0.00679	0.00417	0.00404	0.00719	0.01092	0.01322	0.07124	0.07835	0.67694	0.01224	0.00575	0.00167	0.00260	0.07515	0.00446	0.00408
51	0.01817	0.01339	0.01434	0.01100	0.01482	0.01482	0.00908	0.78627	0.02247	0.03012	0.01148	0.01148	0.00813	0.00574	0.00478	0.00143	0.00526	0.00430	0.00478	0.00813
52	0.00991	0.00850	0.00991	0.00708	0.01133	0.00637	0.00566	0.01203	0.00991	0.01557	0.00850	0.00991	0.00708	0.00354	0.00354	0.00071	0.00354	0.00283	0.00283	0.86124
53	0.00882	0.00812	0.01072	0.00954	0.01043	0.01000	0.02211	0.01153	0.09895	0.01368	0.10273	0.07686	0.17060	0.01057	0.04427	0.00210	0.37384	0.00667	0.00340	0.00507
54	0.01219	0.68610	0.16871	0.00918	0.01381	0.01748	0.00992	0.01446	0.00978	0.01196	0.00700	0.00811	0.00612	0.00417	0.00334	0.00111	0.00547	0.00273	0.00204	0.00630
55	0.00971	0.00833	0.00957	0.00708	0.01102	0.00656	0.00563	0.01253	0.06305	0.01567	0.01237	0.01328	0.06981	0.00441	0.00379	0.00084	0.00347	0.00358	0.00310	0.73620
56	0.01018	0.00967	0.01642	0.49545	0.34900	0.01092	0.01385	0.01322	0.01010	0.01361	0.00870	0.01237	0.00686	0.00456	0.00476	0.00152	0.00609	0.00425	0.00222	0.00624
57	0.00991	0.10672	0.72809	0.01307	0.01983	0.01189	0.01670	0.01505	0.01005	0.01474	0.00838	0.00985	0.00606	0.00450	0.00439	0.00146	0.00687	0.00343	0.00202	0.00697
58	0.86579	0.00924	0.00702	0.00629	0.00924	0.01072	0.00518	0.01405	0.00813	0.02144	0.00666	0.00776	0.00518	0.00444	0.00296	0.00148	0.00370	0.00259	0.00296	0.00518
59	0.00694	0.00467	0.00541	0.00541	0.00547	0.00474	0.00314	0.00707	0.00701	0.00941	0.01488	0.03030	0.01695	0.76957	0.08620	0.00487	0.00527	0.00681	0.00287	0.00300
60	0.00611	0.00445	0.00608	0.04101	0.00826	0.00429	0.00506	0.00714	0.00931	0.01237	0.02551	0.73383	0.03023	0.01441	0.00608	0.00195	0.00305	0.07253	0.00434	0.00398
61	0.00724	0.00566	0.00817	0.00794	0.00861	0.00678	0.00612	0.00868	0.00756	0.01094	0.01233	0.01926	0.01193	0.12208	0.63662	0.00672	0.10137	0.00522	0.00255	0.00422
62	0.00683	0.00512	0.00768	0.00768	0.00853	0.00597	0.00597	0.00853	0.00768	0.01110	0.01280	0.01878	0.01195	0.03585	0.81308	0.00768	0.01280	0.00512	0.00256	0.00427
63	0.01183	0.01136	0.01940	0.02934	0.80221	0.01136	0.01467	0.01467	0.01088	0.01562	0.00899	0.01183	0.00757	0.00426	0.00473	0.00142	0.00568	0.00426	0.00237	0.00757
64	0.01189	0.01027	0.01081	0.00973	0.01243	0.01189	0.00757	0.02540	0.79357	0.01999	0.01945	0.01783	0.01459	0.00648	0.00486	0.00162	0.00378	0.00540	0.00486	0.00757
65	0.01751	0.07777	0.01432	0.01203	0.01461	0.75908	0.00916	0.01876	0.01329	0.01167	0.00734	0.00855	0.00616	0.00487	0.00423	0.00122	0.00838	0.00304	0.00243	0.00558
66	0.01079	0.01030	0.01753	0.32194	0.51771	0.01108	0.01415	0.01376	0.01039	0.01436	0.00881	0.01217	0.00713	0.00445	0.00475	0.00148	0.00593	0.00425	0.00228	0.00673
67	0.00769	0.00651	0.00814	0.00804	0.00902	0.06927	0.00623	0.00936	0.00814	0.01114	0.01238	0.01798	0.01149	0.03342	0.74964	0.00718	0.01247	0.00496	0.00255	0.00437
68	0.02123	0.00818	0.01109	0.00853	0.01221	0.00713	0.00704	0.02334	0.03126	0.78781	0.01887	0.01630	0.01189	0.00593	0.00481	0.00148	0.00406	0.00482	0.00589	0.00812
69	0.00582	0.00416	0.00555	0.00666	0.00693	0.00388	0.00444	0.00666	0.00915	0.01220	0.02634	0.82891	0.03161	0.01497	0.00610	0.00194	0.00277	0.01359	0.00444	0.00388
70	0.01046	0.01046	0.01464	0.01255	0.01255	0.01464	0.01046	0.01150	0.00732	0.01150	0.00627	0.01046	0.00627	0.00837	0.01569	0.00209	0.82328	0.00418	0.00209	0.00523
71	0.00674	0.00508	0.00736	0.00736	0.00824	0.00577	0.00567	0.00834	0.00790	0.01117	0.01569	0.02141	0.07400	0.06566	0.71837	0.00708	0.01166	0.00558	0.00272	0.00419
72	0.00612	0.00436	0.00581	0.00673	0.00713	0.00415	0.00465	0.00712	0.00938	0.01257	0.07128	0.65058	0.03066	0.06183	0.03308	0.00227	0.00330	0.07071	0.00433	0.00392
73	0.00959	0.02472	0.80726	0.01362	0.02069	0.01110	0.01766	0.01514	0.01009	0.01514	0.00858	0.01009	0.00605	0.00454	0.00454	0.00151	0.00706	0.00353	0.00202	0.00706
74	0.01044	0.00874	0.00955	0.00867	0.01093	0.00980	0.00670	0.02075	0.57240	0.01976	0.24069	0.02290	0.02324	0.00742	0.00508	0.00159	0.00335	0.00632	0.00498	0.00670
75	0.03944	0.00906	0.01045	0.00765	0.01175	0.00757	0.00618	0.10432	0.01168	0.09009	0.00974	0.01061	0.00758	0.00405	0.00378	0.00089	0.00380	0.00318	0.00335	0.65484
76	0.01817	0.01339	0.01434	0.01100	0.01482	0.01482	0.00908	0.78627	0.02247	0.03012	0.01148	0.01148	0.00813	0.00574	0.00478	0.00143	0.00526	0.00430	0.00478	0.00813
77	0.86579	0.00924	0.00702	0.00629	0.00924	0.01072	0.00518	0.01405	0.00813	0.02144	0.00666	0.00776	0.00518	0.00444	0.00296	0.00148	0.00370	0.00259	0.00296	0.00518
78	0.00586	0.00419	0.00558	0.00663	0.00694	0.00391	0.00444	0.00675	0.00933	0.01248	0.05750	0.79695	0.03216	0.01476	0.00608	0.00192	0.00275	0.01339	0.00447	0.00391
79	0.01173	0.01125	0.01922	0.05788	0.77445	0.01133	0.01462	0.01458	0.01084	0.01549	0.00897	0.01186	0.00753	0.00428	0.00473	0.00143	0.00570	0.00426	0.00236	0.00749
80	0.00686	0.00460	0.00524	0.00533	0.00535	0.00458	0.00302	0.00693	0.00712	0.00950	0.01594	0.09356	0.01849	0.76823	0.02290	0.00442	0.00449	0.00747	0.00302	0.00297
81	0.00673	0.00488	0.00634	0.00598	0.00712	0.00449	0.00448	0.00895	0.01345	0.01897	0.77586	0.03603	0.06905	0.00985	0.00564	0.00151	0.00226	0.00869	0.00524	0.00449
82	0.00596	0.00431	0.00567	0.00670	0.00713	0.00402	0.00464	0.00692	0.00941	0.01241	0.02776	0.71510	0.08334	0.01464	0.00611	0.00194	0.00288	0.07269	0.00443	0.00393
83	0.01678	0.02106	0.01297	0.01186	0.01417	0.73435	0.00892	0.01806	0.01297	0.01164	0.00791	0.00961	0.00672	0.00793	0.08298	0.00186	0.00903	0.00328	0.00247	0.00542
84	0.01189	0.01027	0.01081	0.00973	0.01243	0.01189	0.00757	0.02540	0.79357	0.01999	0.01945	0.01783	0.01459	0.00648	0.00486	0.00162	0.00378	0.00540	0.00486	0.00757
85	0.01278	0.83490	0.02505	0.00818	0.01227	0.01891	0.00818	0.01431	0.00971	0.01125	0.00664	0.00767	0.00613	0.00409	0.00307	0.00102	0.00511	0.00256	0.00204	0.00613
86	0.01250	0.01213	0.01054	0.00957	0.01195	0.19000	0.00734	0.02135	0.48628	0.01790	0.09607	0.01759	0.01565	0.00641	0.00472	0.00149	0.00460	0.00515	0.06217	0.00659
87	0.01594	0.01169	0.01153	0.00975	0.01280	0.12512	0.00771	0.12309	0.34012	0.23399	0.01756	0.01627	0.04013	0.00621	0.00479	0.00150	0.00470	0.00493	0.00478	0.00738
88	0.02016	0.01019	0.01237	0.00948	0.01323	0.01008	0.00783	0.32207	0.01712	0.50188	0.01597	0.01439	0.01038	0.00585	0.00480	0.00146	0.00453	0.00461	0.00547	0.00813
89	0.00979	0.00787	0.00851	0.00785	0.00998	0.00841	0.00602	0.04736	0.39394	0.04256	0.08252	0.10536	0.23219	0.00903	0.00525	0.00163	0.00327	0.00764	0.00476	0.00607
90	0.40045	0.01633	0.01063	0.00955	0.01228	0.42213	0.00740	0.04449	0.01143	0.01676	0.00720	0.00834	0.00579	0.00473	0.00372	0.00135	0.00628	0.00290	0.00277	0.00547
91	0.00636	0.00487	0.00583	0.00559	0.00689	0.00434	0.00419	0.00824	0.01258	0.01690	0.52774	0.03943	0.31846	0.01062	0.00564	0.00154	0.00232	0.00917	0.00496	0.00434
92	0.01105	0.01056	0.01799	0.24907	0.58857	0.01115	0.01428	0.01399	0.01051	0.01467	0.00885	0.01208	0.00724	0.00440	0.00474	0.00147	0.00587	0.00426	0.00230	0.00694
93	0.01007	0.14717	0.68904	0.01280	0.01941	0.01228	0.01623	0.01501	0.01003	0.01455	0.00829	0.00972	0.00607	0.00447	0.00432	0.00144	0.00677	0.00338	0.00202	0.00692
94	0.00627	0.00436	0.00540	0.00604	0.00624	0.00418	0.00381	0.00678	0.00831	0.01105	0.02233	0.49457	0.04247	0.34015	0.01335	0.00301	0.00351	0.01087	0.00382	0.00349
95	0.00597	0.00426	0.00572	0.00682	0.00717	0.00401	0.00469	0.00691	0.00930	0.01237	0.02626	0.76811	0.03129	0.01484	0.00614	0.00196	0.00290	0.07292	0.00443	0.00392
96	0.01146	0.01306	0.02521	0.01874	0.03876	0.07445	0.64407	0.01499	0.01123	0.01476	0.01039	0.06112	0.00860	0.00486	0.00577	0.00161	0.02630	0.00585	0.00253	0.00622
97	0.01292	0.01503	0.02464	0.01820	0.02248	0.19133	0.59822	0.01629	0.01183	0.02764	0.00931	0.01199	0.00708	0.00426	0.00533	0.00152	0.00812	0.00505	0.00249	0.00627
98	0.00601	0.00454	0.00549	0.00605	0.00684	0.00416	0.00425	0.00704	0.00974	0.01251	0.06010	0.41538	0.28437	0.07860	0.03650	0.00225	0.00322	0.04476	0.00428	0.00391
99	0.00683	0.00512	0.00768	0.00768	0.00853	0.00597	0.00597	0.00853	0.00768	0.01110	0.01280	0.01878	0.01195	0.03585	0.81308	0.00768	0.01280	0.00512	0.00256	0.00427
100	0.01705	0.00994	0.01161	0.00941	0.01266	0.01031	0.00759	0.26116	0.19073	0.32479	0.01727	0.07886	0.01284	0.00670	0.00491	0.00153	0.00427	0.00547	0.00521	0.00767
101	0.01183	0.01132	0.01909	0.02863	0.77372	0.01138	0.01441	0.01506	0.03912	0.01577	0.00937	0.01205	0.00782	0.00434	0.00474	0.00143	0.00561	0.00430	0.00246	0.00757

[dist]
# distance from previous block
# <min> <max>
0	1

[block]
# block no. 1 follows, 53 sequences, length 42
# corresponding to MSA columns:
# 389-430
name=unknown_B
#
# <colnr> <probs for GDERKNQSTAVLIFYWHMCP>
#	G	D	E	R	K	N	Q	S	T	A	V	L	I	F	Y	W	H	M	C	P
0	0.00611	0.00486	0.00548	0.00533	0.00674	0.00423	0.00399	0.00775	0.01198	0.01549	0.35834	0.04175	0.48874	0.01114	0.00564	0.00157	0.00235	0.00949	0.00478	0.00423
1	0.00814	0.00421	0.00610	0.00610	0.00610	0.00421	0.00400	0.00632	0.00632	0.00842	0.00913	0.01658	0.00941	0.11628	0.01937	0.75627	0.00421	0.00449	0.00218	0.00218
2	0.00666	0.00481	0.00630	0.00608	0.00712	0.00444	0.00450	0.00876	0.01306	0.01842	0.71634	0.12119	0.04364	0.01033	0.00569	0.00155	0.00231	0.00918	0.00517	0.00444
3	0.00959	0.02472	0.80726	0.01362	0.02069	0.01110	0.01766	0.01514	0.01009	0.01514	0.00858	0.01009	0.00605	0.00454	0.00454	0.00151	0.00706	0.00353	0.00202	0.00706
4	0.00684	0.00507	0.00744	0.00744	0.00821	0.00584	0.00567	0.00838	0.00761	0.01091	0.01303	0.02002	0.01249	0.11485	0.73482	0.00738	0.01199	0.00530	0.00259	0.00413
5	0.00786	0.00513	0.00674	0.00620	0.00752	0.00470	0.00470	0.01008	0.01354	0.07769	0.74158	0.03426	0.04262	0.00948	0.00558	0.00150	0.00239	0.00836	0.00531	0.00478
6	0.00671	0.00488	0.00631	0.00596	0.00711	0.00449	0.00447	0.00892	0.01340	0.01887	0.76377	0.03620	0.08121	0.00988	0.00564	0.00151	0.00226	0.00871	0.00522	0.00449
7	0.00968	0.00917	0.01552	0.63480	0.21351	0.01079	0.01360	0.01279	0.00987	0.01301	0.00861	0.01253	0.00665	0.00466	0.00477	0.00155	0.00621	0.00425	0.00218	0.00584
8	0.01574	0.36068	0.01833	0.01059	0.01373	0.48250	0.00880	0.01710	0.01195	0.01151	0.00708	0.00822	0.00615	0.00458	0.00379	0.00114	0.00716	0.00286	0.00229	0.00579
9	0.00991	0.00850	0.00991	0.00708	0.01133	0.00637	0.00566	0.01203	0.00991	0.01557	0.00850	0.00991	0.00708	0.00354	0.00354	0.00071	0.00354	0.00283	0.00283	0.86124
10	0.00593	0.00426	0.00546	0.00636	0.00671	0.00397	0.00421	0.00670	0.00904	0.01194	0.02677	0.68468	0.08728	0.10281	0.00803	0.00221	0.00295	0.01261	0.00427	0.00379
11	0.00837	0.00418	0.00604	0.00604	0.00616	0.00418	0.00406	0.00676	0.00664	0.00933	0.00909	0.01488	0.00873	0.01542	0.01703	0.76827	0.00394	0.00418	0.09438	0.00233
12	0.01155	0.01022	0.01119	0.00994	0.01240	0.05201	0.04807	0.06150	0.53718	0.01845	0.01861	0.10558	0.01569	0.03971	0.00581	0.00176	0.00427	0.02482	0.00447	0.00677
13	0.00863	0.00738	0.00840	0.00644	0.00987	0.00566	0.00507	0.01047	0.01017	0.01476	0.02008	0.03676	0.23044	0.00618	0.00418	0.00099	0.00321	0.00509	0.00332	0.60291
14	0.77351	0.01091	0.09327	0.00708	0.01048	0.01076	0.00652	0.01417	0.00835	0.02076	0.00686	0.00802	0.00527	0.00445	0.00313	0.00148	0.00406	0.00269	0.00286	0.00538
15	0.01236	0.01045	0.01188	0.01186	0.09763	0.01183	0.00838	0.05350	0.66057	0.03900	0.01800	0.01690	0.01352	0.00620	0.00484	0.00159	0.00405	0.00522	0.00462	0.00760
16	0.00923	0.00770	0.00910	0.00692	0.01036	0.00613	0.00546	0.01181	0.04025	0.01660	0.19859	0.01639	0.01648	0.00514	0.00409	0.00093	0.00324	0.00432	0.00349	0.62374
17	0.00704	0.00500	0.00617	0.00580	0.00716	0.00448	0.00438	0.00901	0.01285	0.04783	0.57406	0.03763	0.24038	0.01023	0.00561	0.00153	0.00237	0.00887	0.00507	0.00453
18	0.01307	0.01092	0.01121	0.00987	0.01270	0.04461	0.00772	0.08367	0.66499	0.05800	0.01832	0.01689	0.01362	0.00634	0.00483	0.00158	0.00411	0.00520	0.00481	0.00755
19	0.01817	0.01339	0.01434	0.01100	0.01482	0.01482	0.00908	0.78627	0.02247	0.03012	0.01148	0.01148	0.00813	0.00574	0.00478	0.00143	0.00526	0.00430	0.00478	0.00813
20	0.01162	0.33827	0.43080	0.01137	0.01695	0.04089	0.02671	0.01529	0.01023	0.04581	0.00823	0.00940	0.00635	0.00443	0.00399	0.00131	0.00625	0.00323	0.00221	0.00668
21	0.00579	0.00427	0.00543	0.00635	0.00685	0.00391	0.00430	0.00669	0.00944	0.01232	0.03005	0.69748	0.16065	0.01449	0.00602	0.00189	0.00271	0.01300	0.00444	0.00391
22	0.00695	0.00463	0.00521	0.00521	0.00521	0.00463	0.00290	0.00695	0.00695	0.00927	0.01506	0.03128	0.01738	0.83203	0.02433	0.00463	0.00463	0.00695	0.00290	0.00290
23	0.01158	0.01194	0.02273	0.02533	0.47852	0.01172	0.31631	0.01484	0.01095	0.01540	0.00919	0.01221	0.00741	0.00427	0.00535	0.00151	0.02648	0.00480	0.00238	0.00707
24	0.02923	0.02540	0.01308	0.01026	0.01356	0.06107	0.06704	0.22051	0.16870	0.23975	0.07631	0.02730	0.01337	0.00615	0.00487	0.00149	0.00477	0.00510	0.00474	0.00731
25	0.01183	0.01136	0.01940	0.02934	0.80221	0.01136	0.01467	0.01467	0.01088	0.01562	0.00899	0.01183	0.00757	0.00426	0.00473	0.00142	0.00568	0.00426	0.00237	0.00757
26	0.00680	0.00468	0.00589	0.00665	0.00720	0.00452	0.00456	0.04811	0.00995	0.01375	0.02440	0.69853	0.02829	0.01348	0.00573	0.00183	0.00284	0.01212	0.09650	0.00417
27	0.01278	0.83490	0.02505	0.00818	0.01227	0.01891	0.00818	0.01431	0.00971	0.01125	0.00664	0.00767	0.00613	0.00409	0.00307	0.00102	0.00511	0.00256	0.00204	0.00613
28	0.01007	0.12424	0.66963	0.01329	0.01987	0.01212	0.05681	0.01504	0.01011	0.01466	0.00840	0.00994	0.00613	0.00446	0.00442	0.00146	0.00687	0.00352	0.00204	0.00692
29	0.00687	0.00463	0.00535	0.00542	0.00548	0.00465	0.00314	0.00701	0.00713	0.00955	0.01570	0.08317	0.01806	0.74103	0.06002	0.00460	0.00489	0.00730	0.00298	0.00303
30	0.00626	0.00487	0.00569	0.00548	0.00683	0.00429	0.00411	0.00804	0.01233	0.01633	0.45838	0.04038	0.38818	0.01083	0.00564	0.00155	0.00233	0.00930	0.00489	0.00429
31	0.01147	0.01114	0.01828	0.17846	0.63440	0.03396	0.01425	0.01433	0.01071	0.01486	0.00885	0.01191	0.00730	0.00438	0.00473	0.00145	0.00589	0.00422	0.00232	0.00709
32	0.01167	0.01271	0.02754	0.01970	0.02449	0.01189	0.75488	0.01562	0.01137	0.04575	0.01002	0.01302	0.00743	0.00410	0.00561	0.00161	0.00790	0.00561	0.00255	0.00651
33	0.01773	0.01296	0.01387	0.01068	0.01438	0.01433	0.00881	0.74921	0.02188	0.02953	0.01167	0.01178	0.00833	0.00573	0.00471	0.00142	0.00511	0.00431	0.04561	0.00795
34	0.01112	0.00875	0.01018	0.00754	0.01158	0.00717	0.00603	0.02894	0.09488	0.07383	0.01049	0.01126	0.00825	0.00407	0.00380	0.00088	0.00364	0.00328	0.00331	0.69100
35	0.00586	0.00452	0.00519	0.00566	0.00653	0.00403	0.00390	0.00678	0.00972	0.01221	0.03530	0.38229	0.38417	0.10171	0.00786	0.00208	0.00281	0.01126	0.00427	0.00385
36	0.00695	0.00487	0.00642	0.00642	0.00687	0.00529	0.00444	0.00786	0.00740	0.01042	0.01395	0.02469	0.01454	0.41320	0.41542	0.00605	0.00862	0.00597	0.02701	0.00362
37	0.80330	0.00952	0.00829	0.00711	0.01019	0.01088	0.04624	0.03013	0.00860	0.02130	0.00691	0.00811	0.00535	0.00444	0.00314	0.00148	0.00396	0.00278	0.00297	0.00530
38	0.10202	0.00735	0.00779	0.00693	0.00921	0.00728	0.00538	0.12833	0.06835	0.06871	0.02851	0.14351	0.32374	0.00936	0.00504	0.00155	0.00332	0.00775	0.00435	0.06150
39	0.01000	0.00946	0.01572	0.35590	0.39637	0.01026	0.01290	0.01280	0.01033	0.01391	0.01303	0.01589	0.09250	0.00532	0.00485	0.00151	0.00562	0.00488	0.00249	0.00625
40	0.01362	0.01562	0.01173	0.01199	0.09720	0.44080	0.00822	0.05538	0.01302	0.01383	0.06770	0.05633	0.16093	0.00704	0.00480	0.00139	0.00626	0.00545	0.00322	0.00547
41	0.00792	0.00591	0.00635	0.00587	0.00774	0.00538	0.00450	0.09188	0.01241	0.05688	0.10081	0.07653	0.57825	0.01104	0.00553	0.00159	0.00282	0.00924	0.00462	0.00472

[dist]
# distance from previous block
# <min> <max>
0	1

# created by:
# /st0/software/busco_prod/Augustus/scripts/msa2prfl.pl ./align_prep/64430.fa
