[name]
unknown

[dist]
# distance from previous block
# <min> <max>
0	161

[block]
# block no. 0 follows, 51 sequences, length 18
# corresponding to MSA columns:
# 173-190
name=unknown_A
#
# <colnr> <probs for GDERKNQSTAVLIFYWHMCP>
#	G	D	E	R	K	N	Q	S	T	A	V	L	I	F	Y	W	H	M	C	P
0	0.03345	0.04921	0.03534	0.01081	0.08775	0.07745	0.02549	0.04949	0.07449	0.06895	0.02463	0.03057	0.21576	0.00884	0.00536	0.00166	0.00464	0.16777	0.00401	0.02434
1	0.03238	0.11662	0.11008	0.22265	0.20724	0.01180	0.01221	0.03967	0.04501	0.12067	0.02880	0.01299	0.00885	0.00504	0.00463	0.00149	0.00567	0.00426	0.00305	0.00690
2	0.20083	0.08096	0.12648	0.01116	0.01465	0.02135	0.17248	0.03971	0.01050	0.03989	0.01356	0.22042	0.01333	0.00735	0.00485	0.00163	0.00526	0.00652	0.00325	0.00582
3	0.10568	0.04342	0.22770	0.01568	0.18200	0.01276	0.01268	0.05774	0.03893	0.01642	0.02409	0.01139	0.00775	0.00584	0.00748	0.00167	0.21545	0.00404	0.00261	0.00667
4	0.12521	0.00647	0.00698	0.00632	0.00857	0.00575	0.00478	0.00979	0.01030	0.02956	0.05626	0.20897	0.26544	0.00955	0.00496	0.00147	0.00307	0.00805	0.00399	0.22451
5	0.01348	0.01454	0.01749	0.14139	0.46436	0.23508	0.01330	0.01598	0.01176	0.01441	0.00871	0.01137	0.00719	0.00465	0.00475	0.00143	0.00679	0.00404	0.00242	0.00685
6	0.00718	0.00562	0.00626	0.00637	0.00748	0.00552	0.00445	0.01008	0.13101	0.01367	0.06107	0.23957	0.28151	0.18605	0.00990	0.00241	0.00328	0.00980	0.00433	0.00444
7	0.01202	0.00714	0.00922	0.00830	0.01024	0.00757	0.00643	0.01622	0.17579	0.21665	0.01647	0.01980	0.01343	0.10641	0.34626	0.00459	0.00798	0.00544	0.00406	0.00599
8	0.01057	0.00977	0.01627	0.02415	0.59293	0.00969	0.01237	0.01296	0.01073	0.01515	0.01385	0.22166	0.01416	0.00722	0.00523	0.00160	0.00507	0.00685	0.00298	0.00681
9	0.00903	0.00799	0.01211	0.43465	0.02277	0.00877	0.01003	0.01170	0.00951	0.01320	0.00968	0.01367	0.00796	0.01140	0.17588	0.00274	0.00721	0.00418	0.00247	0.22504
10	0.18888	0.00565	0.00659	0.00703	0.00806	0.00605	0.00513	0.00896	0.00880	0.01428	0.01917	0.44232	0.02149	0.01862	0.21240	0.00342	0.00571	0.00931	0.00374	0.00438
11	0.00682	0.00491	0.00530	0.00520	0.00662	0.00437	0.00390	0.00856	0.01171	0.01601	0.23462	0.03838	0.43473	0.01039	0.00530	0.00152	0.00240	0.00875	0.18613	0.00437
12	0.01189	0.00770	0.00951	0.00731	0.01073	0.00620	0.00582	0.01404	0.01198	0.18423	0.21364	0.01843	0.01841	0.00581	0.00447	0.00111	0.00341	0.00489	0.00423	0.45620
13	0.01478	0.00656	0.00863	0.00746	0.00954	0.00590	0.00556	0.01596	0.01129	0.42806	0.02002	0.19295	0.01797	0.21996	0.01040	0.00246	0.00405	0.00744	0.00496	0.00604
14	0.01044	0.44098	0.01606	0.00719	0.00973	0.01229	0.00636	0.01199	0.00990	0.01326	0.01402	0.22071	0.01441	0.00742	0.00402	0.00131	0.00400	0.00597	0.18461	0.00534
15	0.00675	0.00478	0.00609	0.00618	0.00686	0.00450	0.00426	0.00819	0.01131	0.01569	0.43005	0.23890	0.03671	0.18578	0.01002	0.00235	0.00298	0.00983	0.00467	0.00412
16	0.00653	0.00451	0.00554	0.00614	0.00629	0.00436	0.00382	0.00699	0.00834	0.01112	0.02162	0.45080	0.02560	0.39810	0.01511	0.00330	0.00375	0.01075	0.00382	0.00351
17	0.01233	0.01042	0.01397	0.43614	0.02455	0.01231	0.01128	0.21353	0.17922	0.01901	0.01193	0.01388	0.00882	0.00554	0.00493	0.00160	0.00569	0.00464	0.00349	0.00670

[dist]
# distance from previous block
# <min> <max>
0	37

[block]
# block no. 1 follows, 51 sequences, length 36
# corresponding to MSA columns:
# 228-263
name=unknown_B
#
# <colnr> <probs for GDERKNQSTAVLIFYWHMCP>
#	G	D	E	R	K	N	Q	S	T	A	V	L	I	F	Y	W	H	M	C	P
0	0.01314	0.83025	0.02575	0.00841	0.01261	0.01945	0.00841	0.01472	0.00999	0.01156	0.00683	0.00788	0.00631	0.00420	0.00315	0.00105	0.00526	0.00263	0.00210	0.00631
1	0.00715	0.00476	0.00536	0.00536	0.00536	0.00476	0.00298	0.00715	0.00715	0.00953	0.01548	0.03216	0.01787	0.82729	0.02501	0.00476	0.00476	0.00715	0.00298	0.00298
2	0.01019	0.00873	0.01019	0.00728	0.01165	0.00655	0.00582	0.01237	0.01019	0.01601	0.00873	0.01019	0.00728	0.00364	0.00364	0.00073	0.00364	0.00291	0.00291	0.85734
3	0.66105	0.00991	0.03929	0.02786	0.01112	0.01038	0.00637	0.01609	0.00947	0.15652	0.00914	0.00972	0.00658	0.00484	0.00348	0.00152	0.00407	0.00314	0.00351	0.00593
4	0.00792	0.00566	0.00792	0.00905	0.01018	0.00566	0.00792	0.01018	0.01131	0.01471	0.02602	0.05543	0.02828	0.01358	0.00679	0.00226	0.00453	0.76356	0.00453	0.00453
5	0.00916	0.00458	0.00458	0.00458	0.00573	0.00458	0.00344	0.01145	0.01031	0.01832	0.01603	0.01832	0.01260	0.00573	0.00344	0.00115	0.00229	0.00458	0.85457	0.00458
6	0.00715	0.00476	0.00536	0.00536	0.00536	0.00476	0.00298	0.00715	0.00715	0.00953	0.01548	0.03216	0.01787	0.82729	0.02501	0.00476	0.00476	0.00715	0.00298	0.00298
7	0.02205	0.00836	0.01140	0.00874	0.01254	0.00722	0.00722	0.02395	0.01407	0.80004	0.01939	0.01673	0.01216	0.00608	0.00494	0.00152	0.00418	0.00494	0.00608	0.00836
8	0.01868	0.01376	0.01475	0.01131	0.01524	0.01524	0.00934	0.78025	0.02311	0.03097	0.01180	0.01180	0.00836	0.00590	0.00492	0.00147	0.00541	0.00442	0.00492	0.00836
9	0.01222	0.01056	0.01111	0.01000	0.01278	0.01222	0.00778	0.02611	0.78776	0.02056	0.02000	0.01833	0.01500	0.00667	0.00500	0.00167	0.00389	0.00556	0.00500	0.00778
10	0.01007	0.00954	0.01616	0.60169	0.24151	0.01112	0.01404	0.01324	0.01020	0.01351	0.00887	0.01285	0.00689	0.00477	0.00490	0.00159	0.00636	0.00437	0.00225	0.00609
11	0.00916	0.00458	0.00458	0.00458	0.00573	0.00458	0.00344	0.01145	0.01031	0.01832	0.01603	0.01832	0.01260	0.00573	0.00344	0.00115	0.00229	0.00458	0.85457	0.00458
12	0.02205	0.00836	0.01140	0.00874	0.01254	0.00722	0.00722	0.02395	0.01407	0.80004	0.01939	0.01673	0.01216	0.00608	0.00494	0.00152	0.00418	0.00494	0.00608	0.00836
13	0.01222	0.01056	0.01111	0.01000	0.01278	0.01222	0.00778	0.02611	0.78776	0.02056	0.02000	0.01833	0.01500	0.00667	0.00500	0.00167	0.00389	0.00556	0.00500	0.00778
14	0.00692	0.00496	0.00616	0.00589	0.00680	0.00463	0.00416	0.00859	0.01205	0.01674	0.54850	0.03636	0.09377	0.21116	0.01052	0.00235	0.00293	0.00857	0.00475	0.00419
15	0.00986	0.02542	0.80183	0.01401	0.02127	0.01141	0.01816	0.01556	0.01038	0.01556	0.00882	0.01038	0.00623	0.00467	0.00467	0.00156	0.00726	0.00363	0.00208	0.00726
16	0.00993	0.00843	0.00989	0.00719	0.01129	0.00639	0.00573	0.01212	0.01049	0.01632	0.07304	0.01236	0.01048	0.00416	0.00382	0.00079	0.00353	0.00340	0.00312	0.78752
17	0.77679	0.00955	0.00762	0.00679	0.00983	0.01101	0.00555	0.01556	0.06636	0.04245	0.00815	0.00898	0.00622	0.00476	0.00324	0.00153	0.00382	0.00294	0.00327	0.00558
18	0.01202	0.01206	0.02217	0.02784	0.60708	0.01186	0.20286	0.01524	0.01129	0.01598	0.00942	0.01243	0.00770	0.00432	0.00509	0.00151	0.00644	0.00473	0.00245	0.00750
19	0.01610	0.01215	0.01313	0.01064	0.01405	0.01359	0.00861	0.47027	0.27945	0.04949	0.01484	0.01447	0.01088	0.00752	0.04005	0.00182	0.00520	0.00486	0.00488	0.00799
20	0.00854	0.00427	0.00640	0.00640	0.00640	0.00427	0.00427	0.00640	0.00640	0.00854	0.00854	0.01494	0.00854	0.01707	0.01921	0.85702	0.00427	0.00427	0.00213	0.00213
21	0.01183	0.50954	0.33500	0.01064	0.01606	0.01624	0.01229	0.01505	0.01014	0.01316	0.00762	0.00888	0.00627	0.00439	0.00376	0.00125	0.00606	0.00303	0.00209	0.00669
22	0.00599	0.00428	0.00570	0.00684	0.00713	0.00399	0.00456	0.00684	0.00941	0.01254	0.02709	0.82409	0.03250	0.01540	0.00627	0.00200	0.00285	0.01397	0.00456	0.00399
23	0.01392	0.01042	0.01134	0.00990	0.01288	0.01169	0.00778	0.06563	0.64100	0.12830	0.01948	0.01777	0.01426	0.00655	0.00499	0.00164	0.00401	0.00541	0.00514	0.00789
24	0.01019	0.00873	0.01019	0.00728	0.01165	0.00655	0.00582	0.01237	0.01019	0.01601	0.00873	0.01019	0.00728	0.00364	0.00364	0.00073	0.00364	0.00291	0.00291	0.85734
25	0.00715	0.00476	0.00536	0.00536	0.00536	0.00476	0.00298	0.00715	0.00715	0.00953	0.01548	0.03216	0.01787	0.82729	0.02501	0.00476	0.00476	0.00715	0.00298	0.00298
26	0.00916	0.00458	0.00458	0.00458	0.00573	0.00458	0.00344	0.01145	0.01031	0.01832	0.01603	0.01832	0.01260	0.00573	0.00344	0.00115	0.00229	0.00458	0.85457	0.00458
27	0.86201	0.00950	0.00722	0.00646	0.00950	0.01102	0.00532	0.01445	0.00836	0.02205	0.00684	0.00798	0.00532	0.00456	0.00304	0.00152	0.00380	0.00266	0.00304	0.00532
28	0.00928	0.00873	0.01474	0.81548	0.03385	0.01092	0.01365	0.01256	0.00983	0.01256	0.00873	0.01310	0.00655	0.00491	0.00491	0.00164	0.00655	0.00437	0.00218	0.00546
29	0.01881	0.01355	0.01462	0.01121	0.01513	0.01493	0.00926	0.75060	0.02275	0.06112	0.01210	0.01199	0.00851	0.00591	0.00492	0.00148	0.00536	0.00444	0.00496	0.00836
30	0.01222	0.01056	0.01111	0.01000	0.01278	0.01222	0.00778	0.02611	0.78776	0.02056	0.02000	0.01833	0.01500	0.00667	0.00500	0.00167	0.00389	0.00556	0.00500	0.00778
31	0.00916	0.00458	0.00458	0.00458	0.00573	0.00458	0.00344	0.01145	0.01031	0.01832	0.01603	0.01832	0.01260	0.00573	0.00344	0.00115	0.00229	0.00458	0.85457	0.00458
32	0.00757	0.00516	0.00677	0.00629	0.00755	0.00474	0.00474	0.00987	0.01392	0.05167	0.76231	0.03589	0.04497	0.00988	0.00576	0.00154	0.00239	0.00873	0.00544	0.00479
33	0.00918	0.00921	0.01822	0.04700	0.01781	0.00873	0.40360	0.01208	0.01133	0.01542	0.14934	0.23802	0.02093	0.00825	0.00589	0.00173	0.00571	0.00850	0.00354	0.00552
34	0.01862	0.01857	0.01422	0.01193	0.01513	0.42297	0.00936	0.36583	0.01811	0.04437	0.00986	0.01043	0.00743	0.00547	0.00467	0.00137	0.00715	0.00379	0.00372	0.00699
35	0.01117	0.33540	0.48299	0.01202	0.01804	0.01454	0.03372	0.01524	0.01026	0.01402	0.00808	0.00949	0.00629	0.00448	0.00411	0.00136	0.00651	0.00330	0.00210	0.00688

[dist]
# distance from previous block
# <min> <max>
0	1

[block]
# block no. 2 follows, 51 sequences, length 17
# corresponding to MSA columns:
# 265-281
name=unknown_C
#
# <colnr> <probs for GDERKNQSTAVLIFYWHMCP>
#	G	D	E	R	K	N	Q	S	T	A	V	L	I	F	Y	W	H	M	C	P
0	0.01715	0.13270	0.04784	0.01233	0.05930	0.36998	0.02742	0.04438	0.05769	0.16929	0.01087	0.01127	0.00815	0.00519	0.00447	0.00135	0.00678	0.00377	0.00337	0.00672
1	0.01176	0.10887	0.12296	0.01266	0.04786	0.02994	0.17755	0.07271	0.02993	0.01652	0.00928	0.01098	0.00732	0.00426	0.00439	0.00120	0.00568	0.00385	0.00279	0.31949
2	0.04272	0.01005	0.01145	0.00901	0.01269	0.00985	0.00726	0.18871	0.16964	0.19466	0.01446	0.03486	0.01075	0.00563	0.00454	0.00132	0.00419	0.00451	0.00453	0.25918
3	0.01149	0.01114	0.01942	0.20122	0.57773	0.01156	0.06641	0.01457	0.01092	0.01527	0.00918	0.01244	0.00749	0.00448	0.00494	0.00151	0.00616	0.00447	0.00238	0.00720
4	0.00599	0.00428	0.00570	0.00684	0.00713	0.00399	0.00456	0.00684	0.00941	0.01254	0.02709	0.82409	0.03250	0.01540	0.00627	0.00200	0.00285	0.01397	0.00456	0.00399
5	0.00606	0.00431	0.00568	0.00675	0.00702	0.00404	0.00446	0.00686	0.00926	0.01235	0.02635	0.77367	0.03157	0.06708	0.00747	0.00217	0.00297	0.01354	0.00446	0.00393
6	0.00986	0.02542	0.80183	0.01401	0.02127	0.01141	0.01816	0.01556	0.01038	0.01556	0.00882	0.01038	0.00623	0.00467	0.00467	0.00156	0.00726	0.00363	0.00208	0.00726
7	0.00599	0.00428	0.00570	0.00684	0.00713	0.00399	0.00456	0.00684	0.00941	0.01254	0.02709	0.82409	0.03250	0.01540	0.00627	0.00200	0.00285	0.01397	0.00456	0.00399
8	0.00696	0.00502	0.00657	0.00618	0.00734	0.00464	0.00464	0.00927	0.01391	0.01971	0.79405	0.03671	0.04637	0.01005	0.00580	0.00155	0.00232	0.00889	0.00541	0.00464
9	0.00986	0.02542	0.80183	0.01401	0.02127	0.01141	0.01816	0.01556	0.01038	0.01556	0.00882	0.01038	0.00623	0.00467	0.00467	0.00156	0.00726	0.00363	0.00208	0.00726
10	0.01314	0.83025	0.02575	0.00841	0.01261	0.01945	0.00841	0.01472	0.00999	0.01156	0.00683	0.00788	0.00631	0.00420	0.00315	0.00105	0.00526	0.00263	0.00210	0.00631
11	0.00916	0.00458	0.00458	0.00458	0.00573	0.00458	0.00344	0.01145	0.01031	0.01832	0.01603	0.01832	0.01260	0.00573	0.00344	0.00115	0.00229	0.00458	0.85457	0.00458
12	0.86201	0.00950	0.00722	0.00646	0.00950	0.01102	0.00532	0.01445	0.00836	0.02205	0.00684	0.00798	0.00532	0.00456	0.00304	0.00152	0.00380	0.00266	0.00304	0.00532
13	0.01019	0.00873	0.01019	0.00728	0.01165	0.00655	0.00582	0.01237	0.01019	0.01601	0.00873	0.01019	0.00728	0.00364	0.00364	0.00073	0.00364	0.00291	0.00291	0.85734
14	0.00599	0.00428	0.00570	0.00684	0.00713	0.00399	0.00456	0.00684	0.00941	0.01254	0.02709	0.82409	0.03250	0.01540	0.00627	0.00200	0.00285	0.01397	0.00456	0.00399
15	0.01019	0.00873	0.01019	0.00728	0.01165	0.00655	0.00582	0.01237	0.01019	0.01601	0.00873	0.01019	0.00728	0.00364	0.00364	0.00073	0.00364	0.00291	0.00291	0.85734
16	0.00599	0.00428	0.00570	0.00684	0.00713	0.00399	0.00456	0.00684	0.00941	0.01254	0.02709	0.82409	0.03250	0.01540	0.00627	0.00200	0.00285	0.01397	0.00456	0.00399

[dist]
# distance from previous block
# <min> <max>
0	2

[block]
# block no. 3 follows, 51 sequences, length 44
# corresponding to MSA columns:
# 284-327
name=unknown_D
#
# <colnr> <probs for GDERKNQSTAVLIFYWHMCP>
#	G	D	E	R	K	N	Q	S	T	A	V	L	I	F	Y	W	H	M	C	P
0	0.02205	0.00836	0.01140	0.00874	0.01254	0.00722	0.00722	0.02395	0.01407	0.80004	0.01939	0.01673	0.01216	0.00608	0.00494	0.00152	0.00418	0.00494	0.00608	0.00836
1	0.01836	0.02342	0.01393	0.01266	0.01519	0.80756	0.00950	0.01962	0.01393	0.01203	0.00760	0.00886	0.00633	0.00506	0.00443	0.00127	0.00886	0.00317	0.00253	0.00570
2	0.01284	0.68431	0.13885	0.00938	0.01397	0.04584	0.00987	0.01501	0.01018	0.01216	0.00715	0.00828	0.00630	0.00430	0.00342	0.00113	0.00568	0.00279	0.00211	0.00643
3	0.01235	0.01191	0.03746	0.02929	0.76033	0.01156	0.01496	0.01530	0.01124	0.03478	0.00948	0.01223	0.00785	0.00443	0.00486	0.00146	0.00583	0.00438	0.00251	0.00779
4	0.00916	0.00458	0.00458	0.00458	0.00573	0.00458	0.00344	0.01145	0.01031	0.01832	0.01603	0.01832	0.01260	0.00573	0.00344	0.00115	0.00229	0.00458	0.85457	0.00458
5	0.01216	0.01168	0.01995	0.03016	0.79664	0.01168	0.01508	0.01508	0.01119	0.01605	0.00924	0.01216	0.00778	0.00438	0.00487	0.00146	0.00584	0.00438	0.00243	0.00778
6	0.00599	0.00428	0.00570	0.00684	0.00713	0.00399	0.00456	0.00684	0.00941	0.01254	0.02709	0.82409	0.03250	0.01540	0.00627	0.00200	0.00285	0.01397	0.00456	0.00399
7	0.01314	0.83025	0.02575	0.00841	0.01261	0.01945	0.00841	0.01472	0.00999	0.01156	0.00683	0.00788	0.00631	0.00420	0.00315	0.00105	0.00526	0.00263	0.00210	0.00631
8	0.01239	0.01035	0.01100	0.00986	0.01263	0.01187	0.00768	0.02561	0.74388	0.04444	0.04015	0.01876	0.01573	0.00674	0.00502	0.00166	0.00386	0.00562	0.00504	0.00771
9	0.03319	0.08954	0.62133	0.01306	0.01947	0.06274	0.01592	0.04746	0.01111	0.03005	0.00884	0.01019	0.00641	0.00473	0.00450	0.00149	0.00698	0.00355	0.00232	0.00710
10	0.01306	0.01125	0.01892	0.05343	0.69340	0.01121	0.01425	0.01589	0.01143	0.09448	0.01024	0.01265	0.00818	0.00457	0.00487	0.00147	0.00570	0.00443	0.00279	0.00777
11	0.01222	0.01056	0.01111	0.01000	0.01278	0.01222	0.00778	0.02611	0.78776	0.02056	0.02000	0.01833	0.01500	0.00667	0.00500	0.00167	0.00389	0.00556	0.00500	0.00778
12	0.01836	0.02342	0.01393	0.01266	0.01519	0.80756	0.00950	0.01962	0.01393	0.01203	0.00760	0.00886	0.00633	0.00506	0.00443	0.00127	0.00886	0.00317	0.00253	0.00570
13	0.01216	0.01168	0.01995	0.03016	0.79664	0.01168	0.01508	0.01508	0.01119	0.01605	0.00924	0.01216	0.00778	0.00438	0.00487	0.00146	0.00584	0.00438	0.00243	0.00778
14	0.01241	0.01065	0.01122	0.01004	0.01285	0.01231	0.00782	0.04783	0.76574	0.02086	0.01977	0.01815	0.01481	0.00665	0.00500	0.00166	0.00393	0.00552	0.00500	0.00780
15	0.02205	0.00836	0.01140	0.00874	0.01254	0.00722	0.00722	0.02395	0.01407	0.80004	0.01939	0.01673	0.01216	0.00608	0.00494	0.00152	0.00418	0.00494	0.00608	0.00836
16	0.01252	0.00955	0.01102	0.00815	0.01227	0.00822	0.00657	0.16368	0.01296	0.07146	0.01064	0.03729	0.00863	0.00463	0.00406	0.00097	0.00400	0.00370	0.00357	0.60611
17	0.00715	0.00476	0.00536	0.00536	0.00536	0.00476	0.00298	0.00715	0.00715	0.00953	0.01548	0.03216	0.01787	0.82729	0.02501	0.00476	0.00476	0.00715	0.00298	0.00298
18	0.01019	0.00873	0.01019	0.00728	0.01165	0.00655	0.00582	0.01237	0.01019	0.01601	0.00873	0.01019	0.00728	0.00364	0.00364	0.00073	0.00364	0.00291	0.00291	0.85734
19	0.00958	0.00676	0.00900	0.00838	0.00977	0.00760	0.00652	0.11199	0.03272	0.05731	0.01418	0.05836	0.01301	0.07343	0.53205	0.00592	0.02931	0.00566	0.00329	0.00515
20	0.00916	0.00458	0.00458	0.00458	0.00573	0.00458	0.00344	0.01145	0.01031	0.01832	0.01603	0.01832	0.01260	0.00573	0.00344	0.00115	0.00229	0.00458	0.85457	0.00458
21	0.00916	0.00458	0.00458	0.00458	0.00573	0.00458	0.00344	0.01145	0.01031	0.01832	0.01603	0.01832	0.01260	0.00573	0.00344	0.00115	0.00229	0.00458	0.85457	0.00458
22	0.01019	0.00873	0.01019	0.00728	0.01165	0.00655	0.00582	0.01237	0.01019	0.01601	0.00873	0.01019	0.00728	0.00364	0.00364	0.00073	0.00364	0.00291	0.00291	0.85734
23	0.01005	0.00765	0.00941	0.00998	0.11188	0.00756	0.00672	0.08187	0.06209	0.08972	0.05176	0.03248	0.43545	0.00956	0.00604	0.00163	0.04822	0.00786	0.00438	0.00572
24	0.00715	0.00476	0.00536	0.00536	0.00536	0.00476	0.00298	0.00715	0.00715	0.00953	0.01548	0.03216	0.01787	0.82729	0.02501	0.00476	0.00476	0.00715	0.00298	0.00298
25	0.01191	0.01026	0.01122	0.01071	0.05226	0.01166	0.00790	0.04060	0.67256	0.02020	0.04436	0.01976	0.05089	0.00690	0.00505	0.00165	0.00391	0.00579	0.00486	0.00753
26	0.00916	0.00458	0.00458	0.00458	0.00573	0.00458	0.00344	0.01145	0.01031	0.01832	0.01603	0.01832	0.01260	0.00573	0.00344	0.00115	0.00229	0.00458	0.85457	0.00458
27	0.01010	0.08410	0.74525	0.01360	0.02064	0.01200	0.01745	0.01550	0.01035	0.01527	0.00867	0.01019	0.00623	0.00464	0.00456	0.00152	0.00712	0.00356	0.00208	0.00719
28	0.01103	0.03371	0.01093	0.00760	0.01189	0.00750	0.00615	0.05001	0.02753	0.03616	0.00933	0.01053	0.00759	0.00389	0.00375	0.00081	0.00379	0.00308	0.00311	0.75162
29	0.86201	0.00950	0.00722	0.00646	0.00950	0.01102	0.00532	0.01445	0.00836	0.02205	0.00684	0.00798	0.00532	0.00456	0.00304	0.00152	0.00380	0.00266	0.00304	0.00532
30	0.01171	0.00609	0.00801	0.00692	0.00896	0.00543	0.00540	0.01382	0.01378	0.26886	0.49637	0.03103	0.08561	0.00894	0.00552	0.00155	0.00293	0.00772	0.00557	0.00580
31	0.01248	0.01178	0.01915	0.02824	0.72067	0.02735	0.01440	0.01598	0.05624	0.03139	0.01003	0.01254	0.00826	0.00456	0.00487	0.00147	0.00575	0.00443	0.00265	0.00775
32	0.00599	0.00428	0.00570	0.00684	0.00713	0.00399	0.00456	0.00684	0.00941	0.01254	0.02709	0.82409	0.03250	0.01540	0.00627	0.00200	0.00285	0.01397	0.00456	0.00399
33	0.00986	0.02542	0.80183	0.01401	0.02127	0.01141	0.01816	0.01556	0.01038	0.01556	0.00882	0.01038	0.00623	0.00467	0.00467	0.00156	0.00726	0.00363	0.00208	0.00726
34	0.00703	0.00524	0.00775	0.00775	0.00858	0.00606	0.00596	0.00868	0.00785	0.01130	0.01330	0.02006	0.01261	0.08303	0.76209	0.00771	0.01267	0.00538	0.00265	0.00431
35	0.01019	0.00873	0.01019	0.00728	0.01165	0.00655	0.00582	0.01237	0.01019	0.01601	0.00873	0.01019	0.00728	0.00364	0.00364	0.00073	0.00364	0.00291	0.00291	0.85734
36	0.01051	0.18451	0.64843	0.01290	0.01956	0.01300	0.01623	0.01540	0.01030	0.01477	0.00843	0.00988	0.00624	0.00458	0.00437	0.00146	0.00687	0.00343	0.00208	0.00707
37	0.00699	0.00514	0.00582	0.00556	0.00711	0.00447	0.00417	0.00858	0.01211	0.05206	0.29386	0.04190	0.48686	0.03585	0.00634	0.00171	0.00258	0.00953	0.00487	0.00447
38	0.17777	0.01184	0.10070	0.01672	0.30842	0.01033	0.01075	0.06770	0.01142	0.04347	0.04297	0.03019	0.02725	0.00517	0.00442	0.00141	0.00494	0.00432	0.00308	0.11711
39	0.04785	0.01268	0.09520	0.07340	0.43808	0.02579	0.01303	0.01735	0.17840	0.01693	0.01135	0.01310	0.00896	0.00494	0.00477	0.00151	0.00553	0.00443	0.00297	0.02372
40	0.05390	0.16252	0.38209	0.01128	0.01668	0.03802	0.01259	0.05994	0.03878	0.12874	0.01041	0.01103	0.00752	0.00489	0.00434	0.00141	0.00598	0.00366	0.00301	0.04321
41	0.01294	0.08100	0.22051	0.01318	0.09411	0.15539	0.03439	0.04145	0.07308	0.04899	0.02294	0.01152	0.00831	0.00482	0.00444	0.00131	0.00610	0.00380	0.00291	0.15882
42	0.07574	0.17297	0.26488	0.12380	0.03714	0.01231	0.03025	0.04705	0.03583	0.07254	0.01003	0.03193	0.00782	0.00502	0.00434	0.00143	0.00578	0.00395	0.00280	0.05437
43	0.03294	0.01392	0.05010	0.01895	0.33785	0.12457	0.01173	0.19097	0.04065	0.11393	0.01111	0.01221	0.00836	0.00512	0.00478	0.00146	0.00592	0.00426	0.00354	0.00762

[dist]
# distance from previous block
# <min> <max>
0	9

# created by:
# /st0/software/busco_prod/Augustus/scripts/msa2prfl.pl ./align_prep/64515.fa
