[name]
unknown

[dist]
# distance from previous block
# <min> <max>
0	6

[block]
# block no. 0 follows, 50 sequences, length 154
# corresponding to MSA columns:
# 27-180
name=unknown_A
#
# <colnr> <probs for GDERKNQSTAVLIFYWHMCP>
#	G	D	E	R	K	N	Q	S	T	A	V	L	I	F	Y	W	H	M	C	P
0	0.01977	0.01062	0.01353	0.01202	0.09488	0.01052	0.00891	0.27888	0.01700	0.43428	0.01616	0.01585	0.01101	0.00613	0.00505	0.00154	0.00485	0.02536	0.00534	0.00831
1	0.10482	0.01136	0.01325	0.15261	0.01748	0.01252	0.00930	0.38525	0.05593	0.15446	0.01286	0.02681	0.00923	0.00590	0.00482	0.00156	0.00519	0.00460	0.00449	0.00753
2	0.00964	0.00906	0.01511	0.75227	0.07132	0.01115	0.01375	0.01324	0.03115	0.01313	0.00920	0.01339	0.00694	0.00501	0.00498	0.00165	0.00654	0.00446	0.00231	0.00572
3	0.35267	0.01144	0.01002	0.03049	0.01220	0.13522	0.00701	0.01878	0.11278	0.19202	0.06188	0.01359	0.01108	0.00570	0.00423	0.00153	0.00474	0.00413	0.00408	0.00643
4	0.04104	0.00678	0.00851	0.00772	0.00959	0.00643	0.00572	0.07269	0.01188	0.28863	0.02104	0.32830	0.02065	0.13679	0.00863	0.00223	0.00390	0.00877	0.00489	0.00583
5	0.00662	0.00481	0.00635	0.00737	0.00805	0.00455	0.00550	0.00794	0.01033	0.01352	0.04146	0.52070	0.10573	0.01472	0.00645	0.00206	0.00332	0.22166	0.00463	0.00423
6	0.00607	0.00434	0.00578	0.00694	0.00723	0.00405	0.00463	0.00694	0.00954	0.01272	0.02747	0.82157	0.03297	0.01562	0.00636	0.00202	0.00289	0.01417	0.00463	0.00405
7	0.00680	0.00486	0.00662	0.00777	0.00838	0.00468	0.00589	0.00820	0.01026	0.01354	0.02707	0.53745	0.03138	0.01493	0.00656	0.00212	0.00352	0.29112	0.00461	0.00425
8	0.86003	0.00964	0.00733	0.00655	0.00964	0.01118	0.00540	0.01465	0.00848	0.02236	0.00694	0.00810	0.00540	0.00463	0.00308	0.00154	0.00386	0.00270	0.00308	0.00540
9	0.01123	0.01255	0.02694	0.01940	0.02404	0.01175	0.69297	0.01521	0.01195	0.01624	0.07639	0.01625	0.02930	0.00490	0.00588	0.00167	0.00776	0.00625	0.00282	0.00649
10	0.00871	0.00476	0.00517	0.00507	0.00624	0.00466	0.00380	0.01104	0.01141	0.01895	0.21901	0.02346	0.02174	0.00695	0.00411	0.00127	0.00233	0.00579	0.63086	0.00466
11	0.00723	0.00526	0.00702	0.00779	0.00882	0.00505	0.00632	0.00913	0.01150	0.01515	0.15613	0.21251	0.11316	0.01344	0.00650	0.00205	0.00364	0.40008	0.00475	0.00445
12	0.01034	0.00886	0.01034	0.00738	0.01181	0.00664	0.00591	0.01255	0.01034	0.01624	0.00886	0.01034	0.00738	0.00369	0.00369	0.00074	0.00369	0.00295	0.00295	0.85530
13	0.01002	0.00535	0.00542	0.00516	0.00653	0.00546	0.00394	0.06924	0.01143	0.01955	0.01594	0.01809	0.01245	0.00582	0.00360	0.00119	0.00256	0.00463	0.78870	0.00493
14	0.00675	0.00528	0.00615	0.00609	0.00743	0.00483	0.00450	0.00910	0.05446	0.01642	0.34699	0.15247	0.33786	0.01174	0.00591	0.00169	0.00258	0.01016	0.00500	0.00459
15	0.01234	0.01184	0.02023	0.03059	0.79373	0.01184	0.01530	0.01530	0.01135	0.01628	0.00938	0.01234	0.00790	0.00444	0.00493	0.00148	0.00592	0.00444	0.00247	0.00790
16	0.01188	0.01198	0.02383	0.04314	0.09758	0.01161	0.51235	0.01631	0.06988	0.05380	0.03552	0.05293	0.01075	0.00533	0.00585	0.00168	0.01965	0.00610	0.00306	0.00677
17	0.01846	0.02342	0.01405	0.01277	0.01535	0.78439	0.00959	0.02007	0.03399	0.01242	0.00803	0.00924	0.00665	0.00518	0.00451	0.00129	0.00886	0.00327	0.00263	0.00583
18	0.02103	0.00844	0.01131	0.00881	0.01247	0.00749	0.00723	0.02368	0.05846	0.71392	0.05814	0.01807	0.01423	0.00640	0.00506	0.00155	0.00413	0.00525	0.00607	0.00826
19	0.01913	0.01366	0.01477	0.01133	0.01531	0.01501	0.00936	0.73600	0.02293	0.07323	0.01239	0.01224	0.00869	0.00599	0.00499	0.00150	0.00542	0.00452	0.00505	0.00848
20	0.01234	0.01184	0.02023	0.03059	0.79373	0.01184	0.01530	0.01530	0.01135	0.01628	0.00938	0.01234	0.00790	0.00444	0.00493	0.00148	0.00592	0.00444	0.00247	0.00790
21	0.00601	0.00505	0.00522	0.00518	0.00681	0.00426	0.00388	0.00739	0.01165	0.01414	0.12758	0.04685	0.71420	0.01237	0.00589	0.00167	0.00251	0.01036	0.00472	0.00426
22	0.00941	0.00886	0.01495	0.81285	0.03433	0.01107	0.01384	0.01274	0.00997	0.01274	0.00886	0.01329	0.00664	0.00498	0.00498	0.00166	0.00664	0.00443	0.00221	0.00554
23	0.00627	0.00504	0.00559	0.00550	0.00698	0.00436	0.00411	0.00787	0.01219	0.01553	0.28678	0.06783	0.53058	0.01194	0.00590	0.00166	0.00248	0.01015	0.00490	0.00436
24	0.00941	0.00886	0.01495	0.81285	0.03433	0.01107	0.01384	0.01274	0.00997	0.01274	0.00886	0.01329	0.00664	0.00498	0.00498	0.00166	0.00664	0.00443	0.00221	0.00554
25	0.00972	0.00920	0.01537	0.70955	0.09031	0.01136	0.01379	0.01289	0.00994	0.01296	0.00877	0.01308	0.00673	0.00515	0.00561	0.00168	0.05152	0.00443	0.00223	0.00571
26	0.00803	0.00574	0.00803	0.00918	0.01033	0.00574	0.00803	0.01033	0.01147	0.01492	0.02639	0.05622	0.02869	0.01377	0.00688	0.00229	0.00459	0.76018	0.00459	0.00459
27	0.00988	0.02194	0.62500	0.01470	0.07816	0.01082	0.03840	0.01500	0.01104	0.01632	0.10101	0.01389	0.01126	0.00534	0.00492	0.00157	0.00670	0.00443	0.00254	0.00707
28	0.00618	0.00441	0.00588	0.00701	0.00733	0.00414	0.00475	0.00710	0.00958	0.01276	0.02719	0.77149	0.03248	0.03179	0.00677	0.00209	0.00301	0.04741	0.00459	0.00405
29	0.01333	0.82783	0.02612	0.00853	0.01279	0.01972	0.00853	0.01493	0.01013	0.01173	0.00693	0.00800	0.00640	0.00426	0.00320	0.00107	0.00533	0.00267	0.00213	0.00640
30	0.01186	0.01069	0.01474	0.01872	0.35447	0.01144	0.01082	0.01997	0.37469	0.01866	0.07405	0.01776	0.02769	0.00610	0.00509	0.00159	0.00467	0.00545	0.00395	0.00759
31	0.01862	0.02376	0.01413	0.01284	0.01541	0.80482	0.00963	0.01990	0.01413	0.01220	0.00770	0.00899	0.00642	0.00514	0.00449	0.00128	0.00899	0.00321	0.00257	0.00578
32	0.00605	0.00441	0.00571	0.00674	0.00718	0.00407	0.00454	0.00696	0.00973	0.01280	0.02987	0.74105	0.11194	0.01530	0.00631	0.00199	0.00285	0.01379	0.00463	0.00407
33	0.01862	0.02376	0.01413	0.01284	0.01541	0.80482	0.00963	0.01990	0.01413	0.01220	0.00770	0.00899	0.00642	0.00514	0.00449	0.00128	0.00899	0.00321	0.00257	0.00578
34	0.00911	0.00594	0.00830	0.00916	0.01051	0.00586	0.00798	0.01138	0.01168	0.07380	0.02588	0.05327	0.02746	0.01320	0.00674	0.00224	0.00456	0.70334	0.00471	0.00488
35	0.00712	0.00534	0.00801	0.00801	0.00890	0.00623	0.00623	0.00890	0.00801	0.01157	0.01335	0.01958	0.01246	0.03738	0.80507	0.00801	0.01335	0.00534	0.00267	0.00445
36	0.00725	0.00483	0.00544	0.00544	0.00544	0.00483	0.00302	0.00725	0.00725	0.00966	0.01571	0.03262	0.01812	0.82483	0.02537	0.00483	0.00483	0.00725	0.00302	0.00302
37	0.01181	0.01131	0.01928	0.17090	0.65753	0.01171	0.01504	0.01484	0.01110	0.01565	0.00928	0.01251	0.00767	0.00454	0.00494	0.00151	0.00605	0.00444	0.00242	0.00747
38	0.01217	0.07472	0.10173	0.02723	0.65458	0.01241	0.01511	0.01532	0.01117	0.01589	0.00915	0.01182	0.00762	0.00446	0.00478	0.00146	0.00603	0.00423	0.00240	0.00773
39	0.01325	0.81058	0.04274	0.00865	0.01298	0.01955	0.00874	0.01494	0.01014	0.01181	0.00697	0.00805	0.00639	0.00427	0.00323	0.00108	0.00537	0.00269	0.00213	0.00642
40	0.01122	0.04843	0.56937	0.01519	0.10049	0.01223	0.01624	0.07389	0.07476	0.01729	0.01008	0.01140	0.00737	0.00495	0.00475	0.00155	0.00673	0.00395	0.00260	0.00752
41	0.00711	0.00494	0.00567	0.00574	0.00606	0.00488	0.00357	0.00750	0.00803	0.01053	0.02050	0.03510	0.11488	0.63548	0.06523	0.00448	0.00500	0.04867	0.00329	0.00333
42	0.00703	0.00501	0.00669	0.00680	0.00733	0.00532	0.00475	0.00812	0.00850	0.01182	0.08853	0.12502	0.02024	0.31251	0.35414	0.00554	0.00800	0.00745	0.00330	0.00392
43	0.00734	0.00485	0.00578	0.00578	0.00588	0.00494	0.00345	0.00736	0.00727	0.00979	0.01493	0.02995	0.01682	0.68208	0.10608	0.06916	0.00568	0.00683	0.00292	0.00310
44	0.01884	0.00770	0.01044	0.00827	0.01151	0.00672	0.00672	0.02086	0.01423	0.61807	0.19745	0.02164	0.02033	0.00710	0.00521	0.00155	0.00381	0.00593	0.00601	0.00761
45	0.01065	0.01054	0.01479	0.01275	0.01281	0.01467	0.01060	0.01179	0.00766	0.01197	0.00699	0.01148	0.00694	0.01062	0.06863	0.00257	0.76253	0.00443	0.00221	0.00539
46	0.01333	0.82783	0.02612	0.00853	0.01279	0.01972	0.00853	0.01493	0.01013	0.01173	0.00693	0.00800	0.00640	0.00426	0.00320	0.00107	0.00533	0.00267	0.00213	0.00640
47	0.01034	0.00886	0.01034	0.00738	0.01181	0.00664	0.00591	0.01255	0.01034	0.01624	0.00886	0.01034	0.00738	0.00369	0.00369	0.00074	0.00369	0.00295	0.00295	0.85530
48	0.01263	0.18982	0.26513	0.01508	0.03239	0.09637	0.24813	0.05499	0.01187	0.01542	0.00890	0.01083	0.00686	0.00457	0.00476	0.00147	0.00731	0.00415	0.00244	0.00686
49	0.01234	0.01184	0.02023	0.03059	0.79373	0.01184	0.01530	0.01530	0.01135	0.01628	0.00938	0.01234	0.00790	0.00444	0.00493	0.00148	0.00592	0.00444	0.00247	0.00790
50	0.00808	0.00664	0.00990	0.21160	0.08147	0.00695	0.00818	0.01058	0.01219	0.01662	0.37312	0.07240	0.07169	0.00915	0.00570	0.00168	0.00399	0.08071	0.00423	0.00511
51	0.00929	0.00465	0.00465	0.00465	0.00581	0.00465	0.00348	0.01161	0.01045	0.01858	0.01626	0.01858	0.01278	0.00581	0.00348	0.00116	0.00232	0.00465	0.85250	0.00465
52	0.01234	0.01184	0.02023	0.03059	0.79373	0.01184	0.01530	0.01530	0.01135	0.01628	0.00938	0.01234	0.00790	0.00444	0.00493	0.00148	0.00592	0.00444	0.00247	0.00790
53	0.01427	0.01110	0.01192	0.01027	0.01337	0.01254	0.00812	0.15480	0.59643	0.08110	0.01882	0.01734	0.01385	0.00658	0.00505	0.00165	0.00423	0.00539	0.00514	0.00803
54	0.86003	0.00964	0.00733	0.00655	0.00964	0.01118	0.00540	0.01465	0.00848	0.02236	0.00694	0.00810	0.00540	0.00463	0.00308	0.00154	0.00386	0.00270	0.00308	0.00540
55	0.01333	0.82783	0.02612	0.00853	0.01279	0.01972	0.00853	0.01493	0.01013	0.01173	0.00693	0.00800	0.00640	0.00426	0.00320	0.00107	0.00533	0.00267	0.00213	0.00640
56	0.00660	0.00508	0.00603	0.00579	0.00717	0.00451	0.00434	0.00852	0.01303	0.01743	0.50074	0.04144	0.33899	0.01114	0.00588	0.00161	0.00242	0.00960	0.00515	0.00451
57	0.00705	0.00510	0.00666	0.00627	0.00745	0.00470	0.00470	0.00941	0.01411	0.01999	0.79110	0.03723	0.04703	0.01019	0.00588	0.00157	0.00235	0.00901	0.00549	0.00470
58	0.00607	0.00434	0.00578	0.00694	0.00723	0.00405	0.00463	0.00694	0.00954	0.01272	0.02747	0.82157	0.03297	0.01562	0.00636	0.00202	0.00289	0.01417	0.00463	0.00405
59	0.00598	0.00505	0.00517	0.00514	0.00679	0.00425	0.00386	0.00732	0.01157	0.01396	0.10624	0.04716	0.73566	0.01244	0.00589	0.00167	0.00251	0.01041	0.00469	0.00425
60	0.01086	0.01024	0.01721	0.46160	0.35931	0.01149	0.01438	0.02919	0.01083	0.01463	0.00914	0.01285	0.00722	0.00477	0.00496	0.00158	0.00631	0.00444	0.00238	0.00661
61	0.01000	0.02578	0.79900	0.01421	0.02157	0.01158	0.01842	0.01579	0.01052	0.01579	0.00895	0.01052	0.00631	0.00474	0.00474	0.00158	0.00737	0.00368	0.00210	0.00737
62	0.00622	0.00444	0.00595	0.00711	0.00746	0.00418	0.00488	0.00720	0.00969	0.01289	0.02739	0.76396	0.03264	0.01548	0.00640	0.00204	0.00302	0.07032	0.00462	0.00409
63	0.01209	0.05051	0.05441	0.00809	0.01257	0.02142	0.00696	0.01442	0.01089	0.11209	0.01008	0.01102	0.00787	0.00411	0.00390	0.00091	0.00413	0.00324	0.00326	0.64805
64	0.01109	0.06848	0.39028	0.01805	0.10304	0.01247	0.29376	0.01575	0.01104	0.01566	0.00928	0.01162	0.00694	0.00448	0.00508	0.00157	0.00747	0.00450	0.00230	0.00713
65	0.01061	0.01009	0.01712	0.49143	0.34636	0.01139	0.01444	0.01379	0.01053	0.01419	0.00907	0.01290	0.00716	0.00476	0.00496	0.00159	0.00635	0.00443	0.00232	0.00651
66	0.00624	0.00446	0.00597	0.00713	0.00749	0.00419	0.00492	0.00723	0.00971	0.01291	0.02738	0.75666	0.03260	0.01546	0.00641	0.00205	0.00304	0.07745	0.00462	0.00409
67	0.01251	0.01076	0.01133	0.01017	0.01300	0.01245	0.00792	0.03910	0.77194	0.02103	0.02015	0.01849	0.01510	0.00675	0.00507	0.00169	0.00397	0.00562	0.00507	0.00790
68	0.00994	0.00928	0.01496	0.67041	0.08927	0.01127	0.01333	0.01436	0.09071	0.01385	0.01009	0.01377	0.00763	0.00513	0.00499	0.00165	0.00631	0.00456	0.00253	0.00596
69	0.00606	0.00439	0.00573	0.00680	0.00719	0.00406	0.00456	0.00696	0.00968	0.01278	0.02921	0.76334	0.09008	0.01539	0.00633	0.00200	0.00286	0.01390	0.00463	0.00406
70	0.00641	0.00550	0.00555	0.00546	0.00723	0.00486	0.00412	0.00870	0.07318	0.01406	0.04808	0.04562	0.72964	0.01216	0.00583	0.00168	0.00264	0.01013	0.00466	0.00450
71	0.01375	0.01138	0.01203	0.01042	0.01348	0.01303	0.00822	0.18147	0.62754	0.02303	0.01857	0.01723	0.01382	0.00660	0.00505	0.00165	0.00426	0.00540	0.00505	0.00801
72	0.01091	0.01091	0.01527	0.01309	0.01309	0.01527	0.01091	0.01200	0.00763	0.01200	0.00654	0.01091	0.00654	0.00872	0.01636	0.00218	0.81570	0.00436	0.00218	0.00545
73	0.01671	0.01385	0.03233	0.03745	0.22421	0.12638	0.01092	0.25805	0.07354	0.13837	0.01229	0.01289	0.00901	0.00548	0.00491	0.00149	0.00587	0.00444	0.00401	0.00779
74	0.00664	0.00506	0.00610	0.00588	0.00720	0.00452	0.00439	0.00859	0.01307	0.01761	0.52303	0.06071	0.29677	0.01114	0.00590	0.00162	0.00242	0.00965	0.00518	0.00452
75	0.01006	0.04134	0.78400	0.01410	0.02140	0.01173	0.01822	0.01577	0.01052	0.01571	0.00891	0.01047	0.00632	0.00473	0.00471	0.00157	0.00733	0.00366	0.00211	0.00735
76	0.01141	0.04437	0.33827	0.02318	0.45290	0.01199	0.01635	0.01548	0.01097	0.01593	0.00912	0.01145	0.00720	0.00456	0.00480	0.00151	0.00649	0.00407	0.00231	0.00763
77	0.00648	0.00507	0.00586	0.00566	0.00709	0.00446	0.00425	0.00829	0.01274	0.01675	0.42334	0.04256	0.41681	0.01140	0.00588	0.00163	0.00244	0.00976	0.00506	0.00446
78	0.00705	0.00510	0.00666	0.00627	0.00745	0.00470	0.00470	0.00941	0.01411	0.01999	0.79110	0.03723	0.04703	0.01019	0.00588	0.00157	0.00235	0.00901	0.00549	0.00470
79	0.00714	0.00525	0.00755	0.00755	0.00828	0.00598	0.00565	0.00860	0.00787	0.01123	0.01377	0.02192	0.01348	0.17862	0.66523	0.00744	0.01182	0.00568	0.00273	0.00419
80	0.01105	0.00936	0.01109	0.00798	0.01239	0.00747	0.02165	0.07374	0.01141	0.01745	0.00913	0.01053	0.00747	0.00388	0.00384	0.00082	0.00393	0.00313	0.00311	0.77056
81	0.00612	0.00437	0.00583	0.00699	0.00730	0.00408	0.00470	0.00701	0.00958	0.01277	0.02745	0.80511	0.03287	0.01558	0.00637	0.00203	0.00293	0.03021	0.00463	0.00406
82	0.86003	0.00964	0.00733	0.00655	0.00964	0.01118	0.00540	0.01465	0.00848	0.02236	0.00694	0.00810	0.00540	0.00463	0.00308	0.00154	0.00386	0.00270	0.00308	0.00540
83	0.01333	0.82783	0.02612	0.00853	0.01279	0.01972	0.00853	0.01493	0.01013	0.01173	0.00693	0.00800	0.00640	0.00426	0.00320	0.00107	0.00533	0.00267	0.00213	0.00640
84	0.00616	0.00506	0.00542	0.00533	0.00690	0.00432	0.00400	0.00767	0.01199	0.01497	0.22118	0.04550	0.62009	0.01206	0.00589	0.00166	0.00248	0.01017	0.00483	0.00432
85	0.01240	0.01071	0.01127	0.01014	0.01296	0.01240	0.00789	0.02649	0.78473	0.02085	0.02029	0.01860	0.01522	0.00676	0.00507	0.00169	0.00394	0.00564	0.00507	0.00789
86	0.01333	0.82783	0.02612	0.00853	0.01279	0.01972	0.00853	0.01493	0.01013	0.01173	0.00693	0.00800	0.00640	0.00426	0.00320	0.00107	0.00533	0.00267	0.00213	0.00640
87	0.01034	0.00886	0.01034	0.00738	0.01181	0.00664	0.00591	0.01255	0.01034	0.01624	0.00886	0.01034	0.00738	0.00369	0.00369	0.00074	0.00369	0.00295	0.00295	0.85530
88	0.00594	0.00486	0.00524	0.00554	0.00686	0.00417	0.00401	0.00710	0.01089	0.01327	0.04450	0.24943	0.59412	0.01340	0.00601	0.00177	0.00262	0.01147	0.00463	0.00417
89	0.01284	0.01093	0.01152	0.01023	0.01313	0.01261	0.00800	0.07732	0.73317	0.02157	0.01972	0.01815	0.01476	0.00671	0.00507	0.00168	0.00405	0.00556	0.00507	0.00793
90	0.81408	0.01041	0.00770	0.00690	0.00995	0.05452	0.00563	0.01494	0.00879	0.02181	0.00698	0.00815	0.00545	0.00465	0.00316	0.00153	0.00414	0.00273	0.00306	0.00542
91	0.01234	0.01184	0.02023	0.03059	0.79373	0.01184	0.01530	0.01530	0.01135	0.01628	0.00938	0.01234	0.00790	0.00444	0.00493	0.00148	0.00592	0.00444	0.00247	0.00790
92	0.01276	0.01185	0.01988	0.02952	0.75195	0.01187	0.01494	0.04102	0.01181	0.03248	0.00967	0.01242	0.00800	0.00453	0.00494	0.00148	0.00587	0.00445	0.00263	0.00793
93	0.00746	0.00501	0.00630	0.00598	0.00715	0.00469	0.00448	0.00980	0.01345	0.01974	0.65213	0.03389	0.04089	0.00940	0.00545	0.00149	0.00235	0.00823	0.15740	0.00469
94	0.00767	0.00552	0.00696	0.00650	0.00779	0.00526	0.00486	0.01066	0.06551	0.03340	0.66749	0.03567	0.06243	0.05025	0.00677	0.00174	0.00262	0.00867	0.00533	0.00489
95	0.00775	0.00525	0.00689	0.00639	0.00769	0.00482	0.00482	0.01008	0.01412	0.05529	0.75606	0.03631	0.04546	0.01001	0.00584	0.00157	0.00244	0.00883	0.00552	0.00487
96	0.86003	0.00964	0.00733	0.00655	0.00964	0.01118	0.00540	0.01465	0.00848	0.02236	0.00694	0.00810	0.00540	0.00463	0.00308	0.00154	0.00386	0.00270	0.00308	0.00540
97	0.01220	0.01181	0.01989	0.08908	0.71363	0.02319	0.02676	0.01518	0.01129	0.01595	0.00932	0.01238	0.00777	0.00449	0.00495	0.00149	0.00606	0.00444	0.00245	0.00767
98	0.00712	0.00534	0.00801	0.00801	0.00890	0.00623	0.00623	0.00890	0.00801	0.01157	0.01335	0.01958	0.01246	0.03738	0.80507	0.00801	0.01335	0.00534	0.00267	0.00445
99	0.00941	0.00886	0.01495	0.81285	0.03433	0.01107	0.01384	0.01274	0.00997	0.01274	0.00886	0.01329	0.00664	0.00498	0.00498	0.00166	0.00664	0.00443	0.00221	0.00554
100	0.07528	0.32169	0.43122	0.01141	0.01718	0.01459	0.01348	0.01567	0.03133	0.01491	0.00836	0.00962	0.00652	0.00461	0.00405	0.00139	0.00625	0.00328	0.00227	0.00687
101	0.01268	0.55993	0.08541	0.01213	0.01683	0.01730	0.20449	0.01526	0.01057	0.01311	0.00788	0.00957	0.00669	0.00428	0.00400	0.00126	0.00627	0.00356	0.00223	0.00655
102	0.00596	0.00505	0.00515	0.00512	0.00678	0.00424	0.00384	0.00729	0.01152	0.01385	0.09458	0.04733	0.74738	0.01248	0.00589	0.00168	0.00251	0.01043	0.00468	0.00424
103	0.01000	0.02578	0.79900	0.01421	0.02157	0.01158	0.01842	0.01579	0.01052	0.01579	0.00895	0.01052	0.00631	0.00474	0.00474	0.00158	0.00737	0.00368	0.00210	0.00737
104	0.00967	0.03975	0.52785	0.01242	0.01776	0.00992	0.01479	0.01420	0.01083	0.02870	0.01435	0.03821	0.01323	0.00750	0.00534	0.00178	0.00639	0.21788	0.00292	0.00652
105	0.02195	0.00857	0.01156	0.00892	0.01273	0.00753	0.00735	0.02438	0.04596	0.76525	0.01969	0.01703	0.01246	0.00619	0.00501	0.00155	0.00423	0.00504	0.00612	0.00846
106	0.01862	0.02376	0.01413	0.01284	0.01541	0.80482	0.00963	0.01990	0.01413	0.01220	0.00770	0.00899	0.00642	0.00514	0.00449	0.00128	0.00899	0.00321	0.00257	0.00578
107	0.01036	0.01099	0.04560	0.36846	0.08578	0.01117	0.29704	0.01391	0.01075	0.01448	0.01051	0.05362	0.00857	0.00520	0.00533	0.00166	0.00695	0.00544	0.02807	0.00611
108	0.00624	0.00446	0.00598	0.00713	0.00750	0.00419	0.00492	0.00723	0.00971	0.01291	0.02738	0.75576	0.03260	0.01546	0.00641	0.00205	0.00304	0.07832	0.00462	0.00410
109	0.00722	0.00493	0.00595	0.00595	0.00613	0.00511	0.00367	0.00758	0.00740	0.01005	0.01523	0.03000	0.01698	0.66638	0.18226	0.00547	0.00655	0.00686	0.00295	0.00331
110	0.86003	0.00964	0.00733	0.00655	0.00964	0.01118	0.00540	0.01465	0.00848	0.02236	0.00694	0.00810	0.00540	0.00463	0.00308	0.00154	0.00386	0.00270	0.00308	0.00540
111	0.01234	0.01184	0.02023	0.03059	0.79373	0.01184	0.01530	0.01530	0.01135	0.01628	0.00938	0.01234	0.00790	0.00444	0.00493	0.00148	0.00592	0.00444	0.00247	0.00790
112	0.01836	0.01358	0.01541	0.01338	0.09638	0.01484	0.01002	0.67535	0.02190	0.05270	0.01193	0.01215	0.00853	0.00583	0.00498	0.00150	0.00549	0.00450	0.00476	0.00842
113	0.01236	0.04349	0.31140	0.01572	0.16299	0.01155	0.05279	0.08902	0.07402	0.05829	0.01076	0.01202	0.00804	0.00486	0.00472	0.00144	0.00601	0.00412	0.00302	0.11338
114	0.03476	0.17101	0.05270	0.02155	0.44982	0.07309	0.01267	0.01674	0.09171	0.01571	0.00983	0.01171	0.00812	0.00472	0.00452	0.00141	0.00584	0.00405	0.00268	0.00736
115	0.15291	0.00884	0.01102	0.00859	0.01233	0.00819	0.00710	0.04740	0.01366	0.65130	0.01743	0.01542	0.01113	0.00592	0.00471	0.00154	0.00422	0.00463	0.00565	0.00800
116	0.00725	0.00483	0.00544	0.00544	0.00544	0.00483	0.00302	0.00725	0.00725	0.00966	0.01571	0.03262	0.01812	0.82483	0.02537	0.00483	0.00483	0.00725	0.00302	0.00302
117	0.01342	0.81324	0.02590	0.00861	0.01284	0.03397	0.00855	0.01502	0.01020	0.01174	0.00694	0.00801	0.00640	0.00428	0.00322	0.00107	0.00540	0.00268	0.00214	0.00639
118	0.00712	0.00534	0.00801	0.00801	0.00890	0.00623	0.00623	0.00890	0.00801	0.01157	0.01335	0.01958	0.01246	0.03738	0.80507	0.00801	0.01335	0.00534	0.00267	0.00445
119	0.01469	0.21967	0.24320	0.01285	0.07495	0.04846	0.01211	0.22890	0.01450	0.07095	0.00998	0.01080	0.00746	0.00506	0.00445	0.00141	0.00609	0.00378	0.00323	0.00748
120	0.01347	0.01260	0.01868	0.02598	0.60662	0.05044	0.01380	0.11154	0.06487	0.01829	0.01035	0.01255	0.00839	0.00482	0.00493	0.00149	0.00588	0.00447	0.00296	0.00787
121	0.02200	0.00907	0.01193	0.00915	0.01302	0.00820	0.00756	0.10499	0.01525	0.71510	0.01884	0.01643	0.01192	0.00615	0.00501	0.00154	0.00437	0.00496	0.00604	0.00848
122	0.01031	0.00905	0.01046	0.00766	0.01185	0.02536	0.01828	0.01247	0.01045	0.01596	0.01051	0.03577	0.02877	0.00433	0.00388	0.00083	0.00384	0.00354	0.00303	0.77365
123	0.01123	0.00890	0.01064	0.00800	0.02900	0.00681	0.00621	0.01344	0.01064	0.07145	0.00963	0.01085	0.00774	0.00388	0.00381	0.00081	0.00378	0.00313	0.00317	0.77688
124	0.00941	0.00886	0.01495	0.81285	0.03433	0.01107	0.01384	0.01274	0.00997	0.01274	0.00886	0.01329	0.00664	0.00498	0.00498	0.00166	0.00664	0.00443	0.00221	0.00554
125	0.86003	0.00964	0.00733	0.00655	0.00964	0.01118	0.00540	0.01465	0.00848	0.02236	0.00694	0.00810	0.00540	0.00463	0.00308	0.00154	0.00386	0.00270	0.00308	0.00540
126	0.07375	0.00923	0.01493	0.67073	0.11151	0.01116	0.01336	0.01315	0.01000	0.01383	0.00877	0.01280	0.00668	0.00490	0.00484	0.00163	0.00636	0.00430	0.00231	0.00577
127	0.00650	0.00502	0.00756	0.00800	0.00865	0.00469	0.06266	0.00762	0.00971	0.01297	0.02616	0.76074	0.03105	0.01476	0.00633	0.00200	0.00331	0.01355	0.00447	0.00425
128	0.00991	0.02516	0.77514	0.01397	0.02115	0.01137	0.01800	0.01559	0.01063	0.01591	0.03249	0.01133	0.00754	0.00490	0.00477	0.00158	0.00722	0.00384	0.00221	0.00729
129	0.76954	0.05652	0.00873	0.00699	0.01011	0.05196	0.00579	0.01493	0.00886	0.02125	0.00698	0.00814	0.00551	0.00463	0.00316	0.00150	0.00420	0.00272	0.00300	0.00547
130	0.01291	0.01108	0.01250	0.01238	0.09443	0.01258	0.00879	0.08499	0.64372	0.02122	0.01849	0.01742	0.01392	0.00646	0.00505	0.00165	0.00427	0.00542	0.00479	0.00794
131	0.01133	0.01113	0.01990	0.27724	0.44101	0.01171	0.12569	0.01458	0.01097	0.01511	0.00932	0.01280	0.00745	0.00458	0.00509	0.00157	0.00651	0.00465	0.00240	0.00698
132	0.01333	0.82783	0.02612	0.00853	0.01279	0.01972	0.00853	0.01493	0.01013	0.01173	0.00693	0.00800	0.00640	0.00426	0.00320	0.00107	0.00533	0.00267	0.00213	0.00640
133	0.00725	0.00484	0.00549	0.00549	0.00551	0.00486	0.00309	0.00728	0.00727	0.00971	0.01565	0.03233	0.01800	0.80759	0.04244	0.00490	0.00502	0.00721	0.00301	0.00305
134	0.01391	0.01146	0.01212	0.01045	0.01354	0.01310	0.00825	0.19948	0.60928	0.02329	0.01837	0.01707	0.01366	0.00658	0.00505	0.00165	0.00430	0.00537	0.00505	0.00802
135	0.01091	0.01091	0.01527	0.01309	0.01309	0.01527	0.01091	0.01200	0.00763	0.01200	0.00654	0.01091	0.00654	0.00872	0.01636	0.00218	0.81570	0.00436	0.00218	0.00545
136	0.82046	0.00964	0.00788	0.00692	0.01002	0.01108	0.02523	0.01458	0.00868	0.02215	0.02331	0.00884	0.00632	0.00473	0.00321	0.00155	0.00394	0.00291	0.00312	0.00542
137	0.00982	0.02254	0.65726	0.01286	0.01955	0.01056	0.01606	0.01491	0.01055	0.01572	0.01120	0.01255	0.04934	0.00504	0.00467	0.00148	0.00664	0.00397	0.00235	0.11297
138	0.01191	0.01028	0.01080	0.00976	0.01249	0.01178	0.00758	0.02503	0.72651	0.02029	0.02256	0.02081	0.07366	0.00720	0.00513	0.00169	0.00384	0.00600	0.00504	0.00761
139	0.00712	0.00534	0.00801	0.00801	0.00890	0.00623	0.00623	0.00890	0.00801	0.01157	0.01335	0.01958	0.01246	0.03738	0.80507	0.00801	0.01335	0.00534	0.00267	0.00445
140	0.00591	0.00498	0.00513	0.00525	0.00678	0.00419	0.00387	0.00713	0.01117	0.01339	0.04810	0.12849	0.71274	0.01294	0.00594	0.00172	0.00256	0.01090	0.00463	0.00419
141	0.01234	0.01184	0.02023	0.03059	0.79373	0.01184	0.01530	0.01530	0.01135	0.01628	0.00938	0.01234	0.00790	0.00444	0.00493	0.00148	0.00592	0.00444	0.00247	0.00790
142	0.00750	0.00553	0.00806	0.00800	0.00892	0.00639	0.00617	0.00959	0.04632	0.01181	0.01334	0.01920	0.01231	0.03436	0.70636	0.07145	0.01221	0.00528	0.00275	0.00445
143	0.01091	0.01091	0.01527	0.01309	0.01309	0.01527	0.01091	0.01200	0.00763	0.01200	0.00654	0.01091	0.00654	0.00872	0.01636	0.00218	0.81570	0.00436	0.00218	0.00545
144	0.01042	0.12653	0.70191	0.01349	0.02047	0.01260	0.01717	0.01568	0.01047	0.01528	0.00869	0.01021	0.00632	0.00468	0.00454	0.00151	0.00711	0.00356	0.00211	0.00724
145	0.01375	0.72147	0.02448	0.00882	0.01297	0.01892	0.00857	0.09410	0.01146	0.01377	0.00762	0.00871	0.00677	0.00531	0.02449	0.00129	0.00556	0.00293	0.00244	0.00656
146	0.79068	0.01091	0.05075	0.00714	0.01045	0.03284	0.00622	0.01486	0.00875	0.02173	0.00707	0.00825	0.00548	0.00465	0.00321	0.00154	0.00419	0.00277	0.00302	0.00552
147	0.01260	0.01331	0.09979	0.02494	0.55897	0.01216	0.01427	0.07407	0.10707	0.01793	0.01086	0.01289	0.00867	0.00487	0.00493	0.00152	0.00580	0.00451	0.00294	0.00788
148	0.01254	0.63728	0.20974	0.00988	0.01488	0.01779	0.01088	0.01513	0.01022	0.01269	0.00741	0.00860	0.00638	0.00438	0.00356	0.00119	0.00581	0.00291	0.00213	0.00663
149	0.01194	0.01445	0.06690	0.02036	0.02542	0.04305	0.70868	0.01611	0.01179	0.01581	0.00994	0.01313	0.00746	0.00426	0.00577	0.00166	0.00837	0.00567	0.00250	0.00672
150	0.01034	0.00886	0.01034	0.00738	0.01181	0.00664	0.00591	0.01255	0.01034	0.01624	0.00886	0.01034	0.00738	0.00369	0.00369	0.00074	0.00369	0.00295	0.00295	0.85530
151	0.00732	0.00496	0.00564	0.00560	0.00560	0.00505	0.00318	0.00735	0.00726	0.00971	0.01551	0.03217	0.01788	0.80788	0.02518	0.00478	0.02167	0.00719	0.00300	0.00307
152	0.12947	0.00877	0.01111	0.00864	0.01240	0.00803	0.00713	0.04213	0.01376	0.67864	0.01784	0.01570	0.01135	0.00597	0.00477	0.00154	0.00422	0.00470	0.00574	0.00809
153	0.00736	0.00551	0.00687	0.00646	0.00780	0.00524	0.00487	0.01050	0.07188	0.01950	0.67034	0.03674	0.10773	0.01014	0.00582	0.00159	0.00249	0.00889	0.00538	0.00490

[dist]
# distance from previous block
# <min> <max>
0	1

# created by:
# /st0/software/busco_prod/Augustus/scripts/msa2prfl.pl ./align_prep/64516.fa
