[name]
unknown

[dist]
# distance from previous block
# <min> <max>
3	76

[block]
# block no. 0 follows, 44 sequences, length 6
# corresponding to MSA columns:
# 96-101
name=unknown_A
#
# <colnr> <probs for GDERKNQSTAVLIFYWHMCP>
#	G	D	E	R	K	N	Q	S	T	A	V	L	I	F	Y	W	H	M	C	P
0	0.01566	0.06236	0.07440	0.03861	0.01752	0.05440	0.07585	0.25516	0.15775	0.04468	0.01424	0.04724	0.01117	0.00640	0.00530	0.00160	0.00598	0.00529	0.00434	0.10206
1	0.04869	0.01424	0.10333	0.08866	0.05037	0.04802	0.06454	0.19232	0.06707	0.07321	0.03422	0.01518	0.01072	0.03852	0.00612	0.00172	0.00610	0.00491	0.00398	0.12806
2	0.04409	0.03668	0.12267	0.01300	0.01733	0.09658	0.10124	0.19038	0.05533	0.05312	0.01260	0.01498	0.00983	0.00682	0.02231	0.00175	0.03338	0.02923	0.04293	0.09574
3	0.05729	0.01359	0.05249	0.03568	0.06161	0.07369	0.03029	0.21622	0.09413	0.14261	0.04651	0.01777	0.03473	0.00685	0.00571	0.00167	0.02663	0.02550	0.00467	0.05237
4	0.08694	0.06610	0.07752	0.03768	0.01502	0.01227	0.00953	0.12691	0.12900	0.11978	0.04966	0.01885	0.04842	0.00720	0.00620	0.00170	0.07011	0.03340	0.00442	0.07930
5	0.06891	0.05410	0.05017	0.03111	0.05707	0.10619	0.05941	0.13051	0.12878	0.04499	0.05738	0.01814	0.01348	0.00662	0.00521	0.00162	0.00584	0.04709	0.04322	0.07016

[dist]
# distance from previous block
# <min> <max>
0	1

[block]
# block no. 1 follows, 44 sequences, length 43
# corresponding to MSA columns:
# 103-145
name=unknown_B
#
# <colnr> <probs for GDERKNQSTAVLIFYWHMCP>
#	G	D	E	R	K	N	Q	S	T	A	V	L	I	F	Y	W	H	M	C	P
0	0.08724	0.01280	0.06558	0.06993	0.11428	0.06589	0.02336	0.07071	0.09807	0.19534	0.04165	0.01792	0.05915	0.00655	0.00527	0.00165	0.00555	0.00536	0.00445	0.04924
1	0.07186	0.01605	0.01462	0.03224	0.05028	0.26059	0.03664	0.12340	0.09483	0.09995	0.06072	0.01483	0.01199	0.00627	0.00543	0.00157	0.02435	0.00477	0.00413	0.06547
2	0.01404	0.03466	0.09512	0.01376	0.10910	0.04576	0.04088	0.04369	0.07403	0.11725	0.04370	0.04417	0.01214	0.00612	0.00568	0.00148	0.04324	0.00504	0.00387	0.24629
3	0.01645	0.22052	0.04071	0.01181	0.04191	0.02976	0.08769	0.06876	0.02760	0.22687	0.05824	0.01687	0.02767	0.03975	0.00595	0.00166	0.00562	0.00511	0.00425	0.06279
4	0.01537	0.05639	0.07515	0.01234	0.01633	0.10020	0.08995	0.20649	0.11850	0.06631	0.01884	0.05481	0.09546	0.00734	0.00551	0.00166	0.00605	0.00610	0.00439	0.04283
5	0.01358	0.20528	0.11713	0.01244	0.08274	0.07782	0.01042	0.05504	0.04437	0.03326	0.04220	0.03402	0.01071	0.00552	0.00460	0.00132	0.00574	0.00429	0.00326	0.23627
6	0.12749	0.04176	0.14457	0.04179	0.01662	0.01129	0.07299	0.06317	0.05593	0.10143	0.01399	0.10767	0.01199	0.00697	0.00575	0.00168	0.04478	0.00571	0.00382	0.12061
7	0.07978	0.08360	0.39220	0.01333	0.03726	0.01258	0.02670	0.01653	0.04231	0.05261	0.01359	0.04774	0.04268	0.00759	0.02551	0.00195	0.07484	0.01890	0.00306	0.00726
8	0.08786	0.02165	0.50291	0.01409	0.03918	0.01174	0.03581	0.01857	0.04328	0.12013	0.04538	0.01401	0.01015	0.00571	0.00517	0.00172	0.00685	0.00456	0.00331	0.00792
9	0.01077	0.04134	0.01049	0.00994	0.05850	0.00949	0.00717	0.01581	0.18012	0.01864	0.07333	0.10231	0.06386	0.00870	0.00667	0.00172	0.10060	0.00698	0.26733	0.00620
10	0.44502	0.06264	0.02901	0.00797	0.01103	0.01071	0.02545	0.01507	0.04307	0.04204	0.18380	0.02005	0.07107	0.00715	0.00456	0.00168	0.00409	0.00542	0.00415	0.00601
11	0.36038	0.00898	0.00846	0.00747	0.00999	0.03544	0.03686	0.04888	0.01164	0.02244	0.06009	0.01589	0.01227	0.00602	0.00402	0.00152	0.00393	0.00449	0.33548	0.00576
12	0.00891	0.00712	0.00918	0.04454	0.03768	0.00627	0.00630	0.01143	0.01381	0.01976	0.45654	0.03152	0.08627	0.00895	0.00571	0.00148	0.00333	0.00780	0.00491	0.22850
13	0.01030	0.00969	0.01635	0.79530	0.03755	0.01211	0.01514	0.01393	0.01090	0.01393	0.00969	0.01453	0.00727	0.00545	0.00545	0.00182	0.00727	0.00484	0.00242	0.00606
14	0.00934	0.00725	0.01091	0.27880	0.01906	0.00820	0.00920	0.01222	0.04497	0.04988	0.05905	0.25201	0.02026	0.01695	0.17340	0.00341	0.00711	0.00857	0.00385	0.00554
15	0.84691	0.01054	0.00801	0.00717	0.01054	0.01223	0.00590	0.01603	0.00928	0.02446	0.00759	0.00886	0.00590	0.00506	0.00337	0.00169	0.00422	0.00295	0.00337	0.00590
16	0.01204	0.01145	0.01924	0.29112	0.45585	0.01248	0.01548	0.01522	0.01163	0.01611	0.01075	0.04704	0.00925	0.00579	0.00606	0.00175	0.04329	0.00530	0.00269	0.00746
17	0.01016	0.00508	0.00508	0.00508	0.00635	0.00508	0.00381	0.01270	0.01143	0.02033	0.01778	0.02033	0.01397	0.00635	0.00381	0.00127	0.00254	0.00508	0.83867	0.00508
18	0.01349	0.01295	0.02213	0.03346	0.77440	0.01295	0.01673	0.01673	0.01241	0.01781	0.01025	0.01349	0.00864	0.00486	0.00540	0.00162	0.00648	0.00486	0.00270	0.00864
19	0.00947	0.00473	0.00710	0.00710	0.00710	0.00473	0.00473	0.00710	0.00710	0.00947	0.00947	0.01657	0.00947	0.01894	0.02131	0.84138	0.00473	0.00473	0.00237	0.00237
20	0.00793	0.00529	0.00595	0.00595	0.00595	0.00529	0.00330	0.00793	0.00793	0.01057	0.01718	0.03568	0.01982	0.80840	0.02775	0.00529	0.00529	0.00793	0.00330	0.00330
21	0.02037	0.02598	0.01545	0.01404	0.01685	0.78652	0.01053	0.02177	0.01545	0.01334	0.00843	0.00983	0.00702	0.00562	0.00492	0.00140	0.00983	0.00351	0.00281	0.00632
22	0.00772	0.00557	0.00729	0.00686	0.00814	0.00514	0.00514	0.01029	0.01543	0.02186	0.77152	0.04072	0.05144	0.01115	0.00643	0.00171	0.00257	0.00986	0.00600	0.00514
23	0.01688	0.00784	0.01024	0.00857	0.01147	0.00702	0.00678	0.04927	0.01510	0.42123	0.19372	0.11753	0.09150	0.00955	0.00595	0.00177	0.00389	0.00814	0.00618	0.00737
24	0.01349	0.01295	0.02213	0.03346	0.77440	0.01295	0.01673	0.01673	0.01241	0.01781	0.01025	0.01349	0.00864	0.00486	0.00540	0.00162	0.00648	0.00486	0.00270	0.00864
25	0.84691	0.01054	0.00801	0.00717	0.01054	0.01223	0.00590	0.01603	0.00928	0.02446	0.00759	0.00886	0.00590	0.00506	0.00337	0.00169	0.00422	0.00295	0.00337	0.00590
26	0.00940	0.00476	0.00705	0.00705	0.00705	0.00476	0.00467	0.00714	0.00714	0.00952	0.00982	0.01744	0.00994	0.05477	0.02160	0.80344	0.00476	0.00488	0.00241	0.00241
27	0.84691	0.01054	0.00801	0.00717	0.01054	0.01223	0.00590	0.01603	0.00928	0.02446	0.00759	0.00886	0.00590	0.00506	0.00337	0.00169	0.00422	0.00295	0.00337	0.00590
28	0.00793	0.00529	0.00595	0.00595	0.00595	0.00529	0.00330	0.00793	0.00793	0.01057	0.01718	0.03568	0.01982	0.80840	0.02775	0.00529	0.00529	0.00793	0.00330	0.00330
29	0.00655	0.00522	0.00588	0.00636	0.00759	0.00455	0.00452	0.00780	0.01173	0.01460	0.06367	0.34327	0.46907	0.01501	0.00664	0.00198	0.00291	0.01301	0.00509	0.00455
30	0.01288	0.01100	0.01174	0.01060	0.01348	0.01258	0.00822	0.02680	0.67764	0.02270	0.10912	0.02270	0.02068	0.00783	0.00565	0.00183	0.00411	0.00659	0.00560	0.00822
31	0.01130	0.00969	0.01130	0.00807	0.01292	0.00727	0.00646	0.01373	0.01130	0.01776	0.00969	0.01130	0.00807	0.00404	0.00404	0.00081	0.00404	0.00323	0.00323	0.84173
32	0.01606	0.30289	0.10899	0.01258	0.01627	0.31965	0.01141	0.01813	0.01247	0.01358	0.00811	0.00993	0.00702	0.00577	0.00623	0.00149	0.11665	0.00353	0.00252	0.00671
33	0.01458	0.81168	0.02857	0.00933	0.01399	0.02157	0.00933	0.01632	0.01108	0.01283	0.00758	0.00875	0.00700	0.00466	0.00350	0.00117	0.00583	0.00292	0.00233	0.00700
34	0.84691	0.01054	0.00801	0.00717	0.01054	0.01223	0.00590	0.01603	0.00928	0.02446	0.00759	0.00886	0.00590	0.00506	0.00337	0.00169	0.00422	0.00295	0.00337	0.00590
35	0.75952	0.03389	0.00924	0.00764	0.01113	0.01286	0.00635	0.07294	0.01059	0.02489	0.00801	0.00918	0.00619	0.00516	0.00354	0.00167	0.00440	0.00310	0.00350	0.00619
36	0.01273	0.01439	0.03083	0.04867	0.02806	0.01388	0.69087	0.01712	0.01257	0.01712	0.01078	0.01456	0.00818	0.00488	0.00700	0.00187	0.05025	0.00629	0.00273	0.00724
37	0.01141	0.12988	0.68262	0.01473	0.02235	0.01382	0.01874	0.01714	0.01145	0.01669	0.00950	0.01115	0.00692	0.00511	0.00496	0.00165	0.00777	0.00388	0.00231	0.00792
38	0.00772	0.00557	0.00729	0.00686	0.00814	0.00514	0.00514	0.01029	0.01543	0.02186	0.77152	0.04072	0.05144	0.01115	0.00643	0.00171	0.00257	0.00986	0.00600	0.00514
39	0.00793	0.00529	0.00595	0.00595	0.00595	0.00529	0.00330	0.00793	0.00793	0.01057	0.01718	0.03568	0.01982	0.80840	0.02775	0.00529	0.00529	0.00793	0.00330	0.00330
40	0.00772	0.00557	0.00729	0.00686	0.00814	0.00514	0.00514	0.01029	0.01543	0.02186	0.77152	0.04072	0.05144	0.01115	0.00643	0.00171	0.00257	0.00986	0.00600	0.00514
41	0.01193	0.01193	0.01670	0.01431	0.01431	0.01670	0.01193	0.01312	0.00835	0.01312	0.00716	0.01193	0.00716	0.00954	0.01789	0.00239	0.79843	0.00477	0.00239	0.00596
42	0.01287	0.01471	0.03217	0.02298	0.02849	0.01379	0.75460	0.01746	0.01287	0.01746	0.01103	0.01471	0.00827	0.00460	0.00643	0.00184	0.00919	0.00643	0.00276	0.00735

[dist]
# distance from previous block
# <min> <max>
0	23

[block]
# block no. 2 follows, 44 sequences, length 51
# corresponding to MSA columns:
# 169-219
name=unknown_C
#
# <colnr> <probs for GDERKNQSTAVLIFYWHMCP>
#	G	D	E	R	K	N	Q	S	T	A	V	L	I	F	Y	W	H	M	C	P
0	0.07475	0.01496	0.01582	0.01219	0.01649	0.01660	0.01007	0.70782	0.02456	0.03371	0.01273	0.01281	0.00905	0.00645	0.00532	0.00164	0.00588	0.00478	0.00532	0.00905
1	0.00764	0.00557	0.00719	0.00678	0.00810	0.00511	0.00509	0.01015	0.01526	0.02145	0.72999	0.04140	0.09323	0.01130	0.00643	0.00172	0.00258	0.00995	0.00595	0.00511
2	0.00648	0.00540	0.00565	0.00586	0.00745	0.00457	0.00429	0.00779	0.01210	0.01460	0.05115	0.17438	0.65290	0.01434	0.00653	0.00190	0.00283	0.01215	0.00506	0.00457
3	0.01349	0.01525	0.02882	0.05317	0.12522	0.07996	0.56605	0.01760	0.01295	0.01702	0.01065	0.01412	0.00817	0.00475	0.00613	0.00177	0.00882	0.00592	0.00274	0.00738
4	0.00879	0.00628	0.00879	0.01004	0.01130	0.00628	0.00879	0.01130	0.01255	0.01632	0.02887	0.06150	0.03138	0.01506	0.00753	0.00251	0.00502	0.73770	0.00502	0.00502
5	0.25285	0.04220	0.04463	0.01063	0.01483	0.01434	0.00912	0.37985	0.03465	0.12778	0.01252	0.01256	0.00886	0.00605	0.00479	0.00165	0.00536	0.00435	0.00480	0.00818
6	0.84691	0.01054	0.00801	0.00717	0.01054	0.01223	0.00590	0.01603	0.00928	0.02446	0.00759	0.00886	0.00590	0.00506	0.00337	0.00169	0.00422	0.00295	0.00337	0.00590
7	0.00793	0.00529	0.00595	0.00595	0.00595	0.00529	0.00330	0.00793	0.00793	0.01057	0.01718	0.03568	0.01982	0.80840	0.02775	0.00529	0.00529	0.00793	0.00330	0.00330
8	0.01030	0.00969	0.01635	0.79530	0.03755	0.01211	0.01514	0.01393	0.01090	0.01393	0.00969	0.01453	0.00727	0.00545	0.00545	0.00182	0.00727	0.00484	0.00242	0.00606
9	0.02072	0.01527	0.01636	0.01254	0.01691	0.01691	0.01036	0.75622	0.02563	0.03436	0.01309	0.01309	0.00927	0.00654	0.00545	0.00164	0.00600	0.00491	0.00545	0.00927
10	0.00664	0.00474	0.00633	0.00759	0.00791	0.00443	0.00506	0.00759	0.01044	0.01392	0.03005	0.80485	0.03606	0.01708	0.00696	0.00221	0.00316	0.01550	0.00506	0.00443
11	0.74536	0.01039	0.00859	0.00748	0.01096	0.01171	0.00616	0.01733	0.01006	0.11753	0.00931	0.01005	0.00684	0.00527	0.00363	0.00169	0.00427	0.00326	0.00379	0.00632
12	0.01116	0.02665	0.69428	0.01639	0.02416	0.01279	0.10446	0.01729	0.01167	0.01729	0.00993	0.01188	0.00706	0.00511	0.00532	0.00174	0.00819	0.00430	0.00235	0.00798
13	0.01597	0.05005	0.02526	0.01884	0.02322	0.32682	0.42468	0.01916	0.01384	0.01562	0.00984	0.01250	0.00772	0.00501	0.00571	0.00164	0.00932	0.00512	0.00276	0.00692
14	0.01093	0.02820	0.78016	0.01554	0.02360	0.01266	0.02014	0.01727	0.01151	0.01727	0.00978	0.01151	0.00691	0.00518	0.00518	0.00173	0.00806	0.00403	0.00230	0.00806
15	0.01071	0.06847	0.59711	0.01378	0.02058	0.01188	0.01689	0.01592	0.01136	0.01670	0.01180	0.09551	0.01009	0.00633	0.00519	0.00168	0.00711	0.00512	0.00267	0.07112
16	0.00772	0.00557	0.00729	0.00686	0.00814	0.00514	0.00514	0.01029	0.01543	0.02186	0.77152	0.04072	0.05144	0.01115	0.00643	0.00171	0.00257	0.00986	0.00600	0.00514
17	0.01125	0.09547	0.71563	0.01501	0.02277	0.01343	0.01921	0.01718	0.01147	0.01688	0.00959	0.01127	0.00691	0.00514	0.00504	0.00168	0.00787	0.00393	0.00230	0.00797
18	0.00793	0.00529	0.00595	0.00595	0.00595	0.00529	0.00330	0.00793	0.00793	0.01057	0.01718	0.03568	0.01982	0.80840	0.02775	0.00529	0.00529	0.00793	0.00330	0.00330
19	0.01034	0.02477	0.66311	0.01411	0.02119	0.01148	0.01779	0.01600	0.01185	0.01735	0.06350	0.01694	0.07552	0.00631	0.00537	0.00174	0.00724	0.00505	0.00278	0.00757
20	0.01340	0.00794	0.00847	0.00736	0.00954	0.00835	0.00581	0.20725	0.01521	0.05421	0.01659	0.01841	0.01271	0.00774	0.03431	0.00167	0.00399	0.00508	0.55564	0.00634
21	0.01284	0.01305	0.02402	0.10475	0.40566	0.01348	0.23605	0.01632	0.01201	0.01687	0.01013	0.01381	0.00825	0.00529	0.00691	0.00178	0.08307	0.00532	0.00266	0.00774
22	0.00892	0.01013	0.10802	0.29834	0.02207	0.00888	0.05965	0.01176	0.01090	0.01457	0.01882	0.36472	0.02006	0.01052	0.00615	0.00198	0.00567	0.00957	0.00360	0.00567
23	0.01461	0.01197	0.01284	0.01130	0.01448	0.01362	0.00900	0.17537	0.54969	0.02460	0.02091	0.02240	0.01641	0.00788	0.00570	0.00186	0.00472	0.06871	0.00548	0.00845
24	0.09995	0.10319	0.34866	0.01240	0.01828	0.01338	0.01359	0.14300	0.01431	0.15085	0.01189	0.01242	0.00836	0.00559	0.00490	0.00162	0.00643	0.00419	0.00372	0.02326
25	0.01171	0.01114	0.01891	0.45755	0.36422	0.01249	0.01585	0.01517	0.01157	0.01565	0.00994	0.01407	0.00787	0.00519	0.00543	0.00173	0.00692	0.00485	0.00254	0.00720
26	0.84691	0.01054	0.00801	0.00717	0.01054	0.01223	0.00590	0.01603	0.00928	0.02446	0.00759	0.00886	0.00590	0.00506	0.00337	0.00169	0.00422	0.00295	0.00337	0.00590
27	0.00860	0.00551	0.00764	0.00823	0.00910	0.00546	0.00600	0.01000	0.01060	0.07937	0.02535	0.49179	0.02818	0.02205	0.20291	0.00383	0.00629	0.05944	0.00466	0.00499
28	0.01093	0.02820	0.78016	0.01554	0.02360	0.01266	0.02014	0.01727	0.01151	0.01727	0.00978	0.01151	0.00691	0.00518	0.00518	0.00173	0.00806	0.00403	0.00230	0.00806
29	0.02446	0.00928	0.01265	0.00970	0.01392	0.00801	0.00801	0.02657	0.01560	0.77817	0.02151	0.01856	0.01350	0.00675	0.00548	0.00169	0.00464	0.00548	0.00675	0.00928
30	0.01336	0.01149	0.01211	0.01092	0.01389	0.01327	0.00844	0.02824	0.73830	0.02238	0.02202	0.02087	0.01675	0.03518	0.00632	0.00197	0.00435	0.00622	0.00547	0.00844
31	0.01263	0.01142	0.01694	0.48285	0.06005	0.04122	0.06202	0.14232	0.01394	0.01802	0.01199	0.01811	0.00979	0.00639	0.00567	0.00182	0.00704	0.06783	0.00322	0.00672
32	0.00772	0.00557	0.00729	0.00686	0.00814	0.00514	0.00514	0.01029	0.01543	0.02186	0.77152	0.04072	0.05144	0.01115	0.00643	0.00171	0.00257	0.00986	0.00600	0.00514
33	0.01587	0.01175	0.01327	0.03371	0.01465	0.01311	0.00891	0.43580	0.08344	0.02632	0.01455	0.01683	0.01147	0.04277	0.17451	0.00330	0.00749	0.00534	0.05924	0.00769
34	0.80049	0.01081	0.00848	0.00747	0.01090	0.01249	0.00615	0.05762	0.01020	0.02502	0.00790	0.00909	0.00609	0.00514	0.00349	0.00168	0.00432	0.00306	0.00349	0.00609
35	0.01223	0.01074	0.01500	0.20650	0.16949	0.01039	0.01092	0.08161	0.01275	0.01827	0.01117	0.01365	0.02589	0.00500	0.00484	0.00131	0.00546	0.00429	0.00317	0.37731
36	0.01664	0.01581	0.05439	0.01845	0.12184	0.08109	0.21145	0.27917	0.01723	0.05021	0.01145	0.01334	0.00861	0.00590	0.00662	0.00173	0.06900	0.00516	0.00380	0.00811
37	0.47670	0.03520	0.04346	0.10525	0.01722	0.01326	0.10695	0.01566	0.00997	0.02025	0.00833	0.01079	0.00661	0.00560	0.00590	0.00180	0.10395	0.00390	0.00298	0.00623
38	0.07633	0.09666	0.10834	0.01081	0.01473	0.01246	0.00987	0.13216	0.07417	0.23338	0.03111	0.05746	0.03877	0.00734	0.00623	0.00173	0.07036	0.00558	0.00469	0.00783
39	0.08577	0.24835	0.29313	0.01314	0.01879	0.07323	0.06989	0.10596	0.01329	0.01839	0.00936	0.01080	0.00724	0.00517	0.00465	0.00154	0.00706	0.00387	0.00285	0.00753
40	0.00973	0.00504	0.00524	0.00539	0.00654	0.00500	0.00397	0.01207	0.01131	0.01953	0.01931	0.11774	0.01672	0.00768	0.00420	0.00139	0.00262	0.00637	0.73516	0.00500
41	0.01242	0.01238	0.02060	0.02097	0.23707	0.01403	0.16848	0.01599	0.06316	0.01663	0.05989	0.01543	0.01137	0.00710	0.01027	0.00197	0.29651	0.00557	0.00301	0.00716
42	0.84691	0.01054	0.00801	0.00717	0.01054	0.01223	0.00590	0.01603	0.00928	0.02446	0.00759	0.00886	0.00590	0.00506	0.00337	0.00169	0.00422	0.00295	0.00337	0.00590
43	0.02072	0.01527	0.01636	0.01254	0.01691	0.01691	0.01036	0.75622	0.02563	0.03436	0.01309	0.01309	0.00927	0.00654	0.00545	0.00164	0.00600	0.00491	0.00545	0.00927
44	0.05084	0.18543	0.07464	0.01123	0.01511	0.08173	0.00981	0.07175	0.40062	0.02026	0.01571	0.01531	0.01206	0.00633	0.00493	0.00163	0.00550	0.00486	0.00428	0.00796
45	0.00861	0.00634	0.00804	0.00843	0.04118	0.00679	0.00539	0.01066	0.07333	0.01256	0.01654	0.02913	0.01721	0.47516	0.25190	0.00587	0.00804	0.00702	0.00336	0.00446
46	0.01068	0.01004	0.01675	0.68026	0.11466	0.01199	0.01493	0.01422	0.01108	0.01451	0.00975	0.01428	0.00745	0.00533	0.00538	0.00175	0.00704	0.00478	0.00249	0.04264
47	0.08300	0.00976	0.01124	0.04221	0.01379	0.00790	0.00679	0.01393	0.01111	0.01817	0.00951	0.01124	0.00785	0.00419	0.00404	0.00093	0.00419	0.00328	0.00321	0.73366
48	0.01046	0.00944	0.01528	0.42557	0.17103	0.01096	0.01293	0.01399	0.04337	0.01462	0.01169	0.01718	0.00987	0.06414	0.14379	0.00322	0.00814	0.00528	0.00276	0.00627
49	0.01322	0.00975	0.01132	0.09628	0.01484	0.01026	0.00803	0.18835	0.14801	0.07858	0.02720	0.02688	0.23882	0.00947	0.00675	0.05664	0.00461	0.00706	0.00483	0.03911
50	0.01585	0.01742	0.01984	0.02681	0.51490	0.27794	0.01461	0.01846	0.01345	0.01628	0.00963	0.01224	0.00808	0.00512	0.00523	0.00155	0.00763	0.00440	0.00274	0.00784

[dist]
# distance from previous block
# <min> <max>
0	2

[block]
# block no. 3 follows, 44 sequences, length 13
# corresponding to MSA columns:
# 222-234
name=unknown_D
#
# <colnr> <probs for GDERKNQSTAVLIFYWHMCP>
#	G	D	E	R	K	N	Q	S	T	A	V	L	I	F	Y	W	H	M	C	P
0	0.01148	0.01093	0.01834	0.49119	0.28784	0.01266	0.01550	0.01484	0.01127	0.01521	0.00974	0.01403	0.00773	0.00548	0.00613	0.00178	0.05155	0.00485	0.00251	0.00693
1	0.01104	0.00906	0.01123	0.09124	0.04867	0.01037	0.00806	0.05191	0.24534	0.01659	0.01655	0.02360	0.01506	0.26914	0.09528	0.00369	0.05683	0.00635	0.00389	0.00611
2	0.01030	0.00969	0.01635	0.79530	0.03755	0.01211	0.01514	0.01393	0.01090	0.01393	0.00969	0.01453	0.00727	0.00545	0.00545	0.00182	0.00727	0.00484	0.00242	0.00606
3	0.01148	0.01089	0.01848	0.51418	0.30945	0.01242	0.01573	0.01496	0.01146	0.01536	0.00990	0.01415	0.00777	0.00523	0.00543	0.00174	0.00698	0.00485	0.00252	0.00701
4	0.00854	0.00636	0.00823	0.00839	0.00993	0.00612	0.00682	0.01168	0.05592	0.01881	0.32738	0.07145	0.08092	0.01254	0.00673	0.00203	0.00376	0.30520	0.00536	0.04383
5	0.01030	0.00969	0.01635	0.79530	0.03755	0.01211	0.01514	0.01393	0.01090	0.01393	0.00969	0.01453	0.00727	0.00545	0.00545	0.00182	0.00727	0.00484	0.00242	0.00606
6	0.01016	0.00508	0.00508	0.00508	0.00635	0.00508	0.00381	0.01270	0.01143	0.02033	0.01778	0.02033	0.01397	0.00635	0.00381	0.00127	0.00254	0.00508	0.83867	0.00508
7	0.00779	0.00584	0.00876	0.00876	0.00974	0.00681	0.00681	0.00974	0.00876	0.01266	0.01460	0.02142	0.01363	0.04089	0.78680	0.00876	0.01460	0.00584	0.00292	0.00487
8	0.02037	0.02598	0.01545	0.01404	0.01685	0.78652	0.01053	0.02177	0.01545	0.01334	0.00843	0.00983	0.00702	0.00562	0.00492	0.00140	0.00983	0.00351	0.00281	0.00632
9	0.01016	0.00508	0.00508	0.00508	0.00635	0.00508	0.00381	0.01270	0.01143	0.02033	0.01778	0.02033	0.01397	0.00635	0.00381	0.00127	0.00254	0.00508	0.83867	0.00508
10	0.84691	0.01054	0.00801	0.00717	0.01054	0.01223	0.00590	0.01603	0.00928	0.02446	0.00759	0.00886	0.00590	0.00506	0.00337	0.00169	0.00422	0.00295	0.00337	0.00590
11	0.01187	0.02580	0.62250	0.01812	0.13514	0.05787	0.01907	0.01745	0.01187	0.01712	0.00977	0.01171	0.00717	0.00516	0.00520	0.00169	0.00793	0.00412	0.00239	0.00804
12	0.00793	0.00529	0.00595	0.00595	0.00595	0.00529	0.00330	0.00793	0.00793	0.01057	0.01718	0.03568	0.01982	0.80840	0.02775	0.00529	0.00529	0.00793	0.00330	0.00330

[dist]
# distance from previous block
# <min> <max>
0	1

[block]
# block no. 4 follows, 44 sequences, length 35
# corresponding to MSA columns:
# 236-270
name=unknown_E
#
# <colnr> <probs for GDERKNQSTAVLIFYWHMCP>
#	G	D	E	R	K	N	Q	S	T	A	V	L	I	F	Y	W	H	M	C	P
0	0.02037	0.02598	0.01545	0.01404	0.01685	0.78652	0.01053	0.02177	0.01545	0.01334	0.00843	0.00983	0.00702	0.00562	0.00492	0.00140	0.00983	0.00351	0.00281	0.00632
1	0.01193	0.01193	0.01670	0.01431	0.01431	0.01670	0.01193	0.01312	0.00835	0.01312	0.00716	0.01193	0.00716	0.00954	0.01789	0.00239	0.79843	0.00477	0.00239	0.00596
2	0.00709	0.00609	0.00709	0.00824	0.07538	0.00532	0.00536	0.00859	0.01219	0.01491	0.04831	0.13658	0.61886	0.01340	0.00641	0.00186	0.00314	0.01138	0.00485	0.00494
3	0.02446	0.00928	0.01265	0.00970	0.01392	0.00801	0.00801	0.02657	0.01560	0.77817	0.02151	0.01856	0.01350	0.00675	0.00548	0.00169	0.00464	0.00548	0.00675	0.00928
4	0.01979	0.01444	0.01634	0.01346	0.05391	0.06625	0.05060	0.48106	0.02141	0.14502	0.01588	0.01575	0.04697	0.00668	0.00552	0.00165	0.00609	0.00531	0.00517	0.00871
5	0.01272	0.08885	0.29032	0.01875	0.22657	0.05086	0.01526	0.06483	0.01301	0.01780	0.01301	0.02005	0.01157	0.00678	0.00548	0.00175	0.00688	0.12479	0.00309	0.00762
6	0.01016	0.00508	0.00508	0.00508	0.00635	0.00508	0.00381	0.01270	0.01143	0.02033	0.01778	0.02033	0.01397	0.00635	0.00381	0.00127	0.00254	0.00508	0.83867	0.00508
7	0.03334	0.01141	0.03801	0.01032	0.01430	0.04754	0.00863	0.04710	0.08078	0.42428	0.01695	0.01597	0.01158	0.00638	0.00603	0.00158	0.06073	0.00489	0.00528	0.15490
8	0.00866	0.00806	0.04876	0.01041	0.01220	0.00701	0.11379	0.05869	0.01194	0.01598	0.02647	0.56232	0.06597	0.01384	0.00667	0.00208	0.00444	0.01273	0.00462	0.00535
9	0.62730	0.01231	0.09347	0.00837	0.01243	0.01158	0.00769	0.01694	0.01022	0.09000	0.00920	0.01017	0.00683	0.00516	0.00380	0.00163	0.00466	0.00331	0.00355	0.06136
10	0.01335	0.01056	0.03851	0.00875	0.01361	0.00802	0.00732	0.05196	0.01254	0.11049	0.01129	0.01228	0.00875	0.00453	0.00432	0.00099	0.00435	0.00361	0.00373	0.67105
11	0.01083	0.01145	0.02372	0.01795	0.02176	0.01073	0.50956	0.01424	0.01207	0.01630	0.01725	0.27302	0.01736	0.00868	0.00661	0.00196	0.00722	0.00940	0.00351	0.00640
12	0.01130	0.00969	0.01130	0.00807	0.01292	0.00727	0.00646	0.01373	0.01130	0.01776	0.00969	0.01130	0.00807	0.00404	0.00404	0.00081	0.00404	0.00323	0.00323	0.84173
13	0.01397	0.01311	0.02175	0.03209	0.72463	0.01321	0.01631	0.06532	0.01328	0.01890	0.01044	0.01347	0.00868	0.00497	0.00540	0.00162	0.00645	0.00486	0.00288	0.00868
14	0.01109	0.01025	0.01686	0.68956	0.10182	0.01242	0.01505	0.05045	0.01176	0.01527	0.00991	0.01437	0.00749	0.00545	0.00545	0.00179	0.00714	0.00485	0.00260	0.00644
15	0.01016	0.00508	0.00508	0.00508	0.00635	0.00508	0.00381	0.01270	0.01143	0.02033	0.01778	0.02033	0.01397	0.00635	0.00381	0.00127	0.00254	0.00508	0.83867	0.00508
16	0.01193	0.01193	0.01670	0.01431	0.01431	0.01670	0.01193	0.01312	0.00835	0.01312	0.00716	0.01193	0.00716	0.00954	0.01789	0.00239	0.79843	0.00477	0.00239	0.00596
17	0.01032	0.01013	0.01257	0.23773	0.01890	0.08618	0.01008	0.01231	0.01078	0.01371	0.01984	0.11495	0.14551	0.01240	0.07783	0.00257	0.18817	0.00723	0.00327	0.00551
18	0.01016	0.00508	0.00508	0.00508	0.00635	0.00508	0.00381	0.01270	0.01143	0.02033	0.01778	0.02033	0.01397	0.00635	0.00381	0.00127	0.00254	0.00508	0.83867	0.00508
19	0.01217	0.01178	0.02042	0.32928	0.42244	0.01276	0.06449	0.01561	0.01177	0.01618	0.01002	0.01395	0.00805	0.00517	0.00575	0.00173	0.02341	0.00495	0.00259	0.00749
20	0.18859	0.01399	0.01643	0.01461	0.10458	0.01527	0.06253	0.46655	0.01985	0.02922	0.01149	0.01238	0.00844	0.00591	0.00509	0.00166	0.00591	0.00461	0.00452	0.00837
21	0.01197	0.08057	0.59549	0.01467	0.02175	0.01334	0.04368	0.08233	0.01297	0.01870	0.04719	0.01300	0.00935	0.00554	0.00519	0.00168	0.00749	0.00440	0.00278	0.00792
22	0.01475	0.56344	0.14177	0.01022	0.01520	0.01821	0.01067	0.04303	0.01201	0.07185	0.00965	0.01062	0.00789	0.00505	0.00399	0.00131	0.00593	0.00345	0.04363	0.00732
23	0.01193	0.01193	0.01670	0.01431	0.01431	0.01670	0.01193	0.01312	0.00835	0.01312	0.00716	0.01193	0.00716	0.00954	0.01789	0.00239	0.79843	0.00477	0.00239	0.00596
24	0.00678	0.00480	0.00628	0.00741	0.00769	0.00452	0.00487	0.00763	0.01016	0.01355	0.02863	0.72034	0.03427	0.10402	0.00924	0.00255	0.00340	0.01467	0.00487	0.00430
25	0.00885	0.00738	0.00942	0.00878	0.00942	0.00853	0.00670	0.01004	0.01035	0.01417	0.12704	0.03494	0.16323	0.24653	0.01613	0.00306	0.23421	0.07261	0.00389	0.00473
26	0.02389	0.00915	0.01247	0.00960	0.01372	0.00792	0.00792	0.02602	0.01560	0.75260	0.04687	0.01931	0.01478	0.00690	0.00551	0.00169	0.00457	0.00563	0.00672	0.00914
27	0.01512	0.57879	0.02729	0.01209	0.01663	0.12739	0.12449	0.01726	0.01197	0.01361	0.00823	0.00982	0.00720	0.00479	0.00415	0.00130	0.00691	0.00354	0.00246	0.00696
28	0.01016	0.00508	0.00508	0.00508	0.00635	0.00508	0.00381	0.01270	0.01143	0.02033	0.01778	0.02033	0.01397	0.00635	0.00381	0.00127	0.00254	0.00508	0.83867	0.00508
29	0.01130	0.00969	0.01130	0.00807	0.01292	0.00727	0.00646	0.01373	0.01130	0.01776	0.00969	0.01130	0.00807	0.00404	0.00404	0.00081	0.00404	0.00323	0.00323	0.84173
30	0.01265	0.04076	0.04069	0.01337	0.01581	0.08465	0.10217	0.01872	0.22711	0.01706	0.01634	0.06037	0.01481	0.00879	0.00883	0.00202	0.19649	0.10865	0.00387	0.00683
31	0.01302	0.01115	0.01868	0.37547	0.37420	0.01214	0.01524	0.01634	0.01201	0.08342	0.01100	0.01441	0.00845	0.00529	0.00543	0.00171	0.00667	0.00491	0.00293	0.00753
32	0.04111	0.01498	0.05457	0.06785	0.15795	0.14681	0.08406	0.08844	0.01362	0.01831	0.01064	0.03997	0.00892	0.00550	0.00529	0.00146	0.02058	0.00465	0.00318	0.21211
33	0.04435	0.05964	0.10909	0.01269	0.09737	0.04706	0.01012	0.08316	0.02821	0.16505	0.11537	0.01696	0.01497	0.00618	0.00507	0.00147	0.00528	0.00502	0.00428	0.16865
34	0.01621	0.01507	0.05190	0.01392	0.10358	0.15332	0.01022	0.16255	0.13327	0.08245	0.02650	0.04199	0.01161	0.00628	0.00518	0.00152	0.00599	0.00502	0.00423	0.14920

[dist]
# distance from previous block
# <min> <max>
0	50

# created by:
# /st0/software/busco_prod/Augustus/scripts/msa2prfl.pl ./align_prep/64568.fa
