[name]
unknown

[dist]
# distance from previous block
# <min> <max>
7	23

[block]
# block no. 0 follows, 52 sequences, length 21
# corresponding to MSA columns:
# 27-47
name=unknown_A
#
# <colnr> <probs for GDERKNQSTAVLIFYWHMCP>
#	G	D	E	R	K	N	Q	S	T	A	V	L	I	F	Y	W	H	M	C	P
0	0.01318	0.04065	0.01804	0.01338	0.01681	0.06853	0.28383	0.23106	0.01482	0.03364	0.11138	0.05172	0.01371	0.00610	0.00551	0.00153	0.03002	0.00569	0.03392	0.00650
1	0.03906	0.00835	0.00972	0.00758	0.01093	0.00727	0.00599	0.07343	0.02308	0.04000	0.04131	0.10619	0.01192	0.00573	0.00454	0.00108	0.03256	0.00466	0.02860	0.53800
2	0.03734	0.00572	0.00776	0.00755	0.00851	0.00561	0.06102	0.05226	0.00998	0.01388	0.04917	0.46514	0.04259	0.16715	0.00933	0.00236	0.00369	0.01038	0.03628	0.00428
3	0.00819	0.00657	0.00708	0.00742	0.00854	0.06367	0.00554	0.01030	0.06298	0.04160	0.06930	0.33869	0.14572	0.05842	0.00696	0.00200	0.00367	0.14439	0.00439	0.00456
4	0.01369	0.01195	0.01084	0.00963	0.01213	0.18288	0.00743	0.05391	0.34739	0.10769	0.14266	0.04675	0.01794	0.00697	0.00497	0.00153	0.00471	0.00567	0.00457	0.00669
5	0.01275	0.01075	0.01314	0.01073	0.01388	0.01167	0.09715	0.21445	0.38431	0.02149	0.04521	0.01914	0.09112	0.00671	0.00508	0.00157	0.00452	0.00575	0.00455	0.02603
6	0.00664	0.00488	0.00560	0.00542	0.00677	0.00437	0.00407	0.00849	0.01220	0.01665	0.39724	0.03842	0.35274	0.01039	0.00545	0.00152	0.00235	0.00888	0.10355	0.00437
7	0.00915	0.00861	0.01453	0.81804	0.03338	0.01077	0.01346	0.01238	0.00969	0.01238	0.00861	0.01292	0.00646	0.00484	0.00484	0.00161	0.00646	0.00431	0.00215	0.00538
8	0.11457	0.01907	0.01219	0.01108	0.01326	0.59896	0.00831	0.01716	0.01213	0.01275	0.00812	0.01100	0.00726	0.08674	0.00679	0.00166	0.04757	0.00351	0.00258	0.00529
9	0.02061	0.00863	0.01222	0.01107	0.10350	0.00763	0.00802	0.02260	0.01354	0.71170	0.01796	0.01597	0.01150	0.00580	0.00486	0.00149	0.00431	0.00481	0.00558	0.00818
10	0.01728	0.01321	0.01545	0.01445	0.15434	0.01440	0.01022	0.64684	0.02070	0.02793	0.01119	0.01170	0.00814	0.00555	0.00484	0.00145	0.00541	0.00435	0.00441	0.00814
11	0.01199	0.01151	0.01967	0.02974	0.79946	0.01151	0.01487	0.01487	0.01103	0.01583	0.00912	0.01199	0.00768	0.00432	0.00480	0.00144	0.00576	0.00432	0.00240	0.00768
12	0.01199	0.01151	0.01967	0.02974	0.79946	0.01151	0.01487	0.01487	0.01103	0.01583	0.00912	0.01199	0.00768	0.00432	0.00480	0.00144	0.00576	0.00432	0.00240	0.00768
13	0.01388	0.01000	0.01101	0.00963	0.01256	0.01112	0.00757	0.02535	0.64422	0.16783	0.01961	0.01778	0.01427	0.00647	0.00492	0.00162	0.00389	0.00536	0.00513	0.00778
14	0.70776	0.00914	0.00736	0.00652	0.00942	0.01037	0.00533	0.06506	0.00955	0.02133	0.01198	0.01261	0.09718	0.00549	0.00344	0.00151	0.00371	0.00362	0.00330	0.00532
15	0.80192	0.00945	0.00740	0.00663	0.00961	0.01096	0.00542	0.01508	0.06520	0.02164	0.00769	0.00862	0.00594	0.00465	0.00314	0.00151	0.00375	0.00283	0.00314	0.00542
16	0.01842	0.01357	0.01454	0.01115	0.01503	0.01503	0.00921	0.78330	0.02278	0.03054	0.01163	0.01163	0.00824	0.00582	0.00485	0.00145	0.00533	0.00436	0.00485	0.00824
17	0.01367	0.01121	0.01187	0.01019	0.01322	0.01281	0.00806	0.21791	0.59592	0.02288	0.01767	0.01645	0.01313	0.00638	0.00491	0.00160	0.00422	0.00520	0.00491	0.00782
18	0.00947	0.00894	0.01511	0.72947	0.11946	0.01085	0.01362	0.01266	0.00984	0.01277	0.00867	0.01282	0.00660	0.00479	0.00484	0.00160	0.00638	0.00431	0.00218	0.00564
19	0.01810	0.02310	0.01373	0.01248	0.01498	0.81024	0.00936	0.01935	0.01373	0.01186	0.00749	0.00874	0.00624	0.00499	0.00437	0.00125	0.00874	0.00312	0.00250	0.00562
20	0.01241	0.01040	0.01490	0.04988	0.26149	0.04148	0.06574	0.01490	0.01104	0.10660	0.01003	0.01169	0.00784	0.00424	0.00436	0.00116	0.00500	0.00384	0.00301	0.36000

[dist]
# distance from previous block
# <min> <max>
0	1

[block]
# block no. 1 follows, 52 sequences, length 44
# corresponding to MSA columns:
# 49-86,98-103
name=unknown_B
#
# <colnr> <probs for GDERKNQSTAVLIFYWHMCP>
#	G	D	E	R	K	N	Q	S	T	A	V	L	I	F	Y	W	H	M	C	P
0	0.02542	0.10792	0.01671	0.01778	0.34721	0.07214	0.03737	0.04035	0.01123	0.01544	0.01080	0.01259	0.04945	0.00464	0.00433	0.00122	0.00525	0.00401	0.00269	0.21343
1	0.43289	0.06667	0.01199	0.01232	0.20142	0.01074	0.00789	0.01402	0.00938	0.01844	0.00768	0.00929	0.00628	0.00425	0.00356	0.00130	0.00430	0.00308	0.00276	0.17172
2	0.01150	0.01201	0.01500	0.01369	0.05889	0.10109	0.01072	0.01269	0.00832	0.01193	0.00664	0.01048	0.00643	0.00786	0.01400	0.00199	0.68499	0.00412	0.00218	0.00547
3	0.23744	0.00894	0.00962	0.00756	0.01123	0.00838	0.00610	0.01654	0.09763	0.17556	0.01147	0.01167	0.00849	0.00464	0.00384	0.00118	0.00377	0.00350	0.00376	0.36869
4	0.00949	0.00899	0.01502	0.69966	0.10154	0.01107	0.01342	0.01257	0.00968	0.01265	0.00853	0.01270	0.00656	0.00501	0.00549	0.00163	0.05393	0.00430	0.00217	0.00559
5	0.01005	0.00861	0.01005	0.00718	0.01148	0.00646	0.00574	0.01220	0.01005	0.01579	0.00861	0.01005	0.00718	0.00359	0.00359	0.00072	0.00359	0.00287	0.00287	0.85932
6	0.01199	0.01151	0.01967	0.02974	0.79946	0.01151	0.01487	0.01487	0.01103	0.01583	0.00912	0.01199	0.00768	0.00432	0.00480	0.00144	0.00576	0.00432	0.00240	0.00768
7	0.01060	0.01060	0.01484	0.01272	0.01272	0.01484	0.01060	0.01166	0.00742	0.01166	0.00636	0.01060	0.00636	0.00848	0.01590	0.00212	0.82082	0.00424	0.00212	0.00530
8	0.00915	0.00861	0.01453	0.81804	0.03338	0.01077	0.01346	0.01238	0.00969	0.01238	0.00861	0.01292	0.00646	0.00484	0.00484	0.00161	0.00646	0.00431	0.00215	0.00538
9	0.86392	0.00937	0.00712	0.00637	0.00937	0.01087	0.00525	0.01425	0.00825	0.02174	0.00675	0.00787	0.00525	0.00450	0.00300	0.00150	0.00375	0.00262	0.00300	0.00525
10	0.00842	0.00421	0.00631	0.00631	0.00631	0.00421	0.00421	0.00631	0.00631	0.00842	0.00842	0.01473	0.00842	0.01684	0.01894	0.85901	0.00421	0.00421	0.00210	0.00210
11	0.01074	0.01024	0.01741	0.37730	0.46170	0.01118	0.01425	0.01377	0.01044	0.01431	0.00889	0.01240	0.00714	0.00455	0.00482	0.00152	0.00607	0.00431	0.00229	0.00667
12	0.00734	0.00578	0.00825	0.18992	0.01313	0.00596	0.00655	0.00980	0.01271	0.01761	0.59222	0.03129	0.06315	0.00884	0.00552	0.00155	0.00324	0.00781	0.00458	0.00474
13	0.01098	0.01228	0.02649	0.01920	0.02370	0.01152	0.70818	0.01481	0.01130	0.01530	0.01137	0.06282	0.00955	0.00507	0.00578	0.00168	0.00772	0.03330	0.00264	0.00631
14	0.01271	0.77072	0.08511	0.00871	0.01309	0.01857	0.00903	0.01457	0.00988	0.01170	0.00689	0.00796	0.00621	0.00418	0.00322	0.00107	0.00533	0.00267	0.00207	0.00629
15	0.81874	0.00960	0.00752	0.00663	0.00967	0.01109	0.00546	0.05535	0.00902	0.02221	0.00701	0.00807	0.00541	0.00457	0.00310	0.00150	0.00383	0.00272	0.00310	0.00541
16	0.01135	0.01096	0.01530	0.01285	0.01338	0.01477	0.03748	0.08245	0.00897	0.01353	0.00696	0.01078	0.00657	0.00808	0.01453	0.00204	0.71770	0.00430	0.00238	0.00561
17	0.00929	0.00799	0.00980	0.00910	0.00982	0.06633	0.00707	0.01077	0.06062	0.01146	0.01165	0.01613	0.03757	0.01990	0.29548	0.19049	0.21475	0.00479	0.00259	0.00440
18	0.00686	0.00495	0.00648	0.00610	0.00724	0.00457	0.00457	0.00914	0.01372	0.01943	0.79691	0.03620	0.04572	0.00991	0.00572	0.00152	0.00229	0.00876	0.00533	0.00457
19	0.01698	0.01286	0.01373	0.01086	0.01448	0.01435	0.00886	0.61176	0.19668	0.02822	0.01347	0.01309	0.00972	0.00599	0.00487	0.00150	0.00499	0.00462	0.00487	0.00811
20	0.01532	0.01472	0.22245	0.06033	0.01903	0.01105	0.15506	0.07155	0.04388	0.26291	0.01346	0.01441	0.00949	0.00589	0.00598	0.00173	0.05627	0.00486	0.00396	0.00766
21	0.81412	0.00944	0.00757	0.00674	0.00957	0.01110	0.00556	0.01409	0.00820	0.02115	0.00673	0.00803	0.00531	0.00473	0.00375	0.00154	0.05144	0.00272	0.00295	0.00525
22	0.01219	0.01054	0.01154	0.01105	0.05858	0.01209	0.00812	0.04170	0.72839	0.02024	0.01893	0.01758	0.01423	0.00643	0.00492	0.00163	0.00398	0.00539	0.00478	0.00768
23	0.00584	0.00475	0.00517	0.00541	0.00670	0.00408	0.00392	0.00704	0.01079	0.01330	0.08819	0.22780	0.57453	0.01281	0.00583	0.00171	0.00253	0.01097	0.00455	0.00408
24	0.00590	0.00422	0.00562	0.00675	0.00703	0.00394	0.00450	0.00675	0.00928	0.01237	0.02671	0.82653	0.03205	0.01518	0.00619	0.00197	0.00281	0.01378	0.00450	0.00394
25	0.01985	0.00783	0.01064	0.00830	0.01172	0.00680	0.00680	0.02178	0.01385	0.70340	0.11783	0.01899	0.01628	0.00649	0.00498	0.00150	0.00389	0.00537	0.00591	0.00778
26	0.01125	0.00960	0.01026	0.00946	0.01187	0.01099	0.00726	0.02327	0.68880	0.01924	0.02063	0.12352	0.01704	0.00770	0.00509	0.00169	0.00370	0.00656	0.00487	0.00718
27	0.01144	0.01307	0.02859	0.02042	0.02533	0.01225	0.78186	0.01552	0.01144	0.01552	0.00980	0.01307	0.00735	0.00408	0.00572	0.00163	0.00817	0.00572	0.00245	0.00654
28	0.00821	0.00701	0.01014	0.34228	0.01879	0.00803	0.00870	0.01206	0.13242	0.01362	0.01814	0.36330	0.01877	0.00956	0.00543	0.00177	0.00448	0.00856	0.00360	0.00512
29	0.01204	0.01069	0.01316	0.01488	0.21129	0.01192	0.00949	0.02300	0.59383	0.01915	0.01705	0.01654	0.01300	0.00600	0.00490	0.00159	0.00432	0.00519	0.00429	0.00767
30	0.01101	0.00944	0.01034	0.00876	0.01189	0.00967	0.00683	0.02002	0.47859	0.01828	0.01634	0.06252	0.01320	0.00606	0.00455	0.00135	0.00369	0.00507	0.00420	0.29820
31	0.00915	0.00861	0.01453	0.81804	0.03338	0.01077	0.01346	0.01238	0.00969	0.01238	0.00861	0.01292	0.00646	0.00484	0.00484	0.00161	0.00646	0.00431	0.00215	0.00538
32	0.00705	0.00470	0.00529	0.00529	0.00529	0.00470	0.00294	0.00705	0.00705	0.00940	0.01527	0.03171	0.01762	0.82969	0.02467	0.00470	0.00470	0.00705	0.00294	0.00294
33	0.00991	0.00946	0.01299	0.01128	0.01128	0.01287	0.00911	0.01077	0.00735	0.01122	0.00809	0.01470	0.00855	0.16791	0.01760	0.00262	0.66238	0.00479	0.00228	0.00484
34	0.01005	0.00861	0.01005	0.00718	0.01148	0.00646	0.00574	0.01220	0.01005	0.01579	0.00861	0.01005	0.00718	0.00359	0.00359	0.00072	0.00359	0.00287	0.00287	0.85932
35	0.86392	0.00937	0.00712	0.00637	0.00937	0.01087	0.00525	0.01425	0.00825	0.02174	0.00675	0.00787	0.00525	0.00450	0.00300	0.00150	0.00375	0.00262	0.00300	0.00525
36	0.00632	0.00470	0.00633	0.00726	0.00759	0.00470	0.00510	0.00728	0.00931	0.01249	0.02543	0.72144	0.03022	0.01465	0.00680	0.00200	0.05141	0.06857	0.00435	0.00406
37	0.01738	0.02198	0.01325	0.01214	0.01451	0.76246	0.00908	0.01860	0.01347	0.01189	0.00863	0.05720	0.00777	0.00560	0.00448	0.00129	0.00839	0.00375	0.00262	0.00552
38	0.00773	0.00515	0.00676	0.00624	0.00754	0.00472	0.00472	0.00999	0.01373	0.06506	0.75160	0.03505	0.04376	0.00968	0.00567	0.00152	0.00239	0.00854	0.00537	0.00479
39	0.86392	0.00937	0.00712	0.00637	0.00937	0.01087	0.00525	0.01425	0.00825	0.02174	0.00675	0.00787	0.00525	0.00450	0.00300	0.00150	0.00375	0.00262	0.00300	0.00525
40	0.00717	0.00464	0.00551	0.00554	0.00559	0.00467	0.00325	0.00701	0.00706	0.00944	0.01474	0.05443	0.01679	0.67921	0.05230	0.10511	0.00489	0.00686	0.00288	0.00292
41	0.86392	0.00937	0.00712	0.00637	0.00937	0.01087	0.00525	0.01425	0.00825	0.02174	0.00675	0.00787	0.00525	0.00450	0.00300	0.00150	0.00375	0.00262	0.00300	0.00525
42	0.01023	0.00963	0.01625	0.43529	0.35787	0.01072	0.01354	0.01325	0.01050	0.01426	0.05474	0.01388	0.00926	0.00492	0.00488	0.00153	0.00592	0.00457	0.00244	0.00631
43	0.01794	0.04918	0.01411	0.01235	0.01490	0.78475	0.00933	0.01919	0.01361	0.01185	0.00747	0.00871	0.00624	0.00497	0.00433	0.00124	0.00862	0.00310	0.00248	0.00564

[dist]
# distance from previous block
# <min> <max>
0	1

[block]
# block no. 2 follows, 52 sequences, length 60
# corresponding to MSA columns:
# 105-164
name=unknown_C
#
# <colnr> <probs for GDERKNQSTAVLIFYWHMCP>
#	G	D	E	R	K	N	Q	S	T	A	V	L	I	F	Y	W	H	M	C	P
0	0.01205	0.01041	0.01096	0.00986	0.01260	0.01205	0.00767	0.02575	0.79071	0.02027	0.01972	0.01808	0.01479	0.00657	0.00493	0.00164	0.00384	0.00548	0.00493	0.00767
1	0.00594	0.00431	0.00562	0.00658	0.00701	0.00398	0.00445	0.00689	0.00965	0.01281	0.07052	0.72860	0.08637	0.01469	0.00613	0.00192	0.00276	0.01325	0.00454	0.00398
2	0.00708	0.00476	0.00577	0.00577	0.00592	0.00491	0.00353	0.00730	0.00714	0.00968	0.01458	0.02878	0.01627	0.65673	0.16118	0.04191	0.00612	0.00660	0.00284	0.00314
3	0.02174	0.00825	0.01125	0.00862	0.01237	0.00712	0.00712	0.02362	0.01387	0.80282	0.01912	0.01649	0.01200	0.00600	0.00487	0.00150	0.00412	0.00487	0.00600	0.00825
4	0.00741	0.00536	0.00731	0.00833	0.00940	0.00526	0.00708	0.00940	0.01093	0.01414	0.02778	0.14242	0.09398	0.01350	0.00655	0.00215	0.00410	0.61605	0.00447	0.00437
5	0.01090	0.04678	0.60205	0.01313	0.01935	0.01139	0.04850	0.01710	0.10653	0.06289	0.01066	0.01162	0.00761	0.00489	0.00466	0.00153	0.00655	0.00395	0.00266	0.00723
6	0.01204	0.05645	0.01489	0.01188	0.01287	0.06850	0.00989	0.04604	0.00909	0.04801	0.00739	0.01059	0.00673	0.00749	0.01271	0.00186	0.60043	0.00403	0.00248	0.05666
7	0.86392	0.00937	0.00712	0.00637	0.00937	0.01087	0.00525	0.01425	0.00825	0.02174	0.00675	0.00787	0.00525	0.00450	0.00300	0.00150	0.00375	0.00262	0.00300	0.00525
8	0.01139	0.01086	0.01832	0.19808	0.61268	0.01137	0.01436	0.01465	0.03317	0.01522	0.00931	0.01237	0.00762	0.00450	0.00481	0.00148	0.00585	0.00435	0.00242	0.00718
9	0.00686	0.00495	0.00648	0.00610	0.00724	0.00457	0.00457	0.00914	0.01372	0.01943	0.79691	0.03620	0.04572	0.00991	0.00572	0.00152	0.00229	0.00876	0.00533	0.00457
10	0.00684	0.00514	0.00743	0.00738	0.00833	0.00574	0.00571	0.00861	0.00878	0.01245	0.11963	0.02305	0.06582	0.03132	0.65288	0.00657	0.01090	0.00598	0.00308	0.00434
11	0.00678	0.00496	0.00637	0.00605	0.00724	0.00455	0.00456	0.00898	0.01344	0.01880	0.71831	0.03745	0.10883	0.01018	0.00574	0.00155	0.00234	0.02409	0.00525	0.00453
12	0.01308	0.01092	0.01153	0.01007	0.01299	0.01253	0.00792	0.14772	0.66707	0.02193	0.01842	0.01704	0.01374	0.00645	0.00492	0.00161	0.00408	0.00530	0.00492	0.00776
13	0.00903	0.00452	0.00452	0.00452	0.00565	0.00452	0.00339	0.01129	0.01016	0.01807	0.01581	0.01807	0.01242	0.00565	0.00339	0.00113	0.00226	0.00452	0.85659	0.00452
14	0.00972	0.02507	0.80458	0.01381	0.02097	0.01125	0.01790	0.01535	0.01023	0.01535	0.00870	0.01023	0.00614	0.00460	0.00460	0.00153	0.00716	0.00358	0.00205	0.00716
15	0.01126	0.01001	0.01570	0.06514	0.37905	0.00953	0.05851	0.01439	0.04406	0.04647	0.02986	0.01504	0.03141	0.00497	0.00468	0.00133	0.00504	0.03040	0.00295	0.22020
16	0.00769	0.00578	0.00651	0.00644	0.00798	0.00551	0.00477	0.01092	0.13383	0.05494	0.10842	0.22783	0.37812	0.01153	0.00567	0.00170	0.00283	0.00992	0.00472	0.00488
17	0.01303	0.75780	0.06221	0.00874	0.01296	0.05408	0.00880	0.01477	0.01004	0.01161	0.00686	0.00793	0.00622	0.00421	0.00324	0.00107	0.00544	0.00266	0.00209	0.00624
18	0.00922	0.00766	0.00918	0.00732	0.01071	0.00601	0.00581	0.01120	0.01007	0.01517	0.01306	0.12761	0.01298	0.00631	0.00430	0.00106	0.00358	0.09192	0.00328	0.64355
19	0.01799	0.04019	0.01398	0.01240	0.01493	0.79353	0.00934	0.01925	0.01365	0.01185	0.00747	0.00872	0.00624	0.00498	0.00434	0.00124	0.00866	0.00311	0.00249	0.00563
20	0.00826	0.00426	0.00620	0.00620	0.00620	0.00426	0.00406	0.00640	0.00640	0.00853	0.00920	0.01668	0.00947	0.10999	0.01960	0.76111	0.00426	0.00453	0.00220	0.00220
21	0.01254	0.60993	0.11434	0.05481	0.06171	0.05130	0.01013	0.01472	0.01012	0.01220	0.00724	0.00863	0.00631	0.00428	0.00353	0.00116	0.00567	0.00293	0.00211	0.00634
22	0.01076	0.01071	0.01540	0.01467	0.10288	0.01446	0.01109	0.01203	0.00784	0.01214	0.00668	0.01076	0.00651	0.00800	0.01463	0.00204	0.72742	0.00425	0.00215	0.00557
23	0.01399	0.01248	0.01198	0.01041	0.01335	0.10410	0.00817	0.17298	0.55168	0.02131	0.01674	0.01575	0.01253	0.00625	0.00485	0.00156	0.00469	0.00499	0.00464	0.00755
24	0.00834	0.00421	0.00629	0.00633	0.00634	0.00420	0.00422	0.00633	0.00641	0.00855	0.00901	0.04103	0.00918	0.01678	0.01853	0.83124	0.00416	0.00452	0.00218	0.00216
25	0.00627	0.00493	0.00567	0.00548	0.00688	0.00432	0.00411	0.00801	0.01234	0.01616	0.41078	0.04159	0.43389	0.01113	0.00572	0.00158	0.00237	0.00952	0.00490	0.00432
26	0.01144	0.01307	0.02859	0.02042	0.02533	0.01225	0.78186	0.01552	0.01144	0.01552	0.00980	0.01307	0.00735	0.00408	0.00572	0.00163	0.00817	0.00572	0.00245	0.00654
27	0.00976	0.00939	0.01517	0.69497	0.13076	0.03303	0.01353	0.01289	0.00997	0.01281	0.00865	0.01269	0.00661	0.00478	0.00483	0.00158	0.00643	0.00428	0.00219	0.00568
28	0.01346	0.01419	0.01028	0.00938	0.01110	0.39143	0.00704	0.01473	0.01153	0.04665	0.01487	0.01770	0.09946	0.10080	0.00775	0.00176	0.07892	0.00478	0.13915	0.00504
29	0.00694	0.00513	0.00747	0.00747	0.00822	0.00588	0.00566	0.00845	0.00769	0.01101	0.01327	0.02066	0.01282	0.13786	0.70994	0.00739	0.01192	0.00543	0.00264	0.00415
30	0.07206	0.00831	0.01100	0.00849	0.01219	0.00735	0.00701	0.02306	0.01353	0.75615	0.01838	0.01598	0.01159	0.00591	0.00476	0.00150	0.00410	0.00474	0.00582	0.00807
31	0.79192	0.01005	0.00773	0.00683	0.00985	0.03836	0.00559	0.05366	0.00918	0.02185	0.00702	0.00809	0.00543	0.00458	0.00314	0.00149	0.00400	0.00273	0.00308	0.00541
32	0.00915	0.00861	0.01453	0.81804	0.03338	0.01077	0.01346	0.01238	0.00969	0.01238	0.00861	0.01292	0.00646	0.00484	0.00484	0.00161	0.00646	0.00431	0.00215	0.00538
33	0.01041	0.01958	0.46175	0.01607	0.02183	0.01191	0.28914	0.01510	0.01042	0.01510	0.00889	0.01127	0.00659	0.00475	0.00596	0.00162	0.07624	0.00440	0.00220	0.00678
34	0.51515	0.27816	0.01363	0.00752	0.01085	0.08175	0.00659	0.01477	0.00923	0.01754	0.00681	0.00791	0.00565	0.00443	0.00315	0.00133	0.00464	0.00266	0.00266	0.00560
35	0.01146	0.04949	0.02770	0.01946	0.02406	0.01271	0.70505	0.01527	0.01115	0.01513	0.00948	0.01270	0.00725	0.00433	0.00616	0.00163	0.05261	0.00550	0.00242	0.00645
36	0.01138	0.01062	0.04585	0.00953	0.01240	0.02279	0.00772	0.02284	0.63179	0.01939	0.06617	0.01946	0.04724	0.00676	0.00493	0.00158	0.00390	0.00563	0.00468	0.04534
37	0.00583	0.00489	0.00503	0.00504	0.00657	0.00413	0.00374	0.00708	0.01106	0.01336	0.09236	0.06729	0.71319	0.03125	0.00618	0.00171	0.00251	0.01016	0.00451	0.00409
38	0.00731	0.00575	0.00847	0.00825	0.00900	0.00695	0.00646	0.00893	0.00773	0.01125	0.01234	0.01845	0.01164	0.05242	0.70784	0.00712	0.09799	0.00514	0.00255	0.00440
39	0.01199	0.01151	0.01967	0.02974	0.79946	0.01151	0.01487	0.01487	0.01103	0.01583	0.00912	0.01199	0.00768	0.00432	0.00480	0.00144	0.00576	0.00432	0.00240	0.00768
40	0.01199	0.01151	0.01967	0.02974	0.79946	0.01151	0.01487	0.01487	0.01103	0.01583	0.00912	0.01199	0.00768	0.00432	0.00480	0.00144	0.00576	0.00432	0.00240	0.00768
41	0.00717	0.00512	0.00649	0.00640	0.00666	0.00557	0.00425	0.00775	0.00729	0.01007	0.01416	0.02683	0.01541	0.54643	0.26857	0.00554	0.04368	0.00635	0.00279	0.00347
42	0.00705	0.00470	0.00529	0.00529	0.00529	0.00470	0.00294	0.00705	0.00705	0.00940	0.01527	0.03171	0.01762	0.82969	0.02467	0.00470	0.00470	0.00705	0.00294	0.00294
43	0.01810	0.02310	0.01373	0.01248	0.01498	0.81024	0.00936	0.01935	0.01373	0.01186	0.00749	0.00874	0.00624	0.00499	0.00437	0.00125	0.00874	0.00312	0.00250	0.00562
44	0.00684	0.00495	0.00645	0.00607	0.00723	0.00456	0.00455	0.00910	0.01366	0.01930	0.78172	0.03641	0.06099	0.00996	0.00572	0.00153	0.00229	0.00879	0.00532	0.00456
45	0.00629	0.00493	0.00569	0.00550	0.00689	0.00433	0.00412	0.00804	0.01237	0.01624	0.42098	0.04145	0.42364	0.01110	0.00572	0.00158	0.00237	0.00950	0.00492	0.00433
46	0.01009	0.00865	0.01007	0.00724	0.01151	0.00658	0.00578	0.01249	0.02690	0.01589	0.00885	0.01022	0.00734	0.00365	0.00362	0.00074	0.00359	0.00293	0.00292	0.84094
47	0.01011	0.04836	0.51487	0.01250	0.01783	0.01020	0.04712	0.01419	0.01100	0.02657	0.07084	0.09713	0.01382	0.00701	0.00525	0.00171	0.00625	0.05088	0.00303	0.03131
48	0.01147	0.01414	0.16138	0.01532	0.23175	0.09794	0.01099	0.01468	0.03127	0.01540	0.00894	0.01069	0.00722	0.00421	0.00423	0.00115	0.00543	0.00350	0.00260	0.34769
49	0.01139	0.01291	0.02793	0.01995	0.02483	0.01205	0.75407	0.01540	0.01139	0.01553	0.00976	0.01296	0.00735	0.00407	0.00564	0.00160	0.00801	0.00562	0.00247	0.03707
50	0.01060	0.01060	0.01484	0.01272	0.01272	0.01484	0.01060	0.01166	0.00742	0.01166	0.00636	0.01060	0.00636	0.00848	0.01590	0.00212	0.82082	0.00424	0.00212	0.00530
51	0.01179	0.01335	0.02698	0.02107	0.10753	0.04777	0.66551	0.01562	0.01150	0.01539	0.00963	0.01276	0.00734	0.00415	0.00556	0.00160	0.00794	0.00545	0.00245	0.00662
52	0.00945	0.00912	0.01427	0.76215	0.03189	0.04491	0.01305	0.01253	0.00985	0.01236	0.00904	0.03411	0.00712	0.00512	0.00486	0.00161	0.00646	0.00450	0.00223	0.00536
53	0.00705	0.00470	0.00529	0.00529	0.00529	0.00470	0.00294	0.00705	0.00705	0.00940	0.01527	0.03171	0.01762	0.82969	0.02467	0.00470	0.00470	0.00705	0.00294	0.00294
54	0.01009	0.00957	0.01623	0.55809	0.28601	0.01101	0.01392	0.01320	0.01013	0.01352	0.00878	0.01261	0.00686	0.00467	0.00483	0.00156	0.00623	0.00431	0.00223	0.00614
55	0.00590	0.00422	0.00562	0.00675	0.00703	0.00394	0.00450	0.00675	0.00928	0.01237	0.02671	0.82653	0.03205	0.01518	0.00619	0.00197	0.00281	0.01378	0.00450	0.00394
56	0.00652	0.00519	0.00629	0.00660	0.04143	0.00463	0.00460	0.00829	0.01220	0.01608	0.38810	0.06697	0.39364	0.01095	0.00570	0.00159	0.00253	0.00942	0.00479	0.00446
57	0.01177	0.41774	0.38176	0.01098	0.01649	0.01532	0.01275	0.05706	0.01073	0.01426	0.00790	0.00911	0.00629	0.00445	0.00389	0.00129	0.00610	0.00314	0.00221	0.00676
58	0.00980	0.02457	0.77750	0.01368	0.02069	0.01128	0.01756	0.01570	0.03686	0.01551	0.00907	0.01050	0.00643	0.00467	0.00462	0.00154	0.00705	0.00365	0.00214	0.00718
59	0.00835	0.00810	0.00743	0.00701	0.00849	0.13160	0.00531	0.00991	0.01209	0.01490	0.28822	0.05749	0.35366	0.01020	0.00613	0.00158	0.05229	0.00837	0.00432	0.00456

[dist]
# distance from previous block
# <min> <max>
0	187

# created by:
# /st0/software/busco_prod/Augustus/scripts/msa2prfl.pl ./align_prep/64595.fa
