[name]
unknown

[dist]
# distance from previous block
# <min> <max>
0	43

[block]
# block no. 0 follows, 51 sequences, length 37
# corresponding to MSA columns:
# 45-65,68-78,94-98
name=unknown_A
#
# <colnr> <probs for GDERKNQSTAVLIFYWHMCP>
#	G	D	E	R	K	N	Q	S	T	A	V	L	I	F	Y	W	H	M	C	P
0	0.00995	0.00881	0.01337	0.13652	0.01695	0.00846	0.12112	0.03887	0.01100	0.01545	0.01362	0.02344	0.01290	0.00686	0.00550	0.00150	0.03404	0.20995	0.00322	0.30849
1	0.01800	0.01609	0.01419	0.01155	0.01500	0.22984	0.00924	0.50437	0.09119	0.02487	0.01142	0.01161	0.00842	0.00574	0.00479	0.00144	0.00620	0.00419	0.00428	0.00758
2	0.00703	0.00521	0.00763	0.00763	0.00842	0.00600	0.00581	0.00860	0.00782	0.01121	0.01341	0.02065	0.01287	0.11957	0.72590	0.00757	0.01228	0.00546	0.00267	0.00424
3	0.00835	0.00666	0.00894	0.08689	0.04250	0.00763	0.00650	0.01084	0.09109	0.01196	0.01370	0.02280	0.01362	0.34445	0.23457	0.00465	0.07156	0.00585	0.00293	0.00450
4	0.01019	0.00873	0.01019	0.00728	0.01165	0.00655	0.00582	0.01237	0.01019	0.01601	0.00873	0.01019	0.00728	0.00364	0.00364	0.00073	0.00364	0.00291	0.00291	0.85734
5	0.01820	0.02293	0.01397	0.01264	0.01514	0.77239	0.00952	0.03638	0.01399	0.01244	0.00766	0.00897	0.00638	0.00516	0.00470	0.00129	0.02670	0.00322	0.00258	0.00575
6	0.00702	0.00527	0.00790	0.00790	0.00878	0.00614	0.00614	0.00878	0.00790	0.01141	0.01316	0.01931	0.01229	0.03686	0.80782	0.00790	0.01316	0.00527	0.00263	0.00439
7	0.00704	0.00520	0.00758	0.00758	0.00834	0.00597	0.00574	0.00857	0.00780	0.01117	0.01346	0.02094	0.01299	0.13733	0.70832	0.00750	0.01210	0.00550	0.00268	0.00421
8	0.01922	0.01348	0.01414	0.01097	0.01479	0.06450	0.00900	0.60616	0.02102	0.15741	0.01279	0.01243	0.00886	0.00588	0.00489	0.00147	0.00542	0.00443	0.00496	0.00819
9	0.00608	0.00475	0.00551	0.00583	0.00693	0.00418	0.00418	0.00739	0.01109	0.01420	0.17754	0.30877	0.40002	0.01301	0.00596	0.00175	0.00258	0.01132	0.00472	0.00418
10	0.01167	0.34673	0.45869	0.01155	0.01745	0.01445	0.01381	0.01557	0.01037	0.04635	0.00846	0.00964	0.00650	0.00454	0.00407	0.00135	0.00633	0.00328	0.00225	0.00693
11	0.01314	0.83025	0.02575	0.00841	0.01261	0.01945	0.00841	0.01472	0.00999	0.01156	0.00683	0.00788	0.00631	0.00420	0.00315	0.00105	0.00526	0.00263	0.00210	0.00631
12	0.00593	0.00494	0.00517	0.00520	0.00673	0.00419	0.00387	0.00725	0.01135	0.01384	0.11839	0.09011	0.68140	0.01239	0.00583	0.00167	0.00249	0.01044	0.00464	0.00419
13	0.00955	0.00649	0.00756	0.00729	0.00838	0.00676	0.00522	0.03433	0.15443	0.06726	0.01854	0.04911	0.01877	0.43782	0.01581	0.00338	0.00450	0.13619	0.00392	0.00468
14	0.00802	0.00527	0.00684	0.00631	0.00769	0.00480	0.00478	0.01025	0.01378	0.07767	0.69606	0.03579	0.08412	0.00988	0.00573	0.00155	0.00247	0.00867	0.00541	0.00489
15	0.01222	0.01056	0.01111	0.01000	0.01278	0.01222	0.00778	0.02611	0.78776	0.02056	0.02000	0.01833	0.01500	0.00667	0.00500	0.00167	0.00389	0.00556	0.00500	0.00778
16	0.01199	0.01328	0.02820	0.02019	0.02510	0.01258	0.73594	0.05831	0.01224	0.01659	0.01005	0.01317	0.00751	0.00424	0.00575	0.00165	0.00812	0.00572	0.00262	0.00672
17	0.00986	0.02542	0.80183	0.01401	0.02127	0.01141	0.01816	0.01556	0.01038	0.01556	0.00882	0.01038	0.00623	0.00467	0.00467	0.00156	0.00726	0.00363	0.00208	0.00726
18	0.01099	0.01048	0.01784	0.34860	0.48734	0.01137	0.01450	0.01406	0.01064	0.01464	0.00904	0.01254	0.00728	0.00460	0.00488	0.00153	0.00613	0.00437	0.00233	0.00684
19	0.00655	0.00501	0.00601	0.00576	0.00710	0.00447	0.00432	0.00850	0.01296	0.01746	0.53399	0.04041	0.30783	0.01088	0.00580	0.00159	0.00238	0.00941	0.00511	0.00447
20	0.01004	0.01630	0.36896	0.01033	0.01601	0.00875	0.01141	0.01382	0.01027	0.01581	0.00877	0.01027	0.00680	0.00411	0.00411	0.00110	0.00528	0.00324	0.00253	0.47208
21	0.00916	0.00458	0.00458	0.00458	0.00573	0.00458	0.00344	0.01145	0.01031	0.01832	0.01603	0.01832	0.01260	0.00573	0.00344	0.00115	0.00229	0.00458	0.85457	0.00458
22	0.01010	0.00971	0.01654	0.42481	0.24046	0.01073	0.08464	0.01357	0.03896	0.01417	0.01295	0.01600	0.07537	0.00541	0.00506	0.00159	0.00607	0.00507	0.00259	0.00618
23	0.01111	0.00733	0.00881	0.00782	0.00993	0.00748	0.00606	0.01704	0.26005	0.14841	0.42037	0.02758	0.03076	0.00832	0.00540	0.00158	0.00312	0.00718	0.00539	0.00625
24	0.01396	0.01772	0.10942	0.01225	0.01524	0.37183	0.06319	0.01853	0.17137	0.01456	0.01254	0.08610	0.01099	0.00653	0.00535	0.00153	0.03943	0.02008	0.00319	0.00619
25	0.01179	0.01174	0.01961	0.04142	0.04222	0.01237	0.35151	0.02016	0.36313	0.01767	0.01430	0.01542	0.01082	0.00550	0.00580	0.00167	0.03864	0.00554	0.00360	0.00710
26	0.01269	0.29783	0.07927	0.09865	0.30814	0.07147	0.01226	0.03970	0.01115	0.01430	0.00829	0.01039	0.00694	0.00449	0.00423	0.00133	0.00602	0.00363	0.00235	0.00687
27	0.00599	0.00428	0.00570	0.00684	0.00713	0.00399	0.00456	0.00684	0.00941	0.01254	0.02709	0.82409	0.03250	0.01540	0.00627	0.00200	0.00285	0.01397	0.00456	0.00399
28	0.01008	0.00933	0.04071	0.04042	0.01549	0.00928	0.23919	0.04018	0.01023	0.05763	0.01414	0.16302	0.01372	0.07398	0.14446	0.00305	0.09953	0.00691	0.00315	0.00549
29	0.01055	0.00971	0.01544	0.23528	0.25913	0.03331	0.06937	0.03983	0.01138	0.01510	0.01395	0.02465	0.01321	0.00719	0.00548	0.00175	0.00592	0.21961	0.00305	0.00610
30	0.00756	0.00538	0.00742	0.00849	0.00942	0.00534	0.00710	0.00947	0.01077	0.01407	0.02561	0.17899	0.02839	0.05918	0.00772	0.00236	0.00427	0.59968	0.00444	0.00435
31	0.86201	0.00950	0.00722	0.00646	0.00950	0.01102	0.00532	0.01445	0.00836	0.02205	0.00684	0.00798	0.00532	0.00456	0.00304	0.00152	0.00380	0.00266	0.00304	0.00532
32	0.00715	0.00476	0.00536	0.00536	0.00536	0.00476	0.00298	0.00715	0.00715	0.00953	0.01548	0.03216	0.01787	0.82729	0.02501	0.00476	0.00476	0.00715	0.00298	0.00298
33	0.00599	0.00428	0.00570	0.00684	0.00713	0.00399	0.00456	0.00684	0.00941	0.01254	0.02709	0.82409	0.03250	0.01540	0.00627	0.00200	0.00285	0.01397	0.00456	0.00399
34	0.01314	0.83025	0.02575	0.00841	0.01261	0.01945	0.00841	0.01472	0.00999	0.01156	0.00683	0.00788	0.00631	0.00420	0.00315	0.00105	0.00526	0.00263	0.00210	0.00631
35	0.01833	0.01032	0.01231	0.00932	0.01329	0.00987	0.00766	0.28461	0.01638	0.36392	0.01446	0.01361	0.00979	0.00549	0.00465	0.00133	0.00449	0.00433	0.00499	0.19085
36	0.40088	0.01183	0.01134	0.00911	0.01264	0.01333	0.00752	0.43319	0.01642	0.02693	0.00955	0.01007	0.00698	0.00529	0.00407	0.00150	0.00468	0.00363	0.00407	0.00698

[dist]
# distance from previous block
# <min> <max>
2	3

[block]
# block no. 1 follows, 51 sequences, length 20
# corresponding to MSA columns:
# 102,105-123
name=unknown_B
#
# <colnr> <probs for GDERKNQSTAVLIFYWHMCP>
#	G	D	E	R	K	N	Q	S	T	A	V	L	I	F	Y	W	H	M	C	P
0	0.04933	0.01359	0.01359	0.01093	0.01447	0.07218	0.00885	0.52671	0.19314	0.02692	0.01314	0.01290	0.00958	0.00596	0.00483	0.00150	0.00526	0.00452	0.00469	0.00792
1	0.11170	0.21689	0.14094	0.00952	0.01373	0.06068	0.00912	0.08124	0.10799	0.03377	0.01093	0.01155	0.02799	0.00498	0.00402	0.00129	0.00512	0.00363	0.00311	0.14179
2	0.01555	0.42987	0.02002	0.01038	0.01383	0.30858	0.00896	0.09302	0.01268	0.01368	0.00760	0.00871	0.00652	0.00481	0.00415	0.00120	0.02858	0.00305	0.00254	0.00626
3	0.00603	0.00429	0.00569	0.00679	0.00706	0.00402	0.00450	0.00685	0.00933	0.01244	0.02667	0.79550	0.03197	0.04470	0.00695	0.00210	0.00292	0.01372	0.00450	0.00395
4	0.01324	0.03176	0.19509	0.01347	0.08326	0.10503	0.05944	0.18197	0.04800	0.03847	0.01219	0.07260	0.01040	0.00621	0.00511	0.00152	0.01985	0.03788	0.00338	0.06116
5	0.01378	0.01286	0.01142	0.00921	0.01268	0.22244	0.00720	0.07904	0.05102	0.07307	0.07204	0.01293	0.01093	0.00504	0.00429	0.00110	0.00513	0.00385	0.00350	0.38846
6	0.42165	0.01628	0.01144	0.01008	0.01297	0.38844	0.04431	0.01696	0.01115	0.01700	0.00735	0.00865	0.00590	0.00478	0.00383	0.00141	0.00641	0.00305	0.00277	0.00556
7	0.01039	0.01060	0.01850	0.33024	0.02440	0.01276	0.20852	0.01312	0.00947	0.01312	0.00824	0.01232	0.00675	0.00601	0.00908	0.00182	0.29199	0.00471	0.00225	0.00573
8	0.01226	0.01300	0.09777	0.04500	0.10304	0.04304	0.13415	0.04378	0.37274	0.03711	0.01565	0.01598	0.03222	0.00579	0.00507	0.00160	0.00548	0.00521	0.00381	0.00730
9	0.00649	0.00475	0.00612	0.00654	0.00739	0.00439	0.00475	0.00807	0.01151	0.01557	0.32690	0.36888	0.12687	0.01284	0.00607	0.00180	0.00273	0.06913	0.00489	0.00430
10	0.01320	0.06283	0.45506	0.01314	0.01841	0.30479	0.01424	0.01728	0.03103	0.01419	0.00855	0.00990	0.00649	0.00484	0.00452	0.00143	0.00767	0.00346	0.00232	0.00665
11	0.00606	0.00433	0.00577	0.00679	0.00714	0.00404	0.00457	0.00702	0.00974	0.01307	0.08301	0.76667	0.03351	0.01501	0.00624	0.00196	0.00281	0.01360	0.00462	0.00404
12	0.01019	0.00873	0.01019	0.00728	0.01165	0.00655	0.00582	0.01237	0.01019	0.01601	0.00873	0.01019	0.00728	0.00364	0.00364	0.00073	0.00364	0.00291	0.00291	0.85734
13	0.00598	0.00432	0.00566	0.00673	0.00710	0.00400	0.00451	0.00686	0.00952	0.01259	0.02849	0.77594	0.07974	0.01521	0.00624	0.00197	0.00283	0.01375	0.00456	0.00400
14	0.00854	0.00427	0.00640	0.00640	0.00640	0.00427	0.00427	0.00640	0.00640	0.00854	0.00854	0.01494	0.00854	0.01707	0.01921	0.85702	0.00427	0.00427	0.00213	0.00213
15	0.00778	0.00537	0.00756	0.00733	0.00851	0.00572	0.00568	0.00960	0.00975	0.06014	0.16675	0.02528	0.09707	0.02745	0.52619	0.00568	0.00948	0.00645	0.00356	0.00465
16	0.00642	0.00499	0.00590	0.00613	0.00739	0.00446	0.00468	0.00802	0.01163	0.01497	0.22811	0.15782	0.38901	0.01244	0.00601	0.00177	0.00279	0.11840	0.00477	0.00430
17	0.00895	0.00758	0.01173	0.01616	0.31771	0.00746	0.00898	0.03187	0.01102	0.01524	0.09633	0.37035	0.02333	0.01019	0.00566	0.00174	0.00412	0.04209	0.00382	0.00569
18	0.01152	0.01827	0.33102	0.01710	0.02278	0.04652	0.40420	0.01635	0.03172	0.03792	0.00993	0.01217	0.00726	0.00451	0.00525	0.00160	0.00768	0.00480	0.00249	0.00692
19	0.00874	0.06799	0.01608	0.01214	0.01458	0.00839	0.29810	0.01106	0.01078	0.01449	0.10490	0.36939	0.02266	0.00972	0.00581	0.00175	0.00502	0.00948	0.00369	0.00523

[dist]
# distance from previous block
# <min> <max>
0	3

[block]
# block no. 2 follows, 51 sequences, length 79
# corresponding to MSA columns:
# 127-205
name=unknown_C
#
# <colnr> <probs for GDERKNQSTAVLIFYWHMCP>
#	G	D	E	R	K	N	Q	S	T	A	V	L	I	F	Y	W	H	M	C	P
0	0.01190	0.30003	0.09348	0.12830	0.34550	0.01428	0.01283	0.01465	0.01051	0.01395	0.00829	0.01062	0.00695	0.00442	0.00425	0.00135	0.00586	0.00369	0.00225	0.00690
1	0.01051	0.10442	0.27543	0.00993	0.01387	0.05820	0.01032	0.09699	0.01316	0.01784	0.27085	0.02093	0.06361	0.00699	0.00495	0.00148	0.00503	0.00569	0.00366	0.00614
2	0.01308	0.01443	0.01444	0.48058	0.02607	0.30772	0.01191	0.04955	0.01195	0.01318	0.00845	0.01146	0.00655	0.00501	0.00473	0.00149	0.00736	0.00392	0.00244	0.00568
3	0.01817	0.02194	0.01391	0.01242	0.01511	0.69530	0.00942	0.10023	0.04267	0.01434	0.00849	0.00951	0.00686	0.00521	0.00450	0.00130	0.00832	0.00338	0.00287	0.00605
4	0.01343	0.01023	0.01323	0.07405	0.01548	0.05650	0.09184	0.03606	0.03553	0.17304	0.01136	0.01228	0.00843	0.00452	0.00436	0.00114	0.00486	0.00389	0.00354	0.42623
5	0.00875	0.04914	0.01073	0.00920	0.00996	0.03378	0.00731	0.01009	0.00800	0.01135	0.01103	0.01740	0.01076	0.11290	0.43302	0.00538	0.23903	0.00500	0.00250	0.00465
6	0.00712	0.00487	0.00590	0.00590	0.00609	0.00506	0.00365	0.00750	0.00731	0.00993	0.01499	0.02941	0.01667	0.65815	0.19252	0.00543	0.00656	0.00674	0.00290	0.00328
7	0.05570	0.07121	0.21319	0.01263	0.06783	0.01287	0.03799	0.13219	0.30698	0.01982	0.01333	0.01353	0.00997	0.00553	0.00470	0.00155	0.00534	0.00449	0.00369	0.00747
8	0.01149	0.00600	0.00786	0.00693	0.00889	0.00534	0.00536	0.01345	0.01332	0.26276	0.41530	0.09962	0.10468	0.00949	0.00557	0.00159	0.00296	0.00823	0.00547	0.00570
9	0.02430	0.01128	0.01565	0.01438	0.11970	0.09863	0.18653	0.09600	0.01276	0.08899	0.01597	0.07144	0.07355	0.00669	0.00550	0.00156	0.03286	0.03229	0.08558	0.00632
10	0.00638	0.00500	0.00577	0.00558	0.00699	0.00439	0.00419	0.00816	0.01256	0.01649	0.42230	0.04200	0.42012	0.01124	0.00580	0.00160	0.00240	0.00963	0.00499	0.00439
11	0.01019	0.00873	0.01019	0.00728	0.01165	0.00655	0.00582	0.01237	0.01019	0.01601	0.00873	0.01019	0.00728	0.00364	0.00364	0.00073	0.00364	0.00291	0.00291	0.85734
12	0.01245	0.53673	0.22680	0.01136	0.06237	0.05073	0.01139	0.01517	0.01033	0.01289	0.00753	0.00883	0.00638	0.00437	0.00371	0.00122	0.00597	0.00302	0.00213	0.00662
13	0.00581	0.00498	0.00498	0.00498	0.00664	0.00415	0.00373	0.00705	0.01120	0.01328	0.04978	0.04729	0.79464	0.01245	0.00581	0.00166	0.00249	0.01037	0.00456	0.00415
14	0.00704	0.00517	0.00742	0.00742	0.00813	0.00588	0.00554	0.00847	0.00776	0.01105	0.01360	0.02174	0.01334	0.18682	0.65930	0.00730	0.01157	0.00562	0.00270	0.00412
15	0.04300	0.01132	0.01564	0.21268	0.26380	0.01253	0.01184	0.22866	0.11541	0.02015	0.01115	0.01295	0.00850	0.00524	0.00484	0.00154	0.00557	0.00448	0.00342	0.00729
16	0.01878	0.01580	0.03748	0.01156	0.04169	0.31814	0.00903	0.15570	0.01524	0.27288	0.01234	0.01217	0.00868	0.00545	0.00467	0.00138	0.00634	0.00401	0.00411	0.04456
17	0.01445	0.00797	0.03713	0.00811	0.01087	0.00705	0.00668	0.01828	0.11977	0.36441	0.31842	0.02445	0.02556	0.00764	0.00527	0.00155	0.00353	0.00650	0.00553	0.00680
18	0.00846	0.00739	0.01066	0.00983	0.01037	0.00959	0.00792	0.00995	0.00775	0.01157	0.01057	0.01600	0.01003	0.02594	0.50192	0.00568	0.32425	0.00489	0.00245	0.00477
19	0.10592	0.01124	0.01804	0.02627	0.66295	0.01134	0.01354	0.01555	0.01105	0.06410	0.00959	0.01198	0.00778	0.00450	0.00467	0.00147	0.00551	0.00422	0.00272	0.00755
20	0.01471	0.05339	0.46310	0.01173	0.01753	0.01014	0.01351	0.01877	0.01178	0.31850	0.01282	0.01272	0.00852	0.00520	0.00471	0.00152	0.00599	0.00409	0.00362	0.00765
21	0.00624	0.00500	0.00557	0.00543	0.00690	0.00433	0.00407	0.00788	0.01221	0.01567	0.32689	0.04335	0.51604	0.01155	0.00580	0.00162	0.00243	0.00982	0.00488	0.00433
22	0.00821	0.00488	0.00605	0.00605	0.00708	0.00527	0.00464	0.01026	0.00924	0.01525	0.01476	0.01876	0.01246	0.01953	0.36021	0.00414	0.00711	0.00488	0.47670	0.00449
23	0.01104	0.01689	0.32230	0.07567	0.39587	0.01157	0.06601	0.01514	0.01081	0.01561	0.00909	0.01161	0.00708	0.00451	0.00485	0.00152	0.00660	0.00418	0.00228	0.00735
24	0.02205	0.00836	0.01140	0.00874	0.01254	0.00722	0.00722	0.02395	0.01407	0.80004	0.01939	0.01673	0.01216	0.00608	0.00494	0.00152	0.00418	0.00494	0.00608	0.00836
25	0.01187	0.51928	0.32562	0.01057	0.01596	0.01634	0.01218	0.01504	0.01014	0.01311	0.00760	0.00885	0.00628	0.00438	0.00374	0.00125	0.00603	0.00302	0.00209	0.00668
26	0.01841	0.00929	0.01138	0.00926	0.01270	0.00923	0.00748	0.04321	0.29432	0.49912	0.01942	0.01719	0.01310	0.00629	0.00496	0.00157	0.00411	0.00515	0.00566	0.00815
27	0.01474	0.01470	0.01228	0.01086	0.01369	0.25060	0.00841	0.11750	0.44562	0.01915	0.01586	0.01526	0.02704	0.00621	0.00484	0.00152	0.00554	0.00479	0.00424	0.00716
28	0.01102	0.00790	0.01120	0.00991	0.01093	0.00974	0.00803	0.01250	0.00878	0.14565	0.01168	0.01587	0.01015	0.03988	0.34638	0.00452	0.32252	0.00488	0.00304	0.00541
29	0.00644	0.00500	0.00585	0.00564	0.00702	0.00442	0.00423	0.00827	0.01268	0.01679	0.45684	0.04150	0.38539	0.01113	0.00580	0.00160	0.00240	0.00956	0.00503	0.00442
30	0.01022	0.11365	0.71675	0.01339	0.02032	0.01229	0.01709	0.01547	0.01033	0.01512	0.00860	0.01010	0.00623	0.00462	0.00450	0.00150	0.00704	0.00352	0.00208	0.00716
31	0.00605	0.00432	0.00575	0.00680	0.00714	0.00403	0.00457	0.00699	0.00968	0.01298	0.07345	0.77649	0.03334	0.01507	0.00624	0.00197	0.00282	0.01366	0.00461	0.00403
32	0.86201	0.00950	0.00722	0.00646	0.00950	0.01102	0.00532	0.01445	0.00836	0.02205	0.00684	0.00798	0.00532	0.00456	0.00304	0.00152	0.00380	0.00266	0.00304	0.00532
33	0.01424	0.00960	0.01544	0.29967	0.28290	0.01002	0.01212	0.01697	0.01161	0.26025	0.01224	0.01392	0.00872	0.00510	0.00491	0.00154	0.00557	0.00455	0.00349	0.00715
34	0.00599	0.00428	0.00570	0.00684	0.00713	0.00399	0.00456	0.00684	0.00941	0.01254	0.02709	0.82409	0.03250	0.01540	0.00627	0.00200	0.00285	0.01397	0.00456	0.00399
35	0.01301	0.01376	0.01245	0.01105	0.01216	0.28311	0.00877	0.01441	0.01030	0.01327	0.00887	0.01171	0.00771	0.00678	0.00945	0.00164	0.36915	0.00397	0.18310	0.00532
36	0.01149	0.01062	0.01622	0.02144	0.49338	0.00993	0.01159	0.01461	0.04332	0.01623	0.00952	0.01174	0.00791	0.00422	0.00445	0.00122	0.00500	0.00392	0.00270	0.30051
37	0.00746	0.00564	0.00765	0.00743	0.00787	0.00653	0.00539	0.00846	0.00757	0.01072	0.01337	0.02342	0.01385	0.34133	0.42154	0.00609	0.09314	0.00590	0.00272	0.00394
38	0.00709	0.00499	0.00649	0.00649	0.00687	0.00538	0.00438	0.00787	0.00748	0.01036	0.01445	0.02646	0.01539	0.47670	0.37222	0.00615	0.00849	0.00631	0.00282	0.00360
39	0.00703	0.00523	0.00770	0.00770	0.00851	0.00604	0.00590	0.00865	0.00784	0.01126	0.01334	0.02030	0.01272	0.09826	0.74700	0.00765	0.01251	0.00541	0.00266	0.00428
40	0.01002	0.06622	0.76248	0.01372	0.02083	0.01182	0.01766	0.01552	0.01036	0.01536	0.00872	0.01025	0.00623	0.00465	0.00459	0.00153	0.00716	0.00358	0.00208	0.00721
41	0.00657	0.00461	0.00593	0.00647	0.00675	0.00462	0.00424	0.00726	0.00835	0.01127	0.02064	0.40765	0.02395	0.31386	0.14123	0.00395	0.00519	0.01010	0.00368	0.00369
42	0.86201	0.00950	0.00722	0.00646	0.00950	0.01102	0.00532	0.01445	0.00836	0.02205	0.00684	0.00798	0.00532	0.00456	0.00304	0.00152	0.00380	0.00266	0.00304	0.00532
43	0.00823	0.00719	0.01111	0.45700	0.02261	0.00825	0.01024	0.01082	0.01038	0.01317	0.02054	0.06423	0.14831	0.00864	0.00555	0.00180	0.00523	0.17852	0.00323	0.00496
44	0.00760	0.00619	0.00820	0.00814	0.00910	0.04677	0.00631	0.00933	0.00820	0.01144	0.01288	0.01878	0.01198	0.03524	0.76709	0.00756	0.01295	0.00516	0.00263	0.00445
45	0.00626	0.00448	0.00597	0.00686	0.00734	0.00420	0.00476	0.00744	0.01028	0.01389	0.15747	0.64678	0.03462	0.01438	0.00622	0.00193	0.00286	0.05542	0.00470	0.00413
46	0.01315	0.00996	0.01066	0.00934	0.01210	0.01120	0.00734	0.10203	0.55565	0.07332	0.01859	0.01755	0.01381	0.00643	0.00478	0.00157	0.00386	0.00527	0.11593	0.00746
47	0.01059	0.00866	0.01248	0.26323	0.12052	0.00841	0.00935	0.01300	0.01025	0.06668	0.01071	0.04807	0.00917	0.05459	0.00569	0.00146	0.00491	0.00442	0.00291	0.33489
48	0.00707	0.00509	0.00699	0.00699	0.00756	0.00565	0.00501	0.00819	0.00763	0.01074	0.01399	0.02389	0.01428	0.31907	0.52833	0.00678	0.01016	0.00594	0.00276	0.00388
49	0.05019	0.71991	0.06442	0.00911	0.01345	0.01838	0.04035	0.01479	0.01000	0.01240	0.00706	0.00823	0.00631	0.00424	0.00333	0.00112	0.00542	0.00281	0.00216	0.00632
50	0.12084	0.01031	0.01293	0.47065	0.02453	0.08682	0.01088	0.02677	0.06493	0.08966	0.02928	0.01330	0.00849	0.00526	0.00466	0.00157	0.00589	0.00428	0.00301	0.00593
51	0.12737	0.01800	0.01295	0.01137	0.01420	0.45084	0.01894	0.12594	0.13212	0.01732	0.00999	0.01068	0.00782	0.00539	0.00458	0.00141	0.01775	0.00369	0.00330	0.00634
52	0.15814	0.12122	0.01465	0.01105	0.01296	0.24900	0.00905	0.01545	0.03716	0.01390	0.00738	0.00961	0.00650	0.00623	0.00836	0.00162	0.30604	0.00351	0.00251	0.00567
53	0.05308	0.11529	0.01055	0.00748	0.00953	0.04449	0.00587	0.15159	0.01324	0.01790	0.24349	0.05346	0.09601	0.14744	0.00838	0.00203	0.00408	0.00671	0.00412	0.00527
54	0.00660	0.00492	0.00613	0.00602	0.00717	0.00445	0.00444	0.00850	0.01277	0.01746	0.54241	0.14162	0.19692	0.01123	0.00586	0.00163	0.00242	0.00985	0.00513	0.00445
55	0.48844	0.00996	0.00962	0.00787	0.01130	0.01073	0.00649	0.15145	0.01235	0.20426	0.01070	0.01076	0.00752	0.00512	0.00383	0.00148	0.00417	0.00351	0.00407	0.03635
56	0.01044	0.05225	0.33114	0.25272	0.22898	0.01169	0.01560	0.01452	0.01041	0.01464	0.00882	0.01154	0.00674	0.00464	0.00473	0.00153	0.00659	0.00400	0.00220	0.00683
57	0.00703	0.00537	0.00668	0.00733	0.00869	0.00502	0.00616	0.00886	0.01127	0.01410	0.03603	0.05200	0.35119	0.01310	0.00637	0.00201	0.00367	0.44621	0.00454	0.00437
58	0.00607	0.00467	0.00555	0.00600	0.00697	0.00416	0.00425	0.00731	0.01084	0.01398	0.15870	0.39014	0.33697	0.01337	0.00601	0.00179	0.00262	0.01173	0.00470	0.00416
59	0.00788	0.00624	0.00825	0.00781	0.00805	0.00743	0.00565	0.00862	0.00753	0.01068	0.01334	0.05913	0.01446	0.39796	0.22707	0.00487	0.19202	0.00631	0.00277	0.00394
60	0.01153	0.06128	0.45198	0.01214	0.01740	0.08299	0.01357	0.07839	0.11260	0.01732	0.08338	0.01371	0.01128	0.00554	0.00474	0.00151	0.00626	0.00434	0.00304	0.00698
61	0.01222	0.01056	0.01111	0.01000	0.01278	0.01222	0.00778	0.02611	0.78776	0.02056	0.02000	0.01833	0.01500	0.00667	0.00500	0.00167	0.00389	0.00556	0.00500	0.00778
62	0.01405	0.00642	0.00849	0.00775	0.00992	0.00587	0.00624	0.01590	0.01202	0.36326	0.02157	0.17141	0.01923	0.00925	0.00531	0.00170	0.00369	0.16200	0.14980	0.00614
63	0.01015	0.01030	0.01947	0.52657	0.06996	0.01143	0.25353	0.01368	0.01045	0.01373	0.00914	0.01310	0.00690	0.00464	0.00519	0.00163	0.00706	0.00482	0.00229	0.00594
64	0.04019	0.01813	0.36813	0.01539	0.02089	0.01198	0.26757	0.07432	0.01175	0.06423	0.00986	0.01176	0.00714	0.00489	0.00566	0.00161	0.05228	0.00449	0.00271	0.00703
65	0.00928	0.00873	0.01474	0.81548	0.03385	0.01092	0.01365	0.01256	0.00983	0.01256	0.00873	0.01310	0.00655	0.00491	0.00491	0.00164	0.00655	0.00437	0.00218	0.00546
66	0.00699	0.00504	0.00671	0.00703	0.00803	0.00477	0.00546	0.00898	0.01228	0.01683	0.42382	0.19482	0.05819	0.01208	0.00615	0.00182	0.00301	0.20851	0.00499	0.00447
67	0.01098	0.01047	0.01781	0.35265	0.48340	0.01136	0.01449	0.01404	0.01063	0.01462	0.00903	0.01255	0.00728	0.00460	0.00488	0.00153	0.00613	0.00437	0.00233	0.00683
68	0.27203	0.00897	0.01054	0.00932	0.01069	0.01123	0.00761	0.04600	0.00913	0.01647	0.07998	0.01389	0.01091	0.01257	0.15624	0.00293	0.30892	0.00440	0.00293	0.00524
69	0.00596	0.00438	0.00560	0.00658	0.00706	0.00401	0.00445	0.00687	0.00966	0.01265	0.03027	0.71514	0.13939	0.01498	0.00621	0.00195	0.00280	0.01347	0.00456	0.00401
70	0.00960	0.00864	0.01413	0.06863	0.44547	0.00866	0.01093	0.01175	0.01042	0.01449	0.01611	0.32593	0.01726	0.00867	0.00541	0.00168	0.00473	0.00808	0.00324	0.00618
71	0.01314	0.83025	0.02575	0.00841	0.01261	0.01945	0.00841	0.01472	0.00999	0.01156	0.00683	0.00788	0.00631	0.00420	0.00315	0.00105	0.00526	0.00263	0.00210	0.00631
72	0.00664	0.00508	0.00600	0.00650	0.00754	0.00469	0.00472	0.04158	0.01086	0.01382	0.03509	0.42649	0.32557	0.01369	0.00607	0.00186	0.00296	0.07197	0.00458	0.00429
73	0.01362	0.00836	0.00892	0.00743	0.00981	0.00886	0.00595	0.30926	0.01548	0.07046	0.01460	0.01570	0.01093	0.00581	0.00410	0.00130	0.00361	0.00454	0.47499	0.00627
74	0.01316	0.01460	0.02061	0.02166	0.32003	0.20269	0.25227	0.01600	0.01178	0.01471	0.00930	0.01214	0.00760	0.00643	0.05359	0.00186	0.00777	0.00459	0.00249	0.00672
75	0.01806	0.02118	0.01424	0.01287	0.03424	0.63403	0.00964	0.14693	0.01523	0.01530	0.00831	0.00949	0.00671	0.00528	0.00484	0.00133	0.02981	0.00344	0.00292	0.00619
76	0.00925	0.22925	0.01206	0.00709	0.00932	0.00940	0.00590	0.02250	0.08230	0.02721	0.33015	0.07582	0.14417	0.00873	0.00501	0.00147	0.00338	0.00731	0.00430	0.00536
77	0.44106	0.02406	0.01031	0.00865	0.01176	0.09929	0.00700	0.19050	0.09314	0.02233	0.01080	0.01180	0.02683	0.00548	0.00396	0.00151	0.00473	0.01683	0.00366	0.00628
78	0.01557	0.06103	0.13170	0.01376	0.01764	0.40457	0.13970	0.10450	0.03762	0.01555	0.00899	0.01039	0.00700	0.00495	0.00470	0.00140	0.00781	0.00386	0.00278	0.00648

[dist]
# distance from previous block
# <min> <max>
2	5

[block]
# block no. 3 follows, 51 sequences, length 49
# corresponding to MSA columns:
# 211-259
name=unknown_D
#
# <colnr> <probs for GDERKNQSTAVLIFYWHMCP>
#	G	D	E	R	K	N	Q	S	T	A	V	L	I	F	Y	W	H	M	C	P
0	0.01213	0.07677	0.01148	0.02084	0.01180	0.10142	0.00685	0.07935	0.09266	0.06962	0.12650	0.03475	0.08950	0.00659	0.00479	0.00129	0.01577	0.00528	0.00392	0.22870
1	0.01316	0.09433	0.46520	0.01250	0.01811	0.12286	0.01407	0.07166	0.04078	0.08764	0.01006	0.01092	0.00727	0.00497	0.00455	0.00147	0.00677	0.00372	0.00282	0.00716
2	0.01275	0.01143	0.01543	0.01389	0.07728	0.01434	0.03276	0.20985	0.01202	0.01724	0.00893	0.04158	0.00805	0.00769	0.01166	0.00190	0.48915	0.00474	0.00299	0.00632
3	0.01076	0.01024	0.01741	0.41280	0.42498	0.01131	0.01438	0.01385	0.01053	0.01435	0.00900	0.01262	0.00718	0.00464	0.00489	0.00155	0.00619	0.00437	0.00231	0.00665
4	0.00629	0.00440	0.00561	0.00646	0.00667	0.00419	0.00415	0.00692	0.00883	0.01177	0.02410	0.62020	0.02873	0.22442	0.01110	0.00271	0.00334	0.01221	0.00415	0.00373
5	0.01241	0.65108	0.19852	0.00965	0.01454	0.01766	0.01058	0.01490	0.01007	0.01245	0.00727	0.00844	0.00629	0.00431	0.00349	0.00116	0.00570	0.00285	0.00210	0.00652
6	0.01294	0.11086	0.01257	0.00966	0.01143	0.30381	0.00739	0.05824	0.01103	0.01234	0.01033	0.01628	0.01012	0.22067	0.10365	0.00299	0.07339	0.00454	0.00272	0.00505
7	0.02223	0.00581	0.00591	0.00585	0.00749	0.02104	0.00443	0.03478	0.02697	0.01445	0.07676	0.10930	0.59416	0.01200	0.00576	0.00169	0.00287	0.03951	0.00455	0.00444
8	0.00986	0.02542	0.80183	0.01401	0.02127	0.01141	0.01816	0.01556	0.01038	0.01556	0.00882	0.01038	0.00623	0.00467	0.00467	0.00156	0.00726	0.00363	0.00208	0.00726
9	0.01510	0.01283	0.01469	0.28401	0.02152	0.19686	0.07207	0.09715	0.01318	0.17727	0.01174	0.04161	0.00884	0.00560	0.00493	0.00152	0.00649	0.00467	0.00347	0.00646
10	0.00989	0.00915	0.01399	0.06528	0.35937	0.04430	0.03793	0.01210	0.01073	0.01444	0.01651	0.26145	0.01749	0.00883	0.00553	0.00172	0.00505	0.09692	0.00331	0.00599
11	0.00605	0.00430	0.00568	0.00676	0.00703	0.00403	0.00448	0.00686	0.00929	0.01239	0.02647	0.78238	0.03173	0.05815	0.00726	0.00214	0.00295	0.01361	0.00448	0.00394
12	0.00793	0.00651	0.00898	0.00854	0.00891	0.00797	0.00647	0.00900	0.00779	0.01122	0.01345	0.10922	0.01425	0.20753	0.32874	0.00499	0.22502	0.00640	0.00280	0.00429
13	0.03032	0.13095	0.37252	0.01308	0.01825	0.18371	0.09824	0.03208	0.01149	0.01464	0.01027	0.01167	0.04175	0.00500	0.00456	0.00144	0.00712	0.00393	0.00241	0.00657
14	0.04266	0.01504	0.28493	0.01178	0.01663	0.00993	0.09643	0.09774	0.01319	0.25649	0.07224	0.01569	0.03314	0.00578	0.00497	0.00155	0.00563	0.00490	0.00399	0.00730
15	0.81308	0.00944	0.00747	0.00660	0.00968	0.01080	0.00543	0.01500	0.00870	0.06737	0.00757	0.00849	0.00572	0.00465	0.00315	0.00152	0.00382	0.00279	0.00322	0.00550
16	0.02355	0.00643	0.00757	0.04922	0.00960	0.00656	0.00558	0.10039	0.04213	0.01928	0.31508	0.05265	0.11150	0.00873	0.00513	0.00152	0.00311	0.04111	0.18571	0.00515
17	0.01141	0.01109	0.01802	0.28947	0.51825	0.03786	0.01442	0.01440	0.01083	0.01476	0.00902	0.01236	0.00733	0.00458	0.00487	0.00151	0.00617	0.00433	0.00235	0.00695
18	0.01248	0.01068	0.01125	0.01005	0.01288	0.01234	0.00784	0.05564	0.75782	0.02097	0.01968	0.01808	0.01474	0.00664	0.00500	0.00166	0.00395	0.00551	0.00500	0.00780
19	0.01739	0.02157	0.01388	0.01250	0.01480	0.69550	0.00949	0.03744	0.01356	0.01266	0.02621	0.00977	0.00734	0.00553	0.00556	0.00136	0.08368	0.00344	0.00262	0.00571
20	0.01378	0.01184	0.01583	0.14866	0.26254	0.07357	0.03917	0.11243	0.13630	0.08763	0.01201	0.01348	0.00909	0.00534	0.00517	0.00153	0.02579	0.00458	0.01404	0.00722
21	0.00907	0.00863	0.01355	0.01365	0.11656	0.05789	0.17850	0.01113	0.01065	0.01395	0.01956	0.39016	0.02150	0.01056	0.00593	0.00184	0.00504	0.10290	0.00369	0.00525
22	0.00699	0.00495	0.00653	0.00663	0.00705	0.00532	0.00454	0.00786	0.00767	0.01063	0.01540	0.09235	0.01657	0.40293	0.37672	0.00595	0.00840	0.00687	0.00295	0.00370
23	0.01210	0.26326	0.01423	0.00810	0.01106	0.03049	0.00691	0.06875	0.14562	0.09232	0.08761	0.02182	0.17411	0.00831	0.03322	0.00165	0.00447	0.00572	0.00400	0.00623
24	0.01379	0.32496	0.23577	0.01223	0.05092	0.25795	0.01173	0.01647	0.01135	0.01301	0.00772	0.00906	0.00636	0.00460	0.00404	0.00127	0.00694	0.00315	0.00224	0.00645
25	0.00854	0.00427	0.00640	0.00640	0.00640	0.00427	0.00427	0.00640	0.00640	0.00854	0.00854	0.01494	0.00854	0.01707	0.01921	0.85702	0.00427	0.00427	0.00213	0.00213
26	0.00615	0.00441	0.00595	0.00703	0.00739	0.00420	0.00484	0.00714	0.00944	0.01261	0.02629	0.73693	0.03119	0.01642	0.04851	0.00232	0.00349	0.05718	0.00446	0.00404
27	0.01107	0.01210	0.02547	0.07170	0.06520	0.01163	0.61127	0.01488	0.01129	0.01531	0.01090	0.01590	0.00883	0.00614	0.03961	0.00194	0.00803	0.04975	0.00259	0.00640
28	0.00890	0.01304	0.27825	0.01274	0.08789	0.00822	0.03301	0.01234	0.01092	0.01500	0.01946	0.06020	0.05881	0.00944	0.00579	0.00189	0.00552	0.34934	0.00345	0.00578
29	0.01348	0.01285	0.01640	0.12104	0.36857	0.10885	0.01223	0.12509	0.13863	0.01796	0.01108	0.01283	0.00870	0.00511	0.00485	0.00149	0.00592	0.00443	0.00318	0.00732
30	0.20192	0.01130	0.01486	0.01164	0.01499	0.04691	0.20547	0.16631	0.08581	0.05050	0.01371	0.03432	0.05077	0.06280	0.00619	0.00179	0.00550	0.00518	0.00366	0.00637
31	0.01225	0.01373	0.01003	0.00923	0.01105	0.37994	0.00694	0.01395	0.01354	0.01536	0.34099	0.02417	0.09709	0.00791	0.00537	0.00144	0.02172	0.00626	0.00392	0.00510
32	0.01355	0.01490	0.01492	0.01622	0.20311	0.28717	0.01065	0.01598	0.05624	0.01362	0.00885	0.01139	0.00764	0.00774	0.05741	0.00193	0.20110	0.00399	0.00259	0.05101
33	0.00583	0.00490	0.00506	0.00518	0.00669	0.00413	0.00382	0.00703	0.01101	0.01320	0.04734	0.13108	0.71244	0.01276	0.00586	0.00170	0.00253	0.01076	0.00456	0.00413
34	0.01240	0.01041	0.01570	0.20008	0.38821	0.04159	0.01220	0.03078	0.04594	0.09041	0.01171	0.04668	0.00951	0.00536	0.00484	0.00151	0.00552	0.00484	0.05541	0.00689
35	0.01313	0.00987	0.01074	0.00905	0.01186	0.01065	0.00720	0.27599	0.25896	0.06052	0.13205	0.02322	0.13986	0.00777	0.00521	0.00158	0.00397	0.00638	0.00501	0.00698
36	0.01649	0.01268	0.01352	0.01086	0.01441	0.01422	0.00881	0.52488	0.28204	0.02744	0.01458	0.01401	0.01061	0.00616	0.00494	0.00154	0.00489	0.00481	0.00494	0.00816
37	0.00959	0.02271	0.68048	0.01349	0.02005	0.01075	0.05655	0.01481	0.01065	0.01563	0.04650	0.01380	0.05276	0.00532	0.00484	0.00157	0.00682	0.00436	0.00239	0.00694
38	0.00655	0.00489	0.00621	0.00706	0.00796	0.00455	0.00540	0.00795	0.01047	0.01341	0.03259	0.38270	0.22739	0.01406	0.00631	0.00199	0.00328	0.24846	0.00455	0.00420
39	0.01071	0.00609	0.00794	0.00694	0.00879	0.00561	0.00538	0.04219	0.01430	0.19097	0.59432	0.03137	0.03742	0.00902	0.00558	0.00154	0.00285	0.00785	0.00554	0.00560
40	0.00927	0.01247	0.20996	0.01113	0.01463	0.00907	0.12996	0.01352	0.08664	0.03045	0.17328	0.02433	0.17314	0.00774	0.00625	0.00165	0.07029	0.00662	0.00366	0.00594
41	0.01422	0.02439	0.39782	0.01332	0.01815	0.41965	0.01372	0.01765	0.01220	0.01375	0.00819	0.00960	0.00628	0.00487	0.00455	0.00141	0.00808	0.00339	0.00231	0.00646
42	0.00937	0.00902	0.01228	0.01086	0.01119	0.01194	0.00886	0.01048	0.00833	0.01212	0.01586	0.08801	0.14327	0.01079	0.03981	0.00224	0.58156	0.00621	0.00279	0.00501
43	0.01135	0.01074	0.01820	0.42605	0.02733	0.01199	0.21679	0.11057	0.08619	0.01647	0.01051	0.01348	0.00782	0.00500	0.00516	0.00163	0.00662	0.00487	0.00287	0.00635
44	0.01184	0.01128	0.01918	0.06441	0.72746	0.01137	0.01470	0.01475	0.01113	0.01584	0.00997	0.01413	0.00864	0.00481	0.00495	0.00150	0.00581	0.03817	0.00251	0.00753
45	0.01068	0.01017	0.01728	0.43285	0.40551	0.01129	0.01435	0.01379	0.01049	0.01426	0.00898	0.01264	0.00715	0.00465	0.00489	0.00155	0.00620	0.00437	0.00230	0.00659
46	0.01052	0.01000	0.01698	0.47690	0.36272	0.01125	0.01427	0.01364	0.01041	0.01406	0.00895	0.01270	0.00708	0.00468	0.00489	0.00156	0.00624	0.00437	0.00229	0.00646
47	0.01001	0.00943	0.01593	0.53904	0.26597	0.01084	0.01368	0.01307	0.01022	0.01363	0.00971	0.04915	0.00809	0.00522	0.00496	0.00160	0.00617	0.00480	0.00237	0.00610
48	0.01424	0.07666	0.01506	0.40245	0.02362	0.01208	0.01099	0.21236	0.01400	0.15434	0.01122	0.01297	0.00797	0.00531	0.00478	0.00153	0.00574	0.00434	0.00356	0.00678

[dist]
# distance from previous block
# <min> <max>
9	23

# created by:
# /st0/software/busco_prod/Augustus/scripts/msa2prfl.pl ./align_prep/64681.fa
