[name]
unknown

[dist]
# distance from previous block
# <min> <max>
0	23

[block]
# block no. 0 follows, 48 sequences, length 11
# corresponding to MSA columns:
# 23-33
name=unknown_A
#
# <colnr> <probs for GDERKNQSTAVLIFYWHMCP>
#	G	D	E	R	K	N	Q	S	T	A	V	L	I	F	Y	W	H	M	C	P
0	0.00827	0.00591	0.00827	0.00945	0.01063	0.00591	0.00827	0.01063	0.01181	0.01536	0.02717	0.05788	0.02953	0.01417	0.00709	0.00236	0.00472	0.75313	0.00472	0.00472
1	0.01064	0.00912	0.01064	0.00760	0.01216	0.00684	0.00608	0.01292	0.01064	0.01672	0.00912	0.01064	0.00760	0.00380	0.00380	0.00076	0.00380	0.00304	0.00304	0.85104
2	0.00969	0.00912	0.01539	0.80734	0.03534	0.01140	0.01425	0.01311	0.01026	0.01311	0.00912	0.01368	0.00684	0.00513	0.00513	0.00171	0.00684	0.00456	0.00228	0.00570
3	0.68406	0.00973	0.00827	0.00704	0.01045	0.01061	0.00577	0.01555	0.00943	0.07985	0.00838	0.00932	0.00636	0.00476	0.00341	0.00148	0.00398	0.00299	0.00340	0.11518
4	0.01231	0.01180	0.02013	0.13072	0.69145	0.01209	0.01556	0.01541	0.01150	0.01630	0.00958	0.01282	0.00796	0.00464	0.00509	0.00155	0.00619	0.00457	0.00251	0.00782
5	0.01008	0.00952	0.01609	0.70696	0.13268	0.01150	0.01444	0.01345	0.01044	0.01358	0.00919	0.01355	0.00701	0.00506	0.00512	0.00169	0.00674	0.00456	0.00231	0.00601
6	0.00969	0.00912	0.01539	0.80734	0.03534	0.01140	0.01425	0.01311	0.01026	0.01311	0.00912	0.01368	0.00684	0.00513	0.00513	0.00171	0.00684	0.00456	0.00228	0.00570
7	0.01812	0.00960	0.01185	0.00961	0.01255	0.03826	0.00782	0.09327	0.01419	0.45045	0.04922	0.04967	0.08367	0.00779	0.00693	0.00170	0.11657	0.00597	0.00529	0.00747
8	0.01916	0.07326	0.01320	0.00972	0.01337	0.18364	0.00787	0.02133	0.03551	0.42354	0.01661	0.01554	0.04127	0.00597	0.00479	0.00141	0.00539	0.00458	0.00476	0.09907
9	0.01049	0.17674	0.10919	0.00959	0.01229	0.01183	0.00891	0.01353	0.06730	0.04046	0.12020	0.02310	0.18027	0.00837	0.00764	0.00168	0.18271	0.00615	0.00357	0.00596
10	0.01146	0.33666	0.06863	0.00881	0.01221	0.01335	0.00814	0.07019	0.11991	0.01573	0.02102	0.08116	0.16810	0.00792	0.00476	0.00151	0.00464	0.03585	0.00365	0.00632

[dist]
# distance from previous block
# <min> <max>
4	9

[block]
# block no. 1 follows, 48 sequences, length 12
# corresponding to MSA columns:
# 43-54
name=unknown_B
#
# <colnr> <probs for GDERKNQSTAVLIFYWHMCP>
#	G	D	E	R	K	N	Q	S	T	A	V	L	I	F	Y	W	H	M	C	P
0	0.01173	0.23921	0.02012	0.23263	0.02132	0.01435	0.12426	0.01553	0.08575	0.01436	0.00965	0.01218	0.00783	0.00528	0.00591	0.00152	0.09290	0.00426	0.00265	0.07855
1	0.17772	0.01426	0.16064	0.12543	0.02149	0.01221	0.23764	0.04576	0.05990	0.05387	0.01043	0.01254	0.00771	0.00511	0.00538	0.00168	0.03379	0.00462	0.00301	0.00679
2	0.01469	0.01250	0.01729	0.01342	0.01735	0.01322	0.19820	0.23325	0.30971	0.04572	0.01518	0.01538	0.01121	0.00589	0.00532	0.00162	0.00565	0.00536	0.00445	0.05459
3	0.01444	0.01121	0.01227	0.01002	0.01329	0.01208	0.00802	0.34159	0.23970	0.02550	0.15630	0.01891	0.01791	0.00696	0.00520	0.00154	0.00441	0.00566	0.00505	0.08993
4	0.01271	0.01203	0.01954	0.02855	0.67931	0.01227	0.01468	0.01736	0.11898	0.01742	0.01122	0.01360	0.00918	0.00491	0.00510	0.00155	0.00581	0.00474	0.00292	0.00813
5	0.01011	0.00955	0.01615	0.69877	0.14062	0.01151	0.01446	0.01348	0.01046	0.01362	0.00919	0.01354	0.00702	0.00505	0.00512	0.00168	0.00674	0.00456	0.00232	0.00604
6	0.01435	0.01146	0.02175	0.12713	0.02320	0.01082	0.40106	0.01777	0.01235	0.20921	0.01254	0.01442	0.00886	0.00489	0.00549	0.00160	0.00687	0.00534	0.00353	0.08736
7	0.01024	0.00968	0.01639	0.66494	0.17342	0.01155	0.01452	0.01359	0.01052	0.01378	0.00922	0.01350	0.00708	0.00503	0.00512	0.00168	0.00670	0.00456	0.00233	0.00615
8	0.09736	0.01480	0.01371	0.01146	0.01482	0.22682	0.05351	0.12722	0.20570	0.16169	0.01411	0.01384	0.01025	0.00592	0.00489	0.00155	0.00602	0.00456	0.00436	0.00741
9	0.09734	0.01474	0.01324	0.01101	0.01428	0.17830	0.00874	0.40485	0.05585	0.05054	0.01316	0.09072	0.01093	0.00686	0.00498	0.00156	0.00586	0.00522	0.00443	0.00737
10	0.00956	0.00713	0.00956	0.00890	0.01040	0.00816	0.00703	0.14891	0.01116	0.01566	0.01348	0.01872	0.01207	0.03255	0.65357	0.00702	0.01226	0.00534	0.00319	0.00534
11	0.01657	0.01238	0.01640	0.01271	0.01663	0.01309	0.14840	0.31690	0.21336	0.13307	0.01630	0.01603	0.03101	0.00623	0.00535	0.00164	0.00553	0.00542	0.00485	0.00813

[dist]
# distance from previous block
# <min> <max>
0	11

[block]
# block no. 2 follows, 48 sequences, length 29
# corresponding to MSA columns:
# 66-94
name=unknown_C
#
# <colnr> <probs for GDERKNQSTAVLIFYWHMCP>
#	G	D	E	R	K	N	Q	S	T	A	V	L	I	F	Y	W	H	M	C	P
0	0.03058	0.01366	0.01527	0.01387	0.10396	0.03654	0.01017	0.50078	0.14429	0.02731	0.01299	0.01328	0.00960	0.00617	0.00555	0.00159	0.03671	0.00474	0.00464	0.00831
1	0.05177	0.01412	0.01500	0.01158	0.01562	0.01567	0.00955	0.72341	0.04165	0.03172	0.01232	0.01233	0.00877	0.00612	0.00506	0.00155	0.00554	0.00458	0.00506	0.00859
2	0.01209	0.01177	0.01528	0.60973	0.03050	0.11729	0.01315	0.10111	0.01243	0.01524	0.00933	0.01293	0.00703	0.00527	0.00506	0.00164	0.00703	0.00440	0.00266	0.00608
3	0.01044	0.00988	0.01674	0.61443	0.22240	0.01160	0.01462	0.01377	0.01061	0.01402	0.00925	0.01344	0.00716	0.00499	0.00512	0.00166	0.00665	0.00456	0.00234	0.00630
4	0.01079	0.01090	0.01199	0.01077	0.01165	0.13733	0.00858	0.01225	0.01014	0.01345	0.11546	0.01915	0.06272	0.02975	0.17081	0.00324	0.34715	0.00560	0.00304	0.00523
5	0.01302	0.01097	0.01058	0.00898	0.01182	0.07702	0.00711	0.29919	0.10471	0.02161	0.02969	0.02850	0.33753	0.00907	0.00549	0.00163	0.00448	0.00727	0.00478	0.00656
6	0.01349	0.01301	0.01781	0.25022	0.37909	0.10285	0.01384	0.11650	0.01327	0.01731	0.00966	0.01254	0.00766	0.00503	0.00505	0.00156	0.00661	0.00443	0.00282	0.00726
7	0.01812	0.01351	0.11658	0.01046	0.01445	0.10025	0.00936	0.13745	0.04813	0.36477	0.03503	0.03442	0.06052	0.00674	0.00516	0.00158	0.00536	0.00536	0.00498	0.00777
8	0.01102	0.19602	0.63000	0.01338	0.02028	0.01370	0.01679	0.01606	0.01075	0.01536	0.00877	0.01028	0.00652	0.00477	0.00454	0.00151	0.00714	0.00357	0.00217	0.00737
9	0.01396	0.59181	0.14353	0.01009	0.01493	0.01842	0.01048	0.11652	0.01232	0.01543	0.00815	0.00918	0.00686	0.00470	0.00378	0.00124	0.00583	0.00316	0.00258	0.00703
10	0.20631	0.01077	0.01137	0.00936	0.01277	0.02368	0.00758	0.19036	0.17204	0.22883	0.06354	0.01578	0.01296	0.00632	0.00477	0.00161	0.00446	0.00486	0.00503	0.00760
11	0.00746	0.00497	0.00560	0.00560	0.00560	0.00497	0.00311	0.00746	0.00746	0.00995	0.01617	0.03358	0.01865	0.81967	0.02612	0.00497	0.00497	0.00746	0.00311	0.00311
12	0.01762	0.01559	0.01898	0.01444	0.01862	0.11987	0.19856	0.48278	0.01986	0.02574	0.01125	0.01229	0.00821	0.00559	0.00529	0.00156	0.00688	0.00480	0.00417	0.00791
13	0.01181	0.01219	0.02107	0.01646	0.01971	0.06118	0.38988	0.04920	0.01214	0.01607	0.01397	0.02406	0.01301	0.00758	0.00771	0.00193	0.12127	0.19135	0.00319	0.00621
14	0.01195	0.01143	0.01948	0.22440	0.60060	0.01199	0.01537	0.01509	0.01133	0.01585	0.00952	0.01294	0.00781	0.00471	0.00509	0.00157	0.00628	0.00457	0.00248	0.00752
15	0.01205	0.01293	0.01518	0.60989	0.03050	0.20725	0.01317	0.01494	0.01132	0.01297	0.00882	0.01258	0.00678	0.00517	0.00500	0.00161	0.00744	0.00425	0.00237	0.00576
16	0.00874	0.00470	0.00507	0.00537	0.00634	0.00463	0.00388	0.01076	0.01053	0.01763	0.01961	0.21735	0.01832	0.00849	0.00432	0.00142	0.00254	0.00722	0.63845	0.00463
17	0.00673	0.00507	0.00629	0.00705	0.00781	0.00481	0.00491	0.00867	0.05878	0.01424	0.07636	0.58075	0.15432	0.01464	0.00637	0.00198	0.00299	0.02888	0.00484	0.00449
18	0.01688	0.06266	0.01337	0.01091	0.01397	0.26597	0.00862	0.02312	0.28706	0.18291	0.01603	0.01671	0.01220	0.00647	0.00499	0.00156	0.00592	0.03890	0.00443	0.00730
19	0.00891	0.00446	0.00668	0.00668	0.00668	0.00446	0.00446	0.00668	0.00668	0.00891	0.00891	0.01560	0.00891	0.01783	0.02005	0.85071	0.00446	0.00446	0.00223	0.00223
20	0.00746	0.00497	0.00560	0.00560	0.00560	0.00497	0.00311	0.00746	0.00746	0.00995	0.01617	0.03358	0.01865	0.81967	0.02612	0.00497	0.00497	0.00746	0.00311	0.00311
21	0.01128	0.01093	0.01942	0.22882	0.29788	0.01169	0.16705	0.01447	0.01115	0.01568	0.04037	0.01446	0.00949	0.00533	0.00617	0.00166	0.06974	0.00506	0.05261	0.00672
22	0.01154	0.02003	0.46841	0.05057	0.06525	0.01199	0.01515	0.10363	0.11500	0.01848	0.01235	0.06301	0.00982	0.00600	0.00508	0.00166	0.00648	0.00492	0.00311	0.00752
23	0.00733	0.00550	0.00825	0.00825	0.00916	0.00641	0.00641	0.00916	0.00825	0.01191	0.01374	0.02016	0.01283	0.03848	0.79934	0.00825	0.01374	0.00550	0.00275	0.00458
24	0.01203	0.01025	0.01097	0.00991	0.01258	0.01170	0.00768	0.02491	0.67621	0.02135	0.12309	0.02171	0.02004	0.00743	0.00533	0.00172	0.00384	0.00627	0.00528	0.00768
25	0.01399	0.01314	0.01220	0.01091	0.01382	0.12837	0.00845	0.05823	0.63379	0.02062	0.01861	0.01740	0.01404	0.00668	0.00513	0.00167	0.00489	0.00538	0.00484	0.00783
26	0.01088	0.10490	0.11761	0.00915	0.01395	0.00919	0.02930	0.01364	0.01074	0.01605	0.00976	0.01264	0.00835	0.00450	0.00410	0.00101	0.00468	0.03754	0.00289	0.57912
27	0.01304	0.66618	0.17757	0.00993	0.01495	0.01865	0.01078	0.01554	0.01051	0.01289	0.00754	0.00874	0.00657	0.00449	0.00360	0.00120	0.00590	0.00295	0.00219	0.00678
28	0.01206	0.43632	0.39876	0.01162	0.01756	0.01623	0.01372	0.01579	0.01062	0.01410	0.00814	0.00949	0.00654	0.00463	0.00406	0.00135	0.00650	0.00325	0.00218	0.00707

[dist]
# distance from previous block
# <min> <max>
0	1

[block]
# block no. 3 follows, 48 sequences, length 127
# corresponding to MSA columns:
# 96-144,147-224
name=unknown_D
#
# <colnr> <probs for GDERKNQSTAVLIFYWHMCP>
#	G	D	E	R	K	N	Q	S	T	A	V	L	I	F	Y	W	H	M	C	P
0	0.01234	0.39545	0.30933	0.01288	0.01853	0.03285	0.12245	0.01596	0.01091	0.01425	0.00838	0.01002	0.00673	0.00458	0.00430	0.00139	0.00680	0.00362	0.00225	0.00699
1	0.01211	0.01054	0.01133	0.01038	0.01300	0.03024	0.02051	0.02427	0.63673	0.02013	0.02139	0.07864	0.01764	0.00806	0.00545	0.00180	0.00423	0.06098	0.00505	0.00752
2	0.00625	0.00447	0.00595	0.00714	0.00744	0.00417	0.00476	0.00714	0.00982	0.01310	0.02828	0.81633	0.03394	0.01608	0.00655	0.00208	0.00298	0.01459	0.00476	0.00417
3	0.85592	0.00992	0.00754	0.00675	0.00992	0.01151	0.00556	0.01508	0.00873	0.02302	0.00714	0.00834	0.00556	0.00476	0.00318	0.00159	0.00397	0.00278	0.00318	0.00556
4	0.01064	0.00912	0.01064	0.00760	0.01216	0.00684	0.00608	0.01292	0.01064	0.01672	0.00912	0.01064	0.00760	0.00380	0.00380	0.00076	0.00380	0.00304	0.00304	0.85104
5	0.01238	0.51157	0.32634	0.01106	0.01670	0.01703	0.01276	0.01571	0.01058	0.01370	0.00794	0.00925	0.00655	0.00458	0.00391	0.00130	0.00631	0.00315	0.00218	0.00697
6	0.79506	0.00984	0.00786	0.00692	0.01016	0.01122	0.00570	0.01581	0.00917	0.07915	0.00810	0.00900	0.00608	0.00488	0.00332	0.00159	0.00400	0.00295	0.00341	0.00579
7	0.00827	0.00591	0.00827	0.00945	0.01063	0.00591	0.00827	0.01063	0.01181	0.01536	0.02717	0.05788	0.02953	0.01417	0.00709	0.00236	0.00472	0.75313	0.00472	0.00472
8	0.01029	0.02654	0.79309	0.01462	0.02221	0.01192	0.01896	0.01625	0.01083	0.01625	0.00921	0.01083	0.00650	0.00487	0.00487	0.00162	0.00758	0.00379	0.00217	0.00758
9	0.01218	0.01166	0.01988	0.16652	0.65673	0.01205	0.01549	0.01529	0.01144	0.01613	0.00956	0.01287	0.00790	0.00467	0.00509	0.00156	0.00623	0.00457	0.00249	0.00771
10	0.00746	0.00497	0.00560	0.00560	0.00560	0.00497	0.00311	0.00746	0.00746	0.00995	0.01617	0.03358	0.01865	0.81967	0.02612	0.00497	0.00497	0.00746	0.00311	0.00311
11	0.00956	0.00478	0.00478	0.00478	0.00598	0.00478	0.00359	0.01196	0.01076	0.01913	0.01674	0.01913	0.01315	0.00598	0.00359	0.00120	0.00239	0.00478	0.84816	0.00478
12	0.01025	0.06112	0.54151	0.01465	0.07556	0.01123	0.04100	0.01503	0.01092	0.01588	0.01198	0.07035	0.01039	0.00628	0.00509	0.00167	0.00674	0.05821	0.02511	0.00704
13	0.01360	0.79629	0.05237	0.00897	0.01347	0.02002	0.00912	0.01539	0.01044	0.01221	0.00720	0.00832	0.00658	0.00441	0.00334	0.00111	0.00556	0.00278	0.00219	0.00662
14	0.00609	0.00520	0.00523	0.00522	0.00695	0.00434	0.00392	0.00741	0.01175	0.01400	0.06677	0.04916	0.77071	0.01294	0.00606	0.00173	0.00260	0.01080	0.00478	0.00434
15	0.79542	0.00956	0.00734	0.00661	0.00964	0.01103	0.00542	0.01486	0.00888	0.02274	0.00783	0.00911	0.00610	0.00485	0.00320	0.00156	0.00386	0.00292	0.06358	0.00550
16	0.00732	0.00523	0.00680	0.00641	0.00762	0.00484	0.00481	0.00974	0.01442	0.02054	0.76450	0.03782	0.04748	0.01037	0.00599	0.00160	0.00242	0.00916	0.02809	0.00484
17	0.01129	0.13793	0.64761	0.01361	0.02057	0.01311	0.01703	0.03641	0.01121	0.03285	0.00924	0.01065	0.00671	0.00487	0.00467	0.00155	0.00717	0.00370	0.00234	0.00750
18	0.01064	0.00912	0.01064	0.00760	0.01216	0.00684	0.00608	0.01292	0.01064	0.01672	0.00912	0.01064	0.00760	0.00380	0.00380	0.00076	0.00380	0.00304	0.00304	0.85104
19	0.01095	0.02567	0.73750	0.01442	0.02176	0.01220	0.01830	0.07017	0.01178	0.01740	0.00943	0.01094	0.00666	0.00497	0.00489	0.00162	0.00744	0.00385	0.00238	0.00766
20	0.01800	0.19517	0.01718	0.01227	0.01529	0.63253	0.00967	0.01939	0.01366	0.01245	0.00776	0.00903	0.00660	0.00510	0.00434	0.00127	0.00845	0.00318	0.00255	0.00608
21	0.00669	0.00522	0.00606	0.00585	0.00731	0.00460	0.00439	0.00857	0.01316	0.01734	0.43212	0.04365	0.40328	0.01170	0.00606	0.00167	0.00251	0.01003	0.00522	0.00460
22	0.01114	0.00610	0.00810	0.00711	0.00900	0.00551	0.00551	0.01346	0.01456	0.21037	0.59662	0.03319	0.03962	0.00947	0.00583	0.00161	0.00290	0.00826	0.00582	0.00580
23	0.00827	0.00591	0.00827	0.00945	0.01063	0.00591	0.00827	0.01063	0.01181	0.01536	0.02717	0.05788	0.02953	0.01417	0.00709	0.00236	0.00472	0.75313	0.00472	0.00472
24	0.00625	0.00447	0.00595	0.00714	0.00744	0.00417	0.00476	0.00714	0.00982	0.01310	0.02828	0.81633	0.03394	0.01608	0.00655	0.00208	0.00298	0.01459	0.00476	0.00417
25	0.00726	0.00524	0.00686	0.00646	0.00767	0.00484	0.00484	0.00968	0.01452	0.02058	0.78496	0.03833	0.04841	0.01049	0.00605	0.00161	0.00242	0.00928	0.00565	0.00484
26	0.00622	0.00457	0.00584	0.00686	0.00737	0.00419	0.00464	0.00718	0.01009	0.01321	0.03171	0.70546	0.14259	0.01563	0.00648	0.00203	0.00292	0.01404	0.00476	0.00419
27	0.02302	0.00873	0.01191	0.00913	0.01310	0.00754	0.00754	0.02501	0.01469	0.79122	0.02024	0.01746	0.01270	0.00635	0.00516	0.00159	0.00437	0.00516	0.00635	0.00873
28	0.00734	0.00546	0.00805	0.00805	0.00890	0.00631	0.00617	0.00904	0.00819	0.01177	0.01392	0.02114	0.01325	0.09556	0.74284	0.00801	0.01310	0.00564	0.00278	0.00447
29	0.01270	0.01219	0.02083	0.03149	0.78767	0.01219	0.01575	0.01575	0.01168	0.01676	0.00965	0.01270	0.00813	0.00457	0.00508	0.00152	0.00610	0.00457	0.00254	0.00813
30	0.00827	0.00591	0.00827	0.00945	0.01063	0.00591	0.00827	0.01063	0.01181	0.01536	0.02717	0.05788	0.02953	0.01417	0.00709	0.00236	0.00472	0.75313	0.00472	0.00472
31	0.67698	0.01303	0.00904	0.00813	0.01119	0.17993	0.00649	0.01624	0.00997	0.02078	0.00731	0.00853	0.00578	0.00488	0.00349	0.00153	0.00510	0.00289	0.00306	0.00564
32	0.02302	0.00873	0.01191	0.00913	0.01310	0.00754	0.00754	0.02501	0.01469	0.79122	0.02024	0.01746	0.01270	0.00635	0.00516	0.00159	0.00437	0.00516	0.00635	0.00873
33	0.01236	0.01122	0.01548	0.11702	0.30210	0.01238	0.01170	0.02126	0.39994	0.01869	0.01528	0.01609	0.01179	0.00585	0.00516	0.00166	0.00516	0.00519	0.00387	0.00782
34	0.01159	0.01283	0.02709	0.18965	0.02864	0.01264	0.60762	0.01572	0.01171	0.01572	0.01011	0.01381	0.00758	0.00450	0.00586	0.00173	0.00826	0.00574	0.00253	0.00666
35	0.00827	0.00591	0.00827	0.00945	0.01063	0.00591	0.00827	0.01063	0.01181	0.01536	0.02717	0.05788	0.02953	0.01417	0.00709	0.00236	0.00472	0.75313	0.00472	0.00472
36	0.85592	0.00992	0.00754	0.00675	0.00992	0.01151	0.00556	0.01508	0.00873	0.02302	0.00714	0.00834	0.00556	0.00476	0.00318	0.00159	0.00397	0.00278	0.00318	0.00556
37	0.00744	0.00505	0.00598	0.00598	0.00611	0.00518	0.00359	0.00771	0.00758	0.01023	0.01582	0.03164	0.01781	0.70675	0.13788	0.00545	0.00624	0.00718	0.00306	0.00332
38	0.00746	0.00497	0.00560	0.00560	0.00560	0.00497	0.00311	0.00746	0.00746	0.00995	0.01617	0.03358	0.01865	0.81967	0.02612	0.00497	0.00497	0.00746	0.00311	0.00311
39	0.01618	0.01272	0.01353	0.01113	0.01464	0.01436	0.00895	0.40383	0.39627	0.02697	0.01654	0.01569	0.01215	0.00656	0.00518	0.00164	0.00486	0.00520	0.00518	0.00843
40	0.01161	0.01289	0.02749	0.06012	0.05517	0.01226	0.64951	0.01560	0.01184	0.01605	0.01153	0.06940	0.00956	0.00519	0.00601	0.00175	0.00807	0.00652	0.00273	0.00672
41	0.01506	0.01195	0.01788	0.03029	0.04916	0.01243	0.21853	0.30711	0.04587	0.07614	0.01294	0.01466	0.00967	0.00880	0.08391	0.00225	0.00694	0.00519	0.06379	0.00743
42	0.01029	0.02654	0.79309	0.01462	0.02221	0.01192	0.01896	0.01625	0.01083	0.01625	0.00921	0.01083	0.00650	0.00487	0.00487	0.00162	0.00758	0.00379	0.00217	0.00758
43	0.00870	0.00453	0.00653	0.00653	0.00653	0.00453	0.00426	0.00680	0.00680	0.00906	0.00996	0.01820	0.01032	0.13373	0.02093	0.72846	0.00453	0.00489	0.00236	0.00236
44	0.00688	0.00528	0.00786	0.00814	0.00894	0.00494	0.05787	0.00829	0.01074	0.01450	0.13637	0.61907	0.03405	0.01438	0.00646	0.00200	0.00336	0.04164	0.00474	0.00448
45	0.01249	0.01198	0.02045	0.08526	0.73553	0.01214	0.01564	0.01556	0.01158	0.01651	0.00961	0.01277	0.00804	0.00461	0.00508	0.00154	0.00615	0.00457	0.00252	0.00796
46	0.79542	0.00956	0.00734	0.00661	0.00964	0.01103	0.00542	0.01486	0.00888	0.02274	0.00783	0.00911	0.00610	0.00485	0.00320	0.00156	0.00386	0.00292	0.06358	0.00550
47	0.00625	0.00447	0.00595	0.00714	0.00744	0.00417	0.00476	0.00714	0.00982	0.01310	0.02828	0.81633	0.03394	0.01608	0.00655	0.00208	0.00298	0.01459	0.00476	0.00417
48	0.01366	0.01142	0.01209	0.01062	0.01367	0.01310	0.00836	0.13441	0.65569	0.02293	0.01976	0.01885	0.01491	0.00697	0.00524	0.00172	0.00430	0.01896	0.00520	0.00815
49	0.01190	0.39998	0.43373	0.01188	0.01797	0.01585	0.01418	0.01583	0.01064	0.01429	0.00824	0.00961	0.00654	0.00465	0.00413	0.00138	0.00660	0.00330	0.00218	0.00711
50	0.00638	0.00464	0.00602	0.00688	0.00743	0.00428	0.00470	0.00753	0.01066	0.01424	0.13968	0.63850	0.10010	0.01501	0.00644	0.00199	0.00286	0.01350	0.00489	0.00428
51	0.01088	0.14284	0.29396	0.01508	0.02027	0.01247	0.27697	0.01486	0.01107	0.01521	0.01205	0.12791	0.01093	0.00623	0.00528	0.00165	0.00696	0.00598	0.00270	0.00670
52	0.00956	0.00478	0.00478	0.00478	0.00598	0.00478	0.00359	0.01196	0.01076	0.01913	0.01674	0.01913	0.01315	0.00598	0.00359	0.00120	0.00239	0.00478	0.84816	0.00478
53	0.01372	0.82276	0.02689	0.00878	0.01317	0.02030	0.00878	0.01536	0.01043	0.01207	0.00713	0.00823	0.00658	0.00439	0.00329	0.00110	0.00549	0.00274	0.00219	0.00658
54	0.01762	0.01344	0.01434	0.01142	0.01519	0.01503	0.00930	0.56278	0.23497	0.02930	0.01471	0.01423	0.01067	0.00638	0.00516	0.00160	0.00520	0.00495	0.00516	0.00856
55	0.01782	0.00892	0.01119	0.00881	0.01248	0.00808	0.00713	0.04494	0.11495	0.45642	0.07226	0.01888	0.04028	0.00650	0.00503	0.00147	0.00408	0.00535	0.00551	0.14990
56	0.03622	0.01027	0.01329	0.01273	0.12511	0.01014	0.00896	0.17690	0.06874	0.36523	0.04632	0.03073	0.02808	0.00663	0.00520	0.00159	0.00472	0.02151	0.00523	0.02241
57	0.01249	0.01198	0.02045	0.08526	0.73553	0.01214	0.01564	0.01556	0.01158	0.01651	0.00961	0.01277	0.00804	0.00461	0.00508	0.00154	0.00615	0.00457	0.00252	0.00796
58	0.00756	0.00541	0.00738	0.00812	0.00912	0.00524	0.00656	0.00962	0.01214	0.01633	0.23923	0.21461	0.03575	0.01355	0.00668	0.00209	0.00371	0.38726	0.00499	0.00464
59	0.01013	0.01026	0.02024	0.13009	0.02160	0.01001	0.40252	0.01368	0.01266	0.01735	0.27110	0.02207	0.02133	0.00652	0.00592	0.00169	0.00629	0.00693	0.00358	0.00604
60	0.01178	0.01093	0.06341	0.00858	0.01089	0.12200	0.00711	0.14331	0.01484	0.02044	0.27352	0.06214	0.02390	0.00786	0.00507	0.00149	0.00434	0.00648	0.19611	0.00581
61	0.01249	0.01198	0.02045	0.08526	0.73553	0.01214	0.01564	0.01556	0.01158	0.01651	0.00961	0.01277	0.00804	0.00461	0.00508	0.00154	0.00615	0.00457	0.00252	0.00796
62	0.00625	0.00448	0.00594	0.00710	0.00743	0.00417	0.00474	0.00715	0.00986	0.01311	0.02878	0.80022	0.04972	0.01601	0.00654	0.00208	0.00297	0.01451	0.00476	0.00417
63	0.07450	0.58848	0.19377	0.00991	0.01492	0.01782	0.01078	0.01554	0.01039	0.01379	0.00759	0.00881	0.00649	0.00452	0.00363	0.00125	0.00584	0.00298	0.00226	0.00673
64	0.00760	0.00566	0.00844	0.00835	0.00917	0.00666	0.00648	0.00912	0.00812	0.01172	0.01312	0.01948	0.01231	0.03584	0.71330	0.06639	0.04571	0.00538	0.00269	0.00446
65	0.00643	0.00454	0.00590	0.00692	0.00718	0.00428	0.00452	0.00719	0.00948	0.01264	0.02653	0.70318	0.03173	0.13223	0.00938	0.00250	0.00327	0.01356	0.00452	0.00401
66	0.00986	0.00912	0.01528	0.56011	0.15929	0.01081	0.01337	0.01299	0.01021	0.01356	0.00988	0.01445	0.00792	0.00986	0.11992	0.00262	0.00771	0.00470	0.00239	0.00595
67	0.05120	0.01639	0.01458	0.01179	0.01541	0.20677	0.00947	0.52040	0.04604	0.02656	0.01141	0.01176	0.00839	0.00592	0.00491	0.00149	0.00635	0.00427	0.01905	0.00784
68	0.00737	0.00573	0.00656	0.00682	0.00823	0.00532	0.00518	0.06067	0.01205	0.01515	0.03902	0.26175	0.41235	0.01355	0.00628	0.00191	0.00322	0.11940	0.00478	0.00465
69	0.00625	0.00447	0.00595	0.00714	0.00744	0.00417	0.00476	0.00714	0.00982	0.01310	0.02828	0.81633	0.03394	0.01608	0.00655	0.00208	0.00298	0.01459	0.00476	0.00417
70	0.01879	0.07978	0.01540	0.01291	0.01568	0.74510	0.00984	0.02013	0.01426	0.01252	0.00788	0.00918	0.00661	0.00523	0.00453	0.00131	0.00899	0.00327	0.00261	0.00599
71	0.01372	0.82276	0.02689	0.00878	0.01317	0.02030	0.00878	0.01536	0.01043	0.01207	0.00713	0.00823	0.00658	0.00439	0.00329	0.00110	0.00549	0.00274	0.00219	0.00658
72	0.01158	0.00936	0.01093	0.00787	0.01238	0.00732	0.00632	0.05073	0.01147	0.04911	0.00973	0.01100	0.00786	0.00402	0.00392	0.00083	0.00391	0.00320	0.00328	0.77516
73	0.01815	0.02292	0.01682	0.01443	0.01745	0.68545	0.11964	0.01990	0.01419	0.01312	0.00829	0.00992	0.00678	0.00515	0.00483	0.00138	0.00917	0.00370	0.00264	0.00609
74	0.01517	0.01239	0.01226	0.01030	0.01323	0.09960	0.00814	0.36013	0.12963	0.04072	0.11869	0.09504	0.04617	0.00796	0.00538	0.00161	0.00499	0.00646	0.00491	0.00721
75	0.00746	0.00497	0.00560	0.00560	0.00560	0.00497	0.00311	0.00746	0.00746	0.00995	0.01617	0.03358	0.01865	0.81967	0.02612	0.00497	0.00497	0.00746	0.00311	0.00311
76	0.01270	0.01219	0.02083	0.03149	0.78767	0.01219	0.01575	0.01575	0.01168	0.01676	0.00965	0.01270	0.00813	0.00457	0.00508	0.00152	0.00610	0.00457	0.00254	0.00813
77	0.07273	0.01071	0.01151	0.00965	0.01269	0.01151	0.00793	0.42091	0.03476	0.02512	0.05250	0.02667	0.15688	0.00868	0.00549	0.00170	0.00467	0.11405	0.00489	0.00695
78	0.00606	0.00520	0.00520	0.00520	0.00693	0.00433	0.00390	0.00736	0.01170	0.01386	0.05198	0.04938	0.78558	0.01299	0.00606	0.00173	0.00260	0.01083	0.00476	0.00433
79	0.00735	0.00542	0.00786	0.00786	0.00865	0.00621	0.00594	0.00892	0.00813	0.01163	0.01409	0.02210	0.01367	0.15140	0.68757	0.00777	0.01248	0.00578	0.00280	0.00437
80	0.00969	0.00912	0.01539	0.80734	0.03534	0.01140	0.01425	0.01311	0.01026	0.01311	0.00912	0.01368	0.00684	0.00513	0.00513	0.00171	0.00684	0.00456	0.00228	0.00570
81	0.00733	0.00550	0.00825	0.00825	0.00916	0.00641	0.00641	0.00916	0.00825	0.01191	0.01374	0.02016	0.01283	0.03848	0.79934	0.00825	0.01374	0.00550	0.00275	0.00458
82	0.14328	0.00912	0.01141	0.00889	0.01275	0.00843	0.00734	0.05164	0.01418	0.65161	0.01805	0.01595	0.01152	0.00611	0.00487	0.00159	0.00436	0.00480	0.00585	0.00827
83	0.00733	0.00550	0.00825	0.00825	0.00916	0.00641	0.00641	0.00916	0.00825	0.01191	0.01374	0.02016	0.01283	0.03848	0.79934	0.00825	0.01374	0.00550	0.00275	0.00458
84	0.01372	0.82276	0.02689	0.00878	0.01317	0.02030	0.00878	0.01536	0.01043	0.01207	0.00713	0.00823	0.00658	0.00439	0.00329	0.00110	0.00549	0.00274	0.00219	0.00658
85	0.00746	0.00497	0.00560	0.00560	0.00560	0.00497	0.00311	0.00746	0.00746	0.00995	0.01617	0.03358	0.01865	0.81967	0.02612	0.00497	0.00497	0.00746	0.00311	0.00311
86	0.02302	0.00873	0.01191	0.00913	0.01310	0.00754	0.00754	0.02501	0.01469	0.79122	0.02024	0.01746	0.01270	0.00635	0.00516	0.00159	0.00437	0.00516	0.00635	0.00873
87	0.01121	0.01068	0.01814	0.41428	0.41648	0.01180	0.01501	0.01445	0.01098	0.01496	0.00939	0.01318	0.00749	0.00485	0.00510	0.00162	0.00646	0.00457	0.00241	0.00693
88	0.01372	0.82276	0.02689	0.00878	0.01317	0.02030	0.00878	0.01536	0.01043	0.01207	0.00713	0.00823	0.00658	0.00439	0.00329	0.00110	0.00549	0.00274	0.00219	0.00658
89	0.01615	0.01330	0.01808	0.02152	0.39668	0.01408	0.01271	0.39815	0.01799	0.02465	0.01100	0.01251	0.00843	0.00538	0.00511	0.00153	0.00587	0.00460	0.00385	0.00843
90	0.01372	0.82276	0.02689	0.00878	0.01317	0.02030	0.00878	0.01536	0.01043	0.01207	0.00713	0.00823	0.00658	0.00439	0.00329	0.00110	0.00549	0.00274	0.00219	0.00658
91	0.01211	0.01384	0.03028	0.02163	0.02682	0.01298	0.76903	0.01644	0.01211	0.01644	0.01038	0.01384	0.00779	0.00433	0.00606	0.00173	0.00865	0.00606	0.00260	0.00692
92	0.00969	0.00912	0.01539	0.80734	0.03534	0.01140	0.01425	0.01311	0.01026	0.01311	0.00912	0.01368	0.00684	0.00513	0.00513	0.00171	0.00684	0.00456	0.00228	0.00570
93	0.01812	0.01303	0.01392	0.01082	0.01452	0.01436	0.00889	0.66458	0.02226	0.03049	0.01294	0.01327	0.00934	0.00613	0.00492	0.00149	0.00519	0.00464	0.12291	0.00818
94	0.00827	0.00591	0.00827	0.00945	0.01063	0.00591	0.00827	0.01063	0.01181	0.01536	0.02717	0.05788	0.02953	0.01417	0.00709	0.00236	0.00472	0.75313	0.00472	0.00472
95	0.01372	0.82276	0.02689	0.00878	0.01317	0.02030	0.00878	0.01536	0.01043	0.01207	0.00713	0.00823	0.00658	0.00439	0.00329	0.00110	0.00549	0.00274	0.00219	0.00658
96	0.00651	0.00558	0.00562	0.00554	0.00735	0.00489	0.00418	0.00868	0.06241	0.01436	0.04992	0.04738	0.73466	0.01260	0.00601	0.00173	0.00270	0.01050	0.00479	0.00458
97	0.01197	0.05872	0.35777	0.01155	0.01609	0.12366	0.01232	0.01549	0.01195	0.08733	0.08738	0.12663	0.02768	0.00745	0.00519	0.00163	0.00616	0.02104	0.00341	0.00656
98	0.01276	0.01102	0.01160	0.01044	0.01334	0.01276	0.00812	0.02727	0.77840	0.02146	0.02088	0.01914	0.01566	0.00696	0.00522	0.00174	0.00406	0.00580	0.00522	0.00812
99	0.02302	0.00873	0.01191	0.00913	0.01310	0.00754	0.00754	0.02501	0.01469	0.79122	0.02024	0.01746	0.01270	0.00635	0.00516	0.00159	0.00437	0.00516	0.00635	0.00873
100	0.01248	0.01197	0.02043	0.08818	0.73270	0.01213	0.01564	0.01555	0.01158	0.01650	0.00961	0.01277	0.00803	0.00461	0.00508	0.00154	0.00615	0.00457	0.00252	0.00795
101	0.04271	0.00876	0.01180	0.00907	0.01302	0.00764	0.00749	0.02477	0.01455	0.77306	0.01993	0.01725	0.01253	0.00631	0.00511	0.00159	0.00436	0.00510	0.00628	0.00866
102	0.00827	0.00591	0.00827	0.00945	0.01063	0.00591	0.00827	0.01063	0.01181	0.01536	0.02717	0.05788	0.02953	0.01417	0.00709	0.00236	0.00472	0.75313	0.00472	0.00472
103	0.00625	0.00447	0.00595	0.00714	0.00744	0.00417	0.00476	0.00714	0.00982	0.01310	0.02828	0.81633	0.03394	0.01608	0.00655	0.00208	0.00298	0.01459	0.00476	0.00417
104	0.01356	0.01382	0.02744	0.01975	0.02473	0.01334	0.62823	0.14012	0.01413	0.03579	0.01091	0.01367	0.00805	0.00467	0.00588	0.00170	0.00807	0.00580	0.00309	0.00726
105	0.00625	0.00447	0.00595	0.00714	0.00744	0.00417	0.00476	0.00714	0.00982	0.01310	0.02828	0.81633	0.03394	0.01608	0.00655	0.00208	0.00298	0.01459	0.00476	0.00417
106	0.00625	0.00447	0.00595	0.00714	0.00744	0.00417	0.00476	0.00714	0.00982	0.01310	0.02828	0.81633	0.03394	0.01608	0.00655	0.00208	0.00298	0.01459	0.00476	0.00417
107	0.00625	0.00447	0.00595	0.00714	0.00744	0.00417	0.00476	0.00714	0.00982	0.01310	0.02828	0.81633	0.03394	0.01608	0.00655	0.00208	0.00298	0.01459	0.00476	0.00417
108	0.67705	0.01087	0.00922	0.00783	0.01120	0.01245	0.00645	0.17664	0.01202	0.02501	0.00825	0.00919	0.00623	0.00506	0.00359	0.00158	0.00433	0.00317	0.00359	0.00623
109	0.01270	0.01219	0.02083	0.03149	0.78767	0.01219	0.01575	0.01575	0.01168	0.01676	0.00965	0.01270	0.00813	0.00457	0.00508	0.00152	0.00610	0.00457	0.00254	0.00813
110	0.01137	0.01112	0.01549	0.06827	0.01532	0.01492	0.03117	0.01467	0.11952	0.01383	0.00904	0.01261	0.00806	0.00830	0.01406	0.00212	0.61671	0.00473	0.00269	0.00602
111	0.00891	0.00446	0.00668	0.00668	0.00668	0.00446	0.00446	0.00668	0.00668	0.00891	0.00891	0.01560	0.00891	0.01783	0.02005	0.85071	0.00446	0.00446	0.00223	0.00223
112	0.01118	0.01014	0.01078	0.00805	0.01230	0.06195	0.00637	0.01395	0.04816	0.01657	0.01103	0.01224	0.03379	0.00436	0.00400	0.00088	0.00415	0.00345	0.00318	0.72347
113	0.00639	0.00457	0.00611	0.00730	0.00766	0.00429	0.00501	0.00739	0.00996	0.01325	0.02820	0.76376	0.03363	0.01594	0.00659	0.00210	0.00310	0.06577	0.00476	0.00421
114	0.00760	0.00588	0.00869	0.00854	0.00937	0.00702	0.00666	0.00934	0.00820	0.01189	0.01332	0.01990	0.01256	0.05725	0.72451	0.00774	0.06871	0.00548	0.00272	0.00461
115	0.01405	0.00960	0.01250	0.00936	0.01358	0.00821	0.06244	0.03205	0.09229	0.20414	0.01350	0.02651	0.01014	0.00503	0.00451	0.00117	0.00434	0.00428	0.00410	0.46821
116	0.01214	0.13143	0.08144	0.01861	0.02342	0.01419	0.54423	0.01593	0.01143	0.01545	0.00953	0.01260	0.00744	0.00476	0.00647	0.00167	0.07468	0.00529	0.00248	0.00681
117	0.00746	0.00497	0.00560	0.00560	0.00560	0.00497	0.00311	0.00746	0.00746	0.00995	0.01617	0.03358	0.01865	0.81967	0.02612	0.00497	0.00497	0.00746	0.00311	0.00311
118	0.02302	0.00873	0.01191	0.00913	0.01310	0.00754	0.00754	0.02501	0.01469	0.79122	0.02024	0.01746	0.01270	0.00635	0.00516	0.00159	0.00437	0.00516	0.00635	0.00873
119	0.01185	0.01568	0.14054	0.02061	0.02615	0.01282	0.66061	0.01641	0.01193	0.01641	0.01021	0.01341	0.00760	0.00440	0.00588	0.00171	0.00850	0.00573	0.00253	0.00702
120	0.00746	0.00497	0.00560	0.00560	0.00560	0.00497	0.00311	0.00746	0.00746	0.00995	0.01617	0.03358	0.01865	0.81967	0.02612	0.00497	0.00497	0.00746	0.00311	0.00311
121	0.00629	0.00449	0.00598	0.00712	0.00745	0.00419	0.00477	0.00723	0.00998	0.01335	0.05344	0.79046	0.03442	0.01589	0.00653	0.00207	0.00296	0.01441	0.00479	0.00419
122	0.01242	0.18628	0.47218	0.01362	0.01978	0.07025	0.06755	0.07150	0.01208	0.01633	0.00900	0.01051	0.00678	0.00486	0.00464	0.00150	0.00721	0.00376	0.00245	0.00730
123	0.01126	0.01249	0.02676	0.01953	0.02402	0.01170	0.65856	0.01509	0.01178	0.01595	0.01297	0.12984	0.01157	0.00602	0.00613	0.00178	0.00783	0.00729	0.00291	0.00652
124	0.01822	0.01361	0.01471	0.01120	0.01537	0.01460	0.00922	0.66104	0.02218	0.03008	0.01186	0.01208	0.00856	0.00582	0.00494	0.00143	0.00538	0.00439	0.00483	0.13048
125	0.01270	0.01219	0.02083	0.03149	0.78767	0.01219	0.01575	0.01575	0.01168	0.01676	0.00965	0.01270	0.00813	0.00457	0.00508	0.00152	0.00610	0.00457	0.00254	0.00813
126	0.00960	0.00597	0.00878	0.00837	0.00973	0.00658	0.00658	0.01145	0.00918	0.12456	0.01468	0.01977	0.01281	0.03384	0.68454	0.00728	0.01239	0.00545	0.00327	0.00518

[dist]
# distance from previous block
# <min> <max>
0	1

[block]
# block no. 4 follows, 48 sequences, length 39
# corresponding to MSA columns:
# 226-264
name=unknown_E
#
# <colnr> <probs for GDERKNQSTAVLIFYWHMCP>
#	G	D	E	R	K	N	Q	S	T	A	V	L	I	F	Y	W	H	M	C	P
0	0.01241	0.01189	0.02030	0.10682	0.71462	0.01211	0.01560	0.01549	0.01155	0.01641	0.00960	0.01279	0.00800	0.00463	0.00508	0.00154	0.00617	0.00457	0.00251	0.00789
1	0.00964	0.00577	0.00762	0.00686	0.00849	0.00525	0.00525	0.01200	0.01455	0.13691	0.66952	0.03518	0.04302	0.00986	0.00592	0.00161	0.00271	0.00866	0.00575	0.00543
2	0.00606	0.00520	0.00520	0.00520	0.00693	0.00433	0.00390	0.00736	0.01170	0.01386	0.05198	0.04938	0.78558	0.01299	0.00606	0.00173	0.00260	0.01083	0.00476	0.00433
3	0.01917	0.02445	0.01454	0.01322	0.01586	0.79907	0.00991	0.02049	0.01454	0.01256	0.00793	0.00925	0.00661	0.00529	0.00463	0.00132	0.00925	0.00330	0.00264	0.00595
4	0.01270	0.01219	0.02083	0.03149	0.78767	0.01219	0.01575	0.01575	0.01168	0.01676	0.00965	0.01270	0.00813	0.00457	0.00508	0.00152	0.00610	0.00457	0.00254	0.00813
5	0.01372	0.82276	0.02689	0.00878	0.01317	0.02030	0.00878	0.01536	0.01043	0.01207	0.00713	0.00823	0.00658	0.00439	0.00329	0.00110	0.00549	0.00274	0.00219	0.00658
6	0.01211	0.01384	0.03028	0.02163	0.02682	0.01298	0.76903	0.01644	0.01211	0.01644	0.01038	0.01384	0.00779	0.00433	0.00606	0.00173	0.00865	0.00606	0.00260	0.00692
7	0.00891	0.00446	0.00668	0.00668	0.00668	0.00446	0.00446	0.00668	0.00668	0.00891	0.00891	0.01560	0.00891	0.01783	0.02005	0.85071	0.00446	0.00446	0.00223	0.00223
8	0.00964	0.00508	0.00516	0.00506	0.00622	0.00512	0.00372	0.03319	0.01082	0.01862	0.01656	0.02034	0.01356	0.08499	0.00582	0.00157	0.00274	0.00504	0.74202	0.00473
9	0.01917	0.02445	0.01454	0.01322	0.01586	0.79907	0.00991	0.02049	0.01454	0.01256	0.00793	0.00925	0.00661	0.00529	0.00463	0.00132	0.00925	0.00330	0.00264	0.00595
10	0.00606	0.00520	0.00520	0.00520	0.00693	0.00433	0.00390	0.00736	0.01170	0.01386	0.05198	0.04938	0.78558	0.01299	0.00606	0.00173	0.00260	0.01083	0.00476	0.00433
11	0.00632	0.00449	0.00593	0.00706	0.00734	0.00421	0.00467	0.00716	0.00969	0.01293	0.02762	0.77341	0.03310	0.06013	0.00762	0.00224	0.00309	0.01420	0.00467	0.00411
12	0.01029	0.02654	0.79309	0.01462	0.02221	0.01192	0.01896	0.01625	0.01083	0.01625	0.00921	0.01083	0.00650	0.00487	0.00487	0.00162	0.00758	0.00379	0.00217	0.00758
13	0.00746	0.00497	0.00560	0.00560	0.00560	0.00497	0.00311	0.00746	0.00746	0.00995	0.01617	0.03358	0.01865	0.81967	0.02612	0.00497	0.00497	0.00746	0.00311	0.00311
14	0.01951	0.01437	0.01540	0.01181	0.01591	0.01591	0.00975	0.77056	0.02412	0.03234	0.01232	0.01232	0.00873	0.00616	0.00513	0.00154	0.00565	0.00462	0.00513	0.00873
15	0.00969	0.00912	0.01539	0.80734	0.03534	0.01140	0.01425	0.01311	0.01026	0.01311	0.00912	0.01368	0.00684	0.00513	0.00513	0.00171	0.00684	0.00456	0.00228	0.00570
16	0.01276	0.01102	0.01160	0.01044	0.01334	0.01276	0.00812	0.02727	0.77840	0.02146	0.02088	0.01914	0.01566	0.00696	0.00522	0.00174	0.00406	0.00580	0.00522	0.00812
17	0.00606	0.00520	0.00520	0.00520	0.00693	0.00433	0.00390	0.00736	0.01170	0.01386	0.05198	0.04938	0.78558	0.01299	0.00606	0.00173	0.00260	0.01083	0.00476	0.00433
18	0.01669	0.01561	0.01234	0.01056	0.01337	0.30118	0.00824	0.27965	0.04800	0.02140	0.01213	0.01313	0.00931	0.00583	0.00457	0.00138	0.00612	0.00422	0.20955	0.00672
19	0.01340	0.01625	0.04380	0.01023	0.01265	0.41498	0.00810	0.01542	0.03519	0.01397	0.06510	0.02614	0.23845	0.00844	0.00532	0.00155	0.00641	0.05548	0.00362	0.00547
20	0.01357	0.78803	0.06031	0.00903	0.01356	0.01994	0.00922	0.01540	0.01044	0.01225	0.00722	0.00834	0.00658	0.00441	0.00336	0.00112	0.00558	0.00279	0.00219	0.00663
21	0.00625	0.00447	0.00595	0.00714	0.00744	0.00417	0.00476	0.00714	0.00982	0.01310	0.02828	0.81633	0.03394	0.01608	0.00655	0.00208	0.00298	0.01459	0.00476	0.00417
22	0.01581	0.01254	0.01332	0.01106	0.01451	0.01419	0.00886	0.36370	0.43699	0.02639	0.01701	0.01605	0.01252	0.00660	0.00518	0.00165	0.00478	0.00527	0.00518	0.00840
23	0.01917	0.02445	0.01454	0.01322	0.01586	0.79907	0.00991	0.02049	0.01454	0.01256	0.00793	0.00925	0.00661	0.00529	0.00463	0.00132	0.00925	0.00330	0.00264	0.00595
24	0.00733	0.00550	0.00825	0.00825	0.00916	0.00641	0.00641	0.00916	0.00825	0.01191	0.01374	0.02016	0.01283	0.03848	0.79934	0.00825	0.01374	0.00550	0.00275	0.00458
25	0.01428	0.74427	0.02577	0.00907	0.01344	0.01988	0.00887	0.08869	0.01176	0.01404	0.00764	0.00863	0.00679	0.00456	0.00347	0.00114	0.00550	0.00293	0.00248	0.00679
26	0.00646	0.00521	0.00575	0.00562	0.00718	0.00450	0.00421	0.00814	0.01264	0.01610	0.29659	0.04569	0.53958	0.01216	0.00606	0.00169	0.00254	0.01031	0.00506	0.00450
27	0.01372	0.82276	0.02689	0.00878	0.01317	0.02030	0.00878	0.01536	0.01043	0.01207	0.00713	0.00823	0.00658	0.00439	0.00329	0.00110	0.00549	0.00274	0.00219	0.00658
28	0.85592	0.00992	0.00754	0.00675	0.00992	0.01151	0.00556	0.01508	0.00873	0.02302	0.00714	0.00834	0.00556	0.00476	0.00318	0.00159	0.00397	0.00278	0.00318	0.00556
29	0.02302	0.00873	0.01191	0.00913	0.01310	0.00754	0.00754	0.02501	0.01469	0.79122	0.02024	0.01746	0.01270	0.00635	0.00516	0.00159	0.00437	0.00516	0.00635	0.00873
30	0.00902	0.00451	0.00638	0.00638	0.00657	0.00451	0.00432	0.00754	0.00734	0.01057	0.01018	0.01617	0.00960	0.01591	0.01739	0.71318	0.00412	0.00451	0.13918	0.00264
31	0.01140	0.01086	0.06834	0.00849	0.01323	0.00802	0.00735	0.08036	0.01185	0.01807	0.00941	0.01080	0.00762	0.00409	0.00400	0.00089	0.00424	0.00324	0.00316	0.71459
32	0.00775	0.00588	0.00820	0.00881	0.07695	0.00561	0.00592	0.01018	0.01381	0.01960	0.65974	0.03472	0.04224	0.01201	0.06403	0.00209	0.00358	0.00859	0.00516	0.00511
33	0.00825	0.00627	0.00885	0.01074	0.07887	0.00615	0.00816	0.01044	0.01163	0.01513	0.02856	0.11104	0.11527	0.01333	0.00675	0.00219	0.00447	0.54440	0.00454	0.00494
34	0.00660	0.00503	0.00660	0.00744	0.00784	0.00503	0.00516	0.00754	0.00985	0.01311	0.02881	0.68937	0.09861	0.01528	0.00726	0.00206	0.06204	0.01351	0.00458	0.00429
35	0.01413	0.69254	0.02467	0.00930	0.01342	0.08882	0.00883	0.01669	0.06701	0.01280	0.00821	0.00912	0.00725	0.00466	0.00355	0.00116	0.00572	0.00302	0.00246	0.00664
36	0.01005	0.10042	0.59141	0.01280	0.01905	0.01169	0.01575	0.01488	0.01063	0.01528	0.01254	0.01423	0.06410	0.00840	0.07527	0.00217	0.00756	0.00436	0.00241	0.00698
37	0.00853	0.00581	0.00647	0.00615	0.00651	0.00594	0.00370	0.07514	0.00894	0.01193	0.01583	0.03169	0.01777	0.74752	0.02426	0.00467	0.00503	0.00721	0.00329	0.00361
38	0.00799	0.00614	0.00837	0.00876	0.07717	0.00564	0.00590	0.01046	0.01399	0.01996	0.65941	0.03403	0.04185	0.00948	0.00580	0.00154	0.00285	0.00841	0.00518	0.06708

[dist]
# distance from previous block
# <min> <max>
1	3

[block]
# block no. 5 follows, 48 sequences, length 10
# corresponding to MSA columns:
# 268-277
name=unknown_F
#
# <colnr> <probs for GDERKNQSTAVLIFYWHMCP>
#	G	D	E	R	K	N	Q	S	T	A	V	L	I	F	Y	W	H	M	C	P
0	0.00847	0.00474	0.00712	0.00712	0.00737	0.00500	0.00500	0.00737	0.00712	0.00974	0.01025	0.01686	0.01000	0.02354	0.23570	0.61759	0.00703	0.00474	0.00237	0.00288
1	0.12144	0.00563	0.00718	0.00776	0.00867	0.00559	0.03231	0.00877	0.00989	0.01471	0.02471	0.62926	0.02888	0.01400	0.00611	0.00202	0.00343	0.06067	0.00447	0.00449
2	0.00964	0.00936	0.01640	0.60948	0.03106	0.01086	0.11997	0.01296	0.01068	0.01366	0.01393	0.01756	0.09108	0.00587	0.00536	0.00172	0.00664	0.00545	0.00259	0.00572
3	0.01354	0.00947	0.01550	0.01468	0.12413	0.00924	0.16026	0.05310	0.02924	0.20475	0.01820	0.20850	0.01685	0.00863	0.00627	0.00180	0.03864	0.05606	0.00432	0.00679
4	0.01105	0.01287	0.10403	0.01851	0.16016	0.01112	0.31035	0.01609	0.11512	0.01658	0.01549	0.13386	0.03703	0.00680	0.00571	0.00173	0.00642	0.00692	0.00328	0.00689
5	0.00983	0.00907	0.01447	0.58072	0.02900	0.01087	0.04359	0.01452	0.11411	0.01438	0.01283	0.10112	0.01100	0.00653	0.00533	0.00176	0.00612	0.00587	0.00296	0.00591
6	0.07175	0.01137	0.01433	0.01198	0.01502	0.06702	0.12516	0.15504	0.11214	0.09531	0.01744	0.02523	0.03023	0.00803	0.00603	0.00182	0.03401	0.18696	0.00435	0.00679
7	0.04566	0.07158	0.18825	0.01561	0.12143	0.01076	0.20332	0.01416	0.01095	0.01612	0.01306	0.13081	0.01191	0.00710	0.02121	0.00175	0.00622	0.00608	0.09757	0.00646
8	0.10773	0.01161	0.11582	0.00926	0.01275	0.00998	0.00835	0.15568	0.12530	0.07013	0.16842	0.02198	0.10094	0.00741	0.00510	0.00158	0.00435	0.00600	0.00455	0.05307
9	0.07446	0.01448	0.01371	0.01356	0.11845	0.18743	0.00945	0.22971	0.16724	0.02144	0.03282	0.01602	0.06616	0.00640	0.00498	0.00155	0.00578	0.00498	0.00409	0.00728

[dist]
# distance from previous block
# <min> <max>
0	26

# created by:
# /st0/software/busco_prod/Augustus/scripts/msa2prfl.pl ./align_prep/64694.fa
