[name]
unknown

[dist]
# distance from previous block
# <min> <max>
10	52

[block]
# block no. 0 follows, 43 sequences, length 75
# corresponding to MSA columns:
# 54-128
name=unknown_A
#
# <colnr> <probs for GDERKNQSTAVLIFYWHMCP>
#	G	D	E	R	K	N	Q	S	T	A	V	L	I	F	Y	W	H	M	C	P
0	0.31052	0.01192	0.01161	0.01002	0.01351	0.01356	0.00803	0.13633	0.34621	0.06003	0.01581	0.01530	0.01173	0.00651	0.00483	0.00178	0.00463	0.00487	0.00489	0.00791
1	0.01296	0.01117	0.01215	0.01018	0.01395	0.01150	0.00798	0.02393	0.49461	0.02135	0.01803	0.01740	0.01381	0.00630	0.00509	0.00150	0.00428	0.00520	0.00480	0.30379
2	0.00828	0.00752	0.05065	0.00800	0.01018	0.00603	0.04819	0.01081	0.01430	0.03676	0.42861	0.04169	0.28516	0.01141	0.00644	0.00179	0.00341	0.00995	0.00540	0.00543
3	0.01046	0.00984	0.01661	0.79205	0.03814	0.01230	0.01538	0.01415	0.01107	0.01415	0.00984	0.01477	0.00738	0.00554	0.00554	0.00185	0.00738	0.00492	0.00246	0.00615
4	0.01148	0.00984	0.01148	0.00820	0.01312	0.00738	0.00656	0.01395	0.01148	0.01805	0.00984	0.01148	0.00820	0.00410	0.00410	0.00082	0.00410	0.00328	0.00328	0.83922
5	0.00791	0.00593	0.00890	0.00890	0.00989	0.00692	0.00692	0.00989	0.00890	0.01286	0.01483	0.02176	0.01385	0.04154	0.78341	0.00890	0.01483	0.00593	0.00297	0.00494
6	0.01257	0.01973	0.33435	0.02539	0.38644	0.01312	0.09416	0.01730	0.01228	0.01783	0.01030	0.01300	0.00801	0.00504	0.00550	0.00171	0.00753	0.00475	0.00258	0.00840
7	0.00805	0.00537	0.00604	0.00604	0.00604	0.00537	0.00336	0.00805	0.00805	0.01074	0.01745	0.03624	0.02013	0.80536	0.02819	0.00537	0.00537	0.00805	0.00336	0.00336
8	0.84448	0.01071	0.00814	0.00728	0.01071	0.01242	0.00600	0.01628	0.00943	0.02485	0.00771	0.00900	0.00600	0.00514	0.00343	0.00171	0.00428	0.00300	0.00343	0.00600
9	0.00805	0.00537	0.00604	0.00604	0.00604	0.00537	0.00336	0.00805	0.00805	0.01074	0.01745	0.03624	0.02013	0.80536	0.02819	0.00537	0.00537	0.00805	0.00336	0.00336
10	0.01646	0.01716	0.01378	0.01238	0.01546	0.28720	0.00951	0.04962	0.47294	0.02012	0.01728	0.01664	0.01320	0.00684	0.00540	0.00171	0.00643	0.00526	0.00464	0.00795
11	0.00660	0.00561	0.00568	0.00567	0.00751	0.00470	0.00425	0.00805	0.01275	0.01526	0.08530	0.05281	0.73919	0.01392	0.00655	0.00186	0.00280	0.01162	0.00518	0.00470
12	0.01276	0.37660	0.44317	0.01297	0.01962	0.01690	0.01556	0.01711	0.01150	0.01553	0.00894	0.01044	0.00706	0.00503	0.00450	0.00150	0.00718	0.00359	0.00235	0.00770
13	0.30751	0.02019	0.40017	0.01500	0.10290	0.01277	0.03372	0.01704	0.01103	0.02020	0.00923	0.01104	0.00689	0.00517	0.00467	0.00173	0.00665	0.00386	0.00278	0.00746
14	0.01273	0.01394	0.02710	0.02022	0.02383	0.01506	0.48831	0.01617	0.01144	0.01617	0.00981	0.01394	0.00800	0.00645	0.01067	0.00206	0.28853	0.00594	0.00267	0.00697
15	0.01296	0.01470	0.03202	0.02298	0.02846	0.01379	0.73014	0.01757	0.01306	0.01771	0.01171	0.01626	0.00905	0.00496	0.00657	0.00189	0.00922	0.02668	0.00286	0.00740
16	0.01212	0.01212	0.01696	0.01454	0.01454	0.01696	0.01212	0.01333	0.00848	0.01333	0.00727	0.01212	0.00727	0.00969	0.01818	0.00242	0.79523	0.00485	0.00242	0.00606
17	0.01046	0.00984	0.01661	0.79205	0.03814	0.01230	0.01538	0.01415	0.01107	0.01415	0.00984	0.01477	0.00738	0.00554	0.00554	0.00185	0.00738	0.00492	0.00246	0.00615
18	0.01697	0.01182	0.01956	0.06166	0.28638	0.01170	0.12252	0.05724	0.01399	0.25462	0.01434	0.01587	0.01042	0.00753	0.04362	0.00209	0.03168	0.00542	0.00416	0.00841
19	0.01111	0.02865	0.77667	0.01579	0.02397	0.01286	0.02046	0.01754	0.01169	0.01754	0.00994	0.01169	0.00702	0.00526	0.00526	0.00175	0.00818	0.00409	0.00234	0.00818
20	0.01690	0.01445	0.02126	0.02304	0.33240	0.01507	0.11466	0.34567	0.01867	0.02556	0.01181	0.01369	0.00901	0.00566	0.00565	0.00168	0.00674	0.00518	0.00400	0.00888
21	0.01198	0.01139	0.01935	0.43798	0.38036	0.01270	0.01614	0.01548	0.01179	0.01599	0.01011	0.01427	0.00803	0.00526	0.00551	0.00175	0.00701	0.00493	0.00259	0.00738
22	0.01481	0.80869	0.02902	0.00948	0.01421	0.02191	0.00948	0.01658	0.01125	0.01303	0.00770	0.00888	0.00711	0.00474	0.00355	0.00118	0.00592	0.00296	0.00237	0.00711
23	0.01183	0.02294	0.50827	0.02147	0.26809	0.01273	0.01888	0.01710	0.01202	0.01765	0.01138	0.01351	0.02874	0.00540	0.00537	0.00172	0.00751	0.00458	0.00255	0.00828
24	0.01466	0.01659	0.01643	0.45665	0.05236	0.32151	0.01355	0.01743	0.01297	0.01403	0.00935	0.01282	0.00733	0.00559	0.00532	0.00167	0.00840	0.00438	0.00263	0.00634
25	0.84448	0.01071	0.00814	0.00728	0.01071	0.01242	0.00600	0.01628	0.00943	0.02485	0.00771	0.00900	0.00600	0.00514	0.00343	0.00171	0.00428	0.00300	0.00343	0.00600
26	0.00655	0.00561	0.00561	0.00561	0.00748	0.00468	0.00421	0.00795	0.01262	0.01496	0.05610	0.05330	0.76857	0.01403	0.00655	0.00187	0.00281	0.01169	0.00514	0.00468
27	0.00732	0.00564	0.00668	0.00642	0.00795	0.00500	0.00482	0.00944	0.01445	0.01929	0.48088	0.04618	0.34110	0.01241	0.00654	0.00179	0.00269	0.01069	0.00571	0.00500
28	0.00912	0.00660	0.00907	0.01024	0.01159	0.00668	0.00892	0.01221	0.04343	0.01684	0.02905	0.06076	0.03126	0.01498	0.00757	0.00252	0.00507	0.70371	0.00512	0.00525
29	0.84448	0.01071	0.00814	0.00728	0.01071	0.01242	0.00600	0.01628	0.00943	0.02485	0.00771	0.00900	0.00600	0.00514	0.00343	0.00171	0.00428	0.00300	0.00343	0.00600
30	0.01111	0.02865	0.77667	0.01579	0.02397	0.01286	0.02046	0.01754	0.01169	0.01754	0.00994	0.01169	0.00702	0.00526	0.00526	0.00175	0.00818	0.00409	0.00234	0.00818
31	0.00805	0.00537	0.00604	0.00604	0.00604	0.00537	0.00336	0.00805	0.00805	0.01074	0.01745	0.03624	0.02013	0.80536	0.02819	0.00537	0.00537	0.00805	0.00336	0.00336
32	0.84448	0.01071	0.00814	0.00728	0.01071	0.01242	0.00600	0.01628	0.00943	0.02485	0.00771	0.00900	0.00600	0.00514	0.00343	0.00171	0.00428	0.00300	0.00343	0.00600
33	0.00805	0.00537	0.00604	0.00604	0.00604	0.00537	0.00336	0.00805	0.00805	0.01074	0.01745	0.03624	0.02013	0.80536	0.02819	0.00537	0.00537	0.00805	0.00336	0.00336
34	0.00655	0.00561	0.00561	0.00561	0.00748	0.00468	0.00421	0.00795	0.01262	0.01496	0.05610	0.05330	0.76857	0.01403	0.00655	0.00187	0.00281	0.01169	0.00514	0.00468
35	0.01378	0.01190	0.01252	0.01127	0.01440	0.01378	0.00877	0.02943	0.76081	0.02317	0.02254	0.02066	0.01691	0.00751	0.00564	0.00188	0.00438	0.00626	0.00564	0.00877
36	0.02485	0.00943	0.01285	0.00985	0.01414	0.00814	0.00814	0.02699	0.01585	0.77465	0.02185	0.01885	0.01371	0.00685	0.00557	0.00171	0.00471	0.00557	0.00685	0.00943
37	0.01481	0.80869	0.02902	0.00948	0.01421	0.02191	0.00948	0.01658	0.01125	0.01303	0.00770	0.00888	0.00711	0.00474	0.00355	0.00118	0.00592	0.00296	0.00237	0.00711
38	0.55182	0.01628	0.01082	0.00976	0.01299	0.28622	0.00767	0.01835	0.01165	0.02084	0.00801	0.00935	0.00640	0.00534	0.00398	0.00161	0.00631	0.00320	0.00322	0.00615
39	0.00730	0.00594	0.00694	0.00726	0.03907	0.00522	0.00509	0.00921	0.01371	0.01766	0.30710	0.04744	0.48293	0.01269	0.00650	0.00182	0.00289	0.01082	0.00538	0.00504
40	0.00791	0.00593	0.00890	0.00890	0.00989	0.00692	0.00692	0.00989	0.00890	0.01286	0.01483	0.02176	0.01385	0.04154	0.78341	0.00890	0.01483	0.00593	0.00297	0.00494
41	0.01212	0.01212	0.01696	0.01454	0.01454	0.01696	0.01212	0.01333	0.00848	0.01333	0.00727	0.01212	0.00727	0.00969	0.01818	0.00242	0.79523	0.00485	0.00242	0.00606
42	0.00784	0.00566	0.00740	0.00697	0.00827	0.00523	0.00523	0.01045	0.01568	0.02221	0.76789	0.04137	0.05226	0.01132	0.00653	0.00174	0.00261	0.01002	0.00610	0.00523
43	0.01378	0.01190	0.01252	0.01127	0.01440	0.01378	0.00877	0.02943	0.76081	0.02317	0.02254	0.02066	0.01691	0.00751	0.00564	0.00188	0.00438	0.00626	0.00564	0.00877
44	0.00784	0.00566	0.00740	0.00697	0.00827	0.00523	0.00523	0.01045	0.01568	0.02221	0.76789	0.04137	0.05226	0.01132	0.00653	0.00174	0.00261	0.01002	0.00610	0.00523
45	0.00791	0.00593	0.00890	0.00890	0.00989	0.00692	0.00692	0.00989	0.00890	0.01286	0.01483	0.02176	0.01385	0.04154	0.78341	0.00890	0.01483	0.00593	0.00297	0.00494
46	0.02485	0.00943	0.01285	0.00985	0.01414	0.00814	0.00814	0.02699	0.01585	0.77465	0.02185	0.01885	0.01371	0.00685	0.00557	0.00171	0.00471	0.00557	0.00685	0.00943
47	0.01378	0.01190	0.01252	0.01127	0.01440	0.01378	0.00877	0.02943	0.76081	0.02317	0.02254	0.02066	0.01691	0.00751	0.00564	0.00188	0.00438	0.00626	0.00564	0.00877
48	0.01481	0.80869	0.02902	0.00948	0.01421	0.02191	0.00948	0.01658	0.01125	0.01303	0.00770	0.00888	0.00711	0.00474	0.00355	0.00118	0.00592	0.00296	0.00237	0.00711
49	0.01326	0.02564	0.65728	0.01486	0.02243	0.01212	0.01854	0.01902	0.01234	0.13588	0.01180	0.01281	0.00806	0.00551	0.00531	0.00175	0.00764	0.00432	0.00304	0.00838
50	0.01362	0.29905	0.38558	0.01385	0.02006	0.10560	0.05719	0.01775	0.01208	0.01552	0.00907	0.01070	0.00714	0.00510	0.00471	0.00152	0.00767	0.00378	0.00244	0.00756
51	0.84448	0.01071	0.00814	0.00728	0.01071	0.01242	0.00600	0.01628	0.00943	0.02485	0.00771	0.00900	0.00600	0.00514	0.00343	0.00171	0.00428	0.00300	0.00343	0.00600
52	0.01585	0.01752	0.01947	0.10479	0.42786	0.28661	0.01459	0.01852	0.01355	0.01608	0.00970	0.01249	0.00805	0.00527	0.00531	0.00159	0.00787	0.00445	0.00275	0.00767
53	0.00805	0.00537	0.00604	0.00604	0.00604	0.00537	0.00336	0.00805	0.00805	0.01074	0.01745	0.03624	0.02013	0.80536	0.02819	0.00537	0.00537	0.00805	0.00336	0.00336
54	0.01161	0.01102	0.01870	0.52275	0.29843	0.01261	0.01595	0.01516	0.01162	0.01555	0.01005	0.01439	0.00788	0.00532	0.00552	0.00177	0.00710	0.00493	0.00256	0.00708
55	0.00655	0.00561	0.00561	0.00561	0.00748	0.00468	0.00421	0.00795	0.01262	0.01496	0.05610	0.05330	0.76857	0.01403	0.00655	0.00187	0.00281	0.01169	0.00514	0.00468
56	0.00713	0.00536	0.00660	0.00687	0.00798	0.00483	0.00493	0.00886	0.01314	0.01755	0.32939	0.30530	0.23365	0.01410	0.00672	0.00195	0.00287	0.01242	0.00552	0.00483
57	0.02197	0.01404	0.01571	0.01204	0.01644	0.01499	0.00995	0.57669	0.02357	0.21405	0.01537	0.01464	0.01046	0.00670	0.00555	0.00167	0.00576	0.00513	0.00586	0.00942
58	0.00892	0.00637	0.00892	0.01020	0.01147	0.00637	0.00892	0.01147	0.01275	0.01657	0.02932	0.06247	0.03187	0.01530	0.00765	0.00255	0.00510	0.73354	0.00510	0.00510
59	0.01326	0.01270	0.02167	0.13860	0.66971	0.01304	0.01677	0.01660	0.01240	0.01755	0.01034	0.01385	0.00858	0.00502	0.00549	0.00167	0.00669	0.00493	0.00270	0.00841
60	0.02088	0.02071	0.01618	0.01347	0.01715	0.38262	0.01061	0.40395	0.02110	0.02472	0.01104	0.01172	0.00833	0.00620	0.00528	0.00155	0.00795	0.00431	0.00426	0.00799
61	0.00792	0.00588	0.00865	0.00865	0.00956	0.00679	0.00661	0.00973	0.00883	0.01267	0.01506	0.02301	0.01439	0.10773	0.71797	0.00859	0.01401	0.00612	0.00300	0.00481
62	0.01227	0.01102	0.01539	0.01737	0.28230	0.00943	0.01027	0.01503	0.01188	0.01806	0.01005	0.01227	0.00841	0.00440	0.00459	0.00111	0.00498	0.00387	0.00309	0.54420
63	0.00750	0.00554	0.00802	0.00848	0.00923	0.00606	0.00629	0.00912	0.00951	0.01331	0.02041	0.29886	0.02194	0.03294	0.50761	0.00654	0.01071	0.00942	0.00374	0.00479
64	0.31242	0.01548	0.19637	0.01065	0.01551	0.04827	0.01054	0.03628	0.01277	0.27240	0.01312	0.01307	0.00894	0.00580	0.00471	0.00171	0.00568	0.00419	0.00432	0.00776
65	0.34814	0.03516	0.07517	0.00909	0.01362	0.01156	0.00809	0.11151	0.01256	0.02280	0.00938	0.01066	0.00734	0.00497	0.00410	0.00138	0.00483	0.00345	0.00353	0.30267
66	0.01352	0.01198	0.01276	0.01012	0.01413	0.05555	0.00804	0.08437	0.21223	0.02040	0.01332	0.01404	0.01051	0.00563	0.00545	0.00130	0.04719	0.00433	0.00404	0.45111
67	0.01147	0.00873	0.01026	0.00917	0.03002	0.00830	0.00692	0.01720	0.20671	0.07465	0.19277	0.04725	0.11850	0.00870	0.00566	0.00160	0.00378	0.02480	0.00510	0.20841
68	0.18671	0.01114	0.01399	0.01489	0.19650	0.01072	0.00953	0.08094	0.01324	0.13704	0.01216	0.03110	0.00950	0.00547	0.00472	0.00145	0.00499	0.00441	0.00397	0.24755
69	0.01334	0.01111	0.01414	0.01094	0.01523	0.01044	0.08296	0.05070	0.24627	0.05846	0.03339	0.01588	0.01235	0.00565	0.00502	0.00136	0.00480	0.00489	0.00431	0.39876
70	0.01186	0.01077	0.01428	0.01700	0.26740	0.04109	0.01007	0.03163	0.05116	0.01868	0.11454	0.02250	0.10015	0.00700	0.00539	0.00148	0.00492	0.02410	0.00387	0.24211
71	0.01641	0.04057	0.17524	0.01185	0.01680	0.04255	0.01122	0.15733	0.17245	0.15136	0.01511	0.01491	0.01087	0.00609	0.00520	0.00158	0.00578	0.00479	0.00456	0.13533
72	0.00954	0.00756	0.00917	0.00824	0.01079	0.00667	0.00646	0.02869	0.05097	0.01853	0.18335	0.14313	0.08727	0.01037	0.00592	0.00166	0.00377	0.12429	0.00476	0.27886
73	0.01247	0.00915	0.01077	0.00841	0.01228	0.00773	0.00671	0.05177	0.05501	0.09872	0.11776	0.02213	0.08788	0.00690	0.00506	0.00128	0.00399	0.02458	0.00450	0.45289
74	0.01401	0.00813	0.01030	0.00843	0.01160	0.00705	0.00668	0.01702	0.04957	0.23975	0.28302	0.04499	0.02707	0.00822	0.00562	0.00153	0.00377	0.02502	0.00552	0.22269

[dist]
# distance from previous block
# <min> <max>
7	39

[block]
# block no. 1 follows, 43 sequences, length 19
# corresponding to MSA columns:
# 186-204
name=unknown_B
#
# <colnr> <probs for GDERKNQSTAVLIFYWHMCP>
#	G	D	E	R	K	N	Q	S	T	A	V	L	I	F	Y	W	H	M	C	P
0	0.01011	0.00796	0.00921	0.00868	0.01059	0.00807	0.00636	0.04809	0.21174	0.01870	0.12228	0.28730	0.02721	0.08827	0.00824	0.00219	0.00389	0.00972	0.00502	0.10638
1	0.01332	0.01270	0.08637	0.01044	0.01490	0.01093	0.00903	0.04908	0.31899	0.05314	0.01570	0.01565	0.01193	0.00583	0.00496	0.00141	0.00471	0.00474	0.00439	0.35177
2	0.01230	0.01140	0.01747	0.16064	0.35086	0.01120	0.01297	0.01530	0.01178	0.01717	0.00999	0.01308	0.00827	0.00496	0.00555	0.00143	0.03857	0.00437	0.00286	0.28984
3	0.01259	0.01184	0.01654	0.01940	0.26984	0.05251	0.01203	0.05495	0.01125	0.01584	0.01081	0.01628	0.01006	0.08578	0.12803	0.00331	0.25401	0.00528	0.00289	0.00677
4	0.01753	0.01837	0.01427	0.01198	0.01554	0.37863	0.00929	0.07874	0.05331	0.05922	0.01072	0.01182	0.00850	0.00564	0.00541	0.00135	0.04100	0.00390	0.00354	0.25123
5	0.01284	0.00943	0.01064	0.00910	0.01060	0.01044	0.00660	0.26097	0.01419	0.01917	0.01510	0.02624	0.01532	0.46116	0.01958	0.00384	0.07839	0.00672	0.00401	0.00566
6	0.15476	0.01967	0.01383	0.01233	0.01516	0.44902	0.00953	0.10664	0.01487	0.01788	0.00965	0.01164	0.00799	0.00995	0.09391	0.00239	0.03706	0.00396	0.00327	0.00653
7	0.03564	0.00997	0.01014	0.00943	0.01157	0.07051	0.00716	0.05495	0.26995	0.02095	0.24576	0.13352	0.05496	0.01092	0.02762	0.00203	0.00446	0.00849	0.00533	0.00664
8	0.01658	0.09108	0.31653	0.01334	0.01928	0.01174	0.08501	0.02064	0.01339	0.29330	0.03235	0.01506	0.01072	0.00585	0.00534	0.00167	0.00657	0.00488	0.00415	0.03251
9	0.25021	0.01077	0.01208	0.00962	0.01364	0.01087	0.00792	0.12910	0.04764	0.42813	0.01674	0.01540	0.01110	0.00638	0.00498	0.00171	0.00478	0.00480	0.00567	0.00845
10	0.01032	0.00516	0.00516	0.00516	0.00645	0.00516	0.00387	0.01290	0.01161	0.02065	0.01807	0.02065	0.01420	0.00645	0.00387	0.00129	0.00258	0.00516	0.83611	0.00516
11	0.15242	0.01389	0.01474	0.01147	0.01572	0.01514	0.00947	0.53279	0.02196	0.13795	0.01362	0.01340	0.00948	0.00644	0.00521	0.00168	0.00561	0.00475	0.00539	0.00888
12	0.84448	0.01071	0.00814	0.00728	0.01071	0.01242	0.00600	0.01628	0.00943	0.02485	0.00771	0.00900	0.00600	0.00514	0.00343	0.00171	0.00428	0.00300	0.00343	0.00600
13	0.01032	0.00516	0.00516	0.00516	0.00645	0.00516	0.00387	0.01290	0.01161	0.02065	0.01807	0.02065	0.01420	0.00645	0.00387	0.00129	0.00258	0.00516	0.83611	0.00516
14	0.00997	0.00801	0.01162	0.01552	0.26542	0.00801	0.00798	0.01109	0.00960	0.01323	0.01507	0.02860	0.01628	0.53389	0.02049	0.00411	0.00578	0.00700	0.00315	0.00519
15	0.00677	0.00520	0.00620	0.00683	0.00784	0.00463	0.00479	0.00806	0.01185	0.01520	0.10833	0.44304	0.32035	0.01551	0.00682	0.00206	0.00300	0.01365	0.00523	0.00463
16	0.01375	0.01223	0.01663	0.01977	0.33630	0.04365	0.01146	0.04701	0.03005	0.04559	0.01089	0.01291	0.00885	0.00481	0.00488	0.00129	0.00552	0.00422	0.00331	0.36689
17	0.01511	0.05665	0.21229	0.02043	0.24461	0.23777	0.04051	0.01957	0.06963	0.01677	0.01057	0.01246	0.00837	0.00542	0.00525	0.00161	0.00788	0.00439	0.00288	0.00782
18	0.14581	0.03464	0.01314	0.01019	0.01416	0.06593	0.00821	0.22674	0.10057	0.05243	0.01316	0.04824	0.01057	0.00620	0.00481	0.00147	0.00517	0.00472	0.00438	0.22943

[dist]
# distance from previous block
# <min> <max>
0	45

[block]
# block no. 2 follows, 43 sequences, length 14
# corresponding to MSA columns:
# 250-260,262-264
name=unknown_C
#
# <colnr> <probs for GDERKNQSTAVLIFYWHMCP>
#	G	D	E	R	K	N	Q	S	T	A	V	L	I	F	Y	W	H	M	C	P
0	0.05241	0.09435	0.01440	0.00980	0.01407	0.01174	0.00812	0.15830	0.09626	0.18799	0.04410	0.01524	0.01211	0.00595	0.00487	0.00140	0.00478	0.00465	0.00477	0.25466
1	0.04879	0.01105	0.01328	0.01241	0.11033	0.01038	0.00861	0.11047	0.12392	0.02153	0.06344	0.01527	0.01260	0.00557	0.00482	0.00129	0.00462	0.00459	0.00404	0.41301
2	0.01247	0.01164	0.02039	0.02521	0.43919	0.01124	0.14052	0.01549	0.01234	0.03700	0.01455	0.16009	0.01397	0.00719	0.00588	0.00175	0.00624	0.00714	0.00333	0.05436
3	0.01469	0.01144	0.01252	0.01081	0.03639	0.06588	0.00825	0.05663	0.22303	0.12245	0.01578	0.01643	0.01212	0.01049	0.10460	0.00238	0.00623	0.00492	0.00445	0.26050
4	0.10011	0.18099	0.44449	0.01466	0.02130	0.01478	0.11627	0.01724	0.01155	0.01744	0.00943	0.01129	0.00712	0.00506	0.00490	0.00165	0.00748	0.00408	0.00252	0.00764
5	0.01082	0.00832	0.00883	0.00805	0.01061	0.00838	0.00623	0.04336	0.25952	0.07527	0.04095	0.03854	0.43727	0.01108	0.00614	0.00185	0.00359	0.00920	0.00545	0.00655
6	0.01546	0.01327	0.01737	0.35237	0.12895	0.05184	0.01351	0.29764	0.01724	0.02261	0.01118	0.01383	0.00834	0.00589	0.00550	0.00173	0.00691	0.00488	0.00370	0.00777
7	0.01345	0.01111	0.01211	0.01045	0.01373	0.01188	0.00814	0.12234	0.42723	0.02267	0.01997	0.11790	0.01681	0.00803	0.00552	0.00170	0.00442	0.00675	0.00513	0.16064
8	0.00724	0.00560	0.00846	0.00892	0.00965	0.00524	0.06295	0.00849	0.01079	0.01442	0.02903	0.74074	0.03444	0.01637	0.00703	0.00222	0.00369	0.01503	0.00496	0.00473
9	0.01706	0.01260	0.01428	0.01158	0.01496	0.01406	0.00943	0.52681	0.02083	0.02821	0.01376	0.01587	0.01076	0.01725	0.24184	0.00386	0.00875	0.00527	0.00476	0.00806
10	0.01121	0.01070	0.01925	0.08213	0.26660	0.01052	0.19257	0.01457	0.01345	0.01878	0.24153	0.05630	0.02298	0.00739	0.00613	0.00177	0.00597	0.00733	0.00386	0.00698
11	0.01383	0.01300	0.03906	0.00959	0.01429	0.11380	0.00787	0.04998	0.01295	0.05549	0.01042	0.01173	0.00834	0.00461	0.00440	0.00102	0.00517	0.00354	0.00347	0.61744
12	0.00883	0.00703	0.00865	0.00793	0.01027	0.00577	0.00577	0.01045	0.01099	0.01586	0.02142	0.45397	0.02412	0.01152	0.00576	0.00162	0.00360	0.01026	0.00432	0.37184
13	0.01353	0.00916	0.04276	0.00873	0.01139	0.00803	0.00680	0.08241	0.05581	0.17233	0.01849	0.12893	0.01739	0.25035	0.01239	0.00276	0.00486	0.00726	0.00459	0.14200

[dist]
# distance from previous block
# <min> <max>
119	520

[block]
# block no. 3 follows, 43 sequences, length 68
# corresponding to MSA columns:
# 1050-1117
name=unknown_D
#
# <colnr> <probs for GDERKNQSTAVLIFYWHMCP>
#	G	D	E	R	K	N	Q	S	T	A	V	L	I	F	Y	W	H	M	C	P
0	0.04972	0.01213	0.03805	0.01443	0.01889	0.01125	0.24315	0.09923	0.04548	0.30522	0.01825	0.02050	0.03410	0.00684	0.00595	0.00183	0.00635	0.05548	0.00497	0.00819
1	0.04775	0.02945	0.01402	0.03549	0.01431	0.01232	0.00939	0.12492	0.01403	0.21053	0.08817	0.07053	0.01560	0.00865	0.00958	0.00194	0.25439	0.00615	0.00461	0.02818
2	0.33965	0.04961	0.04055	0.00819	0.01134	0.05423	0.00693	0.05332	0.03947	0.03814	0.02499	0.02573	0.24862	0.00849	0.00496	0.00175	0.00451	0.02927	0.00417	0.00608
3	0.16140	0.03664	0.16239	0.00978	0.01326	0.00895	0.00916	0.01584	0.01182	0.18896	0.01968	0.30091	0.01915	0.00999	0.00561	0.00190	0.00482	0.00845	0.00458	0.00670
4	0.01748	0.15825	0.01645	0.01154	0.01500	0.25737	0.00931	0.08672	0.19992	0.09675	0.03593	0.01623	0.04237	0.00667	0.00511	0.00157	0.00650	0.00496	0.00428	0.00759
5	0.84448	0.01071	0.00814	0.00728	0.01071	0.01242	0.00600	0.01628	0.00943	0.02485	0.00771	0.00900	0.00600	0.00514	0.00343	0.00171	0.00428	0.00300	0.00343	0.00600
6	0.01226	0.55477	0.02188	0.00892	0.01226	0.01641	0.00811	0.01378	0.01105	0.01338	0.01491	0.25933	0.01643	0.00872	0.00466	0.00152	0.00507	0.00700	0.00324	0.00628
7	0.00675	0.00482	0.00643	0.00771	0.00803	0.00450	0.00514	0.00771	0.01060	0.01414	0.03053	0.80175	0.03663	0.01735	0.00707	0.00225	0.00321	0.01574	0.00514	0.00450
8	0.00791	0.00593	0.00890	0.00890	0.00989	0.00692	0.00692	0.00989	0.00890	0.01286	0.01483	0.02176	0.01385	0.04154	0.78341	0.00890	0.01483	0.00593	0.00297	0.00494
9	0.01175	0.01118	0.01884	0.47616	0.31376	0.01281	0.01587	0.01519	0.01155	0.01561	0.00996	0.01426	0.00790	0.00547	0.00600	0.00179	0.03726	0.00492	0.00257	0.00714
10	0.00805	0.00537	0.00604	0.00604	0.00604	0.00537	0.00336	0.00805	0.00805	0.01074	0.01745	0.03624	0.02013	0.80536	0.02819	0.00537	0.00537	0.00805	0.00336	0.00336
11	0.01585	0.01764	0.03840	0.02576	0.46264	0.25641	0.01453	0.01947	0.06454	0.01699	0.01065	0.01296	0.00877	0.00536	0.00533	0.00159	0.00755	0.00457	0.00296	0.00801
12	0.00791	0.00593	0.00890	0.00890	0.00989	0.00692	0.00692	0.00989	0.00890	0.01286	0.01483	0.02176	0.01385	0.04154	0.78341	0.00890	0.01483	0.00593	0.00297	0.00494
13	0.00902	0.00740	0.00819	0.00809	0.00989	0.00756	0.00600	0.01493	0.24875	0.01810	0.11321	0.23608	0.26626	0.01255	0.00639	0.00196	0.00339	0.01085	0.00540	0.00598
14	0.01093	0.00594	0.00797	0.00813	0.00943	0.00539	0.00583	0.01231	0.01225	0.18658	0.09500	0.55648	0.03286	0.01444	0.00668	0.00208	0.00350	0.01293	0.00561	0.00568
15	0.27725	0.52752	0.02184	0.00880	0.01310	0.01841	0.00833	0.01687	0.01084	0.04451	0.00822	0.00928	0.00700	0.00494	0.00359	0.00137	0.00536	0.00307	0.00287	0.00684
16	0.00791	0.00593	0.00890	0.00890	0.00989	0.00692	0.00692	0.00989	0.00890	0.01286	0.01483	0.02176	0.01385	0.04154	0.78341	0.00890	0.01483	0.00593	0.00297	0.00494
17	0.01704	0.02031	0.01624	0.01438	0.01602	0.45665	0.01130	0.01837	0.01262	0.01346	0.00801	0.01089	0.00719	0.00741	0.01061	0.00185	0.34459	0.00411	0.00267	0.00627
18	0.84448	0.01071	0.00814	0.00728	0.01071	0.01242	0.00600	0.01628	0.00943	0.02485	0.00771	0.00900	0.00600	0.00514	0.00343	0.00171	0.00428	0.00300	0.00343	0.00600
19	0.01212	0.01212	0.01696	0.01454	0.01454	0.01696	0.01212	0.01333	0.00848	0.01333	0.00727	0.01212	0.00727	0.00969	0.01818	0.00242	0.79523	0.00485	0.00242	0.00606
20	0.01173	0.01913	0.35102	0.09508	0.02112	0.01423	0.01566	0.01752	0.11554	0.01665	0.01085	0.01340	0.00852	0.00701	0.00942	0.00199	0.25618	0.00472	0.00284	0.00738
21	0.01111	0.02865	0.77667	0.01579	0.02397	0.01286	0.02046	0.01754	0.01169	0.01754	0.00994	0.01169	0.00702	0.00526	0.00526	0.00175	0.00818	0.00409	0.00234	0.00818
22	0.01355	0.01289	0.01916	0.01569	0.03927	0.01383	0.24335	0.02540	0.50456	0.02132	0.01864	0.01867	0.01400	0.00655	0.00592	0.00187	0.00601	0.00631	0.00466	0.00836
23	0.84448	0.01071	0.00814	0.00728	0.01071	0.01242	0.00600	0.01628	0.00943	0.02485	0.00771	0.00900	0.00600	0.00514	0.00343	0.00171	0.00428	0.00300	0.00343	0.00600
24	0.18493	0.26452	0.01977	0.01432	0.14929	0.01677	0.01037	0.22144	0.01535	0.04130	0.01009	0.01124	0.00799	0.00544	0.00447	0.00152	0.00573	0.00395	0.00364	0.00788
25	0.01059	0.01002	0.01664	0.73088	0.03629	0.01267	0.01512	0.01409	0.01087	0.01409	0.00964	0.01456	0.00737	0.00586	0.00653	0.00189	0.06936	0.00492	0.00246	0.00614
26	0.01831	0.02240	0.02078	0.01741	0.04312	0.51761	0.22243	0.04221	0.01516	0.01552	0.00951	0.01161	0.00761	0.00541	0.00547	0.00157	0.00958	0.00450	0.00291	0.00688
27	0.84448	0.01071	0.00814	0.00728	0.01071	0.01242	0.00600	0.01628	0.00943	0.02485	0.00771	0.00900	0.00600	0.00514	0.00343	0.00171	0.00428	0.00300	0.00343	0.00600
28	0.01856	0.30951	0.02052	0.01253	0.01607	0.50764	0.01026	0.02011	0.01409	0.01336	0.00825	0.00959	0.00712	0.00536	0.00447	0.00134	0.00852	0.00335	0.00268	0.00667
29	0.01371	0.01316	0.02248	0.03399	0.77081	0.01316	0.01700	0.01700	0.01261	0.01809	0.01042	0.01371	0.00877	0.00493	0.00548	0.00164	0.00658	0.00493	0.00274	0.00877
30	0.01146	0.04513	0.43838	0.01731	0.05542	0.01255	0.20787	0.01671	0.01254	0.01803	0.09890	0.01601	0.01275	0.00579	0.00570	0.00176	0.00769	0.00542	0.00292	0.00765
31	0.84448	0.01071	0.00814	0.00728	0.01071	0.01242	0.00600	0.01628	0.00943	0.02485	0.00771	0.00900	0.00600	0.00514	0.00343	0.00171	0.00428	0.00300	0.00343	0.00600
32	0.28055	0.01683	0.01381	0.01226	0.04546	0.22848	0.00936	0.26668	0.03805	0.02478	0.01036	0.01124	0.00789	0.00587	0.00472	0.00162	0.00658	0.00400	0.00402	0.00746
33	0.00793	0.00585	0.00848	0.00848	0.00932	0.00669	0.00640	0.00962	0.00878	0.01254	0.01522	0.02389	0.01477	0.15402	0.67220	0.00838	0.01344	0.00625	0.00302	0.00471
34	0.00800	0.00560	0.00719	0.00719	0.00759	0.00599	0.00479	0.00879	0.00839	0.01159	0.01640	0.03043	0.01761	0.49883	0.33127	0.00679	0.00917	0.00720	0.00320	0.00399
35	0.02316	0.01071	0.01350	0.01041	0.01460	0.01017	0.00858	0.19982	0.01828	0.56311	0.05401	0.01855	0.01445	0.00701	0.00561	0.00170	0.00495	0.00563	0.00651	0.00923
36	0.00671	0.00562	0.00584	0.00579	0.00758	0.00475	0.00434	0.00827	0.01302	0.01590	0.14826	0.05176	0.67582	0.01368	0.00654	0.00185	0.00278	0.01147	0.00527	0.00475
37	0.81124	0.01090	0.00848	0.00750	0.01097	0.01262	0.00618	0.04599	0.01010	0.02525	0.00794	0.00917	0.00614	0.00520	0.00351	0.00171	0.00436	0.00308	0.00351	0.00614
38	0.01238	0.33318	0.23900	0.25848	0.02456	0.01629	0.01448	0.01609	0.01132	0.01467	0.00902	0.01155	0.00717	0.00514	0.00467	0.00156	0.00703	0.00390	0.00239	0.00711
39	0.01481	0.80869	0.02902	0.00948	0.01421	0.02191	0.00948	0.01658	0.01125	0.01303	0.00770	0.00888	0.00711	0.00474	0.00355	0.00118	0.00592	0.00296	0.00237	0.00711
40	0.28168	0.12008	0.01407	0.00972	0.01359	0.12573	0.00809	0.04226	0.01347	0.30203	0.01328	0.01293	0.00929	0.00585	0.00454	0.00160	0.00556	0.00409	0.00454	0.00759
41	0.00734	0.00564	0.00671	0.00645	0.00797	0.00501	0.00483	0.00949	0.01450	0.01943	0.49456	0.04595	0.32733	0.01236	0.00654	0.00179	0.00269	0.01066	0.00573	0.00501
42	0.01115	0.01828	0.32414	0.30146	0.02972	0.01265	0.16740	0.01606	0.01172	0.01624	0.01075	0.03611	0.00828	0.00559	0.00567	0.00182	0.00798	0.00523	0.00256	0.00719
43	0.01053	0.00994	0.01663	0.76066	0.03719	0.01249	0.01525	0.01412	0.01097	0.01412	0.00974	0.01466	0.00738	0.00570	0.00605	0.00187	0.03919	0.00492	0.00246	0.00615
44	0.23534	0.01264	0.03492	0.01103	0.01437	0.01362	0.00881	0.02524	0.48789	0.02430	0.03814	0.02039	0.01599	0.00790	0.00564	0.00207	0.00489	0.02306	0.00533	0.00844
45	0.00713	0.00563	0.00643	0.00623	0.00784	0.00493	0.00467	0.00909	0.01401	0.01826	0.38036	0.04787	0.44225	0.01279	0.00654	0.00181	0.00272	0.01093	0.00558	0.00493
46	0.01360	0.02417	0.53622	0.01469	0.02157	0.01392	0.01717	0.18467	0.08227	0.02197	0.01183	0.01286	0.00845	0.00578	0.00536	0.00174	0.00737	0.00449	0.00336	0.00852
47	0.00791	0.00593	0.00890	0.00890	0.00989	0.00692	0.00692	0.00989	0.00890	0.01286	0.01483	0.02176	0.01385	0.04154	0.78341	0.00890	0.01483	0.00593	0.00297	0.00494
48	0.00904	0.00800	0.01126	0.01482	0.24874	0.00745	0.00843	0.01125	0.01316	0.01724	0.16864	0.03867	0.40079	0.01067	0.00621	0.00178	0.00396	0.00926	0.00455	0.00607
49	0.02485	0.00943	0.01285	0.00985	0.01414	0.00814	0.00814	0.02699	0.01585	0.77465	0.02185	0.01885	0.01371	0.00685	0.00557	0.00171	0.00471	0.00557	0.00685	0.00943
50	0.02029	0.07970	0.01660	0.01394	0.01692	0.73126	0.01062	0.02174	0.01539	0.01352	0.00850	0.00991	0.00713	0.00564	0.00490	0.00141	0.00971	0.00353	0.00282	0.00647
51	0.01111	0.02865	0.77667	0.01579	0.02397	0.01286	0.02046	0.01754	0.01169	0.01754	0.00994	0.01169	0.00702	0.00526	0.00526	0.00175	0.00818	0.00409	0.00234	0.00818
52	0.01030	0.00914	0.00785	0.00760	0.00814	0.14415	0.00478	0.01062	0.00944	0.01131	0.01578	0.03111	0.01762	0.63898	0.04752	0.00478	0.00649	0.00719	0.00325	0.00395
53	0.84448	0.01071	0.00814	0.00728	0.01071	0.01242	0.00600	0.01628	0.00943	0.02485	0.00771	0.00900	0.00600	0.00514	0.00343	0.00171	0.00428	0.00300	0.00343	0.00600
54	0.00800	0.00557	0.00704	0.00704	0.00738	0.00591	0.00460	0.00869	0.00835	0.01148	0.01654	0.03119	0.01794	0.53902	0.29154	0.00660	0.00867	0.00731	0.00322	0.00391
55	0.01285	0.01454	0.03164	0.02271	0.02811	0.01370	0.71813	0.01740	0.01289	0.01753	0.01136	0.01524	0.00864	0.00628	0.04055	0.00218	0.00958	0.00651	0.00281	0.00736
56	0.01148	0.00984	0.01148	0.00820	0.01312	0.00738	0.00656	0.01395	0.01148	0.01805	0.00984	0.01148	0.00820	0.00410	0.00410	0.00082	0.00410	0.00328	0.00328	0.83922
57	0.01172	0.01158	0.01688	0.19964	0.02016	0.01585	0.01289	0.01352	0.00910	0.01352	0.00788	0.01275	0.00730	0.00870	0.01517	0.00229	0.60767	0.00486	0.00243	0.00608
58	0.00718	0.00564	0.00649	0.00627	0.00787	0.00494	0.00471	0.00917	0.01412	0.01850	0.40380	0.04747	0.41867	0.01271	0.00654	0.00181	0.00271	0.01087	0.00561	0.00494
59	0.01628	0.01390	0.01825	0.17512	0.25930	0.04413	0.01347	0.31298	0.05058	0.02412	0.01192	0.01392	0.00905	0.00589	0.00550	0.00169	0.00658	0.00496	0.00394	0.00842
60	0.00896	0.00504	0.00672	0.00672	0.00672	0.00504	0.00420	0.00757	0.00757	0.01009	0.01290	0.02497	0.01403	0.34890	0.02439	0.48934	0.00504	0.00617	0.00280	0.00280
61	0.01097	0.01629	0.25815	0.46250	0.05571	0.01264	0.07518	0.01559	0.01148	0.01563	0.01000	0.01378	0.00739	0.00536	0.00553	0.00181	0.00777	0.00479	0.00246	0.00698
62	0.01357	0.01301	0.02222	0.06719	0.73873	0.01312	0.01693	0.01687	0.01254	0.01792	0.01039	0.01375	0.00871	0.00496	0.00549	0.00165	0.00661	0.00493	0.00273	0.00866
63	0.00723	0.00528	0.00713	0.03752	0.00926	0.00503	0.00556	0.00882	0.01222	0.01669	0.26265	0.53141	0.04045	0.01499	0.00684	0.00207	0.00318	0.01352	0.00534	0.00479
64	0.04935	0.42282	0.05933	0.01092	0.01545	0.05241	0.01013	0.20593	0.08981	0.02034	0.01075	0.01137	0.00863	0.00559	0.00441	0.00143	0.00604	0.00389	0.00357	0.00784
65	0.08350	0.08161	0.04701	0.03147	0.01467	0.01017	0.00837	0.02048	0.06354	0.30282	0.01486	0.01455	0.01051	0.00560	0.00475	0.00140	0.00480	0.00437	0.00465	0.27087
66	0.01339	0.01992	0.28920	0.02247	0.33590	0.10486	0.01640	0.01749	0.01254	0.01735	0.00996	0.01231	0.00789	0.00506	0.00520	0.00157	0.00730	0.00430	0.00267	0.09421
67	0.01274	0.07533	0.48744	0.01409	0.03571	0.03320	0.01603	0.03572	0.06379	0.07122	0.06822	0.01634	0.01234	0.00627	0.00536	0.00173	0.00699	0.02621	0.00334	0.00792

[dist]
# distance from previous block
# <min> <max>
0	5

[block]
# block no. 4 follows, 43 sequences, length 16
# corresponding to MSA columns:
# 1124-1139
name=unknown_E
#
# <colnr> <probs for GDERKNQSTAVLIFYWHMCP>
#	G	D	E	R	K	N	Q	S	T	A	V	L	I	F	Y	W	H	M	C	P
0	0.01061	0.00924	0.01303	0.05060	0.09946	0.00977	0.07266	0.01720	0.26193	0.01792	0.02293	0.34609	0.02306	0.01100	0.00629	0.00200	0.00471	0.01004	0.00471	0.00674
1	0.01407	0.01672	0.26811	0.01145	0.01733	0.01041	0.01185	0.10004	0.01373	0.11190	0.01173	0.01266	0.00861	0.00511	0.00483	0.00134	0.00577	0.00402	0.00366	0.36667
2	0.01437	0.03759	0.18327	0.02622	0.46773	0.04008	0.04747	0.01818	0.01279	0.08332	0.01120	0.01352	0.00871	0.00518	0.00542	0.00166	0.00698	0.00478	0.00301	0.00852
3	0.03583	0.02163	0.44141	0.01799	0.05135	0.01266	0.23644	0.01704	0.01216	0.01775	0.01188	0.01687	0.00953	0.00590	0.00579	0.00185	0.00810	0.06539	0.00275	0.00767
4	0.02208	0.02072	0.01474	0.01279	0.01612	0.52397	0.00984	0.02375	0.01575	0.26806	0.01300	0.01295	0.00933	0.00609	0.00519	0.00152	0.00822	0.00424	0.00419	0.00743
5	0.31124	0.01353	0.01276	0.01058	0.01433	0.04572	0.00858	0.31818	0.16610	0.02814	0.01297	0.01311	0.00961	0.00625	0.00479	0.00171	0.00527	0.00448	0.00470	0.00796
6	0.00675	0.00482	0.00643	0.00771	0.00803	0.00450	0.00514	0.00771	0.01060	0.01414	0.03053	0.80175	0.03663	0.01735	0.00707	0.00225	0.00321	0.01574	0.00514	0.00450
7	0.01371	0.01316	0.02248	0.03399	0.77081	0.01316	0.01700	0.01700	0.01261	0.01809	0.01042	0.01371	0.00877	0.00493	0.00548	0.00164	0.00658	0.00493	0.00274	0.00877
8	0.29100	0.19996	0.08370	0.01104	0.01401	0.01625	0.01019	0.01545	0.00973	0.01748	0.00775	0.01028	0.00678	0.00662	0.00868	0.00184	0.27632	0.00372	0.00274	0.00647
9	0.00796	0.00575	0.00794	0.00794	0.00860	0.00640	0.00573	0.00928	0.00862	0.01215	0.01571	0.02660	0.01595	0.29696	0.53087	0.00772	0.01167	0.00664	0.00310	0.00441
10	0.01235	0.28950	0.52665	0.01368	0.02071	0.01589	0.01679	0.01722	0.01155	0.01603	0.00919	0.01075	0.00705	0.00509	0.00469	0.00156	0.00743	0.00371	0.00235	0.00782
11	0.00805	0.00537	0.00604	0.00604	0.00604	0.00537	0.00336	0.00805	0.00805	0.01074	0.01745	0.03624	0.02013	0.80536	0.02819	0.00537	0.00537	0.00805	0.00336	0.00336
12	0.01171	0.01074	0.01747	0.02516	0.52477	0.01055	0.01312	0.01468	0.01335	0.01882	0.19566	0.02362	0.08228	0.00722	0.00582	0.00169	0.00532	0.00671	0.00374	0.00758
13	0.00962	0.00481	0.00722	0.00722	0.00722	0.00481	0.00481	0.00722	0.00722	0.00962	0.00962	0.01684	0.00962	0.01924	0.02165	0.83886	0.00481	0.00481	0.00241	0.00241
14	0.00805	0.00537	0.00604	0.00604	0.00604	0.00537	0.00336	0.00805	0.00805	0.01074	0.01745	0.03624	0.02013	0.80536	0.02819	0.00537	0.00537	0.00805	0.00336	0.00336
15	0.01352	0.01384	0.01478	0.01762	0.23100	0.21717	0.01083	0.01640	0.06380	0.01507	0.01209	0.01591	0.01054	0.01767	0.25005	0.05535	0.00982	0.00497	0.00302	0.00655

[dist]
# distance from previous block
# <min> <max>
0	4

# created by:
# /st0/software/busco_prod/Augustus/scripts/msa2prfl.pl ./align_prep/64773.fa
