[name]
unknown

[dist]
# distance from previous block
# <min> <max>
0	232

[block]
# block no. 0 follows, 43 sequences, length 57
# corresponding to MSA columns:
# 232-250,258-295
name=unknown_A
#
# <colnr> <probs for GDERKNQSTAVLIFYWHMCP>
#	G	D	E	R	K	N	Q	S	T	A	V	L	I	F	Y	W	H	M	C	P
0	0.00870	0.00621	0.00867	0.00994	0.01112	0.00618	0.00853	0.01108	0.01253	0.01632	0.02945	0.13920	0.03237	0.01551	0.00759	0.00252	0.00490	0.65904	0.00510	0.00504
1	0.01334	0.01342	0.01980	0.28703	0.44606	0.09278	0.01580	0.01657	0.01241	0.01630	0.01003	0.01368	0.00813	0.00522	0.00545	0.00169	0.00720	0.00479	0.00266	0.00765
2	0.02304	0.00961	0.01316	0.01035	0.01410	0.00900	0.00858	0.02509	0.01499	0.67227	0.02057	0.01950	0.01360	0.00741	0.00694	0.00181	0.08677	0.02793	0.00634	0.00894
3	0.00859	0.00666	0.00750	0.00692	0.00882	0.00620	0.00529	0.08625	0.01529	0.02006	0.34883	0.04417	0.39072	0.01213	0.00644	0.00180	0.00307	0.01029	0.00558	0.00540
4	0.00752	0.00640	0.00768	0.00880	0.08684	0.00565	0.00572	0.00933	0.01316	0.01657	0.17738	0.04708	0.56290	0.01260	0.00643	0.00182	0.00316	0.01069	0.00506	0.00520
5	0.01314	0.01462	0.03059	0.02209	0.02744	0.01398	0.67370	0.01895	0.09067	0.01830	0.01238	0.01553	0.00929	0.00496	0.00644	0.00187	0.00882	0.00651	0.00310	0.00760
6	0.01046	0.00984	0.01661	0.79205	0.03814	0.01230	0.01538	0.01415	0.01107	0.01415	0.00984	0.01477	0.00738	0.00554	0.00554	0.00185	0.00738	0.00492	0.00246	0.00615
7	0.00773	0.00557	0.00730	0.00704	0.00825	0.00515	0.00522	0.01017	0.01515	0.02137	0.69137	0.12028	0.05064	0.01195	0.00659	0.00179	0.00268	0.01061	0.00600	0.00515
8	0.01457	0.01206	0.01497	0.09322	0.15360	0.01326	0.01084	0.19067	0.28910	0.03694	0.02041	0.02046	0.09070	0.00731	0.00567	0.00178	0.00532	0.00614	0.00474	0.00824
9	0.02041	0.01201	0.01305	0.01062	0.01420	0.08097	0.00850	0.22392	0.04024	0.35820	0.01899	0.09791	0.01443	0.00778	0.00557	0.00171	0.00529	0.00628	0.05153	0.00838
10	0.02442	0.01119	0.01315	0.01031	0.01445	0.08857	0.00841	0.02648	0.01584	0.69566	0.02047	0.01793	0.01303	0.00674	0.00551	0.00168	0.00526	0.00536	0.00644	0.00911
11	0.01371	0.01259	0.02012	0.05893	0.54394	0.01276	0.04001	0.10608	0.01421	0.01966	0.01552	0.01785	0.08763	0.00610	0.00564	0.00169	0.00626	0.00570	0.00332	0.00828
12	0.00824	0.00633	0.00834	0.00771	0.00890	0.00643	0.00591	0.01067	0.01484	0.02107	0.66758	0.03869	0.06910	0.01123	0.00774	0.00182	0.08488	0.00953	0.00569	0.00530
13	0.01236	0.01016	0.01124	0.01037	0.01298	0.01146	0.00809	0.03950	0.51546	0.03373	0.05425	0.05682	0.05740	0.01232	0.08660	0.00264	0.00535	0.04628	0.00532	0.00767
14	0.00786	0.00563	0.00726	0.00687	0.00804	0.00524	0.00503	0.01020	0.01489	0.02102	0.69001	0.04084	0.04892	0.09373	0.00878	0.00212	0.00290	0.00981	0.00581	0.00503
15	0.40092	0.10785	0.01134	0.00866	0.01139	0.09551	0.00698	0.03066	0.01121	0.01964	0.02605	0.18355	0.01495	0.00842	0.00470	0.00177	0.00493	0.04181	0.00378	0.00587
16	0.07587	0.55480	0.19429	0.01108	0.01651	0.01898	0.03068	0.01680	0.01126	0.01504	0.00829	0.00967	0.00704	0.00488	0.00400	0.00137	0.00639	0.00331	0.00245	0.00727
17	0.01191	0.09454	0.55717	0.01798	0.10830	0.01380	0.08573	0.01741	0.01188	0.01722	0.00991	0.01197	0.00735	0.00512	0.00525	0.00170	0.00791	0.00431	0.00243	0.00809
18	0.00702	0.00503	0.00663	0.00755	0.00809	0.00469	0.00517	0.00830	0.01154	0.01558	0.16395	0.61592	0.05323	0.03529	0.00749	0.00223	0.00319	0.02920	0.00527	0.00462
19	0.00729	0.00564	0.00664	0.00639	0.00794	0.00499	0.00479	0.00939	0.01438	0.01912	0.46482	0.04645	0.35726	0.01247	0.00654	0.00180	0.00269	0.01073	0.00569	0.00499
20	0.10649	0.01558	0.01569	0.01226	0.01650	0.05647	0.01007	0.63802	0.02378	0.03275	0.01247	0.01268	0.00894	0.00644	0.00529	0.00166	0.00611	0.00471	0.00518	0.00891
21	0.01933	0.01710	0.11724	0.01361	0.01854	0.03135	0.05276	0.55659	0.03574	0.06261	0.01317	0.01348	0.00932	0.00636	0.00555	0.00169	0.00654	0.00497	0.00497	0.00908
22	0.00655	0.00561	0.00561	0.00561	0.00748	0.00468	0.00421	0.00795	0.01262	0.01496	0.05610	0.05330	0.76857	0.01403	0.00655	0.00187	0.00281	0.01169	0.00514	0.00468
23	0.76590	0.01172	0.02317	0.00779	0.01123	0.05120	0.00649	0.01645	0.00994	0.02407	0.02692	0.00991	0.00724	0.00533	0.00362	0.00170	0.00460	0.00323	0.00344	0.00604
24	0.01135	0.01059	0.01689	0.42248	0.13368	0.01114	0.05391	0.01469	0.01152	0.01600	0.01000	0.01370	0.00787	0.00500	0.00518	0.00153	0.00646	0.00455	0.00275	0.24071
25	0.84448	0.01071	0.00814	0.00728	0.01071	0.01242	0.00600	0.01628	0.00943	0.02485	0.00771	0.00900	0.00600	0.00514	0.00343	0.00171	0.00428	0.00300	0.00343	0.00600
26	0.00675	0.00482	0.00643	0.00771	0.00803	0.00450	0.00514	0.00771	0.01060	0.01414	0.03053	0.80175	0.03663	0.01735	0.00707	0.00225	0.00321	0.01574	0.00514	0.00450
27	0.01032	0.00516	0.00516	0.00516	0.00645	0.00516	0.00387	0.01290	0.01161	0.02065	0.01807	0.02065	0.01420	0.00645	0.00387	0.00129	0.00258	0.00516	0.83611	0.00516
28	0.00784	0.00566	0.00740	0.00697	0.00827	0.00523	0.00523	0.01045	0.01568	0.02221	0.76789	0.04137	0.05226	0.01132	0.00653	0.00174	0.00261	0.01002	0.00610	0.00523
29	0.00675	0.00482	0.00643	0.00771	0.00803	0.00450	0.00514	0.00771	0.01060	0.01414	0.03053	0.80175	0.03663	0.01735	0.00707	0.00225	0.00321	0.01574	0.00514	0.00450
30	0.00752	0.00565	0.00697	0.00664	0.00808	0.00509	0.00498	0.00984	0.01493	0.02044	0.59421	0.04428	0.22704	0.01198	0.00654	0.00177	0.00266	0.01042	0.00586	0.00509
31	0.84448	0.01071	0.00814	0.00728	0.01071	0.01242	0.00600	0.01628	0.00943	0.02485	0.00771	0.00900	0.00600	0.00514	0.00343	0.00171	0.00428	0.00300	0.00343	0.00600
32	0.00655	0.00558	0.00564	0.00568	0.00750	0.00467	0.00424	0.00794	0.01255	0.01493	0.05523	0.07901	0.74343	0.01414	0.00656	0.00188	0.00282	0.01183	0.00514	0.00467
33	0.01595	0.01255	0.01571	0.01725	0.22677	0.01353	0.01097	0.29552	0.15613	0.02576	0.01495	0.01593	0.01138	0.00630	0.00528	0.00164	0.00536	0.00524	0.13534	0.00845
34	0.01857	0.01406	0.01594	0.05653	0.03652	0.12167	0.04028	0.17978	0.06405	0.21299	0.01402	0.01478	0.01018	0.00700	0.00783	0.00181	0.15254	0.00505	0.01842	0.00799
35	0.01665	0.32438	0.12754	0.01194	0.01676	0.08912	0.01139	0.24161	0.07422	0.02114	0.01094	0.01163	0.00856	0.00570	0.00469	0.00149	0.00655	0.00405	0.00363	0.00802
36	0.01481	0.80869	0.02902	0.00948	0.01421	0.02191	0.00948	0.01658	0.01125	0.01303	0.00770	0.00888	0.00711	0.00474	0.00355	0.00118	0.00592	0.00296	0.00237	0.00711
37	0.04160	0.01651	0.01341	0.01211	0.01516	0.26072	0.00930	0.02668	0.49844	0.02013	0.01760	0.01688	0.01343	0.00686	0.00536	0.00173	0.00618	0.00530	0.00467	0.00793
38	0.04337	0.03842	0.21988	0.01193	0.04201	0.00994	0.01142	0.02146	0.03785	0.38987	0.03092	0.06496	0.03870	0.00721	0.00550	0.00175	0.00554	0.00590	0.00504	0.00835
39	0.01694	0.05010	0.08693	0.01912	0.24013	0.24533	0.01285	0.03575	0.12371	0.09671	0.01273	0.01376	0.00977	0.00580	0.00527	0.00161	0.00720	0.00463	0.00363	0.00802
40	0.01481	0.80869	0.02902	0.00948	0.01421	0.02191	0.00948	0.01658	0.01125	0.01303	0.00770	0.00888	0.00711	0.00474	0.00355	0.00118	0.00592	0.00296	0.00237	0.00711
41	0.00894	0.00619	0.00785	0.00735	0.00880	0.00588	0.00552	0.05181	0.01563	0.03836	0.61244	0.10787	0.04609	0.01132	0.00640	0.00176	0.00290	0.00997	0.03945	0.00548
42	0.01275	0.32406	0.42336	0.01505	0.08840	0.01633	0.01597	0.01713	0.01161	0.01587	0.00913	0.01081	0.00721	0.00503	0.00463	0.00153	0.00718	0.00374	0.00239	0.00783
43	0.00857	0.00546	0.00801	0.00801	0.00853	0.00599	0.00580	0.00872	0.00819	0.01144	0.01311	0.02123	0.01283	0.10283	0.42770	0.32106	0.01020	0.00570	0.00279	0.00384
44	0.00722	0.00542	0.00680	0.00773	0.00871	0.00500	0.00580	0.00869	0.01169	0.01496	0.03738	0.41362	0.23984	0.01593	0.00706	0.00222	0.00356	0.18856	0.00513	0.00469
45	0.01631	0.00905	0.01096	0.00909	0.01204	0.00895	0.00725	0.14279	0.08508	0.26585	0.26137	0.02553	0.02579	0.00829	0.00572	0.00169	0.00403	0.00693	0.08569	0.00760
46	0.01161	0.01136	0.01762	0.61171	0.16958	0.05521	0.01541	0.01511	0.01161	0.01483	0.00988	0.01431	0.00762	0.00544	0.00550	0.00179	0.00738	0.00485	0.00253	0.00664
47	0.01354	0.01299	0.02218	0.07230	0.73379	0.01312	0.01692	0.01685	0.01253	0.01789	0.01039	0.01376	0.00870	0.00497	0.00549	0.00166	0.00662	0.00493	0.00273	0.00864
48	0.00665	0.00519	0.00604	0.00673	0.00777	0.00458	0.00470	0.00782	0.01155	0.01452	0.04250	0.45145	0.37920	0.01579	0.00682	0.00207	0.00302	0.01385	0.00514	0.00458
49	0.00675	0.00482	0.00643	0.00771	0.00803	0.00450	0.00514	0.00771	0.01060	0.01414	0.03053	0.80175	0.03663	0.01735	0.00707	0.00225	0.00321	0.01574	0.00514	0.00450
50	0.02204	0.01756	0.01501	0.01339	0.05771	0.34169	0.00998	0.10177	0.01669	0.32737	0.01460	0.01417	0.01016	0.00623	0.00531	0.00158	0.00723	0.00461	0.00477	0.00810
51	0.00762	0.00595	0.00702	0.00765	0.00873	0.00576	0.00538	0.01063	0.10980	0.01553	0.03593	0.50999	0.21888	0.01522	0.00675	0.00210	0.00326	0.01347	0.00521	0.00510
52	0.01064	0.00996	0.01638	0.74875	0.03683	0.01239	0.01501	0.01500	0.05266	0.01465	0.01055	0.01509	0.00791	0.00565	0.00554	0.00185	0.00722	0.00500	0.00264	0.00630
53	0.00767	0.00549	0.00708	0.00831	0.00871	0.00504	0.00554	0.00839	0.01115	0.01496	0.03110	0.79217	0.03706	0.01776	0.00741	0.00240	0.00353	0.01587	0.00541	0.00497
54	0.00805	0.00537	0.00604	0.00604	0.00604	0.00537	0.00336	0.00805	0.00805	0.01074	0.01745	0.03624	0.02013	0.80536	0.02819	0.00537	0.00537	0.00805	0.00336	0.00336
55	0.01158	0.12882	0.68065	0.01498	0.02272	0.01402	0.01905	0.01742	0.01164	0.01696	0.00965	0.01133	0.00703	0.00519	0.00504	0.00168	0.00789	0.00395	0.00234	0.00805
56	0.01396	0.42883	0.28937	0.01235	0.01792	0.09084	0.01355	0.01731	0.01172	0.01467	0.00855	0.01010	0.00708	0.00521	0.00488	0.00146	0.03891	0.00349	0.00241	0.00738

[dist]
# distance from previous block
# <min> <max>
0	2

[block]
# block no. 1 follows, 43 sequences, length 28
# corresponding to MSA columns:
# 298-325
name=unknown_B
#
# <colnr> <probs for GDERKNQSTAVLIFYWHMCP>
#	G	D	E	R	K	N	Q	S	T	A	V	L	I	F	Y	W	H	M	C	P
0	0.01730	0.08597	0.17245	0.01244	0.01702	0.15462	0.01162	0.11391	0.16696	0.15275	0.03113	0.01507	0.01152	0.00634	0.00526	0.00165	0.00656	0.00484	0.00438	0.00819
1	0.77185	0.08057	0.00997	0.00748	0.01102	0.01326	0.00630	0.01631	0.00959	0.02381	0.00771	0.00899	0.00610	0.00511	0.00344	0.00167	0.00443	0.00300	0.00333	0.00610
2	0.01371	0.01316	0.02248	0.03399	0.77081	0.01316	0.01700	0.01700	0.01261	0.01809	0.01042	0.01371	0.00877	0.00493	0.00548	0.00164	0.00658	0.00493	0.00274	0.00877
3	0.01046	0.00984	0.01661	0.79205	0.03814	0.01230	0.01538	0.01415	0.01107	0.01415	0.00984	0.01477	0.00738	0.00554	0.00554	0.00185	0.00738	0.00492	0.00246	0.00615
4	0.00962	0.00481	0.00722	0.00722	0.00722	0.00481	0.00481	0.00722	0.00722	0.00962	0.00962	0.01684	0.00962	0.01924	0.02165	0.83886	0.00481	0.00481	0.00241	0.00241
5	0.01375	0.01348	0.02335	0.01776	0.02207	0.03654	0.40789	0.12461	0.09424	0.02066	0.04105	0.02303	0.01435	0.00707	0.00641	0.00192	0.00751	0.11293	0.00395	0.00743
6	0.01421	0.01498	0.10481	0.02734	0.49458	0.01345	0.07939	0.08886	0.01381	0.03785	0.01128	0.01462	0.00915	0.00552	0.00599	0.00172	0.03098	0.01981	0.00311	0.00852
7	0.02076	0.01557	0.01629	0.01259	0.01689	0.04028	0.01036	0.71047	0.02534	0.03387	0.01328	0.01339	0.00948	0.00661	0.00548	0.00165	0.00612	0.00495	0.02742	0.00921
8	0.00909	0.00607	0.00789	0.00727	0.00881	0.00564	0.00551	0.01202	0.03564	0.07043	0.70015	0.03937	0.04884	0.01093	0.00645	0.00174	0.00279	0.00963	0.00613	0.00559
9	0.01203	0.01114	0.01809	0.04708	0.41403	0.01126	0.06889	0.01657	0.09994	0.01874	0.11888	0.07162	0.03507	0.00737	0.00591	0.00177	0.00567	0.02447	0.00380	0.00765
10	0.01518	0.72317	0.05095	0.00992	0.01474	0.02127	0.00989	0.07379	0.01242	0.01487	0.00820	0.00931	0.00728	0.00490	0.00376	0.00124	0.00601	0.00315	0.00261	0.00732
11	0.00950	0.01264	0.17395	0.09123	0.01922	0.00923	0.18288	0.01273	0.01145	0.01569	0.01968	0.37564	0.02098	0.01070	0.00642	0.00202	0.00609	0.01010	0.00375	0.00612
12	0.01491	0.07971	0.06442	0.07120	0.09421	0.20775	0.35276	0.01843	0.01334	0.01611	0.01004	0.01293	0.00788	0.00505	0.00569	0.00168	0.00879	0.00513	0.00273	0.00725
13	0.00693	0.00492	0.00648	0.00759	0.00790	0.00468	0.00503	0.00783	0.01028	0.01374	0.02860	0.69407	0.03408	0.09849	0.03883	0.00282	0.00388	0.01459	0.00488	0.00440
14	0.01128	0.06575	0.74111	0.01549	0.02351	0.01329	0.01994	0.01749	0.01167	0.01732	0.00983	0.01156	0.00702	0.00524	0.00518	0.00173	0.00808	0.00404	0.00234	0.00813
15	0.00684	0.00548	0.00613	0.00635	0.00781	0.00477	0.00467	0.00837	0.01269	0.01594	0.15856	0.20130	0.49457	0.01431	0.00668	0.00194	0.00292	0.03064	0.00529	0.00473
16	0.00682	0.00487	0.00651	0.00780	0.00815	0.00456	0.00527	0.00784	0.01068	0.01422	0.03048	0.77615	0.03647	0.01728	0.00709	0.00226	0.00328	0.04060	0.00514	0.00452
17	0.01032	0.00516	0.00516	0.00516	0.00645	0.00516	0.00387	0.01290	0.01161	0.02065	0.01807	0.02065	0.01420	0.00645	0.00387	0.00129	0.00258	0.00516	0.83611	0.00516
18	0.00749	0.00565	0.00692	0.00660	0.00806	0.00508	0.00495	0.00978	0.01486	0.02026	0.57665	0.04458	0.24472	0.01205	0.00654	0.00178	0.00266	0.01047	0.00584	0.00508
19	0.02105	0.01551	0.01662	0.01274	0.01717	0.01717	0.01053	0.75235	0.02604	0.03490	0.01330	0.01330	0.00942	0.00665	0.00554	0.00166	0.00609	0.00499	0.00554	0.00942
20	0.01307	0.01494	0.03268	0.02334	0.02894	0.01401	0.75070	0.01774	0.01307	0.01774	0.01120	0.01494	0.00840	0.00467	0.00654	0.00187	0.00934	0.00654	0.00280	0.00747
21	0.00805	0.00537	0.00604	0.00604	0.00604	0.00537	0.00336	0.00805	0.00805	0.01074	0.01745	0.03624	0.02013	0.80536	0.02819	0.00537	0.00537	0.00805	0.00336	0.00336
22	0.01378	0.01190	0.01252	0.01127	0.01440	0.01378	0.00877	0.02943	0.76081	0.02317	0.02254	0.02066	0.01691	0.00751	0.00564	0.00188	0.00438	0.00626	0.00564	0.00877
23	0.00675	0.00482	0.00643	0.00771	0.00803	0.00450	0.00514	0.00771	0.01060	0.01414	0.03053	0.80175	0.03663	0.01735	0.00707	0.00225	0.00321	0.01574	0.00514	0.00450
24	0.00792	0.00589	0.00868	0.00868	0.00959	0.00680	0.00665	0.00975	0.00883	0.01269	0.01504	0.02288	0.01433	0.10089	0.72473	0.00863	0.01410	0.00610	0.00300	0.00482
25	0.01293	0.01150	0.01541	0.01326	0.01376	0.03516	0.01092	0.01427	0.00937	0.07267	0.00955	0.01418	0.00877	0.03782	0.05221	0.00270	0.61970	0.00504	0.03463	0.00615
26	0.01103	0.01028	0.01652	0.65722	0.08147	0.01252	0.01474	0.01604	0.09496	0.01541	0.01130	0.01536	0.00853	0.00572	0.00554	0.00184	0.00700	0.00507	0.00283	0.00661
27	0.00696	0.00497	0.00667	0.00796	0.00837	0.00468	0.00552	0.00808	0.01082	0.01438	0.03041	0.72854	0.03616	0.01715	0.00713	0.00228	0.00340	0.08682	0.00514	0.00456

[dist]
# distance from previous block
# <min> <max>
0	1

[block]
# block no. 2 follows, 43 sequences, length 36
# corresponding to MSA columns:
# 327-362
name=unknown_C
#
# <colnr> <probs for GDERKNQSTAVLIFYWHMCP>
#	G	D	E	R	K	N	Q	S	T	A	V	L	I	F	Y	W	H	M	C	P
0	0.01371	0.01316	0.02248	0.03399	0.77081	0.01316	0.01700	0.01700	0.01261	0.01809	0.01042	0.01371	0.00877	0.00493	0.00548	0.00164	0.00658	0.00493	0.00274	0.00877
1	0.84448	0.01071	0.00814	0.00728	0.01071	0.01242	0.00600	0.01628	0.00943	0.02485	0.00771	0.00900	0.00600	0.00514	0.00343	0.00171	0.00428	0.00300	0.00343	0.00600
2	0.02090	0.02525	0.01559	0.01401	0.01698	0.72206	0.01057	0.04560	0.01603	0.05025	0.00934	0.01051	0.00752	0.00579	0.00504	0.00145	0.00961	0.00371	0.00313	0.00666
3	0.01282	0.01226	0.02088	0.24062	0.57110	0.01293	0.01656	0.01622	0.01219	0.01702	0.01026	0.01400	0.00839	0.00510	0.00550	0.00170	0.00680	0.00493	0.00266	0.00806
4	0.01148	0.00984	0.01148	0.00820	0.01312	0.00738	0.00656	0.01395	0.01148	0.01805	0.00984	0.01148	0.00820	0.00410	0.00410	0.00082	0.00410	0.00328	0.00328	0.83922
5	0.01481	0.80869	0.02902	0.00948	0.01421	0.02191	0.00948	0.01658	0.01125	0.01303	0.00770	0.00888	0.00711	0.00474	0.00355	0.00118	0.00592	0.00296	0.00237	0.00711
6	0.00805	0.00537	0.00604	0.00604	0.00604	0.00537	0.00336	0.00805	0.00805	0.01074	0.01745	0.03624	0.02013	0.80536	0.02819	0.00537	0.00537	0.00805	0.00336	0.00336
7	0.01719	0.01404	0.01677	0.01352	0.01604	0.01708	0.01121	0.43277	0.01845	0.02557	0.01069	0.01279	0.00849	0.00797	0.01100	0.00199	0.34734	0.00493	0.00419	0.00797
8	0.03398	0.00896	0.01307	0.17345	0.06735	0.00977	0.01022	0.01624	0.01215	0.22085	0.01870	0.17229	0.01728	0.00969	0.00774	0.00202	0.11393	0.08106	0.00447	0.00677
9	0.02485	0.00943	0.01285	0.00985	0.01414	0.00814	0.00814	0.02699	0.01585	0.77465	0.02185	0.01885	0.01371	0.00685	0.00557	0.00171	0.00471	0.00557	0.00685	0.00943
10	0.00892	0.00637	0.00892	0.01020	0.01147	0.00637	0.00892	0.01147	0.01275	0.01657	0.02932	0.06247	0.03187	0.01530	0.00765	0.00255	0.00510	0.73354	0.00510	0.00510
11	0.05188	0.01506	0.06963	0.02434	0.24559	0.01391	0.39042	0.08498	0.01388	0.01974	0.01093	0.01397	0.00842	0.00498	0.00592	0.00177	0.00793	0.00562	0.00304	0.00801
12	0.77628	0.01110	0.02729	0.00755	0.01118	0.01215	0.00639	0.01618	0.00960	0.02428	0.00789	0.00921	0.00615	0.00508	0.00351	0.00166	0.00437	0.00304	0.00339	0.05371
13	0.01239	0.20137	0.33080	0.01181	0.01769	0.01334	0.01308	0.01727	0.06540	0.03654	0.05396	0.01352	0.01074	0.00545	0.00474	0.00144	0.00615	0.00420	0.00310	0.17699
14	0.01501	0.20064	0.26644	0.05146	0.10288	0.01418	0.08988	0.01891	0.01259	0.15956	0.01185	0.01309	0.00865	0.00536	0.00509	0.00162	0.00691	0.00449	0.00330	0.00807
15	0.02463	0.00977	0.01307	0.01002	0.01431	0.00866	0.00828	0.06848	0.01643	0.73234	0.02136	0.01853	0.01346	0.00684	0.00557	0.00171	0.00479	0.00554	0.00678	0.00942
16	0.01347	0.01535	0.04552	0.02489	0.17290	0.04539	0.56214	0.01777	0.01306	0.01763	0.01092	0.01443	0.00839	0.00478	0.00624	0.00180	0.00880	0.00605	0.00278	0.00770
17	0.01405	0.07646	0.15353	0.03918	0.13165	0.07489	0.27770	0.01791	0.01299	0.07822	0.01404	0.01607	0.05614	0.00568	0.00571	0.00172	0.00770	0.00558	0.00315	0.00762
18	0.00717	0.00522	0.00682	0.00799	0.00849	0.00501	0.00549	0.00888	0.04499	0.01467	0.03010	0.73107	0.03550	0.01680	0.00703	0.00225	0.00336	0.04928	0.00516	0.00472
19	0.00791	0.00593	0.00890	0.00890	0.00989	0.00692	0.00692	0.00989	0.00890	0.01286	0.01483	0.02176	0.01385	0.04154	0.78341	0.00890	0.01483	0.00593	0.00297	0.00494
20	0.17971	0.05609	0.09044	0.03659	0.04685	0.32609	0.12156	0.03476	0.02847	0.01759	0.00937	0.01120	0.00740	0.00538	0.00493	0.00160	0.00802	0.00409	0.00298	0.00689
21	0.06304	0.01423	0.03403	0.01390	0.04570	0.07284	0.04923	0.22867	0.14905	0.02244	0.01296	0.02729	0.01041	0.00886	0.04303	0.00220	0.18511	0.00524	0.00408	0.00768
22	0.00744	0.00511	0.00622	0.00682	0.00697	0.00496	0.00419	0.00789	0.00925	0.01233	0.02356	0.39405	0.02784	0.43703	0.01832	0.00391	0.00436	0.01165	0.00419	0.00389
23	0.00675	0.00482	0.00643	0.00771	0.00803	0.00450	0.00514	0.00771	0.01060	0.01414	0.03053	0.80175	0.03663	0.01735	0.00707	0.00225	0.00321	0.01574	0.00514	0.00450
24	0.01389	0.12477	0.13254	0.04179	0.22980	0.08011	0.13498	0.01857	0.08082	0.03553	0.04592	0.01469	0.01089	0.00557	0.00538	0.00165	0.00707	0.00506	0.00316	0.00782
25	0.01151	0.01127	0.02014	0.52336	0.18995	0.01273	0.12119	0.01526	0.01168	0.01549	0.01016	0.01457	0.00782	0.00529	0.00567	0.00181	0.00750	0.00516	0.00257	0.00689
26	0.00686	0.00490	0.00655	0.00784	0.00821	0.00459	0.00533	0.00790	0.01071	0.01426	0.03046	0.76396	0.03639	0.01725	0.00710	0.00226	0.00331	0.05244	0.00514	0.00453
27	0.41289	0.01009	0.01187	0.26061	0.06321	0.01160	0.00969	0.01591	0.01094	0.06786	0.05261	0.01381	0.00987	0.00574	0.00454	0.00174	0.00531	0.00433	0.02101	0.00636
28	0.01501	0.06569	0.09351	0.03410	0.14315	0.13838	0.23438	0.09401	0.06399	0.01873	0.01157	0.02850	0.00922	0.00567	0.00583	0.00170	0.02029	0.00529	0.00323	0.00774
29	0.01543	0.15992	0.10678	0.01410	0.03906	0.01481	0.13520	0.24655	0.03050	0.05568	0.01426	0.10129	0.01235	0.00715	0.00553	0.00171	0.00643	0.02133	0.00407	0.00786
30	0.00810	0.00621	0.00926	0.00915	0.01010	0.00737	0.00715	0.01004	0.00888	0.01288	0.01450	0.02133	0.01355	0.04012	0.74927	0.00861	0.04965	0.00589	0.00294	0.00499
31	0.01562	0.50477	0.04207	0.01063	0.01497	0.01807	0.04148	0.09056	0.03016	0.08990	0.02943	0.04631	0.01063	0.00605	0.00480	0.00144	0.02778	0.00445	0.00342	0.00745
32	0.03336	0.03601	0.09318	0.01204	0.04019	0.01210	0.03573	0.20276	0.09521	0.13056	0.01373	0.01405	0.01004	0.00570	0.00505	0.00146	0.00545	0.00458	0.00445	0.24435
33	0.01633	0.18868	0.12039	0.01194	0.01644	0.03723	0.04891	0.23267	0.05921	0.09544	0.03998	0.05164	0.01228	0.00665	0.00516	0.00161	0.00599	0.00528	0.03619	0.00798
34	0.01271	0.01215	0.02069	0.26583	0.54674	0.01290	0.01650	0.01613	0.01214	0.01689	0.01024	0.01403	0.00835	0.00512	0.00550	0.00171	0.00683	0.00493	0.00266	0.00797
35	0.00678	0.00563	0.00598	0.00592	0.00768	0.00483	0.00445	0.00837	0.01293	0.01592	0.15598	0.05050	0.64036	0.01460	0.03357	0.00210	0.00320	0.01125	0.00520	0.00476

[dist]
# distance from previous block
# <min> <max>
0	5

[block]
# block no. 3 follows, 43 sequences, length 35
# corresponding to MSA columns:
# 368-402
name=unknown_D
#
# <colnr> <probs for GDERKNQSTAVLIFYWHMCP>
#	G	D	E	R	K	N	Q	S	T	A	V	L	I	F	Y	W	H	M	C	P
0	0.01260	0.01217	0.02110	0.07341	0.51550	0.01246	0.09400	0.01574	0.01232	0.01745	0.04543	0.07085	0.01247	0.00639	0.00650	0.00177	0.05287	0.00609	0.00303	0.00786
1	0.01481	0.80869	0.02902	0.00948	0.01421	0.02191	0.00948	0.01658	0.01125	0.01303	0.00770	0.00888	0.00711	0.00474	0.00355	0.00118	0.00592	0.00296	0.00237	0.00711
2	0.84448	0.01071	0.00814	0.00728	0.01071	0.01242	0.00600	0.01628	0.00943	0.02485	0.00771	0.00900	0.00600	0.00514	0.00343	0.00171	0.00428	0.00300	0.00343	0.00600
3	0.01172	0.01097	0.01866	0.20906	0.39935	0.01141	0.05738	0.01505	0.01289	0.01796	0.16212	0.01958	0.01713	0.00634	0.00577	0.00173	0.00614	0.00604	0.00335	0.00736
4	0.00805	0.00537	0.00604	0.00604	0.00604	0.00537	0.00336	0.00805	0.00805	0.01074	0.01745	0.03624	0.02013	0.80536	0.02819	0.00537	0.00537	0.00805	0.00336	0.00336
5	0.84448	0.01071	0.00814	0.00728	0.01071	0.01242	0.00600	0.01628	0.00943	0.02485	0.00771	0.00900	0.00600	0.00514	0.00343	0.00171	0.00428	0.00300	0.00343	0.00600
6	0.02430	0.01019	0.04331	0.01009	0.01453	0.00833	0.00863	0.02661	0.01569	0.74446	0.02137	0.01857	0.01344	0.00679	0.00556	0.00172	0.00485	0.00551	0.00667	0.00938
7	0.00876	0.00691	0.00910	0.00953	0.01067	0.03948	0.00770	0.01087	0.01057	0.01421	0.02011	0.06418	0.02058	0.03015	0.45622	0.00616	0.01087	0.25513	0.00377	0.00504
8	0.00892	0.00637	0.00892	0.01020	0.01147	0.00637	0.00892	0.01147	0.01275	0.01657	0.02932	0.06247	0.03187	0.01530	0.00765	0.00255	0.00510	0.73354	0.00510	0.00510
9	0.01350	0.01648	0.07790	0.02288	0.07144	0.06612	0.61121	0.01798	0.01314	0.01746	0.01090	0.01433	0.00825	0.00479	0.00629	0.00182	0.00915	0.00609	0.00277	0.00752
10	0.00792	0.00563	0.00716	0.00677	0.00811	0.00519	0.00508	0.01046	0.01524	0.02168	0.67871	0.04076	0.09196	0.01117	0.00636	0.00172	0.00262	0.00981	0.05844	0.00519
11	0.01207	0.01323	0.06637	0.01634	0.06072	0.01581	0.08016	0.01408	0.00936	0.01426	0.00828	0.01283	0.00771	0.00995	0.04607	0.00254	0.59630	0.00500	0.00249	0.00644
12	0.00662	0.00561	0.00571	0.00568	0.00752	0.00471	0.00426	0.00808	0.01279	0.01535	0.09476	0.05265	0.72966	0.01388	0.00654	0.00186	0.00279	0.01160	0.00519	0.00471
13	0.01137	0.01784	0.27968	0.01760	0.02323	0.01197	0.36509	0.01600	0.01238	0.01726	0.05513	0.01914	0.05911	0.06020	0.00758	0.00206	0.00790	0.00633	0.00301	0.00713
14	0.02069	0.02640	0.01569	0.01427	0.01712	0.78313	0.01070	0.02212	0.01569	0.01355	0.00856	0.00999	0.00713	0.00571	0.00499	0.00143	0.00999	0.00357	0.00285	0.00642
15	0.01520	0.75862	0.02824	0.00968	0.01440	0.02162	0.00954	0.06304	0.01219	0.01441	0.00805	0.00916	0.00725	0.00486	0.00368	0.00121	0.00593	0.00309	0.00257	0.00725
16	0.84448	0.01071	0.00814	0.00728	0.01071	0.01242	0.00600	0.01628	0.00943	0.02485	0.00771	0.00900	0.00600	0.00514	0.00343	0.00171	0.00428	0.00300	0.00343	0.00600
17	0.01148	0.00984	0.01148	0.00820	0.01312	0.00738	0.00656	0.01395	0.01148	0.01805	0.00984	0.01148	0.00820	0.00410	0.00410	0.00082	0.00410	0.00328	0.00328	0.83922
18	0.00784	0.00566	0.00740	0.00697	0.00827	0.00523	0.00523	0.01045	0.01568	0.02221	0.76789	0.04137	0.05226	0.01132	0.00653	0.00174	0.00261	0.01002	0.00610	0.00523
19	0.01378	0.01190	0.01252	0.01127	0.01440	0.01378	0.00877	0.02943	0.76081	0.02317	0.02254	0.02066	0.01691	0.00751	0.00564	0.00188	0.00438	0.00626	0.00564	0.00877
20	0.00685	0.00539	0.00619	0.00648	0.00779	0.00473	0.00467	0.00836	0.01263	0.01612	0.18575	0.26706	0.41937	0.01447	0.00669	0.00195	0.00289	0.01254	0.00533	0.00473
21	0.01382	0.07618	0.53311	0.01500	0.02159	0.21327	0.01725	0.01867	0.01270	0.01623	0.00944	0.01108	0.00705	0.00535	0.00509	0.00163	0.00851	0.00389	0.00247	0.00766
22	0.00666	0.00517	0.00607	0.00679	0.00779	0.00458	0.00473	0.00782	0.01149	0.01450	0.04173	0.47387	0.35728	0.01589	0.00684	0.00208	0.00303	0.01397	0.00514	0.00458
23	0.01142	0.09491	0.71316	0.01525	0.02314	0.01363	0.01953	0.01746	0.01166	0.01716	0.00975	0.01145	0.00702	0.00522	0.00512	0.00171	0.00799	0.00400	0.00234	0.00809
24	0.02085	0.01541	0.01651	0.01270	0.01710	0.01708	0.01048	0.73205	0.04667	0.03457	0.01356	0.01350	0.00963	0.00667	0.00554	0.00167	0.00605	0.00502	0.00554	0.00940
25	0.04523	0.01011	0.01229	0.00884	0.01373	0.00788	0.03967	0.01421	0.01147	0.01831	0.00982	0.01154	0.00812	0.00417	0.00418	0.00090	0.00434	0.00341	0.00327	0.76851
26	0.01428	0.16259	0.04539	0.01396	0.06428	0.05746	0.16944	0.01741	0.03013	0.12912	0.13034	0.03442	0.05054	0.00682	0.00549	0.00161	0.00601	0.00612	0.00404	0.05056
27	0.01242	0.01360	0.09551	0.05150	0.13181	0.01158	0.28419	0.05893	0.01333	0.03523	0.04927	0.05313	0.05667	0.02622	0.00648	0.00181	0.00691	0.00650	0.00343	0.08149
28	0.01450	0.06928	0.14977	0.02007	0.27540	0.01405	0.03657	0.17549	0.08467	0.02196	0.05621	0.01520	0.01177	0.00593	0.00540	0.00165	0.00630	0.00510	0.00373	0.02696
29	0.01325	0.03144	0.17360	0.03081	0.07151	0.07754	0.20893	0.06110	0.01378	0.03596	0.10591	0.01654	0.01364	0.00602	0.00603	0.00166	0.03166	0.00552	0.00340	0.09167
30	0.04044	0.04598	0.04768	0.01920	0.20941	0.06483	0.16198	0.08276	0.04577	0.08436	0.01336	0.06385	0.01107	0.00715	0.02766	0.00188	0.00691	0.00573	0.00367	0.05632
31	0.03174	0.14635	0.22951	0.01461	0.08134	0.03917	0.08420	0.04989	0.04662	0.03737	0.13718	0.01800	0.03056	0.00658	0.00562	0.00167	0.02316	0.00550	0.00355	0.00739
32	0.01349	0.03629	0.21492	0.17422	0.16906	0.11028	0.01485	0.06605	0.04352	0.03097	0.01267	0.05217	0.02503	0.00627	0.00544	0.00172	0.00718	0.00522	0.00313	0.00752
33	0.11845	0.05312	0.13598	0.01626	0.12553	0.01280	0.14793	0.09085	0.04113	0.05184	0.01229	0.02801	0.00958	0.00576	0.00541	0.00168	0.02348	0.00502	0.08878	0.02610
34	0.01178	0.04351	0.11510	0.06324	0.23685	0.01084	0.02892	0.03190	0.04663	0.04660	0.24602	0.02312	0.03734	0.00749	0.00608	0.00172	0.02498	0.00657	0.00407	0.00724

[dist]
# distance from previous block
# <min> <max>
2	240

# created by:
# /st0/software/busco_prod/Augustus/scripts/msa2prfl.pl ./align_prep/64796.fa
