[name]
unknown

[dist]
# distance from previous block
# <min> <max>
0	26

[block]
# block no. 0 follows, 50 sequences, length 17
# corresponding to MSA columns:
# 26-42
name=unknown_A
#
# <colnr> <probs for GDERKNQSTAVLIFYWHMCP>
#	G	D	E	R	K	N	Q	S	T	A	V	L	I	F	Y	W	H	M	C	P
0	0.01279	0.00928	0.01027	0.00881	0.01086	0.01000	0.00670	0.36387	0.04145	0.02077	0.01599	0.09335	0.01569	0.28499	0.01217	0.00274	0.00492	0.06521	0.00426	0.00592
1	0.38334	0.00902	0.00836	0.00725	0.00996	0.02448	0.00583	0.10439	0.05818	0.09476	0.05677	0.01398	0.01101	0.00564	0.00388	0.00146	0.00376	0.00410	0.18782	0.00600
2	0.01158	0.45428	0.05736	0.00906	0.01262	0.01401	0.08739	0.01388	0.01074	0.01457	0.07787	0.01353	0.01144	0.00513	0.00385	0.00122	0.00484	0.00403	0.18665	0.00595
3	0.01220	0.18844	0.02009	0.15106	0.45383	0.04531	0.01313	0.01482	0.01097	0.01450	0.00956	0.01216	0.02374	0.00469	0.00457	0.00142	0.00596	0.00413	0.00240	0.00703
4	0.18341	0.00999	0.01117	0.00907	0.01257	0.01036	0.00738	0.13205	0.18135	0.36657	0.01620	0.01486	0.01105	0.00597	0.00464	0.00157	0.00428	0.00462	0.00516	0.00775
5	0.00712	0.00490	0.00602	0.00613	0.00634	0.00507	0.00386	0.00758	0.00761	0.01034	0.01622	0.09871	0.01819	0.58359	0.19259	0.00528	0.00651	0.00744	0.00308	0.00342
6	0.01186	0.16901	0.39130	0.01276	0.01737	0.11147	0.01390	0.01531	0.01027	0.01378	0.00790	0.00995	0.00639	0.00556	0.00694	0.00158	0.18228	0.00359	0.00218	0.00658
7	0.00677	0.00440	0.00554	0.00644	0.00692	0.00418	0.00438	0.00795	0.00974	0.01399	0.02504	0.64765	0.02859	0.01349	0.00574	0.00184	0.00277	0.01211	0.18827	0.00418
8	0.19123	0.00582	0.00616	0.00629	0.00769	0.00578	0.00463	0.00924	0.01078	0.01668	0.20739	0.29279	0.19543	0.01131	0.00544	0.00174	0.00289	0.00968	0.00450	0.00453
9	0.01303	0.01155	0.01775	0.22443	0.43296	0.01243	0.01367	0.17966	0.01362	0.01866	0.00981	0.01250	0.00770	0.00491	0.00496	0.00153	0.00601	0.00445	0.00295	0.00742
10	0.01001	0.18539	0.38652	0.01119	0.01633	0.01176	0.05205	0.01430	0.05096	0.01472	0.01818	0.01868	0.17697	0.00642	0.00475	0.00151	0.00577	0.00517	0.00283	0.00648
11	0.00784	0.00657	0.00894	0.00883	0.00904	0.00787	0.00660	0.00875	0.00863	0.01213	0.01872	0.41948	0.02174	0.10562	0.05091	0.00269	0.26427	0.02338	0.00356	0.00441
12	0.01206	0.05015	0.28774	0.01888	0.22459	0.01257	0.14704	0.08313	0.08279	0.01761	0.01047	0.01227	0.00795	0.00484	0.00498	0.00155	0.00661	0.00447	0.00280	0.00750
13	0.00870	0.00811	0.01320	0.55488	0.02667	0.00939	0.05099	0.01157	0.01044	0.01317	0.01885	0.02304	0.17788	0.00705	0.00533	0.00170	0.00574	0.04514	0.00288	0.00526
14	0.01648	0.01352	0.01467	0.18509	0.01940	0.08328	0.01034	0.50213	0.06361	0.02508	0.01140	0.01238	0.00829	0.00574	0.00495	0.00152	0.00595	0.00443	0.00418	0.00757
15	0.01457	0.01496	0.18323	0.01120	0.01566	0.01261	0.01055	0.31338	0.21159	0.05224	0.01338	0.01335	0.00974	0.00567	0.00482	0.00148	0.00527	0.00446	0.00421	0.09764
16	0.01115	0.31507	0.09304	0.01248	0.01639	0.01320	0.24014	0.01376	0.01061	0.02824	0.01275	0.18626	0.01261	0.00678	0.00487	0.00151	0.00590	0.00627	0.00286	0.00611

[dist]
# distance from previous block
# <min> <max>
0	1

[block]
# block no. 1 follows, 50 sequences, length 6
# corresponding to MSA columns:
# 44-49
name=unknown_B
#
# <colnr> <probs for GDERKNQSTAVLIFYWHMCP>
#	G	D	E	R	K	N	Q	S	T	A	V	L	I	F	Y	W	H	M	C	P
0	0.00933	0.00746	0.00843	0.00794	0.00989	0.00754	0.00592	0.08370	0.20745	0.01702	0.02551	0.33508	0.13630	0.01067	0.00553	0.00169	0.00344	0.00928	0.00458	0.10322
1	0.00918	0.00966	0.00752	0.00736	0.00913	0.20221	0.00554	0.01048	0.01192	0.01318	0.03684	0.09429	0.49813	0.01105	0.00564	0.00165	0.00427	0.05322	0.00412	0.00461
2	0.00943	0.06785	0.06671	0.00738	0.01133	0.00733	0.00647	0.01162	0.01059	0.01520	0.01902	0.01949	0.20114	0.00602	0.00427	0.00106	0.00378	0.00486	0.00325	0.52322
3	0.04238	0.01029	0.00993	0.00839	0.01142	0.12177	0.00658	0.01756	0.13911	0.21123	0.02350	0.02238	0.20361	0.00726	0.00489	0.00143	0.00435	0.00581	0.00447	0.14365
4	0.01014	0.00709	0.00779	0.00693	0.00791	0.00746	0.00462	0.19758	0.01125	0.01504	0.01478	0.02751	0.01574	0.62239	0.02033	0.00401	0.00499	0.00657	0.00351	0.00437
5	0.01442	0.27056	0.02172	0.08741	0.01897	0.29084	0.19905	0.01672	0.01191	0.01303	0.00816	0.01018	0.00672	0.00462	0.00448	0.00135	0.00749	0.00381	0.00239	0.00618

[dist]
# distance from previous block
# <min> <max>
0	16

[block]
# block no. 2 follows, 50 sequences, length 23
# corresponding to MSA columns:
# 66-88
name=unknown_C
#
# <colnr> <probs for GDERKNQSTAVLIFYWHMCP>
#	G	D	E	R	K	N	Q	S	T	A	V	L	I	F	Y	W	H	M	C	P
0	0.06090	0.61536	0.02255	0.00884	0.01297	0.01778	0.00840	0.11664	0.01211	0.07240	0.00853	0.00918	0.00705	0.00465	0.00356	0.00118	0.00519	0.00308	0.00286	0.00677
1	0.01230	0.58064	0.26432	0.01028	0.01550	0.01721	0.01158	0.01519	0.01025	0.01298	0.00755	0.00877	0.00637	0.00441	0.00367	0.00122	0.00596	0.00298	0.00212	0.00670
2	0.57144	0.15318	0.01105	0.00731	0.01048	0.01251	0.00621	0.01583	0.09978	0.02021	0.04608	0.01070	0.00872	0.00508	0.00347	0.00148	0.00405	0.00334	0.00326	0.00583
3	0.00673	0.00494	0.00631	0.00626	0.00732	0.00452	0.00458	0.00867	0.01291	0.01783	0.55763	0.18938	0.13137	0.01152	0.00597	0.00167	0.00248	0.01018	0.00522	0.00452
4	0.00941	0.00886	0.01495	0.81285	0.03433	0.01107	0.01384	0.01274	0.00997	0.01274	0.00886	0.01329	0.00664	0.00498	0.00498	0.00166	0.00664	0.00443	0.00221	0.00554
5	0.01593	0.01387	0.11048	0.01432	0.01897	0.01222	0.26228	0.24412	0.05292	0.18383	0.01300	0.01365	0.00905	0.00533	0.00526	0.00159	0.00633	0.00502	0.00409	0.00774
6	0.00835	0.00538	0.00708	0.00649	0.00789	0.00493	0.00493	0.01067	0.01412	0.08584	0.72574	0.03552	0.04409	0.00985	0.00581	0.00157	0.00251	0.00868	0.00554	0.00502
7	0.00606	0.00439	0.00573	0.00680	0.00719	0.00406	0.00457	0.00696	0.00968	0.01278	0.02916	0.76496	0.08850	0.01540	0.00633	0.00200	0.00286	0.01390	0.00463	0.00406
8	0.00988	0.07842	0.65333	0.01289	0.01932	0.01133	0.01613	0.01498	0.01092	0.01600	0.10023	0.01347	0.01108	0.00534	0.00476	0.00154	0.00664	0.00424	0.00250	0.00699
9	0.01060	0.23534	0.54253	0.01210	0.01827	0.01323	0.01484	0.01498	0.01048	0.01456	0.01120	0.01237	0.05895	0.00514	0.00441	0.00145	0.00651	0.00387	0.00228	0.00690
10	0.00668	0.00571	0.00581	0.00567	0.00748	0.00518	0.00429	0.00947	0.10182	0.01448	0.06411	0.04429	0.68371	0.01188	0.00579	0.00168	0.00269	0.00991	0.00470	0.00465
11	0.01441	0.01445	0.01850	0.02133	0.36724	0.16087	0.10153	0.12790	0.09114	0.01814	0.01061	0.01241	0.00840	0.00500	0.00498	0.00149	0.00652	0.00451	0.00312	0.00745
12	0.01472	0.01209	0.15856	0.01430	0.15380	0.00890	0.07542	0.01781	0.01282	0.31165	0.15047	0.01822	0.01612	0.00614	0.00517	0.00155	0.00514	0.00544	0.00433	0.00736
13	0.00922	0.00603	0.00661	0.00606	0.00820	0.00530	0.00468	0.01146	0.06368	0.15154	0.04306	0.04056	0.60288	0.01110	0.00568	0.00166	0.00292	0.00923	0.00493	0.00520
14	0.00721	0.00500	0.00629	0.00629	0.00658	0.00529	0.00408	0.00779	0.00750	0.01029	0.01493	0.02832	0.01625	0.56497	0.28268	0.00588	0.00764	0.00662	0.00290	0.00349
15	0.01229	0.08512	0.37129	0.05848	0.02141	0.10544	0.18692	0.07179	0.01211	0.01606	0.00911	0.01106	0.00679	0.00473	0.00488	0.00152	0.00745	0.00414	0.00247	0.00694
16	0.01241	0.09033	0.55207	0.01324	0.01960	0.01208	0.05197	0.06772	0.01185	0.10783	0.01028	0.01130	0.00723	0.00492	0.00471	0.00153	0.00675	0.00391	0.00280	0.00746
17	0.01862	0.02376	0.01413	0.01284	0.01541	0.80482	0.00963	0.01990	0.01413	0.01220	0.00770	0.00899	0.00642	0.00514	0.00449	0.00128	0.00899	0.00321	0.00257	0.00578
18	0.01059	0.00901	0.01026	0.00918	0.01046	0.07648	0.00728	0.10077	0.01179	0.01663	0.16802	0.01928	0.01716	0.01505	0.20371	0.00320	0.18773	0.00549	0.11257	0.00533
19	0.01708	0.01116	0.01486	0.10597	0.05463	0.07730	0.10181	0.07427	0.10276	0.34817	0.03042	0.01545	0.01112	0.00576	0.00509	0.00156	0.00553	0.00498	0.00456	0.00753
20	0.01277	0.25124	0.02220	0.01373	0.01706	0.08146	0.26159	0.01508	0.01072	0.05085	0.00995	0.06533	0.00887	0.00596	0.00684	0.00157	0.15092	0.00496	0.00267	0.00623
21	0.02236	0.00848	0.01157	0.00887	0.01272	0.00733	0.00733	0.02429	0.01427	0.79719	0.01966	0.01697	0.01234	0.00617	0.00501	0.00154	0.00424	0.00501	0.00617	0.00848
22	0.01114	0.00803	0.01019	0.10265	0.01350	0.00845	0.02035	0.15368	0.09167	0.08101	0.10650	0.20471	0.08435	0.00976	0.00565	0.00175	0.00417	0.07186	0.00464	0.00596

[dist]
# distance from previous block
# <min> <max>
1	4

[block]
# block no. 3 follows, 50 sequences, length 77
# corresponding to MSA columns:
# 93-169
name=unknown_D
#
# <colnr> <probs for GDERKNQSTAVLIFYWHMCP>
#	G	D	E	R	K	N	Q	S	T	A	V	L	I	F	Y	W	H	M	C	P
0	0.01535	0.01228	0.01361	0.01114	0.01457	0.01379	0.03677	0.36673	0.41091	0.02547	0.01614	0.01540	0.01188	0.00632	0.00506	0.00160	0.00481	0.00512	0.00494	0.00811
1	0.65904	0.01034	0.00903	0.13590	0.01399	0.05838	0.00703	0.01483	0.00916	0.03395	0.00752	0.00914	0.00578	0.00474	0.00351	0.00155	0.00461	0.00305	0.00297	0.00550
2	0.01366	0.68925	0.05457	0.00962	0.01387	0.09541	0.03715	0.01548	0.01059	0.01208	0.00720	0.00839	0.00644	0.00436	0.00348	0.00113	0.00588	0.00288	0.00219	0.00639
3	0.01049	0.00961	0.01644	0.59667	0.13853	0.01129	0.05909	0.01368	0.01034	0.04217	0.00931	0.01321	0.00708	0.00504	0.00546	0.00165	0.03694	0.00454	0.00241	0.00604
4	0.01468	0.01233	0.01632	0.04751	0.22884	0.01335	0.05648	0.30292	0.21315	0.02295	0.01315	0.01390	0.00991	0.00562	0.00505	0.00156	0.00543	0.00485	0.00407	0.00795
5	0.00685	0.00488	0.00609	0.00671	0.00715	0.00474	0.00445	0.03534	0.00954	0.01268	0.02468	0.54057	0.06310	0.20592	0.04074	0.00287	0.00382	0.01169	0.00419	0.00399
6	0.00743	0.00451	0.00623	0.00660	0.00681	0.00446	0.00440	0.00704	0.00801	0.01079	0.04501	0.28714	0.01977	0.13101	0.07423	0.35736	0.00452	0.00826	0.00326	0.00318
7	0.01041	0.00893	0.01037	0.00748	0.01185	0.00686	0.00598	0.01306	0.03874	0.01641	0.00928	0.01064	0.00767	0.00380	0.00374	0.00077	0.00370	0.00305	0.00303	0.82422
8	0.00634	0.00458	0.00605	0.00714	0.00763	0.00429	0.00505	0.00743	0.00992	0.01308	0.02869	0.66837	0.07757	0.01518	0.00641	0.00204	0.00311	0.11836	0.00462	0.00413
9	0.00626	0.00470	0.00581	0.00631	0.00716	0.00424	0.00443	0.00758	0.01108	0.01462	0.21327	0.44144	0.22780	0.01358	0.00613	0.00183	0.00267	0.01203	0.00483	0.00424
10	0.16363	0.01451	0.01099	0.01039	0.01254	0.33965	0.00822	0.06062	0.01251	0.01585	0.01366	0.06826	0.01355	0.00802	0.00542	0.00167	0.03599	0.19562	0.00342	0.00546
11	0.00717	0.00515	0.00703	0.00703	0.00758	0.00570	0.00501	0.00827	0.00772	0.01084	0.01425	0.02456	0.01462	0.33797	0.50744	0.00680	0.01010	0.00607	0.00280	0.00390
12	0.00941	0.00886	0.01495	0.81285	0.03433	0.01107	0.01384	0.01274	0.00997	0.01274	0.00886	0.01329	0.00664	0.00498	0.00498	0.00166	0.00664	0.00443	0.00221	0.00554
13	0.01091	0.01091	0.01527	0.01309	0.01309	0.01527	0.01091	0.01200	0.00763	0.01200	0.00654	0.01091	0.00654	0.00872	0.01636	0.00218	0.81570	0.00436	0.00218	0.00545
14	0.01996	0.01102	0.01319	0.04896	0.11505	0.11688	0.00897	0.02200	0.01367	0.55328	0.01621	0.01511	0.01070	0.00575	0.00493	0.00150	0.00522	0.00467	0.00502	0.00790
15	0.01488	0.00681	0.00908	0.00809	0.01034	0.00615	0.00619	0.04412	0.01247	0.41497	0.02291	0.37995	0.02151	0.01043	0.00562	0.00176	0.00368	0.00913	0.00543	0.00648
16	0.00602	0.00456	0.00556	0.00635	0.00707	0.00410	0.00437	0.00701	0.01011	0.01295	0.03464	0.58066	0.26925	0.01468	0.00622	0.00192	0.00278	0.01303	0.00463	0.00410
17	0.04411	0.01382	0.07317	0.02136	0.12989	0.01239	0.59740	0.01581	0.01151	0.01624	0.00980	0.01292	0.00745	0.00428	0.00558	0.00164	0.00783	0.00543	0.00251	0.00687
18	0.00941	0.00886	0.01495	0.81285	0.03433	0.01107	0.01384	0.01274	0.00997	0.01274	0.00886	0.01329	0.00664	0.00498	0.00498	0.00166	0.00664	0.00443	0.00221	0.00554
19	0.01648	0.02055	0.01889	0.01538	0.01872	0.55811	0.24817	0.01868	0.01339	0.01337	0.00845	0.01038	0.00678	0.00485	0.00493	0.00141	0.00881	0.00404	0.00255	0.00607
20	0.01151	0.01083	0.01825	0.02725	0.68367	0.01078	0.01381	0.01424	0.01131	0.01612	0.04742	0.08912	0.01206	0.00575	0.00511	0.00154	0.00547	0.00556	0.00281	0.00739
21	0.00941	0.00886	0.01495	0.81285	0.03433	0.01107	0.01384	0.01274	0.00997	0.01274	0.00886	0.01329	0.00664	0.00498	0.00498	0.00166	0.00664	0.00443	0.00221	0.00554
22	0.00929	0.00465	0.00465	0.00465	0.00581	0.00465	0.00348	0.01161	0.01045	0.01858	0.01626	0.01858	0.01278	0.00581	0.00348	0.00116	0.00232	0.00465	0.85250	0.00465
23	0.00771	0.00534	0.00685	0.00734	0.00824	0.00520	0.00527	0.01021	0.08312	0.05138	0.16080	0.52545	0.03257	0.01328	0.00612	0.00191	0.00306	0.05649	0.00489	0.00476
24	0.00622	0.00444	0.00595	0.00711	0.00746	0.00418	0.00488	0.00720	0.00969	0.01289	0.02739	0.76363	0.03264	0.01548	0.00640	0.00204	0.00302	0.07065	0.00462	0.00409
25	0.02024	0.00877	0.01139	0.00900	0.01260	0.00812	0.00735	0.03568	0.13022	0.63948	0.04861	0.01789	0.01401	0.00641	0.00505	0.00156	0.00415	0.00525	0.00596	0.00825
26	0.00712	0.00534	0.00801	0.00801	0.00890	0.00623	0.00623	0.00890	0.00801	0.01157	0.01335	0.01958	0.01246	0.03738	0.80507	0.00801	0.01335	0.00534	0.00267	0.00445
27	0.00607	0.00434	0.00578	0.00694	0.00723	0.00405	0.00463	0.00694	0.00954	0.01272	0.02747	0.82157	0.03297	0.01562	0.00636	0.00202	0.00289	0.01417	0.00463	0.00405
28	0.01066	0.00692	0.00976	0.00890	0.01027	0.00791	0.00707	0.04189	0.00966	0.14640	0.01387	0.03878	0.01212	0.03996	0.49755	0.00566	0.11848	0.00538	0.00335	0.00539
29	0.01505	0.02206	0.24120	0.01494	0.05262	0.40624	0.10576	0.05634	0.01315	0.01484	0.00864	0.01027	0.00670	0.00492	0.00478	0.00144	0.00814	0.00379	0.00255	0.00658
30	0.00941	0.00886	0.01495	0.81285	0.03433	0.01107	0.01384	0.01274	0.00997	0.01274	0.00886	0.01329	0.00664	0.00498	0.00498	0.00166	0.00664	0.00443	0.00221	0.00554
31	0.00736	0.00483	0.00610	0.00688	0.00753	0.00465	0.00487	0.03013	0.01030	0.02536	0.02495	0.59411	0.02825	0.01342	0.00586	0.00188	0.00302	0.06849	0.14765	0.00438
32	0.00930	0.00953	0.06175	0.06388	0.12190	0.00868	0.19622	0.01169	0.01008	0.01375	0.01538	0.15695	0.01587	0.16901	0.02453	0.00251	0.02289	0.07757	0.00311	0.00540
33	0.00984	0.00923	0.01551	0.64801	0.16449	0.01098	0.01370	0.01298	0.01011	0.01324	0.00920	0.01383	0.00728	0.03502	0.00572	0.00175	0.00645	0.00454	0.00229	0.00585
34	0.00597	0.00473	0.00538	0.00590	0.00696	0.00414	0.00417	0.00706	0.01054	0.01313	0.04010	0.39715	0.44924	0.01397	0.00610	0.00184	0.00269	0.01217	0.00463	0.00414
35	0.01206	0.01156	0.01973	0.10479	0.72171	0.01177	0.01516	0.01505	0.01122	0.01595	0.00933	0.01243	0.00778	0.00449	0.00494	0.00150	0.00599	0.00444	0.00244	0.00767
36	0.01701	0.05334	0.11304	0.15783	0.07707	0.05703	0.01071	0.01970	0.01257	0.41014	0.01421	0.01420	0.00955	0.00548	0.00484	0.00152	0.00554	0.00447	0.00424	0.00749
37	0.00638	0.00470	0.00603	0.00682	0.00753	0.00434	0.00489	0.00765	0.01060	0.01397	0.12420	0.52142	0.15032	0.01429	0.00629	0.00195	0.00296	0.09672	0.00473	0.00421
38	0.00941	0.00886	0.01495	0.81285	0.03433	0.01107	0.01384	0.01274	0.00997	0.01274	0.00886	0.01329	0.00664	0.00498	0.00498	0.00166	0.00664	0.00443	0.00221	0.00554
39	0.00866	0.00433	0.00649	0.00649	0.00649	0.00433	0.00433	0.00649	0.00649	0.00866	0.00866	0.01515	0.00866	0.01732	0.01948	0.85498	0.00433	0.00433	0.00216	0.00216
40	0.01054	0.01866	0.41722	0.01484	0.05739	0.01311	0.04307	0.01425	0.00945	0.01430	0.00805	0.01088	0.00653	0.00630	0.00945	0.00182	0.33130	0.00407	0.00217	0.00660
41	0.00726	0.00514	0.00615	0.00624	0.00675	0.00508	0.00405	0.00884	0.05568	0.01342	0.20128	0.20302	0.02796	0.40956	0.01547	0.00327	0.00378	0.00906	0.00407	0.00393
42	0.86003	0.00964	0.00733	0.00655	0.00964	0.01118	0.00540	0.01465	0.00848	0.02236	0.00694	0.00810	0.00540	0.00463	0.00308	0.00154	0.00386	0.00270	0.00308	0.00540
43	0.01253	0.00887	0.01059	0.00776	0.01202	0.00701	0.00624	0.01520	0.04422	0.15310	0.01124	0.01185	0.00859	0.00426	0.00398	0.00092	0.00380	0.00343	0.00361	0.67079
44	0.00750	0.00640	0.00661	0.00633	0.00825	0.00619	0.00481	0.01188	0.19594	0.01556	0.08075	0.04042	0.56886	0.01110	0.00570	0.00168	0.00285	0.00928	0.00478	0.00511
45	0.00600	0.00477	0.00540	0.00585	0.00696	0.00416	0.00416	0.00715	0.01073	0.01339	0.06663	0.35765	0.46212	0.01374	0.00608	0.00182	0.00267	0.01193	0.00466	0.00416
46	0.04758	0.00988	0.01061	0.00781	0.01207	0.04762	0.00624	0.04857	0.01106	0.01701	0.00886	0.01025	0.00730	0.00391	0.00377	0.00084	0.00405	0.00303	0.00303	0.73651
47	0.10952	0.05599	0.06988	0.00942	0.01357	0.02384	0.03721	0.11056	0.01324	0.27449	0.03275	0.01314	0.00981	0.00521	0.00442	0.00133	0.00471	0.00410	0.00421	0.20260
48	0.01240	0.59011	0.20764	0.01014	0.01488	0.01754	0.01100	0.01495	0.01007	0.01270	0.00738	0.00876	0.00639	0.00464	0.00434	0.00125	0.05409	0.00301	0.00213	0.00657
49	0.00595	0.00505	0.00512	0.00511	0.00677	0.00423	0.00383	0.00726	0.01149	0.01377	0.08494	0.04747	0.75708	0.01251	0.00589	0.00168	0.00252	0.01045	0.00467	0.00423
50	0.01227	0.01177	0.02011	0.04848	0.77637	0.01183	0.01526	0.01524	0.01132	0.01620	0.00936	0.01236	0.00787	0.00445	0.00494	0.00148	0.00594	0.00444	0.00246	0.00784
51	0.03260	0.01330	0.12714	0.01352	0.01804	0.01117	0.23365	0.10864	0.12520	0.20443	0.02629	0.01462	0.01032	0.00541	0.00517	0.00158	0.00594	0.00506	0.00406	0.03386
52	0.01650	0.01203	0.01213	0.00985	0.01293	0.15207	0.04757	0.20939	0.03519	0.19045	0.01390	0.01427	0.01005	0.00567	0.00455	0.00138	0.00514	0.00446	0.20437	0.03810
53	0.00603	0.00451	0.00561	0.00649	0.00711	0.00409	0.00443	0.00699	0.00997	0.01290	0.03290	0.63923	0.21180	0.01491	0.00625	0.00194	0.00281	0.01331	0.00463	0.00409
54	0.01239	0.01095	0.00842	0.00786	0.00971	0.22467	0.00595	0.01653	0.14937	0.01724	0.01464	0.01596	0.01147	0.00579	0.00404	0.00129	0.00443	0.00443	0.46931	0.00553
55	0.01026	0.08928	0.73781	0.01376	0.02088	0.01222	0.01763	0.01572	0.01049	0.01546	0.00879	0.01032	0.00632	0.00470	0.00461	0.00154	0.00721	0.00360	0.00211	0.00729
56	0.01137	0.00911	0.01062	0.00770	0.01204	0.00721	0.00618	0.04628	0.03126	0.05651	0.00984	0.01096	0.00788	0.00399	0.00385	0.00084	0.00380	0.00319	0.00326	0.75410
57	0.01000	0.02578	0.79900	0.01421	0.02157	0.01158	0.01842	0.01579	0.01052	0.01579	0.00895	0.01052	0.00631	0.00474	0.00474	0.00158	0.00737	0.00368	0.00210	0.00737
58	0.00943	0.00691	0.00795	0.00712	0.00900	0.00678	0.00548	0.15519	0.02994	0.04008	0.34785	0.09385	0.24038	0.01029	0.00571	0.00162	0.00312	0.00878	0.00510	0.00540
59	0.01203	0.01208	0.02000	0.01532	0.01878	0.07108	0.38575	0.03077	0.11461	0.04613	0.09002	0.03424	0.02791	0.00634	0.00643	0.00170	0.06551	0.03141	0.00346	0.00644
60	0.00794	0.00459	0.00612	0.00614	0.00619	0.00463	0.00389	0.00694	0.00694	0.00931	0.01220	0.03740	0.01326	0.35624	0.06284	0.43933	0.00499	0.00578	0.00259	0.00268
61	0.00725	0.00483	0.00544	0.00544	0.00544	0.00483	0.00302	0.00725	0.00725	0.00966	0.01571	0.03262	0.01812	0.82483	0.02537	0.00483	0.00483	0.00725	0.00302	0.00302
62	0.01862	0.02376	0.01413	0.01284	0.01541	0.80482	0.00963	0.01990	0.01413	0.01220	0.00770	0.00899	0.00642	0.00514	0.00449	0.00128	0.00899	0.00321	0.00257	0.00578
63	0.06701	0.01790	0.01492	0.01618	0.19689	0.42605	0.01049	0.07826	0.06738	0.04471	0.00970	0.01091	0.00769	0.00516	0.00461	0.00140	0.00717	0.00380	0.00307	0.00671
64	0.00712	0.00534	0.00801	0.00801	0.00890	0.00623	0.00623	0.00890	0.00801	0.01157	0.01335	0.01958	0.01246	0.03738	0.80507	0.00801	0.01335	0.00534	0.00267	0.00445
65	0.01911	0.01426	0.01473	0.01141	0.01531	0.06206	0.00937	0.69257	0.02240	0.07037	0.01212	0.01205	0.00856	0.00594	0.00496	0.00149	0.00563	0.00444	0.00490	0.00832
66	0.01162	0.01111	0.01894	0.22190	0.60802	0.01166	0.01494	0.01467	0.01101	0.01542	0.00925	0.01257	0.00759	0.00457	0.00495	0.00152	0.00610	0.00444	0.00241	0.00732
67	0.01243	0.00967	0.01019	0.00886	0.01131	0.03877	0.00699	0.35602	0.01657	0.02147	0.02549	0.18510	0.21258	0.01001	0.00558	0.00169	0.00430	0.05209	0.00471	0.00619
68	0.00607	0.00434	0.00578	0.00694	0.00723	0.00405	0.00463	0.00694	0.00954	0.01272	0.02747	0.82157	0.03297	0.01562	0.00636	0.00202	0.00289	0.01417	0.00463	0.00405
69	0.02143	0.00869	0.01154	0.00899	0.01275	0.00780	0.00738	0.02450	0.08627	0.72464	0.01972	0.01712	0.01261	0.00622	0.00502	0.00156	0.00421	0.00507	0.00607	0.00843
70	0.03269	0.01657	0.19923	0.01347	0.09175	0.12271	0.01160	0.23006	0.01552	0.19974	0.01208	0.01232	0.00845	0.00544	0.00482	0.00150	0.00614	0.00420	0.00396	0.00772
71	0.00712	0.00534	0.00801	0.00801	0.00890	0.00623	0.00623	0.00890	0.00801	0.01157	0.01335	0.01958	0.01246	0.03738	0.80507	0.00801	0.01335	0.00534	0.00267	0.00445
72	0.00803	0.00574	0.00803	0.00918	0.01033	0.00574	0.00803	0.01033	0.01147	0.01492	0.02639	0.05622	0.02869	0.01377	0.00688	0.00229	0.00459	0.76018	0.00459	0.00459
73	0.01281	0.00753	0.01106	0.23295	0.06354	0.00783	0.00909	0.01533	0.01163	0.22879	0.01690	0.02439	0.01408	0.00731	0.00514	0.00167	0.00475	0.16701	0.15208	0.00612
74	0.01833	0.01306	0.01415	0.01099	0.01482	0.01431	0.00903	0.64311	0.08006	0.08633	0.01426	0.01386	0.03154	0.00624	0.00502	0.00152	0.00519	0.00478	0.00507	0.00831
75	0.00913	0.00565	0.00662	0.00608	0.00787	0.00498	0.00459	0.01059	0.01177	0.15072	0.15830	0.03810	0.42848	0.08816	0.04472	0.00223	0.00352	0.00877	0.00479	0.00493
76	0.54097	0.00983	0.00962	0.00821	0.01076	0.01151	0.00677	0.01373	0.00854	0.01906	0.00712	0.00907	0.00595	0.00546	0.00630	0.00158	0.19519	0.00313	0.00285	0.12436

[dist]
# distance from previous block
# <min> <max>
0	6

[block]
# block no. 4 follows, 50 sequences, length 44
# corresponding to MSA columns:
# 176-219
name=unknown_E
#
# <colnr> <probs for GDERKNQSTAVLIFYWHMCP>
#	G	D	E	R	K	N	Q	S	T	A	V	L	I	F	Y	W	H	M	C	P
0	0.01138	0.01238	0.01866	0.01499	0.03177	0.14575	0.34129	0.01417	0.02615	0.01396	0.01253	0.11610	0.01173	0.03844	0.12173	0.00270	0.05133	0.00633	0.00286	0.00575
1	0.75284	0.00954	0.00771	0.00666	0.00991	0.01061	0.00546	0.01439	0.00872	0.02159	0.00718	0.00838	0.00565	0.00451	0.00316	0.00144	0.00384	0.00273	0.00307	0.11261
2	0.00603	0.00482	0.00529	0.00564	0.00680	0.00420	0.00399	0.00710	0.01057	0.01301	0.04151	0.27687	0.51857	0.06361	0.00723	0.00198	0.00278	0.01140	0.00453	0.00409
3	0.01538	0.51630	0.02147	0.01020	0.01381	0.32390	0.00896	0.01685	0.01168	0.01191	0.00723	0.00838	0.00641	0.00460	0.00370	0.00115	0.00675	0.00288	0.00230	0.00616
4	0.00606	0.00438	0.00574	0.00682	0.00720	0.00406	0.00458	0.00695	0.00966	0.01277	0.02889	0.77386	0.07976	0.01543	0.00633	0.00200	0.00287	0.01394	0.00463	0.00406
5	0.01174	0.00995	0.01078	0.01000	0.01256	0.01139	0.00791	0.02404	0.66747	0.01995	0.02121	0.02430	0.01726	0.00783	0.00535	0.00178	0.00404	0.12006	0.00500	0.00739
6	0.17946	0.01509	0.01102	0.00981	0.01245	0.34001	0.00758	0.06701	0.10270	0.06041	0.05347	0.01307	0.01056	0.00568	0.00432	0.00141	0.00589	0.00404	0.08993	0.00610
7	0.01486	0.51398	0.02127	0.01005	0.01355	0.28419	0.00887	0.01635	0.01136	0.01189	0.00740	0.00877	0.00661	0.00575	0.03082	0.00139	0.02153	0.00297	0.00230	0.00611
8	0.00656	0.00497	0.00614	0.00690	0.00779	0.00465	0.00507	0.00821	0.03640	0.01356	0.03330	0.45959	0.23758	0.01420	0.00628	0.00196	0.00311	0.13480	0.00464	0.00431
9	0.01079	0.01200	0.09746	0.37366	0.35247	0.01150	0.04242	0.01424	0.01067	0.01466	0.00913	0.01261	0.00717	0.00470	0.00497	0.00158	0.00648	0.00441	0.00232	0.00676
10	0.01034	0.00886	0.01034	0.00738	0.01181	0.00664	0.00591	0.01255	0.01034	0.01624	0.00886	0.01034	0.00738	0.00369	0.00369	0.00074	0.00369	0.00295	0.00295	0.85530
11	0.01034	0.00886	0.01034	0.00738	0.01181	0.00664	0.00591	0.01255	0.01034	0.01624	0.00886	0.01034	0.00738	0.00369	0.00369	0.00074	0.00369	0.00295	0.00295	0.85530
12	0.01234	0.01184	0.02023	0.03059	0.79373	0.01184	0.01530	0.01530	0.01135	0.01628	0.00938	0.01234	0.00790	0.00444	0.00493	0.00148	0.00592	0.00444	0.00247	0.00790
13	0.01895	0.01396	0.01496	0.01147	0.01546	0.01546	0.00947	0.77711	0.02344	0.03141	0.01197	0.01197	0.00848	0.00598	0.00499	0.00150	0.00548	0.00449	0.00499	0.00848
14	0.00607	0.00434	0.00578	0.00694	0.00723	0.00405	0.00463	0.00694	0.00954	0.01272	0.02747	0.82157	0.03297	0.01562	0.00636	0.00202	0.00289	0.01417	0.00463	0.00405
15	0.00776	0.00629	0.00809	0.00802	0.00891	0.04952	0.00610	0.00934	0.00827	0.01142	0.01328	0.02030	0.01269	0.11364	0.68429	0.00733	0.01227	0.00541	0.00270	0.00438
16	0.00589	0.00505	0.00505	0.00505	0.00673	0.00421	0.00379	0.00715	0.01136	0.01347	0.05049	0.04797	0.79171	0.01262	0.00589	0.00168	0.00252	0.01052	0.00463	0.00421
17	0.01000	0.02578	0.79900	0.01421	0.02157	0.01158	0.01842	0.01579	0.01052	0.01579	0.00895	0.01052	0.00631	0.00474	0.00474	0.00158	0.00737	0.00368	0.00210	0.00737
18	0.00705	0.00510	0.00666	0.00627	0.00745	0.00470	0.00470	0.00941	0.01411	0.01999	0.79110	0.03723	0.04703	0.01019	0.00588	0.00157	0.00235	0.00901	0.00549	0.00470
19	0.00991	0.00937	0.01585	0.67927	0.16400	0.01121	0.01409	0.01317	0.01020	0.01334	0.00895	0.01313	0.00686	0.00489	0.00498	0.00163	0.00652	0.00443	0.00226	0.00594
20	0.00929	0.00465	0.00465	0.00465	0.00581	0.00465	0.00348	0.01161	0.01045	0.01858	0.01626	0.01858	0.01278	0.00581	0.00348	0.00116	0.00232	0.00465	0.85250	0.00465
21	0.00661	0.00476	0.00635	0.00721	0.00786	0.00449	0.00529	0.00802	0.01072	0.01435	0.15064	0.51655	0.06093	0.01427	0.00637	0.00199	0.00313	0.16143	0.00476	0.00427
22	0.01111	0.01803	0.43763	0.01219	0.03125	0.01068	0.01338	0.01825	0.20462	0.06001	0.02844	0.01641	0.01128	0.00598	0.00490	0.00162	0.00576	0.04556	0.05572	0.00720
23	0.01371	0.77009	0.02526	0.00884	0.01298	0.07609	0.00861	0.01528	0.01041	0.01176	0.00699	0.00807	0.00640	0.00433	0.00329	0.00108	0.00559	0.00270	0.00216	0.00635
24	0.00734	0.00560	0.00816	0.00804	0.00879	0.00659	0.00617	0.00891	0.00792	0.01141	0.01321	0.02038	0.01269	0.11277	0.68574	0.00738	0.05641	0.00547	0.00268	0.00437
25	0.86003	0.00964	0.00733	0.00655	0.00964	0.01118	0.00540	0.01465	0.00848	0.02236	0.00694	0.00810	0.00540	0.00463	0.00308	0.00154	0.00386	0.00270	0.00308	0.00540
26	0.01208	0.01158	0.01977	0.09942	0.72692	0.01178	0.01517	0.01507	0.01123	0.01597	0.00933	0.01242	0.00779	0.00449	0.00494	0.00150	0.00599	0.00444	0.00245	0.00769
27	0.00718	0.00481	0.00546	0.00552	0.00553	0.00479	0.00311	0.00723	0.00737	0.00983	0.01635	0.07577	0.01893	0.78056	0.02433	0.00468	0.00473	0.00763	0.00311	0.00308
28	0.01000	0.02578	0.79900	0.01421	0.02157	0.01158	0.01842	0.01579	0.01052	0.01579	0.00895	0.01052	0.00631	0.00474	0.00474	0.00158	0.00737	0.00368	0.00210	0.00737
29	0.00607	0.00434	0.00578	0.00694	0.00723	0.00405	0.00463	0.00694	0.00954	0.01272	0.02747	0.82157	0.03297	0.01562	0.00636	0.00202	0.00289	0.01417	0.00463	0.00405
30	0.01112	0.29630	0.53832	0.01229	0.01861	0.01432	0.01508	0.01550	0.01039	0.01442	0.00827	0.00967	0.00634	0.00458	0.00422	0.00141	0.00668	0.00334	0.00211	0.00704
31	0.01563	0.48709	0.02126	0.01004	0.01391	0.17348	0.00896	0.18662	0.01390	0.01623	0.00821	0.00908	0.00687	0.00482	0.00385	0.00121	0.00609	0.00318	0.00286	0.00674
32	0.86003	0.00964	0.00733	0.00655	0.00964	0.01118	0.00540	0.01465	0.00848	0.02236	0.00694	0.00810	0.00540	0.00463	0.00308	0.00154	0.00386	0.00270	0.00308	0.00540
33	0.01043	0.06905	0.74088	0.01379	0.02092	0.01193	0.01765	0.01591	0.01058	0.03153	0.00905	0.01052	0.00644	0.00474	0.00466	0.00155	0.00719	0.00366	0.00219	0.00734
34	0.00766	0.00584	0.00690	0.00658	0.00803	0.00557	0.00493	0.05679	0.05530	0.01814	0.41417	0.13945	0.22971	0.01107	0.00585	0.00166	0.00275	0.00960	0.00510	0.00490
35	0.09318	0.00553	0.00583	0.00562	0.00727	0.00509	0.00426	0.00868	0.01200	0.01659	0.29842	0.04026	0.45798	0.01098	0.00560	0.00163	0.00260	0.00921	0.00476	0.00450
36	0.00904	0.00710	0.00975	0.00922	0.00967	0.00858	0.00706	0.01008	0.00874	0.06040	0.01663	0.30587	0.01829	0.09756	0.10906	0.00307	0.29333	0.00834	0.00345	0.00477
37	0.00619	0.00439	0.00575	0.00679	0.00705	0.00413	0.00446	0.00697	0.00931	0.01241	0.02628	0.74131	0.03146	0.09794	0.00830	0.00231	0.00309	0.01347	0.00446	0.00394
38	0.01159	0.01132	0.02022	0.05582	0.55418	0.01122	0.14400	0.01472	0.01165	0.01647	0.08900	0.01509	0.01177	0.00501	0.00519	0.00153	0.00601	0.00515	0.00277	0.00728
39	0.01170	0.01108	0.01876	0.02819	0.71372	0.01105	0.01421	0.01445	0.01117	0.01592	0.01122	0.09466	0.01045	0.00558	0.00508	0.00154	0.00561	0.00543	0.00269	0.00750
40	0.01717	0.06581	0.01390	0.01185	0.01425	0.68049	0.00890	0.01834	0.01321	0.01192	0.00848	0.01134	0.00761	0.08848	0.00655	0.00163	0.00837	0.00359	0.00259	0.00553
41	0.01762	0.01305	0.01395	0.01082	0.01457	0.01431	0.00890	0.69878	0.02221	0.02959	0.01589	0.01563	0.08816	0.00666	0.00508	0.00151	0.00518	0.00510	0.00495	0.00804
42	0.01092	0.09486	0.02492	0.01701	0.02140	0.01190	0.56580	0.01436	0.01153	0.01511	0.01666	0.01879	0.14134	0.00565	0.00561	0.00162	0.00709	0.00635	0.00284	0.00626
43	0.01053	0.01029	0.01427	0.01231	0.01231	0.01421	0.01010	0.01151	0.00759	0.01176	0.00748	0.01311	0.00772	0.09175	0.01727	0.00245	0.73321	0.00466	0.00227	0.00521

[dist]
# distance from previous block
# <min> <max>
0	35

[block]
# block no. 5 follows, 50 sequences, length 20
# corresponding to MSA columns:
# 255-274
name=unknown_F
#
# <colnr> <probs for GDERKNQSTAVLIFYWHMCP>
#	G	D	E	R	K	N	Q	S	T	A	V	L	I	F	Y	W	H	M	C	P
0	0.00850	0.01132	0.19802	0.00969	0.01219	0.05494	0.00923	0.01114	0.00895	0.01255	0.01205	0.01728	0.01084	0.05782	0.53559	0.00595	0.01133	0.00489	0.00254	0.00517
1	0.01003	0.00537	0.00723	0.00746	0.00863	0.00488	0.00537	0.01119	0.01073	0.20097	0.02557	0.60789	0.02790	0.01330	0.00605	0.00192	0.00326	0.03212	0.00500	0.00513
2	0.01034	0.00886	0.01034	0.00738	0.01181	0.00664	0.00591	0.01255	0.01034	0.01624	0.00886	0.01034	0.00738	0.00369	0.00369	0.00074	0.00369	0.00295	0.00295	0.85530
3	0.01042	0.01365	0.20402	0.44857	0.17244	0.01148	0.01507	0.03935	0.01081	0.01475	0.00908	0.01240	0.00686	0.00486	0.00491	0.00160	0.00664	0.00425	0.00233	0.00651
4	0.01626	0.20566	0.01483	0.00911	0.01246	0.01180	0.00767	0.17409	0.06720	0.27550	0.01629	0.13986	0.01355	0.00719	0.00479	0.00150	0.00453	0.00582	0.00464	0.00725
5	0.01149	0.01537	0.14975	0.01994	0.02535	0.01244	0.65723	0.01594	0.01157	0.01594	0.00991	0.01299	0.00737	0.00429	0.00570	0.00166	0.00824	0.00554	0.00246	0.00682
6	0.01039	0.00944	0.00778	0.00731	0.00885	0.19659	0.00549	0.01242	0.01291	0.01733	0.33938	0.02581	0.07184	0.00788	0.00487	0.00139	0.00395	0.00647	0.24497	0.00492
7	0.00986	0.02172	0.61092	0.20579	0.02463	0.01146	0.01732	0.01505	0.01039	0.01505	0.00892	0.01119	0.00639	0.00480	0.00480	0.00160	0.00719	0.00386	0.00213	0.00693
8	0.01270	0.01029	0.01459	0.01138	0.01442	0.01079	0.17023	0.17236	0.10531	0.03550	0.01288	0.01448	0.00989	0.00569	0.00580	0.00147	0.08418	0.00479	0.20732	0.09594
9	0.00607	0.00434	0.00578	0.00694	0.00723	0.00405	0.00463	0.00694	0.00954	0.01272	0.02747	0.82157	0.03297	0.01562	0.00636	0.00202	0.00289	0.01417	0.00463	0.00405
10	0.01027	0.00589	0.00721	0.00641	0.00843	0.00514	0.00497	0.01209	0.01307	0.20387	0.31551	0.03658	0.33084	0.01018	0.00568	0.00161	0.00287	0.00864	0.00531	0.00542
11	0.00941	0.00886	0.01495	0.81285	0.03433	0.01107	0.01384	0.01274	0.00997	0.01274	0.00886	0.01329	0.00664	0.00498	0.00498	0.00166	0.00664	0.00443	0.00221	0.00554
12	0.01156	0.01284	0.02602	0.01911	0.02294	0.01324	0.59218	0.01501	0.01077	0.01501	0.00923	0.01284	0.00732	0.00529	0.00840	0.00180	0.20206	0.00552	0.00244	0.00642
13	0.65819	0.01303	0.00896	0.00806	0.01102	0.20156	0.00641	0.01591	0.00984	0.01993	0.00712	0.00831	0.00564	0.00475	0.00342	0.00148	0.00509	0.00282	0.00296	0.00549
14	0.00599	0.00505	0.00518	0.00515	0.00679	0.00425	0.00386	0.00734	0.01159	0.01400	0.11148	0.04709	0.73039	0.01242	0.00589	0.00167	0.00251	0.01040	0.00470	0.00425
15	0.00631	0.00452	0.00599	0.00678	0.00728	0.00421	0.00465	0.00753	0.01064	0.01447	0.21066	0.63342	0.03634	0.01431	0.00625	0.00191	0.00276	0.01293	0.00483	0.00421
16	0.01161	0.01439	0.12640	0.02148	0.20819	0.01252	0.40938	0.01563	0.02664	0.01576	0.00965	0.01267	0.00754	0.00479	0.00644	0.00166	0.08067	0.00511	0.00247	0.00700
17	0.01283	0.01164	0.01519	0.01270	0.01366	0.01531	0.01056	0.19554	0.01142	0.01665	0.00784	0.01116	0.00701	0.00807	0.01363	0.00202	0.62134	0.00439	0.00285	0.00618
18	0.00976	0.00969	0.00756	0.00715	0.00912	0.19641	0.00538	0.01105	0.01213	0.05171	0.03819	0.05454	0.54786	0.01058	0.00552	0.00159	0.00417	0.00858	0.00421	0.00479
19	0.01704	0.00866	0.03028	0.00854	0.01184	0.00777	0.00706	0.03480	0.13655	0.47654	0.07847	0.02268	0.12242	0.00740	0.00520	0.00159	0.00393	0.00611	0.00561	0.00750

[dist]
# distance from previous block
# <min> <max>
0	5

# created by:
# /st0/software/busco_prod/Augustus/scripts/msa2prfl.pl ./align_prep/64967.fa
