[name]
unknown

[dist]
# distance from previous block
# <min> <max>
0	87

[block]
# block no. 0 follows, 46 sequences, length 11
# corresponding to MSA columns:
# 123-133
name=unknown_A
#
# <colnr> <probs for GDERKNQSTAVLIFYWHMCP>
#	G	D	E	R	K	N	Q	S	T	A	V	L	I	F	Y	W	H	M	C	P
0	0.00893	0.00572	0.00740	0.00824	0.00946	0.00572	0.00702	0.01138	0.01183	0.01703	0.02465	0.04720	0.02517	0.01197	0.00618	0.00206	0.00412	0.51505	0.26597	0.00489
1	0.00682	0.00480	0.00599	0.00678	0.00705	0.00456	0.00434	0.00747	0.00945	0.01252	0.02631	0.53609	0.06241	0.26475	0.01300	0.00306	0.00369	0.01258	0.00438	0.00396
2	0.00769	0.00513	0.00577	0.00577	0.00577	0.00513	0.00320	0.00769	0.00769	0.01025	0.01666	0.03460	0.01922	0.81421	0.02691	0.00513	0.00513	0.00769	0.00320	0.00320
3	0.01206	0.01150	0.01487	0.01291	0.01384	0.01525	0.01057	0.01751	0.24582	0.01565	0.01148	0.01411	0.00980	0.00861	0.01362	0.00215	0.55537	0.00505	0.00327	0.00659
4	0.01237	0.01183	0.02017	0.20995	0.60933	0.01237	0.01587	0.01560	0.01170	0.01640	0.00982	0.01332	0.00807	0.00484	0.00525	0.00161	0.00646	0.00471	0.00256	0.00780
5	0.56734	0.01179	0.01054	0.00873	0.01233	0.01341	0.00720	0.27125	0.01442	0.02700	0.00918	0.00999	0.00684	0.00540	0.00396	0.00162	0.00468	0.00351	0.00396	0.00684
6	0.59383	0.00984	0.00917	0.00772	0.01124	0.01059	0.00636	0.01872	0.01091	0.26069	0.01156	0.01152	0.00802	0.00542	0.00391	0.00164	0.00422	0.00363	0.00429	0.00674
7	0.00955	0.00790	0.00946	0.00768	0.01102	0.00619	0.00584	0.01146	0.01070	0.01606	0.01554	0.25996	0.01628	0.00785	0.00480	0.00121	0.00365	0.00684	0.00368	0.58432
8	0.00796	0.00507	0.00713	0.00797	0.00848	0.00496	0.00596	0.00836	0.00977	0.01290	0.02256	0.32314	0.02549	0.01650	0.01126	0.26501	0.00412	0.24544	0.00408	0.00386
9	0.01324	0.00819	0.01268	0.25586	0.01957	0.00839	0.05094	0.01603	0.01342	0.23805	0.25553	0.02462	0.02304	0.00763	0.00571	0.00172	0.00492	0.02918	0.00474	0.00653
10	0.58878	0.00872	0.00755	0.00686	0.00950	0.00972	0.00550	0.01381	0.01085	0.02293	0.24742	0.01821	0.01947	0.00674	0.00419	0.00164	0.00359	0.00495	0.00406	0.00550

[dist]
# distance from previous block
# <min> <max>
0	1

[block]
# block no. 1 follows, 46 sequences, length 62
# corresponding to MSA columns:
# 135-185,189-199
name=unknown_B
#
# <colnr> <probs for GDERKNQSTAVLIFYWHMCP>
#	G	D	E	R	K	N	Q	S	T	A	V	L	I	F	Y	W	H	M	C	P
0	0.01735	0.01274	0.01408	0.01061	0.01499	0.01290	0.00870	0.48071	0.01984	0.06967	0.01208	0.01243	0.00884	0.00557	0.00485	0.00133	0.00513	0.00427	0.00466	0.27925
1	0.01006	0.00940	0.01545	0.73572	0.03443	0.01136	0.01398	0.01349	0.01060	0.01382	0.00940	0.01383	0.00711	0.00517	0.00517	0.00168	0.00679	0.00457	0.00241	0.07555
2	0.78185	0.01164	0.07234	0.00762	0.01127	0.01189	0.00687	0.01564	0.00918	0.02314	0.00754	0.00880	0.00581	0.00492	0.00342	0.00164	0.00440	0.00295	0.00319	0.00590
3	0.00889	0.00594	0.00881	0.00857	0.00978	0.00670	0.00670	0.01079	0.00905	0.07631	0.01472	0.02054	0.01321	0.03691	0.72795	0.00793	0.01336	0.00564	0.00314	0.00507
4	0.02246	0.00876	0.01196	0.00943	0.01328	0.00763	0.00783	0.02454	0.01489	0.72115	0.02145	0.02144	0.01452	0.00721	0.00548	0.00170	0.00453	0.06668	0.00640	0.00865
5	0.00801	0.00566	0.00663	0.00644	0.00644	0.00604	0.00390	0.00811	0.00772	0.01046	0.01585	0.03269	0.01820	0.74749	0.02612	0.00489	0.07138	0.00743	0.00313	0.00342
6	0.00733	0.00533	0.00690	0.00664	0.00784	0.00490	0.00493	0.00963	0.01441	0.02019	0.67768	0.10402	0.08754	0.01142	0.00628	0.00171	0.00255	0.01010	0.00570	0.00490
7	0.01259	0.01080	0.01147	0.01048	0.01324	0.01242	0.00808	0.02637	0.70856	0.02140	0.02215	0.08529	0.01770	0.00795	0.00549	0.00182	0.00409	0.00673	0.00534	0.00803
8	0.00791	0.00568	0.00723	0.00697	0.00772	0.00585	0.00474	0.00882	0.00826	0.01159	0.01511	0.02741	0.01601	0.45430	0.31465	0.00604	0.00844	0.00655	0.00306	0.07367
9	0.10977	0.04005	0.23808	0.01281	0.08692	0.01057	0.01157	0.03718	0.05756	0.22885	0.03734	0.08049	0.01273	0.00667	0.00508	0.00168	0.00546	0.00545	0.00416	0.00761
10	0.01358	0.05919	0.03147	0.08506	0.07840	0.16666	0.21368	0.03617	0.09884	0.01664	0.07444	0.01532	0.01196	0.00601	0.00636	0.00167	0.06921	0.00529	0.00323	0.00681
11	0.01709	0.01571	0.01641	0.01354	0.01605	0.23775	0.07586	0.11434	0.02613	0.14137	0.01086	0.01254	0.00841	0.00689	0.00907	0.00178	0.26108	0.00457	0.00358	0.00698
12	0.01282	0.11686	0.36322	0.01848	0.18101	0.01396	0.09999	0.09983	0.01297	0.01820	0.00982	0.01176	0.00746	0.00498	0.00504	0.00159	0.00713	0.00430	0.00271	0.00786
13	0.44090	0.27063	0.01506	0.00812	0.01194	0.01432	0.00720	0.03720	0.01086	0.12892	0.00943	0.01001	0.00720	0.00506	0.00366	0.00147	0.00470	0.00325	0.00347	0.00662
14	0.02255	0.01087	0.01343	0.01030	0.01443	0.01055	0.00851	0.26385	0.01827	0.54238	0.01822	0.01628	0.01176	0.00648	0.00531	0.00162	0.00492	0.00514	0.00614	0.00899
15	0.01218	0.01440	0.22917	0.05538	0.01706	0.01065	0.04316	0.01963	0.25891	0.10068	0.04084	0.10848	0.03091	0.00778	0.00555	0.00179	0.00541	0.02638	0.00428	0.00736
16	0.01589	0.01442	0.01375	0.05355	0.08546	0.24758	0.02580	0.12139	0.03408	0.11504	0.07943	0.02175	0.07317	0.00747	0.00547	0.00163	0.00632	0.06676	0.00420	0.00683
17	0.02372	0.00900	0.01227	0.00941	0.01350	0.00777	0.00777	0.02576	0.01513	0.78489	0.02086	0.01799	0.01309	0.00654	0.00532	0.00164	0.00450	0.00532	0.00654	0.00900
18	0.00643	0.00463	0.00611	0.00730	0.00765	0.00430	0.00488	0.00737	0.01018	0.01352	0.02993	0.78610	0.05911	0.01646	0.00673	0.00214	0.00305	0.01490	0.00491	0.00430
19	0.00995	0.09519	0.27633	0.07281	0.04937	0.01127	0.01253	0.01313	0.01057	0.01470	0.01622	0.18302	0.05452	0.00884	0.00707	0.00185	0.11304	0.04023	0.00309	0.00627
20	0.01173	0.01104	0.01862	0.25379	0.49733	0.01170	0.01491	0.01492	0.01178	0.01635	0.05331	0.01632	0.01100	0.00553	0.00537	0.00166	0.00625	0.02828	0.00279	0.00735
21	0.00644	0.00460	0.00613	0.00736	0.00767	0.00429	0.00491	0.00736	0.01012	0.01350	0.02914	0.81076	0.03497	0.01656	0.00675	0.00215	0.00307	0.01503	0.00491	0.00429
22	0.01660	0.46919	0.02211	0.01106	0.01479	0.36028	0.00956	0.01815	0.01261	0.01266	0.00771	0.00894	0.00680	0.00493	0.00400	0.00123	0.00736	0.00308	0.00246	0.00650
23	0.85155	0.01022	0.00777	0.00695	0.01022	0.01186	0.00573	0.01554	0.00900	0.02372	0.00736	0.00859	0.00573	0.00491	0.00327	0.00164	0.00409	0.00286	0.00327	0.00573
24	0.01352	0.01217	0.01707	0.04474	0.36430	0.01336	0.01253	0.08634	0.27846	0.01993	0.01399	0.01529	0.01099	0.00608	0.00621	0.00171	0.06621	0.00515	0.00379	0.00815
25	0.01328	0.01015	0.01223	0.03393	0.01373	0.05062	0.04776	0.18944	0.01540	0.08411	0.12879	0.13434	0.02082	0.00885	0.00587	0.00167	0.01770	0.08410	0.00467	0.12252
26	0.00720	0.00539	0.00668	0.00636	0.00773	0.00487	0.00477	0.00943	0.01430	0.01963	0.61390	0.04207	0.21541	0.01139	0.00624	0.00169	0.00254	0.00992	0.00561	0.00487
27	0.60257	0.00905	0.00798	0.00731	0.01012	0.01001	0.00581	0.01520	0.00990	0.10808	0.01289	0.15696	0.01193	0.00723	0.00414	0.00173	0.00395	0.00537	0.00394	0.00583
28	0.01655	0.12475	0.16635	0.01268	0.01676	0.40356	0.01151	0.10969	0.01474	0.01618	0.01138	0.01239	0.04974	0.00580	0.00479	0.00144	0.00787	0.00402	0.00300	0.00680
29	0.01116	0.01059	0.01797	0.51083	0.31792	0.01205	0.01526	0.01453	0.01113	0.01493	0.00960	0.01371	0.00755	0.00507	0.00527	0.00169	0.00676	0.00470	0.00245	0.00682
30	0.01420	0.01161	0.01318	0.01056	0.01393	0.01245	0.00854	0.23626	0.19365	0.02252	0.01312	0.01390	0.01018	0.00623	0.00657	0.00149	0.11867	0.00455	0.03145	0.25694
31	0.00645	0.00542	0.00563	0.00574	0.00747	0.00460	0.00441	0.00788	0.01206	0.01442	0.05132	0.05164	0.71370	0.01349	0.00634	0.00184	0.00287	0.07531	0.00491	0.00450
32	0.01574	0.00723	0.00971	0.00805	0.01075	0.00640	0.00640	0.01801	0.01505	0.40973	0.39302	0.02855	0.03116	0.00864	0.00577	0.00165	0.00351	0.00740	0.00619	0.00703
33	0.00721	0.00539	0.00669	0.00636	0.00773	0.00487	0.00477	0.00945	0.01432	0.01967	0.61831	0.04201	0.21097	0.01138	0.00624	0.00169	0.00253	0.00991	0.00562	0.00487
34	0.00998	0.00940	0.01586	0.80150	0.03641	0.01175	0.01468	0.01351	0.01057	0.01351	0.00940	0.01409	0.00705	0.00529	0.00529	0.00176	0.00705	0.00470	0.00235	0.00587
35	0.00739	0.00464	0.00645	0.00728	0.00751	0.00444	0.00491	0.00731	0.00914	0.01217	0.02266	0.53228	0.02651	0.01709	0.01125	0.27451	0.00361	0.03311	0.00406	0.00367
36	0.02372	0.00900	0.01227	0.00941	0.01350	0.00777	0.00777	0.02576	0.01513	0.78489	0.02086	0.01799	0.01309	0.00654	0.00532	0.00164	0.00450	0.00532	0.00654	0.00900
37	0.01308	0.01256	0.02146	0.03245	0.78123	0.01256	0.01622	0.01622	0.01204	0.01727	0.00994	0.01308	0.00837	0.00471	0.00523	0.00157	0.00628	0.00471	0.00262	0.00837
38	0.01782	0.02199	0.01527	0.01368	0.01576	0.61018	0.01053	0.01914	0.01336	0.01289	0.00788	0.01001	0.00684	0.00634	0.00773	0.00159	0.19663	0.00369	0.00263	0.00605
39	0.00694	0.00538	0.00632	0.00609	0.00757	0.00476	0.00456	0.00893	0.01369	0.01818	0.46193	0.04446	0.36828	0.01193	0.00624	0.00172	0.00257	0.01026	0.00542	0.00476
40	0.01758	0.02109	0.01709	0.01974	0.26502	0.53926	0.01217	0.01952	0.01402	0.01435	0.00875	0.01069	0.00732	0.00521	0.00492	0.00143	0.00848	0.00383	0.00269	0.00686
41	0.00834	0.00687	0.01087	0.26438	0.01814	0.00827	0.00921	0.01075	0.00917	0.01267	0.01262	0.01861	0.01123	0.02856	0.53900	0.00632	0.01187	0.00535	0.00268	0.00509
42	0.01359	0.69605	0.14429	0.00997	0.01500	0.01959	0.01066	0.01597	0.01081	0.01310	0.00768	0.00889	0.00677	0.00460	0.00364	0.00121	0.00599	0.00299	0.00226	0.00694
43	0.01217	0.37716	0.45070	0.01240	0.01876	0.01610	0.01489	0.01634	0.01098	0.01484	0.00854	0.00997	0.00674	0.00480	0.00430	0.00143	0.00686	0.00343	0.00225	0.00736
44	0.13802	0.00628	0.00731	0.00767	0.00891	0.00633	0.00560	0.02588	0.02562	0.06358	0.06542	0.45543	0.02778	0.05814	0.00722	0.00218	0.00363	0.07528	0.00472	0.00500
45	0.01327	0.25245	0.23310	0.01550	0.02098	0.10359	0.25683	0.01703	0.01190	0.01512	0.00911	0.01121	0.00717	0.00474	0.00492	0.00152	0.00774	0.00429	0.00244	0.00710
46	0.01191	0.01168	0.01831	0.41408	0.36834	0.05530	0.01512	0.01514	0.01147	0.01516	0.00957	0.01339	0.00763	0.00504	0.00523	0.00165	0.00684	0.00463	0.00249	0.00701
47	0.01419	0.01137	0.01397	0.01099	0.03608	0.04290	0.07210	0.10263	0.09941	0.10258	0.01246	0.01319	0.00946	0.00498	0.00466	0.00121	0.00496	0.00420	0.00393	0.43472
48	0.01308	0.01256	0.02146	0.03245	0.78123	0.01256	0.01622	0.01622	0.01204	0.01727	0.00994	0.01308	0.00837	0.00471	0.00523	0.00157	0.00628	0.00471	0.00262	0.00837
49	0.01096	0.00940	0.01096	0.00783	0.01253	0.00705	0.00626	0.01331	0.01096	0.01723	0.00940	0.01096	0.00783	0.00392	0.00392	0.00078	0.00392	0.00313	0.00313	0.84653
50	0.01184	0.01115	0.01869	0.39013	0.41296	0.01229	0.01533	0.03578	0.01171	0.01596	0.00977	0.01354	0.00777	0.00502	0.00526	0.00166	0.00662	0.00471	0.00257	0.00723
51	0.00637	0.00513	0.00569	0.00604	0.00734	0.00444	0.00434	0.00765	0.01162	0.01442	0.08619	0.28158	0.51224	0.01421	0.00640	0.00189	0.00279	0.01225	0.00496	0.00444
52	0.01110	0.03992	0.62375	0.01745	0.10473	0.01257	0.08382	0.01669	0.01136	0.01673	0.00960	0.01159	0.00699	0.00493	0.00512	0.00166	0.00770	0.00418	0.00231	0.00779
53	0.00625	0.00536	0.00536	0.00536	0.00714	0.00446	0.00402	0.00759	0.01205	0.01428	0.05355	0.05088	0.77909	0.01339	0.00625	0.00179	0.00268	0.01116	0.00491	0.00446
54	0.01096	0.00940	0.01096	0.00783	0.01253	0.00705	0.00626	0.01331	0.01096	0.01723	0.00940	0.01096	0.00783	0.00392	0.00392	0.00078	0.00392	0.00313	0.00313	0.84653
55	0.02046	0.00804	0.01054	0.00835	0.01177	0.00710	0.00681	0.02260	0.01418	0.60482	0.02001	0.01840	0.01320	0.00645	0.00493	0.00154	0.00402	0.00522	0.20353	0.00804
56	0.00644	0.00460	0.00613	0.00736	0.00767	0.00429	0.00491	0.00736	0.01012	0.01350	0.02914	0.81076	0.03497	0.01656	0.00675	0.00215	0.00307	0.01503	0.00491	0.00429
57	0.58443	0.00983	0.00922	0.00774	0.01128	0.01054	0.00639	0.01884	0.01098	0.26933	0.01172	0.01162	0.00810	0.00544	0.00393	0.00164	0.00422	0.00365	0.00433	0.00678
58	0.28450	0.01083	0.01099	0.05105	0.01376	0.01230	0.00782	0.10402	0.32309	0.06113	0.05714	0.01606	0.01322	0.00642	0.00473	0.00170	0.00441	0.00493	0.00461	0.00730
59	0.72996	0.01059	0.00866	0.00753	0.01085	0.01215	0.00619	0.10011	0.01099	0.02472	0.03299	0.01006	0.00753	0.00526	0.00360	0.00163	0.00423	0.00329	0.00358	0.00607
60	0.01666	0.01328	0.01839	0.03893	0.38927	0.01395	0.01303	0.34253	0.01777	0.06662	0.01173	0.01321	0.00887	0.00554	0.00526	0.00159	0.00600	0.00477	0.00399	0.00862
61	0.01180	0.01046	0.01758	0.49435	0.29021	0.01180	0.01483	0.01512	0.01133	0.05744	0.01022	0.01396	0.00784	0.00516	0.00527	0.00169	0.00664	0.00474	0.00267	0.00690

[dist]
# distance from previous block
# <min> <max>
0	3

[block]
# block no. 2 follows, 46 sequences, length 26
# corresponding to MSA columns:
# 203-228
name=unknown_C
#
# <colnr> <probs for GDERKNQSTAVLIFYWHMCP>
#	G	D	E	R	K	N	Q	S	T	A	V	L	I	F	Y	W	H	M	C	P
0	0.03719	0.17394	0.37064	0.01301	0.01851	0.18999	0.01403	0.05290	0.05345	0.01633	0.00953	0.01075	0.00733	0.00520	0.00464	0.00150	0.00740	0.00371	0.00269	0.00727
1	0.43636	0.17003	0.24760	0.00981	0.01470	0.01372	0.01054	0.01596	0.00999	0.01944	0.00800	0.00935	0.00622	0.00487	0.00383	0.00155	0.00552	0.00317	0.00276	0.00656
2	0.01203	0.01128	0.01808	0.09513	0.45235	0.01080	0.04305	0.01499	0.01158	0.01681	0.01022	0.03142	0.00871	0.00481	0.00495	0.00139	0.00573	0.00458	0.00279	0.23928
3	0.00706	0.00544	0.00657	0.00709	0.00841	0.00495	0.00556	0.00875	0.01204	0.01526	0.11203	0.18240	0.36489	0.01403	0.00664	0.00202	0.00336	0.22391	0.00498	0.00460
4	0.01959	0.01455	0.01558	0.01206	0.01620	0.01616	0.00992	0.70959	0.07971	0.03249	0.01334	0.01321	0.00952	0.00641	0.00530	0.00160	0.00570	0.00485	0.00530	0.00894
5	0.01233	0.01248	0.02333	0.17222	0.41722	0.01265	0.23930	0.01593	0.01190	0.01647	0.01007	0.01362	0.00802	0.00474	0.00554	0.00167	0.00721	0.00517	0.00258	0.00754
6	0.01324	0.01875	0.32388	0.01597	0.02176	0.01289	0.23862	0.09407	0.12654	0.06253	0.01260	0.01390	0.00909	0.00539	0.00548	0.00171	0.00721	0.00508	0.00338	0.00788
7	0.01172	0.14972	0.38938	0.01238	0.01781	0.01351	0.01370	0.01949	0.23881	0.01748	0.01380	0.05632	0.01106	0.00621	0.00496	0.00165	0.00612	0.00495	0.00332	0.00762
8	0.01997	0.01019	0.01500	0.01638	0.24344	0.00949	0.01033	0.02303	0.05492	0.51395	0.01762	0.01662	0.01184	0.00603	0.00529	0.00162	0.00502	0.00517	0.00530	0.00878
9	0.00625	0.00536	0.00536	0.00536	0.00714	0.00446	0.00402	0.00759	0.01205	0.01428	0.05355	0.05088	0.77909	0.01339	0.00625	0.00179	0.00268	0.01116	0.00491	0.00446
10	0.01121	0.01134	0.02131	0.45009	0.14810	0.01236	0.23874	0.01495	0.01137	0.01511	0.00987	0.01399	0.00754	0.00495	0.00556	0.00174	0.00749	0.00516	0.00249	0.00663
11	0.02291	0.00882	0.01201	0.00927	0.01322	0.00763	0.00763	0.02498	0.01512	0.74700	0.05845	0.01906	0.01491	0.00675	0.00536	0.00164	0.00440	0.00553	0.00651	0.00880
12	0.00631	0.00513	0.00559	0.00596	0.00730	0.00441	0.00428	0.00752	0.01147	0.01405	0.04624	0.27845	0.55623	0.01434	0.00640	0.00189	0.00279	0.01232	0.00491	0.00441
13	0.01060	0.02735	0.78682	0.01507	0.02288	0.01228	0.01953	0.01674	0.01116	0.01674	0.00949	0.01116	0.00670	0.00502	0.00502	0.00167	0.00781	0.00391	0.00223	0.00781
14	0.02160	0.01045	0.01555	0.01167	0.01597	0.00959	0.12280	0.10725	0.01582	0.58366	0.01839	0.01683	0.01186	0.00620	0.00545	0.00165	0.00532	0.00539	0.00581	0.00871
15	0.01292	0.01239	0.02116	0.07402	0.74097	0.01252	0.01614	0.01608	0.01196	0.01707	0.00991	0.01314	0.00830	0.00474	0.00524	0.00158	0.00632	0.00471	0.00260	0.00824
16	0.00644	0.00460	0.00613	0.00736	0.00767	0.00429	0.00491	0.00736	0.01012	0.01350	0.02914	0.81076	0.03497	0.01656	0.00675	0.00215	0.00307	0.01503	0.00491	0.00429
17	0.01242	0.01188	0.02025	0.19792	0.62097	0.01239	0.01589	0.01564	0.01172	0.01646	0.00983	0.01330	0.00809	0.00483	0.00524	0.00161	0.00645	0.00471	0.00256	0.00784
18	0.01276	0.00754	0.00964	0.00895	0.01115	0.00741	0.00736	0.05250	0.06407	0.20661	0.13618	0.06142	0.11296	0.01091	0.00663	0.00195	0.03061	0.23964	0.00539	0.00630
19	0.00658	0.00477	0.00625	0.00739	0.00787	0.00444	0.00511	0.00764	0.01042	0.01373	0.03085	0.69919	0.08928	0.01618	0.00675	0.00214	0.00317	0.06899	0.00490	0.00435
20	0.01060	0.02735	0.78682	0.01507	0.02288	0.01228	0.01953	0.01674	0.01116	0.01674	0.00949	0.01116	0.00670	0.00502	0.00502	0.00167	0.00781	0.00391	0.00223	0.00781
21	0.01506	0.01324	0.01577	0.40266	0.02629	0.09666	0.01236	0.31372	0.01674	0.02135	0.01058	0.01305	0.00780	0.00573	0.00523	0.00165	0.00682	0.00459	0.00356	0.00714
22	0.01299	0.01453	0.02168	0.25298	0.02643	0.16026	0.30347	0.01617	0.01184	0.01463	0.00937	0.01299	0.00737	0.00549	0.00705	0.00176	0.10702	0.00504	0.00254	0.00640
23	0.23523	0.01206	0.01229	0.01071	0.03374	0.01361	0.00837	0.24470	0.30629	0.04790	0.01484	0.01448	0.01098	0.00625	0.00479	0.00168	0.00471	0.00474	0.00476	0.00788
24	0.01347	0.66839	0.17087	0.01018	0.01532	0.01929	0.01102	0.01600	0.01082	0.01325	0.00775	0.00899	0.00677	0.00462	0.00370	0.00123	0.00606	0.00303	0.00226	0.00698
25	0.01367	0.61004	0.18805	0.01055	0.01568	0.05787	0.01133	0.01629	0.01104	0.01338	0.00784	0.00910	0.00677	0.00468	0.00381	0.00126	0.00631	0.00308	0.00228	0.00697

[dist]
# distance from previous block
# <min> <max>
7	25

[block]
# block no. 3 follows, 46 sequences, length 17
# corresponding to MSA columns:
# 254-270
name=unknown_D
#
# <colnr> <probs for GDERKNQSTAVLIFYWHMCP>
#	G	D	E	R	K	N	Q	S	T	A	V	L	I	F	Y	W	H	M	C	P
0	0.09961	0.04861	0.21914	0.01188	0.01613	0.11375	0.01147	0.07840	0.21967	0.04261	0.04161	0.01432	0.01119	0.00619	0.00548	0.00166	0.04248	0.00461	0.00377	0.00742
1	0.11180	0.01256	0.04304	0.01062	0.01441	0.06585	0.03781	0.17961	0.07091	0.19273	0.03251	0.01431	0.01069	0.00602	0.00538	0.00153	0.03985	0.00460	0.02973	0.11602
2	0.01418	0.06464	0.29415	0.01432	0.01930	0.29500	0.10635	0.01776	0.01289	0.01543	0.05222	0.01240	0.00938	0.00535	0.00501	0.00150	0.00798	0.00424	0.00271	0.04517
3	0.00820	0.00674	0.00982	0.26813	0.01732	0.00720	0.00821	0.01089	0.01305	0.01761	0.40636	0.03337	0.12201	0.00946	0.00597	0.00174	0.00412	0.04005	0.00453	0.00521
4	0.01096	0.00940	0.01096	0.00783	0.01253	0.00705	0.00626	0.01331	0.01096	0.01723	0.00940	0.01096	0.00783	0.00392	0.00392	0.00078	0.00392	0.00313	0.00313	0.84653
5	0.00692	0.00511	0.00568	0.00591	0.00663	0.00472	0.00382	0.00759	0.00976	0.01235	0.03271	0.18430	0.30506	0.36842	0.01548	0.00333	0.00383	0.01034	0.00415	0.00387
6	0.00625	0.00536	0.00536	0.00536	0.00714	0.00446	0.00402	0.00759	0.01205	0.01428	0.05355	0.05088	0.77909	0.01339	0.00625	0.00179	0.00268	0.01116	0.00491	0.00446
7	0.01160	0.01801	0.27768	0.01868	0.02423	0.01298	0.42683	0.01623	0.01153	0.01634	0.01012	0.01327	0.00770	0.00640	0.03719	0.00205	0.07418	0.00532	0.00251	0.00715
8	0.01056	0.00999	0.01691	0.65746	0.17591	0.01190	0.01497	0.01402	0.01085	0.01421	0.00950	0.01391	0.00730	0.00518	0.00528	0.00173	0.00690	0.00470	0.00240	0.00634
9	0.00756	0.00564	0.00838	0.00838	0.00928	0.00654	0.00646	0.00936	0.00846	0.01219	0.01427	0.02136	0.01347	0.07290	0.76036	0.00835	0.01377	0.00575	0.00285	0.00465
10	0.01248	0.01426	0.03119	0.02228	0.02763	0.01337	0.76203	0.01693	0.01248	0.01693	0.01070	0.01426	0.00802	0.00446	0.00624	0.00178	0.00891	0.00624	0.00267	0.00713
11	0.00763	0.00536	0.00696	0.00696	0.00738	0.00578	0.00470	0.00846	0.00804	0.01114	0.01556	0.02853	0.01659	0.47440	0.36311	0.00660	0.00909	0.00680	0.00304	0.00387
12	0.01975	0.02520	0.01498	0.01362	0.01634	0.79299	0.01021	0.02111	0.01498	0.01294	0.00817	0.00953	0.00681	0.00545	0.00477	0.00136	0.00953	0.00340	0.00272	0.00613
13	0.01147	0.01086	0.01765	0.02604	0.59822	0.01065	0.01334	0.01418	0.01204	0.01656	0.02025	0.02202	0.19058	0.00676	0.00547	0.00162	0.00543	0.00623	0.00316	0.00745
14	0.01646	0.38119	0.05610	0.01146	0.01528	0.27882	0.01015	0.10790	0.01377	0.01534	0.00835	0.00961	0.00706	0.00530	0.00480	0.00134	0.04405	0.00339	0.00278	0.00683
15	0.01174	0.01163	0.02015	0.50303	0.03193	0.05335	0.23203	0.01537	0.01153	0.04340	0.01014	0.01405	0.00755	0.00510	0.00554	0.00174	0.00763	0.00510	0.00262	0.00637
16	0.01343	0.44331	0.08672	0.01017	0.01495	0.05699	0.04273	0.03821	0.01156	0.01488	0.00840	0.00978	0.00717	0.00451	0.00392	0.00114	0.00575	0.00324	0.00261	0.22052

[dist]
# distance from previous block
# <min> <max>
4	20

[block]
# block no. 4 follows, 46 sequences, length 14
# corresponding to MSA columns:
# 294-307
name=unknown_E
#
# <colnr> <probs for GDERKNQSTAVLIFYWHMCP>
#	G	D	E	R	K	N	Q	S	T	A	V	L	I	F	Y	W	H	M	C	P
0	0.30086	0.01070	0.01370	0.01626	0.25125	0.01193	0.01008	0.06261	0.01102	0.04863	0.00993	0.01262	0.00821	0.01030	0.11588	0.00264	0.08925	0.00423	0.00316	0.00675
1	0.42161	0.01142	0.01178	0.05043	0.10087	0.03002	0.00841	0.11514	0.06145	0.02245	0.00961	0.01098	0.00748	0.00525	0.00444	0.00156	0.02436	0.00370	0.00350	0.09555
2	0.12275	0.01259	0.01587	0.01895	0.30539	0.06699	0.01148	0.15596	0.03296	0.01999	0.01101	0.03889	0.00939	0.00892	0.07316	0.00225	0.07794	0.00483	0.00335	0.00731
3	0.01536	0.01337	0.01501	0.30479	0.02326	0.11953	0.01130	0.25933	0.04496	0.05123	0.01122	0.01310	0.00830	0.00565	0.00510	0.00156	0.00650	0.00447	0.00371	0.08224
4	0.08802	0.01383	0.01451	0.01129	0.01537	0.03596	0.00927	0.55767	0.04476	0.10440	0.01307	0.01294	0.00924	0.00615	0.00506	0.00156	0.00552	0.00459	0.00509	0.04168
5	0.25675	0.00979	0.01122	0.00893	0.01277	0.00965	0.00736	0.07094	0.03713	0.49794	0.01654	0.01505	0.01084	0.00609	0.00474	0.00164	0.00446	0.00461	0.00550	0.00805
6	0.01178	0.00988	0.01140	0.00822	0.01287	0.00788	0.00660	0.08034	0.01220	0.01866	0.00969	0.01112	0.00793	0.00413	0.00404	0.00085	0.00409	0.00328	0.00332	0.77170
7	0.00755	0.00566	0.00850	0.00850	0.00944	0.00661	0.00661	0.00944	0.00850	0.01227	0.01416	0.02077	0.01322	0.03965	0.79326	0.00850	0.01416	0.00566	0.00283	0.00472
8	0.01316	0.01355	0.01591	0.17441	0.09963	0.17313	0.06021	0.05885	0.06042	0.01565	0.01232	0.08589	0.01129	0.00745	0.00753	0.00181	0.14419	0.03502	0.00316	0.00641
9	0.01283	0.01238	0.01578	0.51192	0.02881	0.11150	0.01315	0.12288	0.01296	0.01622	0.00948	0.01307	0.00729	0.00584	0.00638	0.00174	0.08406	0.00454	0.00282	0.00635
10	0.01396	0.01399	0.02093	0.05500	0.02056	0.07985	0.28577	0.13565	0.07298	0.01856	0.01072	0.01329	0.00842	0.00609	0.00810	0.00178	0.17733	0.00517	0.00324	0.04861
11	0.01244	0.01312	0.01979	0.09816	0.02083	0.12014	0.29945	0.06294	0.01247	0.01593	0.01350	0.16785	0.01292	0.00769	0.00722	0.00184	0.09709	0.00711	0.00321	0.00628
12	0.00999	0.00918	0.01472	0.45703	0.02618	0.01041	0.06549	0.01284	0.01058	0.01434	0.06011	0.01734	0.01127	0.09035	0.00828	0.00202	0.05767	0.00523	0.00279	0.11419
13	0.01223	0.01098	0.01521	0.10492	0.17693	0.01142	0.01072	0.08086	0.01181	0.01734	0.00931	0.01204	0.00778	0.00553	0.00718	0.00144	0.16670	0.00409	0.00296	0.33054

[dist]
# distance from previous block
# <min> <max>
0	4

# created by:
# /st0/software/busco_prod/Augustus/scripts/msa2prfl.pl ./align_prep/65072.fa
