[name]
unknown

[dist]
# distance from previous block
# <min> <max>
5	118

[block]
# block no. 0 follows, 45 sequences, length 14
# corresponding to MSA columns:
# 127-140
name=unknown_A
#
# <colnr> <probs for GDERKNQSTAVLIFYWHMCP>
#	G	D	E	R	K	N	Q	S	T	A	V	L	I	F	Y	W	H	M	C	P
0	0.01413	0.05058	0.06524	0.12428	0.01817	0.07925	0.01098	0.22269	0.03281	0.02006	0.01317	0.05199	0.01174	0.00766	0.00707	0.00177	0.11363	0.08600	0.00375	0.06501
1	0.14496	0.09325	0.08725	0.10387	0.11162	0.04675	0.16573	0.03075	0.03965	0.01771	0.04235	0.03924	0.01035	0.00583	0.00558	0.00169	0.03846	0.00508	0.00303	0.00685
2	0.01852	0.01360	0.01451	0.01143	0.01527	0.01507	0.00934	0.59846	0.10997	0.03109	0.01440	0.01445	0.01045	0.00652	0.00521	0.00160	0.00537	0.00499	0.09112	0.00863
3	0.00932	0.00466	0.00699	0.00699	0.00699	0.00466	0.00466	0.00699	0.00699	0.00932	0.00932	0.01632	0.00932	0.01865	0.02098	0.84382	0.00466	0.00466	0.00233	0.00233
4	0.01796	0.00778	0.01075	0.00899	0.01194	0.00715	0.00720	0.01993	0.01346	0.50008	0.06983	0.08750	0.01766	0.01506	0.17530	0.00321	0.00643	0.00660	0.00564	0.00752
5	0.01252	0.26607	0.24121	0.01698	0.11356	0.01518	0.19403	0.01641	0.01179	0.01594	0.04128	0.01269	0.00919	0.00501	0.00496	0.00154	0.00711	0.00454	0.00258	0.00739
6	0.00987	0.01739	0.38815	0.01204	0.01726	0.00937	0.03733	0.01402	0.01148	0.01648	0.01778	0.08514	0.07889	0.00794	0.00553	0.00171	0.00604	0.11116	0.00327	0.14915
7	0.01078	0.00790	0.00936	0.00879	0.01075	0.00818	0.00691	0.09780	0.16053	0.04845	0.25516	0.10177	0.07258	0.03911	0.00700	0.00201	0.00389	0.13749	0.00540	0.00616
8	0.05890	0.19747	0.15659	0.18271	0.02152	0.01328	0.08856	0.01569	0.01131	0.04766	0.01046	0.01407	0.00851	0.00535	0.00478	0.00152	0.00638	0.03811	0.00283	0.11430
9	0.06305	0.05683	0.33263	0.01255	0.01820	0.05593	0.01336	0.16363	0.01505	0.19908	0.01267	0.01289	0.00873	0.00572	0.00503	0.00163	0.00654	0.00433	0.00398	0.00818
10	0.01256	0.09364	0.39966	0.01432	0.06096	0.01304	0.04464	0.07957	0.01244	0.04290	0.01082	0.01268	0.00816	0.00566	0.00594	0.00164	0.07310	0.00430	0.09647	0.00748
11	0.01169	0.11418	0.25770	0.01076	0.01483	0.07711	0.01087	0.06867	0.01195	0.01616	0.01352	0.11576	0.01295	0.11934	0.02063	0.00217	0.00623	0.00585	0.04799	0.06163
12	0.18018	0.01908	0.16360	0.01405	0.04565	0.24719	0.10295	0.08127	0.01370	0.03710	0.04026	0.01223	0.00898	0.00551	0.00491	0.00160	0.00733	0.00426	0.00321	0.00695
13	0.07862	0.08081	0.09516	0.07165	0.05511	0.08391	0.07895	0.09913	0.01308	0.07522	0.01295	0.01466	0.05077	0.00637	0.00667	0.00168	0.11284	0.00480	0.03398	0.02364

[dist]
# distance from previous block
# <min> <max>
6	50

[block]
# block no. 1 follows, 45 sequences, length 10
# corresponding to MSA columns:
# 224-233
name=unknown_B
#
# <colnr> <probs for GDERKNQSTAVLIFYWHMCP>
#	G	D	E	R	K	N	Q	S	T	A	V	L	I	F	Y	W	H	M	C	P
0	0.09559	0.01725	0.21668	0.01553	0.11179	0.07128	0.07696	0.17130	0.04167	0.04034	0.07925	0.01484	0.01194	0.00595	0.00523	0.00165	0.00649	0.00493	0.00368	0.00765
1	0.23259	0.06616	0.11620	0.11969	0.07055	0.05633	0.08527	0.04620	0.09933	0.01939	0.03311	0.01314	0.00934	0.00550	0.00477	0.00166	0.00613	0.00443	0.00326	0.00694
2	0.01014	0.00954	0.01610	0.79845	0.03697	0.01193	0.01491	0.01371	0.01073	0.01371	0.00954	0.01431	0.00716	0.00537	0.00537	0.00179	0.00716	0.00477	0.00239	0.00596
3	0.05185	0.09359	0.36263	0.01651	0.05563	0.10959	0.17992	0.03849	0.01240	0.01700	0.00956	0.01159	0.00722	0.00500	0.00513	0.00163	0.00790	0.00434	0.00258	0.00744
4	0.00717	0.00554	0.00645	0.00691	0.00821	0.00504	0.00533	0.00863	0.01156	0.01438	0.04043	0.12782	0.40962	0.10662	0.00912	0.00242	0.00366	0.21184	0.00477	0.00448
5	0.01767	0.01668	0.21840	0.01468	0.10550	0.04696	0.01271	0.18709	0.06104	0.24355	0.01445	0.01437	0.00998	0.00596	0.00528	0.00165	0.00618	0.00477	0.00449	0.00857
6	0.00693	0.00519	0.00576	0.00601	0.00684	0.00475	0.00395	0.00770	0.01017	0.01280	0.03519	0.20095	0.33902	0.31435	0.01434	0.00316	0.00374	0.01081	0.00433	0.00402
7	0.01251	0.21461	0.39123	0.01679	0.11443	0.04357	0.10200	0.01690	0.01164	0.01589	0.00926	0.01122	0.00719	0.00489	0.00486	0.00155	0.00740	0.00406	0.00239	0.00761
8	0.00733	0.00528	0.00572	0.00572	0.00631	0.00498	0.00352	0.00777	0.00926	0.01175	0.02918	0.04054	0.26701	0.55025	0.02046	0.00409	0.00439	0.00896	0.00382	0.00367
9	0.00666	0.00485	0.00606	0.00697	0.00748	0.00448	0.00464	0.00755	0.01030	0.01345	0.03201	0.59962	0.14990	0.10830	0.00914	0.00247	0.00329	0.01378	0.00478	0.00426

[dist]
# distance from previous block
# <min> <max>
0	34

[block]
# block no. 2 follows, 45 sequences, length 30
# corresponding to MSA columns:
# 281-310
name=unknown_C
#
# <colnr> <probs for GDERKNQSTAVLIFYWHMCP>
#	G	D	E	R	K	N	Q	S	T	A	V	L	I	F	Y	W	H	M	C	P
0	0.01415	0.77094	0.07003	0.00952	0.01430	0.02075	0.00978	0.01612	0.01093	0.01287	0.00758	0.00876	0.00688	0.00462	0.00354	0.00118	0.00586	0.00293	0.00229	0.00695
1	0.22910	0.21350	0.01697	0.07188	0.01592	0.05717	0.00921	0.28730	0.01590	0.02339	0.00965	0.01070	0.00745	0.00548	0.00434	0.00151	0.00572	0.00377	0.00371	0.00732
2	0.01752	0.00975	0.04326	0.01207	0.10574	0.00851	0.00881	0.07152	0.01546	0.40035	0.22258	0.02291	0.02226	0.00751	0.00563	0.00166	0.00447	0.00639	0.00570	0.00791
3	0.02005	0.02558	0.01521	0.01383	0.01659	0.78980	0.01037	0.02143	0.01521	0.01314	0.00830	0.00968	0.00691	0.00553	0.00484	0.00138	0.00968	0.00346	0.00277	0.00622
4	0.00984	0.02147	0.56516	0.01292	0.01895	0.01036	0.01568	0.01497	0.01224	0.01799	0.19776	0.04737	0.01858	0.00696	0.00547	0.00171	0.00644	0.00578	0.00326	0.00710
5	0.01130	0.01828	0.35238	0.02018	0.27280	0.01154	0.05563	0.01611	0.03252	0.01801	0.12472	0.01669	0.01426	0.00590	0.00543	0.00167	0.00657	0.00528	0.00305	0.00767
6	0.01329	0.01275	0.02179	0.03295	0.77787	0.01275	0.01647	0.01647	0.01222	0.01754	0.01010	0.01329	0.00850	0.00478	0.00531	0.00159	0.00638	0.00478	0.00266	0.00850
7	0.00778	0.00532	0.00645	0.00645	0.00666	0.00553	0.00400	0.00819	0.00798	0.01085	0.01637	0.03210	0.01820	0.64514	0.19174	0.00594	0.00718	0.00736	0.00317	0.00358
8	0.01155	0.16141	0.60230	0.01546	0.07307	0.01399	0.01778	0.01681	0.01132	0.01629	0.00929	0.01100	0.00693	0.00499	0.00483	0.00160	0.00745	0.00383	0.00230	0.00779
9	0.01158	0.01101	0.01870	0.44819	0.37598	0.01230	0.01562	0.01498	0.01141	0.01546	0.00980	0.01384	0.00777	0.00510	0.00534	0.00170	0.00680	0.00478	0.00251	0.00713
10	0.00728	0.00567	0.00767	0.00841	0.00868	0.00607	0.00594	0.00824	0.00999	0.01359	0.02640	0.69527	0.03148	0.01577	0.00837	0.00220	0.11601	0.01377	0.00461	0.00457
11	0.00732	0.00542	0.00683	0.00660	0.00788	0.00493	0.00490	0.00955	0.01436	0.01983	0.60568	0.09873	0.16443	0.01182	0.00637	0.00174	0.00261	0.01038	0.00569	0.00493
12	0.01333	0.01475	0.07582	0.07164	0.39771	0.04676	0.23584	0.04652	0.01286	0.01764	0.01029	0.01339	0.00816	0.00486	0.00559	0.00167	0.00744	0.00513	0.00274	0.00787
13	0.01382	0.05102	0.52618	0.01443	0.02086	0.16112	0.01655	0.08543	0.01341	0.03463	0.00986	0.01123	0.00718	0.00532	0.00503	0.00161	0.00794	0.00394	0.00274	0.00771
14	0.01256	0.31587	0.44249	0.01376	0.05220	0.04679	0.01540	0.01681	0.01137	0.01526	0.00880	0.01035	0.00691	0.00492	0.00449	0.00148	0.00713	0.00358	0.00231	0.00751
15	0.01246	0.01199	0.02070	0.02872	0.60866	0.01205	0.07327	0.01544	0.01190	0.01693	0.01214	0.09854	0.01132	0.00622	0.00601	0.00170	0.03518	0.00603	0.00290	0.00786
16	0.00645	0.00501	0.00588	0.00657	0.00755	0.00444	0.00458	0.00758	0.01115	0.01406	0.04064	0.47061	0.36560	0.01538	0.00663	0.00202	0.00294	0.01351	0.00498	0.00444
17	0.01311	0.01258	0.02147	0.07541	0.73677	0.01271	0.01639	0.01632	0.01214	0.01732	0.01007	0.01334	0.00843	0.00482	0.00532	0.00161	0.00642	0.00478	0.00264	0.00836
18	0.01516	0.01214	0.01285	0.01084	0.01420	0.01359	0.00863	0.29291	0.41457	0.02573	0.02214	0.02089	0.09686	0.00767	0.00552	0.00174	0.00469	0.00619	0.00538	0.00829
19	0.01186	0.00997	0.01152	0.00830	0.01303	0.00790	0.00666	0.07194	0.01224	0.01877	0.00980	0.01127	0.00804	0.00417	0.00408	0.00086	0.00413	0.00331	0.00335	0.77880
20	0.00774	0.00531	0.00633	0.00633	0.00656	0.00545	0.00389	0.00812	0.00809	0.01090	0.01767	0.03319	0.04269	0.65006	0.16089	0.00570	0.00674	0.00756	0.00324	0.00356
21	0.01329	0.01275	0.02179	0.03295	0.77787	0.01275	0.01647	0.01647	0.01222	0.01754	0.01010	0.01329	0.00850	0.00478	0.00531	0.00159	0.00638	0.00478	0.00266	0.00850
22	0.01014	0.00954	0.01610	0.79845	0.03697	0.01193	0.01491	0.01371	0.01073	0.01371	0.00954	0.01431	0.00716	0.00537	0.00537	0.00179	0.00716	0.00477	0.00239	0.00596
23	0.01014	0.00954	0.01610	0.79845	0.03697	0.01193	0.01491	0.01371	0.01073	0.01371	0.00954	0.01431	0.00716	0.00537	0.00537	0.00179	0.00716	0.00477	0.00239	0.00596
24	0.00992	0.00924	0.01327	0.12296	0.01541	0.01208	0.01013	0.01140	0.00915	0.01322	0.01384	0.22818	0.01506	0.01225	0.04845	0.00251	0.43678	0.00762	0.00309	0.00543
25	0.01909	0.01426	0.01541	0.01173	0.01609	0.01530	0.00966	0.65442	0.02324	0.03152	0.01241	0.01264	0.00896	0.00609	0.00517	0.00150	0.00563	0.00460	0.00506	0.12721
26	0.31314	0.01276	0.04589	0.12398	0.01948	0.07662	0.20346	0.01556	0.01095	0.01840	0.02312	0.04430	0.00928	0.04005	0.00606	0.00188	0.02090	0.00499	0.00303	0.00614
27	0.07517	0.05380	0.37172	0.01260	0.01800	0.01318	0.01360	0.02166	0.32574	0.01961	0.01445	0.01463	0.01071	0.00598	0.00504	0.00172	0.00602	0.00471	0.00368	0.00796
28	0.01444	0.10030	0.06013	0.01178	0.07813	0.01195	0.00933	0.21245	0.01523	0.04842	0.03579	0.01272	0.00972	0.00515	0.00459	0.00123	0.00508	0.00406	0.00378	0.35573
29	0.01353	0.05765	0.01400	0.09630	0.01631	0.01152	0.02576	0.23712	0.06709	0.02187	0.05568	0.09121	0.01377	0.00677	0.00508	0.00144	0.00498	0.00563	0.00417	0.25015

[dist]
# distance from previous block
# <min> <max>
13	54

[block]
# block no. 3 follows, 45 sequences, length 10
# corresponding to MSA columns:
# 367-376
name=unknown_D
#
# <colnr> <probs for GDERKNQSTAVLIFYWHMCP>
#	G	D	E	R	K	N	Q	S	T	A	V	L	I	F	Y	W	H	M	C	P
0	0.05972	0.01993	0.34595	0.09399	0.12910	0.05934	0.09596	0.10001	0.01321	0.01883	0.00999	0.01217	0.00743	0.00519	0.00520	0.00167	0.00743	0.00442	0.00282	0.00766
1	0.01305	0.03625	0.05253	0.02351	0.43221	0.03475	0.07465	0.01558	0.01159	0.06007	0.01166	0.04794	0.01032	0.05161	0.00823	0.06093	0.03947	0.00541	0.00296	0.00729
2	0.01057	0.00998	0.01687	0.69420	0.13787	0.01204	0.01512	0.01409	0.01094	0.01424	0.00962	0.01417	0.00734	0.00529	0.00536	0.00176	0.00705	0.00477	0.00242	0.00631
3	0.01020	0.00721	0.00940	0.00846	0.01008	0.00705	0.04101	0.11040	0.01361	0.05551	0.23399	0.24490	0.03016	0.15522	0.01000	0.00242	0.00408	0.00968	0.00490	0.03171
4	0.01014	0.00954	0.01610	0.79845	0.03697	0.01193	0.01491	0.01371	0.01073	0.01371	0.00954	0.01431	0.00716	0.00537	0.00537	0.00179	0.00716	0.00477	0.00239	0.00596
5	0.01260	0.01204	0.01596	0.24841	0.02198	0.07700	0.07099	0.08992	0.09500	0.01672	0.01126	0.01457	0.00910	0.01013	0.09223	0.00256	0.16177	0.00498	0.00314	0.02963
6	0.01676	0.12466	0.23293	0.01351	0.01811	0.39738	0.01287	0.09302	0.01458	0.01622	0.00902	0.01033	0.00710	0.00538	0.00479	0.00147	0.00832	0.00366	0.00283	0.00708
7	0.02041	0.01504	0.01611	0.01235	0.01665	0.01665	0.01020	0.75997	0.02524	0.03383	0.01289	0.01289	0.00913	0.00644	0.00537	0.00161	0.00591	0.00483	0.00537	0.00913
8	0.01331	0.01060	0.01140	0.00998	0.01222	0.05602	0.00782	0.21739	0.14883	0.02077	0.01516	0.01858	0.01263	0.07953	0.20721	0.00370	0.04497	0.00546	0.09776	0.00666
9	0.10706	0.01276	0.01343	0.01098	0.01465	0.01424	0.00888	0.37793	0.26594	0.06566	0.04214	0.01599	0.01280	0.00673	0.00521	0.00169	0.00499	0.00523	0.00526	0.00842

[dist]
# distance from previous block
# <min> <max>
2	18

[block]
# block no. 4 follows, 45 sequences, length 79
# corresponding to MSA columns:
# 395-473
name=unknown_E
#
# <colnr> <probs for GDERKNQSTAVLIFYWHMCP>
#	G	D	E	R	K	N	Q	S	T	A	V	L	I	F	Y	W	H	M	C	P
0	0.01505	0.01404	0.06984	0.01558	0.07169	0.01356	0.17910	0.31856	0.04925	0.02377	0.01459	0.05499	0.03546	0.00679	0.00610	0.00171	0.03478	0.02435	0.00413	0.04668
1	0.01408	0.01150	0.01570	0.03216	0.15770	0.01228	0.06600	0.28723	0.03166	0.02289	0.05646	0.11244	0.03361	0.00834	0.00645	0.00180	0.04807	0.05691	0.01735	0.00739
2	0.00999	0.01669	0.34334	0.01491	0.07471	0.01042	0.10027	0.01415	0.01052	0.01533	0.01162	0.01557	0.00961	0.01845	0.30539	0.00435	0.01041	0.00498	0.00258	0.00669
3	0.01049	0.00826	0.01000	0.06714	0.01278	0.00918	0.00737	0.01748	0.29964	0.04602	0.10123	0.02613	0.09642	0.06873	0.19116	0.00362	0.00658	0.00691	0.00452	0.00635
4	0.01077	0.02777	0.78354	0.01530	0.02323	0.01247	0.01983	0.01700	0.01133	0.01700	0.00963	0.01133	0.00680	0.00510	0.00510	0.00170	0.00793	0.00397	0.00227	0.00793
5	0.01660	0.06499	0.01411	0.01138	0.03606	0.01299	0.00895	0.12366	0.39246	0.19222	0.01900	0.01847	0.01398	0.00701	0.00564	0.00173	0.02427	0.02270	0.00533	0.00847
6	0.01455	0.78749	0.02769	0.00934	0.01387	0.04763	0.00923	0.01626	0.01105	0.01265	0.00749	0.00865	0.00689	0.00462	0.00349	0.00116	0.00588	0.00289	0.00231	0.00687
7	0.01170	0.01393	0.18939	0.01064	0.01592	0.00900	0.04964	0.01571	0.05191	0.05218	0.01139	0.03497	0.00918	0.00493	0.00459	0.00119	0.00517	0.00413	0.00328	0.50116
8	0.02150	0.04450	0.06455	0.00987	0.01411	0.00900	0.00867	0.05956	0.01537	0.61096	0.06975	0.01859	0.01488	0.00673	0.00536	0.00164	0.00477	0.00546	0.00606	0.00869
9	0.00753	0.00579	0.00692	0.00658	0.00810	0.00535	0.00495	0.01038	0.05440	0.01946	0.51762	0.04251	0.26745	0.01157	0.00629	0.00173	0.00268	0.01000	0.00561	0.00509
10	0.00654	0.00467	0.00623	0.00747	0.00779	0.00436	0.00498	0.00747	0.01028	0.01370	0.02959	0.80785	0.03550	0.01682	0.00685	0.00218	0.00311	0.01526	0.00498	0.00436
11	0.01860	0.05481	0.07366	0.01051	0.01458	0.01136	0.00928	0.24987	0.03234	0.31565	0.06719	0.02041	0.05179	0.00733	0.00545	0.00167	0.00510	0.03671	0.00545	0.00824
12	0.01014	0.00954	0.01610	0.79845	0.03697	0.01193	0.01491	0.01371	0.01073	0.01371	0.00954	0.01431	0.00716	0.00537	0.00537	0.00179	0.00716	0.00477	0.00239	0.00596
13	0.01014	0.00954	0.01610	0.79845	0.03697	0.01193	0.01491	0.01371	0.01073	0.01371	0.00954	0.01431	0.00716	0.00537	0.00537	0.00179	0.00716	0.00477	0.00239	0.00596
14	0.01267	0.01448	0.03167	0.02262	0.02805	0.01357	0.75837	0.01719	0.01267	0.01719	0.01086	0.01448	0.00814	0.00452	0.00633	0.00181	0.00905	0.00633	0.00271	0.00724
15	0.01329	0.01275	0.02179	0.03295	0.77787	0.01275	0.01647	0.01647	0.01222	0.01754	0.01010	0.01329	0.00850	0.00478	0.00531	0.00159	0.00638	0.00478	0.00266	0.00850
16	0.01267	0.01448	0.03167	0.02262	0.02805	0.01357	0.75837	0.01719	0.01267	0.01719	0.01086	0.01448	0.00814	0.00452	0.00633	0.00181	0.00905	0.00633	0.00271	0.00724
17	0.00634	0.00544	0.00544	0.00544	0.00725	0.00453	0.00408	0.00770	0.01224	0.01450	0.05438	0.05166	0.77569	0.01359	0.00634	0.00181	0.00272	0.01133	0.00498	0.00453
18	0.01402	0.74276	0.09708	0.00974	0.01464	0.02044	0.01016	0.01616	0.01095	0.01303	0.00766	0.00886	0.00688	0.00464	0.00360	0.00120	0.00594	0.00297	0.00229	0.00698
19	0.00768	0.00570	0.00837	0.00837	0.00924	0.00657	0.00639	0.00942	0.00855	0.01227	0.01461	0.02237	0.01398	0.11075	0.72035	0.00831	0.01354	0.00594	0.00291	0.00465
20	0.84927	0.01038	0.00789	0.00706	0.01038	0.01204	0.00581	0.01578	0.00914	0.02408	0.00747	0.00872	0.00581	0.00498	0.00332	0.00166	0.00415	0.00291	0.00332	0.00581
21	0.01329	0.01275	0.02179	0.03295	0.77787	0.01275	0.01647	0.01647	0.01222	0.01754	0.01010	0.01329	0.00850	0.00478	0.00531	0.00159	0.00638	0.00478	0.00266	0.00850
22	0.02005	0.02558	0.01521	0.01383	0.01659	0.78980	0.01037	0.02143	0.01521	0.01314	0.00830	0.00968	0.00691	0.00553	0.00484	0.00138	0.00968	0.00346	0.00277	0.00622
23	0.01335	0.01153	0.01214	0.01092	0.01396	0.01335	0.00850	0.02852	0.76817	0.02245	0.02185	0.02003	0.01639	0.00728	0.00546	0.00182	0.00425	0.00607	0.00546	0.00850
24	0.01268	0.00809	0.06620	0.00834	0.01082	0.00628	0.00695	0.01482	0.01342	0.25964	0.22073	0.23019	0.09791	0.01091	0.00608	0.00182	0.00375	0.00949	0.00555	0.00634
25	0.39706	0.00970	0.01039	0.00842	0.01220	0.00977	0.00695	0.02147	0.01255	0.43920	0.01498	0.01395	0.00991	0.00589	0.00446	0.00166	0.00438	0.00427	0.00514	0.00763
26	0.00767	0.00575	0.00863	0.00863	0.00959	0.00671	0.00671	0.00959	0.00863	0.01246	0.01438	0.02109	0.01342	0.04026	0.79008	0.00863	0.01438	0.00575	0.00288	0.00479
27	0.01110	0.09765	0.63185	0.01402	0.02098	0.01296	0.01739	0.01712	0.05458	0.01659	0.01050	0.01276	0.00799	0.04492	0.00606	0.00183	0.00739	0.00418	0.00250	0.00764
28	0.01432	0.01616	0.01556	0.44368	0.02764	0.32886	0.01277	0.01752	0.04637	0.01387	0.00958	0.01268	0.00747	0.00552	0.00516	0.00162	0.00805	0.00429	0.00268	0.00618
29	0.00767	0.00575	0.00863	0.00863	0.00959	0.00671	0.00671	0.00959	0.00863	0.01246	0.01438	0.02109	0.01342	0.04026	0.79008	0.00863	0.01438	0.00575	0.00288	0.00479
30	0.00780	0.00625	0.00669	0.00659	0.00829	0.02173	0.00495	0.01014	0.05381	0.03599	0.18636	0.11704	0.46856	0.01274	0.00632	0.00183	0.00306	0.03170	0.00518	0.00500
31	0.01266	0.06689	0.38463	0.01960	0.17027	0.08428	0.15237	0.01729	0.01208	0.01654	0.00970	0.01198	0.00739	0.00494	0.00525	0.00164	0.00787	0.00445	0.00247	0.00770
32	0.01087	0.01025	0.01767	0.01703	0.13048	0.02369	0.23645	0.01484	0.07110	0.01678	0.01964	0.12865	0.01968	0.00970	0.00651	0.00203	0.00620	0.24807	0.00393	0.00640
33	0.00757	0.00549	0.00713	0.00672	0.00800	0.00505	0.00504	0.01007	0.01512	0.02134	0.75647	0.04039	0.06933	0.01104	0.00633	0.00169	0.00254	0.00975	0.00589	0.00505
34	0.01182	0.01018	0.01148	0.00831	0.01301	0.02445	0.00665	0.05343	0.01197	0.01827	0.00969	0.01119	0.00799	0.00414	0.00407	0.00085	0.00420	0.00327	0.00329	0.78172
35	0.01127	0.01067	0.01780	0.36688	0.38189	0.01164	0.01465	0.01446	0.01157	0.01558	0.01389	0.01724	0.07794	0.00584	0.00543	0.00170	0.00639	0.00537	0.00275	0.00702
36	0.01404	0.15357	0.10903	0.08392	0.03206	0.05556	0.02649	0.04534	0.10257	0.10857	0.01328	0.07239	0.01113	0.00704	0.00695	0.00172	0.12630	0.00528	0.00358	0.02118
37	0.01343	0.04913	0.39962	0.01678	0.13141	0.01242	0.05944	0.01959	0.11115	0.11598	0.01278	0.01374	0.00922	0.00549	0.00523	0.00168	0.00677	0.00464	0.00333	0.00817
38	0.01014	0.00954	0.01610	0.79845	0.03697	0.01193	0.01491	0.01371	0.01073	0.01371	0.00954	0.01431	0.00716	0.00537	0.00537	0.00179	0.00716	0.00477	0.00239	0.00596
39	0.02887	0.01166	0.01375	0.01399	0.12455	0.01287	0.00965	0.07330	0.51727	0.10435	0.01926	0.01822	0.01427	0.00676	0.00539	0.00175	0.00470	0.00568	0.00514	0.00856
40	0.01202	0.01131	0.01744	0.46968	0.18970	0.06422	0.05374	0.01523	0.01163	0.04716	0.01112	0.05293	0.00913	0.00583	0.00545	0.00174	0.00695	0.00531	0.00279	0.00664
41	0.05755	0.28460	0.35172	0.01217	0.01791	0.03470	0.01362	0.05125	0.09767	0.01721	0.01030	0.01131	0.00797	0.00524	0.00450	0.00152	0.00654	0.00381	0.00285	0.00755
42	0.01234	0.14220	0.01831	0.01329	0.01409	0.03347	0.01130	0.01361	0.00880	0.01288	0.00714	0.01119	0.00702	0.00854	0.01505	0.00213	0.65586	0.00438	0.00235	0.00604
43	0.01113	0.00954	0.01113	0.00795	0.01272	0.00716	0.00636	0.01352	0.01113	0.01749	0.00954	0.01113	0.00795	0.00398	0.00398	0.00080	0.00398	0.00318	0.00318	0.84417
44	0.01230	0.01168	0.01637	0.46404	0.16824	0.08301	0.01375	0.03347	0.05895	0.03345	0.02711	0.01578	0.00963	0.00580	0.00539	0.00173	0.00682	0.02280	0.00297	0.00672
45	0.01335	0.01153	0.01214	0.01092	0.01396	0.01335	0.00850	0.02852	0.76817	0.02245	0.02185	0.02003	0.01639	0.00728	0.00546	0.00182	0.00425	0.00607	0.00546	0.00850
46	0.01113	0.00954	0.01113	0.00795	0.01272	0.00716	0.00636	0.01352	0.01113	0.01749	0.00954	0.01113	0.00795	0.00398	0.00398	0.00080	0.00398	0.00318	0.00318	0.84417
47	0.01587	0.09766	0.02009	0.04875	0.05668	0.36198	0.18181	0.01832	0.01333	0.01483	0.00911	0.01124	0.00742	0.00496	0.00498	0.00141	0.00813	0.00414	0.00274	0.11654
48	0.01312	0.01258	0.02149	0.07371	0.73841	0.01271	0.01639	0.01633	0.01214	0.01733	0.01007	0.01334	0.00843	0.00481	0.00532	0.00160	0.00642	0.00478	0.00264	0.00837
49	0.01028	0.00966	0.01177	0.01085	0.01166	0.08159	0.00860	0.01213	0.02760	0.01287	0.01198	0.03430	0.01147	0.05379	0.39700	0.00544	0.27541	0.00548	0.00281	0.00531
50	0.45159	0.00936	0.02379	0.00753	0.00991	0.04742	0.00598	0.01292	0.01018	0.01930	0.01899	0.18581	0.10601	0.03494	0.00548	0.00192	0.00418	0.03552	0.00388	0.00530
51	0.01301	0.01240	0.02107	0.03166	0.73992	0.01238	0.01591	0.01616	0.01237	0.01773	0.04781	0.01461	0.01058	0.00509	0.00536	0.00160	0.00619	0.00503	0.00282	0.00833
52	0.00767	0.00575	0.00863	0.00863	0.00959	0.00671	0.00671	0.00959	0.00863	0.01246	0.01438	0.02109	0.01342	0.04026	0.79008	0.00863	0.01438	0.00575	0.00288	0.00479
53	0.02041	0.01504	0.01611	0.01235	0.01665	0.01665	0.01020	0.75997	0.02524	0.03383	0.01289	0.01289	0.00913	0.00644	0.00537	0.00161	0.00591	0.00483	0.00537	0.00913
54	0.01014	0.00954	0.01610	0.79845	0.03697	0.01193	0.01491	0.01371	0.01073	0.01371	0.00954	0.01431	0.00716	0.00537	0.00537	0.00179	0.00716	0.00477	0.00239	0.00596
55	0.01014	0.00954	0.01610	0.79845	0.03697	0.01193	0.01491	0.01371	0.01073	0.01371	0.00954	0.01431	0.00716	0.00537	0.00537	0.00179	0.00716	0.00477	0.00239	0.00596
56	0.06980	0.00922	0.01180	0.00931	0.01317	0.00848	0.00762	0.02511	0.08352	0.63125	0.02027	0.01797	0.01316	0.00659	0.00520	0.00166	0.00441	0.00530	0.04748	0.00868
57	0.00849	0.00496	0.00637	0.00637	0.00637	0.00496	0.00389	0.00744	0.00744	0.00992	0.01348	0.02663	0.01491	0.45306	0.02445	0.38425	0.00496	0.00639	0.00284	0.00284
58	0.01398	0.73390	0.10559	0.00981	0.01475	0.02034	0.01028	0.01617	0.01095	0.01308	0.00769	0.00889	0.00688	0.00464	0.00361	0.00120	0.00597	0.00298	0.00229	0.00700
59	0.80188	0.01031	0.00815	0.00720	0.01057	0.01180	0.00593	0.01638	0.00949	0.06759	0.00826	0.00927	0.00624	0.00508	0.00344	0.00166	0.00418	0.00305	0.00351	0.00600
60	0.00661	0.00472	0.00631	0.00755	0.00789	0.00442	0.00510	0.00759	0.01034	0.01378	0.02955	0.78374	0.03535	0.01675	0.00687	0.00219	0.00317	0.03869	0.00498	0.00438
61	0.00697	0.00546	0.00631	0.00610	0.00764	0.00480	0.00457	0.00892	0.01372	0.01803	0.41680	0.04584	0.41106	0.01228	0.00634	0.00175	0.00263	0.01051	0.00545	0.00480
62	0.01301	0.01247	0.02129	0.10060	0.71239	0.01268	0.01634	0.01623	0.01209	0.01720	0.01005	0.01338	0.00838	0.00483	0.00532	0.00161	0.00645	0.00478	0.00263	0.00828
63	0.00889	0.00697	0.00922	0.00794	0.01018	0.00631	0.07381	0.05020	0.01393	0.05551	0.24308	0.04140	0.42940	0.01133	0.00624	0.00176	0.00351	0.00979	0.00513	0.00540
64	0.00932	0.00466	0.00699	0.00699	0.00699	0.00466	0.00466	0.00699	0.00699	0.00932	0.00932	0.01632	0.00932	0.01865	0.02098	0.84382	0.00466	0.00466	0.00233	0.00233
65	0.01014	0.00954	0.01610	0.79845	0.03697	0.01193	0.01491	0.01371	0.01073	0.01371	0.00954	0.01431	0.00716	0.00537	0.00537	0.00179	0.00716	0.00477	0.00239	0.00596
66	0.01294	0.01239	0.02099	0.03160	0.74002	0.01235	0.01587	0.01604	0.01222	0.01739	0.01227	0.01517	0.04618	0.00522	0.00536	0.00160	0.00620	0.00510	0.00277	0.00831
67	0.01466	0.01427	0.02594	0.02221	0.17540	0.01415	0.42936	0.19625	0.01561	0.02128	0.01120	0.01386	0.00845	0.00504	0.00590	0.00172	0.00776	0.00566	0.00334	0.00795
68	0.00654	0.00467	0.00623	0.00747	0.00779	0.00436	0.00498	0.00747	0.01028	0.01370	0.02959	0.80785	0.03550	0.01682	0.00685	0.00218	0.00311	0.01526	0.00498	0.00436
69	0.01174	0.01174	0.01644	0.01409	0.01409	0.01644	0.01174	0.01292	0.00822	0.01292	0.00705	0.01174	0.00705	0.00940	0.01762	0.00235	0.80153	0.00470	0.00235	0.00587
70	0.01074	0.04590	0.00836	0.00695	0.00841	0.00701	0.00515	0.05151	0.01103	0.08571	0.03345	0.02590	0.06301	0.24908	0.14672	0.00378	0.00589	0.00636	0.21993	0.00512
71	0.00786	0.00551	0.00776	0.00776	0.00839	0.00613	0.00563	0.00889	0.00827	0.01164	0.01457	0.02427	0.01462	0.23725	0.52296	0.08409	0.01112	0.00618	0.00292	0.00417
72	0.01435	0.81458	0.02813	0.00918	0.01378	0.02124	0.00918	0.01607	0.01091	0.01263	0.00746	0.00861	0.00689	0.00459	0.00344	0.00115	0.00574	0.00287	0.00230	0.00689
73	0.01146	0.09209	0.01287	0.00808	0.01283	0.00860	0.00665	0.01378	0.01111	0.01699	0.00933	0.01087	0.00784	0.00404	0.00392	0.00083	0.00416	0.00315	0.00309	0.75831
74	0.05469	0.13176	0.12590	0.01035	0.01507	0.17067	0.00951	0.01612	0.01187	0.01615	0.00890	0.01038	0.00731	0.00460	0.00421	0.00114	0.00598	0.00329	0.00284	0.38926
75	0.07428	0.05357	0.01424	0.01196	0.05197	0.13937	0.00908	0.15101	0.24412	0.09880	0.01461	0.01444	0.01091	0.00607	0.00495	0.00155	0.00560	0.00466	0.00448	0.08432
76	0.05168	0.05191	0.13320	0.01593	0.11953	0.01140	0.15413	0.02045	0.06137	0.27397	0.01472	0.02821	0.01054	0.00575	0.00534	0.00166	0.00615	0.00522	0.00419	0.02464
77	0.01479	0.09408	0.05532	0.06597	0.15899	0.02687	0.07908	0.05115	0.05669	0.16412	0.01404	0.04161	0.01132	0.03737	0.00606	0.00171	0.00584	0.02371	0.00385	0.08744
78	0.10083	0.04766	0.20948	0.19644	0.06230	0.08547	0.02789	0.06867	0.03219	0.08701	0.01121	0.02835	0.00847	0.00566	0.00501	0.00166	0.00674	0.00451	0.00323	0.00720

[dist]
# distance from previous block
# <min> <max>
0	18

# created by:
# /st0/software/busco_prod/Augustus/scripts/msa2prfl.pl ./align_prep/65148.fa
