[name]
unknown

[dist]
# distance from previous block
# <min> <max>
0	144

[block]
# block no. 0 follows, 50 sequences, length 71
# corresponding to MSA columns:
# 160-230
name=unknown_A
#
# <colnr> <probs for GDERKNQSTAVLIFYWHMCP>
#	G	D	E	R	K	N	Q	S	T	A	V	L	I	F	Y	W	H	M	C	P
0	0.40355	0.01040	0.01106	0.00935	0.03028	0.01126	0.05414	0.20804	0.01325	0.07423	0.01344	0.01491	0.07038	0.01783	0.00457	0.00160	0.00455	0.02376	0.00388	0.01953
1	0.00913	0.00839	0.07056	0.00788	0.03690	0.03229	0.00594	0.07647	0.01086	0.03182	0.02407	0.06831	0.22098	0.30460	0.01255	0.00275	0.00442	0.00742	0.03505	0.02962
2	0.01343	0.01150	0.01403	0.02577	0.14451	0.01273	0.03426	0.15437	0.47490	0.02158	0.01634	0.01603	0.01233	0.00608	0.00504	0.00161	0.00472	0.00519	0.00447	0.02112
3	0.02063	0.08507	0.01348	0.00932	0.01320	0.01001	0.00782	0.15117	0.04033	0.56978	0.01720	0.01534	0.01123	0.00598	0.00484	0.00150	0.00454	0.00473	0.00556	0.00827
4	0.01926	0.01346	0.01465	0.01123	0.01521	0.01471	0.00928	0.70766	0.02259	0.10206	0.01268	0.01243	0.00883	0.00600	0.00499	0.00150	0.00537	0.00454	0.00510	0.00848
5	0.00623	0.00445	0.00596	0.00712	0.00748	0.00418	0.00490	0.00721	0.00970	0.01290	0.02739	0.76051	0.03263	0.01547	0.00640	0.00205	0.00303	0.07369	0.00462	0.00409
6	0.01234	0.01184	0.02023	0.03059	0.79373	0.01184	0.01530	0.01530	0.01135	0.01628	0.00938	0.01234	0.00790	0.00444	0.00493	0.00148	0.00592	0.00444	0.00247	0.00790
7	0.04216	0.01962	0.01425	0.01214	0.01527	0.48109	0.00945	0.30911	0.01753	0.01982	0.00931	0.01010	0.00718	0.00545	0.00464	0.00137	0.00751	0.00368	0.00351	0.00680
8	0.00658	0.00469	0.00581	0.00650	0.00694	0.00445	0.00438	0.00737	0.00925	0.01211	0.02649	0.43422	0.11255	0.25182	0.01192	0.00283	0.00358	0.08056	0.00415	0.00382
9	0.86003	0.00964	0.00733	0.00655	0.00964	0.01118	0.00540	0.01465	0.00848	0.02236	0.00694	0.00810	0.00540	0.00463	0.00308	0.00154	0.00386	0.00270	0.00308	0.00540
10	0.01505	0.47330	0.08372	0.01014	0.01444	0.07887	0.00967	0.22897	0.01420	0.01760	0.00856	0.00939	0.00697	0.00485	0.00392	0.00124	0.00582	0.00330	0.00296	0.00701
11	0.01213	0.01163	0.01985	0.08701	0.73896	0.01179	0.01519	0.01511	0.01125	0.01603	0.00934	0.01241	0.00781	0.00448	0.00494	0.00149	0.00597	0.00444	0.00245	0.00773
12	0.01712	0.00965	0.01141	0.00954	0.01285	0.00999	0.00762	0.02545	0.41951	0.38885	0.01999	0.01782	0.01385	0.00648	0.00504	0.00162	0.00409	0.00534	0.00559	0.00817
13	0.01512	0.01313	0.22002	0.01019	0.01434	0.00925	0.00995	0.02056	0.17866	0.32890	0.04705	0.01765	0.01319	0.07139	0.00661	0.00185	0.00498	0.00513	0.00457	0.00747
14	0.33992	0.01625	0.01171	0.01014	0.01322	0.33142	0.00798	0.18137	0.01398	0.02023	0.00833	0.00929	0.00647	0.00512	0.00406	0.00143	0.00627	0.00329	0.00329	0.00622
15	0.00607	0.00434	0.00578	0.00694	0.00723	0.00405	0.00463	0.00694	0.00954	0.01272	0.02747	0.82157	0.03297	0.01562	0.00636	0.00202	0.00289	0.01417	0.00463	0.00405
16	0.00725	0.00483	0.00544	0.00544	0.00544	0.00483	0.00302	0.00725	0.00725	0.00966	0.01571	0.03262	0.01812	0.82483	0.02537	0.00483	0.00483	0.00725	0.00302	0.00302
17	0.01502	0.26886	0.20984	0.01123	0.01613	0.01583	0.01136	0.35522	0.01616	0.02150	0.00967	0.01038	0.00730	0.00515	0.00437	0.00138	0.00590	0.00373	0.00340	0.00756
18	0.01179	0.01128	0.01924	0.17814	0.65050	0.01170	0.01502	0.01481	0.01109	0.01561	0.00928	0.01252	0.00766	0.00454	0.00494	0.00151	0.00606	0.00444	0.00242	0.00745
19	0.01234	0.01184	0.02023	0.03059	0.79373	0.01184	0.01530	0.01530	0.01135	0.01628	0.00938	0.01234	0.00790	0.00444	0.00493	0.00148	0.00592	0.00444	0.00247	0.00790
20	0.01234	0.01184	0.02023	0.03059	0.79373	0.01184	0.01530	0.01530	0.01135	0.01628	0.00938	0.01234	0.00790	0.00444	0.00493	0.00148	0.00592	0.00444	0.00247	0.00790
21	0.01243	0.29160	0.10412	0.02135	0.44621	0.01450	0.01332	0.01522	0.01085	0.01468	0.00850	0.01067	0.00722	0.00441	0.00432	0.00135	0.00587	0.00376	0.00231	0.00733
22	0.01116	0.14965	0.62227	0.01313	0.01977	0.01312	0.01623	0.07056	0.01139	0.01628	0.00885	0.01023	0.00648	0.00475	0.00451	0.00149	0.00691	0.00358	0.00232	0.00730
23	0.01914	0.00777	0.01053	0.00832	0.01161	0.00677	0.00677	0.02116	0.01423	0.63343	0.18221	0.02124	0.01965	0.00702	0.00520	0.00155	0.00384	0.00586	0.00603	0.00769
24	0.12645	0.01922	0.42988	0.01468	0.02052	0.01185	0.21705	0.01645	0.06641	0.01709	0.00979	0.01155	0.00716	0.00473	0.00484	0.00161	0.00692	0.00427	0.00256	0.00697
25	0.01276	0.39877	0.02376	0.01937	0.36230	0.01564	0.07275	0.01517	0.01080	0.01410	0.00827	0.01037	0.00716	0.00434	0.00419	0.00130	0.00584	0.00371	0.00231	0.00709
26	0.00623	0.00452	0.00591	0.00696	0.00745	0.00421	0.00485	0.00725	0.00988	0.01298	0.02950	0.68376	0.10259	0.01518	0.00636	0.00202	0.00301	0.07861	0.00462	0.00411
27	0.02133	0.00871	0.01154	0.00900	0.01275	0.00785	0.00738	0.02452	0.09409	0.71675	0.01973	0.01713	0.01264	0.00623	0.00502	0.00156	0.00421	0.00508	0.00606	0.00842
28	0.05406	0.01719	0.01408	0.01415	0.12293	0.39090	0.00975	0.09212	0.14105	0.07908	0.01133	0.01191	0.00869	0.00545	0.00468	0.00143	0.00680	0.00402	0.00350	0.00687
29	0.01048	0.14119	0.68779	0.01339	0.02031	0.01275	0.01699	0.01566	0.01047	0.01520	0.00866	0.01016	0.00633	0.00467	0.00451	0.00150	0.00707	0.00354	0.00211	0.00723
30	0.01234	0.01184	0.02023	0.03059	0.79373	0.01184	0.01530	0.01530	0.01135	0.01628	0.00938	0.01234	0.00790	0.00444	0.00493	0.00148	0.00592	0.00444	0.00247	0.00790
31	0.01559	0.00711	0.00949	0.00778	0.01047	0.00634	0.00622	0.03287	0.01438	0.44148	0.35734	0.02574	0.02745	0.00793	0.00539	0.00155	0.00344	0.00675	0.00585	0.00683
32	0.01341	0.07512	0.12382	0.01300	0.01712	0.05283	0.21301	0.02867	0.15876	0.14231	0.09714	0.01648	0.01372	0.00580	0.00515	0.00156	0.00586	0.00533	0.00386	0.00704
33	0.01520	0.06317	0.27474	0.01357	0.08830	0.17884	0.01234	0.01938	0.07790	0.19091	0.01198	0.01236	0.00860	0.00526	0.00471	0.00148	0.00647	0.00406	0.00340	0.00732
34	0.02152	0.00830	0.01130	0.00872	0.01243	0.00718	0.00718	0.02347	0.01426	0.75429	0.06225	0.01808	0.01425	0.00639	0.00506	0.00154	0.00414	0.00523	0.00613	0.00827
35	0.01416	0.01279	0.02296	0.02044	0.20544	0.01260	0.38175	0.17034	0.01422	0.07832	0.01102	0.01315	0.00819	0.00477	0.00541	0.00159	0.00691	0.00519	0.00328	0.00749
36	0.01384	0.01393	0.10388	0.02372	0.50265	0.01277	0.01409	0.21774	0.01447	0.02025	0.01002	0.01204	0.00788	0.00488	0.00493	0.00150	0.00596	0.00437	0.00310	0.00799
37	0.00747	0.00496	0.00674	0.00757	0.00832	0.00477	0.00561	0.00878	0.01014	0.05642	0.02620	0.53204	0.04640	0.01637	0.07011	0.00253	0.00416	0.17242	0.00455	0.00444
38	0.02236	0.00848	0.01157	0.00887	0.01272	0.00733	0.00733	0.02429	0.01427	0.79719	0.01966	0.01697	0.01234	0.00617	0.00501	0.00154	0.00424	0.00501	0.00617	0.00848
39	0.01000	0.02578	0.79900	0.01421	0.02157	0.01158	0.01842	0.01579	0.01052	0.01579	0.00895	0.01052	0.00631	0.00474	0.00474	0.00158	0.00737	0.00368	0.00210	0.00737
40	0.01114	0.30105	0.53374	0.01226	0.01856	0.01437	0.01502	0.01549	0.01039	0.01439	0.00825	0.00966	0.00634	0.00457	0.00421	0.00140	0.00667	0.00333	0.00211	0.00703
41	0.01176	0.01345	0.02941	0.02101	0.02605	0.01261	0.77563	0.01597	0.01176	0.01597	0.01008	0.01345	0.00756	0.00420	0.00588	0.00168	0.00840	0.00588	0.00252	0.00672
42	0.01851	0.00765	0.01024	0.00814	0.01137	0.00665	0.00661	0.02047	0.01403	0.60558	0.15597	0.02272	0.07458	0.00733	0.00523	0.00156	0.00379	0.00611	0.00594	0.00752
43	0.01216	0.01186	0.02086	0.06272	0.69087	0.01188	0.08538	0.01525	0.01133	0.01611	0.00942	0.01248	0.00781	0.00444	0.00502	0.00151	0.00618	0.00457	0.00246	0.00769
44	0.01310	0.01159	0.01958	0.02895	0.73459	0.01150	0.01469	0.01598	0.01157	0.07542	0.01015	0.01269	0.00823	0.00457	0.00494	0.00149	0.00579	0.00448	0.00275	0.00794
45	0.01120	0.00811	0.00936	0.00838	0.01062	0.00863	0.00649	0.01907	0.37942	0.10244	0.34428	0.02626	0.02829	0.00814	0.00540	0.00162	0.00331	0.00699	0.00536	0.00661
46	0.45854	0.01111	0.01428	0.01124	0.01487	0.01203	0.21066	0.07160	0.11619	0.02111	0.00996	0.01123	0.00753	0.00490	0.00424	0.00160	0.00519	0.00407	0.00334	0.00631
47	0.01136	0.21104	0.36457	0.01509	0.02097	0.01384	0.26404	0.01564	0.01084	0.01489	0.00884	0.01088	0.00674	0.00445	0.00475	0.00149	0.00723	0.00416	0.00225	0.00693
48	0.01972	0.01157	0.01335	0.01033	0.01416	0.01203	0.00850	0.44109	0.05698	0.32185	0.02863	0.01462	0.01093	0.00616	0.00502	0.00152	0.00488	0.00482	0.00545	0.00839
49	0.00687	0.00500	0.00593	0.00575	0.00666	0.00464	0.00398	0.00824	0.01136	0.01534	0.38821	0.03809	0.19783	0.26693	0.01201	0.00262	0.00317	0.00878	0.00453	0.00407
50	0.01433	0.01496	0.08353	0.01589	0.02041	0.06366	0.35189	0.25128	0.09512	0.02097	0.01147	0.01301	0.00846	0.00512	0.00534	0.00159	0.00700	0.00508	0.00351	0.00737
51	0.12763	0.01223	0.02265	0.02068	0.22020	0.01230	0.40398	0.01550	0.01096	0.03275	0.00942	0.01232	0.00738	0.00469	0.00599	0.00164	0.06528	0.00495	0.00263	0.00679
52	0.01373	0.01008	0.01109	0.00975	0.01265	0.01121	0.00764	0.02530	0.62419	0.14464	0.05784	0.01925	0.01631	0.00684	0.00510	0.00166	0.00391	0.00570	0.00527	0.00783
53	0.01282	0.01184	0.01863	0.02643	0.63123	0.01218	0.01387	0.07177	0.11758	0.01800	0.01105	0.01316	0.00893	0.00487	0.00496	0.00151	0.00562	0.00461	0.00300	0.00794
54	0.12092	0.01485	0.01473	0.01170	0.01530	0.14283	0.05762	0.47946	0.03717	0.02557	0.01063	0.01124	0.00783	0.00564	0.00496	0.00150	0.02225	0.00418	0.00415	0.00748
55	0.12722	0.20802	0.45605	0.01166	0.01748	0.01368	0.01371	0.07034	0.01109	0.01687	0.00842	0.00971	0.00636	0.00470	0.00417	0.00145	0.00628	0.00337	0.00245	0.00695
56	0.02085	0.00828	0.01117	0.00870	0.01231	0.00727	0.00713	0.02317	0.03692	0.71234	0.08123	0.01863	0.01519	0.00651	0.00508	0.00155	0.00408	0.00535	0.00608	0.00816
57	0.01060	0.02181	0.57449	0.01452	0.02088	0.01184	0.11998	0.01744	0.12830	0.01658	0.01082	0.01215	0.00784	0.00497	0.00494	0.00161	0.00699	0.00428	0.00261	0.00736
58	0.18159	0.03647	0.01682	0.01368	0.05930	0.17296	0.20145	0.06230	0.04617	0.14607	0.01099	0.01200	0.00806	0.00503	0.00469	0.00151	0.00636	0.00431	0.00348	0.00677
59	0.00606	0.00439	0.00573	0.00679	0.00719	0.00406	0.00456	0.00696	0.00969	0.01278	0.02931	0.75985	0.09350	0.01538	0.00632	0.00200	0.00286	0.01388	0.00463	0.00406
60	0.01771	0.00750	0.00982	0.00787	0.01105	0.00647	0.00638	0.01953	0.01365	0.57188	0.08764	0.02504	0.17750	0.00783	0.00526	0.00157	0.00373	0.00648	0.00579	0.00729
61	0.11648	0.01059	0.01192	0.00948	0.01305	0.01103	0.00775	0.28268	0.10597	0.31292	0.03778	0.01568	0.02958	0.00626	0.00483	0.00155	0.00450	0.00487	0.00522	0.00785
62	0.25417	0.12248	0.01424	0.00963	0.01340	0.01464	0.00815	0.44246	0.01723	0.04446	0.01006	0.01046	0.00742	0.00538	0.00421	0.00145	0.00498	0.00375	0.00410	0.00733
63	0.08330	0.00904	0.01039	0.00883	0.01190	0.00930	0.00702	0.02240	0.32210	0.33327	0.02147	0.05454	0.07005	0.00716	0.00501	0.00163	0.00391	0.00588	0.00530	0.00750
64	0.02089	0.00943	0.01250	0.01061	0.06262	0.00878	0.00811	0.11120	0.04904	0.62459	0.01815	0.01616	0.01173	0.00606	0.00501	0.00154	0.00448	0.00494	0.00575	0.00842
65	0.12729	0.10744	0.01786	0.04265	0.41229	0.07639	0.01193	0.11581	0.01260	0.01814	0.00896	0.01098	0.00731	0.00472	0.00446	0.00143	0.00578	0.00391	0.00284	0.00723
66	0.07213	0.22440	0.54939	0.01224	0.01853	0.01358	0.01501	0.01549	0.01028	0.01525	0.00830	0.00972	0.00627	0.00461	0.00423	0.00145	0.00661	0.00336	0.00218	0.00698
67	0.01740	0.00753	0.00981	0.00790	0.01104	0.00658	0.00639	0.01953	0.03157	0.54871	0.10740	0.02501	0.16322	0.00783	0.00527	0.00158	0.00371	0.00649	0.00578	0.00726
68	0.01716	0.17810	0.06568	0.01221	0.10417	0.14769	0.00946	0.01930	0.01282	0.32340	0.05252	0.01387	0.01099	0.00552	0.00457	0.00140	0.00558	0.00428	0.00401	0.00726
69	0.06251	0.18537	0.03147	0.00909	0.01309	0.01122	0.00797	0.10902	0.01407	0.48371	0.01516	0.01387	0.01013	0.00563	0.00452	0.00144	0.00467	0.00430	0.00492	0.00785
70	0.04745	0.06701	0.01001	0.00855	0.01044	0.00939	0.00650	0.07630	0.28810	0.01748	0.02128	0.37512	0.02153	0.01038	0.00542	0.00177	0.00369	0.00901	0.00457	0.00601

[dist]
# distance from previous block
# <min> <max>
5	60

[block]
# block no. 1 follows, 50 sequences, length 105
# corresponding to MSA columns:
# 298-402
name=unknown_B
#
# <colnr> <probs for GDERKNQSTAVLIFYWHMCP>
#	G	D	E	R	K	N	Q	S	T	A	V	L	I	F	Y	W	H	M	C	P
0	0.01729	0.01650	0.07570	0.01232	0.06809	0.36337	0.00950	0.01928	0.01345	0.24535	0.05758	0.05520	0.01197	0.00619	0.00487	0.00145	0.00655	0.00477	0.00386	0.00670
1	0.01111	0.00707	0.01007	0.01127	0.15714	0.00654	0.00715	0.01337	0.01332	0.18034	0.40047	0.02950	0.11511	0.00854	0.00552	0.00156	0.00344	0.00748	0.00496	0.00604
2	0.01937	0.00805	0.01076	0.00851	0.01188	0.00716	0.00693	0.02200	0.05394	0.63143	0.14452	0.02033	0.01810	0.00685	0.00516	0.00155	0.00392	0.00569	0.00600	0.00784
3	0.01181	0.24959	0.51712	0.01234	0.01856	0.01358	0.02511	0.01613	0.01069	0.06872	0.00914	0.01030	0.00677	0.00470	0.00434	0.00143	0.00659	0.00352	0.00240	0.00716
4	0.08535	0.06707	0.01320	0.01097	0.07527	0.05602	0.00823	0.05952	0.14230	0.40627	0.01599	0.01484	0.01097	0.00581	0.00471	0.00151	0.00471	0.00460	0.00490	0.00779
5	0.04944	0.01153	0.01283	0.01027	0.01388	0.01240	0.00835	0.35805	0.21953	0.22610	0.01594	0.01485	0.01112	0.00618	0.00494	0.00156	0.00470	0.00486	0.00524	0.00821
6	0.01448	0.01243	0.02172	0.02104	0.27546	0.01225	0.29840	0.15304	0.01401	0.10991	0.01130	0.01323	0.00839	0.00483	0.00531	0.00157	0.00658	0.00506	0.00337	0.00763
7	0.01205	0.01231	0.02294	0.21822	0.08119	0.02424	0.42062	0.09123	0.03544	0.01681	0.01018	0.01327	0.00766	0.00468	0.00546	0.00164	0.00737	0.00523	0.00276	0.00671
8	0.04461	0.01205	0.16037	0.00995	0.01437	0.00875	0.00945	0.03714	0.06688	0.55743	0.01715	0.01550	0.01111	0.00589	0.00491	0.00156	0.00482	0.00472	0.00521	0.00814
9	0.02172	0.00952	0.01221	0.00936	0.01324	0.00886	0.00773	0.16663	0.01600	0.65239	0.01821	0.01602	0.01161	0.00613	0.00501	0.00153	0.00448	0.00491	0.00595	0.00848
10	0.24139	0.00975	0.01360	0.01053	0.01423	0.00959	0.15202	0.01971	0.06557	0.35881	0.04557	0.01487	0.01119	0.00559	0.00470	0.00158	0.00483	0.00477	0.00456	0.00714
11	0.01704	0.01607	0.01259	0.01110	0.01400	0.36253	0.00855	0.02315	0.29762	0.16381	0.01459	0.01403	0.01077	0.00593	0.00480	0.00148	0.00624	0.00444	0.00417	0.00707
12	0.01444	0.00792	0.01283	0.01043	0.01321	0.00714	0.15158	0.01639	0.01203	0.36318	0.02050	0.29662	0.01871	0.02285	0.00599	0.00179	0.00457	0.00840	0.00489	0.00651
13	0.01016	0.00592	0.00788	0.00754	0.00925	0.00547	0.00612	0.01234	0.01317	0.16499	0.36788	0.03976	0.08658	0.01066	0.00601	0.00179	0.00338	0.23047	0.00529	0.00535
14	0.07184	0.75277	0.04258	0.00852	0.01278	0.01894	0.00854	0.01493	0.01002	0.01256	0.00698	0.00806	0.00633	0.00430	0.00323	0.00111	0.00528	0.00269	0.00220	0.00635
15	0.01037	0.01080	0.01978	0.01546	0.01776	0.01196	0.35081	0.01281	0.00984	0.01390	0.01208	0.16532	0.01199	0.00801	0.00980	0.00193	0.30193	0.00689	0.00280	0.00575
16	0.01484	0.00869	0.01034	0.00907	0.01179	0.00897	0.00707	0.02199	0.35703	0.30259	0.02142	0.16983	0.01752	0.00822	0.00529	0.00170	0.00385	0.00702	0.00539	0.00738
17	0.01234	0.01182	0.02003	0.03012	0.77579	0.01186	0.01513	0.01555	0.02912	0.01639	0.00963	0.01248	0.00806	0.00449	0.00494	0.00149	0.00588	0.00447	0.00253	0.00790
18	0.07215	0.01166	0.02040	0.02206	0.36482	0.01146	0.23795	0.01728	0.05619	0.11956	0.01140	0.01334	0.00863	0.00474	0.00510	0.00156	0.00618	0.00489	0.00316	0.00745
19	0.18075	0.00870	0.01077	0.00843	0.01214	0.00806	0.00696	0.02247	0.01317	0.65068	0.01726	0.01529	0.01103	0.00588	0.00465	0.00154	0.00417	0.00458	0.00559	0.00790
20	0.02236	0.00848	0.01157	0.00887	0.01272	0.00733	0.00733	0.02429	0.01427	0.79719	0.01966	0.01697	0.01234	0.00617	0.00501	0.00154	0.00424	0.00501	0.00617	0.00848
21	0.01571	0.02360	0.24603	0.01309	0.01709	0.52464	0.01213	0.01907	0.05743	0.01376	0.00880	0.01000	0.00690	0.00511	0.00460	0.00139	0.00822	0.00349	0.00258	0.00637
22	0.01494	0.28192	0.11219	0.01082	0.01466	0.24863	0.00985	0.01934	0.15810	0.06844	0.01081	0.01122	0.00847	0.00518	0.00425	0.00134	0.00632	0.00367	0.00309	0.00676
23	0.02236	0.00848	0.01157	0.00887	0.01272	0.00733	0.00733	0.02429	0.01427	0.79719	0.01966	0.01697	0.01234	0.00617	0.00501	0.00154	0.00424	0.00501	0.00617	0.00848
24	0.00651	0.00510	0.00555	0.00565	0.00718	0.00438	0.00426	0.00786	0.01139	0.03324	0.08624	0.13152	0.60503	0.01272	0.00598	0.00175	0.00272	0.05387	0.00471	0.00435
25	0.01564	0.17258	0.07415	0.01380	0.01768	0.36691	0.19003	0.01802	0.01257	0.06075	0.00893	0.01044	0.00704	0.00479	0.00462	0.00137	0.00776	0.00388	0.00266	0.00639
26	0.01275	0.01239	0.02408	0.02444	0.36754	0.01190	0.38333	0.01624	0.01175	0.07017	0.01043	0.01319	0.00804	0.00444	0.00540	0.00158	0.00701	0.00518	0.00275	0.00737
27	0.23619	0.01285	0.01299	0.01020	0.01395	0.01435	0.00842	0.58018	0.01957	0.02908	0.01067	0.01097	0.00768	0.00563	0.00450	0.00151	0.00506	0.00403	0.00450	0.00768
28	0.01222	0.00657	0.00852	0.00753	0.00952	0.00610	0.00579	0.06647	0.01394	0.24921	0.36470	0.17779	0.03145	0.00974	0.00565	0.00164	0.00323	0.00849	0.00549	0.00596
29	0.01115	0.01051	0.01802	0.02457	0.56272	0.01036	0.07333	0.01408	0.01198	0.01706	0.17856	0.01781	0.01634	0.00567	0.00521	0.00152	0.00535	0.00554	0.00312	0.00711
30	0.01776	0.00784	0.01119	0.00880	0.01201	0.00690	0.04622	0.01991	0.01410	0.55069	0.22388	0.02216	0.02130	0.00713	0.00529	0.00156	0.00395	0.00612	0.00580	0.00739
31	0.01784	0.00748	0.01012	0.00810	0.01116	0.00655	0.00655	0.01989	0.01422	0.56738	0.24777	0.02296	0.02260	0.00736	0.00527	0.00155	0.00368	0.00620	0.00597	0.00737
32	0.01000	0.02578	0.79900	0.01421	0.02157	0.01158	0.01842	0.01579	0.01052	0.01579	0.00895	0.01052	0.00631	0.00474	0.00474	0.00158	0.00737	0.00368	0.00210	0.00737
33	0.04783	0.01493	0.01944	0.01741	0.13447	0.19370	0.26820	0.06361	0.15660	0.01723	0.01132	0.01292	0.00874	0.00505	0.00511	0.00155	0.00698	0.00480	0.00317	0.00695
34	0.01479	0.00715	0.00927	0.00773	0.01037	0.00651	0.00615	0.01774	0.07133	0.39636	0.30853	0.02676	0.07938	0.00815	0.00540	0.00157	0.00340	0.00693	0.00573	0.00674
35	0.01068	0.00595	0.00752	0.00664	0.00862	0.00525	0.00515	0.01266	0.01348	0.21688	0.41429	0.03466	0.21897	0.00975	0.00566	0.00159	0.00288	0.00836	0.00545	0.00555
36	0.01233	0.48169	0.31912	0.01091	0.01626	0.05708	0.01234	0.01551	0.01048	0.01329	0.00774	0.00901	0.00637	0.00449	0.00385	0.00127	0.00629	0.00308	0.00214	0.00673
37	0.01225	0.30568	0.16857	0.01426	0.01926	0.01483	0.29014	0.01651	0.06851	0.03025	0.00970	0.01142	0.00758	0.00455	0.00464	0.00144	0.00670	0.00429	0.00257	0.00685
38	0.01247	0.01265	0.02385	0.02540	0.42098	0.01238	0.33976	0.05945	0.01222	0.01702	0.00983	0.01279	0.00779	0.00443	0.00534	0.00157	0.00696	0.00506	0.00264	0.00743
39	0.00713	0.00509	0.00699	0.00814	0.00890	0.00496	0.00646	0.00876	0.01058	0.01390	0.02689	0.40991	0.03066	0.01462	0.00664	0.00217	0.00381	0.41543	0.00461	0.00434
40	0.01205	0.01155	0.01972	0.10696	0.71960	0.01177	0.01516	0.01505	0.01121	0.01594	0.00933	0.01243	0.00777	0.00449	0.00494	0.00150	0.00599	0.00444	0.00244	0.00767
41	0.01200	0.03293	0.17412	0.01342	0.01755	0.08295	0.23380	0.04638	0.05737	0.06827	0.19085	0.01828	0.01707	0.00612	0.00532	0.00157	0.00614	0.00572	0.00360	0.00654
42	0.02008	0.00798	0.01084	0.00848	0.01194	0.00694	0.00694	0.02207	0.01424	0.68135	0.13464	0.01999	0.01751	0.00677	0.00514	0.00155	0.00396	0.00561	0.00607	0.00792
43	0.01000	0.02578	0.79900	0.01421	0.02157	0.01158	0.01842	0.01579	0.01052	0.01579	0.00895	0.01052	0.00631	0.00474	0.00474	0.00158	0.00737	0.00368	0.00210	0.00737
44	0.23880	0.01467	0.13271	0.05966	0.04852	0.10499	0.14891	0.01509	0.01008	0.01629	0.00803	0.01053	0.00643	0.00541	0.00668	0.00167	0.15894	0.00396	0.00253	0.00609
45	0.01638	0.00944	0.01401	0.01544	0.24343	0.00900	0.02981	0.01993	0.08952	0.38002	0.10455	0.01798	0.01515	0.00612	0.00512	0.00155	0.00460	0.00539	0.00479	0.00777
46	0.00641	0.00505	0.00566	0.00552	0.00690	0.00443	0.00407	0.00798	0.01207	0.01557	0.31687	0.04301	0.46792	0.06795	0.00723	0.00186	0.00262	0.00975	0.00483	0.00431
47	0.01333	0.82783	0.02612	0.00853	0.01279	0.01972	0.00853	0.01493	0.01013	0.01173	0.00693	0.00800	0.00640	0.00426	0.00320	0.00107	0.00533	0.00267	0.00213	0.00640
48	0.33250	0.08714	0.30709	0.01093	0.01594	0.01187	0.07229	0.01599	0.01012	0.08148	0.00898	0.01014	0.00657	0.00473	0.00409	0.00153	0.00569	0.00351	0.00284	0.00658
49	0.36033	0.00952	0.01129	0.01197	0.15896	0.00979	0.00797	0.01819	0.03178	0.28547	0.04071	0.01327	0.01002	0.00538	0.00425	0.00154	0.00433	0.00413	0.00416	0.00696
50	0.00739	0.00531	0.00723	0.00805	0.00905	0.00516	0.00658	0.00938	0.01159	0.01541	0.17474	0.20525	0.05574	0.01341	0.00656	0.00208	0.00376	0.44405	0.00477	0.00449
51	0.01225	0.01208	0.02160	0.02916	0.67922	0.01196	0.12872	0.01540	0.01141	0.01624	0.00948	0.01250	0.00785	0.00441	0.00508	0.00151	0.00629	0.00466	0.00248	0.00772
52	0.01416	0.01033	0.01785	0.13278	0.02003	0.01049	0.26179	0.01822	0.08872	0.24119	0.06533	0.01636	0.01212	0.00584	0.00612	0.00167	0.06059	0.00550	0.00395	0.00695
53	0.01655	0.00883	0.01074	0.00895	0.01206	0.00881	0.00715	0.02297	0.29707	0.40378	0.11053	0.02063	0.03510	0.00700	0.00516	0.00160	0.00387	0.00583	0.00565	0.00773
54	0.03043	0.03264	0.01508	0.01137	0.01532	0.03894	0.00940	0.72682	0.02265	0.03027	0.01166	0.01174	0.00833	0.00590	0.00490	0.00148	0.00556	0.00438	0.00482	0.00831
55	0.10240	0.01576	0.16195	0.01942	0.16781	0.07497	0.35349	0.01598	0.01130	0.01638	0.00922	0.01179	0.00708	0.00446	0.00509	0.00158	0.00731	0.00467	0.00250	0.00684
56	0.01664	0.01359	0.24403	0.01040	0.01500	0.00892	0.01048	0.02097	0.09124	0.43367	0.06994	0.01663	0.01325	0.00608	0.00500	0.00157	0.00500	0.00496	0.00481	0.00783
57	0.00873	0.00546	0.00720	0.00655	0.00802	0.00499	0.00499	0.01103	0.01413	0.10479	0.70693	0.03502	0.04325	0.00975	0.00578	0.00156	0.00256	0.00858	0.00556	0.00512
58	0.01333	0.82783	0.02612	0.00853	0.01279	0.01972	0.00853	0.01493	0.01013	0.01173	0.00693	0.00800	0.00640	0.00426	0.00320	0.00107	0.00533	0.00267	0.00213	0.00640
59	0.01158	0.12017	0.06875	0.12654	0.14774	0.01336	0.34583	0.01496	0.01084	0.01470	0.00905	0.01216	0.00719	0.00474	0.00602	0.00160	0.07097	0.00479	0.00237	0.00665
60	0.01234	0.01184	0.02023	0.03059	0.79373	0.01184	0.01530	0.01530	0.01135	0.01628	0.00938	0.01234	0.00790	0.00444	0.00493	0.00148	0.00592	0.00444	0.00247	0.00790
61	0.00629	0.00473	0.00589	0.00670	0.00750	0.00432	0.00484	0.00748	0.01038	0.01334	0.04711	0.49519	0.24177	0.01446	0.00629	0.00196	0.00300	0.10994	0.00464	0.00417
62	0.01370	0.01298	0.02091	0.01684	0.07313	0.09436	0.36914	0.03973	0.05600	0.11280	0.01336	0.01513	0.04883	0.00562	0.00649	0.00165	0.08384	0.00544	0.00327	0.00679
63	0.01049	0.14492	0.68420	0.01336	0.02027	0.01279	0.01695	0.01566	0.01046	0.01518	0.00865	0.01015	0.00633	0.00467	0.00451	0.00150	0.00706	0.00353	0.00211	0.00722
64	0.02206	0.00855	0.01156	0.00891	0.01273	0.00748	0.00734	0.02436	0.03762	0.77365	0.01968	0.01701	0.01243	0.00619	0.00501	0.00155	0.00423	0.00503	0.00614	0.00846
65	0.01862	0.02376	0.01413	0.01284	0.01541	0.80482	0.00963	0.01990	0.01413	0.01220	0.00770	0.00899	0.00642	0.00514	0.00449	0.00128	0.00899	0.00321	0.00257	0.00578
66	0.01249	0.01166	0.02259	0.17875	0.20915	0.01160	0.36742	0.01600	0.01156	0.09315	0.01063	0.01350	0.00794	0.00461	0.00539	0.00162	0.00705	0.00517	0.00281	0.00694
67	0.00704	0.00514	0.00722	0.00731	0.00803	0.00562	0.00540	0.00850	0.00871	0.01227	0.09398	0.10444	0.01921	0.16433	0.50130	0.00614	0.00963	0.01831	0.00324	0.00420
68	0.01507	0.00687	0.00923	0.00763	0.01021	0.00608	0.00608	0.01720	0.01419	0.42697	0.38714	0.02662	0.02886	0.00808	0.00543	0.00155	0.00334	0.00692	0.00584	0.00668
69	0.01351	0.71120	0.07932	0.00914	0.01361	0.01884	0.00929	0.07170	0.01115	0.01348	0.00745	0.00847	0.00655	0.00443	0.00344	0.00113	0.00548	0.00287	0.00234	0.00662
70	0.03801	0.01628	0.26746	0.01559	0.02056	0.01186	0.30198	0.06862	0.01196	0.07930	0.01110	0.01455	0.00856	0.00549	0.00613	0.00169	0.06727	0.04368	0.00295	0.00694
71	0.01234	0.01176	0.01961	0.02918	0.73970	0.01188	0.01478	0.01607	0.06487	0.01660	0.01013	0.01277	0.00840	0.00460	0.00494	0.00149	0.00578	0.00452	0.00265	0.00789
72	0.00941	0.00886	0.01495	0.81285	0.03433	0.01107	0.01384	0.01274	0.00997	0.01274	0.00886	0.01329	0.00664	0.00498	0.00498	0.00166	0.00664	0.00443	0.00221	0.00554
73	0.26311	0.01387	0.16817	0.01310	0.01745	0.02644	0.26560	0.03787	0.01124	0.01873	0.10689	0.01414	0.01163	0.00525	0.00478	0.00159	0.00602	0.00481	0.00306	0.00624
74	0.06333	0.18177	0.35234	0.01231	0.01771	0.06138	0.05692	0.14147	0.01286	0.04244	0.00925	0.01039	0.00690	0.00488	0.00443	0.00145	0.00650	0.00369	0.00282	0.00714
75	0.00709	0.00470	0.00617	0.00687	0.00754	0.00432	0.00474	0.00821	0.01045	0.05717	0.12099	0.64180	0.07263	0.01428	0.00620	0.00192	0.00288	0.01285	0.00482	0.00438
76	0.01022	0.02129	0.58720	0.01281	0.01882	0.01119	0.01534	0.01730	0.15719	0.01708	0.07314	0.01417	0.01123	0.00555	0.00489	0.00160	0.00632	0.00448	0.00293	0.00725
77	0.01256	0.01328	0.02183	0.03479	0.40929	0.08492	0.23915	0.01556	0.01135	0.01535	0.00915	0.01223	0.00751	0.00486	0.00629	0.00159	0.08600	0.00475	0.00246	0.00709
78	0.01387	0.01304	0.01458	0.01647	0.23649	0.11355	0.01039	0.10174	0.38526	0.01956	0.01469	0.01488	0.01129	0.00581	0.00495	0.00156	0.00531	0.00486	0.00400	0.00768
79	0.00644	0.00500	0.00580	0.00574	0.00703	0.00442	0.00422	0.00808	0.01221	0.01600	0.35625	0.11336	0.38760	0.03757	0.00654	0.00177	0.00256	0.01012	0.00494	0.00436
80	0.01323	0.01434	0.01715	0.01405	0.01649	0.19284	0.18161	0.01842	0.21065	0.01522	0.01115	0.01303	0.00898	0.00639	0.00840	0.00174	0.24200	0.00477	0.00309	0.00644
81	0.04610	0.47972	0.32908	0.01068	0.01612	0.01618	0.01229	0.01525	0.01022	0.01375	0.00772	0.00899	0.00632	0.00446	0.00380	0.00129	0.00607	0.00307	0.00216	0.00674
82	0.13382	0.00901	0.01038	0.00853	0.01159	0.00915	0.00688	0.13229	0.11165	0.30945	0.18372	0.01958	0.01866	0.00687	0.00494	0.00156	0.00393	0.00556	0.00528	0.00716
83	0.01730	0.00820	0.01034	0.00851	0.01162	0.00767	0.00681	0.04518	0.12807	0.49000	0.04261	0.08528	0.10019	0.00781	0.00525	0.00162	0.00390	0.00652	0.00566	0.00748
84	0.13608	0.05911	0.11584	0.01007	0.01376	0.01130	0.05171	0.10898	0.20955	0.08907	0.07630	0.01765	0.06682	0.00642	0.00478	0.00157	0.00470	0.00520	0.00417	0.00693
85	0.01303	0.01325	0.01963	0.02261	0.39395	0.09513	0.13522	0.05599	0.04517	0.01614	0.00948	0.01220	0.00783	0.00532	0.00682	0.00161	0.13221	0.00459	0.00269	0.00714
86	0.06655	0.00791	0.01040	0.00825	0.01155	0.00705	0.00672	0.02094	0.01391	0.60668	0.16481	0.02030	0.01851	0.00684	0.00507	0.00155	0.00386	0.00564	0.00587	0.00759
87	0.01172	0.01330	0.02862	0.02056	0.02532	0.01275	0.73265	0.01574	0.01153	0.01574	0.00989	0.01330	0.00751	0.00446	0.00647	0.00171	0.05378	0.00580	0.00250	0.00665
88	0.01244	0.16525	0.46100	0.01321	0.01905	0.10915	0.05850	0.07702	0.01199	0.01590	0.00875	0.01018	0.00659	0.00477	0.00452	0.00145	0.00711	0.00364	0.00242	0.00706
89	0.01720	0.01362	0.01388	0.01121	0.01474	0.06902	0.00913	0.55398	0.15157	0.02736	0.01390	0.01538	0.01062	0.00649	0.00507	0.00156	0.00542	0.04707	0.00481	0.00797
90	0.02236	0.00848	0.01157	0.00887	0.01272	0.00733	0.00733	0.02429	0.01427	0.79719	0.01966	0.01697	0.01234	0.00617	0.00501	0.00154	0.00424	0.00501	0.00617	0.00848
91	0.30971	0.00939	0.00963	0.00866	0.01149	0.01034	0.00711	0.08342	0.20468	0.11907	0.01598	0.02127	0.01339	0.00720	0.00471	0.00172	0.00421	0.14710	0.00442	0.00652
92	0.17516	0.01237	0.01739	0.01324	0.01707	0.08592	0.27759	0.11634	0.01347	0.14816	0.06514	0.01405	0.01069	0.00534	0.00496	0.00156	0.00611	0.00492	0.00376	0.00676
93	0.13052	0.01592	0.22255	0.01564	0.02075	0.01234	0.35282	0.07482	0.07320	0.01838	0.01030	0.01224	0.00761	0.00474	0.00506	0.00162	0.00692	0.00474	0.00288	0.00693
94	0.02236	0.00848	0.01157	0.00887	0.01272	0.00733	0.00733	0.02429	0.01427	0.79719	0.01966	0.01697	0.01234	0.00617	0.00501	0.00154	0.00424	0.00501	0.00617	0.00848
95	0.06700	0.01189	0.01221	0.01001	0.01345	0.09801	0.00804	0.17536	0.20920	0.31732	0.01623	0.01498	0.01123	0.00608	0.00485	0.00154	0.00492	0.00473	0.00508	0.00786
96	0.27325	0.01613	0.01338	0.01126	0.01444	0.36137	0.09231	0.01852	0.01218	0.12977	0.00947	0.01037	0.00710	0.00503	0.00430	0.00144	0.00668	0.00361	0.00324	0.00616
97	0.00607	0.00435	0.00577	0.00691	0.00722	0.00405	0.00461	0.00694	0.00958	0.01274	0.02788	0.80782	0.04645	0.01556	0.00635	0.00202	0.00289	0.01411	0.00463	0.00405
98	0.00625	0.00447	0.00599	0.00715	0.00751	0.00420	0.00494	0.00725	0.00972	0.01292	0.02737	0.75162	0.03258	0.01545	0.00641	0.00205	0.00305	0.08235	0.00462	0.00410
99	0.86003	0.00964	0.00733	0.00655	0.00964	0.01118	0.00540	0.01465	0.00848	0.02236	0.00694	0.00810	0.00540	0.00463	0.00308	0.00154	0.00386	0.00270	0.00308	0.00540
100	0.01234	0.01184	0.02023	0.03059	0.79373	0.01184	0.01530	0.01530	0.01135	0.01628	0.00938	0.01234	0.00790	0.00444	0.00493	0.00148	0.00592	0.00444	0.00247	0.00790
101	0.00627	0.00448	0.00601	0.00717	0.00754	0.00422	0.00497	0.00728	0.00974	0.01294	0.02736	0.74462	0.03254	0.01543	0.00641	0.00205	0.00306	0.08918	0.00462	0.00410
102	0.01626	0.01945	0.01451	0.01287	0.01470	0.53316	0.01002	0.04511	0.01247	0.01284	0.00750	0.00969	0.00653	0.00627	0.00816	0.00157	0.25699	0.00361	0.00254	0.00578
103	0.00606	0.00438	0.00574	0.00683	0.00720	0.00406	0.00458	0.00695	0.00965	0.01277	0.02883	0.77594	0.07772	0.01544	0.00633	0.00200	0.00287	0.01395	0.00463	0.00406
104	0.69547	0.00948	0.00833	0.00743	0.02538	0.01051	0.00593	0.01637	0.00956	0.15926	0.00924	0.00975	0.00667	0.00490	0.00346	0.00154	0.00396	0.00314	0.00362	0.00599

[dist]
# distance from previous block
# <min> <max>
0	3

# created by:
# /st0/software/busco_prod/Augustus/scripts/msa2prfl.pl ./align_prep/65163.fa
