[name]
unknown

[dist]
# distance from previous block
# <min> <max>
0	4

[block]
# block no. 0 follows, 54 sequences, length 9
# corresponding to MSA columns:
# 4-12
name=unknown_A
#
# <colnr> <probs for GDERKNQSTAVLIFYWHMCP>
#	G	D	E	R	K	N	Q	S	T	A	V	L	I	F	Y	W	H	M	C	P
0	0.00850	0.10435	0.00980	0.00856	0.01011	0.00755	0.00742	0.01167	0.09285	0.01420	0.02225	0.09647	0.02358	0.01138	0.00589	0.00196	0.00425	0.55025	0.00412	0.00484
1	0.01080	0.02024	0.61082	0.01209	0.01800	0.01008	0.01468	0.01612	0.06006	0.10947	0.06383	0.01286	0.00977	0.00511	0.00460	0.00150	0.00609	0.00409	0.00284	0.00695
2	0.00893	0.09357	0.05897	0.00669	0.00886	0.00652	0.00575	0.01097	0.01208	0.10983	0.39392	0.05331	0.19480	0.00891	0.00515	0.00147	0.00308	0.00757	0.00454	0.00508
3	0.01085	0.20909	0.28791	0.00967	0.01466	0.01117	0.01040	0.01468	0.06065	0.04138	0.00902	0.01003	0.00705	0.00423	0.00385	0.00113	0.00508	0.00320	0.00257	0.28339
4	0.00605	0.00431	0.00530	0.00596	0.00629	0.00406	0.00385	0.00667	0.00857	0.01126	0.02501	0.51485	0.10791	0.25414	0.01123	0.00266	0.00324	0.01113	0.00393	0.00356
5	0.01227	0.06697	0.23929	0.01179	0.03354	0.03289	0.10267	0.18319	0.01363	0.06970	0.14281	0.01505	0.01346	0.00557	0.00473	0.00141	0.00547	0.00474	0.00347	0.03735
6	0.01244	0.01223	0.10902	0.03445	0.32462	0.01093	0.01147	0.09426	0.18595	0.06879	0.01193	0.01289	0.00909	0.00492	0.00459	0.00141	0.00504	0.00429	0.00334	0.07835
7	0.09726	0.11043	0.37916	0.01107	0.01591	0.07194	0.01203	0.03918	0.18766	0.01637	0.01047	0.01111	0.00786	0.00491	0.00422	0.00144	0.00575	0.00369	0.00283	0.00671
8	0.01563	0.12098	0.22905	0.01106	0.01539	0.20701	0.03209	0.05450	0.01236	0.24125	0.01100	0.01118	0.00777	0.00495	0.00436	0.00135	0.00620	0.00371	0.00334	0.00682

[dist]
# distance from previous block
# <min> <max>
0	1

[block]
# block no. 1 follows, 54 sequences, length 58
# corresponding to MSA columns:
# 14-71
name=unknown_B
#
# <colnr> <probs for GDERKNQSTAVLIFYWHMCP>
#	G	D	E	R	K	N	Q	S	T	A	V	L	I	F	Y	W	H	M	C	P
0	0.11477	0.04179	0.00883	0.00745	0.00806	0.00871	0.00553	0.00931	0.00740	0.01152	0.01256	0.02181	0.04930	0.42090	0.01719	0.00318	0.23954	0.00551	0.00267	0.00398
1	0.00823	0.00824	0.11814	0.02048	0.04335	0.00609	0.00698	0.02400	0.02420	0.05487	0.13254	0.30717	0.04645	0.09302	0.00718	0.00191	0.00380	0.02292	0.00387	0.06659
2	0.00582	0.00434	0.00534	0.00601	0.00666	0.00394	0.00411	0.00679	0.00964	0.01254	0.08302	0.54399	0.22375	0.05257	0.00673	0.00193	0.00270	0.01191	0.00436	0.00386
3	0.01010	0.00859	0.00994	0.00721	0.01132	0.00676	0.00576	0.03498	0.04321	0.01596	0.00892	0.01015	0.00733	0.00368	0.00358	0.00076	0.00355	0.00294	0.00293	0.80233
4	0.01022	0.14148	0.61330	0.01226	0.01836	0.01165	0.03103	0.01481	0.01021	0.04185	0.04619	0.01107	0.00803	0.00470	0.00435	0.00142	0.00638	0.00367	0.00229	0.00674
5	0.00711	0.00577	0.00688	0.00718	0.04538	0.00551	0.00512	0.01027	0.10842	0.01585	0.29396	0.06099	0.34610	0.01026	0.00550	0.00159	0.00277	0.05198	0.00460	0.00475
6	0.01167	0.01120	0.01914	0.02894	0.80488	0.01120	0.01447	0.01447	0.01074	0.01540	0.00887	0.01167	0.00747	0.00420	0.00467	0.00140	0.00560	0.00420	0.00233	0.00747
7	0.00674	0.00505	0.00758	0.00758	0.00842	0.00589	0.00589	0.00842	0.00758	0.01095	0.01263	0.01852	0.01179	0.03536	0.81561	0.00758	0.01263	0.00505	0.00253	0.00421
8	0.00946	0.02439	0.80987	0.01344	0.02041	0.01095	0.01742	0.01493	0.00995	0.01493	0.00846	0.00995	0.00597	0.00448	0.00448	0.00149	0.00697	0.00348	0.00199	0.00697
9	0.00674	0.00505	0.00758	0.00758	0.00842	0.00589	0.00589	0.00842	0.00758	0.01095	0.01263	0.01852	0.01179	0.03536	0.81561	0.00758	0.01263	0.00505	0.00253	0.00421
10	0.00574	0.00410	0.00547	0.00657	0.00684	0.00383	0.00438	0.00657	0.00903	0.01204	0.02599	0.83122	0.03119	0.01477	0.00602	0.00191	0.00274	0.01340	0.00438	0.00383
11	0.01261	0.83713	0.02471	0.00807	0.01210	0.01866	0.00807	0.01412	0.00958	0.01109	0.00656	0.00756	0.00605	0.00403	0.00303	0.00101	0.00504	0.00252	0.00202	0.00605
12	0.01032	0.01032	0.01444	0.01238	0.01238	0.01444	0.01032	0.01135	0.00722	0.01135	0.00619	0.01032	0.00619	0.00825	0.01547	0.00206	0.82567	0.00413	0.00206	0.00516
13	0.01173	0.01013	0.01066	0.00960	0.01226	0.01173	0.00746	0.02505	0.79636	0.01972	0.01919	0.01759	0.01439	0.00640	0.00480	0.00160	0.00373	0.00533	0.00480	0.00746
14	0.02115	0.00802	0.01094	0.00839	0.01204	0.00693	0.00693	0.02298	0.01350	0.80815	0.01860	0.01605	0.01167	0.00584	0.00474	0.00146	0.00401	0.00474	0.00584	0.00802
15	0.01261	0.83713	0.02471	0.00807	0.01210	0.01866	0.00807	0.01412	0.00958	0.01109	0.00656	0.00756	0.00605	0.00403	0.00303	0.00101	0.00504	0.00252	0.00202	0.00605
16	0.00667	0.00482	0.00630	0.00593	0.00704	0.00445	0.00445	0.00890	0.01335	0.01891	0.80239	0.03522	0.04449	0.00964	0.00556	0.00148	0.00222	0.00853	0.00519	0.00445
17	0.01113	0.01272	0.02782	0.01987	0.02464	0.01192	0.78776	0.01510	0.01113	0.01510	0.00954	0.01272	0.00715	0.00397	0.00556	0.00159	0.00795	0.00556	0.00238	0.00636
18	0.00572	0.00418	0.00539	0.00636	0.00678	0.00385	0.00428	0.00659	0.00923	0.01212	0.02851	0.74013	0.12064	0.01444	0.00597	0.00188	0.00270	0.01300	0.00438	0.00385
19	0.01032	0.01032	0.01444	0.01238	0.01238	0.01444	0.01032	0.01135	0.00722	0.01135	0.00619	0.01032	0.00619	0.00825	0.01547	0.00206	0.82567	0.00413	0.00206	0.00516
20	0.21749	0.00874	0.01030	0.00810	0.01159	0.00847	0.00669	0.08939	0.01300	0.55571	0.01515	0.01368	0.00982	0.00548	0.00432	0.00146	0.00403	0.00419	0.00506	0.00735
21	0.00812	0.00413	0.00615	0.00613	0.00619	0.00411	0.00411	0.00628	0.00650	0.00872	0.04710	0.01536	0.00997	0.01605	0.01780	0.82062	0.00400	0.00431	0.00220	0.00217
22	0.86760	0.00912	0.00693	0.00620	0.00912	0.01058	0.00511	0.01386	0.00802	0.02115	0.00657	0.00766	0.00511	0.00438	0.00292	0.00146	0.00365	0.00255	0.00292	0.00511
23	0.02769	0.09481	0.30090	0.01129	0.01584	0.07824	0.01160	0.19031	0.12596	0.05715	0.01076	0.01128	0.00793	0.00519	0.00474	0.00144	0.03073	0.00386	0.00325	0.00703
24	0.01499	0.02683	0.01269	0.01033	0.01350	0.07345	0.00828	0.37087	0.37289	0.02349	0.01451	0.01389	0.01073	0.00591	0.00469	0.00148	0.00477	0.00462	0.00453	0.00754
25	0.00583	0.00417	0.00557	0.00667	0.00698	0.00391	0.00453	0.00672	0.00911	0.01213	0.02594	0.79433	0.03099	0.01469	0.00604	0.00193	0.00281	0.04942	0.00438	0.00385
26	0.01075	0.01150	0.05863	0.05695	0.37753	0.01075	0.25066	0.01448	0.05493	0.01509	0.01114	0.08516	0.00975	0.00523	0.00506	0.00153	0.00606	0.00547	0.00264	0.00668
27	0.00946	0.02439	0.80987	0.01344	0.02041	0.01095	0.01742	0.01493	0.00995	0.01493	0.00846	0.00995	0.00597	0.00448	0.00448	0.00149	0.00697	0.00348	0.00199	0.00697
28	0.02031	0.00830	0.01098	0.00854	0.01211	0.00748	0.00702	0.03879	0.07848	0.72700	0.01850	0.01608	0.01182	0.00588	0.00475	0.00147	0.00401	0.00478	0.00573	0.00798
29	0.00686	0.00457	0.00514	0.00514	0.00514	0.00457	0.00286	0.00686	0.00686	0.00914	0.01486	0.03086	0.01714	0.83430	0.02400	0.00457	0.00457	0.00686	0.00286	0.00286
30	0.00946	0.02439	0.80987	0.01344	0.02041	0.01095	0.01742	0.01493	0.00995	0.01493	0.00846	0.00995	0.00597	0.00448	0.00448	0.00149	0.00697	0.00348	0.00199	0.00697
31	0.01113	0.01272	0.02782	0.01987	0.02464	0.01192	0.78776	0.01510	0.01113	0.01510	0.00954	0.01272	0.00715	0.00397	0.00556	0.00159	0.00795	0.00556	0.00238	0.00636
32	0.00853	0.00445	0.00463	0.00459	0.00569	0.00440	0.00344	0.01073	0.01032	0.01774	0.11298	0.01977	0.01610	0.00601	0.00358	0.00115	0.00220	0.00491	0.75440	0.00440
33	0.82613	0.00906	0.00713	0.00631	0.00926	0.01040	0.00520	0.01431	0.00829	0.05971	0.00715	0.00807	0.00543	0.00445	0.00301	0.00146	0.00367	0.00266	0.00306	0.00525
34	0.00717	0.00525	0.00695	0.00740	0.00857	0.00507	0.00615	0.00947	0.02593	0.01571	0.29020	0.04573	0.10554	0.01166	0.00607	0.00187	0.00343	0.42879	0.00464	0.00440
35	0.02108	0.00814	0.01101	0.00844	0.01209	0.00710	0.00697	0.03985	0.01369	0.79101	0.01844	0.01594	0.01159	0.00583	0.00474	0.00146	0.00404	0.00473	0.00581	0.00802
36	0.00760	0.00543	0.00760	0.00868	0.00977	0.00543	0.00760	0.00977	0.01085	0.01411	0.02496	0.05319	0.02714	0.01303	0.00651	0.00217	0.00434	0.77315	0.00434	0.00434
37	0.00740	0.00546	0.00565	0.00564	0.00580	0.04305	0.00337	0.00756	0.00735	0.00949	0.01497	0.03083	0.01708	0.75689	0.02225	0.00430	0.00475	0.04221	0.00291	0.00305
38	0.82835	0.00907	0.00712	0.00630	0.00925	0.01041	0.00519	0.01428	0.00828	0.05765	0.00712	0.00805	0.00541	0.00444	0.00300	0.00146	0.00366	0.00265	0.00305	0.00524
39	0.00674	0.00505	0.00758	0.00758	0.00842	0.00589	0.00589	0.00842	0.00758	0.01095	0.01263	0.01852	0.01179	0.03536	0.81561	0.00758	0.01263	0.00505	0.00253	0.00421
40	0.00760	0.00543	0.00760	0.00868	0.00977	0.00543	0.00760	0.00977	0.01085	0.01411	0.02496	0.05319	0.02714	0.01303	0.00651	0.00217	0.00434	0.77315	0.00434	0.00434
41	0.01173	0.01013	0.01066	0.00960	0.01226	0.01173	0.00746	0.02505	0.79636	0.01972	0.01919	0.01759	0.01439	0.00640	0.00480	0.00160	0.00373	0.00533	0.00480	0.00746
42	0.00981	0.11480	0.72252	0.01284	0.01948	0.01181	0.01638	0.01484	0.00991	0.01450	0.00825	0.00969	0.00598	0.00443	0.00432	0.00144	0.00675	0.00338	0.00199	0.00687
43	0.00573	0.00416	0.00541	0.00641	0.00680	0.00384	0.00431	0.00658	0.00918	0.01210	0.02791	0.76174	0.09942	0.01452	0.00598	0.00189	0.00270	0.01310	0.00438	0.00384
44	0.01280	0.38525	0.20817	0.00966	0.01435	0.01422	0.01010	0.12890	0.01176	0.05886	0.00857	0.00940	0.00673	0.00442	0.00377	0.00117	0.00530	0.00316	0.00270	0.10072
45	0.00944	0.00772	0.00942	0.00903	0.02706	0.00890	0.00688	0.04252	0.35903	0.01558	0.01542	0.01772	0.01273	0.02081	0.41030	0.00458	0.00827	0.00513	0.00361	0.00586
46	0.00667	0.00482	0.00630	0.00593	0.00704	0.00445	0.00445	0.00890	0.01335	0.01891	0.80239	0.03522	0.04449	0.00964	0.00556	0.00148	0.00222	0.00853	0.00519	0.00445
47	0.03373	0.08648	0.24593	0.01105	0.01561	0.01329	0.01103	0.36605	0.11757	0.03697	0.01113	0.01142	0.00808	0.00525	0.00447	0.00143	0.00545	0.00399	0.00368	0.00741
48	0.00615	0.00477	0.00560	0.00545	0.00674	0.00422	0.00407	0.00786	0.01202	0.01591	0.43814	0.07315	0.37724	0.01087	0.00559	0.00155	0.00232	0.00936	0.00480	0.00422
49	0.02758	0.01715	0.32237	0.02950	0.13955	0.09949	0.07507	0.07182	0.04817	0.01568	0.01074	0.05173	0.02459	0.00543	0.00514	0.00150	0.04076	0.00450	0.00264	0.00657
50	0.01231	0.01316	0.05838	0.03816	0.27342	0.07581	0.22918	0.09283	0.04844	0.01615	0.00936	0.01176	0.00742	0.00486	0.00595	0.00152	0.08735	0.00450	0.00266	0.00675
51	0.00915	0.00524	0.00622	0.00744	0.10463	0.00524	0.00468	0.01142	0.00999	0.01731	0.01457	0.01685	0.01151	0.00533	0.00347	0.00114	0.00262	0.00437	0.75405	0.00478
52	0.00722	0.00555	0.00767	0.00741	0.00789	0.00654	0.00549	0.00830	0.00731	0.01043	0.01253	0.02135	0.01276	0.28128	0.46939	0.00596	0.11094	0.00550	0.00257	0.00391
53	0.01042	0.01789	0.38253	0.01776	0.09251	0.01142	0.36843	0.01497	0.01056	0.01505	0.00899	0.01137	0.00665	0.00422	0.00499	0.00153	0.00729	0.00450	0.00220	0.00674
54	0.00558	0.00476	0.00480	0.00483	0.00638	0.00398	0.00361	0.00676	0.01070	0.01272	0.04713	0.06818	0.78057	0.01202	0.00559	0.00160	0.00240	0.01005	0.00438	0.00398
55	0.01085	0.01944	0.49789	0.03174	0.04301	0.04492	0.05191	0.05459	0.13769	0.02915	0.02717	0.01207	0.00845	0.00496	0.00462	0.00150	0.00627	0.00407	0.00276	0.00695
56	0.01845	0.00863	0.01086	0.00873	0.01210	0.00830	0.00708	0.02357	0.23772	0.58234	0.01877	0.01649	0.01245	0.00600	0.00476	0.00150	0.00393	0.00491	0.00554	0.00786
57	0.01156	0.09191	0.17412	0.01959	0.27047	0.03534	0.24071	0.04731	0.01104	0.01519	0.00875	0.01112	0.00690	0.00438	0.00506	0.00145	0.03167	0.00427	0.00235	0.00681

[dist]
# distance from previous block
# <min> <max>
0	1

[block]
# block no. 2 follows, 54 sequences, length 38
# corresponding to MSA columns:
# 73-110
name=unknown_C
#
# <colnr> <probs for GDERKNQSTAVLIFYWHMCP>
#	G	D	E	R	K	N	Q	S	T	A	V	L	I	F	Y	W	H	M	C	P
0	0.48597	0.00967	0.00891	0.00774	0.01070	0.01098	0.00625	0.08255	0.23846	0.07929	0.01151	0.01146	0.00853	0.00518	0.00375	0.00150	0.00383	0.00366	0.00383	0.00625
1	0.01234	0.76924	0.09030	0.00852	0.01280	0.01801	0.00885	0.01419	0.00961	0.01141	0.00671	0.00776	0.00604	0.00407	0.00315	0.00105	0.00520	0.00260	0.00201	0.00613
2	0.01261	0.83713	0.02471	0.00807	0.01210	0.01866	0.00807	0.01412	0.00958	0.01109	0.00656	0.00756	0.00605	0.00403	0.00303	0.00101	0.00504	0.00252	0.00202	0.00605
3	0.00593	0.00439	0.00555	0.00611	0.00681	0.00400	0.00426	0.00715	0.01034	0.01378	0.21291	0.51029	0.16502	0.01308	0.00583	0.00176	0.00256	0.01167	0.00457	0.00400
4	0.01031	0.24399	0.59772	0.01199	0.01816	0.01303	0.01489	0.01471	0.00985	0.01389	0.00795	0.00931	0.00599	0.00436	0.00409	0.00136	0.00645	0.00322	0.00200	0.00672
5	0.54408	0.01388	0.00941	0.00842	0.01120	0.28884	0.00663	0.04275	0.01036	0.01813	0.00698	0.00808	0.00554	0.00459	0.00344	0.00137	0.00538	0.00278	0.00281	0.00533
6	0.00596	0.00426	0.00572	0.00681	0.00718	0.00401	0.00475	0.00694	0.00924	0.01228	0.02587	0.74115	0.03072	0.01457	0.00608	0.00194	0.00292	0.10135	0.00437	0.00389
7	0.00574	0.00410	0.00547	0.00657	0.00684	0.00383	0.00438	0.00657	0.00903	0.01204	0.02599	0.83122	0.03119	0.01477	0.00602	0.00191	0.00274	0.01340	0.00438	0.00383
8	0.00684	0.00466	0.00558	0.00558	0.00572	0.00481	0.00340	0.00713	0.00698	0.00946	0.01446	0.02866	0.01619	0.69235	0.16464	0.00511	0.00600	0.00654	0.00280	0.00310
9	0.00971	0.00949	0.01431	0.36021	0.02100	0.01274	0.01151	0.01165	0.00817	0.01165	0.00713	0.01128	0.00623	0.00673	0.01086	0.00185	0.47406	0.00415	0.00208	0.00519
10	0.00686	0.00457	0.00514	0.00514	0.00514	0.00457	0.00286	0.00686	0.00686	0.00914	0.01486	0.03086	0.01714	0.83430	0.02400	0.00457	0.00457	0.00686	0.00286	0.00286
11	0.00574	0.00410	0.00547	0.00657	0.00684	0.00383	0.00438	0.00657	0.00903	0.01204	0.02599	0.83122	0.03119	0.01477	0.00602	0.00191	0.00274	0.01340	0.00438	0.00383
12	0.01261	0.83713	0.02471	0.00807	0.01210	0.01866	0.00807	0.01412	0.00958	0.01109	0.00656	0.00756	0.00605	0.00403	0.00303	0.00101	0.00504	0.00252	0.00202	0.00605
13	0.00946	0.02439	0.80987	0.01344	0.02041	0.01095	0.01742	0.01493	0.00995	0.01493	0.00846	0.00995	0.00597	0.00448	0.00448	0.00149	0.00697	0.00348	0.00199	0.00697
14	0.00574	0.00410	0.00547	0.00657	0.00684	0.00383	0.00438	0.00657	0.00903	0.01204	0.02599	0.83122	0.03119	0.01477	0.00602	0.00191	0.00274	0.01340	0.00438	0.00383
15	0.00574	0.00410	0.00547	0.00657	0.00684	0.00383	0.00438	0.00657	0.00903	0.01204	0.02599	0.83122	0.03119	0.01477	0.00602	0.00191	0.00274	0.01340	0.00438	0.00383
16	0.00685	0.00458	0.00521	0.00521	0.00523	0.00461	0.00294	0.00690	0.00688	0.00919	0.01479	0.03051	0.01699	0.81191	0.04618	0.00466	0.00480	0.00681	0.00285	0.00289
17	0.00574	0.00410	0.00547	0.00657	0.00684	0.00383	0.00438	0.00657	0.00903	0.01204	0.02599	0.83122	0.03119	0.01477	0.00602	0.00191	0.00274	0.01340	0.00438	0.00383
18	0.00686	0.00457	0.00514	0.00514	0.00514	0.00457	0.00286	0.00686	0.00686	0.00914	0.01486	0.03086	0.01714	0.83430	0.02400	0.00457	0.00457	0.00686	0.00286	0.00286
19	0.01742	0.01272	0.01361	0.01049	0.01412	0.01406	0.00865	0.74614	0.02149	0.02904	0.01154	0.01167	0.00824	0.00565	0.00464	0.00140	0.00502	0.00425	0.05203	0.00782
20	0.01912	0.00754	0.01019	0.00797	0.01125	0.00657	0.00653	0.02100	0.01334	0.69297	0.10359	0.01819	0.01525	0.00624	0.00478	0.00145	0.00375	0.00514	0.03763	0.00750
21	0.00972	0.09229	0.74427	0.01299	0.01971	0.01159	0.01664	0.01486	0.00992	0.01461	0.00830	0.00975	0.00598	0.00444	0.00436	0.00145	0.00681	0.00340	0.00199	0.00689
22	0.00978	0.00838	0.00978	0.00698	0.01117	0.00629	0.00559	0.01187	0.00978	0.01536	0.00838	0.00978	0.00698	0.00349	0.00349	0.00070	0.00349	0.00279	0.00279	0.86312
23	0.00736	0.00563	0.00634	0.00628	0.00667	0.04608	0.00415	0.00796	0.00742	0.00984	0.01376	0.02577	0.01486	0.53598	0.27694	0.00537	0.00736	0.00608	0.00273	0.00342
24	0.00587	0.00438	0.00599	0.00676	0.00726	0.00405	0.02453	0.00680	0.00923	0.01217	0.02738	0.74444	0.09504	0.01426	0.00597	0.00188	0.00284	0.01291	0.00433	0.00391
25	0.00593	0.00479	0.00528	0.00516	0.00659	0.00413	0.00387	0.00747	0.01160	0.01476	0.29523	0.04205	0.55424	0.01119	0.00557	0.00156	0.00233	0.00948	0.00464	0.00413
26	0.00947	0.00460	0.00476	0.00462	0.00586	0.00453	0.00350	0.01165	0.01009	0.06129	0.01556	0.01749	0.01206	0.00551	0.00338	0.00112	0.00230	0.00441	0.81322	0.00460
27	0.01238	0.01183	0.01895	0.09894	0.70281	0.03653	0.01442	0.01492	0.01119	0.01571	0.00957	0.01272	0.00806	0.00480	0.00500	0.00156	0.00601	0.00442	0.00259	0.00759
28	0.01135	0.01087	0.01855	0.12173	0.71462	0.01112	0.01431	0.01419	0.01058	0.01501	0.00881	0.01177	0.00733	0.00426	0.00467	0.00142	0.00568	0.00420	0.00231	0.00721
29	0.00574	0.00414	0.00543	0.00647	0.00681	0.00384	0.00433	0.00658	0.00912	0.01208	0.02719	0.78777	0.07385	0.01462	0.00599	0.00190	0.00272	0.01321	0.00438	0.00384
30	0.00953	0.09252	0.55995	0.08038	0.03274	0.01103	0.04123	0.01406	0.01024	0.01473	0.08154	0.01241	0.00962	0.00491	0.00451	0.00146	0.00631	0.00401	0.00232	0.00650
31	0.00557	0.00478	0.00478	0.00478	0.00637	0.00398	0.00358	0.00677	0.01075	0.01274	0.04776	0.04538	0.80297	0.01194	0.00557	0.00159	0.00239	0.00995	0.00438	0.00398
32	0.01157	0.01035	0.03007	0.00975	0.01251	0.01149	0.02439	0.02416	0.73608	0.01944	0.01861	0.01730	0.01396	0.00627	0.00476	0.00158	0.00385	0.00526	0.03126	0.00733
33	0.01111	0.01267	0.12100	0.10204	0.61213	0.01112	0.03273	0.01431	0.01052	0.01502	0.00879	0.01156	0.00716	0.00428	0.00467	0.00143	0.00590	0.00414	0.00227	0.00717
34	0.00676	0.00453	0.00517	0.00526	0.00528	0.00451	0.00298	0.00683	0.00704	0.00938	0.01579	0.09772	0.01832	0.76583	0.02250	0.00435	0.00442	0.00740	0.00298	0.00294
35	0.01290	0.73588	0.05583	0.00863	0.01265	0.08490	0.00854	0.01455	0.00991	0.01129	0.00669	0.00774	0.00605	0.00412	0.00319	0.00105	0.00541	0.00260	0.00205	0.00604
36	0.00644	0.00469	0.00609	0.00694	0.00756	0.00451	0.00500	0.02272	0.03012	0.01318	0.05528	0.60835	0.06816	0.01379	0.00600	0.00190	0.00302	0.12773	0.00442	0.00411
37	0.01016	0.15991	0.66167	0.01252	0.01890	0.02964	0.01568	0.01488	0.00997	0.01422	0.00812	0.00952	0.00599	0.00441	0.00423	0.00141	0.00668	0.00331	0.00200	0.00678

[dist]
# distance from previous block
# <min> <max>
0	2

[block]
# block no. 3 follows, 54 sequences, length 39
# corresponding to MSA columns:
# 113-151
name=unknown_D
#
# <colnr> <probs for GDERKNQSTAVLIFYWHMCP>
#	G	D	E	R	K	N	Q	S	T	A	V	L	I	F	Y	W	H	M	C	P
0	0.01341	0.01439	0.06809	0.01287	0.03389	0.18956	0.15566	0.05732	0.31673	0.04861	0.01307	0.01348	0.00985	0.00541	0.00505	0.00150	0.02619	0.00461	0.00355	0.00677
1	0.00683	0.00457	0.00521	0.00524	0.00527	0.00458	0.00297	0.00689	0.00693	0.00926	0.01509	0.05127	0.01738	0.79382	0.04262	0.00457	0.00472	0.00698	0.00289	0.00291
2	0.01075	0.01724	0.40952	0.07048	0.04965	0.01127	0.01312	0.06995	0.24750	0.01724	0.01204	0.01277	0.00886	0.00516	0.00459	0.00151	0.00567	0.00419	0.02146	0.00703
3	0.00562	0.00478	0.00484	0.00483	0.00640	0.00400	0.00362	0.00686	0.01086	0.01300	0.08011	0.04494	0.77046	0.01184	0.00557	0.00159	0.00238	0.00989	0.00441	0.00400
4	0.01078	0.05290	0.41286	0.04490	0.06604	0.01063	0.01284	0.13479	0.01254	0.03341	0.14862	0.01484	0.01329	0.00557	0.00467	0.00145	0.00560	0.00455	0.00308	0.00663
5	0.00879	0.00439	0.00439	0.00439	0.00549	0.00439	0.00330	0.01099	0.00989	0.01758	0.01538	0.01758	0.01209	0.00549	0.00330	0.00110	0.00220	0.00439	0.86047	0.00439
6	0.01114	0.01171	0.01291	0.45065	0.03774	0.21393	0.01075	0.04435	0.01092	0.01270	0.01109	0.09310	0.03231	0.00605	0.00495	0.00152	0.02136	0.00498	0.00258	0.00527
7	0.00879	0.00439	0.00439	0.00439	0.00549	0.00439	0.00330	0.01099	0.00989	0.01758	0.01538	0.01758	0.01209	0.00549	0.00330	0.00110	0.00220	0.00439	0.86047	0.00439
8	0.00674	0.00502	0.00740	0.00740	0.00818	0.00580	0.00567	0.00831	0.00753	0.01081	0.01279	0.01942	0.01218	0.09372	0.75779	0.00736	0.01204	0.00518	0.00255	0.00411
9	0.86760	0.00912	0.00693	0.00620	0.00912	0.01058	0.00511	0.01386	0.00802	0.02115	0.00657	0.00766	0.00511	0.00438	0.00292	0.00146	0.00365	0.00255	0.00292	0.00511
10	0.00946	0.02439	0.80987	0.01344	0.02041	0.01095	0.01742	0.01493	0.00995	0.01493	0.00846	0.00995	0.00597	0.00448	0.00448	0.00149	0.00697	0.00348	0.00199	0.00697
11	0.00965	0.01457	0.31921	0.00948	0.01474	0.00809	0.01016	0.01306	0.00985	0.01520	0.00841	0.00985	0.00659	0.00387	0.00387	0.00101	0.00484	0.00306	0.00248	0.53200
12	0.00686	0.00457	0.00514	0.00514	0.00514	0.00457	0.00286	0.00686	0.00686	0.00914	0.01486	0.03086	0.01714	0.83430	0.02400	0.00457	0.00457	0.00686	0.00286	0.00286
13	0.01134	0.42314	0.36653	0.01102	0.01631	0.04119	0.04353	0.01467	0.00993	0.01294	0.00753	0.00884	0.00606	0.00425	0.00380	0.00125	0.00611	0.00308	0.00203	0.00644
14	0.00573	0.00417	0.00540	0.00639	0.00679	0.00384	0.00430	0.00659	0.00920	0.01211	0.02816	0.75286	0.10814	0.01449	0.00597	0.00188	0.00270	0.01306	0.00438	0.00384
15	0.46558	0.08309	0.02747	0.01075	0.06519	0.02691	0.14209	0.03007	0.00977	0.08783	0.00843	0.00966	0.00637	0.00443	0.00375	0.00143	0.00486	0.00343	0.00297	0.00591
16	0.01155	0.01108	0.01892	0.06298	0.77177	0.01117	0.01441	0.01437	0.01068	0.01526	0.00885	0.01171	0.00742	0.00422	0.00467	0.00141	0.00563	0.00420	0.00232	0.00737
17	0.01032	0.01032	0.01444	0.01238	0.01238	0.01444	0.01032	0.01135	0.00722	0.01135	0.00619	0.01032	0.00619	0.00825	0.01547	0.00206	0.82567	0.00413	0.00206	0.00516
18	0.00978	0.00838	0.00978	0.00698	0.01117	0.00629	0.00559	0.01187	0.00978	0.01536	0.00838	0.00978	0.00698	0.00349	0.00349	0.00070	0.00349	0.00279	0.00279	0.86312
19	0.01113	0.01272	0.02782	0.01987	0.02464	0.01192	0.78776	0.01510	0.01113	0.01510	0.00954	0.01272	0.00715	0.00397	0.00556	0.00159	0.00795	0.00556	0.00238	0.00636
20	0.86760	0.00912	0.00693	0.00620	0.00912	0.01058	0.00511	0.01386	0.00802	0.02115	0.00657	0.00766	0.00511	0.00438	0.00292	0.00146	0.00365	0.00255	0.00292	0.00511
21	0.01173	0.01013	0.01066	0.00960	0.01226	0.01173	0.00746	0.02505	0.79636	0.01972	0.01919	0.01759	0.01439	0.00640	0.00480	0.00160	0.00373	0.00533	0.00480	0.00746
22	0.00946	0.02439	0.80987	0.01344	0.02041	0.01095	0.01742	0.01493	0.00995	0.01493	0.00846	0.00995	0.00597	0.00448	0.00448	0.00149	0.00697	0.00348	0.00199	0.00697
23	0.00667	0.00482	0.00630	0.00593	0.00704	0.00445	0.00445	0.00890	0.01335	0.01891	0.80239	0.03522	0.04449	0.00964	0.00556	0.00148	0.00222	0.00853	0.00519	0.00445
24	0.01167	0.01120	0.01914	0.02894	0.80488	0.01120	0.01447	0.01447	0.01074	0.01540	0.00887	0.01167	0.00747	0.00420	0.00467	0.00140	0.00560	0.00420	0.00233	0.00747
25	0.02115	0.00802	0.01094	0.00839	0.01204	0.00693	0.00693	0.02298	0.01350	0.80815	0.01860	0.01605	0.01167	0.00584	0.00474	0.00146	0.00401	0.00474	0.00584	0.00802
26	0.00557	0.00478	0.00478	0.00478	0.00637	0.00398	0.00358	0.00677	0.01075	0.01274	0.04776	0.04538	0.80297	0.01194	0.00557	0.00159	0.00239	0.00995	0.00438	0.00398
27	0.01173	0.01013	0.01066	0.00960	0.01226	0.01173	0.00746	0.02505	0.79636	0.01972	0.01919	0.01759	0.01439	0.00640	0.00480	0.00160	0.00373	0.00533	0.00480	0.00746
28	0.00674	0.00505	0.00758	0.00758	0.00842	0.00589	0.00589	0.00842	0.00758	0.01095	0.01263	0.01852	0.01179	0.03536	0.81561	0.00758	0.01263	0.00505	0.00253	0.00421
29	0.01792	0.01321	0.01415	0.01085	0.01462	0.01462	0.00896	0.78916	0.02217	0.02972	0.01132	0.01132	0.00802	0.00566	0.00472	0.00142	0.00519	0.00425	0.00472	0.00802
30	0.02115	0.00802	0.01094	0.00839	0.01204	0.00693	0.00693	0.02298	0.01350	0.80815	0.01860	0.01605	0.01167	0.00584	0.00474	0.00146	0.00401	0.00474	0.00584	0.00802
31	0.00760	0.00543	0.00760	0.00868	0.00977	0.00543	0.00760	0.00977	0.01085	0.01411	0.02496	0.05319	0.02714	0.01303	0.00651	0.00217	0.00434	0.77315	0.00434	0.00434
32	0.01118	0.01258	0.02705	0.02068	0.09404	0.01186	0.71898	0.01505	0.01109	0.01513	0.00948	0.01263	0.00718	0.00399	0.00548	0.00157	0.00774	0.00544	0.00238	0.00646
33	0.00581	0.00479	0.00511	0.00503	0.00652	0.00408	0.00377	0.00723	0.01132	0.01409	0.21322	0.04315	0.63667	0.01144	0.00557	0.00157	0.00235	0.00964	0.00456	0.00408
34	0.00756	0.00667	0.00701	0.00677	0.00802	0.08827	0.00511	0.00929	0.01122	0.01464	0.34014	0.05386	0.18981	0.01630	0.21080	0.00304	0.00556	0.00752	0.00404	0.00438
35	0.01131	0.01240	0.02582	0.04017	0.10670	0.01187	0.64929	0.03355	0.03066	0.01552	0.00972	0.01269	0.00736	0.00412	0.00541	0.00157	0.00749	0.00535	0.00249	0.00652
36	0.01173	0.21337	0.22643	0.05207	0.21995	0.08881	0.05540	0.01536	0.04845	0.01393	0.00857	0.01032	0.00687	0.00441	0.00424	0.00134	0.00617	0.00363	0.00229	0.00665
37	0.01107	0.00876	0.03356	0.00787	0.02606	0.00686	0.00632	0.01406	0.06716	0.10821	0.06144	0.01275	0.01046	0.00441	0.00392	0.00094	0.00363	0.00362	0.00341	0.60549
38	0.01072	0.06168	0.67074	0.01278	0.01919	0.01100	0.03081	0.01580	0.02559	0.08480	0.00949	0.01058	0.00667	0.00461	0.00446	0.00147	0.00657	0.00362	0.00239	0.00701

[dist]
# distance from previous block
# <min> <max>
0	2

[block]
# block no. 4 follows, 54 sequences, length 10
# corresponding to MSA columns:
# 158-167
name=unknown_E
#
# <colnr> <probs for GDERKNQSTAVLIFYWHMCP>
#	G	D	E	R	K	N	Q	S	T	A	V	L	I	F	Y	W	H	M	C	P
0	0.01258	0.01365	0.01583	0.01876	0.32940	0.23216	0.03503	0.01447	0.01052	0.01315	0.00872	0.04645	0.00796	0.00667	0.03146	0.00171	0.18864	0.00433	0.00240	0.00612
1	0.00986	0.00956	0.00847	0.00812	0.00935	0.22130	0.00609	0.01134	0.00962	0.01208	0.05722	0.01794	0.01271	0.10220	0.38796	0.00455	0.00902	0.00483	0.09332	0.00444
2	0.00981	0.11569	0.72167	0.01284	0.01947	0.01182	0.01637	0.01484	0.00991	0.01450	0.00825	0.00969	0.00598	0.00443	0.00432	0.00144	0.00675	0.00338	0.00199	0.00687
3	0.00650	0.00478	0.00609	0.00583	0.00696	0.00437	0.00435	0.00855	0.01285	0.01788	0.67992	0.07392	0.13016	0.01014	0.00558	0.00152	0.00227	0.00892	0.00506	0.00437
4	0.00686	0.00457	0.00514	0.00514	0.00514	0.00457	0.00286	0.00686	0.00686	0.00914	0.01486	0.03086	0.01714	0.83430	0.02400	0.00457	0.00457	0.00686	0.00286	0.00286
5	0.00667	0.00482	0.00630	0.00593	0.00704	0.00445	0.00445	0.00890	0.01335	0.01891	0.80239	0.03522	0.04449	0.00964	0.00556	0.00148	0.00222	0.00853	0.00519	0.00445
6	0.00557	0.00478	0.00478	0.00478	0.00637	0.00398	0.00358	0.00677	0.01075	0.01274	0.04776	0.04538	0.80297	0.01194	0.00557	0.00159	0.00239	0.00995	0.00438	0.00398
7	0.00557	0.00478	0.00478	0.00478	0.00637	0.00398	0.00358	0.00677	0.01075	0.01274	0.04776	0.04538	0.80297	0.01194	0.00557	0.00159	0.00239	0.00995	0.00438	0.00398
8	0.01261	0.83713	0.02471	0.00807	0.01210	0.01866	0.00807	0.01412	0.00958	0.01109	0.00656	0.00756	0.00605	0.00403	0.00303	0.00101	0.00504	0.00252	0.00202	0.00605
9	0.00557	0.00478	0.00478	0.00478	0.00637	0.00398	0.00358	0.00677	0.01075	0.01274	0.04776	0.04538	0.80297	0.01194	0.00557	0.00159	0.00239	0.00995	0.00438	0.00398

[dist]
# distance from previous block
# <min> <max>
0	0

# created by:
# /st0/software/busco_prod/Augustus/scripts/msa2prfl.pl ./align_prep/65216.fa
