[name]
unknown

[dist]
# distance from previous block
# <min> <max>
5	41

[block]
# block no. 0 follows, 47 sequences, length 12
# corresponding to MSA columns:
# 41-52
name=unknown_A
#
# <colnr> <probs for GDERKNQSTAVLIFYWHMCP>
#	G	D	E	R	K	N	Q	S	T	A	V	L	I	F	Y	W	H	M	C	P
0	0.01337	0.01293	0.17721	0.01019	0.01419	0.00975	0.00967	0.09860	0.15587	0.15350	0.15855	0.03596	0.04664	0.00723	0.00530	0.00160	0.00471	0.00600	0.00470	0.07404
1	0.01268	0.01291	0.19579	0.03894	0.01518	0.00939	0.03121	0.10446	0.07459	0.14888	0.04222	0.13120	0.11871	0.00865	0.00560	0.00175	0.00507	0.03143	0.00443	0.00690
2	0.09657	0.01093	0.07100	0.00962	0.01326	0.00978	0.00830	0.16975	0.05639	0.32889	0.01960	0.11103	0.05646	0.00771	0.00524	0.00168	0.00462	0.00628	0.00522	0.00764
3	0.01228	0.16249	0.47836	0.01296	0.01912	0.01408	0.01507	0.08875	0.11527	0.01801	0.01087	0.01181	0.00808	0.00527	0.00474	0.00156	0.00666	0.00402	0.00291	0.00770
4	0.01252	0.13538	0.18146	0.01736	0.25627	0.08623	0.01261	0.01608	0.04591	0.04389	0.01651	0.01754	0.12423	0.00620	0.00496	0.00153	0.00603	0.00511	0.00306	0.00713
5	0.01221	0.32791	0.17919	0.15388	0.14223	0.01543	0.07109	0.01552	0.01097	0.01439	0.00868	0.01101	0.00705	0.00471	0.00450	0.00145	0.00658	0.00387	0.00232	0.00701
6	0.01193	0.01081	0.01722	0.48458	0.25024	0.01236	0.01435	0.10560	0.01254	0.01675	0.00981	0.01343	0.00755	0.00517	0.00519	0.00166	0.00658	0.00464	0.00274	0.00687
7	0.01406	0.01357	0.02011	0.02861	0.65105	0.07480	0.01494	0.08732	0.01328	0.01817	0.00991	0.01258	0.00818	0.00485	0.00512	0.00153	0.00640	0.00454	0.00283	0.00813
8	0.00804	0.00610	0.00805	0.00774	0.00808	0.00705	0.00549	0.00887	0.00792	0.01115	0.01422	0.02604	0.01514	0.42373	0.30656	0.00589	0.11654	0.00644	0.00290	0.00404
9	0.01162	0.01165	0.01704	0.51573	0.23783	0.08945	0.01444	0.01478	0.01124	0.01426	0.00928	0.01317	0.00727	0.00507	0.00514	0.00165	0.00698	0.00451	0.00242	0.00648
10	0.00765	0.00688	0.00684	0.00684	0.00841	0.06572	0.00523	0.00911	0.01133	0.01360	0.03896	0.04187	0.49421	0.04568	0.14779	0.00308	0.00544	0.07256	0.00424	0.00456
11	0.01119	0.01364	0.11404	0.18078	0.12555	0.01193	0.36844	0.01516	0.01152	0.01575	0.01143	0.07489	0.00964	0.00557	0.00572	0.00174	0.00750	0.00603	0.00268	0.00680

[dist]
# distance from previous block
# <min> <max>
0	5

[block]
# block no. 1 follows, 47 sequences, length 37
# corresponding to MSA columns:
# 58-94
name=unknown_B
#
# <colnr> <probs for GDERKNQSTAVLIFYWHMCP>
#	G	D	E	R	K	N	Q	S	T	A	V	L	I	F	Y	W	H	M	C	P
0	0.06626	0.00906	0.01194	0.00921	0.01320	0.00807	0.00760	0.04270	0.01482	0.73035	0.01966	0.01712	0.01242	0.00636	0.00513	0.00161	0.00444	0.00510	0.00625	0.00870
1	0.35598	0.00937	0.00989	0.00816	0.01153	0.00962	0.00666	0.06597	0.03253	0.32934	0.05162	0.01587	0.04004	0.00652	0.00485	0.02132	0.00418	0.00464	0.00485	0.00704
2	0.01940	0.00790	0.01073	0.00872	0.01194	0.00690	0.00699	0.02130	0.01419	0.60363	0.09531	0.13305	0.01946	0.00826	0.00553	0.00169	0.00404	0.00700	0.00615	0.00782
3	0.00757	0.00505	0.00568	0.00568	0.00568	0.00505	0.00316	0.00757	0.00757	0.01010	0.01641	0.03408	0.01893	0.81698	0.02651	0.00505	0.00505	0.00757	0.00316	0.00316
4	0.00650	0.00464	0.00622	0.00742	0.00779	0.00436	0.00510	0.00751	0.01012	0.01346	0.02862	0.75772	0.03411	0.01617	0.00669	0.00214	0.00315	0.06918	0.00483	0.00427
5	0.49524	0.00972	0.00954	0.00799	0.01148	0.01034	0.00655	0.01982	0.06807	0.29576	0.01303	0.01258	0.00899	0.00557	0.00410	0.00162	0.00418	0.00391	0.00453	0.00698
6	0.08279	0.00730	0.00846	0.00834	0.01003	0.00755	0.00614	0.04682	0.16644	0.10738	0.02369	0.45590	0.02459	0.01187	0.00585	0.00192	0.00361	0.01041	0.00500	0.00591
7	0.00733	0.00532	0.00690	0.00650	0.00775	0.00489	0.00488	0.00974	0.01463	0.02063	0.75463	0.03932	0.07642	0.01074	0.00614	0.00164	0.00246	0.00948	0.00570	0.00489
8	0.65407	0.01024	0.00900	0.00765	0.01107	0.01140	0.00630	0.07712	0.01108	0.14653	0.00980	0.01027	0.00706	0.00521	0.00370	0.00161	0.00423	0.00336	0.00390	0.00641
9	0.66730	0.00995	0.00874	0.00746	0.01087	0.01101	0.00615	0.03752	0.01048	0.17468	0.01002	0.01040	0.00716	0.00519	0.00367	0.00161	0.00415	0.00335	0.00391	0.00636
10	0.00849	0.00657	0.00743	0.00702	0.00873	0.00647	0.00528	0.01286	0.16738	0.03444	0.29473	0.03822	0.27747	0.07531	0.00761	0.00199	0.00316	0.02633	0.00514	0.00536
11	0.02062	0.01327	0.01481	0.01136	0.01549	0.01419	0.00938	0.59634	0.02228	0.20673	0.01435	0.01371	0.00979	0.00630	0.00522	0.00157	0.00543	0.00481	0.00549	0.00886
12	0.02217	0.00860	0.01170	0.00906	0.01288	0.00745	0.00745	0.02422	0.01489	0.73097	0.07723	0.01930	0.01559	0.00676	0.00530	0.00161	0.00428	0.00555	0.00639	0.00857
13	0.00673	0.00497	0.00634	0.00694	0.00778	0.00457	0.00500	0.00821	0.01163	0.01550	0.22035	0.43574	0.15940	0.01424	0.00648	0.00196	0.00296	0.07167	0.00506	0.00447
14	0.01491	0.00682	0.00866	0.00735	0.00922	0.00626	0.00525	0.01585	0.01098	0.37154	0.01833	0.02648	0.01613	0.44043	0.01662	0.00345	0.00476	0.00649	0.00468	0.00581
15	0.85377	0.01007	0.00765	0.00685	0.01007	0.01168	0.00564	0.01531	0.00886	0.02336	0.00725	0.00846	0.00564	0.00483	0.00322	0.00161	0.00403	0.00282	0.00322	0.00564
16	0.00757	0.00505	0.00568	0.00568	0.00568	0.00505	0.00316	0.00757	0.00757	0.01010	0.01641	0.03408	0.01893	0.81698	0.02651	0.00505	0.00505	0.00757	0.00316	0.00316
17	0.01980	0.01459	0.01563	0.01198	0.01615	0.01615	0.00990	0.76713	0.02448	0.03282	0.01250	0.01250	0.00886	0.00625	0.00521	0.00156	0.00573	0.00469	0.00521	0.00886
18	0.01122	0.01067	0.01812	0.45427	0.37524	0.01193	0.01515	0.01452	0.01107	0.01499	0.00950	0.01343	0.00753	0.00495	0.00518	0.00165	0.00660	0.00463	0.00243	0.00690
19	0.01529	0.01067	0.01184	0.01030	0.01349	0.01176	0.00811	0.02716	0.60448	0.19377	0.02105	0.01905	0.01522	0.00693	0.00529	0.00173	0.00419	0.00574	0.00556	0.00838
20	0.00626	0.00488	0.00569	0.00633	0.00731	0.00431	0.00443	0.00735	0.01085	0.01365	0.03988	0.45890	0.38192	0.01486	0.00642	0.00195	0.00284	0.01303	0.00483	0.00431
21	0.20936	0.00801	0.00925	0.00863	0.01121	0.00807	0.00727	0.04899	0.01256	0.21748	0.02237	0.03370	0.07921	0.00965	0.00559	0.00192	0.00439	0.29126	0.00488	0.00619
22	0.01404	0.01196	0.01452	0.01571	0.19333	0.01322	0.01025	0.15875	0.44512	0.02251	0.01763	0.01730	0.02897	0.00648	0.00527	0.00168	0.00486	0.00549	0.00464	0.00827
23	0.02336	0.00886	0.01209	0.00927	0.01329	0.00765	0.00765	0.02538	0.01491	0.78810	0.02055	0.01773	0.01289	0.00645	0.00524	0.00161	0.00443	0.00524	0.00645	0.00886
24	0.01264	0.01212	0.02070	0.09382	0.72455	0.01231	0.01586	0.01577	0.01174	0.01672	0.00975	0.01297	0.00814	0.00469	0.00516	0.00156	0.00625	0.00464	0.00256	0.00805
25	0.01334	0.01301	0.07942	0.08600	0.58596	0.01191	0.03417	0.01663	0.01195	0.08184	0.01065	0.01325	0.00841	0.00485	0.00517	0.00158	0.00628	0.00467	0.00286	0.00804
26	0.01830	0.01344	0.01648	0.01385	0.07369	0.01444	0.07046	0.49768	0.10265	0.10409	0.01388	0.01392	0.00989	0.00609	0.00529	0.00160	0.00571	0.00499	0.00494	0.00860
27	0.01326	0.63405	0.12666	0.01063	0.01535	0.01886	0.05246	0.01563	0.01061	0.01307	0.00768	0.00916	0.00675	0.00473	0.00435	0.00127	0.04325	0.00319	0.00225	0.00679
28	0.04023	0.01293	0.01459	0.01104	0.01532	0.06235	0.06882	0.32830	0.03596	0.02358	0.01087	0.01182	0.00828	0.00510	0.00467	0.00127	0.00540	0.00408	0.00397	0.33138
29	0.01361	0.01229	0.02147	0.02922	0.64736	0.01211	0.09427	0.01676	0.01213	0.07440	0.01067	0.01337	0.00856	0.00475	0.00527	0.00157	0.00633	0.00484	0.00287	0.00817
30	0.00708	0.00512	0.00694	0.00717	0.00795	0.00510	0.00517	0.00875	0.01122	0.01566	0.30827	0.27639	0.03371	0.06992	0.20310	0.00367	0.00564	0.01004	0.00456	0.00452
31	0.00695	0.00498	0.00604	0.00640	0.00691	0.00480	0.00420	0.00775	0.00953	0.01262	0.07973	0.28446	0.13647	0.32513	0.07741	0.00366	0.00458	0.01035	0.00409	0.00392
32	0.01234	0.19939	0.30162	0.01633	0.03977	0.01427	0.28795	0.01661	0.01151	0.03846	0.00965	0.01176	0.00732	0.00467	0.00504	0.00156	0.00748	0.00450	0.00250	0.00727
33	0.01242	0.01287	0.02458	0.07404	0.32641	0.01274	0.36554	0.01701	0.06881	0.01698	0.01096	0.01398	0.00857	0.00474	0.00563	0.00167	0.00729	0.00544	0.00279	0.00752
34	0.41226	0.01052	0.01269	0.00998	0.01380	0.01088	0.10562	0.07324	0.01242	0.27318	0.01241	0.01251	0.00854	0.00541	0.00441	0.00163	0.00490	0.00418	0.00434	0.00711
35	0.43237	0.00864	0.00872	0.00917	0.06737	0.00944	0.00645	0.01442	0.07140	0.04683	0.08013	0.19329	0.01709	0.00813	0.00462	0.00173	0.00385	0.00654	0.00403	0.00578
36	0.01250	0.01043	0.01470	0.15989	0.01842	0.01224	0.07461	0.01901	0.26255	0.08975	0.07567	0.01753	0.01389	0.00718	0.00806	0.00185	0.18524	0.00560	0.00398	0.00690

[dist]
# distance from previous block
# <min> <max>
0	1

[block]
# block no. 2 follows, 47 sequences, length 62
# corresponding to MSA columns:
# 96-157
name=unknown_C
#
# <colnr> <probs for GDERKNQSTAVLIFYWHMCP>
#	G	D	E	R	K	N	Q	S	T	A	V	L	I	F	Y	W	H	M	C	P
0	0.31417	0.05973	0.10720	0.03870	0.09739	0.01260	0.23682	0.01626	0.01081	0.04738	0.00929	0.01138	0.00706	0.00474	0.00464	0.00163	0.00629	0.00426	0.00290	0.00674
1	0.26884	0.01283	0.01209	0.01005	0.01356	0.07048	0.00811	0.27525	0.17643	0.08325	0.01304	0.01292	0.00952	0.00595	0.00460	0.00161	0.00505	0.00432	0.00454	0.00756
2	0.04776	0.00563	0.00671	0.00683	0.00827	0.00519	0.00517	0.00978	0.01207	0.06499	0.19516	0.23411	0.27335	0.01273	0.00619	0.00187	0.00311	0.09117	0.00505	0.00485
3	0.01366	0.00826	0.00907	0.00788	0.01041	0.05497	0.00615	0.07143	0.01408	0.26394	0.11072	0.10780	0.28019	0.01007	0.00575	0.00169	0.00388	0.00841	0.00534	0.00630
4	0.00658	0.00470	0.00631	0.00752	0.00793	0.00443	0.00525	0.00766	0.01020	0.01356	0.02857	0.72615	0.03393	0.01609	0.00671	0.00215	0.00323	0.09990	0.00483	0.00430
5	0.00866	0.00748	0.01131	0.01069	0.01176	0.00828	0.08004	0.01043	0.01046	0.01418	0.02314	0.28178	0.07022	0.01277	0.00910	0.00218	0.18661	0.23186	0.00403	0.00501
6	0.01195	0.37002	0.46010	0.01228	0.01857	0.01578	0.01477	0.01610	0.01082	0.01466	0.00843	0.00985	0.00663	0.00473	0.00425	0.00142	0.00678	0.00339	0.00221	0.00726
7	0.07581	0.01934	0.43440	0.01241	0.01828	0.01139	0.01399	0.06558	0.08558	0.19358	0.01306	0.01324	0.00898	0.00556	0.00494	0.00164	0.00623	0.00433	0.00372	0.00793
8	0.85377	0.01007	0.00765	0.00685	0.01007	0.01168	0.00564	0.01531	0.00886	0.02336	0.00725	0.00846	0.00564	0.00483	0.00322	0.00161	0.00403	0.00282	0.00322	0.00564
9	0.01890	0.01192	0.01348	0.01078	0.01456	0.01272	0.00876	0.33626	0.23566	0.25372	0.01737	0.01603	0.01206	0.00654	0.00524	0.00164	0.00489	0.00519	0.00560	0.00868
10	0.01753	0.01212	0.01415	0.01351	0.11778	0.04711	0.00956	0.23006	0.21425	0.21443	0.04310	0.01643	0.01292	0.00641	0.00524	0.00162	0.00510	0.00524	0.00509	0.00835
11	0.00634	0.00453	0.00604	0.00725	0.00755	0.00423	0.00483	0.00725	0.00997	0.01329	0.02870	0.81358	0.03444	0.01632	0.00665	0.00211	0.00302	0.01480	0.00483	0.00423
12	0.02336	0.00886	0.01209	0.00927	0.01329	0.00765	0.00765	0.02538	0.01491	0.78810	0.02055	0.01773	0.01289	0.00645	0.00524	0.00161	0.00443	0.00524	0.00645	0.00886
13	0.00774	0.00562	0.00740	0.00837	0.00920	0.00560	0.00648	0.01008	0.05765	0.01459	0.02685	0.37692	0.03021	0.07341	0.00825	0.00243	0.00401	0.33582	0.00472	0.00465
14	0.01007	0.00950	0.01605	0.74377	0.09468	0.01163	0.01458	0.01352	0.01053	0.01360	0.00930	0.01381	0.00704	0.00516	0.00520	0.00172	0.00688	0.00463	0.00233	0.00598
15	0.02336	0.00886	0.01209	0.00927	0.01329	0.00765	0.00765	0.02538	0.01491	0.78810	0.02055	0.01773	0.01289	0.00645	0.00524	0.00161	0.00443	0.00524	0.00645	0.00886
16	0.00641	0.00456	0.00602	0.00716	0.00745	0.00428	0.00474	0.00727	0.00984	0.01312	0.02802	0.77024	0.03358	0.06083	0.00775	0.00228	0.00313	0.01440	0.00474	0.00417
17	0.80187	0.00982	0.00770	0.00702	0.01012	0.01133	0.00581	0.01503	0.00905	0.02289	0.00850	0.01155	0.00713	0.00542	0.00347	0.00166	0.00408	0.04866	0.00332	0.00559
18	0.00887	0.00454	0.00672	0.00677	0.00679	0.00452	0.00450	0.00683	0.00696	0.00928	0.01023	0.05544	0.01058	0.04165	0.01986	0.78207	0.00446	0.00512	0.00241	0.00238
19	0.85377	0.01007	0.00765	0.00685	0.01007	0.01168	0.00564	0.01531	0.00886	0.02336	0.00725	0.00846	0.00564	0.00483	0.00322	0.00161	0.00403	0.00282	0.00322	0.00564
20	0.01333	0.01137	0.01199	0.01067	0.01369	0.01313	0.00833	0.06843	0.73371	0.02239	0.02072	0.01905	0.01551	0.00702	0.00529	0.00176	0.00421	0.00582	0.00529	0.00828
21	0.00634	0.00453	0.00604	0.00725	0.00755	0.00423	0.00483	0.00725	0.00997	0.01329	0.02870	0.81358	0.03444	0.01632	0.00665	0.00211	0.00302	0.01480	0.00483	0.00423
22	0.00744	0.00558	0.00837	0.00837	0.00930	0.00651	0.00651	0.00930	0.00837	0.01209	0.01395	0.02046	0.01302	0.03906	0.79635	0.00837	0.01395	0.00558	0.00279	0.00465
23	0.02310	0.00928	0.01234	0.00946	0.01350	0.00827	0.00782	0.07958	0.01561	0.73292	0.01996	0.01734	0.01260	0.00643	0.00523	0.00161	0.00453	0.00520	0.00636	0.00886
24	0.00719	0.00525	0.00634	0.00610	0.00714	0.00485	0.00432	0.00885	0.01250	0.01703	0.46235	0.03987	0.18029	0.20273	0.01098	0.00247	0.00311	0.00928	0.00495	0.00440
25	0.00700	0.00496	0.00649	0.00738	0.00809	0.00462	0.00532	0.00831	0.01095	0.02707	0.09673	0.54873	0.10661	0.01507	0.00661	0.00207	0.00322	0.12136	0.00493	0.00446
26	0.85377	0.01007	0.00765	0.00685	0.01007	0.01168	0.00564	0.01531	0.00886	0.02336	0.00725	0.00846	0.00564	0.00483	0.00322	0.00161	0.00403	0.00282	0.00322	0.00564
27	0.01255	0.01076	0.01142	0.01030	0.01312	0.01237	0.00800	0.02637	0.71953	0.02172	0.07677	0.02085	0.01833	0.00733	0.00536	0.00176	0.00400	0.00615	0.00533	0.00800
28	0.80385	0.01034	0.00813	0.00716	0.01043	0.01195	0.00589	0.06031	0.00980	0.02393	0.00757	0.00870	0.00583	0.00492	0.00334	0.00161	0.00413	0.00293	0.00334	0.00583
29	0.01737	0.00940	0.01135	0.00947	0.01276	0.00947	0.00756	0.02452	0.32060	0.39485	0.08423	0.02107	0.03893	0.00723	0.00536	0.00168	0.00409	0.00601	0.00588	0.00816
30	0.00705	0.00506	0.00560	0.00572	0.00625	0.00478	0.00355	0.00751	0.00903	0.01154	0.02797	0.11623	0.23756	0.50874	0.01874	0.00382	0.00416	0.00926	0.00380	0.00362
31	0.00952	0.00489	0.00500	0.00497	0.00617	0.00486	0.00371	0.01191	0.01109	0.01933	0.06393	0.02088	0.01565	0.02127	0.00421	0.00131	0.00248	0.00518	0.77881	0.00483
32	0.00749	0.00539	0.00739	0.00739	0.00798	0.00598	0.00528	0.00867	0.00808	0.01136	0.01485	0.02544	0.01518	0.32367	0.51469	0.00715	0.01069	0.00631	0.00292	0.00410
33	0.81671	0.01002	0.00785	0.00696	0.01021	0.01150	0.00573	0.01576	0.00913	0.05749	0.00784	0.00887	0.00596	0.00491	0.00331	0.00161	0.00405	0.00293	0.00337	0.00578
34	0.00711	0.00518	0.00568	0.00561	0.00664	0.00474	0.00384	0.00827	0.01087	0.01434	0.16803	0.04050	0.33958	0.28152	0.01279	0.00280	0.00340	0.00912	0.06589	0.00411
35	0.00905	0.00452	0.00678	0.00678	0.00678	0.00452	0.00452	0.00678	0.00678	0.00905	0.00905	0.01583	0.00905	0.01809	0.02035	0.84848	0.00452	0.00452	0.00226	0.00226
36	0.01289	0.01237	0.02114	0.03196	0.78450	0.01237	0.01598	0.01598	0.01186	0.01701	0.00980	0.01289	0.00825	0.00464	0.00516	0.00155	0.00619	0.00464	0.00258	0.00825
37	0.00643	0.00462	0.00613	0.00730	0.00768	0.00431	0.00497	0.00742	0.01011	0.01342	0.02934	0.75822	0.05548	0.01614	0.00666	0.00212	0.00309	0.04748	0.00483	0.00426
38	0.01914	0.01426	0.01526	0.01185	0.01590	0.01584	0.00974	0.69646	0.09622	0.03177	0.01333	0.01316	0.00953	0.00633	0.00522	0.00158	0.00558	0.00480	0.00522	0.00880
39	0.85377	0.01007	0.00765	0.00685	0.01007	0.01168	0.00564	0.01531	0.00886	0.02336	0.00725	0.00846	0.00564	0.00483	0.00322	0.00161	0.00403	0.00282	0.00322	0.00564
40	0.02336	0.00886	0.01209	0.00927	0.01329	0.00765	0.00765	0.02538	0.01491	0.78810	0.02055	0.01773	0.01289	0.00645	0.00524	0.00161	0.00443	0.00524	0.00645	0.00886
41	0.01375	0.01254	0.01860	0.08440	0.50555	0.02922	0.01389	0.11993	0.11405	0.01943	0.01159	0.01370	0.00921	0.00524	0.00518	0.00159	0.00598	0.00478	0.00328	0.00810
42	0.01710	0.36350	0.02009	0.01150	0.01494	0.46584	0.00957	0.01858	0.01298	0.01254	0.00770	0.00895	0.00670	0.00498	0.00412	0.00124	0.00776	0.00311	0.00249	0.00631
43	0.00907	0.00589	0.00780	0.00840	0.00941	0.00581	0.00678	0.01072	0.01084	0.06137	0.02379	0.04882	0.02561	0.25473	0.01287	0.00314	0.00485	0.48115	0.00440	0.00455
44	0.01188	0.09043	0.36541	0.01905	0.16272	0.01301	0.20484	0.01646	0.01150	0.02882	0.00972	0.01198	0.00736	0.00471	0.00513	0.00160	0.00739	0.00449	0.00246	0.02103
45	0.01066	0.07563	0.74317	0.01448	0.02198	0.01262	0.01861	0.01644	0.01097	0.01623	0.00922	0.01083	0.00660	0.00492	0.00485	0.00162	0.00757	0.00378	0.00220	0.00763
46	0.00757	0.00505	0.00568	0.00568	0.00568	0.00505	0.00316	0.00757	0.00757	0.01010	0.01641	0.03408	0.01893	0.81698	0.02651	0.00505	0.00505	0.00757	0.00316	0.00316
47	0.02929	0.00950	0.01584	0.72984	0.08998	0.01163	0.01437	0.01355	0.01048	0.01381	0.00925	0.01369	0.00701	0.00516	0.00516	0.00172	0.00682	0.00459	0.00235	0.00596
48	0.00884	0.02703	0.18965	0.01123	0.01414	0.00803	0.08070	0.01221	0.03781	0.01532	0.02153	0.28132	0.02302	0.01145	0.00626	0.00203	0.00526	0.23452	0.00398	0.00565
49	0.01565	0.01223	0.01883	0.02511	0.53630	0.01232	0.01368	0.14724	0.01450	0.13510	0.01187	0.01355	0.00905	0.00519	0.00518	0.00156	0.00585	0.00474	0.00361	0.00845
50	0.00793	0.00576	0.00775	0.00845	0.00971	0.00558	0.00713	0.01024	0.01264	0.01671	0.21102	0.05315	0.10648	0.01337	0.00684	0.00215	0.00403	0.50122	0.00502	0.00479
51	0.79233	0.01024	0.00864	0.00868	0.06666	0.01173	0.00640	0.01536	0.00908	0.02290	0.00744	0.00878	0.00583	0.00482	0.00336	0.00161	0.00419	0.00295	0.00318	0.00583
52	0.07772	0.01728	0.01690	0.09324	0.11094	0.31866	0.08708	0.15253	0.01479	0.01809	0.00932	0.01129	0.00735	0.00543	0.00541	0.00154	0.03831	0.00416	0.00311	0.00684
53	0.16640	0.00881	0.01007	0.00832	0.01149	0.00870	0.00672	0.08050	0.06980	0.33762	0.12920	0.02241	0.10308	0.00754	0.00511	0.00164	0.00396	0.00605	0.00540	0.00718
54	0.00664	0.00466	0.00596	0.00688	0.00711	0.00443	0.00443	0.00733	0.00940	0.01253	0.02576	0.62729	0.03074	0.20767	0.01139	0.00282	0.00351	0.01308	0.00443	0.00397
55	0.01080	0.00926	0.01080	0.00771	0.01234	0.00694	0.00617	0.01311	0.01080	0.01697	0.00926	0.01080	0.00771	0.00386	0.00386	0.00077	0.00386	0.00309	0.00309	0.84882
56	0.01061	0.01021	0.01779	0.59752	0.18037	0.01184	0.06964	0.01407	0.01083	0.01427	0.00945	0.01370	0.00727	0.00504	0.00527	0.00170	0.00693	0.00474	0.00239	0.00635
57	0.00655	0.00509	0.00595	0.00616	0.00738	0.00450	0.00446	0.00808	0.01218	0.01579	0.25241	0.24878	0.37745	0.01330	0.00628	0.00182	0.00269	0.01155	0.00509	0.00450
58	0.01311	0.01092	0.01196	0.00966	0.01345	0.01105	0.00767	0.13063	0.36242	0.02150	0.01519	0.01500	0.01162	0.00568	0.00472	0.00134	0.00425	0.00460	0.00441	0.34082
59	0.01295	0.01169	0.01849	0.28134	0.42222	0.01269	0.01455	0.13011	0.01332	0.01822	0.01003	0.01316	0.00791	0.00507	0.00518	0.00161	0.00636	0.00464	0.00289	0.00754
60	0.01610	0.46167	0.04992	0.01093	0.01483	0.30639	0.00976	0.05108	0.01276	0.01351	0.00785	0.00902	0.00679	0.00489	0.00398	0.00124	0.00706	0.00312	0.00253	0.00658
61	0.01318	0.31466	0.26895	0.05130	0.04087	0.04784	0.02723	0.07996	0.07958	0.01647	0.00986	0.01108	0.00773	0.00507	0.00444	0.00145	0.00644	0.00379	0.00278	0.00731

[dist]
# distance from previous block
# <min> <max>
0	1

[block]
# block no. 3 follows, 47 sequences, length 23
# corresponding to MSA columns:
# 159-181
name=unknown_D
#
# <colnr> <probs for GDERKNQSTAVLIFYWHMCP>
#	G	D	E	R	K	N	Q	S	T	A	V	L	I	F	Y	W	H	M	C	P
0	0.01166	0.00985	0.01342	0.00962	0.01430	0.00778	0.10366	0.01422	0.01121	0.05799	0.01002	0.01158	0.00801	0.00406	0.00422	0.00094	0.00452	0.00359	0.00321	0.69612
1	0.01345	0.01077	0.01371	0.13287	0.08069	0.05054	0.04969	0.02100	0.31752	0.12207	0.11468	0.01952	0.01688	0.00673	0.00539	0.00168	0.00506	0.00584	0.00456	0.00735
2	0.12654	0.01389	0.01447	0.01128	0.01528	0.01547	0.00930	0.64557	0.04799	0.03123	0.01212	0.01222	0.00868	0.00610	0.00496	0.00158	0.00546	0.00449	0.00496	0.00842
3	0.01019	0.00945	0.01562	0.77582	0.03515	0.01174	0.01430	0.04056	0.01092	0.01401	0.00937	0.01383	0.00701	0.00524	0.00521	0.00173	0.00690	0.00463	0.00242	0.00590
4	0.01295	0.01119	0.01178	0.01060	0.01354	0.01295	0.00824	0.02767	0.77509	0.02178	0.02120	0.01943	0.01590	0.00707	0.00530	0.00177	0.00412	0.00589	0.00530	0.00824
5	0.01223	0.43437	0.39822	0.01180	0.01783	0.01647	0.01393	0.01603	0.01078	0.01431	0.00826	0.00964	0.00664	0.00469	0.00412	0.00137	0.00660	0.00330	0.00221	0.00718
6	0.00757	0.00505	0.00568	0.00568	0.00568	0.00505	0.00316	0.00757	0.00757	0.01010	0.01641	0.03408	0.01893	0.81698	0.02651	0.00505	0.00505	0.00757	0.00316	0.00316
7	0.01229	0.35650	0.44865	0.01220	0.01844	0.01550	0.01459	0.01639	0.01094	0.03844	0.00881	0.01010	0.00683	0.00479	0.00429	0.00143	0.00671	0.00345	0.00234	0.00731
8	0.48351	0.01208	0.01119	0.00913	0.01277	0.01367	0.00753	0.34910	0.01580	0.02756	0.00958	0.01025	0.00707	0.00546	0.00410	0.00159	0.00478	0.00365	0.00410	0.00707
9	0.00641	0.00458	0.00610	0.00721	0.00757	0.00427	0.00484	0.00740	0.01025	0.01374	0.07328	0.76772	0.03531	0.01598	0.00662	0.00209	0.00299	0.01449	0.00489	0.00427
10	0.01411	0.01310	0.01234	0.01102	0.01399	0.11356	0.00855	0.06184	0.64199	0.02115	0.01910	0.01781	0.01438	0.00681	0.00522	0.00170	0.00487	0.00551	0.00496	0.00799
11	0.01392	0.82012	0.02729	0.00891	0.01337	0.02061	0.00891	0.01559	0.01058	0.01225	0.00724	0.00835	0.00668	0.00446	0.00334	0.00111	0.00557	0.00278	0.00223	0.00668
12	0.00640	0.00455	0.00603	0.00718	0.00747	0.00427	0.00476	0.00727	0.00986	0.01315	0.02816	0.77916	0.03376	0.05167	0.00752	0.00224	0.00311	0.01449	0.00476	0.00418
13	0.00831	0.00594	0.00830	0.00950	0.01067	0.00593	0.00826	0.01066	0.01191	0.01550	0.02762	0.08714	0.03014	0.01446	0.00717	0.00239	0.00473	0.72181	0.00480	0.00477
14	0.01229	0.01450	0.12184	0.06394	0.46664	0.01249	0.19909	0.01609	0.01178	0.01669	0.00989	0.01298	0.00789	0.00465	0.00537	0.00162	0.00705	0.00490	0.00253	0.00776
15	0.00744	0.00558	0.00837	0.00837	0.00930	0.00651	0.00651	0.00930	0.00837	0.01209	0.01395	0.02046	0.01302	0.03906	0.79635	0.00837	0.01395	0.00558	0.00279	0.00465
16	0.00648	0.00463	0.00616	0.00716	0.00758	0.00432	0.00484	0.00758	0.01058	0.01427	0.12530	0.71422	0.03633	0.01559	0.00658	0.00205	0.00295	0.01411	0.00495	0.00432
17	0.12129	0.01146	0.01292	0.01016	0.01405	0.01194	0.00834	0.31590	0.08389	0.33246	0.01584	0.01470	0.01069	0.00623	0.00499	0.00161	0.00487	0.00479	0.00547	0.00842
18	0.01768	0.01089	0.01248	0.01034	0.01386	0.01158	0.00829	0.14125	0.39131	0.29333	0.01962	0.01776	0.01375	0.00672	0.00526	0.00168	0.00448	0.00547	0.00569	0.00856
19	0.11156	0.00648	0.00802	0.00746	0.00838	0.00687	0.00535	0.10533	0.00930	0.01381	0.00927	0.01452	0.00861	0.01499	0.01636	0.63846	0.00462	0.00434	0.00275	0.00351
20	0.31401	0.07063	0.02978	0.00932	0.01254	0.19898	0.00768	0.11338	0.01308	0.07064	0.01020	0.01117	0.00780	0.00537	0.00406	0.00146	0.00555	0.00361	0.10435	0.00638
21	0.01345	0.01344	0.01889	0.18879	0.49154	0.11292	0.01460	0.05429	0.01257	0.01650	0.00960	0.01263	0.00781	0.00493	0.00511	0.00156	0.00673	0.00448	0.00267	0.00749
22	0.01142	0.10551	0.51876	0.01741	0.17227	0.01308	0.01696	0.01687	0.05003	0.01643	0.00982	0.01153	0.00741	0.00494	0.00484	0.00158	0.00699	0.00400	0.00243	0.00773

[dist]
# distance from previous block
# <min> <max>
0	17

# created by:
# /st0/software/busco_prod/Augustus/scripts/msa2prfl.pl ./align_prep/65219.fa
