[name]
unknown

[dist]
# distance from previous block
# <min> <max>
11	189

[block]
# block no. 0 follows, 50 sequences, length 24
# corresponding to MSA columns:
# 259-282
name=unknown_A
#
# <colnr> <probs for GDERKNQSTAVLIFYWHMCP>
#	G	D	E	R	K	N	Q	S	T	A	V	L	I	F	Y	W	H	M	C	P
0	0.01537	0.01491	0.01824	0.01422	0.01785	0.18769	0.24558	0.27294	0.03484	0.03314	0.01221	0.08676	0.01023	0.00616	0.00528	0.00156	0.00686	0.00557	0.00368	0.00692
1	0.01102	0.01099	0.01146	0.05326	0.01324	0.18533	0.08334	0.06926	0.06091	0.01472	0.01926	0.33290	0.05492	0.04795	0.00651	0.00186	0.00533	0.00863	0.00381	0.00531
2	0.00635	0.00446	0.00570	0.00658	0.00680	0.00424	0.00424	0.00701	0.00899	0.01199	0.02466	0.63311	0.02942	0.20892	0.01090	0.00270	0.00336	0.01252	0.00424	0.00380
3	0.00624	0.00446	0.00598	0.00713	0.00750	0.00419	0.00492	0.00723	0.00971	0.01291	0.02738	0.75559	0.03260	0.01546	0.00641	0.00205	0.00304	0.07849	0.00462	0.00410
4	0.01358	0.01446	0.01879	0.01483	0.01815	0.20623	0.29809	0.01852	0.16109	0.04612	0.05384	0.01552	0.01145	0.00585	0.00611	0.00162	0.06402	0.02184	0.00335	0.00654
5	0.01356	0.01316	0.02377	0.01719	0.02189	0.01282	0.49890	0.21997	0.01477	0.02014	0.01048	0.01276	0.00779	0.00463	0.00544	0.00154	0.00718	0.00524	0.00322	0.08554
6	0.00706	0.00475	0.00549	0.00568	0.00572	0.00471	0.00328	0.00720	0.00762	0.01015	0.01759	0.15898	0.02050	0.69522	0.02233	0.00438	0.00452	0.00836	0.00328	0.00318
7	0.01949	0.01308	0.01442	0.01105	0.01502	0.01416	0.00913	0.65654	0.02197	0.15406	0.01320	0.01277	0.00910	0.00601	0.00499	0.00150	0.00529	0.00457	0.00518	0.00848
8	0.01461	0.01058	0.01077	0.04623	0.01246	0.05886	0.00728	0.38831	0.01703	0.02423	0.01329	0.01450	0.00999	0.00581	0.00435	0.00136	0.00448	0.00447	0.34473	0.00664
9	0.00715	0.00511	0.00702	0.00817	0.00893	0.00498	0.00650	0.00880	0.01060	0.01393	0.02688	0.40144	0.03062	0.01460	0.00665	0.00217	0.00382	0.42369	0.00461	0.00435
10	0.39124	0.01063	0.00954	0.00835	0.01083	0.13624	0.05263	0.01384	0.01145	0.01956	0.26697	0.01821	0.01948	0.00653	0.00441	0.00152	0.00446	0.00507	0.00376	0.00531
11	0.01240	0.01071	0.01127	0.01014	0.01296	0.01240	0.00789	0.02649	0.78473	0.02085	0.02029	0.01860	0.01522	0.00676	0.00507	0.00169	0.00394	0.00564	0.00507	0.00789
12	0.01353	0.01344	0.01220	0.07672	0.01526	0.18734	0.00876	0.02390	0.55081	0.01827	0.01657	0.01604	0.01257	0.00626	0.00494	0.00160	0.00528	0.00500	0.00428	0.00723
13	0.01259	0.65065	0.19685	0.00978	0.01473	0.01792	0.01071	0.01512	0.01022	0.01262	0.00737	0.00855	0.00638	0.00437	0.00354	0.00118	0.00578	0.00289	0.00213	0.00661
14	0.01145	0.01121	0.01742	0.06365	0.35594	0.01354	0.01299	0.01348	0.00939	0.01391	0.00791	0.01166	0.00714	0.00665	0.01075	0.00185	0.41784	0.00440	0.00231	0.00653
15	0.01180	0.37834	0.43708	0.01156	0.01746	0.01504	0.01376	0.01564	0.01045	0.03555	0.00835	0.00959	0.00652	0.00457	0.00407	0.00135	0.00638	0.00327	0.00223	0.00697
16	0.01214	0.54113	0.30239	0.01056	0.01593	0.01681	0.01206	0.01523	0.01027	0.01318	0.00765	0.00890	0.00637	0.00443	0.00375	0.00125	0.00606	0.00303	0.00212	0.00674
17	0.00607	0.00434	0.00578	0.00694	0.00723	0.00405	0.00463	0.00694	0.00954	0.01272	0.02747	0.82157	0.03297	0.01562	0.00636	0.00202	0.00289	0.01417	0.00463	0.00405
18	0.00631	0.00507	0.00563	0.00549	0.00699	0.00439	0.00412	0.00797	0.01236	0.01582	0.31832	0.04409	0.52241	0.01174	0.00589	0.00164	0.00246	0.00998	0.00494	0.00439
19	0.01196	0.01175	0.07822	0.16776	0.07887	0.04775	0.05407	0.20915	0.01450	0.01926	0.11948	0.05572	0.08156	0.00705	0.00545	0.00160	0.01971	0.00600	0.00373	0.00641
20	0.13717	0.01242	0.02428	0.01767	0.02214	0.01211	0.57515	0.01623	0.01130	0.07452	0.01019	0.01282	0.00756	0.00459	0.00582	0.00167	0.03960	0.00529	0.00286	0.00661
21	0.00707	0.00476	0.00549	0.00566	0.00570	0.00472	0.00326	0.00720	0.00759	0.01012	0.01745	0.14928	0.02032	0.70517	0.02256	0.00442	0.00455	0.00827	0.00326	0.00317
22	0.01169	0.01324	0.02825	0.02036	0.02498	0.01282	0.71277	0.01564	0.01143	0.01564	0.00979	0.01324	0.00748	0.00457	0.00674	0.00172	0.07476	0.00576	0.00249	0.00662
23	0.01770	0.01558	0.01520	0.01290	0.05194	0.19796	0.04596	0.42522	0.09592	0.05407	0.01190	0.01222	0.00875	0.00572	0.00492	0.00148	0.00626	0.00439	0.00424	0.00768

[dist]
# distance from previous block
# <min> <max>
0	1

[block]
# block no. 1 follows, 50 sequences, length 34
# corresponding to MSA columns:
# 284-317
name=unknown_B
#
# <colnr> <probs for GDERKNQSTAVLIFYWHMCP>
#	G	D	E	R	K	N	Q	S	T	A	V	L	I	F	Y	W	H	M	C	P
0	0.00688	0.00535	0.00645	0.00701	0.00840	0.00491	0.00577	0.00861	0.01136	0.01411	0.03875	0.07305	0.41898	0.01323	0.00636	0.00197	0.00349	0.35633	0.00461	0.00438
1	0.37002	0.01601	0.01098	0.00974	0.01268	0.37670	0.00758	0.01825	0.01179	0.11202	0.00884	0.00959	0.00671	0.00505	0.00397	0.00142	0.00627	0.00322	0.00322	0.00595
2	0.06882	0.02171	0.16943	0.01306	0.01681	0.49574	0.06200	0.01886	0.04206	0.03408	0.00884	0.01010	0.00690	0.00505	0.00458	0.00141	0.00800	0.00359	0.00269	0.00628
3	0.01376	0.01828	0.11818	0.01754	0.02207	0.26835	0.43603	0.01722	0.01238	0.01473	0.00918	0.01165	0.00704	0.00457	0.00529	0.00154	0.00847	0.00475	0.00249	0.00650
4	0.00716	0.00519	0.00693	0.00759	0.00858	0.00496	0.00605	0.00906	0.01171	0.01565	0.23253	0.23280	0.08543	0.01318	0.00643	0.00200	0.00345	0.33200	0.00484	0.00447
5	0.01817	0.09926	0.01544	0.01217	0.01517	0.58060	0.00950	0.16206	0.01549	0.01577	0.00843	0.00945	0.00681	0.00521	0.00446	0.00130	0.00798	0.00340	0.00298	0.00635
6	0.00978	0.02736	0.01557	0.24458	0.07965	0.01006	0.14606	0.05024	0.01037	0.01409	0.01135	0.04565	0.00988	0.01588	0.26614	0.00372	0.02596	0.00532	0.00266	0.00568
7	0.01287	0.15297	0.29638	0.01161	0.01647	0.03622	0.01206	0.13548	0.24028	0.01889	0.01237	0.01266	0.00928	0.00546	0.00461	0.00151	0.00578	0.00420	0.00344	0.00748
8	0.01601	0.01126	0.01239	0.01031	0.01364	0.01241	0.00825	0.24274	0.43207	0.15785	0.01778	0.01640	0.01277	0.00644	0.00504	0.00161	0.00444	0.00520	0.00524	0.00816
9	0.04740	0.00852	0.01144	0.00880	0.01263	0.00744	0.00727	0.02400	0.01409	0.77403	0.01928	0.01670	0.01213	0.00612	0.00495	0.00154	0.00423	0.00494	0.00608	0.00839
10	0.01160	0.01064	0.01480	0.42634	0.15120	0.05865	0.01224	0.01712	0.18537	0.04478	0.01186	0.01421	0.00898	0.00535	0.00497	0.00161	0.00597	0.00465	0.00307	0.00658
11	0.00725	0.00483	0.00544	0.00544	0.00544	0.00483	0.00302	0.00725	0.00725	0.00966	0.01571	0.03262	0.01812	0.82483	0.02537	0.00483	0.00483	0.00725	0.00302	0.00302
12	0.00720	0.00503	0.00643	0.00643	0.00677	0.00537	0.00426	0.00788	0.00754	0.01040	0.01480	0.02760	0.01594	0.52181	0.32540	0.00606	0.00811	0.00651	0.00289	0.00357
13	0.00607	0.00434	0.00578	0.00694	0.00723	0.00405	0.00463	0.00694	0.00954	0.01272	0.02747	0.82157	0.03297	0.01562	0.00636	0.00202	0.00289	0.01417	0.00463	0.00405
14	0.01118	0.30957	0.52553	0.01220	0.01847	0.01446	0.01492	0.01548	0.01038	0.01435	0.00823	0.00963	0.00634	0.00457	0.00419	0.00140	0.00665	0.00332	0.00211	0.00702
15	0.00803	0.00574	0.00803	0.00918	0.01033	0.00574	0.00803	0.01033	0.01147	0.01492	0.02639	0.05622	0.02869	0.01377	0.00688	0.00229	0.00459	0.76018	0.00459	0.00459
16	0.01775	0.01570	0.01413	0.01156	0.01502	0.19949	0.00924	0.47177	0.15138	0.02512	0.01239	0.01240	0.00915	0.00592	0.00489	0.00148	0.00604	0.00439	0.00444	0.00775
17	0.01862	0.02376	0.01413	0.01284	0.01541	0.80482	0.00963	0.01990	0.01413	0.01220	0.00770	0.00899	0.00642	0.00514	0.00449	0.00128	0.00899	0.00321	0.00257	0.00578
18	0.00866	0.00433	0.00649	0.00649	0.00649	0.00433	0.00433	0.00649	0.00649	0.00866	0.00866	0.01515	0.00866	0.01732	0.01948	0.85498	0.00433	0.00433	0.00216	0.00216
19	0.01868	0.02187	0.01429	0.01258	0.01542	0.65313	0.00960	0.16541	0.01591	0.01589	0.00852	0.00956	0.00682	0.00530	0.00459	0.00132	0.00832	0.00346	0.00303	0.00630
20	0.00607	0.00434	0.00578	0.00694	0.00723	0.00405	0.00463	0.00694	0.00954	0.01272	0.02747	0.82157	0.03297	0.01562	0.00636	0.00202	0.00289	0.01417	0.00463	0.00405
21	0.01171	0.01328	0.02847	0.02048	0.02519	0.01278	0.72469	0.01570	0.01149	0.01570	0.00985	0.01328	0.00750	0.00450	0.00658	0.00171	0.06218	0.00578	0.00250	0.00664
22	0.01741	0.00938	0.01131	0.00945	0.01275	0.00954	0.00760	0.02478	0.35842	0.42273	0.02018	0.01908	0.01420	0.00670	0.00511	0.00164	0.00412	0.03191	0.00562	0.00808
23	0.02212	0.00888	0.01181	0.00906	0.01292	0.00791	0.00748	0.07838	0.01493	0.74217	0.01911	0.01661	0.01206	0.00616	0.00501	0.00154	0.00433	0.00497	0.00608	0.00848
24	0.00698	0.00504	0.00660	0.00632	0.00743	0.00466	0.00470	0.00923	0.01378	0.01947	0.73624	0.09359	0.04602	0.01058	0.00591	0.00160	0.00239	0.00938	0.00543	0.00466
25	0.79960	0.00995	0.00787	0.00691	0.01006	0.01149	0.00569	0.06943	0.00956	0.02301	0.00730	0.00838	0.00562	0.00472	0.00322	0.00154	0.00397	0.00283	0.00322	0.00562
26	0.00914	0.00470	0.00489	0.00489	0.00603	0.00476	0.00368	0.01142	0.01028	0.01808	0.01605	0.01865	0.01275	0.00807	0.06097	0.00165	0.00311	0.00470	0.79155	0.00463
27	0.00725	0.00553	0.00826	0.00818	0.00904	0.00654	0.00639	0.00901	0.00800	0.01159	0.01312	0.01929	0.01226	0.03641	0.77835	0.00781	0.04054	0.00531	0.00265	0.00448
28	0.00667	0.00459	0.00561	0.00617	0.00631	0.00445	0.00381	0.00710	0.00837	0.01116	0.02146	0.41814	0.02538	0.42941	0.01608	0.00346	0.00388	0.01063	0.00381	0.00352
29	0.01333	0.82783	0.02612	0.00853	0.01279	0.01972	0.00853	0.01493	0.01013	0.01173	0.00693	0.00800	0.00640	0.00426	0.00320	0.00107	0.00533	0.00267	0.00213	0.00640
30	0.00742	0.00533	0.00628	0.00621	0.00672	0.00553	0.00404	0.00878	0.05698	0.01111	0.01888	0.03063	0.09124	0.53922	0.17641	0.00496	0.00624	0.00708	0.00324	0.00373
31	0.00839	0.00559	0.00714	0.00733	0.00825	0.00604	0.00585	0.01037	0.01038	0.01578	0.07462	0.11993	0.02103	0.01255	0.08154	0.00233	0.08226	0.20231	0.31369	0.00463
32	0.07148	0.01201	0.01248	0.01008	0.01357	0.07223	0.00815	0.30760	0.14273	0.23917	0.03194	0.01527	0.02804	0.00624	0.00489	0.00153	0.00492	0.00483	0.00503	0.00781
33	0.15515	0.00913	0.01362	0.03376	0.01419	0.00937	0.20276	0.12065	0.01166	0.01751	0.01544	0.24774	0.01584	0.10151	0.00762	0.00209	0.00516	0.00765	0.00362	0.00552

[dist]
# distance from previous block
# <min> <max>
1	9

[block]
# block no. 2 follows, 50 sequences, length 10
# corresponding to MSA columns:
# 327-336
name=unknown_C
#
# <colnr> <probs for GDERKNQSTAVLIFYWHMCP>
#	G	D	E	R	K	N	Q	S	T	A	V	L	I	F	Y	W	H	M	C	P
0	0.00851	0.00766	0.01246	0.01094	0.01270	0.00775	0.17969	0.01179	0.09910	0.01454	0.02237	0.40820	0.05594	0.01134	0.00673	0.00192	0.05346	0.06563	0.00405	0.00522
1	0.00970	0.00810	0.00947	0.00713	0.01078	0.00627	0.00549	0.01157	0.00993	0.01525	0.01087	0.06650	0.01031	0.09871	0.00636	0.00129	0.00377	0.00419	0.00307	0.70125
2	0.01895	0.01396	0.01496	0.01147	0.01546	0.01546	0.00947	0.77711	0.02344	0.03141	0.01197	0.01197	0.00848	0.00598	0.00499	0.00150	0.00548	0.00449	0.00499	0.00848
3	0.00803	0.00574	0.00803	0.00918	0.01033	0.00574	0.00803	0.01033	0.01147	0.01492	0.02639	0.05622	0.02869	0.01377	0.00688	0.00229	0.00459	0.76018	0.00459	0.00459
4	0.01176	0.01139	0.01983	0.17370	0.60639	0.01175	0.06241	0.01487	0.01112	0.01561	0.00933	0.01258	0.00764	0.00453	0.00500	0.00153	0.00621	0.00453	0.00242	0.00739
5	0.00626	0.00482	0.00554	0.00583	0.00684	0.00430	0.00409	0.00742	0.01076	0.01376	0.14541	0.27660	0.37368	0.10185	0.00816	0.00211	0.00286	0.01104	0.00457	0.00410
6	0.00657	0.00482	0.00619	0.00657	0.00744	0.00443	0.00476	0.00817	0.01174	0.01590	0.34041	0.36266	0.13117	0.01294	0.00614	0.00181	0.00273	0.05622	0.00497	0.00437
7	0.01324	0.05842	0.04632	0.09015	0.07078	0.21443	0.23150	0.06312	0.01291	0.01579	0.09874	0.01439	0.01166	0.00549	0.00546	0.00152	0.03189	0.00495	0.00295	0.00629
8	0.17853	0.36735	0.11256	0.01106	0.01537	0.10619	0.11669	0.01569	0.01054	0.01493	0.00770	0.00919	0.00636	0.00448	0.00388	0.00133	0.00613	0.00331	0.00242	0.00629
9	0.01010	0.00914	0.01226	0.01220	0.10965	0.06059	0.10092	0.08667	0.03576	0.01741	0.19138	0.13874	0.14382	0.00919	0.00567	0.00166	0.00453	0.04043	0.00420	0.00571

[dist]
# distance from previous block
# <min> <max>
1	11

[block]
# block no. 3 follows, 50 sequences, length 18
# corresponding to MSA columns:
# 348-365
name=unknown_D
#
# <colnr> <probs for GDERKNQSTAVLIFYWHMCP>
#	G	D	E	R	K	N	Q	S	T	A	V	L	I	F	Y	W	H	M	C	P
0	0.01538	0.01604	0.01270	0.01130	0.01413	0.31921	0.00870	0.09040	0.41922	0.01844	0.01468	0.01429	0.01122	0.00606	0.00484	0.00152	0.00603	0.00460	0.00410	0.00712
1	0.04084	0.01441	0.16436	0.01126	0.01563	0.11810	0.07288	0.03489	0.02516	0.34545	0.03789	0.01417	0.01047	0.00550	0.00484	0.00147	0.00575	0.00449	0.00421	0.06824
2	0.00910	0.00879	0.01523	0.01203	0.01429	0.02361	0.28497	0.01120	0.00998	0.01332	0.04411	0.04703	0.11844	0.21113	0.09954	0.00318	0.05900	0.00698	0.00308	0.00498
3	0.01166	0.01213	0.02390	0.02107	0.20019	0.01169	0.47215	0.04302	0.03314	0.01692	0.06679	0.04059	0.01151	0.00518	0.00562	0.00163	0.00700	0.00598	0.00295	0.00686
4	0.00940	0.00945	0.01888	0.01478	0.01777	0.00889	0.42387	0.01228	0.01112	0.01498	0.04712	0.27630	0.01928	0.00902	0.00613	0.00185	0.00603	0.08375	0.00351	0.00558
5	0.01762	0.01019	0.01281	0.01188	0.09781	0.01034	0.00859	0.14999	0.20635	0.36006	0.04831	0.01684	0.01331	0.00626	0.00505	0.00157	0.00448	0.00518	0.00527	0.00812
6	0.00803	0.00455	0.00602	0.00602	0.00602	0.00455	0.00375	0.00683	0.00683	0.00911	0.01180	0.02294	0.01288	0.37757	0.02211	0.47570	0.00455	0.00563	0.00255	0.00255
7	0.00922	0.00829	0.01425	0.15845	0.01766	0.00847	0.20257	0.07416	0.01145	0.01527	0.03663	0.38244	0.02000	0.00984	0.00586	0.00182	0.00518	0.00936	0.00370	0.00538
8	0.00625	0.00452	0.00591	0.00671	0.00724	0.00418	0.00459	0.00741	0.01050	0.01413	0.17163	0.63081	0.07880	0.01443	0.00624	0.00192	0.00277	0.01300	0.00479	0.00418
9	0.01122	0.01392	0.10243	0.04138	0.05897	0.01193	0.60179	0.01530	0.01145	0.01568	0.01093	0.06059	0.00892	0.00496	0.00573	0.00168	0.00782	0.00605	0.00259	0.00665
10	0.01862	0.02376	0.01413	0.01284	0.01541	0.80482	0.00963	0.01990	0.01413	0.01220	0.00770	0.00899	0.00642	0.00514	0.00449	0.00128	0.00899	0.00321	0.00257	0.00578
11	0.01522	0.37341	0.01870	0.01026	0.01359	0.33534	0.00868	0.05622	0.04354	0.01342	0.01094	0.01169	0.05921	0.00536	0.00407	0.00124	0.00657	0.00362	0.00274	0.00617
12	0.86003	0.00964	0.00733	0.00655	0.00964	0.01118	0.00540	0.01465	0.00848	0.02236	0.00694	0.00810	0.00540	0.00463	0.00308	0.00154	0.00386	0.00270	0.00308	0.00540
13	0.01364	0.27772	0.12655	0.01109	0.01533	0.03611	0.05851	0.12382	0.23385	0.03748	0.01226	0.01252	0.00942	0.00535	0.00444	0.00143	0.00550	0.00418	0.00350	0.00730
14	0.00890	0.03535	0.35583	0.01034	0.01467	0.00872	0.03495	0.04377	0.01189	0.01632	0.13811	0.02682	0.21521	0.00811	0.00533	0.00163	0.00512	0.04939	0.00353	0.00600
15	0.05206	0.07802	0.01433	0.21385	0.01877	0.01113	0.04875	0.07612	0.14770	0.20308	0.04583	0.01521	0.01130	0.00570	0.00481	0.00153	0.00508	0.00477	0.00407	0.03787
16	0.00866	0.00433	0.00649	0.00649	0.00649	0.00433	0.00433	0.00649	0.00649	0.00866	0.00866	0.01515	0.00866	0.01732	0.01948	0.85498	0.00433	0.00433	0.00216	0.00216
17	0.00994	0.00853	0.01006	0.00743	0.01135	0.00676	0.00594	0.01207	0.01049	0.01614	0.05545	0.01383	0.05009	0.00473	0.00445	0.00089	0.03714	0.00375	0.00315	0.72779

[dist]
# distance from previous block
# <min> <max>
0	1

[block]
# block no. 4 follows, 50 sequences, length 7
# corresponding to MSA columns:
# 367-373
name=unknown_E
#
# <colnr> <probs for GDERKNQSTAVLIFYWHMCP>
#	G	D	E	R	K	N	Q	S	T	A	V	L	I	F	Y	W	H	M	C	P
0	0.72645	0.01188	0.00841	0.00755	0.01056	0.13718	0.00607	0.01549	0.00938	0.02075	0.00706	0.00824	0.00556	0.00471	0.00331	0.00150	0.00467	0.00278	0.00300	0.00546
1	0.01144	0.00774	0.00805	0.00727	0.00931	0.00848	0.00564	0.10530	0.26969	0.02083	0.01710	0.01782	0.01309	0.00615	0.00419	0.00138	0.00323	0.00496	0.47217	0.00617
2	0.00713	0.00530	0.00781	0.00781	0.00863	0.00612	0.00598	0.00877	0.00795	0.01142	0.01354	0.02060	0.01290	0.09896	0.74411	0.00776	0.01269	0.00549	0.00270	0.00434
3	0.00635	0.00466	0.00598	0.00671	0.00740	0.00430	0.00475	0.00762	0.01071	0.01423	0.16310	0.52860	0.13953	0.01414	0.00625	0.00192	0.00286	0.06189	0.00477	0.00422
4	0.12331	0.01068	0.01308	0.05079	0.07966	0.01182	0.04584	0.13722	0.27744	0.08730	0.01517	0.01739	0.01188	0.00648	0.00538	0.00167	0.03564	0.05776	0.00427	0.00722
5	0.01367	0.01093	0.01260	0.01064	0.01321	0.08661	0.07911	0.29831	0.01569	0.07015	0.01764	0.31328	0.01755	0.00933	0.00554	0.00169	0.00505	0.00813	0.00446	0.00641
6	0.01036	0.01111	0.08822	0.15237	0.12266	0.04874	0.00987	0.01365	0.04634	0.01575	0.08536	0.06158	0.01282	0.00565	0.00466	0.00131	0.00497	0.00486	0.00309	0.29663

[dist]
# distance from previous block
# <min> <max>
0	14

[block]
# block no. 5 follows, 50 sequences, length 27
# corresponding to MSA columns:
# 388-414
name=unknown_F
#
# <colnr> <probs for GDERKNQSTAVLIFYWHMCP>
#	G	D	E	R	K	N	Q	S	T	A	V	L	I	F	Y	W	H	M	C	P
0	0.01295	0.01145	0.06931	0.00944	0.01225	0.10795	0.00796	0.12128	0.11733	0.12208	0.02041	0.02101	0.14740	0.01391	0.17927	0.00296	0.00688	0.00574	0.00407	0.00636
1	0.01236	0.04453	0.28412	0.09288	0.02281	0.17022	0.27076	0.01635	0.01159	0.01471	0.00901	0.01139	0.00679	0.00464	0.00505	0.00155	0.00791	0.00437	0.00235	0.00663
2	0.01228	0.31676	0.04778	0.01229	0.12213	0.08996	0.00928	0.01652	0.15612	0.01469	0.03026	0.07527	0.04008	0.00644	0.00449	0.00143	0.00521	0.02929	0.00320	0.00652
3	0.08313	0.01022	0.01494	0.15901	0.08758	0.04609	0.15137	0.07574	0.04131	0.01654	0.01366	0.18845	0.01308	0.00713	0.00517	0.00162	0.00554	0.00656	0.00330	0.06955
4	0.01063	0.01009	0.01689	0.35509	0.41798	0.01095	0.01383	0.01362	0.01077	0.01459	0.01224	0.01540	0.06601	0.00528	0.00503	0.00157	0.00597	0.00489	0.00252	0.00664
5	0.00737	0.00584	0.00712	0.00711	0.00828	0.00601	0.00544	0.00972	0.06811	0.01385	0.09108	0.08160	0.27218	0.10879	0.14856	0.00326	0.04510	0.10198	0.00408	0.00453
6	0.01006	0.01208	0.13670	0.00919	0.01186	0.13054	0.00810	0.02749	0.01043	0.01385	0.06588	0.05862	0.01390	0.12984	0.20479	0.00347	0.00755	0.00533	0.00300	0.13733
7	0.00738	0.00519	0.00680	0.00653	0.00775	0.00480	0.00498	0.00965	0.01372	0.03493	0.67886	0.06285	0.06065	0.01060	0.00595	0.00164	0.00258	0.06502	0.00539	0.00474
8	0.01114	0.00948	0.01148	0.00956	0.07520	0.00772	0.00693	0.06997	0.01140	0.01738	0.00913	0.01062	0.00751	0.00392	0.00389	0.00085	0.00401	0.00319	0.00307	0.72355
9	0.01648	0.01184	0.04417	0.07498	0.01588	0.01169	0.00905	0.34766	0.08965	0.17269	0.01336	0.01334	0.00944	0.00559	0.00478	0.00142	0.00498	0.00441	0.00456	0.14403
10	0.00632	0.00481	0.00584	0.00628	0.00727	0.00433	0.00454	0.00771	0.01122	0.01463	0.19742	0.35527	0.29057	0.01336	0.00613	0.00183	0.00274	0.05065	0.00481	0.00427
11	0.04520	0.01124	0.09807	0.23509	0.12858	0.01041	0.01120	0.13994	0.01286	0.05848	0.06282	0.09934	0.01278	0.00649	0.00502	0.00158	0.00538	0.00558	0.00344	0.04652
12	0.01116	0.00935	0.01078	0.00778	0.01216	0.00749	0.00625	0.08610	0.01160	0.01770	0.00916	0.01049	0.00749	0.00391	0.00382	0.00081	0.00386	0.00310	0.00315	0.77383
13	0.43045	0.05317	0.01096	0.00919	0.01164	0.20529	0.00744	0.01517	0.00997	0.01727	0.00832	0.01155	0.00730	0.00700	0.03693	0.00183	0.10666	0.04155	0.00286	0.00547
14	0.01164	0.42627	0.38148	0.04289	0.01769	0.01563	0.01329	0.01523	0.01030	0.01364	0.00793	0.00937	0.00637	0.00451	0.00398	0.00133	0.00632	0.00320	0.00212	0.00681
15	0.01354	0.01094	0.01155	0.01001	0.01295	0.01246	0.00789	0.18308	0.56685	0.02290	0.01824	0.01720	0.01362	0.00653	0.00494	0.00161	0.00415	0.00532	0.06845	0.00777
16	0.01018	0.00749	0.02744	0.00807	0.01003	0.00754	0.04595	0.01522	0.18338	0.05395	0.17599	0.02326	0.02037	0.00851	0.03671	0.00177	0.03064	0.03778	0.28999	0.00574
17	0.01063	0.21875	0.07732	0.07324	0.01335	0.01116	0.00811	0.05009	0.11325	0.03664	0.16542	0.02266	0.14568	0.00731	0.00481	0.00146	0.00433	0.00594	0.00383	0.02603
18	0.00632	0.00503	0.00566	0.00558	0.00701	0.00438	0.00416	0.00795	0.01225	0.01575	0.31359	0.08438	0.48650	0.01191	0.00591	0.00166	0.00248	0.01017	0.00493	0.00438
19	0.01270	0.07572	0.01198	0.00932	0.01190	0.01130	0.00740	0.27785	0.19949	0.02176	0.09667	0.20567	0.01959	0.00872	0.00528	0.00164	0.00418	0.00735	0.00474	0.00675
20	0.01208	0.00623	0.00813	0.00701	0.00914	0.00553	0.00548	0.01417	0.01386	0.28083	0.44934	0.03160	0.11794	0.00911	0.00559	0.00157	0.00301	0.00783	0.00562	0.00592
21	0.01269	0.34384	0.02286	0.05039	0.07548	0.08209	0.21492	0.01533	0.04122	0.01340	0.00878	0.01110	0.00737	0.00552	0.00563	0.07026	0.00644	0.00404	0.00242	0.00622
22	0.00786	0.00521	0.00718	0.00743	0.00846	0.00474	0.03445	0.00904	0.01037	0.08845	0.02926	0.59383	0.13604	0.01382	0.00616	0.00192	0.00321	0.02329	0.00469	0.00461
23	0.00767	0.00552	0.00701	0.00711	0.00847	0.00524	0.00576	0.00982	0.01216	0.01687	0.29400	0.04189	0.13931	0.01103	0.00606	0.00177	0.01596	0.27114	0.09131	0.04193
24	0.01583	0.01222	0.01326	0.01029	0.01418	0.01288	0.00837	0.47199	0.14797	0.02609	0.01263	0.01270	0.00935	0.00558	0.00470	0.00135	0.00481	0.00432	0.00452	0.20697
25	0.01121	0.01004	0.01090	0.00848	0.01229	0.04413	0.00672	0.01613	0.19202	0.01699	0.01140	0.01223	0.00915	0.00466	0.00451	0.00104	0.03321	0.00364	0.00340	0.58785
26	0.05702	0.01183	0.09554	0.01200	0.01619	0.00985	0.18831	0.11913	0.01346	0.18513	0.07270	0.04896	0.01255	0.00581	0.00502	0.00148	0.00540	0.00529	0.00400	0.13032

[dist]
# distance from previous block
# <min> <max>
0	5

[block]
# block no. 6 follows, 50 sequences, length 29
# corresponding to MSA columns:
# 420-448
name=unknown_G
#
# <colnr> <probs for GDERKNQSTAVLIFYWHMCP>
#	G	D	E	R	K	N	Q	S	T	A	V	L	I	F	Y	W	H	M	C	P
0	0.01146	0.01244	0.16882	0.01333	0.10795	0.00879	0.12058	0.01458	0.01140	0.10737	0.08700	0.01714	0.04480	0.04855	0.00596	0.00156	0.00531	0.00506	0.00336	0.20457
1	0.01181	0.01054	0.01006	0.00894	0.01149	0.08753	0.00695	0.12794	0.33771	0.01939	0.06852	0.02606	0.23558	0.00834	0.00528	0.00161	0.00417	0.00680	0.00471	0.00655
2	0.00962	0.00874	0.01298	0.04728	0.16126	0.04769	0.08479	0.01216	0.01217	0.01650	0.26345	0.04025	0.02537	0.00887	0.00639	0.00176	0.04747	0.18373	0.00394	0.00560
3	0.00852	0.00438	0.00639	0.00639	0.00639	0.00438	0.00420	0.00657	0.00657	0.00876	0.00936	0.01688	0.00960	0.09728	0.02006	0.77079	0.00438	0.00462	0.00225	0.00225
4	0.01220	0.00868	0.01223	0.40611	0.02228	0.00989	0.01004	0.13973	0.01289	0.09755	0.04241	0.01543	0.01032	0.00564	0.00472	0.00152	0.00518	0.00472	0.17235	0.00611
5	0.00684	0.00510	0.00650	0.00738	0.00816	0.00493	0.00543	0.00886	0.05782	0.01376	0.02939	0.52892	0.11603	0.01436	0.00634	0.00202	0.00326	0.16585	0.00465	0.00441
6	0.00926	0.00584	0.00701	0.00667	0.00792	0.00633	0.00510	0.08508	0.01056	0.01653	0.01468	0.01925	0.01259	0.07208	0.31539	0.00409	0.00707	0.00507	0.38465	0.00484
7	0.01284	0.04210	0.01163	0.00985	0.01269	0.01197	0.00773	0.02504	0.66818	0.07341	0.02004	0.05279	0.01544	0.00701	0.00505	0.00167	0.00397	0.00585	0.00501	0.00771
8	0.01175	0.00935	0.01085	0.00786	0.01222	0.00756	0.00633	0.08960	0.01183	0.05333	0.00966	0.01080	0.00772	0.00403	0.00388	0.00085	0.00390	0.00320	0.00330	0.73198
9	0.01604	0.01806	0.01276	0.01144	0.01371	0.49972	0.00877	0.08955	0.04882	0.01497	0.00986	0.01159	0.00810	0.00806	0.06620	0.00189	0.06479	0.00382	0.08595	0.00589
10	0.81548	0.05269	0.00831	0.00666	0.00981	0.01163	0.00556	0.01467	0.00857	0.02180	0.00694	0.00809	0.00545	0.00461	0.00309	0.00152	0.00393	0.00270	0.00303	0.00545
11	0.02080	0.00936	0.09025	0.00874	0.01095	0.00833	0.00741	0.08460	0.18513	0.04984	0.04140	0.02354	0.05934	0.09377	0.01072	0.20279	0.00456	0.07925	0.00383	0.00541
12	0.01175	0.01176	0.09263	0.01066	0.01347	0.06908	0.07517	0.16430	0.10452	0.01758	0.01311	0.01694	0.01107	0.09440	0.22757	0.00363	0.00797	0.00508	0.04318	0.00612
13	0.00722	0.00490	0.00578	0.00575	0.00592	0.00496	0.00346	0.00757	0.00783	0.01062	0.07316	0.03169	0.01972	0.68727	0.10011	0.00490	0.00548	0.00719	0.00317	0.00329
14	0.86003	0.00964	0.00733	0.00655	0.00964	0.01118	0.00540	0.01465	0.00848	0.02236	0.00694	0.00810	0.00540	0.00463	0.00308	0.00154	0.00386	0.00270	0.00308	0.00540
15	0.01189	0.47166	0.28961	0.01036	0.01571	0.01563	0.01166	0.01499	0.01028	0.01357	0.00781	0.00909	0.00647	0.00437	0.00377	0.00121	0.00587	0.00304	0.00220	0.09080
16	0.01428	0.01272	0.06015	0.01086	0.04700	0.12079	0.00858	0.07825	0.29141	0.13274	0.01879	0.01804	0.08851	0.00652	0.00493	0.00151	0.00494	0.00523	0.00438	0.07037
17	0.00603	0.00494	0.00534	0.00562	0.00700	0.00425	0.00415	0.00726	0.01100	0.01338	0.04474	0.20371	0.60360	0.01328	0.00603	0.00178	0.00270	0.04638	0.00463	0.00419
18	0.00963	0.00626	0.00755	0.00713	0.00826	0.00657	0.00518	0.04964	0.16845	0.01430	0.04716	0.02060	0.09974	0.01259	0.01210	0.42030	0.00382	0.00551	0.09097	0.00424
19	0.01402	0.00975	0.01107	0.00967	0.01228	0.02835	0.00795	0.33848	0.01689	0.09835	0.06067	0.09374	0.05721	0.00941	0.00569	0.00177	0.00468	0.20851	0.00492	0.00660
20	0.05359	0.00722	0.00864	0.14691	0.01319	0.03989	0.00693	0.01171	0.05036	0.05173	0.23773	0.06661	0.19405	0.00955	0.00556	0.00169	0.00390	0.08125	0.00437	0.00511
21	0.00844	0.00637	0.00754	0.00671	0.00897	0.00540	0.00515	0.01056	0.03285	0.05367	0.17622	0.13556	0.23517	0.00968	0.00533	0.00147	0.00308	0.04551	0.00442	0.23789
22	0.01082	0.16859	0.34290	0.01108	0.01673	0.01141	0.04767	0.01450	0.01044	0.01520	0.00859	0.01012	0.00676	0.00426	0.00414	0.00119	0.00575	0.00334	0.00243	0.30407
23	0.30573	0.00669	0.00689	0.00637	0.00821	0.00697	0.00495	0.01124	0.01214	0.02082	0.51652	0.02703	0.03245	0.00824	0.00490	0.00156	0.00288	0.00680	0.00465	0.00495
24	0.01475	0.09094	0.01345	0.00994	0.01310	0.01304	0.00824	0.37690	0.18673	0.02416	0.03637	0.01853	0.01311	0.00683	0.00491	0.00155	0.00468	0.07688	0.07855	0.00734
25	0.01064	0.01238	0.17395	0.01387	0.07242	0.00923	0.20640	0.01357	0.01070	0.08516	0.01651	0.13407	0.06914	0.09154	0.00798	0.00201	0.03954	0.00681	0.00326	0.02082
26	0.11443	0.23250	0.01607	0.00977	0.01340	0.15108	0.00827	0.16610	0.05256	0.17396	0.01125	0.01127	0.00831	0.00529	0.00421	0.00137	0.00554	0.00373	0.00382	0.00707
27	0.48352	0.01097	0.01033	0.00847	0.01192	0.01224	0.00698	0.26642	0.03067	0.10102	0.01012	0.01046	0.00730	0.00527	0.00394	0.00153	0.00443	0.00358	0.00405	0.00676
28	0.01189	0.01122	0.01607	0.01286	0.01610	0.01218	0.19769	0.02103	0.43797	0.01828	0.01523	0.01572	0.01167	0.00603	0.00630	0.00165	0.08871	0.00530	0.00394	0.09016

[dist]
# distance from previous block
# <min> <max>
0	1

[block]
# block no. 7 follows, 50 sequences, length 11
# corresponding to MSA columns:
# 450-460
name=unknown_H
#
# <colnr> <probs for GDERKNQSTAVLIFYWHMCP>
#	G	D	E	R	K	N	Q	S	T	A	V	L	I	F	Y	W	H	M	C	P
0	0.01495	0.01251	0.20904	0.00973	0.01388	0.00850	0.00959	0.05110	0.06978	0.34242	0.10398	0.02075	0.09763	0.00697	0.00513	0.00158	0.00467	0.00572	0.00477	0.00729
1	0.00831	0.00641	0.00876	0.18078	0.01398	0.00683	0.00708	0.01165	0.10552	0.04244	0.16534	0.34033	0.06143	0.01077	0.00575	0.00179	0.00376	0.00959	0.00438	0.00512
2	0.01411	0.01154	0.01368	0.01117	0.01461	0.05280	0.09244	0.09077	0.42460	0.10487	0.01647	0.01588	0.01216	0.00593	0.00497	0.00153	0.00484	0.00508	0.00455	0.09800
3	0.01284	0.08750	0.11103	0.01785	0.02295	0.01257	0.54236	0.01674	0.01175	0.09875	0.01070	0.01301	0.00783	0.00447	0.00542	0.00160	0.00757	0.00526	0.00283	0.00695
4	0.01273	0.18713	0.02301	0.21662	0.02375	0.01315	0.33001	0.01588	0.01125	0.10400	0.01020	0.01264	0.00763	0.00464	0.00498	0.00153	0.00682	0.00472	0.00278	0.00656
5	0.01028	0.00683	0.00842	0.00826	0.00975	0.00707	0.00634	0.05297	0.14220	0.10043	0.02149	0.20334	0.02167	0.14175	0.06630	0.00282	0.00479	0.17540	0.00449	0.00540
6	0.01539	0.00971	0.01184	0.00957	0.01254	0.01009	0.04013	0.25645	0.11459	0.20323	0.10115	0.01885	0.01549	0.05652	0.04631	0.00205	0.00493	0.00553	0.05848	0.00715
7	0.11240	0.01232	0.04108	0.01442	0.01836	0.02941	0.31445	0.10921	0.01294	0.18635	0.01157	0.01298	0.00829	0.00538	0.00625	0.00165	0.08740	0.00489	0.00362	0.00703
8	0.10665	0.00828	0.05119	0.01049	0.01272	0.00734	0.17176	0.01136	0.01030	0.06118	0.01994	0.43764	0.02161	0.01072	0.00574	0.00185	0.00456	0.03748	0.00396	0.00523
9	0.01165	0.01023	0.02725	0.03389	0.01488	0.04925	0.16036	0.01649	0.17789	0.09693	0.01989	0.11881	0.09968	0.00792	0.00614	0.00168	0.05711	0.02943	0.00399	0.05654
10	0.01101	0.01041	0.06881	0.06145	0.18170	0.01002	0.00991	0.03985	0.24462	0.03556	0.09569	0.02089	0.01613	0.04958	0.05668	0.00218	0.00533	0.05068	0.00386	0.02563

[dist]
# distance from previous block
# <min> <max>
17	84

# created by:
# /st0/software/busco_prod/Augustus/scripts/msa2prfl.pl ./align_prep/65247.fa
