[name]
unknown

[dist]
# distance from previous block
# <min> <max>
1	105

[block]
# block no. 0 follows, 52 sequences, length 73
# corresponding to MSA columns:
# 111-183
name=unknown_A
#
# <colnr> <probs for GDERKNQSTAVLIFYWHMCP>
#	G	D	E	R	K	N	Q	S	T	A	V	L	I	F	Y	W	H	M	C	P
0	0.05334	0.00910	0.01151	0.01245	0.16507	0.03541	0.00809	0.08716	0.08700	0.21897	0.07576	0.13841	0.06154	0.00762	0.00506	0.00157	0.00424	0.00653	0.00447	0.00670
1	0.04543	0.00597	0.00692	0.00660	0.00783	0.00591	0.00472	0.07925	0.02802	0.05376	0.20451	0.20848	0.11291	0.19631	0.00986	0.00235	0.00343	0.00874	0.00439	0.00461
2	0.00605	0.00446	0.00564	0.00636	0.00694	0.00414	0.00435	0.00704	0.00968	0.01274	0.07962	0.56101	0.16201	0.05939	0.04455	0.00230	0.00329	0.01208	0.00438	0.00397
3	0.00683	0.00585	0.02368	0.00656	0.00740	0.04190	0.00467	0.00795	0.01010	0.01310	0.13708	0.41152	0.15721	0.13292	0.00864	0.00221	0.00333	0.01076	0.00424	0.00406
4	0.00674	0.00487	0.00601	0.00644	0.00709	0.00464	0.00440	0.04068	0.01036	0.01382	0.14002	0.47719	0.10771	0.13614	0.00879	0.00226	0.00309	0.01126	0.00440	0.00408
5	0.01299	0.00930	0.01031	0.00883	0.01142	0.00997	0.00692	0.22254	0.26793	0.10070	0.09350	0.08162	0.08786	0.04614	0.00606	0.00173	0.00396	0.00655	0.00489	0.00677
6	0.00844	0.00541	0.00675	0.00696	0.00805	0.00513	0.00501	0.04340	0.03032	0.09617	0.05359	0.46927	0.12564	0.06795	0.00715	0.00203	0.00323	0.04623	0.00460	0.00467
7	0.03073	0.01024	0.04730	0.00885	0.01176	0.04911	0.00734	0.22666	0.06501	0.20420	0.06882	0.10084	0.03460	0.00717	0.00484	0.00150	0.00428	0.00586	0.10415	0.00674
8	0.00712	0.00535	0.00627	0.00612	0.00740	0.00508	0.00451	0.00915	0.05191	0.03889	0.21843	0.12987	0.34373	0.07939	0.04498	0.00219	0.02141	0.00925	0.00450	0.00445
9	0.15661	0.00781	0.00794	0.00690	0.00912	0.00838	0.00547	0.18288	0.05078	0.05537	0.07133	0.03652	0.01332	0.00610	0.00402	0.00135	0.00336	0.00477	0.36219	0.00576
10	0.42279	0.01081	0.00972	0.00817	0.01115	0.04603	0.00658	0.25758	0.04969	0.02323	0.02726	0.01179	0.00849	0.04471	0.00485	0.00162	0.00442	0.00376	0.04121	0.00617
11	0.01767	0.01034	0.01203	0.00947	0.01281	0.01067	0.00769	0.36946	0.06046	0.29896	0.08521	0.01683	0.01371	0.04468	0.00586	0.00164	0.00452	0.00512	0.00521	0.00764
12	0.00826	0.00565	0.00689	0.00715	0.00786	0.02547	0.00497	0.01001	0.10707	0.03899	0.04886	0.40098	0.02225	0.04638	0.01003	0.22847	0.00356	0.00918	0.00389	0.00409
13	0.03928	0.00850	0.01130	0.00868	0.01242	0.00754	0.00717	0.05621	0.01414	0.75309	0.01854	0.01610	0.01169	0.00596	0.00483	0.00150	0.00417	0.00480	0.00589	0.00818
14	0.00578	0.00491	0.00498	0.00497	0.00658	0.00411	0.00372	0.00706	0.01117	0.01340	0.08497	0.04614	0.76143	0.01216	0.00573	0.00163	0.00245	0.01016	0.00454	0.00411
15	0.00958	0.00884	0.01454	0.78045	0.03252	0.01097	0.01326	0.04830	0.01030	0.01323	0.00875	0.01286	0.00654	0.00489	0.00485	0.00161	0.00641	0.00431	0.00228	0.00552
16	0.00903	0.00452	0.00452	0.00452	0.00565	0.00452	0.00339	0.01129	0.01016	0.01807	0.01581	0.01807	0.01242	0.00565	0.00339	0.00113	0.00226	0.00452	0.85659	0.00452
17	0.00693	0.00517	0.00767	0.00767	0.00849	0.00599	0.00591	0.00858	0.00775	0.01116	0.01309	0.01965	0.01238	0.07468	0.77252	0.00764	0.01258	0.00528	0.00261	0.00426
18	0.01144	0.01307	0.02859	0.02042	0.02533	0.01225	0.78186	0.01552	0.01144	0.01552	0.00980	0.01307	0.00735	0.00408	0.00572	0.00163	0.00817	0.00572	0.00245	0.00654
19	0.00903	0.00452	0.00452	0.00452	0.00565	0.00452	0.00339	0.01129	0.01016	0.01807	0.01581	0.01807	0.01242	0.00565	0.00339	0.00113	0.00226	0.00452	0.85659	0.00452
20	0.01842	0.01357	0.01454	0.01115	0.01503	0.01503	0.00921	0.78330	0.02278	0.03054	0.01163	0.01163	0.00824	0.00582	0.00485	0.00145	0.00533	0.00436	0.00485	0.00824
21	0.01815	0.01344	0.01439	0.01109	0.01492	0.01490	0.00914	0.75061	0.05593	0.03010	0.01198	0.01191	0.00852	0.00585	0.00485	0.00146	0.00527	0.00441	0.00485	0.00822
22	0.01220	0.42276	0.02699	0.01436	0.01888	0.01571	0.39515	0.01502	0.01064	0.01346	0.00827	0.01042	0.00679	0.00412	0.00441	0.00134	0.00668	0.00416	0.00226	0.00638
23	0.01175	0.01174	0.01977	0.01514	0.01896	0.01215	0.39469	0.02064	0.40115	0.01790	0.01476	0.01558	0.01107	0.00533	0.00532	0.00164	0.00600	0.00560	0.00369	0.00710
24	0.01288	0.81426	0.04310	0.00842	0.01263	0.01899	0.00851	0.01453	0.00986	0.01149	0.00678	0.00783	0.00622	0.00416	0.00314	0.00105	0.00523	0.00261	0.00207	0.00624
25	0.00959	0.00854	0.01211	0.35486	0.04502	0.00838	0.00928	0.01223	0.01008	0.01449	0.04265	0.01247	0.00855	0.00442	0.00426	0.00116	0.00483	0.00378	0.00266	0.43065
26	0.01145	0.01088	0.01838	0.02757	0.72643	0.01083	0.01390	0.01419	0.01102	0.01570	0.02986	0.04921	0.02868	0.00512	0.00490	0.00147	0.00546	0.00498	0.00261	0.00735
27	0.86392	0.00937	0.00712	0.00637	0.00937	0.01087	0.00525	0.01425	0.00825	0.02174	0.00675	0.00787	0.00525	0.00450	0.00300	0.00150	0.00375	0.00262	0.00300	0.00525
28	0.00896	0.00746	0.00978	0.00860	0.00987	0.00850	0.02529	0.09545	0.01157	0.01604	0.22820	0.02578	0.15117	0.04283	0.13481	0.00277	0.19734	0.00676	0.00380	0.00502
29	0.01296	0.83261	0.02539	0.00829	0.01244	0.01917	0.00829	0.01451	0.00985	0.01140	0.00674	0.00777	0.00622	0.00415	0.00311	0.00104	0.00518	0.00259	0.00207	0.00622
30	0.01799	0.01743	0.01445	0.01257	0.05156	0.34532	0.00954	0.43003	0.01848	0.02209	0.00980	0.01045	0.00738	0.00541	0.00465	0.00137	0.00677	0.00384	0.00376	0.00712
31	0.00903	0.00452	0.00452	0.00452	0.00565	0.00452	0.00339	0.01129	0.01016	0.01807	0.01581	0.01807	0.01242	0.00565	0.00339	0.00113	0.00226	0.00452	0.85659	0.00452
32	0.86392	0.00937	0.00712	0.00637	0.00937	0.01087	0.00525	0.01425	0.00825	0.02174	0.00675	0.00787	0.00525	0.00450	0.00300	0.00150	0.00375	0.00262	0.00300	0.00525
33	0.02174	0.00825	0.01125	0.00862	0.01237	0.00712	0.00712	0.02362	0.01387	0.80282	0.01912	0.01649	0.01200	0.00600	0.00487	0.00150	0.00412	0.00487	0.00600	0.00825
34	0.00692	0.00519	0.00779	0.00779	0.00865	0.00606	0.00606	0.00865	0.00779	0.01125	0.01298	0.01904	0.01211	0.03634	0.81049	0.00779	0.01298	0.00519	0.00260	0.00433
35	0.01188	0.01088	0.01824	0.02700	0.70157	0.01086	0.01374	0.01485	0.02768	0.04017	0.03029	0.05082	0.01005	0.00506	0.00489	0.00147	0.00544	0.00491	0.00274	0.00744
36	0.01386	0.00865	0.01261	0.24268	0.09922	0.00837	0.00931	0.01617	0.01121	0.27825	0.01218	0.01338	0.00868	0.00524	0.00498	0.02783	0.00483	0.00414	0.00364	0.21476
37	0.00705	0.00470	0.00529	0.00529	0.00529	0.00470	0.00294	0.00705	0.00705	0.00940	0.01527	0.03171	0.01762	0.82969	0.02467	0.00470	0.00470	0.00705	0.00294	0.00294
38	0.01810	0.02310	0.01373	0.01248	0.01498	0.81024	0.00936	0.01935	0.01373	0.01186	0.00749	0.00874	0.00624	0.00499	0.00437	0.00125	0.00874	0.00312	0.00250	0.00562
39	0.01063	0.00981	0.01593	0.37084	0.33689	0.01093	0.01300	0.04673	0.02984	0.01523	0.06601	0.01424	0.01005	0.00516	0.00514	0.00154	0.02427	0.00466	0.00266	0.00642
40	0.01291	0.01084	0.01144	0.01004	0.01293	0.01246	0.00788	0.12809	0.68697	0.02166	0.01863	0.01721	0.01391	0.00647	0.00492	0.00162	0.00404	0.00533	0.00492	0.00775
41	0.01042	0.02014	0.48616	0.01653	0.02276	0.01166	0.33139	0.01542	0.01073	0.01542	0.00915	0.01140	0.00664	0.00439	0.00506	0.00158	0.00758	0.00446	0.00221	0.00691
42	0.01380	0.01593	0.01437	0.01262	0.01368	0.35371	0.01007	0.01494	0.01011	0.01175	0.00684	0.00981	0.00631	0.00700	0.01099	0.00175	0.47485	0.00376	0.00228	0.00544
43	0.00573	0.00491	0.00491	0.00491	0.00655	0.00409	0.00368	0.00695	0.01105	0.01309	0.04909	0.04664	0.79750	0.01227	0.00573	0.00164	0.00245	0.01023	0.00450	0.00409
44	0.01997	0.00911	0.01163	0.00886	0.01269	0.00827	0.00730	0.13998	0.01484	0.59831	0.01683	0.01505	0.01089	0.00571	0.00473	0.00141	0.00425	0.00458	0.00548	0.10012
45	0.00573	0.00491	0.00491	0.00491	0.00655	0.00409	0.00368	0.00695	0.01105	0.01309	0.04909	0.04664	0.79750	0.01227	0.00573	0.00164	0.00245	0.01023	0.00450	0.00409
46	0.00987	0.06381	0.76720	0.01355	0.02056	0.01163	0.01744	0.01531	0.01021	0.01516	0.00860	0.01011	0.00614	0.00458	0.00453	0.00151	0.00707	0.00353	0.00205	0.00712
47	0.00903	0.00452	0.00452	0.00452	0.00565	0.00452	0.00339	0.01129	0.01016	0.01807	0.01581	0.01807	0.01242	0.00565	0.00339	0.00113	0.00226	0.00452	0.85659	0.00452
48	0.01810	0.02310	0.01373	0.01248	0.01498	0.81024	0.00936	0.01935	0.01373	0.01186	0.00749	0.00874	0.00624	0.00499	0.00437	0.00125	0.00874	0.00312	0.00250	0.00562
49	0.01794	0.01334	0.01427	0.01105	0.01485	0.01480	0.00910	0.72642	0.08045	0.02977	0.01224	0.01212	0.00873	0.00587	0.00485	0.00147	0.00522	0.00445	0.00485	0.00820
50	0.01268	0.76480	0.09082	0.00876	0.01315	0.01851	0.00910	0.01458	0.00988	0.01173	0.00690	0.00798	0.00621	0.00418	0.00323	0.00108	0.00535	0.00267	0.00207	0.00630
51	0.00972	0.02507	0.80458	0.01381	0.02097	0.01125	0.01790	0.01535	0.01023	0.01535	0.00870	0.01023	0.00614	0.00460	0.00460	0.00153	0.00716	0.00358	0.00205	0.00716
52	0.01842	0.01357	0.01454	0.01115	0.01503	0.01503	0.00921	0.78330	0.02278	0.03054	0.01163	0.01163	0.00824	0.00582	0.00485	0.00145	0.00533	0.00436	0.00485	0.00824
53	0.01033	0.01018	0.01420	0.01222	0.01228	0.01409	0.01012	0.01143	0.00775	0.01204	0.04930	0.01241	0.00871	0.02486	0.01553	0.00214	0.76035	0.00454	0.00231	0.00521
54	0.00781	0.00558	0.00781	0.00892	0.01004	0.00558	0.00781	0.01004	0.01116	0.01450	0.02566	0.05466	0.02789	0.01339	0.00669	0.00223	0.00446	0.76685	0.00446	0.00446
55	0.01005	0.00861	0.01005	0.00718	0.01148	0.00646	0.00574	0.01220	0.01005	0.01579	0.00861	0.01005	0.00718	0.00359	0.00359	0.00072	0.00359	0.00287	0.00287	0.85932
56	0.86392	0.00937	0.00712	0.00637	0.00937	0.01087	0.00525	0.01425	0.00825	0.02174	0.00675	0.00787	0.00525	0.00450	0.00300	0.00150	0.00375	0.00262	0.00300	0.00525
57	0.01812	0.01342	0.01437	0.01109	0.01491	0.01489	0.00914	0.74696	0.05963	0.03005	0.01202	0.01194	0.00856	0.00585	0.00485	0.00146	0.00526	0.00442	0.00485	0.00821
58	0.00705	0.00470	0.00529	0.00529	0.00529	0.00470	0.00294	0.00705	0.00705	0.00940	0.01527	0.03171	0.01762	0.82969	0.02467	0.00470	0.00470	0.00705	0.00294	0.00294
59	0.00903	0.00452	0.00452	0.00452	0.00565	0.00452	0.00339	0.01129	0.01016	0.01807	0.01581	0.01807	0.01242	0.00565	0.00339	0.00113	0.00226	0.00452	0.85659	0.00452
60	0.00770	0.00553	0.00765	0.00866	0.00980	0.00548	0.00752	0.00990	0.01128	0.01469	0.06339	0.05353	0.05279	0.01319	0.00662	0.00218	0.00430	0.70684	0.00451	0.00446
61	0.01199	0.01151	0.01967	0.02974	0.79946	0.01151	0.01487	0.01487	0.01103	0.01583	0.00912	0.01199	0.00768	0.00432	0.00480	0.00144	0.00576	0.00432	0.00240	0.00768
62	0.00677	0.00495	0.00635	0.00600	0.00718	0.00453	0.00450	0.00897	0.01351	0.01893	0.73792	0.03702	0.10502	0.01009	0.00572	0.00153	0.00230	0.00888	0.00527	0.00453
63	0.00674	0.00495	0.00631	0.00597	0.00717	0.00452	0.00448	0.00891	0.01344	0.01877	0.71815	0.03730	0.12490	0.01016	0.00572	0.00154	0.00230	0.00892	0.00525	0.00452
64	0.01127	0.01257	0.02578	0.01885	0.02274	0.01279	0.62372	0.01473	0.01061	0.01473	0.00910	0.01257	0.00715	0.00499	0.00781	0.00173	0.17480	0.00542	0.00238	0.00628
65	0.01144	0.01307	0.02859	0.02042	0.02533	0.01225	0.78186	0.01552	0.01144	0.01552	0.00980	0.01307	0.00735	0.00408	0.00572	0.00163	0.00817	0.00572	0.00245	0.00654
66	0.58234	0.01077	0.00959	0.00796	0.01126	0.01226	0.00657	0.27037	0.01309	0.02467	0.00838	0.00913	0.00624	0.00494	0.00361	0.00148	0.00428	0.00320	0.00361	0.00624
67	0.01005	0.00861	0.01005	0.00718	0.01148	0.00646	0.00574	0.01220	0.01005	0.01579	0.00861	0.01005	0.00718	0.00359	0.00359	0.00072	0.00359	0.00287	0.00287	0.85932
68	0.00930	0.00877	0.01481	0.77569	0.07454	0.01081	0.01353	0.01252	0.00976	0.01257	0.00864	0.01287	0.00653	0.00482	0.00484	0.00161	0.00642	0.00431	0.00217	0.00551
69	0.86392	0.00937	0.00712	0.00637	0.00937	0.01087	0.00525	0.01425	0.00825	0.02174	0.00675	0.00787	0.00525	0.00450	0.00300	0.00150	0.00375	0.00262	0.00300	0.00525
70	0.00705	0.00470	0.00529	0.00529	0.00529	0.00470	0.00294	0.00705	0.00705	0.00940	0.01527	0.03171	0.01762	0.82969	0.02467	0.00470	0.00470	0.00705	0.00294	0.00294
71	0.00573	0.00491	0.00491	0.00491	0.00655	0.00409	0.00368	0.00695	0.01105	0.01309	0.04909	0.04664	0.79750	0.01227	0.00573	0.00164	0.00245	0.01023	0.00450	0.00409
72	0.00843	0.00422	0.00627	0.00627	0.00630	0.00422	0.00419	0.00643	0.00640	0.00864	0.00859	0.01481	0.00851	0.01658	0.01859	0.83950	0.00416	0.00422	0.02153	0.00216

[dist]
# distance from previous block
# <min> <max>
0	24

[block]
# block no. 1 follows, 52 sequences, length 48
# corresponding to MSA columns:
# 208-255
name=unknown_B
#
# <colnr> <probs for GDERKNQSTAVLIFYWHMCP>
#	G	D	E	R	K	N	Q	S	T	A	V	L	I	F	Y	W	H	M	C	P
0	0.01296	0.83261	0.02539	0.00829	0.01244	0.01917	0.00829	0.01451	0.00985	0.01140	0.00674	0.00777	0.00622	0.00415	0.00311	0.00104	0.00518	0.00259	0.00207	0.00622
1	0.86392	0.00937	0.00712	0.00637	0.00937	0.01087	0.00525	0.01425	0.00825	0.02174	0.00675	0.00787	0.00525	0.00450	0.00300	0.00150	0.00375	0.00262	0.00300	0.00525
2	0.00915	0.00861	0.01453	0.81804	0.03338	0.01077	0.01346	0.01238	0.00969	0.01238	0.00861	0.01292	0.00646	0.00484	0.00484	0.00161	0.00646	0.00431	0.00215	0.00538
3	0.00842	0.00421	0.00631	0.00631	0.00631	0.00421	0.00421	0.00631	0.00631	0.00842	0.00842	0.01473	0.00842	0.01684	0.01894	0.85901	0.00421	0.00421	0.00210	0.00210
4	0.00915	0.00861	0.01453	0.81804	0.03338	0.01077	0.01346	0.01238	0.00969	0.01238	0.00861	0.01292	0.00646	0.00484	0.00484	0.00161	0.00646	0.00431	0.00215	0.00538
5	0.01144	0.01307	0.02859	0.02042	0.02533	0.01225	0.78186	0.01552	0.01144	0.01552	0.00980	0.01307	0.00735	0.00408	0.00572	0.00163	0.00817	0.00572	0.00245	0.00654
6	0.00686	0.00495	0.00648	0.00610	0.00724	0.00457	0.00457	0.00914	0.01372	0.01943	0.79691	0.03620	0.04572	0.00991	0.00572	0.00152	0.00229	0.00876	0.00533	0.00457
7	0.00573	0.00491	0.00491	0.00491	0.00655	0.00409	0.00368	0.00695	0.01105	0.01309	0.04909	0.04664	0.79750	0.01227	0.00573	0.00164	0.00245	0.01023	0.00450	0.00409
8	0.00915	0.00861	0.01453	0.81804	0.03338	0.01077	0.01346	0.01238	0.00969	0.01238	0.00861	0.01292	0.00646	0.00484	0.00484	0.00161	0.00646	0.00431	0.00215	0.00538
9	0.00987	0.00981	0.01800	0.58338	0.09003	0.01115	0.18173	0.01326	0.01017	0.01333	0.00891	0.01288	0.00675	0.00464	0.00503	0.00161	0.00678	0.00462	0.00224	0.00581
10	0.00903	0.00452	0.00452	0.00452	0.00565	0.00452	0.00339	0.01129	0.01016	0.01807	0.01581	0.01807	0.01242	0.00565	0.00339	0.00113	0.00226	0.00452	0.85659	0.00452
11	0.08596	0.00833	0.01093	0.00845	0.01214	0.00741	0.00698	0.02290	0.01344	0.74326	0.01817	0.01584	0.01148	0.00588	0.00473	0.00150	0.00409	0.00470	0.00577	0.00802
12	0.01842	0.01357	0.01454	0.01115	0.01503	0.01503	0.00921	0.78330	0.02278	0.03054	0.01163	0.01163	0.00824	0.00582	0.00485	0.00145	0.00533	0.00436	0.00485	0.00824
13	0.00686	0.00495	0.00648	0.00610	0.00724	0.00457	0.00457	0.00914	0.01372	0.01943	0.79691	0.03620	0.04572	0.00991	0.00572	0.00152	0.00229	0.00876	0.00533	0.00457
14	0.01954	0.01179	0.01344	0.01030	0.01414	0.01238	0.00851	0.52852	0.01979	0.28955	0.01414	0.01326	0.00950	0.00588	0.00486	0.00147	0.00493	0.00453	0.00523	0.00824
15	0.01178	0.49451	0.29077	0.01181	0.07536	0.01589	0.01207	0.01482	0.01007	0.01309	0.00759	0.00893	0.00630	0.00432	0.00375	0.00124	0.00590	0.00306	0.00209	0.00665
16	0.01205	0.01041	0.01096	0.00986	0.01260	0.01205	0.00767	0.02575	0.79071	0.02027	0.01972	0.01808	0.01479	0.00657	0.00493	0.00164	0.00384	0.00548	0.00493	0.00767
17	0.79970	0.00929	0.00744	0.00654	0.00960	0.01059	0.00539	0.01496	0.00868	0.08130	0.00769	0.00853	0.00576	0.00461	0.00314	0.00150	0.00378	0.00280	0.00323	0.00548
18	0.00683	0.00495	0.00643	0.00606	0.00722	0.00456	0.00455	0.00908	0.01364	0.01925	0.77571	0.03649	0.06703	0.00997	0.00572	0.00153	0.00229	0.00881	0.00531	0.00456
19	0.01174	0.01009	0.01069	0.00964	0.01228	0.01161	0.00749	0.02476	0.74456	0.02022	0.06589	0.01916	0.01663	0.00677	0.00498	0.00164	0.00374	0.00567	0.00495	0.00749
20	0.86392	0.00937	0.00712	0.00637	0.00937	0.01087	0.00525	0.01425	0.00825	0.02174	0.00675	0.00787	0.00525	0.00450	0.00300	0.00150	0.00375	0.00262	0.00300	0.00525
21	0.00782	0.00517	0.00679	0.00626	0.00757	0.00474	0.00474	0.01008	0.01373	0.07029	0.74641	0.03492	0.04353	0.00965	0.00566	0.00152	0.00241	0.00851	0.00538	0.00481
22	0.00903	0.00452	0.00452	0.00452	0.00565	0.00452	0.00339	0.01129	0.01016	0.01807	0.01581	0.01807	0.01242	0.00565	0.00339	0.00113	0.00226	0.00452	0.85659	0.00452
23	0.01813	0.02237	0.01379	0.01238	0.01498	0.74960	0.00935	0.07761	0.01442	0.01328	0.00781	0.00896	0.00639	0.00506	0.00441	0.00126	0.00848	0.00322	0.00268	0.00582
24	0.00842	0.00421	0.00631	0.00631	0.00631	0.00421	0.00421	0.00631	0.00631	0.00842	0.00842	0.01473	0.00842	0.01684	0.01894	0.85901	0.00421	0.00421	0.00210	0.00210
25	0.86392	0.00937	0.00712	0.00637	0.00937	0.01087	0.00525	0.01425	0.00825	0.02174	0.00675	0.00787	0.00525	0.00450	0.00300	0.00150	0.00375	0.00262	0.00300	0.00525
26	0.00686	0.00495	0.00648	0.00610	0.00724	0.00457	0.00457	0.00914	0.01372	0.01943	0.79691	0.03620	0.04572	0.00991	0.00572	0.00152	0.00229	0.00876	0.00533	0.00457
27	0.00729	0.00553	0.00820	0.05107	0.00998	0.00645	0.00640	0.02535	0.00818	0.01165	0.01281	0.01905	0.01194	0.06500	0.71951	0.00720	0.01214	0.00520	0.00263	0.00441
28	0.00986	0.06083	0.77007	0.01357	0.02060	0.01161	0.01748	0.01531	0.01021	0.01517	0.00861	0.01012	0.00614	0.00458	0.00454	0.00151	0.00707	0.00354	0.00205	0.00712
29	0.01810	0.02310	0.01373	0.01248	0.01498	0.81024	0.00936	0.01935	0.01373	0.01186	0.00749	0.00874	0.00624	0.00499	0.00437	0.00125	0.00874	0.00312	0.00250	0.00562
30	0.86392	0.00937	0.00712	0.00637	0.00937	0.01087	0.00525	0.01425	0.00825	0.02174	0.00675	0.00787	0.00525	0.00450	0.00300	0.00150	0.00375	0.00262	0.00300	0.00525
31	0.00718	0.04919	0.00749	0.00621	0.00752	0.00535	0.00477	0.00943	0.01351	0.01900	0.75468	0.03468	0.04361	0.00960	0.00558	0.00150	0.00244	0.00843	0.00516	0.00466
32	0.00693	0.00517	0.00765	0.00765	0.00847	0.00598	0.00589	0.00857	0.00775	0.01115	0.01310	0.01972	0.01241	0.07875	0.76849	0.00762	0.01254	0.00529	0.00261	0.00425
33	0.00834	0.00423	0.00626	0.00626	0.00626	0.00423	0.00414	0.00635	0.00635	0.00847	0.00878	0.01564	0.00891	0.06028	0.01925	0.81335	0.00423	0.00436	0.00215	0.00215
34	0.00972	0.02507	0.80458	0.01381	0.02097	0.01125	0.01790	0.01535	0.01023	0.01535	0.00870	0.01023	0.00614	0.00460	0.00460	0.00153	0.00716	0.00358	0.00205	0.00716
35	0.00972	0.02507	0.80458	0.01381	0.02097	0.01125	0.01790	0.01535	0.01023	0.01535	0.00870	0.01023	0.00614	0.00460	0.00460	0.00153	0.00716	0.00358	0.00205	0.00716
36	0.00903	0.00452	0.00452	0.00452	0.00565	0.00452	0.00339	0.01129	0.01016	0.01807	0.01581	0.01807	0.01242	0.00565	0.00339	0.00113	0.00226	0.00452	0.85659	0.00452
37	0.00692	0.00519	0.00779	0.00779	0.00865	0.00606	0.00606	0.00865	0.00779	0.01125	0.01298	0.01904	0.01211	0.03634	0.81049	0.00779	0.01298	0.00519	0.00260	0.00433
38	0.00903	0.00452	0.00452	0.00452	0.00565	0.00452	0.00339	0.01129	0.01016	0.01807	0.01581	0.01807	0.01242	0.00565	0.00339	0.00113	0.00226	0.00452	0.85659	0.00452
39	0.08109	0.01020	0.01149	0.00912	0.01231	0.01069	0.00744	0.38852	0.01774	0.19692	0.18476	0.01779	0.01704	0.00665	0.00490	0.00148	0.00428	0.00531	0.00507	0.00721
40	0.07324	0.06548	0.29438	0.01177	0.01659	0.11354	0.01198	0.31828	0.01546	0.02111	0.00946	0.01029	0.00692	0.00510	0.00447	0.00144	0.00629	0.00371	0.00327	0.00721
41	0.01335	0.77088	0.02450	0.00861	0.01263	0.07950	0.00837	0.01488	0.01014	0.01144	0.00679	0.00785	0.00622	0.00421	0.00321	0.00105	0.00545	0.00263	0.00211	0.00617
42	0.11336	0.01505	0.18639	0.01138	0.03387	0.01288	0.01059	0.43624	0.01724	0.10007	0.01109	0.01137	0.00779	0.00538	0.00458	0.00148	0.00545	0.00404	0.00408	0.00765
43	0.00903	0.00452	0.00452	0.00452	0.00565	0.00452	0.00339	0.01129	0.01016	0.01807	0.01581	0.01807	0.01242	0.00565	0.00339	0.00113	0.00226	0.00452	0.85659	0.00452
44	0.01810	0.02310	0.01373	0.01248	0.01498	0.81024	0.00936	0.01935	0.01373	0.01186	0.00749	0.00874	0.00624	0.00499	0.00437	0.00125	0.00874	0.00312	0.00250	0.00562
45	0.48007	0.03972	0.01056	0.02729	0.01195	0.02715	0.00699	0.20530	0.02750	0.07812	0.00913	0.00985	0.00677	0.00513	0.00419	0.00150	0.03550	0.00338	0.00361	0.00629
46	0.03986	0.01076	0.01269	0.00975	0.01354	0.01090	0.00805	0.37782	0.01790	0.42428	0.01534	0.01403	0.01009	0.00588	0.00482	0.00148	0.00468	0.00458	0.00539	0.00817
47	0.02890	0.01221	0.05932	0.06546	0.01513	0.04274	0.00868	0.30349	0.09669	0.05145	0.01124	0.01185	0.00837	0.00505	0.00442	0.00127	0.00490	0.00393	0.00384	0.26107

[dist]
# distance from previous block
# <min> <max>
7	8

[block]
# block no. 2 follows, 52 sequences, length 10
# corresponding to MSA columns:
# 264-273
name=unknown_C
#
# <colnr> <probs for GDERKNQSTAVLIFYWHMCP>
#	G	D	E	R	K	N	Q	S	T	A	V	L	I	F	Y	W	H	M	C	P
0	0.01112	0.00596	0.00771	0.00717	0.00857	0.00567	0.00528	0.05182	0.02602	0.19764	0.08326	0.20950	0.05668	0.09883	0.01019	0.16844	0.00374	0.03324	0.00431	0.00486
1	0.04543	0.00806	0.01203	0.06250	0.01364	0.00786	0.12228	0.01465	0.04646	0.21456	0.08193	0.08264	0.13012	0.03116	0.00631	0.00169	0.04497	0.02340	0.00421	0.04612
2	0.00992	0.00605	0.00753	0.00737	0.00874	0.00581	0.00539	0.09854	0.01174	0.13847	0.04538	0.47177	0.08554	0.04919	0.00663	0.00193	0.00339	0.02683	0.00472	0.00510
3	0.03913	0.00588	0.00702	0.00662	0.00815	0.00576	0.00493	0.01282	0.07775	0.15363	0.10050	0.17995	0.07096	0.06992	0.03588	0.03375	0.00353	0.00741	0.17128	0.00512
4	0.00782	0.00517	0.00643	0.00661	0.00774	0.00470	0.00471	0.02917	0.01067	0.08162	0.08851	0.47760	0.17126	0.03499	0.00632	0.00185	0.00296	0.01113	0.00460	0.03614
5	0.19498	0.00689	0.00748	0.00691	0.00900	0.00686	0.00531	0.04436	0.03919	0.16854	0.05927	0.23153	0.18219	0.00956	0.00503	0.00165	0.00331	0.00799	0.00453	0.00542
6	0.05332	0.00565	0.00673	0.00647	0.00774	0.00541	0.00470	0.03482	0.01098	0.10158	0.19430	0.18397	0.12930	0.18748	0.00968	0.00233	0.00341	0.04310	0.00444	0.00459
7	0.02987	0.00494	0.00610	0.00646	0.00742	0.00469	0.00467	0.00904	0.01003	0.06690	0.06583	0.39346	0.12024	0.06072	0.04294	0.00221	0.00347	0.05882	0.09783	0.00437
8	0.04844	0.00699	0.00872	0.00804	0.00975	0.00695	0.04028	0.10735	0.05880	0.06644	0.02185	0.36880	0.07218	0.08125	0.00715	0.00198	0.00378	0.03177	0.00429	0.04519
9	0.00900	0.00581	0.00707	0.00682	0.00813	0.00566	0.00503	0.01151	0.08925	0.10819	0.14113	0.13198	0.14006	0.19422	0.04779	0.00267	0.00398	0.07253	0.00441	0.00479

[dist]
# distance from previous block
# <min> <max>
4	10

# created by:
# /st0/software/busco_prod/Augustus/scripts/msa2prfl.pl ./align_prep/65279.fa
