[name]
unknown

[dist]
# distance from previous block
# <min> <max>
0	1

[block]
# block no. 0 follows, 48 sequences, length 26
# corresponding to MSA columns:
# 1-26
name=unknown_A
#
# <colnr> <probs for GDERKNQSTAVLIFYWHMCP>
#	G	D	E	R	K	N	Q	S	T	A	V	L	I	F	Y	W	H	M	C	P
0	0.00801	0.00561	0.00742	0.00823	0.00904	0.00561	0.00664	0.00963	0.01044	0.01365	0.02369	0.05020	0.02610	0.26857	0.01310	0.00319	0.00480	0.51763	0.00421	0.00421
1	0.00651	0.00472	0.00581	0.00656	0.00705	0.00440	0.00436	0.00732	0.00970	0.01263	0.02974	0.51213	0.15611	0.17932	0.01047	0.00262	0.00336	0.02877	0.00443	0.00399
2	0.01198	0.00955	0.01110	0.00803	0.01252	0.00765	0.00646	0.07802	0.01198	0.05452	0.00992	0.01110	0.00794	0.00412	0.00398	0.00087	0.00398	0.00327	0.00337	0.73963
3	0.01095	0.17967	0.64573	0.01350	0.02047	0.01353	0.01700	0.01608	0.01075	0.01545	0.00881	0.01033	0.00652	0.00478	0.00457	0.00152	0.00718	0.00359	0.00217	0.00739
4	0.01251	0.01073	0.01142	0.00999	0.01310	0.01191	0.00781	0.04499	0.64475	0.02098	0.02006	0.01874	0.03504	0.00672	0.00507	0.00162	0.00403	0.00557	0.00494	0.11004
5	0.01439	0.00681	0.00912	0.00805	0.01034	0.00621	0.00623	0.01640	0.02973	0.37509	0.12856	0.22226	0.05694	0.01229	0.07051	0.00227	0.00443	0.00838	0.00547	0.00651
6	0.00966	0.00798	0.00885	0.00838	0.01021	0.02399	0.00631	0.01697	0.34260	0.01933	0.29053	0.15963	0.05484	0.00988	0.00575	0.00174	0.00336	0.00860	0.00523	0.00615
7	0.00760	0.00523	0.00605	0.00596	0.00599	0.00542	0.00350	0.00769	0.00750	0.01009	0.01575	0.03239	0.01806	0.76923	0.04522	0.00495	0.03578	0.00730	0.00307	0.00324
8	0.07540	0.00867	0.00988	0.00805	0.01096	0.00869	0.00647	0.18353	0.01483	0.29729	0.01633	0.01683	0.01170	0.03697	0.00531	0.00158	0.00402	0.00484	0.27160	0.00705
9	0.00634	0.00501	0.00542	0.00566	0.00681	0.00441	0.00394	0.00734	0.01061	0.01305	0.04122	0.20160	0.50588	0.14818	0.00951	0.00234	0.00307	0.01103	0.00449	0.00409
10	0.03561	0.01048	0.01169	0.01004	0.01327	0.01143	0.00795	0.04681	0.53676	0.22610	0.02015	0.01825	0.01445	0.00673	0.00515	0.00169	0.00418	0.00553	0.00547	0.00824
11	0.00652	0.00481	0.00669	0.00760	0.00811	0.00450	0.02444	0.00760	0.01005	0.01334	0.02838	0.73013	0.05273	0.01558	0.00656	0.00208	0.00322	0.05868	0.00471	0.00428
12	0.00745	0.00498	0.00617	0.00668	0.00753	0.00452	0.00460	0.00846	0.01045	0.06410	0.05176	0.49882	0.19705	0.09235	0.00823	0.00224	0.00316	0.01231	0.00473	0.00442
13	0.00811	0.14191	0.00973	0.00651	0.00857	0.00762	0.00526	0.01056	0.05330	0.01629	0.29621	0.03708	0.35981	0.01037	0.00555	0.00159	0.00310	0.00868	0.00467	0.00509
14	0.00960	0.00780	0.00965	0.00916	0.01091	0.00906	0.00713	0.01672	0.32979	0.01590	0.01672	0.01973	0.01401	0.02532	0.46779	0.00553	0.00970	0.00562	0.00378	0.00606
15	0.85592	0.00992	0.00754	0.00675	0.00992	0.01151	0.00556	0.01508	0.00873	0.02302	0.00714	0.00834	0.00556	0.00476	0.00318	0.00159	0.00397	0.00278	0.00318	0.00556
16	0.06886	0.00907	0.01175	0.00910	0.01295	0.00823	0.00750	0.07268	0.01497	0.67695	0.04066	0.01721	0.01305	0.00637	0.00507	0.00159	0.00437	0.00511	0.00607	0.00844
17	0.00629	0.00521	0.00551	0.00543	0.00707	0.00443	0.00407	0.00779	0.01222	0.01511	0.18804	0.04733	0.64875	0.01253	0.00606	0.00171	0.00257	0.01054	0.00493	0.00443
18	0.00625	0.00447	0.00595	0.00714	0.00744	0.00417	0.00476	0.00714	0.00982	0.01310	0.02828	0.81633	0.03394	0.01608	0.00655	0.00208	0.00298	0.01459	0.00476	0.00417
19	0.00682	0.00471	0.00579	0.00642	0.00657	0.00455	0.00398	0.00729	0.00871	0.01162	0.02258	0.44765	0.02674	0.39457	0.01577	0.00345	0.00392	0.01123	0.00398	0.00367
20	0.00625	0.00447	0.00595	0.00714	0.00744	0.00417	0.00476	0.00714	0.00982	0.01310	0.02828	0.81633	0.03394	0.01608	0.00655	0.00208	0.00298	0.01459	0.00476	0.00417
21	0.00625	0.00447	0.00595	0.00714	0.00744	0.00417	0.00476	0.00714	0.00982	0.01310	0.02828	0.81633	0.03394	0.01608	0.00655	0.00208	0.00298	0.01459	0.00476	0.00417
22	0.00606	0.00520	0.00520	0.00520	0.00693	0.00433	0.00390	0.00736	0.01170	0.01386	0.05198	0.04938	0.78558	0.01299	0.00606	0.00173	0.00260	0.01083	0.00476	0.00433
23	0.00733	0.00550	0.00825	0.00825	0.00916	0.00641	0.00641	0.00916	0.00825	0.01191	0.01374	0.02016	0.01283	0.03848	0.79934	0.00825	0.01374	0.00550	0.00275	0.00458
24	0.00737	0.00535	0.00752	0.00752	0.00818	0.00602	0.00551	0.00870	0.00803	0.01137	0.01441	0.02384	0.01443	0.25286	0.58715	0.00735	0.01134	0.00604	0.00285	0.00418
25	0.00710	0.00514	0.00671	0.00660	0.00769	0.00475	0.00489	0.00926	0.01368	0.01914	0.63237	0.15447	0.06730	0.01148	0.00615	0.00171	0.00257	0.02880	0.00547	0.00472

[dist]
# distance from previous block
# <min> <max>
0	13

[block]
# block no. 1 follows, 48 sequences, length 130
# corresponding to MSA columns:
# 40-169
name=unknown_B
#
# <colnr> <probs for GDERKNQSTAVLIFYWHMCP>
#	G	D	E	R	K	N	Q	S	T	A	V	L	I	F	Y	W	H	M	C	P
0	0.00620	0.00467	0.00574	0.00659	0.00730	0.00421	0.00452	0.00721	0.01035	0.01331	0.03499	0.59918	0.24675	0.01520	0.00641	0.00198	0.00287	0.01352	0.00476	0.00421
1	0.01053	0.00961	0.00926	0.00859	0.01096	0.06538	0.00658	0.01876	0.41530	0.01774	0.03168	0.05632	0.29974	0.00937	0.00553	0.00172	0.00385	0.00777	0.00485	0.00644
2	0.00624	0.00449	0.00592	0.00707	0.00742	0.00417	0.00473	0.00715	0.00990	0.01313	0.02924	0.78538	0.06426	0.01595	0.00653	0.00207	0.00296	0.01444	0.00476	0.00417
3	0.02145	0.01125	0.01346	0.01032	0.01435	0.01127	0.00853	0.35721	0.01889	0.45307	0.01671	0.01517	0.01093	0.00627	0.00515	0.00157	0.00494	0.00492	0.00581	0.00873
4	0.01372	0.82276	0.02689	0.00878	0.01317	0.02030	0.00878	0.01536	0.01043	0.01207	0.00713	0.00823	0.00658	0.00439	0.00329	0.00110	0.00549	0.00274	0.00219	0.00658
5	0.00625	0.00447	0.00595	0.00714	0.00744	0.00417	0.00476	0.00714	0.00982	0.01310	0.02828	0.81633	0.03394	0.01608	0.00655	0.00208	0.00298	0.01459	0.00476	0.00417
6	0.01029	0.02654	0.79309	0.01462	0.02221	0.01192	0.01896	0.01625	0.01083	0.01625	0.00921	0.01083	0.00650	0.00487	0.00487	0.00162	0.00758	0.00379	0.00217	0.00758
7	0.01086	0.00603	0.00617	0.00570	0.00727	0.00623	0.00439	0.11083	0.01250	0.02085	0.01616	0.01824	0.01257	0.00600	0.00379	0.00124	0.00282	0.00476	0.73828	0.00530
8	0.01372	0.82276	0.02689	0.00878	0.01317	0.02030	0.00878	0.01536	0.01043	0.01207	0.00713	0.00823	0.00658	0.00439	0.00329	0.00110	0.00549	0.00274	0.00219	0.00658
9	0.00733	0.00550	0.00825	0.00825	0.00916	0.00641	0.00641	0.00916	0.00825	0.01191	0.01374	0.02016	0.01283	0.03848	0.79934	0.00825	0.01374	0.00550	0.00275	0.00458
10	0.00620	0.00466	0.00575	0.00663	0.00731	0.00421	0.00454	0.00720	0.01032	0.01330	0.03452	0.61433	0.23191	0.01526	0.00642	0.00199	0.00288	0.01360	0.00476	0.00421
11	0.01917	0.02445	0.01454	0.01322	0.01586	0.79907	0.00991	0.02049	0.01454	0.01256	0.00793	0.00925	0.00661	0.00529	0.00463	0.00132	0.00925	0.00330	0.00264	0.00595
12	0.02302	0.00873	0.01191	0.00913	0.01310	0.00754	0.00754	0.02501	0.01469	0.79122	0.02024	0.01746	0.01270	0.00635	0.00516	0.00159	0.00437	0.00516	0.00635	0.00873
13	0.01211	0.01384	0.03028	0.02163	0.02682	0.01298	0.76903	0.01644	0.01211	0.01644	0.01038	0.01384	0.00779	0.00433	0.00606	0.00173	0.00865	0.00606	0.00260	0.00692
14	0.01082	0.02283	0.57021	0.01667	0.02355	0.01223	0.23811	0.01630	0.01121	0.01630	0.00955	0.01171	0.00688	0.00471	0.00522	0.00166	0.00790	0.00445	0.00229	0.00739
15	0.00956	0.00478	0.00478	0.00478	0.00598	0.00478	0.00359	0.01196	0.01076	0.01913	0.01674	0.01913	0.01315	0.00598	0.00359	0.00120	0.00239	0.00478	0.84816	0.00478
16	0.00956	0.00478	0.00478	0.00478	0.00598	0.00478	0.00359	0.01196	0.01076	0.01913	0.01674	0.01913	0.01315	0.00598	0.00359	0.00120	0.00239	0.00478	0.84816	0.00478
17	0.04005	0.01215	0.01484	0.23679	0.02093	0.01368	0.01072	0.44866	0.01857	0.10171	0.01197	0.01309	0.00847	0.00589	0.00527	0.00161	0.01894	0.00460	0.00434	0.00773
18	0.01089	0.01046	0.01721	0.52977	0.28890	0.02723	0.01467	0.01415	0.01082	0.01433	0.00928	0.01326	0.00727	0.00494	0.00510	0.00164	0.00664	0.00454	0.00237	0.00652
19	0.00625	0.00447	0.00595	0.00714	0.00744	0.00417	0.00476	0.00714	0.00982	0.01310	0.02828	0.81633	0.03394	0.01608	0.00655	0.00208	0.00298	0.01459	0.00476	0.00417
20	0.01917	0.02445	0.01454	0.01322	0.01586	0.79907	0.00991	0.02049	0.01454	0.01256	0.00793	0.00925	0.00661	0.00529	0.00463	0.00132	0.00925	0.00330	0.00264	0.00595
21	0.00731	0.00500	0.00555	0.00555	0.00574	0.00491	0.00319	0.00745	0.00791	0.01036	0.01997	0.03526	0.10015	0.73396	0.02399	0.00463	0.00472	0.00782	0.00328	0.00324
22	0.00891	0.00446	0.00668	0.00668	0.00668	0.00446	0.00446	0.00668	0.00668	0.00891	0.00891	0.01560	0.00891	0.01783	0.02005	0.85071	0.00446	0.00446	0.00223	0.00223
23	0.01155	0.00852	0.00989	0.00841	0.01065	0.00886	0.00661	0.26068	0.05430	0.02449	0.49431	0.02886	0.03380	0.00890	0.00571	0.00160	0.00356	0.00758	0.00546	0.00628
24	0.00618	0.00520	0.00536	0.00532	0.00700	0.00438	0.00399	0.00759	0.01197	0.01452	0.12422	0.04829	0.71293	0.01275	0.00606	0.00172	0.00258	0.01068	0.00485	0.00438
25	0.01064	0.00912	0.01064	0.00760	0.01216	0.00684	0.00608	0.01292	0.01064	0.01672	0.00912	0.01064	0.00760	0.00380	0.00380	0.00076	0.00380	0.00304	0.00304	0.85104
26	0.01270	0.01219	0.02083	0.03149	0.78767	0.01219	0.01575	0.01575	0.01168	0.01676	0.00965	0.01270	0.00813	0.00457	0.00508	0.00152	0.00610	0.00457	0.00254	0.00813
27	0.00692	0.00488	0.00565	0.00595	0.00634	0.00466	0.00371	0.00741	0.00893	0.01165	0.04276	0.23993	0.14790	0.46098	0.01731	0.00362	0.00401	0.00990	0.00387	0.00362
28	0.48399	0.01014	0.00988	0.00817	0.01168	0.01092	0.00672	0.10668	0.04147	0.24746	0.01208	0.01187	0.00839	0.00547	0.00406	0.00159	0.00428	0.00380	0.00441	0.00695
29	0.06978	0.01056	0.01214	0.00955	0.01311	0.01079	0.00782	0.33026	0.01795	0.30770	0.07963	0.01785	0.04528	0.00677	0.00508	0.00156	0.00457	0.00535	0.03635	0.00789
30	0.01129	0.01141	0.01674	0.01404	0.01441	0.01552	0.06437	0.01264	0.00816	0.01264	0.00699	0.01141	0.00681	0.00865	0.01608	0.00221	0.75406	0.00460	0.00227	0.00570
31	0.16468	0.00769	0.00922	0.00779	0.01058	0.00729	0.00617	0.01812	0.01247	0.40824	0.08605	0.11787	0.01750	0.03849	0.00575	0.00175	0.00384	0.00634	0.06338	0.00678
32	0.00668	0.00485	0.00570	0.00613	0.00670	0.00452	0.00400	0.00743	0.00966	0.01254	0.06574	0.33375	0.20005	0.29342	0.01319	0.00298	0.00356	0.01101	0.00423	0.00387
33	0.00656	0.00484	0.00617	0.00702	0.00763	0.00455	0.00481	0.00811	0.03824	0.01411	0.09520	0.64952	0.10421	0.01498	0.00641	0.00200	0.00293	0.01346	0.00486	0.00438
34	0.01203	0.00675	0.00740	0.00678	0.00875	0.00690	0.00523	0.01691	0.17896	0.13554	0.02001	0.04898	0.04555	0.00690	0.00439	0.00143	0.00308	0.00566	0.47270	0.00607
35	0.07631	0.00568	0.00650	0.00639	0.00756	0.00544	0.00451	0.00979	0.01071	0.07176	0.16817	0.16202	0.16962	0.24030	0.01155	0.00268	0.00360	0.02848	0.00445	0.00449
36	0.00643	0.00463	0.00611	0.00708	0.00757	0.00431	0.00487	0.00757	0.01049	0.01405	0.11428	0.67387	0.06195	0.01527	0.00650	0.00203	0.00296	0.04089	0.00486	0.00427
37	0.00632	0.00451	0.00603	0.00722	0.00755	0.00423	0.00488	0.00726	0.00989	0.01317	0.02824	0.79090	0.03379	0.01601	0.00657	0.00209	0.00304	0.03934	0.00476	0.00419
38	0.00628	0.00451	0.00597	0.00708	0.00744	0.00419	0.00475	0.00723	0.01002	0.01336	0.05414	0.77418	0.05017	0.01582	0.00652	0.00206	0.00295	0.01433	0.00479	0.00419
39	0.00660	0.00499	0.00588	0.00632	0.00733	0.00451	0.00454	0.00789	0.01105	0.01426	0.11883	0.30229	0.32481	0.07546	0.00778	0.00212	0.00304	0.06589	0.02214	0.00428
40	0.29807	0.12066	0.01328	0.00961	0.01216	0.06794	0.00801	0.06707	0.10747	0.01877	0.00968	0.01119	0.00790	0.00609	0.00663	0.00164	0.17734	0.00378	0.04648	0.00623
41	0.85592	0.00992	0.00754	0.00675	0.00992	0.01151	0.00556	0.01508	0.00873	0.02302	0.00714	0.00834	0.00556	0.00476	0.00318	0.00159	0.00397	0.00278	0.00318	0.00556
42	0.01335	0.01403	0.01546	0.01331	0.01411	0.16914	0.01087	0.06616	0.01029	0.01377	0.00735	0.01091	0.00685	0.00806	0.01364	0.00202	0.59800	0.00427	0.00252	0.00589
43	0.00884	0.00451	0.00676	0.00676	0.00680	0.00455	0.00455	0.00680	0.00676	0.00906	0.00914	0.01582	0.00910	0.01882	0.05741	0.81033	0.00490	0.00451	0.00225	0.00234
44	0.00674	0.00506	0.00584	0.00590	0.00706	0.00452	0.00424	0.00782	0.01126	0.01439	0.19129	0.12407	0.40467	0.08754	0.00918	0.07497	0.00302	0.02373	0.00457	0.00413
45	0.00728	0.00520	0.00714	0.00832	0.00907	0.00506	0.00655	0.00893	0.01084	0.01425	0.02771	0.42890	0.03169	0.01510	0.00682	0.00223	0.00387	0.39184	0.00474	0.00445
46	0.00768	0.00486	0.00559	0.00588	0.00624	0.00479	0.00373	0.00846	0.00881	0.01276	0.01921	0.19596	0.02105	0.44929	0.01654	0.00347	0.00399	0.03338	0.18457	0.00374
47	0.00667	0.00485	0.00614	0.00703	0.00757	0.00456	0.00476	0.02984	0.01035	0.01363	0.02980	0.68445	0.11004	0.04525	0.00718	0.00214	0.00309	0.01364	0.00471	0.00428
48	0.00906	0.00542	0.00709	0.00710	0.00827	0.00497	0.00515	0.01058	0.01193	0.12404	0.25820	0.34998	0.06691	0.06985	0.00759	0.00207	0.00319	0.03850	0.00514	0.00496
49	0.01917	0.02445	0.01454	0.01322	0.01586	0.79907	0.00991	0.02049	0.01454	0.01256	0.00793	0.00925	0.00661	0.00529	0.00463	0.00132	0.00925	0.00330	0.00264	0.00595
50	0.00737	0.00510	0.00658	0.00721	0.00803	0.00477	0.00515	0.02527	0.01124	0.04087	0.13152	0.54593	0.10033	0.01437	0.00640	0.00198	0.00310	0.06526	0.00494	0.00457
51	0.01064	0.00912	0.01064	0.00760	0.01216	0.00684	0.00608	0.01292	0.01064	0.01672	0.00912	0.01064	0.00760	0.00380	0.00380	0.00076	0.00380	0.00304	0.00304	0.85104
52	0.00811	0.00574	0.00780	0.00875	0.00974	0.00573	0.00734	0.01009	0.01118	0.01461	0.04513	0.05342	0.02826	0.14494	0.01015	0.00277	0.00471	0.61260	0.00449	0.00447
53	0.00925	0.00561	0.00709	0.00653	0.00812	0.00509	0.00496	0.01140	0.01368	0.11752	0.50011	0.06977	0.13639	0.01019	0.00577	0.00161	0.00271	0.00884	0.07009	0.00524
54	0.30837	0.00755	0.00733	0.00682	0.00906	0.00790	0.00534	0.02811	0.05768	0.05039	0.15569	0.06317	0.21315	0.02635	0.00542	0.00176	0.00342	0.03276	0.00442	0.00533
55	0.00862	0.00464	0.00691	0.00691	0.00706	0.00479	0.00474	0.00711	0.00696	0.00943	0.00990	0.01683	0.00982	0.04334	0.14682	0.69048	0.00598	0.00471	0.00234	0.00263
56	0.00646	0.00480	0.00681	0.00766	0.00813	0.00448	0.03175	0.00747	0.00990	0.01322	0.02765	0.78799	0.03301	0.01566	0.00653	0.00207	0.00318	0.01429	0.00469	0.00426
57	0.20629	0.00643	0.00671	0.00643	0.00783	0.00669	0.00466	0.02543	0.01041	0.01669	0.19309	0.07341	0.11619	0.22436	0.07199	0.00304	0.00445	0.00738	0.00401	0.00451
58	0.00736	0.00548	0.00821	0.00821	0.00911	0.00637	0.00637	0.00911	0.00821	0.01185	0.01364	0.02006	0.01275	0.03805	0.78310	0.02580	0.01355	0.00548	0.00274	0.00453
59	0.01059	0.09602	0.72623	0.01411	0.02142	0.01265	0.01807	0.01617	0.01080	0.01589	0.00903	0.01061	0.00651	0.00483	0.00474	0.00158	0.00740	0.00370	0.00217	0.00750
60	0.00772	0.00664	0.01135	0.01021	0.01163	0.00634	0.16856	0.00939	0.01008	0.01352	0.02287	0.48470	0.04488	0.07690	0.07603	0.00275	0.00529	0.02242	0.00400	0.00472
61	0.00955	0.00878	0.01343	0.03820	0.01343	0.02185	0.09635	0.01132	0.00935	0.01332	0.06746	0.01955	0.03881	0.01790	0.24620	0.04455	0.28621	0.03571	0.00287	0.00517
62	0.01151	0.01055	0.01630	0.42169	0.24167	0.01206	0.01345	0.05304	0.13612	0.01643	0.01134	0.01423	0.00873	0.00532	0.00513	0.00165	0.00612	0.00477	0.00297	0.00692
63	0.00995	0.01001	0.01984	0.01487	0.01828	0.00935	0.42852	0.01343	0.01319	0.01828	0.35552	0.02475	0.02589	0.00707	0.00605	0.00168	0.00587	0.00749	0.00396	0.00599
64	0.01036	0.00912	0.01206	0.24720	0.01910	0.00821	0.00853	0.01298	0.01053	0.01564	0.00912	0.01155	0.00737	0.00420	0.00420	0.00104	0.00471	0.00350	0.00281	0.59778
65	0.01283	0.00964	0.01507	0.49601	0.11194	0.01084	0.01255	0.04269	0.03747	0.15035	0.01163	0.01425	0.00840	0.00533	0.00508	0.00163	0.00607	0.00465	0.00325	0.04034
66	0.38899	0.46057	0.01827	0.00787	0.01172	0.01639	0.00734	0.01524	0.00967	0.01695	0.00714	0.00828	0.00613	0.00456	0.00324	0.00132	0.00481	0.00276	0.00263	0.00613
67	0.01935	0.01886	0.01502	0.01244	0.01589	0.36488	0.00982	0.43634	0.01985	0.02352	0.01036	0.01095	0.00778	0.00577	0.00491	0.00144	0.00725	0.00403	0.00402	0.00749
68	0.00654	0.00486	0.00617	0.00710	0.00785	0.00449	0.00515	0.00776	0.01055	0.01363	0.03318	0.52879	0.19427	0.01511	0.00653	0.00205	0.00318	0.13376	0.00476	0.00429
69	0.85592	0.00992	0.00754	0.00675	0.00992	0.01151	0.00556	0.01508	0.00873	0.02302	0.00714	0.00834	0.00556	0.00476	0.00318	0.00159	0.00397	0.00278	0.00318	0.00556
70	0.00673	0.00522	0.00612	0.00590	0.00734	0.00462	0.00442	0.00865	0.01327	0.01759	0.45944	0.04324	0.37579	0.01160	0.00606	0.00167	0.00250	0.00997	0.00526	0.00462
71	0.00735	0.00543	0.00793	0.00793	0.00873	0.00624	0.00601	0.00896	0.00815	0.01167	0.01404	0.02178	0.01353	0.13316	0.70563	0.00785	0.01268	0.00574	0.00279	0.00440
72	0.01372	0.82276	0.02689	0.00878	0.01317	0.02030	0.00878	0.01536	0.01043	0.01207	0.00713	0.00823	0.00658	0.00439	0.00329	0.00110	0.00549	0.00274	0.00219	0.00658
73	0.01064	0.00912	0.01064	0.00760	0.01216	0.00684	0.00608	0.01292	0.01064	0.01672	0.00912	0.01064	0.00760	0.00380	0.00380	0.00076	0.00380	0.00304	0.00304	0.85104
74	0.01420	0.00680	0.00899	0.00756	0.01003	0.00601	0.00598	0.01635	0.01440	0.36349	0.39235	0.02981	0.08466	0.00882	0.00566	0.00161	0.00330	0.00755	0.00590	0.00654
75	0.01219	0.46798	0.36829	0.01138	0.01720	0.01657	0.01331	0.01576	0.01061	0.01393	0.00806	0.00939	0.00655	0.00461	0.00400	0.00133	0.00642	0.00321	0.00218	0.00703
76	0.00606	0.00520	0.00520	0.00520	0.00693	0.00433	0.00390	0.00736	0.01170	0.01386	0.05198	0.04938	0.78558	0.01299	0.00606	0.00173	0.00260	0.01083	0.00476	0.00433
77	0.01112	0.01107	0.01551	0.01333	0.01335	0.01546	0.01109	0.01226	0.00787	0.01234	0.00693	0.01147	0.00690	0.00980	0.03846	0.00241	0.78827	0.00452	0.00226	0.00558
78	0.01935	0.01886	0.01502	0.01244	0.01589	0.36488	0.00982	0.43634	0.01985	0.02352	0.01036	0.01095	0.00778	0.00577	0.00491	0.00144	0.00725	0.00403	0.00402	0.00749
79	0.00969	0.00912	0.01539	0.80734	0.03534	0.01140	0.01425	0.01311	0.01026	0.01311	0.00912	0.01368	0.00684	0.00513	0.00513	0.00171	0.00684	0.00456	0.00228	0.00570
80	0.85592	0.00992	0.00754	0.00675	0.00992	0.01151	0.00556	0.01508	0.00873	0.02302	0.00714	0.00834	0.00556	0.00476	0.00318	0.00159	0.00397	0.00278	0.00318	0.00556
81	0.00777	0.00640	0.01056	0.01015	0.01149	0.00609	0.12991	0.00964	0.01076	0.01428	0.02506	0.47122	0.02844	0.01363	0.00662	0.00211	0.00439	0.22230	0.00440	0.00477
82	0.00657	0.00485	0.00616	0.00670	0.00752	0.00444	0.00475	0.00800	0.01152	0.01541	0.24633	0.44894	0.16001	0.01394	0.00635	0.00190	0.00281	0.03440	0.00501	0.00440
83	0.01251	0.01199	0.02048	0.08130	0.73937	0.01214	0.01565	0.01558	0.01159	0.01653	0.00962	0.01276	0.00804	0.00461	0.00508	0.00154	0.00614	0.00457	0.00252	0.00797
84	0.00972	0.00843	0.01299	0.04373	0.33013	0.00833	0.00972	0.01279	0.03869	0.01850	0.38264	0.02677	0.06073	0.00786	0.00559	0.00159	0.00415	0.00713	0.00420	0.00631
85	0.01123	0.01123	0.01572	0.01347	0.01347	0.01572	0.01123	0.01235	0.00786	0.01235	0.00674	0.01123	0.00674	0.00898	0.01684	0.00225	0.81028	0.00449	0.00225	0.00561
86	0.00665	0.00475	0.00641	0.00760	0.00807	0.00451	0.00546	0.00783	0.01022	0.01354	0.02806	0.66633	0.03307	0.01570	0.00666	0.00214	0.00332	0.16065	0.00476	0.00428
87	0.01128	0.00997	0.01539	0.67810	0.03218	0.01213	0.01352	0.13616	0.01251	0.01623	0.00964	0.01346	0.00715	0.00530	0.00513	0.00168	0.00665	0.00457	0.00274	0.00619
88	0.01666	0.24808	0.01745	0.01138	0.01446	0.45045	0.00918	0.08244	0.01384	0.01416	0.00964	0.07102	0.00888	0.00593	0.00444	0.00134	0.00740	0.00412	0.00289	0.00623
89	0.01087	0.00733	0.00756	0.00709	0.00898	0.00804	0.00544	0.01820	0.32366	0.02008	0.01843	0.01914	0.01418	0.00638	0.00425	0.00142	0.00307	0.00520	0.50457	0.00614
90	0.00827	0.00591	0.00827	0.00945	0.01063	0.00591	0.00827	0.01063	0.01181	0.01536	0.02717	0.05788	0.02953	0.01417	0.00709	0.00236	0.00472	0.75313	0.00472	0.00472
91	0.00609	0.00520	0.00523	0.00522	0.00694	0.00434	0.00392	0.00741	0.01175	0.01399	0.06600	0.04917	0.77148	0.01295	0.00606	0.00173	0.00260	0.01080	0.00478	0.00434
92	0.22827	0.00707	0.02574	0.00768	0.00927	0.00770	0.00612	0.01079	0.00843	0.01492	0.01221	0.01799	0.01130	0.09518	0.48681	0.00590	0.01001	0.00490	0.02491	0.00478
93	0.00625	0.00447	0.00595	0.00714	0.00744	0.00417	0.00476	0.00714	0.00982	0.01310	0.02828	0.81633	0.03394	0.01608	0.00655	0.00208	0.00298	0.01459	0.00476	0.00417
94	0.81098	0.00986	0.00778	0.00688	0.01009	0.01130	0.00566	0.01562	0.00905	0.06447	0.00785	0.00883	0.00594	0.00485	0.00328	0.00159	0.00399	0.00291	0.00335	0.00573
95	0.00739	0.00524	0.00696	0.00696	0.00743	0.00571	0.00481	0.00834	0.00786	0.01096	0.01492	0.02668	0.01566	0.41840	0.42329	0.00666	0.00948	0.00645	0.00292	0.00387
96	0.00733	0.00550	0.00825	0.00825	0.00916	0.00641	0.00641	0.00916	0.00825	0.01191	0.01374	0.02016	0.01283	0.03848	0.79934	0.00825	0.01374	0.00550	0.00275	0.00458
97	0.00706	0.00485	0.00592	0.00644	0.00664	0.00473	0.00409	0.00756	0.00865	0.01151	0.02149	0.33012	0.02516	0.46147	0.01743	0.00371	0.00420	0.06150	0.00384	0.00362
98	0.00680	0.00538	0.00613	0.00597	0.00747	0.00482	0.00447	0.00899	0.03850	0.01689	0.35553	0.07286	0.42402	0.01187	0.00605	0.00170	0.00259	0.01016	0.00515	0.00466
99	0.00729	0.00559	0.00690	0.00756	0.00898	0.00520	0.00632	0.00918	0.01176	0.01469	0.03822	0.05409	0.36642	0.01365	0.00663	0.00208	0.00378	0.42237	0.00474	0.00455
100	0.00746	0.00497	0.00560	0.00560	0.00560	0.00497	0.00311	0.00746	0.00746	0.00995	0.01617	0.03358	0.01865	0.81967	0.02612	0.00497	0.00497	0.00746	0.00311	0.00311
101	0.00746	0.00497	0.00560	0.00560	0.00560	0.00497	0.00311	0.00746	0.00746	0.00995	0.01617	0.03358	0.01865	0.81967	0.02612	0.00497	0.00497	0.00746	0.00311	0.00311
102	0.00691	0.00523	0.00637	0.00609	0.00745	0.00469	0.00456	0.00900	0.01369	0.01861	0.56998	0.04157	0.26462	0.01122	0.00606	0.00165	0.00247	0.00973	0.00539	0.00469
103	0.28507	0.00768	0.00887	0.00797	0.01032	0.00832	0.00640	0.01474	0.00989	0.19583	0.01312	0.01572	0.01045	0.02016	0.35839	0.00455	0.00842	0.00454	0.00372	0.00586
104	0.00638	0.00456	0.00609	0.00721	0.00758	0.00427	0.00491	0.00740	0.01012	0.01352	0.06198	0.75049	0.03440	0.01575	0.00655	0.00207	0.00302	0.04468	0.00480	0.00422
105	0.00733	0.00550	0.00825	0.00825	0.00916	0.00641	0.00641	0.00916	0.00825	0.01191	0.01374	0.02016	0.01283	0.03848	0.79934	0.00825	0.01374	0.00550	0.00275	0.00458
106	0.01085	0.00804	0.00666	0.00644	0.00779	0.13395	0.00479	0.01290	0.01102	0.01706	0.01506	0.01837	0.01236	0.05151	0.06164	0.00192	0.00445	0.00474	0.60558	0.00487
107	0.00744	0.00522	0.00703	0.00809	0.00883	0.00511	0.00633	0.00903	0.01065	0.01415	0.02646	0.35843	0.02997	0.07637	0.00822	0.00242	0.00398	0.37822	0.02966	0.00438
108	0.00622	0.00525	0.00542	0.00550	0.00719	0.00444	0.00421	0.00760	0.01170	0.01397	0.05021	0.04999	0.73173	0.01308	0.00614	0.00178	0.00275	0.06371	0.00476	0.00436
109	0.01373	0.01012	0.01182	0.13873	0.01596	0.01083	0.00843	0.33336	0.03692	0.07714	0.02515	0.02482	0.25487	0.00819	0.00543	0.00164	0.00474	0.00665	0.00464	0.00683
110	0.02180	0.01069	0.01312	0.01006	0.01408	0.01045	0.00831	0.28426	0.01797	0.52733	0.01749	0.01568	0.01132	0.00628	0.00515	0.00157	0.00481	0.00497	0.00593	0.00873
111	0.00639	0.00456	0.00611	0.00730	0.00766	0.00429	0.00500	0.00738	0.00996	0.01325	0.02820	0.76409	0.03363	0.01594	0.00659	0.00210	0.00310	0.06545	0.00476	0.00421
112	0.00619	0.00472	0.00569	0.00646	0.00726	0.00423	0.00446	0.00722	0.01048	0.01337	0.03657	0.54796	0.29695	0.01500	0.00638	0.00196	0.00284	0.01327	0.00476	0.00423
113	0.01256	0.01204	0.02057	0.06869	0.75160	0.01215	0.01568	0.01562	0.01162	0.01659	0.00963	0.01275	0.00807	0.00460	0.00508	0.00153	0.00613	0.00457	0.00253	0.00801
114	0.71910	0.14197	0.01068	0.00708	0.01045	0.01294	0.00608	0.01513	0.00901	0.02124	0.00714	0.00832	0.00572	0.00470	0.00319	0.00151	0.00422	0.00277	0.00302	0.00572
115	0.01372	0.82276	0.02689	0.00878	0.01317	0.02030	0.00878	0.01536	0.01043	0.01207	0.00713	0.00823	0.00658	0.00439	0.00329	0.00110	0.00549	0.00274	0.00219	0.00658
116	0.01064	0.00912	0.01064	0.00760	0.01216	0.00684	0.00608	0.01292	0.01064	0.01672	0.00912	0.01064	0.00760	0.00380	0.00380	0.00076	0.00380	0.00304	0.00304	0.85104
117	0.00606	0.00520	0.00520	0.00520	0.00693	0.00433	0.00390	0.00736	0.01170	0.01386	0.05198	0.04938	0.78558	0.01299	0.00606	0.00173	0.00260	0.01083	0.00476	0.00433
118	0.01179	0.01127	0.01919	0.26507	0.56117	0.01195	0.01530	0.01495	0.01125	0.01566	0.00949	0.01299	0.00774	0.00474	0.00509	0.00158	0.00632	0.00457	0.00246	0.00740
119	0.00969	0.00912	0.01539	0.80734	0.03534	0.01140	0.01425	0.01311	0.01026	0.01311	0.00912	0.01368	0.00684	0.00513	0.00513	0.00171	0.00684	0.00456	0.00228	0.00570
120	0.01020	0.00989	0.01470	0.01256	0.01324	0.01294	0.06785	0.01173	0.00845	0.01264	0.01071	0.01520	0.04548	0.01523	0.18559	0.00349	0.53703	0.00513	0.00250	0.00543
121	0.01072	0.12568	0.69769	0.01390	0.02108	0.01296	0.01769	0.01614	0.01078	0.01573	0.00895	0.01051	0.00651	0.00481	0.00468	0.00156	0.00732	0.00366	0.00217	0.00746
122	0.07211	0.39326	0.38310	0.01136	0.01716	0.01576	0.01330	0.01576	0.01050	0.01480	0.00810	0.00945	0.00647	0.00464	0.00402	0.00138	0.00636	0.00324	0.00225	0.00698
123	0.14225	0.44860	0.26359	0.01030	0.01550	0.01633	0.01147	0.01560	0.01029	0.01506	0.00778	0.00906	0.00640	0.00460	0.00377	0.00134	0.00591	0.00308	0.00234	0.00674
124	0.01030	0.05268	0.74686	0.01423	0.02152	0.01200	0.01825	0.01598	0.01079	0.01603	0.00964	0.03174	0.00722	0.00515	0.00487	0.00162	0.00739	0.00404	0.00224	0.00746
125	0.00616	0.00518	0.00523	0.00523	0.00684	0.00438	0.00384	0.00737	0.01140	0.01358	0.04945	0.04826	0.73132	0.07007	0.00748	0.00196	0.00277	0.01059	0.00465	0.00425
126	0.00668	0.00522	0.00605	0.00584	0.00731	0.00459	0.00438	0.00856	0.01315	0.01731	0.42882	0.04370	0.40659	0.01171	0.00606	0.00167	0.00251	0.01003	0.00522	0.00459
127	0.01302	0.01115	0.01175	0.01049	0.01344	0.01288	0.00818	0.05547	0.74977	0.02188	0.02056	0.01888	0.01540	0.00693	0.00522	0.00173	0.00412	0.00576	0.00522	0.00814
128	0.08175	0.47206	0.29846	0.01070	0.01612	0.01659	0.01214	0.01566	0.01043	0.01446	0.00787	0.00917	0.00647	0.00459	0.00385	0.00133	0.00611	0.00312	0.00227	0.00686
129	0.00795	0.00539	0.00609	0.00601	0.00623	0.00544	0.00355	0.04402	0.00844	0.01126	0.01691	0.09249	0.01935	0.71915	0.02361	0.00459	0.00485	0.00787	0.00333	0.00346

[dist]
# distance from previous block
# <min> <max>
0	3

# created by:
# /st0/software/busco_prod/Augustus/scripts/msa2prfl.pl ./align_prep/65284.fa
