[name]
unknown

[dist]
# distance from previous block
# <min> <max>
0	22

[block]
# block no. 0 follows, 48 sequences, length 31
# corresponding to MSA columns:
# 22-52
name=unknown_A
#
# <colnr> <probs for GDERKNQSTAVLIFYWHMCP>
#	G	D	E	R	K	N	Q	S	T	A	V	L	I	F	Y	W	H	M	C	P
0	0.01258	0.01178	0.01995	0.03246	0.01943	0.04413	0.35459	0.08690	0.06238	0.05594	0.01529	0.08041	0.01373	0.00741	0.00650	0.00183	0.04560	0.11883	0.00365	0.00659
1	0.06454	0.01235	0.04608	0.01254	0.06360	0.05452	0.07218	0.08279	0.31855	0.15600	0.02967	0.01604	0.01235	0.00609	0.00507	0.00162	0.00514	0.00513	0.00459	0.03116
2	0.08025	0.20077	0.30724	0.01199	0.01722	0.01344	0.06879	0.07841	0.03327	0.08220	0.01117	0.05371	0.00895	0.00559	0.00461	0.00153	0.00613	0.00445	0.00310	0.00717
3	0.00804	0.00554	0.00708	0.00704	0.00771	0.00540	0.02479	0.03782	0.00989	0.03757	0.06656	0.32029	0.04886	0.35729	0.03020	0.00335	0.00429	0.01004	0.00408	0.00416
4	0.01249	0.01368	0.02403	0.11665	0.07561	0.08909	0.45556	0.03956	0.01214	0.01581	0.01051	0.04519	0.00859	0.00532	0.00633	0.00171	0.05266	0.00571	0.00270	0.00663
5	0.03733	0.01595	0.12510	0.03875	0.31839	0.15041	0.07669	0.03465	0.01238	0.06175	0.00991	0.01194	0.00775	0.00482	0.00491	0.00147	0.00674	0.00423	0.00285	0.07401
6	0.01399	0.06345	0.04579	0.01109	0.01362	0.36094	0.03261	0.01617	0.02923	0.03002	0.11847	0.03701	0.01441	0.01008	0.09394	0.00220	0.04172	0.00492	0.02186	0.03849
7	0.00738	0.00497	0.00577	0.00584	0.00591	0.00501	0.00340	0.00754	0.00765	0.01025	0.01675	0.07946	0.01922	0.72607	0.07018	0.00499	0.00537	0.00777	0.00319	0.00326
8	0.01001	0.00944	0.01596	0.72536	0.11484	0.01148	0.01441	0.01339	0.01041	0.01350	0.00918	0.01358	0.00698	0.00507	0.00512	0.00169	0.00676	0.00456	0.00231	0.00596
9	0.00800	0.01157	0.24146	0.00909	0.01205	0.00694	0.00904	0.02821	0.01185	0.01644	0.21360	0.27334	0.11677	0.01075	0.00584	0.00178	0.00423	0.00937	0.00422	0.00548
10	0.00663	0.00522	0.00598	0.00579	0.00727	0.00457	0.00434	0.00845	0.01302	0.01701	0.39515	0.04421	0.44045	0.01182	0.00606	0.00168	0.00252	0.01010	0.00518	0.00457
11	0.00714	0.00519	0.00672	0.00645	0.00762	0.00477	0.00480	0.00940	0.01406	0.01974	0.69784	0.09641	0.07861	0.01101	0.00609	0.00165	0.00247	0.00974	0.00555	0.00477
12	0.01005	0.02483	0.72985	0.01397	0.02104	0.01135	0.01782	0.01572	0.01113	0.01660	0.07161	0.01304	0.00987	0.00533	0.00497	0.00162	0.00717	0.00423	0.00245	0.00736
13	0.01533	0.01763	0.01664	0.06861	0.31300	0.39376	0.01220	0.01744	0.01288	0.01426	0.01050	0.01260	0.04025	0.00543	0.00522	0.00147	0.02920	0.00422	0.00266	0.00669
14	0.00642	0.00521	0.00569	0.00557	0.00715	0.00448	0.00418	0.00806	0.01254	0.01586	0.27063	0.04608	0.56568	0.01225	0.00606	0.00170	0.00255	0.01037	0.00503	0.00448
15	0.00727	0.00493	0.00582	0.00613	0.00626	0.00487	0.00374	0.00758	0.00818	0.01089	0.01920	0.18944	0.02231	0.61393	0.02114	0.00425	0.00457	0.05256	0.00353	0.00341
16	0.01839	0.02287	0.01376	0.01254	0.01507	0.73518	0.00941	0.01980	0.01424	0.01309	0.00864	0.01005	0.00714	0.00534	0.00454	0.00131	0.00870	0.00342	0.07066	0.00585
17	0.01269	0.01391	0.01519	0.45371	0.02630	0.24166	0.01252	0.01514	0.01114	0.01283	0.00841	0.01201	0.00676	0.00577	0.00678	0.00168	0.13117	0.00418	0.00238	0.00576
18	0.00891	0.00446	0.00668	0.00668	0.00668	0.00446	0.00446	0.00668	0.00668	0.00891	0.00891	0.01560	0.00891	0.01783	0.02005	0.85071	0.00446	0.00446	0.00223	0.00223
19	0.01273	0.01241	0.02007	0.01548	0.01944	0.01298	0.34706	0.05120	0.40794	0.01965	0.01587	0.01652	0.01189	0.00576	0.00559	0.00173	0.00617	0.00587	0.00405	0.00761
20	0.08767	0.10896	0.01417	0.01024	0.01376	0.26953	0.00831	0.02160	0.01366	0.38259	0.01361	0.01295	0.00941	0.00564	0.00461	0.00144	0.00607	0.00408	0.00439	0.00731
21	0.00625	0.00447	0.00595	0.00714	0.00744	0.00417	0.00476	0.00714	0.00982	0.01310	0.02828	0.81633	0.03394	0.01608	0.00655	0.00208	0.00298	0.01459	0.00476	0.00417
22	0.01024	0.00968	0.01638	0.66636	0.17205	0.01154	0.01452	0.01359	0.01052	0.01377	0.00922	0.01350	0.00707	0.00503	0.00512	0.00168	0.00670	0.00456	0.00233	0.00614
23	0.00637	0.00455	0.00609	0.00728	0.00763	0.00427	0.00497	0.00735	0.00994	0.01323	0.02822	0.77189	0.03368	0.01596	0.00658	0.00210	0.00308	0.05786	0.00476	0.00420
24	0.02302	0.00873	0.01191	0.00913	0.01310	0.00754	0.00754	0.02501	0.01469	0.79122	0.02024	0.01746	0.01270	0.00635	0.00516	0.00159	0.00437	0.00516	0.00635	0.00873
25	0.00726	0.00524	0.00686	0.00646	0.00767	0.00484	0.00484	0.00968	0.01452	0.02058	0.78496	0.03833	0.04841	0.01049	0.00605	0.00161	0.00242	0.00928	0.00565	0.00484
26	0.01029	0.02654	0.79309	0.01462	0.02221	0.01192	0.01896	0.01625	0.01083	0.01625	0.00921	0.01083	0.00650	0.00487	0.00487	0.00162	0.00758	0.00379	0.00217	0.00758
27	0.01123	0.01123	0.01572	0.01347	0.01347	0.01572	0.01123	0.01235	0.00786	0.01235	0.00674	0.01123	0.00674	0.00898	0.01684	0.00225	0.81028	0.00449	0.00225	0.00561
28	0.85592	0.00992	0.00754	0.00675	0.00992	0.01151	0.00556	0.01508	0.00873	0.02302	0.00714	0.00834	0.00556	0.00476	0.00318	0.00159	0.00397	0.00278	0.00318	0.00556
29	0.00827	0.00591	0.00827	0.00945	0.01063	0.00591	0.00827	0.01063	0.01181	0.01536	0.02717	0.05788	0.02953	0.01417	0.00709	0.00236	0.00472	0.75313	0.00472	0.00472
30	0.78892	0.00983	0.00789	0.00694	0.01018	0.01119	0.00572	0.01588	0.00921	0.08481	0.00820	0.00907	0.00613	0.00489	0.00333	0.00159	0.00400	0.00297	0.00343	0.00581

[dist]
# distance from previous block
# <min> <max>
0	1

[block]
# block no. 1 follows, 48 sequences, length 21
# corresponding to MSA columns:
# 54-74
name=unknown_B
#
# <colnr> <probs for GDERKNQSTAVLIFYWHMCP>
#	G	D	E	R	K	N	Q	S	T	A	V	L	I	F	Y	W	H	M	C	P
0	0.01068	0.00958	0.01561	0.42908	0.07813	0.01011	0.08596	0.01361	0.01059	0.03504	0.00957	0.01308	0.00745	0.00527	0.00554	0.03798	0.00607	0.00435	0.00262	0.20968
1	0.01482	0.01743	0.01210	0.01141	0.01330	0.48785	0.00848	0.01694	0.06613	0.01331	0.01421	0.22602	0.01456	0.00850	0.00586	0.00161	0.05191	0.00656	0.00337	0.00560
2	0.85592	0.00992	0.00754	0.00675	0.00992	0.01151	0.00556	0.01508	0.00873	0.02302	0.00714	0.00834	0.00556	0.00476	0.00318	0.00159	0.00397	0.00278	0.00318	0.00556
3	0.00923	0.00910	0.01719	0.01389	0.01621	0.00906	0.32696	0.01159	0.01058	0.01443	0.01854	0.39614	0.02014	0.01040	0.00740	0.00195	0.08817	0.00996	0.00359	0.00547
4	0.01402	0.01663	0.02579	0.01966	0.04594	0.22331	0.54406	0.01750	0.01275	0.01541	0.00970	0.01258	0.00748	0.00459	0.00564	0.00161	0.00874	0.00528	0.00261	0.00670
5	0.01029	0.00869	0.01093	0.01140	0.09847	0.00925	0.02439	0.01794	0.34505	0.01970	0.26832	0.07028	0.05184	0.00862	0.00563	0.00171	0.00377	0.02214	0.00495	0.00662
6	0.02302	0.00873	0.01191	0.00913	0.01310	0.00754	0.00754	0.02501	0.01469	0.79122	0.02024	0.01746	0.01270	0.00635	0.00516	0.00159	0.00437	0.00516	0.00635	0.00873
7	0.00606	0.00520	0.00520	0.00520	0.00693	0.00433	0.00390	0.00736	0.01170	0.01386	0.05198	0.04938	0.78558	0.01299	0.00606	0.00173	0.00260	0.01083	0.00476	0.00433
8	0.01084	0.10529	0.62894	0.01483	0.02182	0.01288	0.10345	0.01618	0.01094	0.01585	0.00913	0.01091	0.00665	0.00476	0.00485	0.00158	0.00749	0.00394	0.00222	0.00741
9	0.00632	0.00494	0.00563	0.00613	0.00719	0.00438	0.00435	0.00743	0.01072	0.01338	0.03973	0.33236	0.42341	0.06891	0.00765	0.00211	0.00299	0.04352	0.00465	0.00420
10	0.00742	0.00558	0.00708	0.00763	0.00898	0.00524	0.00634	0.00946	0.01223	0.01577	0.16246	0.05195	0.26715	0.01319	0.00660	0.00204	0.00368	0.39770	0.00489	0.00462
11	0.01495	0.53819	0.08512	0.01048	0.01464	0.23475	0.00991	0.01685	0.01160	0.01254	0.00752	0.00872	0.00658	0.00468	0.00379	0.00120	0.00670	0.00298	0.00232	0.00649
12	0.00778	0.00611	0.00894	0.00869	0.00945	0.00738	0.00677	0.00943	0.00816	0.01185	0.01309	0.01990	0.01247	0.07875	0.66802	0.00739	0.10301	0.00549	0.00271	0.00462
13	0.00986	0.00816	0.00900	0.00828	0.01043	0.00877	0.00635	0.01822	0.40110	0.01996	0.28183	0.03036	0.14849	0.00910	0.00563	0.00170	0.00328	0.00776	0.00529	0.00642
14	0.00970	0.00786	0.00952	0.00901	0.01073	0.00907	0.00692	0.01690	0.34222	0.01592	0.01701	0.02065	0.01446	0.07925	0.40103	0.00520	0.00893	0.00577	0.00385	0.00601
15	0.01372	0.19535	0.14604	0.01564	0.11219	0.01404	0.18342	0.13656	0.01341	0.05052	0.01052	0.01223	0.00806	0.00494	0.00478	0.00148	0.00639	0.00442	0.05896	0.00732
16	0.00894	0.00654	0.00887	0.00843	0.00971	0.00746	0.00657	0.10335	0.01028	0.01466	0.01380	0.01970	0.01258	0.06571	0.63507	0.00698	0.01189	0.00544	0.03897	0.00504
17	0.00956	0.00478	0.00478	0.00478	0.00598	0.00478	0.00359	0.01196	0.01076	0.01913	0.01674	0.01913	0.01315	0.00598	0.00359	0.00120	0.00239	0.00478	0.84816	0.00478
18	0.00841	0.00680	0.00768	0.00724	0.00905	0.00684	0.00554	0.01373	0.21803	0.01870	0.34459	0.03698	0.25516	0.01038	0.00586	0.00170	0.00298	0.02950	0.00525	0.00557
19	0.29403	0.04918	0.19154	0.01236	0.01714	0.01304	0.14743	0.16749	0.01309	0.03597	0.00948	0.01086	0.00698	0.00500	0.00451	0.00159	0.00604	0.00401	0.00325	0.00700
20	0.01823	0.02204	0.01416	0.01249	0.01545	0.65667	0.00947	0.07052	0.01475	0.01437	0.00836	0.00962	0.00686	0.00518	0.00457	0.00127	0.00839	0.00336	0.00286	0.10137

[dist]
# distance from previous block
# <min> <max>
0	1

[block]
# block no. 2 follows, 48 sequences, length 81
# corresponding to MSA columns:
# 76-156
name=unknown_C
#
# <colnr> <probs for GDERKNQSTAVLIFYWHMCP>
#	G	D	E	R	K	N	Q	S	T	A	V	L	I	F	Y	W	H	M	C	P
0	0.01273	0.05997	0.30919	0.01971	0.30089	0.04967	0.01507	0.01784	0.09063	0.05945	0.01102	0.01253	0.00839	0.00505	0.00491	0.00156	0.00647	0.00428	0.00287	0.00777
1	0.01578	0.01793	0.01587	0.06931	0.18993	0.40178	0.01146	0.04230	0.08367	0.01496	0.00962	0.01151	0.00788	0.00564	0.00595	0.00152	0.08129	0.00405	0.00288	0.00668
2	0.00689	0.00558	0.00627	0.00585	0.00766	0.00474	0.00442	0.00867	0.01256	0.01641	0.29797	0.04204	0.46254	0.01129	0.00585	0.00160	0.00265	0.00958	0.00491	0.08251
3	0.01502	0.35641	0.01855	0.00974	0.01352	0.01574	0.00851	0.10217	0.28695	0.10270	0.01404	0.01358	0.01073	0.00571	0.00438	0.00143	0.00487	0.00430	0.00405	0.00760
4	0.01405	0.01563	0.21321	0.01520	0.02042	0.01154	0.29052	0.11172	0.01344	0.14121	0.01204	0.01403	0.00877	0.03606	0.00613	0.00172	0.00689	0.00504	0.00345	0.05893
5	0.37026	0.01258	0.20374	0.00839	0.01216	0.00941	0.00852	0.01299	0.01002	0.01826	0.01998	0.02056	0.21414	0.00886	0.04871	0.00201	0.00505	0.00533	0.00332	0.00568
6	0.01283	0.39982	0.35299	0.01166	0.01731	0.05735	0.01324	0.05423	0.01151	0.01491	0.00832	0.00960	0.00666	0.00473	0.00413	0.00136	0.00659	0.00332	0.00236	0.00709
7	0.00627	0.00456	0.00591	0.00693	0.00740	0.00421	0.00468	0.00725	0.01016	0.01341	0.05472	0.71704	0.10738	0.01560	0.00649	0.00203	0.00292	0.01405	0.00479	0.00421
8	0.01050	0.01089	0.02150	0.27238	0.02644	0.01112	0.39622	0.01415	0.01163	0.01544	0.06242	0.01959	0.05064	0.00596	0.00581	0.00175	0.00715	0.04735	0.00292	0.00614
9	0.01178	0.34981	0.44125	0.01261	0.01877	0.01538	0.05427	0.01590	0.01073	0.01456	0.00843	0.00993	0.00660	0.00465	0.00429	0.00142	0.00679	0.00348	0.00220	0.00714
10	0.00850	0.00540	0.00714	0.00684	0.00812	0.00495	0.00507	0.01057	0.01356	0.09002	0.55761	0.19773	0.04212	0.01127	0.00607	0.00171	0.00272	0.01000	0.00553	0.00506
11	0.00641	0.00471	0.00604	0.00694	0.00756	0.00434	0.00484	0.00755	0.01054	0.01387	0.08608	0.60829	0.14234	0.01513	0.00647	0.00202	0.00298	0.05480	0.00482	0.00427
12	0.01061	0.09989	0.72250	0.01409	0.02138	0.01269	0.01802	0.01617	0.01080	0.01586	0.00902	0.01059	0.00651	0.00483	0.00473	0.00158	0.00739	0.00370	0.00217	0.00749
13	0.01098	0.18630	0.63935	0.01345	0.02039	0.01360	0.01692	0.01607	0.01075	0.01541	0.00879	0.01031	0.00652	0.00478	0.00456	0.00152	0.00716	0.00358	0.00217	0.00738
14	0.00626	0.00491	0.00580	0.00631	0.00735	0.00445	0.00450	0.00744	0.01058	0.01336	0.03833	0.37433	0.39329	0.01666	0.07935	0.00248	0.00379	0.01194	0.00458	0.00428
15	0.00784	0.00560	0.00778	0.00896	0.00995	0.00554	0.00752	0.00989	0.01139	0.01488	0.02740	0.21894	0.03047	0.01458	0.00697	0.00230	0.00435	0.59630	0.00473	0.00461
16	0.01372	0.82276	0.02689	0.00878	0.01317	0.02030	0.00878	0.01536	0.01043	0.01207	0.00713	0.00823	0.00658	0.00439	0.00329	0.00110	0.00549	0.00274	0.00219	0.00658
17	0.01192	0.01518	0.11041	0.02089	0.02633	0.01286	0.69023	0.01642	0.01198	0.01642	0.01026	0.01352	0.00765	0.00438	0.00593	0.00172	0.00854	0.00582	0.00255	0.00699
18	0.01035	0.04086	0.77931	0.01452	0.02205	0.01207	0.01877	0.01623	0.01083	0.01617	0.00917	0.01079	0.00650	0.00487	0.00485	0.00162	0.00755	0.00377	0.00217	0.00757
19	0.00757	0.00498	0.00564	0.00564	0.00573	0.00501	0.00324	0.00776	0.00767	0.01052	0.01612	0.03235	0.01816	0.74974	0.04954	0.00487	0.00511	0.00725	0.04984	0.00325
20	0.01427	0.17708	0.24027	0.01387	0.01845	0.28305	0.11119	0.01736	0.01204	0.01401	0.00840	0.01020	0.00673	0.00506	0.00524	0.00146	0.04852	0.00375	0.00240	0.00665
21	0.01276	0.01102	0.01160	0.01044	0.01334	0.01276	0.00812	0.02727	0.77840	0.02146	0.02088	0.01914	0.01566	0.00696	0.00522	0.00174	0.00406	0.00580	0.00522	0.00812
22	0.00617	0.00503	0.00546	0.00572	0.00709	0.00432	0.00415	0.00743	0.01140	0.01402	0.08346	0.23052	0.57020	0.01360	0.00618	0.00181	0.00268	0.01164	0.00481	0.00432
23	0.00938	0.00476	0.00485	0.00491	0.00606	0.00475	0.00365	0.01169	0.01071	0.01880	0.01738	0.06323	0.01430	0.00654	0.00375	0.00124	0.00242	0.00532	0.80151	0.00475
24	0.01188	0.37913	0.42426	0.01230	0.01838	0.01568	0.04303	0.01586	0.01070	0.01440	0.00833	0.00979	0.00659	0.00464	0.00422	0.00140	0.00669	0.00341	0.00220	0.00712
25	0.01372	0.82276	0.02689	0.00878	0.01317	0.02030	0.00878	0.01536	0.01043	0.01207	0.00713	0.00823	0.00658	0.00439	0.00329	0.00110	0.00549	0.00274	0.00219	0.00658
26	0.12126	0.24575	0.16444	0.01159	0.01570	0.28000	0.03180	0.01709	0.01163	0.01454	0.00797	0.00948	0.00657	0.00542	0.01561	0.00148	0.02748	0.00331	0.00249	0.00639
27	0.01951	0.01437	0.01540	0.01181	0.01591	0.01591	0.00975	0.77056	0.02412	0.03234	0.01232	0.01232	0.00873	0.00616	0.00513	0.00154	0.00565	0.00462	0.00513	0.00873
28	0.00833	0.00683	0.00718	0.00665	0.00870	0.00659	0.00511	0.08060	0.11593	0.01733	0.12621	0.04068	0.52829	0.01128	0.00586	0.00170	0.00306	0.00941	0.00496	0.00530
29	0.01248	0.06456	0.01807	0.01479	0.11932	0.01092	0.18531	0.04392	0.01172	0.07082	0.01230	0.01413	0.04889	0.00528	0.00588	0.00138	0.07666	0.00467	0.00315	0.27574
30	0.01029	0.02654	0.79309	0.01462	0.02221	0.01192	0.01896	0.01625	0.01083	0.01625	0.00921	0.01083	0.00650	0.00487	0.00487	0.00162	0.00758	0.00379	0.00217	0.00758
31	0.00630	0.00521	0.00552	0.00544	0.00707	0.00443	0.00408	0.00781	0.01224	0.01516	0.19398	0.04724	0.64277	0.01251	0.00606	0.00171	0.00256	0.01053	0.00494	0.00443
32	0.01562	0.01015	0.01087	0.00879	0.01170	0.01092	0.00711	0.42086	0.01816	0.06674	0.01454	0.01538	0.01075	0.00610	0.00450	0.00140	0.00425	0.00471	0.35035	0.00711
33	0.06424	0.03256	0.03468	0.31467	0.03502	0.04760	0.03041	0.01481	0.05122	0.08243	0.07901	0.01707	0.01252	0.04608	0.04186	0.00209	0.03666	0.00507	0.04603	0.00595
34	0.01145	0.01216	0.00973	0.00932	0.01071	0.27967	0.00690	0.01276	0.01178	0.01366	0.08609	0.19495	0.11386	0.05358	0.04290	0.00213	0.07191	0.00769	0.04377	0.00497
35	0.00625	0.00447	0.00595	0.00714	0.00744	0.00417	0.00476	0.00714	0.00982	0.01310	0.02828	0.81633	0.03394	0.01608	0.00655	0.00208	0.00298	0.01459	0.00476	0.00417
36	0.00660	0.00516	0.00603	0.00657	0.00764	0.00474	0.00470	0.00843	0.04968	0.01411	0.05869	0.41788	0.33918	0.01414	0.00629	0.00192	0.00292	0.03602	0.00481	0.00447
37	0.01111	0.01057	0.01796	0.44050	0.39106	0.01177	0.01496	0.01436	0.01093	0.01484	0.00937	0.01322	0.00745	0.00487	0.00511	0.00162	0.00649	0.00457	0.00240	0.00685
38	0.00760	0.00586	0.00861	0.00846	0.00926	0.00697	0.00656	0.00929	0.00818	0.01183	0.01340	0.02029	0.01273	0.07967	0.70291	0.00765	0.06788	0.00554	0.00273	0.00457
39	0.00907	0.00779	0.01229	0.01747	0.34066	0.00764	0.00937	0.01084	0.01049	0.01450	0.01969	0.43195	0.02211	0.05331	0.00695	0.00200	0.00441	0.00993	0.00373	0.00580
40	0.01307	0.01523	0.08982	0.06578	0.09430	0.18869	0.20523	0.02974	0.04658	0.03898	0.02543	0.10600	0.01206	0.00665	0.00566	0.00166	0.02135	0.02409	0.00316	0.00652
41	0.00788	0.00578	0.00818	0.00981	0.04658	0.00569	0.00758	0.00984	0.01121	0.01475	0.02667	0.28165	0.02983	0.01428	0.00683	0.00224	0.00427	0.49759	0.00463	0.00472
42	0.01200	0.00679	0.00838	0.00782	0.00949	0.00659	0.00577	0.11257	0.01279	0.18213	0.05123	0.37274	0.02352	0.08568	0.00761	0.00208	0.00374	0.00960	0.07373	0.00572
43	0.01032	0.00949	0.01636	0.11467	0.32732	0.00953	0.11039	0.01291	0.01118	0.02570	0.03852	0.20711	0.04289	0.02237	0.00603	0.00179	0.00549	0.01825	0.00330	0.00638
44	0.01493	0.03881	0.20570	0.05753	0.06979	0.05588	0.19643	0.13752	0.01409	0.14172	0.01164	0.01296	0.00828	0.00518	0.00522	0.00160	0.00692	0.00472	0.00346	0.00760
45	0.52736	0.02712	0.01049	0.00908	0.01218	0.25096	0.00721	0.06189	0.01152	0.03100	0.00788	0.00898	0.00618	0.00502	0.00376	0.00150	0.00570	0.00308	0.00316	0.00593
46	0.01251	0.01470	0.08738	0.02389	0.30775	0.05396	0.35243	0.01618	0.01177	0.01614	0.00971	0.01281	0.00770	0.00473	0.00603	0.00165	0.04571	0.00510	0.00253	0.00731
47	0.00793	0.00859	0.11663	0.00858	0.01052	0.00687	0.00755	0.02786	0.03456	0.01418	0.06849	0.13994	0.09761	0.06759	0.33697	0.00466	0.00827	0.02459	0.00355	0.00506
48	0.01359	0.13145	0.27013	0.01128	0.01662	0.03216	0.05111	0.03075	0.01189	0.15476	0.02420	0.01222	0.00871	0.00492	0.00453	0.00133	0.00579	0.00392	0.00328	0.20737
49	0.01211	0.01942	0.41699	0.01616	0.02225	0.01152	0.27547	0.01689	0.01164	0.09828	0.01152	0.04398	0.00867	0.00528	0.00538	0.00168	0.00743	0.00514	0.00286	0.00734
50	0.00649	0.00524	0.00579	0.00572	0.00728	0.00454	0.00433	0.00815	0.01250	0.01583	0.25933	0.04656	0.54729	0.01233	0.00610	0.00172	0.00263	0.03868	0.00501	0.00449
51	0.01122	0.01791	0.35008	0.14058	0.08977	0.01224	0.13512	0.05169	0.04581	0.01662	0.01054	0.01388	0.00816	0.00545	0.00579	0.00170	0.04529	0.02840	0.00265	0.00712
52	0.01844	0.01152	0.01326	0.01072	0.01415	0.08283	0.04801	0.20121	0.08125	0.34006	0.01767	0.09822	0.01361	0.00727	0.00533	0.00163	0.00518	0.01662	0.00524	0.00780
53	0.02998	0.02571	0.75555	0.01431	0.02170	0.01180	0.01837	0.01644	0.01088	0.03580	0.00944	0.01094	0.00663	0.00491	0.00484	0.00162	0.00742	0.00380	0.00229	0.00757
54	0.00623	0.00456	0.00586	0.00690	0.00738	0.00419	0.00465	0.00717	0.01006	0.01320	0.03132	0.71809	0.13022	0.01568	0.00649	0.00204	0.00293	0.01411	0.00476	0.00419
55	0.06146	0.10234	0.01491	0.03616	0.01481	0.13268	0.00898	0.29375	0.05683	0.13081	0.01294	0.05676	0.01019	0.00646	0.00530	0.00154	0.03760	0.00480	0.00428	0.00740
56	0.01157	0.01102	0.01927	0.16972	0.32116	0.01136	0.16825	0.05421	0.02811	0.01655	0.01270	0.08000	0.01146	0.00630	0.00554	0.00171	0.00636	0.05478	0.00301	0.00692
57	0.00696	0.00496	0.00668	0.00781	0.00838	0.00477	0.00581	0.00828	0.01034	0.01367	0.02731	0.53227	0.03174	0.05614	0.00771	0.00232	0.00364	0.25225	0.00467	0.00429
58	0.08959	0.00900	0.01109	0.00886	0.03677	0.00759	0.04480	0.01321	0.02976	0.01784	0.10910	0.01523	0.02967	0.00507	0.00427	0.00106	0.00394	0.00425	0.00344	0.55545
59	0.01281	0.01018	0.01493	0.01086	0.01534	0.00857	0.16259	0.05280	0.01210	0.11400	0.01142	0.03308	0.00901	0.00466	0.00457	0.00114	0.00493	0.00430	0.00351	0.50918
60	0.32662	0.04977	0.00717	0.00588	0.00799	0.00812	0.00471	0.01310	0.01033	0.02035	0.08341	0.01628	0.01321	0.00585	0.00364	0.00138	0.00315	0.00434	0.40951	0.00517
61	0.01228	0.10412	0.30994	0.03255	0.32043	0.06392	0.01545	0.01671	0.04780	0.01597	0.00963	0.01162	0.00759	0.00483	0.00479	0.00152	0.00671	0.00406	0.00249	0.00758
62	0.01122	0.09584	0.23229	0.01588	0.16453	0.01103	0.05468	0.01435	0.01207	0.01655	0.04435	0.02789	0.08766	0.00850	0.00590	0.00192	0.00613	0.17868	0.00356	0.00697
63	0.00891	0.00446	0.00668	0.00668	0.00668	0.00446	0.00446	0.00668	0.00668	0.00891	0.00891	0.01560	0.00891	0.01783	0.02005	0.85071	0.00446	0.00446	0.00223	0.00223
64	0.00616	0.00482	0.00559	0.00621	0.00720	0.00425	0.00435	0.00725	0.01072	0.01347	0.03967	0.44768	0.39523	0.01459	0.00632	0.00192	0.00280	0.01278	0.00476	0.00425
65	0.01010	0.00957	0.01231	0.30976	0.09236	0.08788	0.01010	0.01339	0.05451	0.01590	0.21637	0.05840	0.05702	0.00766	0.00547	0.00166	0.00528	0.02289	0.00367	0.00571
66	0.01377	0.01139	0.01348	0.01027	0.02980	0.02428	0.04755	0.25747	0.01515	0.02167	0.01021	0.01137	0.00797	0.00463	0.00439	0.00109	0.00479	0.00374	0.00367	0.50331
67	0.45686	0.31513	0.01536	0.00796	0.01160	0.05604	0.00709	0.01594	0.00995	0.05484	0.00780	0.00878	0.00634	0.00473	0.00339	0.00139	0.00483	0.00291	0.00293	0.00611
68	0.01228	0.00973	0.01135	0.13554	0.01495	0.08307	0.00830	0.11049	0.01448	0.09675	0.34176	0.02377	0.02540	0.00804	0.00656	0.00165	0.07879	0.00652	0.00452	0.00604
69	0.01239	0.01199	0.02080	0.10377	0.67858	0.01216	0.05373	0.01553	0.01157	0.01640	0.00964	0.01285	0.00799	0.00461	0.00513	0.00155	0.00629	0.00465	0.00252	0.00784
70	0.00612	0.00520	0.00528	0.00526	0.00697	0.00436	0.00394	0.00748	0.01183	0.01418	0.08719	0.04885	0.75017	0.01287	0.00606	0.00173	0.00259	0.01075	0.00481	0.00436
71	0.01335	0.01265	0.01504	0.01829	0.30194	0.11234	0.01091	0.02062	0.31457	0.03666	0.07726	0.01700	0.01429	0.00613	0.00516	0.00159	0.00536	0.00529	0.00395	0.00759
72	0.00733	0.00543	0.00769	0.00774	0.00861	0.00603	0.00590	0.00895	0.00877	0.01229	0.04631	0.02628	0.05860	0.13417	0.58260	0.00689	0.01108	0.04783	0.00313	0.00440
73	0.01247	0.01046	0.01616	0.01351	0.05262	0.01064	0.21681	0.01987	0.29974	0.09876	0.12959	0.02165	0.06016	0.00690	0.00560	0.00169	0.00513	0.00653	0.00453	0.00717
74	0.01347	0.01025	0.01397	0.08377	0.04568	0.00945	0.07878	0.13762	0.01342	0.11153	0.01208	0.05316	0.00970	0.00531	0.00470	0.00126	0.00494	0.00461	0.00373	0.38257
75	0.00889	0.00668	0.00899	0.01026	0.10609	0.00616	0.00710	0.01102	0.01239	0.05702	0.18123	0.04117	0.24717	0.01092	0.00605	0.00180	0.00375	0.21659	0.00464	0.05208
76	0.01433	0.45855	0.09598	0.00979	0.01449	0.01512	0.04310	0.01666	0.01125	0.13680	0.00985	0.01056	0.00775	0.00466	0.00394	0.00120	0.00540	0.00342	0.00300	0.13417
77	0.29989	0.38120	0.09301	0.00870	0.01280	0.01544	0.00852	0.05683	0.01086	0.01777	0.04854	0.01033	0.00855	0.00498	0.00365	0.00137	0.00502	0.00330	0.00287	0.00636
78	0.01536	0.46696	0.09899	0.01040	0.01501	0.01797	0.01012	0.27403	0.01516	0.01943	0.00911	0.00989	0.00731	0.00504	0.00408	0.00130	0.00575	0.00349	0.00320	0.00742
79	0.03519	0.06674	0.09552	0.01143	0.01571	0.02891	0.01021	0.57357	0.02065	0.02811	0.01173	0.01214	0.00850	0.00586	0.00485	0.00150	0.00568	0.00436	0.05119	0.00814
80	0.09657	0.07071	0.09982	0.01143	0.01585	0.01537	0.01029	0.56607	0.02030	0.02833	0.01114	0.01150	0.00804	0.00577	0.00480	0.00152	0.00569	0.00423	0.00443	0.00816

[dist]
# distance from previous block
# <min> <max>
18	31

[block]
# block no. 3 follows, 48 sequences, length 7
# corresponding to MSA columns:
# 191-197
name=unknown_D
#
# <colnr> <probs for GDERKNQSTAVLIFYWHMCP>
#	G	D	E	R	K	N	Q	S	T	A	V	L	I	F	Y	W	H	M	C	P
0	0.01649	0.12725	0.07961	0.00977	0.01360	0.09079	0.00866	0.07989	0.09173	0.25911	0.04102	0.01492	0.01160	0.00583	0.00464	0.00142	0.00510	0.00451	0.06988	0.06416
1	0.03404	0.00904	0.01130	0.00861	0.01249	0.00765	0.04260	0.05596	0.03174	0.12636	0.04091	0.07244	0.03880	0.00585	0.00455	0.00117	0.00407	0.00495	0.00393	0.48354
2	0.09934	0.01245	0.01350	0.01064	0.01448	0.01351	0.00872	0.46243	0.11720	0.17349	0.01442	0.01378	0.01006	0.00616	0.00496	0.00158	0.00504	0.00470	0.00519	0.00835
3	0.09475	0.01304	0.01363	0.01096	0.01465	0.01464	0.00892	0.49654	0.23011	0.02849	0.01420	0.01383	0.01034	0.00625	0.00498	0.00160	0.00506	0.00477	0.00498	0.00827
4	0.07174	0.01222	0.04975	0.01034	0.01381	0.01253	0.03876	0.46099	0.01842	0.02647	0.01277	0.01422	0.00965	0.03007	0.02983	0.00179	0.00534	0.00466	0.16933	0.00733
5	0.48567	0.01117	0.01258	0.08739	0.07542	0.01250	0.06721	0.15784	0.01228	0.02284	0.00876	0.01037	0.00665	0.00501	0.00410	0.00160	0.00509	0.00369	0.00337	0.00648
6	0.04354	0.00993	0.01378	0.43699	0.02501	0.01156	0.01149	0.20360	0.01400	0.04251	0.01230	0.01776	0.00993	0.00632	0.00517	0.00170	0.00593	0.07617	0.04591	0.00641

[dist]
# distance from previous block
# <min> <max>
7	15

[block]
# block no. 4 follows, 48 sequences, length 12
# corresponding to MSA columns:
# 216-227
name=unknown_E
#
# <colnr> <probs for GDERKNQSTAVLIFYWHMCP>
#	G	D	E	R	K	N	Q	S	T	A	V	L	I	F	Y	W	H	M	C	P
0	0.01313	0.15784	0.48056	0.01301	0.01911	0.07859	0.01502	0.10810	0.01281	0.04260	0.00949	0.01066	0.00700	0.00503	0.00463	0.00150	0.00703	0.00372	0.00271	0.00746
1	0.00924	0.00719	0.00843	0.00691	0.00975	0.00593	0.00533	0.03014	0.01210	0.04191	0.19922	0.06265	0.18018	0.03233	0.00566	0.00139	0.00329	0.00687	0.00424	0.36724
2	0.01208	0.44166	0.39362	0.01158	0.01750	0.01629	0.01365	0.01579	0.01062	0.01407	0.00813	0.00948	0.00654	0.00462	0.00405	0.00135	0.00649	0.00325	0.00218	0.00706
3	0.01107	0.14019	0.14296	0.00895	0.01399	0.00980	0.00864	0.01386	0.01064	0.01591	0.00882	0.01029	0.00726	0.00407	0.00390	0.00096	0.00469	0.00312	0.00276	0.57813
4	0.85592	0.00992	0.00754	0.00675	0.00992	0.01151	0.00556	0.01508	0.00873	0.02302	0.00714	0.00834	0.00556	0.00476	0.00318	0.00159	0.00397	0.00278	0.00318	0.00556
5	0.00891	0.00446	0.00668	0.00668	0.00668	0.00446	0.00446	0.00668	0.00668	0.00891	0.00891	0.01560	0.00891	0.01783	0.02005	0.85071	0.00446	0.00446	0.00223	0.00223
6	0.01276	0.01102	0.01160	0.01044	0.01334	0.01276	0.00812	0.02727	0.77840	0.02146	0.02088	0.01914	0.01566	0.00696	0.00522	0.00174	0.00406	0.00580	0.00522	0.00812
7	0.01186	0.01117	0.01705	0.01516	0.10189	0.01155	0.21209	0.02033	0.35975	0.01921	0.09784	0.01854	0.01573	0.00618	0.00543	0.00164	0.00532	0.00594	0.00413	0.05919
8	0.00726	0.00524	0.00686	0.00646	0.00767	0.00484	0.00484	0.00968	0.01452	0.02058	0.78496	0.03833	0.04841	0.01049	0.00605	0.00161	0.00242	0.00928	0.00565	0.00484
9	0.01063	0.01022	0.01618	0.58165	0.07902	0.03981	0.07104	0.01481	0.06793	0.01441	0.01035	0.01407	0.00787	0.00521	0.00513	0.00167	0.00665	0.00473	0.03251	0.00610
10	0.30237	0.01112	0.01250	0.25944	0.07851	0.05649	0.00994	0.06542	0.12397	0.01924	0.01035	0.01223	0.00790	0.00531	0.00444	0.00163	0.00545	0.00406	0.00325	0.00640
11	0.07587	0.01072	0.01751	0.35820	0.40960	0.01180	0.01433	0.01458	0.01085	0.01569	0.00923	0.01278	0.00739	0.00482	0.00496	0.00161	0.00625	0.00443	0.00248	0.00690

[dist]
# distance from previous block
# <min> <max>
0	6

# created by:
# /st0/software/busco_prod/Augustus/scripts/msa2prfl.pl ./align_prep/65313.fa
