[name]
unknown

[dist]
# distance from previous block
# <min> <max>
0	54

[block]
# block no. 0 follows, 52 sequences, length 16
# corresponding to MSA columns:
# 57-72
name=unknown_A
#
# <colnr> <probs for GDERKNQSTAVLIFYWHMCP>
#	G	D	E	R	K	N	Q	S	T	A	V	L	I	F	Y	W	H	M	C	P
0	0.01263	0.07153	0.04262	0.01005	0.03129	0.09822	0.02140	0.18615	0.01374	0.06166	0.04485	0.06747	0.05538	0.02752	0.02802	0.00181	0.01940	0.14318	0.00387	0.05923
1	0.01101	0.04448	0.07085	0.00930	0.04284	0.02626	0.02677	0.09922	0.10886	0.08066	0.13085	0.05423	0.17220	0.00788	0.00505	0.00150	0.00405	0.02185	0.03390	0.04822
2	0.01201	0.01174	0.04505	0.05480	0.49445	0.02937	0.03126	0.01701	0.16033	0.03148	0.01125	0.01306	0.00895	0.00478	0.00476	0.00145	0.00544	0.00445	0.00296	0.05538
3	0.01058	0.23982	0.59737	0.01234	0.01870	0.01336	0.01535	0.01512	0.01013	0.01430	0.00818	0.00958	0.00616	0.00448	0.00421	0.00140	0.00664	0.00332	0.00205	0.00691
4	0.00890	0.00763	0.01201	0.01606	0.32423	0.00767	0.00916	0.01121	0.01097	0.01547	0.21305	0.05818	0.04799	0.01370	0.17294	0.00286	0.00606	0.05272	0.00347	0.00571
5	0.01296	0.83261	0.02539	0.00829	0.01244	0.01917	0.00829	0.01451	0.00985	0.01140	0.00674	0.00777	0.00622	0.00415	0.00311	0.00104	0.00518	0.00259	0.00207	0.00622
6	0.00593	0.00469	0.00534	0.00566	0.00679	0.00410	0.00406	0.00717	0.01081	0.01366	0.13674	0.30079	0.45127	0.01293	0.00588	0.00173	0.00255	0.01120	0.00461	0.00410
7	0.00694	0.00511	0.00736	0.00736	0.00808	0.00582	0.00552	0.00838	0.00766	0.01093	0.01337	0.02121	0.01306	0.17241	0.67572	0.00726	0.01156	0.00551	0.00265	0.00409
8	0.00915	0.00861	0.01453	0.81804	0.03338	0.01077	0.01346	0.01238	0.00969	0.01238	0.00861	0.01292	0.00646	0.00484	0.00484	0.00161	0.00646	0.00431	0.00215	0.00538
9	0.01260	0.64084	0.12870	0.00947	0.01371	0.05140	0.00976	0.01466	0.00992	0.01197	0.00701	0.00831	0.00622	0.00450	0.00413	0.00118	0.05442	0.00285	0.00209	0.00626
10	0.01359	0.01117	0.01182	0.01017	0.01319	0.01277	0.00804	0.20866	0.60530	0.02275	0.01777	0.01652	0.01321	0.00639	0.00491	0.00160	0.00420	0.00521	0.00491	0.00781
11	0.00840	0.00629	0.00818	0.00862	0.09020	0.00571	0.00525	0.00904	0.00836	0.01187	0.01315	0.10536	0.01412	0.33084	0.01446	0.12548	0.00426	0.00600	0.00291	0.22151
12	0.00615	0.00473	0.00557	0.00575	0.00682	0.00421	0.00413	0.00754	0.01119	0.01459	0.25797	0.24921	0.34669	0.04500	0.00660	0.00181	0.00259	0.01062	0.00468	0.00414
13	0.00915	0.00861	0.01453	0.81804	0.03338	0.01077	0.01346	0.01238	0.00969	0.01238	0.00861	0.01292	0.00646	0.00484	0.00484	0.00161	0.00646	0.00431	0.00215	0.00538
14	0.00692	0.00519	0.00779	0.00779	0.00865	0.00606	0.00606	0.00865	0.00779	0.01125	0.01298	0.01904	0.01211	0.03634	0.81049	0.00779	0.01298	0.00519	0.00260	0.00433
15	0.00733	0.00544	0.00707	0.00795	0.00883	0.00548	0.00615	0.01014	0.09639	0.01408	0.02552	0.43439	0.02851	0.01353	0.00625	0.00204	0.00357	0.30826	0.00453	0.00456

[dist]
# distance from previous block
# <min> <max>
0	23

[block]
# block no. 1 follows, 52 sequences, length 44
# corresponding to MSA columns:
# 96-139
name=unknown_B
#
# <colnr> <probs for GDERKNQSTAVLIFYWHMCP>
#	G	D	E	R	K	N	Q	S	T	A	V	L	I	F	Y	W	H	M	C	P
0	0.86392	0.00937	0.00712	0.00637	0.00937	0.01087	0.00525	0.01425	0.00825	0.02174	0.00675	0.00787	0.00525	0.00450	0.00300	0.00150	0.00375	0.00262	0.00300	0.00525
1	0.00692	0.00519	0.00779	0.00779	0.00865	0.00606	0.00606	0.00865	0.00779	0.01125	0.01298	0.01904	0.01211	0.03634	0.81049	0.00779	0.01298	0.00519	0.00260	0.00433
2	0.01887	0.01086	0.01253	0.00972	0.01333	0.01125	0.00799	0.41986	0.04387	0.32293	0.01501	0.01411	0.01015	0.00590	0.00477	0.00146	0.00463	0.00460	0.06018	0.00798
3	0.01810	0.02310	0.01373	0.01248	0.01498	0.81024	0.00936	0.01935	0.01373	0.01186	0.00749	0.00874	0.00624	0.00499	0.00437	0.00125	0.00874	0.00312	0.00250	0.00562
4	0.00972	0.02507	0.80458	0.01381	0.02097	0.01125	0.01790	0.01535	0.01023	0.01535	0.00870	0.01023	0.00614	0.00460	0.00460	0.00153	0.00716	0.00358	0.00205	0.00716
5	0.00630	0.00488	0.00574	0.00564	0.00693	0.00432	0.00419	0.00802	0.01223	0.01617	0.41747	0.10244	0.36557	0.01133	0.00576	0.00161	0.00240	0.00978	0.00491	0.00432
6	0.86392	0.00937	0.00712	0.00637	0.00937	0.01087	0.00525	0.01425	0.00825	0.02174	0.00675	0.00787	0.00525	0.00450	0.00300	0.00150	0.00375	0.00262	0.00300	0.00525
7	0.00972	0.02507	0.80458	0.01381	0.02097	0.01125	0.01790	0.01535	0.01023	0.01535	0.00870	0.01023	0.00614	0.00460	0.00460	0.00153	0.00716	0.00358	0.00205	0.00716
8	0.02089	0.00962	0.01210	0.00927	0.01305	0.00916	0.00766	0.21924	0.01617	0.60396	0.01719	0.01524	0.01103	0.00595	0.00487	0.00149	0.00443	0.00474	0.00570	0.00825
9	0.00705	0.00470	0.00529	0.00529	0.00529	0.00470	0.00294	0.00705	0.00705	0.00940	0.01527	0.03171	0.01762	0.82969	0.02467	0.00470	0.00470	0.00705	0.00294	0.00294
10	0.00915	0.00861	0.01453	0.81804	0.03338	0.01077	0.01346	0.01238	0.00969	0.01238	0.00861	0.01292	0.00646	0.00484	0.00484	0.00161	0.00646	0.00431	0.00215	0.00538
11	0.01039	0.00945	0.01105	0.06031	0.01319	0.04148	0.00696	0.01245	0.00987	0.01492	0.00830	0.01024	0.00700	0.00430	0.00514	0.00096	0.09935	0.00313	0.00272	0.66877
12	0.00612	0.00440	0.00580	0.00655	0.00707	0.00409	0.00450	0.00730	0.01034	0.01401	0.20400	0.62579	0.05421	0.01390	0.00607	0.00186	0.00268	0.01254	0.00469	0.00409
13	0.00626	0.00490	0.00567	0.00555	0.00689	0.00431	0.00413	0.00796	0.01219	0.01598	0.39326	0.07937	0.41357	0.01132	0.00574	0.00160	0.00239	0.00972	0.00489	0.00431
14	0.01231	0.03377	0.01487	0.04695	0.24656	0.01101	0.01000	0.15806	0.01243	0.01787	0.00903	0.01103	0.00738	0.00482	0.00556	0.00127	0.09382	0.00378	0.00297	0.29650
15	0.01177	0.01099	0.01818	0.20648	0.57599	0.01157	0.01419	0.06384	0.01149	0.01600	0.00916	0.01218	0.00744	0.00453	0.00481	0.00148	0.00589	0.00432	0.00250	0.00719
16	0.01316	0.01177	0.01226	0.10553	0.08739	0.13123	0.00874	0.28558	0.01565	0.01972	0.07472	0.02062	0.17889	0.00711	0.00502	0.00148	0.00519	0.00573	0.00391	0.00631
17	0.00646	0.00463	0.00562	0.00594	0.00645	0.00442	0.00392	0.00729	0.00924	0.01229	0.12635	0.29099	0.13464	0.30439	0.05290	0.00312	0.00387	0.00980	0.00396	0.00371
18	0.00682	0.00495	0.00643	0.00606	0.00722	0.00456	0.00455	0.00908	0.01364	0.01924	0.77424	0.03652	0.06851	0.00998	0.00572	0.00153	0.00229	0.00881	0.00531	0.00456
19	0.01410	0.00996	0.01340	0.15656	0.01641	0.04017	0.00982	0.01662	0.06050	0.25321	0.01155	0.01323	0.00863	0.00682	0.00943	0.00178	0.34342	0.00448	0.00350	0.00638
20	0.15463	0.00836	0.01041	0.00824	0.01174	0.00776	0.00676	0.02167	0.03428	0.63285	0.01741	0.04019	0.01162	0.00606	0.00462	0.00152	0.00402	0.00481	0.00545	0.00762
21	0.01801	0.01337	0.01431	0.01107	0.01487	0.01483	0.00911	0.73383	0.07293	0.02987	0.01216	0.01206	0.00867	0.00587	0.00485	0.00147	0.00523	0.00444	0.00485	0.00820
22	0.00692	0.00519	0.00779	0.00779	0.00865	0.00606	0.00606	0.00865	0.00779	0.01125	0.01298	0.01904	0.01211	0.03634	0.81049	0.00779	0.01298	0.00519	0.00260	0.00433
23	0.35765	0.00740	0.00766	0.00681	0.00921	0.00761	0.00538	0.01412	0.01097	0.19422	0.19694	0.10679	0.04236	0.00749	0.00448	0.00156	0.00335	0.00600	0.00442	0.00558
24	0.08504	0.00549	0.00684	0.00706	0.00830	0.00540	0.00565	0.00962	0.01191	0.01722	0.38310	0.11004	0.05826	0.01109	0.00583	0.00179	0.00318	0.25491	0.00474	0.00453
25	0.02145	0.00872	0.01154	0.00885	0.01261	0.00783	0.00731	0.09146	0.01467	0.73385	0.01845	0.01606	0.01166	0.00598	0.00487	0.00150	0.00423	0.00483	0.00590	0.00825
26	0.00723	0.00610	0.00641	0.00613	0.00794	0.00587	0.00465	0.01128	0.17939	0.01544	0.13697	0.03917	0.53412	0.01075	0.00555	0.00162	0.00273	0.00902	0.00470	0.00492
27	0.42013	0.01038	0.01017	0.00833	0.01169	0.01139	0.00684	0.22781	0.06296	0.17029	0.01123	0.01117	0.00794	0.00527	0.00398	0.00150	0.00426	0.00370	0.00419	0.00678
28	0.00692	0.00519	0.00779	0.00779	0.00865	0.00606	0.00606	0.00865	0.00779	0.01125	0.01298	0.01904	0.01211	0.03634	0.81049	0.00779	0.01298	0.00519	0.00260	0.00433
29	0.00748	0.00509	0.00668	0.00620	0.00746	0.00468	0.00468	0.00975	0.01372	0.05234	0.76423	0.03537	0.04431	0.00974	0.00568	0.00152	0.00236	0.00860	0.00536	0.00473
30	0.00768	0.00451	0.00505	0.00531	0.00613	0.00437	0.00373	0.00929	0.00993	0.01554	0.08113	0.22803	0.06090	0.09736	0.00669	0.00178	0.00267	0.00777	0.43795	0.00418
31	0.01879	0.00891	0.01116	0.00900	0.01244	0.00862	0.00729	0.02427	0.25037	0.56458	0.01930	0.01698	0.01285	0.00617	0.00489	0.00154	0.00404	0.00506	0.00567	0.00807
32	0.01296	0.83261	0.02539	0.00829	0.01244	0.01917	0.00829	0.01451	0.00985	0.01140	0.00674	0.00777	0.00622	0.00415	0.00311	0.00104	0.00518	0.00259	0.00207	0.00622
33	0.01454	0.00985	0.01103	0.00954	0.01254	0.01079	0.00753	0.02520	0.59137	0.22108	0.01957	0.01767	0.01408	0.00643	0.00492	0.00161	0.00391	0.00532	0.00520	0.00782
34	0.01206	0.00684	0.00824	0.00711	0.00892	0.00668	0.00527	0.10255	0.02834	0.21575	0.10560	0.02655	0.09982	0.28501	0.05741	0.00294	0.00458	0.00657	0.00439	0.00539
35	0.01320	0.73659	0.02372	0.00843	0.01245	0.01817	0.00820	0.01575	0.07303	0.04057	0.00823	0.00892	0.00712	0.00441	0.00332	0.00110	0.00504	0.00291	0.00244	0.00641
36	0.01199	0.01151	0.01967	0.02974	0.79946	0.01151	0.01487	0.01487	0.01103	0.01583	0.00912	0.01199	0.00768	0.00432	0.00480	0.00144	0.00576	0.00432	0.00240	0.00768
37	0.01856	0.01231	0.01364	0.01057	0.01433	0.01329	0.00869	0.58004	0.08021	0.17709	0.01369	0.01306	0.00946	0.00591	0.00486	0.00148	0.00499	0.00455	0.00507	0.00820
38	0.00812	0.00648	0.00973	0.06331	0.16008	0.00674	0.00753	0.00980	0.03193	0.01331	0.08108	0.28281	0.04174	0.01388	0.09317	0.10242	0.03014	0.02946	0.00347	0.00479
39	0.01068	0.01017	0.01730	0.39382	0.44565	0.01117	0.01422	0.01372	0.01041	0.01424	0.00888	0.01242	0.00711	0.00456	0.00482	0.00152	0.00608	0.00431	0.00229	0.00662
40	0.01056	0.09949	0.10438	0.01533	0.12174	0.03399	0.22771	0.02999	0.03268	0.01472	0.03694	0.17276	0.01333	0.00695	0.00584	0.00161	0.05647	0.00644	0.00295	0.00612
41	0.00859	0.00811	0.02759	0.04644	0.01382	0.00856	0.19501	0.01063	0.00862	0.01211	0.01165	0.01862	0.01101	0.17216	0.33157	0.00472	0.09795	0.00550	0.00254	0.00481
42	0.01127	0.14465	0.05694	0.02912	0.14600	0.01094	0.20650	0.01413	0.01110	0.06490	0.01427	0.02406	0.01335	0.00697	0.00530	0.00166	0.00588	0.22362	0.00316	0.00620
43	0.02599	0.06392	0.14361	0.13095	0.28204	0.04891	0.07081	0.04007	0.04649	0.08602	0.01022	0.01211	0.00777	0.00474	0.00471	0.00148	0.00609	0.00422	0.00282	0.00703

[dist]
# distance from previous block
# <min> <max>
0	4

[block]
# block no. 2 follows, 52 sequences, length 45
# corresponding to MSA columns:
# 144-188
name=unknown_C
#
# <colnr> <probs for GDERKNQSTAVLIFYWHMCP>
#	G	D	E	R	K	N	Q	S	T	A	V	L	I	F	Y	W	H	M	C	P
0	0.60843	0.07398	0.00998	0.02459	0.01118	0.09837	0.00643	0.06363	0.03540	0.02019	0.00760	0.00863	0.00595	0.00468	0.00337	0.00144	0.00456	0.00291	0.00304	0.00563
1	0.29646	0.01179	0.09306	0.01122	0.09823	0.01088	0.00888	0.17411	0.01316	0.22092	0.01135	0.01152	0.00793	0.00514	0.00421	0.00149	0.00474	0.00383	0.00398	0.00708
2	0.22351	0.04005	0.01262	0.00982	0.01329	0.11648	0.00801	0.40051	0.04432	0.03929	0.01006	0.01048	0.00745	0.00528	0.00423	0.00140	0.00524	0.00371	0.00395	0.04029
3	0.01101	0.06803	0.01010	0.00816	0.00997	0.07237	0.00623	0.06793	0.08517	0.08747	0.08975	0.19497	0.01895	0.11774	0.05639	0.00234	0.03581	0.00708	0.00396	0.04659
4	0.00958	0.00859	0.01337	0.44130	0.14909	0.00979	0.01126	0.04078	0.05846	0.01526	0.13983	0.01846	0.05198	0.00609	0.00503	0.00157	0.00527	0.00539	0.00309	0.00580
5	0.18907	0.06341	0.25137	0.01442	0.08134	0.05442	0.19041	0.04345	0.01091	0.04503	0.00888	0.01060	0.00666	0.00453	0.00446	0.00149	0.00637	0.00393	0.00263	0.00660
6	0.01322	0.00666	0.00860	0.00725	0.00959	0.00604	0.00573	0.05219	0.01387	0.33142	0.36051	0.04497	0.10252	0.00849	0.00535	0.00153	0.00319	0.00725	0.00548	0.00615
7	0.07308	0.00764	0.01002	0.00805	0.01120	0.00683	0.00652	0.02011	0.01313	0.60484	0.10333	0.08232	0.01681	0.00705	0.00495	0.00154	0.00380	0.00586	0.00561	0.00731
8	0.00796	0.02919	0.00831	0.00884	0.09373	0.06691	0.00583	0.00985	0.02636	0.01492	0.22699	0.10958	0.35308	0.01021	0.00548	0.00157	0.00338	0.00872	0.00427	0.00483
9	0.01170	0.00769	0.01098	0.01171	0.14826	0.00741	0.03263	0.01523	0.10001	0.19103	0.29239	0.05611	0.06245	0.00789	0.00532	0.00156	0.00374	0.02286	0.00474	0.00629
10	0.31979	0.00997	0.01041	0.00847	0.01186	0.01062	0.00694	0.17331	0.10368	0.27873	0.01328	0.01263	0.00916	0.00549	0.00421	0.00151	0.00420	0.00404	0.00458	0.00711
11	0.49880	0.00939	0.00890	0.00754	0.01062	0.01030	0.00615	0.09256	0.07774	0.16613	0.06042	0.01249	0.01015	0.00542	0.00386	0.00151	0.00389	0.00384	0.00405	0.00626
12	0.01296	0.83261	0.02539	0.00829	0.01244	0.01917	0.00829	0.01451	0.00985	0.01140	0.00674	0.00777	0.00622	0.00415	0.00311	0.00104	0.00518	0.00259	0.00207	0.00622
13	0.00801	0.00616	0.00747	0.00693	0.00842	0.00622	0.00526	0.01281	0.18525	0.01962	0.62533	0.03220	0.03890	0.00917	0.00554	0.00155	0.00263	0.00804	0.00525	0.00526
14	0.00672	0.00461	0.00554	0.00579	0.00602	0.00448	0.00358	0.00726	0.00858	0.01160	0.12859	0.24332	0.02541	0.49782	0.01709	0.00353	0.00386	0.00908	0.00369	0.00343
15	0.03395	0.00688	0.00779	0.00761	0.00920	0.00717	0.00564	0.07285	0.20002	0.05594	0.02455	0.37791	0.10100	0.01076	0.00541	0.00173	0.00328	0.00938	0.05344	0.00548
16	0.00842	0.00421	0.00631	0.00631	0.00631	0.00421	0.00421	0.00631	0.00631	0.00842	0.00842	0.01473	0.00842	0.01684	0.01894	0.85901	0.00421	0.00421	0.00210	0.00210
17	0.01144	0.01307	0.02859	0.02042	0.02533	0.01225	0.78186	0.01552	0.01144	0.01552	0.00980	0.01307	0.00735	0.00408	0.00572	0.00163	0.00817	0.00572	0.00245	0.00654
18	0.00758	0.00546	0.00752	0.00858	0.00967	0.00540	0.00739	0.00968	0.01104	0.01430	0.02697	0.10058	0.06912	0.01344	0.00661	0.00218	0.00426	0.68135	0.00447	0.00441
19	0.00645	0.00452	0.00578	0.00645	0.00680	0.00433	0.00433	0.00730	0.00924	0.01240	0.09764	0.47702	0.02913	0.23625	0.01121	0.00269	0.00340	0.06718	0.00415	0.00376
20	0.02174	0.00825	0.01125	0.00862	0.01237	0.00712	0.00712	0.02362	0.01387	0.80282	0.01912	0.01649	0.01200	0.00600	0.00487	0.00150	0.00412	0.00487	0.00600	0.00825
21	0.01842	0.01357	0.01454	0.01115	0.01503	0.01503	0.00921	0.78330	0.02278	0.03054	0.01163	0.01163	0.00824	0.00582	0.00485	0.00145	0.00533	0.00436	0.00485	0.00824
22	0.00686	0.00495	0.00648	0.00610	0.00724	0.00457	0.00457	0.00914	0.01372	0.01943	0.79691	0.03620	0.04572	0.00991	0.00572	0.00152	0.00229	0.00876	0.00533	0.00457
23	0.03772	0.00625	0.00706	0.00641	0.00851	0.00572	0.00501	0.03963	0.04238	0.16944	0.07683	0.05300	0.44878	0.02739	0.00586	0.00169	0.00313	0.04515	0.00478	0.00525
24	0.00580	0.00490	0.00493	0.00493	0.00648	0.00412	0.00364	0.00696	0.01083	0.01289	0.04726	0.04583	0.75533	0.05647	0.00675	0.00180	0.00258	0.01006	0.00442	0.00403
25	0.01005	0.00861	0.01005	0.00718	0.01148	0.00646	0.00574	0.01220	0.01005	0.01579	0.00861	0.01005	0.00718	0.00359	0.00359	0.00072	0.00359	0.00287	0.00287	0.85932
26	0.86392	0.00937	0.00712	0.00637	0.00937	0.01087	0.00525	0.01425	0.00825	0.02174	0.00675	0.00787	0.00525	0.00450	0.00300	0.00150	0.00375	0.00262	0.00300	0.00525
27	0.00698	0.00473	0.00586	0.00613	0.00653	0.00465	0.00400	0.00765	0.00852	0.02882	0.06252	0.26053	0.05542	0.40283	0.09759	0.00382	0.00476	0.02138	0.00364	0.00365
28	0.01073	0.00902	0.00982	0.00890	0.01124	0.01015	0.00688	0.02153	0.59302	0.02006	0.21746	0.02269	0.02266	0.00742	0.00513	0.00161	0.00344	0.00631	0.00503	0.00688
29	0.00573	0.00491	0.00491	0.00491	0.00655	0.00409	0.00368	0.00695	0.01105	0.01309	0.04909	0.04664	0.79750	0.01227	0.00573	0.00164	0.00245	0.01023	0.00450	0.00409
30	0.01810	0.02310	0.01373	0.01248	0.01498	0.81024	0.00936	0.01935	0.01373	0.01186	0.00749	0.00874	0.00624	0.00499	0.00437	0.00125	0.00874	0.00312	0.00250	0.00562
31	0.00915	0.00861	0.01453	0.81804	0.03338	0.01077	0.01346	0.01238	0.00969	0.01238	0.00861	0.01292	0.00646	0.00484	0.00484	0.00161	0.00646	0.00431	0.00215	0.00538
32	0.00580	0.00491	0.00500	0.00498	0.00659	0.00412	0.00374	0.00709	0.01121	0.01347	0.09399	0.04601	0.75236	0.01213	0.00573	0.00163	0.00244	0.01014	0.00455	0.00412
33	0.01089	0.00814	0.00848	0.00781	0.00993	0.00916	0.00602	0.02019	0.49059	0.01942	0.01822	0.01808	0.01388	0.00622	0.00434	0.00145	0.00323	0.00511	0.33239	0.00646
34	0.00967	0.00519	0.00760	0.00719	0.00765	0.00551	0.00519	0.00863	0.00728	0.08417	0.00980	0.01508	0.00903	0.01744	0.10941	0.61367	0.06737	0.00439	0.00253	0.00319
35	0.08216	0.00628	0.00769	0.00719	0.00889	0.00600	0.00529	0.01357	0.04836	0.25501	0.04650	0.32331	0.03640	0.12102	0.00794	0.00212	0.00357	0.00859	0.00467	0.00543
36	0.01492	0.01143	0.01235	0.01006	0.01322	0.01268	0.00810	0.45141	0.24721	0.02596	0.12481	0.01700	0.01546	0.00662	0.00499	0.00152	0.00446	0.00531	0.00494	0.00756
37	0.25779	0.01019	0.01516	0.23905	0.31375	0.01117	0.05775	0.01405	0.00988	0.01658	0.00833	0.01112	0.00662	0.00450	0.00435	0.00152	0.00551	0.00391	0.00251	0.00627
38	0.01176	0.00865	0.01271	0.07989	0.19303	0.00890	0.03716	0.06926	0.08459	0.12798	0.07708	0.06624	0.05439	0.01005	0.08272	0.00220	0.00547	0.05763	0.00391	0.00640
39	0.13068	0.00604	0.00739	0.00738	0.00894	0.00586	0.00564	0.01200	0.01058	0.18408	0.05677	0.39242	0.02399	0.01121	0.00550	0.00182	0.00344	0.11646	0.00464	0.00515
40	0.00612	0.00440	0.00566	0.00658	0.00699	0.00413	0.00447	0.00699	0.00930	0.01225	0.02728	0.63544	0.09227	0.09860	0.00808	0.00224	0.00308	0.05790	0.00434	0.00388
41	0.01260	0.01109	0.01713	0.21682	0.40361	0.01192	0.03003	0.15113	0.05179	0.03167	0.01016	0.01256	0.00790	0.00485	0.00485	0.00150	0.00578	0.00442	0.00296	0.00720
42	0.01292	0.00975	0.01626	0.13681	0.24690	0.02444	0.13112	0.01557	0.01132	0.18900	0.01348	0.06480	0.01115	0.00744	0.04421	0.00189	0.00603	0.04679	0.00342	0.00668
43	0.03632	0.01195	0.01196	0.00965	0.01304	0.16986	0.00776	0.13082	0.03259	0.47172	0.04371	0.01482	0.01146	0.00590	0.00476	0.00145	0.00514	0.00456	0.00502	0.00751
44	0.03419	0.06572	0.06170	0.07795	0.29909	0.05945	0.01083	0.01400	0.01049	0.01506	0.00851	0.01071	0.00705	0.00427	0.00446	0.00120	0.02373	0.00357	0.00251	0.28552

[dist]
# distance from previous block
# <min> <max>
0	2

[block]
# block no. 3 follows, 52 sequences, length 39
# corresponding to MSA columns:
# 191-229
name=unknown_D
#
# <colnr> <probs for GDERKNQSTAVLIFYWHMCP>
#	G	D	E	R	K	N	Q	S	T	A	V	L	I	F	Y	W	H	M	C	P
0	0.26576	0.01103	0.10189	0.01285	0.16951	0.01019	0.00935	0.06997	0.01106	0.01871	0.12045	0.02940	0.01372	0.00631	0.00525	0.00157	0.06061	0.05242	0.00329	0.02665
1	0.04429	0.00917	0.01094	0.00907	0.04838	0.00838	0.00686	0.16388	0.01335	0.17047	0.05656	0.03154	0.02660	0.03357	0.00505	0.00130	0.00406	0.00445	0.00405	0.34804
2	0.00646	0.00483	0.00584	0.00592	0.00695	0.00441	0.00430	0.00797	0.01140	0.01516	0.33566	0.16077	0.25610	0.10133	0.00792	0.00201	0.00280	0.05138	0.00466	0.00415
3	0.21470	0.00691	0.00837	0.07763	0.03951	0.00711	0.00629	0.01262	0.01068	0.15100	0.15096	0.25652	0.02147	0.00886	0.00495	0.00165	0.00359	0.00756	0.00426	0.00536
4	0.01199	0.01151	0.01967	0.02974	0.79946	0.01151	0.01487	0.01487	0.01103	0.01583	0.00912	0.01199	0.00768	0.00432	0.00480	0.00144	0.00576	0.00432	0.00240	0.00768
5	0.00903	0.00654	0.00791	0.00754	0.00878	0.00714	0.00556	0.01329	0.26899	0.01340	0.01774	0.02078	0.09932	0.04859	0.14251	0.30397	0.00534	0.00558	0.00343	0.00458
6	0.18581	0.00605	0.00678	0.00682	0.00831	0.00613	0.00526	0.01059	0.03237	0.04700	0.23304	0.22947	0.08097	0.01049	0.00535	0.00174	0.00314	0.11148	0.00448	0.00473
7	0.01005	0.00861	0.01005	0.00718	0.01148	0.00646	0.00574	0.01220	0.01005	0.01579	0.00861	0.01005	0.00718	0.00359	0.00359	0.00072	0.00359	0.00287	0.00287	0.85932
8	0.01185	0.01019	0.01078	0.00971	0.01239	0.01175	0.00755	0.02509	0.75965	0.02024	0.05079	0.01880	0.01603	0.00671	0.00496	0.00164	0.00377	0.00561	0.00495	0.00755
9	0.01211	0.00604	0.00800	0.00758	0.00943	0.00545	0.00592	0.01359	0.01141	0.30440	0.02564	0.27898	0.10339	0.04067	0.00641	0.00191	0.00362	0.14485	0.00499	0.00560
10	0.00656	0.00503	0.00596	0.00603	0.00715	0.00466	0.00435	0.00865	0.05080	0.01538	0.30841	0.22044	0.27411	0.05207	0.00672	0.00182	0.00266	0.01012	0.00474	0.00435
11	0.86392	0.00937	0.00712	0.00637	0.00937	0.01087	0.00525	0.01425	0.00825	0.02174	0.00675	0.00787	0.00525	0.00450	0.00300	0.00150	0.00375	0.00262	0.00300	0.00525
12	0.00590	0.00422	0.00562	0.00675	0.00703	0.00394	0.00450	0.00675	0.00928	0.01237	0.02671	0.82653	0.03205	0.01518	0.00619	0.00197	0.00281	0.01378	0.00450	0.00394
13	0.01191	0.00608	0.00770	0.00720	0.00895	0.00567	0.00540	0.04418	0.03175	0.25913	0.03967	0.36608	0.05164	0.01023	0.00529	0.00166	0.00325	0.00894	0.11964	0.00564
14	0.01924	0.01226	0.01373	0.01053	0.01437	0.01308	0.00870	0.59612	0.02059	0.22083	0.01348	0.01283	0.00917	0.00586	0.00485	0.00147	0.00503	0.00449	0.00513	0.00824
15	0.00573	0.00491	0.00491	0.00491	0.00655	0.00409	0.00368	0.00695	0.01105	0.01309	0.04909	0.04664	0.79750	0.01227	0.00573	0.00164	0.00245	0.01023	0.00450	0.00409
16	0.01005	0.00861	0.01005	0.00718	0.01148	0.00646	0.00574	0.01220	0.01005	0.01579	0.00861	0.01005	0.00718	0.00359	0.00359	0.00072	0.00359	0.00287	0.00287	0.85932
17	0.00693	0.00463	0.00567	0.00609	0.00652	0.00438	0.00393	0.00757	0.00888	0.04016	0.04998	0.40298	0.08780	0.32667	0.01317	0.00296	0.00354	0.01042	0.00398	0.00374
18	0.00573	0.00491	0.00491	0.00491	0.00655	0.00409	0.00368	0.00695	0.01105	0.01309	0.04909	0.04664	0.79750	0.01227	0.00573	0.00164	0.00245	0.01023	0.00450	0.00409
19	0.00599	0.00492	0.00527	0.00518	0.00671	0.00420	0.00389	0.00746	0.01167	0.01456	0.22276	0.04421	0.62291	0.01172	0.00572	0.00161	0.00242	0.00989	0.00469	0.00420
20	0.10546	0.01028	0.01373	0.04833	0.01323	0.01380	0.00990	0.01201	0.00775	0.01302	0.00662	0.01038	0.00628	0.00763	0.01336	0.00196	0.65266	0.00400	0.00226	0.04736
21	0.01005	0.00861	0.01005	0.00718	0.01148	0.00646	0.00574	0.01220	0.01005	0.01579	0.00861	0.01005	0.00718	0.00359	0.00359	0.00072	0.00359	0.00287	0.00287	0.85932
22	0.00573	0.00491	0.00491	0.00491	0.00655	0.00409	0.00368	0.00695	0.01105	0.01309	0.04909	0.04664	0.79750	0.01227	0.00573	0.00164	0.00245	0.01023	0.00450	0.00409
23	0.01296	0.83261	0.02539	0.00829	0.01244	0.01917	0.00829	0.01451	0.00985	0.01140	0.00674	0.00777	0.00622	0.00415	0.00311	0.00104	0.00518	0.00259	0.00207	0.00622
24	0.01408	0.01309	0.01545	0.13555	0.15077	0.12138	0.02393	0.24791	0.04496	0.01863	0.00950	0.01158	0.00750	0.00580	0.00684	0.00158	0.15726	0.00422	0.00317	0.00677
25	0.11552	0.00637	0.00744	0.00705	0.00851	0.00634	0.00518	0.04957	0.01021	0.16567	0.01850	0.21420	0.01896	0.25728	0.01110	0.00264	0.00404	0.08237	0.00414	0.00489
26	0.00764	0.00578	0.00716	0.00667	0.00805	0.00570	0.00504	0.01166	0.13123	0.01956	0.67936	0.03346	0.04105	0.00940	0.00560	0.00154	0.00252	0.00827	0.00527	0.00504
27	0.01296	0.83261	0.02539	0.00829	0.01244	0.01917	0.00829	0.01451	0.00985	0.01140	0.00674	0.00777	0.00622	0.00415	0.00311	0.00104	0.00518	0.00259	0.00207	0.00622
28	0.00827	0.00707	0.01056	0.26565	0.03825	0.00845	0.00859	0.01061	0.03697	0.01213	0.03102	0.04966	0.03121	0.12693	0.24834	0.00393	0.08927	0.00559	0.00272	0.00477
29	0.00904	0.00517	0.00672	0.00679	0.00802	0.00465	0.00491	0.01032	0.01095	0.16529	0.12450	0.46995	0.13005	0.01238	0.00581	0.00178	0.00295	0.01097	0.00489	0.00486
30	0.00781	0.00558	0.00781	0.00892	0.01004	0.00558	0.00781	0.01004	0.01116	0.01450	0.02566	0.05466	0.02789	0.01339	0.00669	0.00223	0.00446	0.76685	0.00446	0.00446
31	0.01296	0.83261	0.02539	0.00829	0.01244	0.01917	0.00829	0.01451	0.00985	0.01140	0.00674	0.00777	0.00622	0.00415	0.00311	0.00104	0.00518	0.00259	0.00207	0.00622
32	0.01627	0.08395	0.09218	0.01381	0.13280	0.25401	0.03962	0.01854	0.01261	0.23893	0.04282	0.01277	0.00971	0.00523	0.00460	0.00138	0.00624	0.00413	0.00351	0.00687
33	0.01253	0.01065	0.01123	0.00996	0.01278	0.01228	0.00779	0.08253	0.73315	0.02104	0.01912	0.01760	0.01430	0.00652	0.00492	0.00163	0.00395	0.00540	0.00492	0.00771
34	0.00690	0.00509	0.00723	0.00723	0.00797	0.00574	0.00541	0.00830	0.00776	0.01097	0.01462	0.02229	0.03976	0.18027	0.63982	0.00702	0.01111	0.00570	0.00272	0.00407
35	0.00915	0.00861	0.01453	0.81804	0.03338	0.01077	0.01346	0.01238	0.00969	0.01238	0.00861	0.01292	0.00646	0.00484	0.00484	0.00161	0.00646	0.00431	0.00215	0.00538
36	0.01204	0.01108	0.01842	0.04333	0.63596	0.01118	0.04159	0.01581	0.07568	0.04114	0.03885	0.01358	0.00974	0.00476	0.00488	0.00147	0.00552	0.00464	0.00282	0.00749
37	0.00896	0.00747	0.00839	0.00844	0.02299	0.09787	0.00625	0.01048	0.03188	0.02679	0.08140	0.07363	0.01673	0.07481	0.32442	0.09967	0.02397	0.06827	0.00318	0.00439
38	0.00714	0.00551	0.00747	0.03362	0.07335	0.00523	0.00549	0.00908	0.01214	0.01676	0.48721	0.11887	0.12285	0.06549	0.00694	0.00179	0.00294	0.00884	0.00465	0.00462

[dist]
# distance from previous block
# <min> <max>
0	4

# created by:
# /st0/software/busco_prod/Augustus/scripts/msa2prfl.pl ./align_prep/65345.fa
