[name]
unknown

[dist]
# distance from previous block
# <min> <max>
2	193

[block]
# block no. 0 follows, 46 sequences, length 6
# corresponding to MSA columns:
# 195-200
name=unknown_A
#
# <colnr> <probs for GDERKNQSTAVLIFYWHMCP>
#	G	D	E	R	K	N	Q	S	T	A	V	L	I	F	Y	W	H	M	C	P
0	0.01368	0.00924	0.01068	0.04739	0.01265	0.02611	0.00734	0.20843	0.04931	0.12893	0.04197	0.14778	0.06042	0.13215	0.00897	0.00227	0.00478	0.04994	0.00480	0.03318
1	0.00959	0.00679	0.00798	0.00764	0.00900	0.00688	0.00558	0.11313	0.04038	0.03499	0.11000	0.20293	0.11629	0.18585	0.05624	0.00294	0.00456	0.04573	0.02835	0.00513
2	0.16253	0.01307	0.01234	0.11888	0.01634	0.14463	0.00889	0.15450	0.05153	0.02212	0.16371	0.02049	0.04749	0.00773	0.00551	0.00182	0.00574	0.00581	0.02993	0.00693
3	0.26732	0.01240	0.01303	0.31164	0.02195	0.12205	0.01037	0.09369	0.01253	0.07450	0.00978	0.01193	0.00725	0.00540	0.00461	0.00164	0.00619	0.00401	0.00329	0.00641
4	0.01325	0.01251	0.01820	0.24083	0.36417	0.05628	0.01416	0.09772	0.04089	0.01759	0.01020	0.01326	0.00817	0.00551	0.00611	0.00168	0.06444	0.00468	0.00292	0.00743
5	0.01475	0.01656	0.01364	0.01226	0.01375	0.37396	0.00959	0.01622	0.01164	0.01350	0.00935	0.01245	0.00824	0.01043	0.09326	0.00242	0.26845	0.00420	0.08960	0.00574

[dist]
# distance from previous block
# <min> <max>
2	4

[block]
# block no. 1 follows, 46 sequences, length 9
# corresponding to MSA columns:
# 205-213
name=unknown_B
#
# <colnr> <probs for GDERKNQSTAVLIFYWHMCP>
#	G	D	E	R	K	N	Q	S	T	A	V	L	I	F	Y	W	H	M	C	P
0	0.13475	0.00638	0.00741	0.00740	0.00891	0.00632	0.00544	0.01188	0.04624	0.08947	0.20640	0.36802	0.05759	0.01196	0.00589	0.00188	0.00325	0.01044	0.00506	0.00531
1	0.01206	0.00675	0.00836	0.00772	0.00959	0.00637	0.00572	0.01488	0.09216	0.22229	0.11785	0.22444	0.12001	0.11648	0.00874	0.00226	0.00372	0.00936	0.00528	0.00595
2	0.01305	0.00610	0.00720	0.00639	0.00831	0.00570	0.00490	0.01518	0.01234	0.22458	0.09939	0.02343	0.04034	0.07096	0.00631	0.00171	0.00323	0.00592	0.43906	0.00588
3	0.00671	0.00505	0.00621	0.00661	0.00760	0.00455	0.00469	0.00823	0.01213	0.01608	0.26629	0.37020	0.23852	0.01394	0.00646	0.00190	0.00279	0.01231	0.00519	0.00455
4	0.00893	0.00518	0.00602	0.00610	0.00725	0.00499	0.00445	0.01083	0.01136	0.05055	0.11779	0.18615	0.09251	0.04434	0.04843	0.00209	0.00344	0.00829	0.37646	0.00486
5	0.01055	0.00593	0.00767	0.00742	0.00905	0.00532	0.00556	0.01220	0.01271	0.18625	0.20039	0.31048	0.15234	0.01246	0.00626	0.00188	0.00326	0.03926	0.00547	0.00554
6	0.16432	0.00785	0.00888	0.00750	0.01020	0.00767	0.00591	0.03346	0.02859	0.31454	0.06845	0.02103	0.04839	0.08471	0.00683	0.00191	0.00391	0.00557	0.16365	0.00661
7	0.15360	0.00715	0.00803	0.00759	0.00908	0.00766	0.00557	0.08396	0.01079	0.04646	0.03855	0.14046	0.04647	0.22258	0.18523	0.00413	0.00652	0.00731	0.00386	0.00502
8	0.09222	0.00653	0.00780	0.00711	0.00905	0.00611	0.00537	0.01312	0.01278	0.18760	0.26698	0.13161	0.14713	0.07406	0.00745	0.00201	0.00340	0.00877	0.00527	0.00563

[dist]
# distance from previous block
# <min> <max>
3	11

[block]
# block no. 2 follows, 46 sequences, length 14
# corresponding to MSA columns:
# 225-229,231-239
name=unknown_C
#
# <colnr> <probs for GDERKNQSTAVLIFYWHMCP>
#	G	D	E	R	K	N	Q	S	T	A	V	L	I	F	Y	W	H	M	C	P
0	0.30341	0.01221	0.09864	0.00939	0.01346	0.03617	0.00850	0.06250	0.01313	0.33679	0.04677	0.01436	0.01100	0.00595	0.00461	0.00163	0.00489	0.00441	0.00471	0.00748
1	0.14058	0.06838	0.53155	0.01411	0.06307	0.01245	0.01589	0.01704	0.01110	0.06562	0.00977	0.01115	0.00705	0.00505	0.00469	0.00163	0.00682	0.00382	0.00268	0.00754
2	0.01308	0.01256	0.02146	0.03245	0.78123	0.01256	0.01622	0.01622	0.01204	0.01727	0.00994	0.01308	0.00837	0.00471	0.00523	0.00157	0.00628	0.00471	0.00262	0.00837
3	0.01060	0.02735	0.78682	0.01507	0.02288	0.01228	0.01953	0.01674	0.01116	0.01674	0.00949	0.01116	0.00670	0.00502	0.00502	0.00167	0.00781	0.00391	0.00223	0.00781
4	0.00625	0.00536	0.00536	0.00536	0.00714	0.00446	0.00402	0.00759	0.01205	0.01428	0.05355	0.05088	0.77909	0.01339	0.00625	0.00179	0.00268	0.01116	0.00491	0.00446
5	0.01096	0.00940	0.01096	0.00783	0.01253	0.00705	0.00626	0.01331	0.01096	0.01723	0.00940	0.01096	0.00783	0.00392	0.00392	0.00078	0.00392	0.00313	0.00313	0.84653
6	0.01645	0.00768	0.01006	0.00846	0.01143	0.00675	0.00675	0.01870	0.03253	0.43303	0.10050	0.12575	0.08856	0.00914	0.00569	0.00171	0.00393	0.04735	0.00578	0.05972
7	0.01315	0.01136	0.01195	0.01076	0.01375	0.01315	0.00837	0.02809	0.77168	0.02211	0.02152	0.01972	0.01614	0.00717	0.00538	0.00179	0.00418	0.00598	0.00538	0.00837
8	0.01308	0.01256	0.02146	0.03245	0.78123	0.01256	0.01622	0.01622	0.01204	0.01727	0.00994	0.01308	0.00837	0.00471	0.00523	0.00157	0.00628	0.00471	0.00262	0.00837
9	0.00752	0.00505	0.00582	0.00598	0.00602	0.00501	0.00343	0.00764	0.00802	0.01069	0.01835	0.13965	0.02135	0.70625	0.02418	0.00472	0.00485	0.00868	0.00343	0.00335
10	0.54480	0.01155	0.01053	0.00870	0.01232	0.01299	0.00718	0.24559	0.01424	0.07426	0.00984	0.01043	0.00719	0.00545	0.00402	0.00162	0.00464	0.00360	0.00409	0.00693
11	0.01248	0.01426	0.03119	0.02228	0.02763	0.01337	0.76203	0.01693	0.01248	0.01693	0.01070	0.01426	0.00802	0.00446	0.00624	0.00178	0.00891	0.00624	0.00267	0.00713
12	0.01836	0.15300	0.01726	0.05491	0.01697	0.49868	0.01024	0.13970	0.01564	0.01618	0.00883	0.01011	0.00717	0.00543	0.00465	0.00138	0.00816	0.00360	0.00304	0.00668
13	0.00798	0.00634	0.00836	0.00754	0.00931	0.00585	0.04827	0.04219	0.01417	0.01899	0.43098	0.04160	0.27616	0.01128	0.00626	0.00175	0.00319	0.04941	0.00528	0.00511

[dist]
# distance from previous block
# <min> <max>
1	5

[block]
# block no. 3 follows, 46 sequences, length 126
# corresponding to MSA columns:
# 245-370
name=unknown_D
#
# <colnr> <probs for GDERKNQSTAVLIFYWHMCP>
#	G	D	E	R	K	N	Q	S	T	A	V	L	I	F	Y	W	H	M	C	P
0	0.01555	0.00925	0.01143	0.00840	0.01288	0.00731	0.00681	0.01779	0.01246	0.29309	0.01351	0.01349	0.00972	0.00486	0.00442	0.00109	0.00412	0.00392	0.00436	0.54556
1	0.01315	0.01136	0.01195	0.01076	0.01375	0.01315	0.00837	0.02809	0.77168	0.02211	0.02152	0.01972	0.01614	0.00717	0.00538	0.00179	0.00418	0.00598	0.00538	0.00837
2	0.00841	0.00601	0.00840	0.00961	0.01079	0.00599	0.00833	0.01077	0.01207	0.01570	0.02805	0.09796	0.03066	0.01470	0.00727	0.00242	0.00478	0.70837	0.00487	0.00484
3	0.01315	0.01136	0.01195	0.01076	0.01375	0.01315	0.00837	0.02809	0.77168	0.02211	0.02152	0.01972	0.01614	0.00717	0.00538	0.00179	0.00418	0.00598	0.00538	0.00837
4	0.00768	0.00514	0.00582	0.00581	0.00586	0.00512	0.00328	0.00779	0.00801	0.01074	0.05056	0.03481	0.02058	0.77846	0.02599	0.00497	0.00501	0.00777	0.00332	0.00328
5	0.00655	0.00467	0.00622	0.00741	0.00775	0.00438	0.00500	0.00750	0.01014	0.01351	0.02882	0.76580	0.03445	0.03393	0.00721	0.00222	0.00318	0.04210	0.00487	0.00429
6	0.00755	0.00566	0.00850	0.00850	0.00944	0.00661	0.00661	0.00944	0.00850	0.01227	0.01416	0.02077	0.01322	0.03965	0.79326	0.00850	0.01416	0.00566	0.00283	0.00472
7	0.00985	0.00493	0.00493	0.00493	0.00616	0.00493	0.00370	0.01232	0.01109	0.01971	0.01725	0.01971	0.01355	0.00616	0.00370	0.00123	0.00246	0.00493	0.84356	0.00493
8	0.00755	0.00566	0.00850	0.00850	0.00944	0.00661	0.00661	0.00944	0.00850	0.01227	0.01416	0.02077	0.01322	0.03965	0.79326	0.00850	0.01416	0.00566	0.00283	0.00472
9	0.02010	0.01481	0.01587	0.01216	0.01639	0.01639	0.01005	0.76360	0.02486	0.03332	0.01269	0.01269	0.00899	0.00635	0.00529	0.00159	0.00582	0.00476	0.00529	0.00899
10	0.00985	0.00493	0.00493	0.00493	0.00616	0.00493	0.00370	0.01232	0.01109	0.01971	0.01725	0.01971	0.01355	0.00616	0.00370	0.00123	0.00246	0.00493	0.84356	0.00493
11	0.85155	0.01022	0.00777	0.00695	0.01022	0.01186	0.00573	0.01554	0.00900	0.02372	0.00736	0.00859	0.00573	0.00491	0.00327	0.00164	0.00409	0.00286	0.00327	0.00573
12	0.00755	0.00566	0.00850	0.00850	0.00944	0.00661	0.00661	0.00944	0.00850	0.01227	0.01416	0.02077	0.01322	0.03965	0.79326	0.00850	0.01416	0.00566	0.00283	0.00472
13	0.00998	0.00940	0.01586	0.80150	0.03641	0.01175	0.01468	0.01351	0.01057	0.01351	0.00940	0.01409	0.00705	0.00529	0.00529	0.00176	0.00705	0.00470	0.00235	0.00587
14	0.01308	0.01256	0.02146	0.03245	0.78123	0.01256	0.01622	0.01622	0.01204	0.01727	0.00994	0.01308	0.00837	0.00471	0.00523	0.00157	0.00628	0.00471	0.00262	0.00837
15	0.02372	0.00900	0.01227	0.00941	0.01350	0.00777	0.00777	0.02576	0.01513	0.78489	0.02086	0.01799	0.01309	0.00654	0.00532	0.00164	0.00450	0.00532	0.00654	0.00900
16	0.00768	0.00515	0.00587	0.00587	0.00590	0.00518	0.00333	0.00775	0.00772	0.01033	0.01656	0.03408	0.01900	0.78534	0.05547	0.00525	0.00546	0.00761	0.00319	0.00326
17	0.01194	0.32634	0.49953	0.01279	0.01936	0.01555	0.01556	0.01640	0.01100	0.01511	0.00868	0.01015	0.00673	0.00483	0.00441	0.00147	0.00700	0.00350	0.00224	0.00742
18	0.01382	0.74717	0.09517	0.00958	0.01440	0.02015	0.00998	0.01591	0.01078	0.01282	0.00754	0.00872	0.00678	0.00457	0.00354	0.00118	0.00585	0.00292	0.00226	0.00688
19	0.00755	0.00566	0.00850	0.00850	0.00944	0.00661	0.00661	0.00944	0.00850	0.01227	0.01416	0.02077	0.01322	0.03965	0.79326	0.00850	0.01416	0.00566	0.00283	0.00472
20	0.00762	0.00562	0.00761	0.00727	0.00834	0.00571	0.00549	0.00979	0.01273	0.01810	0.52054	0.03364	0.03766	0.05928	0.21270	0.00364	0.02630	0.00832	0.00482	0.00485
21	0.15583	0.02242	0.01382	0.02886	0.01576	0.64882	0.00957	0.02004	0.01391	0.01472	0.00806	0.00947	0.00664	0.00536	0.00453	0.00142	0.00859	0.00334	0.00281	0.00606
22	0.00632	0.00521	0.00556	0.00579	0.00727	0.00444	0.00422	0.00761	0.01174	0.01431	0.06804	0.20205	0.61129	0.01395	0.00635	0.00185	0.00275	0.01189	0.00493	0.00444
23	0.00645	0.00491	0.00596	0.00677	0.00761	0.00442	0.00474	0.00757	0.01085	0.01384	0.03733	0.52751	0.28585	0.01542	0.00660	0.00204	0.00300	0.03988	0.00491	0.00437
24	0.22938	0.02741	0.01282	0.14578	0.01669	0.01261	0.00920	0.18663	0.01379	0.07561	0.07589	0.03481	0.01192	0.00682	0.00654	0.00175	0.11688	0.00491	0.00391	0.00666
25	0.01101	0.09150	0.68914	0.01538	0.05718	0.01300	0.01852	0.01664	0.01117	0.01641	0.00933	0.01103	0.00678	0.00497	0.00490	0.00162	0.00756	0.00386	0.00225	0.00775
26	0.01275	0.01222	0.02085	0.11599	0.70032	0.01247	0.01606	0.01593	0.01188	0.01686	0.00988	0.01319	0.00823	0.00477	0.00524	0.00159	0.00636	0.00471	0.00259	0.00810
27	0.00755	0.00566	0.00850	0.00850	0.00944	0.00661	0.00661	0.00944	0.00850	0.01227	0.01416	0.02077	0.01322	0.03965	0.79326	0.00850	0.01416	0.00566	0.00283	0.00472
28	0.01096	0.00940	0.01096	0.00783	0.01253	0.00705	0.00626	0.01331	0.01096	0.01723	0.00940	0.01096	0.00783	0.00392	0.00392	0.00078	0.00392	0.00313	0.00313	0.84653
29	0.01185	0.01867	0.28612	0.01985	0.02603	0.01300	0.51153	0.01687	0.01203	0.01687	0.01029	0.01321	0.00757	0.00465	0.00583	0.00175	0.00854	0.00545	0.00252	0.00736
30	0.00635	0.00539	0.00550	0.00556	0.00732	0.00454	0.00423	0.00774	0.01206	0.01435	0.05236	0.05129	0.74409	0.01345	0.00630	0.00182	0.00278	0.04549	0.00491	0.00448
31	0.01277	0.01320	0.05554	0.01690	0.08341	0.01302	0.28505	0.03671	0.36413	0.01962	0.01655	0.01730	0.02833	0.00599	0.00568	0.00176	0.00626	0.00596	0.00400	0.00782
32	0.00698	0.00538	0.00637	0.00613	0.00759	0.00478	0.00460	0.00901	0.01379	0.01840	0.48532	0.04409	0.34475	0.01185	0.00624	0.00171	0.00257	0.01021	0.00545	0.00478
33	0.01261	0.01247	0.01524	0.25816	0.04187	0.10843	0.02646	0.05210	0.13713	0.01612	0.04636	0.01489	0.01062	0.00693	0.00846	0.00185	0.21563	0.00499	0.00320	0.00649
34	0.85155	0.01022	0.00777	0.00695	0.01022	0.01186	0.00573	0.01554	0.00900	0.02372	0.00736	0.00859	0.00573	0.00491	0.00327	0.00164	0.00409	0.00286	0.00327	0.00573
35	0.54653	0.02912	0.00997	0.00799	0.01158	0.01110	0.00662	0.05637	0.01164	0.24761	0.01160	0.01156	0.00808	0.00545	0.00398	0.00162	0.00433	0.00368	0.00431	0.00688
36	0.01921	0.02430	0.01506	0.01364	0.01618	0.74218	0.01030	0.02056	0.01453	0.01292	0.00809	0.00967	0.00682	0.00570	0.00559	0.00142	0.06153	0.00348	0.00270	0.00611
37	0.00755	0.00566	0.00850	0.00850	0.00944	0.00661	0.00661	0.00944	0.00850	0.01227	0.01416	0.02077	0.01322	0.03965	0.79326	0.00850	0.01416	0.00566	0.00283	0.00472
38	0.01460	0.75107	0.02664	0.00943	0.01380	0.08556	0.00914	0.01627	0.01110	0.01248	0.00742	0.00857	0.00679	0.00460	0.00351	0.00115	0.00598	0.00288	0.00230	0.00673
39	0.01096	0.00940	0.01096	0.00783	0.01253	0.00705	0.00626	0.01331	0.01096	0.01723	0.00940	0.01096	0.00783	0.00392	0.00392	0.00078	0.00392	0.00313	0.00313	0.84653
40	0.01323	0.01074	0.01218	0.00891	0.01349	0.00937	0.00720	0.19976	0.01441	0.02123	0.01022	0.01139	0.00812	0.00452	0.00426	0.00098	0.00439	0.00354	0.00367	0.63840
41	0.85155	0.01022	0.00777	0.00695	0.01022	0.01186	0.00573	0.01554	0.00900	0.02372	0.00736	0.00859	0.00573	0.00491	0.00327	0.00164	0.00409	0.00286	0.00327	0.00573
42	0.00751	0.00520	0.00648	0.00704	0.00749	0.00507	0.00488	0.00833	0.00962	0.01270	0.04335	0.23809	0.06127	0.36426	0.01598	0.02465	0.00435	0.16569	0.00411	0.00391
43	0.01975	0.02520	0.01498	0.01362	0.01634	0.79299	0.01021	0.02111	0.01498	0.01294	0.00817	0.00953	0.00681	0.00545	0.00477	0.00136	0.00953	0.00340	0.00272	0.00613
44	0.00813	0.00591	0.00851	0.00923	0.01034	0.00630	0.00774	0.01034	0.01068	0.01438	0.02237	0.04383	0.02343	0.02478	0.32680	0.00490	0.00865	0.44484	0.00404	0.00481
45	0.00735	0.00546	0.00798	0.00816	0.00902	0.00608	0.00619	0.00911	0.00925	0.01314	0.07240	0.16097	0.01971	0.03349	0.59778	0.00688	0.01136	0.00759	0.00341	0.00466
46	0.00665	0.00469	0.00607	0.00709	0.00735	0.00444	0.00462	0.00742	0.00971	0.01294	0.02702	0.67904	0.03229	0.15193	0.01017	0.00265	0.00342	0.01378	0.00462	0.00411
47	0.02010	0.01481	0.01587	0.01216	0.01639	0.01639	0.01005	0.76360	0.02486	0.03332	0.01269	0.01269	0.00899	0.00635	0.00529	0.00159	0.00582	0.00476	0.00529	0.00899
48	0.01275	0.01222	0.02085	0.11599	0.70032	0.01247	0.01606	0.01593	0.01188	0.01686	0.00988	0.01319	0.00823	0.00477	0.00524	0.00159	0.00636	0.00471	0.00259	0.00810
49	0.00694	0.00525	0.00646	0.00681	0.00796	0.00477	0.00509	0.00864	0.01241	0.01633	0.26140	0.25588	0.26826	0.01362	0.00651	0.00192	0.00299	0.09896	0.00518	0.00462
50	0.00647	0.00514	0.00583	0.00620	0.00747	0.00450	0.00449	0.00781	0.01171	0.01468	0.10872	0.28760	0.46412	0.01418	0.00643	0.00190	0.00284	0.03046	0.00499	0.00447
51	0.00727	0.00495	0.00589	0.00630	0.00641	0.00484	0.00378	0.00758	0.00851	0.01135	0.02087	0.29645	0.02453	0.54510	0.02011	0.00412	0.00443	0.01016	0.00378	0.00357
52	0.01824	0.00778	0.01051	0.00848	0.01161	0.00683	0.00683	0.02044	0.01507	0.52724	0.27645	0.02525	0.02550	0.00798	0.00563	0.00164	0.00382	0.00675	0.00630	0.00764
53	0.01103	0.00738	0.00877	0.00847	0.01031	0.00752	0.00629	0.01645	0.23987	0.12919	0.07547	0.34490	0.08937	0.01165	0.00605	0.00191	0.00354	0.01022	0.00535	0.00626
54	0.01308	0.01256	0.02146	0.03245	0.78123	0.01256	0.01622	0.01622	0.01204	0.01727	0.00994	0.01308	0.00837	0.00471	0.00523	0.00157	0.00628	0.00471	0.00262	0.00837
55	0.00635	0.00508	0.00568	0.00611	0.00735	0.00442	0.00436	0.00757	0.01143	0.01417	0.06292	0.32487	0.49221	0.01447	0.00643	0.00191	0.00281	0.01251	0.00493	0.00442
56	0.00747	0.00533	0.00648	0.00706	0.00810	0.00492	0.00505	0.00923	0.04055	0.04319	0.05139	0.47069	0.24176	0.01452	0.00646	0.00200	0.00311	0.04707	0.02088	0.00473
57	0.00668	0.00510	0.00599	0.00658	0.00754	0.00461	0.00468	0.00781	0.01082	0.01367	0.03761	0.35079	0.33534	0.10175	0.00878	0.00235	0.00329	0.07759	0.00472	0.00430
58	0.00625	0.00536	0.00536	0.00536	0.00714	0.00446	0.00402	0.00759	0.01205	0.01428	0.05355	0.05088	0.77909	0.01339	0.00625	0.00179	0.00268	0.01116	0.00491	0.00446
59	0.00908	0.00580	0.00738	0.00686	0.00849	0.00523	0.00526	0.01129	0.01428	0.10378	0.52802	0.05637	0.16842	0.01104	0.00619	0.00172	0.00285	0.03691	0.00569	0.00532
60	0.01633	0.00986	0.01166	0.00943	0.01252	0.00999	0.00759	0.30008	0.01856	0.21906	0.25734	0.04473	0.04291	0.00825	0.00566	0.00164	0.00428	0.00685	0.00575	0.00749
61	0.00681	0.00512	0.00631	0.00656	0.00763	0.00462	0.00471	0.00848	0.01258	0.01683	0.33999	0.30261	0.23162	0.01341	0.00641	0.00186	0.00273	0.01181	0.00528	0.00462
62	0.00773	0.00557	0.00743	0.00750	0.00872	0.00527	0.00594	0.01017	0.01408	0.01954	0.55588	0.06546	0.04423	0.01199	0.00654	0.00188	0.00315	0.20844	0.00554	0.00494
63	0.01963	0.01458	0.01560	0.01207	0.01622	0.01618	0.00994	0.71433	0.07489	0.03257	0.01328	0.01316	0.00947	0.00640	0.00529	0.00160	0.00571	0.00484	0.00529	0.00895
64	0.02098	0.01671	0.01458	0.01189	0.01558	0.27602	0.00948	0.30980	0.01884	0.23353	0.01342	0.01309	0.00938	0.00610	0.00512	0.00152	0.00671	0.00446	0.00477	0.00803
65	0.00779	0.00573	0.00780	0.00744	0.00838	0.00592	0.02017	0.00977	0.02870	0.01531	0.29241	0.03102	0.02806	0.23009	0.27308	0.00484	0.00722	0.00763	0.00407	0.00455
66	0.01677	0.46162	0.02242	0.01048	0.01482	0.04785	0.00950	0.32000	0.01664	0.02094	0.00955	0.01023	0.00768	0.00530	0.00421	0.00132	0.00586	0.00363	0.00351	0.00766
67	0.00835	0.00694	0.00794	0.00672	0.00948	0.00557	0.00514	0.01022	0.01184	0.01637	0.13382	0.10017	0.29890	0.00946	0.00534	0.00139	0.00319	0.00802	0.00431	0.34682
68	0.21738	0.00639	0.00626	0.00606	0.00687	0.00680	0.00383	0.00964	0.00801	0.01360	0.01435	0.02813	0.01587	0.61310	0.02103	0.00426	0.00487	0.00649	0.00322	0.00383
69	0.31779	0.01035	0.01142	0.20581	0.01809	0.01210	0.00895	0.01980	0.27227	0.05369	0.01333	0.01420	0.00996	0.00585	0.00459	0.00172	0.00487	0.00450	0.00391	0.00681
70	0.00974	0.00612	0.00759	0.00713	0.00813	0.00630	0.00501	0.04363	0.02687	0.07467	0.10149	0.02800	0.01968	0.35991	0.19295	0.02456	0.00664	0.00683	0.06009	0.00466
71	0.00660	0.00491	0.00585	0.00651	0.00719	0.00448	0.00436	0.00748	0.01027	0.01317	0.03410	0.45815	0.24823	0.15139	0.01003	0.00255	0.00330	0.01266	0.00462	0.00416
72	0.77712	0.01074	0.00846	0.04821	0.01180	0.04097	0.00635	0.01564	0.00930	0.02279	0.00750	0.00891	0.00583	0.00495	0.00343	0.00163	0.00445	0.00298	0.00320	0.00575
73	0.01151	0.01236	0.01557	0.01311	0.01551	0.18386	0.21899	0.01392	0.03229	0.01450	0.01897	0.28481	0.04986	0.04382	0.00723	0.00198	0.02620	0.02621	0.00367	0.00562
74	0.01542	0.01666	0.03099	0.07606	0.01875	0.31340	0.13767	0.01789	0.01304	0.06799	0.00993	0.01171	0.00774	0.00491	0.00487	0.00133	0.00731	0.00406	0.00305	0.23723
75	0.01067	0.00880	0.00937	0.00870	0.01073	0.00971	0.00645	0.01960	0.45213	0.01787	0.02515	0.02896	0.12864	0.20881	0.01090	0.00264	0.00421	0.02547	0.00476	0.00643
76	0.01413	0.00930	0.01129	0.00822	0.01277	0.00723	0.00664	0.01641	0.01200	0.20799	0.01224	0.01271	0.00914	0.00457	0.00426	0.00099	0.00406	0.00367	0.00398	0.63841
77	0.33585	0.01307	0.01279	0.01018	0.01405	0.01467	0.00841	0.47952	0.01883	0.02967	0.01067	0.01113	0.00775	0.00580	0.00452	0.00161	0.00516	0.00404	0.00452	0.00775
78	0.00918	0.00459	0.00689	0.00689	0.00689	0.00459	0.00459	0.00689	0.00689	0.00918	0.00918	0.01607	0.00918	0.01837	0.02066	0.84619	0.00459	0.00459	0.00230	0.00230
79	0.00918	0.00459	0.00689	0.00689	0.00689	0.00459	0.00459	0.00689	0.00689	0.00918	0.00918	0.01607	0.00918	0.01837	0.02066	0.84619	0.00459	0.00459	0.00230	0.00230
80	0.09938	0.01264	0.01812	0.31363	0.02566	0.06522	0.17194	0.16517	0.01414	0.04857	0.01048	0.01313	0.00772	0.00534	0.00525	0.00169	0.00697	0.00479	0.00328	0.00688
81	0.01076	0.00921	0.01305	0.01152	0.01152	0.01228	0.00921	0.01075	0.00769	0.01153	0.00770	0.01309	0.00770	0.01233	0.01847	0.28701	0.53465	0.00461	0.00231	0.00461
82	0.00763	0.00474	0.00577	0.00659	0.00722	0.00454	0.00457	0.00910	0.01049	0.01564	0.02510	0.52907	0.02765	0.01301	0.00573	0.00184	0.00290	0.02602	0.28785	0.00452
83	0.01014	0.00962	0.01711	0.01350	0.01624	0.00941	0.31281	0.01435	0.11414	0.01605	0.08082	0.15854	0.01953	0.17096	0.01038	0.00251	0.00596	0.00829	0.00380	0.00584
84	0.03552	0.18018	0.12658	0.01145	0.01580	0.20730	0.01052	0.09967	0.02886	0.21695	0.01221	0.01226	0.00881	0.00560	0.00470	0.00147	0.00658	0.00404	0.00389	0.00759
85	0.01975	0.02520	0.01498	0.01362	0.01634	0.79299	0.01021	0.02111	0.01498	0.01294	0.00817	0.00953	0.00681	0.00545	0.00477	0.00136	0.00953	0.00340	0.00272	0.00613
86	0.01308	0.01256	0.02146	0.03245	0.78123	0.01256	0.01622	0.01622	0.01204	0.01727	0.00994	0.01308	0.00837	0.00471	0.00523	0.00157	0.00628	0.00471	0.00262	0.00837
87	0.00660	0.00506	0.00610	0.00685	0.00783	0.00456	0.00496	0.00785	0.01109	0.01406	0.03843	0.43448	0.32153	0.01512	0.00662	0.00204	0.00312	0.09440	0.00490	0.00442
88	0.00755	0.00566	0.00850	0.00850	0.00944	0.00661	0.00661	0.00944	0.00850	0.01227	0.01416	0.02077	0.01322	0.03965	0.79326	0.00850	0.01416	0.00566	0.00283	0.00472
89	0.02372	0.00900	0.01227	0.00941	0.01350	0.00777	0.00777	0.02576	0.01513	0.78489	0.02086	0.01799	0.01309	0.00654	0.00532	0.00164	0.00450	0.00532	0.00654	0.00900
90	0.01240	0.00738	0.00765	0.00673	0.00870	0.00778	0.00527	0.19901	0.01451	0.02309	0.01611	0.01797	0.01242	0.00621	0.00409	0.00132	0.00330	0.00489	0.63525	0.00594
91	0.00852	0.00608	0.00852	0.00974	0.01095	0.00608	0.00852	0.01095	0.01217	0.01582	0.02799	0.05963	0.03042	0.01460	0.00730	0.00243	0.00487	0.74565	0.00487	0.00487
92	0.00852	0.00608	0.00852	0.00974	0.01095	0.00608	0.00852	0.01095	0.01217	0.01582	0.02799	0.05963	0.03042	0.01460	0.00730	0.00243	0.00487	0.74565	0.00487	0.00487
93	0.00646	0.00536	0.00565	0.00558	0.00727	0.00455	0.00418	0.00799	0.01255	0.01546	0.17727	0.04893	0.65464	0.01295	0.00625	0.00176	0.00265	0.01088	0.00506	0.00455
94	0.00769	0.00513	0.00577	0.00577	0.00577	0.00513	0.00320	0.00769	0.00769	0.01025	0.01666	0.03460	0.01922	0.81421	0.02691	0.00513	0.00513	0.00769	0.00320	0.00320
95	0.00769	0.00513	0.00577	0.00577	0.00577	0.00513	0.00320	0.00769	0.00769	0.01025	0.01666	0.03460	0.01922	0.81421	0.02691	0.00513	0.00513	0.00769	0.00320	0.00320
96	0.00671	0.00481	0.00637	0.00718	0.00773	0.00447	0.00493	0.00803	0.01136	0.01547	0.22105	0.61322	0.03879	0.01509	0.00662	0.00202	0.00292	0.01363	0.00514	0.00447
97	0.85155	0.01022	0.00777	0.00695	0.01022	0.01186	0.00573	0.01554	0.00900	0.02372	0.00736	0.00859	0.00573	0.00491	0.00327	0.00164	0.00409	0.00286	0.00327	0.00573
98	0.01975	0.02520	0.01498	0.01362	0.01634	0.79299	0.01021	0.02111	0.01498	0.01294	0.00817	0.00953	0.00681	0.00545	0.00477	0.00136	0.00953	0.00340	0.00272	0.00613
99	0.00967	0.00739	0.00937	0.00999	0.01165	0.00784	0.00848	0.01521	0.20090	0.01738	0.02638	0.04972	0.02687	0.01276	0.00682	0.00227	0.00470	0.56184	0.00500	0.00574
100	0.00642	0.00469	0.00604	0.00713	0.00761	0.00431	0.00480	0.00739	0.01034	0.01359	0.03195	0.72313	0.12078	0.01620	0.00669	0.00211	0.00302	0.01458	0.00491	0.00431
101	0.01060	0.02735	0.78682	0.01507	0.02288	0.01228	0.01953	0.01674	0.01116	0.01674	0.00949	0.01116	0.00670	0.00502	0.00502	0.00167	0.00781	0.00391	0.00223	0.00781
102	0.51749	0.00984	0.00966	0.00800	0.01160	0.01038	0.00660	0.03418	0.01166	0.31603	0.01265	0.01228	0.00861	0.00556	0.00410	0.00163	0.00428	0.00384	0.00457	0.00705
103	0.01248	0.01426	0.03119	0.02228	0.02763	0.01337	0.76203	0.01693	0.01248	0.01693	0.01070	0.01426	0.00802	0.00446	0.00624	0.00178	0.00891	0.00624	0.00267	0.00713
104	0.00647	0.00461	0.00613	0.00733	0.00763	0.00431	0.00487	0.00737	0.01007	0.01342	0.02887	0.79388	0.03462	0.03391	0.00719	0.00221	0.00311	0.01487	0.00487	0.00427
105	0.00662	0.00537	0.00587	0.00574	0.00737	0.00462	0.00431	0.00830	0.01292	0.01636	0.27084	0.04746	0.56051	0.01262	0.00624	0.00175	0.00262	0.01068	0.00518	0.00462
106	0.02049	0.01418	0.01547	0.01186	0.01608	0.01546	0.00980	0.68345	0.02380	0.11496	0.01358	0.01327	0.00944	0.00637	0.00529	0.00159	0.00567	0.00482	0.00542	0.00899
107	0.02010	0.01481	0.01587	0.01216	0.01639	0.01639	0.01005	0.76360	0.02486	0.03332	0.01269	0.01269	0.00899	0.00635	0.00529	0.00159	0.00582	0.00476	0.00529	0.00899
108	0.85155	0.01022	0.00777	0.00695	0.01022	0.01186	0.00573	0.01554	0.00900	0.02372	0.00736	0.00859	0.00573	0.00491	0.00327	0.00164	0.00409	0.00286	0.00327	0.00573
109	0.02372	0.00900	0.01227	0.00941	0.01350	0.00777	0.00777	0.02576	0.01513	0.78489	0.02086	0.01799	0.01309	0.00654	0.00532	0.00164	0.00450	0.00532	0.00654	0.00900
110	0.00769	0.00513	0.00577	0.00577	0.00577	0.00513	0.00320	0.00769	0.00769	0.01025	0.01666	0.03460	0.01922	0.81421	0.02691	0.00513	0.00513	0.00769	0.00320	0.00320
111	0.01060	0.02735	0.78682	0.01507	0.02288	0.01228	0.01953	0.01674	0.01116	0.01674	0.00949	0.01116	0.00670	0.00502	0.00502	0.00167	0.00781	0.00391	0.00223	0.00781
112	0.00625	0.00536	0.00536	0.00536	0.00714	0.00446	0.00402	0.00759	0.01205	0.01428	0.05355	0.05088	0.77909	0.01339	0.00625	0.00179	0.00268	0.01116	0.00491	0.00446
113	0.01534	0.01204	0.01289	0.01102	0.01435	0.01362	0.00873	0.20040	0.55609	0.06558	0.01941	0.01798	0.01430	0.00694	0.00535	0.00174	0.00458	0.00566	0.00542	0.00855
114	0.00644	0.00460	0.00613	0.00736	0.00767	0.00429	0.00491	0.00736	0.01012	0.01350	0.02914	0.81076	0.03497	0.01656	0.00675	0.00215	0.00307	0.01503	0.00491	0.00429
115	0.01975	0.02520	0.01498	0.01362	0.01634	0.79299	0.01021	0.02111	0.01498	0.01294	0.00817	0.00953	0.00681	0.00545	0.00477	0.00136	0.00953	0.00340	0.00272	0.00613
116	0.01413	0.81739	0.02770	0.00905	0.01357	0.02092	0.00905	0.01583	0.01074	0.01244	0.00735	0.00848	0.00678	0.00452	0.00339	0.00113	0.00565	0.00283	0.00226	0.00678
117	0.00748	0.00540	0.00707	0.00665	0.00790	0.00499	0.00499	0.00998	0.01496	0.02120	0.77844	0.03949	0.04988	0.01081	0.00624	0.00166	0.00249	0.00956	0.00582	0.00499
118	0.01096	0.00940	0.01096	0.00783	0.01253	0.00705	0.00626	0.01331	0.01096	0.01723	0.00940	0.01096	0.00783	0.00392	0.00392	0.00078	0.00392	0.00313	0.00313	0.84653
119	0.00748	0.00540	0.00707	0.00665	0.00790	0.00499	0.00499	0.00998	0.01496	0.02120	0.77844	0.03949	0.04988	0.01081	0.00624	0.00166	0.00249	0.00956	0.00582	0.00499
120	0.00918	0.00459	0.00689	0.00689	0.00689	0.00459	0.00459	0.00689	0.00689	0.00918	0.00918	0.01607	0.00918	0.01837	0.02066	0.84619	0.00459	0.00459	0.00230	0.00230
121	0.02010	0.01481	0.01587	0.01216	0.01639	0.01639	0.01005	0.76360	0.02486	0.03332	0.01269	0.01269	0.00899	0.00635	0.00529	0.00159	0.00582	0.00476	0.00529	0.00899
122	0.01308	0.01256	0.02146	0.03245	0.78123	0.01256	0.01622	0.01622	0.01204	0.01727	0.00994	0.01308	0.00837	0.00471	0.00523	0.00157	0.00628	0.00471	0.00262	0.00837
123	0.00641	0.00470	0.00603	0.00709	0.00760	0.00432	0.00479	0.00739	0.01039	0.01360	0.03249	0.70642	0.13714	0.01613	0.00668	0.00210	0.00301	0.01450	0.00491	0.00432
124	0.01181	0.01896	0.30235	0.01969	0.02593	0.01298	0.49558	0.01687	0.01201	0.01687	0.01026	0.01315	0.00755	0.00466	0.00580	0.00174	0.00852	0.00540	0.00252	0.00738
125	0.01315	0.01136	0.01195	0.01076	0.01375	0.01315	0.00837	0.02809	0.77168	0.02211	0.02152	0.01972	0.01614	0.00717	0.00538	0.00179	0.00418	0.00598	0.00538	0.00837

[dist]
# distance from previous block
# <min> <max>
0	2

[block]
# block no. 4 follows, 46 sequences, length 27
# corresponding to MSA columns:
# 373-393,395-400
name=unknown_E
#
# <colnr> <probs for GDERKNQSTAVLIFYWHMCP>
#	G	D	E	R	K	N	Q	S	T	A	V	L	I	F	Y	W	H	M	C	P
0	0.00720	0.00519	0.00569	0.00571	0.00631	0.00489	0.00356	0.00773	0.00935	0.01195	0.05450	0.05926	0.25568	0.51898	0.01930	0.00390	0.00423	0.00901	0.00386	0.00368
1	0.01096	0.00940	0.01096	0.00783	0.01253	0.00705	0.00626	0.01331	0.01096	0.01723	0.00940	0.01096	0.00783	0.00392	0.00392	0.00078	0.00392	0.00313	0.00313	0.84653
2	0.02264	0.00988	0.01273	0.00980	0.01383	0.00916	0.00808	0.15090	0.01678	0.63521	0.04105	0.01770	0.01344	0.00663	0.00534	0.00163	0.00467	0.00534	0.00631	0.00888
3	0.01093	0.00940	0.01113	0.03446	0.01333	0.00720	0.00655	0.01332	0.01095	0.01710	0.00940	0.01107	0.00780	0.00396	0.00396	0.00082	0.00402	0.00318	0.00311	0.81832
4	0.01229	0.03912	0.29503	0.01891	0.02495	0.05953	0.43864	0.01709	0.01212	0.01652	0.01004	0.01275	0.00745	0.00472	0.00566	0.00170	0.00848	0.00517	0.00251	0.00730
5	0.00943	0.01912	0.49442	0.01191	0.01726	0.00954	0.01408	0.01420	0.01259	0.01841	0.29783	0.02178	0.02289	0.00719	0.00548	0.00167	0.00582	0.00603	0.00358	0.00675
6	0.00694	0.00496	0.00669	0.00778	0.00835	0.00471	0.00564	0.00829	0.01092	0.01458	0.08911	0.59774	0.03525	0.01571	0.00682	0.00217	0.00338	0.16151	0.00497	0.00447
7	0.00769	0.00513	0.00577	0.00577	0.00577	0.00513	0.00320	0.00769	0.00769	0.01025	0.01666	0.03460	0.01922	0.81421	0.02691	0.00513	0.00513	0.00769	0.00320	0.00320
8	0.01248	0.01426	0.03119	0.02228	0.02763	0.01337	0.76203	0.01693	0.01248	0.01693	0.01070	0.01426	0.00802	0.00446	0.00624	0.00178	0.00891	0.00624	0.00267	0.00713
9	0.00625	0.00536	0.00536	0.00536	0.00714	0.00446	0.00402	0.00759	0.01205	0.01428	0.05355	0.05088	0.77909	0.01339	0.00625	0.00179	0.00268	0.01116	0.00491	0.00446
10	0.00625	0.00536	0.00536	0.00536	0.00714	0.00446	0.00402	0.00759	0.01205	0.01428	0.05355	0.05088	0.77909	0.01339	0.00625	0.00179	0.00268	0.01116	0.00491	0.00446
11	0.01387	0.75845	0.08433	0.00949	0.01426	0.02027	0.00983	0.01590	0.01077	0.01276	0.00751	0.00868	0.00678	0.00456	0.00351	0.00117	0.00581	0.00291	0.00226	0.00686
12	0.01979	0.02389	0.01509	0.01344	0.01635	0.69570	0.01019	0.11412	0.01622	0.01549	0.00874	0.00993	0.00708	0.00556	0.00483	0.00139	0.00907	0.00357	0.00305	0.00649
13	0.01194	0.01268	0.02240	0.01736	0.01957	0.01502	0.32225	0.01447	0.00991	0.01447	0.00849	0.01268	0.00739	0.00727	0.01275	0.00209	0.47515	0.00529	0.00246	0.00634
14	0.00644	0.00460	0.00613	0.00736	0.00767	0.00429	0.00491	0.00736	0.01012	0.01350	0.02914	0.81076	0.03497	0.01656	0.00675	0.00215	0.00307	0.01503	0.00491	0.00429
15	0.01199	0.01348	0.02918	0.02108	0.02603	0.01264	0.70120	0.01616	0.01229	0.01666	0.01218	0.07826	0.01019	0.00543	0.00628	0.00181	0.00844	0.00695	0.00285	0.00690
16	0.00769	0.00513	0.00577	0.00577	0.00577	0.00513	0.00320	0.00769	0.00769	0.01025	0.01666	0.03460	0.01922	0.81421	0.02691	0.00513	0.00513	0.00769	0.00320	0.00320
17	0.11152	0.01137	0.01206	0.01014	0.01358	0.03988	0.00811	0.11721	0.33607	0.23802	0.03438	0.01716	0.01360	0.00665	0.00511	0.00169	0.00462	0.00527	0.00537	0.00817
18	0.01445	0.31138	0.29610	0.01249	0.01769	0.23512	0.01313	0.01764	0.01209	0.01412	0.00835	0.00974	0.00676	0.00496	0.00436	0.00139	0.00752	0.00338	0.00238	0.00697
19	0.01363	0.01321	0.02016	0.02907	0.65511	0.05584	0.01507	0.03593	0.07683	0.01784	0.01089	0.01344	0.00896	0.00500	0.00522	0.00158	0.00627	0.00475	0.00292	0.00826
20	0.00672	0.00534	0.00598	0.00588	0.00738	0.00465	0.00436	0.00840	0.01287	0.01653	0.30076	0.07348	0.48268	0.03321	0.00679	0.00184	0.00269	0.01066	0.00518	0.00460
21	0.01220	0.01863	0.29295	0.01935	0.02551	0.01280	0.47906	0.01716	0.01211	0.04247	0.01061	0.01331	0.00773	0.00472	0.00579	0.00174	0.00838	0.00540	0.00265	0.00743
22	0.01133	0.02079	0.49281	0.01324	0.01988	0.01069	0.05987	0.01614	0.01134	0.04697	0.00998	0.01156	0.00735	0.00474	0.00480	0.00143	0.00665	0.00388	0.00268	0.24387
23	0.01921	0.02418	0.01550	0.01513	0.07780	0.73028	0.01070	0.02072	0.01474	0.01329	0.00831	0.00982	0.00694	0.00539	0.00480	0.00138	0.00927	0.00351	0.00272	0.00631
24	0.01096	0.00940	0.01096	0.00783	0.01253	0.00705	0.00626	0.01331	0.01096	0.01723	0.00940	0.01096	0.00783	0.00392	0.00392	0.00078	0.00392	0.00313	0.00313	0.84653
25	0.01401	0.79005	0.05398	0.00925	0.01389	0.02062	0.00941	0.01586	0.01076	0.01259	0.00742	0.00857	0.00678	0.00454	0.00345	0.00115	0.00573	0.00286	0.00226	0.00682
26	0.00769	0.00513	0.00577	0.00577	0.00577	0.00513	0.00320	0.00769	0.00769	0.01025	0.01666	0.03460	0.01922	0.81421	0.02691	0.00513	0.00513	0.00769	0.00320	0.00320

[dist]
# distance from previous block
# <min> <max>
2	117

# created by:
# /st0/software/busco_prod/Augustus/scripts/msa2prfl.pl ./align_prep/65379.fa
