[name]
unknown

[dist]
# distance from previous block
# <min> <max>
0	341

[block]
# block no. 0 follows, 41 sequences, length 14
# corresponding to MSA columns:
# 381-394
name=unknown_A
#
# <colnr> <probs for GDERKNQSTAVLIFYWHMCP>
#	G	D	E	R	K	N	Q	S	T	A	V	L	I	F	Y	W	H	M	C	P
0	0.00845	0.00611	0.00832	0.00847	0.00977	0.00597	0.00679	0.01105	0.01442	0.01998	0.44471	0.04709	0.04270	0.01669	0.09875	0.00294	0.00500	0.23187	0.00559	0.00532
1	0.01611	0.01604	0.01404	0.10429	0.01814	0.24978	0.01016	0.02445	0.33945	0.05655	0.07691	0.01883	0.01595	0.00722	0.00567	0.00177	0.00656	0.00572	0.00464	0.00772
2	0.01443	0.00947	0.01127	0.00940	0.01212	0.00959	0.00746	0.24075	0.01954	0.11565	0.44043	0.03095	0.03548	0.00964	0.00631	0.00177	0.00407	0.00818	0.00621	0.00726
3	0.01350	0.01012	0.01203	0.00868	0.01368	0.00772	0.00697	0.01601	0.01240	0.10779	0.01164	0.01277	0.00915	0.00457	0.00442	0.00096	0.00431	0.00367	0.00383	0.73580
4	0.01588	0.02342	0.53439	0.01440	0.02160	0.01177	0.01718	0.02115	0.01341	0.25092	0.01409	0.01437	0.00939	0.00595	0.00553	0.00180	0.00734	0.00470	0.00386	0.00885
5	0.01830	0.01270	0.01349	0.01073	0.01430	0.01388	0.00874	0.51709	0.02226	0.03147	0.01526	0.01609	0.01126	0.00680	0.00519	0.00160	0.00517	0.00521	0.26210	0.00836
6	0.01443	0.55695	0.02610	0.01141	0.01479	0.02104	0.01063	0.01608	0.01073	0.01355	0.00781	0.01021	0.00739	0.00648	0.00836	0.00162	0.24926	0.00366	0.00246	0.00700
7	0.00690	0.00523	0.00638	0.00729	0.00812	0.00470	0.00501	0.00804	0.01160	0.01487	0.03974	0.56522	0.26256	0.01685	0.00713	0.00220	0.00319	0.01496	0.00531	0.00470
8	0.01047	0.21416	0.01611	0.24988	0.01965	0.01193	0.00977	0.01278	0.01196	0.01540	0.11397	0.25003	0.02262	0.00993	0.00579	0.00184	0.00530	0.00858	0.00383	0.00598
9	0.01643	0.01180	0.01300	0.01136	0.01482	0.01311	0.00893	0.02991	0.61103	0.16716	0.02314	0.02098	0.01682	0.00763	0.00581	0.00191	0.00459	0.00633	0.00606	0.00918
10	0.01244	0.00881	0.00962	0.00837	0.00986	0.00931	0.00580	0.23701	0.01425	0.01899	0.01804	0.03066	0.04236	0.52632	0.02109	0.00423	0.00569	0.00746	0.00423	0.00546
11	0.01818	0.01067	0.01265	0.01016	0.01362	0.01071	0.00821	0.28007	0.01992	0.24936	0.23108	0.02604	0.06640	0.00874	0.00608	0.00177	0.00465	0.00720	0.00627	0.00822
12	0.01184	0.01254	0.02612	0.01947	0.02378	0.01219	0.51400	0.01580	0.01216	0.01675	0.01274	0.01762	0.01043	0.01665	0.24590	0.00419	0.01141	0.00656	0.00295	0.00690
13	0.01040	0.00957	0.01479	0.24778	0.25222	0.01000	0.01217	0.01323	0.01256	0.01630	0.02745	0.03100	0.26103	0.00903	0.00617	0.00189	0.00565	0.04840	0.00371	0.00662

[dist]
# distance from previous block
# <min> <max>
0	9

[block]
# block no. 1 follows, 41 sequences, length 32
# corresponding to MSA columns:
# 404,407-437
name=unknown_B
#
# <colnr> <probs for GDERKNQSTAVLIFYWHMCP>
#	G	D	E	R	K	N	Q	S	T	A	V	L	I	F	Y	W	H	M	C	P
0	0.01416	0.01359	0.02322	0.03511	0.76330	0.01359	0.01755	0.01755	0.01302	0.01869	0.01076	0.01416	0.00906	0.00510	0.00566	0.00170	0.00680	0.00510	0.00283	0.00906
1	0.01417	0.07589	0.04173	0.16297	0.02492	0.12576	0.25852	0.04805	0.08251	0.01753	0.01427	0.02813	0.04674	0.00634	0.00624	0.00181	0.02792	0.00591	0.00332	0.00727
2	0.01419	0.01531	0.01727	0.01496	0.01552	0.16154	0.01224	0.01549	0.01017	0.01381	0.00776	0.01210	0.00748	0.00923	0.01619	0.00231	0.64075	0.00475	0.00259	0.00633
3	0.00906	0.01075	0.15314	0.01002	0.01212	0.00840	0.00906	0.01137	0.00947	0.01361	0.01471	0.02414	0.01442	0.24446	0.38284	0.00643	0.05130	0.00632	0.00302	0.00535
4	0.17004	0.05683	0.30168	0.01795	0.18526	0.01385	0.02646	0.04281	0.08375	0.02068	0.02292	0.01335	0.00927	0.00567	0.00513	0.00176	0.00669	0.00453	0.00323	0.00815
5	0.01373	0.01038	0.01108	0.01029	0.03068	0.01162	0.00777	0.08770	0.42864	0.02402	0.02062	0.02049	0.01566	0.00726	0.00521	0.00172	0.00413	0.00595	0.27519	0.00790
6	0.01447	0.40792	0.06478	0.01927	0.23758	0.01831	0.08897	0.01762	0.02847	0.01598	0.00960	0.01181	0.00821	0.00519	0.00517	0.00152	0.03028	0.00424	0.00268	0.00795
7	0.01431	0.01041	0.01681	0.02111	0.33874	0.01059	0.02894	0.01702	0.01231	0.15892	0.01445	0.01790	0.01171	0.01805	0.26032	0.00421	0.02709	0.00560	0.00371	0.00779
8	0.17344	0.01306	0.01462	0.01195	0.01483	0.01536	0.00984	0.32854	0.01763	0.04709	0.07962	0.01538	0.01265	0.00784	0.00881	0.00194	0.20986	0.00521	0.00456	0.00775
9	0.00906	0.00722	0.00994	0.01213	0.15113	0.00702	0.00707	0.01076	0.01198	0.01627	0.19319	0.05219	0.15928	0.25185	0.07348	0.00353	0.00537	0.00884	0.00433	0.00537
10	0.01235	0.21789	0.02323	0.12588	0.02151	0.01443	0.23156	0.01611	0.04362	0.01740	0.15430	0.02026	0.03907	0.00684	0.00613	0.00173	0.03092	0.00632	0.00355	0.00691
11	0.01419	0.01363	0.03128	0.01956	0.20941	0.02819	0.11469	0.02505	0.43279	0.02151	0.01793	0.01830	0.01371	0.00659	0.00589	0.00187	0.00600	0.00607	0.00453	0.00881
12	0.06032	0.02189	0.36300	0.01596	0.02221	0.08291	0.15378	0.07299	0.01412	0.09402	0.01201	0.01356	0.00859	0.00566	0.00556	0.00177	0.00792	0.00485	0.03075	0.00814
13	0.00977	0.00707	0.00864	0.00895	0.01009	0.00713	0.00637	0.14776	0.01398	0.01867	0.02815	0.64686	0.03249	0.01582	0.00700	0.00221	0.00388	0.01415	0.00539	0.00561
14	0.00832	0.00555	0.00624	0.00624	0.00624	0.00555	0.00347	0.00832	0.00832	0.01109	0.01802	0.03743	0.02080	0.79898	0.02911	0.00555	0.00555	0.00832	0.00347	0.00347
15	0.01345	0.01126	0.01215	0.01088	0.01382	0.01273	0.00845	0.06374	0.57537	0.02437	0.16272	0.02501	0.02399	0.00846	0.00599	0.00190	0.00427	0.00713	0.00591	0.00839
16	0.14979	0.01043	0.01104	0.00958	0.01254	0.02939	0.00755	0.11560	0.17305	0.12702	0.20288	0.06306	0.04706	0.00879	0.00574	0.00183	0.00437	0.00720	0.00561	0.00745
17	0.01650	0.23416	0.15725	0.01517	0.05698	0.01507	0.15096	0.02102	0.06991	0.18819	0.01370	0.01441	0.00999	0.00570	0.00531	0.00167	0.00683	0.00495	0.00386	0.00837
18	0.01530	0.01264	0.01359	0.01135	0.01520	0.01368	0.00899	0.17160	0.46554	0.02537	0.01886	0.01800	0.01419	0.00691	0.00550	0.00169	0.00483	0.00562	0.00534	0.16582
19	0.01007	0.00918	0.01516	0.63765	0.03349	0.01118	0.01388	0.01335	0.01134	0.01461	0.01422	0.16335	0.01336	0.00804	0.00602	0.00199	0.00681	0.00721	0.00307	0.00603
20	0.01479	0.01195	0.01342	0.01001	0.01482	0.01093	0.00809	0.21871	0.07121	0.02388	0.01214	0.01309	0.00949	0.00523	0.00477	0.00117	0.00483	0.00411	0.00422	0.54315
21	0.01179	0.10062	0.19972	0.03494	0.01731	0.01245	0.05369	0.01767	0.15234	0.01789	0.01638	0.15208	0.01505	0.00819	0.00639	0.00180	0.05460	0.00681	0.02946	0.09081
22	0.01909	0.01470	0.01567	0.01262	0.01673	0.01650	0.01023	0.49242	0.28302	0.03177	0.01710	0.01642	0.01246	0.00718	0.00576	0.00180	0.00567	0.00561	0.00576	0.00949
23	0.00860	0.01025	0.15215	0.00902	0.01159	0.00680	0.00837	0.01183	0.01476	0.02098	0.52701	0.13073	0.04309	0.01128	0.00657	0.00187	0.00387	0.00992	0.00544	0.00588
24	0.01176	0.01159	0.02055	0.37670	0.04223	0.01352	0.19216	0.01521	0.01142	0.01573	0.01060	0.01529	0.00845	0.00751	0.03232	0.00222	0.15637	0.00552	0.04426	0.00662
25	0.05676	0.01643	0.17737	0.01754	0.09820	0.01320	0.19345	0.15476	0.01574	0.03641	0.10078	0.01865	0.04229	0.00673	0.00627	0.00183	0.02564	0.00612	0.00392	0.00794
26	0.00724	0.00517	0.00695	0.00828	0.00873	0.00488	0.00578	0.00844	0.01122	0.01491	0.03137	0.70637	0.03723	0.01766	0.00737	0.00236	0.00356	0.10244	0.00530	0.00472
27	0.00820	0.00602	0.00863	0.00863	0.00946	0.00685	0.00645	0.00985	0.00903	0.01286	0.01583	0.02531	0.01553	0.18646	0.63444	0.00850	0.01346	0.00654	0.00314	0.00480
28	0.01335	0.07485	0.34316	0.01472	0.05801	0.01424	0.01478	0.02341	0.32482	0.03688	0.01589	0.01606	0.01181	0.00640	0.00549	0.00182	0.00647	0.00517	0.00398	0.00869
29	0.17340	0.04324	0.33683	0.01270	0.01856	0.08205	0.01372	0.02082	0.01312	0.21469	0.01284	0.01323	0.00887	0.00587	0.00508	0.00174	0.00685	0.00433	0.00390	0.00816
30	0.02211	0.00883	0.01201	0.00976	0.01340	0.00769	0.00782	0.02409	0.01534	0.62435	0.02427	0.16677	0.01865	0.00914	0.00605	0.00187	0.00457	0.00775	0.00674	0.00877
31	0.31498	0.01129	0.01212	0.00974	0.01378	0.01167	0.00801	0.15947	0.01587	0.34568	0.01589	0.03328	0.01104	0.00667	0.00499	0.00177	0.00494	0.00494	0.00552	0.00835

[dist]
# distance from previous block
# <min> <max>
17	61

[block]
# block no. 2 follows, 41 sequences, length 12
# corresponding to MSA columns:
# 507-518
name=unknown_C
#
# <colnr> <probs for GDERKNQSTAVLIFYWHMCP>
#	G	D	E	R	K	N	Q	S	T	A	V	L	I	F	Y	W	H	M	C	P
0	0.04034	0.09176	0.03322	0.01105	0.01513	0.01366	0.00943	0.31393	0.04864	0.21595	0.04479	0.01880	0.01383	0.00726	0.00548	0.00171	0.00541	0.03783	0.06312	0.00867
1	0.17065	0.01090	0.01272	0.04228	0.01490	0.01125	0.00854	0.15086	0.03400	0.36423	0.01698	0.01638	0.01154	0.00675	0.00565	0.00176	0.03247	0.00509	0.07460	0.00844
2	0.25069	0.08144	0.01251	0.04154	0.01363	0.07960	0.00793	0.07084	0.01389	0.14999	0.07250	0.04686	0.04533	0.00761	0.00506	0.00174	0.00516	0.03839	0.04834	0.00695
3	0.08243	0.09957	0.14811	0.01146	0.01581	0.01396	0.01072	0.23956	0.07118	0.08764	0.01455	0.01839	0.01190	0.12179	0.00874	0.00229	0.00612	0.02348	0.00440	0.00789
4	0.13398	0.07128	0.33357	0.01255	0.01813	0.01389	0.01358	0.14462	0.08030	0.02245	0.01238	0.01420	0.00945	0.03846	0.00601	0.00189	0.00651	0.00458	0.05423	0.00793
5	0.01654	0.43048	0.15595	0.01207	0.01737	0.07694	0.01212	0.18180	0.01550	0.01941	0.00973	0.01080	0.00786	0.00551	0.00456	0.00146	0.00689	0.00378	0.00322	0.00802
6	0.01525	0.14020	0.09465	0.01260	0.01609	0.06572	0.08201	0.01771	0.01262	0.17910	0.01633	0.15642	0.01480	0.01007	0.03882	0.00218	0.10713	0.00695	0.00409	0.00724
7	0.00896	0.12144	0.01029	0.00802	0.00909	0.00789	0.00574	0.03360	0.01100	0.01438	0.02457	0.48992	0.02876	0.18602	0.01148	0.00285	0.00431	0.01224	0.00450	0.00495
8	0.00769	0.00545	0.00643	0.00679	0.00768	0.00505	0.00464	0.00904	0.01191	0.01613	0.15876	0.28896	0.19718	0.16402	0.01096	0.00267	0.00349	0.01185	0.07666	0.00465
9	0.01427	0.00812	0.00863	0.00748	0.00978	0.00842	0.00590	0.18397	0.01576	0.07642	0.01779	0.01943	0.01348	0.00674	0.00452	0.00145	0.00366	0.00532	0.58219	0.00666
10	0.04647	0.13394	0.01479	0.01036	0.01319	0.01346	0.00852	0.03800	0.24991	0.02013	0.14563	0.02217	0.05936	0.00826	0.00735	0.00178	0.11841	0.00626	0.00456	0.07744
11	0.01692	0.01300	0.01425	0.01097	0.01522	0.01322	0.00881	0.39850	0.07080	0.02751	0.01362	0.01567	0.01080	0.07332	0.00724	0.00178	0.00545	0.00495	0.00479	0.27320

[dist]
# distance from previous block
# <min> <max>
2	5

[block]
# block no. 3 follows, 41 sequences, length 6
# corresponding to MSA columns:
# 524-529
name=unknown_D
#
# <colnr> <probs for GDERKNQSTAVLIFYWHMCP>
#	G	D	E	R	K	N	Q	S	T	A	V	L	I	F	Y	W	H	M	C	P
0	0.01709	0.01012	0.01500	0.01190	0.01553	0.00963	0.12636	0.04562	0.11941	0.31546	0.14746	0.06658	0.05655	0.00852	0.00622	0.00186	0.00510	0.00764	0.00587	0.00807
1	0.01811	0.02123	0.01656	0.25414	0.02444	0.49017	0.01254	0.06649	0.01541	0.01560	0.00957	0.01207	0.00760	0.00590	0.00537	0.00162	0.00922	0.00421	0.00300	0.00674
2	0.01263	0.01288	0.01778	0.58923	0.12586	0.11524	0.01544	0.01608	0.01227	0.01503	0.01006	0.01445	0.00777	0.00567	0.00564	0.00182	0.00788	0.00490	0.00263	0.00673
3	0.01282	0.01203	0.01579	0.14759	0.26170	0.09995	0.01228	0.01531	0.01278	0.04975	0.02005	0.12557	0.10626	0.00888	0.00676	0.00190	0.04867	0.03125	0.00369	0.00696
4	0.01401	0.00791	0.00999	0.00952	0.01169	0.00776	0.00769	0.10508	0.01491	0.18140	0.02529	0.20355	0.02464	0.01206	0.00651	0.00209	0.00453	0.22825	0.11649	0.00665
5	0.01203	0.01121	0.01862	0.44891	0.28203	0.01289	0.01566	0.01550	0.01186	0.01630	0.01066	0.01505	0.00847	0.00579	0.00631	0.00184	0.04917	0.00510	0.04541	0.00721

[dist]
# distance from previous block
# <min> <max>
9	13

[block]
# block no. 4 follows, 41 sequences, length 32
# corresponding to MSA columns:
# 692-723
name=unknown_E
#
# <colnr> <probs for GDERKNQSTAVLIFYWHMCP>
#	G	D	E	R	K	N	Q	S	T	A	V	L	I	F	Y	W	H	M	C	P
0	0.01186	0.01017	0.01186	0.00847	0.01356	0.00762	0.00678	0.01440	0.01186	0.01864	0.01017	0.01186	0.00847	0.00424	0.00424	0.00085	0.00424	0.00339	0.00339	0.83395
1	0.02184	0.01099	0.01346	0.01085	0.01492	0.01090	0.00879	0.08217	0.24480	0.48291	0.02213	0.01962	0.01485	0.00727	0.00577	0.00182	0.00487	0.00593	0.00659	0.00952
2	0.05468	0.00978	0.01310	0.01008	0.01448	0.00856	0.00833	0.02748	0.01613	0.74082	0.02205	0.01911	0.01387	0.00702	0.00567	0.00177	0.00485	0.00566	0.00695	0.00961
3	0.00743	0.00582	0.00672	0.00650	0.00814	0.00511	0.00487	0.00950	0.01462	0.01920	0.40972	0.04888	0.40686	0.01309	0.00675	0.00187	0.00280	0.01121	0.00580	0.00511
4	0.01227	0.02418	0.49368	0.01993	0.07418	0.01367	0.24384	0.01814	0.01258	0.01822	0.01070	0.01325	0.00781	0.00522	0.00586	0.00184	0.00871	0.00506	0.00259	0.00826
5	0.01485	0.71191	0.11656	0.01055	0.01586	0.02154	0.01112	0.01724	0.01168	0.01400	0.00822	0.00952	0.00733	0.00496	0.00388	0.00129	0.00639	0.00320	0.00244	0.00747
6	0.00697	0.00498	0.00664	0.00796	0.00830	0.00465	0.00531	0.00796	0.01095	0.01460	0.03153	0.79525	0.03783	0.01792	0.00730	0.00232	0.00332	0.01626	0.00531	0.00465
7	0.01080	0.01017	0.01716	0.78523	0.03940	0.01271	0.01589	0.01461	0.01144	0.01461	0.01017	0.01525	0.00762	0.00572	0.00572	0.00191	0.00762	0.00508	0.00254	0.00635
8	0.01416	0.01359	0.02322	0.03511	0.76330	0.01359	0.01755	0.01755	0.01302	0.01869	0.01076	0.01416	0.00906	0.00510	0.00566	0.00170	0.00680	0.00510	0.00283	0.00906
9	0.00994	0.00497	0.00745	0.00745	0.00745	0.00497	0.00497	0.00745	0.00745	0.00994	0.00994	0.01739	0.00994	0.01987	0.02235	0.83358	0.00497	0.00497	0.00248	0.00248
10	0.01423	0.01229	0.01293	0.01164	0.01487	0.01423	0.00905	0.03039	0.75297	0.02393	0.02328	0.02134	0.01746	0.00776	0.00582	0.00194	0.00453	0.00647	0.00582	0.00905
11	0.02174	0.01602	0.01717	0.01316	0.01774	0.01774	0.01087	0.74423	0.02689	0.03605	0.01373	0.01373	0.00973	0.00687	0.00572	0.00172	0.00629	0.00515	0.00572	0.00973
12	0.01978	0.01599	0.01583	0.03834	0.01744	0.10497	0.01040	0.51628	0.07370	0.04587	0.01719	0.01711	0.06613	0.00735	0.00574	0.00173	0.00640	0.00560	0.00530	0.00884
13	0.01147	0.02959	0.76934	0.01630	0.02476	0.01328	0.02113	0.01811	0.01208	0.01811	0.01026	0.01208	0.00725	0.00543	0.00543	0.00181	0.00845	0.00423	0.00242	0.00845
14	0.02566	0.00973	0.01327	0.01018	0.01460	0.00841	0.00841	0.02788	0.01637	0.76726	0.02257	0.01947	0.01416	0.00708	0.00575	0.00177	0.00487	0.00575	0.00708	0.00973
15	0.00694	0.00544	0.00628	0.00683	0.00803	0.00479	0.00483	0.00827	0.01233	0.01556	0.09141	0.37633	0.40107	0.01580	0.00699	0.00209	0.00307	0.01378	0.00537	0.00479
16	0.83938	0.01106	0.00841	0.00752	0.01106	0.01283	0.00619	0.01681	0.00973	0.02566	0.00796	0.00929	0.00619	0.00531	0.00354	0.00177	0.00442	0.00310	0.00354	0.00619
17	0.01529	0.80242	0.02997	0.00979	0.01468	0.02263	0.00979	0.01713	0.01162	0.01346	0.00795	0.00918	0.00734	0.00489	0.00367	0.00122	0.00612	0.00306	0.00245	0.00734
18	0.00855	0.00638	0.00803	0.00768	0.00920	0.00610	0.00588	0.01217	0.07082	0.02211	0.60758	0.04348	0.09554	0.01187	0.00676	0.00188	0.00303	0.06121	0.00612	0.00562
19	0.01423	0.01229	0.01293	0.01164	0.01487	0.01423	0.00905	0.03039	0.75297	0.02393	0.02328	0.02134	0.01746	0.00776	0.00582	0.00194	0.00453	0.00647	0.00582	0.00905
20	0.00999	0.00784	0.00928	0.00857	0.01050	0.00813	0.00653	0.01685	0.24389	0.02324	0.53252	0.03612	0.04269	0.01048	0.00646	0.00184	0.00326	0.00915	0.00615	0.00653
21	0.27040	0.01145	0.01149	0.00996	0.01357	0.01262	0.00792	0.02471	0.38164	0.11112	0.01748	0.01669	0.01292	0.00666	0.00499	0.00179	0.00451	0.00511	0.00508	0.06988
22	0.01060	0.00883	0.01043	0.00798	0.01195	0.00690	0.00628	0.01310	0.01297	0.01943	0.19171	0.02228	0.07315	0.00674	0.00501	0.00115	0.00378	0.00566	0.00422	0.57785
23	0.01837	0.55766	0.02494	0.01001	0.01476	0.01855	0.00944	0.04427	0.01344	0.22210	0.01217	0.01217	0.00930	0.00556	0.00431	0.00139	0.00578	0.00387	0.00383	0.00808
24	0.01066	0.00533	0.00533	0.00533	0.00666	0.00533	0.00400	0.01333	0.01200	0.02132	0.01866	0.02132	0.01466	0.00666	0.00400	0.00133	0.00267	0.00533	0.83073	0.00533
25	0.01282	0.00957	0.01134	0.01064	0.01311	0.01001	0.00883	0.21744	0.07231	0.02310	0.07366	0.08177	0.07279	0.01212	0.00685	0.00216	0.00505	0.31969	0.00545	0.03130
26	0.01327	0.01021	0.01380	0.01179	0.01303	0.01248	0.00962	0.05286	0.01307	0.11462	0.25075	0.02314	0.02335	0.01001	0.01257	0.00214	0.39539	0.00682	0.00447	0.00661
27	0.01269	0.01240	0.01921	0.16897	0.25095	0.01538	0.01472	0.01510	0.01059	0.01545	0.00902	0.01355	0.00801	0.00767	0.01222	0.00214	0.39713	0.00505	0.00261	0.00714
28	0.00760	0.00577	0.00700	0.00682	0.00827	0.00517	0.00507	0.00978	0.01482	0.02000	0.48878	0.10276	0.27126	0.01302	0.00679	0.00188	0.00281	0.01132	0.00592	0.00517
29	0.07103	0.37822	0.04752	0.01014	0.01462	0.01622	0.00937	0.05857	0.06916	0.20822	0.05475	0.01490	0.01245	0.00619	0.00469	0.00153	0.00548	0.00455	0.00433	0.00806
30	0.07819	0.01279	0.01400	0.01183	0.01507	0.01476	0.00951	0.20528	0.36046	0.07341	0.01772	0.01738	0.01323	0.00754	0.00709	0.00191	0.09674	0.00564	0.02883	0.00862
31	0.02003	0.01988	0.01595	0.01352	0.01691	0.34229	0.01059	0.33569	0.04504	0.02396	0.01286	0.06250	0.01069	0.00731	0.00608	0.00169	0.03744	0.00527	0.00439	0.00792

[dist]
# distance from previous block
# <min> <max>
14	35

[block]
# block no. 5 follows, 41 sequences, length 15
# corresponding to MSA columns:
# 760-774
name=unknown_F
#
# <colnr> <probs for GDERKNQSTAVLIFYWHMCP>
#	G	D	E	R	K	N	Q	S	T	A	V	L	I	F	Y	W	H	M	C	P
0	0.03585	0.00987	0.01057	0.00953	0.01219	0.07126	0.00719	0.01767	0.12468	0.15571	0.05121	0.28821	0.02273	0.01051	0.00598	0.00181	0.00452	0.00906	0.00518	0.14628
1	0.02005	0.17683	0.01972	0.01266	0.01701	0.07267	0.01073	0.51670	0.02232	0.02902	0.01197	0.01251	0.00899	0.00652	0.00577	0.00163	0.03668	0.00461	0.00473	0.00889
2	0.01717	0.09644	0.17087	0.01064	0.01492	0.01064	0.01016	0.02060	0.05638	0.32371	0.01752	0.02087	0.01364	0.17913	0.01056	0.00255	0.00587	0.00575	0.00476	0.00781
3	0.04751	0.55463	0.02425	0.00998	0.01432	0.01966	0.00928	0.04242	0.15918	0.01707	0.01165	0.01227	0.00970	0.00562	0.00417	0.00141	0.00559	0.00390	0.03977	0.00762
4	0.01949	0.25932	0.06860	0.01024	0.01477	0.01344	0.00943	0.02303	0.07367	0.36852	0.01695	0.01603	0.01186	0.00631	0.00496	0.00158	0.00532	0.00483	0.06310	0.00853
5	0.00975	0.00740	0.00850	0.00808	0.01000	0.00727	0.00599	0.01461	0.17445	0.04656	0.20375	0.17061	0.20295	0.05821	0.00781	0.00213	0.00357	0.01035	0.00552	0.04250
6	0.01505	0.75426	0.07605	0.01019	0.01531	0.02205	0.01049	0.01719	0.01165	0.01375	0.00810	0.00936	0.00733	0.00493	0.00378	0.00126	0.00626	0.00313	0.00244	0.00741
7	0.02244	0.11962	0.01529	0.01032	0.01437	0.07195	0.00857	0.02445	0.01528	0.54450	0.02015	0.07764	0.01452	0.00753	0.00554	0.00171	0.00536	0.00603	0.00597	0.00876
8	0.00823	0.00642	0.00723	0.00720	0.00885	0.00591	0.00535	0.06585	0.01409	0.01801	0.15356	0.22773	0.40701	0.01432	0.00683	0.00200	0.00328	0.02735	0.00549	0.00526
9	0.01294	0.01088	0.01358	0.01174	0.01465	0.01213	0.06548	0.10883	0.35719	0.02151	0.02139	0.02253	0.06483	0.01737	0.21405	0.00387	0.00794	0.00661	0.00480	0.00768
10	0.03057	0.01048	0.01204	0.01033	0.01357	0.01095	0.00828	0.12790	0.25885	0.19737	0.11970	0.02796	0.08105	0.00902	0.00609	0.00189	0.00454	0.05516	0.00604	0.00819
11	0.00934	0.00866	0.01178	0.01024	0.01252	0.05177	0.12040	0.01148	0.01311	0.01705	0.15199	0.25659	0.21401	0.01222	0.00662	0.00191	0.00458	0.01101	0.00481	0.06989
12	0.02112	0.20271	0.01871	0.01226	0.01617	0.34300	0.01004	0.07354	0.01593	0.21552	0.01262	0.01272	0.00933	0.00604	0.00501	0.00151	0.00761	0.00419	0.00412	0.00784
13	0.01205	0.01560	0.24836	0.01158	0.01574	0.01078	0.01163	0.17782	0.01605	0.02223	0.16613	0.14391	0.08563	0.00981	0.00648	0.00189	0.02430	0.00819	0.00462	0.00719
14	0.01953	0.06539	0.01684	0.07499	0.01859	0.14510	0.01076	0.35038	0.13552	0.08413	0.01443	0.01463	0.01056	0.00664	0.00552	0.00170	0.00669	0.00502	0.00491	0.00868

[dist]
# distance from previous block
# <min> <max>
2	24

[block]
# block no. 6 follows, 41 sequences, length 58
# corresponding to MSA columns:
# 799-824,832-863
name=unknown_G
#
# <colnr> <probs for GDERKNQSTAVLIFYWHMCP>
#	G	D	E	R	K	N	Q	S	T	A	V	L	I	F	Y	W	H	M	C	P
0	0.01972	0.02086	0.01601	0.07515	0.01888	0.41886	0.01104	0.24652	0.03976	0.02123	0.01201	0.05122	0.00993	0.00684	0.00550	0.00164	0.00833	0.00496	0.00398	0.00754
1	0.08136	0.40954	0.09194	0.01148	0.01589	0.10305	0.01090	0.06657	0.03669	0.04698	0.00969	0.01095	0.00801	0.00581	0.00550	0.00153	0.06976	0.00375	0.00310	0.00750
2	0.06079	0.11516	0.04304	0.04768	0.01363	0.03518	0.00808	0.11918	0.09534	0.01969	0.03246	0.03160	0.33696	0.00979	0.00576	0.00178	0.00477	0.00783	0.00462	0.00668
3	0.04598	0.09446	0.05476	0.01349	0.01734	0.39557	0.01108	0.20117	0.07667	0.02078	0.01116	0.01199	0.00871	0.00615	0.00517	0.00157	0.00819	0.00422	0.00381	0.00773
4	0.17988	0.01435	0.01943	0.02439	0.41505	0.05761	0.05000	0.13428	0.01480	0.02257	0.01061	0.01297	0.00848	0.00545	0.00528	0.00171	0.00659	0.00471	0.00345	0.00839
5	0.01578	0.73982	0.02886	0.01019	0.01492	0.08348	0.00989	0.01759	0.01199	0.01350	0.00802	0.00927	0.00734	0.00497	0.00379	0.00124	0.00646	0.00311	0.00249	0.00728
6	0.01164	0.23002	0.05429	0.00912	0.01214	0.01201	0.00806	0.07303	0.05210	0.02082	0.38533	0.05892	0.03252	0.00914	0.00572	0.00166	0.00436	0.00763	0.00491	0.00660
7	0.01147	0.00978	0.01281	0.22454	0.02019	0.00886	0.00909	0.01437	0.01175	0.01773	0.01085	0.01357	0.00874	0.00485	0.00463	0.00118	0.00505	0.00402	0.06997	0.53655
8	0.00740	0.00547	0.00695	0.00766	0.00848	0.00511	0.00533	0.00926	0.03400	0.01679	0.19346	0.52565	0.12144	0.01588	0.00708	0.00215	0.00317	0.01421	0.00554	0.00496
9	0.01832	0.41596	0.02311	0.01225	0.01618	0.39823	0.01042	0.01998	0.01391	0.01373	0.00840	0.00974	0.00735	0.00539	0.00441	0.00135	0.00821	0.00337	0.00270	0.00699
10	0.01251	0.01251	0.01752	0.01502	0.01502	0.01752	0.01251	0.01377	0.00876	0.01377	0.00751	0.01251	0.00751	0.01001	0.01877	0.00250	0.78851	0.00501	0.00250	0.00626
11	0.00942	0.00830	0.01338	0.50600	0.02822	0.00981	0.01209	0.01223	0.01126	0.01461	0.01784	0.29547	0.01848	0.01010	0.00629	0.00206	0.00608	0.00910	0.00354	0.00574
12	0.00697	0.00498	0.00664	0.00796	0.00830	0.00465	0.00531	0.00796	0.01095	0.01460	0.03153	0.79525	0.03783	0.01792	0.00730	0.00232	0.00332	0.01626	0.00531	0.00465
13	0.01186	0.01017	0.01186	0.00847	0.01356	0.00762	0.00678	0.01440	0.01186	0.01864	0.01017	0.01186	0.00847	0.00424	0.00424	0.00085	0.00424	0.00339	0.00339	0.83395
14	0.02174	0.01602	0.01717	0.01316	0.01774	0.01774	0.01087	0.74423	0.02689	0.03605	0.01373	0.01373	0.00973	0.00687	0.00572	0.00172	0.00629	0.00515	0.00572	0.00973
15	0.01186	0.01017	0.01186	0.00847	0.01356	0.00762	0.00678	0.01440	0.01186	0.01864	0.01017	0.01186	0.00847	0.00424	0.00424	0.00085	0.00424	0.00339	0.00339	0.83395
16	0.01538	0.08564	0.49904	0.01412	0.02112	0.01285	0.01669	0.02085	0.03699	0.20328	0.01354	0.01397	0.00929	0.00587	0.00538	0.00176	0.00725	0.00458	0.00368	0.00870
17	0.01147	0.02959	0.76934	0.01630	0.02476	0.01328	0.02113	0.01811	0.01208	0.01811	0.01026	0.01208	0.00725	0.00543	0.00543	0.00181	0.00845	0.00423	0.00242	0.00845
18	0.01350	0.01543	0.03375	0.02411	0.02989	0.01446	0.74253	0.01832	0.01350	0.01832	0.01157	0.01543	0.00868	0.00482	0.00675	0.00193	0.00964	0.00675	0.00289	0.00771
19	0.01246	0.00814	0.00841	0.00776	0.00988	0.00885	0.00598	0.06463	0.24051	0.02305	0.01977	0.02085	0.01521	0.00701	0.00467	0.00154	0.00347	0.00567	0.52539	0.00675
20	0.01226	0.01166	0.02003	0.30154	0.39695	0.01249	0.05197	0.01565	0.01229	0.01683	0.01250	0.08673	0.01118	0.00649	0.00589	0.00184	0.00691	0.00620	0.00296	0.00761
21	0.01002	0.00815	0.01278	0.01058	0.01332	0.00731	0.16145	0.01243	0.01367	0.07774	0.12963	0.09044	0.37038	0.01178	0.00677	0.00196	0.00461	0.04603	0.00506	0.00592
22	0.00685	0.00543	0.00617	0.00677	0.00798	0.00475	0.00478	0.00810	0.01210	0.01507	0.04601	0.38931	0.43442	0.01604	0.00700	0.00211	0.00309	0.01396	0.00531	0.00475
23	0.02566	0.00973	0.01327	0.01018	0.01460	0.00841	0.00841	0.02788	0.01637	0.76726	0.02257	0.01947	0.01416	0.00708	0.00575	0.00177	0.00487	0.00575	0.00708	0.00973
24	0.01313	0.00899	0.01060	0.00985	0.01187	0.00928	0.00738	0.25634	0.01665	0.07012	0.02498	0.48315	0.02688	0.01351	0.00667	0.00208	0.00442	0.01186	0.00556	0.00668
25	0.01373	0.01315	0.02244	0.13143	0.67035	0.01348	0.01734	0.01718	0.01282	0.01816	0.01068	0.01430	0.00888	0.00518	0.00567	0.00173	0.00690	0.00509	0.00279	0.00871
26	0.00823	0.00589	0.00798	0.00798	0.00859	0.00649	0.00564	0.00944	0.00883	0.01238	0.01643	0.02859	0.01696	0.35222	0.47062	0.00770	0.01132	0.00702	0.00323	0.00444
27	0.01186	0.01017	0.01186	0.00847	0.01356	0.00762	0.00678	0.01440	0.01186	0.01864	0.01017	0.01186	0.00847	0.00424	0.00424	0.00085	0.00424	0.00339	0.00339	0.83395
28	0.02566	0.00973	0.01327	0.01018	0.01460	0.00841	0.00841	0.02788	0.01637	0.76726	0.02257	0.01947	0.01416	0.00708	0.00575	0.00177	0.00487	0.00575	0.00708	0.00973
29	0.01166	0.02828	0.70143	0.01702	0.02523	0.01339	0.08774	0.01813	0.01221	0.01813	0.01039	0.01239	0.00738	0.00538	0.00556	0.00182	0.00856	0.00446	0.00246	0.00839
30	0.01046	0.00846	0.00962	0.00890	0.01105	0.00894	0.00679	0.01852	0.31722	0.02249	0.37943	0.05007	0.10399	0.01047	0.00638	0.00188	0.00348	0.00904	0.00599	0.00683
31	0.00683	0.00580	0.00589	0.00587	0.00777	0.00486	0.00440	0.00834	0.01320	0.01584	0.09430	0.05441	0.72438	0.01434	0.00676	0.00192	0.00289	0.01198	0.00536	0.00486
32	0.01752	0.01451	0.01975	0.06295	0.35403	0.01550	0.01408	0.35684	0.04309	0.02674	0.01252	0.01425	0.00957	0.00604	0.00570	0.00173	0.00653	0.00516	0.00426	0.00923
33	0.00762	0.00583	0.00698	0.00669	0.00825	0.00519	0.00502	0.00987	0.01506	0.02025	0.50796	0.04715	0.30797	0.01270	0.00675	0.00185	0.00277	0.01096	0.00594	0.00519
34	0.01716	0.56435	0.02575	0.01131	0.01560	0.25402	0.01018	0.01888	0.01303	0.01362	0.00823	0.00953	0.00735	0.00520	0.00413	0.00130	0.00741	0.00325	0.00260	0.00712
35	0.01348	0.01157	0.01225	0.01108	0.01413	0.01321	0.00859	0.02808	0.67054	0.02345	0.07141	0.02433	0.05593	0.00834	0.00592	0.00193	0.00433	0.00698	0.00583	0.00862
36	0.02174	0.01602	0.01717	0.01316	0.01774	0.01774	0.01087	0.74423	0.02689	0.03605	0.01373	0.01373	0.00973	0.00687	0.00572	0.00172	0.00629	0.00515	0.00572	0.00973
37	0.83938	0.01106	0.00841	0.00752	0.01106	0.01283	0.00619	0.01681	0.00973	0.02566	0.00796	0.00929	0.00619	0.00531	0.00354	0.00177	0.00442	0.00310	0.00354	0.00619
38	0.01295	0.01236	0.02104	0.30459	0.50323	0.01327	0.01695	0.01650	0.01245	0.01722	0.01055	0.01455	0.00854	0.00532	0.00568	0.00177	0.00709	0.00509	0.00273	0.00809
39	0.01513	0.01115	0.01530	0.26991	0.02260	0.04926	0.01178	0.01765	0.01256	0.19506	0.07296	0.01740	0.01292	0.00759	0.00910	0.00196	0.20841	0.00551	0.00397	0.03978
40	0.00832	0.00555	0.00624	0.00624	0.00624	0.00555	0.00347	0.00832	0.00832	0.01109	0.01802	0.03743	0.02080	0.79898	0.02911	0.00555	0.00555	0.00832	0.00347	0.00347
41	0.01440	0.41007	0.03186	0.01693	0.02227	0.01856	0.37510	0.01772	0.01256	0.01588	0.00976	0.01229	0.00801	0.00486	0.00521	0.00157	0.00787	0.00490	0.00267	0.00753
42	0.01080	0.01017	0.01716	0.78523	0.03940	0.01271	0.01589	0.01461	0.01144	0.01461	0.01017	0.01525	0.00762	0.00572	0.00572	0.00191	0.00762	0.00508	0.00254	0.00635
43	0.00961	0.00740	0.01148	0.01179	0.01352	0.00731	0.07693	0.01245	0.01320	0.01723	0.02856	0.05999	0.03068	0.01479	0.00779	0.00257	0.00567	0.65850	0.00505	0.00549
44	0.01567	0.01016	0.01068	0.00887	0.01166	0.01093	0.00710	0.34339	0.01872	0.02797	0.01643	0.01790	0.01243	0.00676	0.00478	0.00151	0.00430	0.00525	0.45817	0.00732
45	0.02134	0.01074	0.01322	0.01066	0.01450	0.01053	0.00884	0.22423	0.01855	0.41125	0.02074	0.02355	0.01527	0.00806	0.00587	0.00183	0.00514	0.09387	0.07300	0.00883
46	0.02191	0.01057	0.01316	0.01066	0.01469	0.01032	0.00862	0.02870	0.25824	0.52318	0.02280	0.02008	0.01524	0.00730	0.00577	0.00183	0.00476	0.00599	0.00667	0.00951
47	0.01080	0.01017	0.01716	0.78523	0.03940	0.01271	0.01589	0.01461	0.01144	0.01461	0.01017	0.01525	0.00762	0.00572	0.00572	0.00191	0.00762	0.00508	0.00254	0.00635
48	0.01352	0.01294	0.02207	0.17694	0.62643	0.01342	0.01724	0.01700	0.01272	0.01792	0.01065	0.01436	0.00879	0.00521	0.00567	0.00174	0.00695	0.00509	0.00278	0.00855
49	0.02174	0.01602	0.01717	0.01316	0.01774	0.01774	0.01087	0.74423	0.02689	0.03605	0.01373	0.01373	0.00973	0.00687	0.00572	0.00172	0.00629	0.00515	0.00572	0.00973
50	0.01208	0.00900	0.01030	0.00997	0.01208	0.00972	0.00742	0.02073	0.38132	0.07916	0.02670	0.34766	0.02579	0.01199	0.00644	0.00209	0.00404	0.01054	0.00571	0.00725
51	0.01270	0.00952	0.01090	0.00984	0.01220	0.01015	0.00754	0.15952	0.21915	0.04530	0.22933	0.19743	0.03058	0.01092	0.00639	0.00194	0.00410	0.00945	0.00586	0.00720
52	0.37235	0.00956	0.00933	0.00830	0.01061	0.01112	0.00671	0.06077	0.01182	0.02320	0.07114	0.01606	0.01277	0.00696	0.00623	0.00175	0.11541	0.00470	0.23508	0.00612
53	0.13128	0.00649	0.00726	0.00706	0.00857	0.00696	0.00539	0.01233	0.01133	0.01945	0.12895	0.02394	0.01960	0.05687	0.22158	0.00388	0.00661	0.00614	0.31100	0.00531
54	0.01028	0.00861	0.01189	0.01062	0.01266	0.00940	0.07492	0.01630	0.21808	0.01710	0.05733	0.02619	0.06440	0.10820	0.32189	0.00527	0.00931	0.00710	0.00417	0.00627
55	0.01959	0.01170	0.01356	0.01118	0.01503	0.01228	0.00898	0.13840	0.33792	0.31082	0.04270	0.02007	0.01606	0.00747	0.00581	0.00184	0.00488	0.00610	0.00630	0.00931
56	0.32034	0.01212	0.01185	0.04270	0.01466	0.03667	0.00831	0.06945	0.25440	0.07228	0.01458	0.01473	0.01093	0.00637	0.00508	0.00176	0.02103	0.00467	0.00456	0.07350
57	0.26652	0.01106	0.01231	0.25519	0.02076	0.06367	0.01000	0.05174	0.01239	0.04296	0.03714	0.08884	0.01330	0.00756	0.00526	0.00185	0.00584	0.04857	0.00375	0.04129

[dist]
# distance from previous block
# <min> <max>
3	23

[block]
# block no. 7 follows, 41 sequences, length 47
# corresponding to MSA columns:
# 887-901,907-938
name=unknown_H
#
# <colnr> <probs for GDERKNQSTAVLIFYWHMCP>
#	G	D	E	R	K	N	Q	S	T	A	V	L	I	F	Y	W	H	M	C	P
0	0.02015	0.23118	0.01959	0.01300	0.01660	0.50512	0.01047	0.02179	0.01501	0.08365	0.00988	0.01086	0.00799	0.00574	0.00482	0.00143	0.00870	0.00371	0.00320	0.00711
1	0.10100	0.15217	0.01249	0.00890	0.01110	0.01031	0.00696	0.05341	0.05103	0.07567	0.02259	0.42402	0.02443	0.01221	0.00595	0.00197	0.00429	0.01050	0.00478	0.00621
2	0.07071	0.29404	0.02271	0.01829	0.23418	0.14927	0.01217	0.10300	0.01448	0.01851	0.00960	0.01137	0.00805	0.00538	0.00474	0.00150	0.00695	0.00401	0.00310	0.00792
3	0.01600	0.36954	0.03973	0.01049	0.01543	0.01719	0.00956	0.20741	0.01571	0.02086	0.01011	0.01115	0.00826	0.00525	0.00440	0.00127	0.00573	0.00372	0.00355	0.22466
4	0.01676	0.21302	0.25976	0.01405	0.01922	0.35287	0.01397	0.01997	0.01380	0.01518	0.00908	0.01060	0.00732	0.00551	0.00489	0.00152	0.00872	0.00371	0.00266	0.00738
5	0.06419	0.01386	0.23097	0.01042	0.01418	0.00920	0.01047	0.01554	0.10034	0.02162	0.38803	0.04747	0.03253	0.00914	0.00606	0.00183	0.00472	0.00777	0.00490	0.00675
6	0.01432	0.38871	0.03150	0.01705	0.02225	0.01843	0.37409	0.01763	0.01247	0.01588	0.00974	0.01238	0.00801	0.00500	0.00563	0.00161	0.03018	0.00495	0.00267	0.00750
7	0.01510	0.01272	0.01343	0.01182	0.01521	0.01464	0.00927	0.11362	0.66831	0.02534	0.02217	0.02045	0.01656	0.00766	0.00581	0.00191	0.00473	0.00631	0.00581	0.00913
8	0.00801	0.00584	0.00752	0.00710	0.00849	0.00536	0.00533	0.01062	0.01598	0.02245	0.71430	0.04353	0.10025	0.01188	0.00675	0.00181	0.00271	0.01046	0.00623	0.00536
9	0.01692	0.01325	0.01758	0.29180	0.11220	0.01493	0.01328	0.34630	0.03862	0.05981	0.01277	0.01479	0.00931	0.00628	0.00572	0.00179	0.00672	0.00518	0.00431	0.00842
10	0.01080	0.01017	0.01716	0.78523	0.03940	0.01271	0.01589	0.01461	0.01144	0.01461	0.01017	0.01525	0.00762	0.00572	0.00572	0.00191	0.00762	0.00508	0.00254	0.00635
11	0.01080	0.01017	0.01716	0.78523	0.03940	0.01271	0.01589	0.01461	0.01144	0.01461	0.01017	0.01525	0.00762	0.00572	0.00572	0.00191	0.00762	0.00508	0.00254	0.00635
12	0.02174	0.01602	0.01717	0.01316	0.01774	0.01774	0.01087	0.74423	0.02689	0.03605	0.01373	0.01373	0.00973	0.00687	0.00572	0.00172	0.00629	0.00515	0.00572	0.00973
13	0.01080	0.01017	0.01716	0.78523	0.03940	0.01271	0.01589	0.01461	0.01144	0.01461	0.01017	0.01525	0.00762	0.00572	0.00572	0.00191	0.00762	0.00508	0.00254	0.00635
14	0.01678	0.01241	0.01374	0.01133	0.01470	0.01325	0.00898	0.48120	0.02125	0.02864	0.01870	0.24209	0.01786	0.00993	0.00609	0.00184	0.00529	0.00828	0.00545	0.06220
15	0.01080	0.01017	0.01716	0.78523	0.03940	0.01271	0.01589	0.01461	0.01144	0.01461	0.01017	0.01525	0.00762	0.00572	0.00572	0.00191	0.00762	0.00508	0.00254	0.00635
16	0.01252	0.01192	0.02026	0.40068	0.41050	0.01316	0.01674	0.01612	0.01225	0.01670	0.01047	0.01469	0.00836	0.00540	0.00569	0.00180	0.00720	0.00509	0.00269	0.00774
17	0.01265	0.00875	0.01067	0.00847	0.01193	0.00748	0.00668	0.06235	0.01514	0.11188	0.31561	0.02540	0.02766	0.00777	0.00553	0.00140	0.00382	0.00661	0.00516	0.34504
18	0.01080	0.01017	0.01716	0.78523	0.03940	0.01271	0.01589	0.01461	0.01144	0.01461	0.01017	0.01525	0.00762	0.00572	0.00572	0.00191	0.00762	0.00508	0.00254	0.00635
19	0.83938	0.01106	0.00841	0.00752	0.01106	0.01283	0.00619	0.01681	0.00973	0.02566	0.00796	0.00929	0.00619	0.00531	0.00354	0.00177	0.00442	0.00310	0.00354	0.00619
20	0.01500	0.01518	0.02240	0.03273	0.67636	0.10249	0.01680	0.01817	0.01340	0.01814	0.01054	0.01371	0.00886	0.00519	0.00560	0.00167	0.00721	0.00493	0.00284	0.00878
21	0.01080	0.01017	0.01716	0.78523	0.03940	0.01271	0.01589	0.01461	0.01144	0.01461	0.01017	0.01525	0.00762	0.00572	0.00572	0.00191	0.00762	0.00508	0.00254	0.00635
22	0.01080	0.01017	0.01716	0.78523	0.03940	0.01271	0.01589	0.01461	0.01144	0.01461	0.01017	0.01525	0.00762	0.00572	0.00572	0.00191	0.00762	0.00508	0.00254	0.00635
23	0.02137	0.02726	0.01621	0.01474	0.01768	0.77602	0.01105	0.02284	0.01621	0.01400	0.00884	0.01031	0.00737	0.00589	0.00516	0.00147	0.01031	0.00368	0.00295	0.00663
24	0.01423	0.01229	0.01293	0.01164	0.01487	0.01423	0.00905	0.03039	0.75297	0.02393	0.02328	0.02134	0.01746	0.00776	0.00582	0.00194	0.00453	0.00647	0.00582	0.00905
25	0.00676	0.00579	0.00579	0.00579	0.00773	0.00483	0.00435	0.00821	0.01304	0.01545	0.05794	0.05505	0.76098	0.01449	0.00676	0.00193	0.00290	0.01207	0.00531	0.00483
26	0.02566	0.00973	0.01327	0.01018	0.01460	0.00841	0.00841	0.02788	0.01637	0.76726	0.02257	0.01947	0.01416	0.00708	0.00575	0.00177	0.00487	0.00575	0.00708	0.00973
27	0.68856	0.01198	0.01002	0.00856	0.01229	0.01374	0.00706	0.15100	0.01290	0.02758	0.00903	0.01011	0.00685	0.00560	0.00394	0.00176	0.00477	0.00348	0.00394	0.00685
28	0.01266	0.01040	0.01089	0.00961	0.01257	0.01115	0.00752	0.15329	0.32598	0.02281	0.03525	0.03329	0.31051	0.01026	0.00617	0.00190	0.00421	0.00844	0.00560	0.00750
29	0.01529	0.80242	0.02997	0.00979	0.01468	0.02263	0.00979	0.01713	0.01162	0.01346	0.00795	0.00918	0.00734	0.00489	0.00367	0.00122	0.00612	0.00306	0.00245	0.00734
30	0.01350	0.01543	0.03375	0.02411	0.02989	0.01446	0.74253	0.01832	0.01350	0.01832	0.01157	0.01543	0.00868	0.00482	0.00675	0.00193	0.00964	0.00675	0.00289	0.00771
31	0.01318	0.01259	0.02145	0.25441	0.55166	0.01333	0.01707	0.01669	0.01256	0.01750	0.01059	0.01448	0.00864	0.00528	0.00568	0.00176	0.00704	0.00509	0.00275	0.00827
32	0.01147	0.02959	0.76934	0.01630	0.02476	0.01328	0.02113	0.01811	0.01208	0.01811	0.01026	0.01208	0.00725	0.00543	0.00543	0.00181	0.00845	0.00423	0.00242	0.00845
33	0.00676	0.00579	0.00579	0.00579	0.00773	0.00483	0.00435	0.00821	0.01304	0.01545	0.05794	0.05505	0.76098	0.01449	0.00676	0.00193	0.00290	0.01207	0.00531	0.00483
34	0.01709	0.01493	0.11202	0.01812	0.02364	0.01207	0.39564	0.02121	0.01436	0.26402	0.03741	0.01718	0.01166	0.00584	0.00627	0.00186	0.00773	0.00624	0.00431	0.00839
35	0.11048	0.37519	0.29104	0.01215	0.01809	0.03940	0.01351	0.05119	0.01240	0.01761	0.00907	0.01047	0.00728	0.00526	0.00442	0.00153	0.00688	0.00360	0.00273	0.00770
36	0.01717	0.00788	0.01039	0.00860	0.01163	0.00691	0.00686	0.01947	0.01592	0.41327	0.29066	0.03194	0.11548	0.00959	0.00623	0.00180	0.00386	0.00813	0.00659	0.00761
37	0.01813	0.00885	0.01098	0.00900	0.01242	0.00807	0.00724	0.06320	0.05883	0.41301	0.10197	0.03079	0.21365	0.00949	0.00611	0.00182	0.00421	0.00785	0.00639	0.00799
38	0.02028	0.07062	0.06107	0.01490	0.04047	0.54505	0.01173	0.13579	0.01729	0.01782	0.00970	0.01101	0.00778	0.00594	0.00519	0.00152	0.00922	0.00395	0.00332	0.00734
39	0.44920	0.01475	0.01416	0.01690	0.23219	0.15200	0.01040	0.01813	0.01187	0.02150	0.00894	0.01090	0.00725	0.00535	0.00445	0.00170	0.00619	0.00379	0.00322	0.00711
40	0.40766	0.13498	0.05254	0.01066	0.01434	0.23061	0.00913	0.01850	0.01193	0.01965	0.00831	0.00984	0.00681	0.00562	0.00476	0.00164	0.03992	0.00340	0.00311	0.00661
41	0.20348	0.11479	0.23598	0.03098	0.01775	0.01477	0.01253	0.09429	0.08464	0.07590	0.01180	0.01279	0.00879	0.00611	0.00566	0.00177	0.05206	0.00431	0.00369	0.00790
42	0.01450	0.05250	0.27593	0.01218	0.01799	0.01182	0.01264	0.04118	0.14457	0.12365	0.01425	0.01461	0.01042	0.00578	0.00516	0.00155	0.00598	0.00459	0.00402	0.22669
43	0.06159	0.12173	0.13847	0.01158	0.01629	0.01407	0.01095	0.23991	0.04881	0.15880	0.10625	0.01754	0.01540	0.00696	0.00542	0.00170	0.00575	0.00541	0.00494	0.00845
44	0.06245	0.05736	0.10561	0.01883	0.23288	0.01455	0.01311	0.16262	0.17470	0.07931	0.01455	0.01524	0.01091	0.00620	0.00546	0.00175	0.00609	0.00513	0.00433	0.00892
45	0.35253	0.01626	0.01350	0.01135	0.01502	0.20086	0.02488	0.19383	0.01594	0.07342	0.01059	0.01148	0.00794	0.00604	0.00502	0.00170	0.02408	0.00403	0.00411	0.00742
46	0.16621	0.05263	0.10083	0.01077	0.02820	0.01183	0.00948	0.03847	0.18544	0.19716	0.03659	0.01681	0.01296	0.00653	0.00506	0.00171	0.00502	0.00507	0.05897	0.05027

[dist]
# distance from previous block
# <min> <max>
2	38

[block]
# block no. 8 follows, 41 sequences, length 19
# corresponding to MSA columns:
# 995-1013
name=unknown_I
#
# <colnr> <probs for GDERKNQSTAVLIFYWHMCP>
#	G	D	E	R	K	N	Q	S	T	A	V	L	I	F	Y	W	H	M	C	P
0	0.10212	0.01222	0.11238	0.01290	0.09853	0.01026	0.03096	0.03300	0.09969	0.14279	0.01623	0.02160	0.01372	0.21426	0.01154	0.00276	0.00571	0.00595	0.04628	0.00710
1	0.27415	0.07526	0.01604	0.01683	0.22109	0.09572	0.01067	0.07249	0.05524	0.04499	0.05763	0.01416	0.01134	0.00599	0.00487	0.00168	0.00590	0.00459	0.00377	0.00761
2	0.01461	0.02031	0.33530	0.02248	0.29986	0.01363	0.01748	0.10132	0.03562	0.06739	0.01199	0.01377	0.00893	0.00564	0.00558	0.00176	0.00725	0.00482	0.00334	0.00892
3	0.01407	0.01088	0.01299	0.01218	0.05741	0.01155	0.02564	0.29182	0.10448	0.02468	0.06292	0.26333	0.06158	0.01095	0.00636	0.00195	0.00489	0.00947	0.00538	0.00748
4	0.01321	0.01204	0.01657	0.02183	0.35676	0.05911	0.01256	0.05962	0.09333	0.01968	0.07419	0.09932	0.01945	0.00878	0.00621	0.00191	0.00588	0.10766	0.00417	0.00771
5	0.01201	0.01096	0.01643	0.06285	0.36076	0.01018	0.01191	0.01481	0.01244	0.01785	0.01689	0.06673	0.09111	0.00667	0.00544	0.00151	0.00540	0.00601	0.00341	0.26666
6	0.01372	0.00691	0.00868	0.00763	0.00925	0.00642	0.00534	0.01487	0.01218	0.25004	0.14534	0.03270	0.02434	0.41731	0.01800	0.00373	0.00485	0.00786	0.00508	0.00576
7	0.43827	0.00926	0.00835	0.00732	0.01048	0.00958	0.00580	0.01381	0.01071	0.02095	0.02002	0.02168	0.17133	0.04923	0.04093	0.00218	0.00462	0.00550	0.00387	0.14611
8	0.01080	0.01017	0.01716	0.78523	0.03940	0.01271	0.01589	0.01461	0.01144	0.01461	0.01017	0.01525	0.00762	0.00572	0.00572	0.00191	0.00762	0.00508	0.00254	0.00635
9	0.02174	0.01602	0.01717	0.01316	0.01774	0.01774	0.01087	0.74423	0.02689	0.03605	0.01373	0.01373	0.00973	0.00687	0.00572	0.00172	0.00629	0.00515	0.00572	0.00973
10	0.01383	0.01326	0.02263	0.10753	0.69341	0.01351	0.01739	0.01727	0.01287	0.01829	0.01070	0.01426	0.00892	0.00516	0.00567	0.00172	0.00688	0.00510	0.00280	0.00880
11	0.02174	0.01602	0.01717	0.01316	0.01774	0.01774	0.01087	0.74423	0.02689	0.03605	0.01373	0.01373	0.00973	0.00687	0.00572	0.00172	0.00629	0.00515	0.00572	0.00973
12	0.19901	0.01495	0.01527	0.01194	0.01629	0.01667	0.00986	0.58652	0.02317	0.03380	0.01248	0.01277	0.00896	0.00653	0.00525	0.00173	0.00589	0.00470	0.00525	0.00896
13	0.01529	0.80242	0.02997	0.00979	0.01468	0.02263	0.00979	0.01713	0.01162	0.01346	0.00795	0.00918	0.00734	0.00489	0.00367	0.00122	0.00612	0.00306	0.00245	0.00734
14	0.00698	0.00548	0.00632	0.00679	0.00804	0.00482	0.00483	0.00839	0.01256	0.01592	0.12288	0.34134	0.40429	0.01552	0.00697	0.00207	0.00304	0.01351	0.00542	0.00482
