[name]
unknown

[dist]
# distance from previous block
# <min> <max>
0	189

[block]
# block no. 0 follows, 51 sequences, length 13
# corresponding to MSA columns:
# 189-201
name=unknown_A
#
# <colnr> <probs for GDERKNQSTAVLIFYWHMCP>
#	G	D	E	R	K	N	Q	S	T	A	V	L	I	F	Y	W	H	M	C	P
0	0.00909	0.00617	0.00839	0.00884	0.01050	0.00586	0.00765	0.01132	0.01137	0.06594	0.02370	0.04798	0.02494	0.01200	0.00632	0.00205	0.00441	0.63126	0.00445	0.09777
1	0.01680	0.01377	0.08569	0.01096	0.01509	0.01343	0.00959	0.52499	0.10383	0.07789	0.01271	0.01259	0.00906	0.00573	0.00482	0.00145	0.00521	0.00440	0.00460	0.06738
2	0.01147	0.01095	0.01831	0.02742	0.71049	0.01086	0.01384	0.01421	0.01119	0.01575	0.01366	0.01599	0.09359	0.00526	0.00497	0.00148	0.00547	0.00503	0.00266	0.00739
3	0.01143	0.01215	0.02424	0.10928	0.22912	0.01181	0.46033	0.01507	0.01124	0.01549	0.00957	0.01282	0.00744	0.00427	0.00536	0.00156	0.00725	0.00514	0.00246	0.04397
4	0.00704	0.00520	0.00758	0.00758	0.00834	0.00597	0.00574	0.00857	0.00780	0.01117	0.01346	0.02094	0.01299	0.13721	0.70844	0.00750	0.01210	0.00550	0.00268	0.00421
5	0.86201	0.00950	0.00722	0.00646	0.00950	0.01102	0.00532	0.01445	0.00836	0.02205	0.00684	0.00798	0.00532	0.00456	0.00304	0.00152	0.00380	0.00266	0.00304	0.00532
6	0.00599	0.00428	0.00570	0.00684	0.00713	0.00399	0.00456	0.00684	0.00941	0.01254	0.02709	0.82409	0.03250	0.01540	0.00627	0.00200	0.00285	0.01397	0.00456	0.00399
7	0.00589	0.00498	0.00509	0.00506	0.00669	0.00418	0.00380	0.00721	0.01139	0.01372	0.10166	0.04656	0.74248	0.01228	0.00581	0.00165	0.00248	0.01027	0.00462	0.00418
8	0.00878	0.11192	0.17496	0.01230	0.15663	0.00890	0.00956	0.01125	0.01060	0.01405	0.04014	0.17379	0.23039	0.00884	0.00516	0.00159	0.00450	0.00756	0.00337	0.00571
9	0.00994	0.00864	0.01141	0.24345	0.01800	0.00793	0.00814	0.03345	0.01040	0.01524	0.00978	0.05351	0.00841	0.00469	0.00418	0.00108	0.00450	0.00396	0.00284	0.54045
10	0.45876	0.11059	0.01307	0.01036	0.06403	0.14608	0.05747	0.01602	0.01022	0.06273	0.00804	0.00924	0.00630	0.00465	0.00370	0.00143	0.00528	0.00319	0.00294	0.00592
11	0.01382	0.01170	0.02118	0.05999	0.14524	0.01149	0.36270	0.06283	0.09134	0.14976	0.01250	0.01409	0.00908	0.00491	0.00533	0.00159	0.00649	0.00525	0.00347	0.00726
12	0.01283	0.12655	0.11514	0.01537	0.03353	0.04903	0.34209	0.09873	0.03462	0.03455	0.00980	0.01176	0.00749	0.00465	0.00521	0.00147	0.02759	0.00456	0.00282	0.06221

[dist]
# distance from previous block
# <min> <max>
0	14

[block]
# block no. 1 follows, 51 sequences, length 10
# corresponding to MSA columns:
# 216-225
name=unknown_B
#
# <colnr> <probs for GDERKNQSTAVLIFYWHMCP>
#	G	D	E	R	K	N	Q	S	T	A	V	L	I	F	Y	W	H	M	C	P
0	0.01021	0.00942	0.01521	0.14921	0.44356	0.00954	0.01176	0.01290	0.01133	0.01576	0.13003	0.01933	0.09063	0.00607	0.00505	0.00149	0.00500	0.00557	0.00307	0.04487
1	0.01064	0.00909	0.01237	0.01207	0.12830	0.00921	0.00835	0.01259	0.01016	0.05047	0.08676	0.05281	0.01242	0.00633	0.00742	0.00138	0.21246	0.00470	0.00311	0.34937
2	0.01860	0.01417	0.03673	0.01062	0.01406	0.20773	0.00875	0.27386	0.01670	0.26523	0.01385	0.01486	0.01006	0.00608	0.00485	0.00147	0.00580	0.04089	0.02831	0.00738
3	0.01102	0.00602	0.00731	0.00641	0.00860	0.00520	0.00501	0.01272	0.01271	0.25425	0.21513	0.03551	0.38094	0.00995	0.00554	0.00159	0.00296	0.00837	0.00522	0.00555
4	0.00715	0.00476	0.00536	0.00536	0.00536	0.00476	0.00298	0.00715	0.00715	0.00953	0.01548	0.03216	0.01787	0.82729	0.02501	0.00476	0.00476	0.00715	0.00298	0.00298
5	0.22514	0.36264	0.05475	0.00845	0.01235	0.04600	0.00788	0.01706	0.01072	0.19974	0.00991	0.01015	0.00744	0.00479	0.00367	0.00131	0.00489	0.00325	0.00329	0.00657
6	0.01394	0.13521	0.36926	0.01211	0.01757	0.01412	0.01316	0.32839	0.01553	0.02130	0.00976	0.01060	0.00711	0.00511	0.00455	0.00145	0.00622	0.00381	0.00324	0.00757
7	0.01623	0.23300	0.01665	0.00996	0.01360	0.07060	0.00852	0.44588	0.01768	0.02319	0.01059	0.01118	0.00808	0.00537	0.00426	0.00131	0.00530	0.00387	0.08748	0.00725
8	0.01816	0.09070	0.01579	0.01103	0.01499	0.01564	0.00925	0.70811	0.02187	0.02914	0.01133	0.01143	0.00816	0.00574	0.00475	0.00143	0.00539	0.00426	0.00465	0.00816
9	0.05414	0.27290	0.13324	0.01050	0.01487	0.06490	0.01004	0.29931	0.01532	0.06673	0.00976	0.01029	0.00736	0.00508	0.00421	0.00134	0.00570	0.00361	0.00345	0.00725

[dist]
# distance from previous block
# <min> <max>
10	22

[block]
# block no. 2 follows, 51 sequences, length 8
# corresponding to MSA columns:
# 249-256
name=unknown_C
#
# <colnr> <probs for GDERKNQSTAVLIFYWHMCP>
#	G	D	E	R	K	N	Q	S	T	A	V	L	I	F	Y	W	H	M	C	P
0	0.04173	0.00793	0.00915	0.00822	0.01047	0.00815	0.04054	0.12905	0.16210	0.01788	0.03066	0.09878	0.32151	0.01003	0.00555	0.00171	0.00374	0.08258	0.00455	0.00566
1	0.31435	0.10026	0.27463	0.00965	0.01438	0.01124	0.01031	0.01683	0.01039	0.18113	0.01012	0.01059	0.00715	0.00488	0.00399	0.00148	0.00519	0.00346	0.00326	0.00671
2	0.01016	0.00884	0.00915	0.00811	0.01045	0.08341	0.00608	0.09156	0.04610	0.01625	0.05768	0.32500	0.01939	0.00900	0.00503	0.00143	0.00396	0.00778	0.00394	0.27667
3	0.26223	0.01438	0.01242	0.01017	0.01357	0.16581	0.00821	0.41331	0.01709	0.02476	0.00956	0.01013	0.00709	0.00535	0.00428	0.00145	0.00561	0.00367	0.00392	0.00697
4	0.01364	0.04511	0.05101	0.00819	0.01087	0.00727	0.00684	0.01666	0.08648	0.32784	0.10066	0.18735	0.08023	0.00897	0.00533	0.00164	0.00378	0.02661	0.00505	0.00646
5	0.01080	0.00906	0.00910	0.00897	0.01062	0.12477	0.00709	0.08630	0.05355	0.05172	0.10238	0.19867	0.04533	0.01086	0.00585	0.00183	0.00457	0.24878	0.00447	0.00530
6	0.01057	0.01589	0.27104	0.01894	0.17004	0.01108	0.30932	0.01463	0.01090	0.01541	0.01124	0.09679	0.00974	0.00553	0.00531	0.00162	0.00692	0.00569	0.00256	0.00678
7	0.01117	0.01107	0.02008	0.26996	0.41427	0.01159	0.16095	0.01443	0.01085	0.01492	0.00922	0.01266	0.00734	0.00450	0.00506	0.00155	0.00653	0.00465	0.00237	0.00685

[dist]
# distance from previous block
# <min> <max>
0	1

[block]
# block no. 3 follows, 51 sequences, length 36
# corresponding to MSA columns:
# 258-293
name=unknown_D
#
# <colnr> <probs for GDERKNQSTAVLIFYWHMCP>
#	G	D	E	R	K	N	Q	S	T	A	V	L	I	F	Y	W	H	M	C	P
0	0.00978	0.00924	0.01564	0.68023	0.16522	0.01105	0.01389	0.01299	0.01006	0.01316	0.00882	0.01294	0.00676	0.00482	0.00490	0.00161	0.00643	0.00437	0.00223	0.00586
1	0.00934	0.00940	0.01800	0.04183	0.05927	0.00885	0.37392	0.01240	0.01201	0.01628	0.22664	0.05008	0.12515	0.00725	0.00573	0.00163	0.00553	0.00738	0.00361	0.00570
2	0.02047	0.00798	0.01076	0.00839	0.01178	0.00696	0.00677	0.02217	0.01333	0.71636	0.01897	0.01836	0.01277	0.09302	0.00707	0.00186	0.00424	0.00518	0.00575	0.00779
3	0.01002	0.01028	0.03744	0.42945	0.16677	0.01084	0.16940	0.01330	0.01048	0.01393	0.01128	0.04923	0.03513	0.00537	0.00517	0.00162	0.00649	0.00527	0.00247	0.00605
4	0.01555	0.01297	0.05646	0.13766	0.11310	0.14315	0.05087	0.08461	0.06219	0.22207	0.04333	0.01424	0.01042	0.00552	0.00491	0.00150	0.00592	0.00461	0.00385	0.00707
5	0.00857	0.00647	0.01027	0.00966	0.01132	0.00613	0.11539	0.01069	0.01129	0.05890	0.09203	0.22108	0.07718	0.01186	0.00628	0.00197	0.00433	0.32726	0.00441	0.00490
6	0.01147	0.01288	0.02691	0.01954	0.02377	0.01282	0.66390	0.01516	0.01099	0.01516	0.00942	0.01288	0.00731	0.00481	0.00734	0.00173	0.12945	0.00558	0.00244	0.00644
7	0.01139	0.01910	0.44783	0.01734	0.14134	0.01120	0.16919	0.01599	0.01104	0.07231	0.01032	0.01287	0.00772	0.00485	0.00500	0.00158	0.00695	0.02417	0.00257	0.00722
8	0.01196	0.04502	0.07342	0.02682	0.59911	0.01208	0.12918	0.01520	0.01115	0.01580	0.00923	0.01204	0.00757	0.00436	0.00492	0.00148	0.00628	0.00447	0.00240	0.00752
9	0.02205	0.00836	0.01140	0.00874	0.01254	0.00722	0.00722	0.02395	0.01407	0.80004	0.01939	0.01673	0.01216	0.00608	0.00494	0.00152	0.00418	0.00494	0.00608	0.00836
10	0.00631	0.00459	0.00600	0.00690	0.00750	0.00428	0.00493	0.00751	0.01022	0.01351	0.09525	0.58207	0.10536	0.01442	0.00625	0.00196	0.00299	0.11120	0.00463	0.00413
11	0.01785	0.01350	0.21707	0.01226	0.08992	0.02997	0.01087	0.02081	0.01283	0.50086	0.01537	0.01444	0.01005	0.00553	0.00485	0.00152	0.00526	0.00450	0.00460	0.00795
12	0.00986	0.02542	0.80183	0.01401	0.02127	0.01141	0.01816	0.01556	0.01038	0.01556	0.00882	0.01038	0.00623	0.00467	0.00467	0.00156	0.00726	0.00363	0.00208	0.00726
13	0.01314	0.83025	0.02575	0.00841	0.01261	0.01945	0.00841	0.01472	0.00999	0.01156	0.00683	0.00788	0.00631	0.00420	0.00315	0.00105	0.00526	0.00263	0.00210	0.00631
14	0.01145	0.00870	0.01032	0.00743	0.01174	0.00662	0.00597	0.01360	0.01060	0.09901	0.00986	0.01088	0.00780	0.00390	0.00378	0.00081	0.00370	0.00313	0.00325	0.76746
15	0.01331	0.01175	0.01168	0.01032	0.01320	0.06533	0.00806	0.10552	0.65545	0.02109	0.01831	0.01701	0.01372	0.00648	0.00495	0.00162	0.00438	0.00528	0.00483	0.00770
16	0.00607	0.00499	0.00534	0.00525	0.00680	0.00426	0.00394	0.00755	0.01181	0.01472	0.21732	0.04491	0.62621	0.01191	0.00581	0.00163	0.00245	0.01004	0.00475	0.00426
17	0.00712	0.00486	0.00585	0.00585	0.00602	0.00503	0.00359	0.00746	0.00729	0.00989	0.01503	0.02967	0.01678	0.67400	0.17683	0.00537	0.00639	0.00678	0.00291	0.00325
18	0.01146	0.01303	0.02841	0.02036	0.02521	0.01221	0.75912	0.01552	0.01154	0.01566	0.01038	0.03385	0.00809	0.00443	0.00581	0.00167	0.00815	0.00601	0.00254	0.00656
19	0.00702	0.00527	0.00790	0.00790	0.00878	0.00614	0.00614	0.00878	0.00790	0.01141	0.01316	0.01931	0.01229	0.03686	0.80782	0.00790	0.01316	0.00527	0.00263	0.00439
20	0.01314	0.83025	0.02575	0.00841	0.01261	0.01945	0.00841	0.01472	0.00999	0.01156	0.00683	0.00788	0.00631	0.00420	0.00315	0.00105	0.00526	0.00263	0.00210	0.00631
21	0.00986	0.02542	0.80183	0.01401	0.02127	0.01141	0.01816	0.01556	0.01038	0.01556	0.00882	0.01038	0.00623	0.00467	0.00467	0.00156	0.00726	0.00363	0.00208	0.00726
22	0.00622	0.00445	0.00591	0.00669	0.00718	0.00414	0.00458	0.00742	0.01047	0.01424	0.20843	0.63791	0.03578	0.01413	0.00616	0.00189	0.00273	0.01277	0.00476	0.00414
23	0.00702	0.00527	0.00790	0.00790	0.00878	0.00614	0.00614	0.00878	0.00790	0.01141	0.01316	0.01931	0.01229	0.03686	0.80782	0.00790	0.01316	0.00527	0.00263	0.00439
24	0.01314	0.83025	0.02575	0.00841	0.01261	0.01945	0.00841	0.01472	0.00999	0.01156	0.00683	0.00788	0.00631	0.00420	0.00315	0.00105	0.00526	0.00263	0.00210	0.00631
25	0.01192	0.54513	0.28327	0.01022	0.01538	0.01646	0.01157	0.01488	0.01020	0.01307	0.02431	0.00933	0.00714	0.00448	0.00371	0.00123	0.00586	0.00310	0.00216	0.00659
26	0.00724	0.00544	0.00698	0.00774	0.00904	0.00517	0.00658	0.00918	0.01128	0.01425	0.03364	0.05282	0.27418	0.01321	0.00647	0.00207	0.00387	0.52189	0.00454	0.00440
27	0.01099	0.27970	0.23034	0.01086	0.01517	0.04372	0.09171	0.01413	0.01144	0.03108	0.19710	0.01627	0.01615	0.00580	0.00456	0.00139	0.00553	0.00481	0.00303	0.00622
28	0.01551	0.01886	0.20365	0.02649	0.05104	0.28080	0.03792	0.13085	0.08211	0.08965	0.01086	0.01158	0.00801	0.00526	0.00473	0.00145	0.00691	0.00400	0.00331	0.00701
29	0.06320	0.01178	0.02061	0.03949	0.54640	0.01180	0.17157	0.01557	0.04162	0.01647	0.00966	0.01240	0.00783	0.00444	0.00495	0.00152	0.00616	0.00461	0.00258	0.00736
30	0.00928	0.00873	0.01474	0.81548	0.03385	0.01092	0.01365	0.01256	0.00983	0.01256	0.00873	0.01310	0.00655	0.00491	0.00491	0.00164	0.00655	0.00437	0.00218	0.00546
31	0.01149	0.10174	0.50498	0.01509	0.11443	0.09656	0.01536	0.01640	0.05148	0.01512	0.00913	0.01061	0.00689	0.00473	0.00454	0.00147	0.00688	0.00368	0.00232	0.00709
32	0.01085	0.02072	0.52953	0.01798	0.18120	0.01148	0.10643	0.01570	0.01078	0.03622	0.00931	0.01125	0.00685	0.00458	0.00485	0.00155	0.00701	0.00407	0.00230	0.00732
33	0.01674	0.01406	0.23390	0.01089	0.01555	0.00990	0.02968	0.11635	0.08044	0.37827	0.03379	0.01485	0.01096	0.00576	0.00491	0.00154	0.00523	0.00468	0.00461	0.00787
34	0.01399	0.01156	0.03421	0.02346	0.50367	0.01116	0.08093	0.08230	0.01263	0.13793	0.01155	0.03444	0.00910	0.00505	0.00500	0.00150	0.00571	0.00483	0.00326	0.00771
35	0.03146	0.02919	0.16240	0.01347	0.07301	0.02847	0.18254	0.02887	0.06457	0.04273	0.06790	0.20716	0.03109	0.00779	0.00537	0.00166	0.00546	0.00724	0.00348	0.00614

[dist]
# distance from previous block
# <min> <max>
0	2

[block]
# block no. 4 follows, 51 sequences, length 104
# corresponding to MSA columns:
# 296-399
name=unknown_E
#
# <colnr> <probs for GDERKNQSTAVLIFYWHMCP>
#	G	D	E	R	K	N	Q	S	T	A	V	L	I	F	Y	W	H	M	C	P
0	0.01279	0.02946	0.01371	0.01587	0.27701	0.01031	0.00961	0.06823	0.21331	0.11239	0.10304	0.01913	0.06128	0.00641	0.00500	0.00153	0.00442	0.00557	0.02371	0.00722
1	0.01166	0.01468	0.19094	0.02663	0.62707	0.01162	0.01575	0.01519	0.01101	0.01595	0.00915	0.01177	0.00744	0.00444	0.00482	0.00148	0.00615	0.00422	0.00235	0.00767
2	0.01548	0.01285	0.01751	0.05452	0.04546	0.01384	0.17781	0.43616	0.13232	0.02465	0.01236	0.01316	0.00903	0.00553	0.00512	0.00155	0.00589	0.00489	0.00417	0.00773
3	0.01292	0.01167	0.01744	0.06746	0.15714	0.06971	0.20804	0.04695	0.17744	0.08750	0.01409	0.08299	0.01157	0.00604	0.00523	0.00160	0.00590	0.00577	0.00359	0.00693
4	0.01000	0.05128	0.55574	0.01382	0.06154	0.01072	0.05827	0.01474	0.01106	0.02983	0.12387	0.01450	0.01236	0.00542	0.00486	0.00154	0.00639	0.00455	0.00268	0.00685
5	0.01181	0.13095	0.12186	0.00849	0.01298	0.00908	0.00801	0.01437	0.01086	0.10933	0.05395	0.01215	0.00978	0.00452	0.00399	0.00103	0.00437	0.00355	0.00320	0.46574
6	0.01016	0.00963	0.01632	0.57664	0.26584	0.01115	0.01408	0.01332	0.01024	0.01362	0.00889	0.01282	0.00693	0.00475	0.00490	0.00158	0.00633	0.00437	0.00226	0.00617
7	0.01223	0.01271	0.08061	0.02692	0.63409	0.01160	0.06468	0.01583	0.04074	0.03845	0.00995	0.01246	0.00804	0.00452	0.00492	0.00149	0.00599	0.00447	0.00261	0.00768
8	0.01345	0.00893	0.01073	0.00785	0.01206	0.00720	0.00635	0.05831	0.01183	0.20060	0.01140	0.01181	0.00848	0.00434	0.00402	0.00096	0.00387	0.00347	0.00377	0.61058
9	0.01210	0.01161	0.01983	0.04787	0.77944	0.01166	0.01505	0.01502	0.01116	0.01598	0.00923	0.01218	0.00776	0.00439	0.00487	0.00146	0.00585	0.00438	0.00243	0.00773
10	0.00702	0.00527	0.00790	0.00790	0.00878	0.00614	0.00614	0.00878	0.00790	0.01141	0.01316	0.01931	0.01229	0.03686	0.80782	0.00790	0.01316	0.00527	0.00263	0.00439
11	0.00581	0.00498	0.00498	0.00498	0.00664	0.00415	0.00373	0.00705	0.01120	0.01328	0.04978	0.04729	0.79464	0.01245	0.00581	0.00166	0.00249	0.01037	0.00456	0.00415
12	0.50134	0.01269	0.05293	0.00861	0.01187	0.12097	0.00727	0.07356	0.10558	0.05035	0.00950	0.01011	0.00717	0.00505	0.00377	0.00150	0.00483	0.00335	0.00341	0.00612
13	0.01089	0.01038	0.01765	0.37727	0.45949	0.01134	0.01445	0.01397	0.01059	0.01451	0.00902	0.01258	0.00724	0.00461	0.00489	0.00154	0.00615	0.00437	0.00232	0.00676
14	0.00599	0.00428	0.00570	0.00684	0.00713	0.00399	0.00456	0.00684	0.00941	0.01254	0.02709	0.82409	0.03250	0.01540	0.00627	0.00200	0.00285	0.01397	0.00456	0.00399
15	0.00712	0.00514	0.00697	0.00803	0.00890	0.00499	0.00649	0.00883	0.01065	0.01387	0.02790	0.32045	0.07849	0.01413	0.00655	0.00213	0.00382	0.45670	0.00454	0.00432
16	0.00974	0.02393	0.73541	0.01375	0.02061	0.01106	0.03871	0.01521	0.01061	0.01580	0.05305	0.01194	0.00852	0.00496	0.00476	0.00156	0.00701	0.00399	0.00227	0.00710
17	0.01175	0.01039	0.01226	0.01073	0.01242	0.01283	0.00854	0.06777	0.41328	0.01740	0.01450	0.01636	0.01186	0.06878	0.01031	0.00205	0.28310	0.00517	0.00387	0.00663
18	0.02205	0.00836	0.01140	0.00874	0.01254	0.00722	0.00722	0.02395	0.01407	0.80004	0.01939	0.01673	0.01216	0.00608	0.00494	0.00152	0.00418	0.00494	0.00608	0.00836
19	0.01021	0.11178	0.71856	0.01341	0.02034	0.01227	0.01711	0.01547	0.01033	0.01513	0.00861	0.01011	0.00623	0.00462	0.00451	0.00150	0.00705	0.00352	0.00208	0.00716
20	0.01014	0.00968	0.01658	0.57538	0.24509	0.01117	0.03559	0.01335	0.01025	0.01362	0.00891	0.01285	0.00692	0.00474	0.00492	0.00159	0.00640	0.00441	0.00226	0.00614
21	0.00928	0.00873	0.01474	0.81548	0.03385	0.01092	0.01365	0.01256	0.00983	0.01256	0.00873	0.01310	0.00655	0.00491	0.00491	0.00164	0.00655	0.00437	0.00218	0.00546
22	0.01216	0.01168	0.01995	0.03016	0.79664	0.01168	0.01508	0.01508	0.01119	0.01605	0.00924	0.01216	0.00778	0.00438	0.00487	0.00146	0.00584	0.00438	0.00243	0.00778
23	0.00854	0.00731	0.01152	0.01633	0.32633	0.00714	0.00891	0.01027	0.01018	0.01402	0.01984	0.47438	0.02239	0.01089	0.00572	0.00179	0.00411	0.03110	0.00370	0.00554
24	0.00986	0.02542	0.80183	0.01401	0.02127	0.01141	0.01816	0.01556	0.01038	0.01556	0.00882	0.01038	0.00623	0.00467	0.00467	0.00156	0.00726	0.00363	0.00208	0.00726
25	0.01320	0.01480	0.01822	0.04033	0.18361	0.24383	0.16776	0.01545	0.01108	0.01358	0.00851	0.01153	0.00722	0.00716	0.05006	0.00194	0.17876	0.00435	0.00242	0.00619
26	0.00986	0.02542	0.80183	0.01401	0.02127	0.01141	0.01816	0.01556	0.01038	0.01556	0.00882	0.01038	0.00623	0.00467	0.00467	0.00156	0.00726	0.00363	0.00208	0.00726
27	0.00803	0.00661	0.00986	0.33394	0.01838	0.00742	0.00850	0.05269	0.01035	0.01359	0.01881	0.45057	0.02065	0.01062	0.00565	0.00182	0.00449	0.00955	0.00362	0.00483
28	0.00928	0.00873	0.01474	0.81548	0.03385	0.01092	0.01365	0.01256	0.00983	0.01256	0.00873	0.01310	0.00655	0.00491	0.00491	0.00164	0.00655	0.00437	0.00218	0.00546
29	0.00619	0.00494	0.00554	0.00551	0.00690	0.00429	0.00409	0.00774	0.01192	0.01527	0.28490	0.10503	0.49651	0.01191	0.00584	0.00165	0.00246	0.01018	0.00483	0.00429
30	0.00986	0.02542	0.80183	0.01401	0.02127	0.01141	0.01816	0.01556	0.01038	0.01556	0.00882	0.01038	0.00623	0.00467	0.00467	0.00156	0.00726	0.00363	0.00208	0.00726
31	0.00928	0.00873	0.01474	0.81548	0.03385	0.01092	0.01365	0.01256	0.00983	0.01256	0.00873	0.01310	0.00655	0.00491	0.00491	0.00164	0.00655	0.00437	0.00218	0.00546
32	0.01163	0.01317	0.02849	0.02124	0.06908	0.01239	0.73580	0.01570	0.01158	0.01576	0.00990	0.01319	0.00747	0.00416	0.00575	0.00165	0.00815	0.00572	0.00248	0.00669
33	0.00689	0.00502	0.00648	0.00611	0.00730	0.00461	0.00459	0.00915	0.01376	0.01934	0.75215	0.03730	0.08849	0.01018	0.00580	0.00155	0.00233	0.00897	0.00536	0.00461
34	0.01160	0.01326	0.02900	0.02071	0.02568	0.01243	0.77879	0.01574	0.01160	0.01574	0.00994	0.01326	0.00746	0.00414	0.00580	0.00166	0.00829	0.00580	0.00249	0.00663
35	0.01216	0.01168	0.01995	0.03016	0.79664	0.01168	0.01508	0.01508	0.01119	0.01605	0.00924	0.01216	0.00778	0.00438	0.00487	0.00146	0.00584	0.00438	0.00243	0.00778
36	0.01082	0.26146	0.57422	0.01236	0.01873	0.01377	0.01530	0.01531	0.01026	0.01439	0.00824	0.00964	0.00625	0.00453	0.00422	0.00141	0.00667	0.00334	0.00208	0.00698
37	0.00928	0.00873	0.01474	0.81548	0.03385	0.01092	0.01365	0.01256	0.00983	0.01256	0.00873	0.01310	0.00655	0.00491	0.00491	0.00164	0.00655	0.00437	0.00218	0.00546
38	0.01050	0.18294	0.64994	0.01291	0.01958	0.01298	0.01625	0.01540	0.01030	0.01478	0.00843	0.00989	0.00624	0.00458	0.00437	0.00146	0.00687	0.00343	0.00208	0.00708
39	0.02093	0.00938	0.04656	0.00965	0.01367	0.00770	0.05154	0.02312	0.01377	0.72157	0.01839	0.01625	0.01164	0.00591	0.00498	0.00153	0.00455	0.00493	0.00570	0.00822
40	0.00986	0.02542	0.80183	0.01401	0.02127	0.01141	0.01816	0.01556	0.01038	0.01556	0.00882	0.01038	0.00623	0.00467	0.00467	0.00156	0.00726	0.00363	0.00208	0.00726
41	0.86201	0.00950	0.00722	0.00646	0.00950	0.01102	0.00532	0.01445	0.00836	0.02205	0.00684	0.00798	0.00532	0.00456	0.00304	0.00152	0.00380	0.00266	0.00304	0.00532
42	0.01036	0.07065	0.72821	0.01364	0.02055	0.04212	0.01728	0.01567	0.01049	0.01520	0.00866	0.01018	0.00623	0.00466	0.00457	0.00152	0.00721	0.00356	0.00209	0.00715
43	0.01031	0.01143	0.11500	0.01926	0.32134	0.00961	0.09788	0.01367	0.02456	0.01556	0.01539	0.02748	0.01493	0.00768	0.00563	0.00178	0.00579	0.27309	0.00318	0.00644
44	0.00711	0.00491	0.00610	0.00610	0.00635	0.00516	0.00390	0.00762	0.00736	0.01007	0.01481	0.02843	0.01625	0.59781	0.25228	0.00567	0.00720	0.00660	0.00288	0.00339
45	0.01215	0.01171	0.02016	0.02994	0.77815	0.01169	0.03340	0.01510	0.01120	0.01605	0.00926	0.01219	0.00778	0.00437	0.00489	0.00146	0.00590	0.00441	0.00243	0.00776
46	0.03202	0.81199	0.02534	0.00837	0.01254	0.01926	0.00834	0.01471	0.00995	0.01180	0.00683	0.00789	0.00628	0.00421	0.00315	0.00106	0.00522	0.00263	0.00212	0.00628
47	0.01216	0.01168	0.01995	0.03016	0.79664	0.01168	0.01508	0.01508	0.01119	0.01605	0.00924	0.01216	0.00778	0.00438	0.00487	0.00146	0.00584	0.00438	0.00243	0.00778
48	0.01082	0.26146	0.57422	0.01236	0.01873	0.01377	0.01530	0.01531	0.01026	0.01439	0.00824	0.00964	0.00625	0.00453	0.00422	0.00141	0.00667	0.00334	0.00208	0.00698
49	0.01620	0.01148	0.01278	0.01069	0.03126	0.01254	0.00842	0.37541	0.27104	0.12598	0.05944	0.01598	0.01315	0.00637	0.00500	0.00155	0.00459	0.00511	0.00507	0.00795
50	0.00710	0.00494	0.00623	0.00623	0.00653	0.00524	0.00406	0.00770	0.00740	0.01017	0.01469	0.02776	0.01595	0.55646	0.29323	0.00584	0.00764	0.00650	0.00286	0.00346
51	0.00696	0.00502	0.00657	0.00618	0.00734	0.00464	0.00464	0.00927	0.01391	0.01971	0.79405	0.03671	0.04637	0.01005	0.00580	0.00155	0.00232	0.00889	0.00541	0.00464
52	0.01222	0.01056	0.01111	0.01000	0.01278	0.01222	0.00778	0.02611	0.78776	0.02056	0.02000	0.01833	0.01500	0.00667	0.00500	0.00167	0.00389	0.00556	0.00500	0.00778
53	0.01937	0.01180	0.01343	0.01039	0.01420	0.01243	0.00855	0.48545	0.06879	0.28130	0.01480	0.01382	0.01002	0.00601	0.00493	0.00150	0.00491	0.00467	0.00530	0.00832
54	0.02014	0.00939	0.01180	0.00927	0.01293	0.00901	0.00758	0.12264	0.13109	0.58330	0.01849	0.01633	0.01209	0.00615	0.00495	0.00154	0.00430	0.00497	0.00577	0.00827
55	0.00702	0.00527	0.00790	0.00790	0.00878	0.00614	0.00614	0.00878	0.00790	0.01141	0.01316	0.01931	0.01229	0.03686	0.80782	0.00790	0.01316	0.00527	0.00263	0.00439
56	0.00928	0.00873	0.01474	0.81548	0.03385	0.01092	0.01365	0.01256	0.00983	0.01256	0.00873	0.01310	0.00655	0.00491	0.00491	0.00164	0.00655	0.00437	0.00218	0.00546
57	0.01568	0.01095	0.01726	0.02195	0.47328	0.03281	0.04585	0.01826	0.01227	0.28312	0.01268	0.01367	0.00922	0.00497	0.00492	0.00148	0.00547	0.00460	0.00368	0.00787
58	0.01203	0.01154	0.01971	0.06532	0.76249	0.01164	0.01502	0.01497	0.01113	0.01590	0.00922	0.01220	0.00773	0.00440	0.00487	0.00147	0.00587	0.00438	0.00242	0.00768
59	0.00599	0.00428	0.00570	0.00684	0.00713	0.00399	0.00456	0.00684	0.00941	0.01254	0.02709	0.82409	0.03250	0.01540	0.00627	0.00200	0.00285	0.01397	0.00456	0.00399
60	0.00986	0.02542	0.80183	0.01401	0.02127	0.01141	0.01816	0.01556	0.01038	0.01556	0.00882	0.01038	0.00623	0.00467	0.00467	0.00156	0.00726	0.00363	0.00208	0.00726
61	0.01343	0.02002	0.48733	0.01259	0.01843	0.01191	0.01435	0.22546	0.01417	0.09859	0.01080	0.01162	0.00756	0.00594	0.02463	0.00169	0.00659	0.00402	0.00327	0.00760
62	0.00723	0.00543	0.00696	0.00770	0.00899	0.00516	0.00652	0.00917	0.01134	0.01438	0.05251	0.05241	0.27022	0.01313	0.00645	0.00205	0.00383	0.50755	0.00456	0.00441
63	0.01053	0.01001	0.01699	0.47618	0.36342	0.01125	0.01427	0.01365	0.01042	0.01407	0.00895	0.01270	0.00708	0.00468	0.00489	0.00156	0.00624	0.00437	0.00229	0.00646
64	0.01138	0.01388	0.14097	0.02410	0.43870	0.01149	0.21726	0.01497	0.01114	0.01576	0.01081	0.02682	0.03003	0.00477	0.00513	0.00154	0.00656	0.00497	0.00249	0.00723
65	0.01020	0.00550	0.00746	0.00768	0.00896	0.00506	0.00578	0.01155	0.01086	0.20332	0.02504	0.49772	0.02687	0.01283	0.00604	0.00193	0.00346	0.13969	0.00492	0.00514
66	0.01055	0.02055	0.49243	0.01669	0.02304	0.01182	0.32267	0.01563	0.01087	0.01563	0.00927	0.01153	0.00672	0.00446	0.00512	0.00160	0.00767	0.00450	0.00224	0.00701
67	0.01008	0.05857	0.73965	0.01439	0.05037	0.01176	0.01763	0.01551	0.01039	0.01541	0.00875	0.01034	0.00629	0.00464	0.00461	0.00153	0.00712	0.00362	0.00209	0.00724
68	0.01218	0.01348	0.07750	0.03818	0.10027	0.01191	0.58550	0.01614	0.01160	0.06778	0.01040	0.01319	0.00770	0.00435	0.00556	0.00162	0.00767	0.00543	0.00269	0.00687
69	0.01207	0.13792	0.55108	0.01266	0.01881	0.05899	0.01509	0.06479	0.01154	0.05993	0.00925	0.01038	0.00671	0.00478	0.00447	0.00146	0.00678	0.00359	0.00251	0.00717
70	0.01225	0.01255	0.05204	0.02600	0.51103	0.01173	0.24147	0.01561	0.01138	0.04339	0.00979	0.01258	0.00778	0.00438	0.00514	0.00152	0.00656	0.00479	0.00256	0.00744
71	0.00935	0.00881	0.01487	0.79578	0.05299	0.01094	0.01368	0.01262	0.00986	0.01264	0.00875	0.01308	0.00658	0.00490	0.00491	0.00163	0.00653	0.00437	0.00219	0.00552
72	0.01221	0.46815	0.33879	0.01069	0.01611	0.01565	0.01230	0.01547	0.01033	0.04848	0.00820	0.00929	0.00654	0.00448	0.00385	0.00128	0.00602	0.00314	0.00227	0.00679
73	0.01180	0.16567	0.57028	0.01246	0.01877	0.01256	0.01519	0.03791	0.01100	0.08688	0.00952	0.01056	0.00684	0.00475	0.00443	0.00146	0.00657	0.00360	0.00253	0.00723
74	0.00702	0.00527	0.00790	0.00790	0.00878	0.00614	0.00614	0.00878	0.00790	0.01141	0.01316	0.01931	0.01229	0.03686	0.80782	0.00790	0.01316	0.00527	0.00263	0.00439
75	0.00599	0.00428	0.00570	0.00684	0.00713	0.00399	0.00456	0.00684	0.00941	0.01254	0.02709	0.82409	0.03250	0.01540	0.00627	0.00200	0.00285	0.01397	0.00456	0.00399
76	0.00986	0.02542	0.80183	0.01401	0.02127	0.01141	0.01816	0.01556	0.01038	0.01556	0.00882	0.01038	0.00623	0.00467	0.00467	0.00156	0.00726	0.00363	0.00208	0.00726
77	0.06759	0.01215	0.01256	0.00996	0.01358	0.11415	0.00810	0.26358	0.03171	0.39381	0.01475	0.01367	0.00986	0.00582	0.00476	0.00148	0.00515	0.00443	0.00506	0.00783
78	0.00588	0.00498	0.00508	0.00505	0.00668	0.00418	0.00379	0.00719	0.01137	0.01368	0.09713	0.04662	0.74705	0.01229	0.00581	0.00165	0.00248	0.01028	0.00462	0.00418
79	0.86201	0.00950	0.00722	0.00646	0.00950	0.01102	0.00532	0.01445	0.00836	0.02205	0.00684	0.00798	0.00532	0.00456	0.00304	0.00152	0.00380	0.00266	0.00304	0.00532
80	0.01314	0.83025	0.02575	0.00841	0.01261	0.01945	0.00841	0.01472	0.00999	0.01156	0.00683	0.00788	0.00631	0.00420	0.00315	0.00105	0.00526	0.00263	0.00210	0.00631
81	0.00696	0.00502	0.00657	0.00618	0.00734	0.00464	0.00464	0.00927	0.01391	0.01971	0.79405	0.03671	0.04637	0.01005	0.00580	0.00155	0.00232	0.00889	0.00541	0.00464
82	0.01187	0.01034	0.01155	0.10684	0.01531	0.01207	0.00848	0.02448	0.69423	0.01960	0.01865	0.01771	0.01399	0.00646	0.00499	0.00166	0.00421	0.00541	0.00466	0.00750
83	0.01216	0.01168	0.01995	0.03016	0.79664	0.01168	0.01508	0.01508	0.01119	0.01605	0.00924	0.01216	0.00778	0.00438	0.00487	0.00146	0.00584	0.00438	0.00243	0.00778
84	0.01160	0.01326	0.02900	0.02071	0.02568	0.01243	0.77879	0.01574	0.01160	0.01574	0.00994	0.01326	0.00746	0.00414	0.00580	0.00166	0.00829	0.00580	0.00249	0.00663
85	0.03384	0.01315	0.01842	0.02265	0.46025	0.07106	0.06363	0.22087	0.01455	0.01988	0.00980	0.01180	0.00775	0.00483	0.00487	0.00146	0.00606	0.00436	0.00312	0.00765
86	0.01314	0.83025	0.02575	0.00841	0.01261	0.01945	0.00841	0.01472	0.00999	0.01156	0.00683	0.00788	0.00631	0.00420	0.00315	0.00105	0.00526	0.00263	0.00210	0.00631
87	0.00599	0.00428	0.00570	0.00684	0.00713	0.00399	0.00456	0.00684	0.00941	0.01254	0.02709	0.82409	0.03250	0.01540	0.00627	0.00200	0.00285	0.01397	0.00456	0.00399
88	0.24766	0.46077	0.01872	0.00838	0.01222	0.01639	0.00772	0.14934	0.01185	0.01786	0.00771	0.00860	0.00640	0.00460	0.00343	0.00125	0.00488	0.00295	0.00286	0.00640
89	0.86201	0.00950	0.00722	0.00646	0.00950	0.01102	0.00532	0.01445	0.00836	0.02205	0.00684	0.00798	0.00532	0.00456	0.00304	0.00152	0.00380	0.00266	0.00304	0.00532
90	0.00715	0.00476	0.00536	0.00536	0.00536	0.00476	0.00298	0.00715	0.00715	0.00953	0.01548	0.03216	0.01787	0.82729	0.02501	0.00476	0.00476	0.00715	0.00298	0.00298
91	0.00702	0.00527	0.00790	0.00790	0.00878	0.00614	0.00614	0.00878	0.00790	0.01141	0.01316	0.01931	0.01229	0.03686	0.80782	0.00790	0.01316	0.00527	0.00263	0.00439
92	0.00928	0.00873	0.01474	0.81548	0.03385	0.01092	0.01365	0.01256	0.00983	0.01256	0.00873	0.01310	0.00655	0.00491	0.00491	0.00164	0.00655	0.00437	0.00218	0.00546
93	0.01075	0.01075	0.01505	0.01290	0.01290	0.01505	0.01075	0.01183	0.00753	0.01183	0.00645	0.01075	0.00645	0.00860	0.01613	0.00215	0.81830	0.00430	0.00215	0.00538
94	0.00603	0.00462	0.00555	0.00625	0.00711	0.00415	0.00443	0.00711	0.01021	0.01295	0.03575	0.48217	0.32528	0.01416	0.00612	0.00188	0.00281	0.05478	0.00456	0.00408
95	0.00703	0.00523	0.00771	0.00771	0.00852	0.00604	0.00591	0.00865	0.00784	0.01127	0.01334	0.02027	0.01270	0.09610	0.74915	0.00766	0.01253	0.00541	0.00266	0.00428
96	0.01075	0.02388	0.69975	0.01400	0.02086	0.01181	0.04499	0.08744	0.01162	0.01702	0.00914	0.01061	0.00647	0.00477	0.00473	0.00155	0.00713	0.00378	0.00236	0.00734
97	0.01160	0.01326	0.02900	0.02071	0.02568	0.01243	0.77879	0.01574	0.01160	0.01574	0.00994	0.01326	0.00746	0.00414	0.00580	0.00166	0.00829	0.00580	0.00249	0.00663
98	0.01215	0.01172	0.02020	0.02990	0.77504	0.01170	0.03648	0.01510	0.01120	0.01605	0.00926	0.01219	0.00778	0.00437	0.00489	0.00147	0.00591	0.00442	0.00243	0.00775
99	0.00824	0.00639	0.00780	0.00822	0.00950	0.00668	0.00637	0.01302	0.21421	0.01573	0.07163	0.31936	0.04898	0.01217	0.00605	0.00195	0.00357	0.23024	0.00472	0.00518
100	0.61999	0.00983	0.01001	0.01136	0.16426	0.01092	0.00744	0.01517	0.03135	0.05023	0.00859	0.01049	0.00685	0.00485	0.00361	0.00153	0.00423	0.02019	0.00313	0.00597
101	0.16564	0.07637	0.06476	0.01081	0.05760	0.09219	0.00867	0.10283	0.22662	0.01915	0.01158	0.01205	0.00895	0.00529	0.00447	0.00142	0.02086	0.00393	0.00354	0.10329
102	0.06185	0.13468	0.17475	0.01191	0.06305	0.01129	0.07593	0.04643	0.05303	0.17990	0.01144	0.01200	0.00833	0.00483	0.00439	0.00136	0.00534	0.00396	0.00341	0.13211
103	0.05902	0.13498	0.22272	0.01616	0.20699	0.01247	0.06490	0.07181	0.04584	0.07669	0.02294	0.02540	0.00872	0.00504	0.00458	0.00147	0.00583	0.00426	0.00298	0.00719

[dist]
# distance from previous block
# <min> <max>
16	63

[block]
# block no. 5 follows, 51 sequences, length 13
# corresponding to MSA columns:
# 465-477
name=unknown_F
#
# <colnr> <probs for GDERKNQSTAVLIFYWHMCP>
#	G	D	E	R	K	N	Q	S	T	A	V	L	I	F	Y	W	H	M	C	P
0	0.01139	0.01119	0.01824	0.15798	0.48030	0.03859	0.08060	0.01429	0.01102	0.01516	0.01115	0.01392	0.04675	0.00482	0.00490	0.00146	0.00596	0.00466	0.00254	0.06507
1	0.03548	0.01444	0.14009	0.10677	0.09905	0.07255	0.20954	0.05995	0.01128	0.01561	0.03443	0.01244	0.00820	0.00551	0.00705	0.00166	0.15231	0.00462	0.00258	0.00642
2	0.00968	0.00914	0.01545	0.70773	0.13851	0.01102	0.01384	0.01290	0.01001	0.01304	0.00880	0.01297	0.00672	0.00484	0.00491	0.00161	0.00645	0.00437	0.00222	0.00578
3	0.01641	0.01250	0.01389	0.08301	0.12822	0.12057	0.00972	0.22620	0.09602	0.18861	0.01462	0.01475	0.04135	0.00587	0.00489	0.00150	0.00550	0.00471	0.00424	0.00743
4	0.00702	0.00527	0.00790	0.00790	0.00878	0.00614	0.00614	0.00878	0.00790	0.01141	0.01316	0.01931	0.01229	0.03686	0.80782	0.00790	0.01316	0.00527	0.00263	0.00439
5	0.00928	0.00873	0.01474	0.81548	0.03385	0.01092	0.01365	0.01256	0.00983	0.01256	0.00873	0.01310	0.00655	0.00491	0.00491	0.00164	0.00655	0.00437	0.00218	0.00546
6	0.01164	0.01138	0.02009	0.15505	0.59066	0.01164	0.09775	0.01475	0.01102	0.01546	0.00924	0.01243	0.00755	0.00444	0.00497	0.00151	0.00622	0.00453	0.00240	0.00729
7	0.00961	0.00928	0.01578	0.66914	0.03091	0.01149	0.06713	0.01270	0.00969	0.01270	0.00856	0.01285	0.00660	0.00527	0.00624	0.00170	0.09816	0.00446	0.00220	0.00553
8	0.01106	0.10295	0.01803	0.31963	0.28635	0.03822	0.04789	0.01381	0.01047	0.01386	0.02515	0.02898	0.00832	0.00514	0.00538	0.00153	0.05001	0.00449	0.00240	0.00635
9	0.01662	0.01185	0.01362	0.01231	0.10184	0.03297	0.00895	0.45444	0.01823	0.11595	0.01307	0.05314	0.01004	0.00604	0.00480	0.00143	0.00499	0.00483	0.05009	0.06478
10	0.01604	0.13994	0.09629	0.01132	0.01518	0.01548	0.01025	0.49858	0.01804	0.02427	0.01013	0.01094	0.00761	0.00582	0.00588	0.00149	0.09719	0.00405	0.00388	0.00760
11	0.01198	0.34390	0.23734	0.00992	0.01422	0.06702	0.01043	0.01474	0.01104	0.06706	0.09844	0.06989	0.01304	0.00597	0.00430	0.00136	0.00549	0.00460	0.00294	0.00632
12	0.06856	0.29134	0.40162	0.01134	0.01692	0.01450	0.01306	0.10139	0.01155	0.01640	0.00836	0.00955	0.00643	0.00465	0.00408	0.00138	0.00615	0.00332	0.00247	0.00694

[dist]
# distance from previous block
# <min> <max>
5	26

[block]
# block no. 6 follows, 51 sequences, length 33
# corresponding to MSA columns:
# 504-536
name=unknown_G
#
# <colnr> <probs for GDERKNQSTAVLIFYWHMCP>
#	G	D	E	R	K	N	Q	S	T	A	V	L	I	F	Y	W	H	M	C	P
0	0.09791	0.10456	0.34173	0.01343	0.09456	0.14510	0.01279	0.03381	0.03054	0.01575	0.02190	0.02965	0.00789	0.00504	0.00437	0.00143	0.00643	0.00380	0.00256	0.02672
1	0.26702	0.05749	0.09079	0.08174	0.05138	0.04045	0.03134	0.12085	0.05708	0.12512	0.01060	0.01138	0.00772	0.00507	0.00422	0.00149	0.00514	0.00381	0.00353	0.02377
2	0.05451	0.03438	0.17830	0.02568	0.15419	0.02956	0.05896	0.07804	0.05782	0.03716	0.04751	0.01312	0.01977	0.00497	0.00455	0.00135	0.00538	0.00422	0.00310	0.18741
3	0.02910	0.25154	0.02865	0.01254	0.13889	0.04887	0.00915	0.10413	0.13774	0.04988	0.01136	0.01202	0.01940	0.00499	0.00418	0.00127	0.00500	0.00387	0.00329	0.12413
4	0.19255	0.03216	0.15015	0.01429	0.17767	0.01089	0.04599	0.06619	0.06005	0.14109	0.05403	0.01334	0.01023	0.00527	0.00452	0.00152	0.00515	0.00432	0.00355	0.00704
5	0.01142	0.01221	0.06002	0.16308	0.45013	0.01170	0.18928	0.01482	0.01101	0.01535	0.00929	0.01249	0.00742	0.00443	0.00508	0.00154	0.00659	0.00466	0.00238	0.00709
6	0.04692	0.01111	0.13587	0.00985	0.01351	0.00876	0.03946	0.01959	0.16318	0.31459	0.12958	0.02025	0.01703	0.00676	0.00508	0.00160	0.00451	0.04035	0.00481	0.00717
7	0.01066	0.01043	0.01428	0.01201	0.01270	0.01371	0.00997	0.01191	0.00795	0.01249	0.00681	0.01066	0.00658	0.00782	0.01415	0.00193	0.68963	0.00408	0.00227	0.13994
8	0.00598	0.00431	0.00567	0.00676	0.00711	0.00400	0.00452	0.00685	0.00949	0.01258	0.02813	0.78827	0.06764	0.01526	0.00625	0.00198	0.00283	0.01380	0.00456	0.00400
9	0.01335	0.01122	0.01632	0.01230	0.01630	0.04552	0.22941	0.07213	0.14353	0.11805	0.03212	0.01400	0.01027	0.00499	0.00484	0.00135	0.00541	0.00472	0.00374	0.24043
10	0.01825	0.01960	0.01399	0.01199	0.01498	0.51179	0.00930	0.28492	0.01704	0.01879	0.00926	0.01011	0.00719	0.00537	0.00458	0.00134	0.00750	0.00364	0.02375	0.00660
11	0.01715	0.15023	0.01585	0.01200	0.01467	0.64365	0.00939	0.01846	0.01299	0.01194	0.00742	0.00880	0.00633	0.00510	0.00481	0.00128	0.04857	0.00314	0.00245	0.00578
12	0.00688	0.00577	0.00761	0.00965	0.13160	0.00528	0.00583	0.00824	0.01053	0.01344	0.03491	0.33147	0.38610	0.01227	0.00583	0.00175	0.00315	0.01077	0.00423	0.00466
13	0.01298	0.70096	0.02483	0.01184	0.13645	0.01822	0.00946	0.01477	0.01018	0.01227	0.00721	0.00856	0.00654	0.00423	0.00342	0.00112	0.00535	0.00290	0.00215	0.00654
14	0.02049	0.00889	0.01275	0.01213	0.13639	0.00793	0.00846	0.02255	0.01361	0.67621	0.01779	0.01601	0.01147	0.00581	0.00493	0.00151	0.00444	0.00485	0.00551	0.00827
15	0.01298	0.70096	0.02483	0.01184	0.13645	0.01822	0.00946	0.01477	0.01018	0.01227	0.00721	0.00856	0.00654	0.00423	0.00342	0.00112	0.00535	0.00290	0.00215	0.00654
16	0.01921	0.01291	0.01422	0.01090	0.01481	0.01397	0.00901	0.66080	0.02168	0.15244	0.01300	0.01258	0.00896	0.00593	0.00492	0.00148	0.00521	0.00451	0.00510	0.00836
17	0.01231	0.70001	0.02293	0.00851	0.01223	0.01727	0.00833	0.01400	0.01019	0.01206	0.00986	0.01539	0.00978	0.00568	0.00373	0.00124	0.00514	0.12281	0.00248	0.00603
18	0.00794	0.00586	0.00766	0.00928	0.13034	0.00586	0.00489	0.00840	0.00779	0.01056	0.01450	0.02900	0.01627	0.69732	0.02183	0.00424	0.00493	0.00671	0.00289	0.00374
19	0.01863	0.01529	0.01462	0.01152	0.01523	0.14038	0.00936	0.66011	0.02166	0.02798	0.01113	0.01133	0.00804	0.00577	0.00484	0.00144	0.00595	0.00423	0.00454	0.00794
20	0.00581	0.00498	0.00498	0.00498	0.00664	0.00415	0.00373	0.00705	0.01120	0.01328	0.04978	0.04729	0.79464	0.01245	0.00581	0.00166	0.00249	0.01037	0.00456	0.00415
21	0.01282	0.75309	0.10016	0.00895	0.01344	0.01867	0.00934	0.01480	0.01002	0.01195	0.00702	0.00812	0.00630	0.00425	0.00330	0.00110	0.00545	0.00272	0.00210	0.00640
22	0.01639	0.28004	0.06185	0.01051	0.01472	0.01640	0.00952	0.48891	0.01813	0.02380	0.01002	0.01045	0.00757	0.00528	0.00433	0.00134	0.00546	0.00380	0.00384	0.00763
23	0.01634	0.22553	0.07500	0.01115	0.03029	0.04409	0.00983	0.46978	0.03354	0.02366	0.01026	0.01072	0.00772	0.00533	0.00443	0.00137	0.00560	0.00388	0.00385	0.00763
24	0.01690	0.25216	0.01787	0.01043	0.01441	0.01639	0.00903	0.53766	0.03854	0.02504	0.01055	0.01082	0.00793	0.00542	0.00440	0.00136	0.00532	0.00393	0.00410	0.00774
25	0.01589	0.36757	0.05455	0.01017	0.01437	0.01689	0.00933	0.41496	0.01686	0.02189	0.00952	0.01004	0.00738	0.00511	0.00414	0.00130	0.00542	0.00361	0.00357	0.00742
26	0.04390	0.21803	0.45222	0.01188	0.01766	0.01391	0.01380	0.12529	0.03037	0.01716	0.00895	0.01007	0.00672	0.00478	0.00428	0.00142	0.00630	0.00351	0.00259	0.00713
27	0.01363	0.21484	0.34616	0.01163	0.01699	0.01434	0.01270	0.23659	0.03064	0.04386	0.00977	0.01056	0.00723	0.00500	0.00439	0.00141	0.00608	0.00370	0.00309	0.00739
28	0.18173	0.15677	0.24056	0.01097	0.05332	0.01271	0.01067	0.13799	0.01215	0.02927	0.04402	0.01147	0.00869	0.00514	0.00433	0.00143	0.02044	0.00374	0.04797	0.00663
29	0.02856	0.20476	0.19400	0.01398	0.10974	0.06619	0.05677	0.20689	0.02817	0.03251	0.00950	0.01066	0.00729	0.00489	0.00444	0.00140	0.00615	0.00383	0.00303	0.00723
30	0.04567	0.16941	0.25889	0.01438	0.13958	0.01312	0.04099	0.14084	0.01269	0.06403	0.00959	0.01080	0.00725	0.00475	0.00440	0.00139	0.00590	0.00378	0.00293	0.04961
31	0.05151	0.03822	0.22498	0.01914	0.31191	0.05174	0.05741	0.07538	0.04684	0.01733	0.03214	0.01218	0.00859	0.00485	0.00472	0.00147	0.00612	0.00422	0.00277	0.02848
32	0.02738	0.10559	0.14291	0.02853	0.14911	0.03183	0.07123	0.21409	0.07232	0.05062	0.01276	0.01365	0.04727	0.00545	0.00475	0.00148	0.00575	0.00454	0.00344	0.00731

[dist]
# distance from previous block
# <min> <max>
29	81

[block]
# block no. 7 follows, 51 sequences, length 6
# corresponding to MSA columns:
# 628-633
name=unknown_H
#
# <colnr> <probs for GDERKNQSTAVLIFYWHMCP>
#	G	D	E	R	K	N	Q	S	T	A	V	L	I	F	Y	W	H	M	C	P
0	0.03228	0.07388	0.09092	0.01332	0.12883	0.08706	0.06184	0.08785	0.06036	0.08901	0.10074	0.06153	0.01397	0.00611	0.00481	0.00144	0.00529	0.00520	0.00362	0.07194
1	0.01351	0.13485	0.06245	0.01108	0.06435	0.11483	0.04032	0.09393	0.07211	0.10358	0.03401	0.04390	0.05850	0.06188	0.00601	0.00162	0.00533	0.00502	0.00358	0.06915
2	0.03035	0.07186	0.26674	0.01245	0.10807	0.01023	0.01117	0.08188	0.04438	0.06630	0.10533	0.05306	0.08459	0.00665	0.00488	0.00151	0.00510	0.00551	0.00350	0.02643
3	0.01206	0.07449	0.13373	0.04456	0.20609	0.01067	0.04982	0.03709	0.10206	0.09234	0.11731	0.01599	0.01383	0.00560	0.00482	0.00145	0.00514	0.00491	0.00350	0.06454
4	0.03779	0.15265	0.32341	0.01229	0.07726	0.05610	0.01208	0.06992	0.03674	0.01629	0.01131	0.01249	0.04427	0.00510	0.00431	0.00137	0.00580	0.00391	0.05234	0.06459
5	0.00982	0.06365	0.29269	0.01094	0.05065	0.04267	0.01065	0.01373	0.06382	0.04255	0.10870	0.16422	0.06404	0.00785	0.00507	0.00157	0.00502	0.00665	0.00347	0.03223

[dist]
# distance from previous block
# <min> <max>
2	8

[block]
# block no. 8 follows, 51 sequences, length 36
# corresponding to MSA columns:
# 642-670,674-680
name=unknown_I
#
# <colnr> <probs for GDERKNQSTAVLIFYWHMCP>
#	G	D	E	R	K	N	Q	S	T	A	V	L	I	F	Y	W	H	M	C	P
0	0.01134	0.03438	0.04944	0.01495	0.23180	0.00970	0.03009	0.03462	0.16003	0.05070	0.06702	0.09089	0.01411	0.00621	0.00482	0.00141	0.00454	0.00550	0.00362	0.17484
1	0.01177	0.01115	0.04036	0.06153	0.59458	0.01062	0.01349	0.01465	0.01119	0.03946	0.03321	0.01462	0.00975	0.00494	0.00487	0.00145	0.00552	0.03551	0.00273	0.07860
2	0.01125	0.00941	0.03505	0.00971	0.06953	0.00754	0.02624	0.03056	0.04510	0.07612	0.07658	0.01354	0.01132	0.00464	0.00418	0.00102	0.00400	0.00392	0.00343	0.55685
3	0.01130	0.01044	0.01596	0.02012	0.43645	0.00966	0.03357	0.01438	0.04001	0.01629	0.02868	0.01230	0.00880	0.00432	0.00447	0.00121	0.00494	0.00403	0.00278	0.32029
4	0.00923	0.00829	0.03518	0.12195	0.13017	0.00762	0.01900	0.02950	0.03268	0.02847	0.22527	0.02473	0.13918	0.00734	0.00510	0.00144	0.00408	0.01755	0.00380	0.14941
5	0.01248	0.42359	0.06553	0.00946	0.03429	0.03372	0.03145	0.01461	0.01043	0.04858	0.00828	0.00944	0.00694	0.00416	0.00363	0.00104	0.00502	0.00303	0.00256	0.27175
6	0.04877	0.01000	0.01542	0.29079	0.31877	0.01037	0.01207	0.02942	0.01063	0.01543	0.00891	0.01187	0.00716	0.00444	0.00454	0.00137	0.00551	0.00399	0.00253	0.18802
7	0.01098	0.00856	0.00968	0.04934	0.03266	0.00899	0.00684	0.16448	0.20175	0.05043	0.10173	0.02844	0.28860	0.00869	0.00533	0.00160	0.00375	0.00722	0.00470	0.00623
