[name]
unknown

[dist]
# distance from previous block
# <min> <max>
0	14

[block]
# block no. 0 follows, 44 sequences, length 11
# corresponding to MSA columns:
# 208-218
name=unknown_A
#
# <colnr> <probs for GDERKNQSTAVLIFYWHMCP>
#	G	D	E	R	K	N	Q	S	T	A	V	L	I	F	Y	W	H	M	C	P
0	0.01236	0.01463	0.11904	0.01934	0.21187	0.06060	0.17692	0.01586	0.01229	0.01709	0.01238	0.04778	0.01099	0.00601	0.00551	0.00159	0.00674	0.06303	0.00306	0.18290
1	0.01071	0.00927	0.01359	0.40827	0.04568	0.01047	0.01138	0.05510	0.07969	0.01753	0.12514	0.06034	0.01725	0.00736	0.00564	0.00175	0.00565	0.03541	0.00371	0.07606
2	0.01417	0.09570	0.29893	0.01698	0.11091	0.16648	0.09118	0.06028	0.03959	0.01726	0.01138	0.01303	0.02909	0.00551	0.00519	0.00161	0.00773	0.00450	0.00287	0.00760
3	0.01017	0.00949	0.01351	0.07396	0.01423	0.01253	0.01010	0.01160	0.00905	0.01330	0.01317	0.18433	0.01416	0.01451	0.10436	0.00305	0.47273	0.00722	0.00303	0.00551
4	0.00947	0.00473	0.00710	0.00710	0.00710	0.00473	0.00473	0.00710	0.00710	0.00947	0.00947	0.01657	0.00947	0.01894	0.02131	0.84138	0.00473	0.00473	0.00237	0.00237
5	0.84691	0.01054	0.00801	0.00717	0.01054	0.01223	0.00590	0.01603	0.00928	0.02446	0.00759	0.00886	0.00590	0.00506	0.00337	0.00169	0.00422	0.00295	0.00337	0.00590
6	0.08682	0.01349	0.08668	0.01764	0.22797	0.01218	0.03465	0.14949	0.05332	0.24185	0.01437	0.01471	0.01016	0.00587	0.00528	0.00168	0.00579	0.00493	0.00452	0.00861
7	0.00744	0.00531	0.00651	0.00707	0.00768	0.00506	0.00489	0.00845	0.01045	0.01369	0.07188	0.28212	0.13111	0.28851	0.01410	0.00324	0.00408	0.11972	0.00450	0.00419
8	0.01151	0.03323	0.08784	0.03586	0.19696	0.00974	0.02695	0.01536	0.06060	0.03353	0.12163	0.01922	0.05530	0.00626	0.00514	0.00143	0.00498	0.00546	0.02294	0.24608
9	0.01420	0.32703	0.20668	0.01121	0.01607	0.07610	0.01145	0.01810	0.07052	0.08354	0.01239	0.07260	0.01059	0.00619	0.00465	0.00149	0.00619	0.00470	0.00326	0.04305
10	0.17748	0.18193	0.31017	0.04243	0.01786	0.01429	0.01284	0.04449	0.07518	0.03996	0.01059	0.01176	0.00801	0.00537	0.00450	0.00160	0.00619	0.00390	0.02407	0.00739

[dist]
# distance from previous block
# <min> <max>
2	6

[block]
# block no. 1 follows, 44 sequences, length 24
# corresponding to MSA columns:
# 225-248
name=unknown_B
#
# <colnr> <probs for GDERKNQSTAVLIFYWHMCP>
#	G	D	E	R	K	N	Q	S	T	A	V	L	I	F	Y	W	H	M	C	P
0	0.02690	0.06369	0.40011	0.01743	0.05287	0.01383	0.21893	0.06297	0.04144	0.01840	0.01061	0.01271	0.00786	0.00524	0.00570	0.00173	0.02415	0.00479	0.00278	0.00785
1	0.01200	0.08234	0.01139	0.00970	0.01145	0.24916	0.00728	0.01375	0.03333	0.01456	0.08288	0.29888	0.06771	0.04165	0.00673	0.00193	0.00559	0.04013	0.00414	0.00541
2	0.05780	0.10970	0.23162	0.01343	0.01867	0.01285	0.13919	0.03662	0.11541	0.07603	0.01326	0.05147	0.01050	0.00593	0.00516	0.00163	0.00635	0.00515	0.00352	0.08570
3	0.01560	0.04355	0.06040	0.01014	0.01449	0.01083	0.00875	0.21799	0.03364	0.13478	0.02867	0.05345	0.01229	0.00645	0.00503	0.00140	0.00495	0.03101	0.00452	0.30206
4	0.01589	0.24330	0.16400	0.06076	0.01843	0.30536	0.01217	0.03962	0.06415	0.01520	0.00958	0.01094	0.00772	0.00540	0.00466	0.00146	0.00774	0.00374	0.00281	0.00706
5	0.06481	0.13178	0.14342	0.02451	0.45931	0.05231	0.01523	0.01696	0.01203	0.01719	0.00954	0.01202	0.00787	0.00493	0.00494	0.00156	0.00666	0.00426	0.00263	0.00802
6	0.08569	0.00604	0.00698	0.00723	0.00873	0.00595	0.00559	0.00946	0.01126	0.01558	0.06141	0.15193	0.32637	0.01875	0.15666	0.00330	0.00552	0.10420	0.00452	0.00482
7	0.00766	0.04531	0.00783	0.00668	0.00822	0.00577	0.00509	0.00979	0.01414	0.01910	0.50517	0.08912	0.23249	0.01187	0.00632	0.00175	0.00282	0.01028	0.00552	0.00505
8	0.00939	0.00764	0.00951	0.00809	0.01098	0.00645	0.00617	0.01134	0.01056	0.01574	0.01592	0.21738	0.01640	0.01488	0.16397	0.00279	0.00596	0.00692	0.00364	0.45628
9	0.01191	0.00963	0.01072	0.00944	0.01218	0.01009	0.00728	0.10953	0.31199	0.02180	0.14375	0.13019	0.05918	0.00908	0.00571	0.00171	0.00397	0.00775	0.00521	0.11888
10	0.09974	0.01100	0.09523	0.01009	0.01365	0.00925	0.00914	0.06588	0.06622	0.27516	0.03213	0.02752	0.06264	0.01020	0.04325	0.00221	0.00544	0.14877	0.00512	0.00737
11	0.02113	0.01166	0.01376	0.01088	0.01491	0.01192	0.00888	0.25811	0.16646	0.39367	0.01898	0.01718	0.01278	0.00681	0.00549	0.00170	0.00501	0.00543	0.00610	0.00915
12	0.01314	0.01259	0.02149	0.11713	0.69347	0.01286	0.01656	0.01642	0.01225	0.01738	0.01019	0.01361	0.00849	0.00492	0.00540	0.00164	0.00656	0.00486	0.00267	0.00835
13	0.01091	0.00934	0.01500	0.26519	0.26088	0.01011	0.01277	0.01401	0.01186	0.01648	0.01569	0.02691	0.01464	0.00783	0.00579	0.00187	0.00592	0.19329	0.09502	0.00650
14	0.01187	0.23652	0.07093	0.05106	0.01404	0.01199	0.00859	0.03412	0.07334	0.05046	0.11392	0.10083	0.07015	0.00777	0.00504	0.00151	0.00474	0.00637	0.00394	0.12280
15	0.01233	0.01169	0.02011	0.06249	0.57516	0.01171	0.06036	0.01539	0.01216	0.01712	0.01335	0.10283	0.01266	0.00670	0.00574	0.00175	0.00624	0.04133	0.00306	0.00781
16	0.00709	0.00493	0.00619	0.00701	0.00722	0.00473	0.00444	0.00771	0.00956	0.01274	0.02554	0.53515	0.03036	0.29454	0.01425	0.00329	0.00391	0.01284	0.00444	0.00403
17	0.01482	0.21631	0.14871	0.01501	0.02026	0.01510	0.24237	0.06629	0.08914	0.10143	0.01237	0.01357	0.00921	0.00535	0.00523	0.00162	0.00697	0.00493	0.00347	0.00784
18	0.01163	0.06658	0.54770	0.01712	0.02434	0.01343	0.20839	0.01727	0.01184	0.01708	0.00999	0.01218	0.00726	0.00500	0.00541	0.00173	0.00823	0.00459	0.00242	0.00782
19	0.00869	0.00589	0.00704	0.00713	0.00882	0.00524	0.00554	0.01038	0.01274	0.08697	0.11183	0.16114	0.39492	0.01360	0.00662	0.00199	0.00337	0.13766	0.00530	0.00514
20	0.01212	0.01243	0.02348	0.28329	0.22253	0.01317	0.27813	0.01586	0.01185	0.01614	0.01018	0.01419	0.00797	0.00521	0.00645	0.00180	0.05000	0.00541	0.00261	0.00718
21	0.01141	0.02837	0.11426	0.01347	0.01687	0.05922	0.19418	0.01503	0.05801	0.04962	0.01815	0.28762	0.01830	0.00949	0.00654	0.00188	0.03733	0.00873	0.00385	0.04766
22	0.01364	0.01286	0.01677	0.24230	0.05535	0.09137	0.09815	0.12935	0.01405	0.01876	0.01043	0.01305	0.00808	0.00515	0.00509	0.00146	0.00656	0.00447	0.02045	0.23266
23	0.19943	0.00815	0.01102	0.05088	0.05920	0.00917	0.04694	0.01199	0.00974	0.01625	0.01492	0.17195	0.01502	0.02025	0.28002	0.00432	0.05492	0.00695	0.00337	0.00550

[dist]
# distance from previous block
# <min> <max>
4	10

[block]
# block no. 2 follows, 44 sequences, length 35
# corresponding to MSA columns:
# 262-296
name=unknown_C
#
# <colnr> <probs for GDERKNQSTAVLIFYWHMCP>
#	G	D	E	R	K	N	Q	S	T	A	V	L	I	F	Y	W	H	M	C	P
0	0.01444	0.05437	0.19320	0.06305	0.01905	0.12191	0.04484	0.08240	0.12475	0.04865	0.01161	0.01330	0.00898	0.00661	0.00781	0.00181	0.16779	0.00466	0.00335	0.00742
1	0.01191	0.06574	0.13078	0.01767	0.20782	0.01303	0.03013	0.01511	0.03130	0.03382	0.13025	0.01794	0.03235	0.00750	0.00896	0.00185	0.22792	0.00561	0.00327	0.00704
2	0.01209	0.01258	0.07737	0.23700	0.21088	0.02917	0.06319	0.01772	0.14878	0.03444	0.01584	0.05070	0.05329	0.00657	0.00561	0.00177	0.00630	0.00594	0.00344	0.00734
3	0.00722	0.00527	0.00679	0.00700	0.00799	0.00484	0.00503	0.00911	0.01338	0.01839	0.44284	0.31487	0.11001	0.01350	0.00662	0.00190	0.00280	0.01202	0.00558	0.00484
4	0.01172	0.01786	0.29999	0.01666	0.11049	0.01167	0.12979	0.01593	0.01153	0.01719	0.00981	0.01222	0.00767	0.00506	0.00604	0.00152	0.06650	0.00434	0.00269	0.24133
5	0.00895	0.00651	0.00800	0.00818	0.00934	0.00645	0.00591	0.11942	0.01363	0.01833	0.14803	0.51519	0.06469	0.01437	0.00664	0.00204	0.00352	0.03022	0.00527	0.00528
6	0.01264	0.01474	0.13397	0.14287	0.55438	0.01279	0.01700	0.01640	0.01206	0.01716	0.01010	0.01335	0.00818	0.00499	0.00537	0.00166	0.00683	0.00473	0.00260	0.00817
7	0.02050	0.02203	0.01579	0.01349	0.01687	0.50251	0.01047	0.29280	0.01921	0.02110	0.01015	0.01103	0.00785	0.00596	0.00511	0.00149	0.00842	0.00403	0.00378	0.00741
8	0.01677	0.01066	0.01261	0.00951	0.01381	0.00970	0.00773	0.20130	0.01629	0.21872	0.07102	0.01584	0.01304	0.00590	0.00494	0.00131	0.00457	0.00473	0.00490	0.35665
9	0.00661	0.00486	0.00621	0.00728	0.00783	0.00445	0.00492	0.00763	0.01073	0.01404	0.03379	0.69299	0.14549	0.01659	0.00688	0.00216	0.00310	0.01490	0.00506	0.00445
10	0.00772	0.00557	0.00729	0.00686	0.00814	0.00514	0.00514	0.01029	0.01543	0.02186	0.77152	0.04072	0.05144	0.01115	0.00643	0.00171	0.00257	0.00986	0.00600	0.00514
11	0.01356	0.01171	0.01233	0.01109	0.01418	0.01356	0.00863	0.02897	0.76455	0.02281	0.02219	0.02034	0.01664	0.00740	0.00555	0.00185	0.00431	0.00616	0.00555	0.00863
12	0.01287	0.01471	0.03217	0.02298	0.02849	0.01379	0.75460	0.01746	0.01287	0.01746	0.01103	0.01471	0.00827	0.00460	0.00643	0.00184	0.00919	0.00643	0.00276	0.00735
13	0.01356	0.01171	0.01233	0.01109	0.01418	0.01356	0.00863	0.02897	0.76455	0.02281	0.02219	0.02034	0.01664	0.00740	0.00555	0.00185	0.00431	0.00616	0.00555	0.00863
14	0.00699	0.00554	0.00628	0.00610	0.00770	0.00483	0.00457	0.00888	0.01371	0.01779	0.36231	0.04743	0.46319	0.01267	0.00644	0.00179	0.00268	0.01080	0.00547	0.00483
15	0.01093	0.02820	0.78016	0.01554	0.02360	0.01266	0.02014	0.01727	0.01151	0.01727	0.00978	0.01151	0.00691	0.00518	0.00518	0.00173	0.00806	0.00403	0.00230	0.00806
16	0.00772	0.00557	0.00729	0.00686	0.00814	0.00514	0.00514	0.01029	0.01543	0.02186	0.77152	0.04072	0.05144	0.01115	0.00643	0.00171	0.00257	0.00986	0.00600	0.00514
17	0.00844	0.00616	0.00830	0.00937	0.01071	0.00603	0.00809	0.01078	0.01253	0.01608	0.03278	0.06015	0.14151	0.01487	0.00737	0.00241	0.00468	0.62974	0.00503	0.00496
18	0.01486	0.01554	0.02080	0.02961	0.62412	0.16641	0.01550	0.01773	0.01302	0.01692	0.00989	0.01277	0.00832	0.00501	0.00530	0.00158	0.00714	0.00459	0.00272	0.00818
19	0.01287	0.01471	0.03217	0.02298	0.02849	0.01379	0.75460	0.01746	0.01287	0.01746	0.01103	0.01471	0.00827	0.00460	0.00643	0.00184	0.00919	0.00643	0.00276	0.00735
20	0.01307	0.01141	0.01293	0.12768	0.01765	0.01334	0.00960	0.02673	0.65250	0.02149	0.02033	0.01948	0.01525	0.00711	0.00553	0.00184	0.00475	0.00597	0.00508	0.00825
21	0.01093	0.02820	0.78016	0.01554	0.02360	0.01266	0.02014	0.01727	0.01151	0.01727	0.00978	0.01151	0.00691	0.00518	0.00518	0.00173	0.00806	0.00403	0.00230	0.00806
22	0.00841	0.00603	0.00826	0.00892	0.01019	0.00588	0.00751	0.01094	0.01356	0.01826	0.28927	0.05421	0.03841	0.01369	0.00714	0.00223	0.00416	0.48249	0.00536	0.00506
23	0.00665	0.00508	0.00611	0.00680	0.00773	0.00454	0.00474	0.00787	0.01151	0.01479	0.09333	0.48143	0.29883	0.01548	0.00674	0.00204	0.00298	0.01367	0.00513	0.00454
24	0.01287	0.01471	0.03217	0.02298	0.02849	0.01379	0.75460	0.01746	0.01287	0.01746	0.01103	0.01471	0.00827	0.00460	0.00643	0.00184	0.00919	0.00643	0.00276	0.00735
25	0.01765	0.01374	0.01463	0.01192	0.01574	0.01547	0.00962	0.44444	0.34241	0.02941	0.01699	0.01620	0.01243	0.00691	0.00549	0.00173	0.00528	0.00545	0.00549	0.00900
26	0.00664	0.00474	0.00633	0.00759	0.00791	0.00443	0.00506	0.00759	0.01044	0.01392	0.03005	0.80485	0.03606	0.01708	0.00696	0.00221	0.00316	0.01550	0.00506	0.00443
27	0.00644	0.00552	0.00552	0.00552	0.00736	0.00460	0.00414	0.00782	0.01243	0.01473	0.05523	0.05247	0.77218	0.01381	0.00644	0.00184	0.00276	0.01151	0.00506	0.00460
28	0.01367	0.61738	0.21496	0.01087	0.01637	0.01936	0.01201	0.01656	0.01118	0.01393	0.00813	0.00943	0.00697	0.00479	0.00392	0.00131	0.00638	0.00319	0.00232	0.00726
29	0.01356	0.01171	0.01233	0.01109	0.01418	0.01356	0.00863	0.02897	0.76455	0.02281	0.02219	0.02034	0.01664	0.00740	0.00555	0.00185	0.00431	0.00616	0.00555	0.00863
30	0.00779	0.00584	0.00876	0.00876	0.00974	0.00681	0.00681	0.00974	0.00876	0.01266	0.01460	0.02142	0.01363	0.04089	0.78680	0.00876	0.01460	0.00584	0.00292	0.00487
31	0.01879	0.01383	0.01501	0.01170	0.01560	0.01516	0.00959	0.64532	0.02412	0.03250	0.12584	0.01720	0.01554	0.00723	0.00560	0.00165	0.00549	0.00564	0.00554	0.00866
32	0.01760	0.13879	0.01653	0.01252	0.01568	0.45633	0.00982	0.02298	0.22458	0.01592	0.01216	0.01261	0.00971	0.00597	0.00488	0.00149	0.00769	0.00417	0.00350	0.00707
33	0.01349	0.01295	0.02213	0.03346	0.77440	0.01295	0.01673	0.01673	0.01241	0.01781	0.01025	0.01349	0.00864	0.00486	0.00540	0.00162	0.00648	0.00486	0.00270	0.00864
34	0.02059	0.01922	0.01602	0.01310	0.01689	0.30092	0.01043	0.48518	0.02187	0.02660	0.01137	0.01189	0.00844	0.00620	0.00526	0.00155	0.00741	0.00439	0.00448	0.00818

[dist]
# distance from previous block
# <min> <max>
0	1

[block]
# block no. 3 follows, 44 sequences, length 28
# corresponding to MSA columns:
# 304-317,322-335
name=unknown_D
#
# <colnr> <probs for GDERKNQSTAVLIFYWHMCP>
#	G	D	E	R	K	N	Q	S	T	A	V	L	I	F	Y	W	H	M	C	P
0	0.42624	0.01246	0.01126	0.00960	0.01312	0.03980	0.00776	0.19472	0.19186	0.02604	0.01237	0.01261	0.00928	0.00598	0.00443	0.00170	0.00485	0.00419	0.00436	0.00736
1	0.01484	0.01028	0.01131	0.00954	0.01223	0.01116	0.00758	0.38881	0.01825	0.02588	0.01669	0.11843	0.01442	0.01111	0.07925	0.00229	0.00552	0.00642	0.22890	0.00710
2	0.06293	0.02417	0.01515	0.01355	0.01653	0.67374	0.01028	0.09108	0.01610	0.01591	0.00883	0.01009	0.00718	0.00568	0.00489	0.00144	0.00918	0.00361	0.00309	0.00658
3	0.00779	0.00584	0.00876	0.00876	0.00974	0.00681	0.00681	0.00974	0.00876	0.01266	0.01460	0.02142	0.01363	0.04089	0.78680	0.00876	0.01460	0.00584	0.00292	0.00487
4	0.00671	0.00513	0.00616	0.00674	0.00774	0.00458	0.00474	0.00803	0.01181	0.01524	0.13529	0.43249	0.30548	0.01512	0.00670	0.00201	0.00294	0.01332	0.00518	0.00458
5	0.00664	0.00474	0.00633	0.00759	0.00791	0.00443	0.00506	0.00759	0.01044	0.01392	0.03005	0.80485	0.03606	0.01708	0.00696	0.00221	0.00316	0.01550	0.00506	0.00443
6	0.02037	0.02598	0.01545	0.01404	0.01685	0.78652	0.01053	0.02177	0.01545	0.01334	0.00843	0.00983	0.00702	0.00562	0.00492	0.00140	0.00983	0.00351	0.00281	0.00632
7	0.01130	0.00969	0.01130	0.00807	0.01292	0.00727	0.00646	0.01373	0.01130	0.01776	0.00969	0.01130	0.00807	0.00404	0.00404	0.00081	0.00404	0.00323	0.00323	0.84173
8	0.01016	0.00508	0.00508	0.00508	0.00635	0.00508	0.00381	0.01270	0.01143	0.02033	0.01778	0.02033	0.01397	0.00635	0.00381	0.00127	0.00254	0.00508	0.83867	0.00508
9	0.01147	0.01247	0.02638	0.01953	0.02388	0.01169	0.58667	0.01525	0.01232	0.01667	0.01529	0.19173	0.01450	0.00739	0.00655	0.00192	0.00784	0.00846	0.00327	0.00670
10	0.00854	0.00656	0.00951	0.01203	0.10883	0.00641	0.00831	0.01054	0.01176	0.01558	0.02777	0.32502	0.05514	0.01443	0.00701	0.00226	0.00446	0.35584	0.00474	0.00526
11	0.00760	0.00589	0.00713	0.00775	0.00930	0.00543	0.00643	0.00953	0.01249	0.01551	0.04223	0.05692	0.40705	0.01442	0.00698	0.00217	0.00387	0.36944	0.00504	0.00481
12	0.01130	0.00969	0.01130	0.00807	0.01292	0.00727	0.00646	0.01373	0.01130	0.01776	0.00969	0.01130	0.00807	0.00404	0.00404	0.00081	0.00404	0.00323	0.00323	0.84173
13	0.01314	0.02153	0.40252	0.06358	0.02087	0.08649	0.01518	0.06941	0.21498	0.01930	0.01320	0.01402	0.00971	0.00592	0.00529	0.00173	0.00703	0.00466	0.00344	0.00800
14	0.00743	0.00556	0.00689	0.00656	0.00797	0.00502	0.00492	0.00974	0.01476	0.02026	0.61081	0.04336	0.21315	0.01174	0.00643	0.00174	0.00261	0.01023	0.00579	0.00502
15	0.01383	0.52011	0.07272	0.01122	0.01479	0.04599	0.01076	0.01571	0.01052	0.01321	0.00764	0.00981	0.00703	0.00604	0.00752	0.00154	0.21894	0.00350	0.00236	0.00676
16	0.00793	0.00529	0.00595	0.00595	0.00595	0.00529	0.00330	0.00793	0.00793	0.01057	0.01718	0.03568	0.01982	0.80840	0.02775	0.00529	0.00529	0.00793	0.00330	0.00330
17	0.01130	0.00969	0.01130	0.00807	0.01292	0.00727	0.00646	0.01373	0.01130	0.01776	0.00969	0.01130	0.00807	0.00404	0.00404	0.00081	0.00404	0.00323	0.00323	0.84173
18	0.01435	0.01036	0.01215	0.00888	0.01358	0.00863	0.00718	0.11249	0.01377	0.12478	0.01176	0.01254	0.00898	0.00474	0.00442	0.00104	0.00438	0.00376	0.00401	0.61820
19	0.12319	0.02065	0.40226	0.01310	0.01919	0.01330	0.01452	0.21641	0.01540	0.09490	0.01150	0.01226	0.00804	0.00568	0.00505	0.00169	0.00668	0.00426	0.00371	0.00822
20	0.02037	0.02598	0.01545	0.01404	0.01685	0.78652	0.01053	0.02177	0.01545	0.01334	0.00843	0.00983	0.00702	0.00562	0.00492	0.00140	0.00983	0.00351	0.00281	0.00632
21	0.01759	0.00910	0.01139	0.00929	0.01248	0.00877	0.00746	0.11615	0.08782	0.36844	0.26021	0.02510	0.02537	0.00819	0.00579	0.00170	0.00412	0.00687	0.00623	0.00789
22	0.01980	0.00857	0.01137	0.00912	0.01257	0.00770	0.00738	0.02289	0.06501	0.55009	0.19828	0.02390	0.02264	0.00783	0.00571	0.00170	0.00413	0.00656	0.00649	0.00826
23	0.01489	0.54617	0.15753	0.01119	0.01614	0.14545	0.01141	0.01738	0.01187	0.01369	0.00810	0.00941	0.00698	0.00491	0.00402	0.00130	0.00687	0.00321	0.00241	0.00707
24	0.00689	0.00485	0.00625	0.00728	0.00753	0.00459	0.00473	0.00766	0.00996	0.01328	0.02759	0.65798	0.03296	0.16818	0.01093	0.00280	0.00357	0.01405	0.00473	0.00421
25	0.00976	0.00763	0.00861	0.00795	0.00994	0.00784	0.00607	0.05024	0.21620	0.02112	0.34806	0.05240	0.17268	0.01032	0.00604	0.00176	0.00325	0.00884	0.04511	0.00616
26	0.21277	0.01247	0.01491	0.29840	0.12096	0.06892	0.01181	0.13622	0.03933	0.02052	0.01015	0.01267	0.00775	0.00554	0.00491	0.00170	0.00632	0.00435	0.00331	0.00698
27	0.04336	0.14321	0.19744	0.01204	0.01653	0.15331	0.01173	0.14643	0.04808	0.03742	0.01506	0.01837	0.05920	0.00694	0.00516	0.00164	0.00669	0.06644	0.00364	0.00729

[dist]
# distance from previous block
# <min> <max>
0	3

[block]
# block no. 4 follows, 44 sequences, length 19
# corresponding to MSA columns:
# 339-357
name=unknown_E
#
# <colnr> <probs for GDERKNQSTAVLIFYWHMCP>
#	G	D	E	R	K	N	Q	S	T	A	V	L	I	F	Y	W	H	M	C	P
0	0.01594	0.01405	0.01803	0.01484	0.03761	0.11680	0.19646	0.02443	0.34318	0.13337	0.01712	0.01707	0.01257	0.00629	0.00567	0.00176	0.00639	0.00574	0.00458	0.00810
1	0.01318	0.01344	0.01899	0.32560	0.38736	0.11674	0.01528	0.01633	0.01224	0.01571	0.00979	0.01340	0.00789	0.00519	0.00535	0.00167	0.00723	0.00467	0.00261	0.00733
2	0.01130	0.00969	0.01130	0.00807	0.01292	0.00727	0.00646	0.01373	0.01130	0.01776	0.00969	0.01130	0.00807	0.00404	0.00404	0.00081	0.00404	0.00323	0.00323	0.84173
3	0.00702	0.00532	0.00580	0.00600	0.00692	0.00483	0.00397	0.00783	0.01047	0.01307	0.03736	0.16154	0.38233	0.30695	0.01437	0.00317	0.00375	0.01080	0.00441	0.00410
4	0.01026	0.00546	0.00758	0.00732	0.00770	0.00557	0.00504	0.05713	0.00863	0.01186	0.01028	0.01660	0.00976	0.01726	0.01906	0.72834	0.00467	0.00477	0.05970	0.00301
5	0.00792	0.00532	0.00613	0.00613	0.00619	0.00539	0.00353	0.00805	0.00798	0.01071	0.01701	0.03474	0.01941	0.75810	0.07749	0.00551	0.00590	0.00779	0.00328	0.00341
6	0.01012	0.00862	0.00888	0.00812	0.01015	0.06058	0.00621	0.06305	0.14060	0.02060	0.37615	0.03613	0.20858	0.01046	0.00612	0.00174	0.00363	0.00887	0.00545	0.00595
7	0.01202	0.01040	0.01387	0.01066	0.01455	0.03286	0.10747	0.06249	0.01266	0.04200	0.04052	0.13132	0.01401	0.00675	0.00540	0.00133	0.02532	0.00595	0.00376	0.44665
8	0.01185	0.01008	0.01153	0.00887	0.01313	0.00883	0.00704	0.03550	0.17239	0.01901	0.01268	0.01377	0.01020	0.00660	0.04233	0.00144	0.00466	0.00403	0.00377	0.60230
9	0.06615	0.12859	0.01580	0.11616	0.01666	0.01141	0.10223	0.01503	0.06301	0.05321	0.18137	0.04002	0.06551	0.00783	0.00615	0.00172	0.05022	0.01888	0.03375	0.00629
10	0.01429	0.36601	0.31560	0.01230	0.01822	0.01730	0.01368	0.15061	0.01388	0.01843	0.00942	0.01060	0.00737	0.00520	0.00450	0.00147	0.00672	0.00370	0.00289	0.00782
11	0.01601	0.01293	0.01371	0.01159	0.01511	0.01471	0.00922	0.27802	0.51151	0.02676	0.01907	0.01786	0.01412	0.00710	0.00552	0.00178	0.00489	0.00573	0.00552	0.00885
12	0.01727	0.04345	0.03552	0.06678	0.10343	0.07062	0.02629	0.10344	0.01465	0.24166	0.01346	0.01397	0.00966	0.00550	0.00500	0.00143	0.00567	0.00448	0.00430	0.21341
13	0.00789	0.00542	0.00662	0.00662	0.00685	0.00565	0.00414	0.00836	0.00813	0.01107	0.01656	0.03227	0.01834	0.62490	0.20923	0.00612	0.00751	0.00743	0.00321	0.00368
14	0.01731	0.01217	0.01340	0.01121	0.01482	0.01341	0.00895	0.21130	0.44515	0.16056	0.01978	0.01820	0.01423	0.00707	0.00551	0.00177	0.00480	0.00573	0.00574	0.00891
15	0.01096	0.01060	0.01682	0.69863	0.10103	0.04213	0.01510	0.01448	0.01121	0.01425	0.00969	0.01426	0.00738	0.00541	0.00543	0.00178	0.00730	0.00479	0.00246	0.00629
16	0.84691	0.01054	0.00801	0.00717	0.01054	0.01223	0.00590	0.01603	0.00928	0.02446	0.00759	0.00886	0.00590	0.00506	0.00337	0.00169	0.00422	0.00295	0.00337	0.00590
17	0.01223	0.35574	0.20923	0.01085	0.01559	0.01496	0.03429	0.04671	0.03147	0.01694	0.14753	0.01793	0.05254	0.00654	0.00481	0.00149	0.00573	0.00512	0.00334	0.00696
18	0.01288	0.01039	0.01440	0.05442	0.01628	0.00895	0.10782	0.06369	0.01273	0.06972	0.01143	0.01315	0.00889	0.00469	0.00461	0.00115	0.00498	0.00414	0.05965	0.51601

[dist]
# distance from previous block
# <min> <max>
0	1

[block]
# block no. 5 follows, 44 sequences, length 59
# corresponding to MSA columns:
# 359-417
name=unknown_F
#
# <colnr> <probs for GDERKNQSTAVLIFYWHMCP>
#	G	D	E	R	K	N	Q	S	T	A	V	L	I	F	Y	W	H	M	C	P
0	0.01285	0.01384	0.04232	0.09614	0.32490	0.01328	0.38061	0.01685	0.01248	0.01728	0.01058	0.01414	0.00830	0.00479	0.00591	0.00175	0.00792	0.00562	0.00269	0.00776
1	0.01683	0.04819	0.02878	0.01162	0.01480	0.23592	0.00939	0.14661	0.07982	0.09964	0.01591	0.03526	0.06082	0.00727	0.00636	0.00162	0.07608	0.02421	0.00415	0.07673
2	0.00828	0.00636	0.00891	0.00865	0.00927	0.00750	0.00648	0.00964	0.00850	0.01218	0.01445	0.02401	0.01450	0.23289	0.50960	0.00718	0.09778	0.00626	0.00296	0.00459
3	0.01036	0.00860	0.01024	0.00775	0.01166	0.00671	0.00611	0.01282	0.01240	0.01885	0.21130	0.01909	0.01955	0.00592	0.00467	0.00105	0.00365	0.00498	0.00396	0.62034
4	0.01206	0.01766	0.26359	0.12353	0.24764	0.01276	0.18443	0.01661	0.01200	0.01705	0.01019	0.01321	0.00781	0.00495	0.00553	0.00170	0.00762	0.00490	0.00257	0.03420
5	0.00667	0.00517	0.00608	0.00661	0.00770	0.00458	0.00467	0.00798	0.01184	0.01512	0.11990	0.39503	0.35914	0.01502	0.00668	0.00200	0.00292	0.01316	0.00516	0.00458
6	0.01822	0.01818	0.11474	0.01290	0.01731	0.14739	0.01135	0.42044	0.12205	0.02663	0.01303	0.01327	0.00955	0.00627	0.00531	0.00162	0.00665	0.00469	0.00456	0.02583
7	0.02828	0.01292	0.01700	0.16912	0.20934	0.03806	0.02690	0.24466	0.06774	0.02240	0.01251	0.01437	0.02280	0.00577	0.00530	0.00160	0.00616	0.00489	0.00380	0.08638
8	0.01633	0.04971	0.10789	0.01254	0.07029	0.09736	0.01031	0.11813	0.03952	0.16471	0.01305	0.02896	0.00985	0.00567	0.00492	0.00140	0.00580	0.00446	0.00408	0.23502
9	0.01120	0.01006	0.10887	0.00881	0.01181	0.00782	0.00786	0.01610	0.14046	0.12669	0.28304	0.03295	0.19282	0.00970	0.00599	0.00176	0.00391	0.00822	0.00534	0.00657
10	0.00914	0.00548	0.00622	0.00607	0.00737	0.00531	0.00453	0.02818	0.01314	0.02052	0.28639	0.08264	0.05983	0.00909	0.00510	0.00152	0.00268	0.00775	0.43390	0.00513
11	0.01023	0.11273	0.01555	0.36520	0.06091	0.01114	0.03076	0.02626	0.01131	0.01461	0.01607	0.21938	0.01640	0.00896	0.00575	0.00187	0.00586	0.05776	0.00334	0.00591
12	0.01686	0.01263	0.02437	0.01779	0.02250	0.01195	0.44656	0.02037	0.01354	0.28315	0.01445	0.01588	0.01003	0.00566	0.00683	0.00182	0.05757	0.00600	0.00413	0.00794
13	0.07705	0.00994	0.01249	0.00975	0.01373	0.00935	0.00801	0.11676	0.03137	0.57512	0.06386	0.01857	0.01477	0.00688	0.00540	0.00169	0.00465	0.00552	0.00629	0.00880
14	0.00713	0.00536	0.00694	0.00773	0.00845	0.00516	0.00559	0.00847	0.01132	0.01496	0.09702	0.51702	0.14490	0.01559	0.00730	0.00215	0.03219	0.09305	0.00504	0.00464
15	0.01030	0.00969	0.01635	0.79530	0.03755	0.01211	0.01514	0.01393	0.01090	0.01393	0.00969	0.01453	0.00727	0.00545	0.00545	0.00182	0.00727	0.00484	0.00242	0.00606
16	0.01308	0.01253	0.02138	0.13240	0.67871	0.01284	0.01652	0.01637	0.01222	0.01731	0.01018	0.01363	0.00846	0.00493	0.00540	0.00164	0.00658	0.00486	0.00266	0.00830
17	0.01752	0.00863	0.01106	0.00897	0.01208	0.00806	0.00721	0.11504	0.01684	0.38984	0.30972	0.02640	0.02758	0.00842	0.00584	0.00169	0.00402	0.00710	0.00629	0.00768
18	0.01218	0.00679	0.00902	0.00868	0.01065	0.00632	0.00703	0.03003	0.01392	0.20279	0.19191	0.14136	0.08251	0.01217	0.00660	0.00203	0.00401	0.24025	0.00567	0.00607
19	0.11882	0.00579	0.00546	0.00535	0.00690	0.00601	0.00408	0.01313	0.01115	0.02086	0.01646	0.01884	0.01293	0.00618	0.00375	0.00132	0.00276	0.00480	0.73020	0.00519
20	0.84691	0.01054	0.00801	0.00717	0.01054	0.01223	0.00590	0.01603	0.00928	0.02446	0.00759	0.00886	0.00590	0.00506	0.00337	0.00169	0.00422	0.00295	0.00337	0.00590
21	0.00855	0.00732	0.01263	0.01159	0.01329	0.00695	0.17072	0.01070	0.01151	0.01530	0.02557	0.44264	0.02876	0.01382	0.00699	0.00221	0.00496	0.19671	0.00454	0.00522
22	0.00681	0.00486	0.00651	0.00778	0.00817	0.00457	0.00535	0.00787	0.01060	0.01410	0.02996	0.74808	0.03570	0.01693	0.00700	0.00224	0.00330	0.07065	0.00506	0.00447
23	0.01068	0.00889	0.01412	0.48724	0.12498	0.01036	0.01235	0.01397	0.01124	0.01613	0.01191	0.01593	0.00922	0.00561	0.00501	0.00165	0.00591	0.00491	0.22376	0.00613
24	0.00766	0.00550	0.00738	0.00793	0.00890	0.00522	0.00608	0.00970	0.01309	0.01788	0.33995	0.28843	0.04125	0.01406	0.00689	0.00208	0.00341	0.20426	0.00544	0.00488
25	0.01901	0.01258	0.16764	0.01032	0.01483	0.00867	0.00993	0.02245	0.03679	0.48327	0.06480	0.01870	0.01462	0.00668	0.00532	0.00166	0.00500	0.00544	0.08392	0.00836
26	0.84691	0.01054	0.00801	0.00717	0.01054	0.01223	0.00590	0.01603	0.00928	0.02446	0.00759	0.00886	0.00590	0.00506	0.00337	0.00169	0.00422	0.00295	0.00337	0.00590
27	0.00793	0.00529	0.00595	0.00595	0.00595	0.00529	0.00330	0.00793	0.00793	0.01057	0.01718	0.03568	0.01982	0.80840	0.02775	0.00529	0.00529	0.00793	0.00330	0.00330
28	0.01595	0.01290	0.01367	0.01158	0.01509	0.01468	0.00921	0.27144	0.51819	0.02666	0.01916	0.01792	0.01418	0.00711	0.00552	0.00178	0.00488	0.00575	0.00552	0.00884
29	0.01289	0.44873	0.37675	0.01221	0.01844	0.01744	0.01434	0.01676	0.01128	0.01488	0.00860	0.01003	0.00695	0.00490	0.00428	0.00143	0.00686	0.00343	0.00232	0.00749
30	0.01086	0.00665	0.00716	0.00663	0.00875	0.00632	0.00510	0.01447	0.10715	0.11666	0.03482	0.03383	0.33827	0.00972	0.00537	0.00164	0.00313	0.00802	0.26958	0.00587
31	0.02005	0.01801	0.01764	0.01404	0.01802	0.27197	0.10677	0.32362	0.01932	0.11874	0.01233	0.01290	0.00892	0.00601	0.00541	0.00159	0.00752	0.00471	0.00438	0.00804
32	0.01141	0.12994	0.68255	0.01473	0.02235	0.01382	0.01874	0.01714	0.01145	0.01669	0.00950	0.01115	0.00692	0.00511	0.00496	0.00165	0.00777	0.00388	0.00231	0.00792
33	0.02041	0.01511	0.01618	0.01248	0.01679	0.01676	0.01029	0.72410	0.05826	0.03385	0.01349	0.01341	0.00960	0.00658	0.00546	0.00165	0.00592	0.00496	0.00546	0.00924
34	0.02446	0.00928	0.01265	0.00970	0.01392	0.00801	0.00801	0.02657	0.01560	0.77817	0.02151	0.01856	0.01350	0.00675	0.00548	0.00169	0.00464	0.00548	0.00675	0.00928
35	0.02294	0.00529	0.00679	0.00755	0.00839	0.00497	0.00549	0.00879	0.01188	0.01609	0.17924	0.46667	0.11121	0.01509	0.00681	0.00211	0.00327	0.10753	0.00521	0.00469
36	0.00893	0.00828	0.01328	0.01082	0.01351	0.00769	0.19524	0.01233	0.05942	0.01775	0.21754	0.03842	0.32153	0.01048	0.00643	0.00184	0.00454	0.04156	0.00474	0.00570
37	0.00768	0.00549	0.00750	0.00870	0.00949	0.00531	0.00679	0.00942	0.01162	0.01535	0.05967	0.42939	0.03451	0.01590	0.00720	0.00233	0.00400	0.34984	0.00508	0.00473
38	0.00728	0.00523	0.00618	0.00666	0.00722	0.00494	0.00441	0.00803	0.00996	0.01287	0.02980	0.28468	0.17872	0.34147	0.01544	0.00342	0.00408	0.06123	0.00434	0.00404
39	0.01317	0.00846	0.01014	0.00889	0.01139	0.00864	0.00693	0.03572	0.25314	0.17213	0.36899	0.02927	0.03198	0.00899	0.00594	0.00175	0.00361	0.00771	0.00599	0.00716
40	0.01458	0.81168	0.02857	0.00933	0.01399	0.02157	0.00933	0.01632	0.01108	0.01283	0.00758	0.00875	0.00700	0.00466	0.00350	0.00117	0.00583	0.00292	0.00233	0.00700
41	0.29867	0.00970	0.01111	0.00886	0.01279	0.00942	0.00731	0.02305	0.01349	0.52688	0.01687	0.01532	0.01096	0.00619	0.00478	0.00169	0.00450	0.00464	0.00562	0.00815
42	0.01187	0.00757	0.00897	0.00837	0.01041	0.00760	0.00633	0.04193	0.17812	0.13860	0.14792	0.23349	0.09132	0.01091	0.00599	0.00185	0.00357	0.00946	0.06926	0.00646
43	0.01280	0.38989	0.36170	0.01336	0.01961	0.01689	0.08413	0.01685	0.01144	0.01523	0.00888	0.01053	0.00708	0.00489	0.00452	0.00148	0.00713	0.00374	0.00236	0.00750
44	0.01117	0.02080	0.43060	0.01714	0.02343	0.01228	0.26328	0.01635	0.01161	0.01673	0.01082	0.01386	0.00823	0.00962	0.10710	0.00268	0.00929	0.00507	0.00253	0.00741
45	0.00814	0.00583	0.00730	0.00715	0.00739	0.00636	0.00470	0.00869	0.00816	0.01124	0.01593	0.03071	0.01752	0.57073	0.21374	0.00596	0.05622	0.00722	0.00315	0.00385
46	0.00750	0.00545	0.00743	0.00846	0.00926	0.00537	0.00650	0.00913	0.01104	0.01461	0.02899	0.41167	0.07092	0.01931	0.10839	0.00314	0.00525	0.25810	0.00477	0.00469
47	0.01138	0.00982	0.01634	0.60607	0.13020	0.01156	0.01437	0.01473	0.01136	0.06131	0.01158	0.05690	0.00937	0.00607	0.00553	0.00180	0.00678	0.00546	0.00286	0.00650
48	0.01603	0.01417	0.01290	0.01131	0.01402	0.18194	0.00877	0.34536	0.01841	0.02301	0.01768	0.24930	0.01754	0.00978	0.00586	0.00179	0.00596	0.03440	0.00474	0.00703
49	0.00743	0.00529	0.00692	0.00737	0.00771	0.00510	0.02409	0.00811	0.00949	0.01265	0.02398	0.42959	0.02820	0.35666	0.01590	0.00353	0.00429	0.03539	0.00424	0.00404
50	0.00879	0.00675	0.00789	0.00805	0.00973	0.00674	0.00640	0.01317	0.14581	0.01784	0.12955	0.10000	0.23516	0.01240	0.00644	0.00200	0.00365	0.21155	0.06258	0.00552
51	0.19584	0.06761	0.15190	0.01307	0.01737	0.01374	0.14150	0.07369	0.12185	0.02038	0.01235	0.01384	0.02345	0.00603	0.00606	0.00176	0.07535	0.00476	0.03223	0.00721
52	0.01445	0.01630	0.25741	0.08655	0.01987	0.01199	0.04980	0.13246	0.06401	0.14163	0.01361	0.01522	0.00996	0.01054	0.10724	0.00266	0.02968	0.00499	0.00384	0.00778
53	0.00921	0.00683	0.00868	0.00856	0.01000	0.00712	0.00664	0.10625	0.01289	0.01735	0.10005	0.18652	0.11460	0.03645	0.23963	0.00409	0.00713	0.10812	0.00453	0.00534
54	0.01160	0.01181	0.01623	0.69385	0.03486	0.11268	0.01454	0.01495	0.01149	0.01385	0.00953	0.01392	0.00724	0.00547	0.00538	0.00176	0.00760	0.00467	0.00247	0.00609
55	0.19863	0.08834	0.29725	0.01188	0.01728	0.01390	0.01260	0.14210	0.08928	0.06284	0.01154	0.01221	0.00842	0.00564	0.00473	0.00166	0.00611	0.00413	0.00363	0.00781
56	0.01183	0.00711	0.00873	0.00799	0.00988	0.03021	0.00622	0.01426	0.02846	0.17242	0.29685	0.03215	0.06625	0.04761	0.12365	0.00293	0.00532	0.05424	0.06796	0.00593
57	0.00896	0.00758	0.01117	0.05503	0.01261	0.00896	0.03845	0.01086	0.00994	0.01411	0.03808	0.12913	0.06520	0.02177	0.28591	0.00448	0.18252	0.05220	0.03780	0.00523
58	0.06855	0.26454	0.01739	0.00974	0.01372	0.01425	0.00845	0.11237	0.12206	0.23669	0.04081	0.01638	0.03972	0.00645	0.00480	0.00155	0.00498	0.00490	0.00472	0.00795

[dist]
# distance from previous block
# <min> <max>
0	1

[block]
# block no. 6 follows, 44 sequences, length 36
# corresponding to MSA columns:
# 419-454
name=unknown_G
#
# <colnr> <probs for GDERKNQSTAVLIFYWHMCP>
#	G	D	E	R	K	N	Q	S	T	A	V	L	I	F	Y	W	H	M	C	P
0	0.01540	0.18180	0.19659	0.03957	0.01949	0.17419	0.09784	0.13765	0.01459	0.01825	0.00991	0.01159	0.00771	0.00545	0.00521	0.00155	0.02416	0.00419	0.02745	0.00740
1	0.01237	0.04491	0.10073	0.01315	0.01821	0.01057	0.20766	0.05861	0.01272	0.03448	0.02761	0.04570	0.01023	0.00523	0.00506	0.00134	0.00598	0.00495	0.00331	0.37717
2	0.07928	0.20070	0.02027	0.20239	0.11191	0.13174	0.08071	0.01758	0.01227	0.08021	0.01004	0.01226	0.00785	0.00522	0.00484	0.00156	0.00695	0.00425	0.00297	0.00701
3	0.01018	0.08109	0.22585	0.07104	0.01581	0.00960	0.01076	0.01399	0.06329	0.05458	0.02140	0.31597	0.06378	0.01041	0.00585	0.00188	0.00521	0.00901	0.00397	0.00633
4	0.01130	0.02493	0.61046	0.04485	0.04565	0.01283	0.13936	0.01716	0.01173	0.01719	0.01000	0.01219	0.00719	0.00509	0.00540	0.00174	0.00817	0.00447	0.00239	0.00789
5	0.01072	0.00985	0.01324	0.11614	0.20468	0.03631	0.01029	0.01515	0.12889	0.01707	0.07485	0.05414	0.19514	0.00905	0.00641	0.00183	0.03764	0.04791	0.00408	0.00659
6	0.24864	0.03238	0.11683	0.01306	0.04368	0.07974	0.06838	0.18828	0.01456	0.06243	0.01028	0.01166	0.00772	0.00588	0.00588	0.00171	0.07357	0.00422	0.00366	0.00742
7	0.01414	0.01269	0.01372	0.15321	0.01877	0.08400	0.00968	0.13799	0.23508	0.02080	0.01379	0.01469	0.01054	0.00583	0.00505	0.00148	0.00556	0.00468	0.00408	0.23423
8	0.01207	0.09899	0.09866	0.01004	0.01295	0.01112	0.00904	0.11324	0.06833	0.05066	0.28465	0.02643	0.02594	0.03871	0.00757	0.00189	0.07201	0.04642	0.00465	0.00663
9	0.00853	0.00674	0.00812	0.00736	0.00954	0.00562	0.00534	0.01013	0.01120	0.01585	0.09292	0.30653	0.09711	0.07864	0.00756	0.00188	0.00357	0.00947	0.00433	0.30955
10	0.01352	0.17103	0.16588	0.04715	0.03231	0.08074	0.16470	0.02018	0.19906	0.01728	0.01253	0.01385	0.00968	0.00565	0.00546	0.00166	0.02361	0.00486	0.00326	0.00758
11	0.00785	0.00534	0.00693	0.00722	0.00823	0.00489	0.00515	0.00954	0.01286	0.05078	0.33467	0.39990	0.09822	0.01395	0.00664	0.00196	0.00296	0.01245	0.00552	0.00495
12	0.01081	0.00864	0.05856	0.01334	0.15541	0.00733	0.00896	0.01318	0.01279	0.10943	0.18305	0.27163	0.02914	0.01129	0.00632	0.00193	0.00433	0.08278	0.00484	0.00625
13	0.01235	0.01053	0.01158	0.01032	0.01328	0.05676	0.00846	0.08537	0.15860	0.01936	0.01865	0.02989	0.01751	0.00889	0.00618	0.00175	0.03349	0.24900	0.00443	0.24362
14	0.00694	0.00498	0.00659	0.00739	0.00797	0.00463	0.00508	0.00834	0.01183	0.01614	0.23718	0.59139	0.04035	0.01542	0.00681	0.00207	0.00300	0.01392	0.00532	0.00463
15	0.01108	0.02721	0.72542	0.01608	0.02395	0.01274	0.07389	0.01728	0.01161	0.01728	0.00987	0.01174	0.00701	0.00514	0.00527	0.00173	0.00814	0.00420	0.00234	0.00801
16	0.01150	0.01089	0.01849	0.53570	0.25353	0.01249	0.03597	0.02840	0.01167	0.01554	0.00996	0.01421	0.00773	0.00527	0.00546	0.00176	0.00707	0.00489	0.00257	0.00691
17	0.08216	0.00823	0.01072	0.00936	0.01245	0.00761	0.00784	0.02003	0.01411	0.44246	0.05172	0.03238	0.04490	0.00946	0.00599	0.00193	0.00458	0.22072	0.00590	0.00746
18	0.00910	0.00732	0.01040	0.00979	0.01055	0.00916	0.00780	0.01092	0.00894	0.01359	0.01303	0.01887	0.01201	0.02918	0.50637	0.00633	0.21414	0.00549	0.09184	0.00517
19	0.01077	0.00849	0.01212	0.01086	0.01238	0.00953	0.06728	0.02797	0.10084	0.06195	0.03776	0.14417	0.01888	0.09292	0.15847	0.00368	0.14242	0.06962	0.00403	0.00586
20	0.05080	0.01192	0.01386	0.01081	0.01471	0.01232	0.00883	0.38834	0.01965	0.31489	0.01579	0.01531	0.01077	0.00762	0.00674	0.07310	0.00531	0.00504	0.00561	0.00857
21	0.00732	0.00561	0.00725	0.00772	0.00892	0.00516	0.01964	0.00904	0.01222	0.01585	0.13983	0.30080	0.25044	0.01462	0.00685	0.00209	0.00349	0.17324	0.00514	0.00476
22	0.24674	0.01309	0.07679	0.01050	0.01419	0.01340	0.00899	0.08610	0.42676	0.02378	0.01628	0.01577	0.01219	0.00648	0.00490	0.00178	0.00475	0.00498	0.00466	0.00787
23	0.32084	0.01335	0.01355	0.29772	0.08059	0.15913	0.01098	0.01641	0.01128	0.01800	0.00872	0.01147	0.00682	0.00529	0.00458	0.00168	0.00657	0.00390	0.00287	0.00625
24	0.01666	0.01266	0.01424	0.09942	0.05633	0.06006	0.01009	0.15620	0.34295	0.14559	0.01761	0.01712	0.01278	0.00668	0.00546	0.00174	0.00544	0.00545	0.00507	0.00842
25	0.01875	0.01412	0.01529	0.01167	0.01608	0.01501	0.00958	0.59534	0.04579	0.03091	0.01274	0.01298	0.00928	0.00610	0.00519	0.00149	0.00558	0.00463	0.00504	0.16443
26	0.00703	0.00504	0.00667	0.00733	0.00799	0.00468	0.00509	0.00855	0.01222	0.01675	0.29445	0.53236	0.04154	0.01496	0.00677	0.00204	0.00295	0.01349	0.00540	0.00468
27	0.01188	0.00942	0.01028	0.00950	0.01183	0.01074	0.00732	0.02243	0.48956	0.02040	0.02008	0.02101	0.01581	0.03907	0.12554	0.00292	0.00561	0.00598	0.15338	0.00724
28	0.01502	0.06510	0.04922	0.01779	0.02195	0.17902	0.35792	0.07525	0.03902	0.01728	0.01031	0.01295	0.00811	0.00566	0.00713	0.00175	0.10117	0.00520	0.00299	0.00716
29	0.00715	0.00514	0.00678	0.00724	0.00802	0.00477	0.00510	0.00887	0.01280	0.01768	0.38108	0.44309	0.04334	0.01427	0.00671	0.00198	0.00288	0.01283	0.00551	0.00477
30	0.01193	0.01193	0.01670	0.01431	0.01431	0.01670	0.01193	0.01312	0.00835	0.01312	0.00716	0.01193	0.00716	0.00954	0.01789	0.00239	0.79843	0.00477	0.00239	0.00596
31	0.02037	0.02598	0.01545	0.01404	0.01685	0.78652	0.01053	0.02177	0.01545	0.01334	0.00843	0.00983	0.00702	0.00562	0.00492	0.00140	0.00983	0.00351	0.00281	0.00632
32	0.00779	0.00584	0.00876	0.00876	0.00974	0.00681	0.00681	0.00974	0.00876	0.01266	0.01460	0.02142	0.01363	0.04089	0.78680	0.00876	0.01460	0.00584	0.00292	0.00487
33	0.00809	0.00760	0.07368	0.00863	0.00996	0.00693	0.00706	0.00992	0.00879	0.01252	0.01484	0.02416	0.01462	0.23107	0.52921	0.00729	0.01170	0.00621	0.00296	0.00475
34	0.01333	0.01279	0.02183	0.07250	0.73664	0.01291	0.01665	0.01659	0.01234	0.01761	0.01023	0.01355	0.00857	0.00489	0.00540	0.00163	0.00652	0.00486	0.00268	0.00850
35	0.01285	0.07000	0.05032	0.06727	0.18261	0.01555	0.07642	0.05280	0.01098	0.01579	0.00875	0.01248	0.00767	0.00718	0.01126	0.00199	0.38168	0.00478	0.00264	0.00699

[dist]
# distance from previous block
# <min> <max>
0	1

[block]
# block no. 7 follows, 44 sequences, length 29
# corresponding to MSA columns:
# 456-484
name=unknown_H
#
# <colnr> <probs for GDERKNQSTAVLIFYWHMCP>
#	G	D	E	R	K	N	Q	S	T	A	V	L	I	F	Y	W	H	M	C	P
0	0.00706	0.00520	0.00661	0.00699	0.00793	0.00475	0.00496	0.00874	0.01278	0.01731	0.33996	0.38213	0.14713	0.01416	0.00667	0.00195	0.00286	0.01260	0.00545	0.00475
1	0.07988	0.00664	0.00742	0.00761	0.00932	0.00655	0.00598	0.01163	0.08669	0.01743	0.12157	0.14055	0.29559	0.01280	0.00639	0.00201	0.00356	0.16809	0.00506	0.00524
2	0.07188	0.01542	0.05003	0.03235	0.01589	0.20899	0.00960	0.10050	0.09523	0.32162	0.01562	0.01490	0.01078	0.00629	0.00520	0.00163	0.00628	0.00475	0.00494	0.00810
3	0.01169	0.01112	0.01888	0.46200	0.35992	0.01248	0.01584	0.01516	0.01156	0.01563	0.00994	0.01408	0.00787	0.00519	0.00543	0.00173	0.00692	0.00485	0.00254	0.00718
4	0.02037	0.02598	0.01545	0.01404	0.01685	0.78652	0.01053	0.02177	0.01545	0.01334	0.00843	0.00983	0.00702	0.00562	0.00492	0.00140	0.00983	0.00351	0.00281	0.00632
5	0.01072	0.01012	0.01712	0.69376	0.13576	0.01222	0.01535	0.01430	0.01110	0.01445	0.00977	0.01440	0.00745	0.00537	0.00544	0.00179	0.00716	0.00485	0.00246	0.00640
6	0.01319	0.13076	0.01321	0.00939	0.01199	0.10753	0.00764	0.10594	0.03498	0.07086	0.23079	0.04093	0.07030	0.01191	0.08286	0.00233	0.00590	0.03852	0.00460	0.00637
7	0.01093	0.02820	0.78016	0.01554	0.02360	0.01266	0.02014	0.01727	0.01151	0.01727	0.00978	0.01151	0.00691	0.00518	0.00518	0.00173	0.00806	0.00403	0.00230	0.00806
8	0.00684	0.00554	0.00608	0.00594	0.00761	0.00477	0.00446	0.00860	0.01337	0.01698	0.28103	0.04876	0.54497	0.01297	0.00644	0.00180	0.00270	0.01099	0.00536	0.00477
9	0.22150	0.01145	0.04538	0.27265	0.10087	0.03703	0.01135	0.01819	0.01197	0.20180	0.01205	0.01371	0.00856	0.00560	0.00491	0.00172	0.00591	0.00445	0.00374	0.00716
10	0.01116	0.07681	0.73352	0.01515	0.02300	0.01321	0.01947	0.01721	0.01148	0.01699	0.00965	0.01134	0.00691	0.00515	0.00508	0.00169	0.00792	0.00396	0.00230	0.00799
11	0.00793	0.00529	0.00595	0.00595	0.00595	0.00529	0.00330	0.00793	0.00793	0.01057	0.01718	0.03568	0.01982	0.80840	0.02775	0.00529	0.00529	0.00793	0.00330	0.00330
12	0.01618	0.01826	0.01812	0.09918	0.33060	0.35106	0.01344	0.01930	0.05291	0.01573	0.01002	0.01235	0.00821	0.00538	0.00520	0.00156	0.00791	0.00434	0.00287	0.00737
13	0.19409	0.30857	0.04409	0.01033	0.01448	0.10160	0.00924	0.20626	0.01492	0.02118	0.00936	0.01032	0.00749	0.00539	0.00419	0.00144	0.00598	0.00358	0.02022	0.00727
14	0.00751	0.00562	0.00655	0.00632	0.00791	0.00494	0.00474	0.00945	0.01384	0.03797	0.38535	0.07111	0.39402	0.01250	0.00643	0.00179	0.00274	0.01072	0.00554	0.00497
15	0.00941	0.00678	0.00839	0.00832	0.00937	0.00712	0.00595	0.12864	0.01203	0.01628	0.02145	0.35720	0.02371	0.17560	0.17947	0.00414	0.00651	0.01022	0.00432	0.00508
16	0.01271	0.05748	0.10126	0.02092	0.02622	0.01430	0.59118	0.01706	0.01231	0.01688	0.01044	0.01389	0.00799	0.00502	0.00701	0.00183	0.06763	0.00590	0.00266	0.00730
17	0.01124	0.09354	0.71748	0.01502	0.02279	0.01340	0.01924	0.01719	0.01147	0.01690	0.00960	0.01128	0.00691	0.00514	0.00504	0.00168	0.00787	0.00394	0.00230	0.00797
18	0.00779	0.00584	0.00876	0.00876	0.00974	0.00681	0.00681	0.00974	0.00876	0.01266	0.01460	0.02142	0.01363	0.04089	0.78680	0.00876	0.01460	0.00584	0.00292	0.00487
19	0.01485	0.64805	0.10149	0.01046	0.01526	0.10453	0.01053	0.01701	0.01160	0.01332	0.00789	0.00914	0.00699	0.00482	0.00382	0.00125	0.00649	0.00309	0.00238	0.00703
20	0.01245	0.01201	0.02081	0.27310	0.50472	0.01273	0.05321	0.01588	0.01196	0.01657	0.01012	0.01388	0.00819	0.00503	0.00547	0.00169	0.00686	0.00493	0.00261	0.00776
