[name]
unknown

[dist]
# distance from previous block
# <min> <max>
0	52

[block]
# block no. 0 follows, 45 sequences, length 8
# corresponding to MSA columns:
# 73-80
name=unknown_A
#
# <colnr> <probs for GDERKNQSTAVLIFYWHMCP>
#	G	D	E	R	K	N	Q	S	T	A	V	L	I	F	Y	W	H	M	C	P
0	0.01157	0.00674	0.00937	0.00982	0.01161	0.00650	0.00851	0.01397	0.01293	0.16082	0.02705	0.05255	0.02756	0.01328	0.00703	0.00232	0.00487	0.60250	0.00526	0.00574
1	0.00959	0.00843	0.01317	0.30200	0.19032	0.00918	0.01077	0.01185	0.01060	0.01402	0.01784	0.12226	0.08602	0.15988	0.00979	0.00244	0.00568	0.00730	0.00319	0.00568
2	0.00953	0.01072	0.09464	0.57459	0.03022	0.01066	0.01349	0.01298	0.01106	0.01420	0.01757	0.02068	0.14451	0.00681	0.00551	0.00178	0.00644	0.00586	0.00284	0.00591
3	0.01505	0.01546	0.01828	0.01457	0.01788	0.22136	0.23171	0.17308	0.01525	0.01853	0.01355	0.11569	0.01257	0.08301	0.00778	0.00202	0.00744	0.00652	0.00363	0.00662
4	0.01250	0.00944	0.01527	0.48847	0.12411	0.01064	0.01291	0.01567	0.01215	0.13823	0.09489	0.01763	0.01305	0.00611	0.00547	0.00173	0.00614	0.00541	0.00349	0.00670
5	0.00953	0.00836	0.01320	0.33487	0.14916	0.00914	0.01096	0.01254	0.01273	0.01732	0.29858	0.02561	0.06087	0.00777	0.00577	0.00172	0.00508	0.00694	0.00388	0.00598
6	0.01382	0.01313	0.02034	0.07351	0.29075	0.04516	0.15058	0.13367	0.01411	0.01937	0.05254	0.01461	0.01054	0.00586	0.00677	0.00170	0.08849	0.00523	0.00325	0.03656
7	0.01619	0.11692	0.02128	0.01527	0.04278	0.18460	0.23583	0.01882	0.01302	0.14007	0.01116	0.01277	0.00848	0.00535	0.00592	0.00154	0.05569	0.00466	0.00333	0.08632

[dist]
# distance from previous block
# <min> <max>
3	13

[block]
# block no. 1 follows, 45 sequences, length 7
# corresponding to MSA columns:
# 96-102
name=unknown_B
#
# <colnr> <probs for GDERKNQSTAVLIFYWHMCP>
#	G	D	E	R	K	N	Q	S	T	A	V	L	I	F	Y	W	H	M	C	P
0	0.03064	0.18540	0.09297	0.00949	0.01278	0.10645	0.00847	0.05512	0.01317	0.03625	0.20036	0.06667	0.02059	0.06072	0.00648	0.00172	0.00526	0.00601	0.00384	0.07764
1	0.09751	0.06674	0.03046	0.00883	0.01062	0.02913	0.00727	0.01199	0.04578	0.01505	0.01868	0.12590	0.04679	0.02291	0.33017	0.00469	0.00867	0.10986	0.00363	0.00531
2	0.06069	0.00880	0.01137	0.00964	0.01217	0.00887	0.07075	0.14085	0.06551	0.02220	0.32429	0.07770	0.05180	0.00936	0.00591	0.00173	0.00416	0.05696	0.00506	0.05217
3	0.01310	0.25731	0.22049	0.01165	0.01592	0.17778	0.01169	0.01598	0.01141	0.01385	0.00978	0.01238	0.00835	0.01300	0.18217	0.00304	0.00911	0.00394	0.00252	0.00655
4	0.01347	0.25987	0.12693	0.01303	0.01747	0.01466	0.16306	0.01757	0.08087	0.08912	0.01506	0.01607	0.07420	0.00624	0.00600	0.00162	0.06912	0.00513	0.00332	0.00719
5	0.03934	0.01183	0.13944	0.00966	0.01375	0.00843	0.04911	0.03947	0.05872	0.01748	0.02253	0.08922	0.18851	0.00784	0.00520	0.00148	0.00464	0.00663	0.00380	0.28293
6	0.06858	0.00957	0.00842	0.00821	0.00949	0.15291	0.00577	0.01135	0.01035	0.01346	0.01873	0.20608	0.05560	0.25000	0.09976	0.00351	0.00632	0.00807	0.00361	0.05022

[dist]
# distance from previous block
# <min> <max>
9	27

[block]
# block no. 2 follows, 45 sequences, length 62
# corresponding to MSA columns:
# 134-195
name=unknown_C
#
# <colnr> <probs for GDERKNQSTAVLIFYWHMCP>
#	G	D	E	R	K	N	Q	S	T	A	V	L	I	F	Y	W	H	M	C	P
0	0.01212	0.01115	0.01858	0.30631	0.29427	0.01227	0.06964	0.03380	0.03597	0.03532	0.01073	0.01437	0.00855	0.00724	0.04751	0.00209	0.04825	0.00497	0.00283	0.02404
1	0.01152	0.00892	0.01212	0.05742	0.11771	0.00897	0.02734	0.10886	0.07552	0.05712	0.03263	0.30833	0.03550	0.01024	0.00591	0.00181	0.00458	0.03109	0.00449	0.07991
2	0.16311	0.01027	0.02611	0.00911	0.01220	0.02899	0.00750	0.08982	0.01300	0.16441	0.03861	0.04319	0.13444	0.00773	0.00647	0.00164	0.09982	0.00576	0.00437	0.13344
3	0.01145	0.01041	0.03906	0.46055	0.02712	0.01071	0.01197	0.06958	0.01205	0.03537	0.01058	0.03300	0.00836	0.00538	0.00502	0.00151	0.00606	0.00459	0.00299	0.23427
4	0.01009	0.00799	0.00965	0.00870	0.01023	0.04762	0.04849	0.07374	0.03111	0.03848	0.11229	0.10438	0.09381	0.23145	0.14433	0.00386	0.00646	0.00807	0.00412	0.00514
5	0.01086	0.04751	0.76458	0.01515	0.02300	0.01269	0.01957	0.01698	0.01132	0.01689	0.00958	0.01126	0.00680	0.00509	0.00506	0.00169	0.00788	0.00394	0.00227	0.00791
6	0.01669	0.01852	0.01681	0.21661	0.09671	0.41394	0.05070	0.03751	0.01390	0.05507	0.00972	0.01200	0.00759	0.00545	0.00514	0.00155	0.00831	0.00421	0.00293	0.00666
7	0.01098	0.00817	0.00936	0.00871	0.01045	0.00898	0.00648	0.01827	0.37766	0.01829	0.13981	0.02288	0.02006	0.04177	0.01039	0.22090	0.00402	0.00630	0.05059	0.00594
8	0.00668	0.00491	0.00631	0.00738	0.00798	0.00453	0.00515	0.00781	0.01073	0.01401	0.03307	0.63767	0.14198	0.01619	0.00682	0.00215	0.00321	0.07401	0.00498	0.00443
9	0.01077	0.02777	0.78354	0.01530	0.02323	0.01247	0.01983	0.01700	0.01133	0.01700	0.00963	0.01133	0.00680	0.00510	0.00510	0.00170	0.00793	0.00397	0.00227	0.00793
10	0.01847	0.00789	0.01066	0.00860	0.01177	0.00693	0.00693	0.02070	0.01531	0.52278	0.27787	0.02570	0.02601	0.00812	0.00572	0.00167	0.00387	0.00687	0.00639	0.00775
11	0.01314	0.01574	0.10517	0.02581	0.34907	0.05598	0.32105	0.01710	0.01248	0.01710	0.01026	0.01337	0.00809	0.00475	0.00568	0.00168	0.00782	0.00526	0.00265	0.00780
12	0.00719	0.00547	0.00662	0.00633	0.00777	0.00489	0.00475	0.00935	0.01424	0.01927	0.54345	0.04381	0.28364	0.01182	0.00634	0.00173	0.00259	0.01023	0.00561	0.00489
13	0.00976	0.03134	0.09093	0.01467	0.01801	0.00948	0.32473	0.01278	0.01149	0.01553	0.01969	0.34710	0.03473	0.01011	0.00638	0.00195	0.00617	0.02547	0.00370	0.00599
14	0.01076	0.01726	0.34878	0.01115	0.01700	0.00948	0.01221	0.01516	0.03011	0.01770	0.06697	0.01360	0.01084	0.00507	0.00468	0.00128	0.00561	0.00408	0.00304	0.39523
15	0.74835	0.06704	0.00967	0.00756	0.01094	0.05292	0.00628	0.01609	0.00957	0.02272	0.00752	0.00876	0.00595	0.00498	0.00341	0.00161	0.00455	0.00293	0.00322	0.00591
16	0.01435	0.81458	0.02813	0.00918	0.01378	0.02124	0.00918	0.01607	0.01091	0.01263	0.00746	0.00861	0.00689	0.00459	0.00344	0.00115	0.00574	0.00287	0.00230	0.00689
17	0.01388	0.01179	0.01243	0.01103	0.01416	0.01360	0.00862	0.08308	0.71276	0.02330	0.02118	0.01949	0.01584	0.00722	0.00546	0.00181	0.00437	0.00598	0.00546	0.00854
18	0.00654	0.00467	0.00623	0.00747	0.00779	0.00436	0.00498	0.00747	0.01028	0.01370	0.02959	0.80785	0.03550	0.01682	0.00685	0.00218	0.00311	0.01526	0.00498	0.00436
19	0.01214	0.01354	0.02911	0.02096	0.02596	0.01268	0.67957	0.01646	0.01293	0.01765	0.09080	0.01716	0.01259	0.00520	0.00633	0.00180	0.00837	0.00669	0.00305	0.00701
20	0.02370	0.00975	0.01284	0.00984	0.01401	0.00881	0.00813	0.10292	0.01640	0.70336	0.02031	0.01771	0.01285	0.00662	0.00540	0.00166	0.00471	0.00534	0.00651	0.00913
21	0.00645	0.00504	0.00585	0.00649	0.00753	0.00444	0.00454	0.00759	0.01123	0.01409	0.04160	0.44133	0.39427	0.01526	0.00661	0.00200	0.00292	0.01335	0.00498	0.00444
22	0.02408	0.00914	0.01246	0.00955	0.01370	0.00789	0.00789	0.02616	0.01536	0.78158	0.02118	0.01827	0.01329	0.00664	0.00540	0.00166	0.00457	0.00540	0.00664	0.00914
23	0.00654	0.00467	0.00623	0.00747	0.00779	0.00436	0.00498	0.00747	0.01028	0.01370	0.02959	0.80785	0.03550	0.01682	0.00685	0.00218	0.00311	0.01526	0.00498	0.00436
24	0.01022	0.00963	0.01626	0.77729	0.05745	0.01195	0.01495	0.01379	0.01077	0.01382	0.00956	0.01428	0.00719	0.00535	0.00537	0.00178	0.00713	0.00477	0.00239	0.00603
25	0.00780	0.00524	0.00601	0.00601	0.00607	0.00529	0.00345	0.00791	0.00785	0.01053	0.01677	0.03433	0.01917	0.76748	0.07072	0.00540	0.00573	0.00769	0.00323	0.00334
26	0.01586	0.01864	0.01564	0.05382	0.01646	0.41440	0.01110	0.01728	0.01196	0.01306	0.00796	0.01099	0.00711	0.00780	0.02541	0.00194	0.33786	0.00408	0.00258	0.00604
27	0.01164	0.00658	0.00675	0.00616	0.00788	0.00683	0.00476	0.12975	0.01345	0.02218	0.01679	0.01889	0.01303	0.00628	0.00401	0.00131	0.00304	0.00498	0.71005	0.00565
28	0.01750	0.01359	0.01447	0.01176	0.01554	0.01529	0.00950	0.45868	0.33126	0.02914	0.01658	0.01583	0.01212	0.00679	0.00541	0.00170	0.00522	0.00534	0.00541	0.00887
29	0.00740	0.00554	0.00656	0.00627	0.00781	0.00490	0.00471	0.00945	0.01398	0.03344	0.46451	0.04442	0.34757	0.01197	0.00632	0.00174	0.00265	0.01029	0.00554	0.00493
30	0.01977	0.00976	0.01230	0.00941	0.01364	0.00862	0.00768	0.06489	0.07267	0.48698	0.01781	0.01629	0.01194	0.00600	0.00504	0.00145	0.00447	0.00486	0.00560	0.22083
31	0.01332	0.53224	0.08942	0.01247	0.01733	0.01797	0.17239	0.01607	0.01156	0.01447	0.05058	0.01184	0.00956	0.00497	0.00437	0.00137	0.00646	0.00409	0.00258	0.00695
32	0.00642	0.00512	0.00576	0.00627	0.00747	0.00446	0.00445	0.00761	0.01143	0.01417	0.04420	0.36209	0.47183	0.01492	0.00655	0.00196	0.00288	0.01294	0.00498	0.00446
33	0.01329	0.01275	0.02179	0.03295	0.77787	0.01275	0.01647	0.01647	0.01222	0.01754	0.01010	0.01329	0.00850	0.00478	0.00531	0.00159	0.00638	0.00478	0.00266	0.00850
34	0.01125	0.01068	0.01811	0.52775	0.29897	0.01222	0.01546	0.01469	0.01126	0.01507	0.00974	0.01395	0.00763	0.00516	0.00535	0.00172	0.00688	0.00477	0.00248	0.00686
35	0.00657	0.00478	0.00620	0.00732	0.00781	0.00442	0.00498	0.00758	0.01053	0.01384	0.03208	0.71339	0.11076	0.01644	0.00681	0.00215	0.00312	0.03184	0.00498	0.00439
36	0.02005	0.02558	0.01521	0.01383	0.01659	0.78980	0.01037	0.02143	0.01521	0.01314	0.00830	0.00968	0.00691	0.00553	0.00484	0.00138	0.00968	0.00346	0.00277	0.00622
37	0.01303	0.01239	0.02106	0.03167	0.73552	0.01239	0.01604	0.01618	0.01223	0.01746	0.01111	0.01590	0.00974	0.00534	0.00543	0.00164	0.00630	0.04549	0.00278	0.00831
38	0.00641	0.00546	0.00553	0.00556	0.00736	0.00458	0.00420	0.00780	0.01224	0.01454	0.05366	0.05191	0.75513	0.01363	0.00637	0.00183	0.00278	0.03149	0.00498	0.00454
39	0.01392	0.68597	0.07069	0.01050	0.01509	0.02009	0.04953	0.01602	0.01089	0.01313	0.00774	0.00924	0.00696	0.00487	0.00442	0.00128	0.04722	0.00321	0.00232	0.00691
40	0.01246	0.01235	0.01988	0.31086	0.42835	0.05357	0.05397	0.01577	0.01186	0.01589	0.00984	0.01353	0.00791	0.00502	0.00536	0.00167	0.00697	0.00479	0.00257	0.00739
41	0.01359	0.53960	0.25141	0.01124	0.01673	0.05927	0.01240	0.01663	0.01126	0.01395	0.00815	0.00947	0.00686	0.00479	0.00401	0.00132	0.00660	0.00323	0.00231	0.00716
42	0.01905	0.02403	0.01487	0.01397	0.04051	0.72017	0.01021	0.02049	0.01495	0.01336	0.01098	0.01218	0.05071	0.00597	0.00494	0.00141	0.00918	0.00395	0.00289	0.00620
43	0.01077	0.02777	0.78354	0.01530	0.02323	0.01247	0.01983	0.01700	0.01133	0.01700	0.00963	0.01133	0.00680	0.00510	0.00510	0.00170	0.00793	0.00397	0.00227	0.00793
44	0.00634	0.00544	0.00544	0.00544	0.00725	0.00453	0.00408	0.00770	0.01224	0.01450	0.05438	0.05166	0.77569	0.01359	0.00634	0.00181	0.00272	0.01133	0.00498	0.00453
45	0.00942	0.00817	0.01138	0.01039	0.01075	0.01052	0.00815	0.01064	0.00829	0.01225	0.01179	0.01992	0.01193	0.17954	0.31347	0.00530	0.34471	0.00571	0.00273	0.00494
46	0.02408	0.00914	0.01246	0.00955	0.01370	0.00789	0.00789	0.02616	0.01536	0.78158	0.02118	0.01827	0.01329	0.00664	0.00540	0.00166	0.00457	0.00540	0.00664	0.00914
47	0.01036	0.00973	0.01513	0.48570	0.02701	0.01255	0.01276	0.01286	0.00969	0.01314	0.00958	0.01574	0.00842	0.09086	0.01125	0.00231	0.23973	0.00507	0.00247	0.00565
48	0.01331	0.01404	0.01780	0.35137	0.27574	0.17493	0.01435	0.01620	0.01206	0.01482	0.00937	0.01290	0.00754	0.00537	0.00572	0.00166	0.03891	0.00450	0.00255	0.00685
49	0.00760	0.00580	0.00689	0.00657	0.00799	0.00540	0.00486	0.01035	0.05669	0.01886	0.48172	0.04170	0.24147	0.07116	0.00785	0.00199	0.00288	0.00980	0.00544	0.00498
50	0.00652	0.00533	0.00577	0.00591	0.00742	0.00457	0.00433	0.00796	0.01229	0.01522	0.13656	0.16603	0.57589	0.01378	0.00642	0.00185	0.00276	0.01174	0.00509	0.00457
51	0.01110	0.01052	0.01784	0.56431	0.26359	0.01218	0.01539	0.01456	0.01119	0.01488	0.00971	0.01400	0.00757	0.00519	0.00535	0.00173	0.00692	0.00477	0.00247	0.00674
52	0.00692	0.00546	0.00624	0.00604	0.00760	0.00478	0.00453	0.00882	0.01360	0.01773	0.38598	0.04634	0.44207	0.01239	0.00634	0.00176	0.00263	0.01058	0.00541	0.00478
53	0.01113	0.00954	0.01113	0.00795	0.01272	0.00716	0.00636	0.01352	0.01113	0.01749	0.00954	0.01113	0.00795	0.00398	0.00398	0.00080	0.00398	0.00318	0.00318	0.84417
54	0.00733	0.00535	0.00690	0.00684	0.00798	0.00492	0.00505	0.00948	0.01402	0.01944	0.56745	0.17845	0.10673	0.01231	0.00645	0.00180	0.00270	0.02627	0.00565	0.00489
55	0.01393	0.01275	0.01240	0.01118	0.01419	0.08056	0.00866	0.02791	0.70299	0.02165	0.02068	0.01913	0.01557	0.00713	0.00541	0.00178	0.00472	0.00584	0.00523	0.00830
56	0.01179	0.00778	0.00970	0.00772	0.01092	0.00641	0.00607	0.01419	0.01352	0.14506	0.33052	0.02438	0.02663	0.00733	0.00519	0.00131	0.00347	0.00627	0.00489	0.35685
57	0.01144	0.01133	0.01585	0.01371	0.01373	0.01574	0.01135	0.01260	0.00834	0.01296	0.00836	0.05806	0.00870	0.00983	0.01699	0.00234	0.75508	0.00531	0.00250	0.00578
58	0.01945	0.01960	0.01524	0.01289	0.01632	0.37941	0.01009	0.33126	0.10365	0.02284	0.01173	0.01218	0.00890	0.00611	0.00513	0.00153	0.00749	0.00433	0.00416	0.00769
59	0.00687	0.00541	0.00619	0.00609	0.00760	0.00474	0.00453	0.00868	0.01333	0.01733	0.34767	0.08996	0.43707	0.01271	0.00637	0.00178	0.00267	0.01089	0.00536	0.00474
60	0.00654	0.00467	0.00623	0.00747	0.00779	0.00436	0.00498	0.00747	0.01028	0.01370	0.02959	0.80785	0.03550	0.01682	0.00685	0.00218	0.00311	0.01526	0.00498	0.00436
61	0.00654	0.00467	0.00623	0.00747	0.00779	0.00436	0.00498	0.00747	0.01028	0.01370	0.02959	0.80785	0.03550	0.01682	0.00685	0.00218	0.00311	0.01526	0.00498	0.00436

[dist]
# distance from previous block
# <min> <max>
1	10

[block]
# block no. 3 follows, 45 sequences, length 7
# corresponding to MSA columns:
# 206-212
name=unknown_D
#
# <colnr> <probs for GDERKNQSTAVLIFYWHMCP>
#	G	D	E	R	K	N	Q	S	T	A	V	L	I	F	Y	W	H	M	C	P
0	0.01716	0.01211	0.08293	0.01081	0.01471	0.01121	0.00931	0.02658	0.41492	0.30825	0.02048	0.01857	0.01434	0.00684	0.00540	0.00175	0.00471	0.00562	0.00561	0.00869
1	0.00665	0.00472	0.00620	0.00734	0.00762	0.00443	0.00484	0.00750	0.01007	0.01342	0.02851	0.74245	0.03415	0.08406	0.00858	0.00244	0.00329	0.01463	0.00484	0.00427
2	0.01113	0.00954	0.01113	0.00795	0.01272	0.00716	0.00636	0.01352	0.01113	0.01749	0.00954	0.01113	0.00795	0.00398	0.00398	0.00080	0.00398	0.00318	0.00318	0.84417
3	0.01543	0.00971	0.01380	0.24084	0.09510	0.01027	0.01069	0.05301	0.10535	0.25774	0.01818	0.02043	0.04626	0.00690	0.00549	0.00175	0.00539	0.04519	0.03097	0.00751
4	0.00747	0.00548	0.00701	0.00662	0.00794	0.00501	0.00497	0.00989	0.01491	0.02084	0.70451	0.04123	0.12160	0.01123	0.00633	0.00170	0.00255	0.00987	0.00582	0.00501
5	0.01174	0.01174	0.01644	0.01409	0.01409	0.01644	0.01174	0.01292	0.00822	0.01292	0.00705	0.01174	0.00705	0.00940	0.01762	0.00235	0.80153	0.00470	0.00235	0.00587
6	0.01220	0.01107	0.01642	0.34033	0.17437	0.01255	0.04073	0.06766	0.20139	0.01815	0.01464	0.01682	0.03806	0.00607	0.00545	0.00175	0.00610	0.00540	0.00351	0.00730

[dist]
# distance from previous block
# <min> <max>
0	1

[block]
# block no. 4 follows, 45 sequences, length 12
# corresponding to MSA columns:
# 214-225
name=unknown_E
#
# <colnr> <probs for GDERKNQSTAVLIFYWHMCP>
#	G	D	E	R	K	N	Q	S	T	A	V	L	I	F	Y	W	H	M	C	P
0	0.02041	0.01504	0.01611	0.01235	0.01665	0.01665	0.01020	0.75997	0.02524	0.03383	0.01289	0.01289	0.00913	0.00644	0.00537	0.00161	0.00591	0.00483	0.00537	0.00913
1	0.84927	0.01038	0.00789	0.00706	0.01038	0.01204	0.00581	0.01578	0.00914	0.02408	0.00747	0.00872	0.00581	0.00498	0.00332	0.00166	0.00415	0.00291	0.00332	0.00581
2	0.01970	0.02172	0.01651	0.01393	0.01733	0.50888	0.05706	0.24318	0.01807	0.01961	0.00984	0.01094	0.00766	0.00574	0.00509	0.00148	0.00851	0.00405	0.00355	0.00716
3	0.02016	0.02228	0.01549	0.01337	0.01661	0.54741	0.01032	0.25297	0.01836	0.01962	0.00974	0.01069	0.00761	0.00582	0.00501	0.00145	0.00850	0.00389	0.00358	0.00713
4	0.02041	0.01504	0.01611	0.01235	0.01665	0.01665	0.01020	0.75997	0.02524	0.03383	0.01289	0.01289	0.00913	0.00644	0.00537	0.00161	0.00591	0.00483	0.00537	0.00913
5	0.01113	0.00954	0.01113	0.00795	0.01272	0.00716	0.00636	0.01352	0.01113	0.01749	0.00954	0.01113	0.00795	0.00398	0.00398	0.00080	0.00398	0.00318	0.00318	0.84417
6	0.01388	0.01243	0.01803	0.32500	0.31061	0.05915	0.01430	0.11608	0.01371	0.05001	0.01061	0.01362	0.00817	0.00536	0.00532	0.00166	0.00674	0.00473	0.00309	0.00749
7	0.01466	0.01558	0.01751	0.07065	0.01826	0.23093	0.11448	0.01724	0.04394	0.04831	0.00951	0.01234	0.00790	0.00682	0.00973	0.00182	0.29638	0.00458	0.00289	0.05648
8	0.01493	0.01380	0.01107	0.00984	0.01238	0.26948	0.00754	0.11638	0.01543	0.09609	0.09457	0.07380	0.19081	0.00887	0.00554	0.00161	0.00567	0.00704	0.03891	0.00625
9	0.01138	0.01261	0.14611	0.00984	0.01326	0.05755	0.00890	0.01689	0.18591	0.06555	0.06260	0.12473	0.12581	0.03594	0.00628	0.00180	0.00480	0.00737	0.00437	0.09828
10	0.01497	0.10562	0.19469	0.01377	0.06215	0.12873	0.01235	0.08113	0.10922	0.08394	0.01194	0.01316	0.00918	0.00743	0.03605	0.00193	0.09834	0.00444	0.00345	0.00752
11	0.05001	0.04727	0.13448	0.16483	0.01998	0.07111	0.03791	0.07536	0.11608	0.05048	0.01399	0.06859	0.02756	0.00677	0.00587	0.00170	0.04865	0.00542	0.00356	0.05038

[dist]
# distance from previous block
# <min> <max>
6	19

[block]
# block no. 5 follows, 45 sequences, length 23
# corresponding to MSA columns:
# 249-271
name=unknown_F
#
# <colnr> <probs for GDERKNQSTAVLIFYWHMCP>
#	G	D	E	R	K	N	Q	S	T	A	V	L	I	F	Y	W	H	M	C	P
0	0.00877	0.00614	0.00774	0.00759	0.00921	0.00540	0.00547	0.01061	0.02943	0.06404	0.12508	0.45980	0.06311	0.01270	0.00611	0.00181	0.00329	0.01132	0.00489	0.15748
1	0.03015	0.01639	0.33234	0.01323	0.08328	0.00966	0.01277	0.01638	0.03230	0.12897	0.09184	0.09175	0.04511	0.00729	0.00539	0.00167	0.00566	0.00614	0.00384	0.06582
2	0.01422	0.45109	0.16935	0.01064	0.01551	0.07084	0.01092	0.04923	0.01241	0.05121	0.05804	0.01197	0.01012	0.00532	0.00424	0.00134	0.00611	0.00378	0.00293	0.04075
3	0.02093	0.01177	0.01378	0.01205	0.06568	0.06500	0.00908	0.13593	0.12851	0.45127	0.01839	0.01679	0.01236	0.00651	0.00536	0.00165	0.00520	0.00524	0.00574	0.00879
4	0.01207	0.01304	0.05406	0.30824	0.28143	0.08019	0.08316	0.01538	0.01194	0.01548	0.01288	0.01605	0.06138	0.00567	0.00545	0.00169	0.00702	0.00522	0.00272	0.00695
5	0.01506	0.04445	0.08065	0.01267	0.01641	0.06446	0.16199	0.01902	0.08294	0.22677	0.06342	0.09209	0.01669	0.03153	0.00640	0.00187	0.00592	0.04590	0.00453	0.00721
6	0.07018	0.01004	0.01122	0.01234	0.09038	0.08103	0.00904	0.01679	0.16722	0.03736	0.08753	0.03625	0.02297	0.01017	0.00613	0.00200	0.00511	0.31326	0.00463	0.00633
7	0.00654	0.00467	0.00623	0.00747	0.00779	0.00436	0.00498	0.00747	0.01028	0.01370	0.02959	0.80785	0.03550	0.01682	0.00685	0.00218	0.00311	0.01526	0.00498	0.00436
8	0.13966	0.53610	0.08709	0.00985	0.01439	0.07263	0.00970	0.05082	0.01164	0.01572	0.00796	0.00913	0.00683	0.00484	0.00375	0.00131	0.00597	0.00310	0.00262	0.00687
9	0.01077	0.02777	0.78354	0.01530	0.02323	0.01247	0.01983	0.01700	0.01133	0.01700	0.00963	0.01133	0.00680	0.00510	0.00510	0.00170	0.00793	0.00397	0.00227	0.00793
10	0.01232	0.01177	0.02005	0.26660	0.55173	0.01250	0.01600	0.01563	0.01177	0.01637	0.00993	0.01360	0.00809	0.00496	0.00533	0.00165	0.00661	0.00478	0.00257	0.00773
11	0.00654	0.00467	0.00623	0.00747	0.00779	0.00436	0.00498	0.00747	0.01028	0.01370	0.02959	0.80785	0.03550	0.01682	0.00685	0.00218	0.00311	0.01526	0.00498	0.00436
12	0.00662	0.00514	0.00606	0.00673	0.00780	0.00458	0.00486	0.00787	0.01135	0.01426	0.04094	0.39954	0.37675	0.01517	0.00666	0.00203	0.00308	0.07110	0.00498	0.00449
13	0.00726	0.00531	0.00682	0.00679	0.00790	0.00487	0.00496	0.00936	0.01390	0.01926	0.55463	0.20291	0.11114	0.01244	0.00644	0.00180	0.00267	0.01102	0.00563	0.00487
14	0.02408	0.00914	0.01246	0.00955	0.01370	0.00789	0.00789	0.02616	0.01536	0.78158	0.02118	0.01827	0.01329	0.00664	0.00540	0.00166	0.00457	0.00540	0.00664	0.00914
15	0.02269	0.01137	0.01384	0.01061	0.01482	0.01121	0.00877	0.30404	0.01910	0.49843	0.01804	0.01623	0.01171	0.00657	0.00539	0.00164	0.00507	0.00518	0.00616	0.00913
16	0.00760	0.00549	0.00718	0.00675	0.00802	0.00506	0.00506	0.01013	0.01519	0.02153	0.77503	0.04010	0.05065	0.01097	0.00633	0.00169	0.00253	0.00971	0.00591	0.00506
17	0.02023	0.02016	0.01567	0.01307	0.01662	0.39192	0.01028	0.40150	0.02037	0.02379	0.01066	0.01133	0.00805	0.00600	0.00511	0.00150	0.00774	0.00417	0.00411	0.00772
18	0.02067	0.01443	0.01343	0.01113	0.01462	0.21934	0.00881	0.16018	0.04601	0.35313	0.01679	0.07022	0.01248	0.00704	0.00535	0.00162	0.00607	0.00549	0.00520	0.00799
19	0.02242	0.01180	0.01411	0.01082	0.01503	0.01185	0.00894	0.35797	0.01983	0.44347	0.01743	0.01584	0.01141	0.00655	0.00539	0.00164	0.00517	0.00514	0.00607	0.00913
20	0.37175	0.01225	0.01181	0.00966	0.01328	0.01376	0.00791	0.35247	0.06227	0.02823	0.05901	0.01325	0.01076	0.00616	0.00456	0.00165	0.00485	0.00439	0.00454	0.00743
21	0.01273	0.00957	0.01008	0.00930	0.03026	0.07662	0.00701	0.09163	0.08512	0.12907	0.05517	0.06489	0.25293	0.01373	0.10954	0.00262	0.00574	0.00768	0.00478	0.02151
22	0.02638	0.04912	0.03190	0.01504	0.10148	0.08809	0.18973	0.03472	0.06281	0.06135	0.18885	0.05488	0.05718	0.00745	0.00575	0.00168	0.00587	0.00689	0.00410	0.00674

[dist]
# distance from previous block
# <min> <max>
24	69

[block]
# block no. 6 follows, 45 sequences, length 10
# corresponding to MSA columns:
# 350-354,358-362
name=unknown_G
#
# <colnr> <probs for GDERKNQSTAVLIFYWHMCP>
#	G	D	E	R	K	N	Q	S	T	A	V	L	I	F	Y	W	H	M	C	P
0	0.11682	0.01048	0.01892	0.09240	0.02015	0.01060	0.33506	0.01376	0.01123	0.01654	0.01665	0.13594	0.06549	0.01019	0.06627	0.00239	0.02439	0.02336	0.00331	0.00605
1	0.00898	0.00709	0.00854	0.00718	0.00970	0.00589	0.00535	0.01094	0.01194	0.01740	0.25612	0.10343	0.04988	0.11064	0.00805	0.00181	0.00355	0.00729	0.00429	0.36194
2	0.01046	0.00998	0.01617	0.64062	0.03237	0.01283	0.01427	0.01355	0.01023	0.01355	0.00904	0.01379	0.00713	0.00618	0.00783	0.00190	0.16700	0.00476	0.00238	0.00594
3	0.01561	0.00987	0.01303	0.06796	0.01567	0.00843	0.04036	0.05015	0.01312	0.25882	0.01341	0.01384	0.00963	0.00505	0.00469	0.00122	0.00470	0.00421	0.00429	0.44594
4	0.00653	0.00516	0.00589	0.00631	0.00752	0.00452	0.00450	0.00784	0.01178	0.01485	0.11146	0.33105	0.43448	0.01455	0.00653	0.00194	0.00285	0.01264	0.00507	0.00452
5	0.01087	0.01002	0.01563	0.47554	0.14094	0.01079	0.01288	0.01407	0.01106	0.01528	0.00962	0.01332	0.00757	0.00491	0.00499	0.00150	0.00620	0.00435	0.00264	0.22781
6	0.49075	0.00857	0.00781	0.00730	0.00990	0.00912	0.00564	0.01301	0.00973	0.02014	0.01434	0.24772	0.01495	0.00839	0.00446	0.00171	0.00382	0.00663	0.00380	0.11220
7	0.01278	0.00949	0.01130	0.00815	0.01285	0.00725	0.00655	0.01512	0.01167	0.11453	0.01102	0.01204	0.00863	0.00431	0.00416	0.00091	0.00405	0.00346	0.00362	0.73812
8	0.01892	0.01210	0.01471	0.06237	0.06504	0.01237	0.00972	0.34473	0.04177	0.23602	0.01464	0.01449	0.01019	0.00604	0.00520	0.00154	0.00535	0.00481	0.00508	0.11491
9	0.01296	0.01375	0.01138	0.11041	0.01517	0.29746	0.00847	0.05518	0.01292	0.01443	0.01802	0.23929	0.04776	0.08260	0.00770	0.00207	0.00646	0.03483	0.00369	0.00545

[dist]
# distance from previous block
# <min> <max>
0	1

[block]
# block no. 7 follows, 45 sequences, length 36
# corresponding to MSA columns:
# 364-399
name=unknown_H
#
# <colnr> <probs for GDERKNQSTAVLIFYWHMCP>
#	G	D	E	R	K	N	Q	S	T	A	V	L	I	F	Y	W	H	M	C	P
0	0.01763	0.21403	0.01554	0.00974	0.03665	0.01107	0.00784	0.01989	0.04311	0.38633	0.01796	0.10480	0.01458	0.06894	0.00674	0.00186	0.00480	0.00604	0.00492	0.00753
1	0.00719	0.00530	0.00633	0.00683	0.00765	0.00499	0.00484	0.00825	0.01041	0.01332	0.03252	0.23640	0.24282	0.23925	0.03731	0.00317	0.00422	0.12057	0.00443	0.00420
2	0.01609	0.29460	0.01909	0.01078	0.01428	0.01636	0.00937	0.19528	0.10919	0.10449	0.01291	0.04453	0.01049	0.00673	0.00640	0.00160	0.11139	0.00476	0.00402	0.00764
3	0.00916	0.00487	0.00624	0.00624	0.00655	0.00487	0.00412	0.00858	0.00826	0.01229	0.01308	0.02139	0.01269	0.18951	0.01798	0.44477	0.00423	0.00544	0.21653	0.00322
4	0.04134	0.01959	0.01550	0.01287	0.01646	0.35904	0.01017	0.41386	0.02039	0.02442	0.01072	0.01136	0.00806	0.00600	0.00508	0.00151	0.00753	0.00417	0.00416	0.00776
5	0.84927	0.01038	0.00789	0.00706	0.01038	0.01204	0.00581	0.01578	0.00914	0.02408	0.00747	0.00872	0.00581	0.00498	0.00332	0.00166	0.00415	0.00291	0.00332	0.00581
6	0.01857	0.01383	0.01477	0.01153	0.01550	0.01517	0.00946	0.64808	0.05248	0.03124	0.01785	0.01747	0.09464	0.00727	0.00548	0.00164	0.00549	0.00560	0.00533	0.00859
7	0.01435	0.81458	0.02813	0.00918	0.01378	0.02124	0.00918	0.01607	0.01091	0.01263	0.00746	0.00861	0.00689	0.00459	0.00344	0.00115	0.00574	0.00287	0.00230	0.00689
8	0.15542	0.00593	0.00550	0.00536	0.00697	0.00622	0.00411	0.01307	0.01089	0.02072	0.01577	0.01806	0.01238	0.00603	0.00368	0.00132	0.00279	0.00464	0.69599	0.00514
9	0.01368	0.66675	0.17006	0.01033	0.01555	0.01959	0.01119	0.01625	0.01099	0.01345	0.00787	0.00912	0.00687	0.00469	0.00376	0.00125	0.00615	0.00308	0.00229	0.00708
10	0.00730	0.00545	0.00680	0.00759	0.00863	0.00510	0.00585	0.00882	0.01136	0.01449	0.03532	0.27532	0.24495	0.07615	0.00847	0.00241	0.00379	0.26284	0.00484	0.00452
11	0.01912	0.01641	0.01525	0.01238	0.01617	0.16134	0.00994	0.49447	0.15208	0.02797	0.01358	0.01352	0.00997	0.00642	0.00529	0.00160	0.00633	0.00479	0.00490	0.00847
12	0.00932	0.00466	0.00699	0.00699	0.00699	0.00466	0.00466	0.00699	0.00699	0.00932	0.00932	0.01632	0.00932	0.01865	0.02098	0.84382	0.00466	0.00466	0.00233	0.00233
13	0.00656	0.00545	0.00574	0.00567	0.00738	0.00462	0.00425	0.00812	0.01275	0.01572	0.17924	0.04966	0.65007	0.01314	0.00634	0.00179	0.00269	0.01105	0.00514	0.00462
14	0.00976	0.00503	0.00510	0.00510	0.00621	0.00503	0.00370	0.01199	0.01087	0.01894	0.01744	0.02169	0.01440	0.09577	0.00637	0.00169	0.00280	0.00531	0.74799	0.00481
15	0.00654	0.00467	0.00623	0.00747	0.00779	0.00436	0.00498	0.00747	0.01028	0.01370	0.02959	0.80785	0.03550	0.01682	0.00685	0.00218	0.00311	0.01526	0.00498	0.00436
16	0.00684	0.00480	0.00614	0.00709	0.00733	0.00456	0.00457	0.00755	0.00969	0.01292	0.02658	0.62446	0.03171	0.20538	0.01171	0.00290	0.00361	0.01349	0.00457	0.00410
17	0.00699	0.00546	0.00634	0.00612	0.00765	0.00481	0.00459	0.00896	0.01376	0.01813	0.42653	0.04569	0.40128	0.01224	0.00634	0.00175	0.00262	0.01049	0.00546	0.00481
18	0.00959	0.00565	0.00685	0.00654	0.00735	0.00540	0.00431	0.01056	0.01058	0.09926	0.17902	0.09279	0.02635	0.44980	0.01765	0.00363	0.00427	0.00837	0.04757	0.00447
19	0.00634	0.00544	0.00544	0.00544	0.00725	0.00453	0.00408	0.00770	0.01224	0.01450	0.05438	0.05166	0.77569	0.01359	0.00634	0.00181	0.00272	0.01133	0.00498	0.00453
20	0.00654	0.00467	0.00623	0.00747	0.00779	0.00436	0.00498	0.00747	0.01028	0.01370	0.02959	0.80785	0.03550	0.01682	0.00685	0.00218	0.00311	0.01526	0.00498	0.00436
21	0.02099	0.00845	0.01146	0.00902	0.01264	0.00736	0.00736	0.02315	0.01533	0.63878	0.16282	0.02237	0.02031	0.00746	0.00557	0.00167	0.00419	0.00621	0.00651	0.00837
22	0.00650	0.00482	0.00608	0.00709	0.00769	0.00439	0.00481	0.00752	0.01065	0.01385	0.03424	0.66577	0.17457	0.01621	0.00676	0.00211	0.00304	0.01452	0.00498	0.00439
23	0.01001	0.00500	0.00500	0.00500	0.00625	0.00500	0.00375	0.01251	0.01126	0.02001	0.01751	0.02001	0.01376	0.00625	0.00375	0.00125	0.00250	0.00500	0.84115	0.00500
24	0.00774	0.00530	0.00630	0.00616	0.00658	0.00516	0.00386	0.00858	0.01028	0.01413	0.27084	0.03679	0.02994	0.54327	0.02029	0.00403	0.00431	0.00844	0.00414	0.00386
25	0.01495	0.00716	0.00928	0.00779	0.01049	0.00626	0.00618	0.01705	0.01472	0.36985	0.29284	0.03223	0.16969	0.00947	0.00590	0.00170	0.00350	0.00803	0.00607	0.00684
26	0.00648	0.00544	0.00563	0.00558	0.00734	0.00459	0.00419	0.00797	0.01256	0.01528	0.13451	0.05037	0.69507	0.01330	0.00634	0.00180	0.00270	0.01115	0.00509	0.00459
27	0.01113	0.00954	0.01113	0.00795	0.01272	0.00716	0.00636	0.01352	0.01113	0.01749	0.00954	0.01113	0.00795	0.00398	0.00398	0.00080	0.00398	0.00318	0.00318	0.84417
28	0.00654	0.00467	0.00623	0.00747	0.00779	0.00436	0.00498	0.00747	0.01028	0.01370	0.02959	0.80785	0.03550	0.01682	0.00685	0.00218	0.00311	0.01526	0.00498	0.00436
29	0.00684	0.00546	0.00612	0.00595	0.00755	0.00474	0.00447	0.00865	0.01340	0.01726	0.33696	0.04713	0.49139	0.01257	0.00634	0.00176	0.00265	0.01069	0.00535	0.00474
30	0.00761	0.00570	0.00831	0.00825	0.00929	0.00641	0.00639	0.00959	0.00966	0.01377	0.11955	0.02481	0.04665	0.03528	0.65429	0.00743	0.01233	0.00650	0.00337	0.00482
31	0.00760	0.00549	0.00718	0.00675	0.00802	0.00506	0.00506	0.01013	0.01519	0.02153	0.77503	0.04010	0.05065	0.01097	0.00633	0.00169	0.00253	0.00971	0.00591	0.00506
32	0.00699	0.00550	0.00652	0.00641	0.00784	0.00511	0.00481	0.00871	0.01218	0.01585	0.23895	0.04217	0.40855	0.04871	0.15441	0.00319	0.00496	0.00971	0.00477	0.00467
33	0.00748	0.00545	0.00770	0.00793	0.00860	0.00601	0.00579	0.00888	0.00879	0.01234	0.01767	0.17134	0.01862	0.16946	0.51076	0.00682	0.01067	0.00789	0.00334	0.00444
34	0.00748	0.00508	0.00672	0.00693	0.00771	0.00474	0.00490	0.00858	0.01202	0.01647	0.35805	0.27746	0.08968	0.01432	0.00903	0.14776	0.00310	0.01069	0.00493	0.00433
35	0.01954	0.00883	0.01169	0.00956	0.01296	0.00841	0.00775	0.02337	0.11672	0.53359	0.01999	0.01904	0.01373	0.01305	0.15284	0.00299	0.00637	0.00556	0.00577	0.00823

[dist]
# distance from previous block
# <min> <max>
0	1

[block]
# block no. 8 follows, 45 sequences, length 8
# corresponding to MSA columns:
# 401-408
name=unknown_I
#
# <colnr> <probs for GDERKNQSTAVLIFYWHMCP>
#	G	D	E	R	K	N	Q	S	T	A	V	L	I	F	Y	W	H	M	C	P
0	0.01174	0.01174	0.01644	0.01409	0.01409	0.01644	0.01174	0.01292	0.00822	0.01292	0.00705	0.01174	0.00705	0.00940	0.01762	0.00235	0.80153	0.00470	0.00235	0.00587
1	0.01115	0.00854	0.00991	0.00750	0.01152	0.00660	0.00596	0.01327	0.01177	0.08445	0.02110	0.02128	0.18871	0.00647	0.00466	0.00111	0.00373	0.00529	0.00391	0.57305
2	0.01201	0.16117	0.17984	0.01345	0.01596	0.01648	0.01298	0.01435	0.00936	0.01372	0.00767	0.01109	0.00697	0.00762	0.01241	0.00199	0.48991	0.00421	0.00232	0.00649
3	0.01345	0.01265	0.01915	0.02162	0.31468	0.01471	0.05499	0.09928	0.04821	0.01777	0.00982	0.01303	0.00836	0.00688	0.01020	0.00191	0.31793	0.00490	0.00298	0.00747
4	0.01413	0.01410	0.01241	0.01106	0.01279	0.25164	0.00843	0.13353	0.01311	0.01576	0.01173	0.01765	0.01101	0.16789	0.16818	0.00374	0.11868	0.00514	0.00324	0.00578
5	0.14679	0.01227	0.01405	0.01213	0.01346	0.06375	0.00995	0.06062	0.07734	0.01692	0.01121	0.01391	0.04593	0.00829	0.01214	0.00206	0.46502	0.00479	0.00312	0.00625
6	0.01593	0.01514	0.01641	0.01358	0.01608	0.14533	0.05614	0.23236	0.13016	0.02070	0.01142	0.01316	0.00911	0.00728	0.00941	0.00186	0.26994	0.00484	0.00379	0.00735
7	0.09122	0.25140	0.01861	0.01109	0.01497	0.13937	0.04613	0.10967	0.06176	0.14313	0.01162	0.01207	0.00881	0.00565	0.00496	0.00148	0.03220	0.00406	0.00379	0.02801

[dist]
# distance from previous block
# <min> <max>
0	28

# created by:
# /st0/software/busco_prod/Augustus/scripts/msa2prfl.pl ./align_prep/65709.fa
