[name]
unknown

[dist]
# distance from previous block
# <min> <max>
0	424

[block]
# block no. 0 follows, 47 sequences, length 28
# corresponding to MSA columns:
# 426-453
name=unknown_A
#
# <colnr> <probs for GDERKNQSTAVLIFYWHMCP>
#	G	D	E	R	K	N	Q	S	T	A	V	L	I	F	Y	W	H	M	C	P
0	0.00737	0.00534	0.00706	0.00740	0.00847	0.00503	0.00574	0.00945	0.01296	0.01769	0.40416	0.19580	0.07927	0.01284	0.00651	0.00193	0.00317	0.19982	0.00527	0.00472
1	0.00782	0.04748	0.00829	0.00732	0.00811	0.00663	0.00533	0.00901	0.00849	0.01177	0.05023	0.02570	0.01655	0.32201	0.43550	0.00646	0.00971	0.00635	0.00303	0.00422
2	0.02056	0.00969	0.01204	0.00934	0.01314	0.00916	0.00766	0.17284	0.03075	0.51216	0.01807	0.01655	0.01194	0.00626	0.00502	0.00153	0.00447	0.00500	0.08626	0.04755
3	0.00975	0.00549	0.00836	0.00776	0.00822	0.00553	0.04021	0.04655	0.00796	0.01063	0.00929	0.01558	0.00898	0.01684	0.01891	0.76531	0.00478	0.00461	0.00243	0.00282
4	0.85377	0.01007	0.00765	0.00685	0.01007	0.01168	0.00564	0.01531	0.00886	0.02336	0.00725	0.00846	0.00564	0.00483	0.00322	0.00161	0.00403	0.00282	0.00322	0.00564
5	0.02336	0.00886	0.01209	0.00927	0.01329	0.00765	0.00765	0.02538	0.01491	0.78810	0.02055	0.01773	0.01289	0.00645	0.00524	0.00161	0.00443	0.00524	0.00645	0.00886
6	0.01945	0.02482	0.01476	0.01342	0.01610	0.79608	0.01006	0.02079	0.01476	0.01275	0.00805	0.00939	0.00671	0.00537	0.00470	0.00134	0.00939	0.00335	0.00268	0.00604
7	0.01980	0.01459	0.01563	0.01198	0.01615	0.01615	0.00990	0.76713	0.02448	0.03282	0.01250	0.01250	0.00886	0.00625	0.00521	0.00156	0.00573	0.00469	0.00521	0.00886
8	0.01144	0.01153	0.01671	0.01410	0.01436	0.01581	0.04994	0.01274	0.00820	0.01274	0.00703	0.01153	0.00689	0.00887	0.01653	0.00225	0.76663	0.00464	0.00230	0.00576
9	0.63920	0.00976	0.00880	0.00747	0.01090	0.01064	0.00616	0.01791	0.01042	0.22096	0.01069	0.01085	0.00751	0.00525	0.00374	0.00161	0.00413	0.00344	0.00406	0.00647
10	0.01229	0.01405	0.03073	0.02195	0.02722	0.01317	0.76558	0.01668	0.01229	0.01668	0.01054	0.01405	0.00790	0.00439	0.00615	0.00176	0.00878	0.00615	0.00263	0.00702
11	0.00634	0.00453	0.00604	0.00725	0.00755	0.00423	0.00483	0.00725	0.00997	0.01329	0.02870	0.81358	0.03444	0.01632	0.00665	0.00211	0.00302	0.01480	0.00483	0.00423
12	0.71806	0.01034	0.00867	0.00747	0.01083	0.01172	0.00615	0.07775	0.01063	0.08617	0.00876	0.00954	0.00649	0.00508	0.00355	0.00161	0.00420	0.00317	0.00365	0.00616
13	0.00660	0.00474	0.00601	0.00681	0.00727	0.00442	0.00453	0.00755	0.01021	0.01359	0.09654	0.57162	0.09423	0.12903	0.00938	0.00246	0.00323	0.01299	0.00468	0.00415
14	0.85377	0.01007	0.00765	0.00685	0.01007	0.01168	0.00564	0.01531	0.00886	0.02336	0.00725	0.00846	0.00564	0.00483	0.00322	0.00161	0.00403	0.00282	0.00322	0.00564
15	0.00810	0.00610	0.00802	0.00780	0.00863	0.00685	0.00571	0.01059	0.07749	0.01310	0.07736	0.02559	0.01775	0.26370	0.40624	0.00604	0.03651	0.00648	0.00334	0.00459
16	0.01336	0.01947	0.44478	0.01258	0.01808	0.01146	0.01413	0.13039	0.01323	0.12476	0.02952	0.01488	0.00990	0.07858	0.00750	0.00196	0.03989	0.00466	0.00341	0.00748
17	0.01831	0.01391	0.01527	0.01277	0.05499	0.01543	0.00994	0.60653	0.14789	0.03019	0.01380	0.01367	0.00999	0.00630	0.00522	0.00160	0.00549	0.00488	0.00509	0.00872
18	0.01045	0.02694	0.79000	0.01484	0.02254	0.01209	0.01924	0.01649	0.01099	0.01649	0.00935	0.01099	0.00660	0.00495	0.00495	0.00165	0.00770	0.00385	0.00220	0.00770
19	0.00854	0.00752	0.01332	0.01167	0.01351	0.00715	0.21477	0.01065	0.01084	0.01444	0.02235	0.35728	0.02476	0.08451	0.00841	0.00234	0.00518	0.17365	0.00407	0.00503
20	0.01049	0.00937	0.13993	0.00716	0.00970	0.00693	0.00682	0.06890	0.01210	0.01997	0.04719	0.01827	0.01335	0.00608	0.00408	0.00133	0.00357	0.00486	0.60423	0.00564
21	0.01002	0.12638	0.17654	0.00991	0.01305	0.00967	0.00982	0.01372	0.06681	0.03186	0.08132	0.03360	0.04914	0.08201	0.00760	0.00215	0.00522	0.26145	0.00388	0.00586
22	0.01251	0.01200	0.07139	0.04812	0.18449	0.01173	0.01061	0.12735	0.28058	0.02047	0.04464	0.05583	0.08292	0.00727	0.00539	0.00169	0.00495	0.00622	0.00428	0.00755
23	0.01099	0.00943	0.01089	0.00797	0.01245	0.00748	0.00636	0.01442	0.07944	0.01740	0.01033	0.01157	0.00845	0.00414	0.00399	0.00086	0.00388	0.00334	0.00328	0.77333
24	0.01149	0.01293	0.04288	0.01928	0.02378	0.01203	0.60831	0.01568	0.03061	0.01658	0.04756	0.08698	0.01231	0.00595	0.00643	0.00179	0.02873	0.00698	0.00302	0.00669
25	0.01039	0.01010	0.06914	0.28300	0.08474	0.00911	0.04207	0.01327	0.01111	0.05444	0.01694	0.07910	0.10779	0.00675	0.00518	0.00154	0.00540	0.00593	0.00322	0.18078
26	0.00841	0.00680	0.00737	0.00758	0.00857	0.07571	0.00541	0.01002	0.01248	0.03787	0.33334	0.40372	0.03734	0.01275	0.00623	0.00184	0.00340	0.01132	0.00505	0.00480
27	0.01511	0.11108	0.05824	0.10405	0.16575	0.01261	0.01107	0.07666	0.17798	0.17186	0.01419	0.01464	0.01043	0.00568	0.00494	0.00156	0.00539	0.00472	0.00406	0.02997

[dist]
# distance from previous block
# <min> <max>
1	7

[block]
# block no. 1 follows, 47 sequences, length 16
# corresponding to MSA columns:
# 462-477
name=unknown_B
#
# <colnr> <probs for GDERKNQSTAVLIFYWHMCP>
#	G	D	E	R	K	N	Q	S	T	A	V	L	I	F	Y	W	H	M	C	P
0	0.03717	0.01037	0.07694	0.00884	0.01291	0.00797	0.00767	0.03832	0.05628	0.19860	0.06758	0.06864	0.01394	0.00614	0.00472	0.00130	0.00424	0.00508	0.00429	0.36901
1	0.08562	0.07570	0.17310	0.03651	0.01730	0.05093	0.07712	0.14621	0.06921	0.10060	0.01190	0.02632	0.00896	0.00562	0.00510	0.00154	0.02405	0.00446	0.00366	0.07608
2	0.06422	0.06087	0.16153	0.07853	0.06466	0.03009	0.15848	0.14425	0.04007	0.01908	0.01260	0.10288	0.01091	0.00642	0.00523	0.00166	0.00636	0.00574	0.01942	0.00699
3	0.00703	0.00553	0.00644	0.00605	0.00772	0.00480	0.00456	0.00897	0.01323	0.01761	0.41080	0.04225	0.37393	0.01138	0.00601	0.00164	0.00262	0.00975	0.00518	0.05451
4	0.09783	0.01124	0.11163	0.36844	0.10253	0.01050	0.03634	0.01334	0.01057	0.01548	0.05643	0.06446	0.01190	0.06042	0.00656	0.00193	0.00608	0.00549	0.00284	0.00598
5	0.05518	0.00915	0.01278	0.08491	0.01491	0.00949	0.12222	0.15726	0.01361	0.09097	0.01474	0.05257	0.01203	0.07201	0.00658	0.00182	0.00495	0.00559	0.25296	0.00628
6	0.00641	0.00529	0.00562	0.00554	0.00719	0.00450	0.00415	0.00796	0.01246	0.01548	0.20361	0.04780	0.63064	0.01266	0.00615	0.00173	0.00260	0.01067	0.00502	0.00450
7	0.09400	0.00971	0.01348	0.38461	0.02371	0.01083	0.01079	0.11064	0.01325	0.22478	0.01282	0.01446	0.00892	0.00567	0.00496	0.00165	0.00566	0.00464	0.03849	0.00694
8	0.47702	0.00887	0.00847	0.00722	0.01035	0.00941	0.00589	0.01769	0.01094	0.24281	0.01267	0.01291	0.00898	0.00550	0.00387	0.00155	0.00388	0.00385	0.14169	0.00644
9	0.85377	0.01007	0.00765	0.00685	0.01007	0.01168	0.00564	0.01531	0.00886	0.02336	0.00725	0.00846	0.00564	0.00483	0.00322	0.00161	0.00403	0.00282	0.00322	0.00564
10	0.85377	0.01007	0.00765	0.00685	0.01007	0.01168	0.00564	0.01531	0.00886	0.02336	0.00725	0.00846	0.00564	0.00483	0.00322	0.00161	0.00403	0.00282	0.00322	0.00564
11	0.85377	0.01007	0.00765	0.00685	0.01007	0.01168	0.00564	0.01531	0.00886	0.02336	0.00725	0.00846	0.00564	0.00483	0.00322	0.00161	0.00403	0.00282	0.00322	0.00564
12	0.01139	0.01139	0.01595	0.01367	0.01367	0.01595	0.01139	0.01253	0.00798	0.01253	0.00684	0.01139	0.00684	0.00911	0.01709	0.00228	0.80745	0.00456	0.00228	0.00570
13	0.01033	0.00828	0.00934	0.00845	0.01059	0.00885	0.00651	0.06338	0.32524	0.02153	0.37558	0.03009	0.08223	0.00909	0.00574	0.00169	0.00335	0.00779	0.00546	0.00648
14	0.00632	0.00463	0.00594	0.00700	0.00749	0.00425	0.00472	0.00728	0.01021	0.01339	0.03179	0.71564	0.13040	0.01591	0.00658	0.00207	0.00297	0.01432	0.00483	0.00425
15	0.00654	0.00525	0.00583	0.00577	0.00729	0.00455	0.00430	0.00819	0.01266	0.01613	0.27669	0.08484	0.51853	0.01256	0.00618	0.00174	0.00260	0.01070	0.00511	0.00455

[dist]
# distance from previous block
# <min> <max>
0	1

[block]
# block no. 2 follows, 47 sequences, length 27
# corresponding to MSA columns:
# 479-505
name=unknown_C
#
# <colnr> <probs for GDERKNQSTAVLIFYWHMCP>
#	G	D	E	R	K	N	Q	S	T	A	V	L	I	F	Y	W	H	M	C	P
0	0.15766	0.00608	0.00692	0.00745	0.00854	0.00617	0.00528	0.04261	0.01055	0.03820	0.02395	0.61276	0.02759	0.01355	0.00594	0.00199	0.00336	0.01196	0.00461	0.00482
1	0.01358	0.61976	0.05650	0.00951	0.01379	0.01867	0.00921	0.01812	0.16810	0.01440	0.01020	0.01075	0.00858	0.00501	0.00381	0.00127	0.00536	0.00347	0.00286	0.00705
2	0.01482	0.04646	0.01304	0.01133	0.06532	0.06138	0.03032	0.07210	0.26208	0.15947	0.06488	0.01879	0.04088	0.00664	0.00506	0.00156	0.00467	0.00550	0.07246	0.04325
3	0.01658	0.18241	0.01619	0.01164	0.04778	0.29503	0.00903	0.13098	0.06936	0.05253	0.01124	0.01214	0.00885	0.00554	0.00445	0.00136	0.00645	0.00395	0.10767	0.00683
4	0.80828	0.00983	0.00769	0.00693	0.01003	0.01140	0.00569	0.01499	0.00884	0.02276	0.00761	0.00910	0.00604	0.00667	0.04585	0.00197	0.00456	0.00297	0.00320	0.00559
5	0.05612	0.11217	0.07456	0.48662	0.02941	0.01298	0.12816	0.01444	0.01068	0.01446	0.00910	0.01272	0.00696	0.00495	0.00499	0.00165	0.00695	0.00448	0.00239	0.00622
6	0.00676	0.00493	0.00636	0.00678	0.00760	0.00453	0.00479	0.00836	0.01216	0.01657	0.34952	0.41739	0.10765	0.01364	0.00639	0.00188	0.00275	0.01218	0.00521	0.00453
7	0.00958	0.00845	0.01210	0.01094	0.01132	0.01115	0.00883	0.01074	0.00804	0.01207	0.00994	0.01548	0.00956	0.02215	0.33785	0.07284	0.41652	0.00498	0.00249	0.00499
8	0.08138	0.00926	0.01138	0.00903	0.01266	0.00885	0.00738	0.08753	0.07607	0.53550	0.01861	0.01689	0.01230	0.00633	0.00495	0.00158	0.00431	0.00503	0.08275	0.00821
9	0.01137	0.00651	0.00677	0.00625	0.00800	0.00680	0.00482	0.07512	0.10063	0.04765	0.01724	0.01880	0.01327	0.00621	0.00401	0.00132	0.00296	0.00497	0.65160	0.00571
10	0.85377	0.01007	0.00765	0.00685	0.01007	0.01168	0.00564	0.01531	0.00886	0.02336	0.00725	0.00846	0.00564	0.00483	0.00322	0.00161	0.00403	0.00282	0.00322	0.00564
11	0.00905	0.00452	0.00678	0.00678	0.00678	0.00452	0.00452	0.00678	0.00678	0.00905	0.00905	0.01583	0.00905	0.01809	0.02035	0.84848	0.00452	0.00452	0.00226	0.00226
12	0.01945	0.02482	0.01476	0.01342	0.01610	0.79608	0.01006	0.02079	0.01476	0.01275	0.00805	0.00939	0.00671	0.00537	0.00470	0.00134	0.00939	0.00335	0.00268	0.00604
13	0.08584	0.02273	0.01427	0.01277	0.01562	0.66390	0.00970	0.08714	0.01516	0.01539	0.00838	0.00960	0.00682	0.00540	0.00462	0.00138	0.00864	0.00343	0.00295	0.00626
14	0.01024	0.00967	0.01636	0.70081	0.13632	0.01168	0.01467	0.01366	0.01061	0.01380	0.00933	0.01375	0.00712	0.00513	0.00520	0.00171	0.00684	0.00463	0.00235	0.00612
15	0.85377	0.01007	0.00765	0.00685	0.01007	0.01168	0.00564	0.01531	0.00886	0.02336	0.00725	0.00846	0.00564	0.00483	0.00322	0.00161	0.00403	0.00282	0.00322	0.00564
16	0.01229	0.01405	0.03073	0.02195	0.02722	0.01317	0.76558	0.01668	0.01229	0.01668	0.01054	0.01405	0.00790	0.00439	0.00615	0.00176	0.00878	0.00615	0.00263	0.00702
17	0.00634	0.00453	0.00604	0.00725	0.00755	0.00423	0.00483	0.00725	0.00997	0.01329	0.02870	0.81358	0.03444	0.01632	0.00665	0.00211	0.00302	0.01480	0.00483	0.00423
18	0.85377	0.01007	0.00765	0.00685	0.01007	0.01168	0.00564	0.01531	0.00886	0.02336	0.00725	0.00846	0.00564	0.00483	0.00322	0.00161	0.00403	0.00282	0.00322	0.00564
19	0.00670	0.00500	0.00626	0.00695	0.00772	0.00467	0.00483	0.00840	0.03776	0.01488	0.14800	0.54572	0.15461	0.01462	0.00644	0.00197	0.00291	0.01306	0.00499	0.00450
20	0.36012	0.29735	0.01675	0.01062	0.07446	0.13781	0.00831	0.01632	0.01063	0.01728	0.00758	0.00892	0.00638	0.00477	0.00365	0.00139	0.00558	0.00304	0.00274	0.00628
21	0.01555	0.04864	0.01526	0.01187	0.01439	0.05061	0.00981	0.38660	0.01690	0.02271	0.01348	0.03168	0.06396	0.00777	0.00903	0.00179	0.26360	0.00517	0.00399	0.00720
22	0.01129	0.02346	0.04635	0.02650	0.07522	0.02204	0.04290	0.03925	0.31217	0.04043	0.04743	0.15439	0.08333	0.00903	0.00568	0.00180	0.00454	0.04279	0.00458	0.00683
23	0.01230	0.10957	0.38425	0.05571	0.05387	0.14426	0.06847	0.01641	0.01198	0.01562	0.07112	0.01313	0.01023	0.00538	0.00493	0.00155	0.00730	0.00434	0.00262	0.00696
24	0.04069	0.45633	0.28146	0.01124	0.01658	0.08685	0.01237	0.01635	0.01104	0.01408	0.00802	0.00934	0.00662	0.00471	0.00400	0.00133	0.00657	0.00319	0.00229	0.00693
25	0.03560	0.00801	0.00806	0.04219	0.01012	0.04860	0.00583	0.08628	0.10894	0.02066	0.10455	0.01993	0.01654	0.00663	0.00440	0.00141	0.00357	0.00535	0.45754	0.00579
26	0.01076	0.00915	0.01044	0.04419	0.01152	0.07240	0.00753	0.04652	0.02687	0.03793	0.11886	0.05289	0.08633	0.07485	0.05250	0.00241	0.20662	0.02156	0.10132	0.00536

[dist]
# distance from previous block
# <min> <max>
0	1

[block]
# block no. 3 follows, 47 sequences, length 8
# corresponding to MSA columns:
# 507-514
name=unknown_D
#
# <colnr> <probs for GDERKNQSTAVLIFYWHMCP>
#	G	D	E	R	K	N	Q	S	T	A	V	L	I	F	Y	W	H	M	C	P
0	0.00968	0.01394	0.24386	0.11327	0.01755	0.01071	0.01213	0.01373	0.06824	0.01504	0.01867	0.08046	0.11770	0.00876	0.00793	0.00191	0.16654	0.07051	0.00324	0.00613
1	0.00738	0.00508	0.00562	0.00562	0.00587	0.00496	0.00327	0.00756	0.00816	0.01064	0.02139	0.03628	0.12349	0.70690	0.02372	0.00460	0.00472	0.00804	0.00339	0.00333
2	0.01252	0.01441	0.14579	0.04897	0.26538	0.01219	0.16248	0.05293	0.13150	0.03607	0.05559	0.01543	0.01150	0.00550	0.00540	0.00165	0.00638	0.00529	0.00333	0.00768
3	0.01227	0.00856	0.01172	0.01304	0.15018	0.00824	0.00879	0.03787	0.08842	0.13522	0.03805	0.11985	0.03792	0.00923	0.00574	0.00176	0.00452	0.19073	0.00452	0.11336
4	0.00736	0.00534	0.00629	0.00634	0.00777	0.00471	0.00473	0.00897	0.01238	0.04987	0.22862	0.18877	0.38941	0.01289	0.00625	0.00182	0.00284	0.04578	0.00513	0.00471
5	0.27339	0.01138	0.01078	0.00845	0.01244	0.06757	0.00680	0.11762	0.01236	0.02081	0.00899	0.01021	0.00715	0.00460	0.00391	0.00118	0.00457	0.00324	0.00339	0.41116
6	0.24105	0.04373	0.15063	0.08847	0.01799	0.01273	0.09070	0.10675	0.12963	0.02064	0.01175	0.01421	0.00915	0.00573	0.00475	0.00168	0.00576	0.03424	0.00347	0.00695
7	0.01034	0.11271	0.22588	0.01199	0.09033	0.01048	0.01045	0.05501	0.01039	0.01440	0.01209	0.01917	0.01150	0.24853	0.13194	0.00359	0.00735	0.00520	0.00278	0.00589

[dist]
# distance from previous block
# <min> <max>
0	5

[block]
# block no. 4 follows, 47 sequences, length 36
# corresponding to MSA columns:
# 520-537,539-556
name=unknown_E
#
# <colnr> <probs for GDERKNQSTAVLIFYWHMCP>
#	G	D	E	R	K	N	Q	S	T	A	V	L	I	F	Y	W	H	M	C	P
0	0.22740	0.00982	0.01170	0.08062	0.10343	0.00962	0.00811	0.01451	0.02486	0.03438	0.00938	0.01128	0.00756	0.00470	0.00453	0.00127	0.03596	0.00354	0.02630	0.37104
1	0.00718	0.00522	0.00610	0.00597	0.00685	0.00487	0.00407	0.00842	0.01124	0.01501	0.30076	0.04001	0.20814	0.32423	0.01407	0.00300	0.00355	0.02270	0.00451	0.00411
2	0.01161	0.15515	0.23694	0.16232	0.14527	0.01318	0.11430	0.01542	0.01125	0.03046	0.01158	0.01386	0.04590	0.00523	0.00498	0.00158	0.00678	0.00462	0.00256	0.00703
3	0.01349	0.05118	0.01525	0.05622	0.02652	0.01210	0.10886	0.22031	0.15759	0.04948	0.03356	0.12624	0.04588	0.03068	0.00642	0.00182	0.02609	0.00684	0.00439	0.00707
4	0.00653	0.00517	0.00593	0.00639	0.00768	0.00457	0.00479	0.00791	0.01147	0.01427	0.06594	0.25384	0.46405	0.01409	0.00642	0.00193	0.00301	0.10673	0.00486	0.00442
5	0.01844	0.01012	0.01212	0.00970	0.01298	0.01030	0.00778	0.26462	0.05689	0.34181	0.01691	0.01811	0.01240	0.09594	0.07189	0.00252	0.00565	0.00536	0.01864	0.00781
6	0.01264	0.00571	0.00641	0.00580	0.00762	0.00545	0.00450	0.01498	0.01178	0.18435	0.01775	0.01905	0.01325	0.00615	0.00398	0.00130	0.00286	0.00494	0.66578	0.00571
7	0.85377	0.01007	0.00765	0.00685	0.01007	0.01168	0.00564	0.01531	0.00886	0.02336	0.00725	0.00846	0.00564	0.00483	0.00322	0.00161	0.00403	0.00282	0.00322	0.00564
8	0.00905	0.00452	0.00678	0.00678	0.00678	0.00452	0.00452	0.00678	0.00678	0.00905	0.00905	0.01583	0.00905	0.01809	0.02035	0.84848	0.00452	0.00452	0.00226	0.00226
9	0.01392	0.82012	0.02729	0.00891	0.01337	0.02061	0.00891	0.01559	0.01058	0.01225	0.00724	0.00835	0.00668	0.00446	0.00334	0.00111	0.00557	0.00278	0.00223	0.00668
10	0.00995	0.00818	0.00851	0.00763	0.00979	0.03756	0.00590	0.13022	0.10345	0.01986	0.25585	0.03579	0.32638	0.01034	0.00585	0.00168	0.00350	0.00865	0.00513	0.00576
11	0.01980	0.01459	0.01563	0.01198	0.01615	0.01615	0.00990	0.76713	0.02448	0.03282	0.01250	0.01250	0.00886	0.00625	0.00521	0.00156	0.00573	0.00469	0.00521	0.00886
12	0.53754	0.00998	0.00957	0.00794	0.01148	0.01070	0.00655	0.06725	0.01178	0.26539	0.01179	0.01165	0.00814	0.00543	0.00399	0.00161	0.00427	0.00370	0.00437	0.00687
13	0.29037	0.00842	0.00914	0.00756	0.01075	0.00838	0.00617	0.01935	0.01211	0.37990	0.01549	0.01507	0.01063	0.00584	0.00425	0.00153	0.00388	0.00437	0.17980	0.00698
14	0.00645	0.00529	0.00568	0.00558	0.00721	0.00452	0.00419	0.00804	0.01257	0.01572	0.22944	0.04740	0.60467	0.01257	0.00615	0.00173	0.00259	0.01061	0.00505	0.00452
15	0.01488	0.05437	0.01348	0.01117	0.01426	0.15930	0.00878	0.09825	0.52203	0.02071	0.01720	0.01633	0.01304	0.00654	0.00508	0.00163	0.00533	0.00514	0.00465	0.00781
16	0.01255	0.00958	0.07855	0.00948	0.01192	0.00850	0.00804	0.11193	0.04795	0.16388	0.14345	0.24427	0.02408	0.01024	0.00665	0.00184	0.05991	0.03582	0.00494	0.00642
17	0.04442	0.25196	0.04084	0.00956	0.01273	0.05318	0.00811	0.08210	0.27012	0.01744	0.01399	0.01673	0.01191	0.13629	0.00800	0.00205	0.00521	0.00483	0.00373	0.00679
18	0.40175	0.01170	0.01375	0.12291	0.27598	0.06278	0.01061	0.01562	0.01047	0.01918	0.00843	0.01075	0.00677	0.00485	0.00424	0.00159	0.00550	0.00371	0.00285	0.00657
19	0.01136	0.15876	0.20071	0.27761	0.16624	0.01341	0.05217	0.01507	0.01098	0.01477	0.00950	0.01307	0.00763	0.00508	0.00490	0.00159	0.00678	0.02114	0.00239	0.00689
20	0.00635	0.00460	0.00601	0.00711	0.00752	0.00425	0.00478	0.00732	0.01019	0.01350	0.04565	0.74824	0.08326	0.01600	0.00660	0.00208	0.00298	0.01445	0.00485	0.00425
21	0.00752	0.00524	0.00666	0.00666	0.00700	0.00558	0.00438	0.00820	0.00786	0.01082	0.01551	0.02912	0.01678	0.53395	0.30660	0.00626	0.00829	0.00685	0.00302	0.00370
22	0.00723	0.00521	0.00686	0.00684	0.00789	0.00484	0.00508	0.00939	0.01371	0.01919	0.60214	0.18490	0.04540	0.01190	0.00629	0.00177	0.00268	0.04837	0.00552	0.00478
23	0.00905	0.00452	0.00678	0.00678	0.00678	0.00452	0.00452	0.00678	0.00678	0.00905	0.00905	0.01583	0.00905	0.01809	0.02035	0.84848	0.00452	0.00452	0.00226	0.00226
24	0.85377	0.01007	0.00765	0.00685	0.01007	0.01168	0.00564	0.01531	0.00886	0.02336	0.00725	0.00846	0.00564	0.00483	0.00322	0.00161	0.00403	0.00282	0.00322	0.00564
25	0.01980	0.01459	0.01563	0.01198	0.01615	0.01615	0.00990	0.76713	0.02448	0.03282	0.01250	0.01250	0.00886	0.00625	0.00521	0.00156	0.00573	0.00469	0.00521	0.00886
26	0.01945	0.02482	0.01476	0.01342	0.01610	0.79608	0.01006	0.02079	0.01476	0.01275	0.00805	0.00939	0.00671	0.00537	0.00470	0.00134	0.00939	0.00335	0.00268	0.00604
27	0.04109	0.00952	0.01197	0.01024	0.04187	0.05897	0.04617	0.05892	0.01486	0.36524	0.24185	0.02253	0.02230	0.00737	0.00542	0.00160	0.00448	0.00626	0.02213	0.00723
28	0.00804	0.00491	0.00621	0.00621	0.00627	0.00497	0.00381	0.00743	0.00737	0.00989	0.01387	0.02730	0.01535	0.50831	0.07445	0.27787	0.00546	0.00646	0.00284	0.00296
29	0.04524	0.01479	0.06467	0.01924	0.02396	0.06375	0.55921	0.01704	0.01209	0.05594	0.01045	0.01338	0.00785	0.00493	0.00659	0.00175	0.06379	0.00557	0.00281	0.00694
30	0.01229	0.01405	0.03073	0.02195	0.02722	0.01317	0.76558	0.01668	0.01229	0.01668	0.01054	0.01405	0.00790	0.00439	0.00615	0.00176	0.00878	0.00615	0.00263	0.00702
31	0.00648	0.00479	0.00598	0.00672	0.00738	0.00438	0.00459	0.00759	0.01073	0.01410	0.11445	0.54479	0.17695	0.05616	0.00752	0.00215	0.00299	0.01313	0.00485	0.00428
32	0.65390	0.00980	0.00867	0.00737	0.01081	0.01069	0.00607	0.01724	0.01015	0.17671	0.01000	0.01041	0.00718	0.00512	0.00365	0.00158	0.00410	0.00332	0.00386	0.03938
33	0.00911	0.08809	0.13393	0.00954	0.05073	0.00831	0.00827	0.01139	0.01126	0.04497	0.08686	0.08837	0.26310	0.05203	0.05826	0.00231	0.02793	0.03611	0.00389	0.00555
34	0.04551	0.00853	0.01132	0.00965	0.04025	0.00840	0.09830	0.12220	0.01318	0.06382	0.01460	0.03603	0.01146	0.00584	0.00440	0.00136	0.00415	0.00499	0.40195	0.09408
35	0.21736	0.04430	0.05920	0.01460	0.01851	0.06360	0.30704	0.01674	0.03199	0.05609	0.00997	0.01221	0.00767	0.00531	0.00618	0.00170	0.09041	0.00466	0.02589	0.00657

[dist]
# distance from previous block
# <min> <max>
1	4

[block]
# block no. 5 follows, 47 sequences, length 12
# corresponding to MSA columns:
# 561-572
name=unknown_F
#
# <colnr> <probs for GDERKNQSTAVLIFYWHMCP>
#	G	D	E	R	K	N	Q	S	T	A	V	L	I	F	Y	W	H	M	C	P
0	0.01231	0.01142	0.01439	0.01787	0.29714	0.08023	0.01065	0.06331	0.13580	0.01784	0.03168	0.08304	0.06445	0.00768	0.00546	0.00166	0.00529	0.07910	0.00382	0.05686
1	0.01717	0.01226	0.01385	0.01124	0.01412	0.11776	0.05585	0.15470	0.04030	0.24442	0.05784	0.01640	0.01253	0.03227	0.00753	0.00176	0.11993	0.00515	0.05768	0.00723
2	0.00775	0.00577	0.00693	0.00660	0.00795	0.00540	0.00488	0.05372	0.01375	0.01864	0.45110	0.11603	0.20605	0.06315	0.00744	0.00193	0.00291	0.00990	0.00525	0.00485
3	0.01180	0.06115	0.01487	0.36484	0.07257	0.05761	0.01133	0.03802	0.08166	0.03940	0.01226	0.03985	0.01029	0.00605	0.00505	0.00158	0.00594	0.04712	0.00315	0.11546
4	0.01045	0.01032	0.05790	0.22684	0.19878	0.01021	0.01135	0.03364	0.12089	0.01729	0.13317	0.02249	0.11066	0.00716	0.00545	0.00167	0.00517	0.00628	0.00369	0.00659
5	0.01080	0.00926	0.01080	0.00771	0.01234	0.00694	0.00617	0.01311	0.01080	0.01697	0.00926	0.01080	0.00771	0.00386	0.00386	0.00077	0.00386	0.00309	0.00309	0.84882
6	0.00962	0.00826	0.03249	0.00984	0.01182	0.00813	0.05488	0.03581	0.19372	0.01725	0.07312	0.12646	0.06780	0.06820	0.00773	0.00223	0.00454	0.25768	0.00467	0.00576
7	0.01105	0.01049	0.05834	0.16334	0.13314	0.00979	0.04585	0.02909	0.01124	0.04665	0.01446	0.06413	0.05986	0.00667	0.00610	0.00155	0.07273	0.03225	0.01890	0.20438
8	0.00688	0.00511	0.00644	0.00673	0.00777	0.00467	0.00494	0.00862	0.01248	0.01678	0.34761	0.28423	0.18991	0.01319	0.00638	0.00186	0.00283	0.06376	0.00521	0.00459
9	0.01260	0.03376	0.04250	0.10573	0.16619	0.06137	0.12664	0.08350	0.07065	0.04188	0.01633	0.05712	0.07077	0.00672	0.00536	0.00165	0.00595	0.02817	0.05627	0.00684
10	0.00634	0.00453	0.00604	0.00725	0.00755	0.00423	0.00483	0.00725	0.00997	0.01329	0.02870	0.81358	0.03444	0.01632	0.00665	0.00211	0.00302	0.01480	0.00483	0.00423
11	0.01080	0.00926	0.01080	0.00771	0.01234	0.00694	0.00617	0.01311	0.01080	0.01697	0.00926	0.01080	0.00771	0.00386	0.00386	0.00077	0.00386	0.00309	0.00309	0.84882

[dist]
# distance from previous block
# <min> <max>
0	2

[block]
# block no. 6 follows, 47 sequences, length 32
# corresponding to MSA columns:
# 575-606
name=unknown_G
#
# <colnr> <probs for GDERKNQSTAVLIFYWHMCP>
#	G	D	E	R	K	N	Q	S	T	A	V	L	I	F	Y	W	H	M	C	P
0	0.14982	0.25163	0.31060	0.01125	0.01658	0.06501	0.01231	0.04379	0.01153	0.07071	0.00921	0.01024	0.00700	0.00497	0.00422	0.00146	0.00630	0.00347	0.00281	0.00709
1	0.01198	0.02261	0.01585	0.18518	0.26778	0.01092	0.03372	0.02551	0.12826	0.04927	0.01377	0.05016	0.02913	0.01686	0.00540	0.00160	0.00547	0.00530	0.00336	0.11785
2	0.01434	0.00761	0.00984	0.00787	0.01097	0.00645	0.00626	0.01659	0.01388	0.31575	0.30744	0.02416	0.02547	0.00744	0.00526	0.00142	0.00355	0.00632	0.00539	0.20399
3	0.01118	0.00911	0.03527	0.06804	0.06194	0.00869	0.14355	0.06245	0.01241	0.10131	0.08292	0.29929	0.03289	0.00986	0.00639	0.00185	0.03346	0.00904	0.00424	0.00610
4	0.01234	0.06276	0.01758	0.39511	0.26640	0.01219	0.01363	0.01620	0.06145	0.07637	0.01097	0.01388	0.00840	0.00520	0.00508	0.00163	0.00623	0.00464	0.00291	0.00702
5	0.00677	0.00520	0.00620	0.00616	0.00747	0.00463	0.00454	0.00859	0.01302	0.01729	0.40556	0.14411	0.32693	0.01235	0.00621	0.00175	0.00260	0.01072	0.00527	0.00463
6	0.01764	0.05608	0.01426	0.01157	0.06361	0.01281	0.00888	0.38377	0.07520	0.16193	0.04220	0.01542	0.01186	0.00628	0.00498	0.00153	0.00493	0.00495	0.09401	0.00809
7	0.00750	0.00504	0.00579	0.00593	0.00599	0.00501	0.00345	0.00765	0.00790	0.01052	0.01774	0.09657	0.02051	0.72819	0.02432	0.00473	0.00488	0.03163	0.00334	0.00329
8	0.79900	0.01037	0.00818	0.00719	0.01047	0.01198	0.00592	0.06468	0.00989	0.02399	0.00760	0.00873	0.00585	0.00493	0.00335	0.00161	0.00414	0.00294	0.00335	0.00585
9	0.00676	0.00483	0.00652	0.00772	0.00821	0.00459	0.00555	0.00797	0.01038	0.01376	0.02847	0.66102	0.03354	0.01593	0.00676	0.00217	0.00338	0.16329	0.00483	0.00434
10	0.01045	0.01033	0.01884	0.61786	0.06498	0.01192	0.16311	0.01408	0.01084	0.01413	0.00953	0.01388	0.00719	0.00502	0.00539	0.00173	0.00727	0.00493	0.00239	0.00613
11	0.01019	0.00955	0.01332	0.01175	0.01193	0.01289	0.00952	0.01135	0.00801	0.01218	0.00929	0.01568	0.00939	0.10366	0.17227	0.00379	0.56246	0.00509	0.00248	0.00521
12	0.01135	0.00786	0.00890	0.00840	0.01036	0.00838	0.00676	0.14638	0.13659	0.02100	0.07027	0.07248	0.02043	0.00910	0.00536	0.00172	0.00388	0.18294	0.26179	0.00606
13	0.01847	0.00764	0.00984	0.00796	0.01104	0.00689	0.00643	0.02097	0.03501	0.51541	0.06581	0.01951	0.01530	0.00662	0.00487	0.00151	0.00377	0.00541	0.23001	0.00754
14	0.00688	0.00530	0.00628	0.00604	0.00748	0.00470	0.00453	0.00888	0.01358	0.01813	0.48693	0.04344	0.34568	0.01167	0.00615	0.00169	0.00253	0.01005	0.00537	0.00470
15	0.00634	0.00453	0.00604	0.00725	0.00755	0.00423	0.00483	0.00725	0.00997	0.01329	0.02870	0.81358	0.03444	0.01632	0.00665	0.00211	0.00302	0.01480	0.00483	0.00423
16	0.01283	0.01004	0.01103	0.01011	0.01278	0.01127	0.00800	0.04958	0.55322	0.06311	0.02176	0.04763	0.01780	0.00821	0.00552	0.00182	0.00418	0.10459	0.03894	0.00759
17	0.03471	0.15247	0.28914	0.01443	0.06038	0.01303	0.14608	0.03687	0.06132	0.05017	0.06143	0.01405	0.01081	0.00539	0.00494	0.00156	0.00645	0.00470	0.02485	0.00724
18	0.06030	0.35777	0.10563	0.01060	0.01491	0.03849	0.06239	0.10365	0.06200	0.04516	0.01062	0.01164	0.00839	0.00515	0.00419	0.00137	0.00565	0.00386	0.08122	0.00700
19	0.40435	0.01305	0.01150	0.01027	0.02740	0.17167	0.03699	0.05661	0.01079	0.01858	0.00803	0.01031	0.00668	0.00693	0.00717	0.09548	0.09199	0.00357	0.00298	0.00563
20	0.01275	0.01214	0.01972	0.05485	0.55722	0.01251	0.06288	0.01823	0.16176	0.01780	0.01206	0.01428	0.00968	0.00512	0.00525	0.00161	0.00598	0.00498	0.00311	0.00808
21	0.00673	0.00517	0.00616	0.00618	0.00746	0.00460	0.00453	0.00848	0.01282	0.01697	0.37357	0.17606	0.32726	0.01259	0.00623	0.00177	0.00262	0.01094	0.00524	0.00460
22	0.00764	0.00526	0.00781	0.00794	0.00862	0.00588	0.00594	0.00859	0.00823	0.01161	0.01454	0.10341	0.01450	0.03251	0.55934	0.17389	0.01093	0.00635	0.00290	0.00413
23	0.00689	0.00521	0.00626	0.00617	0.00741	0.00469	0.00451	0.00870	0.01295	0.01736	0.43231	0.12077	0.27832	0.05634	0.00732	0.00191	0.00271	0.01036	0.00522	0.00458
24	0.00879	0.00588	0.00717	0.00706	0.00797	0.00590	0.00488	0.05864	0.01023	0.05584	0.02265	0.21326	0.10052	0.31902	0.14483	0.00415	0.00581	0.00897	0.00398	0.00447
25	0.85377	0.01007	0.00765	0.00685	0.01007	0.01168	0.00564	0.01531	0.00886	0.02336	0.00725	0.00846	0.00564	0.00483	0.00322	0.00161	0.00403	0.00282	0.00322	0.00564
26	0.01177	0.01092	0.01796	0.42554	0.35215	0.01221	0.01481	0.06318	0.01194	0.01614	0.00969	0.01337	0.00762	0.00503	0.00519	0.00164	0.00654	0.00464	0.00261	0.00703
27	0.01057	0.00659	0.00795	0.00782	0.00923	0.00661	0.00586	0.12859	0.01281	0.07179	0.02240	0.38381	0.02339	0.01194	0.00632	0.03573	0.00363	0.06834	0.17127	0.00537
28	0.01183	0.01129	0.01922	0.30103	0.52375	0.01209	0.01545	0.01505	0.01135	0.01572	0.00961	0.01324	0.00779	0.00484	0.00517	0.00161	0.00645	0.00464	0.00249	0.00739
29	0.00793	0.00585	0.00692	0.00666	0.00762	0.00589	0.00472	0.00922	0.04072	0.01341	0.07475	0.07438	0.23392	0.22534	0.04515	0.09241	0.05606	0.00808	0.05011	0.03087
30	0.04394	0.00729	0.00857	0.00847	0.01009	0.00747	0.00658	0.13877	0.04366	0.03639	0.02597	0.28746	0.10149	0.06453	0.00754	0.00220	0.00411	0.18529	0.00477	0.00543
31	0.06918	0.39314	0.05250	0.01238	0.08675	0.01587	0.06773	0.06768	0.05389	0.04830	0.00967	0.01082	0.00785	0.00481	0.00414	0.00131	0.00559	0.00369	0.00298	0.08172

[dist]
# distance from previous block
# <min> <max>
5	21

[block]
# block no. 7 follows, 47 sequences, length 22
# corresponding to MSA columns:
# 630-633,636-653
name=unknown_H
#
# <colnr> <probs for GDERKNQSTAVLIFYWHMCP>
#	G	D	E	R	K	N	Q	S	T	A	V	L	I	F	Y	W	H	M	C	P
0	0.10820	0.00918	0.01461	0.01160	0.01439	0.00907	0.23577	0.04912	0.01159	0.04571	0.04242	0.08949	0.17431	0.09259	0.04548	0.00241	0.02714	0.00754	0.00375	0.00564
1	0.01252	0.00857	0.01227	0.21439	0.01791	0.00895	0.04482	0.07959	0.03270	0.15157	0.09542	0.03114	0.01553	0.12863	0.06436	0.00259	0.00589	0.00589	0.00399	0.06328
2	0.01079	0.01070	0.06366	0.12552	0.01506	0.07899	0.00930	0.03684	0.02381	0.01551	0.01574	0.10231	0.04989	0.00843	0.00784	0.00178	0.18798	0.04938	0.18090	0.00557
3	0.01143	0.02835	0.11271	0.01126	0.05735	0.18736	0.00888	0.05618	0.01209	0.01479	0.03896	0.29693	0.04823	0.01072	0.00690	0.07499	0.00558	0.00817	0.00364	0.00550
4	0.04278	0.01132	0.06283	0.00900	0.01274	0.03065	0.00760	0.21163	0.01413	0.02002	0.01504	0.01700	0.09098	0.05356	0.00691	0.05657	0.00475	0.00475	0.00372	0.32402
5	0.03640	0.18613	0.08296	0.01110	0.02445	0.21950	0.00950	0.12179	0.05420	0.06164	0.01161	0.04104	0.00993	0.06221	0.04407	0.00201	0.00689	0.00450	0.00338	0.00669
6	0.06000	0.03802	0.44846	0.09336	0.10698	0.01192	0.01573	0.01593	0.01088	0.04330	0.00948	0.01153	0.00707	0.00510	0.00537	0.00160	0.04461	0.00396	0.00252	0.06419
7	0.07449	0.05805	0.13500	0.00940	0.01229	0.00923	0.00850	0.09890	0.04756	0.07183	0.03939	0.28363	0.03927	0.01240	0.07389	0.00235	0.00537	0.00816	0.00416	0.00613
8	0.01219	0.01106	0.05176	0.25006	0.20542	0.01119	0.01210	0.10264	0.01250	0.03691	0.01113	0.03546	0.00900	0.00566	0.00558	0.00155	0.04860	0.00475	0.07595	0.09650
9	0.00700	0.00540	0.00591	0.00572	0.00742	0.00463	0.00431	0.00862	0.01267	0.04019	0.23169	0.04633	0.57709	0.01235	0.00612	0.00172	0.00265	0.01042	0.00511	0.00467
10	0.01109	0.00866	0.01331	0.21797	0.12112	0.00906	0.05425	0.01491	0.07972	0.09800	0.21058	0.04202	0.08211	0.00764	0.00561	0.00169	0.00487	0.00684	0.00419	0.00636
11	0.09013	0.27807	0.02049	0.01389	0.10488	0.12966	0.08180	0.14915	0.03203	0.04028	0.00961	0.01084	0.00767	0.00507	0.00443	0.00141	0.00633	0.00388	0.00318	0.00719
12	0.00665	0.00519	0.00605	0.00614	0.00747	0.00459	0.00454	0.00831	0.01252	0.01626	0.29129	0.17055	0.39547	0.01288	0.00626	0.00179	0.00270	0.03164	0.00513	0.00455
13	0.01900	0.00994	0.01216	0.00957	0.01307	0.00977	0.00780	0.25541	0.01788	0.39494	0.17252	0.02038	0.01898	0.00724	0.00541	0.00160	0.00444	0.00591	0.00591	0.00806
14	0.01900	0.01419	0.01518	0.01182	0.01585	0.01578	0.00971	0.68122	0.11169	0.03154	0.01351	0.01331	0.00967	0.00635	0.00522	0.00159	0.00554	0.00483	0.00522	0.00878
15	0.85377	0.01007	0.00765	0.00685	0.01007	0.01168	0.00564	0.01531	0.00886	0.02336	0.00725	0.00846	0.00564	0.00483	0.00322	0.00161	0.00403	0.00282	0.00322	0.00564
16	0.01280	0.18537	0.10706	0.01800	0.02329	0.01477	0.49387	0.05189	0.01237	0.01649	0.00981	0.01246	0.00756	0.00455	0.00539	0.00160	0.00785	0.00513	0.00263	0.00711
17	0.01772	0.02193	0.01501	0.01347	0.01558	0.62802	0.01035	0.01902	0.01330	0.01270	0.00779	0.00982	0.00674	0.00617	0.00737	0.00154	0.18131	0.00361	0.00260	0.00596
18	0.01152	0.01163	0.01591	0.04441	0.01459	0.03429	0.01148	0.01276	0.00823	0.01257	0.00696	0.01144	0.00684	0.00887	0.01633	0.00224	0.75740	0.00453	0.00229	0.00571
19	0.00707	0.00527	0.00680	0.03096	0.00895	0.00501	0.00567	0.00860	0.01123	0.01466	0.11858	0.33303	0.18071	0.06055	0.00772	0.00221	0.00352	0.18024	0.00476	0.00445
20	0.00721	0.00534	0.00680	0.00709	0.00809	0.00506	0.00517	0.00958	0.04904	0.01721	0.35852	0.33287	0.09875	0.01304	0.00636	0.00188	0.00290	0.05507	0.00525	0.00477
21	0.00718	0.00569	0.02996	0.00761	0.00853	0.00513	0.00582	0.00874	0.01049	0.01429	0.07676	0.40660	0.07639	0.05569	0.09918	0.00292	0.00471	0.12558	0.04423	0.00450

[dist]
# distance from previous block
# <min> <max>
0	22

[block]
# block no. 8 follows, 47 sequences, length 14
# corresponding to MSA columns:
# 676-689
name=unknown_I
#
# <colnr> <probs for GDERKNQSTAVLIFYWHMCP>
#	G	D	E	R	K	N	Q	S	T	A	V	L	I	F	Y	W	H	M	C	P
0	0.07206	0.00883	0.00959	0.00823	0.01085	0.00934	0.00655	0.16555	0.14532	0.12563	0.08533	0.02027	0.03379	0.00697	0.00477	0.00153	0.00380	0.01986	0.25490	0.00681
1	0.00693	0.00507	0.00669	0.04526	0.00887	0.00490	0.00526	0.00819	0.01064	0.01423	0.14315	0.47339	0.07338	0.11533	0.00900	0.00239	0.00346	0.05490	0.00464	0.00432
2	0.85377	0.01007	0.00765	0.00685	0.01007	0.01168	0.00564	0.01531	0.00886	0.02336	0.00725	0.00846	0.00564	0.00483	0.00322	0.00161	0.00403	0.00282	0.00322	0.00564
3	0.01392	0.82012	0.02729	0.00891	0.01337	0.02061	0.00891	0.01559	0.01058	0.01225	0.00724	0.00835	0.00668	0.00446	0.00334	0.00111	0.00557	0.00278	0.00223	0.00668
4	0.01897	0.02493	0.05629	0.01349	0.01644	0.75407	0.01055	0.02056	0.01456	0.01295	0.00812	0.00948	0.00670	0.00534	0.00471	0.00136	0.00930	0.00338	0.00266	0.00613
5	0.01289	0.01237	0.02114	0.03196	0.78450	0.01237	0.01598	0.01598	0.01186	0.01701	0.00980	0.01289	0.00825	0.00464	0.00516	0.00155	0.00619	0.00464	0.00258	0.00825
6	0.00845	0.00659	0.00837	0.00783	0.00793	0.00775	0.00544	0.00892	0.00775	0.01088	0.01391	0.02732	0.01547	0.54499	0.10675	0.00476	0.19340	0.00666	0.00291	0.00391
7	0.61631	0.01123	0.00919	0.05071	0.01231	0.07705	0.00686	0.06727	0.01073	0.02210	0.00906	0.01190	0.00744	0.00550	0.00380	0.00162	0.00475	0.04026	0.02608	0.00584
8	0.01229	0.01405	0.03073	0.02195	0.02722	0.01317	0.76558	0.01668	0.01229	0.01668	0.01054	0.01405	0.00790	0.00439	0.00615	0.00176	0.00878	0.00615	0.00263	0.00702
9	0.01553	0.00916	0.01080	0.06360	0.01308	0.00957	0.00741	0.26470	0.01598	0.17863	0.01641	0.08263	0.01295	0.00739	0.00538	0.02864	0.00436	0.00568	0.24117	0.00692
10	0.01526	0.01660	0.06568	0.01108	0.01392	0.35627	0.00890	0.05350	0.05157	0.08436	0.04505	0.16792	0.01494	0.00779	0.00519	0.00154	0.00650	0.00619	0.00380	0.06391
11	0.01825	0.11397	0.14178	0.01322	0.09616	0.10340	0.01103	0.08398	0.01421	0.33236	0.01383	0.01356	0.00956	0.00563	0.00488	0.00151	0.00597	0.00438	0.00429	0.00801
12	0.08918	0.08220	0.15878	0.00931	0.01217	0.00938	0.06007	0.03692	0.01010	0.04225	0.05106	0.02262	0.01447	0.36413	0.01433	0.00310	0.00563	0.00582	0.00318	0.00530
13	0.01379	0.01290	0.02058	0.01552	0.01941	0.07574	0.36788	0.14498	0.01434	0.06026	0.01527	0.04928	0.06277	0.00710	0.02668	0.00185	0.02181	0.00618	0.05683	0.00684

[dist]
# distance from previous block
# <min> <max>
0	8

[block]
# block no. 9 follows, 47 sequences, length 40
# corresponding to MSA columns:
# 698-737
name=unknown_J
#
# <colnr> <probs for GDERKNQSTAVLIFYWHMCP>
#	G	D	E	R	K	N	Q	S	T	A	V	L	I	F	Y	W	H	M	C	P
0	0.00785	0.00574	0.00755	0.03712	0.03756	0.00570	0.03208	0.00856	0.00874	0.01178	0.01956	0.14849	0.06231	0.53082	0.01918	0.00390	0.00476	0.00847	0.03595	0.00388
1	0.01377	0.12276	0.29680	0.01376	0.07651	0.01284	0.04104	0.11515	0.01309	0.09631	0.01060	0.01178	0.00787	0.00518	0.00517	0.00147	0.03533	0.00404	0.00319	0.11334
2	0.01329	0.07634	0.49855	0.04403	0.02039	0.06025	0.01568	0.09123	0.01278	0.08545	0.01036	0.01158	0.00741	0.00531	0.00517	0.00160	0.02605	0.00400	0.00291	0.00762
3	0.01224	0.34050	0.26571	0.01265	0.08528	0.01456	0.01228	0.01600	0.03956	0.04345	0.08571	0.01413	0.02632	0.00557	0.00448	0.00143	0.00585	0.00430	0.00291	0.00707
4	0.00735	0.00588	0.00665	0.00635	0.00800	0.00546	0.00479	0.01048	0.08832	0.01778	0.36519	0.04224	0.38947	0.01148	0.00606	0.00171	0.00271	0.00981	0.00527	0.00500
5	0.02395	0.00867	0.01250	0.21245	0.17102	0.00918	0.00982	0.06158	0.03431	0.05018	0.15045	0.02404	0.12341	0.02843	0.00592	0.00172	0.00479	0.00647	0.05491	0.00621
6	0.01284	0.05898	0.05772	0.07911	0.25193	0.01318	0.36845	0.04489	0.01240	0.03432	0.01029	0.01327	0.00796	0.00467	0.00552	0.00164	0.00743	0.00523	0.00274	0.00742
7	0.00632	0.00465	0.00592	0.00695	0.00747	0.00426	0.00470	0.00729	0.01026	0.01341	0.03239	0.69647	0.14918	0.01584	0.00657	0.00206	0.00296	0.01422	0.00483	0.00426
8	0.01694	0.04572	0.22569	0.04333	0.09265	0.01050	0.01199	0.06563	0.02862	0.35445	0.04210	0.01538	0.01136	0.00589	0.00511	0.00160	0.00564	0.00481	0.00446	0.00813
9	0.01572	0.01118	0.01247	0.01012	0.01331	0.01203	0.00815	0.39855	0.13368	0.08455	0.21978	0.02098	0.02097	0.00756	0.00547	0.00162	0.00452	0.00617	0.00546	0.00771
10	0.85377	0.01007	0.00765	0.00685	0.01007	0.01168	0.00564	0.01531	0.00886	0.02336	0.00725	0.00846	0.00564	0.00483	0.00322	0.00161	0.00403	0.00282	0.00322	0.00564
11	0.00905	0.00452	0.00678	0.00678	0.00678	0.00452	0.00452	0.00678	0.00678	0.00905	0.00905	0.01583	0.00905	0.01809	0.02035	0.84848	0.00452	0.00452	0.00226	0.00226
12	0.01372	0.01157	0.01221	0.01075	0.01383	0.01331	0.00843	0.11055	0.69097	0.02302	0.02022	0.01865	0.01511	0.00697	0.00529	0.00174	0.00430	0.00575	0.00529	0.00831
13	0.01139	0.01139	0.01595	0.01367	0.01367	0.01595	0.01139	0.01253	0.00798	0.01253	0.00684	0.01139	0.00684	0.00911	0.01709	0.00228	0.80745	0.00456	0.00228	0.00570
14	0.01942	0.02054	0.01501	0.01279	0.01605	0.47653	0.00995	0.30737	0.03817	0.02068	0.01010	0.01085	0.00777	0.00575	0.00491	0.00144	0.00785	0.00393	0.00372	0.00718
15	0.44469	0.00991	0.01003	0.00822	0.01179	0.01041	0.00677	0.08734	0.01270	0.31263	0.03105	0.01304	0.00970	0.00571	0.00423	0.00161	0.00430	0.00406	0.00468	0.00713
16	0.01201	0.00614	0.00782	0.00702	0.00878	0.00573	0.00528	0.01382	0.01231	0.22540	0.21696	0.07193	0.05363	0.12361	0.06820	0.00258	0.00426	0.00736	0.14152	0.00565
17	0.00707	0.00518	0.00672	0.00747	0.00820	0.00498	0.00534	0.00914	0.05066	0.01543	0.17456	0.53769	0.04945	0.01450	0.00652	0.00202	0.00313	0.08225	0.00503	0.00463
18	0.00955	0.00762	0.00881	0.00891	0.01046	0.00823	0.00662	0.03558	0.32326	0.01744	0.02513	0.41269	0.02587	0.01213	0.00610	0.00198	0.00367	0.06488	0.00503	0.00603
19	0.01310	0.10553	0.04813	0.10762	0.37154	0.04582	0.02488	0.07095	0.02737	0.03863	0.08578	0.01505	0.01212	0.00552	0.00505	0.00153	0.00595	0.00488	0.00316	0.00740
20	0.04964	0.23059	0.01886	0.01208	0.01575	0.31389	0.05528	0.18771	0.03865	0.01807	0.00936	0.01037	0.00750	0.00530	0.00450	0.00138	0.00715	0.00373	0.00323	0.00696
21	0.36553	0.04707	0.04545	0.01162	0.06021	0.30799	0.02577	0.01717	0.01155	0.01768	0.00877	0.04323	0.00755	0.00549	0.00418	0.00151	0.00646	0.00375	0.00295	0.00605
22	0.02593	0.01635	0.27033	0.19376	0.06573	0.01228	0.04307	0.12011	0.09635	0.08741	0.01208	0.01356	0.00869	0.00551	0.00514	0.00166	0.00648	0.00460	0.00340	0.00756
23	0.00671	0.00525	0.00607	0.00596	0.00740	0.00462	0.00444	0.00851	0.01303	0.01706	0.37601	0.09138	0.41046	0.01225	0.00618	0.00173	0.00258	0.01052	0.00524	0.00462
24	0.00708	0.00520	0.00716	0.00769	0.00818	0.00551	0.00548	0.00825	0.00909	0.01250	0.02129	0.39437	0.02402	0.12497	0.28898	0.00471	0.02994	0.02745	0.00383	0.00430
25	0.00860	0.00633	0.00780	0.00812	0.00920	0.00640	0.00591	0.09625	0.06519	0.01708	0.10593	0.53169	0.03147	0.01379	0.00637	0.00200	0.00347	0.06427	0.00500	0.00515
26	0.00968	0.00575	0.00727	0.00719	0.00735	0.05249	0.00486	0.00763	0.00727	0.00927	0.00899	0.01544	0.00890	0.01732	0.01940	0.79715	0.00482	0.00445	0.00229	0.00249
27	0.85377	0.01007	0.00765	0.00685	0.01007	0.01168	0.00564	0.01531	0.00886	0.02336	0.00725	0.00846	0.00564	0.00483	0.00322	0.00161	0.00403	0.00282	0.00322	0.00564
28	0.00983	0.00926	0.01562	0.80447	0.03587	0.01157	0.01446	0.01331	0.01041	0.01331	0.00926	0.01388	0.00694	0.00521	0.00521	0.00174	0.00694	0.00463	0.00231	0.00579
29	0.01945	0.02482	0.01476	0.01342	0.01610	0.79608	0.01006	0.02079	0.01476	0.01275	0.00805	0.00939	0.00671	0.00537	0.00470	0.00134	0.00939	0.00335	0.00268	0.00604
30	0.01442	0.05808	0.01099	0.00896	0.01127	0.25744	0.00698	0.12949	0.01439	0.01903	0.05595	0.01568	0.01221	0.00604	0.00434	0.00133	0.00531	0.00450	0.35767	0.00594
31	0.00744	0.00556	0.00827	0.00827	0.00917	0.00646	0.00639	0.00924	0.00834	0.01202	0.01404	0.02096	0.01324	0.06769	0.76801	0.00825	0.01362	0.00565	0.00280	0.00459
32	0.85377	0.01007	0.00765	0.00685	0.01007	0.01168	0.00564	0.01531	0.00886	0.02336	0.00725	0.00846	0.00564	0.00483	0.00322	0.00161	0.00403	0.00282	0.00322	0.00564
33	0.01229	0.01405	0.03073	0.02195	0.02722	0.01317	0.76558	0.01668	0.01229	0.01668	0.01054	0.01405	0.00790	0.00439	0.00615	0.00176	0.00878	0.00615	0.00263	0.00702
34	0.00633	0.00457	0.00600	0.00714	0.00752	0.00424	0.00478	0.00726	0.01008	0.01334	0.03006	0.77065	0.07650	0.01614	0.00662	0.00209	0.00300	0.01459	0.00483	0.00424
