[name]
unknown

[dist]
# distance from previous block
# <min> <max>
2	17

[block]
# block no. 0 follows, 47 sequences, length 73
# corresponding to MSA columns:
# 22-24,26-32,34-96
name=unknown_A
#
# <colnr> <probs for GDERKNQSTAVLIFYWHMCP>
#	G	D	E	R	K	N	Q	S	T	A	V	L	I	F	Y	W	H	M	C	P
0	0.01463	0.01610	0.10719	0.03813	0.38367	0.14755	0.06251	0.07867	0.01345	0.05534	0.01062	0.01337	0.00850	0.00523	0.00517	0.00156	0.00694	0.02070	0.00301	0.00768
1	0.00937	0.00495	0.00515	0.00518	0.00642	0.00489	0.00395	0.01174	0.01120	0.01906	0.05679	0.02368	0.05148	0.00702	0.00405	0.00132	0.00255	0.04103	0.72535	0.00483
2	0.01080	0.00926	0.01080	0.00771	0.01234	0.00694	0.00617	0.01311	0.01080	0.01697	0.00926	0.01080	0.00771	0.00386	0.00386	0.00077	0.00386	0.00309	0.00309	0.84882
3	0.01379	0.04977	0.11045	0.00984	0.01472	0.00971	0.03012	0.11562	0.01321	0.12007	0.01112	0.01194	0.00836	0.00469	0.00440	0.00114	0.00488	0.00375	0.00365	0.45878
4	0.01532	0.01236	0.01311	0.01108	0.01445	0.01406	0.00882	0.28390	0.51500	0.02561	0.01818	0.01703	0.01346	0.00678	0.00527	0.00170	0.00468	0.00547	0.00527	0.00846
5	0.01369	0.00661	0.00843	0.00720	0.00956	0.00590	0.00567	0.01585	0.01393	0.31368	0.29836	0.02926	0.11287	0.00867	0.00544	0.00158	0.00323	0.00734	0.12636	0.00636
6	0.00782	0.00571	0.00749	0.00786	0.00882	0.00589	0.00613	0.00977	0.03096	0.01370	0.05688	0.04055	0.10016	0.19999	0.21449	0.00441	0.00687	0.26407	0.00397	0.00445
7	0.00744	0.00558	0.00837	0.00837	0.00930	0.00651	0.00651	0.00930	0.00837	0.01209	0.01395	0.02046	0.01302	0.03906	0.79635	0.00837	0.01395	0.00558	0.00279	0.00465
8	0.00644	0.00527	0.00569	0.00562	0.00722	0.00451	0.00420	0.00801	0.01249	0.01563	0.22152	0.06767	0.59224	0.01268	0.00616	0.00174	0.00261	0.01073	0.00504	0.00451
9	0.01080	0.00926	0.01080	0.00771	0.01234	0.00694	0.00617	0.01311	0.01080	0.01697	0.00926	0.01080	0.00771	0.00386	0.00386	0.00077	0.00386	0.00309	0.00309	0.84882
10	0.01747	0.15721	0.10948	0.01277	0.01641	0.53723	0.01096	0.05377	0.01406	0.01403	0.00827	0.00955	0.00679	0.00521	0.00452	0.00135	0.00838	0.00338	0.00267	0.00647
11	0.00757	0.00505	0.00568	0.00568	0.00568	0.00505	0.00316	0.00757	0.00757	0.01010	0.01641	0.03408	0.01893	0.81698	0.02651	0.00505	0.00505	0.00757	0.00316	0.00316
12	0.00617	0.00523	0.00532	0.00540	0.00707	0.00439	0.00401	0.00746	0.01175	0.01402	0.05121	0.09902	0.73448	0.01339	0.00619	0.00178	0.00266	0.01123	0.00484	0.00439
13	0.01376	0.01146	0.01214	0.01070	0.01378	0.01316	0.00839	0.09587	0.69293	0.03580	0.02038	0.01876	0.01520	0.00698	0.00529	0.00174	0.00428	0.00577	0.00531	0.00831
14	0.01619	0.01615	0.17874	0.01470	0.11399	0.01378	0.01224	0.41950	0.04147	0.05185	0.01238	0.03511	0.00934	0.00601	0.00515	0.00158	0.00597	0.00479	0.00421	0.03687
15	0.01263	0.12994	0.49255	0.01429	0.02077	0.01352	0.09883	0.08751	0.01255	0.05546	0.01004	0.01145	0.00728	0.00502	0.00490	0.00158	0.00718	0.00411	0.00274	0.00765
16	0.01059	0.02592	0.73026	0.01540	0.02291	0.01218	0.07797	0.01651	0.01110	0.01651	0.00944	0.01123	0.00670	0.00490	0.00504	0.00166	0.00778	0.00403	0.00223	0.00764
17	0.01045	0.02694	0.79000	0.01484	0.02254	0.01209	0.01924	0.01649	0.01099	0.01649	0.00935	0.01099	0.00660	0.00495	0.00495	0.00165	0.00770	0.00385	0.00220	0.00770
18	0.01311	0.01276	0.05690	0.02014	0.21961	0.01192	0.30544	0.08272	0.05542	0.04497	0.01221	0.01457	0.00932	0.00507	0.00536	0.00161	0.00658	0.00531	0.10961	0.00739
19	0.01175	0.00989	0.05049	0.23298	0.01876	0.01012	0.02332	0.17749	0.01345	0.05546	0.01745	0.13307	0.07120	0.08315	0.03015	0.00224	0.02813	0.00690	0.01791	0.00611
20	0.00623	0.00512	0.00548	0.00572	0.00716	0.00438	0.00417	0.00749	0.01156	0.01410	0.06820	0.20845	0.60641	0.01377	0.00626	0.00183	0.00271	0.01174	0.00486	0.00438
21	0.00663	0.00477	0.00629	0.00741	0.00788	0.00448	0.00519	0.00772	0.01025	0.01353	0.02940	0.65881	0.07026	0.03837	0.00725	0.00222	0.00328	0.10720	0.00478	0.00428
22	0.01652	0.01320	0.01806	0.01382	0.01744	0.01448	0.16803	0.40982	0.04111	0.06102	0.01212	0.01344	0.00897	0.00630	0.00704	0.00170	0.12106	0.00504	0.04301	0.00782
23	0.01536	0.01320	0.01815	0.01435	0.01707	0.12481	0.19890	0.03791	0.01202	0.17687	0.01144	0.01359	0.00876	0.00746	0.02997	0.00198	0.25915	0.00496	0.02727	0.00678
24	0.00650	0.00529	0.00575	0.00563	0.00724	0.00454	0.00423	0.00814	0.01268	0.01599	0.25801	0.04696	0.57593	0.01247	0.00615	0.00172	0.00259	0.01055	0.00509	0.00454
25	0.01391	0.18644	0.43148	0.01263	0.01873	0.01414	0.01449	0.14475	0.01355	0.08771	0.01046	0.01131	0.00756	0.00520	0.00469	0.00152	0.00663	0.00390	0.00310	0.00779
26	0.01220	0.01115	0.01750	0.42732	0.32109	0.04777	0.01447	0.01535	0.01142	0.05775	0.01003	0.01351	0.00776	0.00507	0.00517	0.00164	0.00663	0.00461	0.00266	0.00691
27	0.01396	0.01096	0.01181	0.01047	0.01352	0.01244	0.00819	0.02745	0.70128	0.09619	0.02113	0.01926	0.01560	0.00701	0.00529	0.00175	0.00415	0.00582	0.00541	0.00830
28	0.01167	0.00977	0.01127	0.00813	0.01271	0.00784	0.00653	0.08635	0.01213	0.01851	0.00957	0.01096	0.00782	0.00409	0.00399	0.00085	0.00404	0.00324	0.00329	0.76724
29	0.01301	0.01197	0.01937	0.06512	0.62376	0.01219	0.01457	0.08712	0.01313	0.01848	0.04781	0.01484	0.02467	0.00527	0.00523	0.00157	0.00593	0.00499	0.00301	0.00796
30	0.01057	0.00896	0.01047	0.00773	0.01195	0.00702	0.00614	0.01347	0.04653	0.01757	0.08484	0.01393	0.01212	0.00466	0.00415	0.00090	0.00373	0.00383	0.00344	0.72797
31	0.01078	0.01022	0.01733	0.56570	0.26726	0.01182	0.01493	0.01413	0.01086	0.01445	0.00942	0.01358	0.00735	0.00503	0.00519	0.00168	0.00671	0.00463	0.00240	0.00655
32	0.00905	0.00452	0.00678	0.00678	0.00678	0.00452	0.00452	0.00678	0.00678	0.00905	0.00905	0.01583	0.00905	0.01809	0.02035	0.84848	0.00452	0.00452	0.00226	0.00226
33	0.01312	0.01155	0.01185	0.01067	0.01361	0.03364	0.00829	0.02749	0.75501	0.02155	0.02085	0.01916	0.01565	0.00702	0.00528	0.00176	0.00426	0.00582	0.00523	0.00818
34	0.01229	0.01388	0.02977	0.02215	0.06303	0.01323	0.70410	0.01651	0.01212	0.01656	0.01037	0.01390	0.00788	0.00456	0.00647	0.00176	0.03574	0.00602	0.00262	0.00704
35	0.00634	0.00453	0.00604	0.00725	0.00755	0.00423	0.00483	0.00725	0.00997	0.01329	0.02870	0.81358	0.03444	0.01632	0.00665	0.00211	0.00302	0.01480	0.00483	0.00423
36	0.01179	0.00899	0.01114	0.02881	0.08676	0.00947	0.00800	0.26154	0.04098	0.02048	0.02078	0.41031	0.02208	0.01124	0.00596	0.00186	0.00439	0.02439	0.00470	0.00634
37	0.01893	0.02395	0.01483	0.01343	0.01594	0.74582	0.01015	0.02026	0.01432	0.01273	0.00797	0.00952	0.00672	0.00561	0.00549	0.00140	0.06080	0.00343	0.00266	0.00602
38	0.00983	0.00926	0.01562	0.80447	0.03587	0.01157	0.01446	0.01331	0.01041	0.01331	0.00926	0.01388	0.00694	0.00521	0.00521	0.00174	0.00694	0.00463	0.00231	0.00579
39	0.00983	0.00926	0.01562	0.80447	0.03587	0.01157	0.01446	0.01331	0.01041	0.01331	0.00926	0.01388	0.00694	0.00521	0.00521	0.00174	0.00694	0.00463	0.00231	0.00579
40	0.00634	0.00453	0.00604	0.00725	0.00755	0.00423	0.00483	0.00725	0.00997	0.01329	0.02870	0.81358	0.03444	0.01632	0.00665	0.00211	0.00302	0.01480	0.00483	0.00423
41	0.00644	0.00529	0.00567	0.00557	0.00721	0.00452	0.00418	0.00802	0.01254	0.01566	0.22265	0.04750	0.61150	0.01260	0.00615	0.00173	0.00260	0.01062	0.00504	0.00452
42	0.01945	0.02482	0.01476	0.01342	0.01610	0.79608	0.01006	0.02079	0.01476	0.01275	0.00805	0.00939	0.00671	0.00537	0.00470	0.00134	0.00939	0.00335	0.00268	0.00604
43	0.00755	0.00553	0.00813	0.00811	0.00907	0.00635	0.00629	0.00946	0.00879	0.01286	0.04961	0.02126	0.01471	0.03612	0.72078	0.00771	0.01285	0.00572	0.04442	0.00467
44	0.85377	0.01007	0.00765	0.00685	0.01007	0.01168	0.00564	0.01531	0.00886	0.02336	0.00725	0.00846	0.00564	0.00483	0.00322	0.00161	0.00403	0.00282	0.00322	0.00564
45	0.85377	0.01007	0.00765	0.00685	0.01007	0.01168	0.00564	0.01531	0.00886	0.02336	0.00725	0.00846	0.00564	0.00483	0.00322	0.00161	0.00403	0.00282	0.00322	0.00564
46	0.00707	0.00531	0.00655	0.00624	0.00760	0.00479	0.00468	0.00925	0.01403	0.01920	0.60184	0.04167	0.23010	0.01127	0.00615	0.00167	0.00250	0.00981	0.00551	0.00479
47	0.01080	0.00926	0.01080	0.00771	0.01234	0.00694	0.00617	0.01311	0.01080	0.01697	0.00926	0.01080	0.00771	0.00386	0.00386	0.00077	0.00386	0.00309	0.00309	0.84882
48	0.01162	0.01136	0.01535	0.01323	0.01365	0.01552	0.01094	0.01470	0.11796	0.01386	0.00889	0.01255	0.00814	0.00882	0.01540	0.00221	0.69227	0.00475	0.00271	0.00606
49	0.01199	0.01023	0.01399	0.01186	0.09231	0.00870	0.08118	0.07001	0.01237	0.03868	0.04758	0.01300	0.01002	0.00457	0.00446	0.00107	0.00466	0.00402	0.00337	0.55592
50	0.01661	0.01952	0.01723	0.04763	0.31114	0.46897	0.01248	0.01869	0.01350	0.01440	0.00876	0.01089	0.00731	0.00508	0.00489	0.00143	0.00808	0.00389	0.00263	0.00688
51	0.85377	0.01007	0.00765	0.00685	0.01007	0.01168	0.00564	0.01531	0.00886	0.02336	0.00725	0.00846	0.00564	0.00483	0.00322	0.00161	0.00403	0.00282	0.00322	0.00564
52	0.00839	0.00599	0.00839	0.00959	0.01079	0.00599	0.00839	0.01079	0.01199	0.01558	0.02757	0.05874	0.02997	0.01439	0.00719	0.00240	0.00480	0.74945	0.00480	0.00480
53	0.00624	0.00520	0.00545	0.00555	0.00713	0.00441	0.00410	0.00758	0.01183	0.01436	0.08991	0.13000	0.66360	0.01338	0.00621	0.00179	0.00267	0.01131	0.00488	0.00441
54	0.02336	0.00886	0.01209	0.00927	0.01329	0.00765	0.00765	0.02538	0.01491	0.78810	0.02055	0.01773	0.01289	0.00645	0.00524	0.00161	0.00443	0.00524	0.00645	0.00886
55	0.01045	0.02694	0.79000	0.01484	0.02254	0.01209	0.01924	0.01649	0.01099	0.01649	0.00935	0.01099	0.00660	0.00495	0.00495	0.00165	0.00770	0.00385	0.00220	0.00770
56	0.01271	0.24068	0.44890	0.01376	0.05443	0.01431	0.03613	0.04226	0.01167	0.06562	0.00965	0.01093	0.00722	0.00492	0.00458	0.00150	0.00680	0.00378	0.00261	0.00754
57	0.00646	0.00537	0.00570	0.00587	0.00755	0.00461	0.00456	0.00793	0.01189	0.01428	0.04931	0.05130	0.67952	0.01335	0.00630	0.00185	0.00293	0.11194	0.00483	0.00445
58	0.01080	0.00926	0.01080	0.00771	0.01234	0.00694	0.00617	0.01311	0.01080	0.01697	0.00926	0.01080	0.00771	0.00386	0.00386	0.00077	0.00386	0.00309	0.00309	0.84882
59	0.01394	0.04192	0.29555	0.03387	0.03424	0.02892	0.02465	0.13943	0.04919	0.12824	0.05552	0.04067	0.02440	0.00620	0.00509	0.00157	0.00592	0.00503	0.00384	0.06182
60	0.00882	0.00467	0.00701	0.00701	0.00714	0.00481	0.00481	0.00714	0.00701	0.00948	0.00975	0.01649	0.00962	0.02110	0.13161	0.72803	0.00587	0.00467	0.00234	0.00260
61	0.00634	0.00453	0.00604	0.00725	0.00755	0.00423	0.00483	0.00725	0.00997	0.01329	0.02870	0.81358	0.03444	0.01632	0.00665	0.00211	0.00302	0.01480	0.00483	0.00423
62	0.05786	0.01419	0.02600	0.01905	0.02366	0.06565	0.57205	0.05166	0.04348	0.01767	0.01076	0.01363	0.00816	0.00484	0.00605	0.00171	0.02919	0.00563	0.02180	0.00693
63	0.03895	0.04897	0.01412	0.06997	0.01556	0.05381	0.04482	0.19814	0.21036	0.02123	0.08237	0.01927	0.06235	0.00732	0.00632	0.00170	0.07560	0.01775	0.00432	0.00708
64	0.00770	0.00586	0.00881	0.00931	0.04478	0.00670	0.00676	0.00951	0.00849	0.01221	0.01389	0.02087	0.01313	0.08069	0.71716	0.00787	0.01310	0.00565	0.00280	0.00473
65	0.00731	0.00529	0.00692	0.00678	0.00793	0.00490	0.00510	0.00958	0.01404	0.01967	0.64570	0.11562	0.06288	0.01148	0.00626	0.00173	0.00266	0.05574	0.00557	0.00483
66	0.03175	0.60973	0.18980	0.01015	0.01526	0.01822	0.01102	0.01606	0.01075	0.03523	0.00807	0.00919	0.00682	0.00463	0.00374	0.00125	0.00596	0.00308	0.00236	0.00694
67	0.01256	0.01160	0.01920	0.15348	0.59077	0.01205	0.01485	0.04994	0.01216	0.01727	0.01019	0.01335	0.00832	0.00488	0.00509	0.00156	0.00610	0.00465	0.04427	0.00771
68	0.00677	0.00530	0.00612	0.00592	0.00741	0.00466	0.00444	0.00866	0.01332	0.01750	0.41966	0.04447	0.41334	0.01191	0.00615	0.00170	0.00255	0.01020	0.00529	0.00466
69	0.01945	0.02482	0.01476	0.01342	0.01610	0.79608	0.01006	0.02079	0.01476	0.01275	0.00805	0.00939	0.00671	0.00537	0.00470	0.00134	0.00939	0.00335	0.00268	0.00604
70	0.01749	0.05777	0.01857	0.01472	0.01811	0.50796	0.17422	0.05526	0.01439	0.04085	0.00965	0.02883	0.00790	0.00544	0.00504	0.00146	0.00859	0.00432	0.00295	0.00647
71	0.00634	0.00453	0.00604	0.00725	0.00755	0.00423	0.00483	0.00725	0.00997	0.01329	0.02870	0.81358	0.03444	0.01632	0.00665	0.00211	0.00302	0.01480	0.00483	0.00423
72	0.39200	0.06702	0.01334	0.01205	0.08580	0.25760	0.02976	0.03162	0.03774	0.01867	0.00841	0.00977	0.00676	0.00505	0.00406	0.00150	0.00617	0.00339	0.00302	0.00626

[dist]
# distance from previous block
# <min> <max>
4	6

[block]
# block no. 1 follows, 47 sequences, length 49
# corresponding to MSA columns:
# 103-151
name=unknown_B
#
# <colnr> <probs for GDERKNQSTAVLIFYWHMCP>
#	G	D	E	R	K	N	Q	S	T	A	V	L	I	F	Y	W	H	M	C	P
0	0.01107	0.01128	0.02129	0.05234	0.12364	0.01086	0.38760	0.04160	0.03187	0.01725	0.09067	0.02230	0.14050	0.00664	0.00592	0.00171	0.00651	0.00693	0.00343	0.00660
1	0.01343	0.01496	0.05755	0.07544	0.45868	0.16641	0.05381	0.01628	0.01220	0.01566	0.01059	0.06136	0.00937	0.00554	0.00520	0.00157	0.00689	0.00505	0.00270	0.00731
2	0.02336	0.00886	0.01209	0.00927	0.01329	0.00765	0.00765	0.02538	0.01491	0.78810	0.02055	0.01773	0.01289	0.00645	0.00524	0.00161	0.00443	0.00524	0.00645	0.00886
3	0.01945	0.02482	0.01476	0.01342	0.01610	0.79608	0.01006	0.02079	0.01476	0.01275	0.00805	0.00939	0.00671	0.00537	0.00470	0.00134	0.00939	0.00335	0.00268	0.00604
4	0.01139	0.01139	0.01595	0.01367	0.01367	0.01595	0.01139	0.01253	0.00798	0.01253	0.00684	0.01139	0.00684	0.00911	0.01709	0.00228	0.80745	0.00456	0.00228	0.00570
5	0.00719	0.00532	0.00671	0.00636	0.00767	0.00484	0.00477	0.00948	0.01432	0.01988	0.67428	0.04055	0.15724	0.01102	0.00614	0.00166	0.00248	0.00965	0.00560	0.00484
6	0.00634	0.00453	0.00604	0.00725	0.00755	0.00423	0.00483	0.00725	0.00997	0.01329	0.02870	0.81358	0.03444	0.01632	0.00665	0.00211	0.00302	0.01480	0.00483	0.00423
7	0.00704	0.00520	0.00657	0.00646	0.00764	0.00474	0.00476	0.00910	0.01361	0.01875	0.56170	0.15479	0.15664	0.01186	0.00622	0.00173	0.00257	0.01045	0.00547	0.00474
8	0.01945	0.02482	0.01476	0.01342	0.01610	0.79608	0.01006	0.02079	0.01476	0.01275	0.00805	0.00939	0.00671	0.00537	0.00470	0.00134	0.00939	0.00335	0.00268	0.00604
9	0.01045	0.02694	0.79000	0.01484	0.02254	0.01209	0.01924	0.01649	0.01099	0.01649	0.00935	0.01099	0.00660	0.00495	0.00495	0.00165	0.00770	0.00385	0.00220	0.00770
10	0.00744	0.00558	0.00837	0.00837	0.00930	0.00651	0.00651	0.00930	0.00837	0.01209	0.01395	0.02046	0.01302	0.03906	0.79635	0.00837	0.01395	0.00558	0.00279	0.00465
11	0.00771	0.00633	0.00961	0.12532	0.03205	0.00648	0.05336	0.00995	0.04849	0.01402	0.02391	0.58862	0.02724	0.01322	0.00630	0.00201	0.00408	0.01209	0.00430	0.00493
12	0.01369	0.00973	0.01149	0.00839	0.01287	0.00798	0.00678	0.09057	0.01282	0.14040	0.01136	0.01206	0.00865	0.00451	0.00421	0.00098	0.00414	0.00359	0.00383	0.63197
13	0.80917	0.00980	0.00751	0.00674	0.00986	0.01132	0.00553	0.01514	0.00897	0.02316	0.00777	0.00904	0.00605	0.00490	0.00324	0.00159	0.00394	0.00293	0.04775	0.00560
14	0.01229	0.01405	0.03073	0.02195	0.02722	0.01317	0.76558	0.01668	0.01229	0.01668	0.01054	0.01405	0.00790	0.00439	0.00615	0.00176	0.00878	0.00615	0.00263	0.00702
15	0.85377	0.01007	0.00765	0.00685	0.01007	0.01168	0.00564	0.01531	0.00886	0.02336	0.00725	0.00846	0.00564	0.00483	0.00322	0.00161	0.00403	0.00282	0.00322	0.00564
16	0.00615	0.00528	0.00528	0.00528	0.00703	0.00440	0.00396	0.00747	0.01187	0.01407	0.05276	0.05012	0.78238	0.01319	0.00615	0.00176	0.00264	0.01099	0.00484	0.00440
17	0.00813	0.05552	0.00886	0.00886	0.01000	0.00637	0.00738	0.01005	0.01131	0.01471	0.02666	0.27667	0.02985	0.01434	0.00680	0.00224	0.00432	0.48853	0.00465	0.00475
18	0.01224	0.00976	0.01133	0.00820	0.01275	0.00787	0.00660	0.08711	0.01232	0.05289	0.01008	0.01127	0.00806	0.00421	0.00405	0.00089	0.00406	0.00334	0.00344	0.72955
19	0.01139	0.01139	0.01595	0.01367	0.01367	0.01595	0.01139	0.01253	0.00798	0.01253	0.00684	0.01139	0.00684	0.00911	0.01709	0.00228	0.80745	0.00456	0.00228	0.00570
20	0.01098	0.00889	0.00969	0.00908	0.01101	0.00992	0.00669	0.05413	0.44691	0.01843	0.02131	0.17355	0.01969	0.16430	0.00962	0.00245	0.00416	0.00786	0.00479	0.00653
21	0.01392	0.82012	0.02729	0.00891	0.01337	0.02061	0.00891	0.01559	0.01058	0.01225	0.00724	0.00835	0.00668	0.00446	0.00334	0.00111	0.00557	0.00278	0.00223	0.00668
22	0.85377	0.01007	0.00765	0.00685	0.01007	0.01168	0.00564	0.01531	0.00886	0.02336	0.00725	0.00846	0.00564	0.00483	0.00322	0.00161	0.00403	0.00282	0.00322	0.00564
23	0.01136	0.00924	0.01086	0.00778	0.01238	0.00697	0.00624	0.01366	0.01098	0.05134	0.00976	0.01111	0.00794	0.00397	0.00392	0.00081	0.00388	0.00318	0.00324	0.81138
24	0.00652	0.00466	0.00625	0.00745	0.00783	0.00438	0.00514	0.00756	0.01014	0.01349	0.02861	0.74840	0.03406	0.01615	0.00669	0.00214	0.00317	0.07825	0.00483	0.00428
25	0.00757	0.00505	0.00568	0.00568	0.00568	0.00505	0.00316	0.00757	0.00757	0.01010	0.01641	0.03408	0.01893	0.81698	0.02651	0.00505	0.00505	0.00757	0.00316	0.00316
26	0.00851	0.00697	0.00968	0.00908	0.00953	0.00861	0.00694	0.00971	0.00807	0.01170	0.01271	0.02151	0.01289	0.22669	0.39905	0.00594	0.21929	0.00581	0.00275	0.00455
27	0.01133	0.01021	0.01104	0.00806	0.01257	0.05536	0.00641	0.01358	0.01104	0.01671	0.00918	0.01071	0.00765	0.00395	0.00391	0.00081	0.00420	0.00310	0.00306	0.79711
28	0.00941	0.00801	0.00845	0.00793	0.01015	0.00843	0.00606	0.01705	0.36981	0.01799	0.07378	0.07328	0.34838	0.01034	0.00578	0.00177	0.00334	0.00871	0.00510	0.00622
29	0.00615	0.00528	0.00528	0.00528	0.00703	0.00440	0.00396	0.00747	0.01187	0.01407	0.05276	0.05012	0.78238	0.01319	0.00615	0.00176	0.00264	0.01099	0.00484	0.00440
30	0.01676	0.01233	0.01336	0.01096	0.01444	0.01366	0.00889	0.41869	0.26416	0.06772	0.01668	0.01762	0.01259	0.00692	0.00527	0.00166	0.00495	0.04229	0.04276	0.00828
31	0.01295	0.01119	0.01178	0.01060	0.01354	0.01295	0.00824	0.02767	0.77509	0.02178	0.02120	0.01943	0.01590	0.00707	0.00530	0.00177	0.00412	0.00589	0.00530	0.00824
32	0.00622	0.00528	0.00536	0.00534	0.00707	0.00442	0.00400	0.00759	0.01201	0.01441	0.08921	0.04956	0.74571	0.01306	0.00615	0.00175	0.00263	0.01091	0.00488	0.00442
33	0.01943	0.01441	0.01542	0.01191	0.01601	0.01598	0.00981	0.72797	0.06424	0.03224	0.01296	0.01287	0.00923	0.00629	0.00521	0.00157	0.00565	0.00475	0.00521	0.00882
34	0.00923	0.00520	0.00549	0.00548	0.00674	0.00518	0.00408	0.01208	0.04752	0.01899	0.09427	0.07700	0.05685	0.00762	0.00429	0.00137	0.00256	0.00633	0.62477	0.00495
35	0.85377	0.01007	0.00765	0.00685	0.01007	0.01168	0.00564	0.01531	0.00886	0.02336	0.00725	0.00846	0.00564	0.00483	0.00322	0.00161	0.00403	0.00282	0.00322	0.00564
36	0.02069	0.01316	0.01474	0.01130	0.01544	0.01403	0.00934	0.58201	0.02209	0.22132	0.01451	0.01381	0.00986	0.00630	0.00522	0.00157	0.00541	0.00483	0.00552	0.00886
37	0.01096	0.01076	0.01512	0.01309	0.01320	0.01492	0.01086	0.01218	0.00802	0.01248	0.00761	0.01238	0.00751	0.01238	0.10210	0.00294	0.72088	0.00467	0.00233	0.00558
38	0.01364	0.01103	0.01180	0.01051	0.01353	0.01260	0.00820	0.02752	0.72477	0.07251	0.02115	0.01932	0.01570	0.00702	0.00529	0.00176	0.00414	0.00584	0.00537	0.00828
39	0.00704	0.00531	0.00652	0.00629	0.00764	0.00478	0.00473	0.00916	0.01380	0.01876	0.55248	0.06173	0.24369	0.01155	0.00618	0.00170	0.00257	0.02587	0.00545	0.00476
40	0.00634	0.00453	0.00604	0.00725	0.00755	0.00423	0.00483	0.00725	0.00997	0.01329	0.02870	0.81358	0.03444	0.01632	0.00665	0.00211	0.00302	0.01480	0.00483	0.00423
41	0.01109	0.02477	0.64045	0.09022	0.02346	0.06893	0.03727	0.01651	0.01125	0.01592	0.00927	0.01123	0.00667	0.00499	0.00498	0.00164	0.00778	0.00395	0.00226	0.00738
42	0.00745	0.00511	0.00622	0.00631	0.00651	0.00527	0.00392	0.00788	0.00791	0.01072	0.01687	0.09056	0.01898	0.60777	0.17198	0.00546	0.00659	0.00774	0.00321	0.00352
43	0.01397	0.00997	0.01218	0.01031	0.01262	0.05800	0.04614	0.10508	0.08725	0.16755	0.04401	0.01933	0.03318	0.07190	0.17507	0.00335	0.09079	0.00563	0.02712	0.00654
44	0.01251	0.13540	0.15835	0.04922	0.40774	0.01316	0.06632	0.01591	0.01151	0.03680	0.01034	0.04099	0.00872	0.00514	0.00497	0.00154	0.00640	0.00471	0.00264	0.00762
45	0.01134	0.01100	0.01730	0.40903	0.02718	0.04615	0.15574	0.05213	0.03112	0.01570	0.01078	0.03085	0.00870	0.00542	0.00525	0.00160	0.00669	0.02385	0.00284	0.12733
46	0.03255	0.05726	0.29226	0.04235	0.03978	0.03166	0.14681	0.03485	0.05908	0.04853	0.05673	0.01851	0.10417	0.00636	0.00530	0.00165	0.00637	0.00558	0.00328	0.00694
47	0.04794	0.15268	0.23326	0.01134	0.03094	0.06542	0.01122	0.06184	0.07932	0.01782	0.12557	0.01826	0.01535	0.00660	0.00513	0.00156	0.02066	0.05039	0.00346	0.04124
48	0.01503	0.17308	0.04679	0.06605	0.01550	0.03302	0.00933	0.15408	0.20477	0.11608	0.01533	0.03586	0.01214	0.00658	0.00492	0.00157	0.00518	0.04207	0.01935	0.02324

[dist]
# distance from previous block
# <min> <max>
0	31

[block]
# block no. 2 follows, 47 sequences, length 47
# corresponding to MSA columns:
# 183-229
name=unknown_C
#
# <colnr> <probs for GDERKNQSTAVLIFYWHMCP>
#	G	D	E	R	K	N	Q	S	T	A	V	L	I	F	Y	W	H	M	C	P
0	0.02239	0.07874	0.05101	0.06297	0.10698	0.05345	0.06884	0.01631	0.09631	0.07473	0.18008	0.01896	0.01790	0.00658	0.00570	0.00155	0.04292	0.00558	0.01645	0.07255
1	0.07315	0.01058	0.05066	0.57174	0.02972	0.01174	0.02940	0.08980	0.01187	0.01629	0.01164	0.01502	0.04571	0.00565	0.00512	0.00171	0.00646	0.00481	0.00280	0.00613
2	0.01197	0.06467	0.25326	0.04110	0.10191	0.04737	0.11840	0.05014	0.01245	0.03796	0.12139	0.01580	0.01345	0.00603	0.00606	0.00163	0.06285	0.00511	0.00312	0.02532
3	0.00974	0.00894	0.06329	0.05192	0.05055	0.00826	0.00809	0.01201	0.01187	0.05847	0.27280	0.02684	0.11416	0.05159	0.00857	0.00185	0.13684	0.00695	0.00410	0.09316
4	0.00983	0.00930	0.04889	0.07336	0.07906	0.05853	0.00826	0.04808	0.06770	0.01741	0.19225	0.18646	0.07803	0.01002	0.00581	0.00177	0.00440	0.05997	0.03515	0.00572
5	0.01121	0.00727	0.00988	0.00845	0.01002	0.00721	0.08117	0.01391	0.10400	0.13097	0.01725	0.03857	0.01647	0.45732	0.01710	0.00354	0.00505	0.00683	0.04863	0.00514
6	0.01396	0.05099	0.06272	0.02601	0.53547	0.01343	0.05459	0.14487	0.01394	0.01946	0.01016	0.01257	0.00817	0.00491	0.00512	0.00155	0.00630	0.00460	0.00300	0.00819
7	0.00648	0.00486	0.00598	0.00671	0.00750	0.00442	0.00469	0.00765	0.01086	0.01409	0.09266	0.49762	0.23805	0.03653	0.00703	0.00207	0.00299	0.04063	0.00486	0.00432
8	0.00639	0.00466	0.00601	0.00699	0.00751	0.00429	0.00474	0.00744	0.01048	0.01386	0.07868	0.67960	0.11897	0.01561	0.00656	0.00205	0.00294	0.01404	0.00489	0.00429
9	0.00659	0.00482	0.00619	0.00684	0.00755	0.00443	0.00475	0.00794	0.01143	0.01534	0.22566	0.52343	0.12686	0.01448	0.00646	0.00195	0.00283	0.01296	0.00507	0.00443
10	0.01065	0.02560	0.71592	0.01603	0.06075	0.01216	0.05422	0.01648	0.01110	0.01653	0.00942	0.01123	0.00674	0.00491	0.00501	0.00165	0.00767	0.00400	0.00224	0.00769
11	0.01075	0.00926	0.01105	0.05001	0.01359	0.00719	0.00661	0.01312	0.01078	0.01677	0.00926	0.01096	0.00767	0.00393	0.00393	0.00082	0.00402	0.00317	0.00304	0.80406
12	0.00983	0.00926	0.01562	0.80447	0.03587	0.01157	0.01446	0.01331	0.01041	0.01331	0.00926	0.01388	0.00694	0.00521	0.00521	0.00174	0.00694	0.00463	0.00231	0.00579
13	0.01980	0.01459	0.01563	0.01198	0.01615	0.01615	0.00990	0.76713	0.02448	0.03282	0.01250	0.01250	0.00886	0.00625	0.00521	0.00156	0.00573	0.00469	0.00521	0.00886
14	0.00634	0.00453	0.00604	0.00725	0.00755	0.00423	0.00483	0.00725	0.00997	0.01329	0.02870	0.81358	0.03444	0.01632	0.00665	0.00211	0.00302	0.01480	0.00483	0.00423
15	0.00634	0.00453	0.00604	0.00725	0.00755	0.00423	0.00483	0.00725	0.00997	0.01329	0.02870	0.81358	0.03444	0.01632	0.00665	0.00211	0.00302	0.01480	0.00483	0.00423
16	0.00644	0.00521	0.00572	0.00576	0.00725	0.00449	0.00426	0.00797	0.01231	0.01549	0.21125	0.12440	0.54533	0.01294	0.00620	0.00177	0.00264	0.01103	0.00503	0.00449
17	0.00655	0.00478	0.00617	0.00690	0.00755	0.00440	0.00476	0.00784	0.01120	0.01503	0.19563	0.56759	0.11285	0.01476	0.00649	0.00197	0.00286	0.01324	0.00503	0.00440
18	0.01289	0.01237	0.02114	0.03196	0.78450	0.01237	0.01598	0.01598	0.01186	0.01701	0.00980	0.01289	0.00825	0.00464	0.00516	0.00155	0.00619	0.00464	0.00258	0.00825
19	0.01399	0.78075	0.04471	0.00917	0.01365	0.04079	0.00918	0.01575	0.01070	0.01236	0.00731	0.00844	0.00668	0.00449	0.00341	0.00113	0.00572	0.00282	0.00224	0.00669
20	0.01398	0.39501	0.11029	0.01191	0.05702	0.01685	0.02945	0.11441	0.16989	0.01770	0.01125	0.01186	0.00896	0.00529	0.00434	0.00141	0.00565	0.00397	0.00327	0.00749
21	0.00873	0.00545	0.00742	0.00822	0.00919	0.00515	0.00629	0.01024	0.01113	0.09194	0.02751	0.48573	0.03081	0.01469	0.00668	0.00216	0.00375	0.25505	0.00498	0.00488
22	0.00744	0.00558	0.00837	0.00837	0.00930	0.00651	0.00651	0.00930	0.00837	0.01209	0.01395	0.02046	0.01302	0.03906	0.79635	0.00837	0.01395	0.00558	0.00279	0.00465
23	0.01480	0.01419	0.05629	0.01272	0.01499	0.07677	0.01080	0.27123	0.06247	0.02029	0.01113	0.01314	0.02896	0.00760	0.01039	0.00188	0.35702	0.00473	0.00356	0.00703
24	0.03148	0.29419	0.09229	0.08078	0.28257	0.07559	0.01257	0.01590	0.01135	0.01492	0.00890	0.01109	0.00746	0.00476	0.00438	0.00139	0.00624	0.00379	0.03324	0.00711
25	0.00784	0.00616	0.00913	0.00890	0.00974	0.00746	0.00700	0.00962	0.00833	0.01213	0.01323	0.01955	0.01240	0.03605	0.71800	0.00776	0.09373	0.00548	0.00274	0.00475
26	0.00718	0.00528	0.00736	0.00902	0.04497	0.00507	0.00628	0.00858	0.01058	0.01406	0.02752	0.58009	0.03205	0.01527	0.00672	0.00216	0.00363	0.20488	0.00472	0.00457
27	0.01139	0.01139	0.01595	0.01367	0.01367	0.01595	0.01139	0.01253	0.00798	0.01253	0.00684	0.01139	0.00684	0.00911	0.01709	0.00228	0.80745	0.00456	0.00228	0.00570
28	0.07260	0.01222	0.01378	0.01069	0.01465	0.01290	0.00882	0.46338	0.01998	0.26751	0.01474	0.01414	0.01005	0.00731	0.03124	0.00181	0.00549	0.00477	0.00539	0.00852
29	0.00615	0.00528	0.00528	0.00528	0.00703	0.00440	0.00396	0.00747	0.01187	0.01407	0.05276	0.05012	0.78238	0.01319	0.00615	0.00176	0.00264	0.01099	0.00484	0.00440
30	0.03139	0.14035	0.09445	0.01113	0.01564	0.02610	0.03430	0.27217	0.01688	0.28546	0.01390	0.01343	0.00955	0.00581	0.00489	0.00152	0.00559	0.00449	0.00471	0.00825
31	0.01114	0.04570	0.73435	0.01443	0.02188	0.01209	0.01844	0.01689	0.01117	0.05288	0.00982	0.01125	0.00690	0.00501	0.00492	0.00163	0.00749	0.00389	0.00240	0.00773
32	0.00871	0.00735	0.00902	0.14313	0.01363	0.01952	0.00705	0.01330	0.16875	0.01675	0.19093	0.15928	0.18085	0.03057	0.00638	0.00186	0.00386	0.00894	0.00462	0.00550
33	0.03543	0.07323	0.27083	0.04046	0.10144	0.07897	0.01299	0.18185	0.01429	0.01943	0.03184	0.09266	0.01119	0.00650	0.00506	0.00160	0.00636	0.00525	0.00334	0.00727
34	0.01171	0.04063	0.45795	0.05096	0.02276	0.01286	0.18241	0.04686	0.01167	0.03744	0.00979	0.01201	0.00718	0.00523	0.00612	0.00171	0.06831	0.00449	0.00254	0.00736
35	0.01392	0.82012	0.02729	0.00891	0.01337	0.02061	0.00891	0.01559	0.01058	0.01225	0.00724	0.00835	0.00668	0.00446	0.00334	0.00111	0.00557	0.00278	0.00223	0.00668
36	0.00922	0.11524	0.01085	0.05090	0.01100	0.00868	0.00651	0.01357	0.14395	0.01866	0.42329	0.09659	0.05261	0.00946	0.00562	0.00164	0.00345	0.00817	0.00491	0.00570
37	0.00629	0.00488	0.00573	0.00636	0.00733	0.00432	0.00445	0.00741	0.01092	0.01382	0.05778	0.45798	0.36456	0.01480	0.00642	0.00195	0.00284	0.01299	0.00486	0.00432
38	0.01247	0.31268	0.01490	0.00757	0.01042	0.01255	0.00662	0.07817	0.09060	0.01809	0.01338	0.01468	0.01073	0.00558	0.00383	0.00126	0.00406	0.00417	0.37201	0.00622
39	0.01421	0.67265	0.09252	0.02834	0.01470	0.01871	0.00985	0.01633	0.01093	0.06902	0.00844	0.00940	0.00713	0.00466	0.00366	0.00121	0.00570	0.00310	0.00253	0.00691
40	0.03931	0.03178	0.01555	0.38318	0.14514	0.03740	0.01224	0.04803	0.01167	0.05769	0.03804	0.01389	0.00911	0.00548	0.00560	0.00159	0.04862	0.00454	0.00295	0.08819
41	0.00700	0.00528	0.00612	0.00608	0.00751	0.00463	0.00449	0.00868	0.01269	0.03419	0.30358	0.14736	0.40854	0.01256	0.00619	0.00176	0.00267	0.01082	0.00519	0.00466
42	0.01239	0.00674	0.00788	0.00720	0.00921	0.00655	0.00572	0.08821	0.01326	0.16070	0.04772	0.06712	0.10052	0.02083	0.00538	0.00164	0.00351	0.09941	0.33012	0.00588
43	0.01842	0.02300	0.01533	0.05441	0.08134	0.69142	0.01078	0.02002	0.01430	0.01313	0.00826	0.00991	0.00685	0.00530	0.00476	0.00138	0.00900	0.00353	0.00266	0.00621
44	0.00856	0.00774	0.00802	0.00826	0.00923	0.11087	0.00602	0.00989	0.01003	0.01266	0.02168	0.29405	0.08609	0.06360	0.31329	0.00455	0.00817	0.00901	0.00367	0.00459
45	0.01494	0.15141	0.15309	0.01219	0.04386	0.11285	0.02563	0.20894	0.01500	0.05574	0.01208	0.08897	0.01037	0.00633	0.00485	0.00148	0.00613	0.00497	0.00358	0.06761
46	0.01039	0.01115	0.04992	0.05889	0.03916	0.16151	0.05042	0.01235	0.01137	0.01404	0.01905	0.32659	0.02069	0.01227	0.04787	0.00218	0.00600	0.09741	0.00374	0.04499

[dist]
# distance from previous block
# <min> <max>
1	6

[block]
# block no. 3 follows, 47 sequences, length 6
# corresponding to MSA columns:
# 236-241
name=unknown_D
#
# <colnr> <probs for GDERKNQSTAVLIFYWHMCP>
#	G	D	E	R	K	N	Q	S	T	A	V	L	I	F	Y	W	H	M	C	P
0	0.01205	0.00929	0.01189	0.09356	0.04129	0.00963	0.03440	0.21762	0.03826	0.04345	0.05518	0.13646	0.11910	0.00936	0.00576	0.00175	0.00474	0.09340	0.00451	0.05831
1	0.46931	0.01278	0.08868	0.00980	0.01353	0.04866	0.08306	0.09576	0.01158	0.02211	0.00940	0.01089	0.00716	0.00511	0.00401	0.00157	0.00513	0.00369	0.09151	0.00626
2	0.10138	0.32592	0.06586	0.01117	0.01491	0.01583	0.08451	0.10478	0.05905	0.01724	0.01062	0.06608	0.00944	0.00617	0.00564	0.00154	0.08539	0.00461	0.00310	0.00675
3	0.00965	0.01351	0.24725	0.01254	0.09369	0.00937	0.01116	0.03513	0.01213	0.01746	0.21527	0.06981	0.08564	0.00833	0.00681	0.00172	0.09601	0.00678	0.04152	0.00622
4	0.00727	0.00560	0.00778	0.00971	0.08516	0.00529	0.00623	0.00870	0.01091	0.01454	0.08441	0.52200	0.10686	0.01422	0.00647	0.00202	0.00344	0.08996	0.00467	0.00476
5	0.06972	0.04711	0.03819	0.03503	0.07609	0.00899	0.05848	0.01458	0.03665	0.11667	0.14980	0.10233	0.03101	0.00790	0.00588	0.00164	0.05191	0.01776	0.10020	0.03005

[dist]
# distance from previous block
# <min> <max>
0	1

[block]
# block no. 4 follows, 47 sequences, length 7
# corresponding to MSA columns:
# 243-249
name=unknown_E
#
# <colnr> <probs for GDERKNQSTAVLIFYWHMCP>
#	G	D	E	R	K	N	Q	S	T	A	V	L	I	F	Y	W	H	M	C	P
0	0.00891	0.00778	0.01236	0.50416	0.02530	0.00906	0.01087	0.01200	0.01204	0.01616	0.29999	0.02330	0.02282	0.00725	0.00556	0.00170	0.00525	0.00643	0.00360	0.00546
1	0.14094	0.04763	0.05219	0.00952	0.01232	0.03433	0.00805	0.12549	0.10319	0.07799	0.01336	0.01575	0.01080	0.01832	0.30256	0.00414	0.00848	0.00475	0.00373	0.00646
2	0.01507	0.01187	0.01376	0.06098	0.06992	0.01268	0.00932	0.30131	0.22873	0.04623	0.01570	0.01577	0.03798	0.00619	0.00506	0.00152	0.00496	0.00502	0.00458	0.13336
3	0.01230	0.01062	0.01490	0.50595	0.02796	0.01269	0.01243	0.15786	0.15696	0.01857	0.01211	0.01467	0.00899	0.00575	0.00522	0.00171	0.00618	0.00488	0.00342	0.00683
4	0.00925	0.31196	0.01380	0.00686	0.00951	0.01064	0.00596	0.01074	0.01122	0.01351	0.07089	0.03189	0.38930	0.04045	0.04131	0.00193	0.00433	0.00745	0.00375	0.00525
5	0.17497	0.01606	0.15985	0.01155	0.01621	0.01455	0.01085	0.48440	0.01901	0.02797	0.01092	0.01146	0.00783	0.00574	0.00479	0.00159	0.00578	0.00418	0.00427	0.00803
6	0.00889	0.00752	0.01170	0.01645	0.29984	0.00735	0.00892	0.01056	0.01053	0.01449	0.02080	0.46216	0.02359	0.06336	0.00736	0.00209	0.00434	0.01051	0.00388	0.00567

[dist]
# distance from previous block
# <min> <max>
0	1

[block]
# block no. 5 follows, 47 sequences, length 15
# corresponding to MSA columns:
# 251-265
name=unknown_F
#
# <colnr> <probs for GDERKNQSTAVLIFYWHMCP>
#	G	D	E	R	K	N	Q	S	T	A	V	L	I	F	Y	W	H	M	C	P
0	0.01229	0.01532	0.21604	0.01171	0.01590	0.01273	0.01113	0.02474	0.57454	0.02040	0.01809	0.01722	0.01346	0.00651	0.00521	0.00174	0.00506	0.00535	0.00449	0.00810
1	0.00647	0.00529	0.00572	0.00561	0.00723	0.00453	0.00421	0.00809	0.01262	0.01586	0.24409	0.04717	0.58993	0.01252	0.00615	0.00173	0.00259	0.01058	0.00507	0.00453
2	0.01064	0.01007	0.01707	0.60171	0.23236	0.01178	0.01486	0.01401	0.01079	0.01428	0.00940	0.01362	0.00729	0.00506	0.00519	0.00169	0.00674	0.00463	0.00238	0.00643
3	0.01243	0.01313	0.01295	0.01151	0.01219	0.21085	0.00889	0.01333	0.00959	0.01195	0.00966	0.01684	0.00998	0.22021	0.01642	0.00277	0.39453	0.00504	0.00261	0.00512
4	0.00864	0.00685	0.00795	0.00741	0.00917	0.00694	0.00563	0.01413	0.21385	0.02002	0.46492	0.03559	0.15831	0.01012	0.00592	0.00169	0.00292	0.00874	0.00547	0.00570
5	0.01074	0.01210	0.13608	0.00886	0.01398	0.00777	0.00827	0.01366	0.01083	0.01689	0.00927	0.01083	0.00753	0.00403	0.00403	0.00091	0.00447	0.00321	0.00294	0.71358
6	0.01082	0.00925	0.01494	0.05374	0.42454	0.00959	0.01145	0.01350	0.01073	0.01595	0.01202	0.01597	0.01027	0.01393	0.21258	0.00329	0.00765	0.00492	0.13821	0.00666
7	0.01534	0.01023	0.01248	0.13787	0.01706	0.01126	0.00908	0.02473	0.44105	0.23322	0.01910	0.01806	0.01362	0.00659	0.00527	0.00172	0.00466	0.00550	0.00514	0.00802
8	0.01412	0.01270	0.01955	0.01867	0.20179	0.01310	0.20900	0.22185	0.13052	0.02173	0.01567	0.01687	0.06765	0.00602	0.00553	0.00166	0.00616	0.00571	0.00389	0.00780
9	0.01144	0.01059	0.01713	0.08594	0.51259	0.01062	0.01303	0.01461	0.04129	0.01631	0.01320	0.14180	0.01262	0.00660	0.00531	0.00160	0.00548	0.00621	0.00306	0.07058
10	0.00809	0.00617	0.00906	0.13647	0.01363	0.00676	0.00803	0.01014	0.01017	0.01356	0.02014	0.11634	0.02126	0.09361	0.21573	0.00407	0.00739	0.29096	0.00372	0.00471
11	0.01400	0.07568	0.01849	0.16742	0.32534	0.21882	0.01325	0.01645	0.01195	0.01450	0.00881	0.01170	0.00737	0.00527	0.00584	0.00155	0.06998	0.00415	0.00251	0.00689
12	0.00960	0.01339	0.21499	0.01366	0.13725	0.06726	0.01099	0.01240	0.01126	0.01495	0.02144	0.27520	0.09821	0.01016	0.00581	0.00183	0.00534	0.06667	0.00362	0.00598
13	0.01466	0.01309	0.02044	0.02593	0.52342	0.01343	0.07319	0.21319	0.01521	0.02114	0.01056	0.01288	0.00838	0.00504	0.00525	0.00157	0.00627	0.00477	0.00327	0.00831
14	0.07242	0.00720	0.00782	0.00771	0.00921	0.00763	0.00573	0.01391	0.21063	0.01583	0.02509	0.07631	0.13868	0.24644	0.01186	0.00283	0.00420	0.12697	0.00434	0.00519

[dist]
# distance from previous block
# <min> <max>
0	162

# created by:
# /st0/software/busco_prod/Augustus/scripts/msa2prfl.pl ./align_prep/65841.fa
