[name]
unknown

[dist]
# distance from previous block
# <min> <max>
0	39

[block]
# block no. 0 follows, 43 sequences, length 40
# corresponding to MSA columns:
# 109-125,146-168
name=unknown_A
#
# <colnr> <probs for GDERKNQSTAVLIFYWHMCP>
#	G	D	E	R	K	N	Q	S	T	A	V	L	I	F	Y	W	H	M	C	P
0	0.24368	0.18203	0.31517	0.01135	0.01695	0.01394	0.01264	0.01718	0.01123	0.06013	0.01015	0.01243	0.00798	0.00550	0.00446	0.00162	0.00620	0.02776	0.00302	0.03658
1	0.22875	0.00756	0.00827	0.00830	0.01025	0.00774	0.00645	0.04084	0.01172	0.06730	0.02344	0.32287	0.05470	0.01209	0.00593	0.00204	0.00405	0.13804	0.00474	0.03490
2	0.07485	0.02214	0.01547	0.01336	0.01672	0.50565	0.01034	0.23806	0.01835	0.02062	0.00991	0.01090	0.00774	0.00595	0.00505	0.00152	0.00846	0.00395	0.00369	0.00728
3	0.01524	0.01209	0.01369	0.03595	0.01556	0.01142	0.00842	0.30628	0.01723	0.02459	0.01121	0.01231	0.00866	0.00516	0.00472	0.00119	0.00500	0.00401	0.00415	0.48313
4	0.01371	0.01316	0.02248	0.03399	0.77081	0.01316	0.01700	0.01700	0.01261	0.01809	0.01042	0.01371	0.00877	0.00493	0.00548	0.00164	0.00658	0.00493	0.00274	0.00877
5	0.00675	0.00482	0.00643	0.00771	0.00803	0.00450	0.00514	0.00771	0.01060	0.01414	0.03053	0.80175	0.03663	0.01735	0.00707	0.00225	0.00321	0.01574	0.00514	0.00450
6	0.01151	0.01128	0.01683	0.30017	0.02321	0.01525	0.01332	0.01363	0.00943	0.01363	0.00822	0.01309	0.00731	0.00817	0.01353	0.00221	0.50580	0.00487	0.00244	0.00609
7	0.00892	0.00637	0.00892	0.01020	0.01147	0.00637	0.00892	0.01147	0.01275	0.01657	0.02932	0.06247	0.03187	0.01530	0.00765	0.00255	0.00510	0.73354	0.00510	0.00510
8	0.01481	0.80869	0.02902	0.00948	0.01421	0.02191	0.00948	0.01658	0.01125	0.01303	0.00770	0.00888	0.00711	0.00474	0.00355	0.00118	0.00592	0.00296	0.00237	0.00711
9	0.01046	0.00984	0.01661	0.79205	0.03814	0.01230	0.01538	0.01415	0.01107	0.01415	0.00984	0.01477	0.00738	0.00554	0.00554	0.00185	0.00738	0.00492	0.00246	0.00615
10	0.01558	0.01871	0.02710	0.02036	0.02506	0.26686	0.50742	0.01918	0.01393	0.01636	0.01034	0.01331	0.00799	0.00501	0.00603	0.00172	0.00955	0.00556	0.00282	0.00712
11	0.01148	0.00984	0.01148	0.00820	0.01312	0.00738	0.00656	0.01395	0.01148	0.01805	0.00984	0.01148	0.00820	0.00410	0.00410	0.00082	0.00410	0.00328	0.00328	0.83922
12	0.01599	0.01261	0.01346	0.01146	0.01495	0.01423	0.00909	0.22675	0.50943	0.05516	0.02094	0.01951	0.03618	0.00744	0.00563	0.00181	0.00482	0.00604	0.00564	0.00885
13	0.01541	0.00852	0.01258	0.26620	0.02041	0.00870	0.00971	0.01819	0.01423	0.31632	0.22444	0.02374	0.02230	0.00766	0.00583	0.00176	0.00501	0.00659	0.00520	0.00719
14	0.02296	0.00985	0.01280	0.01009	0.01418	0.00910	0.00825	0.02741	0.14266	0.64673	0.02197	0.01916	0.01425	0.00697	0.00558	0.00174	0.00466	0.00569	0.00665	0.00931
15	0.01153	0.01093	0.01854	0.54284	0.27901	0.01259	0.01591	0.01509	0.01158	0.01545	0.01003	0.01442	0.00784	0.00534	0.00552	0.00178	0.00712	0.00493	0.00255	0.00701
16	0.00655	0.00561	0.00561	0.00561	0.00748	0.00468	0.00421	0.00795	0.01262	0.01496	0.05610	0.05330	0.76857	0.01403	0.00655	0.00187	0.00281	0.01169	0.00514	0.00468
17	0.01526	0.01501	0.01320	0.01191	0.01498	0.17873	0.00918	0.02786	0.60105	0.02111	0.01954	0.01837	0.01481	0.00713	0.00550	0.00178	0.00558	0.00568	0.00504	0.00826
18	0.01481	0.80869	0.02902	0.00948	0.01421	0.02191	0.00948	0.01658	0.01125	0.01303	0.00770	0.00888	0.00711	0.00474	0.00355	0.00118	0.00592	0.00296	0.00237	0.00711
19	0.01148	0.00984	0.01148	0.00820	0.01312	0.00738	0.00656	0.01395	0.01148	0.01805	0.00984	0.01148	0.00820	0.00410	0.00410	0.00082	0.00410	0.00328	0.00328	0.83922
20	0.02105	0.01551	0.01662	0.01274	0.01717	0.01717	0.01053	0.75235	0.02604	0.03490	0.01330	0.01330	0.00942	0.00665	0.00554	0.00166	0.00609	0.00499	0.00554	0.00942
21	0.00917	0.00832	0.00979	0.00994	0.01037	0.06754	0.00733	0.01023	0.01046	0.01389	0.02298	0.54199	0.02697	0.01453	0.00971	0.00223	0.20317	0.01206	0.00428	0.00504
22	0.01148	0.00984	0.01148	0.00820	0.01312	0.00738	0.00656	0.01395	0.01148	0.01805	0.00984	0.01148	0.00820	0.00410	0.00410	0.00082	0.00410	0.00328	0.00328	0.83922
23	0.02418	0.00930	0.01269	0.00987	0.01403	0.00807	0.00817	0.02634	0.01572	0.74301	0.02216	0.02067	0.01447	0.00721	0.00566	0.00175	0.00473	0.03595	0.00678	0.00924
24	0.84448	0.01071	0.00814	0.00728	0.01071	0.01242	0.00600	0.01628	0.00943	0.02485	0.00771	0.00900	0.00600	0.00514	0.00343	0.00171	0.00428	0.00300	0.00343	0.00600
25	0.01371	0.01316	0.02248	0.03399	0.77081	0.01316	0.01700	0.01700	0.01261	0.01809	0.01042	0.01371	0.00877	0.00493	0.00548	0.00164	0.00658	0.00493	0.00274	0.00877
26	0.01046	0.00984	0.01661	0.79205	0.03814	0.01230	0.01538	0.01415	0.01107	0.01415	0.00984	0.01477	0.00738	0.00554	0.00554	0.00185	0.00738	0.00492	0.00246	0.00615
27	0.01165	0.01106	0.01877	0.51357	0.30730	0.01262	0.01597	0.01520	0.01164	0.01560	0.01005	0.01438	0.00789	0.00532	0.00552	0.00177	0.00709	0.00493	0.00256	0.00711
28	0.01111	0.02865	0.77667	0.01579	0.02397	0.01286	0.02046	0.01754	0.01169	0.01754	0.00994	0.01169	0.00702	0.00526	0.00526	0.00175	0.00818	0.00409	0.00234	0.00818
29	0.00655	0.00561	0.00561	0.00561	0.00748	0.00468	0.00421	0.00795	0.01262	0.01496	0.05610	0.05330	0.76857	0.01403	0.00655	0.00187	0.00281	0.01169	0.00514	0.00468
30	0.01481	0.80869	0.02902	0.00948	0.01421	0.02191	0.00948	0.01658	0.01125	0.01303	0.00770	0.00888	0.00711	0.00474	0.00355	0.00118	0.00592	0.00296	0.00237	0.00711
31	0.01992	0.02509	0.01525	0.01400	0.01675	0.73233	0.01058	0.02142	0.01550	0.01375	0.00992	0.01342	0.00875	0.00633	0.00517	0.00150	0.00967	0.05130	0.00300	0.00633
32	0.00784	0.00566	0.00740	0.00697	0.00827	0.00523	0.00523	0.01045	0.01568	0.02221	0.76789	0.04137	0.05226	0.01132	0.00653	0.00174	0.00261	0.01002	0.00610	0.00523
33	0.00892	0.00637	0.00892	0.01020	0.01147	0.00637	0.00892	0.01147	0.01275	0.01657	0.02932	0.06247	0.03187	0.01530	0.00765	0.00255	0.00510	0.73354	0.00510	0.00510
34	0.01371	0.01316	0.02248	0.03399	0.77081	0.01316	0.01700	0.01700	0.01261	0.01809	0.01042	0.01371	0.00877	0.00493	0.00548	0.00164	0.00658	0.00493	0.00274	0.00877
35	0.01371	0.01316	0.02248	0.03399	0.77081	0.01316	0.01700	0.01700	0.01261	0.01809	0.01042	0.01371	0.00877	0.00493	0.00548	0.00164	0.00658	0.00493	0.00274	0.00877
36	0.02485	0.00943	0.01285	0.00985	0.01414	0.00814	0.00814	0.02699	0.01585	0.77465	0.02185	0.01885	0.01371	0.00685	0.00557	0.00171	0.00471	0.00557	0.00685	0.00943
37	0.01046	0.00984	0.01661	0.79205	0.03814	0.01230	0.01538	0.01415	0.01107	0.01415	0.00984	0.01477	0.00738	0.00554	0.00554	0.00185	0.00738	0.00492	0.00246	0.00615
38	0.02485	0.00943	0.01285	0.00985	0.01414	0.00814	0.00814	0.02699	0.01585	0.77465	0.02185	0.01885	0.01371	0.00685	0.00557	0.00171	0.00471	0.00557	0.00685	0.00943
39	0.01655	0.01906	0.01256	0.01150	0.01348	0.49787	0.00828	0.04568	0.01358	0.01345	0.01167	0.01875	0.01150	0.26863	0.01264	0.00273	0.00832	0.00510	0.00312	0.00553

[dist]
# distance from previous block
# <min> <max>
0	1

[block]
# block no. 1 follows, 43 sequences, length 42
# corresponding to MSA columns:
# 170-211
name=unknown_B
#
# <colnr> <probs for GDERKNQSTAVLIFYWHMCP>
#	G	D	E	R	K	N	Q	S	T	A	V	L	I	F	Y	W	H	M	C	P
0	0.01307	0.01126	0.01220	0.01032	0.01401	0.01180	0.00809	0.02464	0.52920	0.02158	0.01862	0.01783	0.01422	0.00646	0.00516	0.00155	0.00430	0.00534	0.00491	0.26546
1	0.06633	0.02553	0.01528	0.01388	0.01677	0.74043	0.01044	0.02179	0.01535	0.01418	0.00851	0.00993	0.00707	0.00568	0.00491	0.00144	0.00967	0.00354	0.00289	0.00640
2	0.01346	0.52437	0.30154	0.01178	0.01777	0.01861	0.01348	0.01693	0.01141	0.01467	0.00852	0.00991	0.00707	0.00493	0.00418	0.00139	0.00675	0.00337	0.00236	0.00750
3	0.00972	0.00778	0.01002	0.00963	0.01128	0.00904	0.00749	0.01593	0.24131	0.01604	0.01722	0.02142	0.01479	0.03102	0.54301	0.00673	0.01160	0.00604	0.00379	0.00613
4	0.00962	0.00481	0.00722	0.00722	0.00722	0.00481	0.00481	0.00722	0.00722	0.00962	0.00962	0.01684	0.00962	0.01924	0.02165	0.83886	0.00481	0.00481	0.00241	0.00241
5	0.01481	0.80869	0.02902	0.00948	0.01421	0.02191	0.00948	0.01658	0.01125	0.01303	0.00770	0.00888	0.00711	0.00474	0.00355	0.00118	0.00592	0.00296	0.00237	0.00711
6	0.01371	0.01316	0.02248	0.03399	0.77081	0.01316	0.01700	0.01700	0.01261	0.01809	0.01042	0.01371	0.00877	0.00493	0.00548	0.00164	0.00658	0.00493	0.00274	0.00877
7	0.01371	0.01316	0.02248	0.03399	0.77081	0.01316	0.01700	0.01700	0.01261	0.01809	0.01042	0.01371	0.00877	0.00493	0.00548	0.00164	0.00658	0.00493	0.00274	0.00877
8	0.00675	0.00482	0.00643	0.00771	0.00803	0.00450	0.00514	0.00771	0.01060	0.01414	0.03053	0.80175	0.03663	0.01735	0.00707	0.00225	0.00321	0.01574	0.00514	0.00450
9	0.00666	0.00518	0.00606	0.00676	0.00778	0.00458	0.00472	0.00782	0.01152	0.01451	0.04207	0.46391	0.36702	0.01585	0.00683	0.00208	0.00303	0.01391	0.00514	0.00458
10	0.01111	0.02865	0.77667	0.01579	0.02397	0.01286	0.02046	0.01754	0.01169	0.01754	0.00994	0.01169	0.00702	0.00526	0.00526	0.00175	0.00818	0.00409	0.00234	0.00818
11	0.01887	0.00810	0.01094	0.00884	0.01208	0.00712	0.00712	0.02118	0.01579	0.51015	0.28410	0.02677	0.02726	0.00843	0.00591	0.00172	0.00397	0.00713	0.00659	0.00795
12	0.01111	0.02865	0.77667	0.01579	0.02397	0.01286	0.02046	0.01754	0.01169	0.01754	0.00994	0.01169	0.00702	0.00526	0.00526	0.00175	0.00818	0.00409	0.00234	0.00818
13	0.01111	0.02865	0.77667	0.01579	0.02397	0.01286	0.02046	0.01754	0.01169	0.01754	0.00994	0.01169	0.00702	0.00526	0.00526	0.00175	0.00818	0.00409	0.00234	0.00818
14	0.01371	0.01316	0.02248	0.03399	0.77081	0.01316	0.01700	0.01700	0.01261	0.01809	0.01042	0.01371	0.00877	0.00493	0.00548	0.00164	0.00658	0.00493	0.00274	0.00877
15	0.01481	0.80869	0.02902	0.00948	0.01421	0.02191	0.00948	0.01658	0.01125	0.01303	0.00770	0.00888	0.00711	0.00474	0.00355	0.00118	0.00592	0.00296	0.00237	0.00711
16	0.01148	0.00984	0.01148	0.00820	0.01312	0.00738	0.00656	0.01395	0.01148	0.01805	0.00984	0.01148	0.00820	0.00410	0.00410	0.00082	0.00410	0.00328	0.00328	0.83922
17	0.02069	0.02640	0.01569	0.01427	0.01712	0.78313	0.01070	0.02212	0.01569	0.01355	0.00856	0.00999	0.00713	0.00571	0.00499	0.00143	0.00999	0.00357	0.00285	0.00642
18	0.01046	0.00984	0.01661	0.79205	0.03814	0.01230	0.01538	0.01415	0.01107	0.01415	0.00984	0.01477	0.00738	0.00554	0.00554	0.00185	0.00738	0.00492	0.00246	0.00615
19	0.00962	0.00481	0.00722	0.00722	0.00722	0.00481	0.00481	0.00722	0.00722	0.00962	0.00962	0.01684	0.00962	0.01924	0.02165	0.83886	0.00481	0.00481	0.00241	0.00241
20	0.01046	0.00984	0.01661	0.79205	0.03814	0.01230	0.01538	0.01415	0.01107	0.01415	0.00984	0.01477	0.00738	0.00554	0.00554	0.00185	0.00738	0.00492	0.00246	0.00615
21	0.01212	0.01212	0.01696	0.01454	0.01454	0.01696	0.01212	0.01333	0.00848	0.01333	0.00727	0.01212	0.00727	0.00969	0.01818	0.00242	0.79523	0.00485	0.00242	0.00606
22	0.01430	0.01216	0.01282	0.01138	0.01460	0.01402	0.00889	0.08178	0.70760	0.02402	0.02187	0.02013	0.01636	0.00745	0.00563	0.00186	0.00451	0.00617	0.00563	0.00881
23	0.84448	0.01071	0.00814	0.00728	0.01071	0.01242	0.00600	0.01628	0.00943	0.02485	0.00771	0.00900	0.00600	0.00514	0.00343	0.00171	0.00428	0.00300	0.00343	0.00600
24	0.00791	0.00593	0.00890	0.00890	0.00989	0.00692	0.00692	0.00989	0.00890	0.01286	0.01483	0.02176	0.01385	0.04154	0.78341	0.00890	0.01483	0.00593	0.00297	0.00494
25	0.01371	0.01316	0.02248	0.03399	0.77081	0.01316	0.01700	0.01700	0.01261	0.01809	0.01042	0.01371	0.00877	0.00493	0.00548	0.00164	0.00658	0.00493	0.00274	0.00877
26	0.01371	0.01316	0.02248	0.03399	0.77081	0.01316	0.01700	0.01700	0.01261	0.01809	0.01042	0.01371	0.00877	0.00493	0.00548	0.00164	0.00658	0.00493	0.00274	0.00877
27	0.00819	0.00585	0.00808	0.00936	0.01031	0.00574	0.00764	0.01020	0.01202	0.01575	0.02973	0.31275	0.03348	0.01599	0.00745	0.00245	0.00446	0.49053	0.00511	0.00490
28	0.00791	0.00593	0.00890	0.00890	0.00989	0.00692	0.00692	0.00989	0.00890	0.01286	0.01483	0.02176	0.01385	0.04154	0.78341	0.00890	0.01483	0.00593	0.00297	0.00494
29	0.00656	0.00555	0.00567	0.00576	0.00752	0.00466	0.00428	0.00793	0.01248	0.01490	0.05425	0.10750	0.71557	0.01427	0.00658	0.00190	0.00283	0.01198	0.00514	0.00466
30	0.01218	0.02115	0.36993	0.01992	0.02669	0.01349	0.41969	0.01765	0.01245	0.01765	0.01063	0.01347	0.00777	0.00494	0.00596	0.00182	0.00881	0.00543	0.00259	0.00779
31	0.58792	0.23296	0.03798	0.00816	0.01210	0.01507	0.00742	0.01640	0.01000	0.02134	0.00778	0.00905	0.00634	0.00503	0.00352	0.00157	0.00486	0.00302	0.00310	0.00637
32	0.01274	0.30321	0.48754	0.01351	0.02030	0.04226	0.01626	0.01736	0.01167	0.01582	0.00910	0.01065	0.00705	0.00509	0.00465	0.00154	0.00745	0.00368	0.00237	0.00775
33	0.01745	0.01344	0.01467	0.01121	0.01568	0.01385	0.00914	0.45992	0.08679	0.02865	0.01305	0.01339	0.00971	0.00594	0.00510	0.00142	0.00533	0.00457	0.00485	0.26585
34	0.02105	0.01551	0.01662	0.01274	0.01717	0.01717	0.01053	0.75235	0.02604	0.03490	0.01330	0.01330	0.00942	0.00665	0.00554	0.00166	0.00609	0.00499	0.00554	0.00942
35	0.02065	0.01531	0.01639	0.01266	0.01702	0.01699	0.01043	0.71230	0.06675	0.03425	0.01381	0.01370	0.00983	0.00670	0.00555	0.00167	0.00600	0.00506	0.00555	0.00938
36	0.46972	0.01270	0.05307	0.00925	0.01307	0.01327	0.00801	0.24357	0.01488	0.02718	0.01048	0.01151	0.00784	0.00573	0.00422	0.00166	0.00491	0.00387	0.07796	0.00710
37	0.05915	0.35605	0.41904	0.01266	0.01912	0.01665	0.01503	0.01707	0.01138	0.01605	0.00887	0.01036	0.00700	0.00503	0.00444	0.00151	0.00702	0.00356	0.00241	0.00761
38	0.02050	0.01625	0.05902	0.01291	0.01755	0.01693	0.01108	0.71136	0.02524	0.03394	0.01311	0.01321	0.00928	0.00657	0.00552	0.00167	0.00621	0.00494	0.00536	0.00935
39	0.01380	0.47759	0.30328	0.01198	0.01797	0.01832	0.01358	0.05798	0.01224	0.01591	0.00884	0.01016	0.00720	0.00504	0.00429	0.00142	0.00676	0.00349	0.00253	0.00763
40	0.01139	0.01101	0.05882	0.65879	0.03461	0.01238	0.01507	0.01500	0.01122	0.05642	0.01036	0.01466	0.00771	0.00584	0.00628	0.00187	0.05453	0.00491	0.00270	0.00644
41	0.18839	0.22689	0.30064	0.05489	0.01834	0.01458	0.01288	0.01648	0.01104	0.01776	0.00886	0.01054	0.00696	0.00500	0.00433	0.00151	0.00632	0.00353	0.00268	0.08839

[dist]
# distance from previous block
# <min> <max>
5	51

[block]
# block no. 2 follows, 43 sequences, length 8
# corresponding to MSA columns:
# 286-293
name=unknown_C
#
# <colnr> <probs for GDERKNQSTAVLIFYWHMCP>
#	G	D	E	R	K	N	Q	S	T	A	V	L	I	F	Y	W	H	M	C	P
0	0.01565	0.01158	0.01614	0.44578	0.02845	0.01331	0.01292	0.24930	0.01642	0.11770	0.01247	0.01482	0.00883	0.00606	0.00554	0.00177	0.00663	0.00502	0.00400	0.00760
1	0.01635	0.01300	0.01662	0.35864	0.02648	0.01501	0.01268	0.42470	0.01940	0.02569	0.01176	0.01395	0.00851	0.00616	0.00554	0.00174	0.00667	0.00496	0.00417	0.00797
2	0.01438	0.01164	0.01376	0.10960	0.01760	0.01111	0.00894	0.24755	0.01604	0.02288	0.01094	0.01248	0.00848	0.00509	0.00474	0.00122	0.00515	0.00403	0.00389	0.47049
3	0.01298	0.01028	0.01459	0.27542	0.02204	0.01123	0.01096	0.01554	0.01125	0.11219	0.01082	0.01367	0.00842	0.00615	0.00783	0.00163	0.17718	0.00447	0.00327	0.27007
4	0.01770	0.01372	0.01662	0.25926	0.02381	0.01563	0.01206	0.51884	0.02131	0.02834	0.01220	0.01376	0.00877	0.00630	0.00554	0.00172	0.00650	0.00497	0.00457	0.00839
5	0.01400	0.01155	0.01555	0.38706	0.02626	0.01311	0.01216	0.24756	0.01579	0.02143	0.01114	0.01399	0.00837	0.00588	0.00574	0.00165	0.03438	0.00473	0.03318	0.11647
6	0.01668	0.01298	0.01479	0.08202	0.01764	0.01324	0.00955	0.42189	0.01949	0.02701	0.01175	0.01278	0.00880	0.00564	0.00503	0.00138	0.00550	0.00437	0.00445	0.30501
7	0.01083	0.01008	0.01565	0.56004	0.03086	0.01182	0.01333	0.01403	0.01089	0.01482	0.00958	0.01386	0.00753	0.00568	0.00655	0.00171	0.08742	0.00460	0.00262	0.16811

[dist]
# distance from previous block
# <min> <max>
4	5

[block]
# block no. 3 follows, 43 sequences, length 8
# corresponding to MSA columns:
# 299-306
name=unknown_D
#
# <colnr> <probs for GDERKNQSTAVLIFYWHMCP>
#	G	D	E	R	K	N	Q	S	T	A	V	L	I	F	Y	W	H	M	C	P
0	0.01917	0.01452	0.01558	0.01221	0.01643	0.01598	0.00997	0.57797	0.15776	0.03178	0.01476	0.01452	0.01070	0.00665	0.00547	0.00165	0.00567	0.00511	0.00542	0.05867
1	0.01301	0.00980	0.01164	0.00839	0.01324	0.00747	0.00674	0.01544	0.01198	0.10458	0.01122	0.01233	0.00883	0.00442	0.00427	0.00092	0.00417	0.00354	0.00369	0.74431
2	0.01547	0.01221	0.01362	0.01009	0.01481	0.01146	0.00821	0.32165	0.01755	0.02507	0.01128	0.01224	0.00871	0.00516	0.00470	0.00117	0.00493	0.00399	0.00422	0.49343
3	0.00980	0.00840	0.01196	0.09904	0.01550	0.00748	0.06647	0.01210	0.01137	0.01622	0.01792	0.26942	0.01887	0.00933	0.00565	0.00160	0.00468	0.05753	0.00387	0.35280
4	0.01569	0.01149	0.01306	0.01133	0.01432	0.01241	0.00933	0.44309	0.02020	0.02692	0.02014	0.13720	0.01944	0.01054	0.00634	0.00199	0.00542	0.20818	0.00536	0.00753
5	0.01257	0.01052	0.01424	0.01039	0.01513	0.00862	0.10018	0.05244	0.01259	0.05342	0.01169	0.04862	0.00985	0.00504	0.00468	0.00110	0.00485	0.00445	0.00359	0.61603
6	0.01473	0.10139	0.01538	0.01044	0.01437	0.01061	0.04869	0.01702	0.01224	0.18122	0.01353	0.01711	0.01106	0.00635	0.00642	0.00144	0.09764	0.06219	0.00397	0.35420
7	0.01065	0.00812	0.01062	0.07186	0.01426	0.00772	0.00866	0.03876	0.03925	0.03737	0.02153	0.07306	0.02191	0.01077	0.00629	0.00193	0.00493	0.37517	0.00448	0.23267

[dist]
# distance from previous block
# <min> <max>
8	37

[block]
# block no. 4 follows, 43 sequences, length 9
# corresponding to MSA columns:
# 344-352
name=unknown_E
#
# <colnr> <probs for GDERKNQSTAVLIFYWHMCP>
#	G	D	E	R	K	N	Q	S	T	A	V	L	I	F	Y	W	H	M	C	P
0	0.07138	0.03555	0.08681	0.29000	0.02188	0.00986	0.01121	0.01318	0.01122	0.01605	0.01600	0.15820	0.01592	0.00873	0.00568	0.00185	0.00573	0.10912	0.00346	0.10816
1	0.10107	0.01081	0.01724	0.50836	0.22776	0.01254	0.01480	0.01513	0.01130	0.01634	0.00977	0.01387	0.00760	0.00534	0.00530	0.00178	0.00684	0.00472	0.00264	0.00682
2	0.50035	0.01035	0.01164	0.33109	0.02203	0.01237	0.00987	0.01540	0.01011	0.02043	0.00859	0.01138	0.00657	0.00530	0.00430	0.00177	0.00556	0.00379	0.00303	0.00606
3	0.27892	0.00986	0.01330	0.47984	0.02728	0.01189	0.01187	0.01463	0.01067	0.01778	0.01064	0.01654	0.00880	0.00615	0.00502	0.00186	0.00621	0.05975	0.00297	0.00602
4	0.01148	0.00984	0.01148	0.00820	0.01312	0.00738	0.00656	0.01395	0.01148	0.01805	0.00984	0.01148	0.00820	0.00410	0.00410	0.00082	0.00410	0.00328	0.00328	0.83922
5	0.01046	0.00984	0.01661	0.79205	0.03814	0.01230	0.01538	0.01415	0.01107	0.01415	0.00984	0.01477	0.00738	0.00554	0.00554	0.00185	0.00738	0.00492	0.00246	0.00615
6	0.02105	0.01551	0.01662	0.01274	0.01717	0.01717	0.01053	0.75235	0.02604	0.03490	0.01330	0.01330	0.00942	0.00665	0.00554	0.00166	0.00609	0.00499	0.00554	0.00942
7	0.01148	0.00984	0.01148	0.00820	0.01312	0.00738	0.00656	0.01395	0.01148	0.01805	0.00984	0.01148	0.00820	0.00410	0.00410	0.00082	0.00410	0.00328	0.00328	0.83922
8	0.01414	0.07395	0.08898	0.06799	0.01717	0.01196	0.00983	0.20858	0.01528	0.02176	0.01060	0.01202	0.00826	0.00504	0.00466	0.00124	0.00540	0.00390	0.00365	0.41558

[dist]
# distance from previous block
# <min> <max>
45	86

[block]
# block no. 5 follows, 43 sequences, length 15
# corresponding to MSA columns:
# 452-466
name=unknown_F
#
# <colnr> <probs for GDERKNQSTAVLIFYWHMCP>
#	G	D	E	R	K	N	Q	S	T	A	V	L	I	F	Y	W	H	M	C	P
0	0.07015	0.00927	0.01326	0.37544	0.02399	0.01029	0.01083	0.06299	0.01365	0.12535	0.18176	0.02071	0.01841	0.00702	0.00557	0.00175	0.00553	0.00597	0.00419	0.03387
1	0.17358	0.00998	0.01180	0.01026	0.01331	0.01045	0.04168	0.10135	0.14294	0.18348	0.02000	0.14109	0.01761	0.00907	0.00568	0.00192	0.00475	0.08851	0.00520	0.00733
2	0.01183	0.01170	0.01869	0.01451	0.01729	0.01276	0.19550	0.01429	0.01083	0.01612	0.04443	0.03855	0.01077	0.00726	0.01064	0.00182	0.32727	0.00543	0.00300	0.22731
3	0.00827	0.00699	0.00770	0.00678	0.00955	0.00565	0.00531	0.01009	0.01228	0.01605	0.03960	0.04102	0.47388	0.01104	0.00587	0.00160	0.00339	0.06616	0.00456	0.26420
4	0.00698	0.00504	0.00661	0.00746	0.00806	0.00467	0.00512	0.00833	0.01182	0.01597	0.19610	0.60057	0.07097	0.01587	0.00693	0.00212	0.00306	0.01430	0.00535	0.00467
5	0.01120	0.00951	0.01116	0.00811	0.01274	0.00721	0.00646	0.01367	0.01182	0.01838	0.06979	0.01385	0.01169	0.00467	0.00429	0.00089	0.00398	0.00381	0.00350	0.77327
6	0.01046	0.00984	0.01661	0.79205	0.03814	0.01230	0.01538	0.01415	0.01107	0.01415	0.00984	0.01477	0.00738	0.00554	0.00554	0.00185	0.00738	0.00492	0.00246	0.00615
7	0.02105	0.01551	0.01662	0.01274	0.01717	0.01717	0.01053	0.75235	0.02604	0.03490	0.01330	0.01330	0.00942	0.00665	0.00554	0.00166	0.00609	0.00499	0.00554	0.00942
8	0.01371	0.01316	0.02248	0.03399	0.77081	0.01316	0.01700	0.01700	0.01261	0.01809	0.01042	0.01371	0.00877	0.00493	0.00548	0.00164	0.00658	0.00493	0.00274	0.00877
9	0.01046	0.00984	0.01661	0.79205	0.03814	0.01230	0.01538	0.01415	0.01107	0.01415	0.00984	0.01477	0.00738	0.00554	0.00554	0.00185	0.00738	0.00492	0.00246	0.00615
10	0.01148	0.00984	0.01148	0.00820	0.01312	0.00738	0.00656	0.01395	0.01148	0.01805	0.00984	0.01148	0.00820	0.00410	0.00410	0.00082	0.00410	0.00328	0.00328	0.83922
11	0.01148	0.00984	0.01148	0.00820	0.01312	0.00738	0.00656	0.01395	0.01148	0.01805	0.00984	0.01148	0.00820	0.00410	0.00410	0.00082	0.00410	0.00328	0.00328	0.83922
12	0.02105	0.01551	0.01662	0.01274	0.01717	0.01717	0.01053	0.75235	0.02604	0.03490	0.01330	0.01330	0.00942	0.00665	0.00554	0.00166	0.00609	0.00499	0.00554	0.00942
13	0.01148	0.00984	0.01148	0.00820	0.01312	0.00738	0.00656	0.01395	0.01148	0.01805	0.00984	0.01148	0.00820	0.00410	0.00410	0.00082	0.00410	0.00328	0.00328	0.83922
14	0.01148	0.00984	0.01148	0.00820	0.01312	0.00738	0.00656	0.01395	0.01148	0.01805	0.00984	0.01148	0.00820	0.00410	0.00410	0.00082	0.00410	0.00328	0.00328	0.83922

[dist]
# distance from previous block
# <min> <max>
4	9

[block]
# block no. 6 follows, 43 sequences, length 21
# corresponding to MSA columns:
# 477-497
name=unknown_G
#
# <colnr> <probs for GDERKNQSTAVLIFYWHMCP>
#	G	D	E	R	K	N	Q	S	T	A	V	L	I	F	Y	W	H	M	C	P
0	0.01779	0.01378	0.01641	0.22575	0.02277	0.01567	0.01176	0.51386	0.05919	0.02863	0.01282	0.01407	0.00924	0.00639	0.00554	0.00172	0.00636	0.00503	0.00470	0.00849
1	0.01989	0.02197	0.01603	0.08190	0.01898	0.50626	0.01106	0.22108	0.01812	0.01944	0.00997	0.01131	0.00778	0.00595	0.00519	0.00153	0.00870	0.00407	0.00355	0.00722
2	0.02209	0.01385	0.01559	0.01195	0.01634	0.01470	0.00987	0.55402	0.02325	0.23717	0.01564	0.01482	0.01059	0.00670	0.00555	0.00168	0.00572	0.00515	0.00590	0.00942
3	0.02105	0.01551	0.01662	0.01274	0.01717	0.01717	0.01053	0.75235	0.02604	0.03490	0.01330	0.01330	0.00942	0.00665	0.00554	0.00166	0.00609	0.00499	0.00554	0.00942
4	0.00846	0.00606	0.00832	0.00916	0.01036	0.00592	0.00765	0.01089	0.01331	0.01779	0.21710	0.12179	0.03747	0.01447	0.00731	0.00232	0.00430	0.48690	0.00536	0.00508
5	0.02044	0.01521	0.01627	0.01262	0.01694	0.01689	0.01038	0.69115	0.08824	0.03391	0.01408	0.01392	0.01005	0.00672	0.00555	0.00168	0.00595	0.00509	0.00555	0.00936
6	0.02053	0.01525	0.01633	0.01264	0.01698	0.01693	0.01040	0.70045	0.07878	0.03406	0.01396	0.01383	0.00996	0.00671	0.00555	0.00168	0.00597	0.00508	0.00555	0.00937
7	0.01445	0.00915	0.00957	0.00808	0.01058	0.00979	0.00643	0.29759	0.01717	0.02614	0.01623	0.01782	0.01236	0.00653	0.00451	0.00143	0.00393	0.00509	0.51634	0.00680
8	0.02076	0.01537	0.01646	0.01268	0.01706	0.01704	0.01046	0.72355	0.05530	0.03444	0.01366	0.01359	0.00972	0.00668	0.00554	0.00167	0.00603	0.00504	0.00554	0.00939
9	0.01481	0.80869	0.02902	0.00948	0.01421	0.02191	0.00948	0.01658	0.01125	0.01303	0.00770	0.00888	0.00711	0.00474	0.00355	0.00118	0.00592	0.00296	0.00237	0.00711
10	0.01448	0.74045	0.09443	0.01003	0.01507	0.02112	0.01044	0.01667	0.01129	0.01342	0.00790	0.00913	0.00710	0.00478	0.00370	0.00123	0.00612	0.00306	0.00237	0.00720
11	0.02105	0.01551	0.01662	0.01274	0.01717	0.01717	0.01053	0.75235	0.02604	0.03490	0.01330	0.01330	0.00942	0.00665	0.00554	0.00166	0.00609	0.00499	0.00554	0.00942
12	0.01032	0.00516	0.00516	0.00516	0.00645	0.00516	0.00387	0.01290	0.01161	0.02065	0.01807	0.02065	0.01420	0.00645	0.00387	0.00129	0.00258	0.00516	0.83611	0.00516
13	0.02105	0.01551	0.01662	0.01274	0.01717	0.01717	0.01053	0.75235	0.02604	0.03490	0.01330	0.01330	0.00942	0.00665	0.00554	0.00166	0.00609	0.00499	0.00554	0.00942
14	0.14939	0.00903	0.08889	0.00849	0.01085	0.00727	0.00722	0.01288	0.01233	0.09906	0.19829	0.30514	0.04728	0.01142	0.00597	0.00192	0.00392	0.00985	0.00497	0.00584
15	0.01032	0.00516	0.00516	0.00516	0.00645	0.00516	0.00387	0.01290	0.01161	0.02065	0.01807	0.02065	0.01420	0.00645	0.00387	0.00129	0.00258	0.00516	0.83611	0.00516
16	0.02105	0.01551	0.01662	0.01274	0.01717	0.01717	0.01053	0.75235	0.02604	0.03490	0.01330	0.01330	0.00942	0.00665	0.00554	0.00166	0.00609	0.00499	0.00554	0.00942
17	0.01049	0.00870	0.01037	0.00787	0.01180	0.00679	0.00620	0.01299	0.01263	0.01918	0.21711	0.01966	0.02025	0.00608	0.00477	0.00107	0.00369	0.00512	0.00405	0.61119
18	0.01666	0.18700	0.06360	0.09839	0.15883	0.01670	0.01258	0.33702	0.01795	0.02387	0.01100	0.01248	0.00845	0.00572	0.00508	0.00158	0.00640	0.00448	0.00383	0.00838
19	0.01280	0.22972	0.01978	0.01260	0.01433	0.01748	0.01091	0.01427	0.00950	0.01366	0.00761	0.01118	0.00731	0.00785	0.01295	0.00194	0.51020	0.00419	0.00248	0.07923
20	0.01110	0.01073	0.01675	0.49009	0.02898	0.01411	0.01411	0.01383	0.01007	0.01383	0.00884	0.01374	0.00734	0.00715	0.01045	0.00207	0.31336	0.00489	0.00245	0.00612

[dist]
# distance from previous block
# <min> <max>
22	52

[block]
# block no. 7 follows, 43 sequences, length 10
# corresponding to MSA columns:
# 556-565
name=unknown_H
#
# <colnr> <probs for GDERKNQSTAVLIFYWHMCP>
#	G	D	E	R	K	N	Q	S	T	A	V	L	I	F	Y	W	H	M	C	P
0	0.01162	0.04895	0.15597	0.47664	0.03028	0.01278	0.01506	0.08277	0.01272	0.01684	0.01174	0.01785	0.00957	0.00638	0.00558	0.00184	0.00715	0.06653	0.00294	0.00678
1	0.06771	0.00871	0.00973	0.00888	0.01142	0.00870	0.00721	0.17958	0.01543	0.02116	0.06936	0.08839	0.21623	0.01128	0.00620	0.00190	0.00433	0.18198	0.00500	0.07680
2	0.01240	0.01234	0.01592	0.19081	0.01995	0.06668	0.01197	0.01553	0.07369	0.01480	0.00947	0.01324	0.00819	0.00778	0.01206	0.00203	0.42339	0.00475	0.00281	0.08216
3	0.34202	0.01013	0.00933	0.00851	0.01117	0.08027	0.00660	0.01652	0.01209	0.17169	0.08035	0.19443	0.01856	0.00884	0.00510	0.00181	0.00451	0.00707	0.00468	0.00632
4	0.01057	0.00999	0.01663	0.74114	0.03660	0.01261	0.01517	0.01410	0.01090	0.01410	0.00968	0.01459	0.00738	0.00581	0.00636	0.00188	0.05897	0.00492	0.00246	0.00615
5	0.01148	0.00984	0.01148	0.00820	0.01312	0.00738	0.00656	0.01395	0.01148	0.01805	0.00984	0.01148	0.00820	0.00410	0.00410	0.00082	0.00410	0.00328	0.00328	0.83922
6	0.01454	0.01072	0.01215	0.01074	0.01367	0.01167	0.00869	0.19276	0.30006	0.07551	0.12247	0.02929	0.02247	0.00921	0.00610	0.00192	0.00470	0.13987	0.00566	0.00781
7	0.01827	0.01413	0.01505	0.01218	0.01611	0.01587	0.00985	0.47555	0.30738	0.03041	0.01684	0.01612	0.01229	0.00698	0.00558	0.00174	0.00544	0.00547	0.00558	0.00917
8	0.01148	0.00984	0.01148	0.00820	0.01312	0.00738	0.00656	0.01395	0.01148	0.01805	0.00984	0.01148	0.00820	0.00410	0.00410	0.00082	0.00410	0.00328	0.00328	0.83922
9	0.01236	0.01036	0.01195	0.00862	0.01349	0.00827	0.00692	0.08115	0.01281	0.01958	0.01016	0.01165	0.00831	0.00433	0.00423	0.00090	0.00428	0.00344	0.00349	0.76370

[dist]
# distance from previous block
# <min> <max>
6	44

[block]
# block no. 8 follows, 43 sequences, length 7
# corresponding to MSA columns:
# 614-620
name=unknown_I
#
# <colnr> <probs for GDERKNQSTAVLIFYWHMCP>
#	G	D	E	R	K	N	Q	S	T	A	V	L	I	F	Y	W	H	M	C	P
0	0.04968	0.22704	0.25324	0.01475	0.02049	0.07116	0.17650	0.01855	0.01249	0.09108	0.01061	0.01214	0.00797	0.00518	0.00503	0.00160	0.00747	0.00440	0.00298	0.00765
1	0.09761	0.13914	0.14518	0.01283	0.01762	0.01261	0.12698	0.01980	0.01292	0.26142	0.01459	0.01716	0.01095	0.00640	0.00570	0.00174	0.03266	0.05271	0.00416	0.00782
2	0.01303	0.01285	0.01969	0.17504	0.52598	0.06306	0.01534	0.01613	0.01252	0.01682	0.01352	0.01655	0.06379	0.00576	0.00554	0.00169	0.00668	0.00533	0.00287	0.00782
3	0.01188	0.00816	0.01012	0.00924	0.01157	0.00795	0.00751	0.13807	0.01588	0.07495	0.25511	0.08753	0.03112	0.01102	0.00641	0.00190	0.00424	0.21351	0.00543	0.08840
4	0.01046	0.00984	0.01661	0.79205	0.03814	0.01230	0.01538	0.01415	0.01107	0.01415	0.00984	0.01477	0.00738	0.00554	0.00554	0.00185	0.00738	0.00492	0.00246	0.00615
5	0.01183	0.01066	0.01637	0.34492	0.02481	0.01306	0.04311	0.01440	0.01050	0.05152	0.01028	0.04021	0.00876	0.00728	0.00993	0.00196	0.28391	0.00520	0.00285	0.08843
6	0.00913	0.00861	0.04542	0.00886	0.01165	0.00736	0.04301	0.01273	0.08573	0.01683	0.08211	0.06768	0.25004	0.01482	0.12428	0.00277	0.00570	0.03449	0.00433	0.16445

[dist]
# distance from previous block
# <min> <max>
3	16

[block]
# block no. 9 follows, 43 sequences, length 7
# corresponding to MSA columns:
# 637-643
name=unknown_J
#
# <colnr> <probs for GDERKNQSTAVLIFYWHMCP>
#	G	D	E	R	K	N	Q	S	T	A	V	L	I	F	Y	W	H	M	C	P
0	0.01625	0.10204	0.11245	0.01962	0.26597	0.04908	0.01354	0.22259	0.07847	0.04882	0.01219	0.01342	0.00933	0.00574	0.00526	0.00163	0.00647	0.00470	0.00382	0.00862
1	0.07059	0.32827	0.05311	0.04155	0.01530	0.01708	0.01045	0.01511	0.01025	0.01480	0.00800	0.01063	0.00723	0.00638	0.00859	0.00164	0.26613	0.00375	0.00257	0.10858
2	0.21306	0.10833	0.01387	0.00975	0.01329	0.01259	0.00820	0.08521	0.08614	0.21318	0.03943	0.01687	0.01238	0.00682	0.00574	0.00170	0.05946	0.03801	0.00466	0.05129
3	0.09141	0.01262	0.01498	0.09453	0.01730	0.06704	0.02892	0.16704	0.01396	0.04335	0.01228	0.01862	0.01088	0.00816	0.00937	0.00198	0.24639	0.09385	0.00371	0.04361
4	0.01124	0.00943	0.01401	0.01817	0.28305	0.00940	0.01096	0.05243	0.04506	0.01881	0.10497	0.11371	0.02354	0.01006	0.00633	0.00195	0.00512	0.21243	0.00434	0.04499
5	0.01395	0.01255	0.01897	0.02479	0.46043	0.01325	0.01386	0.13160	0.01407	0.01983	0.01324	0.05625	0.03871	0.00675	0.00711	0.00175	0.10265	0.00569	0.00338	0.04116
6	0.11265	0.00812	0.00932	0.00915	0.04961	0.00816	0.00658	0.11905	0.01511	0.04445	0.28197	0.11361	0.17990	0.01060	0.00598	0.00180	0.00370	0.00897	0.00524	0.00605

[dist]
# distance from previous block
# <min> <max>
5	17

[block]
# block no. 10 follows, 43 sequences, length 10
# corresponding to MSA columns:
# 661-670
name=unknown_K
#
# <colnr> <probs for GDERKNQSTAVLIFYWHMCP>
#	G	D	E	R	K	N	Q	S	T	A	V	L	I	F	Y	W	H	M	C	P
0	0.01434	0.01384	0.02433	0.02913	0.50988	0.01379	0.19470	0.09578	0.01416	0.01980	0.01092	0.01396	0.00875	0.00505	0.00575	0.00170	0.00720	0.00533	0.00306	0.00852
1	0.01290	0.01154	0.01364	0.20088	0.01897	0.09989	0.01034	0.09319	0.01415	0.05158	0.20808	0.02198	0.04648	0.00835	0.00826	0.00186	0.16115	0.00635	0.00406	0.00636
2	0.01046	0.00984	0.01661	0.79205	0.03814	0.01230	0.01538	0.01415	0.01107	0.01415	0.00984	0.01477	0.00738	0.00554	0.00554	0.00185	0.00738	0.00492	0.00246	0.00615
3	0.01880	0.01080	0.01306	0.00977	0.01434	0.00963	0.00799	0.16527	0.01614	0.32845	0.01540	0.01483	0.01068	0.00572	0.00498	0.00135	0.00474	0.00455	0.00518	0.33833
4	0.01595	0.01297	0.01626	0.01633	0.19901	0.01280	0.01072	0.31723	0.01772	0.02497	0.01140	0.01277	0.00884	0.00535	0.00503	0.00137	0.00552	0.00438	0.00408	0.29731
5	0.01459	0.01911	0.28286	0.02251	0.32832	0.01403	0.01663	0.19598	0.01556	0.02199	0.01095	0.01291	0.00832	0.00546	0.00542	0.00169	0.00702	0.00465	0.00328	0.00873
6	0.01446	0.01331	0.02142	0.01551	0.02059	0.01248	0.31242	0.19504	0.01567	0.02202	0.01124	0.01334	0.00858	0.00495	0.00545	0.00145	0.00673	0.00503	0.00363	0.29667
7	0.01428	0.01288	0.01988	0.05283	0.02049	0.01216	0.25008	0.19473	0.01552	0.02185	0.01113	0.01321	0.00852	0.00498	0.00531	0.00142	0.00645	0.00484	0.00363	0.32580
8	0.01179	0.01577	0.25094	0.09559	0.01924	0.01124	0.03869	0.10352	0.10725	0.02030	0.11750	0.09101	0.01765	0.00758	0.00567	0.00175	0.00590	0.00648	0.00400	0.06810
9	0.01229	0.00935	0.01244	0.19884	0.01880	0.00843	0.00873	0.01503	0.01231	0.09949	0.09217	0.01627	0.01331	0.00552	0.00487	0.00126	0.00481	0.00465	0.00377	0.45765

[dist]
# distance from previous block
# <min> <max>
7	42

[block]
# block no. 11 follows, 43 sequences, length 21
# corresponding to MSA columns:
# 713-733
name=unknown_L
#
# <colnr> <probs for GDERKNQSTAVLIFYWHMCP>
#	G	D	E	R	K	N	Q	S	T	A	V	L	I	F	Y	W	H	M	C	P
0	0.01611	0.01088	0.01483	0.04039	0.12157	0.01098	0.01005	0.05872	0.02665	0.22997	0.01360	0.02872	0.01036	0.00653	0.00757	0.00161	0.15377	0.00488	0.00422	0.22857
1	0.01323	0.01285	0.02082	0.02813	0.54299	0.01431	0.01553	0.01589	0.01137	0.01666	0.00947	0.01323	0.00832	0.00637	0.00931	0.00188	0.24415	0.00491	0.00265	0.00796
2	0.01371	0.01316	0.02248	0.03399	0.77081	0.01316	0.01700	0.01700	0.01261	0.01809	0.01042	0.01371	0.00877	0.00493	0.00548	0.00164	0.00658	0.00493	0.00274	0.00877
3	0.01354	0.14666	0.12619	0.02747	0.54422	0.01456	0.01623	0.01700	0.01226	0.01718	0.00990	0.01264	0.00826	0.00495	0.00513	0.00158	0.00669	0.00449	0.00263	0.00842
4	0.01371	0.01316	0.02248	0.03399	0.77081	0.01316	0.01700	0.01700	0.01261	0.01809	0.01042	0.01371	0.00877	0.00493	0.00548	0.00164	0.00658	0.00493	0.00274	0.00877
5	0.06465	0.01434	0.06687	0.02604	0.49697	0.01376	0.01491	0.17035	0.01527	0.04763	0.01121	0.01339	0.00880	0.00539	0.00536	0.00166	0.00638	0.00480	0.00348	0.00873
6	0.01454	0.10201	0.42260	0.01437	0.06603	0.01242	0.01527	0.01947	0.03713	0.18145	0.05236	0.01492	0.01127	0.00592	0.00524	0.00168	0.00669	0.00473	0.00365	0.00824
7	0.01292	0.12305	0.19559	0.10450	0.42284	0.01418	0.01662	0.01677	0.01206	0.01688	0.00988	0.01271	0.00800	0.00505	0.00518	0.00163	0.00694	0.00448	0.00257	0.00815
8	0.01201	0.02313	0.50332	0.02174	0.24926	0.01302	0.06471	0.01739	0.01205	0.01772	0.01016	0.01250	0.00763	0.00513	0.00541	0.00173	0.00777	0.00450	0.00249	0.00832
9	0.00721	0.00529	0.00679	0.00735	0.00825	0.00487	0.00528	0.00887	0.01265	0.01703	0.27551	0.41413	0.13339	0.01483	0.00686	0.00205	0.00308	0.05631	0.00545	0.00480
10	0.01116	0.01028	0.01575	0.62714	0.03313	0.01262	0.01398	0.01738	0.16943	0.01605	0.01253	0.01601	0.00939	0.00595	0.00556	0.00185	0.00675	0.00520	0.00313	0.00670
11	0.01546	0.00935	0.01160	0.00956	0.01305	0.00896	0.00763	0.02068	0.18103	0.25645	0.01754	0.01804	0.01309	0.01364	0.16951	0.00305	0.00662	0.00523	0.00487	0.21463
12	0.01270	0.01104	0.01661	0.62745	0.03372	0.01333	0.01436	0.17007	0.01424	0.01853	0.01057	0.01446	0.00781	0.00577	0.00554	0.00181	0.00711	0.00494	0.00311	0.00684
13	0.18400	0.00671	0.00680	0.00646	0.00845	0.00651	0.00496	0.01063	0.01307	0.01970	0.30666	0.03957	0.34507	0.01116	0.00588	0.00179	0.00305	0.00924	0.00513	0.00516
14	0.01357	0.01354	0.02463	0.03174	0.61412	0.01334	0.17197	0.01715	0.01271	0.01802	0.01058	0.01397	0.00869	0.00488	0.00571	0.00169	0.00716	0.00527	0.00275	0.00850
15	0.00957	0.01000	0.00780	0.00748	0.00954	0.16911	0.00561	0.01102	0.01337	0.01489	0.06825	0.04378	0.58542	0.01218	0.00622	0.00177	0.00432	0.00992	0.00469	0.00506
16	0.01321	0.02587	0.61613	0.01514	0.02254	0.01377	0.01836	0.17274	0.01472	0.02121	0.01065	0.01203	0.00752	0.00555	0.00532	0.00173	0.00774	0.00428	0.00301	0.00845
17	0.67049	0.01402	0.00974	0.00876	0.01206	0.17521	0.00699	0.01751	0.01075	0.02246	0.00789	0.00921	0.00624	0.00526	0.00376	0.00165	0.00549	0.00312	0.00331	0.00609
18	0.01094	0.02369	0.61371	0.01354	0.02027	0.01124	0.01696	0.01656	0.01168	0.01820	0.01166	0.01358	0.00853	0.00551	0.00497	0.00166	0.00700	0.00432	0.17844	0.00755
19	0.01164	0.01051	0.01615	0.02155	0.40717	0.00979	0.01170	0.01422	0.01189	0.01725	0.01451	0.17956	0.01450	0.00733	0.00545	0.00155	0.00521	0.00678	0.00339	0.22986
20	0.01133	0.01073	0.01818	0.58941	0.23400	0.01253	0.01581	0.01491	0.01148	0.01520	0.01000	0.01448	0.00775	0.00538	0.00552	0.00179	0.00717	0.00493	0.00254	0.00685

[dist]
# distance from previous block
# <min> <max>
4	25

[block]
# block no. 12 follows, 43 sequences, length 11
# corresponding to MSA columns:
# 759-769
name=unknown_M
#
# <colnr> <probs for GDERKNQSTAVLIFYWHMCP>
#	G	D	E	R	K	N	Q	S	T	A	V	L	I	F	Y	W	H	M	C	P
0	0.01770	0.01372	0.01662	0.25926	0.02381	0.01563	0.01206	0.51883	0.02131	0.02834	0.01220	0.01376	0.00877	0.00630	0.00554	0.00172	0.00650	0.00497	0.00457	0.00839
1	0.02105	0.01551	0.01662	0.01274	0.01717	0.01717	0.01053	0.75235	0.02604	0.03490	0.01330	0.01330	0.00942	0.00665	0.00554	0.00166	0.00609	0.00499	0.00554	0.00942
2	0.11297	0.33609	0.13973	0.00981	0.01500	0.01474	0.00988	0.01586	0.01118	0.01675	0.00874	0.01017	0.00731	0.00467	0.00398	0.00122	0.00551	0.00325	0.00278	0.27037
3	0.02105	0.01551	0.01662	0.01274	0.01717	0.01717	0.01053	0.75235	0.02604	0.03490	0.01330	0.01330	0.00942	0.00665	0.00554	0.00166	0.00609	0.00499	0.00554	0.00942
4	0.01647	0.49257	0.08761	0.01104	0.01597	0.01966	0.01073	0.24941	0.01597	0.02033	0.00966	0.01051	0.00783	0.00539	0.00432	0.00138	0.00617	0.00370	0.00337	0.00793
5	0.27726	0.55627	0.02242	0.00878	0.01311	0.01891	0.00838	0.01649	0.01068	0.01677	0.00770	0.00892	0.00676	0.00487	0.00351	0.00135	0.00540	0.00297	0.00270	0.00676
6	0.02105	0.01551	0.01662	0.01274	0.01717	0.01717	0.01053	0.75235	0.02604	0.03490	0.01330	0.01330	0.00942	0.00665	0.00554	0.00166	0.00609	0.00499	0.00554	0.00942
7	0.36412	0.05012	0.25381	0.01152	0.01648	0.13637	0.01175	0.06497	0.01228	0.02092	0.00891	0.01028	0.00676	0.00535	0.00440	0.00166	0.00661	0.00356	0.00309	0.00702
8	0.42988	0.11096	0.25426	0.01058	0.01573	0.01399	0.01128	0.06406	0.01143	0.02179	0.00877	0.01011	0.00667	0.00523	0.00416	0.00166	0.00583	0.00347	0.00309	0.00704
9	0.02105	0.01551	0.01662	0.01274	0.01717	0.01717	0.01053	0.75235	0.02604	0.03490	0.01330	0.01330	0.00942	0.00665	0.00554	0.00166	0.00609	0.00499	0.00554	0.00942
10	0.01733	0.48819	0.02401	0.01080	0.01541	0.02000	0.00990	0.31389	0.01723	0.02187	0.00996	0.01067	0.00804	0.00551	0.00436	0.00138	0.00599	0.00378	0.00365	0.00804

[dist]
# distance from previous block
# <min> <max>
0	8

[block]
# block no. 13 follows, 43 sequences, length 25
# corresponding to MSA columns:
# 778-802
name=unknown_N
#
# <colnr> <probs for GDERKNQSTAVLIFYWHMCP>
#	G	D	E	R	K	N	Q	S	T	A	V	L	I	F	Y	W	H	M	C	P
0	0.22978	0.01296	0.01289	0.01021	0.01435	0.03386	0.00830	0.31332	0.07824	0.02688	0.01169	0.01229	0.00881	0.00572	0.00466	0.00149	0.00513	0.00415	0.00441	0.20086
1	0.01801	0.01304	0.01430	0.01126	0.01539	0.01378	0.00914	0.40674	0.16854	0.09676	0.01699	0.01648	0.03917	0.00674	0.00539	0.00159	0.00521	0.00529	0.00533	0.13083
2	0.00675	0.00482	0.00643	0.00771	0.00803	0.00450	0.00514	0.00771	0.01060	0.01414	0.03053	0.80175	0.03663	0.01735	0.00707	0.00225	0.00321	0.01574	0.00514	0.00450
3	0.01148	0.00984	0.01148	0.00820	0.01312	0.00738	0.00656	0.01395	0.01148	0.01805	0.00984	0.01148	0.00820	0.00410	0.00410	0.00082	0.00410	0.00328	0.00328	0.83922
4	0.01426	0.01181	0.01401	0.19278	0.02026	0.01371	0.01051	0.11839	0.47106	0.04427	0.01839	0.01830	0.01364	0.00692	0.00560	0.00184	0.00531	0.00577	0.00492	0.00826
5	0.00805	0.00537	0.00604	0.00604	0.00604	0.00537	0.00336	0.00805	0.00805	0.01074	0.01745	0.03624	0.02013	0.80536	0.02819	0.00537	0.00537	0.00805	0.00336	0.00336
6	0.01603	0.01264	0.01339	0.01113	0.01467	0.01402	0.00891	0.35221	0.32380	0.02730	0.02312	0.02196	0.11987	0.00805	0.00572	0.00178	0.00493	0.00645	0.00552	0.00848
7	0.02485	0.00943	0.01285	0.00985	0.01414	0.00814	0.00814	0.02699	0.01585	0.77465	0.02185	0.01885	0.01371	0.00685	0.00557	0.00171	0.00471	0.00557	0.00685	0.00943
8	0.01549	0.01187	0.01284	0.01121	0.01456	0.01338	0.00882	0.07825	0.62858	0.10701	0.02184	0.01996	0.01604	0.00738	0.00562	0.00185	0.00454	0.00610	0.00576	0.00888
9	0.01378	0.01190	0.01252	0.01127	0.01440	0.01378	0.00877	0.02943	0.76081	0.02317	0.02254	0.02066	0.01691	0.00751	0.00564	0.00188	0.00438	0.00626	0.00564	0.00877
10	0.12845	0.00997	0.01541	0.68103	0.03426	0.01232	0.01405	0.01445	0.01084	0.01566	0.00954	0.01395	0.00719	0.00548	0.00524	0.00183	0.00694	0.00465	0.00260	0.00613
11	0.00717	0.00512	0.00691	0.00819	0.00870	0.00486	0.00587	0.00844	0.01102	0.01461	0.03029	0.65928	0.03571	0.01696	0.00718	0.00231	0.00358	0.15408	0.00513	0.00461
12	0.01378	0.01190	0.01252	0.01127	0.01440	0.01378	0.00877	0.02943	0.76081	0.02317	0.02254	0.02066	0.01691	0.00751	0.00564	0.00188	0.00438	0.00626	0.00564	0.00877
13	0.00675	0.00482	0.00643	0.00771	0.00803	0.00450	0.00514	0.00771	0.01060	0.01414	0.03053	0.80175	0.03663	0.01735	0.00707	0.00225	0.00321	0.01574	0.00514	0.00450
