[name]
unknown

[dist]
# distance from previous block
# <min> <max>
0	700

[block]
# block no. 0 follows, 50 sequences, length 23
# corresponding to MSA columns:
# 700-722
name=unknown_A
#
# <colnr> <probs for GDERKNQSTAVLIFYWHMCP>
#	G	D	E	R	K	N	Q	S	T	A	V	L	I	F	Y	W	H	M	C	P
0	0.01364	0.00823	0.05181	0.00909	0.01200	0.00675	0.00804	0.01597	0.01228	0.29805	0.02063	0.03331	0.01866	0.00916	0.00566	0.00177	0.00449	0.34306	0.00480	0.12262
1	0.06055	0.04083	0.04193	0.01254	0.12003	0.02444	0.00928	0.05336	0.01298	0.46256	0.01480	0.01431	0.01005	0.00598	0.00603	0.00158	0.09176	0.00456	0.00467	0.00776
2	0.01277	0.63838	0.04061	0.01011	0.06988	0.01718	0.00888	0.01465	0.01025	0.01277	0.00742	0.00869	0.00664	0.00421	0.00343	0.00106	0.00519	0.00286	0.00227	0.12275
3	0.00727	0.00565	0.00805	0.00990	0.11498	0.00535	0.00609	0.00894	0.01142	0.01575	0.29022	0.42009	0.05289	0.01213	0.00599	0.00178	0.00311	0.01096	0.00463	0.00481
4	0.01174	0.00997	0.01343	0.01468	0.24243	0.00920	0.00903	0.12490	0.01307	0.01899	0.11657	0.01485	0.01312	0.00514	0.00455	0.00118	0.00443	0.00445	0.00345	0.36482
5	0.12960	0.25180	0.01908	0.05237	0.34254	0.01358	0.01106	0.01592	0.01084	0.09622	0.00936	0.01099	0.00752	0.00462	0.00418	0.00138	0.00532	0.00374	0.00282	0.00707
6	0.01125	0.00853	0.01370	0.43124	0.02398	0.00945	0.06636	0.04687	0.01219	0.12279	0.18421	0.01906	0.01654	0.00629	0.00525	0.00162	0.00544	0.00564	0.00362	0.00597
7	0.01051	0.23676	0.48428	0.01149	0.01702	0.01282	0.01367	0.01439	0.00997	0.01387	0.00933	0.01287	0.00795	0.11689	0.00715	0.00189	0.00648	0.00390	0.00224	0.00651
8	0.00709	0.00613	0.00850	0.11710	0.01202	0.00584	0.05744	0.00912	0.01190	0.01529	0.24276	0.05601	0.41138	0.01042	0.00577	0.00166	0.00345	0.00905	0.00439	0.00469
9	0.01032	0.02387	0.69238	0.01645	0.12729	0.01161	0.01799	0.01572	0.01064	0.01585	0.00900	0.01077	0.00653	0.00470	0.00476	0.00157	0.00717	0.00379	0.00215	0.00744
10	0.01433	0.03193	0.01522	0.09938	0.22286	0.38821	0.01108	0.01634	0.01205	0.01324	0.00903	0.01175	0.00766	0.00933	0.11425	0.00229	0.00846	0.00394	0.00251	0.00615
11	0.01573	0.00705	0.00926	0.00759	0.01039	0.00615	0.00608	0.01768	0.01379	0.46853	0.23394	0.02712	0.13855	0.00823	0.00538	0.00157	0.00347	0.00693	0.00575	0.00681
12	0.01040	0.02300	0.62792	0.01597	0.04291	0.01178	0.16637	0.01581	0.01079	0.01583	0.00918	0.01114	0.00660	0.00462	0.00497	0.00160	0.00753	0.00413	0.00220	0.00725
13	0.00725	0.00483	0.00544	0.00544	0.00544	0.00483	0.00302	0.00725	0.00725	0.00966	0.01571	0.03262	0.01812	0.82483	0.02537	0.00483	0.00483	0.00725	0.00302	0.00302
14	0.01248	0.00630	0.00837	0.00716	0.00931	0.00562	0.00561	0.01465	0.01409	0.29680	0.49667	0.03029	0.05427	0.00882	0.00557	0.00156	0.00303	0.00763	0.00571	0.00604
15	0.00725	0.00483	0.00544	0.00544	0.00544	0.00483	0.00302	0.00725	0.00725	0.00966	0.01571	0.03262	0.01812	0.82483	0.02537	0.00483	0.00483	0.00725	0.00302	0.00302
16	0.19175	0.01804	0.34392	0.01159	0.01681	0.01292	0.01239	0.29605	0.01485	0.02292	0.00964	0.01055	0.00692	0.00517	0.00448	0.00154	0.00594	0.00377	0.00337	0.00736
17	0.00651	0.00507	0.00591	0.00570	0.00711	0.00447	0.00427	0.00835	0.01282	0.01694	0.44492	0.04225	0.39512	0.01133	0.00588	0.00162	0.00243	0.00972	0.00509	0.00447
18	0.00744	0.00543	0.00781	0.00829	0.00921	0.00589	0.00670	0.00929	0.00936	0.01280	0.01901	0.06479	0.01975	0.06678	0.42963	0.00543	0.00917	0.29532	0.00350	0.00442
19	0.37023	0.43943	0.01837	0.00836	0.01217	0.01574	0.04812	0.01487	0.00952	0.01644	0.00710	0.00833	0.00604	0.00441	0.00329	0.00130	0.00487	0.00285	0.00255	0.00599
20	0.03882	0.00902	0.01009	0.00845	0.01074	0.00967	0.00662	0.35199	0.01542	0.05558	0.01309	0.05455	0.01072	0.00891	0.00790	0.19092	0.00433	0.00494	0.18227	0.00596
21	0.09008	0.30335	0.14908	0.00901	0.01370	0.01261	0.00904	0.01522	0.01049	0.08718	0.00901	0.00994	0.00713	0.00439	0.00376	0.00114	0.00496	0.00314	0.00283	0.25395
22	0.77415	0.06525	0.00883	0.00690	0.01005	0.03896	0.00575	0.01485	0.00879	0.02130	0.00697	0.00812	0.00550	0.00462	0.00314	0.00150	0.00413	0.00271	0.00300	0.00548

[dist]
# distance from previous block
# <min> <max>
0	2

[block]
# block no. 1 follows, 50 sequences, length 128
# corresponding to MSA columns:
# 725-852
name=unknown_B
#
# <colnr> <probs for GDERKNQSTAVLIFYWHMCP>
#	G	D	E	R	K	N	Q	S	T	A	V	L	I	F	Y	W	H	M	C	P
0	0.41773	0.01092	0.01473	0.01387	0.13736	0.01160	0.17340	0.06491	0.03298	0.03602	0.00929	0.01102	0.00714	0.00473	0.00421	0.00155	0.00522	0.00398	0.03296	0.00638
1	0.00646	0.00522	0.00584	0.00611	0.00764	0.00460	0.00486	0.00802	0.01150	0.01409	0.07476	0.04955	0.57475	0.01280	0.00613	0.00183	0.00302	0.19383	0.00465	0.00432
2	0.01333	0.82783	0.02612	0.00853	0.01279	0.01972	0.00853	0.01493	0.01013	0.01173	0.00693	0.00800	0.00640	0.00426	0.00320	0.00107	0.00533	0.00267	0.00213	0.00640
3	0.02169	0.00828	0.01121	0.00865	0.01237	0.00719	0.00713	0.02363	0.01407	0.75678	0.01949	0.01705	0.01236	0.00615	0.00493	0.00152	0.00414	0.00499	0.05008	0.00828
4	0.00846	0.00701	0.00781	0.00770	0.00888	0.07501	0.00594	0.02343	0.01190	0.01582	0.32749	0.03447	0.04504	0.09752	0.15474	0.00320	0.00569	0.15101	0.00427	0.00461
5	0.01332	0.77569	0.02515	0.00859	0.01273	0.01913	0.00845	0.04149	0.01058	0.01245	0.00769	0.03138	0.00723	0.00465	0.00335	0.00111	0.00527	0.00306	0.00230	0.00640
6	0.00603	0.00450	0.00561	0.00650	0.00711	0.00409	0.00443	0.00699	0.00997	0.01290	0.03287	0.64012	0.21093	0.01491	0.00625	0.00194	0.00281	0.01331	0.00463	0.00409
7	0.76999	0.00956	0.00764	0.00664	0.00987	0.01070	0.00545	0.01443	0.00868	0.02171	0.00714	0.00833	0.00561	0.00453	0.00315	0.00146	0.00384	0.00273	0.00307	0.09546
8	0.01470	0.58568	0.02242	0.00968	0.01349	0.23511	0.00876	0.01623	0.01123	0.01197	0.00719	0.00833	0.00643	0.00449	0.00357	0.00112	0.00629	0.00282	0.00227	0.02820
9	0.01897	0.00773	0.01048	0.00829	0.01155	0.00674	0.00674	0.02099	0.01423	0.62497	0.19060	0.02146	0.02003	0.00706	0.00520	0.00155	0.00382	0.00590	0.00602	0.00765
10	0.00607	0.00434	0.00578	0.00694	0.00723	0.00405	0.00463	0.00694	0.00954	0.01272	0.02747	0.82157	0.03297	0.01562	0.00636	0.00202	0.00289	0.01417	0.00463	0.00405
11	0.00941	0.00886	0.01495	0.81285	0.03433	0.01107	0.01384	0.01274	0.00997	0.01274	0.00886	0.01329	0.00664	0.00498	0.00498	0.00166	0.00664	0.00443	0.00221	0.00554
12	0.02209	0.00893	0.01184	0.00908	0.01295	0.00799	0.00750	0.08538	0.01501	0.73504	0.01904	0.01656	0.01203	0.00615	0.00501	0.00154	0.00434	0.00497	0.00607	0.00848
13	0.00607	0.00434	0.00578	0.00694	0.00723	0.00405	0.00463	0.00694	0.00954	0.01272	0.02747	0.82157	0.03297	0.01562	0.00636	0.00202	0.00289	0.01417	0.00463	0.00405
14	0.01862	0.02376	0.01413	0.01284	0.01541	0.80482	0.00963	0.01990	0.01413	0.01220	0.00770	0.00899	0.00642	0.00514	0.00449	0.00128	0.00899	0.00321	0.00257	0.00578
15	0.00635	0.00436	0.00568	0.00674	0.00711	0.00410	0.00453	0.00735	0.00962	0.01323	0.02650	0.75168	0.03121	0.01476	0.00611	0.00195	0.00284	0.01334	0.07842	0.00410
16	0.01862	0.02376	0.01413	0.01284	0.01541	0.80482	0.00963	0.01990	0.01413	0.01220	0.00770	0.00899	0.00642	0.00514	0.00449	0.00128	0.00899	0.00321	0.00257	0.00578
17	0.01034	0.00886	0.01034	0.00738	0.01181	0.00664	0.00591	0.01255	0.01034	0.01624	0.00886	0.01034	0.00738	0.00369	0.00369	0.00074	0.00369	0.00295	0.00295	0.85530
18	0.01240	0.01071	0.01127	0.01014	0.01296	0.01240	0.00789	0.02649	0.78473	0.02085	0.02029	0.01860	0.01522	0.00676	0.00507	0.00169	0.00394	0.00564	0.00507	0.00789
19	0.00606	0.00439	0.00573	0.00679	0.00719	0.00406	0.00456	0.00696	0.00969	0.01278	0.02929	0.76049	0.09288	0.01538	0.00632	0.00200	0.00286	0.01388	0.00463	0.00406
20	0.01787	0.15726	0.19532	0.01008	0.01482	0.01063	0.01013	0.03339	0.01283	0.46580	0.01482	0.01382	0.00984	0.00550	0.00463	0.00147	0.00517	0.00428	0.00450	0.00786
21	0.00646	0.00468	0.00615	0.00715	0.00759	0.00450	0.00492	0.00789	0.03689	0.01317	0.04068	0.70710	0.03167	0.03193	0.02280	0.00220	0.00326	0.05217	0.00458	0.00421
22	0.00625	0.00501	0.00501	0.00501	0.00663	0.00425	0.00375	0.00763	0.01126	0.01401	0.04687	0.04486	0.70916	0.01190	0.00564	0.00163	0.00250	0.00990	0.09448	0.00425
23	0.23111	0.02125	0.56119	0.01211	0.01817	0.02841	0.01464	0.01579	0.02516	0.01752	0.00862	0.01002	0.00625	0.00476	0.00431	0.00157	0.00642	0.00346	0.00243	0.00683
24	0.01234	0.01184	0.02023	0.03059	0.79373	0.01184	0.01530	0.01530	0.01135	0.01628	0.00938	0.01234	0.00790	0.00444	0.00493	0.00148	0.00592	0.00444	0.00247	0.00790
25	0.00781	0.00558	0.00777	0.00892	0.00997	0.00554	0.00764	0.00994	0.01125	0.01466	0.02652	0.14426	0.02918	0.01398	0.00682	0.00226	0.00439	0.67437	0.00459	0.00453
26	0.86003	0.00964	0.00733	0.00655	0.00964	0.01118	0.00540	0.01465	0.00848	0.02236	0.00694	0.00810	0.00540	0.00463	0.00308	0.00154	0.00386	0.00270	0.00308	0.00540
27	0.77126	0.00952	0.00778	0.00680	0.00997	0.01077	0.00560	0.01567	0.00910	0.10447	0.00829	0.00904	0.00613	0.00479	0.00329	0.00154	0.00390	0.00294	0.00341	0.00572
28	0.01255	0.01078	0.01136	0.01018	0.01302	0.01247	0.00793	0.04425	0.76671	0.02110	0.02009	0.01844	0.01506	0.00674	0.00507	0.00169	0.00398	0.00561	0.00507	0.00790
29	0.01218	0.01228	0.02275	0.02796	0.58279	0.01205	0.22422	0.01548	0.01146	0.01620	0.00957	0.01264	0.00780	0.00438	0.00520	0.00154	0.00660	0.00484	0.00248	0.00757
30	0.01220	0.01176	0.02025	0.06194	0.74348	0.01183	0.03464	0.01521	0.01130	0.01613	0.00937	0.01240	0.00784	0.00446	0.00496	0.00149	0.00601	0.00448	0.00246	0.00777
31	0.00957	0.00902	0.01523	0.77198	0.07400	0.01111	0.01392	0.01287	0.01004	0.01292	0.00889	0.01324	0.00671	0.00496	0.00498	0.00165	0.00661	0.00443	0.00223	0.00566
32	0.47182	0.01504	0.01080	0.01033	0.05049	0.30588	0.00768	0.01653	0.01068	0.01787	0.00733	0.00875	0.00595	0.00497	0.00423	0.00147	0.03864	0.00304	0.00283	0.00566
33	0.00990	0.02524	0.77876	0.01402	0.02121	0.01138	0.01806	0.01556	0.01050	0.01571	0.00942	0.03122	0.00699	0.00501	0.00478	0.00159	0.00725	0.00395	0.00217	0.00728
34	0.01234	0.01184	0.02023	0.03059	0.79373	0.01184	0.01530	0.01530	0.01135	0.01628	0.00938	0.01234	0.00790	0.00444	0.00493	0.00148	0.00592	0.00444	0.00247	0.00790
35	0.01166	0.01103	0.01868	0.05877	0.68476	0.01112	0.01429	0.01449	0.01113	0.01581	0.01082	0.05566	0.00979	0.00606	0.02400	0.00169	0.00593	0.02425	0.00263	0.00744
36	0.00613	0.00491	0.00548	0.00566	0.00696	0.00426	0.00412	0.00750	0.01145	0.01444	0.17374	0.20866	0.50350	0.01283	0.00599	0.00173	0.00257	0.01103	0.00478	0.00426
37	0.01269	0.01168	0.01782	0.02472	0.56684	0.01216	0.01323	0.05750	0.19672	0.01816	0.01212	0.01381	0.00967	0.00508	0.00497	0.00153	0.00543	0.00473	0.00322	0.00792
38	0.00693	0.00487	0.00608	0.00653	0.00704	0.00469	0.00451	0.00791	0.00969	0.01293	0.12688	0.26578	0.06833	0.31566	0.01343	0.00303	0.00378	0.12394	0.00414	0.00384
39	0.01186	0.47387	0.36720	0.01103	0.01667	0.01613	0.01289	0.01530	0.01030	0.01352	0.00782	0.00911	0.00636	0.00447	0.00388	0.00129	0.00623	0.00311	0.00212	0.00682
40	0.01000	0.02578	0.79900	0.01421	0.02157	0.01158	0.01842	0.01579	0.01052	0.01579	0.00895	0.01052	0.00631	0.00474	0.00474	0.00158	0.00737	0.00368	0.00210	0.00737
41	0.00725	0.00483	0.00544	0.00544	0.00544	0.00483	0.00302	0.00725	0.00725	0.00966	0.01571	0.03262	0.01812	0.82483	0.02537	0.00483	0.00483	0.00725	0.00302	0.00302
42	0.00607	0.00435	0.00577	0.00690	0.00722	0.00405	0.00461	0.00694	0.00958	0.01274	0.02793	0.80614	0.04810	0.01556	0.00635	0.00202	0.00288	0.01410	0.00463	0.00405
43	0.01034	0.00886	0.01034	0.00738	0.01181	0.00664	0.00591	0.01255	0.01034	0.01624	0.00886	0.01034	0.00738	0.00369	0.00369	0.00074	0.00369	0.00295	0.00295	0.85530
44	0.00589	0.00505	0.00505	0.00505	0.00673	0.00421	0.00379	0.00715	0.01136	0.01347	0.05049	0.04797	0.79171	0.01262	0.00589	0.00168	0.00252	0.01052	0.00463	0.00421
45	0.00716	0.00520	0.00729	0.00729	0.00793	0.00584	0.00533	0.00844	0.00780	0.01104	0.01401	0.02324	0.01405	0.25861	0.58602	0.00712	0.01096	0.00588	0.00277	0.00405
46	0.09771	0.01217	0.01339	0.01035	0.01422	0.01299	0.00855	0.51517	0.01972	0.22520	0.01346	0.01288	0.00917	0.00591	0.00482	0.00151	0.00502	0.00446	0.00511	0.00819
47	0.01176	0.01345	0.02941	0.02101	0.02605	0.01261	0.77563	0.01597	0.01176	0.01597	0.01008	0.01345	0.00756	0.00420	0.00588	0.00168	0.00840	0.00588	0.00252	0.00672
48	0.00705	0.00510	0.00666	0.00627	0.00745	0.00470	0.00470	0.00941	0.01411	0.01999	0.79110	0.03723	0.04703	0.01019	0.00588	0.00157	0.00235	0.00901	0.00549	0.00470
49	0.01224	0.01175	0.02006	0.05619	0.76888	0.01182	0.01525	0.01521	0.01130	0.01617	0.00936	0.01237	0.00785	0.00446	0.00494	0.00149	0.00595	0.00444	0.00246	0.00782
50	0.01278	0.01135	0.01911	0.02819	0.71075	0.01126	0.01435	0.01564	0.01165	0.06739	0.04188	0.01365	0.00978	0.00479	0.00498	0.00149	0.00567	0.00466	0.00283	0.00780
51	0.01046	0.08066	0.66195	0.01382	0.02058	0.01224	0.04787	0.01643	0.06106	0.01584	0.00959	0.01099	0.00695	0.00481	0.00470	0.00155	0.00704	0.00383	0.00232	0.00731
52	0.01234	0.01184	0.02023	0.03059	0.79373	0.01184	0.01530	0.01530	0.01135	0.01628	0.00938	0.01234	0.00790	0.00444	0.00493	0.00148	0.00592	0.00444	0.00247	0.00790
53	0.01102	0.27150	0.56222	0.01247	0.01888	0.01407	0.01539	0.01552	0.01040	0.01454	0.00833	0.00975	0.00634	0.00459	0.00426	0.00142	0.00674	0.00337	0.00211	0.00707
54	0.01154	0.01285	0.02739	0.01986	0.02457	0.01215	0.69886	0.01597	0.03891	0.01607	0.01150	0.01640	0.00920	0.00491	0.00592	0.00172	0.00800	0.05480	0.00274	0.00663
55	0.86003	0.00964	0.00733	0.00655	0.00964	0.01118	0.00540	0.01465	0.00848	0.02236	0.00694	0.00810	0.00540	0.00463	0.00308	0.00154	0.00386	0.00270	0.00308	0.00540
56	0.01031	0.00563	0.00574	0.00537	0.00683	0.00579	0.00412	0.09274	0.01183	0.01994	0.01581	0.01788	0.01232	0.00583	0.00364	0.00120	0.00266	0.00463	0.76268	0.00505
57	0.00713	0.00529	0.00776	0.00776	0.00856	0.00609	0.00592	0.00874	0.00794	0.01138	0.01358	0.02086	0.01302	0.11477	0.72844	0.00770	0.01251	0.00553	0.00270	0.00431
58	0.01000	0.02578	0.79900	0.01421	0.02157	0.01158	0.01842	0.01579	0.01052	0.01579	0.00895	0.01052	0.00631	0.00474	0.00474	0.00158	0.00737	0.00368	0.00210	0.00737
59	0.01333	0.82783	0.02612	0.00853	0.01279	0.01972	0.00853	0.01493	0.01013	0.01173	0.00693	0.00800	0.00640	0.00426	0.00320	0.00107	0.00533	0.00267	0.00213	0.00640
60	0.00725	0.00483	0.00544	0.00544	0.00544	0.00483	0.00302	0.00725	0.00725	0.00966	0.01571	0.03262	0.01812	0.82483	0.02537	0.00483	0.00483	0.00725	0.00302	0.00302
61	0.00611	0.00477	0.00558	0.00618	0.00719	0.00423	0.00445	0.00726	0.01054	0.01322	0.03840	0.40204	0.39518	0.01407	0.00617	0.00188	0.00283	0.06110	0.00463	0.00416
62	0.01000	0.02578	0.79900	0.01421	0.02157	0.01158	0.01842	0.01579	0.01052	0.01579	0.00895	0.01052	0.00631	0.00474	0.00474	0.00158	0.00737	0.00368	0.00210	0.00737
63	0.00929	0.00465	0.00465	0.00465	0.00581	0.00465	0.00348	0.01161	0.01045	0.01858	0.01626	0.01858	0.01278	0.00581	0.00348	0.00116	0.00232	0.00465	0.85250	0.00465
64	0.00607	0.00434	0.00578	0.00694	0.00723	0.00405	0.00463	0.00694	0.00954	0.01272	0.02747	0.82157	0.03297	0.01562	0.00636	0.00202	0.00289	0.01417	0.00463	0.00405
65	0.01234	0.01184	0.02023	0.03059	0.79373	0.01184	0.01530	0.01530	0.01135	0.01628	0.00938	0.01234	0.00790	0.00444	0.00493	0.00148	0.00592	0.00444	0.00247	0.00790
66	0.00607	0.00434	0.00578	0.00694	0.00723	0.00405	0.00463	0.00694	0.00954	0.01272	0.02747	0.82157	0.03297	0.01562	0.00636	0.00202	0.00289	0.01417	0.00463	0.00405
67	0.00712	0.00534	0.00801	0.00801	0.00890	0.00623	0.00623	0.00890	0.00801	0.01157	0.01335	0.01958	0.01246	0.03738	0.80507	0.00801	0.01335	0.00534	0.00267	0.00445
68	0.01333	0.82783	0.02612	0.00853	0.01279	0.01972	0.00853	0.01493	0.01013	0.01173	0.00693	0.00800	0.00640	0.00426	0.00320	0.00107	0.00533	0.00267	0.00213	0.00640
69	0.01234	0.01184	0.02023	0.03059	0.79373	0.01184	0.01530	0.01530	0.01135	0.01628	0.00938	0.01234	0.00790	0.00444	0.00493	0.00148	0.00592	0.00444	0.00247	0.00790
70	0.01416	0.02146	0.36142	0.01429	0.01949	0.25008	0.13184	0.01794	0.01219	0.09626	0.00987	0.01119	0.00717	0.00492	0.00487	0.00150	0.00769	0.00402	0.00273	0.00691
71	0.01000	0.02578	0.79900	0.01421	0.02157	0.01158	0.01842	0.01579	0.01052	0.01579	0.00895	0.01052	0.00631	0.00474	0.00474	0.00158	0.00737	0.00368	0.00210	0.00737
72	0.01706	0.26067	0.01766	0.01157	0.01464	0.57349	0.00931	0.01844	0.01295	0.01206	0.00748	0.00870	0.00641	0.00488	0.00411	0.00122	0.00791	0.00305	0.00244	0.00596
73	0.86003	0.00964	0.00733	0.00655	0.00964	0.01118	0.00540	0.01465	0.00848	0.02236	0.00694	0.00810	0.00540	0.00463	0.00308	0.00154	0.00386	0.00270	0.00308	0.00540
74	0.01181	0.01008	0.01088	0.00990	0.01243	0.01164	0.00767	0.03667	0.66997	0.01989	0.02003	0.06958	0.01595	0.00893	0.04684	0.00204	0.01725	0.00612	0.00487	0.00744
75	0.00803	0.00574	0.00803	0.00918	0.01033	0.00574	0.00803	0.01033	0.01147	0.01492	0.02639	0.05622	0.02869	0.01377	0.00688	0.00229	0.00459	0.76018	0.00459	0.00459
76	0.00646	0.00461	0.00622	0.00738	0.00784	0.00438	0.00530	0.00760	0.00992	0.01315	0.02726	0.67139	0.03213	0.01525	0.00646	0.00208	0.00323	0.16056	0.00462	0.00415
77	0.00607	0.00436	0.00576	0.00688	0.00721	0.00405	0.00460	0.00695	0.00960	0.01275	0.02822	0.79641	0.05765	0.01552	0.00635	0.00201	0.00288	0.01405	0.00463	0.00405
78	0.02236	0.00848	0.01157	0.00887	0.01272	0.00733	0.00733	0.02429	0.01427	0.79719	0.01966	0.01697	0.01234	0.00617	0.00501	0.00154	0.00424	0.00501	0.00617	0.00848
79	0.01000	0.02578	0.79900	0.01421	0.02157	0.01158	0.01842	0.01579	0.01052	0.01579	0.00895	0.01052	0.00631	0.00474	0.00474	0.00158	0.00737	0.00368	0.00210	0.00737
80	0.00607	0.00434	0.00578	0.00694	0.00723	0.00405	0.00463	0.00694	0.00954	0.01272	0.02747	0.82157	0.03297	0.01562	0.00636	0.00202	0.00289	0.01417	0.00463	0.00405
81	0.01239	0.01587	0.12657	0.01765	0.02234	0.10407	0.47647	0.01769	0.11120	0.01607	0.01091	0.01317	0.00823	0.00478	0.00563	0.00163	0.02047	0.00523	0.00279	0.00683
82	0.01091	0.01091	0.01527	0.01309	0.01309	0.01527	0.01091	0.01200	0.00763	0.01200	0.00654	0.01091	0.00654	0.00872	0.01636	0.00218	0.81570	0.00436	0.00218	0.00545
83	0.02047	0.01155	0.01296	0.01012	0.01391	0.06132	0.00828	0.29957	0.04899	0.43534	0.01611	0.01469	0.01067	0.00606	0.00497	0.00151	0.00499	0.00473	0.00546	0.00828
84	0.00607	0.00434	0.00578	0.00694	0.00723	0.00405	0.00463	0.00694	0.00954	0.01272	0.02747	0.82157	0.03297	0.01562	0.00636	0.00202	0.00289	0.01417	0.00463	0.00405
85	0.00823	0.00664	0.00861	0.01020	0.09193	0.00684	0.00653	0.01244	0.19253	0.01502	0.02386	0.54647	0.02612	0.01234	0.00591	0.00189	0.00346	0.01113	0.00450	0.00536
86	0.02160	0.00971	0.01233	0.00945	0.01334	0.00915	0.00781	0.19296	0.01632	0.62562	0.01794	0.01585	0.01147	0.00613	0.00501	0.00153	0.00452	0.00489	0.00590	0.00848
87	0.00607	0.00434	0.00578	0.00694	0.00723	0.00405	0.00463	0.00694	0.00954	0.01272	0.02747	0.82157	0.03297	0.01562	0.00636	0.00202	0.00289	0.01417	0.00463	0.00405
88	0.86003	0.00964	0.00733	0.00655	0.00964	0.01118	0.00540	0.01465	0.00848	0.02236	0.00694	0.00810	0.00540	0.00463	0.00308	0.00154	0.00386	0.00270	0.00308	0.00540
89	0.01000	0.02578	0.79900	0.01421	0.02157	0.01158	0.01842	0.01579	0.01052	0.01579	0.00895	0.01052	0.00631	0.00474	0.00474	0.00158	0.00737	0.00368	0.00210	0.00737
90	0.01459	0.01388	0.01768	0.13569	0.27144	0.15552	0.08944	0.16317	0.01412	0.04751	0.01008	0.01219	0.00777	0.00501	0.00495	0.00149	0.00662	0.00440	0.01731	0.00713
91	0.00607	0.00434	0.00578	0.00694	0.00723	0.00405	0.00463	0.00694	0.00954	0.01272	0.02747	0.82157	0.03297	0.01562	0.00636	0.00202	0.00289	0.01417	0.00463	0.00405
92	0.01382	0.56032	0.11820	0.00987	0.01432	0.06802	0.00988	0.09657	0.04203	0.01470	0.00828	0.00920	0.00695	0.00466	0.00373	0.00121	0.00578	0.00313	0.00257	0.00675
93	0.01330	0.71751	0.07087	0.02991	0.01401	0.05976	0.00931	0.01518	0.01035	0.01202	0.00714	0.00833	0.00640	0.00436	0.00340	0.00112	0.00567	0.00280	0.00216	0.00640
94	0.01065	0.20981	0.43135	0.01166	0.01689	0.04178	0.01352	0.01460	0.01091	0.01482	0.05596	0.01786	0.01184	0.00623	0.00473	0.00155	0.00627	0.11038	0.00267	0.00653
95	0.01093	0.01925	0.39139	0.01781	0.02394	0.01212	0.41947	0.01588	0.01118	0.01588	0.00955	0.01207	0.00698	0.00445	0.00534	0.00163	0.00792	0.00485	0.00233	0.00703
96	0.00676	0.00487	0.00640	0.00647	0.00738	0.00451	0.00468	0.00866	0.01274	0.01780	0.56151	0.27306	0.04280	0.01182	0.00602	0.00170	0.00251	0.01056	0.00523	0.00451
97	0.01144	0.12010	0.57186	0.01275	0.01903	0.01238	0.01540	0.01736	0.09276	0.06562	0.01059	0.01148	0.00765	0.00498	0.00460	0.00153	0.00656	0.00385	0.00268	0.00738
98	0.01465	0.03892	0.19152	0.01172	0.01564	0.24056	0.01078	0.03547	0.28640	0.08382	0.01353	0.01346	0.01006	0.00570	0.00477	0.00152	0.00627	0.00434	0.00369	0.00718
99	0.00648	0.00465	0.00615	0.00666	0.00732	0.00432	0.00466	0.00797	0.01144	0.01575	0.34535	0.49507	0.03882	0.01336	0.00616	0.00183	0.00267	0.01202	0.00498	0.00432
100	0.00728	0.00487	0.00555	0.00559	0.00564	0.00487	0.00323	0.00738	0.00743	0.00988	0.01615	0.03361	0.01856	0.79086	0.02460	0.00473	0.00482	0.03878	0.00309	0.00309
101	0.03319	0.00990	0.01510	0.01787	0.33778	0.00928	0.01061	0.02037	0.01295	0.45825	0.01515	0.01488	0.01036	0.00542	0.00495	0.00152	0.00493	0.00473	0.00457	0.00818
102	0.01333	0.82783	0.02612	0.00853	0.01279	0.01972	0.00853	0.01493	0.01013	0.01173	0.00693	0.00800	0.00640	0.00426	0.00320	0.00107	0.00533	0.00267	0.00213	0.00640
103	0.00929	0.00465	0.00465	0.00465	0.00581	0.00465	0.00348	0.01161	0.01045	0.01858	0.01626	0.01858	0.01278	0.00581	0.00348	0.00116	0.00232	0.00465	0.85250	0.00465
104	0.00791	0.00565	0.00790	0.00904	0.01014	0.00563	0.00783	0.01012	0.01136	0.01478	0.02646	0.10266	0.02895	0.01388	0.00685	0.00228	0.00449	0.71492	0.00459	0.00456
105	0.01317	0.78533	0.02530	0.00847	0.01274	0.01904	0.00839	0.01480	0.01014	0.01196	0.00703	0.00812	0.00645	0.00423	0.00322	0.00105	0.00525	0.00268	0.00217	0.05045
106	0.01032	0.00974	0.05126	0.00774	0.01232	0.00690	0.00656	0.01272	0.01035	0.01622	0.00886	0.01035	0.00733	0.00375	0.00375	0.00078	0.00388	0.00299	0.00291	0.81130
107	0.01000	0.02578	0.79900	0.01421	0.02157	0.01158	0.01842	0.01579	0.01052	0.01579	0.00895	0.01052	0.00631	0.00474	0.00474	0.00158	0.00737	0.00368	0.00210	0.00737
108	0.01360	0.78610	0.02550	0.00875	0.01293	0.06046	0.00859	0.01518	0.01034	0.01175	0.00697	0.00805	0.00640	0.00431	0.00327	0.00108	0.00552	0.00269	0.00215	0.00636
109	0.01294	0.73515	0.11543	0.00918	0.01381	0.01878	0.00967	0.01502	0.01017	0.01220	0.00716	0.00829	0.00639	0.00432	0.00338	0.00113	0.00557	0.00278	0.00213	0.00651
110	0.01159	0.40883	0.42988	0.01150	0.01738	0.01547	0.01369	0.01537	0.01033	0.01385	0.00798	0.00932	0.00635	0.00451	0.00400	0.00133	0.00639	0.00320	0.00212	0.00690
111	0.86003	0.00964	0.00733	0.00655	0.00964	0.01118	0.00540	0.01465	0.00848	0.02236	0.00694	0.00810	0.00540	0.00463	0.00308	0.00154	0.00386	0.00270	0.00308	0.00540
112	0.01227	0.01406	0.05223	0.01076	0.01277	0.31755	0.05694	0.01395	0.01145	0.01272	0.01452	0.03814	0.01483	0.18107	0.03493	0.00254	0.00699	0.18412	0.00315	0.00499
113	0.00589	0.00505	0.00505	0.00505	0.00673	0.00421	0.00379	0.00715	0.01136	0.01347	0.05049	0.04797	0.79171	0.01262	0.00589	0.00168	0.00252	0.01052	0.00463	0.00421
114	0.01008	0.00867	0.01081	0.00788	0.01188	0.00676	0.04554	0.01217	0.01008	0.01553	0.00965	0.01286	0.00853	0.09074	0.00610	0.00122	0.00406	0.00356	0.00294	0.72095
115	0.00712	0.00534	0.00801	0.00801	0.00890	0.00623	0.00623	0.00890	0.00801	0.01157	0.01335	0.01958	0.01246	0.03738	0.80507	0.00801	0.01335	0.00534	0.00267	0.00445
116	0.13745	0.01135	0.01258	0.00984	0.01361	0.01196	0.00811	0.38270	0.04921	0.29138	0.01423	0.01340	0.00964	0.00589	0.00473	0.00153	0.00477	0.00446	0.00513	0.00802
117	0.01068	0.01031	0.01688	0.01216	0.01666	0.00865	0.27664	0.01355	0.01081	0.01602	0.00996	0.04071	0.00837	0.00430	0.00456	0.00112	0.00532	0.00439	0.00286	0.52605
118	0.00735	0.00559	0.03408	0.00575	0.00602	0.00508	0.00358	0.00756	0.00737	0.00989	0.01546	0.03182	0.01770	0.79522	0.02463	0.00471	0.00492	0.00712	0.00299	0.00318
119	0.00617	0.00462	0.00573	0.00638	0.00714	0.00418	0.00443	0.00735	0.01065	0.01396	0.14427	0.51994	0.21882	0.01410	0.00618	0.00188	0.00272	0.01253	0.00475	0.00418
120	0.01383	0.01197	0.02139	0.10417	0.25748	0.03987	0.30069	0.01705	0.01198	0.15453	0.01136	0.01356	0.00838	0.00474	0.00530	0.00158	0.00675	0.00504	0.00312	0.00723
121	0.01098	0.01030	0.01717	0.45573	0.35225	0.01156	0.01430	0.04140	0.01103	0.01490	0.00919	0.01284	0.00724	0.00479	0.00496	0.00158	0.00630	0.00444	0.00242	0.00663
122	0.00778	0.00557	0.00754	0.00852	0.00949	0.00553	0.00696	0.03689	0.01127	0.01479	0.02623	0.30795	0.02937	0.01410	0.00664	0.00218	0.00406	0.48598	0.00462	0.00455
123	0.00881	0.00570	0.00724	0.00786	0.00912	0.00575	0.00668	0.03840	0.01159	0.01664	0.02275	0.04303	0.02305	0.01103	0.00577	0.00192	0.00392	0.50006	0.26592	0.00475
124	0.01487	0.41661	0.11396	0.01104	0.04297	0.01697	0.01028	0.28317	0.01490	0.01930	0.00903	0.00985	0.00717	0.00493	0.00407	0.00129	0.00565	0.00349	0.00315	0.00730
125	0.06762	0.28672	0.01687	0.11093	0.01547	0.26871	0.00892	0.01545	0.01174	0.01375	0.10834	0.01283	0.01161	0.00554	0.00452	0.00133	0.02718	0.00393	0.00278	0.00578
126	0.01009	0.00944	0.05126	0.00985	0.06384	0.03570	0.00772	0.01225	0.01058	0.01528	0.01303	0.02169	0.01249	0.00712	0.00563	0.05566	0.00448	0.18392	0.00320	0.46678
127	0.06231	0.11005	0.04138	0.00683	0.00899	0.00730	0.00573	0.01045	0.01225	0.01740	0.41851	0.07114	0.13887	0.00909	0.00521	0.00149	0.00316	0.00770	0.00445	0.05769

[dist]
# distance from previous block
# <min> <max>
0	29

# created by:
# /st0/software/busco_prod/Augustus/scripts/msa2prfl.pl ./align_prep/65912.fa
