[name]
unknown

[dist]
# distance from previous block
# <min> <max>
0	0

[block]
# block no. 0 follows, 50 sequences, length 14
# corresponding to MSA columns:
# 0-13
name=unknown_A
#
# <colnr> <probs for GDERKNQSTAVLIFYWHMCP>
#	G	D	E	R	K	N	Q	S	T	A	V	L	I	F	Y	W	H	M	C	P
0	0.00803	0.00574	0.00803	0.00918	0.01033	0.00574	0.00803	0.01033	0.01147	0.01492	0.02639	0.05622	0.02869	0.01377	0.00688	0.00229	0.00459	0.76018	0.00459	0.00459
1	0.02236	0.00848	0.01157	0.00887	0.01272	0.00733	0.00733	0.02429	0.01427	0.79719	0.01966	0.01697	0.01234	0.00617	0.00501	0.00154	0.00424	0.00501	0.00617	0.00848
2	0.37509	0.01778	0.01124	0.01018	0.01296	0.46859	0.00784	0.01768	0.01173	0.01651	0.00738	0.00861	0.00599	0.00492	0.00390	0.00139	0.00681	0.00299	0.00279	0.00562
3	0.00672	0.00488	0.00633	0.00639	0.00735	0.00449	0.00463	0.00860	0.01269	0.01762	0.53936	0.25696	0.08166	0.01183	0.00601	0.00170	0.00251	0.01053	0.00520	0.00449
4	0.01000	0.02578	0.79900	0.01421	0.02157	0.01158	0.01842	0.01579	0.01052	0.01579	0.00895	0.01052	0.00631	0.00474	0.00474	0.00158	0.00737	0.00368	0.00210	0.00737
5	0.01895	0.01396	0.01496	0.01147	0.01546	0.01546	0.00947	0.77711	0.02344	0.03141	0.01197	0.01197	0.00848	0.00598	0.00499	0.00150	0.00548	0.00449	0.00499	0.00848
6	0.00803	0.00574	0.00803	0.00918	0.01033	0.00574	0.00803	0.01033	0.01147	0.01492	0.02639	0.05622	0.02869	0.01377	0.00688	0.00229	0.00459	0.76018	0.00459	0.00459
7	0.00589	0.00505	0.00505	0.00505	0.00673	0.00421	0.00379	0.00715	0.01136	0.01347	0.05049	0.04797	0.79171	0.01262	0.00589	0.00168	0.00252	0.01052	0.00463	0.00421
8	0.00705	0.00510	0.00666	0.00627	0.00745	0.00470	0.00470	0.00941	0.01411	0.01999	0.79110	0.03723	0.04703	0.01019	0.00588	0.00157	0.00235	0.00901	0.00549	0.00470
9	0.01021	0.07692	0.74973	0.01384	0.02101	0.01210	0.01779	0.01573	0.01050	0.01553	0.00882	0.01036	0.00632	0.00471	0.00464	0.00155	0.00724	0.00362	0.00211	0.00730
10	0.01049	0.14366	0.68541	0.01337	0.02028	0.01277	0.01696	0.01566	0.01047	0.01519	0.00865	0.01015	0.00633	0.00467	0.00451	0.00150	0.00707	0.00353	0.00211	0.00722
11	0.01234	0.01184	0.02023	0.03059	0.79373	0.01184	0.01530	0.01530	0.01135	0.01628	0.00938	0.01234	0.00790	0.00444	0.00493	0.00148	0.00592	0.00444	0.00247	0.00790
12	0.01277	0.01134	0.01660	0.01263	0.01666	0.01122	0.22425	0.10953	0.25751	0.04238	0.01351	0.01422	0.01019	0.00515	0.00494	0.00142	0.00533	0.00487	0.00384	0.22162
13	0.01178	0.01242	0.02507	0.01928	0.07188	0.01216	0.55732	0.01529	0.01121	0.03786	0.01033	0.03525	0.00829	0.00507	0.00688	0.00168	0.09930	0.00567	0.00266	0.05057

[dist]
# distance from previous block
# <min> <max>
0	2

[block]
# block no. 1 follows, 50 sequences, length 20
# corresponding to MSA columns:
# 16-35
name=unknown_B
#
# <colnr> <probs for GDERKNQSTAVLIFYWHMCP>
#	G	D	E	R	K	N	Q	S	T	A	V	L	I	F	Y	W	H	M	C	P
0	0.00855	0.00688	0.00885	0.05986	0.01107	0.00674	0.04128	0.03083	0.11332	0.03546	0.30786	0.05037	0.24489	0.00947	0.00560	0.00160	0.00336	0.00821	0.00472	0.04109
1	0.01211	0.01155	0.01941	0.05574	0.71695	0.01148	0.01464	0.01503	0.01124	0.01616	0.00932	0.01224	0.00782	0.00441	0.00486	0.00144	0.00580	0.00434	0.00249	0.06298
2	0.01457	0.01203	0.01991	0.01458	0.01902	0.01156	0.34374	0.18568	0.05054	0.12386	0.01206	0.01333	0.00873	0.00490	0.00518	0.00147	0.00624	0.00497	0.00374	0.14388
3	0.00639	0.00507	0.00574	0.00557	0.00704	0.00442	0.00418	0.00811	0.01253	0.01625	0.36647	0.04339	0.47399	0.01159	0.00589	0.00163	0.00245	0.00988	0.00499	0.00442
4	0.01333	0.82783	0.02612	0.00853	0.01279	0.01972	0.00853	0.01493	0.01013	0.01173	0.00693	0.00800	0.00640	0.00426	0.00320	0.00107	0.00533	0.00267	0.00213	0.00640
5	0.00941	0.00886	0.01495	0.81285	0.03433	0.01107	0.01384	0.01274	0.00997	0.01274	0.00886	0.01329	0.00664	0.00498	0.00498	0.00166	0.00664	0.00443	0.00221	0.00554
6	0.01000	0.02578	0.79900	0.01421	0.02157	0.01158	0.01842	0.01579	0.01052	0.01579	0.00895	0.01052	0.00631	0.00474	0.00474	0.00158	0.00737	0.00368	0.00210	0.00737
7	0.01234	0.01184	0.02023	0.03059	0.79373	0.01184	0.01530	0.01530	0.01135	0.01628	0.00938	0.01234	0.00790	0.00444	0.00493	0.00148	0.00592	0.00444	0.00247	0.00790
8	0.01240	0.01071	0.01127	0.01014	0.01296	0.01240	0.00789	0.02649	0.78473	0.02085	0.02029	0.01860	0.01522	0.00676	0.00507	0.00169	0.00394	0.00564	0.00507	0.00789
9	0.00929	0.00465	0.00465	0.00465	0.00581	0.00465	0.00348	0.01161	0.01045	0.01858	0.01626	0.01858	0.01278	0.00581	0.00348	0.00116	0.00232	0.00465	0.85250	0.00465
10	0.01034	0.00886	0.01034	0.00738	0.01181	0.00664	0.00591	0.01255	0.01034	0.01624	0.00886	0.01034	0.00738	0.00369	0.00369	0.00074	0.00369	0.00295	0.00295	0.85530
11	0.00615	0.00440	0.00588	0.00703	0.00736	0.00412	0.00477	0.00708	0.00962	0.01281	0.02743	0.78987	0.03279	0.01554	0.00638	0.00204	0.00296	0.04508	0.00463	0.00407
12	0.00607	0.00434	0.00578	0.00694	0.00723	0.00405	0.00463	0.00694	0.00954	0.01272	0.02747	0.82157	0.03297	0.01562	0.00636	0.00202	0.00289	0.01417	0.00463	0.00405
13	0.00607	0.00434	0.00578	0.00694	0.00723	0.00405	0.00463	0.00694	0.00954	0.01272	0.02747	0.82157	0.03297	0.01562	0.00636	0.00202	0.00289	0.01417	0.00463	0.00405
14	0.00941	0.00886	0.01495	0.81285	0.03433	0.01107	0.01384	0.01274	0.00997	0.01274	0.00886	0.01329	0.00664	0.00498	0.00498	0.00166	0.00664	0.00443	0.00221	0.00554
15	0.00705	0.00510	0.00666	0.00627	0.00745	0.00470	0.00470	0.00941	0.01411	0.01999	0.79110	0.03723	0.04703	0.01019	0.00588	0.00157	0.00235	0.00901	0.00549	0.00470
16	0.00725	0.00483	0.00544	0.00544	0.00544	0.00483	0.00302	0.00725	0.00725	0.00966	0.01571	0.03262	0.01812	0.82483	0.02537	0.00483	0.00483	0.00725	0.00302	0.00302
17	0.00929	0.00465	0.00465	0.00465	0.00581	0.00465	0.00348	0.01161	0.01045	0.01858	0.01626	0.01858	0.01278	0.00581	0.00348	0.00116	0.00232	0.00465	0.85250	0.00465
18	0.01895	0.01396	0.01496	0.01147	0.01546	0.01546	0.00947	0.77711	0.02344	0.03141	0.01197	0.01197	0.00848	0.00598	0.00499	0.00150	0.00548	0.00449	0.00499	0.00848
19	0.01282	0.01092	0.01151	0.01023	0.01312	0.01260	0.00799	0.07535	0.73517	0.02154	0.01975	0.01817	0.01478	0.00671	0.00507	0.00168	0.00405	0.00556	0.00507	0.00793

[dist]
# distance from previous block
# <min> <max>
0	1

[block]
# block no. 2 follows, 50 sequences, length 59
# corresponding to MSA columns:
# 37-95
name=unknown_C
#
# <colnr> <probs for GDERKNQSTAVLIFYWHMCP>
#	G	D	E	R	K	N	Q	S	T	A	V	L	I	F	Y	W	H	M	C	P
0	0.86003	0.00964	0.00733	0.00655	0.00964	0.01118	0.00540	0.01465	0.00848	0.02236	0.00694	0.00810	0.00540	0.00463	0.00308	0.00154	0.00386	0.00270	0.00308	0.00540
1	0.00941	0.00886	0.01495	0.81285	0.03433	0.01107	0.01384	0.01274	0.00997	0.01274	0.00886	0.01329	0.00664	0.00498	0.00498	0.00166	0.00664	0.00443	0.00221	0.00554
2	0.01068	0.01057	0.01483	0.01278	0.01283	0.01472	0.01062	0.01181	0.00766	0.01197	0.00696	0.01143	0.00690	0.01046	0.06427	0.00254	0.76697	0.00442	0.00221	0.00539
3	0.01091	0.01091	0.01527	0.01309	0.01309	0.01527	0.01091	0.01200	0.00763	0.01200	0.00654	0.01091	0.00654	0.00872	0.01636	0.00218	0.81570	0.00436	0.00218	0.00545
4	0.01904	0.01382	0.01487	0.01140	0.01539	0.01525	0.00942	0.75783	0.02320	0.05103	0.01216	0.01210	0.00858	0.00599	0.00499	0.00150	0.00545	0.00450	0.00502	0.00848
5	0.01008	0.00690	0.00848	0.00770	0.00964	0.00683	0.00604	0.03129	0.15996	0.09732	0.44687	0.03193	0.03339	0.00914	0.00563	0.00163	0.00318	0.08035	0.00528	0.03833
6	0.01858	0.01652	0.01531	0.01220	0.01586	0.22334	0.03961	0.54769	0.02052	0.02574	0.01077	0.01124	0.00790	0.00569	0.00489	0.00145	0.00652	0.00421	0.00425	0.00770
7	0.01009	0.04911	0.77652	0.01404	0.02132	0.01181	0.01813	0.01576	0.01051	0.01567	0.00889	0.01045	0.00632	0.00472	0.00469	0.00156	0.00731	0.00365	0.00211	0.00734
8	0.00714	0.00528	0.00770	0.00770	0.00849	0.00606	0.00585	0.00870	0.00792	0.01134	0.01363	0.02114	0.01314	0.13151	0.71187	0.00763	0.01233	0.00557	0.00271	0.00428
9	0.01361	0.00932	0.01137	0.01028	0.01280	0.04414	0.03768	0.17747	0.05799	0.14941	0.02040	0.03440	0.01910	0.00970	0.00592	0.00190	0.00503	0.36830	0.00480	0.00639
10	0.00830	0.00700	0.00863	0.00829	0.00896	0.05548	0.00622	0.00954	0.00815	0.01120	0.01276	0.02103	0.01275	0.22045	0.47625	0.00615	0.10628	0.00555	0.00269	0.00431
11	0.81510	0.01039	0.00769	0.00689	0.00995	0.05356	0.00562	0.01493	0.00878	0.02182	0.00698	0.00814	0.00545	0.00465	0.00316	0.00153	0.00413	0.00273	0.00306	0.00542
12	0.01801	0.02203	0.01478	0.01454	0.09319	0.68235	0.01019	0.06090	0.01436	0.01366	0.00811	0.00949	0.00668	0.00511	0.00457	0.00132	0.00849	0.00340	0.00269	0.00614
13	0.00757	0.00564	0.00711	0.00665	0.00798	0.00545	0.00501	0.01106	0.08870	0.02007	0.71649	0.03543	0.04395	0.00986	0.00580	0.00158	0.00251	0.00869	0.00545	0.00501
14	0.01034	0.00886	0.01034	0.00738	0.01181	0.00664	0.00591	0.01255	0.01034	0.01624	0.00886	0.01034	0.00738	0.00369	0.00369	0.00074	0.00369	0.00295	0.00295	0.85530
15	0.01645	0.01229	0.01323	0.01076	0.01426	0.01370	0.00869	0.42169	0.33697	0.07357	0.01587	0.01501	0.01149	0.00632	0.00502	0.00158	0.00477	0.00499	0.00509	0.00823
16	0.01862	0.02376	0.01413	0.01284	0.01541	0.80482	0.00963	0.01990	0.01413	0.01220	0.00770	0.00899	0.00642	0.00514	0.00449	0.00128	0.00899	0.00321	0.00257	0.00578
17	0.01000	0.02578	0.79900	0.01421	0.02157	0.01158	0.01842	0.01579	0.01052	0.01579	0.00895	0.01052	0.00631	0.00474	0.00474	0.00158	0.00737	0.00368	0.00210	0.00737
18	0.00607	0.00434	0.00578	0.00694	0.00723	0.00405	0.00463	0.00694	0.00954	0.01272	0.02747	0.82157	0.03297	0.01562	0.00636	0.00202	0.00289	0.01417	0.00463	0.00405
19	0.01176	0.01345	0.02941	0.02101	0.02605	0.01261	0.77563	0.01597	0.01176	0.01597	0.01008	0.01345	0.00756	0.00420	0.00588	0.00168	0.00840	0.00588	0.00252	0.00672
20	0.00589	0.00505	0.00505	0.00505	0.00673	0.00421	0.00379	0.00715	0.01136	0.01347	0.05049	0.04797	0.79171	0.01262	0.00589	0.00168	0.00252	0.01052	0.00463	0.00421
21	0.00712	0.00534	0.00801	0.00801	0.00890	0.00623	0.00623	0.00890	0.00801	0.01157	0.01335	0.01958	0.01246	0.03738	0.80507	0.00801	0.01335	0.00534	0.00267	0.00445
22	0.01240	0.01071	0.01127	0.01014	0.01296	0.01240	0.00789	0.02649	0.78473	0.02085	0.02029	0.01860	0.01522	0.00676	0.00507	0.00169	0.00394	0.00564	0.00507	0.00789
23	0.00866	0.00433	0.00649	0.00649	0.00649	0.00433	0.00433	0.00649	0.00649	0.00866	0.00866	0.01515	0.00866	0.01732	0.01948	0.85498	0.00433	0.00433	0.00216	0.00216
24	0.00964	0.00922	0.01778	0.01452	0.01741	0.00881	0.36289	0.01273	0.01149	0.01527	0.01891	0.08293	0.01918	0.00946	0.00639	0.00199	0.00625	0.36596	0.00364	0.00554
25	0.01333	0.82783	0.02612	0.00853	0.01279	0.01972	0.00853	0.01493	0.01013	0.01173	0.00693	0.00800	0.00640	0.00426	0.00320	0.00107	0.00533	0.00267	0.00213	0.00640
26	0.02236	0.00848	0.01157	0.00887	0.01272	0.00733	0.00733	0.02429	0.01427	0.79719	0.01966	0.01697	0.01234	0.00617	0.00501	0.00154	0.00424	0.00501	0.00617	0.00848
27	0.01348	0.01125	0.01188	0.01036	0.01337	0.01290	0.00815	0.15059	0.65887	0.02260	0.01891	0.01750	0.01410	0.00663	0.00506	0.00166	0.00420	0.00545	0.00506	0.00799
28	0.00607	0.00434	0.00578	0.00694	0.00723	0.00405	0.00463	0.00694	0.00954	0.01272	0.02747	0.82157	0.03297	0.01562	0.00636	0.00202	0.00289	0.01417	0.00463	0.00405
29	0.01052	0.01028	0.01564	0.29443	0.09608	0.01347	0.01236	0.01257	0.00881	0.01267	0.00763	0.01188	0.00671	0.00700	0.01127	0.00193	0.45442	0.00439	0.00222	0.00572
30	0.01000	0.02578	0.79900	0.01421	0.02157	0.01158	0.01842	0.01579	0.01052	0.01579	0.00895	0.01052	0.00631	0.00474	0.00474	0.00158	0.00737	0.00368	0.00210	0.00737
31	0.00607	0.00434	0.00578	0.00694	0.00723	0.00405	0.00463	0.00694	0.00954	0.01272	0.02747	0.82157	0.03297	0.01562	0.00636	0.00202	0.00289	0.01417	0.00463	0.00405
32	0.01240	0.01071	0.01127	0.01014	0.01296	0.01240	0.00789	0.02649	0.78473	0.02085	0.02029	0.01860	0.01522	0.00676	0.00507	0.00169	0.00394	0.00564	0.00507	0.00789
33	0.01680	0.01257	0.01354	0.01089	0.01444	0.01401	0.00883	0.49911	0.25982	0.05705	0.01488	0.01438	0.01080	0.00686	0.02110	0.00169	0.00512	0.00488	0.00501	0.00821
34	0.00607	0.00434	0.00578	0.00694	0.00723	0.00405	0.00463	0.00694	0.00954	0.01272	0.02747	0.82157	0.03297	0.01562	0.00636	0.00202	0.00289	0.01417	0.00463	0.00405
35	0.00694	0.00509	0.00651	0.00615	0.00738	0.00466	0.00461	0.00919	0.01384	0.01936	0.71941	0.03827	0.11911	0.01043	0.00588	0.00158	0.00237	0.00916	0.00540	0.00466
36	0.00941	0.00886	0.01495	0.81285	0.03433	0.01107	0.01384	0.01274	0.00997	0.01274	0.00886	0.01329	0.00664	0.00498	0.00498	0.00166	0.00664	0.00443	0.00221	0.00554
37	0.01333	0.82783	0.02612	0.00853	0.01279	0.01972	0.00853	0.01493	0.01013	0.01173	0.00693	0.00800	0.00640	0.00426	0.00320	0.00107	0.00533	0.00267	0.00213	0.00640
38	0.00705	0.00510	0.00666	0.00627	0.00745	0.00470	0.00470	0.00941	0.01411	0.01999	0.79110	0.03723	0.04703	0.01019	0.00588	0.00157	0.00235	0.00901	0.00549	0.00470
39	0.01862	0.02376	0.01413	0.01284	0.01541	0.80482	0.00963	0.01990	0.01413	0.01220	0.00770	0.00899	0.00642	0.00514	0.00449	0.00128	0.00899	0.00321	0.00257	0.00578
40	0.01034	0.00886	0.01034	0.00738	0.01181	0.00664	0.00591	0.01255	0.01034	0.01624	0.00886	0.01034	0.00738	0.00369	0.00369	0.00074	0.00369	0.00295	0.00295	0.85530
41	0.01196	0.49866	0.34332	0.01086	0.01640	0.01638	0.01259	0.01528	0.01029	0.01339	0.00776	0.00903	0.00636	0.00446	0.00383	0.00128	0.00617	0.00308	0.00212	0.00679
42	0.01240	0.01071	0.01127	0.01014	0.01296	0.01240	0.00789	0.02649	0.78473	0.02085	0.02029	0.01860	0.01522	0.00676	0.00507	0.00169	0.00394	0.00564	0.00507	0.00789
43	0.00941	0.00886	0.01495	0.81285	0.03433	0.01107	0.01384	0.01274	0.00997	0.01274	0.00886	0.01329	0.00664	0.00498	0.00498	0.00166	0.00664	0.00443	0.00221	0.00554
44	0.01121	0.01069	0.01819	0.33233	0.50081	0.01155	0.01474	0.01431	0.01082	0.01492	0.00918	0.01270	0.00741	0.00465	0.00495	0.00155	0.00620	0.00444	0.00237	0.00699
45	0.01234	0.01184	0.02023	0.03059	0.79373	0.01184	0.01530	0.01530	0.01135	0.01628	0.00938	0.01234	0.00790	0.00444	0.00493	0.00148	0.00592	0.00444	0.00247	0.00790
46	0.86003	0.00964	0.00733	0.00655	0.00964	0.01118	0.00540	0.01465	0.00848	0.02236	0.00694	0.00810	0.00540	0.00463	0.00308	0.00154	0.00386	0.00270	0.00308	0.00540
47	0.01240	0.01071	0.01127	0.01014	0.01296	0.01240	0.00789	0.02649	0.78473	0.02085	0.02029	0.01860	0.01522	0.00676	0.00507	0.00169	0.00394	0.00564	0.00507	0.00789
48	0.00712	0.00533	0.00794	0.00794	0.00881	0.00619	0.00614	0.00886	0.00799	0.01152	0.01341	0.01993	0.01261	0.05837	0.78429	0.00793	0.01312	0.00539	0.00268	0.00441
49	0.00725	0.00483	0.00544	0.00544	0.00544	0.00483	0.00302	0.00725	0.00725	0.00966	0.01571	0.03262	0.01812	0.82483	0.02537	0.00483	0.00483	0.00725	0.00302	0.00302
50	0.01333	0.82783	0.02612	0.00853	0.01279	0.01972	0.00853	0.01493	0.01013	0.01173	0.00693	0.00800	0.00640	0.00426	0.00320	0.00107	0.00533	0.00267	0.00213	0.00640
51	0.00725	0.00483	0.00544	0.00544	0.00544	0.00483	0.00302	0.00725	0.00725	0.00966	0.01571	0.03262	0.01812	0.82483	0.02537	0.00483	0.00483	0.00725	0.00302	0.00302
52	0.02236	0.00848	0.01157	0.00887	0.01272	0.00733	0.00733	0.02429	0.01427	0.79719	0.01966	0.01697	0.01234	0.00617	0.00501	0.00154	0.00424	0.00501	0.00617	0.00848
53	0.00647	0.00499	0.00584	0.00578	0.00704	0.00443	0.00424	0.00812	0.01223	0.01610	0.37122	0.11756	0.36257	0.04296	0.00668	0.00179	0.00257	0.01009	0.00494	0.00436
54	0.00705	0.00510	0.00666	0.00627	0.00745	0.00470	0.00470	0.00941	0.01411	0.01999	0.79110	0.03723	0.04703	0.01019	0.00588	0.00157	0.00235	0.00901	0.00549	0.00470
55	0.00787	0.00574	0.00779	0.00758	0.00843	0.00644	0.00562	0.05500	0.00875	0.01230	0.01386	0.02238	0.01364	0.23248	0.56156	0.00682	0.01074	0.00577	0.00290	0.00434
56	0.01091	0.00884	0.01039	0.00745	0.01186	0.00668	0.00597	0.01311	0.01052	0.05354	0.00938	0.01065	0.00762	0.00381	0.00375	0.00078	0.00372	0.00305	0.00311	0.81485
57	0.01593	0.30097	0.09807	0.01146	0.01514	0.43428	0.01014	0.03618	0.01261	0.01287	0.00767	0.00887	0.00645	0.00482	0.00408	0.00124	0.00748	0.00310	0.00243	0.00622
58	0.00906	0.00757	0.00971	0.21967	0.01530	0.05564	0.00750	0.01076	0.00915	0.03069	0.03088	0.02063	0.01260	0.24512	0.22780	0.00418	0.00772	0.00541	0.00281	0.06778

[dist]
# distance from previous block
# <min> <max>
0	1

[block]
# block no. 3 follows, 50 sequences, length 50
# corresponding to MSA columns:
# 97-146
name=unknown_D
#
# <colnr> <probs for GDERKNQSTAVLIFYWHMCP>
#	G	D	E	R	K	N	Q	S	T	A	V	L	I	F	Y	W	H	M	C	P
0	0.17689	0.01770	0.01269	0.04181	0.01477	0.42876	0.00870	0.13551	0.04443	0.01767	0.00882	0.00989	0.00695	0.00515	0.00430	0.00137	0.00691	0.00344	0.00314	0.05111
1	0.07610	0.01836	0.01419	0.01189	0.01515	0.42992	0.04049	0.22854	0.01589	0.01873	0.00903	0.01005	0.00705	0.00517	0.00452	0.00133	0.00718	0.00362	0.00331	0.07948
2	0.06957	0.01145	0.01319	0.01153	0.01284	0.07483	0.00947	0.10158	0.09256	0.01641	0.03525	0.01685	0.01107	0.00820	0.01077	0.00193	0.41341	0.07989	0.00324	0.00597
3	0.00719	0.00507	0.00664	0.00664	0.00706	0.00549	0.00453	0.00802	0.00761	0.01056	0.01460	0.02650	0.01547	0.45536	0.39121	0.00632	0.00883	0.00635	0.00286	0.00369
4	0.01051	0.01080	0.02097	0.41322	0.02917	0.01155	0.35060	0.02912	0.01101	0.01454	0.01023	0.04659	0.00817	0.00509	0.00544	0.00168	0.00725	0.00547	0.00250	0.00606
5	0.00787	0.00562	0.00785	0.00900	0.01008	0.00560	0.00776	0.01005	0.01132	0.01474	0.02648	0.11784	0.02903	0.01392	0.00684	0.00227	0.00445	0.70012	0.00459	0.00455
6	0.00941	0.00886	0.01495	0.81285	0.03433	0.01107	0.01384	0.01274	0.00997	0.01274	0.00886	0.01329	0.00664	0.00498	0.00498	0.00166	0.00664	0.00443	0.00221	0.00554
7	0.01000	0.02578	0.79900	0.01421	0.02157	0.01158	0.01842	0.01579	0.01052	0.01579	0.00895	0.01052	0.00631	0.00474	0.00474	0.00158	0.00737	0.00368	0.00210	0.00737
8	0.00589	0.00505	0.00505	0.00505	0.00673	0.00421	0.00379	0.00715	0.01136	0.01347	0.05049	0.04797	0.79171	0.01262	0.00589	0.00168	0.00252	0.01052	0.00463	0.00421
9	0.86003	0.00964	0.00733	0.00655	0.00964	0.01118	0.00540	0.01465	0.00848	0.02236	0.00694	0.00810	0.00540	0.00463	0.00308	0.00154	0.00386	0.00270	0.00308	0.00540
10	0.00705	0.00510	0.00666	0.00627	0.00745	0.00470	0.00470	0.00941	0.01411	0.01999	0.79110	0.03723	0.04703	0.01019	0.00588	0.00157	0.00235	0.00901	0.00549	0.00470
11	0.01240	0.01071	0.01127	0.01014	0.01296	0.01240	0.00789	0.02649	0.78473	0.02085	0.02029	0.01860	0.01522	0.00676	0.00507	0.00169	0.00394	0.00564	0.00507	0.00789
12	0.00929	0.00465	0.00465	0.00465	0.00581	0.00465	0.00348	0.01161	0.01045	0.01858	0.01626	0.01858	0.01278	0.00581	0.00348	0.00116	0.00232	0.00465	0.85250	0.00465
13	0.01565	0.01232	0.01310	0.01080	0.01420	0.01392	0.00868	0.39902	0.40690	0.02609	0.01616	0.01531	0.01187	0.00638	0.00503	0.00159	0.00471	0.00507	0.00503	0.00818
14	0.86003	0.00964	0.00733	0.00655	0.00964	0.01118	0.00540	0.01465	0.00848	0.02236	0.00694	0.00810	0.00540	0.00463	0.00308	0.00154	0.00386	0.00270	0.00308	0.00540
15	0.01176	0.01345	0.02941	0.02101	0.02605	0.01261	0.77563	0.01597	0.01176	0.01597	0.01008	0.01345	0.00756	0.00420	0.00588	0.00168	0.00840	0.00588	0.00252	0.00672
16	0.01198	0.01148	0.01960	0.12483	0.70225	0.01175	0.01512	0.01499	0.01118	0.01586	0.00931	0.01245	0.00774	0.00451	0.00494	0.00150	0.00601	0.00444	0.00244	0.00761
17	0.80274	0.00971	0.00759	0.00680	0.00986	0.01126	0.00557	0.01545	0.06095	0.02226	0.00784	0.00881	0.00606	0.00477	0.00322	0.00155	0.00386	0.00290	0.00322	0.00557
18	0.01704	0.00737	0.00946	0.00763	0.01079	0.00632	0.00618	0.01875	0.01333	0.54386	0.02963	0.02699	0.26426	0.00826	0.00530	0.00159	0.00369	0.00679	0.00567	0.00710
19	0.01333	0.82783	0.02612	0.00853	0.01279	0.01972	0.00853	0.01493	0.01013	0.01173	0.00693	0.00800	0.00640	0.00426	0.00320	0.00107	0.00533	0.00267	0.00213	0.00640
20	0.01333	0.82783	0.02612	0.00853	0.01279	0.01972	0.00853	0.01493	0.01013	0.01173	0.00693	0.00800	0.00640	0.00426	0.00320	0.00107	0.00533	0.00267	0.00213	0.00640
21	0.07485	0.01795	0.01338	0.01155	0.01459	0.41237	0.00898	0.21104	0.12372	0.04809	0.01093	0.01132	0.00832	0.00558	0.00462	0.00142	0.00688	0.00390	0.00369	0.00683
22	0.01191	0.01131	0.01907	0.02856	0.72400	0.01133	0.01442	0.01497	0.02763	0.01614	0.01083	0.06717	0.00975	0.00525	0.00503	0.00152	0.00567	0.00512	0.00267	0.00764
23	0.01284	0.01093	0.01152	0.01023	0.01313	0.01260	0.00800	0.07723	0.73327	0.02156	0.01972	0.01815	0.01476	0.00671	0.00507	0.00168	0.00405	0.00556	0.00507	0.00793
24	0.00607	0.00434	0.00578	0.00694	0.00723	0.00405	0.00463	0.00694	0.00954	0.01272	0.02747	0.82157	0.03297	0.01562	0.00636	0.00202	0.00289	0.01417	0.00463	0.00405
25	0.04546	0.00876	0.01151	0.00893	0.01271	0.00788	0.00735	0.04090	0.05504	0.71717	0.01917	0.01669	0.01221	0.00615	0.00496	0.00155	0.00424	0.00497	0.00600	0.00836
26	0.01171	0.01329	0.02857	0.02054	0.02528	0.01276	0.73008	0.01573	0.01152	0.01573	0.00987	0.01329	0.00750	0.00447	0.00651	0.00171	0.05649	0.00579	0.00250	0.00665
27	0.02236	0.00848	0.01157	0.00887	0.01272	0.00733	0.00733	0.02429	0.01427	0.79719	0.01966	0.01697	0.01234	0.00617	0.00501	0.00154	0.00424	0.00501	0.00617	0.00848
28	0.01234	0.01184	0.02023	0.03059	0.79373	0.01184	0.01530	0.01530	0.01135	0.01628	0.00938	0.01234	0.00790	0.00444	0.00493	0.00148	0.00592	0.00444	0.00247	0.00790
29	0.00725	0.00483	0.00544	0.00544	0.00544	0.00483	0.00302	0.00725	0.00725	0.00966	0.01571	0.03262	0.01812	0.82483	0.02537	0.00483	0.00483	0.00725	0.00302	0.00302
30	0.01260	0.00996	0.01251	0.01022	0.01313	0.01070	0.10930	0.18972	0.27087	0.02154	0.01812	0.01839	0.06457	0.00641	0.00483	0.00152	0.00440	0.00550	0.20887	0.00684
31	0.00589	0.00505	0.00505	0.00505	0.00673	0.00421	0.00379	0.00715	0.01136	0.01347	0.05049	0.04797	0.79171	0.01262	0.00589	0.00168	0.00252	0.01052	0.00463	0.00421
32	0.86003	0.00964	0.00733	0.00655	0.00964	0.01118	0.00540	0.01465	0.00848	0.02236	0.00694	0.00810	0.00540	0.00463	0.00308	0.00154	0.00386	0.00270	0.00308	0.00540
33	0.01333	0.82783	0.02612	0.00853	0.01279	0.01972	0.00853	0.01493	0.01013	0.01173	0.00693	0.00800	0.00640	0.00426	0.00320	0.00107	0.00533	0.00267	0.00213	0.00640
34	0.00721	0.00498	0.00621	0.00621	0.00647	0.00525	0.00398	0.00774	0.00748	0.01023	0.01500	0.02872	0.01643	0.58939	0.25849	0.00578	0.00738	0.00668	0.00292	0.00345
35	0.00672	0.00480	0.00653	0.00768	0.00826	0.00461	0.00576	0.00806	0.01018	0.01345	0.02711	0.56775	0.03155	0.01500	0.00654	0.00211	0.00345	0.26158	0.00461	0.00423
36	0.01333	0.82783	0.02612	0.00853	0.01279	0.01972	0.00853	0.01493	0.01013	0.01173	0.00693	0.00800	0.00640	0.00426	0.00320	0.00107	0.00533	0.00267	0.00213	0.00640
37	0.00589	0.00505	0.00505	0.00505	0.00673	0.00421	0.00379	0.00715	0.01136	0.01347	0.05049	0.04797	0.79171	0.01262	0.00589	0.00168	0.00252	0.01052	0.00463	0.00421
38	0.01878	0.01882	0.01455	0.01215	0.01543	0.40721	0.00955	0.40131	0.01881	0.02188	0.00985	0.01049	0.00746	0.00556	0.00474	0.00139	0.00722	0.00385	0.00379	0.00714
39	0.00589	0.00505	0.00505	0.00505	0.00673	0.00421	0.00379	0.00715	0.01136	0.01347	0.05049	0.04797	0.79171	0.01262	0.00589	0.00168	0.00252	0.01052	0.00463	0.00421
40	0.01240	0.01071	0.01127	0.01014	0.01296	0.01240	0.00789	0.02649	0.78473	0.02085	0.02029	0.01860	0.01522	0.00676	0.00507	0.00169	0.00394	0.00564	0.00507	0.00789
41	0.01050	0.00901	0.01041	0.00761	0.01190	0.00711	0.00607	0.01367	0.07268	0.01661	0.00978	0.01100	0.00801	0.00394	0.00380	0.00081	0.00371	0.00317	0.00312	0.78708
42	0.01097	0.00884	0.01040	0.00746	0.01186	0.00668	0.00598	0.01317	0.01054	0.05753	0.00943	0.01069	0.00764	0.00382	0.00376	0.00078	0.00372	0.00306	0.00312	0.81053
43	0.01892	0.02253	0.01392	0.01252	0.01519	0.74061	0.00945	0.02026	0.01414	0.07540	0.00867	0.00963	0.00690	0.00522	0.00454	0.00130	0.00861	0.00336	0.00286	0.00600
44	0.01046	0.00883	0.01468	0.74812	0.03259	0.01077	0.01332	0.01367	0.01031	0.07589	0.00973	0.01359	0.00710	0.00508	0.00499	0.00165	0.00645	0.00448	0.00253	0.00577
45	0.07552	0.00557	0.00698	0.00814	0.04943	0.00539	0.00566	0.00879	0.01056	0.01479	0.09401	0.39426	0.15677	0.01288	0.00599	0.00190	0.00329	0.13107	0.00446	0.00453
46	0.07874	0.00892	0.01009	0.00732	0.01164	0.00701	0.00587	0.01272	0.01019	0.01673	0.00870	0.01016	0.00722	0.00377	0.00364	0.00080	0.00370	0.00293	0.00296	0.78688
47	0.01034	0.01006	0.05369	0.07351	0.01510	0.00766	0.05924	0.01297	0.01041	0.01592	0.00895	0.01079	0.00728	0.00389	0.00400	0.00092	0.00444	0.00331	0.00282	0.68470
48	0.01057	0.00944	0.01208	0.03461	0.01362	0.02527	0.09908	0.01590	0.20984	0.03405	0.02036	0.02046	0.16405	0.00643	0.00483	0.00134	0.00431	0.00558	0.00382	0.30434
49	0.03923	0.00966	0.01442	0.53029	0.08958	0.04305	0.01221	0.01562	0.01107	0.17082	0.01096	0.01361	0.00784	0.00517	0.00491	0.00160	0.00611	0.00444	0.00307	0.00632

[dist]
# distance from previous block
# <min> <max>
5	28

# created by:
# /st0/software/busco_prod/Augustus/scripts/msa2prfl.pl ./align_prep/66038.fa
