[name]
unknown

[dist]
# distance from previous block
# <min> <max>
0	35

[block]
# block no. 0 follows, 49 sequences, length 38
# corresponding to MSA columns:
# 41-78
name=unknown_A
#
# <colnr> <probs for GDERKNQSTAVLIFYWHMCP>
#	G	D	E	R	K	N	Q	S	T	A	V	L	I	F	Y	W	H	M	C	P
0	0.02737	0.01159	0.03585	0.04723	0.04800	0.03153	0.06300	0.23163	0.12082	0.06286	0.04817	0.01622	0.01194	0.00596	0.00491	0.00145	0.00507	0.03470	0.03395	0.15774
1	0.06920	0.05763	0.13718	0.01197	0.05731	0.03769	0.03151	0.19180	0.04687	0.19443	0.03754	0.01353	0.01013	0.00569	0.00509	0.00151	0.02799	0.00443	0.00413	0.05438
2	0.01517	0.06403	0.11496	0.01120	0.03247	0.01244	0.00990	0.26541	0.11356	0.12024	0.04865	0.01535	0.01166	0.00624	0.00551	0.00153	0.04738	0.02406	0.00430	0.07595
3	0.10874	0.03662	0.09976	0.05160	0.20005	0.04553	0.02206	0.15530	0.05125	0.14990	0.01179	0.01263	0.00860	0.00528	0.00473	0.00152	0.00562	0.00428	0.00375	0.02098
4	0.17518	0.01272	0.08566	0.05686	0.09517	0.03585	0.09449	0.12104	0.11710	0.05116	0.04450	0.01418	0.02371	0.00555	0.00475	0.00155	0.00544	0.00464	0.00363	0.04681
5	0.01511	0.06139	0.11488	0.09108	0.10123	0.03467	0.01173	0.35909	0.07611	0.02279	0.01110	0.01227	0.00832	0.00574	0.00556	0.00157	0.05153	0.00438	0.00376	0.00769
6	0.06250	0.13312	0.07417	0.01507	0.19457	0.07473	0.04092	0.05791	0.09523	0.03361	0.14105	0.01622	0.01495	0.00598	0.00499	0.00149	0.01821	0.00496	0.00348	0.00684
7	0.00626	0.00446	0.00582	0.00687	0.00717	0.00418	0.00454	0.00707	0.00953	0.01266	0.02743	0.73402	0.05041	0.08386	0.00807	0.00229	0.00309	0.01369	0.00456	0.00402
8	0.01465	0.01189	0.01260	0.01071	0.01394	0.01355	0.00851	0.26028	0.54482	0.02450	0.01794	0.01676	0.01330	0.00661	0.00512	0.00165	0.00449	0.00535	0.00512	0.00819
9	0.01293	0.28025	0.31062	0.01165	0.01662	0.16181	0.01241	0.01715	0.07667	0.01437	0.01054	0.01150	0.03286	0.00516	0.00433	0.00139	0.00666	0.00371	0.00257	0.00680
10	0.01878	0.00793	0.01109	0.04118	0.01295	0.00734	0.00746	0.02076	0.01291	0.59196	0.01811	0.01764	0.01231	0.01312	0.17899	0.00300	0.00642	0.00513	0.00532	0.00759
11	0.01171	0.09278	0.18872	0.01869	0.02422	0.01325	0.54378	0.01606	0.01152	0.01575	0.00969	0.01250	0.00730	0.00438	0.00547	0.00162	0.00801	0.00520	0.00243	0.00692
12	0.01120	0.01064	0.01806	0.32657	0.48049	0.01149	0.01464	0.01428	0.01093	0.01505	0.00985	0.03639	0.00827	0.00505	0.00507	0.00159	0.00620	0.00479	0.00247	0.00699
13	0.01763	0.00910	0.01280	0.19313	0.01805	0.00911	0.02408	0.10919	0.01421	0.44112	0.03420	0.06806	0.01278	0.00663	0.00520	0.00162	0.00496	0.00560	0.00501	0.00751
14	0.00955	0.00899	0.01517	0.81013	0.03483	0.01123	0.01404	0.01292	0.01011	0.01292	0.00899	0.01348	0.00674	0.00506	0.00506	0.00169	0.00674	0.00449	0.00225	0.00562
15	0.00616	0.00518	0.00538	0.00548	0.00714	0.00440	0.00421	0.00753	0.01154	0.01378	0.04916	0.04937	0.72455	0.01290	0.00606	0.00176	0.00274	0.07366	0.00469	0.00430
16	0.01034	0.07329	0.75069	0.01407	0.02136	0.01223	0.01809	0.01596	0.01065	0.01577	0.00895	0.01052	0.00641	0.00478	0.00471	0.00157	0.00735	0.00368	0.00214	0.00742
17	0.01082	0.01286	0.18531	0.56107	0.03002	0.01123	0.01450	0.03664	0.01092	0.06495	0.00981	0.01307	0.00710	0.00511	0.00500	0.00165	0.00671	0.00437	0.00257	0.00630
18	0.01889	0.02410	0.01433	0.01303	0.01563	0.80199	0.00977	0.02019	0.01433	0.01238	0.00782	0.00912	0.00651	0.00521	0.00456	0.00130	0.00912	0.00326	0.00261	0.00586
19	0.00963	0.00928	0.01657	0.52545	0.07092	0.01054	0.13755	0.01278	0.01043	0.01365	0.01186	0.12615	0.01070	0.00640	0.00540	0.00173	0.00646	0.00612	0.00265	0.00573
20	0.01525	0.00974	0.01721	0.01293	0.01676	0.00878	0.29348	0.01791	0.01282	0.34305	0.02142	0.06441	0.12803	0.00701	0.00562	0.00167	0.00555	0.00676	0.00455	0.00704
21	0.01208	0.01157	0.01974	0.14526	0.67992	0.01190	0.01530	0.01514	0.01131	0.01599	0.00943	0.01266	0.00782	0.00459	0.00501	0.00153	0.00611	0.00450	0.00247	0.00766
22	0.02269	0.00861	0.01174	0.00900	0.01291	0.00743	0.00743	0.02464	0.01447	0.79425	0.01995	0.01721	0.01252	0.00626	0.00509	0.00156	0.00430	0.00509	0.00626	0.00861
23	0.00807	0.00758	0.01313	0.01185	0.05722	0.00700	0.21716	0.01011	0.01089	0.01422	0.02808	0.34837	0.22299	0.01120	0.00611	0.00184	0.00456	0.01052	0.00398	0.00512
24	0.01467	0.01494	0.01596	0.04326	0.22612	0.23642	0.01146	0.10924	0.01286	0.03352	0.00922	0.01178	0.00771	0.00783	0.05432	0.00199	0.17493	0.00421	0.00288	0.00669
25	0.00616	0.00440	0.00587	0.00704	0.00733	0.00411	0.00469	0.00704	0.00968	0.01291	0.02787	0.81899	0.03344	0.01584	0.00645	0.00205	0.00293	0.01438	0.00469	0.00411
26	0.01004	0.00949	0.01605	0.68194	0.15921	0.01136	0.01429	0.01335	0.01034	0.01351	0.00907	0.01332	0.00695	0.00497	0.00505	0.00166	0.00662	0.00450	0.00229	0.00601
27	0.01145	0.03290	0.32955	0.01753	0.04051	0.05868	0.36883	0.01596	0.01145	0.01570	0.01027	0.04462	0.00813	0.00501	0.00538	0.00164	0.00781	0.00518	0.00247	0.00693
28	0.02212	0.00951	0.01230	0.00943	0.01336	0.00878	0.00779	0.14713	0.01599	0.66961	0.01867	0.01638	0.01188	0.00623	0.00508	0.00156	0.00451	0.00500	0.00606	0.00860
29	0.01159	0.01107	0.01885	0.27447	0.55455	0.01177	0.01506	0.01471	0.01108	0.01540	0.00935	0.01282	0.00761	0.00468	0.00502	0.00156	0.00624	0.00450	0.00242	0.00726
30	0.00621	0.00448	0.00588	0.00690	0.00732	0.00415	0.00465	0.00719	0.01003	0.01335	0.07065	0.73599	0.07373	0.01538	0.00640	0.00201	0.00288	0.01390	0.00474	0.00415
31	0.00919	0.00589	0.00747	0.00711	0.00855	0.00565	0.00530	0.01232	0.08555	0.10150	0.44240	0.20360	0.03665	0.01063	0.00582	0.00169	0.00286	0.00938	0.03310	0.00534
32	0.01584	0.00947	0.01108	0.00926	0.01224	0.00972	0.00734	0.19334	0.18315	0.26619	0.06103	0.11138	0.05901	0.01987	0.00564	0.00170	0.00418	0.00672	0.00539	0.00744
33	0.01161	0.01092	0.01483	0.01267	0.01317	0.01474	0.01051	0.09339	0.00949	0.01424	0.00781	0.01192	0.00735	0.01101	0.08170	0.00264	0.65915	0.00452	0.00256	0.00577
34	0.01070	0.00931	0.01156	0.01001	0.09529	0.00730	0.00701	0.01303	0.01060	0.01648	0.00904	0.01070	0.00755	0.00383	0.00388	0.00083	0.00399	0.00316	0.00294	0.76279
35	0.00825	0.00829	0.09256	0.00875	0.01032	0.01995	0.00749	0.02859	0.00885	0.01272	0.01305	0.01971	0.01223	0.12418	0.53493	0.00631	0.04313	0.00535	0.03051	0.00483
36	0.09468	0.05701	0.01568	0.07344	0.22058	0.12553	0.04408	0.09202	0.01312	0.13026	0.01305	0.01422	0.04906	0.00553	0.00474	0.00149	0.00581	0.00454	0.02817	0.00701
37	0.05801	0.15446	0.15730	0.01346	0.11720	0.06880	0.02299	0.14082	0.04359	0.07341	0.01225	0.09349	0.01051	0.00621	0.00472	0.00151	0.00573	0.00500	0.00343	0.00709

[dist]
# distance from previous block
# <min> <max>
0	19

[block]
# block no. 1 follows, 49 sequences, length 29
# corresponding to MSA columns:
# 102-130
name=unknown_B
#
# <colnr> <probs for GDERKNQSTAVLIFYWHMCP>
#	G	D	E	R	K	N	Q	S	T	A	V	L	I	F	Y	W	H	M	C	P
0	0.29370	0.04654	0.12046	0.00953	0.01315	0.04026	0.07002	0.03453	0.05061	0.01946	0.16534	0.01656	0.03106	0.00605	0.00447	0.00151	0.00475	0.00482	0.00355	0.06364
1	0.12802	0.05348	0.03663	0.01300	0.09136	0.22718	0.00969	0.27177	0.06540	0.02152	0.02883	0.01166	0.00878	0.00554	0.00460	0.00146	0.00622	0.00403	0.00369	0.00713
2	0.03463	0.01678	0.01496	0.01357	0.08690	0.27612	0.00994	0.38233	0.01844	0.06594	0.01074	0.01135	0.00799	0.00558	0.00483	0.00143	0.00665	0.00408	0.00400	0.02377
3	0.00743	0.00563	0.00694	0.00670	0.00810	0.00534	0.00515	0.01047	0.06861	0.01871	0.53456	0.04009	0.17256	0.01085	0.00600	0.00169	0.00274	0.07820	0.00530	0.00491
4	0.00598	0.00512	0.00512	0.00512	0.00683	0.00427	0.00384	0.00726	0.01153	0.01366	0.05123	0.04866	0.78869	0.01281	0.00598	0.00171	0.00256	0.01067	0.00470	0.00427
5	0.01224	0.01174	0.02003	0.10298	0.72094	0.01194	0.01538	0.01528	0.01138	0.01619	0.00946	0.01260	0.00789	0.00456	0.00501	0.00152	0.00608	0.00450	0.00248	0.00779
6	0.00696	0.00516	0.00648	0.00615	0.00743	0.00469	0.00461	0.00915	0.01384	0.01915	0.66223	0.03963	0.17426	0.01076	0.00597	0.00161	0.00242	0.00941	0.00542	0.00469
7	0.01431	0.08934	0.02408	0.01676	0.02110	0.07090	0.42090	0.20104	0.01462	0.01914	0.01004	0.01230	0.00765	0.00502	0.00595	0.00160	0.04998	0.00505	0.00312	0.00709
8	0.85801	0.00978	0.00743	0.00665	0.00978	0.01134	0.00548	0.01486	0.00861	0.02269	0.00704	0.00821	0.00548	0.00469	0.00313	0.00156	0.00391	0.00274	0.00313	0.00548
9	0.01464	0.01155	0.01237	0.01049	0.01366	0.01302	0.00833	0.25260	0.49578	0.04624	0.05228	0.01762	0.01472	0.00676	0.00515	0.00165	0.00441	0.00550	0.00517	0.00806
10	0.01222	0.01171	0.01999	0.10822	0.71586	0.01194	0.01537	0.01526	0.01138	0.01616	0.00946	0.01261	0.00788	0.00456	0.00501	0.00152	0.00608	0.00450	0.00248	0.00777
11	0.00725	0.00531	0.00756	0.00756	0.00827	0.00602	0.00562	0.00867	0.00796	0.01132	0.01406	0.02271	0.01388	0.20684	0.63503	0.00743	0.01168	0.00583	0.00279	0.00420
12	0.00647	0.00516	0.00580	0.00568	0.00719	0.00449	0.00429	0.00818	0.01257	0.01616	0.32553	0.04480	0.49453	0.01191	0.00600	0.00168	0.00254	0.02753	0.00502	0.00447
13	0.01352	0.82533	0.02650	0.00865	0.01298	0.02001	0.00865	0.01514	0.01027	0.01190	0.00703	0.00811	0.00649	0.00433	0.00324	0.00108	0.00541	0.00270	0.00216	0.00649
14	0.01785	0.01348	0.01440	0.01136	0.01516	0.01504	0.00928	0.61970	0.18019	0.02966	0.01388	0.01353	0.01001	0.00623	0.00508	0.00156	0.00524	0.00479	0.00508	0.00848
15	0.71962	0.00933	0.00781	0.00706	0.01007	0.01055	0.00586	0.01516	0.00931	0.07733	0.00979	0.01337	0.00816	0.00566	0.00363	0.00164	0.00401	0.07253	0.00349	0.00563
16	0.85801	0.00978	0.00743	0.00665	0.00978	0.01134	0.00548	0.01486	0.00861	0.02269	0.00704	0.00821	0.00548	0.00469	0.00313	0.00156	0.00391	0.00274	0.00313	0.00548
17	0.85801	0.00978	0.00743	0.00665	0.00978	0.01134	0.00548	0.01486	0.00861	0.02269	0.00704	0.00821	0.00548	0.00469	0.00313	0.00156	0.00391	0.00274	0.00313	0.00548
18	0.00735	0.00490	0.00552	0.00552	0.00552	0.00490	0.00306	0.00735	0.00735	0.00980	0.01593	0.03309	0.01838	0.82229	0.02574	0.00490	0.00490	0.00735	0.00306	0.00306
19	0.00616	0.00440	0.00587	0.00704	0.00733	0.00411	0.00469	0.00704	0.00968	0.01291	0.02787	0.81899	0.03344	0.01584	0.00645	0.00205	0.00293	0.01438	0.00469	0.00411
20	0.00613	0.00476	0.00559	0.00625	0.00719	0.00422	0.00440	0.00722	0.01055	0.01330	0.03820	0.45868	0.36830	0.01445	0.00626	0.00191	0.00281	0.03091	0.00469	0.00419
21	0.01070	0.15727	0.66982	0.01347	0.02042	0.01310	0.01704	0.01587	0.01061	0.01534	0.00874	0.01026	0.00642	0.00473	0.00455	0.00152	0.00713	0.00357	0.00214	0.00731
22	0.01146	0.01693	0.23146	0.01950	0.02523	0.01251	0.57406	0.01615	0.01160	0.01615	0.00993	0.01286	0.00734	0.00441	0.00566	0.00168	0.00825	0.00538	0.00245	0.00699
23	0.01123	0.01091	0.09052	0.33599	0.02252	0.00953	0.01079	0.04966	0.01122	0.06364	0.00982	0.01222	0.00744	0.00465	0.00453	0.00130	0.00546	0.00388	0.00290	0.33178
24	0.00961	0.08383	0.06628	0.00802	0.01048	0.00851	0.00687	0.01479	0.18944	0.04457	0.38903	0.02909	0.10215	0.00868	0.00541	0.00158	0.00348	0.00738	0.00485	0.00595
25	0.09640	0.01022	0.01254	0.01073	0.01307	0.11097	0.14475	0.01427	0.05715	0.08049	0.01944	0.24394	0.07416	0.00903	0.00580	0.00173	0.03301	0.01907	0.03756	0.00566
26	0.08153	0.01332	0.18186	0.01155	0.08627	0.00945	0.00998	0.08122	0.01214	0.08819	0.04112	0.01236	0.00928	0.00481	0.00436	0.00124	0.00493	0.00384	0.00335	0.33919
27	0.17226	0.04434	0.06795	0.00961	0.01326	0.02522	0.00827	0.14017	0.26937	0.08345	0.02713	0.01477	0.02685	0.00595	0.00456	0.00153	0.00457	0.00457	0.00430	0.07189
28	0.09758	0.03482	0.20008	0.05518	0.07522	0.11213	0.04949	0.05564	0.03006	0.19151	0.01160	0.01233	0.00826	0.00519	0.00470	0.00151	0.00616	0.00412	0.00352	0.04089

[dist]
# distance from previous block
# <min> <max>
3	14

[block]
# block no. 2 follows, 49 sequences, length 15
# corresponding to MSA columns:
# 145-159
name=unknown_C
#
# <colnr> <probs for GDERKNQSTAVLIFYWHMCP>
#	G	D	E	R	K	N	Q	S	T	A	V	L	I	F	Y	W	H	M	C	P
0	0.06958	0.12429	0.15793	0.04683	0.11355	0.01217	0.06003	0.07702	0.09416	0.04677	0.09195	0.01475	0.01238	0.00556	0.00472	0.00148	0.00543	0.00465	0.00340	0.05335
1	0.04221	0.18541	0.17898	0.01006	0.02728	0.03927	0.00967	0.05735	0.06300	0.12286	0.01768	0.07740	0.10840	0.00692	0.00473	0.00150	0.00510	0.00549	0.00367	0.03304
2	0.05679	0.05722	0.28716	0.01141	0.01608	0.03029	0.07956	0.05710	0.01248	0.14157	0.08542	0.03204	0.09800	0.00660	0.00505	0.00158	0.00563	0.00551	0.00369	0.00681
3	0.01196	0.01053	0.03866	0.03680	0.15584	0.03810	0.04087	0.07213	0.01253	0.06538	0.09478	0.05148	0.03065	0.00581	0.00476	0.00128	0.00474	0.00506	0.00357	0.31507
4	0.02623	0.01087	0.10535	0.01362	0.18315	0.02610	0.00955	0.01375	0.06319	0.04639	0.12676	0.08795	0.10894	0.00763	0.00565	0.00154	0.03846	0.00648	0.00372	0.11468
5	0.00877	0.00649	0.00825	0.00702	0.00927	0.00554	0.03691	0.01061	0.01191	0.06965	0.24125	0.06317	0.24094	0.07336	0.00702	0.00173	0.00333	0.00794	0.00447	0.18237
6	0.00885	0.01516	0.36435	0.01001	0.01427	0.00842	0.01106	0.05841	0.01196	0.01641	0.10739	0.07949	0.23454	0.03021	0.00595	0.00174	0.00504	0.00715	0.00361	0.00600
7	0.01463	0.30813	0.13014	0.01168	0.05658	0.08429	0.01050	0.14104	0.03651	0.07063	0.03560	0.01156	0.00899	0.00532	0.00473	0.00137	0.03422	0.00384	0.00320	0.02705
8	0.01357	0.67368	0.11091	0.00964	0.01418	0.08058	0.00985	0.01564	0.01064	0.01239	0.00732	0.00848	0.00648	0.00445	0.00352	0.00116	0.00593	0.00286	0.00219	0.00655
9	0.02161	0.00926	0.01201	0.00933	0.01317	0.00855	0.00767	0.08998	0.07433	0.66843	0.01932	0.01690	0.01240	0.00629	0.00509	0.00157	0.00439	0.00509	0.00607	0.00856
10	0.00679	0.00547	0.00609	0.00588	0.00746	0.00493	0.00443	0.00923	0.05633	0.01656	0.32490	0.04290	0.46779	0.01155	0.00592	0.00166	0.00258	0.00982	0.00505	0.00467
11	0.01631	0.11899	0.06800	0.00952	0.01383	0.06139	0.00840	0.12518	0.01380	0.25202	0.01241	0.01236	0.00889	0.00507	0.00439	0.00124	0.00499	0.00388	0.00408	0.25525
12	0.00637	0.00506	0.00572	0.00572	0.00711	0.00441	0.00423	0.00796	0.01221	0.01567	0.28187	0.12818	0.47289	0.01235	0.00602	0.00171	0.00255	0.01059	0.00497	0.00441
13	0.01049	0.00899	0.01049	0.00749	0.01198	0.00674	0.00599	0.01273	0.01049	0.01648	0.00899	0.01049	0.00749	0.00374	0.00374	0.00075	0.00374	0.00300	0.00300	0.85320
14	0.00669	0.00506	0.00617	0.00609	0.00732	0.00454	0.00449	0.00857	0.01293	0.01744	0.47961	0.13913	0.26001	0.01174	0.00603	0.00168	0.00251	0.01024	0.00521	0.00454

[dist]
# distance from previous block
# <min> <max>
0	19

[block]
# block no. 3 follows, 49 sequences, length 31
# corresponding to MSA columns:
# 179-209
name=unknown_D
#
# <colnr> <probs for GDERKNQSTAVLIFYWHMCP>
#	G	D	E	R	K	N	Q	S	T	A	V	L	I	F	Y	W	H	M	C	P
0	0.01253	0.02803	0.19362	0.01354	0.03271	0.06562	0.15069	0.01851	0.18418	0.08221	0.09247	0.01630	0.01347	0.00617	0.00608	0.00166	0.06629	0.00527	0.00363	0.00703
1	0.00732	0.00550	0.00806	0.00801	0.00881	0.00641	0.00614	0.00895	0.00805	0.01158	0.01360	0.02084	0.01302	0.10724	0.71477	0.00770	0.03128	0.00557	0.00273	0.00441
2	0.01118	0.29660	0.41694	0.01254	0.01826	0.01415	0.07745	0.01514	0.01058	0.01442	0.00971	0.06341	0.00833	0.00532	0.00448	0.00146	0.00656	0.00427	0.00235	0.00686
3	0.01050	0.02396	0.67935	0.01553	0.08569	0.01182	0.01771	0.01669	0.06164	0.01640	0.00987	0.01137	0.00714	0.00491	0.00484	0.00160	0.00712	0.00393	0.00236	0.00755
4	0.00943	0.00471	0.00471	0.00471	0.00589	0.00471	0.00353	0.01178	0.01060	0.01885	0.01650	0.01885	0.01296	0.00589	0.00353	0.00118	0.00236	0.00471	0.85036	0.00471
5	0.00672	0.00464	0.00619	0.00709	0.00761	0.00433	0.00490	0.00786	0.01043	0.03061	0.12107	0.67517	0.03458	0.01489	0.00639	0.00200	0.00297	0.04342	0.00483	0.00431
6	0.01098	0.18487	0.54988	0.01459	0.08825	0.01326	0.01608	0.01564	0.01070	0.01521	0.00921	0.01165	0.00721	0.00494	0.00457	0.00151	0.00685	0.02512	0.00225	0.00724
7	0.00943	0.00471	0.00471	0.00471	0.00589	0.00471	0.00353	0.01178	0.01060	0.01885	0.01650	0.01885	0.01296	0.00589	0.00353	0.00118	0.00236	0.00471	0.85036	0.00471
8	0.66557	0.07892	0.00983	0.00742	0.01068	0.06395	0.00618	0.01602	0.00959	0.08237	0.00812	0.00898	0.00619	0.00482	0.00339	0.00151	0.00441	0.00296	0.00326	0.00584
9	0.01278	0.65126	0.19413	0.00991	0.01492	0.01821	0.01084	0.01533	0.01036	0.01279	0.00748	0.00867	0.00647	0.00443	0.00358	0.00119	0.00586	0.00293	0.00216	0.00670
10	0.01241	0.01258	0.13352	0.20871	0.08350	0.01076	0.13842	0.08286	0.01251	0.10141	0.01302	0.01882	0.01066	0.00617	0.00537	0.00168	0.00634	0.10182	0.00333	0.03610
11	0.00734	0.00495	0.00576	0.00576	0.00585	0.00504	0.00337	0.00751	0.00743	0.00999	0.01571	0.03183	0.01784	0.74772	0.09956	0.00521	0.00572	0.00717	0.00303	0.00320
12	0.01938	0.00787	0.01067	0.00844	0.01177	0.00687	0.00687	0.02143	0.01444	0.62929	0.18366	0.02159	0.02002	0.00713	0.00527	0.00157	0.00389	0.00595	0.00611	0.00779
13	0.01295	0.69171	0.15517	0.00962	0.01447	0.01863	0.01033	0.01529	0.01034	0.01259	0.00737	0.00854	0.00648	0.00441	0.00351	0.00117	0.00575	0.00288	0.00216	0.00665
14	0.01922	0.01416	0.01518	0.01163	0.01568	0.01568	0.00961	0.77388	0.02378	0.03187	0.01214	0.01214	0.00860	0.00607	0.00506	0.00152	0.00556	0.00455	0.00506	0.00860
15	0.00729	0.00531	0.00767	0.00767	0.00840	0.00604	0.00575	0.00869	0.00796	0.01135	0.01379	0.02184	0.01344	0.16189	0.65654	0.03181	0.01191	0.00570	0.00275	0.00422
16	0.00616	0.00440	0.00587	0.00704	0.00733	0.00411	0.00469	0.00704	0.00968	0.01291	0.02787	0.81899	0.03344	0.01584	0.00645	0.00205	0.00293	0.01438	0.00469	0.00411
17	0.00727	0.00525	0.00687	0.00765	0.03090	0.00527	0.00522	0.00831	0.00911	0.01215	0.02206	0.21434	0.06804	0.30916	0.13260	0.00400	0.00560	0.13844	0.00374	0.00401
18	0.01740	0.03530	0.01536	0.01500	0.13124	0.40927	0.01038	0.14356	0.06332	0.06433	0.01026	0.01128	0.00801	0.00554	0.00522	0.00144	0.03885	0.00396	0.00335	0.00694
19	0.01596	0.01861	0.01331	0.01206	0.01441	0.49498	0.00922	0.02044	0.20005	0.01445	0.01121	0.01235	0.00910	0.00806	0.05831	0.00193	0.07201	0.00409	0.00320	0.00627
20	0.00735	0.00490	0.00552	0.00552	0.00552	0.00490	0.00306	0.00735	0.00735	0.00980	0.01593	0.03309	0.01838	0.82229	0.02574	0.00490	0.00490	0.00735	0.00306	0.00306
21	0.40310	0.20104	0.07752	0.01047	0.05903	0.05877	0.04741	0.03721	0.01044	0.03092	0.01986	0.00968	0.00695	0.00476	0.00376	0.00144	0.00523	0.00330	0.00287	0.00624
22	0.00880	0.00881	0.06453	0.01017	0.01113	0.00984	0.00858	0.01049	0.00810	0.01202	0.01098	0.01721	0.01056	0.09099	0.40290	0.00530	0.29700	0.00511	0.00252	0.00496
23	0.01787	0.01279	0.01365	0.01160	0.06135	0.08240	0.00883	0.40046	0.01833	0.16223	0.01295	0.01307	0.00925	0.00569	0.00478	0.00141	0.00529	0.00438	0.06049	0.09319
24	0.00762	0.00520	0.00664	0.00624	0.00750	0.00480	0.00469	0.00996	0.01393	0.03495	0.68850	0.03609	0.06434	0.00995	0.00574	0.00156	0.00243	0.00874	0.07630	0.00483
25	0.00943	0.00471	0.00471	0.00471	0.00589	0.00471	0.00353	0.01178	0.01060	0.01885	0.01650	0.01885	0.01296	0.00589	0.00353	0.00118	0.00236	0.00471	0.85036	0.00471
26	0.01352	0.82533	0.02650	0.00865	0.01298	0.02001	0.00865	0.01514	0.01027	0.01190	0.00703	0.00811	0.00649	0.00433	0.00324	0.00108	0.00541	0.00270	0.00216	0.00649
27	0.01550	0.01215	0.01789	0.02425	0.53998	0.07363	0.01310	0.01811	0.01246	0.20538	0.01192	0.01339	0.00899	0.00499	0.00499	0.00150	0.00584	0.00455	0.00342	0.00798
28	0.00943	0.00471	0.00471	0.00471	0.00589	0.00471	0.00353	0.01178	0.01060	0.01885	0.01650	0.01885	0.01296	0.00589	0.00353	0.00118	0.00236	0.00471	0.85036	0.00471
29	0.00991	0.00930	0.01557	0.62220	0.14586	0.01120	0.01373	0.01306	0.01013	0.01337	0.00925	0.01363	0.00727	0.00698	0.05124	0.00204	0.03248	0.00455	0.00231	0.00591
30	0.01380	0.71843	0.06381	0.00931	0.01364	0.08508	0.00925	0.01561	0.01063	0.01214	0.00720	0.00832	0.00649	0.00442	0.00343	0.00113	0.00582	0.00280	0.00220	0.00649

[dist]
# distance from previous block
# <min> <max>
0	3

[block]
# block no. 4 follows, 49 sequences, length 106
# corresponding to MSA columns:
# 213-318
name=unknown_E
#
# <colnr> <probs for GDERKNQSTAVLIFYWHMCP>
#	G	D	E	R	K	N	Q	S	T	A	V	L	I	F	Y	W	H	M	C	P
0	0.01233	0.54497	0.29648	0.01067	0.01610	0.01711	0.01217	0.01545	0.01042	0.01334	0.00775	0.00901	0.00646	0.00449	0.00379	0.00126	0.00613	0.00307	0.00215	0.00683
1	0.36432	0.21540	0.27860	0.00976	0.01466	0.01360	0.01072	0.01532	0.00971	0.01779	0.00773	0.00902	0.00604	0.00464	0.00372	0.00146	0.00548	0.00307	0.00256	0.00640
2	0.01156	0.01414	0.12298	0.29579	0.20763	0.07519	0.17006	0.01520	0.01123	0.01481	0.00928	0.01256	0.00717	0.00474	0.00516	0.00160	0.00722	0.00460	0.00238	0.00669
3	0.01145	0.01092	0.01496	0.01279	0.01318	0.01487	0.01062	0.07301	0.00906	0.01372	0.00755	0.01175	0.00721	0.01063	0.06964	0.00256	0.69339	0.00450	0.00247	0.00571
4	0.01851	0.01279	0.06238	0.01094	0.01491	0.01253	0.00949	0.46440	0.03381	0.21971	0.01523	0.01704	0.01121	0.00669	0.00521	0.00160	0.00527	0.06494	0.00515	0.00820
5	0.00616	0.00440	0.00587	0.00704	0.00733	0.00411	0.00469	0.00704	0.00968	0.01291	0.02787	0.81899	0.03344	0.01584	0.00645	0.00205	0.00293	0.01438	0.00469	0.00411
6	0.00598	0.00512	0.00512	0.00512	0.00683	0.00427	0.00384	0.00726	0.01153	0.01366	0.05123	0.04866	0.78869	0.01281	0.00598	0.00171	0.00256	0.01067	0.00470	0.00427
7	0.01258	0.01086	0.01143	0.01029	0.01315	0.01258	0.00800	0.02687	0.78161	0.02115	0.02058	0.01887	0.01544	0.00686	0.00515	0.00172	0.00400	0.00572	0.00515	0.00800
8	0.01016	0.00961	0.01626	0.65066	0.18955	0.01139	0.01435	0.01345	0.01040	0.01366	0.00909	0.01328	0.00700	0.00494	0.00505	0.00165	0.00659	0.00450	0.00230	0.00611
9	0.01258	0.01086	0.01143	0.01029	0.01315	0.01258	0.00800	0.02687	0.78161	0.02115	0.02058	0.01887	0.01544	0.00686	0.00515	0.00172	0.00400	0.00572	0.00515	0.00800
10	0.01076	0.12445	0.63735	0.01336	0.02008	0.01284	0.01658	0.01678	0.07242	0.01591	0.00974	0.01101	0.00714	0.00491	0.00464	0.00155	0.00694	0.00377	0.00238	0.00739
11	0.02269	0.00861	0.01174	0.00900	0.01291	0.00743	0.00743	0.02464	0.01447	0.79425	0.01995	0.01721	0.01252	0.00626	0.00509	0.00156	0.00430	0.00509	0.00626	0.00861
12	0.01209	0.01158	0.01976	0.14207	0.68302	0.01190	0.01531	0.01515	0.01131	0.01601	0.00944	0.01265	0.00783	0.00458	0.00501	0.00153	0.00611	0.00450	0.00247	0.00767
13	0.01823	0.07659	0.01844	0.01386	0.06504	0.05969	0.21144	0.02079	0.01327	0.42769	0.01493	0.01474	0.01009	0.00540	0.00513	0.00154	0.00592	0.00498	0.00449	0.00775
14	0.01019	0.02585	0.77744	0.01458	0.02200	0.01177	0.03703	0.01602	0.01071	0.01602	0.00910	0.01075	0.00644	0.00479	0.00483	0.00160	0.00750	0.00379	0.00215	0.00746
15	0.00724	0.00534	0.00775	0.00775	0.00853	0.00612	0.00586	0.00879	0.00802	0.01146	0.01388	0.02175	0.01346	0.14970	0.69159	0.00767	0.01231	0.00569	0.00276	0.00431
16	0.00616	0.00440	0.00587	0.00704	0.00733	0.00411	0.00469	0.00704	0.00968	0.01291	0.02787	0.81899	0.03344	0.01584	0.00645	0.00205	0.00293	0.01438	0.00469	0.00411
17	0.00616	0.00440	0.00587	0.00704	0.00733	0.00411	0.00469	0.00704	0.00968	0.01291	0.02787	0.81899	0.03344	0.01584	0.00645	0.00205	0.00293	0.01438	0.00469	0.00411
18	0.01248	0.01212	0.02110	0.03043	0.74322	0.01206	0.06258	0.01556	0.01154	0.01650	0.00956	0.01259	0.00799	0.00449	0.00507	0.00151	0.00616	0.00460	0.00251	0.00794
19	0.01352	0.82533	0.02650	0.00865	0.01298	0.02001	0.00865	0.01514	0.01027	0.01190	0.00703	0.00811	0.00649	0.00433	0.00324	0.00108	0.00541	0.00270	0.00216	0.00649
20	0.00943	0.00471	0.00471	0.00471	0.00589	0.00471	0.00353	0.01178	0.01060	0.01885	0.01650	0.01885	0.01296	0.00589	0.00353	0.00118	0.00236	0.00471	0.85036	0.00471
21	0.01352	0.82533	0.02650	0.00865	0.01298	0.02001	0.00865	0.01514	0.01027	0.01190	0.00703	0.00811	0.00649	0.00433	0.00324	0.00108	0.00541	0.00270	0.00216	0.00649
22	0.00696	0.00474	0.00563	0.00602	0.00611	0.00464	0.00360	0.00725	0.00812	0.01082	0.01985	0.29078	0.02332	0.55786	0.01941	0.00397	0.00426	0.00966	0.00360	0.00341
23	0.01331	0.77564	0.07435	0.00901	0.01353	0.01949	0.00928	0.01520	0.01030	0.01215	0.00716	0.00827	0.00648	0.00436	0.00334	0.00111	0.00554	0.00277	0.00216	0.00655
24	0.01121	0.01067	0.01804	0.31722	0.48636	0.01147	0.01459	0.01429	0.01100	0.01510	0.01070	0.01407	0.03332	0.00498	0.00506	0.00158	0.00616	0.00470	0.00248	0.00700
25	0.00955	0.00899	0.01517	0.81013	0.03483	0.01123	0.01404	0.01292	0.01011	0.01292	0.00899	0.01348	0.00674	0.00506	0.00506	0.00169	0.00674	0.00449	0.00225	0.00562
26	0.01069	0.14173	0.65887	0.01381	0.02074	0.01298	0.04233	0.01589	0.01066	0.01542	0.00882	0.01040	0.00646	0.00472	0.00462	0.00153	0.00721	0.00366	0.00215	0.00731
27	0.01049	0.00899	0.01049	0.00749	0.01198	0.00674	0.00599	0.01273	0.01049	0.01648	0.00899	0.01049	0.00749	0.00374	0.00374	0.00075	0.00374	0.00300	0.00300	0.85320
28	0.01102	0.00869	0.01131	0.03399	0.10709	0.00725	0.00738	0.01337	0.01140	0.07268	0.10329	0.01688	0.02840	0.00537	0.00445	0.00110	0.00400	0.03046	0.00354	0.51831
29	0.00616	0.00440	0.00587	0.00704	0.00733	0.00411	0.00469	0.00704	0.00968	0.01291	0.02787	0.81899	0.03344	0.01584	0.00645	0.00205	0.00293	0.01438	0.00469	0.00411
30	0.01067	0.01007	0.01692	0.37933	0.38820	0.01104	0.01396	0.01368	0.01080	0.01464	0.01152	0.05203	0.03441	0.00556	0.00513	0.00162	0.00608	0.00517	0.00256	0.00663
31	0.00725	0.00530	0.00753	0.00753	0.00822	0.00600	0.00557	0.00865	0.00795	0.01130	0.01409	0.02290	0.01396	0.21782	0.62416	0.00739	0.01156	0.00586	0.00279	0.00418
32	0.00604	0.00513	0.00521	0.00519	0.00687	0.00430	0.00389	0.00738	0.01168	0.01403	0.09238	0.04806	0.74731	0.01267	0.00598	0.00170	0.00255	0.01059	0.00474	0.00430
33	0.01843	0.01360	0.01460	0.01127	0.01515	0.01499	0.00928	0.72628	0.02309	0.03093	0.03561	0.01410	0.03595	0.00642	0.00512	0.00153	0.00537	0.00489	0.00506	0.00834
34	0.00955	0.00899	0.01517	0.81013	0.03483	0.01123	0.01404	0.01292	0.01011	0.01292	0.00899	0.01348	0.00674	0.00506	0.00506	0.00169	0.00674	0.00449	0.00225	0.00562
35	0.01242	0.01191	0.02035	0.05677	0.76578	0.01199	0.01547	0.01543	0.01147	0.01640	0.00949	0.01255	0.00797	0.00452	0.00501	0.00151	0.00603	0.00451	0.00249	0.00793
36	0.01889	0.02410	0.01433	0.01303	0.01563	0.80199	0.00977	0.02019	0.01433	0.01238	0.00782	0.00912	0.00651	0.00521	0.00456	0.00130	0.00912	0.00326	0.00261	0.00586
37	0.01049	0.00899	0.01049	0.00749	0.01198	0.00674	0.00599	0.01273	0.01049	0.01648	0.00899	0.01049	0.00749	0.00374	0.00374	0.00075	0.00374	0.00300	0.00300	0.85320
38	0.01099	0.01097	0.01547	0.05071	0.01429	0.01529	0.01120	0.01220	0.00786	0.01220	0.00675	0.01118	0.00664	0.00867	0.01605	0.00219	0.77516	0.00443	0.00221	0.00554
39	0.01798	0.02238	0.01521	0.01559	0.12609	0.68941	0.01059	0.01953	0.01393	0.01297	0.00806	0.00960	0.00673	0.00511	0.00462	0.00133	0.00868	0.00343	0.00259	0.00617
40	0.00878	0.00645	0.00782	0.00701	0.00865	0.00628	0.00538	0.11827	0.01542	0.02136	0.61435	0.03505	0.10564	0.00994	0.00584	0.00159	0.00285	0.00862	0.00542	0.00527
41	0.01017	0.00963	0.01581	0.63304	0.03107	0.01155	0.07385	0.01517	0.12020	0.01436	0.01074	0.01426	0.00805	0.00525	0.00514	0.00169	0.00649	0.00479	0.00268	0.00605
42	0.00878	0.00439	0.00659	0.00659	0.00659	0.00439	0.00439	0.00659	0.00659	0.00878	0.00878	0.01537	0.00878	0.01757	0.01976	0.85288	0.00439	0.00439	0.00220	0.00220
43	0.73896	0.00961	0.00805	0.00698	0.01023	0.01079	0.00576	0.01626	0.00944	0.13264	0.00888	0.00950	0.00648	0.00492	0.00341	0.00156	0.00397	0.00307	0.00358	0.00592
44	0.01014	0.02616	0.79609	0.01441	0.02189	0.01174	0.01868	0.01601	0.01068	0.01601	0.00907	0.01068	0.00641	0.00480	0.00480	0.00160	0.00747	0.00374	0.00214	0.00747
45	0.00815	0.00582	0.00815	0.00931	0.01048	0.00582	0.00815	0.01048	0.01164	0.01513	0.02677	0.05704	0.02910	0.01397	0.00698	0.00233	0.00466	0.75671	0.00466	0.00466
46	0.01252	0.01201	0.02053	0.03104	0.79074	0.01201	0.01552	0.01552	0.01151	0.01652	0.00951	0.01252	0.00801	0.00451	0.00501	0.00150	0.00601	0.00451	0.00250	0.00801
47	0.00616	0.00440	0.00587	0.00704	0.00733	0.00411	0.00469	0.00704	0.00968	0.01291	0.02787	0.81899	0.03344	0.01584	0.00645	0.00205	0.00293	0.01438	0.00469	0.00411
48	0.00722	0.00542	0.00813	0.00813	0.00903	0.00632	0.00632	0.00903	0.00813	0.01174	0.01354	0.01987	0.01264	0.03792	0.80225	0.00813	0.01354	0.00542	0.00271	0.00451
49	0.00616	0.00440	0.00587	0.00704	0.00733	0.00411	0.00469	0.00704	0.00968	0.01291	0.02787	0.81899	0.03344	0.01584	0.00645	0.00205	0.00293	0.01438	0.00469	0.00411
50	0.01045	0.01023	0.01467	0.12634	0.01587	0.01397	0.01098	0.01187	0.00824	0.01234	0.00868	0.07619	0.00880	0.00887	0.01414	0.00212	0.63317	0.00523	0.00242	0.00543
51	0.00824	0.00600	0.00740	0.00771	0.00876	0.00595	0.00562	0.11636	0.01231	0.01640	0.08651	0.53537	0.07661	0.01369	0.00623	0.00194	0.00338	0.07187	0.00481	0.00485
52	0.01194	0.01364	0.02984	0.02131	0.02643	0.01279	0.77238	0.01620	0.01194	0.01620	0.01023	0.01364	0.00767	0.00426	0.00597	0.00171	0.00853	0.00597	0.00256	0.00682
53	0.00667	0.00515	0.00609	0.00585	0.00726	0.00456	0.00439	0.00860	0.01317	0.01755	0.48460	0.04226	0.35289	0.01135	0.00597	0.00164	0.00246	0.00977	0.00521	0.00456
54	0.01009	0.01934	0.47241	0.01495	0.06727	0.01133	0.08815	0.01445	0.01058	0.01554	0.04852	0.08163	0.01099	0.00644	0.00657	0.00172	0.10540	0.00526	0.00259	0.00679
55	0.01367	0.01281	0.06886	0.02434	0.43322	0.01155	0.21254	0.01703	0.01200	0.12724	0.01116	0.01337	0.00847	0.00471	0.00526	0.00157	0.00651	0.00492	0.00303	0.00775
56	0.00955	0.00899	0.01517	0.81013	0.03483	0.01123	0.01404	0.01292	0.01011	0.01292	0.00899	0.01348	0.00674	0.00506	0.00506	0.00169	0.00674	0.00449	0.00225	0.00562
57	0.02269	0.00861	0.01174	0.00900	0.01291	0.00743	0.00743	0.02464	0.01447	0.79425	0.01995	0.01721	0.01252	0.00626	0.00509	0.00156	0.00430	0.00509	0.00626	0.00861
58	0.00699	0.00499	0.00681	0.00798	0.00864	0.00482	0.00613	0.00847	0.01050	0.01383	0.02742	0.50251	0.03164	0.01506	0.00667	0.00217	0.00365	0.32271	0.00468	0.00434
59	0.01049	0.09953	0.70797	0.01404	0.02117	0.01253	0.03467	0.01594	0.01067	0.01564	0.00891	0.01051	0.00644	0.00475	0.00469	0.00156	0.00731	0.00369	0.00215	0.00737
60	0.00710	0.00517	0.00668	0.00630	0.00752	0.00475	0.00473	0.00943	0.01418	0.01996	0.75311	0.03829	0.08288	0.01045	0.00596	0.00160	0.00239	0.00922	0.00553	0.00475
61	0.00857	0.00450	0.00660	0.00660	0.00665	0.00455	0.00441	0.00680	0.00674	0.00905	0.00965	0.01707	0.00979	0.08334	0.06903	0.73223	0.00500	0.00469	0.00230	0.00241
62	0.77264	0.01100	0.07063	0.00727	0.01070	0.01124	0.00652	0.01485	0.00889	0.02210	0.02319	0.00902	0.00642	0.00482	0.00332	0.00157	0.00417	0.00295	0.00310	0.00562
63	0.01854	0.05269	0.01543	0.01150	0.01540	0.06473	0.00948	0.64663	0.06781	0.02908	0.01213	0.01216	0.00878	0.00598	0.00495	0.00150	0.00569	0.00445	0.00477	0.00829
64	0.00982	0.02441	0.73275	0.01382	0.02072	0.01113	0.01756	0.01529	0.01060	0.01577	0.01058	0.07547	0.00857	0.00569	0.00494	0.00164	0.00711	0.00459	0.00234	0.00720
65	0.01058	0.10195	0.68603	0.01464	0.05715	0.01255	0.01757	0.01591	0.01068	0.01564	0.00890	0.01052	0.00649	0.00474	0.00466	0.00155	0.00721	0.00367	0.00216	0.00740
66	0.01261	0.02164	0.41674	0.07813	0.13911	0.18328	0.03314	0.01675	0.01165	0.02794	0.00907	0.01101	0.00683	0.00488	0.00483	0.00153	0.00752	0.00388	0.00238	0.00707
67	0.00615	0.00446	0.00581	0.00689	0.00729	0.00412	0.00463	0.00706	0.00983	0.01297	0.02974	0.75724	0.09398	0.01560	0.00642	0.00203	0.00290	0.01408	0.00469	0.00412
68	0.01015	0.00813	0.05809	0.05855	0.01233	0.00732	0.00794	0.07351	0.05078	0.08024	0.21943	0.09263	0.05690	0.01040	0.00599	0.00185	0.00418	0.23114	0.00477	0.00566
69	0.01083	0.01170	0.08908	0.47093	0.12570	0.01158	0.13628	0.01443	0.01073	0.04044	0.00958	0.01321	0.00721	0.00495	0.00540	0.00166	0.02276	0.00468	0.00245	0.00638
70	0.01115	0.01911	0.36452	0.01830	0.02444	0.01233	0.44318	0.01612	0.01139	0.01612	0.00973	0.01235	0.00712	0.00450	0.00546	0.00166	0.00807	0.00499	0.00237	0.00711
71	0.01166	0.01145	0.01754	0.02053	0.33066	0.01407	0.01288	0.01354	0.00928	0.01395	0.00781	0.01166	0.00720	0.00708	0.01186	0.00192	0.48358	0.00446	0.00233	0.00654
72	0.01072	0.02387	0.66818	0.01588	0.06999	0.01174	0.07864	0.01620	0.01092	0.03405	0.00945	0.01118	0.00675	0.00478	0.00492	0.00160	0.00739	0.00399	0.00229	0.00748
73	0.05048	0.03991	0.10993	0.01026	0.01307	0.11194	0.05622	0.09548	0.01246	0.06429	0.01940	0.28259	0.07877	0.00941	0.00563	0.00171	0.02066	0.00801	0.00390	0.00588
74	0.00955	0.00899	0.01517	0.81013	0.03483	0.01123	0.01404	0.01292	0.01011	0.01292	0.00899	0.01348	0.00674	0.00506	0.00506	0.00169	0.00674	0.00449	0.00225	0.00562
75	0.01004	0.11981	0.59830	0.01269	0.01887	0.01174	0.01560	0.01477	0.01062	0.01525	0.02567	0.08855	0.02475	0.00605	0.00482	0.00158	0.00660	0.00486	0.00249	0.00692
76	0.01106	0.24266	0.58760	0.01285	0.01947	0.01398	0.01597	0.01578	0.01057	0.01490	0.00852	0.00998	0.00643	0.00467	0.00438	0.00146	0.00691	0.00346	0.00214	0.00721
77	0.01245	0.01199	0.02062	0.04541	0.76055	0.01202	0.03139	0.01548	0.01150	0.01645	0.00952	0.01256	0.00798	0.00451	0.00503	0.00151	0.00607	0.00454	0.00250	0.00794
78	0.00979	0.00923	0.01560	0.74769	0.09542	0.01130	0.01416	0.01313	0.01022	0.01321	0.00903	0.01340	0.00684	0.00501	0.00505	0.00167	0.00668	0.00449	0.00227	0.00581
79	0.01016	0.05109	0.70611	0.01405	0.02103	0.01170	0.04255	0.01567	0.01089	0.01610	0.04778	0.01204	0.00850	0.00505	0.00485	0.00159	0.00719	0.00405	0.00232	0.00728
80	0.00764	0.00666	0.04711	0.00860	0.05721	0.00563	0.00643	0.01003	0.01307	0.01824	0.51481	0.08845	0.07169	0.02935	0.00645	0.00178	0.00322	0.09370	0.00495	0.00499
81	0.32867	0.01002	0.01038	0.00863	0.01200	0.01071	0.00701	0.11390	0.14683	0.26114	0.01452	0.03306	0.01045	0.00600	0.00440	0.00160	0.00423	0.00449	0.00472	0.00723
82	0.01252	0.01201	0.02053	0.03104	0.79074	0.01201	0.01552	0.01552	0.01151	0.01652	0.00951	0.01252	0.00801	0.00451	0.00501	0.00150	0.00601	0.00451	0.00250	0.00801
83	0.01259	0.00664	0.00840	0.00723	0.00955	0.00599	0.00567	0.01520	0.05198	0.28772	0.33967	0.03182	0.17827	0.00923	0.00562	0.00161	0.00317	0.00786	0.00562	0.00617
84	0.01118	0.01065	0.01812	0.38117	0.45103	0.01166	0.01486	0.01435	0.01088	0.01490	0.00928	0.01295	0.00744	0.00475	0.00503	0.00158	0.00634	0.00450	0.00239	0.00693
85	0.01252	0.01201	0.02053	0.03104	0.79074	0.01201	0.01552	0.01552	0.01151	0.01652	0.00951	0.01252	0.00801	0.00451	0.00501	0.00150	0.00601	0.00451	0.00250	0.00801
86	0.00724	0.00536	0.00783	0.00783	0.00863	0.00616	0.00595	0.00884	0.00804	0.01152	0.01381	0.02136	0.01329	0.12670	0.71437	0.00776	0.01257	0.00564	0.00275	0.00435
87	0.01889	0.02410	0.01433	0.01303	0.01563	0.80199	0.00977	0.02019	0.01433	0.01238	0.00782	0.00912	0.00651	0.00521	0.00456	0.00130	0.00912	0.00326	0.00261	0.00586
88	0.01252	0.01201	0.02053	0.03104	0.79074	0.01201	0.01552	0.01552	0.01151	0.01652	0.00951	0.01252	0.00801	0.00451	0.00501	0.00150	0.00601	0.00451	0.00250	0.00801
89	0.01131	0.01266	0.05344	0.23192	0.12799	0.01224	0.44411	0.01523	0.01135	0.01536	0.00976	0.01334	0.00742	0.00453	0.00556	0.00167	0.00768	0.00530	0.00245	0.00668
90	0.00734	0.00524	0.00722	0.00839	0.00919	0.00512	0.00674	0.00907	0.01084	0.01422	0.02722	0.36809	0.03087	0.01473	0.00677	0.00222	0.00395	0.45367	0.00467	0.00443
91	0.01306	0.01212	0.01953	0.02819	0.68013	0.01234	0.01458	0.07701	0.06052	0.01804	0.01041	0.01288	0.00852	0.00478	0.00502	0.00152	0.00585	0.00458	0.00287	0.00806
92	0.01204	0.01705	0.28686	0.05457	0.02356	0.01182	0.38847	0.01652	0.01160	0.08248	0.02344	0.01328	0.00826	0.00484	0.00566	0.00166	0.02297	0.00509	0.00276	0.00708
93	0.00616	0.00440	0.00587	0.00704	0.00733	0.00411	0.00469	0.00704	0.00968	0.01291	0.02787	0.81899	0.03344	0.01584	0.00645	0.00205	0.00293	0.01438	0.00469	0.00411
94	0.00955	0.00899	0.01517	0.81013	0.03483	0.01123	0.01404	0.01292	0.01011	0.01292	0.00899	0.01348	0.00674	0.00506	0.00506	0.00169	0.00674	0.00449	0.00225	0.00562
95	0.00877	0.00670	0.00991	0.01241	0.12167	0.00670	0.00920	0.01120	0.01162	0.01533	0.02431	0.05069	0.02610	0.01262	0.00670	0.00221	0.00485	0.64951	0.00435	0.00513
96	0.01199	0.28684	0.43210	0.01211	0.01788	0.06380	0.01398	0.01686	0.07257	0.01485	0.00925	0.01039	0.00716	0.00484	0.00430	0.00142	0.00662	0.00353	0.00241	0.00709
97	0.00722	0.00526	0.00686	0.00670	0.00792	0.00489	0.00518	0.00954	0.01378	0.01917	0.63892	0.04109	0.08899	0.01099	0.00611	0.00170	0.00271	0.11288	0.00539	0.00473
98	0.00955	0.00899	0.01517	0.81013	0.03483	0.01123	0.01404	0.01292	0.01011	0.01292	0.00899	0.01348	0.00674	0.00506	0.00506	0.00169	0.00674	0.00449	0.00225	0.00562
99	0.01944	0.01382	0.01496	0.01147	0.01551	0.01517	0.00948	0.72716	0.02320	0.07941	0.01263	0.01246	0.00884	0.00608	0.00506	0.00152	0.00549	0.00459	0.00513	0.00860
100	0.01828	0.01369	0.01464	0.01144	0.01532	0.01524	0.00938	0.66743	0.13177	0.03034	0.01334	0.01310	0.00957	0.00618	0.00507	0.00155	0.00534	0.00472	0.00507	0.00851
101	0.00612	0.00463	0.00566	0.00645	0.00719	0.00417	0.00444	0.00715	0.01031	0.01326	0.04783	0.57481	0.26003	0.01484	0.00630	0.00194	0.00281	0.01318	0.00471	0.00417
102	0.00723	0.00538	0.00792	0.00792	0.00875	0.00621	0.00606	0.00890	0.00806	0.01158	0.01374	0.02093	0.01310	0.10082	0.73998	0.00787	0.01285	0.00557	0.00274	0.00440
103	0.01302	0.39399	0.01852	0.00952	0.01307	0.01607	0.00831	0.02135	0.41877	0.01680	0.01421	0.01381	0.01123	0.00567	0.00425	0.00142	0.00466	0.00430	0.00374	0.00729
104	0.01242	0.01191	0.02034	0.05724	0.76532	0.01199	0.01547	0.01543	0.01147	0.01640	0.00949	0.01255	0.00797	0.00452	0.00501	0.00151	0.00603	0.00451	0.00249	0.00793
105	0.01221	0.01298	0.09842	0.03715	0.31913	0.01225	0.03745	0.02062	0.35638	0.01845	0.01444	0.01523	0.01113	0.00560	0.00508	0.00162	0.00536	0.00502	0.00364	0.00786

[dist]
# distance from previous block
# <min> <max>
0	2

[block]
# block no. 5 follows, 49 sequences, length 10
# corresponding to MSA columns:
# 321-330
name=unknown_F
#
# <colnr> <probs for GDERKNQSTAVLIFYWHMCP>
#	G	D	E	R	K	N	Q	S	T	A	V	L	I	F	Y	W	H	M	C	P
0	0.01236	0.01072	0.04104	0.01524	0.19897	0.01136	0.01027	0.13269	0.06895	0.05653	0.18296	0.01855	0.01742	0.00800	0.02703	0.00185	0.16974	0.00563	0.00388	0.00680
1	0.07109	0.01195	0.07250	0.05214	0.13317	0.01065	0.18754	0.07546	0.01329	0.28199	0.03096	0.01455	0.01008	0.00535	0.00515	0.00159	0.00590	0.00498	0.00406	0.00759
2	0.01527	0.00799	0.01021	0.00891	0.03779	0.00752	0.00680	0.08143	0.06269	0.35413	0.24170	0.02581	0.10154	0.00805	0.00543	0.00159	0.00372	0.00679	0.00560	0.00701
3	0.01106	0.01106	0.01549	0.01328	0.01328	0.01549	0.01106	0.01217	0.00774	0.01217	0.00664	0.01106	0.00664	0.00885	0.01659	0.00221	0.81303	0.00443	0.00221	0.00553
4	0.00945	0.01316	0.23332	0.01136	0.01516	0.00904	0.12162	0.01481	0.12553	0.01838	0.31670	0.02419	0.05065	0.00746	0.00552	0.00163	0.00496	0.00670	0.00407	0.00629
5	0.01106	0.01106	0.01549	0.01328	0.01328	0.01549	0.01106	0.01217	0.00774	0.01217	0.00664	0.01106	0.00664	0.00885	0.01659	0.00221	0.81303	0.00443	0.00221	0.00553
6	0.01407	0.06724	0.35213	0.01393	0.04553	0.05064	0.08745	0.17394	0.01416	0.09581	0.03037	0.01243	0.00869	0.00528	0.00493	0.00154	0.00664	0.00433	0.00331	0.00757
7	0.00754	0.00496	0.00640	0.00640	0.00665	0.00521	0.00416	0.00769	0.00745	0.01018	0.01417	0.02671	0.01532	0.48209	0.23758	0.13779	0.00719	0.00636	0.00283	0.00333
8	0.77468	0.09025	0.00931	0.00685	0.01009	0.01220	0.00579	0.01489	0.00877	0.02162	0.00704	0.00820	0.00558	0.00466	0.00314	0.00152	0.00406	0.00273	0.00303	0.00558
9	0.01179	0.14702	0.25721	0.01011	0.01540	0.03941	0.01057	0.01502	0.01085	0.05476	0.00921	0.01045	0.00721	0.00435	0.00409	0.00113	0.00540	0.00329	0.00274	0.37998

[dist]
# distance from previous block
# <min> <max>
0	1

[block]
# block no. 6 follows, 49 sequences, length 14
# corresponding to MSA columns:
# 332-345
name=unknown_G
#
# <colnr> <probs for GDERKNQSTAVLIFYWHMCP>
#	G	D	E	R	K	N	Q	S	T	A	V	L	I	F	Y	W	H	M	C	P
0	0.01374	0.41321	0.25291	0.01101	0.01621	0.01662	0.01184	0.17860	0.01330	0.01742	0.00874	0.00974	0.00692	0.00484	0.00410	0.00133	0.00606	0.00341	0.00278	0.00724
1	0.01215	0.01046	0.03357	0.00971	0.01248	0.01122	0.00780	0.11800	0.49258	0.02218	0.18928	0.02196	0.02146	0.00747	0.00531	0.00166	0.00394	0.00627	0.00514	0.00735
2	0.00740	0.00567	0.00846	0.00836	0.00922	0.00673	0.00653	0.00917	0.00811	0.01176	0.01324	0.01947	0.01237	0.03662	0.76704	0.00786	0.04937	0.00537	0.00269	0.00456
3	0.01844	0.09109	0.01535	0.01266	0.01541	0.73661	0.00968	0.01977	0.01399	0.01234	0.00775	0.00903	0.00651	0.00514	0.00445	0.00128	0.00881	0.00321	0.00257	0.00591
4	0.01067	0.02364	0.68176	0.01346	0.02048	0.01104	0.01689	0.01600	0.01080	0.04634	0.00949	0.01091	0.00676	0.00475	0.00470	0.00151	0.00695	0.00371	0.00239	0.09774
