[name]
unknown

[dist]
# distance from previous block
# <min> <max>
5	9

[block]
# block no. 0 follows, 42 sequences, length 11
# corresponding to MSA columns:
# 10-20
name=unknown_A
#
# <colnr> <probs for GDERKNQSTAVLIFYWHMCP>
#	G	D	E	R	K	N	Q	S	T	A	V	L	I	F	Y	W	H	M	C	P
0	0.01317	0.01047	0.01096	0.00999	0.01273	0.01193	0.00773	0.02594	0.58113	0.02294	0.02183	0.02099	0.01653	0.00738	0.00530	0.00177	0.00402	0.00610	0.20103	0.00804
1	0.15739	0.01559	0.01399	0.01145	0.01535	0.19667	0.00919	0.21709	0.01776	0.27010	0.01428	0.01384	0.00987	0.00634	0.00515	0.00166	0.00638	0.00458	0.00506	0.00827
2	0.01433	0.01325	0.02099	0.08827	0.53009	0.01426	0.01577	0.10114	0.01375	0.01945	0.01048	0.01376	0.00869	0.00587	0.00719	0.00179	0.10444	0.00501	0.00305	0.00844
3	0.01433	0.14808	0.02050	0.04245	0.37146	0.06557	0.01317	0.02024	0.19011	0.01825	0.01413	0.01561	0.03022	0.00591	0.00527	0.00165	0.00619	0.00508	0.00349	0.00829
4	0.01268	0.01083	0.01154	0.01065	0.01342	0.01229	0.00817	0.02590	0.62133	0.02193	0.02610	0.11313	0.06905	0.00923	0.00596	0.00195	0.00421	0.00784	0.00564	0.00813
5	0.00995	0.00928	0.01571	0.10224	0.01760	0.00968	0.18221	0.01294	0.01358	0.01878	0.34308	0.02994	0.09405	0.00926	0.00800	0.00191	0.10309	0.00824	0.00443	0.00601
6	0.00686	0.00490	0.00653	0.00784	0.00816	0.00457	0.00522	0.00784	0.01077	0.01437	0.03102	0.79855	0.03722	0.01763	0.00718	0.00229	0.00326	0.01600	0.00522	0.00457
7	0.01590	0.01354	0.01639	0.01358	0.01573	0.01680	0.01118	0.28451	0.13389	0.02314	0.01209	0.01413	0.00974	0.00837	0.01176	0.00209	0.37999	0.00520	0.00414	0.00784
8	0.01776	0.35316	0.02176	0.01134	0.01581	0.01908	0.01002	0.34603	0.11096	0.02448	0.01225	0.01253	0.00951	0.00603	0.00478	0.00151	0.00590	0.00435	0.00426	0.00848
9	0.01136	0.00793	0.00872	0.00777	0.00885	0.00834	0.00516	0.18593	0.01257	0.01681	0.01672	0.03123	0.01784	0.61120	0.02312	0.00455	0.00563	0.00744	0.00394	0.00489
10	0.01581	0.01383	0.10905	0.01168	0.01659	0.05766	0.08033	0.05817	0.01421	0.19774	0.05044	0.01636	0.03109	0.00589	0.00522	0.00143	0.00572	0.00497	0.00431	0.29951

[dist]
# distance from previous block
# <min> <max>
0	1

[block]
# block no. 1 follows, 42 sequences, length 12
# corresponding to MSA columns:
# 22-33
name=unknown_B
#
# <colnr> <probs for GDERKNQSTAVLIFYWHMCP>
#	G	D	E	R	K	N	Q	S	T	A	V	L	I	F	Y	W	H	M	C	P
0	0.08926	0.47277	0.08156	0.05312	0.05187	0.08011	0.01103	0.07336	0.01287	0.01671	0.00875	0.01024	0.00739	0.00517	0.00420	0.00141	0.00650	0.00351	0.00281	0.00736
1	0.00686	0.00490	0.00653	0.00784	0.00816	0.00457	0.00522	0.00784	0.01077	0.01437	0.03102	0.79855	0.03722	0.01763	0.00718	0.00229	0.00326	0.01600	0.00522	0.00457
2	0.01375	0.11939	0.42800	0.07539	0.07992	0.01498	0.01691	0.15090	0.01451	0.02026	0.01047	0.01223	0.00775	0.00553	0.00522	0.00169	0.00746	0.00431	0.00302	0.00830
3	0.01240	0.01150	0.01616	0.01325	0.01654	0.01240	0.16983	0.02237	0.41044	0.02079	0.08307	0.02498	0.10741	0.00821	0.00671	0.00192	0.04207	0.00732	0.00492	0.00770
4	0.01042	0.00902	0.01402	0.01939	0.33638	0.00891	0.01060	0.01336	0.04441	0.01799	0.15582	0.28816	0.02704	0.01063	0.00632	0.00191	0.00468	0.00978	0.00437	0.00677
5	0.01986	0.01241	0.01375	0.01079	0.01461	0.01318	0.00883	0.45940	0.02146	0.17162	0.01616	0.01613	0.01140	0.00675	0.00528	0.00162	0.00519	0.00522	0.17765	0.00867
6	0.01502	0.01591	0.17330	0.01204	0.01653	0.01347	0.01132	0.30072	0.18074	0.02595	0.07605	0.02141	0.09695	0.00783	0.00578	0.00179	0.00563	0.00629	0.00496	0.00831
7	0.01231	0.00943	0.01244	0.01280	0.10240	0.01038	0.00881	0.20697	0.01403	0.01941	0.01443	0.02057	0.01300	0.11751	0.39300	0.00578	0.01058	0.00590	0.00373	0.00651
8	0.07843	0.10659	0.05426	0.01201	0.01591	0.01156	0.14294	0.06381	0.04087	0.17123	0.20418	0.03765	0.02144	0.00747	0.00569	0.00173	0.00544	0.00659	0.00482	0.00740
9	0.01210	0.01149	0.01565	0.01327	0.01397	0.01515	0.01099	0.01359	0.00923	0.01469	0.00854	0.01290	0.00804	0.00892	0.01564	0.00218	0.63684	0.00476	0.06632	0.10573
10	0.03285	0.01194	0.03656	0.01380	0.06084	0.05848	0.15317	0.08452	0.05501	0.11326	0.24158	0.02483	0.05450	0.00788	0.00606	0.00175	0.00562	0.00714	0.00488	0.02534
11	0.18260	0.07653	0.01468	0.01133	0.01464	0.24389	0.05468	0.12546	0.01533	0.02049	0.08258	0.01880	0.10244	0.00721	0.00515	0.00164	0.00649	0.00544	0.00395	0.00669

[dist]
# distance from previous block
# <min> <max>
1	3

[block]
# block no. 2 follows, 42 sequences, length 8
# corresponding to MSA columns:
# 39-46
name=unknown_C
#
# <colnr> <probs for GDERKNQSTAVLIFYWHMCP>
#	G	D	E	R	K	N	Q	S	T	A	V	L	I	F	Y	W	H	M	C	P
0	0.07429	0.09651	0.29597	0.01245	0.01734	0.17709	0.01277	0.01832	0.01248	0.09655	0.01178	0.01530	0.00968	0.11672	0.00827	0.00216	0.00743	0.00458	0.00321	0.00712
1	0.26036	0.01372	0.01175	0.00998	0.01344	0.13774	0.00789	0.15870	0.07883	0.02337	0.01258	0.05158	0.01037	0.00638	0.00466	0.00157	0.00546	0.00466	0.06350	0.12345
2	0.01646	0.01291	0.01420	0.03761	0.01606	0.01456	0.00962	0.34787	0.31552	0.02776	0.05453	0.01858	0.01502	0.00984	0.06117	0.00231	0.00600	0.00590	0.00540	0.00866
3	0.01343	0.62077	0.02476	0.00949	0.01343	0.01875	0.00903	0.01528	0.01088	0.01320	0.00950	0.01205	0.00880	0.01346	0.18307	0.00302	0.00811	0.00371	0.00255	0.00671
4	0.01125	0.00597	0.00684	0.00641	0.00741	0.00579	0.00424	0.01233	0.01036	0.11993	0.01854	0.02968	0.01777	0.45612	0.01813	0.00371	0.00453	0.00696	0.24924	0.00481
5	0.01469	0.01318	0.02379	0.05233	0.02276	0.01399	0.36269	0.01941	0.09196	0.12246	0.01314	0.01569	0.00990	0.00658	0.00910	0.00201	0.18908	0.00601	0.00362	0.00762
6	0.00801	0.00544	0.00637	0.00645	0.00667	0.00534	0.00387	0.00849	0.00954	0.01291	0.12328	0.11893	0.02680	0.60809	0.02328	0.00460	0.00483	0.00930	0.00399	0.00380
7	0.01115	0.01090	0.00906	0.00888	0.00991	0.20269	0.00611	0.01201	0.01092	0.01268	0.01922	0.14469	0.05902	0.33750	0.11718	0.00423	0.00745	0.00812	0.00360	0.00466

[dist]
# distance from previous block
# <min> <max>
0	4

[block]
# block no. 3 follows, 42 sequences, length 11
# corresponding to MSA columns:
# 51-61
name=unknown_D
#
# <colnr> <probs for GDERKNQSTAVLIFYWHMCP>
#	G	D	E	R	K	N	Q	S	T	A	V	L	I	F	Y	W	H	M	C	P
0	0.01487	0.01233	0.02064	0.08647	0.11293	0.01242	0.24300	0.16816	0.01562	0.09352	0.01598	0.14803	0.01410	0.00767	0.00621	0.00188	0.00678	0.00746	0.00419	0.00772
1	0.03827	0.01336	0.01852	0.17532	0.02303	0.01406	0.13520	0.32786	0.01810	0.02495	0.01167	0.01367	0.00866	0.00570	0.00549	0.00162	0.00663	0.00497	0.00406	0.14884
2	0.01386	0.01242	0.01942	0.33557	0.34559	0.01371	0.01549	0.14020	0.01450	0.01967	0.01085	0.01429	0.00845	0.00556	0.00560	0.00176	0.00693	0.00502	0.00315	0.00795
3	0.01007	0.00717	0.00822	0.00773	0.00931	0.00713	0.00568	0.13478	0.01476	0.02022	0.20151	0.20116	0.14746	0.10871	0.00902	0.00230	0.00376	0.01013	0.08535	0.00554
4	0.00807	0.00541	0.00617	0.00628	0.00630	0.00538	0.00356	0.00816	0.00840	0.01120	0.01882	0.09932	0.02183	0.73786	0.02688	0.00520	0.00528	0.00882	0.00356	0.00351
5	0.00805	0.00580	0.00770	0.00770	0.00894	0.00544	0.00594	0.01055	0.01497	0.02087	0.57463	0.11261	0.04818	0.01273	0.00688	0.00195	0.00314	0.13275	0.00594	0.00522
6	0.01339	0.01905	0.32627	0.17749	0.02747	0.01267	0.21157	0.01834	0.01264	0.10929	0.01190	0.01430	0.00841	0.00544	0.00579	0.00183	0.00803	0.00518	0.00309	0.00785
7	0.01197	0.00717	0.00896	0.00822	0.01028	0.00681	0.00625	0.01574	0.10543	0.17571	0.32691	0.16431	0.10668	0.01140	0.00642	0.00188	0.00344	0.00993	0.00604	0.00645
8	0.01896	0.19045	0.01913	0.01322	0.01652	0.41424	0.01072	0.14362	0.01606	0.01732	0.00920	0.01069	0.00765	0.00614	0.00615	0.00154	0.08415	0.00386	0.00322	0.00716
9	0.01352	0.01283	0.02124	0.06088	0.64639	0.01262	0.01591	0.01678	0.01261	0.01822	0.01049	0.01369	0.00879	0.00493	0.00540	0.00158	0.00641	0.00481	0.00284	0.11005
10	0.01552	0.14026	0.02093	0.01843	0.19522	0.05122	0.10176	0.21135	0.01652	0.02172	0.02993	0.02081	0.01305	0.00712	0.00572	0.00175	0.00665	0.11019	0.00392	0.00792

[dist]
# distance from previous block
# <min> <max>
0	5

[block]
# block no. 4 follows, 42 sequences, length 11
# corresponding to MSA columns:
# 68-78
name=unknown_E
#
# <colnr> <probs for GDERKNQSTAVLIFYWHMCP>
#	G	D	E	R	K	N	Q	S	T	A	V	L	I	F	Y	W	H	M	C	P
0	0.54886	0.00956	0.00859	0.00769	0.01082	0.01036	0.00617	0.01650	0.01101	0.13819	0.01708	0.10027	0.08037	0.00766	0.00451	0.00181	0.00416	0.00566	0.00437	0.00634
1	0.00776	0.00596	0.00720	0.00771	0.00879	0.00574	0.00546	0.01070	0.09273	0.01678	0.14813	0.45719	0.17483	0.01497	0.00684	0.00209	0.00322	0.01328	0.00543	0.00519
2	0.01534	0.02378	0.49984	0.01431	0.02099	0.08244	0.01653	0.04525	0.01374	0.17434	0.03232	0.01408	0.00984	0.00593	0.00543	0.00174	0.00753	0.00461	0.00359	0.00838
3	0.00744	0.00550	0.00720	0.00746	0.00848	0.00526	0.00542	0.00928	0.01276	0.01744	0.31551	0.29290	0.13083	0.01863	0.12610	0.00308	0.00480	0.01169	0.00526	0.00495
4	0.00831	0.00567	0.00774	0.00878	0.00948	0.00556	0.00678	0.00956	0.01116	0.01468	0.02694	0.30813	0.03050	0.08896	0.01103	0.09299	0.00452	0.33996	0.00474	0.00451
5	0.01229	0.01089	0.01688	0.66904	0.03547	0.01327	0.01487	0.12760	0.01360	0.01763	0.01054	0.01477	0.00782	0.00580	0.00563	0.00185	0.00730	0.00501	0.00298	0.00676
6	0.00679	0.00542	0.00609	0.00653	0.00784	0.00472	0.00466	0.00812	0.01226	0.01528	0.08414	0.31732	0.47042	0.01531	0.00684	0.00203	0.00299	0.01325	0.00528	0.00472
7	0.01357	0.01300	0.02219	0.11752	0.68697	0.01328	0.01709	0.01695	0.01264	0.01794	0.01052	0.01405	0.00876	0.00508	0.00558	0.00169	0.00678	0.00501	0.00275	0.00862
8	0.01389	0.09457	0.31816	0.09969	0.09103	0.01398	0.04102	0.12995	0.01426	0.04199	0.01084	0.01270	0.00808	0.00543	0.00522	0.00163	0.00710	0.00442	0.00317	0.08287
9	0.10319	0.01326	0.02008	0.04843	0.39635	0.06092	0.12646	0.01693	0.03501	0.01847	0.01567	0.01796	0.09048	0.00614	0.00560	0.00174	0.00663	0.00575	0.00322	0.00772
10	0.19302	0.23950	0.13779	0.01146	0.02874	0.01522	0.03557	0.04436	0.07287	0.09738	0.03939	0.01332	0.01034	0.00593	0.00507	0.00164	0.03289	0.00431	0.00365	0.00755

[dist]
# distance from previous block
# <min> <max>
0	16

[block]
# block no. 5 follows, 42 sequences, length 15
# corresponding to MSA columns:
# 96-110
name=unknown_F
#
# <colnr> <probs for GDERKNQSTAVLIFYWHMCP>
#	G	D	E	R	K	N	Q	S	T	A	V	L	I	F	Y	W	H	M	C	P
0	0.01579	0.10292	0.20950	0.01310	0.01786	0.16411	0.01253	0.08394	0.25734	0.04585	0.01447	0.01461	0.01088	0.00630	0.00527	0.00169	0.00687	0.00478	0.00401	0.00819
1	0.00709	0.00559	0.00586	0.00592	0.00721	0.00494	0.00407	0.00810	0.01142	0.01395	0.04469	0.08363	0.52055	0.23744	0.01290	0.00292	0.00361	0.01102	0.00471	0.00436
2	0.01655	0.21746	0.02669	0.01639	0.02144	0.01546	0.34314	0.07557	0.03856	0.15464	0.01297	0.01438	0.00954	0.00541	0.00558	0.00168	0.00733	0.00540	0.00379	0.00805
3	0.01285	0.01274	0.01501	0.44683	0.02788	0.14787	0.01260	0.07143	0.04017	0.01621	0.01366	0.13177	0.01242	0.00762	0.00577	0.00185	0.00713	0.00646	0.00334	0.00640
4	0.00759	0.00571	0.00702	0.00675	0.00819	0.00514	0.00504	0.00987	0.01495	0.02038	0.55580	0.07243	0.23563	0.01243	0.00666	0.00182	0.00273	0.01082	0.00591	0.00514
5	0.01173	0.01150	0.02060	0.51284	0.19296	0.01295	0.12563	0.01554	0.01189	0.01578	0.01033	0.01480	0.00796	0.00536	0.00577	0.00184	0.00763	0.00525	0.00261	0.00702
6	0.01393	0.01337	0.02284	0.03454	0.76712	0.01337	0.01727	0.01727	0.01281	0.01839	0.01059	0.01393	0.00891	0.00501	0.00557	0.00167	0.00669	0.00501	0.00279	0.00891
7	0.00899	0.00709	0.00838	0.00883	0.01026	0.00730	0.00660	0.01411	0.20335	0.01721	0.03247	0.38402	0.13539	0.01427	0.00682	0.00218	0.00379	0.11778	0.00535	0.00580
8	0.01398	0.01326	0.01589	0.01932	0.26552	0.09596	0.01194	0.02208	0.31392	0.01973	0.01831	0.02397	0.01567	0.00777	0.00592	0.00188	0.00593	0.11651	0.00435	0.00808
9	0.13296	0.00722	0.00715	0.00697	0.00918	0.00707	0.00544	0.01204	0.09227	0.01796	0.06602	0.04418	0.49264	0.01220	0.00616	0.00193	0.00342	0.06468	0.00505	0.00545
10	0.10382	0.46605	0.26952	0.01148	0.01729	0.01822	0.01288	0.01713	0.01138	0.01604	0.00857	0.00997	0.00707	0.00503	0.00416	0.00145	0.00659	0.00339	0.00251	0.00746
11	0.10909	0.02511	0.01512	0.01374	0.01670	0.69735	0.01036	0.02184	0.01526	0.01500	0.00861	0.01004	0.00713	0.00574	0.00490	0.00148	0.00953	0.00356	0.00296	0.00648
12	0.01132	0.00635	0.00820	0.00775	0.00955	0.00567	0.00579	0.01319	0.01401	0.18665	0.27937	0.25811	0.14648	0.01268	0.00658	0.00193	0.00334	0.01111	0.00594	0.00597
13	0.01158	0.01083	0.01303	0.01150	0.01348	0.12436	0.08694	0.06899	0.01179	0.01524	0.01382	0.02011	0.01263	0.09179	0.46058	0.00629	0.01228	0.00584	0.00321	0.00574
14	0.01304	0.00815	0.00872	0.00759	0.00977	0.00854	0.00596	0.21053	0.01636	0.02512	0.12892	0.02213	0.01892	0.00735	0.00480	0.00148	0.00359	0.00594	0.48668	0.00642

[dist]
# distance from previous block
# <min> <max>
0	1

[block]
# block no. 6 follows, 42 sequences, length 7
# corresponding to MSA columns:
# 112-118
name=unknown_G
#
# <colnr> <probs for GDERKNQSTAVLIFYWHMCP>
#	G	D	E	R	K	N	Q	S	T	A	V	L	I	F	Y	W	H	M	C	P
0	0.15340	0.00885	0.01056	0.00865	0.01197	0.00846	0.00700	0.04932	0.01498	0.39848	0.16398	0.02195	0.02018	0.00752	0.00532	0.00170	0.00414	0.00605	0.08976	0.00774
1	0.01080	0.00594	0.00612	0.00587	0.00717	0.00605	0.00427	0.05853	0.01213	0.02025	0.01795	0.02310	0.01510	0.13630	0.00807	0.00201	0.00331	0.00571	0.64609	0.00522
2	0.01672	0.00813	0.00993	0.00790	0.01132	0.00700	0.00633	0.01914	0.01351	0.32279	0.01792	0.01802	0.01277	0.00615	0.00469	0.00137	0.00386	0.00496	0.30223	0.20526
3	0.01539	0.01384	0.02168	0.03033	0.62075	0.01417	0.01599	0.16001	0.01548	0.02172	0.01116	0.01385	0.00904	0.00535	0.00558	0.00167	0.00659	0.00502	0.00334	0.00904
4	0.01348	0.01213	0.02037	0.01905	0.16520	0.01217	0.24386	0.02037	0.20865	0.06741	0.13766	0.02109	0.01848	0.00680	0.00613	0.00183	0.00621	0.00677	0.00439	0.00795
5	0.07151	0.01476	0.01398	0.01126	0.01533	0.16165	0.00901	0.19506	0.07635	0.21958	0.01467	0.01436	0.01045	0.00618	0.00516	0.00154	0.00601	0.00463	0.00495	0.14356
6	0.13335	0.01081	0.01313	0.01458	0.15979	0.01151	0.00949	0.13709	0.15072	0.02245	0.04802	0.17061	0.01836	0.00893	0.00570	0.00186	0.00487	0.03645	0.00462	0.03767

[dist]
# distance from previous block
# <min> <max>
0	5

[block]
# block no. 7 follows, 42 sequences, length 7
# corresponding to MSA columns:
# 124-130
name=unknown_H
#
# <colnr> <probs for GDERKNQSTAVLIFYWHMCP>
#	G	D	E	R	K	N	Q	S	T	A	V	L	I	F	Y	W	H	M	C	P
0	0.01234	0.13747	0.39763	0.01303	0.01878	0.09849	0.01449	0.01644	0.01210	0.01626	0.01253	0.12162	0.01150	0.00693	0.00520	0.00164	0.00707	0.00551	0.00293	0.08803
1	0.01154	0.02386	0.52959	0.01731	0.02445	0.01279	0.20275	0.01734	0.01254	0.01823	0.06642	0.01495	0.01090	0.00565	0.00577	0.00181	0.00819	0.00523	0.00278	0.00791
2	0.00752	0.00595	0.00725	0.00754	0.00909	0.00568	0.00601	0.00935	0.01196	0.01506	0.04094	0.04864	0.42206	0.02119	0.19064	0.00375	0.00628	0.17148	0.00469	0.00491
3	0.02471	0.01045	0.01360	0.01042	0.01480	0.00956	0.00861	0.12858	0.01756	0.66781	0.02098	0.01836	0.01332	0.00694	0.00566	0.00173	0.00499	0.00558	0.00678	0.00958
4	0.00814	0.00611	0.00713	0.00707	0.00835	0.00548	0.00502	0.00963	0.01366	0.01819	0.33788	0.13654	0.28264	0.11634	0.00984	0.00248	0.00341	0.01134	0.00560	0.00515
5	0.84197	0.01088	0.00827	0.00740	0.01088	0.01262	0.00609	0.01654	0.00958	0.02525	0.00784	0.00914	0.00609	0.00522	0.00348	0.00174	0.00435	0.00305	0.00348	0.00609
6	0.11856	0.01061	0.01952	0.01535	0.01867	0.01039	0.35348	0.01397	0.01163	0.01737	0.01724	0.25272	0.01746	0.01236	0.08164	0.00269	0.00748	0.00895	0.00367	0.00623

[dist]
# distance from previous block
# <min> <max>
0	1

[block]
# block no. 8 follows, 42 sequences, length 11
# corresponding to MSA columns:
# 132-142
name=unknown_I
#
# <colnr> <probs for GDERKNQSTAVLIFYWHMCP>
#	G	D	E	R	K	N	Q	S	T	A	V	L	I	F	Y	W	H	M	C	P
0	0.04596	0.01691	0.01509	0.01264	0.01634	0.18593	0.01002	0.33696	0.25304	0.02655	0.01520	0.01497	0.01133	0.00677	0.00547	0.00171	0.00647	0.00509	0.00498	0.00857
1	0.84197	0.01088	0.00827	0.00740	0.01088	0.01262	0.00609	0.01654	0.00958	0.02525	0.00784	0.00914	0.00609	0.00522	0.00348	0.00174	0.00435	0.00305	0.00348	0.00609
2	0.01283	0.01140	0.01831	0.01559	0.07251	0.01203	0.23010	0.07281	0.12776	0.01944	0.01483	0.01902	0.01226	0.09115	0.02712	0.00236	0.08156	0.00610	0.14580	0.00700
3	0.00848	0.00635	0.00767	0.00712	0.00877	0.00592	0.00540	0.05500	0.01585	0.02164	0.55388	0.04312	0.21603	0.01185	0.00658	0.00180	0.00292	0.01026	0.00594	0.00544
4	0.01392	0.01287	0.02100	0.19495	0.53955	0.01357	0.01630	0.08558	0.01376	0.01913	0.01074	0.01412	0.00867	0.00531	0.00559	0.00172	0.00681	0.00502	0.00299	0.00840
5	0.00781	0.00614	0.00787	0.00798	0.00916	0.00583	0.03281	0.01024	0.06682	0.01600	0.11679	0.39414	0.20031	0.08060	0.00867	0.00236	0.00361	0.01269	0.00513	0.00503
6	0.00798	0.00594	0.00795	0.00815	0.00917	0.00627	0.00622	0.00962	0.01015	0.01363	0.02509	0.03669	0.14811	0.16957	0.39196	0.00617	0.00970	0.11911	0.00380	0.00471
7	0.01886	0.16677	0.10338	0.01380	0.01765	0.55772	0.01176	0.02094	0.01468	0.01413	0.00870	0.01014	0.00723	0.00557	0.00484	0.00144	0.00920	0.00357	0.00275	0.00685
8	0.00779	0.00567	0.00775	0.00799	0.00868	0.00610	0.00573	0.00911	0.00934	0.01291	0.02061	0.17155	0.05477	0.21288	0.42561	0.00662	0.01007	0.00866	0.00362	0.00455
9	0.01396	0.01453	0.01880	0.31281	0.30534	0.15582	0.01503	0.01748	0.03844	0.01605	0.01035	0.01383	0.00831	0.00563	0.00589	0.00174	0.03102	0.00479	0.00279	0.00739
10	0.01544	0.01764	0.10127	0.01803	0.19066	0.18185	0.01266	0.04543	0.31659	0.01992	0.01522	0.01573	0.01173	0.00634	0.00550	0.00173	0.00671	0.00516	0.00405	0.00834

[dist]
# distance from previous block
# <min> <max>
2	4

[block]
# block no. 9 follows, 42 sequences, length 6
# corresponding to MSA columns:
# 147-152
name=unknown_J
#
# <colnr> <probs for GDERKNQSTAVLIFYWHMCP>
#	G	D	E	R	K	N	Q	S	T	A	V	L	I	F	Y	W	H	M	C	P
0	0.00901	0.00750	0.00794	0.00766	0.00973	0.00724	0.00574	0.01374	0.18543	0.01827	0.11928	0.09463	0.46641	0.01292	0.00667	0.00200	0.00341	0.01080	0.00559	0.00602
1	0.01422	0.01225	0.01767	0.01853	0.18875	0.01509	0.01271	0.01742	0.08054	0.09620	0.01116	0.01423	0.00935	0.00822	0.01293	0.00215	0.45270	0.00516	0.00332	0.00742
2	0.01165	0.01263	0.08842	0.49537	0.16830	0.01287	0.01570	0.01688	0.09095	0.01641	0.01149	0.01515	0.00876	0.00570	0.00560	0.00183	0.00710	0.00507	0.00288	0.00722
3	0.00817	0.00552	0.00646	0.00646	0.00657	0.00563	0.00381	0.00839	0.00828	0.01115	0.01744	0.03519	0.01975	0.71793	0.11197	0.00585	0.00652	0.00794	0.00337	0.00359
4	0.01562	0.19717	0.01968	0.01590	0.18371	0.06835	0.01086	0.16802	0.01523	0.02040	0.01026	0.01184	0.00839	0.00516	0.00472	0.00133	0.00600	0.00401	0.00344	0.22992
5	0.02191	0.01179	0.01336	0.01035	0.01470	0.08272	0.00840	0.08043	0.01604	0.49526	0.01787	0.01640	0.01187	0.00629	0.00531	0.00153	0.00529	0.00497	0.00577	0.16975

[dist]
# distance from previous block
# <min> <max>
3	4

[block]
# block no. 10 follows, 42 sequences, length 46
# corresponding to MSA columns:
# 157-191,205-215
name=unknown_K
#
# <colnr> <probs for GDERKNQSTAVLIFYWHMCP>
#	G	D	E	R	K	N	Q	S	T	A	V	L	I	F	Y	W	H	M	C	P
0	0.01329	0.01177	0.01639	0.47641	0.10091	0.06810	0.01372	0.01816	0.10386	0.07478	0.01250	0.01549	0.00934	0.00588	0.00554	0.00178	0.00691	0.00506	0.00333	0.03678
1	0.04203	0.01704	0.01411	0.01187	0.01535	0.26781	0.00935	0.27710	0.04857	0.09459	0.01954	0.01926	0.12373	0.00758	0.00555	0.00166	0.00675	0.00567	0.00473	0.00771
2	0.14336	0.01348	0.01401	0.01146	0.01536	0.01509	0.00928	0.36229	0.26426	0.06914	0.01621	0.01562	0.01179	0.00682	0.00534	0.00177	0.00527	0.00522	0.00541	0.00883
3	0.00901	0.00658	0.00819	0.00774	0.00920	0.00595	0.00572	0.01123	0.01628	0.02287	0.69482	0.04401	0.11106	0.01235	0.00708	0.00198	0.00308	0.01057	0.00644	0.00584
4	0.00834	0.00652	0.00772	0.00818	0.00939	0.00654	0.00583	0.01250	0.16123	0.01693	0.08667	0.47520	0.14405	0.01467	0.00677	0.00211	0.00340	0.01302	0.00540	0.00552
5	0.01032	0.00754	0.00970	0.00904	0.01040	0.00843	0.00682	0.13379	0.01178	0.01634	0.01542	0.02403	0.01477	0.21002	0.47793	0.00699	0.01138	0.00636	0.00354	0.00542
6	0.00823	0.00590	0.00803	0.00887	0.00994	0.00570	0.00712	0.01044	0.01321	0.01775	0.22509	0.23868	0.03908	0.01499	0.00733	0.00230	0.00404	0.36279	0.00546	0.00507
7	0.01505	0.80561	0.02949	0.00963	0.01444	0.02227	0.00963	0.01685	0.01143	0.01324	0.00782	0.00903	0.00722	0.00481	0.00361	0.00120	0.00602	0.00301	0.00241	0.00722
8	0.00809	0.00582	0.00797	0.00797	0.00861	0.00645	0.00570	0.00936	0.00873	0.01227	0.01605	0.02754	0.01643	0.32257	0.50278	0.00772	0.01153	0.00682	0.00316	0.00443
9	0.02106	0.02577	0.01604	0.01435	0.01740	0.70693	0.01086	0.09171	0.01695	0.01584	0.00916	0.01047	0.00747	0.00589	0.00513	0.00147	0.00977	0.00376	0.00316	0.00681
10	0.08703	0.01231	0.01215	0.00999	0.01346	0.13071	0.00797	0.10427	0.01583	0.37014	0.01721	0.01707	0.01201	0.02852	0.00575	0.00172	0.00544	0.00507	0.13539	0.00797
11	0.01499	0.01268	0.01290	0.03483	0.01514	0.05436	0.00900	0.12960	0.51992	0.02419	0.01999	0.01917	0.01501	0.00725	0.00550	0.00180	0.00492	0.00588	0.08442	0.00844
12	0.09393	0.72980	0.02747	0.00942	0.01410	0.02135	0.00929	0.01682	0.01126	0.01439	0.00782	0.00904	0.00711	0.00485	0.00360	0.00125	0.00586	0.00301	0.00251	0.00711
13	0.09187	0.30471	0.43453	0.01293	0.01953	0.01631	0.01540	0.01735	0.01150	0.01689	0.00907	0.01060	0.00706	0.00514	0.00455	0.00157	0.00712	0.00364	0.00249	0.00771
14	0.00859	0.00656	0.00833	0.00831	0.00910	0.03410	0.00605	0.01002	0.00919	0.01278	0.01608	0.04574	0.01616	0.24454	0.50567	0.00739	0.01162	0.00676	0.02838	0.00464
15	0.00673	0.00538	0.00604	0.00656	0.00783	0.00468	0.00466	0.00798	0.01200	0.01486	0.04649	0.35536	0.47042	0.01562	0.00687	0.00206	0.00302	0.01354	0.00523	0.00468
16	0.02469	0.01048	0.01362	0.01044	0.01481	0.00961	0.00862	0.13217	0.01761	0.66415	0.02094	0.01833	0.01330	0.00693	0.00566	0.00173	0.00499	0.00557	0.00677	0.00958
17	0.08621	0.01284	0.01466	0.01170	0.01593	0.01303	0.00945	0.27064	0.11051	0.36181	0.01913	0.01809	0.01319	0.00754	0.00595	0.00194	0.00556	0.00568	0.00640	0.00973
18	0.00922	0.00603	0.00793	0.00729	0.00884	0.00553	0.00553	0.01184	0.01594	0.07704	0.71015	0.04037	0.05025	0.01117	0.00657	0.00177	0.00281	0.00985	0.00625	0.00562
19	0.02471	0.00727	0.01029	0.16211	0.04177	0.00821	0.00809	0.01173	0.04938	0.01385	0.01623	0.06691	0.01620	0.24765	0.26588	0.00529	0.00885	0.02710	0.00335	0.00515
20	0.01187	0.14905	0.65821	0.01505	0.02283	0.01449	0.01907	0.01767	0.01181	0.01711	0.00975	0.01144	0.00714	0.00526	0.00508	0.00169	0.00796	0.00398	0.00238	0.00815
21	0.22436	0.01728	0.01305	0.01140	0.01463	0.29352	0.00892	0.16396	0.08431	0.02232	0.02512	0.01300	0.00971	0.00716	0.02622	0.00182	0.00702	0.00428	0.04482	0.00711
22	0.84197	0.01088	0.00827	0.00740	0.01088	0.01262	0.00609	0.01654	0.00958	0.02525	0.00784	0.00914	0.00609	0.00522	0.00348	0.00174	0.00435	0.00305	0.00348	0.00609
23	0.01336	0.12444	0.03009	0.01452	0.07678	0.01320	0.12245	0.15672	0.01439	0.03403	0.01689	0.24721	0.01711	0.00955	0.00718	0.00190	0.08080	0.00825	0.00407	0.00704
24	0.00755	0.00606	0.00678	0.00654	0.00829	0.00546	0.00492	0.01022	0.05363	0.01848	0.32740	0.04773	0.45107	0.01284	0.00660	0.00185	0.00286	0.01093	0.00563	0.00519
25	0.02026	0.02289	0.01632	0.01535	0.07165	0.54228	0.01109	0.17236	0.01777	0.01883	0.01013	0.01145	0.00807	0.00596	0.00519	0.00151	0.00885	0.00407	0.02867	0.00729
26	0.00700	0.00571	0.00618	0.00607	0.00781	0.00490	0.00455	0.00875	0.01365	0.01715	0.24411	0.05095	0.57652	0.01353	0.00665	0.00187	0.00280	0.01143	0.00548	0.00490
27	0.00817	0.00617	0.00862	0.00867	0.00929	0.00703	0.00638	0.00955	0.00914	0.01290	0.01783	0.16020	0.01891	0.18669	0.43986	0.00667	0.06764	0.00812	0.00344	0.00471
28	0.84197	0.01088	0.00827	0.00740	0.01088	0.01262	0.00609	0.01654	0.00958	0.02525	0.00784	0.00914	0.00609	0.00522	0.00348	0.00174	0.00435	0.00305	0.00348	0.00609
29	0.01132	0.00952	0.01164	0.01115	0.01312	0.01081	0.02392	0.01937	0.33592	0.01907	0.02494	0.12596	0.04535	0.01147	0.00792	0.00221	0.09070	0.21365	0.00508	0.00687
30	0.01367	0.01343	0.02389	0.07314	0.63173	0.01344	0.11283	0.01722	0.01279	0.01813	0.01066	0.01415	0.00879	0.00501	0.00571	0.00171	0.00710	0.00523	0.00278	0.00860
31	0.01494	0.01256	0.01325	0.01164	0.01499	0.01444	0.00913	0.12112	0.66421	0.02506	0.02171	0.02005	0.01621	0.00752	0.00571	0.00188	0.00467	0.00620	0.00571	0.00899
32	0.01495	0.01373	0.02117	0.02738	0.50653	0.03561	0.06906	0.14252	0.01495	0.02062	0.01161	0.01551	0.00979	0.06334	0.00733	0.00196	0.00682	0.00533	0.00333	0.00846
33	0.01363	0.01227	0.01892	0.05592	0.01969	0.01271	0.24074	0.16505	0.17252	0.02282	0.11653	0.03601	0.07190	0.00761	0.00620	0.00185	0.00617	0.00719	0.00465	0.00764
34	0.01374	0.01452	0.07745	0.03320	0.71306	0.01335	0.01753	0.01731	0.01275	0.01834	0.01055	0.01378	0.00878	0.00504	0.00555	0.00168	0.00680	0.00495	0.00276	0.00887
35	0.00902	0.00720	0.00832	0.00833	0.01002	0.00731	0.00628	0.01435	0.20126	0.01870	0.17919	0.22019	0.20106	0.01295	0.00664	0.00203	0.00351	0.07221	0.00554	0.00591
36	0.01674	0.31245	0.08368	0.01311	0.01715	0.20871	0.06631	0.01902	0.01283	0.08643	0.00981	0.01138	0.00798	0.00594	0.00641	0.00157	0.10621	0.00402	0.00300	0.00725
37	0.01657	0.01444	0.01410	0.01213	0.01562	0.08792	0.00956	0.21401	0.49835	0.02568	0.01913	0.01804	0.01427	0.00723	0.00564	0.00181	0.00544	0.00577	0.00543	0.00885
38	0.00775	0.00539	0.00648	0.00675	0.00712	0.00524	0.00425	0.00844	0.01000	0.01342	0.10986	0.22521	0.06777	0.44810	0.04648	0.00419	0.00480	0.01046	0.00426	0.00405
39	0.01831	0.01616	0.01453	0.08643	0.01778	0.25702	0.01023	0.05784	0.21433	0.16947	0.01632	0.01635	0.02421	0.00691	0.00618	0.00174	0.04859	0.00517	0.00458	0.00784
40	0.00754	0.00607	0.00650	0.00614	0.00792	0.00520	0.00441	0.00887	0.01202	0.01520	0.09811	0.04571	0.48945	0.17124	0.01083	0.00250	0.00348	0.01019	0.00475	0.08388
41	0.01505	0.80561	0.02949	0.00963	0.01444	0.02227	0.00963	0.01685	0.01143	0.01324	0.00782	0.00903	0.00722	0.00481	0.00361	0.00120	0.00602	0.00301	0.00241	0.00722
42	0.29008	0.04465	0.11753	0.01945	0.29262	0.05685	0.01291	0.06995	0.01272	0.02137	0.00961	0.01164	0.00763	0.00529	0.00475	0.00168	0.00626	0.00410	0.00316	0.00775
43	0.01632	0.14674	0.13681	0.01579	0.02012	0.32708	0.15658	0.01923	0.01346	0.01512	0.00919	0.01141	0.00749	0.00572	0.00635	0.00164	0.07685	0.00431	0.00269	0.00708
44	0.01917	0.01443	0.01547	0.01240	0.01648	0.01611	0.01007	0.50179	0.25662	0.05202	0.01671	0.01603	0.01209	0.00704	0.00566	0.00176	0.00561	0.00549	0.00570	0.00936
45	0.01259	0.01071	0.01120	0.01010	0.01282	0.02946	0.00779	0.06180	0.47736	0.02244	0.13825	0.02799	0.11276	0.03112	0.00660	0.00196	0.00424	0.00753	0.00560	0.00768

[dist]
# distance from previous block
# <min> <max>
0	35

[block]
# block no. 11 follows, 42 sequences, length 35
# corresponding to MSA columns:
# 251-285
name=unknown_L
#
# <colnr> <probs for GDERKNQSTAVLIFYWHMCP>
#	G	D	E	R	K	N	Q	S	T	A	V	L	I	F	Y	W	H	M	C	P
0	0.00824	0.00667	0.00968	0.01291	0.15893	0.00634	0.00751	0.00974	0.01141	0.01526	0.02983	0.56040	0.11196	0.01475	0.00680	0.00212	0.00390	0.01336	0.00474	0.00545
1	0.02062	0.00855	0.01158	0.00923	0.01277	0.00748	0.00748	0.02293	0.01606	0.57065	0.22083	0.02528	0.02442	0.00818	0.00592	0.00175	0.00422	0.00687	0.00676	0.00843
2	0.01063	0.01000	0.01688	0.78870	0.03876	0.01250	0.01563	0.01438	0.01125	0.01438	0.01000	0.01500	0.00750	0.00563	0.00563	0.00188	0.00750	0.00500	0.00250	0.00625
3	0.00818	0.00546	0.00614	0.00614	0.00614	0.00546	0.00341	0.00818	0.00818	0.01091	0.01773	0.03683	0.02046	0.80222	0.02864	0.00546	0.00546	0.00818	0.00341	0.00341
4	0.01289	0.01301	0.01717	0.01472	0.01495	0.04940	0.01221	0.03133	0.00935	0.01407	0.00759	0.01225	0.00743	0.00961	0.01760	0.00240	0.74034	0.00487	0.00256	0.00625
5	0.01167	0.01000	0.01167	0.00834	0.01334	0.00750	0.00667	0.01417	0.01167	0.01834	0.01000	0.01167	0.00834	0.00417	0.00417	0.00083	0.00417	0.00333	0.00333	0.83663
6	0.10831	0.01369	0.01397	0.04430	0.01624	0.04425	0.00952	0.31718	0.29304	0.02750	0.01755	0.01716	0.03836	0.00709	0.00544	0.00178	0.00544	0.00550	0.00518	0.00852
7	0.01356	0.01300	0.02218	0.11784	0.68667	0.01328	0.01709	0.01695	0.01264	0.01794	0.01052	0.01405	0.00876	0.00508	0.00558	0.00169	0.00678	0.00501	0.00275	0.00862
8	0.01063	0.01000	0.01688	0.78870	0.03876	0.01250	0.01563	0.01438	0.01125	0.01438	0.01000	0.01500	0.00750	0.00563	0.00563	0.00188	0.00750	0.00500	0.00250	0.00625
9	0.00881	0.00601	0.00686	0.00680	0.00712	0.00607	0.00411	0.05371	0.00967	0.01291	0.01934	0.14258	0.02215	0.64284	0.02421	0.00478	0.00519	0.00909	0.00380	0.00395
10	0.01376	0.01346	0.02243	0.01706	0.02042	0.01478	0.29025	0.11732	0.01322	0.01881	0.01025	0.01375	0.00841	0.00770	0.03047	0.00213	0.27831	0.00545	0.00316	0.09887
11	0.00725	0.00517	0.00694	0.00821	0.00869	0.00490	0.00581	0.00847	0.01107	0.01469	0.03050	0.66011	0.03603	0.03602	0.00779	0.00241	0.00363	0.13250	0.00517	0.00464
12	0.04748	0.01231	0.01445	0.01116	0.01544	0.01251	0.00920	0.35826	0.02067	0.37919	0.04818	0.01719	0.01329	0.00700	0.00562	0.00172	0.00533	0.00549	0.00621	0.00929
13	0.00730	0.00580	0.00660	0.00661	0.00828	0.00510	0.00510	0.00921	0.01374	0.01751	0.25778	0.05170	0.47884	0.01360	0.00677	0.00194	0.00305	0.09062	0.00550	0.00496
14	0.02525	0.00958	0.01306	0.01001	0.01437	0.00827	0.00827	0.02743	0.01611	0.77102	0.02220	0.01915	0.01393	0.00697	0.00566	0.00174	0.00479	0.00566	0.00697	0.00958
15	0.02139	0.01576	0.01689	0.01295	0.01745	0.01745	0.01070	0.74835	0.02646	0.03547	0.01351	0.01351	0.00957	0.00676	0.00563	0.00169	0.00619	0.00507	0.00563	0.00957
16	0.00864	0.05393	0.00990	0.00862	0.00959	0.00795	0.00656	0.01016	0.00898	0.01260	0.01497	0.02431	0.01487	0.21060	0.53695	0.00753	0.03966	0.00630	0.00305	0.00483
17	0.01485	0.01495	0.01922	0.04768	0.46797	0.13977	0.01428	0.04458	0.09587	0.01846	0.01341	0.04700	0.02457	0.00620	0.00560	0.00170	0.00681	0.00551	0.00337	0.00821
18	0.84197	0.01088	0.00827	0.00740	0.01088	0.01262	0.00609	0.01654	0.00958	0.02525	0.00784	0.00914	0.00609	0.00522	0.00348	0.00174	0.00435	0.00305	0.00348	0.00609
19	0.07388	0.01055	0.01310	0.01030	0.01448	0.01009	0.00845	0.09756	0.10128	0.56782	0.02055	0.01820	0.01339	0.00691	0.00553	0.00176	0.00486	0.00552	0.00648	0.00929
20	0.00791	0.00575	0.00745	0.00702	0.00837	0.00529	0.00527	0.01051	0.01580	0.02226	0.73433	0.04255	0.08312	0.01162	0.00664	0.00178	0.00266	0.01025	0.00615	0.00529
21	0.01318	0.01053	0.01177	0.01082	0.01343	0.01173	0.00852	0.14497	0.37935	0.02298	0.04646	0.13985	0.02185	0.01119	0.03042	0.00223	0.00495	0.10260	0.00549	0.00766
22	0.00741	0.00551	0.00689	0.00700	0.00818	0.00500	0.00508	0.00937	0.01393	0.01890	0.42677	0.24544	0.19244	0.01369	0.00679	0.00193	0.00286	0.01207	0.00574	0.00500
23	0.00808	0.00620	0.00909	0.00901	0.01004	0.00721	0.00703	0.01003	0.00926	0.01321	0.01742	0.02378	0.06010	0.03950	0.70905	0.00840	0.03805	0.00636	0.00313	0.00504
24	0.01505	0.80561	0.02949	0.00963	0.01444	0.02227	0.00963	0.01685	0.01143	0.01324	0.00782	0.00903	0.00722	0.00481	0.00361	0.00120	0.00602	0.00301	0.00241	0.00722
25	0.00969	0.00721	0.00834	0.00787	0.00975	0.00709	0.00596	0.03676	0.13865	0.05062	0.29084	0.10466	0.23279	0.03673	0.00718	0.00201	0.00341	0.02883	0.00567	0.00594
26	0.01422	0.01375	0.02813	0.02046	0.02523	0.01326	0.56467	0.01812	0.01293	0.10042	0.01267	0.01674	0.00978	0.05448	0.00877	0.00214	0.06699	0.00650	0.00331	0.00745
27	0.18094	0.01206	0.01302	0.01061	0.01448	0.01292	0.00861	0.24372	0.16339	0.23229	0.01717	0.03965	0.01243	0.00702	0.00528	0.00177	0.00502	0.00542	0.00558	0.00861
28	0.01274	0.01184	0.01986	0.11376	0.55932	0.01211	0.01571	0.01601	0.01267	0.01768	0.01376	0.02240	0.01272	0.00686	0.00595	0.00185	0.00652	0.12710	0.00316	0.00799
29	0.01281	0.01165	0.01868	0.47578	0.25587	0.01331	0.01558	0.09632	0.01340	0.01792	0.01057	0.01451	0.00816	0.00557	0.00561	0.00179	0.00711	0.00501	0.00293	0.00742
30	0.01506	0.01372	0.01851	0.02377	0.41479	0.05228	0.01346	0.13795	0.15976	0.02173	0.01622	0.01752	0.05709	0.00641	0.00565	0.00172	0.00611	0.00564	0.00397	0.00864
31	0.00788	0.00630	0.00697	0.00688	0.00865	0.00574	0.00523	0.03974	0.03630	0.01765	0.17829	0.11210	0.47788	0.01361	0.00669	0.00194	0.00317	0.05436	0.00543	0.00519
32	0.00813	0.00550	0.00647	0.00650	0.00662	0.00561	0.00386	0.00838	0.00835	0.01124	0.01779	0.05518	0.02019	0.69770	0.11106	0.00577	0.00646	0.00815	0.00341	0.00362
33	0.01594	0.01802	0.10044	0.01554	0.06313	0.18864	0.01274	0.16216	0.01449	0.01874	0.00997	0.03115	0.00858	0.00771	0.01037	0.00195	0.30502	0.00485	0.00327	0.00729
34	0.01582	0.02864	0.01811	0.01384	0.01761	0.05722	0.23602	0.03746	0.01433	0.24048	0.04563	0.10981	0.09254	0.00858	0.00627	0.00187	0.00622	0.03735	0.00484	0.00736

[dist]
# distance from previous block
# <min> <max>
0	1

[block]
# block no. 12 follows, 42 sequences, length 14
# corresponding to MSA columns:
# 287-300
name=unknown_M
#
# <colnr> <probs for GDERKNQSTAVLIFYWHMCP>
#	G	D	E	R	K	N	Q	S	T	A	V	L	I	F	Y	W	H	M	C	P
0	0.05494	0.30363	0.20553	0.08064	0.01934	0.04591	0.01299	0.10713	0.04881	0.01829	0.01000	0.01158	0.00794	0.00570	0.00535	0.00160	0.04595	0.00400	0.00303	0.00764
1	0.02405	0.00961	0.01294	0.00986	0.01428	0.00820	0.00813	0.02626	0.01572	0.70472	0.02113	0.01850	0.01344	0.00672	0.00553	0.00166	0.00473	0.00545	0.00665	0.08242
2	0.01231	0.01231	0.01724	0.01477	0.01477	0.01724	0.01231	0.01354	0.00862	0.01354	0.00739	0.01231	0.00739	0.00985	0.01847	0.00246	0.79192	0.00492	0.00246	0.00616
3	0.14787	0.08364	0.04371	0.04972	0.01643	0.03215	0.00971	0.23824	0.05782	0.24420	0.01476	0.01443	0.01026	0.00632	0.00511	0.00169	0.00563	0.00474	0.00506	0.00850
4	0.06033	0.01100	0.01370	0.01055	0.01490	0.01049	0.00871	0.18638	0.01811	0.57554	0.01965	0.01747	0.01262	0.00684	0.00556	0.00173	0.00508	0.00541	0.00652	0.00942
5	0.01181	0.01045	0.01354	0.00967	0.01473	0.00809	0.07081	0.01450	0.01181	0.01831	0.01012	0.01197	0.00835	0.00422	0.00438	0.00093	0.00463	0.00362	0.00329	0.76476
6	0.01049	0.00525	0.00525	0.00525	0.00656	0.00525	0.00393	0.01311	0.01180	0.02098	0.01836	0.02098	0.01442	0.00656	0.00393	0.00131	0.00262	0.00525	0.83346	0.00525
7	0.01274	0.01128	0.01745	0.69447	0.03677	0.01352	0.01538	0.09367	0.01348	0.01754	0.01133	0.01611	0.00864	0.00638	0.00603	0.00203	0.00764	0.00531	0.00317	0.00710
8	0.01505	0.80561	0.02949	0.00963	0.01444	0.02227	0.00963	0.01685	0.01143	0.01324	0.00782	0.00903	0.00722	0.00481	0.00361	0.00120	0.00602	0.00301	0.00241	0.00722
9	0.00724	0.00550	0.00667	0.00685	0.00808	0.00493	0.00496	0.00904	0.01352	0.01796	0.33717	0.25471	0.27478	0.01407	0.00679	0.00195	0.00289	0.01232	0.00562	0.00493
10	0.11910	0.01002	0.01102	0.00908	0.01230	0.01035	0.00732	0.22422	0.01673	0.22197	0.01744	0.06146	0.01321	0.00719	0.00500	0.00164	0.00445	0.00565	0.23421	0.00767
11	0.00874	0.00634	0.00862	0.00964	0.01099	0.00621	0.00829	0.01123	0.01321	0.01719	0.09703	0.06072	0.10296	0.01507	0.00757	0.00245	0.00474	0.59857	0.00528	0.00515
12	0.01460	0.00977	0.01059	0.00884	0.01150	0.01040	0.00705	0.32244	0.01877	0.02739	0.15991	0.02189	0.01983	0.00759	0.00517	0.00156	0.00413	0.00612	0.32536	0.00708
13	0.01712	0.06110	0.19849	0.01178	0.01707	0.01211	0.01154	0.11575	0.12042	0.22956	0.01556	0.01520	0.01094	0.00609	0.00524	0.00160	0.00575	0.00481	0.00469	0.13514

[dist]
# distance from previous block
# <min> <max>
0	3

[block]
# block no. 13 follows, 42 sequences, length 23
# corresponding to MSA columns:
# 304-326
name=unknown_N
#
# <colnr> <probs for GDERKNQSTAVLIFYWHMCP>
#	G	D	E	R	K	N	Q	S	T	A	V	L	I	F	Y	W	H	M	C	P
0	0.01770	0.44391	0.05096	0.01089	0.01554	0.09567	0.01006	0.13502	0.01490	0.11351	0.01080	0.01134	0.00849	0.00549	0.00442	0.00138	0.00633	0.00379	0.00358	0.03621
1	0.00984	0.00718	0.00885	0.00891	0.01030	0.00765	0.00673	0.06460	0.12424	0.01749	0.02400	0.26990	0.05075	0.01931	0.16547	0.04926	0.00626	0.07459	0.06898	0.00567
2	0.00691	0.00494	0.00658	0.00780	0.00817	0.00460	0.00523	0.00796	0.01101	0.01474	0.06458	0.76392	0.03795	0.01735	0.00716	0.00226	0.00324	0.01573	0.00527	0.00460
3	0.00768	0.00560	0.00647	0.00637	0.00729	0.00520	0.00428	0.00891	0.01189	0.01578	0.26282	0.06399	0.22355	0.32841	0.01545	0.00329	0.00384	0.00998	0.00480	0.00439
4	0.02139	0.01576	0.01689	0.01295	0.01745	0.01745	0.01070	0.74835	0.02646	0.03547	0.01351	0.01351	0.00957	0.00676	0.00563	0.00169	0.00619	0.00507	0.00563	0.00957
5	0.00932	0.00663	0.00824	0.00751	0.00912	0.00640	0.00572	0.07742	0.01665	0.02365	0.65540	0.03830	0.04704	0.01080	0.00640	0.00174	0.00297	0.00945	0.05153	0.00569
6	0.84197	0.01088	0.00827	0.00740	0.01088	0.01262	0.00609	0.01654	0.00958	0.02525	0.00784	0.00914	0.00609	0.00522	0.00348	0.00174	0.00435	0.00305	0.00348	0.00609
7	0.00805	0.00597	0.00876	0.00876	0.00966	0.00688	0.00668	0.00986	0.00896	0.01285	0.01534	0.02357	0.01470	0.11752	0.70547	0.00869	0.01412	0.00624	0.00305	0.00486
8	0.01505	0.80561	0.02949	0.00963	0.01444	0.02227	0.00963	0.01685	0.01143	0.01324	0.00782	0.00903	0.00722	0.00481	0.00361	0.00120	0.00602	0.00301	0.00241	0.00722
9	0.01385	0.01054	0.00909	0.00823	0.01038	0.12539	0.00633	0.11334	0.08171	0.02203	0.01666	0.01835	0.01294	0.00657	0.00449	0.00144	0.00440	0.00508	0.52284	0.00634
10	0.01069	0.00924	0.01332	0.01730	0.27813	0.00926	0.00983	0.01500	0.11695	0.01903	0.20810	0.10091	0.10734	0.05111	0.00734	0.00201	0.00456	0.00844	0.00458	0.00686
11	0.00680	0.00571	0.00591	0.00586	0.00769	0.00482	0.00440	0.00837	0.01319	0.01605	0.13855	0.05276	0.68276	0.01394	0.00665	0.00189	0.00283	0.01168	0.00534	0.00482
12	0.02038	0.02561	0.01657	0.01631	0.08515	0.71039	0.01145	0.02200	0.01566	0.01419	0.00887	0.01049	0.00740	0.00573	0.00512	0.00147	0.00984	0.00375	0.00289	0.00674
13	0.00701	0.00572	0.00620	0.00608	0.00782	0.00490	0.00456	0.00877	0.01368	0.01722	0.25118	0.05083	0.56940	0.01350	0.00665	0.00186	0.00280	0.01141	0.00549	0.00490
14	0.00817	0.00550	0.00638	0.00638	0.00647	0.00559	0.00372	0.00834	0.00826	0.01109	0.01751	0.03559	0.01992	0.73819	0.09194	0.00576	0.00627	0.00800	0.00338	0.00355
15	0.01505	0.80561	0.02949	0.00963	0.01444	0.02227	0.00963	0.01685	0.01143	0.01324	0.00782	0.00903	0.00722	0.00481	0.00361	0.00120	0.00602	0.00301	0.00241	0.00722
16	0.01085	0.00904	0.00973	0.00916	0.01156	0.00964	0.00707	0.04968	0.35535	0.02018	0.06180	0.10454	0.25581	0.01117	0.00629	0.00196	0.00389	0.04986	0.00551	0.00689
17	0.01063	0.01000	0.01688	0.78870	0.03876	0.01250	0.01563	0.01438	0.01125	0.01438	0.01000	0.01500	0.00750	0.00563	0.00563	0.00188	0.00750	0.00500	0.00250	0.00625
18	0.01184	0.01119	0.01876	0.50770	0.10067	0.01281	0.10572	0.05427	0.05343	0.01685	0.01311	0.01683	0.04041	0.00599	0.00580	0.00185	0.00724	0.00558	0.00303	0.00692
19	0.01492	0.01587	0.02005	0.13049	0.43276	0.19492	0.03162	0.01781	0.01314	0.01646	0.01017	0.01345	0.00846	0.00665	0.03221	0.00192	0.02380	0.00475	0.00278	0.00777
20	0.01354	0.08254	0.09062	0.21414	0.10552	0.01285	0.03084	0.08386	0.09994	0.07349	0.12053	0.01878	0.01591	0.00671	0.00560	0.00175	0.00605	0.00574	0.00402	0.00758
21	0.06248	0.00973	0.01242	0.01261	0.12015	0.00949	0.00845	0.02013	0.15005	0.23018	0.09320	0.02325	0.05849	0.07916	0.00762	0.00203	0.00466	0.00635	0.00511	0.08442
22	0.13605	0.01207	0.02059	0.01516	0.01992	0.01123	0.32480	0.01920	0.01330	0.19988	0.04509	0.01589	0.01133	0.00555	0.00559	0.00168	0.00656	0.00556	0.00414	0.12640

[dist]
# distance from previous block
# <min> <max>
0	3

[block]
# block no. 14 follows, 42 sequences, length 46
# corresponding to MSA columns:
# 330-375
name=unknown_O
#
# <colnr> <probs for GDERKNQSTAVLIFYWHMCP>
#	G	D	E	R	K	N	Q	S	T	A	V	L	I	F	Y	W	H	M	C	P
0	0.06514	0.17160	0.01802	0.01186	0.01516	0.01284	0.13724	0.14096	0.01442	0.01974	0.06725	0.17065	0.04844	0.01064	0.04239	0.00214	0.00606	0.03458	0.00415	0.00670
1	0.01254	0.01340	0.02694	0.25011	0.10479	0.01372	0.43938	0.01676	0.01251	0.01687	0.01079	0.01493	0.00824	0.00517	0.00655	0.00188	0.02946	0.00595	0.00273	0.00729
2	0.00676	0.00528	0.00614	0.00683	0.00790	0.00466	0.00478	0.00795	0.01174	0.01476	0.04326	0.44800	0.37987	0.01604	0.00693	0.00210	0.00307	0.01406	0.00522	0.00466
3	0.04277	0.01528	0.01970	0.01926	0.17829	0.14038	0.15288	0.06062	0.13873	0.07108	0.01400	0.01556	0.02495	0.00636	0.00679	0.00180	0.07438	0.00543	0.00380	0.00794
4	0.07850	0.00977	0.01146	0.01036	0.01228	0.02704	0.00816	0.15451	0.07964	0.01938	0.01545	0.08509	0.01423	0.04793	0.31754	0.00490	0.08702	0.00640	0.00394	0.00638
