[name]
unknown

[dist]
# distance from previous block
# <min> <max>
0	50

[block]
# block no. 0 follows, 42 sequences, length 17
# corresponding to MSA columns:
# 50-66
name=unknown_A
#
# <colnr> <probs for GDERKNQSTAVLIFYWHMCP>
#	G	D	E	R	K	N	Q	S	T	A	V	L	I	F	Y	W	H	M	C	P
0	0.00945	0.00816	0.01391	0.01205	0.01417	0.00777	0.18560	0.03582	0.01333	0.01808	0.18421	0.31367	0.03211	0.01253	0.00697	0.00210	0.00501	0.11449	0.00487	0.00571
1	0.19244	0.01351	0.02472	0.01798	0.02309	0.01292	0.48015	0.01715	0.01225	0.01963	0.01042	0.01337	0.00798	0.00477	0.00560	0.00171	0.00761	0.00539	0.00305	0.12626
2	0.01340	0.01343	0.02498	0.19266	0.29991	0.01372	0.28122	0.05774	0.01341	0.01834	0.01091	0.01459	0.00851	0.00515	0.00597	0.00180	0.00785	0.00560	0.00290	0.00789
3	0.01269	0.01336	0.02647	0.23655	0.19167	0.01357	0.38763	0.01686	0.01262	0.01710	0.01083	0.01486	0.00833	0.00505	0.00613	0.00184	0.00833	0.00584	0.00274	0.00751
4	0.01159	0.00942	0.01555	0.15320	0.33764	0.00982	0.01201	0.01282	0.01055	0.01444	0.01185	0.01671	0.03596	0.01075	0.01161	0.30620	0.00603	0.00521	0.00270	0.00595
5	0.01107	0.00996	0.01652	0.18849	0.33325	0.01087	0.01318	0.01401	0.01110	0.01558	0.01210	0.01715	0.01049	0.01872	0.28809	0.00441	0.00992	0.00538	0.00281	0.00692
6	0.01379	0.00991	0.01605	0.62014	0.03348	0.01159	0.01404	0.01720	0.01230	0.17817	0.01264	0.01590	0.00889	0.00592	0.00563	0.00185	0.00691	0.00514	0.00347	0.00697
7	0.01183	0.00965	0.01328	0.33556	0.02300	0.01087	0.01072	0.17155	0.01573	0.02093	0.19310	0.06977	0.07378	0.00857	0.00603	0.00184	0.00550	0.00736	0.00440	0.00654
8	0.13193	0.01343	0.21911	0.01050	0.01435	0.00887	0.01029	0.01607	0.01206	0.18067	0.02003	0.30007	0.01943	0.01016	0.00582	0.00195	0.00514	0.00864	0.00457	0.00690
9	0.01545	0.01247	0.12072	0.01064	0.01432	0.01016	0.00951	0.21730	0.01665	0.18456	0.02438	0.21232	0.10685	0.01016	0.00610	0.00189	0.00508	0.00856	0.00530	0.00759
10	0.02122	0.01435	0.01638	0.01773	0.22215	0.17665	0.01131	0.02356	0.01517	0.40000	0.01608	0.01577	0.01110	0.00618	0.00551	0.00166	0.00647	0.00504	0.00494	0.00873
11	0.01110	0.01049	0.01774	0.68045	0.14331	0.01263	0.01586	0.01479	0.01148	0.01495	0.01009	0.01485	0.00770	0.00554	0.00562	0.00185	0.00738	0.00500	0.00254	0.00663
12	0.01268	0.01209	0.02058	0.32059	0.49086	0.01304	0.01665	0.01617	0.01222	0.01687	0.01036	0.01434	0.00838	0.00525	0.00559	0.00175	0.00700	0.00501	0.00268	0.00790
13	0.01583	0.01336	0.01294	0.01076	0.01388	0.12184	0.00850	0.33607	0.01998	0.02609	0.22613	0.05541	0.05436	0.00859	0.00586	0.00167	0.00540	0.00695	0.00524	0.05114
14	0.54365	0.01047	0.00935	0.00813	0.01129	0.01173	0.00659	0.12030	0.01338	0.02614	0.17237	0.01689	0.01677	0.00680	0.00447	0.00174	0.00425	0.00488	0.00438	0.00642
15	0.01111	0.11390	0.20131	0.01391	0.01818	0.01186	0.20878	0.01438	0.01106	0.01508	0.01386	0.02084	0.03324	0.21295	0.07293	0.00326	0.00799	0.00609	0.00290	0.00636
16	0.24234	0.01072	0.01461	0.12730	0.20390	0.01160	0.05336	0.05455	0.01146	0.01901	0.01149	0.01776	0.01044	0.17781	0.01006	0.00255	0.00603	0.00525	0.00323	0.00652

[dist]
# distance from previous block
# <min> <max>
6	18

[block]
# block no. 1 follows, 42 sequences, length 78
# corresponding to MSA columns:
# 85-162
name=unknown_B
#
# <colnr> <probs for GDERKNQSTAVLIFYWHMCP>
#	G	D	E	R	K	N	Q	S	T	A	V	L	I	F	Y	W	H	M	C	P
0	0.01505	0.06611	0.31560	0.01463	0.04646	0.29938	0.01429	0.01875	0.01365	0.01642	0.05705	0.01304	0.01024	0.00577	0.00515	0.00155	0.00814	0.00424	0.00290	0.07156
1	0.01072	0.01016	0.03714	0.06440	0.25091	0.00977	0.08535	0.01416	0.06188	0.01688	0.05877	0.25019	0.02099	0.07319	0.00807	0.00222	0.00559	0.00903	0.00392	0.00668
2	0.01203	0.02195	0.43353	0.01887	0.08376	0.01318	0.19903	0.01797	0.04783	0.01803	0.01206	0.01608	0.00946	0.00594	0.00616	0.00187	0.02753	0.04389	0.00284	0.00799
3	0.01076	0.05172	0.06499	0.01172	0.05490	0.00894	0.08298	0.01377	0.02852	0.01780	0.09972	0.17487	0.01934	0.00801	0.00547	0.00149	0.00487	0.00720	0.00390	0.32902
4	0.01383	0.01175	0.01270	0.01070	0.01446	0.01245	0.00841	0.07112	0.50749	0.02288	0.01879	0.01798	0.01429	0.00663	0.00530	0.00160	0.00449	0.00545	0.00507	0.23462
5	0.00804	0.00603	0.00904	0.00904	0.01005	0.00703	0.00703	0.01005	0.00904	0.01306	0.01507	0.02211	0.01407	0.04221	0.77992	0.00904	0.01507	0.00603	0.00301	0.00502
6	0.02035	0.01401	0.05893	0.01316	0.01798	0.03164	0.10780	0.27541	0.01874	0.29430	0.01576	0.01544	0.01071	0.00625	0.00563	0.00167	0.00618	0.00526	0.00531	0.07545
7	0.01657	0.30755	0.04053	0.01110	0.01536	0.01495	0.06410	0.02167	0.16002	0.20479	0.07532	0.01708	0.01462	0.00645	0.00505	0.00159	0.00546	0.00520	0.00453	0.00804
8	0.00777	0.00636	0.00788	0.00877	0.07363	0.00570	0.00581	0.00980	0.01390	0.01815	0.31127	0.07077	0.41463	0.01256	0.00657	0.00185	0.00312	0.01080	0.00537	0.00531
9	0.01049	0.00525	0.00525	0.00525	0.00656	0.00525	0.00393	0.01311	0.01180	0.02098	0.01836	0.02098	0.01442	0.00656	0.00393	0.00131	0.00262	0.00525	0.83346	0.00525
10	0.01132	0.01132	0.02043	0.49019	0.03269	0.01319	0.18819	0.01492	0.01141	0.01515	0.01076	0.04196	0.00877	0.00633	0.00741	0.00196	0.09907	0.00576	0.00267	0.00650
11	0.01312	0.01330	0.02529	0.16863	0.30737	0.01343	0.30289	0.03279	0.01287	0.01766	0.01084	0.01469	0.00854	0.00542	0.00641	0.02265	0.00788	0.00565	0.00281	0.00775
12	0.01063	0.01000	0.01688	0.78870	0.03876	0.01250	0.01563	0.01438	0.01125	0.01438	0.01000	0.01500	0.00750	0.00563	0.00563	0.00188	0.00750	0.00500	0.00250	0.00625
13	0.00804	0.00603	0.00904	0.00904	0.01005	0.00703	0.00703	0.01005	0.00904	0.01306	0.01507	0.02211	0.01407	0.04221	0.77992	0.00904	0.01507	0.00603	0.00301	0.00502
14	0.01339	0.01073	0.01576	0.01535	0.09731	0.01242	0.05740	0.01696	0.08393	0.10719	0.04527	0.02669	0.01660	0.00975	0.01074	0.00220	0.28296	0.16426	0.00412	0.00698
15	0.02022	0.11283	0.08409	0.01285	0.01771	0.03679	0.13262	0.02314	0.01467	0.44247	0.03464	0.01683	0.01231	0.00625	0.00554	0.00169	0.00616	0.00540	0.00516	0.00864
16	0.02218	0.11476	0.01670	0.01151	0.01574	0.13061	0.00955	0.23657	0.01852	0.34388	0.01577	0.01484	0.01078	0.00645	0.00530	0.00161	0.00617	0.00484	0.00538	0.00881
17	0.01126	0.01048	0.00989	0.01093	0.09055	0.15826	0.00646	0.01195	0.01033	0.01245	0.01583	0.06612	0.01743	0.52174	0.02048	0.00411	0.00640	0.00733	0.00333	0.00467
18	0.01002	0.00881	0.01344	0.37910	0.02379	0.01072	0.01134	0.01282	0.01182	0.01638	0.17762	0.08360	0.02026	0.00866	0.00810	0.00196	0.14147	0.00702	0.04723	0.00584
19	0.01017	0.01019	0.05231	0.55918	0.03154	0.01108	0.04728	0.01363	0.01136	0.01493	0.01397	0.13383	0.01284	0.00767	0.00591	0.00194	0.00682	0.02678	0.02246	0.00611
20	0.00804	0.00603	0.00904	0.00904	0.01005	0.00703	0.00703	0.01005	0.00904	0.01306	0.01507	0.02211	0.01407	0.04221	0.77992	0.00904	0.01507	0.00603	0.00301	0.00502
21	0.01789	0.08987	0.22346	0.01453	0.01906	0.50993	0.01348	0.02075	0.01448	0.01483	0.00901	0.01053	0.00721	0.00560	0.00503	0.00152	0.00932	0.00372	0.00272	0.00707
22	0.01378	0.01893	0.30286	0.07105	0.25213	0.01282	0.13198	0.01844	0.01278	0.09418	0.01167	0.01396	0.00861	0.00533	0.00567	0.00177	0.00759	0.00501	0.00305	0.00838
23	0.01227	0.01297	0.02637	0.24093	0.03028	0.01318	0.47323	0.01652	0.01259	0.01713	0.02518	0.01586	0.00934	0.00531	0.00643	0.00187	0.02290	0.00614	0.04448	0.00702
24	0.00818	0.00546	0.00614	0.00614	0.00614	0.00546	0.00341	0.00818	0.00818	0.01091	0.01773	0.03683	0.02046	0.80222	0.02864	0.00546	0.00546	0.00818	0.00341	0.00341
25	0.01342	0.01592	0.07730	0.44839	0.02962	0.20097	0.01450	0.01654	0.01215	0.01441	0.00939	0.01326	0.00740	0.00613	0.00694	0.00183	0.09819	0.00459	0.00258	0.00647
26	0.01112	0.01046	0.04212	0.23710	0.17953	0.01125	0.03343	0.03767	0.01116	0.01547	0.01181	0.03350	0.01032	0.01613	0.20245	0.05497	0.06671	0.00551	0.00285	0.00645
27	0.01129	0.02911	0.77306	0.01604	0.02436	0.01307	0.02079	0.01782	0.01188	0.01782	0.01010	0.01188	0.00713	0.00535	0.00535	0.00178	0.00832	0.00416	0.00238	0.00832
28	0.00777	0.00570	0.00740	0.00831	0.00933	0.00540	0.00645	0.00952	0.01223	0.01593	0.08919	0.31879	0.15780	0.04122	0.00797	0.00240	0.00394	0.28059	0.00522	0.00485
29	0.03524	0.01201	0.01993	0.02417	0.41133	0.01153	0.08773	0.02025	0.01377	0.25786	0.01498	0.04147	0.01134	0.00603	0.00572	0.00174	0.00620	0.00570	0.00422	0.00879
30	0.01231	0.01125	0.01930	0.01979	0.19434	0.01143	0.19299	0.06617	0.01368	0.01860	0.01824	0.03331	0.01787	0.00945	0.00748	0.00213	0.05462	0.28611	0.00391	0.00702
31	0.00944	0.00841	0.01161	0.01113	0.01130	0.01058	0.00859	0.01054	0.00975	0.01398	0.01981	0.42563	0.02307	0.01394	0.01254	0.00237	0.37733	0.01075	0.00391	0.00532
32	0.01129	0.02911	0.77306	0.01604	0.02436	0.01307	0.02079	0.01782	0.01188	0.01782	0.01010	0.01188	0.00713	0.00535	0.00535	0.00178	0.00832	0.00416	0.00238	0.00832
33	0.01192	0.01314	0.20742	0.01211	0.01585	0.00852	0.09596	0.01498	0.01233	0.14653	0.02254	0.35089	0.04162	0.01105	0.00637	0.00201	0.00554	0.00997	0.00452	0.00675
34	0.00907	0.00648	0.00907	0.01036	0.01166	0.00648	0.00907	0.01166	0.01296	0.01684	0.02980	0.06348	0.03239	0.01555	0.00777	0.00259	0.00518	0.72924	0.00518	0.00518
35	0.01328	0.01518	0.03321	0.02372	0.02941	0.01423	0.74668	0.01803	0.01328	0.01803	0.01139	0.01518	0.00854	0.00474	0.00664	0.00190	0.00949	0.00664	0.00285	0.00759
36	0.01458	0.01594	0.01512	0.30151	0.02425	0.28177	0.01149	0.01718	0.01302	0.01525	0.00954	0.01238	0.00764	0.00529	0.00503	0.00144	0.00752	0.00406	0.00287	0.23412
37	0.01658	0.01147	0.01212	0.00992	0.01310	0.01255	0.00799	0.40133	0.09507	0.02886	0.01627	0.01706	0.01215	0.00677	0.00501	0.00157	0.00469	0.00526	0.31434	0.00789
38	0.02525	0.00958	0.01306	0.01001	0.01437	0.00827	0.00827	0.02743	0.01611	0.77102	0.02220	0.01915	0.01393	0.00697	0.00566	0.00174	0.00479	0.00566	0.00697	0.00958
39	0.00736	0.00586	0.00720	0.00735	0.00883	0.00570	0.00569	0.00907	0.01144	0.01456	0.03901	0.06819	0.41273	0.02434	0.27957	0.00449	0.00738	0.07191	0.00444	0.00488
40	0.01496	0.78822	0.04614	0.00977	0.01467	0.02206	0.00988	0.01687	0.01144	0.01334	0.00787	0.00909	0.00722	0.00483	0.00365	0.00122	0.00607	0.00303	0.00241	0.00725
41	0.02376	0.01196	0.01454	0.01115	0.01556	0.01181	0.00921	0.30552	0.02010	0.48728	0.01885	0.01698	0.01225	0.00688	0.00565	0.00172	0.00533	0.00543	0.00645	0.00957
42	0.00907	0.00648	0.00907	0.01036	0.01166	0.00648	0.00907	0.01166	0.01296	0.01684	0.02980	0.06348	0.03239	0.01555	0.00777	0.00259	0.00518	0.72924	0.00518	0.00518
43	0.01063	0.01000	0.01688	0.78870	0.03876	0.01250	0.01563	0.01438	0.01125	0.01438	0.01000	0.01500	0.00750	0.00563	0.00563	0.00188	0.00750	0.00500	0.00250	0.00625
44	0.00789	0.00561	0.00684	0.00665	0.00753	0.00529	0.00455	0.00944	0.01275	0.01753	0.41426	0.06754	0.10251	0.29092	0.01442	0.00310	0.00368	0.00982	0.00509	0.00457
45	0.01231	0.01231	0.01724	0.01477	0.01477	0.01724	0.01231	0.01354	0.00862	0.01354	0.00739	0.01231	0.00739	0.00985	0.01847	0.00246	0.79192	0.00492	0.00246	0.00616
46	0.01063	0.01000	0.01688	0.78870	0.03876	0.01250	0.01563	0.01438	0.01125	0.01438	0.01000	0.01500	0.00750	0.00563	0.00563	0.00188	0.00750	0.00500	0.00250	0.00625
47	0.01340	0.01217	0.01432	0.01262	0.01468	0.01514	0.01011	0.02413	0.49294	0.02001	0.01743	0.01793	0.01372	0.00842	0.01022	0.00210	0.28227	0.00586	0.00457	0.00794
48	0.00818	0.00546	0.00614	0.00614	0.00614	0.00546	0.00341	0.00818	0.00818	0.01091	0.01773	0.03683	0.02046	0.80222	0.02864	0.00546	0.00546	0.00818	0.00341	0.00341
49	0.02489	0.01016	0.01342	0.01029	0.01466	0.00914	0.00850	0.09550	0.01708	0.70156	0.02138	0.01862	0.01352	0.00695	0.00566	0.00174	0.00492	0.00560	0.00684	0.00958
50	0.00666	0.00568	0.00573	0.00577	0.00762	0.00475	0.00430	0.00807	0.01276	0.01518	0.05622	0.07687	0.74264	0.01436	0.00667	0.00191	0.00286	0.01200	0.00523	0.00475
51	0.01400	0.01209	0.01273	0.01145	0.01463	0.01400	0.00891	0.02990	0.75695	0.02354	0.02291	0.02100	0.01718	0.00764	0.00573	0.00191	0.00445	0.00636	0.00573	0.00891
52	0.01400	0.01209	0.01273	0.01145	0.01463	0.01400	0.00891	0.02990	0.75695	0.02354	0.02291	0.02100	0.01718	0.00764	0.00573	0.00191	0.00445	0.00636	0.00573	0.00891
53	0.00694	0.00495	0.00659	0.00787	0.00821	0.00464	0.00529	0.00795	0.01078	0.01436	0.03070	0.76251	0.03673	0.03432	0.00766	0.00236	0.00336	0.03502	0.00518	0.00456
54	0.00978	0.00489	0.00733	0.00733	0.00733	0.00489	0.00489	0.00733	0.00733	0.00978	0.00978	0.01711	0.00978	0.01955	0.02199	0.83627	0.00489	0.00489	0.00244	0.00244
55	0.00946	0.00766	0.00931	0.00811	0.01096	0.00616	0.00600	0.01126	0.01126	0.01651	0.01966	0.37319	0.02161	0.01035	0.00555	0.00150	0.00375	0.00915	0.00420	0.45435
56	0.01167	0.01000	0.01167	0.00834	0.01334	0.00750	0.00667	0.01417	0.01167	0.01834	0.01000	0.01167	0.00834	0.00417	0.00417	0.00083	0.00417	0.00333	0.00333	0.83663
57	0.00686	0.00490	0.00653	0.00784	0.00816	0.00457	0.00522	0.00784	0.01077	0.01437	0.03102	0.79855	0.03722	0.01763	0.00718	0.00229	0.00326	0.01600	0.00522	0.00457
58	0.01231	0.01231	0.01724	0.01477	0.01477	0.01724	0.01231	0.01354	0.00862	0.01354	0.00739	0.01231	0.00739	0.00985	0.01847	0.00246	0.79192	0.00492	0.00246	0.00616
59	0.01878	0.01447	0.01542	0.01242	0.01646	0.01623	0.01007	0.49489	0.28417	0.03126	0.01683	0.01615	0.01225	0.00707	0.00566	0.00177	0.00558	0.00552	0.00566	0.00934
60	0.01232	0.01165	0.01971	0.29892	0.46227	0.01251	0.01593	0.01566	0.01213	0.01672	0.01167	0.06382	0.01020	0.00603	0.00569	0.00178	0.00676	0.00570	0.00284	0.00770
61	0.01185	0.01131	0.01936	0.50485	0.29550	0.01285	0.03321	0.01548	0.01185	0.01588	0.01024	0.01463	0.00802	0.00539	0.00563	0.00180	0.00726	0.00504	0.00261	0.00722
62	0.01129	0.02911	0.77306	0.01604	0.02436	0.01307	0.02079	0.01782	0.01188	0.01782	0.01010	0.01188	0.00713	0.00535	0.00535	0.00178	0.00832	0.00416	0.00238	0.00832
63	0.00665	0.00570	0.00570	0.00570	0.00760	0.00475	0.00428	0.00808	0.01283	0.01520	0.05701	0.05416	0.76483	0.01425	0.00665	0.00190	0.00285	0.01188	0.00523	0.00475
64	0.03877	0.02716	0.26355	0.01482	0.01951	0.50918	0.01400	0.02080	0.01445	0.01539	0.00914	0.01069	0.00718	0.00564	0.00512	0.00157	0.00940	0.00378	0.00274	0.00710
65	0.01326	0.00941	0.01091	0.00981	0.01185	0.02742	0.00746	0.24594	0.01549	0.06113	0.01929	0.23318	0.01931	0.09354	0.16835	0.02688	0.00713	0.00856	0.00469	0.00640
66	0.01187	0.00985	0.01089	0.00991	0.01244	0.01093	0.00764	0.02310	0.49552	0.02320	0.28441	0.02842	0.02985	0.00900	0.00605	0.00186	0.00382	0.00771	0.00589	0.00764
67	0.00685	0.00493	0.00649	0.00774	0.00814	0.00458	0.00518	0.00785	0.01086	0.01440	0.03215	0.76604	0.06900	0.01748	0.00716	0.00227	0.00325	0.01582	0.00522	0.00458
68	0.01420	0.28889	0.42346	0.01322	0.01985	0.01595	0.01550	0.05023	0.01273	0.08210	0.01053	0.01162	0.00785	0.00537	0.00480	0.00158	0.00714	0.00394	0.00293	0.00811
69	0.01392	0.01375	0.02173	0.03854	0.25740	0.03719	0.21413	0.02210	0.27922	0.01991	0.01514	0.01671	0.01169	0.00591	0.00591	0.00182	0.00678	0.00590	0.00385	0.00842
70	0.00732	0.00509	0.00639	0.00724	0.00745	0.00488	0.00458	0.00796	0.00986	0.01315	0.02633	0.52982	0.03131	0.29443	0.01475	0.00340	0.00404	0.01324	0.00458	0.00416
71	0.01031	0.04589	0.47843	0.01234	0.01761	0.01068	0.01430	0.01439	0.01056	0.01524	0.01272	0.02059	0.01183	0.28646	0.01351	0.00306	0.00723	0.00554	0.00274	0.00655
72	0.01330	0.01392	0.02120	0.35157	0.23815	0.10880	0.13938	0.01682	0.01262	0.01604	0.01024	0.01413	0.00804	0.00533	0.00571	0.00177	0.00794	0.00511	0.00269	0.00726
73	0.00906	0.00747	0.01009	0.00924	0.01012	0.00850	0.00721	0.01119	0.01352	0.01945	0.49906	0.09457	0.03936	0.01154	0.00991	0.00200	0.21789	0.00921	0.00510	0.00548
74	0.01042	0.00781	0.00935	0.00890	0.01078	0.00752	0.00651	0.15112	0.01393	0.01906	0.02428	0.52130	0.02727	0.01338	0.00640	0.00194	0.00397	0.01186	0.00500	0.13923
75	0.01554	0.08142	0.22261	0.01300	0.01811	0.01544	0.01274	0.23934	0.27670	0.02470	0.01541	0.01532	0.01138	0.00652	0.00542	0.00175	0.00615	0.00511	0.00452	0.00881
76	0.01402	0.00861	0.01278	0.22314	0.07915	0.00873	0.00987	0.01683	0.01429	0.23291	0.24857	0.02655	0.06432	0.00824	0.00600	0.00179	0.00492	0.00716	0.00508	0.00704
77	0.01456	0.01512	0.02587	0.02822	0.41079	0.07976	0.28749	0.01824	0.01334	0.03535	0.01099	0.01419	0.00875	0.00503	0.00593	0.00174	0.00798	0.00551	0.00292	0.00823

[dist]
# distance from previous block
# <min> <max>
0	1

[block]
# block no. 2 follows, 42 sequences, length 11
# corresponding to MSA columns:
# 164-168,170-175
name=unknown_C
#
# <colnr> <probs for GDERKNQSTAVLIFYWHMCP>
#	G	D	E	R	K	N	Q	S	T	A	V	L	I	F	Y	W	H	M	C	P
0	0.01196	0.01083	0.01524	0.48147	0.02922	0.01309	0.01297	0.02052	0.30601	0.01800	0.01510	0.01737	0.01133	0.00642	0.00567	0.00189	0.00630	0.00554	0.00378	0.00730
1	0.01054	0.00949	0.01592	0.71028	0.03561	0.01174	0.01455	0.01367	0.01086	0.01392	0.00998	0.01521	0.00773	0.00702	0.00727	0.08561	0.00724	0.00499	0.00249	0.00587
2	0.01063	0.01000	0.01688	0.78870	0.03876	0.01250	0.01563	0.01438	0.01125	0.01438	0.01000	0.01500	0.00750	0.00563	0.00563	0.00188	0.00750	0.00500	0.00250	0.00625
3	0.00686	0.00490	0.00653	0.00784	0.00816	0.00457	0.00522	0.00784	0.01077	0.01437	0.03102	0.79855	0.03722	0.01763	0.00718	0.00229	0.00326	0.01600	0.00522	0.00457
4	0.01242	0.01736	0.20306	0.01836	0.02242	0.01514	0.28356	0.01621	0.01111	0.01621	0.00950	0.01326	0.00775	0.00691	0.01101	0.00209	0.31849	0.00537	0.00258	0.00720
5	0.01238	0.21720	0.50222	0.01479	0.02156	0.01566	0.05529	0.01731	0.01163	0.01643	0.00943	0.01138	0.00724	0.00549	0.00587	0.00169	0.06011	0.00406	0.00241	0.00787
6	0.00689	0.00578	0.00603	0.00616	0.00800	0.00492	0.00474	0.00843	0.01284	0.01536	0.05435	0.05507	0.69332	0.01438	0.00676	0.00197	0.00308	0.08192	0.00522	0.00479
7	0.00773	0.00552	0.00753	0.00884	0.00954	0.00532	0.00674	0.00935	0.01164	0.01534	0.03053	0.50799	0.03531	0.01681	0.00742	0.00241	0.00402	0.29793	0.00521	0.00481
8	0.01360	0.01334	0.02080	0.03066	0.65301	0.05336	0.01566	0.01665	0.01298	0.01783	0.01502	0.01765	0.08263	0.00596	0.00565	0.00168	0.00650	0.00561	0.00303	0.00838
9	0.13615	0.01114	0.01716	0.15530	0.02110	0.03405	0.17921	0.01799	0.01232	0.18255	0.01346	0.01598	0.01000	0.01073	0.10979	0.00278	0.03187	0.00534	0.02599	0.00708
10	0.26889	0.01342	0.10209	0.04883	0.01510	0.06176	0.00878	0.01556	0.01119	0.01958	0.01009	0.03468	0.00857	0.02787	0.00501	0.00150	0.00530	0.00396	0.00325	0.33457

[dist]
# distance from previous block
# <min> <max>
0	8

# created by:
# /st0/software/busco_prod/Augustus/scripts/msa2prfl.pl ./align_prep/66109.fa
