[name]
unknown

[dist]
# distance from previous block
# <min> <max>
0	87

[block]
# block no. 0 follows, 44 sequences, length 64
# corresponding to MSA columns:
# 100-163
name=unknown_A
#
# <colnr> <probs for GDERKNQSTAVLIFYWHMCP>
#	G	D	E	R	K	N	Q	S	T	A	V	L	I	F	Y	W	H	M	C	P
0	0.01407	0.18954	0.43768	0.01351	0.01996	0.01556	0.01551	0.19577	0.01483	0.02047	0.01012	0.01131	0.00750	0.00540	0.00489	0.00159	0.00709	0.00401	0.00307	0.00813
1	0.00719	0.00560	0.00657	0.00672	0.00807	0.00510	0.00493	0.00938	0.04175	0.01698	0.25923	0.22989	0.33699	0.01359	0.00655	0.00191	0.00291	0.02641	0.00536	0.00488
2	0.00910	0.00487	0.00682	0.00682	0.00682	0.00487	0.00439	0.00730	0.00730	0.00974	0.01133	0.02119	0.01197	0.20985	0.02286	0.63919	0.00487	0.00551	0.00259	0.00259
3	0.01161	0.02531	0.63575	0.01788	0.10899	0.01266	0.06141	0.01740	0.01177	0.03280	0.01015	0.01206	0.00731	0.00514	0.00528	0.00172	0.00787	0.00429	0.00246	0.00811
4	0.01266	0.01578	0.09714	0.02197	0.02748	0.01381	0.65966	0.01727	0.01256	0.01727	0.01076	0.01431	0.00811	0.00485	0.00679	0.00185	0.04152	0.00615	0.00270	0.00736
5	0.01523	0.65432	0.02603	0.01028	0.01441	0.12842	0.00965	0.01690	0.01153	0.01292	0.00767	0.00909	0.00701	0.00509	0.00455	0.00127	0.05328	0.00311	0.00240	0.00684
6	0.00674	0.00482	0.00641	0.00753	0.00793	0.00449	0.00507	0.00783	0.01089	0.01463	0.09662	0.73624	0.03744	0.01655	0.00691	0.00217	0.00311	0.01499	0.00515	0.00449
7	0.21854	0.01314	0.01323	0.01084	0.01461	0.01485	0.00881	0.37631	0.22581	0.02877	0.01427	0.01407	0.01049	0.00642	0.00498	0.00171	0.00510	0.00478	0.00498	0.00828
8	0.01567	0.66272	0.02608	0.01022	0.01454	0.16660	0.00956	0.01736	0.01191	0.01292	0.00774	0.00895	0.00700	0.00485	0.00377	0.00121	0.00659	0.00303	0.00242	0.00687
9	0.01369	0.01197	0.01766	0.01561	0.08387	0.01262	0.18947	0.05910	0.37328	0.06039	0.01866	0.08836	0.01513	0.00729	0.00587	0.00184	0.00568	0.00685	0.00464	0.00801
10	0.00793	0.00529	0.00595	0.00595	0.00595	0.00529	0.00330	0.00793	0.00793	0.01057	0.01718	0.03568	0.01982	0.80840	0.02775	0.00529	0.00529	0.00793	0.00330	0.00330
11	0.01477	0.01464	0.02184	0.02871	0.56380	0.09219	0.08179	0.08217	0.01392	0.01878	0.01039	0.01319	0.00849	0.00506	0.00545	0.00162	0.00702	0.00487	0.00296	0.00834
12	0.00644	0.00552	0.00552	0.00552	0.00736	0.00460	0.00414	0.00782	0.01243	0.01473	0.05523	0.05247	0.77218	0.01381	0.00644	0.00184	0.00276	0.01151	0.00506	0.00460
13	0.01251	0.36622	0.45590	0.01286	0.01945	0.01651	0.01548	0.01686	0.01132	0.01535	0.00883	0.01032	0.00694	0.00496	0.00445	0.00148	0.00710	0.00355	0.00231	0.00760
14	0.41706	0.00992	0.01031	0.00834	0.01221	0.00997	0.00686	0.02037	0.01219	0.34903	0.01378	0.01326	0.00937	0.00570	0.00434	0.00161	0.00438	0.00407	0.00482	0.08241
15	0.02072	0.01527	0.01636	0.01254	0.01691	0.01691	0.01036	0.75622	0.02563	0.03436	0.01309	0.01309	0.00927	0.00654	0.00545	0.00164	0.00600	0.00491	0.00545	0.00927
16	0.01341	0.39417	0.01949	0.00975	0.01348	0.01659	0.00856	0.02102	0.33627	0.01730	0.01816	0.01767	0.07986	0.00666	0.00465	0.00152	0.00490	0.00509	0.00396	0.00749
17	0.01233	0.01693	0.17295	0.07240	0.02816	0.01346	0.56667	0.01719	0.01248	0.01719	0.01071	0.01409	0.00795	0.00476	0.00613	0.00182	0.00885	0.00587	0.00265	0.00740
18	0.84691	0.01054	0.00801	0.00717	0.01054	0.01223	0.00590	0.01603	0.00928	0.02446	0.00759	0.00886	0.00590	0.00506	0.00337	0.00169	0.00422	0.00295	0.00337	0.00590
19	0.00656	0.00521	0.00590	0.00639	0.00761	0.00455	0.00454	0.00781	0.01172	0.01463	0.06751	0.35321	0.45508	0.01503	0.00665	0.00199	0.00292	0.01305	0.00509	0.00455
20	0.01270	0.01501	0.06159	0.02189	0.02702	0.01400	0.65766	0.01707	0.01241	0.01707	0.01063	0.01432	0.00812	0.00506	0.00741	0.00188	0.08001	0.00619	0.00271	0.00726
21	0.01349	0.01295	0.02213	0.03346	0.77440	0.01295	0.01673	0.01673	0.01241	0.01781	0.01025	0.01349	0.00864	0.00486	0.00540	0.00162	0.00648	0.00486	0.00270	0.00864
22	0.00772	0.00557	0.00729	0.00686	0.00814	0.00514	0.00514	0.01029	0.01543	0.02186	0.77152	0.04072	0.05144	0.01115	0.00643	0.00171	0.00257	0.00986	0.00600	0.00514
23	0.01862	0.02336	0.01934	0.01613	0.01956	0.60657	0.18381	0.02077	0.01485	0.01430	0.00903	0.01097	0.00731	0.00538	0.00527	0.00151	0.00968	0.00419	0.00280	0.00656
24	0.00664	0.00474	0.00633	0.00759	0.00791	0.00443	0.00506	0.00759	0.01044	0.01392	0.03005	0.80485	0.03606	0.01708	0.00696	0.00221	0.00316	0.01550	0.00506	0.00443
25	0.01272	0.01216	0.02073	0.21770	0.59620	0.01275	0.01635	0.01605	0.01205	0.01687	0.01012	0.01375	0.00830	0.00500	0.00541	0.00167	0.00667	0.00485	0.00263	0.00801
26	0.01016	0.00508	0.00508	0.00508	0.00635	0.00508	0.00381	0.01270	0.01143	0.02033	0.01778	0.02033	0.01397	0.00635	0.00381	0.00127	0.00254	0.00508	0.83867	0.00508
27	0.84691	0.01054	0.00801	0.00717	0.01054	0.01223	0.00590	0.01603	0.00928	0.02446	0.00759	0.00886	0.00590	0.00506	0.00337	0.00169	0.00422	0.00295	0.00337	0.00590
28	0.02353	0.01077	0.01358	0.01041	0.01466	0.01023	0.00860	0.20873	0.01811	0.59247	0.01941	0.01719	0.01244	0.00670	0.00548	0.00167	0.00498	0.00534	0.00642	0.00928
29	0.01668	0.46723	0.05838	0.01147	0.01556	0.32103	0.01030	0.01850	0.01281	0.01324	0.00801	0.00930	0.00700	0.00506	0.00413	0.00129	0.00750	0.00320	0.00252	0.00678
30	0.02072	0.01527	0.01636	0.01254	0.01691	0.01691	0.01036	0.75622	0.02563	0.03436	0.01309	0.01309	0.00927	0.00654	0.00545	0.00164	0.00600	0.00491	0.00545	0.00927
31	0.00879	0.00628	0.00879	0.01004	0.01130	0.00628	0.00879	0.01130	0.01255	0.01632	0.02887	0.06150	0.03138	0.01506	0.00753	0.00251	0.00502	0.73770	0.00502	0.00502
32	0.01450	0.01636	0.01720	0.20342	0.02214	0.29786	0.11753	0.01740	0.04737	0.01424	0.01039	0.01471	0.00887	0.07802	0.00877	0.00204	0.09524	0.00491	0.00283	0.00620
33	0.00721	0.00555	0.00659	0.00633	0.00784	0.00493	0.00475	0.00931	0.01424	0.01904	0.48822	0.04537	0.33650	0.01220	0.00644	0.00176	0.00265	0.01051	0.00563	0.00493
34	0.01053	0.01736	0.34186	0.01211	0.01645	0.07885	0.01309	0.01460	0.01296	0.01761	0.17302	0.03098	0.02280	0.00914	0.00605	0.00191	0.00625	0.20411	0.00385	0.00647
35	0.00664	0.00474	0.00633	0.00759	0.00791	0.00443	0.00506	0.00759	0.01044	0.01392	0.03005	0.80485	0.03606	0.01708	0.00696	0.00221	0.00316	0.01550	0.00506	0.00443
36	0.01135	0.01926	0.38347	0.02074	0.27069	0.01172	0.05539	0.01590	0.01198	0.01739	0.04952	0.08336	0.01231	0.00638	0.00554	0.00174	0.00689	0.00572	0.00288	0.00775
37	0.01356	0.01171	0.01233	0.01109	0.01418	0.01356	0.00863	0.02897	0.76455	0.02281	0.02219	0.02034	0.01664	0.00740	0.00555	0.00185	0.00431	0.00616	0.00555	0.00863
38	0.01142	0.02531	0.63644	0.01894	0.16595	0.01272	0.01950	0.01716	0.01168	0.01737	0.00987	0.01189	0.00723	0.00512	0.00522	0.00171	0.00776	0.00419	0.00238	0.00817
39	0.01258	0.06055	0.30982	0.02540	0.44998	0.01329	0.01764	0.01691	0.01200	0.01734	0.00994	0.01249	0.00789	0.00497	0.00522	0.00164	0.00704	0.00444	0.00253	0.00833
40	0.01276	0.35177	0.05544	0.00969	0.01464	0.01392	0.04538	0.01518	0.01130	0.01563	0.00886	0.01039	0.00757	0.00438	0.00398	0.00105	0.00524	0.00329	0.00278	0.40672
41	0.00793	0.00529	0.00595	0.00595	0.00595	0.00529	0.00330	0.00793	0.00793	0.01057	0.01718	0.03568	0.01982	0.80840	0.02775	0.00529	0.00529	0.00793	0.00330	0.00330
42	0.01430	0.04901	0.01653	0.01309	0.01668	0.05004	0.12442	0.08379	0.50706	0.02189	0.01856	0.01862	0.01414	0.00683	0.00559	0.00179	0.00554	0.01905	0.00483	0.00824
43	0.84691	0.01054	0.00801	0.00717	0.01054	0.01223	0.00590	0.01603	0.00928	0.02446	0.00759	0.00886	0.00590	0.00506	0.00337	0.00169	0.00422	0.00295	0.00337	0.00590
44	0.00772	0.00557	0.00729	0.00686	0.00814	0.00514	0.00514	0.01029	0.01543	0.02186	0.77152	0.04072	0.05144	0.01115	0.00643	0.00171	0.00257	0.00986	0.00600	0.00514
45	0.00867	0.00624	0.00862	0.00982	0.01110	0.00619	0.00856	0.01112	0.01254	0.01624	0.03017	0.06105	0.06808	0.01500	0.00748	0.00248	0.00491	0.70172	0.00502	0.00500
46	0.00779	0.00584	0.00876	0.00876	0.00974	0.00681	0.00681	0.00974	0.00876	0.01266	0.01460	0.02142	0.01363	0.04089	0.78680	0.00876	0.01460	0.00584	0.00292	0.00487
47	0.01356	0.01171	0.01233	0.01109	0.01418	0.01356	0.00863	0.02897	0.76455	0.02281	0.02219	0.02034	0.01664	0.00740	0.00555	0.00185	0.00431	0.00616	0.00555	0.00863
48	0.01058	0.00998	0.01687	0.72690	0.10371	0.01219	0.01528	0.01418	0.01104	0.01428	0.00974	0.01444	0.00739	0.00540	0.00545	0.00180	0.00720	0.00485	0.00245	0.00629
49	0.84691	0.01054	0.00801	0.00717	0.01054	0.01223	0.00590	0.01603	0.00928	0.02446	0.00759	0.00886	0.00590	0.00506	0.00337	0.00169	0.00422	0.00295	0.00337	0.00590
50	0.02069	0.01623	0.01628	0.01268	0.01690	0.08601	0.01038	0.69027	0.02472	0.03247	0.01267	0.01280	0.00907	0.00646	0.00541	0.00162	0.00634	0.00478	0.00522	0.00901
51	0.00790	0.00538	0.00644	0.00644	0.00661	0.00555	0.00392	0.00825	0.00807	0.01094	0.01672	0.03317	0.01873	0.67331	0.16135	0.00590	0.00693	0.00756	0.00324	0.00358
52	0.00779	0.00584	0.00876	0.00876	0.00974	0.00681	0.00681	0.00974	0.00876	0.01266	0.01460	0.02142	0.01363	0.04089	0.78680	0.00876	0.01460	0.00584	0.00292	0.00487
53	0.01359	0.08467	0.02271	0.03130	0.70612	0.01373	0.01607	0.01669	0.01229	0.01736	0.01001	0.01307	0.00849	0.00484	0.00523	0.00158	0.00642	0.00468	0.00267	0.00849
54	0.01282	0.01456	0.03136	0.02252	0.02775	0.01394	0.71572	0.01724	0.01263	0.01724	0.01083	0.01456	0.00821	0.00485	0.00703	0.00187	0.05051	0.00635	0.00274	0.00728
55	0.01596	0.01284	0.01532	0.01568	0.15906	0.01415	0.01062	0.22823	0.38743	0.05491	0.01738	0.01696	0.01296	0.00665	0.00549	0.00174	0.00520	0.00554	0.00503	0.00883
56	0.01781	0.01563	0.24580	0.01482	0.11838	0.01016	0.02976	0.02142	0.01360	0.38094	0.01547	0.01520	0.01039	0.00580	0.00531	0.00164	0.00598	0.00484	0.00455	0.06252
57	0.01130	0.00969	0.01130	0.00807	0.01292	0.00727	0.00646	0.01373	0.01130	0.01776	0.00969	0.01130	0.00807	0.00404	0.00404	0.00081	0.00404	0.00323	0.00323	0.84173
58	0.01016	0.00508	0.00508	0.00508	0.00635	0.00508	0.00381	0.01270	0.01143	0.02033	0.01778	0.02033	0.01397	0.00635	0.00381	0.00127	0.00254	0.00508	0.83867	0.00508
59	0.00793	0.00529	0.00595	0.00595	0.00595	0.00529	0.00330	0.00793	0.00793	0.01057	0.01718	0.03568	0.01982	0.80840	0.02775	0.00529	0.00529	0.00793	0.00330	0.00330
60	0.00798	0.00584	0.00766	0.00795	0.00929	0.00552	0.00646	0.01039	0.01393	0.01882	0.39268	0.05032	0.13076	0.01301	0.00686	0.00204	0.00356	0.29640	0.00550	0.00503
61	0.01412	0.01407	0.09833	0.05329	0.60661	0.01245	0.01625	0.01758	0.01256	0.08590	0.01120	0.01378	0.00885	0.00508	0.00538	0.00164	0.00650	0.00483	0.00301	0.00855
62	0.09763	0.00974	0.01109	0.00813	0.01277	0.00784	0.00654	0.01511	0.01148	0.08672	0.01054	0.01171	0.00834	0.00439	0.00410	0.00098	0.00411	0.00340	0.00356	0.68182
63	0.01486	0.01611	0.15126	0.12912	0.17369	0.04360	0.01378	0.22292	0.13932	0.02238	0.01276	0.01417	0.00956	0.00591	0.00539	0.00170	0.00651	0.00489	0.00382	0.00825

[dist]
# distance from previous block
# <min> <max>
1	4

[block]
# block no. 1 follows, 44 sequences, length 64
# corresponding to MSA columns:
# 168-231
name=unknown_B
#
# <colnr> <probs for GDERKNQSTAVLIFYWHMCP>
#	G	D	E	R	K	N	Q	S	T	A	V	L	I	F	Y	W	H	M	C	P
0	0.20308	0.05094	0.03763	0.01004	0.01387	0.01259	0.00848	0.19821	0.13485	0.20185	0.05031	0.02890	0.01289	0.00665	0.00498	0.00169	0.00487	0.00509	0.00507	0.00800
1	0.01087	0.01027	0.01739	0.65899	0.16939	0.01226	0.01543	0.01443	0.01117	0.01462	0.00979	0.01435	0.00751	0.00534	0.00544	0.00178	0.00713	0.00485	0.00247	0.00652
2	0.01663	0.01319	0.01467	0.01255	0.03747	0.01477	0.02611	0.31897	0.41561	0.04256	0.01795	0.01708	0.01322	0.00691	0.00552	0.00175	0.00517	0.00562	0.00539	0.00887
3	0.00689	0.00502	0.00655	0.00768	0.00828	0.00468	0.00544	0.00809	0.01092	0.01431	0.03257	0.63044	0.11352	0.01648	0.00698	0.00221	0.00336	0.10701	0.00506	0.00452
4	0.01109	0.02377	0.59323	0.01584	0.07975	0.01214	0.01767	0.01762	0.07473	0.01815	0.07402	0.01482	0.01155	0.00583	0.00533	0.00173	0.00717	0.00475	0.00291	0.00791
5	0.00879	0.00628	0.00879	0.01004	0.01130	0.00628	0.00879	0.01130	0.01255	0.01632	0.02887	0.06150	0.03138	0.01506	0.00753	0.00251	0.00502	0.73770	0.00502	0.00502
6	0.01649	0.01848	0.01764	0.08543	0.28739	0.36106	0.01294	0.03629	0.08148	0.01629	0.01052	0.01254	0.00853	0.00551	0.00520	0.00156	0.00785	0.00437	0.00304	0.00739
7	0.00793	0.00529	0.00595	0.00595	0.00595	0.00529	0.00330	0.00793	0.00793	0.01057	0.01718	0.03568	0.01982	0.80840	0.02775	0.00529	0.00529	0.00793	0.00330	0.00330
8	0.01642	0.01797	0.02250	0.01717	0.02158	0.25964	0.33267	0.14037	0.01566	0.01896	0.01043	0.01260	0.00802	0.00520	0.00559	0.00158	0.00844	0.00498	0.00326	0.07695
9	0.00685	0.00483	0.00626	0.00733	0.00759	0.00457	0.00478	0.00765	0.01004	0.01338	0.02798	0.68142	0.03345	0.14406	0.01029	0.00271	0.00350	0.01428	0.00478	0.00425
10	0.08498	0.61338	0.02466	0.00994	0.01418	0.14879	0.00924	0.01721	0.01166	0.01388	0.00772	0.00894	0.00691	0.00486	0.00372	0.00125	0.00637	0.00302	0.00250	0.00679
11	0.01281	0.01514	0.05629	0.02274	0.02833	0.01375	0.73091	0.01746	0.01282	0.01746	0.01099	0.01460	0.00823	0.00461	0.00639	0.00183	0.00915	0.00636	0.00274	0.00738
12	0.01016	0.00508	0.00508	0.00508	0.00635	0.00508	0.00381	0.01270	0.01143	0.02033	0.01778	0.02033	0.01397	0.00635	0.00381	0.00127	0.00254	0.00508	0.83867	0.00508
13	0.01349	0.01564	0.03078	0.02224	0.02753	0.07786	0.69290	0.01782	0.01308	0.01712	0.01081	0.01430	0.00817	0.00468	0.00631	0.00180	0.00924	0.00619	0.00276	0.00727
14	0.01356	0.01171	0.01233	0.01109	0.01418	0.01356	0.00863	0.02897	0.76455	0.02281	0.02219	0.02034	0.01664	0.00740	0.00555	0.00185	0.00431	0.00616	0.00555	0.00863
15	0.00782	0.00637	0.00883	0.00984	0.07239	0.00596	0.03512	0.00996	0.03637	0.01629	0.16752	0.37276	0.20311	0.01344	0.00655	0.00196	0.00351	0.01203	0.00496	0.00520
16	0.01522	0.01688	0.01996	0.13582	0.35923	0.26509	0.07604	0.01803	0.01322	0.01577	0.00964	0.01255	0.00788	0.00517	0.00533	0.00160	0.00791	0.00455	0.00270	0.00740
17	0.01519	0.38553	0.22635	0.01229	0.01735	0.22969	0.01256	0.01808	0.01240	0.01416	0.00840	0.00979	0.00698	0.00506	0.00434	0.00138	0.00753	0.00338	0.00246	0.00709
18	0.80259	0.05321	0.00911	0.00728	0.01073	0.01273	0.00609	0.01604	0.00937	0.02384	0.00759	0.00885	0.00596	0.00504	0.00338	0.00166	0.00430	0.00295	0.00332	0.00596
19	0.01311	0.32796	0.42902	0.01304	0.01936	0.08024	0.01521	0.01728	0.01167	0.01524	0.00883	0.01031	0.00695	0.00502	0.00451	0.00149	0.00735	0.00356	0.00236	0.00751
20	0.00704	0.00508	0.00667	0.00726	0.00798	0.00470	0.00507	0.00862	0.01238	0.01694	0.31099	0.49640	0.06105	0.01475	0.00675	0.00202	0.00293	0.01326	0.00542	0.00470
21	0.00781	0.00575	0.00831	0.00831	0.00913	0.00657	0.00625	0.00944	0.00863	0.01232	0.01502	0.02371	0.01463	0.16443	0.66462	0.00820	0.01310	0.00618	0.00298	0.00462
22	0.01787	0.01385	0.01476	0.01197	0.01582	0.01557	0.00967	0.46681	0.31968	0.02976	0.01671	0.01597	0.01220	0.00688	0.00549	0.00172	0.00533	0.00541	0.00549	0.00902
23	0.02037	0.02598	0.01545	0.01404	0.01685	0.78652	0.01053	0.02177	0.01545	0.01334	0.00843	0.00983	0.00702	0.00562	0.00492	0.00140	0.00983	0.00351	0.00281	0.00632
24	0.00681	0.00554	0.00603	0.00591	0.00759	0.00476	0.00443	0.00853	0.01329	0.01678	0.26153	0.04908	0.56460	0.01304	0.00644	0.00180	0.00271	0.01103	0.00533	0.00476
25	0.00750	0.00556	0.00699	0.00663	0.00801	0.00505	0.00497	0.00987	0.01492	0.02065	0.65008	0.04271	0.17363	0.01160	0.00643	0.00174	0.00260	0.01014	0.00584	0.00505
26	0.00765	0.00557	0.00720	0.00679	0.00811	0.00512	0.00510	0.01017	0.01529	0.02151	0.73653	0.04130	0.08664	0.01128	0.00643	0.00172	0.00258	0.00994	0.00596	0.00512
27	0.00700	0.00554	0.00630	0.00611	0.00771	0.00484	0.00458	0.00890	0.01374	0.01785	0.36906	0.04732	0.45640	0.01264	0.00644	0.00179	0.00268	0.01078	0.00547	0.00484
28	0.01287	0.01471	0.03217	0.02298	0.02849	0.01379	0.75460	0.01746	0.01287	0.01746	0.01103	0.01471	0.00827	0.00460	0.00643	0.00184	0.00919	0.00643	0.00276	0.00735
29	0.01696	0.02030	0.01595	0.01415	0.01583	0.47546	0.01110	0.01827	0.01258	0.01325	0.00791	0.01068	0.00708	0.00720	0.01016	0.00180	0.32847	0.00402	0.00264	0.00618
30	0.01458	0.81168	0.02857	0.00933	0.01399	0.02157	0.00933	0.01632	0.01108	0.01283	0.00758	0.00875	0.00700	0.00466	0.00350	0.00117	0.00583	0.00292	0.00233	0.00700
31	0.01195	0.00967	0.01137	0.00815	0.01297	0.00730	0.00654	0.01435	0.01151	0.05491	0.01027	0.01166	0.00834	0.00417	0.00411	0.00085	0.00407	0.00334	0.00340	0.80107
32	0.01182	0.21866	0.59745	0.01403	0.02126	0.01483	0.01751	0.01704	0.01140	0.01619	0.00925	0.01084	0.00693	0.00505	0.00477	0.00159	0.00752	0.00376	0.00231	0.00780
33	0.00661	0.00487	0.00619	0.00725	0.00782	0.00446	0.00491	0.00763	0.01076	0.01405	0.03417	0.68162	0.15663	0.01654	0.00687	0.00215	0.00310	0.01484	0.00506	0.00446
34	0.00700	0.00554	0.00630	0.00611	0.00771	0.00484	0.00458	0.00890	0.01374	0.01785	0.36906	0.04732	0.45640	0.01264	0.00644	0.00179	0.00268	0.01078	0.00547	0.00484
35	0.01356	0.01171	0.01233	0.01109	0.01418	0.01356	0.00863	0.02897	0.76455	0.02281	0.02219	0.02034	0.01664	0.00740	0.00555	0.00185	0.00431	0.00616	0.00555	0.00863
36	0.01167	0.01002	0.01147	0.00856	0.01312	0.00828	0.00681	0.01618	0.13255	0.01858	0.01170	0.01276	0.00945	0.00458	0.00428	0.00098	0.00408	0.00370	0.00360	0.70763
37	0.84691	0.01054	0.00801	0.00717	0.01054	0.01223	0.00590	0.01603	0.00928	0.02446	0.00759	0.00886	0.00590	0.00506	0.00337	0.00169	0.00422	0.00295	0.00337	0.00590
38	0.01458	0.81168	0.02857	0.00933	0.01399	0.02157	0.00933	0.01632	0.01108	0.01283	0.00758	0.00875	0.00700	0.00466	0.00350	0.00117	0.00583	0.00292	0.00233	0.00700
39	0.02254	0.01235	0.01455	0.01116	0.01545	0.01258	0.00922	0.40089	0.02075	0.39658	0.01719	0.01575	0.01133	0.00664	0.00547	0.00166	0.00534	0.00519	0.00608	0.00927
40	0.02446	0.00928	0.01265	0.00970	0.01392	0.00801	0.00801	0.02657	0.01560	0.77817	0.02151	0.01856	0.01350	0.00675	0.00548	0.00169	0.00464	0.00548	0.00675	0.00928
41	0.00793	0.00529	0.00595	0.00595	0.00595	0.00529	0.00330	0.00793	0.00793	0.01057	0.01718	0.03568	0.01982	0.80840	0.02775	0.00529	0.00529	0.00793	0.00330	0.00330
42	0.02037	0.01372	0.01800	0.01353	0.01804	0.01424	0.12959	0.45993	0.02114	0.21245	0.01480	0.01468	0.01014	0.00628	0.00562	0.00168	0.00618	0.00529	0.00533	0.00896
43	0.00708	0.00508	0.00671	0.00730	0.00800	0.00472	0.00509	0.00868	0.01246	0.01713	0.32965	0.49609	0.04227	0.01468	0.00674	0.00201	0.00292	0.01322	0.00544	0.00472
44	0.01109	0.02708	0.71813	0.01616	0.02400	0.01275	0.08104	0.01728	0.01162	0.01728	0.00989	0.01178	0.00702	0.00513	0.00528	0.00174	0.00815	0.00423	0.00234	0.00800
45	0.01016	0.00508	0.00508	0.00508	0.00635	0.00508	0.00381	0.01270	0.01143	0.02033	0.01778	0.02033	0.01397	0.00635	0.00381	0.00127	0.00254	0.00508	0.83867	0.00508
46	0.01458	0.81168	0.02857	0.00933	0.01399	0.02157	0.00933	0.01632	0.01108	0.01283	0.00758	0.00875	0.00700	0.00466	0.00350	0.00117	0.00583	0.00292	0.00233	0.00700
47	0.00793	0.00529	0.00595	0.00595	0.00595	0.00529	0.00330	0.00793	0.00793	0.01057	0.01718	0.03568	0.01982	0.80840	0.02775	0.00529	0.00529	0.00793	0.00330	0.00330
48	0.01030	0.00969	0.01635	0.79530	0.03755	0.01211	0.01514	0.01393	0.01090	0.01393	0.00969	0.01453	0.00727	0.00545	0.00545	0.00182	0.00727	0.00484	0.00242	0.00606
49	0.01385	0.01382	0.02541	0.02690	0.39028	0.01374	0.30706	0.08331	0.01366	0.01902	0.01073	0.01389	0.00851	0.00504	0.00617	0.00173	0.03031	0.00548	0.00296	0.00811
50	0.01209	0.01015	0.01172	0.00845	0.01325	0.00807	0.00678	0.07529	0.01249	0.01914	0.00997	0.01145	0.00817	0.00425	0.00415	0.00088	0.00420	0.00337	0.00341	0.77270
51	0.01030	0.00969	0.01635	0.79530	0.03755	0.01211	0.01514	0.01393	0.01090	0.01393	0.00969	0.01453	0.00727	0.00545	0.00545	0.00182	0.00727	0.00484	0.00242	0.00606
52	0.22150	0.01617	0.01416	0.01152	0.01535	0.16264	0.00931	0.43613	0.01971	0.02794	0.01086	0.01144	0.00802	0.00601	0.00485	0.00160	0.00630	0.00417	0.00444	0.00789
53	0.00690	0.00505	0.00648	0.00716	0.00791	0.00464	0.00498	0.00832	0.01197	0.01609	0.22695	0.51790	0.12523	0.01515	0.00676	0.00204	0.00296	0.01356	0.00531	0.00464
54	0.01497	0.37920	0.02018	0.01070	0.01446	0.12469	0.00921	0.02219	0.31613	0.01693	0.01360	0.01358	0.01090	0.00590	0.00452	0.00148	0.00577	0.00431	0.00370	0.00756
55	0.00767	0.00553	0.00724	0.00689	0.00813	0.00511	0.00514	0.01016	0.01520	0.02150	0.73767	0.07561	0.05074	0.01142	0.00645	0.00174	0.00260	0.01012	0.00596	0.00511
56	0.17930	0.02018	0.33821	0.01465	0.08634	0.06883	0.01411	0.13895	0.05385	0.02155	0.01050	0.01177	0.00778	0.00550	0.00489	0.00168	0.00674	0.00411	0.00328	0.00779
57	0.02334	0.01065	0.01345	0.01036	0.01457	0.01010	0.00854	0.18500	0.03935	0.59498	0.01970	0.01742	0.01267	0.00672	0.00548	0.00168	0.00492	0.00538	0.00643	0.00926
58	0.01636	0.21897	0.16484	0.01302	0.01787	0.14738	0.05151	0.21764	0.06657	0.02047	0.01079	0.01172	0.00831	0.00561	0.00488	0.00152	0.00705	0.00417	0.00349	0.00782
59	0.00802	0.00586	0.00757	0.00827	0.00936	0.00575	0.00665	0.00977	0.01134	0.01463	0.03077	0.08604	0.16880	0.15079	0.07532	0.00336	0.00535	0.38317	0.00457	0.00461
60	0.01271	0.01582	0.09419	0.02236	0.02809	0.01369	0.69369	0.01745	0.01276	0.01745	0.01093	0.01444	0.00816	0.00464	0.00633	0.00183	0.00910	0.00623	0.00272	0.00741
61	0.02163	0.00991	0.01257	0.01006	0.01398	0.00945	0.00817	0.02719	0.21011	0.58200	0.02169	0.01902	0.01431	0.00692	0.00550	0.00173	0.00455	0.00566	0.00644	0.00911
62	0.01070	0.01015	0.01686	0.66699	0.09709	0.01256	0.01501	0.01410	0.01082	0.01419	0.00953	0.01423	0.00737	0.00574	0.00648	0.00185	0.07280	0.00484	0.00244	0.00626
63	0.08319	0.65830	0.11028	0.00984	0.01477	0.01981	0.01024	0.01640	0.01098	0.01428	0.00782	0.00906	0.00690	0.00475	0.00367	0.00127	0.00594	0.00304	0.00242	0.00702

[dist]
# distance from previous block
# <min> <max>
2	28

[block]
# block no. 2 follows, 44 sequences, length 17
# corresponding to MSA columns:
# 260-276
name=unknown_C
#
# <colnr> <probs for GDERKNQSTAVLIFYWHMCP>
#	G	D	E	R	K	N	Q	S	T	A	V	L	I	F	Y	W	H	M	C	P
0	0.01201	0.00937	0.01104	0.07848	0.01401	0.00994	0.00762	0.06602	0.25934	0.04395	0.01653	0.02065	0.01396	0.15567	0.08783	0.00295	0.00580	0.00570	0.03015	0.14897
1	0.51740	0.01104	0.01112	0.05927	0.06935	0.01233	0.00808	0.08855	0.05369	0.10777	0.01079	0.01167	0.00795	0.00553	0.00420	0.00169	0.00480	0.00386	0.00396	0.00696
2	0.02097	0.01488	0.01612	0.01236	0.01671	0.01633	0.01021	0.70873	0.02498	0.08276	0.01364	0.01344	0.00955	0.00656	0.00546	0.00164	0.00591	0.00495	0.00554	0.00927
3	0.01229	0.01172	0.01995	0.32121	0.49609	0.01264	0.01613	0.01567	0.01184	0.01634	0.01004	0.01389	0.00812	0.00508	0.00542	0.00169	0.00678	0.00485	0.00259	0.00766
4	0.00644	0.00552	0.00552	0.00552	0.00736	0.00460	0.00414	0.00782	0.01243	0.01473	0.05523	0.05247	0.77218	0.01381	0.00644	0.00184	0.00276	0.01151	0.00506	0.00460
5	0.01473	0.01229	0.01299	0.01133	0.01462	0.01411	0.00891	0.14794	0.64366	0.02470	0.02070	0.01915	0.01544	0.00726	0.00553	0.00181	0.00459	0.00596	0.00553	0.00873
6	0.00664	0.00474	0.00633	0.00759	0.00791	0.00443	0.00506	0.00759	0.01044	0.01392	0.03005	0.80485	0.03606	0.01708	0.00696	0.00221	0.00316	0.01550	0.00506	0.00443
7	0.01398	0.01260	0.01252	0.01128	0.01434	0.06177	0.00875	0.02852	0.71782	0.02222	0.02133	0.01968	0.01604	0.00729	0.00551	0.00182	0.00466	0.00600	0.00538	0.00849
8	0.01977	0.01480	0.01582	0.01235	0.01654	0.01646	0.01013	0.65927	0.12413	0.03282	0.01430	0.01406	0.01025	0.00666	0.00547	0.00166	0.00577	0.00508	0.00547	0.00919
9	0.01130	0.00969	0.01130	0.00807	0.01292	0.00727	0.00646	0.01373	0.01130	0.01776	0.00969	0.01130	0.00807	0.00404	0.00404	0.00081	0.00404	0.00323	0.00323	0.84173
10	0.01458	0.81168	0.02857	0.00933	0.01399	0.02157	0.00933	0.01632	0.01108	0.01283	0.00758	0.00875	0.00700	0.00466	0.00350	0.00117	0.00583	0.00292	0.00233	0.00700
11	0.01166	0.01060	0.01476	0.01065	0.01552	0.00862	0.12895	0.01502	0.04532	0.01794	0.01047	0.01227	0.00849	0.00428	0.00450	0.00102	0.00489	0.00389	0.00326	0.66789
12	0.02189	0.01340	0.01520	0.01166	0.01597	0.01413	0.00963	0.52873	0.02251	0.26626	0.01571	0.01479	0.01059	0.00661	0.00546	0.00165	0.00558	0.00509	0.00586	0.00927
13	0.02127	0.01074	0.03572	0.01061	0.01473	0.00981	0.02997	0.09081	0.12386	0.53405	0.04539	0.01875	0.01450	0.00686	0.00554	0.00171	0.00487	0.00566	0.00619	0.00895
14	0.01388	0.01265	0.01131	0.00962	0.01279	0.19793	0.00738	0.01684	0.07068	0.09113	0.09769	0.09774	0.05353	0.00750	0.00518	0.00141	0.00523	0.00610	0.00422	0.27719
15	0.01853	0.01418	0.03817	0.01230	0.01607	0.06371	0.00993	0.19734	0.29643	0.15382	0.01969	0.02122	0.01514	0.00815	0.00615	0.00200	0.00580	0.04797	0.00577	0.04764
16	0.05439	0.08725	0.25370	0.01468	0.01977	0.06153	0.17113	0.03618	0.05906	0.09044	0.01183	0.01409	0.00905	0.04160	0.00697	0.00188	0.05089	0.00487	0.00324	0.00746

[dist]
# distance from previous block
# <min> <max>
2	7

[block]
# block no. 3 follows, 44 sequences, length 19
# corresponding to MSA columns:
# 284-302
name=unknown_D
#
# <colnr> <probs for GDERKNQSTAVLIFYWHMCP>
#	G	D	E	R	K	N	Q	S	T	A	V	L	I	F	Y	W	H	M	C	P
0	0.01412	0.05683	0.01731	0.18069	0.02033	0.21221	0.03120	0.03455	0.01140	0.01398	0.00829	0.01188	0.00722	0.00721	0.01057	0.00192	0.34704	0.00442	0.00259	0.00625
1	0.01676	0.16343	0.01621	0.01141	0.01451	0.34412	0.00914	0.01952	0.07806	0.08375	0.01373	0.01488	0.05378	0.02588	0.02330	0.00172	0.04848	0.00448	0.00346	0.05337
2	0.01744	0.01345	0.01434	0.01167	0.01534	0.01508	0.00936	0.45131	0.29492	0.02890	0.01663	0.01692	0.01252	0.04861	0.00665	0.00190	0.00535	0.00552	0.00538	0.00873
3	0.00855	0.00575	0.00746	0.00698	0.00830	0.00538	0.00518	0.01078	0.01425	0.05883	0.59268	0.03845	0.07209	0.08516	0.05404	0.00246	0.00364	0.00929	0.00558	0.00515
4	0.01155	0.03972	0.01529	0.01375	0.08257	0.07026	0.10060	0.01522	0.10157	0.01627	0.13423	0.02169	0.01786	0.11406	0.08162	0.00291	0.14472	0.00631	0.00361	0.00619
5	0.02072	0.01527	0.01636	0.01254	0.01691	0.01691	0.01036	0.75622	0.02563	0.03436	0.01309	0.01309	0.00927	0.00654	0.00545	0.00164	0.00600	0.00491	0.00545	0.00927
6	0.01644	0.33367	0.16901	0.01193	0.01677	0.17493	0.01168	0.10163	0.03030	0.07192	0.01012	0.01095	0.00792	0.00538	0.00452	0.00143	0.00698	0.00373	0.00316	0.00752
7	0.04453	0.01324	0.01396	0.01160	0.01525	0.01499	0.00930	0.34799	0.41476	0.02794	0.01770	0.01677	0.01305	0.00694	0.00543	0.00175	0.00505	0.00551	0.00543	0.00882
8	0.11644	0.47343	0.05162	0.01059	0.01434	0.11354	0.00984	0.01654	0.01102	0.01452	0.00771	0.00945	0.00689	0.00554	0.00577	0.00145	0.11880	0.00330	0.00252	0.00667
9	0.01548	0.01593	0.15437	0.01239	0.01682	0.01452	0.01132	0.27059	0.37888	0.02566	0.01687	0.01629	0.01239	0.00670	0.00545	0.00176	0.00556	0.00535	0.00492	0.00874
10	0.00772	0.00557	0.00729	0.00686	0.00814	0.00514	0.00514	0.01029	0.01543	0.02186	0.77152	0.04072	0.05144	0.01115	0.00643	0.00171	0.00257	0.00986	0.00600	0.00514
11	0.01255	0.01440	0.20442	0.01111	0.01523	0.01109	0.01067	0.02180	0.35728	0.08655	0.10606	0.02317	0.08642	0.00778	0.00563	0.00179	0.00495	0.00647	0.00484	0.00779
12	0.00786	0.00557	0.00741	0.00741	0.00791	0.00608	0.00513	0.00887	0.00836	0.01165	0.01584	0.02827	0.01660	0.40974	0.42202	0.00709	0.01013	0.00684	0.00310	0.00412
13	0.00848	0.00772	0.00734	0.00701	0.00883	0.07624	0.00528	0.01097	0.05241	0.01732	0.28041	0.04315	0.43123	0.01187	0.00625	0.00176	0.00342	0.00997	0.00519	0.00514
14	0.01275	0.00988	0.01154	0.00856	0.01315	0.00804	0.00684	0.01660	0.09618	0.08738	0.01217	0.01298	0.00953	0.00466	0.00434	0.00100	0.00412	0.00376	0.00381	0.67270
15	0.01485	0.01398	0.01885	0.06697	0.30021	0.08232	0.04384	0.16880	0.01441	0.01948	0.01025	0.01321	0.00844	0.00762	0.03850	0.00205	0.16048	0.00484	0.00321	0.00769
16	0.01271	0.10865	0.01708	0.16863	0.10360	0.05157	0.07867	0.01485	0.01113	0.08323	0.01302	0.06597	0.01208	0.15322	0.01055	0.00239	0.07720	0.00596	0.00321	0.00627
17	0.01374	0.08759	0.07020	0.05460	0.08520	0.07224	0.08788	0.15054	0.04058	0.01802	0.01198	0.01743	0.01071	0.17171	0.01105	0.00244	0.07861	0.00536	0.00334	0.00677
18	0.04849	0.05770	0.13259	0.21049	0.12038	0.17535	0.01324	0.01839	0.07592	0.05516	0.01159	0.03668	0.00924	0.00589	0.00516	0.00166	0.00712	0.00473	0.00312	0.00713

[dist]
# distance from previous block
# <min> <max>
12	82

# created by:
# /st0/software/busco_prod/Augustus/scripts/msa2prfl.pl ./align_prep/66155.fa
