[name]
unknown

[dist]
# distance from previous block
# <min> <max>
57	275

[block]
# block no. 0 follows, 53 sequences, length 16
# corresponding to MSA columns:
# 322-337
name=unknown_A
#
# <colnr> <probs for GDERKNQSTAVLIFYWHMCP>
#	G	D	E	R	K	N	Q	S	T	A	V	L	I	F	Y	W	H	M	C	P
0	0.01261	0.17772	0.01590	0.12364	0.01557	0.01242	0.05567	0.02819	0.05189	0.15752	0.01331	0.01466	0.07105	0.00644	0.00743	0.00159	0.22051	0.00460	0.00318	0.00611
1	0.00910	0.00728	0.00967	0.00909	0.03253	0.00768	0.04466	0.11885	0.06641	0.01750	0.23914	0.25278	0.05285	0.01010	0.00640	0.00170	0.06879	0.03579	0.00440	0.00527
2	0.01027	0.01020	0.03527	0.23615	0.37763	0.01049	0.10275	0.01324	0.01011	0.01403	0.00946	0.01313	0.00779	0.00880	0.11795	0.00237	0.00717	0.00452	0.00233	0.00636
3	0.01240	0.00940	0.01095	0.01050	0.08070	0.01007	0.00755	0.16481	0.31569	0.08317	0.12950	0.02175	0.10819	0.00722	0.00503	0.00154	0.00388	0.00604	0.00472	0.00688
4	0.00986	0.00651	0.00832	0.00743	0.00920	0.00627	0.02780	0.11884	0.01346	0.10982	0.31984	0.20976	0.11356	0.01002	0.00553	0.00160	0.00319	0.00878	0.00491	0.00530
5	0.01219	0.01547	0.14994	0.02249	0.40427	0.12360	0.17221	0.01550	0.01121	0.01493	0.00884	0.01131	0.00706	0.00435	0.00483	0.00145	0.00681	0.00426	0.00233	0.00697
6	0.57246	0.01030	0.00814	0.00716	0.00999	0.08062	0.00577	0.10332	0.01066	0.02041	0.01312	0.01362	0.11685	0.00570	0.00367	0.00147	0.00413	0.00388	0.00333	0.00539
7	0.01278	0.01208	0.01428	0.30827	0.11255	0.12408	0.01110	0.15867	0.13447	0.01703	0.01057	0.01253	0.00808	0.00532	0.00514	0.00152	0.03766	0.00427	0.00312	0.00647
8	0.01103	0.26965	0.32431	0.01231	0.01703	0.01410	0.10242	0.01517	0.06374	0.01385	0.00858	0.01025	0.00683	0.00494	0.00560	0.00145	0.10625	0.00369	0.00228	0.00652
9	0.00672	0.00748	0.11822	0.02261	0.00979	0.00541	0.00689	0.00857	0.00973	0.01295	0.02601	0.40721	0.14954	0.01405	0.06144	0.00225	0.00430	0.11841	0.00392	0.00448
10	0.00641	0.00430	0.00533	0.00606	0.00653	0.00405	0.00408	0.00731	0.00914	0.01268	0.02509	0.55993	0.08822	0.08514	0.00764	0.02647	0.00287	0.01118	0.12374	0.00384
11	0.01155	0.12742	0.02475	0.01729	0.05295	0.01311	0.51868	0.01614	0.10187	0.01512	0.01020	0.01258	0.00792	0.00453	0.00561	0.00154	0.04452	0.00506	0.00263	0.00652
12	0.16613	0.22755	0.13088	0.01188	0.08334	0.14546	0.03094	0.12324	0.01205	0.01684	0.00801	0.00923	0.00639	0.00460	0.00392	0.00132	0.00587	0.00327	0.00269	0.00641
13	0.01113	0.00765	0.00821	0.00727	0.00909	0.09907	0.00559	0.01319	0.01356	0.18326	0.54371	0.02848	0.03359	0.00840	0.00531	0.00147	0.00338	0.00719	0.00507	0.00539
14	0.00591	0.00455	0.00550	0.00598	0.00688	0.00414	0.00424	0.00707	0.01010	0.01301	0.10164	0.40575	0.32381	0.01486	0.06147	0.00217	0.00328	0.01124	0.00438	0.00402
15	0.04505	0.18334	0.30694	0.01280	0.01787	0.01210	0.19537	0.01526	0.01077	0.08423	0.06376	0.01248	0.00952	0.00480	0.00454	0.00143	0.00618	0.00426	0.00272	0.00657

[dist]
# distance from previous block
# <min> <max>
1	49

[block]
# block no. 1 follows, 53 sequences, length 8
# corresponding to MSA columns:
# 387-394
name=unknown_B
#
# <colnr> <probs for GDERKNQSTAVLIFYWHMCP>
#	G	D	E	R	K	N	Q	S	T	A	V	L	I	F	Y	W	H	M	C	P
0	0.01120	0.01072	0.01827	0.20566	0.63077	0.01119	0.01436	0.01412	0.01059	0.01486	0.00888	0.01203	0.00730	0.00437	0.00474	0.00146	0.00583	0.00426	0.00231	0.00707
1	0.01451	0.14972	0.11598	0.01433	0.07249	0.39760	0.13986	0.01690	0.01194	0.01293	0.00791	0.00959	0.00642	0.00455	0.00439	0.00131	0.00757	0.00356	0.00233	0.00612
2	0.08826	0.00775	0.05783	0.00858	0.01071	0.00675	0.13517	0.01070	0.01114	0.01676	0.34665	0.02608	0.05287	0.12456	0.00780	0.00194	0.00399	0.00675	0.07093	0.00480
3	0.00583	0.00441	0.00529	0.00597	0.00667	0.00398	0.00408	0.00674	0.00960	0.01227	0.03301	0.52300	0.28560	0.06152	0.00701	0.00199	0.00276	0.01204	0.00435	0.00388
4	0.00796	0.00696	0.04688	0.00858	0.04621	0.00595	0.06251	0.01076	0.03544	0.04083	0.56960	0.03137	0.09030	0.00881	0.00550	0.00152	0.00317	0.00788	0.00471	0.00507
5	0.01088	0.26695	0.20926	0.17801	0.02168	0.01365	0.20736	0.01433	0.01017	0.01339	0.00824	0.01059	0.00645	0.00432	0.00441	0.00140	0.00657	0.00391	0.00215	0.00627
6	0.08053	0.63468	0.02171	0.00872	0.01245	0.15070	0.00812	0.01509	0.01023	0.01212	0.00677	0.00783	0.00606	0.00426	0.00327	0.00109	0.00559	0.00265	0.00219	0.00596
7	0.00567	0.00477	0.00491	0.00503	0.00651	0.00402	0.00371	0.00684	0.01071	0.01284	0.04614	0.12670	0.72104	0.01240	0.00570	0.00165	0.00246	0.01045	0.00444	0.00402

[dist]
# distance from previous block
# <min> <max>
11	20

[block]
# block no. 2 follows, 53 sequences, length 119
# corresponding to MSA columns:
# 415-533
name=unknown_C
#
# <colnr> <probs for GDERKNQSTAVLIFYWHMCP>
#	G	D	E	R	K	N	Q	S	T	A	V	L	I	F	Y	W	H	M	C	P
0	0.00959	0.02472	0.80726	0.01362	0.02069	0.01110	0.01766	0.01514	0.01009	0.01514	0.00858	0.01009	0.00605	0.00454	0.00454	0.00151	0.00706	0.00353	0.00202	0.00706
1	0.00928	0.00877	0.01475	0.74035	0.09516	0.01076	0.01333	0.01240	0.00962	0.01248	0.00849	0.01262	0.00647	0.00481	0.00499	0.00159	0.02225	0.00425	0.00214	0.00549
2	0.00959	0.02472	0.80726	0.01362	0.02069	0.01110	0.01766	0.01514	0.01009	0.01514	0.00858	0.01009	0.00605	0.00454	0.00454	0.00151	0.00706	0.00353	0.00202	0.00706
3	0.01785	0.02278	0.01354	0.01231	0.01478	0.81284	0.00924	0.01909	0.01354	0.01170	0.00739	0.00862	0.00616	0.00493	0.00431	0.00123	0.00862	0.00308	0.00246	0.00554
4	0.00588	0.00485	0.00516	0.00508	0.00660	0.00413	0.00381	0.00731	0.01144	0.01421	0.20413	0.04386	0.64375	0.01162	0.00565	0.00159	0.00239	0.00979	0.00461	0.00413
5	0.01054	0.00575	0.00775	0.00778	0.00920	0.00542	0.00620	0.01210	0.01080	0.20405	0.03826	0.18826	0.02349	0.12306	0.00846	0.00229	0.00400	0.32300	0.00459	0.00500
6	0.01189	0.01027	0.01081	0.00973	0.01243	0.01189	0.00757	0.02540	0.79357	0.01999	0.01945	0.01783	0.01459	0.00648	0.00486	0.00162	0.00378	0.00540	0.00486	0.00757
7	0.00587	0.00485	0.00515	0.00507	0.00659	0.00413	0.00381	0.00729	0.01142	0.01415	0.19719	0.04396	0.65073	0.01164	0.00565	0.00159	0.00239	0.00980	0.00460	0.00413
8	0.00991	0.00850	0.00991	0.00708	0.01133	0.00637	0.00566	0.01203	0.00991	0.01557	0.00850	0.00991	0.00708	0.00354	0.00354	0.00071	0.00354	0.00283	0.00283	0.86124
9	0.01785	0.02278	0.01354	0.01231	0.01478	0.81284	0.00924	0.01909	0.01354	0.01170	0.00739	0.00862	0.00616	0.00493	0.00431	0.00123	0.00862	0.00308	0.00246	0.00554
10	0.00746	0.00501	0.00679	0.00759	0.00836	0.00489	0.00596	0.00884	0.00995	0.03711	0.03883	0.28727	0.02688	0.10627	0.00877	0.02982	0.00387	0.38799	0.00423	0.00411
11	0.00582	0.00416	0.00555	0.00666	0.00693	0.00388	0.00444	0.00666	0.00915	0.01220	0.02634	0.82891	0.03161	0.01497	0.00610	0.00194	0.00277	0.01359	0.00444	0.00388
12	0.01050	0.00756	0.00785	0.00727	0.00923	0.00843	0.00560	0.01875	0.42852	0.01898	0.01765	0.01783	0.01350	0.00606	0.00415	0.00138	0.00306	0.00496	0.40260	0.00612
13	0.00611	0.00490	0.00548	0.00544	0.00687	0.00427	0.00414	0.00770	0.01170	0.01490	0.27551	0.04334	0.52397	0.01146	0.00570	0.00162	0.00249	0.05550	0.00469	0.00420
14	0.45188	0.01068	0.01015	0.00838	0.01162	0.01197	0.00694	0.32371	0.01423	0.05429	0.00997	0.01184	0.00771	0.00545	0.00394	0.00150	0.00437	0.04108	0.00387	0.00643
15	0.00903	0.00850	0.01434	0.82054	0.03292	0.01062	0.01327	0.01221	0.00956	0.01221	0.00850	0.01274	0.00637	0.00478	0.00478	0.00159	0.00637	0.00425	0.00212	0.00531
16	0.05497	0.00679	0.00820	0.00715	0.00968	0.00618	0.00583	0.04509	0.01234	0.32873	0.03000	0.03204	0.31079	0.00917	0.00528	0.00163	0.00352	0.11172	0.00496	0.00593
17	0.00835	0.00517	0.00634	0.00598	0.00723	0.00470	0.00431	0.00974	0.01123	0.11579	0.30575	0.10909	0.19594	0.17807	0.00939	0.00220	0.00306	0.00858	0.00461	0.00448
18	0.00943	0.00524	0.00711	0.00745	0.00860	0.00485	0.00561	0.01074	0.01045	0.17727	0.02459	0.51030	0.02671	0.01275	0.00593	0.00190	0.00336	0.15811	0.00474	0.00487
19	0.01846	0.01292	0.01406	0.01078	0.01459	0.01413	0.00890	0.71849	0.02169	0.09901	0.01213	0.01190	0.00846	0.00575	0.00478	0.00144	0.00515	0.00435	0.00488	0.00813
20	0.00991	0.00850	0.00991	0.00708	0.01133	0.00637	0.00566	0.01203	0.00991	0.01557	0.00850	0.00991	0.00708	0.00354	0.00354	0.00071	0.00354	0.00283	0.00283	0.86124
21	0.00683	0.00512	0.00768	0.00768	0.00853	0.00597	0.00597	0.00853	0.00768	0.01110	0.01280	0.01878	0.01195	0.03585	0.81308	0.00768	0.01280	0.00512	0.00256	0.00427
22	0.00572	0.00455	0.00514	0.00561	0.00666	0.00397	0.00397	0.00677	0.01015	0.01261	0.03901	0.37967	0.47267	0.01333	0.00584	0.00175	0.00257	0.01158	0.00444	0.00397
23	0.86579	0.00924	0.00702	0.00629	0.00924	0.01072	0.00518	0.01405	0.00813	0.02144	0.00666	0.00776	0.00518	0.00444	0.00296	0.00148	0.00370	0.00259	0.00296	0.00518
24	0.00694	0.00505	0.00757	0.00757	0.00836	0.00583	0.00583	0.00836	0.00757	0.01088	0.01246	0.01845	0.01167	0.03437	0.75196	0.07333	0.01214	0.00505	0.00252	0.00410
25	0.00669	0.00488	0.00629	0.00594	0.00710	0.00448	0.00445	0.00888	0.01336	0.01878	0.75265	0.03635	0.09239	0.00992	0.00564	0.00151	0.00227	0.00873	0.00521	0.00448
26	0.00567	0.00484	0.00488	0.00487	0.00647	0.00405	0.00365	0.00691	0.01095	0.01306	0.06564	0.04576	0.78296	0.01205	0.00565	0.00161	0.00242	0.01005	0.00446	0.00405
27	0.00680	0.00509	0.00633	0.00598	0.00724	0.00473	0.00450	0.00934	0.04409	0.01823	0.65254	0.03659	0.16067	0.01000	0.00561	0.00153	0.00234	0.00874	0.00512	0.00456
28	0.01176	0.06246	0.02546	0.01786	0.02219	0.04295	0.61793	0.04499	0.01151	0.01546	0.00958	0.01246	0.00734	0.00436	0.00569	0.00155	0.03846	0.00520	0.03646	0.00633
29	0.67852	0.01069	0.02986	0.00828	0.01156	0.03680	0.07852	0.06811	0.00965	0.02101	0.00734	0.00859	0.00563	0.00451	0.00342	0.00148	0.00445	0.00303	0.00299	0.00556
30	0.01258	0.52243	0.18596	0.01005	0.01433	0.11126	0.01041	0.01489	0.01011	0.01212	0.00711	0.00845	0.00613	0.00453	0.00425	0.00121	0.05295	0.00291	0.00209	0.00621
31	0.00692	0.00477	0.00589	0.00589	0.00613	0.00500	0.00374	0.00739	0.00715	0.00977	0.01444	0.02783	0.01588	0.61261	0.24170	0.00547	0.00688	0.00645	0.00280	0.00327
32	0.11229	0.01139	0.05758	0.21992	0.04664	0.04142	0.02982	0.11214	0.25876	0.04365	0.01244	0.01339	0.00925	0.00538	0.00458	0.00154	0.00517	0.00440	0.00355	0.00666
33	0.00652	0.00472	0.00606	0.00685	0.00740	0.00458	0.00486	0.00805	0.04187	0.01275	0.05012	0.52864	0.05640	0.11118	0.00826	0.00226	0.00326	0.12792	0.00429	0.00402
34	0.27838	0.00847	0.00985	0.00783	0.01130	0.00815	0.00646	0.02048	0.01199	0.56692	0.01514	0.01368	0.00981	0.00547	0.00424	0.00148	0.00395	0.00413	0.00502	0.00723
35	0.00729	0.00534	0.00707	0.00792	0.00907	0.00519	0.00675	0.00922	0.01082	0.01384	0.02921	0.05154	0.17117	0.04550	0.00713	0.00219	0.00404	0.59808	0.00435	0.00427
36	0.39702	0.01116	0.01049	0.00859	0.01184	0.03488	0.00703	0.33329	0.04259	0.05291	0.04104	0.01109	0.00858	0.00533	0.00399	0.00146	0.00444	0.00373	0.00396	0.00657
37	0.00621	0.00443	0.00599	0.00710	0.00754	0.00421	0.00511	0.00732	0.00953	0.01263	0.02613	0.67006	0.03077	0.01461	0.00620	0.00199	0.00311	0.16863	0.00443	0.00399
38	0.00594	0.00424	0.00568	0.00679	0.00712	0.00398	0.00464	0.00686	0.00927	0.01233	0.02628	0.78050	0.03136	0.01486	0.00613	0.00196	0.00287	0.06084	0.00443	0.00391
39	0.01174	0.00603	0.00761	0.00659	0.00877	0.00526	0.00516	0.01348	0.01264	0.30300	0.26346	0.05904	0.25937	0.00925	0.00535	0.00154	0.00298	0.00785	0.00522	0.00566
40	0.00903	0.00537	0.00678	0.00615	0.00759	0.00488	0.00457	0.01076	0.01225	0.14465	0.46141	0.03323	0.13320	0.12933	0.00823	0.00197	0.00292	0.00796	0.00492	0.00480
41	0.02144	0.00813	0.01109	0.00850	0.01220	0.00702	0.00702	0.02329	0.01368	0.80552	0.01886	0.01627	0.01183	0.00592	0.00481	0.00148	0.00407	0.00481	0.00592	0.00813
42	0.86579	0.00924	0.00702	0.00629	0.00924	0.01072	0.00518	0.01405	0.00813	0.02144	0.00666	0.00776	0.00518	0.00444	0.00296	0.00148	0.00370	0.00259	0.00296	0.00518
43	0.00598	0.00459	0.00533	0.00567	0.00661	0.00410	0.00397	0.00710	0.01031	0.01321	0.14228	0.31459	0.35949	0.08543	0.00746	0.00198	0.00272	0.01082	0.00442	0.00395
44	0.01309	0.01086	0.01148	0.00997	0.01289	0.01245	0.00786	0.17096	0.64605	0.02193	0.01793	0.01662	0.01335	0.00634	0.00485	0.00159	0.00407	0.00519	0.00485	0.00767
45	0.01278	0.83490	0.02505	0.00818	0.01227	0.01891	0.00818	0.01431	0.00971	0.01125	0.00664	0.00767	0.00613	0.00409	0.00307	0.00102	0.00511	0.00256	0.00204	0.00613
46	0.00603	0.00430	0.00570	0.00666	0.00703	0.00404	0.00454	0.00700	0.00950	0.01273	0.08540	0.70219	0.03195	0.04359	0.00674	0.00202	0.00288	0.04935	0.00444	0.00392
47	0.01171	0.00566	0.00764	0.00735	0.00892	0.00507	0.00541	0.01293	0.01086	0.31133	0.02352	0.52250	0.02415	0.01156	0.00561	0.00177	0.00326	0.01028	0.00499	0.00549
48	0.01278	0.83490	0.02505	0.00818	0.01227	0.01891	0.00818	0.01431	0.00971	0.01125	0.00664	0.00767	0.00613	0.00409	0.00307	0.00102	0.00511	0.00256	0.00204	0.00613
49	0.86579	0.00924	0.00702	0.00629	0.00924	0.01072	0.00518	0.01405	0.00813	0.02144	0.00666	0.00776	0.00518	0.00444	0.00296	0.00148	0.00370	0.00259	0.00296	0.00518
50	0.00916	0.00903	0.01799	0.01384	0.01659	0.00870	0.42132	0.01159	0.00965	0.01314	0.01302	0.12920	0.01259	0.10532	0.13769	0.04910	0.00749	0.00673	0.00276	0.00510
51	0.00565	0.00484	0.00484	0.00484	0.00646	0.00403	0.00363	0.00686	0.01089	0.01291	0.04842	0.04600	0.80027	0.01210	0.00565	0.00161	0.00242	0.01009	0.00444	0.00403
52	0.02144	0.00813	0.01109	0.00850	0.01220	0.00702	0.00702	0.02329	0.01368	0.80552	0.01886	0.01627	0.01183	0.00592	0.00481	0.00148	0.00407	0.00481	0.00592	0.00813
53	0.00903	0.00850	0.01434	0.82054	0.03292	0.01062	0.01327	0.01221	0.00956	0.01221	0.00850	0.01274	0.00637	0.00478	0.00478	0.00159	0.00637	0.00425	0.00212	0.00531
54	0.01187	0.01304	0.01415	0.44403	0.02408	0.24751	0.01160	0.01411	0.01035	0.01194	0.00779	0.01114	0.00629	0.00544	0.00651	0.00157	0.14710	0.00389	0.00222	0.00536
55	0.00819	0.00422	0.00633	0.00633	0.00640	0.00429	0.00429	0.00640	0.00633	0.00851	0.00863	0.01484	0.00857	0.01802	0.07709	0.79820	0.00479	0.00422	0.00211	0.00224
56	0.01023	0.00901	0.03846	0.00799	0.03679	0.00663	0.00635	0.01245	0.01013	0.04540	0.01049	0.01165	0.03872	0.00403	0.00375	0.00082	0.00371	0.00327	0.00297	0.73716
57	0.13323	0.01487	0.01318	0.01068	0.01401	0.19250	0.00861	0.49628	0.01826	0.02450	0.00982	0.01031	0.00725	0.00543	0.00462	0.00141	0.02018	0.00379	0.00397	0.00710
58	0.01128	0.01289	0.02820	0.02015	0.02498	0.01209	0.78485	0.01531	0.01128	0.01531	0.00967	0.01289	0.00725	0.00403	0.00564	0.00161	0.00806	0.00564	0.00242	0.00645
59	0.01934	0.00826	0.01170	0.01073	0.09537	0.00736	0.00789	0.02132	0.01317	0.65918	0.01833	0.01880	0.01263	0.00632	0.00494	0.00153	0.00426	0.06569	0.00542	0.00778
60	0.01774	0.01317	0.01410	0.01091	0.01466	0.01462	0.00898	0.73372	0.07573	0.02942	0.01203	0.01191	0.00857	0.00579	0.00479	0.00145	0.00516	0.00438	0.00479	0.00809
61	0.01179	0.01187	0.01756	0.21827	0.53368	0.09574	0.01376	0.01454	0.01084	0.01438	0.00870	0.01171	0.00713	0.00445	0.00470	0.00144	0.00616	0.00413	0.00232	0.00681
62	0.01360	0.00618	0.00813	0.00720	0.00906	0.00557	0.00531	0.01473	0.01080	0.39295	0.02005	0.24800	0.01871	0.20541	0.00982	0.00236	0.00384	0.00778	0.00478	0.00569
63	0.86579	0.00924	0.00702	0.00629	0.00924	0.01072	0.00518	0.01405	0.00813	0.02144	0.00666	0.00776	0.00518	0.00444	0.00296	0.00148	0.00370	0.00259	0.00296	0.00518
64	0.01817	0.01339	0.01434	0.01100	0.01482	0.01482	0.00908	0.78627	0.02247	0.03012	0.01148	0.01148	0.00813	0.00574	0.00478	0.00143	0.00526	0.00430	0.00478	0.00813
65	0.00695	0.00463	0.00521	0.00521	0.00521	0.00463	0.00290	0.00695	0.00695	0.00927	0.01506	0.03128	0.01738	0.83203	0.02433	0.00463	0.00463	0.00695	0.00290	0.00290
66	0.00582	0.00416	0.00555	0.00666	0.00693	0.00388	0.00444	0.00666	0.00915	0.01220	0.02634	0.82891	0.03161	0.01497	0.00610	0.00194	0.00277	0.01359	0.00444	0.00388
67	0.01278	0.83490	0.02505	0.00818	0.01227	0.01891	0.00818	0.01431	0.00971	0.01125	0.00664	0.00767	0.00613	0.00409	0.00307	0.00102	0.00511	0.00256	0.00204	0.00613
68	0.00991	0.00850	0.00991	0.00708	0.01133	0.00637	0.00566	0.01203	0.00991	0.01557	0.00850	0.00991	0.00708	0.00354	0.00354	0.00071	0.00354	0.00283	0.00283	0.86124
69	0.00933	0.00568	0.00787	0.00847	0.00981	0.00549	0.00717	0.01130	0.01112	0.12264	0.02456	0.15414	0.02591	0.01244	0.00629	0.00207	0.00413	0.56212	0.00461	0.00484
70	0.02144	0.00813	0.01109	0.00850	0.01220	0.00702	0.00702	0.02329	0.01368	0.80552	0.01886	0.01627	0.01183	0.00592	0.00481	0.00148	0.00407	0.00481	0.00592	0.00813
71	0.01278	0.83490	0.02505	0.00818	0.01227	0.01891	0.00818	0.01431	0.00971	0.01125	0.00664	0.00767	0.00613	0.00409	0.00307	0.00102	0.00511	0.00256	0.00204	0.00613
72	0.01183	0.01136	0.01940	0.02934	0.80221	0.01136	0.01467	0.01467	0.01088	0.01562	0.00899	0.01183	0.00757	0.00426	0.00473	0.00142	0.00568	0.00426	0.00237	0.00757
73	0.00683	0.00509	0.00619	0.00648	0.00740	0.00495	0.00460	0.00941	0.09205	0.01503	0.23448	0.38991	0.11720	0.04253	0.00639	0.00183	0.00275	0.01049	0.03196	0.00443
74	0.00582	0.00416	0.00555	0.00666	0.00693	0.00388	0.00444	0.00666	0.00915	0.01220	0.02634	0.82891	0.03161	0.01497	0.00610	0.00194	0.00277	0.01359	0.00444	0.00388
75	0.00710	0.00520	0.00686	0.00730	0.00847	0.00496	0.00604	0.00919	0.01188	0.01585	0.30267	0.04643	0.13453	0.01184	0.00614	0.00188	0.00338	0.40117	0.00471	0.00439
76	0.74972	0.00938	0.00764	0.00674	0.00973	0.01078	0.00552	0.03511	0.06646	0.05079	0.00818	0.00892	0.00619	0.00468	0.00321	0.00149	0.00376	0.00292	0.00326	0.00554
77	0.01661	0.01241	0.01325	0.01043	0.01395	0.01375	0.00853	0.63380	0.12658	0.02779	0.01404	0.01379	0.03864	0.00607	0.00479	0.00146	0.00487	0.00467	0.02676	0.00780
78	0.00582	0.00416	0.00555	0.00666	0.00693	0.00388	0.00444	0.00666	0.00915	0.01220	0.02634	0.82891	0.03161	0.01497	0.00610	0.00194	0.00277	0.01359	0.00444	0.00388
79	0.00676	0.00489	0.00639	0.00601	0.00714	0.00451	0.00451	0.00902	0.01353	0.01917	0.79969	0.03570	0.04510	0.00977	0.00564	0.00150	0.00225	0.00864	0.00526	0.00451
80	0.00585	0.00481	0.00515	0.00515	0.00660	0.00411	0.00383	0.00722	0.01125	0.01395	0.17730	0.08997	0.62451	0.01187	0.00567	0.00161	0.00241	0.01004	0.00458	0.00411
81	0.01934	0.01151	0.01318	0.01011	0.01388	0.01203	0.00835	0.51335	0.01933	0.30748	0.01412	0.01319	0.00945	0.00580	0.00479	0.00145	0.00483	0.00448	0.00519	0.00813
82	0.00671	0.00479	0.00656	0.00767	0.00833	0.00465	0.00598	0.00819	0.01002	0.01319	0.02585	0.46350	0.02968	0.01414	0.00634	0.00206	0.00354	0.37025	0.00442	0.00413
83	0.17138	0.00964	0.00926	0.00791	0.01048	0.04006	0.00631	0.24018	0.15011	0.02223	0.01310	0.01377	0.00992	0.00554	0.00399	0.00137	0.00389	0.00418	0.27043	0.00624
84	0.00701	0.00536	0.00775	0.00770	0.00855	0.00617	0.00595	0.02044	0.00823	0.01169	0.02781	0.08198	0.04502	0.03139	0.66366	0.00659	0.04154	0.00598	0.00284	0.00433
85	0.12244	0.00797	0.00805	0.00715	0.00945	0.00859	0.00562	0.11478	0.21969	0.04590	0.02136	0.02108	0.16336	0.00696	0.00437	0.00145	0.00332	0.00554	0.21703	0.00589
86	0.01294	0.49024	0.20507	0.01065	0.04172	0.09080	0.01069	0.03473	0.01067	0.04242	0.00782	0.00888	0.00643	0.00439	0.00369	0.00120	0.00588	0.00302	0.00230	0.00647
87	0.00582	0.00416	0.00555	0.00666	0.00693	0.00388	0.00444	0.00666	0.00915	0.01220	0.02634	0.82891	0.03161	0.01497	0.00610	0.00194	0.00277	0.01359	0.00444	0.00388
88	0.00621	0.00443	0.00592	0.00696	0.00740	0.00421	0.00496	0.00726	0.00943	0.01248	0.02606	0.64280	0.04263	0.04704	0.00691	0.00209	0.00314	0.15175	0.00437	0.00394
89	0.00991	0.00850	0.00991	0.00708	0.01133	0.00637	0.00566	0.01203	0.00991	0.01557	0.00850	0.00991	0.00708	0.00354	0.00354	0.00071	0.00354	0.00283	0.00283	0.86124
90	0.00646	0.00455	0.00600	0.00680	0.00742	0.00429	0.00498	0.00741	0.00968	0.01268	0.06292	0.45927	0.12616	0.01416	0.00730	0.08195	0.00317	0.16668	0.00425	0.00387
91	0.00830	0.00415	0.00623	0.00623	0.00623	0.00415	0.00415	0.00623	0.00623	0.00830	0.00830	0.01453	0.00830	0.01660	0.01868	0.86094	0.00415	0.00415	0.00208	0.00208
92	0.00582	0.00416	0.00555	0.00666	0.00693	0.00388	0.00444	0.00666	0.00915	0.01220	0.02634	0.82891	0.03161	0.01497	0.00610	0.00194	0.00277	0.01359	0.00444	0.00388
93	0.01562	0.00937	0.01092	0.00927	0.01233	0.00987	0.00742	0.05413	0.43063	0.32089	0.01916	0.01854	0.01383	0.00653	0.00491	0.00158	0.00398	0.03811	0.00524	0.00767
94	0.48488	0.00875	0.00864	0.00725	0.01033	0.00927	0.00596	0.05719	0.01103	0.26566	0.06526	0.01331	0.01052	0.00548	0.00388	0.00149	0.00381	0.01694	0.00416	0.00619
95	0.00794	0.00627	0.00743	0.00756	0.00912	0.00636	0.00610	0.01237	0.18472	0.01592	0.14944	0.06112	0.21582	0.01096	0.00582	0.00181	0.00341	0.27815	0.00465	0.00502
96	0.00613	0.00486	0.00551	0.00535	0.00675	0.00424	0.00401	0.00780	0.01204	0.01563	0.37506	0.04152	0.47193	0.01109	0.00564	0.00157	0.00235	0.00946	0.00480	0.00424
97	0.00623	0.00447	0.00591	0.00638	0.00702	0.00415	0.00447	0.00768	0.01105	0.01523	0.36215	0.48448	0.03747	0.01272	0.00590	0.00175	0.00255	0.01144	0.00479	0.00415
98	0.00766	0.00519	0.00579	0.00558	0.00582	0.00528	0.00329	0.05606	0.00793	0.01058	0.01483	0.03003	0.01679	0.77996	0.02310	0.00443	0.00467	0.00678	0.00301	0.00323
99	0.00903	0.00850	0.01434	0.82054	0.03292	0.01062	0.01327	0.01221	0.00956	0.01221	0.00850	0.01274	0.00637	0.00478	0.00478	0.00159	0.00637	0.00425	0.00212	0.00531
100	0.01278	0.83490	0.02505	0.00818	0.01227	0.01891	0.00818	0.01431	0.00971	0.01125	0.00664	0.00767	0.00613	0.00409	0.00307	0.00102	0.00511	0.00256	0.00204	0.00613
101	0.00664	0.00482	0.00626	0.00603	0.00710	0.00444	0.00447	0.00873	0.01304	0.01831	0.70300	0.10654	0.07205	0.01032	0.00568	0.00155	0.00231	0.00914	0.00516	0.00444
102	0.00695	0.00463	0.00521	0.00521	0.00521	0.00463	0.00290	0.00695	0.00695	0.00927	0.01506	0.03128	0.01738	0.83203	0.02433	0.00463	0.00463	0.00695	0.00290	0.00290
103	0.00582	0.00416	0.00555	0.00666	0.00693	0.00388	0.00444	0.00666	0.00915	0.01220	0.02634	0.82891	0.03161	0.01497	0.00610	0.00194	0.00277	0.01359	0.00444	0.00388
104	0.00572	0.00458	0.00511	0.00553	0.00664	0.00398	0.00394	0.00678	0.01023	0.01264	0.04001	0.34415	0.50755	0.01320	0.00582	0.00174	0.00256	0.01142	0.00444	0.00398
105	0.37574	0.00881	0.00918	0.00766	0.01082	0.00916	0.00630	0.06420	0.05724	0.32081	0.01468	0.01511	0.03947	0.00584	0.00413	0.00152	0.00392	0.03445	0.00442	0.00655
106	0.02144	0.00813	0.01109	0.00850	0.01220	0.00702	0.00702	0.02329	0.01368	0.80552	0.01886	0.01627	0.01183	0.00592	0.00481	0.00148	0.00407	0.00481	0.00592	0.00813
107	0.75097	0.00909	0.00758	0.00659	0.00965	0.01022	0.00543	0.01531	0.00889	0.12807	0.00831	0.00892	0.00608	0.00464	0.00321	0.00148	0.00375	0.00289	0.00336	0.00558
108	0.00737	0.00496	0.00555	0.00543	0.00557	0.00501	0.00313	0.03600	0.00753	0.01004	0.01493	0.03054	0.01703	0.80123	0.02360	0.00451	0.00466	0.00685	0.00297	0.00309
109	0.00781	0.00513	0.00664	0.00612	0.00748	0.00467	0.00464	0.00996	0.01334	0.07922	0.68333	0.03498	0.09909	0.00965	0.00557	0.00151	0.00241	0.00846	0.00525	0.00475
110	0.00565	0.00484	0.00484	0.00484	0.00646	0.00403	0.00363	0.00686	0.01089	0.01291	0.04842	0.04600	0.80027	0.01210	0.00565	0.00161	0.00242	0.01009	0.00444	0.00403
111	0.00903	0.00850	0.01434	0.82054	0.03292	0.01062	0.01327	0.01221	0.00956	0.01221	0.00850	0.01274	0.00637	0.00478	0.00478	0.00159	0.00637	0.00425	0.00212	0.00531
112	0.00683	0.00512	0.00768	0.00768	0.00853	0.00597	0.00597	0.00853	0.00768	0.01110	0.01280	0.01878	0.01195	0.03585	0.81308	0.00768	0.01280	0.00512	0.00256	0.00427
113	0.00712	0.00671	0.00687	0.05761	0.04787	0.06430	0.00524	0.00859	0.01115	0.01325	0.08199	0.03893	0.61210	0.01061	0.00545	0.00157	0.00327	0.00884	0.00409	0.00442
114	0.01817	0.01339	0.01434	0.01100	0.01482	0.01482	0.00908	0.78627	0.02247	0.03012	0.01148	0.01148	0.00813	0.00574	0.00478	0.00143	0.00526	0.00430	0.00478	0.00813
115	0.00588	0.00420	0.00561	0.00672	0.00702	0.00393	0.00454	0.00675	0.00921	0.01227	0.02631	0.80528	0.03149	0.01492	0.00612	0.00195	0.00282	0.03665	0.00444	0.00390
116	0.00991	0.00850	0.00991	0.00708	0.01133	0.00637	0.00566	0.01203	0.00991	0.01557	0.00850	0.00991	0.00708	0.00354	0.00354	0.00071	0.00354	0.00283	0.00283	0.86124
117	0.01027	0.00953	0.01408	0.01065	0.04270	0.00786	0.16578	0.01279	0.01018	0.01545	0.00872	0.01060	0.00712	0.00375	0.00422	0.00094	0.01853	0.00348	0.00272	0.64062
118	0.01041	0.00921	0.01014	0.00754	0.01157	0.03748	0.00599	0.01361	0.08692	0.01586	0.00953	0.01064	0.00778	0.00388	0.00370	0.00082	0.00376	0.00309	0.00302	0.74508

[dist]
# distance from previous block
# <min> <max>
0	1

[block]
# block no. 3 follows, 53 sequences, length 71
# corresponding to MSA columns:
# 535-605
name=unknown_D
#
# <colnr> <probs for GDERKNQSTAVLIFYWHMCP>
#	G	D	E	R	K	N	Q	S	T	A	V	L	I	F	Y	W	H	M	C	P
0	0.01026	0.00975	0.01656	0.47245	0.37137	0.01094	0.01389	0.01329	0.01014	0.01371	0.00871	0.01234	0.00690	0.00455	0.00476	0.00152	0.00607	0.00425	0.00223	0.00630
1	0.01189	0.01027	0.01081	0.00973	0.01243	0.01189	0.00757	0.02540	0.79357	0.01999	0.01945	0.01783	0.01459	0.00648	0.00486	0.00162	0.00378	0.00540	0.00486	0.00757
2	0.00645	0.00444	0.00535	0.00580	0.00601	0.00428	0.00359	0.00681	0.00805	0.01064	0.02140	0.35475	0.06829	0.43397	0.01573	0.02401	0.00374	0.00975	0.00359	0.00334
3	0.01720	0.01273	0.01413	0.01185	0.06103	0.01401	0.00917	0.62752	0.10900	0.05530	0.01249	0.01239	0.00896	0.00574	0.00479	0.00146	0.00507	0.00444	0.00469	0.00803
4	0.00929	0.00876	0.01481	0.74600	0.10539	0.01069	0.01341	0.01244	0.00968	0.01253	0.00854	0.01266	0.00648	0.00473	0.00477	0.00158	0.00631	0.00425	0.00215	0.00552
5	0.00683	0.00512	0.00768	0.00768	0.00853	0.00597	0.00597	0.00853	0.00768	0.01110	0.01280	0.01878	0.01195	0.03585	0.81308	0.00768	0.01280	0.00512	0.00256	0.00427
6	0.00691	0.00462	0.00523	0.00527	0.00528	0.00460	0.00296	0.00694	0.00704	0.00938	0.01550	0.06252	0.01793	0.80002	0.02361	0.00453	0.00456	0.00721	0.00296	0.00293
7	0.01278	0.83490	0.02505	0.00818	0.01227	0.01891	0.00818	0.01431	0.00971	0.01125	0.00664	0.00767	0.00613	0.00409	0.00307	0.00102	0.00511	0.00256	0.00204	0.00613
8	0.01628	0.00700	0.00941	0.00761	0.01042	0.00614	0.00613	0.01825	0.01357	0.53022	0.27668	0.02328	0.03897	0.00731	0.00510	0.00149	0.00344	0.00618	0.00567	0.00686
9	0.01189	0.01027	0.01081	0.00973	0.01243	0.01189	0.00757	0.02540	0.79357	0.01999	0.01945	0.01783	0.01459	0.00648	0.00486	0.00162	0.00378	0.00540	0.00486	0.00757
10	0.01013	0.00998	0.01402	0.01211	0.01219	0.01387	0.01006	0.01124	0.00735	0.01147	0.00686	0.01120	0.00678	0.01082	0.08697	0.00259	0.75082	0.00427	0.00213	0.00514
11	0.01168	0.00597	0.00796	0.00685	0.00884	0.00535	0.00535	0.01380	0.01358	0.28249	0.53821	0.02919	0.03396	0.00848	0.00536	0.00150	0.00286	0.00736	0.00548	0.00572
12	0.01189	0.01027	0.01081	0.00973	0.01243	0.01189	0.00757	0.02540	0.79357	0.01999	0.01945	0.01783	0.01459	0.00648	0.00486	0.00162	0.00378	0.00540	0.00486	0.00757
13	0.02144	0.00813	0.01109	0.00850	0.01220	0.00702	0.00702	0.02329	0.01368	0.80552	0.01886	0.01627	0.01183	0.00592	0.00481	0.00148	0.00407	0.00481	0.00592	0.00813
14	0.01131	0.01280	0.02770	0.02067	0.06941	0.01205	0.74082	0.01527	0.01126	0.01533	0.00963	0.01283	0.00727	0.00404	0.00559	0.00160	0.00792	0.00556	0.00241	0.00651
15	0.00582	0.00416	0.00555	0.00666	0.00693	0.00388	0.00444	0.00666	0.00915	0.01220	0.02634	0.82891	0.03161	0.01497	0.00610	0.00194	0.00277	0.01359	0.00444	0.00388
16	0.01477	0.01693	0.42111	0.01180	0.01729	0.00941	0.05695	0.01865	0.01170	0.35428	0.01305	0.01290	0.00860	0.00510	0.00472	0.00150	0.00583	0.00420	0.00371	0.00749
17	0.00991	0.00850	0.00991	0.00708	0.01133	0.00637	0.00566	0.01203	0.00991	0.01557	0.00850	0.00991	0.00708	0.00354	0.00354	0.00071	0.00354	0.00283	0.00283	0.86124
18	0.01189	0.01027	0.01081	0.00973	0.01243	0.01189	0.00757	0.02540	0.79357	0.01999	0.01945	0.01783	0.01459	0.00648	0.00486	0.00162	0.00378	0.00540	0.00486	0.00757
19	0.00652	0.00448	0.00549	0.00601	0.00619	0.00437	0.00381	0.00699	0.00809	0.01077	0.02033	0.36465	0.02387	0.44596	0.01575	0.00338	0.00385	0.05246	0.00362	0.00339
20	0.00638	0.00516	0.00573	0.00579	0.00715	0.00472	0.00426	0.00870	0.07461	0.01442	0.16998	0.19309	0.45920	0.01180	0.00567	0.00166	0.00257	0.01014	0.00461	0.00437
21	0.01817	0.01339	0.01434	0.01100	0.01482	0.01482	0.00908	0.78627	0.02247	0.03012	0.01148	0.01148	0.00813	0.00574	0.00478	0.00143	0.00526	0.00430	0.00478	0.00813
22	0.01183	0.01136	0.01940	0.02934	0.80221	0.01136	0.01467	0.01467	0.01088	0.01562	0.00899	0.01183	0.00757	0.00426	0.00473	0.00142	0.00568	0.00426	0.00237	0.00757
23	0.00613	0.00471	0.00557	0.00566	0.00678	0.00419	0.00411	0.00762	0.01143	0.01502	0.32331	0.20491	0.34239	0.02876	0.00612	0.00170	0.00248	0.01021	0.00471	0.00416
24	0.01785	0.02278	0.01354	0.01231	0.01478	0.81284	0.00924	0.01909	0.01354	0.01170	0.00739	0.00862	0.00616	0.00493	0.00431	0.00123	0.00862	0.00308	0.00246	0.00554
25	0.01189	0.01027	0.01081	0.00973	0.01243	0.01189	0.00757	0.02540	0.79357	0.01999	0.01945	0.01783	0.01459	0.00648	0.00486	0.00162	0.00378	0.00540	0.00486	0.00757
26	0.45456	0.00856	0.00879	0.00725	0.01045	0.00881	0.00596	0.01790	0.01082	0.36697	0.04807	0.01278	0.00992	0.00533	0.00389	0.00148	0.00379	0.00384	0.00437	0.00645
27	0.00673	0.00488	0.00633	0.00597	0.00712	0.00449	0.00448	0.00894	0.01344	0.01895	0.77335	0.03606	0.07157	0.00985	0.00564	0.00151	0.00226	0.00869	0.00523	0.00449
28	0.01128	0.01289	0.02820	0.02015	0.02498	0.01209	0.78485	0.01531	0.01128	0.01531	0.00967	0.01289	0.00725	0.00403	0.00564	0.00161	0.00806	0.00564	0.00242	0.00645
29	0.00582	0.00416	0.00555	0.00666	0.00693	0.00388	0.00444	0.00666	0.00915	0.01220	0.02634	0.82891	0.03161	0.01497	0.00610	0.00194	0.00277	0.01359	0.00444	0.00388
30	0.01471	0.00673	0.00882	0.00728	0.00970	0.00603	0.00570	0.03139	0.01289	0.43306	0.24659	0.02489	0.05638	0.10504	0.00739	0.00186	0.00356	0.00640	0.00528	0.00628
31	0.01469	0.00964	0.01089	0.00937	0.01236	0.01046	0.00741	0.02478	0.56468	0.25054	0.01928	0.01737	0.01378	0.00632	0.00485	0.00158	0.00387	0.00523	0.00517	0.00773
32	0.00619	0.00486	0.00560	0.00541	0.00679	0.00427	0.00406	0.00792	0.01218	0.01597	0.41592	0.04096	0.43086	0.01096	0.00564	0.00156	0.00234	0.00938	0.00484	0.00427
33	0.45523	0.00870	0.00900	0.00736	0.01068	0.00892	0.00608	0.01854	0.01083	0.40270	0.01259	0.01190	0.00841	0.00516	0.00386	0.00148	0.00388	0.00367	0.00440	0.00661
34	0.01075	0.00623	0.00748	0.00690	0.00885	0.00580	0.00523	0.01358	0.10778	0.22593	0.05987	0.21663	0.27101	0.02415	0.00575	0.00170	0.00314	0.00881	0.00489	0.00553
35	0.01628	0.01245	0.01328	0.01062	0.01410	0.01394	0.00863	0.55771	0.25410	0.02708	0.01387	0.01338	0.01007	0.00596	0.00481	0.00149	0.00482	0.00463	0.00481	0.00796
36	0.00582	0.00416	0.00555	0.00666	0.00693	0.00388	0.00444	0.00666	0.00915	0.01220	0.02634	0.82891	0.03161	0.01497	0.00610	0.00194	0.00277	0.01359	0.00444	0.00388
37	0.86579	0.00924	0.00702	0.00629	0.00924	0.01072	0.00518	0.01405	0.00813	0.02144	0.00666	0.00776	0.00518	0.00444	0.00296	0.00148	0.00370	0.00259	0.00296	0.00518
38	0.02144	0.00813	0.01109	0.00850	0.01220	0.00702	0.00702	0.02329	0.01368	0.80552	0.01886	0.01627	0.01183	0.00592	0.00481	0.00148	0.00407	0.00481	0.00592	0.00813
39	0.00991	0.00850	0.00991	0.00708	0.01133	0.00637	0.00566	0.01203	0.00991	0.01557	0.00850	0.00991	0.00708	0.00354	0.00354	0.00071	0.00354	0.00283	0.00283	0.86124
40	0.00677	0.00504	0.00552	0.00535	0.00697	0.00431	0.00406	0.00820	0.01145	0.05924	0.16710	0.05740	0.60442	0.01145	0.00563	0.00161	0.00253	0.02395	0.00465	0.00435
41	0.00783	0.00435	0.00602	0.00602	0.00607	0.00439	0.00389	0.00657	0.00652	0.00874	0.01051	0.01960	0.01112	0.25260	0.06572	0.56549	0.00478	0.00501	0.00234	0.00244
42	0.16526	0.06141	0.03693	0.01106	0.01368	0.51652	0.00882	0.04217	0.01208	0.01407	0.00730	0.00871	0.00605	0.00509	0.00495	0.00135	0.07329	0.00311	0.00256	0.00561
43	0.00683	0.00509	0.00754	0.00754	0.00835	0.00590	0.00580	0.00844	0.00764	0.01099	0.01293	0.01949	0.01226	0.08136	0.76799	0.00751	0.01234	0.00523	0.00258	0.00419
44	0.05694	0.00494	0.00567	0.00585	0.00702	0.00455	0.00428	0.00792	0.01102	0.01508	0.25978	0.26041	0.30220	0.01179	0.00563	0.00168	0.00258	0.02388	0.00459	0.00421
45	0.01278	0.83490	0.02505	0.00818	0.01227	0.01891	0.00818	0.01431	0.00971	0.01125	0.00664	0.00767	0.00613	0.00409	0.00307	0.00102	0.00511	0.00256	0.00204	0.00613
46	0.01050	0.01060	0.01542	0.01298	0.01326	0.01449	0.05473	0.01172	0.00755	0.01172	0.00647	0.01060	0.00633	0.00812	0.01511	0.00206	0.77667	0.00427	0.00211	0.00530
47	0.01302	0.00838	0.01009	0.00774	0.01134	0.00718	0.00625	0.07775	0.04228	0.20929	0.07734	0.01634	0.03607	0.00545	0.00432	0.00112	0.00370	0.02658	0.00411	0.43162
48	0.06764	0.00711	0.00913	0.00785	0.01030	0.00697	0.00630	0.03227	0.05629	0.36006	0.07615	0.03873	0.06142	0.01420	0.20265	0.00304	0.00594	0.02306	0.00462	0.00628
49	0.00582	0.00416	0.00555	0.00666	0.00693	0.00388	0.00444	0.00666	0.00915	0.01220	0.02634	0.82891	0.03161	0.01497	0.00610	0.00194	0.00277	0.01359	0.00444	0.00388
50	0.01039	0.01060	0.01681	0.01370	0.01466	0.01356	0.16303	0.01199	0.00816	0.01224	0.00783	0.04072	0.00759	0.02331	0.01352	0.00204	0.61735	0.00486	0.00226	0.00538
51	0.75133	0.00954	0.00748	0.00661	0.00954	0.03452	0.00541	0.03693	0.00899	0.04982	0.00761	0.00860	0.00581	0.00459	0.00313	0.00146	0.00385	0.00281	0.03662	0.00535
52	0.00582	0.00416	0.00555	0.00666	0.00693	0.00388	0.00444	0.00666	0.00915	0.01220	0.02634	0.82891	0.03161	0.01497	0.00610	0.00194	0.00277	0.01359	0.00444	0.00388
53	0.00830	0.00415	0.00623	0.00623	0.00623	0.00415	0.00415	0.00623	0.00623	0.00830	0.00830	0.01453	0.00830	0.01660	0.01868	0.86094	0.00415	0.00415	0.00208	0.00208
54	0.00683	0.00512	0.00768	0.00768	0.00853	0.00597	0.00597	0.00853	0.00768	0.01110	0.01280	0.01878	0.01195	0.03585	0.81308	0.00768	0.01280	0.00512	0.00256	0.00427
55	0.00636	0.00437	0.00575	0.00661	0.00701	0.00411	0.00448	0.00725	0.00931	0.02832	0.06025	0.67257	0.03035	0.08984	0.00775	0.00217	0.00301	0.04220	0.00436	0.00393
56	0.01189	0.01027	0.01081	0.00973	0.01243	0.01189	0.00757	0.02540	0.79357	0.01999	0.01945	0.01783	0.01459	0.00648	0.00486	0.00162	0.00378	0.00540	0.00486	0.00757
57	0.83271	0.00920	0.00718	0.00637	0.00936	0.01058	0.00525	0.01441	0.00835	0.05216	0.00713	0.00810	0.00544	0.00449	0.00303	0.00148	0.00371	0.00268	0.00307	0.00529
58	0.01122	0.00560	0.00714	0.00655	0.00795	0.00517	0.00470	0.01240	0.01048	0.25216	0.11100	0.19652	0.02159	0.24453	0.01064	0.00245	0.00359	0.00772	0.07358	0.00500
59	0.01189	0.01027	0.01081	0.00973	0.01243	0.01189	0.00757	0.02540	0.79357	0.01999	0.01945	0.01783	0.01459	0.00648	0.00486	0.00162	0.00378	0.00540	0.00486	0.00757
60	0.01189	0.01027	0.01081	0.00973	0.01243	0.01189	0.00757	0.02540	0.79357	0.01999	0.01945	0.01783	0.01459	0.00648	0.00486	0.00162	0.00378	0.00540	0.00486	0.00757
61	0.01066	0.00574	0.00750	0.00669	0.00851	0.00513	0.00518	0.01259	0.01292	0.23517	0.43358	0.09065	0.11169	0.00940	0.00546	0.00155	0.00286	0.02403	0.00528	0.00541
62	0.02144	0.00813	0.01109	0.00850	0.01220	0.00702	0.00702	0.02329	0.01368	0.80552	0.01886	0.01627	0.01183	0.00592	0.00481	0.00148	0.00407	0.00481	0.00592	0.00813
63	0.01960	0.00855	0.01104	0.00874	0.01225	0.00796	0.00713	0.02370	0.16423	0.65388	0.01897	0.01657	0.01236	0.00603	0.00482	0.00151	0.00401	0.00492	0.00571	0.00802
64	0.02144	0.00813	0.01109	0.00850	0.01220	0.00702	0.00702	0.02329	0.01368	0.80552	0.01886	0.01627	0.01183	0.00592	0.00481	0.00148	0.00407	0.00481	0.00592	0.00813
65	0.00857	0.00500	0.00660	0.00684	0.00791	0.00455	0.00494	0.00983	0.01063	0.14389	0.12497	0.51758	0.07722	0.01258	0.00582	0.00180	0.00296	0.03884	0.00478	0.00469
66	0.01817	0.01339	0.01434	0.01100	0.01482	0.01482	0.00908	0.78627	0.02247	0.03012	0.01148	0.01148	0.00813	0.00574	0.00478	0.00143	0.00526	0.00430	0.00478	0.00813
67	0.00683	0.00512	0.00768	0.00768	0.00853	0.00597	0.00597	0.00853	0.00768	0.01110	0.01280	0.01878	0.01195	0.03585	0.81308	0.00768	0.01280	0.00512	0.00256	0.00427
68	0.00624	0.00465	0.00566	0.00590	0.00689	0.00419	0.00428	0.00749	0.01089	0.01427	0.25247	0.25748	0.29984	0.01254	0.00657	0.05252	0.00264	0.03694	0.00453	0.00402
69	0.00787	0.00615	0.00728	0.00744	0.00872	0.00636	0.00562	0.01238	0.21253	0.01540	0.13023	0.25733	0.10885	0.05820	0.00680	0.00196	0.00330	0.13407	0.00456	0.00496
70	0.01678	0.04999	0.01504	0.01312	0.06162	0.49278	0.05518	0.12704	0.05896	0.05126	0.00938	0.01030	0.00732	0.00505	0.00449	0.00132	0.00732	0.00366	0.00306	0.00634

[dist]
# distance from previous block
# <min> <max>
1	2

[block]
# block no. 4 follows, 53 sequences, length 9
# corresponding to MSA columns:
# 608-616
name=unknown_E
#
# <colnr> <probs for GDERKNQSTAVLIFYWHMCP>
#	G	D	E	R	K	N	Q	S	T	A	V	L	I	F	Y	W	H	M	C	P
0	0.01544	0.30716	0.01871	0.01199	0.04420	0.45416	0.05696	0.01701	0.01196	0.01191	0.00733	0.00867	0.00627	0.00455	0.00397	0.00119	0.00724	0.00310	0.00231	0.00588
1	0.01189	0.01027	0.01081	0.00973	0.01243	0.01189	0.00757	0.02540	0.79357	0.01999	0.01945	0.01783	0.01459	0.00648	0.00486	0.00162	0.00378	0.00540	0.00486	0.00757
2	0.00688	0.00490	0.00657	0.00657	0.00703	0.00537	0.00458	0.00782	0.00735	0.01027	0.01382	0.02443	0.01440	0.39580	0.45649	0.00630	0.00911	0.00595	0.00271	0.00365
3	0.01168	0.01145	0.01996	0.02719	0.66615	0.01167	0.09307	0.01451	0.01067	0.01529	0.00887	0.01184	0.00745	0.00453	0.00561	0.00149	0.06457	0.00439	0.00235	0.00729
4	0.00588	0.00484	0.00541	0.00550	0.00687	0.00438	0.00412	0.00715	0.01018	0.01253	0.04027	0.09854	0.59921	0.01667	0.15376	0.00275	0.00435	0.00943	0.00409	0.00407
5	0.00589	0.00449	0.00522	0.00576	0.00653	0.00403	0.00393	0.00677	0.00958	0.01213	0.03380	0.41967	0.33695	0.11267	0.00813	0.00214	0.00286	0.01139	0.00425	0.00382
6	0.01115	0.01035	0.01795	0.36867	0.24602	0.01121	0.14625	0.05317	0.03421	0.04037	0.00965	0.01271	0.00737	0.00464	0.00492	0.00154	0.00626	0.00455	0.00258	0.00644
7	0.01169	0.01202	0.02051	0.12554	0.47685	0.05750	0.19602	0.01477	0.01096	0.01489	0.00900	0.01201	0.00726	0.00431	0.00493	0.00148	0.00650	0.00452	0.00235	0.00690
8	0.07323	0.01194	0.05658	0.12528	0.30460	0.06065	0.03388	0.05564	0.05932	0.03201	0.00941	0.01159	0.00748	0.00486	0.00525	0.00145	0.06091	0.00402	0.00274	0.07919

[dist]
# distance from previous block
# <min> <max>
0	10

# created by:
# /st0/software/busco_prod/Augustus/scripts/msa2prfl.pl ./align_prep/66344.fa
