[name]
unknown

[dist]
# distance from previous block
# <min> <max>
5	790

[block]
# block no. 0 follows, 52 sequences, length 21
# corresponding to MSA columns:
# 1218-1238
name=unknown_A
#
# <colnr> <probs for GDERKNQSTAVLIFYWHMCP>
#	G	D	E	R	K	N	Q	S	T	A	V	L	I	F	Y	W	H	M	C	P
0	0.06225	0.02810	0.17868	0.04736	0.07614	0.01116	0.04470	0.22830	0.03014	0.15922	0.01295	0.07704	0.01013	0.00602	0.00481	0.00153	0.00538	0.00499	0.00388	0.00722
1	0.01137	0.01394	0.17380	0.02321	0.49677	0.01137	0.04817	0.01609	0.10441	0.01617	0.01079	0.03324	0.00883	0.00491	0.00485	0.00150	0.00584	0.00461	0.00269	0.00743
2	0.01152	0.00971	0.01455	0.01471	0.16889	0.00990	0.12618	0.20800	0.03122	0.01911	0.08060	0.17948	0.01780	0.00817	0.00548	0.00166	0.00498	0.07775	0.00394	0.00635
3	0.01325	0.01271	0.02275	0.07995	0.10011	0.01283	0.43316	0.22736	0.01440	0.01946	0.01015	0.01256	0.00756	0.00465	0.00532	0.00156	0.00701	0.00510	0.00309	0.00703
4	0.01201	0.15658	0.02314	0.02339	0.44693	0.01307	0.22564	0.01499	0.01094	0.01497	0.00889	0.01155	0.00733	0.00422	0.00475	0.00142	0.00632	0.00440	0.00236	0.00710
5	0.01345	0.78632	0.02460	0.00831	0.01243	0.01850	0.00823	0.01502	0.01007	0.05584	0.00743	0.00826	0.00654	0.00425	0.00321	0.00106	0.00512	0.00272	0.00229	0.00633
6	0.01066	0.01850	0.37970	0.01743	0.02336	0.01180	0.43620	0.01544	0.01089	0.01544	0.00930	0.01179	0.00680	0.00432	0.00521	0.00159	0.00771	0.00475	0.00227	0.00682
7	0.00590	0.00422	0.00562	0.00675	0.00703	0.00394	0.00450	0.00675	0.00928	0.01237	0.02671	0.82653	0.03205	0.01518	0.00619	0.00197	0.00281	0.01378	0.00450	0.00394
8	0.01045	0.01091	0.02019	0.28549	0.02464	0.01245	0.31721	0.01343	0.00977	0.01343	0.00848	0.01236	0.00679	0.00552	0.00816	0.00176	0.22602	0.00485	0.00226	0.00582
9	0.01542	0.00704	0.00934	0.00768	0.01035	0.00633	0.00614	0.01798	0.04807	0.45784	0.32739	0.02437	0.02549	0.00757	0.00521	0.00152	0.00338	0.00644	0.00569	0.00677
10	0.00915	0.00861	0.01453	0.81804	0.03338	0.01077	0.01346	0.01238	0.00969	0.01238	0.00861	0.01292	0.00646	0.00484	0.00484	0.00161	0.00646	0.00431	0.00215	0.00538
11	0.00590	0.00422	0.00562	0.00675	0.00703	0.00394	0.00450	0.00675	0.00928	0.01237	0.02671	0.82653	0.03205	0.01518	0.00619	0.00197	0.00281	0.01378	0.00450	0.00394
12	0.86392	0.00937	0.00712	0.00637	0.00937	0.01087	0.00525	0.01425	0.00825	0.02174	0.00675	0.00787	0.00525	0.00450	0.00300	0.00150	0.00375	0.00262	0.00300	0.00525
13	0.00624	0.00436	0.00552	0.00631	0.00651	0.00416	0.00403	0.00684	0.00862	0.01149	0.02331	0.59052	0.02777	0.25704	0.01167	0.00278	0.00337	0.01178	0.00403	0.00364
14	0.00642	0.00443	0.00547	0.00609	0.00624	0.00428	0.00379	0.00688	0.00827	0.01102	0.02153	0.46691	0.02552	0.38371	0.01455	0.00320	0.00367	0.01073	0.00379	0.00348
15	0.00597	0.00424	0.00560	0.00667	0.00693	0.00398	0.00441	0.00676	0.00916	0.01221	0.02609	0.78360	0.03127	0.05918	0.00718	0.00212	0.00291	0.01341	0.00441	0.00388
16	0.01354	0.24604	0.31399	0.01183	0.01653	0.29298	0.01228	0.01652	0.01135	0.01304	0.00774	0.00903	0.00620	0.00461	0.00411	0.00130	0.00717	0.00315	0.00221	0.00636
17	0.01556	0.30409	0.01785	0.01081	0.01384	0.37412	0.00899	0.08596	0.04395	0.01370	0.00801	0.00917	0.00677	0.00508	0.00480	0.00127	0.06404	0.00322	0.00263	0.00612
18	0.01529	0.17886	0.01529	0.01032	0.01369	0.39176	0.00832	0.09386	0.01304	0.01454	0.00801	0.00914	0.00665	0.00459	0.00399	0.00111	0.00653	0.00309	0.00273	0.19918
19	0.15820	0.01192	0.01412	0.01126	0.01435	0.08939	0.14885	0.16649	0.11175	0.01974	0.01094	0.01227	0.00842	0.00536	0.00529	0.00148	0.06786	0.00426	0.08758	0.05047
20	0.01404	0.01378	0.01381	0.27949	0.02056	0.22422	0.01041	0.20409	0.04496	0.01724	0.00952	0.01155	0.00731	0.00535	0.00523	0.00146	0.04994	0.00399	0.01984	0.04322

[dist]
# distance from previous block
# <min> <max>
10	68

[block]
# block no. 1 follows, 52 sequences, length 7
# corresponding to MSA columns:
# 1314-1320
name=unknown_B
#
# <colnr> <probs for GDERKNQSTAVLIFYWHMCP>
#	G	D	E	R	K	N	Q	S	T	A	V	L	I	F	Y	W	H	M	C	P
0	0.01749	0.15282	0.01639	0.01066	0.01459	0.01573	0.00905	0.65260	0.02058	0.02729	0.01080	0.01098	0.00790	0.00553	0.00455	0.00138	0.00531	0.00406	0.00438	0.00790
1	0.01531	0.07016	0.26602	0.01181	0.01675	0.01410	0.01191	0.48985	0.01796	0.02448	0.01039	0.01094	0.00744	0.00532	0.00466	0.00145	0.00590	0.00400	0.00378	0.00777
2	0.01649	0.01110	0.01840	0.01368	0.01755	0.01099	0.28867	0.14882	0.01395	0.31854	0.01338	0.01392	0.00919	0.00549	0.00612	0.00159	0.07551	0.00504	0.00419	0.00737
3	0.01530	0.32934	0.01797	0.01038	0.01354	0.30229	0.00874	0.14646	0.01332	0.01488	0.00881	0.04912	0.00785	0.00545	0.00451	0.00127	0.03806	0.00370	0.00282	0.00620
4	0.00893	0.00677	0.00787	0.00730	0.00911	0.00675	0.00582	0.14112	0.05111	0.01886	0.29934	0.03702	0.23319	0.01026	0.00570	0.00167	0.00329	0.13583	0.00487	0.00520
5	0.01842	0.01357	0.01454	0.01115	0.01503	0.01503	0.00921	0.78330	0.02278	0.03054	0.01163	0.01163	0.00824	0.00582	0.00485	0.00145	0.00533	0.00436	0.00485	0.00824
6	0.00989	0.00880	0.01209	0.26602	0.06936	0.00815	0.00878	0.01243	0.01000	0.01471	0.00865	0.01109	0.00698	0.00403	0.00407	0.00105	0.00464	0.00342	0.00261	0.53322

[dist]
# distance from previous block
# <min> <max>
8	20

[block]
# block no. 2 follows, 52 sequences, length 7
# corresponding to MSA columns:
# 1347-1353
name=unknown_C
#
# <colnr> <probs for GDERKNQSTAVLIFYWHMCP>
#	G	D	E	R	K	N	Q	S	T	A	V	L	I	F	Y	W	H	M	C	P
0	0.01353	0.00896	0.01029	0.00876	0.01103	0.00945	0.00674	0.35441	0.01543	0.11199	0.01684	0.21784	0.01613	0.12992	0.04361	0.00234	0.00481	0.00719	0.00452	0.00622
1	0.14561	0.00802	0.00800	0.00693	0.00922	0.00830	0.00539	0.22543	0.01342	0.01892	0.02795	0.02895	0.36008	0.10438	0.00725	0.00192	0.00373	0.00701	0.00418	0.00530
2	0.78469	0.00927	0.00751	0.00658	0.00965	0.01052	0.00542	0.01513	0.00878	0.09523	0.00791	0.00868	0.00588	0.00464	0.00318	0.00150	0.00378	0.00284	0.00328	0.00553
3	0.01842	0.01357	0.01454	0.01115	0.01503	0.01503	0.00921	0.78330	0.02278	0.03054	0.01163	0.01163	0.00824	0.00582	0.00485	0.00145	0.00533	0.00436	0.00485	0.00824
4	0.00950	0.00951	0.01898	0.01494	0.01802	0.00901	0.43685	0.01253	0.01100	0.01471	0.01704	0.16157	0.01719	0.00853	0.00607	0.00186	0.00624	0.21760	0.00335	0.00552
5	0.00648	0.00463	0.00628	0.00741	0.00794	0.00443	0.00550	0.00774	0.00985	0.01302	0.02639	0.59280	0.03079	0.01464	0.00634	0.00205	0.00331	0.24181	0.00449	0.00410
6	0.01842	0.01357	0.01454	0.01115	0.01503	0.01503	0.00921	0.78330	0.02278	0.03054	0.01163	0.01163	0.00824	0.00582	0.00485	0.00145	0.00533	0.00436	0.00485	0.00824

[dist]
# distance from previous block
# <min> <max>
6	13

[block]
# block no. 3 follows, 52 sequences, length 7
# corresponding to MSA columns:
# 1367-1373
name=unknown_D
#
# <colnr> <probs for GDERKNQSTAVLIFYWHMCP>
#	G	D	E	R	K	N	Q	S	T	A	V	L	I	F	Y	W	H	M	C	P
0	0.01377	0.00676	0.00899	0.00802	0.01013	0.00640	0.00618	0.06969	0.01201	0.35436	0.02044	0.30633	0.01892	0.01351	0.11784	0.00254	0.00498	0.00807	0.00490	0.00616
1	0.01842	0.01357	0.01454	0.01115	0.01503	0.01503	0.00921	0.78330	0.02278	0.03054	0.01163	0.01163	0.00824	0.00582	0.00485	0.00145	0.00533	0.00436	0.00485	0.00824
2	0.01130	0.00825	0.00947	0.00865	0.01048	0.00872	0.00653	0.34161	0.01510	0.02021	0.02021	0.47514	0.02178	0.01114	0.00561	0.00175	0.00390	0.00972	0.00465	0.00579
3	0.01597	0.01175	0.01123	0.00918	0.01206	0.11947	0.00735	0.38524	0.01707	0.09648	0.01298	0.01355	0.00953	0.00567	0.00436	0.00134	0.00479	0.00429	0.25088	0.00681
4	0.34702	0.01011	0.00999	0.00782	0.01151	0.01026	0.00639	0.19904	0.01241	0.02168	0.00861	0.00958	0.00668	0.00448	0.00366	0.00120	0.00407	0.00313	0.00340	0.31896
5	0.00945	0.00823	0.01314	0.01828	0.40167	0.00810	0.01010	0.01190	0.01167	0.01640	0.23990	0.09512	0.02334	0.00803	0.00542	0.00161	0.00434	0.10357	0.00369	0.00605
6	0.09726	0.00845	0.00910	0.00808	0.00996	0.00914	0.00607	0.26573	0.06887	0.01918	0.01615	0.17725	0.01627	0.22573	0.01024	0.00246	0.00437	0.03609	0.00408	0.00551

[dist]
# distance from previous block
# <min> <max>
0	1

[block]
# block no. 4 follows, 52 sequences, length 6
# corresponding to MSA columns:
# 1375-1380
name=unknown_E
#
# <colnr> <probs for GDERKNQSTAVLIFYWHMCP>
#	G	D	E	R	K	N	Q	S	T	A	V	L	I	F	Y	W	H	M	C	P
0	0.01278	0.01041	0.01617	0.20949	0.39434	0.01105	0.01249	0.05234	0.10639	0.10896	0.01158	0.01347	0.00879	0.00498	0.00484	0.00151	0.00548	0.00452	0.00319	0.00723
1	0.01057	0.00706	0.00920	0.00864	0.00987	0.00798	0.00706	0.01312	0.06091	0.11561	0.05090	0.09211	0.01789	0.00927	0.00776	0.00180	0.19582	0.19123	0.17787	0.00532
2	0.35713	0.01152	0.01028	0.00853	0.01161	0.07318	0.00692	0.32160	0.01471	0.02405	0.00986	0.01068	0.00739	0.00520	0.00389	0.00142	0.00458	0.00359	0.10747	0.00638
3	0.06302	0.00487	0.00540	0.00556	0.00663	0.00477	0.00406	0.00963	0.01061	0.01686	0.18457	0.23070	0.06564	0.00927	0.00470	0.00148	0.00251	0.00797	0.35733	0.00440
4	0.01492	0.01068	0.01166	0.00971	0.01286	0.01168	0.00777	0.26427	0.37729	0.13197	0.01939	0.01807	0.07418	0.00670	0.00496	0.00156	0.00424	0.00542	0.00502	0.00765
5	0.07458	0.18574	0.01180	0.00824	0.01047	0.01010	0.00698	0.01430	0.18876	0.01535	0.02074	0.12010	0.07978	0.00927	0.00510	0.00171	0.00407	0.22340	0.00395	0.00555

[dist]
# distance from previous block
# <min> <max>
2	11

[block]
# block no. 5 follows, 52 sequences, length 22
# corresponding to MSA columns:
# 1392-1413
name=unknown_F
#
# <colnr> <probs for GDERKNQSTAVLIFYWHMCP>
#	G	D	E	R	K	N	Q	S	T	A	V	L	I	F	Y	W	H	M	C	P
0	0.02735	0.00677	0.04906	0.00726	0.00877	0.00578	0.00557	0.03413	0.04181	0.05185	0.04160	0.37167	0.04521	0.15939	0.00897	0.00225	0.00370	0.03919	0.00402	0.08565
1	0.01273	0.00849	0.01144	0.00856	0.01242	0.00687	0.06806	0.01485	0.01105	0.21325	0.01296	0.08468	0.01062	0.00527	0.00431	0.00110	0.00402	0.00457	0.00377	0.50097
2	0.15685	0.00722	0.00774	0.00699	0.00859	0.00760	0.00510	0.13035	0.03416	0.06080	0.12913	0.11693	0.01944	0.27553	0.01127	0.00260	0.00400	0.00674	0.00400	0.00494
3	0.01199	0.01151	0.01967	0.02974	0.79946	0.01151	0.01487	0.01487	0.01103	0.01583	0.00912	0.01199	0.00768	0.00432	0.00480	0.00144	0.00576	0.00432	0.00240	0.00768
4	0.04483	0.01202	0.01273	0.01024	0.01371	0.04513	0.00833	0.41305	0.18273	0.14398	0.01447	0.01461	0.01052	0.00608	0.00481	0.00150	0.00486	0.02492	0.00483	0.02665
5	0.00915	0.00861	0.01453	0.81804	0.03338	0.01077	0.01346	0.01238	0.00969	0.01238	0.00861	0.01292	0.00646	0.00484	0.00484	0.00161	0.00646	0.00431	0.00215	0.00538
6	0.01143	0.01094	0.01866	0.18528	0.64831	0.01137	0.01459	0.01438	0.01077	0.01515	0.00902	0.01218	0.00744	0.00442	0.00481	0.00147	0.00590	0.00432	0.00235	0.00722
7	0.26965	0.01133	0.01034	0.00886	0.01185	0.08703	0.00706	0.15903	0.22504	0.06071	0.04555	0.01429	0.03543	0.00587	0.00430	0.00149	0.00445	0.00438	0.00411	0.02924
8	0.10002	0.01004	0.00979	0.00838	0.01110	0.11633	0.00656	0.01765	0.17180	0.17277	0.20634	0.01899	0.01884	0.00651	0.00468	0.00141	0.00414	0.00526	0.00448	0.10491
9	0.01364	0.00688	0.00883	0.00745	0.00989	0.00634	0.00589	0.01676	0.08753	0.35436	0.33376	0.02683	0.08490	0.00809	0.00528	0.00153	0.00323	0.00690	0.00552	0.00640
10	0.00915	0.00861	0.01453	0.81804	0.03338	0.01077	0.01346	0.01238	0.00969	0.01238	0.00861	0.01292	0.00646	0.00484	0.00484	0.00161	0.00646	0.00431	0.00215	0.00538
11	0.00915	0.00861	0.01453	0.81804	0.03338	0.01077	0.01346	0.01238	0.00969	0.01238	0.00861	0.01292	0.00646	0.00484	0.00484	0.00161	0.00646	0.00431	0.00215	0.00538
12	0.01842	0.01357	0.01454	0.01115	0.01503	0.01503	0.00921	0.78330	0.02278	0.03054	0.01163	0.01163	0.00824	0.00582	0.00485	0.00145	0.00533	0.00436	0.00485	0.00824
13	0.01735	0.01039	0.01214	0.01133	0.08733	0.06990	0.00821	0.02317	0.26954	0.41050	0.01749	0.01600	0.01207	0.00595	0.00485	0.00152	0.00453	0.00489	0.00504	0.00780
14	0.00937	0.00904	0.01587	0.74236	0.03261	0.01091	0.08637	0.01268	0.00986	0.01268	0.00873	0.01293	0.00654	0.00477	0.00493	0.00162	0.00662	0.00444	0.00218	0.00549
15	0.15995	0.01203	0.01408	0.01086	0.01463	0.01295	0.08154	0.45788	0.04450	0.12631	0.01188	0.01198	0.00836	0.00548	0.00463	0.00149	0.00513	0.00430	0.00446	0.00756
16	0.30889	0.00936	0.01301	0.01036	0.01355	0.00954	0.18334	0.04214	0.03381	0.16410	0.05513	0.09151	0.01267	0.00633	0.00463	0.00160	0.00474	0.02535	0.00386	0.00609
17	0.01231	0.01218	0.02514	0.01802	0.02275	0.01120	0.63271	0.01600	0.01154	0.09229	0.01060	0.01312	0.00779	0.00422	0.00543	0.00153	0.00734	0.00537	0.00284	0.08762
18	0.09121	0.00711	0.00929	0.00829	0.01026	0.00698	0.08153	0.09835	0.01182	0.05750	0.05270	0.28898	0.20430	0.01057	0.00551	0.00172	0.00375	0.04070	0.00430	0.00512
19	0.17292	0.01223	0.01388	0.02961	0.19180	0.11192	0.03790	0.14520	0.03387	0.13811	0.01067	0.01154	0.00792	0.00496	0.00440	0.00141	0.00536	0.00394	0.00357	0.05879
20	0.38392	0.01161	0.01035	0.00866	0.01179	0.09577	0.00699	0.23695	0.01382	0.11069	0.02928	0.04101	0.00894	0.00562	0.00407	0.00148	0.00471	0.00399	0.00393	0.00642
21	0.10605	0.01185	0.01133	0.00898	0.01256	0.13021	0.00717	0.19703	0.01384	0.11063	0.01085	0.04098	0.00856	0.00513	0.00419	0.00119	0.00483	0.00387	0.00372	0.30702

[dist]
# distance from previous block
# <min> <max>
12	30

[block]
# block no. 6 follows, 52 sequences, length 72
# corresponding to MSA columns:
# 1446-1517
name=unknown_G
#
# <colnr> <probs for GDERKNQSTAVLIFYWHMCP>
#	G	D	E	R	K	N	Q	S	T	A	V	L	I	F	Y	W	H	M	C	P
0	0.01005	0.00813	0.01421	0.01106	0.01374	0.00763	0.25418	0.01268	0.01243	0.10857	0.32716	0.02695	0.12721	0.00785	0.00598	0.00159	0.03334	0.00737	0.00426	0.00559
1	0.01146	0.01302	0.02827	0.02076	0.05312	0.01223	0.75433	0.01550	0.01142	0.01553	0.00978	0.01303	0.00736	0.00409	0.00569	0.00163	0.00808	0.00567	0.00245	0.00658
2	0.00590	0.00422	0.00562	0.00675	0.00703	0.00394	0.00450	0.00675	0.00928	0.01237	0.02671	0.82653	0.03205	0.01518	0.00619	0.00197	0.00281	0.01378	0.00450	0.00394
3	0.01642	0.00910	0.01113	0.00925	0.02874	0.00876	0.00725	0.02232	0.27350	0.39829	0.01743	0.01590	0.01207	0.00577	0.00469	0.00142	0.00398	0.00474	0.00507	0.14416
4	0.00590	0.00422	0.00562	0.00675	0.00703	0.00394	0.00450	0.00675	0.00928	0.01237	0.02671	0.82653	0.03205	0.01518	0.00619	0.00197	0.00281	0.01378	0.00450	0.00394
5	0.01199	0.01151	0.01967	0.02974	0.79946	0.01151	0.01487	0.01487	0.01103	0.01583	0.00912	0.01199	0.00768	0.00432	0.00480	0.00144	0.00576	0.00432	0.00240	0.00768
6	0.01005	0.00861	0.01005	0.00718	0.01148	0.00646	0.00574	0.01220	0.01005	0.01579	0.00861	0.01005	0.00718	0.00359	0.00359	0.00072	0.00359	0.00287	0.00287	0.85932
7	0.00590	0.00422	0.00562	0.00675	0.00703	0.00394	0.00450	0.00675	0.00928	0.01237	0.02671	0.82653	0.03205	0.01518	0.00619	0.00197	0.00281	0.01378	0.00450	0.00394
8	0.00705	0.00470	0.00529	0.00529	0.00529	0.00470	0.00294	0.00705	0.00705	0.00940	0.01527	0.03171	0.01762	0.82969	0.02467	0.00470	0.00470	0.00705	0.00294	0.00294
9	0.00705	0.00470	0.00529	0.00529	0.00529	0.00470	0.00294	0.00705	0.00705	0.00940	0.01527	0.03171	0.01762	0.82969	0.02467	0.00470	0.00470	0.00705	0.00294	0.00294
10	0.00972	0.02507	0.80458	0.01381	0.02097	0.01125	0.01790	0.01535	0.01023	0.01535	0.00870	0.01023	0.00614	0.00460	0.00460	0.00153	0.00716	0.00358	0.00205	0.00716
11	0.00686	0.00495	0.00648	0.00610	0.00724	0.00457	0.00457	0.00914	0.01372	0.01943	0.79691	0.03620	0.04572	0.00991	0.00572	0.00152	0.00229	0.00876	0.00533	0.00457
12	0.01005	0.00861	0.01005	0.00718	0.01148	0.00646	0.00574	0.01220	0.01005	0.01579	0.00861	0.01005	0.00718	0.00359	0.00359	0.00072	0.00359	0.00287	0.00287	0.85932
13	0.00826	0.00677	0.00827	0.00828	0.00928	0.00755	0.00611	0.01287	0.23012	0.01504	0.07896	0.44479	0.02518	0.01158	0.00693	0.00186	0.09860	0.00995	0.00440	0.00520
14	0.01120	0.01234	0.02500	0.01819	0.02228	0.01221	0.60086	0.01466	0.01070	0.01494	0.00917	0.01245	0.00718	0.00473	0.00714	0.00164	0.13468	0.00527	0.00243	0.07292
15	0.00972	0.02507	0.80458	0.01381	0.02097	0.01125	0.01790	0.01535	0.01023	0.01535	0.00870	0.01023	0.00614	0.00460	0.00460	0.00153	0.00716	0.00358	0.00205	0.00716
16	0.01152	0.00890	0.01155	0.00832	0.01261	0.00696	0.06294	0.01378	0.01060	0.10769	0.00993	0.01102	0.00775	0.00391	0.00390	0.00088	0.00399	0.00331	0.00321	0.69724
17	0.01352	0.64688	0.08084	0.00935	0.01346	0.14209	0.00917	0.01533	0.01048	0.01176	0.00700	0.00810	0.00622	0.00431	0.00342	0.00111	0.00588	0.00275	0.00214	0.00619
18	0.01005	0.00861	0.01005	0.00718	0.01148	0.00646	0.00574	0.01220	0.01005	0.01579	0.00861	0.01005	0.00718	0.00359	0.00359	0.00072	0.00359	0.00287	0.00287	0.85932
19	0.00807	0.00662	0.00787	0.00676	0.00932	0.00528	0.00506	0.00965	0.00989	0.01426	0.01978	0.30496	0.10834	0.00873	0.00476	0.00127	0.00318	0.00761	0.00364	0.45495
20	0.00701	0.00485	0.00608	0.00608	0.00635	0.00513	0.00393	0.00756	0.00728	0.00998	0.01454	0.02769	0.01587	0.57795	0.27402	0.00568	0.00733	0.00646	0.00283	0.00338
21	0.00669	0.00497	0.00598	0.00574	0.00708	0.00443	0.00430	0.00855	0.01263	0.03104	0.49204	0.06523	0.31194	0.01085	0.00572	0.00158	0.00240	0.00938	0.00502	0.00445
22	0.86392	0.00937	0.00712	0.00637	0.00937	0.01087	0.00525	0.01425	0.00825	0.02174	0.00675	0.00787	0.00525	0.00450	0.00300	0.00150	0.00375	0.00262	0.00300	0.00525
23	0.00915	0.00861	0.01453	0.81804	0.03338	0.01077	0.01346	0.01238	0.00969	0.01238	0.00861	0.01292	0.00646	0.00484	0.00484	0.00161	0.00646	0.00431	0.00215	0.00538
24	0.01110	0.01209	0.02310	0.01735	0.02029	0.01329	0.47392	0.01398	0.00983	0.01398	0.00843	0.01209	0.00696	0.00584	0.00979	0.00183	0.33263	0.00513	0.00232	0.00604
25	0.00842	0.00421	0.00631	0.00631	0.00631	0.00421	0.00421	0.00631	0.00631	0.00842	0.00842	0.01473	0.00842	0.01684	0.01894	0.85901	0.00421	0.00421	0.00210	0.00210
26	0.00590	0.00422	0.00562	0.00675	0.00703	0.00394	0.00450	0.00675	0.00928	0.01237	0.02671	0.82653	0.03205	0.01518	0.00619	0.00197	0.00281	0.01378	0.00450	0.00394
27	0.00672	0.00489	0.00635	0.00633	0.00737	0.00452	0.00474	0.00872	0.01271	0.01763	0.57995	0.15457	0.08954	0.01109	0.00586	0.00165	0.00253	0.06531	0.00510	0.00444
28	0.00989	0.01000	0.01883	0.56512	0.04553	0.01122	0.24271	0.01337	0.01024	0.01338	0.00898	0.01295	0.00675	0.00461	0.00510	0.00162	0.00696	0.00473	0.00225	0.00577
29	0.01047	0.08082	0.51504	0.01539	0.02165	0.01214	0.24587	0.01534	0.01056	0.01511	0.00888	0.01090	0.00651	0.00442	0.00483	0.00153	0.00732	0.00415	0.00217	0.00691
30	0.00587	0.00435	0.00549	0.00640	0.00694	0.00397	0.00434	0.00679	0.00961	0.01251	0.03097	0.67812	0.17771	0.01463	0.00610	0.00190	0.00274	0.01310	0.00450	0.00397
31	0.01938	0.01204	0.01359	0.01042	0.01426	0.01274	0.00861	0.56388	0.02021	0.25360	0.01380	0.01304	0.00933	0.00587	0.00486	0.00147	0.00498	0.00451	0.00518	0.00824
32	0.01674	0.02023	0.01311	0.01189	0.01444	0.62987	0.00898	0.02080	0.18930	0.01376	0.01025	0.01085	0.00817	0.00535	0.00450	0.00134	0.00763	0.00365	0.00305	0.00608
33	0.01252	0.00659	0.00782	0.00670	0.00925	0.00580	0.00531	0.01479	0.06106	0.32885	0.03528	0.03281	0.43480	0.00941	0.00534	0.00158	0.00321	0.00779	0.00513	0.00597
34	0.00592	0.00455	0.00543	0.00599	0.00686	0.00405	0.00419	0.00704	0.01036	0.01329	0.10535	0.45688	0.32550	0.01359	0.00597	0.00180	0.00263	0.01197	0.00458	0.00405
35	0.01064	0.01026	0.01460	0.01210	0.01471	0.06832	0.22554	0.04857	0.23288	0.01624	0.01790	0.27224	0.01726	0.00845	0.00551	0.00171	0.00516	0.00796	0.00391	0.00604
36	0.40965	0.01032	0.01114	0.00919	0.01241	0.01129	0.06386	0.23167	0.01328	0.07190	0.01134	0.01532	0.00932	0.00597	0.00427	0.00158	0.00463	0.09274	0.00384	0.00628
37	0.01276	0.01189	0.01128	0.01017	0.01288	0.10528	0.00787	0.02500	0.69996	0.01929	0.01830	0.01699	0.01379	0.00639	0.00487	0.00160	0.00441	0.00520	0.00465	0.00743
38	0.01107	0.36271	0.47879	0.01150	0.01740	0.01457	0.01389	0.01500	0.01007	0.01370	0.00788	0.00920	0.00617	0.00441	0.00398	0.00133	0.00633	0.00317	0.00206	0.00677
39	0.01386	0.01079	0.01142	0.00967	0.01261	0.01218	0.00769	0.28092	0.43916	0.02350	0.01652	0.01589	0.01229	0.00621	0.00472	0.00152	0.00416	0.00499	0.10438	0.00750
40	0.00988	0.00906	0.01358	0.32665	0.05458	0.00879	0.06619	0.01263	0.01005	0.01444	0.00872	0.01148	0.00693	0.00415	0.00429	0.00117	0.00514	0.00370	0.00254	0.42604
41	0.59196	0.00797	0.00692	0.00629	0.00870	0.00887	0.00503	0.01263	0.00998	0.02101	0.25748	0.01686	0.01809	0.00621	0.00386	0.00151	0.00328	0.00457	0.00374	0.00503
42	0.00664	0.00495	0.00618	0.00587	0.00711	0.00448	0.00440	0.00873	0.01321	0.01822	0.65415	0.03819	0.18924	0.01036	0.00572	0.00155	0.00232	0.00904	0.00518	0.00448
43	0.00590	0.00422	0.00562	0.00675	0.00703	0.00394	0.00450	0.00675	0.00928	0.01237	0.02671	0.82653	0.03205	0.01518	0.00619	0.00197	0.00281	0.01378	0.00450	0.00394
44	0.00581	0.00466	0.00519	0.00559	0.00673	0.00405	0.00399	0.00692	0.01047	0.01296	0.05584	0.32404	0.51024	0.01326	0.00589	0.00175	0.00258	0.01146	0.00452	0.00405
45	0.01770	0.01987	0.01504	0.01272	0.01575	0.54358	0.06610	0.21891	0.01593	0.01702	0.00874	0.00981	0.00685	0.00514	0.00459	0.00133	0.00781	0.00364	0.00311	0.00637
46	0.86392	0.00937	0.00712	0.00637	0.00937	0.01087	0.00525	0.01425	0.00825	0.02174	0.00675	0.00787	0.00525	0.00450	0.00300	0.00150	0.00375	0.00262	0.00300	0.00525
47	0.01551	0.01828	0.01845	0.01482	0.01810	0.43939	0.25446	0.07423	0.04229	0.01470	0.00894	0.01074	0.00706	0.00495	0.00528	0.00143	0.03829	0.00417	0.00273	0.00617
48	0.00839	0.00686	0.00828	0.00701	0.00971	0.00545	0.00525	0.01002	0.00974	0.01443	0.01584	0.33604	0.01711	0.00822	0.00463	0.00122	0.00328	0.00723	0.00352	0.51779
49	0.86392	0.00937	0.00712	0.00637	0.00937	0.01087	0.00525	0.01425	0.00825	0.02174	0.00675	0.00787	0.00525	0.00450	0.00300	0.00150	0.00375	0.00262	0.00300	0.00525
50	0.01205	0.01041	0.01096	0.00986	0.01260	0.01205	0.00767	0.02575	0.79071	0.02027	0.01972	0.01808	0.01479	0.00657	0.00493	0.00164	0.00384	0.00548	0.00493	0.00767
51	0.86392	0.00937	0.00712	0.00637	0.00937	0.01087	0.00525	0.01425	0.00825	0.02174	0.00675	0.00787	0.00525	0.00450	0.00300	0.00150	0.00375	0.00262	0.00300	0.00525
52	0.01199	0.01151	0.01967	0.02974	0.79946	0.01151	0.01487	0.01487	0.01103	0.01583	0.00912	0.01199	0.00768	0.00432	0.00480	0.00144	0.00576	0.00432	0.00240	0.00768
53	0.01205	0.01041	0.01096	0.00986	0.01260	0.01205	0.00767	0.02575	0.79071	0.02027	0.01972	0.01808	0.01479	0.00657	0.00493	0.00164	0.00384	0.00548	0.00493	0.00767
54	0.02008	0.00790	0.01074	0.00850	0.01190	0.00690	0.00700	0.02190	0.01338	0.71053	0.01944	0.01998	0.01342	0.04157	0.00585	0.00169	0.00417	0.06157	0.00575	0.00774
55	0.00662	0.00454	0.00549	0.00587	0.00606	0.00441	0.00362	0.00709	0.00834	0.01121	0.07684	0.31861	0.02489	0.47578	0.01661	0.00348	0.00384	0.00960	0.00368	0.00342
56	0.00702	0.00459	0.00528	0.00576	0.00670	0.00429	0.00420	0.00853	0.01020	0.01464	0.04312	0.31558	0.20437	0.01124	0.00522	0.00164	0.00267	0.06585	0.27490	0.00421
57	0.00590	0.00422	0.00562	0.00675	0.00703	0.00394	0.00450	0.00675	0.00928	0.01237	0.02671	0.82653	0.03205	0.01518	0.00619	0.00197	0.00281	0.01378	0.00450	0.00394
58	0.01144	0.01307	0.02859	0.02042	0.02533	0.01225	0.78186	0.01552	0.01144	0.01552	0.00980	0.01307	0.00735	0.00408	0.00572	0.00163	0.00817	0.00572	0.00245	0.00654
59	0.00613	0.00438	0.00588	0.00700	0.00738	0.00413	0.00489	0.00713	0.00950	0.01262	0.02659	0.73638	0.03157	0.01497	0.00624	0.00200	0.00300	0.10173	0.00449	0.00400
60	0.00686	0.00495	0.00648	0.00610	0.00724	0.00457	0.00457	0.00914	0.01372	0.01943	0.79691	0.03620	0.04572	0.00991	0.00572	0.00152	0.00229	0.00876	0.00533	0.00457
61	0.01003	0.10168	0.73066	0.01329	0.02016	0.01201	0.01699	0.01527	0.01019	0.01497	0.00851	0.01000	0.00615	0.00456	0.00446	0.00149	0.00697	0.00349	0.00205	0.00707
62	0.00719	0.00559	0.00831	0.00815	0.00895	0.00670	0.00639	0.00887	0.00776	0.01128	0.01249	0.01842	0.01169	0.03430	0.75209	0.00737	0.07235	0.00512	0.00256	0.00440
63	0.01842	0.01357	0.01454	0.01115	0.01503	0.01503	0.00921	0.78330	0.02278	0.03054	0.01163	0.01163	0.00824	0.00582	0.00485	0.00145	0.00533	0.00436	0.00485	0.00824
64	0.00903	0.00452	0.00452	0.00452	0.00565	0.00452	0.00339	0.01129	0.01016	0.01807	0.01581	0.01807	0.01242	0.00565	0.00339	0.00113	0.00226	0.00452	0.85659	0.00452
65	0.00705	0.00470	0.00529	0.00529	0.00529	0.00470	0.00294	0.00705	0.00705	0.00940	0.01527	0.03171	0.01762	0.82969	0.02467	0.00470	0.00470	0.00705	0.00294	0.00294
66	0.86392	0.00937	0.00712	0.00637	0.00937	0.01087	0.00525	0.01425	0.00825	0.02174	0.00675	0.00787	0.00525	0.00450	0.00300	0.00150	0.00375	0.00262	0.00300	0.00525
67	0.00915	0.00861	0.01453	0.81804	0.03338	0.01077	0.01346	0.01238	0.00969	0.01238	0.00861	0.01292	0.00646	0.00484	0.00484	0.00161	0.00646	0.00431	0.00215	0.00538
68	0.00948	0.00895	0.01513	0.72597	0.12285	0.01085	0.01362	0.01267	0.00985	0.01278	0.00867	0.01281	0.00660	0.00478	0.00484	0.00159	0.00638	0.00431	0.00218	0.00565
69	0.01171	0.01198	0.02168	0.10136	0.47874	0.03095	0.24158	0.01494	0.01109	0.01532	0.00923	0.01232	0.00743	0.00432	0.00506	0.00151	0.00661	0.00470	0.00239	0.00707
70	0.01201	0.11165	0.23675	0.02835	0.01525	0.15910	0.01121	0.07100	0.01211	0.03406	0.01373	0.02313	0.01291	0.00735	0.00503	0.00162	0.00620	0.22936	0.00315	0.00603
71	0.02862	0.01115	0.07430	0.01297	0.01645	0.01007	0.25381	0.16400	0.02860	0.09138	0.01573	0.14515	0.01443	0.00760	0.00552	0.00170	0.00569	0.10258	0.00385	0.00640

[dist]
# distance from previous block
# <min> <max>
0	7

[block]
# block no. 7 follows, 52 sequences, length 12
# corresponding to MSA columns:
# 1525-1536
name=unknown_H
#
# <colnr> <probs for GDERKNQSTAVLIFYWHMCP>
#	G	D	E	R	K	N	Q	S	T	A	V	L	I	F	Y	W	H	M	C	P
0	0.01263	0.12521	0.22410	0.05475	0.01903	0.01287	0.19055	0.15032	0.07266	0.05035	0.03393	0.01258	0.00890	0.00501	0.00479	0.00149	0.00625	0.00447	0.00312	0.00699
1	0.01192	0.57298	0.27590	0.01007	0.01518	0.01663	0.01138	0.01478	0.00997	0.01267	0.00737	0.00856	0.00619	0.00429	0.00359	0.00120	0.00582	0.00291	0.00206	0.00652
2	0.01440	0.01231	0.01173	0.00930	0.01273	0.19253	0.00739	0.05763	0.01203	0.15028	0.01014	0.01098	0.00778	0.00484	0.00504	0.00113	0.07031	0.00346	0.00337	0.40261
3	0.01268	0.76470	0.09091	0.00876	0.01316	0.01851	0.00910	0.01458	0.00988	0.01173	0.00690	0.00798	0.00621	0.00418	0.00324	0.00108	0.00535	0.00267	0.00207	0.00630
4	0.71954	0.00918	0.00783	0.00676	0.00989	0.01023	0.00557	0.01585	0.00921	0.15565	0.00887	0.00935	0.00640	0.00476	0.00332	0.00150	0.00381	0.00301	0.00351	0.00576
5	0.00573	0.00491	0.00491	0.00491	0.00655	0.00409	0.00368	0.00695	0.01105	0.01309	0.04909	0.04664	0.79750	0.01227	0.00573	0.00164	0.00245	0.01023	0.00450	0.00409
6	0.00692	0.00519	0.00779	0.00779	0.00865	0.00606	0.00606	0.00865	0.00779	0.01125	0.01298	0.01904	0.01211	0.03634	0.81049	0.00779	0.01298	0.00519	0.00260	0.00433
7	0.01254	0.00843	0.00920	0.00782	0.01006	0.00920	0.00624	0.31293	0.05195	0.02208	0.01397	0.01569	0.01086	0.01009	0.11794	0.00222	0.00505	0.00460	0.36304	0.00609
8	0.01128	0.01258	0.02655	0.01896	0.02380	0.01162	0.69628	0.01516	0.01128	0.01555	0.00967	0.01274	0.00733	0.00403	0.00548	0.00153	0.00766	0.00540	0.00250	0.10057
9	0.00674	0.00483	0.00565	0.00591	0.00710	0.00423	0.00425	0.00794	0.01073	0.05561	0.09708	0.34400	0.40268	0.01287	0.00586	0.00175	0.00267	0.01119	0.00464	0.00429
10	0.12738	0.01746	0.01602	0.01310	0.01636	0.40419	0.17325	0.11334	0.04498	0.01660	0.00890	0.01029	0.00694	0.00490	0.00456	0.00141	0.00734	0.00386	0.00294	0.00617
11	0.00995	0.00612	0.00768	0.00729	0.00885	0.00591	0.00544	0.03533	0.09914	0.15143	0.25448	0.31234	0.05506	0.01070	0.00563	0.00169	0.00306	0.00944	0.00506	0.00541

[dist]
# distance from previous block
# <min> <max>
0	3

[block]
# block no. 8 follows, 52 sequences, length 159
# corresponding to MSA columns:
# 1540-1698
name=unknown_I
#
# <colnr> <probs for GDERKNQSTAVLIFYWHMCP>
#	G	D	E	R	K	N	Q	S	T	A	V	L	I	F	Y	W	H	M	C	P
0	0.08854	0.00933	0.01268	0.01002	0.01284	0.02366	0.07417	0.01684	0.01127	0.31893	0.07315	0.01473	0.01168	0.00621	0.00705	0.00154	0.18064	0.00462	0.00407	0.11803
1	0.01363	0.01400	0.01240	0.01088	0.01240	0.28385	0.00862	0.08494	0.03972	0.01494	0.00945	0.01170	0.00791	0.00646	0.00827	0.00156	0.28982	0.00397	0.15986	0.00562
2	0.01136	0.43527	0.40879	0.01101	0.01664	0.01528	0.01302	0.01492	0.01004	0.01334	0.00770	0.00898	0.00618	0.00437	0.00384	0.00128	0.00616	0.00308	0.00206	0.00668
3	0.00915	0.00861	0.01453	0.81804	0.03338	0.01077	0.01346	0.01238	0.00969	0.01238	0.00861	0.01292	0.00646	0.00484	0.00484	0.00161	0.00646	0.00431	0.00215	0.00538
4	0.00648	0.00475	0.00621	0.00716	0.00791	0.00448	0.00542	0.00782	0.01014	0.01315	0.02971	0.46630	0.14477	0.01418	0.00628	0.00200	0.00328	0.25134	0.00449	0.00413
5	0.00940	0.00886	0.01498	0.74983	0.09967	0.01083	0.01358	0.01260	0.00981	0.01268	0.00866	0.01284	0.00657	0.00480	0.00484	0.00160	0.00640	0.00431	0.00217	0.00558
6	0.28847	0.01177	0.01302	0.01034	0.01385	0.08994	0.10834	0.15590	0.05365	0.19241	0.01148	0.01173	0.00813	0.00517	0.00433	0.00149	0.00519	0.00403	0.00397	0.00677
7	0.00590	0.00422	0.00562	0.00675	0.00703	0.00394	0.00450	0.00675	0.00928	0.01237	0.02671	0.82653	0.03205	0.01518	0.00619	0.00197	0.00281	0.01378	0.00450	0.00394
8	0.02160	0.00847	0.01138	0.00873	0.01248	0.00745	0.00721	0.05505	0.01424	0.77086	0.01881	0.01629	0.01184	0.00599	0.00487	0.00150	0.00417	0.00485	0.00595	0.00825
9	0.05314	0.01270	0.01394	0.04644	0.01537	0.01396	0.00905	0.64929	0.02081	0.09871	0.01197	0.01197	0.00838	0.00574	0.00477	0.00147	0.00521	0.00433	0.00476	0.00799
10	0.01032	0.01018	0.01430	0.01234	0.01241	0.01416	0.01025	0.01143	0.00745	0.01163	0.00687	0.01126	0.00681	0.01064	0.07752	0.00256	0.75818	0.00431	0.00216	0.00523
11	0.00702	0.00515	0.00670	0.00685	0.00805	0.00483	0.00549	0.00915	0.01256	0.01704	0.45445	0.04344	0.13614	0.01132	0.00603	0.00176	0.00300	0.25157	0.00495	0.00448
12	0.00686	0.00495	0.00648	0.00610	0.00724	0.00457	0.00457	0.00914	0.01372	0.01943	0.79691	0.03620	0.04572	0.00991	0.00572	0.00152	0.00229	0.00876	0.00533	0.00457
13	0.47112	0.00885	0.00905	0.00742	0.01077	0.00912	0.00612	0.01862	0.01087	0.38605	0.01252	0.01189	0.00840	0.00520	0.00387	0.00150	0.00392	0.00367	0.00440	0.00665
14	0.00692	0.00519	0.00779	0.00779	0.00865	0.00606	0.00606	0.00865	0.00779	0.01125	0.01298	0.01904	0.01211	0.03634	0.81049	0.00779	0.01298	0.00519	0.00260	0.00433
15	0.01060	0.01060	0.01484	0.01272	0.01272	0.01484	0.01060	0.01166	0.00742	0.01166	0.00636	0.01060	0.00636	0.00848	0.01590	0.00212	0.82082	0.00424	0.00212	0.00530
16	0.00705	0.00470	0.00529	0.00529	0.00529	0.00470	0.00294	0.00705	0.00705	0.00940	0.01527	0.03171	0.01762	0.82969	0.02467	0.00470	0.00470	0.00705	0.00294	0.00294
17	0.00903	0.00452	0.00452	0.00452	0.00565	0.00452	0.00339	0.01129	0.01016	0.01807	0.01581	0.01807	0.01242	0.00565	0.00339	0.00113	0.00226	0.00452	0.85659	0.00452
18	0.01144	0.01307	0.02859	0.02042	0.02533	0.01225	0.78186	0.01552	0.01144	0.01552	0.00980	0.01307	0.00735	0.00408	0.00572	0.00163	0.00817	0.00572	0.00245	0.00654
19	0.02131	0.00894	0.01168	0.00895	0.01272	0.00816	0.00740	0.12284	0.01503	0.70195	0.01814	0.01586	0.01151	0.00597	0.00487	0.00149	0.00428	0.00481	0.00585	0.00825
20	0.01296	0.83261	0.02539	0.00829	0.01244	0.01917	0.00829	0.01451	0.00985	0.01140	0.00674	0.00777	0.00622	0.00415	0.00311	0.00104	0.00518	0.00259	0.00207	0.00622
21	0.01976	0.01563	0.01269	0.01064	0.01382	0.38239	0.00835	0.08733	0.01458	0.36712	0.01305	0.01246	0.00899	0.00551	0.00464	0.00138	0.00638	0.00401	0.00427	0.00702
22	0.01814	0.02185	0.01384	0.01231	0.01499	0.70637	0.00934	0.11913	0.01492	0.01430	0.00803	0.00912	0.00650	0.00510	0.00443	0.00128	0.00829	0.00328	0.00280	0.00596
23	0.01013	0.00755	0.00883	0.00810	0.00997	0.00753	0.00605	0.23609	0.01336	0.01817	0.01991	0.47997	0.02179	0.01091	0.00545	0.00165	0.00366	0.00958	0.00439	0.11693
24	0.01205	0.01041	0.01096	0.00986	0.01260	0.01205	0.00767	0.02575	0.79071	0.02027	0.01972	0.01808	0.01479	0.00657	0.00493	0.00164	0.00384	0.00548	0.00493	0.00767
25	0.00903	0.00452	0.00452	0.00452	0.00565	0.00452	0.00339	0.01129	0.01016	0.01807	0.01581	0.01807	0.01242	0.00565	0.00339	0.00113	0.00226	0.00452	0.85659	0.00452
26	0.00916	0.00829	0.01380	0.01158	0.01370	0.04033	0.25375	0.01168	0.04564	0.04870	0.01986	0.46014	0.02142	0.01042	0.00585	0.00180	0.00487	0.00999	0.00385	0.00520
27	0.00653	0.00494	0.00602	0.00575	0.00704	0.00443	0.00431	0.00850	0.01293	0.01757	0.57674	0.03927	0.26706	0.01060	0.00572	0.00156	0.00234	0.00919	0.00509	0.00443
28	0.01005	0.00861	0.01005	0.00718	0.01148	0.00646	0.00574	0.01220	0.01005	0.01579	0.00861	0.01005	0.00718	0.00359	0.00359	0.00072	0.00359	0.00287	0.00287	0.85932
29	0.01296	0.83261	0.02539	0.00829	0.01244	0.01917	0.00829	0.01451	0.00985	0.01140	0.00674	0.00777	0.00622	0.00415	0.00311	0.00104	0.00518	0.00259	0.00207	0.00622
30	0.00705	0.00470	0.00529	0.00529	0.00529	0.00470	0.00294	0.00705	0.00705	0.00940	0.01527	0.03171	0.01762	0.82969	0.02467	0.00470	0.00470	0.00705	0.00294	0.00294
31	0.00669	0.00495	0.00624	0.00592	0.00714	0.00450	0.00444	0.00882	0.01332	0.01848	0.68449	0.03777	0.15873	0.01026	0.00572	0.00154	0.00231	0.00898	0.00521	0.00450
32	0.01060	0.01060	0.01484	0.01272	0.01272	0.01484	0.01060	0.01166	0.00742	0.01166	0.00636	0.01060	0.00636	0.00848	0.01590	0.00212	0.82082	0.00424	0.00212	0.00530
33	0.01842	0.01357	0.01454	0.01115	0.01503	0.01503	0.00921	0.78330	0.02278	0.03054	0.01163	0.01163	0.00824	0.00582	0.00485	0.00145	0.00533	0.00436	0.00485	0.00824
34	0.00590	0.00422	0.00562	0.00675	0.00703	0.00394	0.00450	0.00675	0.00928	0.01237	0.02671	0.82653	0.03205	0.01518	0.00619	0.00197	0.00281	0.01378	0.00450	0.00394
35	0.02174	0.00825	0.01125	0.00862	0.01237	0.00712	0.00712	0.02362	0.01387	0.80282	0.01912	0.01649	0.01200	0.00600	0.00487	0.00150	0.00412	0.00487	0.00600	0.00825
36	0.02174	0.00825	0.01125	0.00862	0.01237	0.00712	0.00712	0.02362	0.01387	0.80282	0.01912	0.01649	0.01200	0.00600	0.00487	0.00150	0.00412	0.00487	0.00600	0.00825
37	0.01144	0.01307	0.02859	0.02042	0.02533	0.01225	0.78186	0.01552	0.01144	0.01552	0.00980	0.01307	0.00735	0.00408	0.00572	0.00163	0.00817	0.00572	0.00245	0.00654
38	0.00590	0.00422	0.00562	0.00675	0.00703	0.00394	0.00450	0.00675	0.00928	0.01237	0.02671	0.82653	0.03205	0.01518	0.00619	0.00197	0.00281	0.01378	0.00450	0.00394
39	0.00903	0.00452	0.00452	0.00452	0.00565	0.00452	0.00339	0.01129	0.01016	0.01807	0.01581	0.01807	0.01242	0.00565	0.00339	0.00113	0.00226	0.00452	0.85659	0.00452
40	0.01144	0.01307	0.02859	0.02042	0.02533	0.01225	0.78186	0.01552	0.01144	0.01552	0.00980	0.01307	0.00735	0.00408	0.00572	0.00163	0.00817	0.00572	0.00245	0.00654
41	0.02174	0.00825	0.01125	0.00862	0.01237	0.00712	0.00712	0.02362	0.01387	0.80282	0.01912	0.01649	0.01200	0.00600	0.00487	0.00150	0.00412	0.00487	0.00600	0.00825
42	0.01005	0.00861	0.01005	0.00718	0.01148	0.00646	0.00574	0.01220	0.01005	0.01579	0.00861	0.01005	0.00718	0.00359	0.00359	0.00072	0.00359	0.00287	0.00287	0.85932
43	0.01144	0.01307	0.02859	0.02042	0.02533	0.01225	0.78186	0.01552	0.01144	0.01552	0.00980	0.01307	0.00735	0.00408	0.00572	0.00163	0.00817	0.00572	0.00245	0.00654
44	0.00590	0.00422	0.00562	0.00675	0.00703	0.00394	0.00450	0.00675	0.00928	0.01237	0.02671	0.82653	0.03205	0.01518	0.00619	0.00197	0.00281	0.01378	0.00450	0.00394
45	0.01708	0.01024	0.07949	0.00930	0.01291	0.00895	0.00808	0.02307	0.26203	0.45179	0.01827	0.01653	0.01240	0.00605	0.00481	0.00153	0.00422	0.00494	0.04051	0.00781
46	0.02168	0.00835	0.01131	0.00867	0.01242	0.00727	0.00716	0.03820	0.01404	0.78799	0.01897	0.01640	0.01192	0.00599	0.00487	0.00150	0.00415	0.00486	0.00598	0.00825
47	0.00692	0.00519	0.00779	0.00779	0.00865	0.00606	0.00606	0.00865	0.00779	0.01125	0.01298	0.01904	0.01211	0.03634	0.81049	0.00779	0.01298	0.00519	0.00260	0.00433
48	0.01075	0.01109	0.01452	0.47573	0.02489	0.11639	0.01208	0.01308	0.00955	0.01210	0.00780	0.01169	0.00640	0.00594	0.00804	0.00172	0.24652	0.00413	0.00219	0.00539
49	0.01124	0.40471	0.43826	0.01122	0.01696	0.01498	0.01339	0.01495	0.01005	0.01349	0.00778	0.00908	0.00618	0.00439	0.00390	0.00130	0.00623	0.00312	0.00206	0.00672
50	0.00698	0.00498	0.00672	0.00672	0.00722	0.00548	0.00473	0.00797	0.00747	0.01046	0.01395	0.02442	0.01445	0.37354	0.47649	0.00647	0.00946	0.00598	0.00274	0.00374
51	0.00590	0.00422	0.00562	0.00675	0.00703	0.00394	0.00450	0.00675	0.00928	0.01237	0.02671	0.82653	0.03205	0.01518	0.00619	0.00197	0.00281	0.01378	0.00450	0.00394
52	0.00592	0.00423	0.00564	0.00673	0.00703	0.00395	0.00450	0.00680	0.00937	0.01252	0.04315	0.80966	0.03234	0.01507	0.00618	0.00196	0.00280	0.01367	0.00452	0.00395
53	0.30228	0.01392	0.01190	0.00979	0.01312	0.16034	0.00791	0.38412	0.01623	0.02414	0.00923	0.00984	0.00687	0.00522	0.00414	0.00143	0.00543	0.00355	0.00379	0.00675
54	0.00972	0.02507	0.80458	0.01381	0.02097	0.01125	0.01790	0.01535	0.01023	0.01535	0.00870	0.01023	0.00614	0.00460	0.00460	0.00153	0.00716	0.00358	0.00205	0.00716
55	0.01121	0.00999	0.01329	0.01011	0.01339	0.02367	0.08382	0.04505	0.02463	0.04052	0.00886	0.01087	0.00733	0.00501	0.00676	0.00121	0.19183	0.00364	0.00287	0.48594
56	0.01388	0.00991	0.01378	0.01152	0.01262	0.01257	0.00958	0.01518	0.00932	0.24459	0.01012	0.01234	0.00802	0.00775	0.01266	0.00194	0.58037	0.00443	0.00326	0.00617
57	0.00590	0.00422	0.00562	0.00675	0.00703	0.00394	0.00450	0.00675	0.00928	0.01237	0.02671	0.82653	0.03205	0.01518	0.00619	0.00197	0.00281	0.01378	0.00450	0.00394
58	0.01147	0.01298	0.02810	0.02095	0.06865	0.01221	0.73894	0.01549	0.01142	0.01554	0.00977	0.01301	0.00737	0.00410	0.00567	0.00162	0.00803	0.00564	0.00245	0.00660
59	0.07581	0.36619	0.04370	0.01034	0.01315	0.20469	0.00916	0.01501	0.01011	0.01245	0.00689	0.00874	0.00618	0.00538	0.00638	0.00139	0.19322	0.00313	0.00225	0.00582
60	0.00877	0.00549	0.00640	0.00585	0.00772	0.00473	0.00450	0.01038	0.01221	0.15055	0.23314	0.03881	0.47217	0.01059	0.00558	0.00158	0.00270	0.00894	0.00497	0.00493
61	0.00590	0.00422	0.00562	0.00675	0.00703	0.00394	0.00450	0.00675	0.00928	0.01237	0.02671	0.82653	0.03205	0.01518	0.00619	0.00197	0.00281	0.01378	0.00450	0.00394
62	0.01842	0.01357	0.01454	0.01115	0.01503	0.01503	0.00921	0.78330	0.02278	0.03054	0.01163	0.01163	0.00824	0.00582	0.00485	0.00145	0.00533	0.00436	0.00485	0.00824
63	0.00681	0.00495	0.00641	0.00604	0.00721	0.00455	0.00453	0.00905	0.01360	0.01915	0.76381	0.03666	0.07900	0.01001	0.00572	0.00153	0.00229	0.00883	0.00530	0.00455
64	0.01108	0.01059	0.01803	0.28204	0.55428	0.01127	0.01442	0.01408	0.01060	0.01473	0.00895	0.01229	0.00729	0.00449	0.00481	0.00150	0.00598	0.00431	0.00232	0.00694
65	0.00972	0.02507	0.80458	0.01381	0.02097	0.01125	0.01790	0.01535	0.01023	0.01535	0.00870	0.01023	0.00614	0.00460	0.00460	0.00153	0.00716	0.00358	0.00205	0.00716
66	0.00903	0.00452	0.00452	0.00452	0.00565	0.00452	0.00339	0.01129	0.01016	0.01807	0.01581	0.01807	0.01242	0.00565	0.00339	0.00113	0.00226	0.00452	0.85659	0.00452
67	0.00573	0.00491	0.00491	0.00491	0.00655	0.00409	0.00368	0.00695	0.01105	0.01309	0.04909	0.04664	0.79750	0.01227	0.00573	0.00164	0.00245	0.01023	0.00450	0.00409
68	0.02174	0.00825	0.01125	0.00862	0.01237	0.00712	0.00712	0.02362	0.01387	0.80282	0.01912	0.01649	0.01200	0.00600	0.00487	0.00150	0.00412	0.00487	0.00600	0.00825
69	0.01378	0.70347	0.02353	0.00896	0.01284	0.14537	0.00846	0.01528	0.01047	0.01147	0.00686	0.00793	0.00622	0.00428	0.00331	0.00107	0.00575	0.00268	0.00214	0.00612
70	0.01629	0.00842	0.01069	0.00795	0.01196	0.00681	0.00648	0.01829	0.01209	0.43574	0.01422	0.01349	0.00975	0.00487	0.00427	0.00113	0.00387	0.00394	0.00454	0.40520
71	0.00998	0.02324	0.68640	0.01482	0.02164	0.01141	0.13426	0.01537	0.01042	0.01537	0.00887	0.01066	0.00632	0.00452	0.00477	0.00155	0.00732	0.00391	0.00211	0.00707
72	0.00915	0.00861	0.01453	0.81804	0.03338	0.01077	0.01346	0.01238	0.00969	0.01238	0.00861	0.01292	0.00646	0.00484	0.00484	0.00161	0.00646	0.00431	0.00215	0.00538
73	0.01380	0.00649	0.00870	0.00727	0.00963	0.00576	0.00576	0.01589	0.01379	0.38481	0.43414	0.02701	0.02999	0.00808	0.00532	0.00151	0.00314	0.00695	0.00564	0.00629
74	0.00748	0.00534	0.00743	0.00855	0.00952	0.00530	0.00724	0.00947	0.01083	0.01414	0.02584	0.18742	0.02861	0.01370	0.00661	0.00219	0.00418	0.63732	0.00447	0.00437
75	0.01078	0.00945	0.01488	0.27376	0.32370	0.01024	0.01186	0.01496	0.10555	0.04594	0.11689	0.01646	0.01345	0.00558	0.00496	0.00153	0.00522	0.00508	0.00316	0.00655
76	0.00720	0.00514	0.00711	0.00823	0.00908	0.00505	0.00675	0.00899	0.01055	0.01382	0.02599	0.30170	0.02922	0.01396	0.00653	0.00215	0.00393	0.52583	0.00447	0.00429
