[name]
unknown

[dist]
# distance from previous block
# <min> <max>
0	75

[block]
# block no. 0 follows, 50 sequences, length 9
# corresponding to MSA columns:
# 75-83
name=unknown_A
#
# <colnr> <probs for GDERKNQSTAVLIFYWHMCP>
#	G	D	E	R	K	N	Q	S	T	A	V	L	I	F	Y	W	H	M	C	P
0	0.01346	0.00989	0.01246	0.01148	0.06454	0.03737	0.06024	0.07350	0.26990	0.15324	0.14414	0.02330	0.01938	0.00743	0.00538	0.00166	0.00451	0.07622	0.00484	0.00705
1	0.07339	0.01091	0.01710	0.18282	0.46108	0.01146	0.01317	0.06593	0.01194	0.08983	0.01023	0.01263	0.00792	0.00483	0.00482	0.00153	0.00573	0.00437	0.00297	0.00734
2	0.01480	0.01300	0.01416	0.01172	0.01492	0.11802	0.08731	0.19877	0.33209	0.05844	0.01509	0.01523	0.01135	0.00825	0.06194	0.00203	0.00612	0.00502	0.00434	0.00741
3	0.16589	0.01513	0.01328	0.01235	0.08655	0.23844	0.00896	0.24778	0.04463	0.04612	0.00996	0.01076	0.00759	0.00523	0.00442	0.00140	0.00601	0.00375	0.00362	0.06813
4	0.07382	0.01323	0.01250	0.01066	0.01354	0.16171	0.00846	0.13503	0.27372	0.15010	0.01442	0.01411	0.01062	0.00627	0.00582	0.00159	0.07815	0.00459	0.00438	0.00729
5	0.01232	0.00960	0.00949	0.00819	0.01071	0.07983	0.00642	0.20005	0.06771	0.09191	0.09864	0.05317	0.31328	0.00919	0.00542	0.00159	0.00408	0.00751	0.00478	0.00608
6	0.01178	0.40909	0.34799	0.01219	0.01783	0.01559	0.09278	0.01539	0.01046	0.01386	0.00810	0.00962	0.00648	0.00445	0.00412	0.00134	0.00650	0.00342	0.00216	0.00683
7	0.01125	0.01079	0.01802	0.27954	0.46873	0.01195	0.01437	0.01413	0.01052	0.01470	0.00891	0.01249	0.00735	0.00506	0.00614	0.00161	0.09075	0.00443	0.00236	0.00688
8	0.03903	0.01377	0.01261	0.01215	0.08567	0.23590	0.00871	0.19797	0.03408	0.01931	0.13417	0.05104	0.01591	0.00697	0.00527	0.00149	0.02465	0.04324	0.00387	0.05419

[dist]
# distance from previous block
# <min> <max>
4	7

[block]
# block no. 1 follows, 50 sequences, length 13
# corresponding to MSA columns:
# 91-103
name=unknown_B
#
# <colnr> <probs for GDERKNQSTAVLIFYWHMCP>
#	G	D	E	R	K	N	Q	S	T	A	V	L	I	F	Y	W	H	M	C	P
0	0.01345	0.00989	0.01208	0.01193	0.11070	0.01044	0.00828	0.28481	0.11147	0.07283	0.16475	0.13107	0.02030	0.00805	0.00536	0.00161	0.00431	0.00688	0.00480	0.00699
1	0.07927	0.06645	0.06338	0.01365	0.11056	0.06629	0.01045	0.27851	0.09355	0.02113	0.01044	0.01168	0.00814	0.00597	0.00653	0.00159	0.13740	0.00419	0.00356	0.00724
2	0.00727	0.00547	0.00636	0.00660	0.00744	0.00541	0.00452	0.00974	0.10521	0.01362	0.08753	0.29463	0.15485	0.23860	0.01138	0.00268	0.00349	0.02655	0.00430	0.00433
3	0.01377	0.01016	0.01392	0.13250	0.21090	0.01082	0.01011	0.16325	0.10863	0.12354	0.01349	0.01688	0.01088	0.12979	0.00808	0.00205	0.00531	0.00510	0.00382	0.00700
4	0.01440	0.07998	0.30845	0.01172	0.01692	0.01294	0.01225	0.27270	0.07359	0.08064	0.01147	0.01190	0.00824	0.00532	0.00468	0.00147	0.00586	0.00408	0.00366	0.05972
5	0.00674	0.00535	0.00624	0.00608	0.00764	0.00458	0.00446	0.00826	0.01138	0.01504	0.20087	0.23517	0.34236	0.01174	0.00574	0.00163	0.00272	0.01017	0.00461	0.10924
6	0.00851	0.00472	0.00595	0.00612	0.00686	0.00464	0.00455	0.00890	0.00909	0.01349	0.01811	0.02582	0.09087	0.01236	0.01072	0.34756	0.00350	0.11972	0.29491	0.00359
7	0.01724	0.01433	0.01480	0.01566	0.20132	0.21477	0.01023	0.13871	0.10998	0.19330	0.01300	0.01323	0.00951	0.00553	0.00486	0.00147	0.00602	0.00441	0.00404	0.00757
8	0.00889	0.00774	0.01248	0.51065	0.07243	0.00907	0.01121	0.01162	0.01012	0.01349	0.01396	0.15863	0.01340	0.00753	0.00527	0.00173	0.00551	0.06325	0.05772	0.00529
9	0.23262	0.00877	0.01050	0.00829	0.01195	0.00829	0.00684	0.02187	0.01281	0.60270	0.01647	0.01474	0.01060	0.00578	0.00453	0.00154	0.00414	0.00443	0.00540	0.00771
10	0.00678	0.00496	0.00608	0.00664	0.00754	0.00461	0.00495	0.00782	0.01013	0.01287	0.03220	0.24023	0.27858	0.10892	0.00941	0.05793	0.00349	0.18859	0.00427	0.00399
11	0.01294	0.01094	0.01332	0.01446	0.19107	0.01190	0.00940	0.17721	0.35480	0.02109	0.01979	0.01941	0.10791	0.00679	0.00512	0.00160	0.00454	0.00573	0.00440	0.00756
12	0.11844	0.01060	0.01613	0.01947	0.38427	0.01019	0.06027	0.01655	0.01142	0.16446	0.01099	0.01246	0.00833	0.00466	0.00460	0.00140	0.00518	0.00421	0.00332	0.13304

[dist]
# distance from previous block
# <min> <max>
1	2

[block]
# block no. 2 follows, 50 sequences, length 56
# corresponding to MSA columns:
# 106-161
name=unknown_C
#
# <colnr> <probs for GDERKNQSTAVLIFYWHMCP>
#	G	D	E	R	K	N	Q	S	T	A	V	L	I	F	Y	W	H	M	C	P
0	0.01011	0.04265	0.76724	0.01441	0.03651	0.01176	0.01814	0.01576	0.01053	0.01571	0.00891	0.01051	0.00635	0.00472	0.00471	0.00157	0.00729	0.00368	0.00211	0.00736
1	0.00866	0.00433	0.00649	0.00649	0.00649	0.00433	0.00433	0.00649	0.00649	0.00866	0.00866	0.01515	0.00866	0.01732	0.01948	0.85498	0.00433	0.00433	0.00216	0.00216
2	0.01336	0.04037	0.18610	0.00967	0.01418	0.03927	0.00932	0.04862	0.02869	0.18450	0.01287	0.07257	0.01027	0.00559	0.00451	0.00128	0.00491	0.00452	0.00367	0.30575
3	0.01274	0.68716	0.16167	0.00952	0.01433	0.01829	0.01026	0.01508	0.01020	0.01244	0.00728	0.00844	0.00638	0.00435	0.00347	0.00116	0.00569	0.00284	0.00213	0.00657
4	0.01227	0.04900	0.06014	0.02642	0.62946	0.01225	0.01431	0.01658	0.09938	0.01657	0.01049	0.01276	0.00858	0.00471	0.00486	0.00149	0.00575	0.00446	0.00273	0.00780
5	0.01176	0.44969	0.39050	0.01121	0.01693	0.01588	0.01319	0.01533	0.01031	0.01364	0.00788	0.00919	0.00636	0.00449	0.00392	0.00131	0.00629	0.00315	0.00212	0.00685
6	0.01004	0.22548	0.43494	0.01089	0.01625	0.01212	0.01286	0.01386	0.01074	0.01461	0.05634	0.01721	0.13267	0.00615	0.00459	0.00146	0.00582	0.00479	0.00269	0.00648
7	0.00725	0.00483	0.00544	0.00544	0.00544	0.00483	0.00302	0.00725	0.00725	0.00966	0.01571	0.03262	0.01812	0.82483	0.02537	0.00483	0.00483	0.00725	0.00302	0.00302
8	0.00607	0.00434	0.00578	0.00694	0.00723	0.00405	0.00463	0.00694	0.00954	0.01272	0.02747	0.82157	0.03297	0.01562	0.00636	0.00202	0.00289	0.01417	0.00463	0.00405
9	0.01333	0.82783	0.02612	0.00853	0.01279	0.01972	0.00853	0.01493	0.01013	0.01173	0.00693	0.00800	0.00640	0.00426	0.00320	0.00107	0.00533	0.00267	0.00213	0.00640
10	0.00735	0.00493	0.00657	0.00627	0.00722	0.00461	0.00459	0.00871	0.01240	0.01735	0.59760	0.03299	0.06752	0.01179	0.00875	0.18161	0.00278	0.00808	0.00475	0.00415
11	0.00619	0.00506	0.00547	0.00536	0.00692	0.00434	0.00402	0.00773	0.01207	0.01515	0.24152	0.04520	0.59963	0.01200	0.00589	0.00165	0.00248	0.01013	0.00485	0.00434
12	0.00712	0.00534	0.00801	0.00801	0.00890	0.00623	0.00623	0.00890	0.00801	0.01157	0.01335	0.01958	0.01246	0.03738	0.80507	0.00801	0.01335	0.00534	0.00267	0.00445
13	0.00866	0.00433	0.00649	0.00649	0.00649	0.00433	0.00433	0.00649	0.00649	0.00866	0.00866	0.01515	0.00866	0.01732	0.01948	0.85498	0.00433	0.00433	0.00216	0.00216
14	0.02002	0.01224	0.01389	0.01065	0.01460	0.01291	0.00880	0.54096	0.02056	0.27163	0.01438	0.01354	0.00969	0.00604	0.00499	0.00151	0.00509	0.00465	0.00536	0.00848
15	0.00941	0.00886	0.01495	0.81285	0.03433	0.01107	0.01384	0.01274	0.00997	0.01274	0.00886	0.01329	0.00664	0.00498	0.00498	0.00166	0.00664	0.00443	0.00221	0.00554
16	0.01176	0.01345	0.02941	0.02101	0.02605	0.01261	0.77563	0.01597	0.01176	0.01597	0.01008	0.01345	0.00756	0.00420	0.00588	0.00168	0.00840	0.00588	0.00252	0.00672
17	0.00664	0.00508	0.00609	0.00583	0.00719	0.00453	0.00438	0.00860	0.01313	0.01766	0.52659	0.04107	0.31300	0.01106	0.00588	0.00161	0.00241	0.00955	0.00518	0.00453
18	0.00680	0.00475	0.00579	0.00605	0.00645	0.00455	0.00389	0.00761	0.00954	0.01290	0.18410	0.27146	0.05688	0.37996	0.01483	0.00318	0.00364	0.00982	0.00408	0.00373
19	0.74261	0.01024	0.00839	0.00724	0.01045	0.01178	0.00597	0.12110	0.01057	0.02363	0.00764	0.00864	0.00583	0.00482	0.00335	0.00154	0.00408	0.00295	0.00335	0.00583
20	0.00606	0.00496	0.00516	0.00528	0.00663	0.00426	0.00378	0.00714	0.01072	0.01296	0.04430	0.12127	0.62995	0.10547	0.00816	0.00208	0.00282	0.01050	0.00445	0.00406
21	0.00682	0.00502	0.00590	0.00626	0.00701	0.00472	0.00423	0.03526	0.01021	0.01327	0.06975	0.37945	0.21641	0.19989	0.01053	0.00254	0.00331	0.01106	0.00432	0.00405
22	0.00613	0.00461	0.00552	0.00619	0.00690	0.00418	0.00420	0.00704	0.00990	0.01266	0.03365	0.49896	0.27287	0.09317	0.00806	0.00219	0.00296	0.01234	0.00447	0.00400
23	0.86003	0.00964	0.00733	0.00655	0.00964	0.01118	0.00540	0.01465	0.00848	0.02236	0.00694	0.00810	0.00540	0.00463	0.00308	0.00154	0.00386	0.00270	0.00308	0.00540
24	0.00633	0.00495	0.00573	0.00578	0.00706	0.00436	0.00424	0.00791	0.01204	0.01563	0.30621	0.16653	0.41096	0.01224	0.00596	0.00170	0.00252	0.01057	0.00493	0.00436
25	0.00682	0.00515	0.00586	0.00564	0.00711	0.00450	0.00421	0.00847	0.01235	0.03567	0.33872	0.04239	0.45039	0.04268	0.00661	0.00176	0.00259	0.00966	0.00494	0.00446
26	0.00850	0.00469	0.00688	0.00718	0.00747	0.00469	0.00527	0.00747	0.00776	0.01025	0.01317	0.02560	0.01375	0.01641	0.01628	0.63803	0.00440	0.19665	0.00278	0.00278
27	0.86003	0.00964	0.00733	0.00655	0.00964	0.01118	0.00540	0.01465	0.00848	0.02236	0.00694	0.00810	0.00540	0.00463	0.00308	0.00154	0.00386	0.00270	0.00308	0.00540
28	0.00599	0.00486	0.00528	0.00557	0.00685	0.00419	0.00400	0.00714	0.01085	0.01330	0.05644	0.24819	0.56554	0.03074	0.00643	0.00184	0.00267	0.01137	0.00461	0.00415
29	0.00649	0.00502	0.00582	0.00572	0.00701	0.00445	0.00420	0.00814	0.01226	0.01611	0.37491	0.08541	0.37871	0.05523	0.00696	0.00182	0.00259	0.00988	0.00492	0.00435
30	0.01034	0.00886	0.01034	0.00738	0.01181	0.00664	0.00591	0.01255	0.01034	0.01624	0.00886	0.01034	0.00738	0.00369	0.00369	0.00074	0.00369	0.00295	0.00295	0.85530
31	0.00614	0.00439	0.00587	0.00702	0.00734	0.00411	0.00475	0.00706	0.00961	0.01280	0.02743	0.79368	0.03281	0.01555	0.00638	0.00203	0.00295	0.04136	0.00463	0.00407
32	0.01235	0.01160	0.01834	0.02628	0.62902	0.01196	0.01373	0.01766	0.17451	0.01725	0.01168	0.01366	0.00944	0.00493	0.00496	0.00152	0.00550	0.00469	0.00302	0.00789
33	0.86003	0.00964	0.00733	0.00655	0.00964	0.01118	0.00540	0.01465	0.00848	0.02236	0.00694	0.00810	0.00540	0.00463	0.00308	0.00154	0.00386	0.00270	0.00308	0.00540
34	0.00718	0.00484	0.00542	0.00542	0.00550	0.00480	0.00306	0.00724	0.00747	0.00987	0.01754	0.03343	0.05901	0.78190	0.02434	0.00467	0.00471	0.00742	0.00311	0.00308
35	0.00615	0.00468	0.00566	0.00621	0.00709	0.00419	0.00435	0.00735	0.01079	0.01398	0.14088	0.45120	0.29177	0.01385	0.00614	0.00185	0.00269	0.01222	0.00475	0.00419
36	0.59359	0.00927	0.00868	0.00729	0.01062	0.00996	0.00601	0.01772	0.01032	0.26882	0.01099	0.01092	0.00761	0.00512	0.00370	0.00154	0.00398	0.00343	0.00407	0.00638
37	0.00605	0.00442	0.00570	0.00672	0.00717	0.00407	0.00453	0.00696	0.00975	0.01281	0.03013	0.73233	0.12049	0.01527	0.00631	0.00198	0.00285	0.01375	0.00463	0.00407
38	0.01410	0.00661	0.00885	0.00750	0.00983	0.00588	0.00587	0.01611	0.01373	0.37994	0.36687	0.07564	0.02934	0.02923	0.00600	0.00167	0.00332	0.00743	0.00569	0.00637
39	0.00707	0.00459	0.00614	0.00706	0.00757	0.00425	0.00479	0.00800	0.00983	0.06066	0.02700	0.77241	0.03171	0.01504	0.00628	0.00199	0.00297	0.01361	0.00472	0.00432
40	0.00725	0.00483	0.00544	0.00544	0.00544	0.00483	0.00302	0.00725	0.00725	0.00966	0.01571	0.03262	0.01812	0.82483	0.02537	0.00483	0.00483	0.00725	0.00302	0.00302
41	0.18697	0.00871	0.01073	0.00841	0.01212	0.00808	0.00695	0.02240	0.01313	0.64493	0.01716	0.01522	0.01097	0.00587	0.00463	0.00154	0.00417	0.00456	0.00556	0.00788
42	0.33230	0.00708	0.00732	0.00704	0.00905	0.00731	0.00534	0.01281	0.01002	0.14948	0.01940	0.34229	0.05302	0.00972	0.00487	0.00174	0.00347	0.00811	0.00430	0.00532
43	0.00884	0.00549	0.00627	0.00600	0.00778	0.00473	0.00452	0.01022	0.01158	0.14395	0.05709	0.16454	0.48937	0.01167	0.00571	0.00169	0.00286	0.00989	0.04289	0.00492
44	0.01886	0.01672	0.01472	0.01186	0.01544	0.23777	0.00952	0.56385	0.02081	0.02600	0.01077	0.01113	0.00790	0.00574	0.00485	0.00144	0.00647	0.00413	0.00431	0.00772
45	0.01039	0.00571	0.00582	0.00542	0.00691	0.00588	0.00417	0.09885	0.01193	0.02005	0.01577	0.01783	0.01229	0.00583	0.00366	0.00120	0.00268	0.00463	0.75592	0.00508
46	0.79351	0.00955	0.00766	0.00674	0.00988	0.01088	0.00555	0.01542	0.00894	0.08390	0.00795	0.00880	0.00595	0.00475	0.00324	0.00154	0.00389	0.00288	0.00333	0.00564
47	0.00959	0.00576	0.00728	0.00672	0.00851	0.00533	0.00520	0.01129	0.01168	0.16722	0.17643	0.06082	0.30745	0.01623	0.17433	0.00298	0.00512	0.00819	0.00468	0.00518
48	0.00717	0.00507	0.00656	0.00619	0.00736	0.00470	0.00464	0.00952	0.01392	0.01991	0.75065	0.03626	0.04524	0.00996	0.00575	0.00155	0.00235	0.00879	0.04971	0.00470
49	0.00712	0.00534	0.00801	0.00801	0.00890	0.00623	0.00623	0.00890	0.00801	0.01157	0.01335	0.01958	0.01246	0.03738	0.80507	0.00801	0.01335	0.00534	0.00267	0.00445
50	0.00617	0.00446	0.00578	0.00669	0.00714	0.00414	0.00451	0.00715	0.00993	0.01320	0.08467	0.67715	0.09060	0.04448	0.00698	0.00207	0.00290	0.01327	0.00463	0.00407
51	0.00712	0.00534	0.00801	0.00801	0.00890	0.00623	0.00623	0.00890	0.00801	0.01157	0.01335	0.01958	0.01246	0.03738	0.80507	0.00801	0.01335	0.00534	0.00267	0.00445
52	0.01776	0.00906	0.01067	0.00848	0.01164	0.00900	0.00691	0.24424	0.01594	0.35609	0.01645	0.01593	0.01131	0.00601	0.00459	0.00142	0.00408	0.00476	0.23823	0.00743
53	0.01057	0.00890	0.00887	0.00789	0.01028	0.04242	0.00614	0.17422	0.17778	0.01873	0.03326	0.06219	0.39941	0.00978	0.00549	0.00164	0.00374	0.00804	0.00471	0.00595
54	0.01801	0.01814	0.01358	0.01173	0.01462	0.45239	0.00911	0.18235	0.05592	0.09987	0.01082	0.01157	0.00827	0.00729	0.04722	0.00175	0.02315	0.00394	0.00360	0.00668
55	0.00728	0.00491	0.00573	0.00579	0.00591	0.00497	0.00348	0.00751	0.00752	0.01006	0.01613	0.03307	0.01833	0.73385	0.07204	0.00489	0.00534	0.04692	0.00308	0.00319

[dist]
# distance from previous block
# <min> <max>
0	1

[block]
# block no. 3 follows, 50 sequences, length 44
# corresponding to MSA columns:
# 163-206
name=unknown_D
#
# <colnr> <probs for GDERKNQSTAVLIFYWHMCP>
#	G	D	E	R	K	N	Q	S	T	A	V	L	I	F	Y	W	H	M	C	P
0	0.19459	0.01863	0.01313	0.01217	0.05216	0.47224	0.00900	0.14108	0.01431	0.01764	0.00832	0.00945	0.00661	0.00513	0.00430	0.00138	0.00720	0.00337	0.00306	0.00624
1	0.00639	0.00507	0.00574	0.00557	0.00704	0.00442	0.00418	0.00812	0.01254	0.01627	0.36911	0.04335	0.47134	0.01158	0.00589	0.00163	0.00245	0.00987	0.00500	0.00442
2	0.01333	0.82783	0.02612	0.00853	0.01279	0.01972	0.00853	0.01493	0.01013	0.01173	0.00693	0.00800	0.00640	0.00426	0.00320	0.00107	0.00533	0.00267	0.00213	0.00640
3	0.01068	0.18929	0.64144	0.01305	0.01978	0.01324	0.01640	0.01561	0.01044	0.01496	0.00853	0.01001	0.00633	0.00464	0.00442	0.00147	0.00695	0.00348	0.00211	0.00717
4	0.01146	0.37911	0.45852	0.01171	0.01771	0.01516	0.01406	0.01541	0.01035	0.01400	0.00806	0.00941	0.00635	0.00453	0.00406	0.00135	0.00647	0.00323	0.00212	0.00694
5	0.01948	0.01071	0.12519	0.00951	0.01364	0.00772	0.00875	0.02189	0.01341	0.63136	0.01864	0.07007	0.01285	0.00660	0.00506	0.00158	0.00460	0.00544	0.00548	0.00802
6	0.00748	0.00587	0.00871	0.00850	0.00930	0.00710	0.00668	0.00920	0.00797	0.01161	0.01270	0.01875	0.01189	0.03463	0.72933	0.00745	0.09041	0.00525	0.00262	0.00455
7	0.86003	0.00964	0.00733	0.00655	0.00964	0.01118	0.00540	0.01465	0.00848	0.02236	0.00694	0.00810	0.00540	0.00463	0.00308	0.00154	0.00386	0.00270	0.00308	0.00540
8	0.86003	0.00964	0.00733	0.00655	0.00964	0.01118	0.00540	0.01465	0.00848	0.02236	0.00694	0.00810	0.00540	0.00463	0.00308	0.00154	0.00386	0.00270	0.00308	0.00540
9	0.01088	0.00609	0.00774	0.00716	0.00917	0.00544	0.00577	0.01280	0.01285	0.21862	0.22923	0.03876	0.24885	0.01054	0.00585	0.00174	0.00333	0.15443	0.00524	0.00552
10	0.00849	0.00444	0.00666	0.00666	0.00675	0.00453	0.00453	0.00675	0.00666	0.00897	0.00916	0.01563	0.00907	0.01948	0.10419	0.76365	0.00530	0.00444	0.00222	0.00241
11	0.01000	0.02578	0.79900	0.01421	0.02157	0.01158	0.01842	0.01579	0.01052	0.01579	0.00895	0.01052	0.00631	0.00474	0.00474	0.00158	0.00737	0.00368	0.00210	0.00737
12	0.00618	0.00465	0.00572	0.00631	0.00713	0.00420	0.00441	0.00739	0.01077	0.01407	0.15433	0.48451	0.24437	0.01393	0.00616	0.00186	0.00271	0.01235	0.00476	0.00420
13	0.00655	0.00502	0.00600	0.00587	0.00717	0.00447	0.00436	0.00839	0.01275	0.01703	0.45999	0.09877	0.32259	0.01149	0.00592	0.00164	0.00246	0.00995	0.00511	0.00447
14	0.01234	0.01184	0.02023	0.03059	0.79373	0.01184	0.01530	0.01530	0.01135	0.01628	0.00938	0.01234	0.00790	0.00444	0.00493	0.00148	0.00592	0.00444	0.00247	0.00790
15	0.01000	0.02578	0.79900	0.01421	0.02157	0.01158	0.01842	0.01579	0.01052	0.01579	0.00895	0.01052	0.00631	0.00474	0.00474	0.00158	0.00737	0.00368	0.00210	0.00737
16	0.86003	0.00964	0.00733	0.00655	0.00964	0.01118	0.00540	0.01465	0.00848	0.02236	0.00694	0.00810	0.00540	0.00463	0.00308	0.00154	0.00386	0.00270	0.00308	0.00540
17	0.00725	0.00483	0.00544	0.00544	0.00544	0.00483	0.00302	0.00725	0.00725	0.00966	0.01571	0.03262	0.01812	0.82483	0.02537	0.00483	0.00483	0.00725	0.00302	0.00302
18	0.00803	0.00574	0.00803	0.00918	0.01033	0.00574	0.00803	0.01033	0.01147	0.01492	0.02639	0.05622	0.02869	0.01377	0.00688	0.00229	0.00459	0.76018	0.00459	0.00459
19	0.01240	0.01071	0.01127	0.01014	0.01296	0.01240	0.00789	0.02649	0.78473	0.02085	0.02029	0.01860	0.01522	0.00676	0.00507	0.00169	0.00394	0.00564	0.00507	0.00789
20	0.01888	0.01596	0.01479	0.01175	0.01545	0.17638	0.00951	0.62275	0.02154	0.02750	0.01110	0.01136	0.00806	0.00581	0.00489	0.00145	0.00620	0.00423	0.00449	0.00793
21	0.00725	0.00483	0.00544	0.00544	0.00544	0.00483	0.00302	0.00725	0.00725	0.00966	0.01571	0.03262	0.01812	0.82483	0.02537	0.00483	0.00483	0.00725	0.00302	0.00302
22	0.02236	0.00848	0.01157	0.00887	0.01272	0.00733	0.00733	0.02429	0.01427	0.79719	0.01966	0.01697	0.01234	0.00617	0.00501	0.00154	0.00424	0.00501	0.00617	0.00848
23	0.43076	0.00901	0.00807	0.00698	0.00966	0.01007	0.00565	0.16917	0.01213	0.02306	0.01079	0.01206	0.00826	0.00526	0.00359	0.00142	0.00372	0.00365	0.26088	0.00580
24	0.00725	0.00483	0.00544	0.00544	0.00544	0.00483	0.00302	0.00725	0.00725	0.00966	0.01571	0.03262	0.01812	0.82483	0.02537	0.00483	0.00483	0.00725	0.00302	0.00302
25	0.00607	0.00434	0.00578	0.00694	0.00723	0.00405	0.00463	0.00694	0.00954	0.01272	0.02747	0.82157	0.03297	0.01562	0.00636	0.00202	0.00289	0.01417	0.00463	0.00405
26	0.00705	0.00510	0.00666	0.00627	0.00745	0.00470	0.00470	0.00941	0.01411	0.01999	0.79110	0.03723	0.04703	0.01019	0.00588	0.00157	0.00235	0.00901	0.00549	0.00470
27	0.01300	0.01057	0.01129	0.01007	0.01295	0.01209	0.00786	0.02635	0.73796	0.06798	0.02025	0.01850	0.01504	0.00673	0.00507	0.00168	0.00396	0.00560	0.00514	0.00793
28	0.00866	0.00433	0.00649	0.00649	0.00649	0.00433	0.00433	0.00649	0.00649	0.00866	0.00866	0.01515	0.00866	0.01732	0.01948	0.85498	0.00433	0.00433	0.00216	0.00216
29	0.00589	0.00505	0.00505	0.00505	0.00673	0.00421	0.00379	0.00715	0.01136	0.01347	0.05049	0.04797	0.79171	0.01262	0.00589	0.00168	0.00252	0.01052	0.00463	0.00421
30	0.00595	0.00505	0.00513	0.00511	0.00677	0.00423	0.00383	0.00726	0.01150	0.01378	0.08661	0.04745	0.75540	0.01250	0.00589	0.00168	0.00252	0.01045	0.00467	0.00423
31	0.00748	0.00522	0.00589	0.00578	0.00615	0.00525	0.00351	0.00862	0.05530	0.01151	0.09176	0.03294	0.05750	0.65866	0.02135	0.00418	0.00443	0.00748	0.00346	0.00353
32	0.00712	0.00534	0.00801	0.00801	0.00890	0.00623	0.00623	0.00890	0.00801	0.01157	0.01335	0.01958	0.01246	0.03738	0.80507	0.00801	0.01335	0.00534	0.00267	0.00445
33	0.01373	0.01137	0.01202	0.01041	0.01347	0.01302	0.00821	0.17951	0.62953	0.02300	0.01859	0.01725	0.01384	0.00660	0.00505	0.00165	0.00426	0.00540	0.00505	0.00801
34	0.68781	0.00937	0.00773	0.00678	0.00977	0.01063	0.00555	0.06110	0.00985	0.05906	0.00874	0.00976	0.00662	0.00490	0.00333	0.00150	0.00383	0.00310	0.08492	0.00566
35	0.00630	0.00463	0.00593	0.00662	0.00731	0.00426	0.00464	0.00756	0.01074	0.01429	0.17657	0.53472	0.14344	0.01409	0.00622	0.00190	0.00280	0.03898	0.00479	0.00422
36	0.01091	0.01091	0.01527	0.01309	0.01309	0.01527	0.01091	0.01200	0.00763	0.01200	0.00654	0.01091	0.00654	0.00872	0.01636	0.00218	0.81570	0.00436	0.00218	0.00545
37	0.00740	0.00501	0.00691	0.00690	0.00738	0.00544	0.00487	0.00802	0.00775	0.01081	0.04079	0.02362	0.01487	0.28160	0.40823	0.13916	0.00887	0.00591	0.00280	0.00365
38	0.01319	0.79410	0.05862	0.00877	0.01316	0.01938	0.00894	0.01496	0.01014	0.01190	0.00701	0.00810	0.00639	0.00428	0.00326	0.00109	0.00542	0.00271	0.00213	0.00644
39	0.01549	0.10396	0.11209	0.01090	0.01487	0.05214	0.00982	0.26709	0.23204	0.09506	0.01414	0.01432	0.01049	0.00597	0.00479	0.00152	0.00531	0.01793	0.00432	0.00775
40	0.00743	0.00674	0.00644	0.00641	0.00782	0.08119	0.00471	0.00889	0.01199	0.01481	0.22261	0.17136	0.40797	0.01181	0.00583	0.00167	0.00316	0.01006	0.00464	0.00445
41	0.00811	0.00649	0.00765	0.00824	0.00943	0.04449	0.00662	0.01071	0.05788	0.01530	0.13539	0.20439	0.08682	0.01271	0.00634	0.00201	0.00395	0.36409	0.00466	0.00472
42	0.01413	0.01027	0.14004	0.02874	0.01294	0.00740	0.00846	0.01721	0.05001	0.34579	0.09635	0.09169	0.11163	0.00818	0.00534	0.00165	0.00431	0.03415	0.00490	0.00679
43	0.01435	0.01586	0.33069	0.01175	0.04356	0.00980	0.01199	0.08522	0.03736	0.24933	0.08681	0.01540	0.01253	0.00579	0.00491	0.00152	0.00546	0.00471	0.00403	0.04892

[dist]
# distance from previous block
# <min> <max>
0	10

# created by:
# /st0/software/busco_prod/Augustus/scripts/msa2prfl.pl ./align_prep/66429.fa
