[name]
unknown

[dist]
# distance from previous block
# <min> <max>
0	115

[block]
# block no. 0 follows, 47 sequences, length 28
# corresponding to MSA columns:
# 134-161
name=unknown_A
#
# <colnr> <probs for GDERKNQSTAVLIFYWHMCP>
#	G	D	E	R	K	N	Q	S	T	A	V	L	I	F	Y	W	H	M	C	P
0	0.01409	0.04116	0.39758	0.01308	0.01847	0.01123	0.05965	0.01817	0.01201	0.22499	0.04989	0.01433	0.01048	0.00599	0.00630	0.00169	0.08505	0.00468	0.00356	0.00761
1	0.01139	0.01139	0.01595	0.01367	0.01367	0.01595	0.01139	0.01253	0.00798	0.01253	0.00684	0.01139	0.00684	0.00911	0.01709	0.00228	0.80745	0.00456	0.00228	0.00570
2	0.01085	0.00942	0.01150	0.00821	0.01286	0.00716	0.03289	0.01324	0.01085	0.01696	0.00930	0.01091	0.00772	0.00388	0.00394	0.00081	0.00403	0.00319	0.00307	0.81920
3	0.29807	0.01502	0.22072	0.01138	0.01625	0.01135	0.08462	0.07203	0.01226	0.19439	0.01152	0.01207	0.00799	0.00529	0.00457	0.00163	0.00569	0.00410	0.00376	0.00729
4	0.00744	0.00558	0.00837	0.00837	0.00930	0.00651	0.00651	0.00930	0.00837	0.01209	0.01395	0.02046	0.01302	0.03906	0.79635	0.00837	0.01395	0.00558	0.00279	0.00465
5	0.02240	0.01041	0.01304	0.01000	0.01407	0.00995	0.00826	0.22608	0.01750	0.58375	0.01837	0.01631	0.01180	0.00639	0.00523	0.00160	0.00478	0.00509	0.00611	0.00886
6	0.00757	0.00505	0.00568	0.00568	0.00568	0.00505	0.00316	0.00757	0.00757	0.01010	0.01641	0.03408	0.01893	0.81698	0.02651	0.00505	0.00505	0.00757	0.00316	0.00316
7	0.01980	0.01459	0.01563	0.01198	0.01615	0.01615	0.00990	0.76713	0.02448	0.03282	0.01250	0.01250	0.00886	0.00625	0.00521	0.00156	0.00573	0.00469	0.00521	0.00886
8	0.00744	0.00558	0.00837	0.00837	0.00930	0.00651	0.00651	0.00930	0.00837	0.01209	0.01395	0.02046	0.01302	0.03906	0.79635	0.00837	0.01395	0.00558	0.00279	0.00465
9	0.85377	0.01007	0.00765	0.00685	0.01007	0.01168	0.00564	0.01531	0.00886	0.02336	0.00725	0.00846	0.00564	0.00483	0.00322	0.00161	0.00403	0.00282	0.00322	0.00564
10	0.00737	0.00532	0.00696	0.00655	0.00778	0.00491	0.00491	0.00983	0.01474	0.02088	0.78175	0.03890	0.04914	0.01065	0.00614	0.00164	0.00246	0.00942	0.00573	0.00491
11	0.01289	0.01237	0.02114	0.03196	0.78450	0.01237	0.01598	0.01598	0.01186	0.01701	0.00980	0.01289	0.00825	0.00464	0.00516	0.00155	0.00619	0.00464	0.00258	0.00825
12	0.01392	0.82012	0.02729	0.00891	0.01337	0.02061	0.00891	0.01559	0.01058	0.01225	0.00724	0.00835	0.00668	0.00446	0.00334	0.00111	0.00557	0.00278	0.00223	0.00668
13	0.00641	0.00458	0.00610	0.00721	0.00757	0.00427	0.00484	0.00742	0.01027	0.01378	0.07663	0.76428	0.03538	0.01595	0.00661	0.00208	0.00299	0.01446	0.00489	0.00427
14	0.01235	0.01299	0.01581	0.01364	0.01396	0.10882	0.01123	0.01352	0.00878	0.01256	0.00698	0.01116	0.00682	0.00867	0.01561	0.00217	0.71245	0.00441	0.00233	0.00574
15	0.01480	0.01211	0.01282	0.01097	0.01425	0.01382	0.00869	0.22775	0.57200	0.02477	0.01884	0.01756	0.01399	0.00685	0.00527	0.00171	0.00456	0.00556	0.00527	0.00841
16	0.85377	0.01007	0.00765	0.00685	0.01007	0.01168	0.00564	0.01531	0.00886	0.02336	0.00725	0.00846	0.00564	0.00483	0.00322	0.00161	0.00403	0.00282	0.00322	0.00564
17	0.01392	0.82012	0.02729	0.00891	0.01337	0.02061	0.00891	0.01559	0.01058	0.01225	0.00724	0.00835	0.00668	0.00446	0.00334	0.00111	0.00557	0.00278	0.00223	0.00668
18	0.00737	0.00532	0.00696	0.00655	0.00778	0.00491	0.00491	0.00983	0.01474	0.02088	0.78175	0.03890	0.04914	0.01065	0.00614	0.00164	0.00246	0.00942	0.00573	0.00491
19	0.01289	0.01237	0.02114	0.03196	0.78450	0.01237	0.01598	0.01598	0.01186	0.01701	0.00980	0.01289	0.00825	0.00464	0.00516	0.00155	0.00619	0.00464	0.00258	0.00825
20	0.01980	0.01459	0.01563	0.01198	0.01615	0.01615	0.00990	0.76713	0.02448	0.03282	0.01250	0.01250	0.00886	0.00625	0.00521	0.00156	0.00573	0.00469	0.00521	0.00886
21	0.01229	0.01405	0.03073	0.02195	0.02722	0.01317	0.76558	0.01668	0.01229	0.01668	0.01054	0.01405	0.00790	0.00439	0.00615	0.00176	0.00878	0.00615	0.00263	0.00702
22	0.00905	0.00452	0.00678	0.00678	0.00678	0.00452	0.00452	0.00678	0.00678	0.00905	0.00905	0.01583	0.00905	0.01809	0.02035	0.84848	0.00452	0.00452	0.00226	0.00226
23	0.01045	0.02694	0.79000	0.01484	0.02254	0.01209	0.01924	0.01649	0.01099	0.01649	0.00935	0.01099	0.00660	0.00495	0.00495	0.00165	0.00770	0.00385	0.00220	0.00770
24	0.01741	0.01346	0.01461	0.01172	0.01529	0.01527	0.00955	0.51903	0.22653	0.02854	0.01449	0.01431	0.01063	0.00665	0.00599	0.00166	0.05632	0.00500	0.00505	0.00849
25	0.00983	0.00926	0.01562	0.80447	0.03587	0.01157	0.01446	0.01331	0.01041	0.01331	0.00926	0.01388	0.00694	0.00521	0.00521	0.00174	0.00694	0.00463	0.00231	0.00579
26	0.01310	0.63256	0.20764	0.01031	0.01554	0.01859	0.01135	0.01581	0.01068	0.01325	0.00774	0.00898	0.00666	0.00457	0.00372	0.00124	0.00607	0.00304	0.00222	0.00692
27	0.50791	0.22983	0.04520	0.02618	0.01246	0.01385	0.02451	0.01555	0.00986	0.04131	0.02895	0.00987	0.00743	0.00494	0.00357	0.00149	0.00473	0.00322	0.00304	0.00611

[dist]
# distance from previous block
# <min> <max>
0	2

[block]
# block no. 1 follows, 47 sequences, length 45
# corresponding to MSA columns:
# 164-185,192-200,206-219
name=unknown_B
#
# <colnr> <probs for GDERKNQSTAVLIFYWHMCP>
#	G	D	E	R	K	N	Q	S	T	A	V	L	I	F	Y	W	H	M	C	P
0	0.34818	0.49772	0.01947	0.00809	0.01205	0.01705	0.00761	0.01548	0.00990	0.01668	0.00724	0.00840	0.00627	0.00461	0.00329	0.00131	0.00496	0.00280	0.00262	0.00627
1	0.33571	0.00893	0.00846	0.00739	0.01014	0.00953	0.00591	0.13918	0.03249	0.04019	0.11522	0.02486	0.22693	0.00818	0.00482	0.00165	0.00375	0.00633	0.00444	0.00589
2	0.00702	0.00531	0.00647	0.00618	0.00756	0.00476	0.00463	0.00914	0.01390	0.01889	0.56887	0.04218	0.26326	0.01139	0.00615	0.00167	0.00251	0.00988	0.00547	0.00476
3	0.01289	0.01237	0.02114	0.03196	0.78450	0.01237	0.01598	0.01598	0.01186	0.01701	0.00980	0.01289	0.00825	0.00464	0.00516	0.00155	0.00619	0.00464	0.00258	0.00825
4	0.85377	0.01007	0.00765	0.00685	0.01007	0.01168	0.00564	0.01531	0.00886	0.02336	0.00725	0.00846	0.00564	0.00483	0.00322	0.00161	0.00403	0.00282	0.00322	0.00564
5	0.01139	0.01139	0.01595	0.01367	0.01367	0.01595	0.01139	0.01253	0.00798	0.01253	0.00684	0.01139	0.00684	0.00911	0.01709	0.00228	0.80745	0.00456	0.00228	0.00570
6	0.00744	0.00558	0.00837	0.00837	0.00930	0.00651	0.00651	0.00930	0.00837	0.01209	0.01395	0.02046	0.01302	0.03906	0.79635	0.00837	0.01395	0.00558	0.00279	0.00465
7	0.01980	0.01459	0.01563	0.01198	0.01615	0.01615	0.00990	0.76713	0.02448	0.03282	0.01250	0.01250	0.00886	0.00625	0.00521	0.00156	0.00573	0.00469	0.00521	0.00886
8	0.00687	0.00530	0.00626	0.00602	0.00747	0.00470	0.00452	0.00885	0.01355	0.01806	0.47967	0.04355	0.35298	0.01170	0.00615	0.00169	0.00253	0.01007	0.00536	0.00470
9	0.00671	0.00481	0.00637	0.00700	0.00763	0.00447	0.00486	0.00816	0.01165	0.01597	0.29387	0.54080	0.03962	0.01432	0.00647	0.00195	0.00282	0.01291	0.00515	0.00447
10	0.01045	0.02694	0.79000	0.01484	0.02254	0.01209	0.01924	0.01649	0.01099	0.01649	0.00935	0.01099	0.00660	0.00495	0.00495	0.00165	0.00770	0.00385	0.00220	0.00770
11	0.01080	0.00926	0.01080	0.00771	0.01234	0.00694	0.00617	0.01311	0.01080	0.01697	0.00926	0.01080	0.00771	0.00386	0.00386	0.00077	0.00386	0.00309	0.00309	0.84882
12	0.01392	0.82012	0.02729	0.00891	0.01337	0.02061	0.00891	0.01559	0.01058	0.01225	0.00724	0.00835	0.00668	0.00446	0.00334	0.00111	0.00557	0.00278	0.00223	0.00668
13	0.85377	0.01007	0.00765	0.00685	0.01007	0.01168	0.00564	0.01531	0.00886	0.02336	0.00725	0.00846	0.00564	0.00483	0.00322	0.00161	0.00403	0.00282	0.00322	0.00564
14	0.01980	0.01459	0.01563	0.01198	0.01615	0.01615	0.00990	0.76713	0.02448	0.03282	0.01250	0.01250	0.00886	0.00625	0.00521	0.00156	0.00573	0.00469	0.00521	0.00886
15	0.00616	0.00525	0.00530	0.00533	0.00705	0.00439	0.00398	0.00747	0.01181	0.01404	0.05203	0.07300	0.75997	0.01328	0.00617	0.00177	0.00265	0.01111	0.00484	0.00439
16	0.00983	0.00926	0.01562	0.80447	0.03587	0.01157	0.01446	0.01331	0.01041	0.01331	0.00926	0.01388	0.00694	0.00521	0.00521	0.00174	0.00694	0.00463	0.00231	0.00579
17	0.01206	0.01526	0.22692	0.01144	0.01566	0.01222	0.01104	0.05698	0.47167	0.02024	0.01989	0.01909	0.07069	0.00690	0.00526	0.00172	0.00507	0.00565	0.00440	0.00783
18	0.00737	0.00532	0.00696	0.00655	0.00778	0.00491	0.00491	0.00983	0.01474	0.02088	0.78175	0.03890	0.04914	0.01065	0.00614	0.00164	0.00246	0.00942	0.00573	0.00491
19	0.01299	0.29636	0.01957	0.01162	0.01372	0.01735	0.01015	0.06597	0.07531	0.01459	0.00858	0.01108	0.00769	0.00711	0.01044	0.00178	0.40244	0.00406	0.00272	0.00647
20	0.00744	0.00558	0.00837	0.00837	0.00930	0.00651	0.00651	0.00930	0.00837	0.01209	0.01395	0.02046	0.01302	0.03906	0.79635	0.00837	0.01395	0.00558	0.00279	0.00465
21	0.01295	0.01119	0.01178	0.01060	0.01354	0.01295	0.00824	0.02767	0.77509	0.02178	0.02120	0.01943	0.01590	0.00707	0.00530	0.00177	0.00412	0.00589	0.00530	0.00824
22	0.02336	0.00886	0.01209	0.00927	0.01329	0.00765	0.00765	0.02538	0.01491	0.78810	0.02055	0.01773	0.01289	0.00645	0.00524	0.00161	0.00443	0.00524	0.00645	0.00886
23	0.01392	0.82012	0.02729	0.00891	0.01337	0.02061	0.00891	0.01559	0.01058	0.01225	0.00724	0.00835	0.00668	0.00446	0.00334	0.00111	0.00557	0.00278	0.00223	0.00668
24	0.06026	0.01084	0.01307	0.01007	0.01411	0.01070	0.00832	0.27446	0.01785	0.49893	0.01723	0.01554	0.01120	0.00631	0.00514	0.00160	0.00485	0.00494	0.00588	0.00871
25	0.01368	0.01211	0.02046	0.03026	0.72645	0.01202	0.01536	0.01669	0.01209	0.07505	0.01060	0.01325	0.00860	0.00478	0.00516	0.00155	0.00605	0.00468	0.00287	0.00830
26	0.01505	0.01560	0.01595	0.05688	0.24442	0.23926	0.01156	0.06774	0.22463	0.01780	0.01252	0.01368	0.00986	0.00576	0.00537	0.00158	0.02675	0.00461	0.00351	0.00746
27	0.85377	0.01007	0.00765	0.00685	0.01007	0.01168	0.00564	0.01531	0.00886	0.02336	0.00725	0.00846	0.00564	0.00483	0.00322	0.00161	0.00403	0.00282	0.00322	0.00564
28	0.00757	0.00505	0.00568	0.00568	0.00568	0.00505	0.00316	0.00757	0.00757	0.01010	0.01641	0.03408	0.01893	0.81698	0.02651	0.00505	0.00505	0.00757	0.00316	0.00316
29	0.01945	0.02482	0.01476	0.01342	0.01610	0.79608	0.01006	0.02079	0.01476	0.01275	0.00805	0.00939	0.00671	0.00537	0.00470	0.00134	0.00939	0.00335	0.00268	0.00604
30	0.02336	0.00886	0.01209	0.00927	0.01329	0.00765	0.00765	0.02538	0.01491	0.78810	0.02055	0.01773	0.01289	0.00645	0.00524	0.00161	0.00443	0.00524	0.00645	0.00886
31	0.00671	0.00530	0.00605	0.00586	0.00737	0.00463	0.00439	0.00855	0.01318	0.01718	0.38562	0.04500	0.44758	0.01203	0.00615	0.00170	0.00256	0.01027	0.00525	0.00463
32	0.00737	0.00532	0.00696	0.00655	0.00778	0.00491	0.00491	0.00983	0.01474	0.02088	0.78175	0.03890	0.04914	0.01065	0.00614	0.00164	0.00246	0.00942	0.00573	0.00491
33	0.01289	0.01237	0.02114	0.03196	0.78450	0.01237	0.01598	0.01598	0.01186	0.01701	0.00980	0.01289	0.00825	0.00464	0.00516	0.00155	0.00619	0.00464	0.00258	0.00825
34	0.01295	0.01119	0.01178	0.01060	0.01354	0.01295	0.00824	0.02767	0.77509	0.02178	0.02120	0.01943	0.01590	0.00707	0.00530	0.00177	0.00412	0.00589	0.00530	0.00824
35	0.00904	0.00794	0.01165	0.01001	0.01114	0.00910	0.06426	0.01122	0.01237	0.01787	0.47361	0.02815	0.03238	0.00968	0.00968	0.00185	0.26273	0.00760	0.00438	0.00533
36	0.85377	0.01007	0.00765	0.00685	0.01007	0.01168	0.00564	0.01531	0.00886	0.02336	0.00725	0.00846	0.00564	0.00483	0.00322	0.00161	0.00403	0.00282	0.00322	0.00564
37	0.01836	0.00902	0.01157	0.00865	0.01291	0.00737	0.00706	0.02050	0.01327	0.48119	0.01605	0.01497	0.01083	0.00542	0.00469	0.00128	0.00420	0.00438	0.00511	0.34316
38	0.01948	0.02390	0.01484	0.01329	0.01610	0.72606	0.01005	0.08779	0.01563	0.01455	0.00845	0.00967	0.00690	0.00545	0.00474	0.00136	0.00906	0.00347	0.00291	0.00629
39	0.01928	0.01188	0.01360	0.01057	0.01435	0.01244	0.00867	0.47003	0.02065	0.24048	0.10791	0.01715	0.01485	0.00684	0.00533	0.00159	0.00497	0.00541	0.00562	0.00838
40	0.01139	0.01139	0.01595	0.01367	0.01367	0.01595	0.01139	0.01253	0.00798	0.01253	0.00684	0.01139	0.00684	0.00911	0.01709	0.00228	0.80745	0.00456	0.00228	0.00570
41	0.01080	0.00926	0.01080	0.00771	0.01234	0.00694	0.00617	0.01311	0.01080	0.01697	0.00926	0.01080	0.00771	0.00386	0.00386	0.00077	0.00386	0.00309	0.00309	0.84882
42	0.00777	0.00619	0.00738	0.00684	0.00832	0.00606	0.00526	0.04385	0.01356	0.01814	0.40294	0.04001	0.33096	0.01132	0.00693	0.00173	0.06326	0.00945	0.00510	0.00495
43	0.01213	0.10854	0.01445	0.14008	0.04991	0.01318	0.00952	0.02173	0.45424	0.01858	0.05008	0.01819	0.03095	0.00669	0.00543	0.00168	0.02754	0.00548	0.00425	0.00736
44	0.01261	0.41528	0.35811	0.01177	0.01749	0.01657	0.01352	0.05037	0.01132	0.01505	0.00839	0.00978	0.00675	0.00488	0.00452	0.00140	0.02927	0.00338	0.00235	0.00720

[dist]
# distance from previous block
# <min> <max>
3	18

[block]
# block no. 2 follows, 47 sequences, length 29
# corresponding to MSA columns:
# 238-266
name=unknown_C
#
# <colnr> <probs for GDERKNQSTAVLIFYWHMCP>
#	G	D	E	R	K	N	Q	S	T	A	V	L	I	F	Y	W	H	M	C	P
0	0.00901	0.00849	0.06178	0.01240	0.14009	0.00779	0.00860	0.01134	0.01091	0.03018	0.16458	0.08685	0.07021	0.01846	0.25646	0.00380	0.05168	0.00699	0.00363	0.03675
1	0.01683	0.37175	0.02049	0.01200	0.04067	0.39604	0.00975	0.05150	0.01327	0.01356	0.00795	0.00919	0.00684	0.00498	0.00414	0.00126	0.00745	0.00321	0.00259	0.00652
2	0.01291	0.58969	0.24886	0.01063	0.01603	0.01813	0.01191	0.01585	0.01070	0.01348	0.00785	0.00912	0.00666	0.00460	0.00381	0.00127	0.00619	0.00309	0.00222	0.00698
3	0.01299	0.44137	0.09899	0.01227	0.05705	0.04369	0.01107	0.01501	0.01009	0.01303	0.00750	0.00976	0.00681	0.00586	0.00754	0.00153	0.23307	0.00351	0.00227	0.00657
4	0.01342	0.01173	0.01364	0.01177	0.01395	0.01435	0.00947	0.12688	0.42682	0.02041	0.01543	0.01591	0.01204	0.00760	0.00902	0.00190	0.25851	0.00530	0.00433	0.00752
5	0.01980	0.01459	0.01563	0.01198	0.01615	0.01615	0.00990	0.76713	0.02448	0.03282	0.01250	0.01250	0.00886	0.00625	0.00521	0.00156	0.00573	0.00469	0.00521	0.00886
6	0.01229	0.01405	0.03073	0.02195	0.02722	0.01317	0.76558	0.01668	0.01229	0.01668	0.01054	0.01405	0.00790	0.00439	0.00615	0.00176	0.00878	0.00615	0.00263	0.00702
7	0.01980	0.01459	0.01563	0.01198	0.01615	0.01615	0.00990	0.76713	0.02448	0.03282	0.01250	0.01250	0.00886	0.00625	0.00521	0.00156	0.00573	0.00469	0.00521	0.00886
8	0.01289	0.01237	0.02114	0.03196	0.78450	0.01237	0.01598	0.01598	0.01186	0.01701	0.00980	0.01289	0.00825	0.00464	0.00516	0.00155	0.00619	0.00464	0.00258	0.00825
9	0.00615	0.00528	0.00528	0.00528	0.00703	0.00440	0.00396	0.00747	0.01187	0.01407	0.05276	0.05012	0.78238	0.01319	0.00615	0.00176	0.00264	0.01099	0.00484	0.00440
10	0.01945	0.02482	0.01476	0.01342	0.01610	0.79608	0.01006	0.02079	0.01476	0.01275	0.00805	0.00939	0.00671	0.00537	0.00470	0.00134	0.00939	0.00335	0.00268	0.00604
11	0.01133	0.01116	0.01540	0.01303	0.01353	0.01498	0.01083	0.01260	0.00828	0.01301	0.00710	0.01133	0.00693	0.00855	0.01567	0.00212	0.72103	0.00440	0.00237	0.09637
12	0.00748	0.00541	0.00753	0.00753	0.00817	0.00605	0.00546	0.00876	0.00812	0.01147	0.01472	0.02472	0.01487	0.28224	0.55569	0.00733	0.01117	0.00620	0.00290	0.00418
13	0.01980	0.01459	0.01563	0.01198	0.01615	0.01615	0.00990	0.76713	0.02448	0.03282	0.01250	0.01250	0.00886	0.00625	0.00521	0.00156	0.00573	0.00469	0.00521	0.00886
14	0.01275	0.01318	0.06361	0.03102	0.74240	0.01236	0.01616	0.01601	0.01181	0.01698	0.00977	0.01278	0.00816	0.00466	0.00514	0.00155	0.00627	0.00460	0.00256	0.00822
15	0.23111	0.46189	0.01988	0.00923	0.01303	0.16433	0.00829	0.01650	0.01093	0.01521	0.00740	0.00858	0.00642	0.00472	0.00357	0.00128	0.00589	0.00290	0.00257	0.00629
16	0.01229	0.01405	0.03073	0.02195	0.02722	0.01317	0.76558	0.01668	0.01229	0.01668	0.01054	0.01405	0.00790	0.00439	0.00615	0.00176	0.00878	0.00615	0.00263	0.00702
17	0.01161	0.29288	0.53427	0.01285	0.01946	0.01495	0.01578	0.01619	0.01086	0.01507	0.00864	0.01011	0.00663	0.00478	0.00441	0.00147	0.00698	0.00349	0.00221	0.00736
18	0.01139	0.01139	0.01595	0.01367	0.01367	0.01595	0.01139	0.01253	0.00798	0.01253	0.00684	0.01139	0.00684	0.00911	0.01709	0.00228	0.80745	0.00456	0.00228	0.00570
19	0.00620	0.00508	0.00547	0.00578	0.00717	0.00435	0.00418	0.00742	0.01138	0.01387	0.04657	0.24660	0.58989	0.01399	0.00628	0.00185	0.00274	0.01197	0.00484	0.00435
20	0.00695	0.00531	0.00638	0.00611	0.00752	0.00474	0.00458	0.00902	0.01375	0.01854	0.53076	0.04276	0.30159	0.01152	0.00615	0.00168	0.00252	0.00996	0.00542	0.00474
21	0.00634	0.00453	0.00604	0.00725	0.00755	0.00423	0.00483	0.00725	0.00997	0.01329	0.02870	0.81358	0.03444	0.01632	0.00665	0.00211	0.00302	0.01480	0.00483	0.00423
22	0.01980	0.01459	0.01563	0.01198	0.01615	0.01615	0.00990	0.76713	0.02448	0.03282	0.01250	0.01250	0.00886	0.00625	0.00521	0.00156	0.00573	0.00469	0.00521	0.00886
23	0.01980	0.01459	0.01563	0.01198	0.01615	0.01615	0.00990	0.76713	0.02448	0.03282	0.01250	0.01250	0.00886	0.00625	0.00521	0.00156	0.00573	0.00469	0.00521	0.00886
24	0.01392	0.82012	0.02729	0.00891	0.01337	0.02061	0.00891	0.01559	0.01058	0.01225	0.00724	0.00835	0.00668	0.00446	0.00334	0.00111	0.00557	0.00278	0.00223	0.00668
25	0.00630	0.00500	0.00567	0.00610	0.00727	0.00436	0.00435	0.00753	0.01132	0.01418	0.08669	0.33827	0.45616	0.01422	0.00634	0.00189	0.00277	0.01234	0.00489	0.00436
26	0.01274	0.01255	0.01669	0.05048	0.38669	0.09511	0.01193	0.01530	0.01157	0.01615	0.00925	0.01181	0.00779	0.00474	0.00536	0.00133	0.05009	0.00400	0.00272	0.27372
27	0.06673	0.01112	0.01747	0.01298	0.01688	0.01072	0.23425	0.01422	0.01061	0.01651	0.00908	0.01172	0.00748	0.00502	0.00686	0.00139	0.14873	0.00425	0.00282	0.39116
28	0.00901	0.00785	0.01132	0.10699	0.01377	0.00924	0.03622	0.03880	0.01067	0.01478	0.10055	0.33139	0.04143	0.01145	0.00923	0.00202	0.22691	0.00934	0.00385	0.00518

[dist]
# distance from previous block
# <min> <max>
0	2

[block]
# block no. 3 follows, 47 sequences, length 29
# corresponding to MSA columns:
# 269-297
name=unknown_D
#
# <colnr> <probs for GDERKNQSTAVLIFYWHMCP>
#	G	D	E	R	K	N	Q	S	T	A	V	L	I	F	Y	W	H	M	C	P
0	0.09678	0.01783	0.32024	0.02274	0.40859	0.01219	0.01621	0.01611	0.01122	0.01745	0.00936	0.01170	0.00734	0.00478	0.00488	0.00159	0.00656	0.00415	0.00249	0.00777
1	0.01260	0.01252	0.02177	0.11483	0.57975	0.02799	0.12203	0.01588	0.01182	0.01648	0.00981	0.01309	0.00803	0.00468	0.00529	0.00159	0.00670	0.00483	0.00256	0.00776
2	0.01327	0.21558	0.05041	0.00946	0.01379	0.16641	0.00821	0.01540	0.01153	0.01494	0.00852	0.00992	0.00721	0.00435	0.00394	0.00101	0.00555	0.00310	0.00275	0.43466
3	0.00707	0.00606	0.00637	0.00576	0.00808	0.00490	0.00439	0.00859	0.01166	0.01464	0.04417	0.04235	0.62942	0.01135	0.00570	0.00156	0.00288	0.00943	0.00449	0.17114
4	0.01317	0.01498	0.32061	0.01052	0.01521	0.00853	0.01133	0.01680	0.01298	0.24413	0.16991	0.02277	0.10175	0.00742	0.00540	0.00165	0.00515	0.00614	0.00443	0.00713
5	0.01290	0.58674	0.25170	0.01066	0.01607	0.01810	0.01195	0.01586	0.01070	0.01350	0.00786	0.00913	0.00666	0.00460	0.00381	0.00127	0.00620	0.00310	0.00222	0.00698
6	0.00629	0.00475	0.00582	0.00668	0.00740	0.00428	0.00458	0.00732	0.01052	0.01352	0.03563	0.59370	0.24986	0.01541	0.00651	0.00201	0.00291	0.01371	0.00483	0.00428
7	0.05490	0.01342	0.01339	0.01099	0.01458	0.09873	0.00882	0.29661	0.23359	0.17622	0.01584	0.01498	0.01127	0.00636	0.00510	0.00161	0.00534	0.00491	0.00512	0.00823
8	0.01147	0.01599	0.24405	0.01715	0.16834	0.01352	0.01412	0.01592	0.09363	0.01561	0.01021	0.03006	0.00864	0.00694	0.00964	0.00189	0.30834	0.00474	0.00270	0.00704
9	0.01605	0.10097	0.01748	0.01704	0.24117	0.01422	0.01108	0.25921	0.16671	0.08346	0.01348	0.01394	0.01015	0.00576	0.00501	0.00155	0.00543	0.00475	0.00422	0.00832
10	0.01070	0.01217	0.10008	0.01752	0.24013	0.01219	0.01213	0.01298	0.01022	0.01459	0.01705	0.01944	0.16037	0.00815	0.01009	0.00189	0.32525	0.00577	0.00286	0.00641
11	0.01116	0.01021	0.01539	0.24958	0.25624	0.00997	0.01162	0.01405	0.01101	0.01590	0.00942	0.01235	0.00765	0.00449	0.00465	0.00129	0.00548	0.00402	0.00270	0.34280
12	0.01196	0.01275	0.10028	0.03443	0.30647	0.01084	0.01189	0.01745	0.16213	0.01781	0.01183	0.01338	0.00939	0.00493	0.00478	0.00138	0.00527	0.00434	0.00322	0.25546
13	0.00687	0.00572	0.00604	0.00589	0.00764	0.00512	0.00444	0.00937	0.06887	0.01580	0.17471	0.04593	0.60062	0.01230	0.00609	0.00174	0.00272	0.01034	0.00502	0.00477
14	0.01080	0.00926	0.01080	0.00771	0.01234	0.00694	0.00617	0.01311	0.01080	0.01697	0.00926	0.01080	0.00771	0.00386	0.00386	0.00077	0.00386	0.00309	0.00309	0.84882
15	0.01856	0.01475	0.01829	0.01385	0.01812	0.06783	0.15896	0.51341	0.02071	0.08419	0.01241	0.01298	0.00882	0.00584	0.00536	0.00159	0.00648	0.00493	0.00462	0.00830
16	0.00630	0.00470	0.00587	0.00682	0.00744	0.00427	0.00464	0.00730	0.01039	0.01346	0.03400	0.64547	0.19913	0.01563	0.00654	0.00204	0.00294	0.01396	0.00483	0.00427
17	0.00640	0.00503	0.00560	0.00594	0.00706	0.00443	0.00416	0.00749	0.01093	0.01362	0.06423	0.27265	0.45610	0.10200	0.00853	0.00222	0.00301	0.01169	0.00468	0.00423
18	0.01045	0.02694	0.79000	0.01484	0.02254	0.01209	0.01924	0.01649	0.01099	0.01649	0.00935	0.01099	0.00660	0.00495	0.00495	0.00165	0.00770	0.00385	0.00220	0.00770
19	0.00660	0.00485	0.00575	0.00635	0.00696	0.00447	0.00419	0.00739	0.00988	0.01271	0.03202	0.42158	0.22746	0.21178	0.01139	0.00274	0.00342	0.01203	0.00442	0.00401
20	0.01229	0.01176	0.02005	0.18450	0.63667	0.01221	0.01568	0.01545	0.01157	0.01628	0.00969	0.01309	0.00799	0.00475	0.00517	0.00158	0.00634	0.00464	0.00253	0.00776
21	0.01080	0.00926	0.01080	0.00771	0.01234	0.00694	0.00617	0.01311	0.01080	0.01697	0.00926	0.01080	0.00771	0.00386	0.00386	0.00077	0.00386	0.00309	0.00309	0.84882
22	0.10408	0.17094	0.01728	0.01199	0.01322	0.01640	0.01027	0.01344	0.00859	0.01366	0.00696	0.01047	0.00667	0.00773	0.01286	0.00198	0.56118	0.00402	0.00237	0.00589
23	0.18088	0.00767	0.00914	0.00769	0.01043	0.00734	0.00615	0.01711	0.01365	0.32739	0.32520	0.02444	0.02609	0.00782	0.00520	0.00162	0.00355	0.00645	0.00552	0.00663
24	0.01330	0.10258	0.01569	0.32732	0.02294	0.24247	0.01092	0.01572	0.01179	0.01375	0.00868	0.01135	0.00700	0.00490	0.00459	0.00136	0.00690	0.00375	0.00257	0.17243
25	0.09323	0.00693	0.00808	0.00933	0.09307	0.00684	0.00599	0.01110	0.08452	0.01561	0.03243	0.20580	0.32406	0.07102	0.00728	0.00204	0.00357	0.00957	0.00435	0.00519
26	0.01223	0.01447	0.18828	0.04840	0.29677	0.01157	0.08654	0.01549	0.01102	0.07261	0.01097	0.01515	0.00918	0.09419	0.00875	0.00206	0.08740	0.00497	0.00281	0.00715
27	0.01246	0.01331	0.02231	0.02212	0.26615	0.08774	0.31284	0.01551	0.01182	0.01573	0.01177	0.10053	0.01072	0.00622	0.00655	0.00173	0.06651	0.00622	0.00284	0.00692
28	0.01139	0.01142	0.06786	0.00902	0.01214	0.09435	0.00757	0.09023	0.08780	0.01964	0.26929	0.02363	0.07468	0.00753	0.00522	0.00143	0.00442	0.00624	0.00440	0.19175

[dist]
# distance from previous block
# <min> <max>
11	64

[block]
# block no. 4 follows, 47 sequences, length 7
# corresponding to MSA columns:
# 372-378
name=unknown_E
#
# <colnr> <probs for GDERKNQSTAVLIFYWHMCP>
#	G	D	E	R	K	N	Q	S	T	A	V	L	I	F	Y	W	H	M	C	P
0	0.01182	0.00775	0.01039	0.01057	0.09040	0.00794	0.00695	0.16854	0.01129	0.01537	0.00987	0.01452	0.00884	0.01333	0.01457	0.52996	0.00491	0.00448	0.00297	0.05553
1	0.01396	0.01395	0.09993	0.07404	0.39753	0.01264	0.06355	0.15821	0.01414	0.04608	0.01062	0.01282	0.00822	0.00502	0.00515	0.00155	0.00631	0.00461	0.00318	0.04849
2	0.01729	0.23253	0.09791	0.00999	0.01446	0.09761	0.00927	0.01960	0.01274	0.30561	0.01284	0.01261	0.00916	0.00527	0.00444	0.00133	0.00554	0.00392	0.00398	0.12389
3	0.00997	0.00628	0.00806	0.00746	0.00837	0.00647	0.00533	0.01112	0.01076	0.12101	0.21456	0.12336	0.02640	0.31379	0.01493	0.00304	0.09166	0.00826	0.00438	0.00480
4	0.00759	0.00757	0.09169	0.00698	0.00844	0.00578	0.00565	0.00911	0.01021	0.01382	0.17706	0.03434	0.15593	0.36870	0.07228	0.00365	0.00504	0.00799	0.00384	0.00433
5	0.06409	0.01191	0.01298	0.01072	0.01340	0.03976	0.00864	0.40940	0.01812	0.02513	0.12374	0.09486	0.01665	0.00816	0.00699	0.00172	0.11578	0.00620	0.00464	0.00711
6	0.01257	0.09497	0.29746	0.01494	0.09779	0.18809	0.04855	0.01601	0.01161	0.01465	0.01059	0.05851	0.00919	0.00932	0.09132	0.00229	0.00818	0.00466	0.00259	0.00672

[dist]
# distance from previous block
# <min> <max>
14	72

[block]
# block no. 5 follows, 47 sequences, length 7
# corresponding to MSA columns:
# 472-478
name=unknown_F
#
# <colnr> <probs for GDERKNQSTAVLIFYWHMCP>
#	G	D	E	R	K	N	Q	S	T	A	V	L	I	F	Y	W	H	M	C	P
0	0.14357	0.01164	0.01580	0.08158	0.26851	0.03001	0.03707	0.14284	0.01378	0.13398	0.01152	0.01310	0.00863	0.00642	0.03210	0.00180	0.00594	0.00446	0.00370	0.03355
1	0.04321	0.00554	0.00747	0.06235	0.01002	0.00577	0.00593	0.00876	0.01041	0.01467	0.13217	0.50630	0.03034	0.01630	0.08644	0.00264	0.03112	0.01155	0.00443	0.00459
2	0.10334	0.01173	0.01416	0.09068	0.01541	0.07695	0.01028	0.01354	0.00916	0.01424	0.00769	0.01138	0.00699	0.00836	0.03647	0.00211	0.46997	0.00416	0.00252	0.09085
3	0.10617	0.01335	0.01337	0.01147	0.01467	0.13986	0.06947	0.02416	0.45197	0.07487	0.01663	0.01605	0.01242	0.00629	0.00504	0.00167	0.00537	0.00512	0.00451	0.00755
4	0.09696	0.14176	0.04268	0.00944	0.04563	0.05189	0.00762	0.15811	0.01424	0.01927	0.10987	0.02533	0.24107	0.00820	0.00505	0.00155	0.00453	0.00649	0.00411	0.00620
5	0.00875	0.00747	0.01209	0.09643	0.01390	0.00820	0.12019	0.01046	0.00887	0.01224	0.01330	0.02294	0.01324	0.30146	0.26722	0.00507	0.06450	0.00619	0.00281	0.00468
6	0.03090	0.00868	0.01127	0.00927	0.01181	0.00866	0.08858	0.16421	0.05248	0.06006	0.19197	0.03036	0.20838	0.09062	0.00786	0.00201	0.00433	0.00776	0.00477	0.00602

[dist]
# distance from previous block
# <min> <max>
6	49

[block]
# block no. 6 follows, 47 sequences, length 7
# corresponding to MSA columns:
# 533-539
name=unknown_G
#
# <colnr> <probs for GDERKNQSTAVLIFYWHMCP>
#	G	D	E	R	K	N	Q	S	T	A	V	L	I	F	Y	W	H	M	C	P
0	0.01103	0.01019	0.01672	0.02451	0.55651	0.01005	0.01265	0.01364	0.01182	0.01657	0.07543	0.12889	0.07490	0.00739	0.00552	0.00165	0.00518	0.00691	0.00331	0.00714
1	0.01135	0.01076	0.01491	0.14059	0.30925	0.06004	0.01132	0.01488	0.07528	0.01591	0.01502	0.12586	0.04671	0.00687	0.00522	0.00157	0.00543	0.00615	0.00325	0.11963
2	0.04886	0.00839	0.01102	0.01153	0.11776	0.00834	0.02587	0.07190	0.07717	0.07828	0.12571	0.12861	0.03890	0.12500	0.03289	0.00233	0.00466	0.00727	0.00428	0.07125
3	0.05190	0.01009	0.01047	0.00885	0.01159	0.08507	0.00691	0.15391	0.01521	0.12380	0.23177	0.11279	0.02323	0.00820	0.00532	0.00153	0.00434	0.00683	0.00485	0.12334
4	0.00941	0.00843	0.01007	0.01048	0.06879	0.05615	0.00726	0.01187	0.07482	0.01374	0.02056	0.14867	0.11869	0.11911	0.15299	0.00344	0.12308	0.00761	0.00356	0.03127
5	0.01397	0.01220	0.01212	0.01062	0.01347	0.08877	0.00834	0.17937	0.40418	0.02157	0.01859	0.01857	0.04915	0.01130	0.11126	0.00257	0.00622	0.00559	0.00467	0.00749
6	0.01245	0.01074	0.01155	0.00993	0.01326	0.01156	0.00776	0.02430	0.59810	0.02067	0.01843	0.01743	0.01400	0.00632	0.00496	0.00154	0.00406	0.00524	0.00479	0.20289

[dist]
# distance from previous block
# <min> <max>
0	2

[block]
# block no. 7 follows, 47 sequences, length 7
# corresponding to MSA columns:
# 542-548
name=unknown_H
#
# <colnr> <probs for GDERKNQSTAVLIFYWHMCP>
#	G	D	E	R	K	N	Q	S	T	A	V	L	I	F	Y	W	H	M	C	P
0	0.00738	0.00559	0.00740	0.00769	0.00820	0.00587	0.00539	0.00836	0.00910	0.01257	0.02115	0.42593	0.02434	0.17535	0.14404	0.00369	0.07227	0.01047	0.00387	0.04135
1	0.01289	0.01237	0.02114	0.03196	0.78450	0.01237	0.01598	0.01598	0.01186	0.01701	0.00980	0.01289	0.00825	0.00464	0.00516	0.00155	0.00619	0.00464	0.00258	0.00825
2	0.01303	0.01386	0.01663	0.01673	0.14490	0.14880	0.01194	0.01453	0.00979	0.01333	0.00755	0.01130	0.00705	0.00771	0.01294	0.00199	0.53495	0.00437	0.00240	0.00619
3	0.00838	0.00717	0.00806	0.00785	0.00878	0.06708	0.00578	0.00962	0.00924	0.01201	0.02032	0.02749	0.14422	0.21924	0.37550	0.00560	0.04930	0.00676	0.00319	0.00440
4	0.01812	0.01408	0.01519	0.01503	0.16156	0.14506	0.01022	0.24194	0.05144	0.18635	0.01308	0.01334	0.00947	0.00567	0.00501	0.00148	0.00593	0.00449	0.00437	0.07817
5	0.01579	0.01211	0.01199	0.01031	0.01311	0.14351	0.00813	0.15450	0.15394	0.16872	0.07921	0.01796	0.01470	0.01291	0.15603	0.00288	0.00710	0.00535	0.00462	0.00714
6	0.01247	0.01230	0.01349	0.01455	0.19376	0.14232	0.00916	0.01561	0.07050	0.01626	0.01208	0.09367	0.01103	0.00582	0.00470	0.00126	0.00528	0.00491	0.00325	0.35759

[dist]
# distance from previous block
# <min> <max>
3	21

[block]
# block no. 8 follows, 47 sequences, length 13
# corresponding to MSA columns:
# 570-582
name=unknown_I
#
# <colnr> <probs for GDERKNQSTAVLIFYWHMCP>
#	G	D	E	R	K	N	Q	S	T	A	V	L	I	F	Y	W	H	M	C	P
0	0.01611	0.01163	0.01279	0.00994	0.01365	0.06985	0.00805	0.19024	0.01503	0.18269	0.04085	0.01364	0.01046	0.00578	0.00576	0.00134	0.07482	0.00429	0.00428	0.30880
1	0.01024	0.00973	0.01608	0.65949	0.09085	0.01211	0.01425	0.01343	0.01026	0.01351	0.00903	0.01354	0.00703	0.00559	0.00649	0.00178	0.09369	0.00462	0.00233	0.00596
2	0.01219	0.01049	0.01151	0.00895	0.01249	0.07300	0.00716	0.01416	0.01113	0.07488	0.01313	0.01441	0.06924	0.00566	0.00607	0.00117	0.11723	0.00411	0.00334	0.52969
3	0.01294	0.59550	0.24328	0.01059	0.01596	0.01820	0.01184	0.01585	0.01070	0.01345	0.00784	0.00910	0.00666	0.00459	0.00380	0.00127	0.00617	0.00309	0.00222	0.00697
4	0.00744	0.00558	0.00837	0.00837	0.00930	0.00651	0.00651	0.00930	0.00837	0.01209	0.01395	0.02046	0.01302	0.03906	0.79635	0.00837	0.01395	0.00558	0.00279	0.00465
5	0.04609	0.01214	0.01357	0.01056	0.01440	0.01282	0.00868	0.48968	0.02057	0.21157	0.05441	0.01683	0.05087	0.00682	0.00525	0.00159	0.00505	0.00531	0.00545	0.00833
6	0.01960	0.01554	0.01519	0.01199	0.01590	0.11878	0.00975	0.60301	0.05644	0.06252	0.01265	0.01263	0.00906	0.00618	0.00515	0.00154	0.00609	0.00459	0.00493	0.00846
7	0.00744	0.00558	0.00837	0.00837	0.00930	0.00651	0.00651	0.00930	0.00837	0.01209	0.01395	0.02046	0.01302	0.03906	0.79635	0.00837	0.01395	0.00558	0.00279	0.00465
8	0.00757	0.00505	0.00568	0.00568	0.00568	0.00505	0.00316	0.00757	0.00757	0.01010	0.01641	0.03408	0.01893	0.81698	0.02651	0.00505	0.00505	0.00757	0.00316	0.00316
9	0.01211	0.01293	0.02434	0.14471	0.17749	0.03308	0.39216	0.01564	0.01147	0.01564	0.00969	0.01336	0.00767	0.00514	0.00704	0.00176	0.10099	0.00535	0.00253	0.00689
10	0.03491	0.00986	0.01418	0.49061	0.02699	0.01126	0.01178	0.07103	0.09598	0.06872	0.01152	0.01415	0.00853	0.00540	0.00501	0.00160	0.00593	0.00458	0.00325	0.10472
11	0.04868	0.01102	0.01671	0.04219	0.44171	0.01156	0.01238	0.06754	0.01235	0.01791	0.07393	0.01736	0.07055	0.00636	0.00647	0.00163	0.09231	0.00536	0.00320	0.04078
12	0.12303	0.04387	0.04266	0.01015	0.04735	0.09501	0.00796	0.01808	0.14336	0.10494	0.07249	0.01579	0.03265	0.00586	0.00458	0.00138	0.00477	0.00458	0.00398	0.21750

[dist]
# distance from previous block
# <min> <max>
12	51

[block]
# block no. 9 follows, 47 sequences, length 31
# corresponding to MSA columns:
# 637-644,658-667,669-681
name=unknown_J
#
# <colnr> <probs for GDERKNQSTAVLIFYWHMCP>
#	G	D	E	R	K	N	Q	S	T	A	V	L	I	F	Y	W	H	M	C	P
0	0.01516	0.45779	0.07094	0.01059	0.01459	0.19918	0.00977	0.08973	0.01283	0.01466	0.00872	0.02347	0.00764	0.00652	0.03706	0.00156	0.00692	0.00349	0.00269	0.00668
1	0.01123	0.08219	0.60715	0.01369	0.02037	0.01196	0.04043	0.01640	0.01151	0.05865	0.06925	0.01341	0.01026	0.00541	0.00498	0.00161	0.00699	0.00435	0.00272	0.00745
2	0.01229	0.01405	0.03073	0.02195	0.02722	0.01317	0.76558	0.01668	0.01229	0.01668	0.01054	0.01405	0.00790	0.00439	0.00615	0.00176	0.00878	0.00615	0.00263	0.00702
3	0.21509	0.17440	0.01643	0.13045	0.15956	0.10665	0.01039	0.03982	0.01143	0.01693	0.00981	0.01407	0.00858	0.00560	0.00444	0.00154	0.00592	0.05955	0.00289	0.00644
4	0.01661	0.01010	0.07865	0.12203	0.01632	0.00861	0.00919	0.05490	0.03844	0.39730	0.17106	0.02068	0.01872	0.00700	0.00539	0.00164	0.00472	0.00587	0.00526	0.00751
5	0.02336	0.00886	0.01209	0.00927	0.01329	0.00765	0.00765	0.02538	0.01491	0.78810	0.02055	0.01773	0.01289	0.00645	0.00524	0.00161	0.00443	0.00524	0.00645	0.00886
6	0.01980	0.01459	0.01563	0.01198	0.01615	0.01615	0.00990	0.76713	0.02448	0.03282	0.01250	0.01250	0.00886	0.00625	0.00521	0.00156	0.00573	0.00469	0.00521	0.00886
7	0.01995	0.01106	0.01747	0.01298	0.01735	0.01034	0.20584	0.13225	0.01563	0.47560	0.01675	0.01600	0.01099	0.00588	0.00547	0.00164	0.00576	0.00539	0.00527	0.00838
8	0.01436	0.01223	0.01751	0.29297	0.05857	0.01368	0.11160	0.30067	0.08677	0.02209	0.01178	0.01385	0.00868	0.00564	0.00534	0.00167	0.00643	0.00497	0.00374	0.00745
9	0.00726	0.00522	0.00707	0.00822	0.00899	0.00503	0.00640	0.00886	0.01096	0.01436	0.02927	0.43948	0.06578	0.01531	0.00687	0.00223	0.00380	0.34560	0.00482	0.00449
10	0.00708	0.00531	0.00656	0.00625	0.00760	0.00479	0.00469	0.00927	0.01406	0.01927	0.60908	0.04156	0.22281	0.01125	0.00615	0.00167	0.00250	0.00979	0.00552	0.00479
11	0.01225	0.01444	0.05635	0.02200	0.04893	0.01311	0.71847	0.01665	0.01223	0.01668	0.01047	0.01391	0.00787	0.00442	0.00608	0.00175	0.00867	0.00602	0.00262	0.00708
12	0.01882	0.01493	0.01491	0.01186	0.01571	0.08765	0.00963	0.57541	0.13385	0.04350	0.01352	0.01333	0.00977	0.00629	0.00518	0.00157	0.00581	0.00475	0.00501	0.00851
13	0.00824	0.00589	0.00822	0.00942	0.01055	0.00586	0.00813	0.01053	0.01184	0.01542	0.02766	0.11423	0.03030	0.01453	0.00715	0.00238	0.00466	0.69544	0.00480	0.00475
14	0.00727	0.00502	0.00670	0.00701	0.00780	0.00471	0.00508	0.00864	0.01197	0.01644	0.36854	0.29612	0.05582	0.01373	0.00801	0.09859	0.00306	0.06620	0.00494	0.00436
15	0.01447	0.01287	0.01634	0.28589	0.12692	0.07255	0.01247	0.26529	0.01534	0.02018	0.01004	0.01267	0.00773	0.00594	0.00652	0.00168	0.09806	0.00455	0.00334	0.00715
16	0.01044	0.00977	0.01652	0.32834	0.17320	0.01067	0.11483	0.01417	0.06680	0.01475	0.01291	0.08552	0.01173	0.09880	0.00789	0.00211	0.00628	0.00615	0.00294	0.00618
17	0.01381	0.45822	0.02663	0.01517	0.10527	0.01740	0.20731	0.07117	0.01220	0.01546	0.00878	0.01066	0.00734	0.00459	0.00442	0.00136	0.00649	0.00401	0.00259	0.00711
18	0.01284	0.01312	0.02025	0.10505	0.44211	0.08036	0.10395	0.01574	0.01157	0.01575	0.00935	0.01259	0.00777	0.00517	0.00645	0.00162	0.09099	0.00464	0.00255	0.03812
19	0.01324	0.01190	0.01801	0.01994	0.30928	0.03628	0.11660	0.12766	0.02751	0.03318	0.03629	0.01615	0.01097	0.00798	0.06342	0.00203	0.00664	0.03595	0.00337	0.10361
20	0.07297	0.01050	0.01474	0.24509	0.05189	0.01356	0.01154	0.01473	0.09655	0.01478	0.00957	0.01318	0.00807	0.00820	0.03594	0.00218	0.36304	0.00464	0.00273	0.00608
21	0.01143	0.00928	0.01010	0.06978	0.04713	0.11841	0.00830	0.01345	0.01242	0.10288	0.02634	0.09564	0.15441	0.01101	0.00615	0.00194	0.00512	0.28623	0.00441	0.00555
22	0.02723	0.00611	0.00785	0.00755	0.00896	0.00594	0.00575	0.01163	0.03122	0.10900	0.34582	0.21530	0.09197	0.01161	0.00662	0.00183	0.03876	0.05628	0.00527	0.00531
23	0.01104	0.00948	0.01091	0.00804	0.01248	0.00763	0.00641	0.01478	0.09810	0.01752	0.01062	0.01178	0.00865	0.00422	0.00402	0.00088	0.00389	0.00341	0.00334	0.75281
24	0.00780	0.00568	0.00756	0.03298	0.00966	0.00555	0.00643	0.00987	0.01231	0.01650	0.27990	0.06140	0.08987	0.10447	0.00890	0.00237	0.00392	0.32534	0.00485	0.00464
25	0.00885	0.00661	0.00920	0.00878	0.01008	0.00761	0.00690	0.09586	0.01021	0.01446	0.01378	0.01955	0.01254	0.03531	0.70598	0.00759	0.01301	0.00548	0.00307	0.00513
26	0.02154	0.00846	0.01150	0.00896	0.01266	0.00734	0.00734	0.02360	0.01489	0.70047	0.10749	0.02014	0.01703	0.00693	0.00534	0.00161	0.00421	0.00571	0.00636	0.00841
27	0.17502	0.01297	0.01507	0.29313	0.20443	0.14944	0.01208	0.01628	0.04514	0.01640	0.00932	0.01206	0.00736	0.00511	0.00473	0.00160	0.00651	0.00411	0.00275	0.00650
28	0.18862	0.01353	0.01259	0.13784	0.01663	0.21602	0.00927	0.01563	0.01089	0.04010	0.00886	0.01146	0.00732	0.00814	0.06455	0.00206	0.12771	0.00382	0.00285	0.10211
29	0.01040	0.01006	0.01119	0.01032	0.01111	0.12528	0.00803	0.01172	0.00908	0.01205	0.01131	0.01799	0.01106	0.13054	0.34463	0.00508	0.24731	0.00522	0.00267	0.00496
30	0.08974	0.01085	0.01407	0.01290	0.09943	0.01113	0.06145	0.26371	0.01620	0.18916	0.04584	0.10668	0.01416	0.03339	0.00599	0.00177	0.00510	0.00618	0.00474	0.00751

[dist]
# distance from previous block
# <min> <max>
0	21

# created by:
# /st0/software/busco_prod/Augustus/scripts/msa2prfl.pl ./align_prep/66766.fa
