[name]
unknown

[dist]
# distance from previous block
# <min> <max>
0	97

[block]
# block no. 0 follows, 47 sequences, length 12
# corresponding to MSA columns:
# 97-108
name=unknown_A
#
# <colnr> <probs for GDERKNQSTAVLIFYWHMCP>
#	G	D	E	R	K	N	Q	S	T	A	V	L	I	F	Y	W	H	M	C	P
0	0.00783	0.00559	0.00775	0.00895	0.00990	0.00551	0.00741	0.00982	0.01143	0.01495	0.02788	0.26652	0.03120	0.01492	0.00704	0.00232	0.00431	0.54722	0.00481	0.00464
1	0.00848	0.00691	0.00773	0.00764	0.00929	0.00707	0.00565	0.01398	0.24779	0.01717	0.13586	0.24925	0.23938	0.01181	0.00602	0.00184	0.00318	0.01025	0.00510	0.00561
2	0.00839	0.00599	0.00839	0.00959	0.01079	0.00599	0.00839	0.01079	0.01199	0.01558	0.02757	0.05874	0.02997	0.01439	0.00719	0.00240	0.00480	0.74945	0.00480	0.00480
3	0.01306	0.62229	0.21751	0.01039	0.01565	0.01848	0.01149	0.01582	0.01068	0.01331	0.00777	0.00901	0.00666	0.00458	0.00374	0.00125	0.00610	0.00305	0.00222	0.00694
4	0.01562	0.01393	0.01240	0.01034	0.01339	0.18151	0.00819	0.37074	0.01875	0.02333	0.09436	0.02238	0.17684	0.00796	0.00539	0.00156	0.00555	0.00620	0.00463	0.00692
5	0.07779	0.01141	0.01271	0.05524	0.15751	0.11459	0.00935	0.13546	0.01378	0.07236	0.01759	0.19241	0.04964	0.00865	0.00545	0.00172	0.00536	0.04840	0.00404	0.00652
6	0.01167	0.01211	0.02178	0.01609	0.01995	0.01211	0.37973	0.01473	0.01087	0.01579	0.00932	0.01253	0.00760	0.00535	0.00808	0.00161	0.19466	0.00493	0.00267	0.23843
7	0.01709	0.01226	0.01538	0.01194	0.01536	0.01333	0.06229	0.36969	0.01754	0.14768	0.01394	0.01457	0.03892	0.00673	0.00732	0.00165	0.14811	0.00497	0.00452	0.07671
8	0.01015	0.01113	0.07088	0.20307	0.02080	0.01190	0.14353	0.01271	0.00991	0.01387	0.01242	0.16579	0.01231	0.00844	0.00948	0.00198	0.26624	0.00676	0.00283	0.00581
9	0.04650	0.00951	0.01036	0.06476	0.01330	0.08622	0.00772	0.04959	0.04058	0.21784	0.02442	0.07055	0.14651	0.00924	0.00564	0.00176	0.00480	0.14539	0.00476	0.04055
10	0.01557	0.07430	0.01439	0.01193	0.01424	0.41573	0.00935	0.04757	0.08729	0.01456	0.01355	0.04544	0.05659	0.00728	0.00668	0.00160	0.11958	0.03496	0.00324	0.00614
11	0.03326	0.17752	0.01904	0.01182	0.01581	0.01153	0.21846	0.04166	0.01246	0.01750	0.17400	0.01719	0.01638	0.00569	0.00491	0.00135	0.00536	0.00528	0.00343	0.20735

[dist]
# distance from previous block
# <min> <max>
1	34

[block]
# block no. 1 follows, 47 sequences, length 9
# corresponding to MSA columns:
# 144-152
name=unknown_B
#
# <colnr> <probs for GDERKNQSTAVLIFYWHMCP>
#	G	D	E	R	K	N	Q	S	T	A	V	L	I	F	Y	W	H	M	C	P
0	0.00665	0.00537	0.00599	0.00623	0.00777	0.00471	0.00485	0.00823	0.01203	0.01485	0.10711	0.09017	0.55315	0.01335	0.00636	0.00188	0.00302	0.13889	0.00490	0.00450
1	0.01818	0.01368	0.01320	0.01088	0.01417	0.15380	0.00865	0.34266	0.04405	0.17550	0.05832	0.09416	0.01430	0.00740	0.00532	0.00160	0.00563	0.00586	0.00499	0.00765
2	0.12878	0.01104	0.01156	0.00948	0.01315	0.01158	0.00756	0.14312	0.32791	0.02243	0.01444	0.01432	0.01099	0.00571	0.00459	0.00143	0.00430	0.00447	0.00437	0.24878
3	0.04922	0.01100	0.01267	0.01014	0.01346	0.01165	0.00822	0.19895	0.15048	0.09688	0.04680	0.01465	0.01157	0.00632	0.00647	0.00150	0.11458	0.00465	0.00433	0.22645
4	0.01246	0.00908	0.01083	0.08721	0.01403	0.00862	0.00736	0.16263	0.01395	0.07846	0.01871	0.05671	0.11496	0.00700	0.00489	0.00137	0.00429	0.02899	0.07028	0.28818
5	0.01269	0.00949	0.01192	0.00902	0.01312	0.00814	0.05342	0.04072	0.09628	0.12348	0.01662	0.01686	0.08623	0.00560	0.00462	0.00118	0.00421	0.00472	0.00401	0.47769
6	0.01599	0.22035	0.01902	0.01183	0.01566	0.12001	0.11533	0.02009	0.12972	0.17817	0.01286	0.01325	0.00965	0.00556	0.00525	0.00147	0.04096	0.00442	0.00376	0.05664
7	0.09599	0.03737	0.05555	0.01227	0.01566	0.01274	0.13553	0.16567	0.06709	0.06203	0.01167	0.01332	0.00895	0.00606	0.00687	0.00164	0.14030	0.00466	0.08719	0.05945
8	0.06394	0.09262	0.01985	0.01371	0.01780	0.04684	0.24697	0.09269	0.01296	0.11809	0.01086	0.01251	0.00821	0.00528	0.00609	0.00152	0.08202	0.00460	0.00342	0.14002

[dist]
# distance from previous block
# <min> <max>
12	45

[block]
# block no. 2 follows, 47 sequences, length 22
# corresponding to MSA columns:
# 205-226
name=unknown_C
#
# <colnr> <probs for GDERKNQSTAVLIFYWHMCP>
#	G	D	E	R	K	N	Q	S	T	A	V	L	I	F	Y	W	H	M	C	P
0	0.04233	0.01204	0.01740	0.02331	0.48299	0.03763	0.01276	0.01886	0.16013	0.07105	0.01257	0.01410	0.00988	0.00522	0.00503	0.00154	0.00555	0.00472	0.00343	0.05946
1	0.01497	0.01292	0.01248	0.01086	0.01403	0.10706	0.00849	0.09539	0.53127	0.07187	0.01826	0.01710	0.01359	0.00661	0.00515	0.00164	0.00492	0.00531	0.00496	0.04314
2	0.17766	0.01113	0.01143	0.00980	0.01312	0.01242	0.00780	0.11601	0.44057	0.07966	0.01679	0.01590	0.01242	0.00633	0.00481	0.00165	0.00431	0.00496	0.00486	0.04837
3	0.13665	0.00697	0.00784	0.00798	0.00951	0.00731	0.00587	0.01365	0.15849	0.06084	0.05493	0.44194	0.02578	0.01195	0.00578	0.00193	0.00349	0.02876	0.00481	0.00553
4	0.01289	0.01237	0.02114	0.03196	0.78450	0.01237	0.01598	0.01598	0.01186	0.01701	0.00980	0.01289	0.00825	0.00464	0.00516	0.00155	0.00619	0.00464	0.00258	0.00825
5	0.00983	0.00926	0.01562	0.80447	0.03587	0.01157	0.01446	0.01331	0.01041	0.01331	0.00926	0.01388	0.00694	0.00521	0.00521	0.00174	0.00694	0.00463	0.00231	0.00579
6	0.02052	0.01343	0.01491	0.01143	0.01557	0.01444	0.00945	0.61745	0.02255	0.18523	0.01413	0.01356	0.00967	0.00629	0.00522	0.00157	0.00547	0.00480	0.00546	0.00886
7	0.00757	0.00505	0.00568	0.00568	0.00568	0.00505	0.00316	0.00757	0.00757	0.01010	0.01641	0.03408	0.01893	0.81698	0.02651	0.00505	0.00505	0.00757	0.00316	0.00316
8	0.01392	0.82012	0.02729	0.00891	0.01337	0.02061	0.00891	0.01559	0.01058	0.01225	0.00724	0.00835	0.00668	0.00446	0.00334	0.00111	0.00557	0.00278	0.00223	0.00668
9	0.00737	0.00532	0.00696	0.00655	0.00778	0.00491	0.00491	0.00983	0.01474	0.02088	0.78175	0.03890	0.04914	0.01065	0.00614	0.00164	0.00246	0.00942	0.00573	0.00491
10	0.02336	0.00886	0.01209	0.00927	0.01329	0.00765	0.00765	0.02538	0.01491	0.78810	0.02055	0.01773	0.01289	0.00645	0.00524	0.00161	0.00443	0.00524	0.00645	0.00886
11	0.00757	0.00505	0.00568	0.00568	0.00568	0.00505	0.00316	0.00757	0.00757	0.01010	0.01641	0.03408	0.01893	0.81698	0.02651	0.00505	0.00505	0.00757	0.00316	0.00316
12	0.00634	0.00453	0.00604	0.00725	0.00755	0.00423	0.00483	0.00725	0.00997	0.01329	0.02870	0.81358	0.03444	0.01632	0.00665	0.00211	0.00302	0.01480	0.00483	0.00423
13	0.00839	0.00599	0.00839	0.00959	0.01079	0.00599	0.00839	0.01079	0.01199	0.01558	0.02757	0.05874	0.02997	0.01439	0.00719	0.00240	0.00480	0.74945	0.00480	0.00480
14	0.00773	0.00552	0.00763	0.00884	0.00975	0.00543	0.00724	0.00965	0.01134	0.01485	0.02794	0.30211	0.03141	0.01501	0.00702	0.00231	0.00422	0.51259	0.00481	0.00461
15	0.01080	0.00926	0.01080	0.00771	0.01234	0.00694	0.00617	0.01311	0.01080	0.01697	0.00926	0.01080	0.00771	0.00386	0.00386	0.00077	0.00386	0.00309	0.00309	0.84882
16	0.01392	0.82012	0.02729	0.00891	0.01337	0.02061	0.00891	0.01559	0.01058	0.01225	0.00724	0.00835	0.00668	0.00446	0.00334	0.00111	0.00557	0.00278	0.00223	0.00668
17	0.01058	0.05692	0.76117	0.01462	0.02219	0.01242	0.01885	0.01646	0.01098	0.01633	0.00927	0.01089	0.00660	0.00493	0.00489	0.00163	0.00762	0.00381	0.00220	0.00766
18	0.01119	0.01064	0.01807	0.46212	0.36763	0.01193	0.01514	0.01449	0.01105	0.01495	0.00950	0.01344	0.00752	0.00496	0.00518	0.00165	0.00661	0.00463	0.00243	0.00688
19	0.00633	0.00482	0.00575	0.00647	0.00728	0.00433	0.00444	0.00735	0.01054	0.01342	0.03680	0.50180	0.30346	0.05262	0.00740	0.00212	0.00298	0.01309	0.00476	0.00424
20	0.04800	0.01197	0.01834	0.02494	0.53761	0.01217	0.01347	0.08214	0.07388	0.10823	0.01208	0.01376	0.00934	0.00519	0.00510	0.00158	0.00569	0.00474	0.00349	0.00827
21	0.05501	0.01265	0.02069	0.06552	0.02095	0.06117	0.34361	0.01955	0.10034	0.18155	0.01330	0.01474	0.00958	0.00553	0.00617	0.00172	0.05149	0.00540	0.00375	0.00728

[dist]
# distance from previous block
# <min> <max>
22	121

[block]
# block no. 3 follows, 47 sequences, length 10
# corresponding to MSA columns:
# 357-366
name=unknown_D
#
# <colnr> <probs for GDERKNQSTAVLIFYWHMCP>
#	G	D	E	R	K	N	Q	S	T	A	V	L	I	F	Y	W	H	M	C	P
0	0.18013	0.01168	0.01027	0.01094	0.08073	0.19273	0.00745	0.01458	0.06400	0.01715	0.12092	0.21450	0.03711	0.00892	0.00520	0.00168	0.00499	0.00737	0.00396	0.00567
1	0.11107	0.01131	0.01267	0.09656	0.03799	0.11768	0.06787	0.12104	0.01344	0.07064	0.01831	0.16936	0.07616	0.00855	0.00543	0.00174	0.00552	0.04451	0.00400	0.00616
2	0.01419	0.05541	0.25429	0.01347	0.01829	0.21903	0.09138	0.03809	0.01249	0.05502	0.00954	0.01115	0.00733	0.00516	0.00545	0.00146	0.05068	0.00393	0.00281	0.13083
3	0.01531	0.12317	0.37407	0.01274	0.01821	0.19097	0.01372	0.01899	0.01252	0.15704	0.01084	0.01153	0.00779	0.00526	0.00474	0.00150	0.00721	0.00386	0.00309	0.00741
4	0.01168	0.01028	0.01298	0.43751	0.02453	0.11734	0.01101	0.01413	0.01134	0.08833	0.01460	0.19536	0.01374	0.00787	0.00547	0.00176	0.00614	0.00682	0.00334	0.00576
5	0.01059	0.01093	0.01440	0.26898	0.02118	0.14108	0.12545	0.01294	0.01127	0.01372	0.01614	0.29660	0.01680	0.00905	0.00578	0.00181	0.00625	0.00825	0.00332	0.00547
6	0.01593	0.01208	0.01586	0.34334	0.02456	0.11872	0.07951	0.06959	0.01343	0.23656	0.01266	0.01429	0.00883	0.00558	0.00523	0.00164	0.00664	0.00477	0.00377	0.00702
7	0.00920	0.00819	0.00907	0.00889	0.01007	0.11494	0.00685	0.01102	0.00938	0.01255	0.01329	0.01888	0.01217	0.03276	0.64758	0.00704	0.01274	0.00524	0.04528	0.00485
8	0.00886	0.00714	0.00873	0.00771	0.01038	0.00584	0.00593	0.01069	0.01072	0.01548	0.01954	0.28263	0.04709	0.00963	0.00528	0.00146	0.00366	0.10183	0.00394	0.43347
9	0.00962	0.00959	0.01840	0.01409	0.01705	0.00898	0.39089	0.01215	0.01087	0.01439	0.01998	0.12491	0.12021	0.19213	0.01085	0.00255	0.00636	0.00823	0.00333	0.00543

[dist]
# distance from previous block
# <min> <max>
1	4

[block]
# block no. 4 follows, 47 sequences, length 13
# corresponding to MSA columns:
# 372-384
name=unknown_E
#
# <colnr> <probs for GDERKNQSTAVLIFYWHMCP>
#	G	D	E	R	K	N	Q	S	T	A	V	L	I	F	Y	W	H	M	C	P
0	0.28690	0.01432	0.01214	0.01019	0.01363	0.17185	0.00815	0.22880	0.08876	0.08258	0.01130	0.01161	0.00835	0.00566	0.00445	0.00154	0.00563	0.00394	0.00412	0.02609
1	0.18725	0.00925	0.01071	0.00820	0.01229	0.00821	0.00669	0.01878	0.01215	0.34653	0.01365	0.01327	0.00950	0.00516	0.00432	0.00130	0.00414	0.00395	0.00454	0.32011
2	0.00983	0.00926	0.01562	0.80447	0.03587	0.01157	0.01446	0.01331	0.01041	0.01331	0.00926	0.01388	0.00694	0.00521	0.00521	0.00174	0.00694	0.00463	0.00231	0.00579
3	0.00713	0.00504	0.00606	0.00620	0.00677	0.00478	0.00405	0.00811	0.01044	0.01408	0.23101	0.19520	0.10581	0.35530	0.01491	0.00320	0.00369	0.00988	0.00436	0.00398
4	0.00722	0.00537	0.00790	0.00814	0.00894	0.00605	0.00617	0.00888	0.00869	0.01233	0.01694	0.18144	0.01737	0.03444	0.63606	0.00710	0.01173	0.00745	0.00320	0.00456
5	0.01363	0.31896	0.34960	0.01206	0.01784	0.01608	0.01351	0.16852	0.01358	0.01823	0.00920	0.01032	0.00709	0.00503	0.00440	0.00143	0.00651	0.00362	0.00282	0.00756
6	0.01316	0.31299	0.01963	0.01142	0.01372	0.10132	0.00992	0.01461	0.00989	0.01279	0.00730	0.01000	0.00683	0.00657	0.00962	0.00163	0.36139	0.00366	0.00237	0.07117
7	0.01120	0.01313	0.16921	0.00939	0.01461	0.00847	0.00902	0.05366	0.01156	0.01771	0.00945	0.01093	0.00755	0.00420	0.00415	0.00099	0.00474	0.00332	0.00302	0.63368
8	0.01283	0.00903	0.01013	0.00898	0.01107	0.00967	0.00670	0.20337	0.18896	0.07916	0.01935	0.18228	0.01840	0.20340	0.01064	0.00256	0.00455	0.00775	0.00476	0.00641
9	0.27912	0.00731	0.00795	0.00741	0.00956	0.00742	0.00568	0.01395	0.01148	0.17513	0.15606	0.25661	0.02357	0.00964	0.00518	0.00177	0.00353	0.00808	0.00481	0.00574
10	0.09881	0.00665	0.00768	0.00730	0.00892	0.00656	0.00561	0.04814	0.01213	0.04873	0.22321	0.05019	0.09395	0.17403	0.00999	0.00244	0.00391	0.14501	0.00456	0.04218
11	0.00893	0.00577	0.00701	0.00712	0.00854	0.00531	0.00550	0.01034	0.01129	0.09736	0.03369	0.09656	0.29311	0.16644	0.01026	0.00257	0.00392	0.21685	0.00468	0.00474
12	0.10587	0.00974	0.01057	0.00840	0.01175	0.00951	0.00668	0.22595	0.01491	0.06851	0.08244	0.01991	0.09630	0.06915	0.00645	0.00165	0.00428	0.00539	0.00433	0.23823

[dist]
# distance from previous block
# <min> <max>
4	28

[block]
# block no. 5 follows, 47 sequences, length 12
# corresponding to MSA columns:
# 413-424
name=unknown_F
#
# <colnr> <probs for GDERKNQSTAVLIFYWHMCP>
#	G	D	E	R	K	N	Q	S	T	A	V	L	I	F	Y	W	H	M	C	P
0	0.01255	0.27345	0.05834	0.00946	0.01331	0.01279	0.02547	0.07225	0.03409	0.04865	0.06230	0.07595	0.01267	0.00619	0.00501	0.00131	0.04349	0.00481	0.00339	0.22452
1	0.01081	0.00905	0.01040	0.00829	0.01191	0.00795	0.00646	0.04057	0.15302	0.01811	0.04616	0.11245	0.01429	0.00635	0.00461	0.00118	0.00381	0.00537	0.00389	0.52531
2	0.00908	0.00806	0.01319	0.01114	0.01375	0.00724	0.18037	0.01143	0.01120	0.01538	0.02123	0.26420	0.05468	0.01038	0.00604	0.00179	0.00488	0.16782	0.00395	0.18419
3	0.01075	0.01019	0.01727	0.57348	0.25971	0.01181	0.01492	0.01411	0.01085	0.01441	0.00942	0.01359	0.00733	0.00504	0.00519	0.00168	0.00672	0.00463	0.00239	0.00652
4	0.01980	0.01459	0.01563	0.01198	0.01615	0.01615	0.00990	0.76713	0.02448	0.03282	0.01250	0.01250	0.00886	0.00625	0.00521	0.00156	0.00573	0.00469	0.00521	0.00886
5	0.02336	0.00886	0.01209	0.00927	0.01329	0.00765	0.00765	0.02538	0.01491	0.78810	0.02055	0.01773	0.01289	0.00645	0.00524	0.00161	0.00443	0.00524	0.00645	0.00886
6	0.00757	0.00505	0.00568	0.00568	0.00568	0.00505	0.00316	0.00757	0.00757	0.01010	0.01641	0.03408	0.01893	0.81698	0.02651	0.00505	0.00505	0.00757	0.00316	0.00316
7	0.01379	0.01234	0.01668	0.01340	0.01706	0.01347	0.18223	0.13231	0.49131	0.02221	0.01749	0.01719	0.01304	0.00633	0.00548	0.00173	0.00542	0.00577	0.00467	0.00805
8	0.01289	0.01237	0.02114	0.03196	0.78450	0.01237	0.01598	0.01598	0.01186	0.01701	0.00980	0.01289	0.00825	0.00464	0.00516	0.00155	0.00619	0.00464	0.00258	0.00825
9	0.00737	0.00532	0.00696	0.00655	0.00778	0.00491	0.00491	0.00983	0.01474	0.02088	0.78175	0.03890	0.04914	0.01065	0.00614	0.00164	0.00246	0.00942	0.00573	0.00491
10	0.01738	0.01131	0.01227	0.00993	0.01348	0.04857	0.00798	0.21033	0.19860	0.23558	0.01668	0.01590	0.01184	0.00621	0.00495	0.00151	0.00469	0.00492	0.07893	0.08893
11	0.01923	0.01437	0.01565	0.01210	0.01598	0.01614	0.01000	0.71639	0.02337	0.03146	0.01212	0.01243	0.00872	0.00644	0.00601	0.00161	0.05964	0.00468	0.00501	0.00864

[dist]
# distance from previous block
# <min> <max>
8	25

[block]
# block no. 6 follows, 47 sequences, length 6
# corresponding to MSA columns:
# 451-456
name=unknown_G
#
# <colnr> <probs for GDERKNQSTAVLIFYWHMCP>
#	G	D	E	R	K	N	Q	S	T	A	V	L	I	F	Y	W	H	M	C	P
0	0.01310	0.01062	0.01203	0.00880	0.01331	0.00929	0.00712	0.20566	0.01429	0.02102	0.01009	0.01123	0.00801	0.00447	0.00420	0.00097	0.00434	0.00349	0.00363	0.63433
1	0.01155	0.00938	0.01043	0.00801	0.01180	0.00827	0.00641	0.17364	0.01401	0.01963	0.02106	0.02121	0.20578	0.00675	0.00473	0.00119	0.00395	0.00545	0.00399	0.45276
2	0.00716	0.00548	0.00638	0.00680	0.00792	0.00508	0.00483	0.05741	0.01166	0.01488	0.03689	0.46706	0.32053	0.01445	0.00636	0.00194	0.00305	0.01267	0.00486	0.00460
3	0.01741	0.01774	0.21337	0.01271	0.01778	0.01511	0.01228	0.57545	0.02104	0.02865	0.01170	0.01212	0.00828	0.00592	0.00514	0.00158	0.00623	0.00447	0.00444	0.00856
4	0.01080	0.00926	0.01080	0.00771	0.01234	0.00694	0.00617	0.01311	0.01080	0.01697	0.00926	0.01080	0.00771	0.00386	0.00386	0.00077	0.00386	0.00309	0.00309	0.84882
5	0.01347	0.71749	0.12598	0.00968	0.01455	0.01950	0.01025	0.01571	0.01063	0.01280	0.00751	0.00870	0.00667	0.00452	0.00355	0.00118	0.00584	0.00292	0.00222	0.00681

[dist]
# distance from previous block
# <min> <max>
0	2

[block]
# block no. 7 follows, 47 sequences, length 18
# corresponding to MSA columns:
# 459-476
name=unknown_H
#
# <colnr> <probs for GDERKNQSTAVLIFYWHMCP>
#	G	D	E	R	K	N	Q	S	T	A	V	L	I	F	Y	W	H	M	C	P
0	0.01156	0.01261	0.02621	0.25612	0.02981	0.01269	0.54081	0.01567	0.01173	0.01567	0.01015	0.01400	0.00761	0.00463	0.00586	0.00175	0.00823	0.00569	0.00254	0.00665
1	0.00832	0.00732	0.01083	0.01026	0.01082	0.00849	0.05953	0.00954	0.00951	0.01329	0.02065	0.50900	0.02403	0.01325	0.00986	0.00214	0.25335	0.01102	0.00389	0.00488
2	0.01980	0.01459	0.01563	0.01198	0.01615	0.01615	0.00990	0.76713	0.02448	0.03282	0.01250	0.01250	0.00886	0.00625	0.00521	0.00156	0.00573	0.00469	0.00521	0.00886
3	0.00971	0.00485	0.00485	0.00485	0.00607	0.00485	0.00364	0.01213	0.01092	0.01942	0.01699	0.01942	0.01335	0.00607	0.00364	0.00121	0.00243	0.00485	0.84589	0.00485
4	0.01317	0.01126	0.01370	0.01075	0.01371	0.01220	0.00883	0.19445	0.01314	0.01929	0.00922	0.01141	0.00769	0.00621	0.00865	0.00147	0.27537	0.00397	0.00332	0.36219
5	0.01980	0.01459	0.01563	0.01198	0.01615	0.01615	0.00990	0.76713	0.02448	0.03282	0.01250	0.01250	0.00886	0.00625	0.00521	0.00156	0.00573	0.00469	0.00521	0.00886
6	0.01001	0.00809	0.00939	0.00942	0.01143	0.00871	0.00771	0.01745	0.33395	0.01799	0.02838	0.04096	0.12840	0.01113	0.00625	0.00204	0.00421	0.33329	0.00501	0.00619
7	0.01980	0.01459	0.01563	0.01198	0.01615	0.01615	0.00990	0.76713	0.02448	0.03282	0.01250	0.01250	0.00886	0.00625	0.00521	0.00156	0.00573	0.00469	0.00521	0.00886
8	0.01080	0.00926	0.01080	0.00771	0.01234	0.00694	0.00617	0.01311	0.01080	0.01697	0.00926	0.01080	0.00771	0.00386	0.00386	0.00077	0.00386	0.00309	0.00309	0.84882
9	0.01080	0.00926	0.01080	0.00771	0.01234	0.00694	0.00617	0.01311	0.01080	0.01697	0.00926	0.01080	0.00771	0.00386	0.00386	0.00077	0.00386	0.00309	0.00309	0.84882
10	0.00649	0.00511	0.00588	0.00615	0.00742	0.00450	0.00449	0.00795	0.01191	0.01517	0.17994	0.24800	0.42955	0.01357	0.00631	0.00185	0.00277	0.03349	0.00500	0.00446
11	0.01595	0.01117	0.03791	0.00988	0.01334	0.01099	0.00823	0.35504	0.03921	0.14638	0.22258	0.02052	0.02047	0.00731	0.00538	0.00155	0.00455	0.00597	0.00532	0.05825
12	0.01113	0.00890	0.00957	0.00880	0.01123	0.00959	0.00676	0.05094	0.42068	0.05219	0.03003	0.11834	0.22084	0.00969	0.00567	0.00179	0.00368	0.00819	0.00517	0.00681
13	0.01521	0.01205	0.01311	0.01033	0.01429	0.01253	0.00833	0.33539	0.23346	0.02502	0.01401	0.01397	0.01052	0.00578	0.00484	0.00139	0.00472	0.00456	0.00461	0.25588
14	0.01080	0.00926	0.01080	0.00771	0.01234	0.00694	0.00617	0.01311	0.01080	0.01697	0.00926	0.01080	0.00771	0.00386	0.00386	0.00077	0.00386	0.00309	0.00309	0.84882
15	0.15875	0.01050	0.01125	0.00845	0.01273	0.00967	0.00685	0.16928	0.01329	0.02135	0.00958	0.01075	0.00759	0.00452	0.00403	0.00108	0.00427	0.00337	0.00355	0.52915
16	0.19965	0.01001	0.01388	0.40861	0.02468	0.01137	0.04258	0.07349	0.01176	0.10544	0.01040	0.01288	0.00755	0.00525	0.00475	0.00164	0.00586	0.00430	0.00326	0.04266
17	0.04684	0.01274	0.01466	0.04599	0.01637	0.04630	0.07425	0.26875	0.30428	0.02387	0.01543	0.01647	0.01178	0.00641	0.00523	0.00164	0.00540	0.02966	0.00460	0.04933

[dist]
# distance from previous block
# <min> <max>
11	47

[block]
# block no. 8 follows, 47 sequences, length 7
# corresponding to MSA columns:
# 529-535
name=unknown_I
#
# <colnr> <probs for GDERKNQSTAVLIFYWHMCP>
#	G	D	E	R	K	N	Q	S	T	A	V	L	I	F	Y	W	H	M	C	P
0	0.15943	0.01305	0.01077	0.00917	0.01237	0.21934	0.00705	0.04159	0.01189	0.01696	0.01164	0.13131	0.01116	0.00640	0.00444	0.00130	0.00531	0.00494	0.00334	0.31854
1	0.29921	0.01260	0.01241	0.01006	0.01374	0.01420	0.00824	0.41184	0.12333	0.02811	0.01194	0.01210	0.00875	0.00589	0.00455	0.00161	0.00494	0.00423	0.00455	0.00769
2	0.13231	0.01172	0.01134	0.00899	0.01290	0.12725	0.00716	0.01842	0.05018	0.21346	0.01226	0.01245	0.00900	0.00504	0.00432	0.00124	0.00488	0.00378	0.00401	0.34931
3	0.20685	0.00900	0.01059	0.00862	0.01113	0.00916	0.07493	0.11638	0.01114	0.01797	0.01212	0.01978	0.01174	0.31859	0.01286	0.00282	0.00507	0.00526	0.00340	0.13259
4	0.01390	0.01254	0.01832	0.01405	0.01786	0.01323	0.22261	0.19284	0.19951	0.02128	0.01302	0.01427	0.00993	0.00589	0.00654	0.00163	0.08918	0.00516	0.00390	0.12435
5	0.01519	0.13299	0.01461	0.00929	0.01357	0.01163	0.00778	0.18261	0.07735	0.12833	0.01223	0.01249	0.00921	0.00510	0.00439	0.00120	0.00463	0.00393	0.00408	0.34938
6	0.01074	0.00767	0.00907	0.00774	0.00993	0.00742	0.00587	0.10505	0.07694	0.06095	0.35421	0.02804	0.02883	0.13036	0.00865	0.00202	0.00370	0.00711	0.00489	0.13082

[dist]
# distance from previous block
# <min> <max>
6	26

[block]
# block no. 9 follows, 47 sequences, length 12
# corresponding to MSA columns:
# 562-573
name=unknown_J
#
# <colnr> <probs for GDERKNQSTAVLIFYWHMCP>
#	G	D	E	R	K	N	Q	S	T	A	V	L	I	F	Y	W	H	M	C	P
0	0.05935	0.00998	0.01505	0.31281	0.09333	0.01082	0.05184	0.01433	0.01072	0.05947	0.02732	0.01331	0.00851	0.00543	0.00622	0.00155	0.09745	0.00440	0.00289	0.19522
1	0.01107	0.00740	0.00929	0.00890	0.03506	0.00696	0.00640	0.07232	0.06435	0.11729	0.10842	0.35597	0.02511	0.01068	0.00573	0.00170	0.00366	0.00942	0.00487	0.13540
2	0.01282	0.01083	0.01561	0.05496	0.34176	0.01055	0.01117	0.05707	0.09959	0.05899	0.01261	0.05405	0.01054	0.00552	0.00492	0.00141	0.00511	0.00493	0.00347	0.22409
3	0.10369	0.01026	0.01827	0.01499	0.05873	0.00996	0.33543	0.01322	0.01110	0.01631	0.01785	0.19328	0.08510	0.00805	0.00617	0.00178	0.03580	0.00784	0.00340	0.04878
4	0.01163	0.01061	0.01761	0.01295	0.01721	0.00932	0.26890	0.01448	0.01133	0.05554	0.01171	0.07613	0.01013	0.00540	0.00554	0.00133	0.04203	0.00525	0.00320	0.40970
5	0.00763	0.00562	0.00742	0.00796	0.00903	0.00530	0.00603	0.00914	0.01034	0.01402	0.02403	0.37332	0.02717	0.08202	0.07092	0.00279	0.00468	0.23021	0.00433	0.09805
6	0.00978	0.00594	0.00781	0.00803	0.00924	0.00582	0.00587	0.01212	0.07143	0.13515	0.02480	0.48159	0.02657	0.03527	0.09716	0.00281	0.00471	0.04573	0.00485	0.00532
7	0.00821	0.00657	0.00925	0.00903	0.00994	0.00785	0.00702	0.01090	0.06946	0.01304	0.01535	0.10734	0.01492	0.03056	0.55668	0.00645	0.10274	0.00651	0.00316	0.00501
8	0.10400	0.00981	0.01434	0.53617	0.02795	0.01224	0.01243	0.01506	0.09600	0.01529	0.01010	0.01362	0.00779	0.00582	0.00636	0.00179	0.09788	0.00456	0.00275	0.00604
9	0.07520	0.00913	0.01095	0.09751	0.01454	0.00821	0.00721	0.04018	0.04463	0.05381	0.09596	0.01484	0.01270	0.00518	0.00439	0.00115	0.00416	0.00422	0.00363	0.49243
10	0.06256	0.01056	0.01062	0.00872	0.01215	0.08782	0.00678	0.03314	0.12273	0.05159	0.04869	0.10246	0.01378	0.00639	0.00462	0.00127	0.00438	0.00522	0.00389	0.40262
11	0.07894	0.39439	0.01954	0.00962	0.01327	0.01408	0.08298	0.01437	0.02137	0.03110	0.07567	0.07275	0.02801	0.00649	0.00442	0.00139	0.00504	0.03972	0.00320	0.08365

[dist]
# distance from previous block
# <min> <max>
3	29

[block]
# block no. 10 follows, 47 sequences, length 6
# corresponding to MSA columns:
# 603-608
name=unknown_K
#
# <colnr> <probs for GDERKNQSTAVLIFYWHMCP>
#	G	D	E	R	K	N	Q	S	T	A	V	L	I	F	Y	W	H	M	C	P
0	0.21040	0.01075	0.01044	0.00821	0.01220	0.06432	0.00653	0.01568	0.08991	0.01868	0.00994	0.01104	0.00800	0.00453	0.00392	0.00111	0.00431	0.00333	0.00332	0.50339
1	0.01601	0.01291	0.01480	0.01135	0.01550	0.09250	0.08608	0.21979	0.07785	0.11722	0.01252	0.01301	0.00925	0.00530	0.00483	0.00133	0.00553	0.00436	0.00417	0.27570
2	0.12935	0.06926	0.26153	0.01108	0.01616	0.08223	0.01132	0.09447	0.05951	0.01896	0.00984	0.01096	0.00754	0.00496	0.00439	0.00138	0.00593	0.00364	0.00309	0.19441
3	0.00750	0.00533	0.00711	0.00711	0.00761	0.00583	0.00494	0.00849	0.00800	0.01116	0.01510	0.02683	0.01579	0.40305	0.43614	0.00682	0.00978	0.00651	0.00296	0.00395
4	0.00689	0.00483	0.00581	0.00637	0.00666	0.00462	0.00400	0.00742	0.00904	0.01190	0.02513	0.39510	0.09003	0.38021	0.01564	0.00342	0.00391	0.01120	0.00407	0.00376
5	0.01185	0.01061	0.01335	0.01055	0.01323	0.01147	0.00865	0.08050	0.01087	0.01657	0.00855	0.01120	0.00746	0.00623	0.00942	0.00146	0.33441	0.00383	0.00294	0.42685

[dist]
# distance from previous block
# <min> <max>
17	61

[block]
# block no. 11 follows, 47 sequences, length 10
# corresponding to MSA columns:
# 676-685
name=unknown_L
#
# <colnr> <probs for GDERKNQSTAVLIFYWHMCP>
#	G	D	E	R	K	N	Q	S	T	A	V	L	I	F	Y	W	H	M	C	P
0	0.00933	0.00568	0.00719	0.00713	0.00865	0.00510	0.00539	0.01097	0.01239	0.13516	0.19212	0.27027	0.21960	0.01264	0.00625	0.00187	0.00318	0.07663	0.00527	0.00518
1	0.01135	0.01220	0.02491	0.32329	0.03055	0.01255	0.47633	0.01538	0.01157	0.01538	0.01004	0.01398	0.00753	0.00470	0.00578	0.00175	0.00807	0.00556	0.00251	0.00655
2	0.01906	0.02319	0.01490	0.01330	0.01598	0.68434	0.01012	0.08782	0.01528	0.01455	0.00839	0.00978	0.00691	0.00564	0.00540	0.00141	0.05124	0.00354	0.00289	0.00627
3	0.01080	0.00926	0.01080	0.00771	0.01234	0.00694	0.00617	0.01311	0.01080	0.01697	0.00926	0.01080	0.00771	0.00386	0.00386	0.00077	0.00386	0.00309	0.00309	0.84882
4	0.02336	0.00886	0.01209	0.00927	0.01329	0.00765	0.00765	0.02538	0.01491	0.78810	0.02055	0.01773	0.01289	0.00645	0.00524	0.00161	0.00443	0.00524	0.00645	0.00886
5	0.02336	0.00886	0.01209	0.00927	0.01329	0.00765	0.00765	0.02538	0.01491	0.78810	0.02055	0.01773	0.01289	0.00645	0.00524	0.00161	0.00443	0.00524	0.00645	0.00886
6	0.02336	0.00886	0.01209	0.00927	0.01329	0.00765	0.00765	0.02538	0.01491	0.78810	0.02055	0.01773	0.01289	0.00645	0.00524	0.00161	0.00443	0.00524	0.00645	0.00886
7	0.02336	0.00886	0.01209	0.00927	0.01329	0.00765	0.00765	0.02538	0.01491	0.78810	0.02055	0.01773	0.01289	0.00645	0.00524	0.00161	0.00443	0.00524	0.00645	0.00886
8	0.00734	0.00552	0.00575	0.00555	0.00747	0.00462	0.00421	0.00871	0.01208	0.06746	0.05053	0.04788	0.72930	0.01272	0.00609	0.00175	0.00276	0.01059	0.00495	0.00470
9	0.00634	0.00453	0.00604	0.00725	0.00755	0.00423	0.00483	0.00725	0.00997	0.01329	0.02870	0.81358	0.03444	0.01632	0.00665	0.00211	0.00302	0.01480	0.00483	0.00423

[dist]
# distance from previous block
# <min> <max>
4	6

[block]
# block no. 12 follows, 47 sequences, length 40
# corresponding to MSA columns:
# 692-731
name=unknown_M
#
# <colnr> <probs for GDERKNQSTAVLIFYWHMCP>
#	G	D	E	R	K	N	Q	S	T	A	V	L	I	F	Y	W	H	M	C	P
0	0.01080	0.00926	0.01080	0.00771	0.01234	0.00694	0.00617	0.01311	0.01080	0.01697	0.00926	0.01080	0.00771	0.00386	0.00386	0.00077	0.00386	0.00309	0.00309	0.84882
1	0.01482	0.01212	0.01283	0.01098	0.01425	0.01383	0.00869	0.22963	0.57009	0.02480	0.01882	0.01754	0.01397	0.00684	0.00527	0.00171	0.00456	0.00556	0.00527	0.00841
2	0.01297	0.00625	0.00837	0.00795	0.00977	0.00557	0.00590	0.01432	0.01197	0.31522	0.02652	0.47178	0.05711	0.01234	0.00608	0.00190	0.00355	0.01092	0.00546	0.00604
3	0.01747	0.00772	0.01056	0.00927	0.01221	0.00696	0.00782	0.01960	0.01377	0.48706	0.02398	0.03347	0.04042	0.00951	0.00597	0.00190	0.00451	0.27472	0.00580	0.00727
4	0.08807	0.01396	0.01468	0.01145	0.01545	0.01554	0.00942	0.64924	0.07992	0.03121	0.01273	0.01269	0.00912	0.00620	0.00505	0.00158	0.00547	0.00463	0.00505	0.00854
5	0.01433	0.01125	0.01209	0.01059	0.01372	0.01276	0.00832	0.08336	0.65566	0.08583	0.02049	0.01877	0.01512	0.00695	0.00529	0.00174	0.00427	0.00574	0.00539	0.00834
6	0.00757	0.00505	0.00568	0.00568	0.00568	0.00505	0.00316	0.00757	0.00757	0.01010	0.01641	0.03408	0.01893	0.81698	0.02651	0.00505	0.00505	0.00757	0.00316	0.00316
7	0.01457	0.01199	0.01269	0.01093	0.01416	0.01371	0.00863	0.20260	0.59753	0.02440	0.01914	0.01779	0.01423	0.00687	0.00528	0.00172	0.00450	0.00560	0.00528	0.00839
8	0.00634	0.00453	0.00604	0.00725	0.00755	0.00423	0.00483	0.00725	0.00997	0.01329	0.02870	0.81358	0.03444	0.01632	0.00665	0.00211	0.00302	0.01480	0.00483	0.00423
9	0.01562	0.01251	0.01328	0.01114	0.01456	0.01420	0.00889	0.31579	0.48263	0.02608	0.01781	0.01673	0.01315	0.00675	0.00526	0.00169	0.00475	0.00542	0.00526	0.00848
10	0.02336	0.00886	0.01209	0.00927	0.01329	0.00765	0.00765	0.02538	0.01491	0.78810	0.02055	0.01773	0.01289	0.00645	0.00524	0.00161	0.00443	0.00524	0.00645	0.00886
11	0.01229	0.01405	0.03073	0.02195	0.02722	0.01317	0.76558	0.01668	0.01229	0.01668	0.01054	0.01405	0.00790	0.00439	0.00615	0.00176	0.00878	0.00615	0.00263	0.00702
12	0.01945	0.02482	0.01476	0.01342	0.01610	0.79608	0.01006	0.02079	0.01476	0.01275	0.00805	0.00939	0.00671	0.00537	0.00470	0.00134	0.00939	0.00335	0.00268	0.00604
13	0.00802	0.00601	0.00752	0.00702	0.00845	0.00585	0.00530	0.01191	0.10334	0.02099	0.69313	0.03663	0.04526	0.01023	0.00604	0.00165	0.00265	0.00901	0.00568	0.00530
14	0.00971	0.00485	0.00485	0.00485	0.00607	0.00485	0.00364	0.01213	0.01092	0.01942	0.01699	0.01942	0.01335	0.00607	0.00364	0.00121	0.00243	0.00485	0.84589	0.00485
15	0.02336	0.00886	0.01209	0.00927	0.01329	0.00765	0.00765	0.02538	0.01491	0.78810	0.02055	0.01773	0.01289	0.00645	0.00524	0.00161	0.00443	0.00524	0.00645	0.00886
16	0.01289	0.01237	0.02114	0.03196	0.78450	0.01237	0.01598	0.01598	0.01186	0.01701	0.00980	0.01289	0.00825	0.00464	0.00516	0.00155	0.00619	0.00464	0.00258	0.00825
17	0.00971	0.00485	0.00485	0.00485	0.00607	0.00485	0.00364	0.01213	0.01092	0.01942	0.01699	0.01942	0.01335	0.00607	0.00364	0.00121	0.00243	0.00485	0.84589	0.00485
18	0.01946	0.02450	0.01479	0.01337	0.01610	0.77133	0.01006	0.04447	0.01507	0.01338	0.00819	0.00949	0.00678	0.00539	0.00471	0.00135	0.00928	0.00340	0.00276	0.00613
19	0.00615	0.00528	0.00528	0.00528	0.00703	0.00440	0.00396	0.00747	0.01187	0.01407	0.05276	0.05012	0.78238	0.01319	0.00615	0.00176	0.00264	0.01099	0.00484	0.00440
20	0.01980	0.01459	0.01563	0.01198	0.01615	0.01615	0.00990	0.76713	0.02448	0.03282	0.01250	0.01250	0.00886	0.00625	0.00521	0.00156	0.00573	0.00469	0.00521	0.00886
21	0.00757	0.00505	0.00568	0.00568	0.00568	0.00505	0.00316	0.00757	0.00757	0.01010	0.01641	0.03408	0.01893	0.81698	0.02651	0.00505	0.00505	0.00757	0.00316	0.00316
22	0.00983	0.00926	0.01562	0.80447	0.03587	0.01157	0.01446	0.01331	0.01041	0.01331	0.00926	0.01388	0.00694	0.00521	0.00521	0.00174	0.00694	0.00463	0.00231	0.00579
23	0.00839	0.00599	0.00839	0.00959	0.01079	0.00599	0.00839	0.01079	0.01199	0.01558	0.02757	0.05874	0.02997	0.01439	0.00719	0.00240	0.00480	0.74945	0.00480	0.00480
24	0.01295	0.01119	0.01178	0.01060	0.01354	0.01295	0.00824	0.02767	0.77509	0.02178	0.02120	0.01943	0.01590	0.00707	0.00530	0.00177	0.00412	0.00589	0.00530	0.00824
25	0.01980	0.01459	0.01563	0.01198	0.01615	0.01615	0.00990	0.76713	0.02448	0.03282	0.01250	0.01250	0.00886	0.00625	0.00521	0.00156	0.00573	0.00469	0.00521	0.00886
26	0.01392	0.82012	0.02729	0.00891	0.01337	0.02061	0.00891	0.01559	0.01058	0.01225	0.00724	0.00835	0.00668	0.00446	0.00334	0.00111	0.00557	0.00278	0.00223	0.00668
27	0.00634	0.00453	0.00604	0.00725	0.00755	0.00423	0.00483	0.00725	0.00997	0.01329	0.02870	0.81358	0.03444	0.01632	0.00665	0.00211	0.00302	0.01480	0.00483	0.00423
28	0.00737	0.00532	0.00696	0.00655	0.00778	0.00491	0.00491	0.00983	0.01474	0.02088	0.78175	0.03890	0.04914	0.01065	0.00614	0.00164	0.00246	0.00942	0.00573	0.00491
29	0.00744	0.00558	0.00837	0.00837	0.00930	0.00651	0.00651	0.00930	0.00837	0.01209	0.01395	0.02046	0.01302	0.03906	0.79635	0.00837	0.01395	0.00558	0.00279	0.00465
30	0.01139	0.01139	0.01595	0.01367	0.01367	0.01595	0.01139	0.01253	0.00798	0.01253	0.00684	0.01139	0.00684	0.00911	0.01709	0.00228	0.80745	0.00456	0.00228	0.00570
31	0.00839	0.00599	0.00839	0.00959	0.01079	0.00599	0.00839	0.01079	0.01199	0.01558	0.02757	0.05874	0.02997	0.01439	0.00719	0.00240	0.00480	0.74945	0.00480	0.00480
32	0.00983	0.00926	0.01562	0.80447	0.03587	0.01157	0.01446	0.01331	0.01041	0.01331	0.00926	0.01388	0.00694	0.00521	0.00521	0.00174	0.00694	0.00463	0.00231	0.00579
33	0.01980	0.01459	0.01563	0.01198	0.01615	0.01615	0.00990	0.76713	0.02448	0.03282	0.01250	0.01250	0.00886	0.00625	0.00521	0.00156	0.00573	0.00469	0.00521	0.00886
34	0.01139	0.01139	0.01595	0.01367	0.01367	0.01595	0.01139	0.01253	0.00798	0.01253	0.00684	0.01139	0.00684	0.00911	0.01709	0.00228	0.80745	0.00456	0.00228	0.00570
35	0.01139	0.01139	0.01595	0.01367	0.01367	0.01595	0.01139	0.01253	0.00798	0.01253	0.00684	0.01139	0.00684	0.00911	0.01709	0.00228	0.80745	0.00456	0.00228	0.00570
36	0.01289	0.01237	0.02114	0.03196	0.78450	0.01237	0.01598	0.01598	0.01186	0.01701	0.00980	0.01289	0.00825	0.00464	0.00516	0.00155	0.00619	0.00464	0.00258	0.00825
37	0.01975	0.01601	0.01551	0.01218	0.01614	0.12444	0.00992	0.66351	0.02313	0.03003	0.01188	0.01207	0.00856	0.00613	0.00514	0.00153	0.00624	0.00450	0.00486	0.00846
38	0.01073	0.09237	0.72708	0.01435	0.02178	0.01280	0.01839	0.01642	0.01096	0.01614	0.00917	0.01078	0.00660	0.00491	0.00482	0.00161	0.00752	0.00376	0.00220	0.00761
39	0.00890	0.00764	0.01051	0.02980	0.01071	0.00917	0.00758	0.01088	0.01190	0.01728	0.44799	0.02748	0.03116	0.01113	0.04292	0.00215	0.29594	0.00737	0.00427	0.00521

[dist]
# distance from previous block
# <min> <max>
0	1

[block]
# block no. 13 follows, 47 sequences, length 48
# corresponding to MSA columns:
# 733-780
name=unknown_N
#
# <colnr> <probs for GDERKNQSTAVLIFYWHMCP>
#	G	D	E	R	K	N	Q	S	T	A	V	L	I	F	Y	W	H	M	C	P
0	0.01770	0.00892	0.01252	0.00981	0.01318	0.00826	0.06651	0.10178	0.01571	0.43325	0.22880	0.02270	0.02205	0.00742	0.00555	0.00162	0.00437	0.00640	0.00581	0.00763
1	0.04604	0.00834	0.01119	0.00947	0.01114	0.00955	0.06620	0.01495	0.04818	0.10190	0.01389	0.01616	0.01089	0.00682	0.00779	0.00164	0.22530	0.00488	0.37979	0.00589
2	0.01392	0.82012	0.02729	0.00891	0.01337	0.02061	0.00891	0.01559	0.01058	0.01225	0.00724	0.00835	0.00668	0.00446	0.00334	0.00111	0.00557	0.00278	0.00223	0.00668
3	0.01115	0.00979	0.01274	0.00970	0.01310	0.00923	0.04321	0.01320	0.01018	0.03262	0.00930	0.01218	0.00809	0.03790	0.00793	0.00135	0.18774	0.00379	0.00296	0.56382
4	0.01996	0.01909	0.01490	0.01265	0.01583	0.48598	0.04783	0.05169	0.01488	0.22758	0.01177	0.01211	0.00856	0.00575	0.00528	0.00147	0.02979	0.00410	0.00381	0.00697
5	0.00983	0.00926	0.01562	0.80447	0.03587	0.01157	0.01446	0.01331	0.01041	0.01331	0.00926	0.01388	0.00694	0.00521	0.00521	0.00174	0.00694	0.00463	0.00231	0.00579
6	0.00983	0.00926	0.01562	0.80447	0.03587	0.01157	0.01446	0.01331	0.01041	0.01331	0.00926	0.01388	0.00694	0.00521	0.00521	0.00174	0.00694	0.00463	0.00231	0.00579
7	0.01289	0.01237	0.02114	0.03196	0.78450	0.01237	0.01598	0.01598	0.01186	0.01701	0.00980	0.01289	0.00825	0.00464	0.00516	0.00155	0.00619	0.00464	0.00258	0.00825
8	0.00983	0.00926	0.01562	0.80447	0.03587	0.01157	0.01446	0.01331	0.01041	0.01331	0.00926	0.01388	0.00694	0.00521	0.00521	0.00174	0.00694	0.00463	0.00231	0.00579
9	0.01045	0.02694	0.79000	0.01484	0.02254	0.01209	0.01924	0.01649	0.01099	0.01649	0.00935	0.01099	0.00660	0.00495	0.00495	0.00165	0.00770	0.00385	0.00220	0.00770
10	0.01154	0.27764	0.54893	0.01297	0.01964	0.01478	0.01598	0.01621	0.01086	0.01515	0.00868	0.01016	0.00662	0.00479	0.00444	0.00148	0.00702	0.00351	0.00221	0.00738
11	0.01289	0.01237	0.02114	0.03196	0.78450	0.01237	0.01598	0.01598	0.01186	0.01701	0.00980	0.01289	0.00825	0.00464	0.00516	0.00155	0.00619	0.00464	0.00258	0.00825
12	0.00634	0.00453	0.00604	0.00725	0.00755	0.00423	0.00483	0.00725	0.00997	0.01329	0.02870	0.81358	0.03444	0.01632	0.00665	0.00211	0.00302	0.01480	0.00483	0.00423
13	0.01152	0.01098	0.01867	0.37704	0.45009	0.01201	0.01530	0.01479	0.01121	0.01536	0.00955	0.01333	0.00767	0.00489	0.00518	0.00163	0.00652	0.00463	0.00246	0.00715
14	0.00971	0.00485	0.00485	0.00485	0.00607	0.00485	0.00364	0.01213	0.01092	0.01942	0.01699	0.01942	0.01335	0.00607	0.00364	0.00121	0.00243	0.00485	0.84589	0.00485
15	0.01080	0.00926	0.01080	0.00771	0.01234	0.00694	0.00617	0.01311	0.01080	0.01697	0.00926	0.01080	0.00771	0.00386	0.00386	0.00077	0.00386	0.00309	0.00309	0.84882
16	0.00737	0.00532	0.00696	0.00655	0.00778	0.00491	0.00491	0.00983	0.01474	0.02088	0.78175	0.03890	0.04914	0.01065	0.00614	0.00164	0.00246	0.00942	0.00573	0.00491
17	0.00971	0.00485	0.00485	0.00485	0.00607	0.00485	0.00364	0.01213	0.01092	0.01942	0.01699	0.01942	0.01335	0.00607	0.00364	0.00121	0.00243	0.00485	0.84589	0.00485
18	0.01512	0.01830	0.02443	0.01858	0.02283	0.32194	0.46761	0.01830	0.01326	0.01513	0.00956	0.01221	0.00743	0.00477	0.00557	0.00159	0.00902	0.00504	0.00265	0.00663
19	0.01045	0.02694	0.79000	0.01484	0.02254	0.01209	0.01924	0.01649	0.01099	0.01649	0.00935	0.01099	0.00660	0.00495	0.00495	0.00165	0.00770	0.00385	0.00220	0.00770
20	0.01657	0.01298	0.01381	0.01133	0.01492	0.01464	0.00912	0.41864	0.37823	0.02762	0.01660	0.01577	0.01217	0.00663	0.00525	0.00166	0.00497	0.00525	0.00525	0.00857
21	0.00757	0.00505	0.00568	0.00568	0.00568	0.00505	0.00316	0.00757	0.00757	0.01010	0.01641	0.03408	0.01893	0.81698	0.02651	0.00505	0.00505	0.00757	0.00316	0.00316
22	0.00983	0.00926	0.01562	0.80447	0.03587	0.01157	0.01446	0.01331	0.01041	0.01331	0.00926	0.01388	0.00694	0.00521	0.00521	0.00174	0.00694	0.00463	0.00231	0.00579
23	0.01045	0.02694	0.79000	0.01484	0.02254	0.01209	0.01924	0.01649	0.01099	0.01649	0.00935	0.01099	0.00660	0.00495	0.00495	0.00165	0.00770	0.00385	0.00220	0.00770
24	0.00983	0.00926	0.01562	0.80447	0.03587	0.01157	0.01446	0.01331	0.01041	0.01331	0.00926	0.01388	0.00694	0.00521	0.00521	0.00174	0.00694	0.00463	0.00231	0.00579
25	0.01139	0.01139	0.01595	0.01367	0.01367	0.01595	0.01139	0.01253	0.00798	0.01253	0.00684	0.01139	0.00684	0.00911	0.01709	0.00228	0.80745	0.00456	0.00228	0.00570
26	0.01139	0.01139	0.01595	0.01367	0.01367	0.01595	0.01139	0.01253	0.00798	0.01253	0.00684	0.01139	0.00684	0.00911	0.01709	0.00228	0.80745	0.00456	0.00228	0.00570
27	0.00634	0.00453	0.00604	0.00725	0.00755	0.00423	0.00483	0.00725	0.00997	0.01329	0.02870	0.81358	0.03444	0.01632	0.00665	0.00211	0.00302	0.01480	0.00483	0.00423
28	0.01295	0.01119	0.01178	0.01060	0.01354	0.01295	0.00824	0.02767	0.77509	0.02178	0.02120	0.01943	0.01590	0.00707	0.00530	0.00177	0.00412	0.00589	0.00530	0.00824
29	0.00983	0.00926	0.01562	0.80447	0.03587	0.01157	0.01446	0.01331	0.01041	0.01331	0.00926	0.01388	0.00694	0.00521	0.00521	0.00174	0.00694	0.00463	0.00231	0.00579
30	0.01139	0.01139	0.01595	0.01367	0.01367	0.01595	0.01139	0.01253	0.00798	0.01253	0.00684	0.01139	0.00684	0.00911	0.01709	0.00228	0.80745	0.00456	0.00228	0.00570
31	0.00839	0.00599	0.00839	0.00959	0.01079	0.00599	0.00839	0.01079	0.01199	0.01558	0.02757	0.05874	0.02997	0.01439	0.00719	0.00240	0.00480	0.74945	0.00480	0.00480
32	0.01295	0.01119	0.01178	0.01060	0.01354	0.01295	0.00824	0.02767	0.77509	0.02178	0.02120	0.01943	0.01590	0.00707	0.00530	0.00177	0.00412	0.00589	0.00530	0.00824
33	0.02336	0.00886	0.01209	0.00927	0.01329	0.00765	0.00765	0.02538	0.01491	0.78810	0.02055	0.01773	0.01289	0.00645	0.00524	0.00161	0.00443	0.00524	0.00645	0.00886
34	0.01139	0.01139	0.01595	0.01367	0.01367	0.01595	0.01139	0.01253	0.00798	0.01253	0.00684	0.01139	0.00684	0.00911	0.01709	0.00228	0.80745	0.00456	0.00228	0.00570
35	0.01229	0.01405	0.03073	0.02195	0.02722	0.01317	0.76558	0.01668	0.01229	0.01668	0.01054	0.01405	0.00790	0.00439	0.00615	0.00176	0.00878	0.00615	0.00263	0.00702
36	0.01392	0.82012	0.02729	0.00891	0.01337	0.02061	0.00891	0.01559	0.01058	0.01225	0.00724	0.00835	0.00668	0.00446	0.00334	0.00111	0.00557	0.00278	0.00223	0.00668
37	0.01289	0.01237	0.02114	0.03196	0.78450	0.01237	0.01598	0.01598	0.01186	0.01701	0.00980	0.01289	0.00825	0.00464	0.00516	0.00155	0.00619	0.00464	0.00258	0.00825
38	0.02003	0.01353	0.21303	0.01071	0.01568	0.00880	0.01065	0.02308	0.01390	0.58879	0.01765	0.01599	0.01127	0.00606	0.00516	0.00162	0.00527	0.00488	0.00535	0.00856
39	0.31511	0.01299	0.01280	0.01016	0.01400	0.01457	0.00839	0.50091	0.01895	0.02947	0.01064	0.01107	0.00772	0.00575	0.00451	0.00158	0.00513	0.00403	0.00451	0.00772
40	0.01392	0.82012	0.02729	0.00891	0.01337	0.02061	0.00891	0.01559	0.01058	0.01225	0.00724	0.00835	0.00668	0.00446	0.00334	0.00111	0.00557	0.00278	0.00223	0.00668
41	0.00981	0.01029	0.04754	0.01364	0.01545	0.01091	0.20895	0.01192	0.00995	0.01406	0.01566	0.29614	0.01688	0.01025	0.01001	0.00206	0.27905	0.00858	0.00327	0.00561
42	0.00980	0.00919	0.01570	0.01286	0.01548	0.00909	0.26494	0.01481	0.16368	0.01694	0.10060	0.30086	0.02325	0.00981	0.00615	0.00187	0.00514	0.00951	0.00427	0.00605
43	0.03323	0.11150	0.22829	0.01071	0.01586	0.03118	0.01081	0.09883	0.09315	0.01858	0.01058	0.01157	0.00820	0.00489	0.00440	0.00128	0.00549	0.00373	0.00320	0.29450
44	0.05249	0.01258	0.01967	0.01863	0.21034	0.02905	0.22506	0.11334	0.05799	0.01943	0.01075	0.01283	0.00841	0.00478	0.00508	0.00146	0.00622	0.00471	0.00323	0.18394
45	0.01230	0.01087	0.01121	0.01127	0.07238	0.11156	0.00791	0.04880	0.24167	0.05070	0.06471	0.19545	0.03736	0.00888	0.00549	0.00168	0.00466	0.02223	0.00451	0.07635
