[name]
unknown

[dist]
# distance from previous block
# <min> <max>
30	79

[block]
# block no. 0 follows, 50 sequences, length 8
# corresponding to MSA columns:
# 92-99
name=unknown_A
#
# <colnr> <probs for GDERKNQSTAVLIFYWHMCP>
#	G	D	E	R	K	N	Q	S	T	A	V	L	I	F	Y	W	H	M	C	P
0	0.22503	0.47940	0.01928	0.00881	0.01248	0.15896	0.00795	0.01575	0.01044	0.01446	0.00707	0.00820	0.00615	0.00451	0.00340	0.00122	0.00562	0.00277	0.00245	0.00604
1	0.06947	0.69966	0.02356	0.00843	0.01258	0.01803	0.00821	0.01576	0.01040	0.08404	0.00809	0.00882	0.00687	0.00446	0.00336	0.00114	0.00513	0.00288	0.00256	0.00652
2	0.17084	0.14115	0.42724	0.04813	0.01804	0.01305	0.01347	0.08472	0.01123	0.01770	0.00854	0.00995	0.00637	0.00477	0.00423	0.00149	0.00620	0.00345	0.00256	0.00687
3	0.15996	0.04952	0.03984	0.03939	0.29223	0.07873	0.01064	0.04247	0.12815	0.06101	0.01263	0.01372	0.04021	0.00538	0.00456	0.00151	0.00532	0.00439	0.00332	0.00703
4	0.01190	0.21749	0.17300	0.03075	0.01561	0.09115	0.07194	0.06321	0.01195	0.01545	0.05562	0.01492	0.07880	0.00556	0.00447	0.00132	0.00575	0.00443	0.00291	0.12376
5	0.01305	0.01194	0.01630	0.08684	0.29840	0.06856	0.06126	0.12617	0.08827	0.03581	0.01399	0.01600	0.06327	0.00577	0.00523	0.00152	0.01948	0.01761	0.00336	0.04714
6	0.01195	0.05947	0.01838	0.02288	0.50813	0.01128	0.04397	0.01535	0.05393	0.01625	0.00976	0.01205	0.00809	0.00439	0.00462	0.00132	0.00541	0.00415	0.00270	0.18592
7	0.01213	0.01181	0.04405	0.03966	0.52751	0.01150	0.04075	0.05734	0.09347	0.01735	0.01265	0.01522	0.04066	0.00527	0.00502	0.00152	0.00560	0.01989	0.00301	0.03558

[dist]
# distance from previous block
# <min> <max>
2	27

[block]
# block no. 1 follows, 50 sequences, length 17
# corresponding to MSA columns:
# 127-143
name=unknown_B
#
# <colnr> <probs for GDERKNQSTAVLIFYWHMCP>
#	G	D	E	R	K	N	Q	S	T	A	V	L	I	F	Y	W	H	M	C	P
0	0.01266	0.01148	0.03589	0.01623	0.23114	0.04020	0.05968	0.03081	0.22171	0.06793	0.02906	0.01449	0.01082	0.00598	0.01971	0.00157	0.03565	0.00469	0.00359	0.14671
1	0.01300	0.01329	0.14912	0.01289	0.09952	0.01054	0.05294	0.17666	0.06364	0.06444	0.06092	0.01373	0.01081	0.00522	0.00471	0.00134	0.00517	0.00440	0.00364	0.23402
2	0.05441	0.01806	0.38001	0.01593	0.17191	0.01174	0.01423	0.15856	0.01312	0.05245	0.01099	0.05660	0.00874	0.00558	0.00484	0.00157	0.00617	0.00458	0.00308	0.00745
3	0.01484	0.17249	0.01481	0.01021	0.04628	0.01241	0.00811	0.11506	0.25658	0.16562	0.05312	0.01533	0.01270	0.00588	0.00460	0.00142	0.00445	0.00468	0.00442	0.07699
4	0.02200	0.00906	0.01192	0.00914	0.01301	0.00818	0.00755	0.10348	0.01523	0.71663	0.01885	0.01644	0.01193	0.00615	0.00501	0.00154	0.00437	0.00496	0.00604	0.00848
5	0.01430	0.01012	0.01403	0.01123	0.01428	0.05343	0.15943	0.15954	0.01417	0.20814	0.01996	0.20307	0.07889	0.00839	0.00553	0.00167	0.00512	0.00755	0.00454	0.00661
6	0.01703	0.01588	0.01770	0.01385	0.01761	0.23602	0.19595	0.26132	0.06369	0.09400	0.01155	0.01237	0.00845	0.00538	0.00507	0.00150	0.00697	0.00459	0.00382	0.00725
7	0.01020	0.00966	0.01636	0.60357	0.23749	0.01128	0.01423	0.01342	0.01034	0.01368	0.00900	0.01303	0.00698	0.00484	0.00497	0.00161	0.00645	0.00443	0.00228	0.00617
8	0.00646	0.00462	0.00623	0.00738	0.00784	0.00438	0.00530	0.00761	0.00993	0.01316	0.02726	0.66967	0.03212	0.01525	0.00647	0.00208	0.00323	0.16223	0.00462	0.00416
9	0.01757	0.18334	0.01651	0.01199	0.01489	0.64900	0.00941	0.01892	0.01333	0.01211	0.00755	0.00879	0.00642	0.00496	0.00424	0.00124	0.00826	0.00310	0.00248	0.00590
10	0.01150	0.01556	0.27834	0.38550	0.02630	0.01211	0.01451	0.16547	0.01283	0.01747	0.00950	0.01210	0.00690	0.00510	0.00490	0.00160	0.00666	0.00419	0.00273	0.00674
11	0.00607	0.00434	0.00578	0.00694	0.00723	0.00405	0.00463	0.00694	0.00954	0.01272	0.02747	0.82157	0.03297	0.01562	0.00636	0.00202	0.00289	0.01417	0.00463	0.00405
12	0.00646	0.00462	0.00623	0.00738	0.00784	0.00438	0.00530	0.00761	0.00993	0.01316	0.02726	0.66967	0.03212	0.01525	0.00647	0.00208	0.00323	0.16223	0.00462	0.00416
13	0.22423	0.00992	0.01256	0.01285	0.16722	0.00989	0.00863	0.08769	0.01310	0.38465	0.01383	0.01344	0.00942	0.00543	0.00452	0.00153	0.00459	0.00429	0.00458	0.00761
14	0.01525	0.01148	0.01270	0.01070	0.01382	0.01266	0.00886	0.46517	0.15761	0.02571	0.01679	0.02337	0.01435	0.00792	0.00544	0.00172	0.00500	0.17907	0.00491	0.00747
15	0.01088	0.00628	0.00873	0.00912	0.01080	0.00605	0.00789	0.01310	0.01203	0.17017	0.02506	0.04843	0.02544	0.01226	0.00651	0.00215	0.00452	0.61030	0.00490	0.00536
16	0.01337	0.01378	0.02063	0.02023	0.25474	0.12290	0.26227	0.05937	0.03895	0.03065	0.00993	0.01229	0.00785	0.00476	0.00552	0.00149	0.03723	0.00467	0.00283	0.07654

[dist]
# distance from previous block
# <min> <max>
8	15

[block]
# block no. 2 follows, 50 sequences, length 14
# corresponding to MSA columns:
# 159-172
name=unknown_C
#
# <colnr> <probs for GDERKNQSTAVLIFYWHMCP>
#	G	D	E	R	K	N	Q	S	T	A	V	L	I	F	Y	W	H	M	C	P
0	0.01333	0.31186	0.03569	0.01092	0.01449	0.09600	0.10274	0.13226	0.05048	0.01705	0.10629	0.01651	0.01365	0.00606	0.00462	0.00141	0.00567	0.05115	0.00337	0.00646
1	0.04466	0.00563	0.00659	0.00682	0.00772	0.00556	0.00473	0.07504	0.01087	0.01491	0.08605	0.43941	0.10653	0.15083	0.00924	0.00236	0.00341	0.01086	0.00439	0.00439
2	0.10042	0.11379	0.01240	0.00790	0.01201	0.00942	0.00659	0.04066	0.04482	0.12245	0.01047	0.01112	0.00810	0.00441	0.00385	0.00104	0.00406	0.00334	0.00346	0.47972
3	0.05593	0.00983	0.01556	0.35484	0.19801	0.01101	0.05795	0.07280	0.01181	0.01660	0.10907	0.01569	0.01222	0.00566	0.00541	0.00161	0.03178	0.00502	0.00297	0.00625
4	0.01060	0.00910	0.01046	0.00774	0.01196	0.00738	0.00616	0.01433	0.10929	0.01683	0.01032	0.01139	0.00838	0.00408	0.00387	0.00086	0.00372	0.00330	0.00322	0.74702
5	0.38496	0.01008	0.01224	0.01442	0.25407	0.01033	0.00878	0.01577	0.01032	0.11491	0.00951	0.01079	0.00728	0.00464	0.00397	0.00142	0.00452	0.00356	0.00325	0.11515
6	0.23017	0.22049	0.13286	0.01087	0.07096	0.01360	0.00955	0.08508	0.09131	0.04850	0.03676	0.01152	0.00897	0.00513	0.00404	0.00143	0.00503	0.00374	0.00323	0.00676
7	0.01464	0.00985	0.02740	0.01468	0.17559	0.00933	0.10306	0.11342	0.01312	0.24424	0.01581	0.12200	0.01354	0.09126	0.00737	0.00194	0.00520	0.00634	0.00421	0.00698
8	0.01247	0.01312	0.01427	0.03061	0.27078	0.21342	0.01045	0.03876	0.02333	0.01448	0.01541	0.11849	0.09157	0.00749	0.00646	0.00161	0.10202	0.00601	0.00307	0.00617
9	0.01157	0.01015	0.01595	0.43703	0.24127	0.01140	0.01309	0.08942	0.02978	0.03718	0.02498	0.01349	0.00833	0.00507	0.00495	0.00156	0.00603	0.00453	0.00282	0.03140
10	0.06318	0.03788	0.04421	0.10337	0.47140	0.02674	0.10364	0.03563	0.01128	0.01630	0.00912	0.01200	0.00743	0.00467	0.00524	0.00154	0.03224	0.00440	0.00252	0.00721
11	0.06244	0.06446	0.09829	0.39287	0.14706	0.01232	0.04315	0.09274	0.01162	0.01618	0.00908	0.01207	0.00694	0.00488	0.00476	0.00156	0.00630	0.00420	0.00259	0.00649
12	0.01392	0.01275	0.01748	0.21891	0.30566	0.12831	0.06899	0.06215	0.01247	0.09629	0.01027	0.01262	0.00784	0.00493	0.00496	0.00152	0.00654	0.00442	0.00296	0.00700
13	0.01217	0.01570	0.29514	0.10115	0.27635	0.01068	0.03451	0.01596	0.01121	0.11799	0.01150	0.05535	0.00911	0.00542	0.00498	0.00158	0.00619	0.00480	0.00291	0.00731

[dist]
# distance from previous block
# <min> <max>
2	18

[block]
# block no. 3 follows, 50 sequences, length 24
# corresponding to MSA columns:
# 191-214
name=unknown_D
#
# <colnr> <probs for GDERKNQSTAVLIFYWHMCP>
#	G	D	E	R	K	N	Q	S	T	A	V	L	I	F	Y	W	H	M	C	P
0	0.06867	0.11841	0.01802	0.02139	0.47072	0.02967	0.01194	0.06383	0.01220	0.03187	0.09565	0.01423	0.01195	0.00521	0.00468	0.00144	0.00532	0.00458	0.00303	0.00718
1	0.01368	0.13662	0.08997	0.03860	0.16036	0.01306	0.26570	0.08061	0.03391	0.10309	0.01085	0.01257	0.00813	0.00476	0.00499	0.00151	0.00652	0.00469	0.00309	0.00728
2	0.01074	0.25212	0.33385	0.01253	0.01780	0.01311	0.14433	0.01446	0.01084	0.01457	0.04150	0.01507	0.08743	0.00551	0.00465	0.00146	0.00628	0.00466	0.00256	0.00656
3	0.10764	0.01553	0.32819	0.01056	0.01546	0.00971	0.01135	0.03705	0.06367	0.24752	0.03412	0.01620	0.06935	0.00604	0.00478	0.00158	0.00530	0.00476	0.00395	0.00724
4	0.01324	0.09544	0.21170	0.18495	0.05749	0.01032	0.01174	0.01634	0.01131	0.22627	0.01370	0.10238	0.01105	0.00632	0.00490	0.00158	0.00559	0.00530	0.00353	0.00683
5	0.01617	0.10183	0.01405	0.00956	0.01352	0.04858	0.00793	0.26527	0.07115	0.16124	0.01237	0.01233	0.00904	0.00523	0.00443	0.00126	0.00482	0.00400	0.00424	0.23297
6	0.01242	0.01256	0.02072	0.08834	0.58210	0.06023	0.11962	0.01547	0.01147	0.01572	0.00933	0.01236	0.00766	0.00449	0.00504	0.00151	0.00651	0.00456	0.00246	0.00742
7	0.01464	0.47563	0.02108	0.09872	0.01603	0.19348	0.00946	0.09283	0.01235	0.01393	0.00783	0.00920	0.00664	0.00471	0.00387	0.00122	0.00631	0.00317	0.00253	0.00637
8	0.00627	0.00469	0.00582	0.00632	0.00716	0.00425	0.00444	0.00760	0.01110	0.01468	0.22005	0.44294	0.21936	0.01357	0.00613	0.00183	0.00267	0.01203	0.00484	0.00425
9	0.01081	0.00868	0.11655	0.00790	0.01022	0.00635	0.00684	0.01297	0.03061	0.19009	0.10682	0.15366	0.09788	0.18596	0.03011	0.00252	0.00443	0.00779	0.00434	0.00548
10	0.01207	0.10075	0.01761	0.09438	0.06771	0.01176	0.19129	0.03413	0.21478	0.06809	0.10214	0.01783	0.03314	0.00602	0.00515	0.00157	0.00540	0.00560	0.00379	0.00681
11	0.02082	0.00814	0.01107	0.00861	0.01219	0.00706	0.00706	0.02279	0.01425	0.71863	0.09764	0.01901	0.01584	0.00658	0.00510	0.00154	0.00405	0.00542	0.00610	0.00810
12	0.01834	0.00938	0.01145	0.00938	0.01282	0.00937	0.00755	0.02518	0.32506	0.48402	0.01992	0.01762	0.01350	0.00641	0.00504	0.00160	0.00412	0.00526	0.00573	0.00824
13	0.01128	0.01077	0.01832	0.31304	0.51954	0.01157	0.01477	0.01437	0.01085	0.01500	0.00919	0.01268	0.00744	0.00464	0.00495	0.00155	0.00618	0.00444	0.00238	0.00704
14	0.01376	0.09745	0.01756	0.21391	0.27697	0.26932	0.01242	0.01613	0.01179	0.01363	0.00846	0.01105	0.00696	0.00478	0.00463	0.00142	0.00703	0.00386	0.00240	0.00648
15	0.00677	0.00508	0.00627	0.00597	0.00727	0.00458	0.00448	0.00885	0.01344	0.01839	0.60972	0.03986	0.22941	0.01079	0.00588	0.00160	0.00239	0.00938	0.00528	0.00458
16	0.02236	0.00848	0.01157	0.00887	0.01272	0.00733	0.00733	0.02429	0.01427	0.79719	0.01966	0.01697	0.01234	0.00617	0.00501	0.00154	0.00424	0.00501	0.00617	0.00848
17	0.12648	0.01592	0.16010	0.01127	0.01552	0.07211	0.01042	0.38397	0.11473	0.02455	0.01148	0.01181	0.00837	0.00561	0.00467	0.00153	0.00569	0.00415	0.00403	0.00759
18	0.01187	0.00758	0.01025	0.01100	0.09706	0.00746	0.00781	0.11116	0.01333	0.15303	0.09901	0.20509	0.02374	0.01046	0.00588	0.00184	0.00419	0.20842	0.00478	0.00602
19	0.00796	0.00494	0.00655	0.00722	0.00791	0.00463	0.00510	0.00900	0.00997	0.08733	0.02542	0.58062	0.02903	0.09630	0.00821	0.00229	0.00340	0.09509	0.00461	0.00443
20	0.66386	0.05861	0.00925	0.00707	0.01043	0.01145	0.00589	0.06132	0.00971	0.02161	0.00746	0.00858	0.00587	0.00459	0.00328	0.00142	0.00403	0.00284	0.00313	0.09962
21	0.35413	0.10908	0.10903	0.01126	0.09899	0.01261	0.00907	0.01779	0.19936	0.01925	0.01072	0.01142	0.00831	0.00510	0.00399	0.00152	0.00471	0.00373	0.00327	0.00664
22	0.12449	0.27433	0.06598	0.01038	0.01386	0.12621	0.00931	0.16626	0.04525	0.01772	0.00867	0.00985	0.00706	0.00540	0.00535	0.00142	0.09535	0.00348	0.00301	0.00661
23	0.01288	0.02890	0.28685	0.01238	0.07992	0.05979	0.01157	0.01765	0.10706	0.16476	0.04564	0.01787	0.09706	0.00629	0.00495	0.00154	0.00548	0.00512	0.00373	0.03056

[dist]
# distance from previous block
# <min> <max>
0	3

[block]
# block no. 4 follows, 50 sequences, length 15
# corresponding to MSA columns:
# 218-232
name=unknown_E
#
# <colnr> <probs for GDERKNQSTAVLIFYWHMCP>
#	G	D	E	R	K	N	Q	S	T	A	V	L	I	F	Y	W	H	M	C	P
0	0.01219	0.01222	0.02032	0.08696	0.55437	0.04429	0.10628	0.01513	0.01113	0.01549	0.00915	0.01230	0.00760	0.00480	0.00588	0.00156	0.06601	0.00456	0.00244	0.00731
1	0.01336	0.01240	0.05129	0.09592	0.11713	0.01143	0.45232	0.01699	0.01193	0.14920	0.01148	0.01379	0.00829	0.00466	0.00549	0.00163	0.00719	0.00534	0.00309	0.00707
2	0.01185	0.01033	0.01152	0.01019	0.01298	0.01171	0.03870	0.02446	0.68633	0.02024	0.04886	0.02056	0.05582	0.00708	0.00518	0.00169	0.00400	0.00602	0.00496	0.00754
3	0.01000	0.02578	0.79900	0.01421	0.02157	0.01158	0.01842	0.01579	0.01052	0.01579	0.00895	0.01052	0.00631	0.00474	0.00474	0.00158	0.00737	0.00368	0.00210	0.00737
4	0.01791	0.01341	0.01571	0.01500	0.16531	0.03479	0.01044	0.55565	0.02019	0.08374	0.01192	0.01232	0.00859	0.00568	0.00497	0.00149	0.00557	0.00448	0.00452	0.00829
5	0.01024	0.08482	0.74211	0.01379	0.02093	0.01218	0.01769	0.01572	0.01049	0.01549	0.00880	0.01034	0.00632	0.00470	0.00462	0.00154	0.00722	0.00361	0.00211	0.00730
6	0.00607	0.00434	0.00578	0.00694	0.00723	0.00405	0.00463	0.00694	0.00954	0.01272	0.02747	0.82157	0.03297	0.01562	0.00636	0.00202	0.00289	0.01417	0.00463	0.00405
7	0.00604	0.00446	0.00566	0.00662	0.00714	0.00408	0.00448	0.00698	0.00985	0.01285	0.03141	0.68936	0.16264	0.01510	0.00628	0.00197	0.00283	0.01355	0.00463	0.00408
8	0.01706	0.15071	0.01562	0.04096	0.09933	0.05110	0.00907	0.16039	0.07606	0.27865	0.01510	0.01471	0.03759	0.00580	0.00470	0.00145	0.00508	0.00459	0.00439	0.00762
9	0.01336	0.01210	0.01914	0.05598	0.63290	0.01243	0.01425	0.14540	0.01336	0.01874	0.00980	0.01231	0.00795	0.00472	0.00495	0.00149	0.00587	0.00445	0.00289	0.00791
10	0.00604	0.00446	0.00566	0.00662	0.00714	0.00408	0.00448	0.00698	0.00985	0.01285	0.03141	0.68936	0.16264	0.01510	0.00628	0.00197	0.00283	0.01355	0.00463	0.00408
11	0.00731	0.14507	0.00926	0.00721	0.00818	0.00673	0.00529	0.00831	0.00964	0.01255	0.02396	0.68253	0.02843	0.01368	0.00582	0.00186	0.00331	0.01220	0.00420	0.00445
12	0.59129	0.09936	0.01097	0.17335	0.01509	0.01210	0.00749	0.01429	0.00897	0.01921	0.00734	0.00916	0.00577	0.00466	0.00349	0.00151	0.00459	0.00305	0.00280	0.00554
13	0.11664	0.01007	0.01195	0.03948	0.04060	0.01230	0.00864	0.03421	0.27395	0.01709	0.01642	0.01741	0.09571	0.00763	0.00863	0.00182	0.27226	0.00527	0.00362	0.00630
14	0.11503	0.01554	0.06061	0.01449	0.12957	0.19480	0.05377	0.22235	0.07191	0.05886	0.01073	0.01162	0.00807	0.00530	0.00469	0.00148	0.00626	0.00412	0.00360	0.00720

[dist]
# distance from previous block
# <min> <max>
0	26

[block]
# block no. 5 follows, 50 sequences, length 10
# corresponding to MSA columns:
# 259-268
name=unknown_F
#
# <colnr> <probs for GDERKNQSTAVLIFYWHMCP>
#	G	D	E	R	K	N	Q	S	T	A	V	L	I	F	Y	W	H	M	C	P
0	0.13237	0.23469	0.25515	0.01107	0.01598	0.03889	0.05672	0.04227	0.04698	0.10762	0.01003	0.01080	0.00747	0.00488	0.00421	0.00143	0.00586	0.00366	0.00300	0.00693
1	0.22850	0.06073	0.06698	0.01319	0.16284	0.07274	0.00938	0.08643	0.01158	0.08269	0.01009	0.01191	0.00799	0.00941	0.11587	0.00236	0.00648	0.00388	0.00317	0.03378
2	0.11501	0.12550	0.36269	0.01192	0.01721	0.01323	0.04538	0.10988	0.11982	0.01867	0.01044	0.01132	0.00777	0.00507	0.00446	0.00152	0.00601	0.00389	0.00301	0.00718
3	0.01270	0.04742	0.01231	0.01205	0.12043	0.04081	0.00822	0.25682	0.01489	0.05504	0.03622	0.27880	0.04676	0.00933	0.00543	0.00167	0.00457	0.02579	0.00434	0.00642
4	0.01801	0.01757	0.01527	0.01434	0.11035	0.32650	0.01025	0.38540	0.01829	0.02199	0.00997	0.01084	0.00759	0.00546	0.00479	0.00141	0.00692	0.00398	0.00372	0.00734
5	0.00605	0.00444	0.00568	0.00668	0.00716	0.00407	0.00451	0.00697	0.00980	0.01283	0.03068	0.71369	0.13878	0.01520	0.00630	0.00198	0.00284	0.01366	0.00463	0.00407
6	0.01703	0.01437	0.01362	0.01106	0.01450	0.13439	0.00889	0.49288	0.14398	0.02567	0.01506	0.01483	0.05808	0.00639	0.00498	0.00151	0.00559	0.00485	0.00461	0.00771
7	0.01174	0.43249	0.23593	0.01057	0.01516	0.05156	0.03243	0.01458	0.01017	0.01296	0.00850	0.01051	0.00725	0.00905	0.11558	0.00220	0.00726	0.00343	0.00223	0.00637
8	0.00686	0.00595	0.00885	0.00809	0.00967	0.00535	0.11182	0.00846	0.01092	0.01400	0.08972	0.34018	0.33625	0.01242	0.00607	0.00181	0.00347	0.01117	0.00440	0.00453
9	0.00589	0.00505	0.00505	0.00505	0.00673	0.00421	0.00379	0.00715	0.01136	0.01347	0.05049	0.04797	0.79171	0.01262	0.00589	0.00168	0.00252	0.01052	0.00463	0.00421

[dist]
# distance from previous block
# <min> <max>
0	2

[block]
# block no. 6 follows, 50 sequences, length 9
# corresponding to MSA columns:
# 271-279
name=unknown_G
#
# <colnr> <probs for GDERKNQSTAVLIFYWHMCP>
#	G	D	E	R	K	N	Q	S	T	A	V	L	I	F	Y	W	H	M	C	P
0	0.00803	0.00574	0.00803	0.00918	0.01033	0.00574	0.00803	0.01033	0.01147	0.01492	0.02639	0.05622	0.02869	0.01377	0.00688	0.00229	0.00459	0.76018	0.00459	0.00459
1	0.01318	0.01043	0.01740	0.02199	0.45325	0.01018	0.08214	0.01637	0.03831	0.14437	0.09814	0.01780	0.01393	0.00576	0.00522	0.00156	0.00537	0.03362	0.00358	0.00741
2	0.00685	0.00736	0.09339	0.00659	0.00868	0.00524	0.00580	0.00909	0.01247	0.01657	0.36931	0.03915	0.37984	0.01069	0.00576	0.00162	0.00298	0.00911	0.00472	0.00477
3	0.01365	0.67746	0.08417	0.00944	0.01376	0.10576	0.00941	0.01554	0.01060	0.01209	0.00717	0.00830	0.00639	0.00440	0.00346	0.00113	0.00589	0.00280	0.00218	0.00640
4	0.01011	0.00958	0.01622	0.62517	0.21652	0.01126	0.01419	0.01335	0.01030	0.01359	0.00898	0.01306	0.00694	0.00485	0.00497	0.00162	0.00647	0.00443	0.00228	0.00610
5	0.01345	0.05726	0.08929	0.21092	0.10435	0.13745	0.09641	0.13846	0.07270	0.01723	0.01015	0.01219	0.00775	0.00510	0.00489	0.00152	0.00673	0.00434	0.00298	0.00682
6	0.09192	0.01101	0.01832	0.05603	0.19913	0.01082	0.22640	0.01806	0.07992	0.18168	0.01244	0.01374	0.00907	0.00495	0.00501	0.00155	0.00584	0.00485	0.00356	0.04570
7	0.01441	0.01160	0.01972	0.06184	0.29103	0.02966	0.21964	0.03677	0.03060	0.18317	0.01200	0.01366	0.00882	0.00485	0.00516	0.00153	0.00620	0.00490	0.00341	0.04104
8	0.03760	0.01160	0.05652	0.01587	0.21019	0.01062	0.08531	0.07997	0.09766	0.11554	0.01186	0.01298	0.00897	0.00500	0.00505	0.00139	0.02915	0.00437	0.00353	0.19683

[dist]
# distance from previous block
# <min> <max>
2	10

[block]
# block no. 7 follows, 50 sequences, length 18
# corresponding to MSA columns:
# 291-308
name=unknown_H
#
# <colnr> <probs for GDERKNQSTAVLIFYWHMCP>
#	G	D	E	R	K	N	Q	S	T	A	V	L	I	F	Y	W	H	M	C	P
0	0.01165	0.00892	0.01368	0.03472	0.01464	0.00783	0.15617	0.02659	0.01108	0.12729	0.01337	0.11215	0.01170	0.00864	0.07510	0.00187	0.00556	0.00547	0.00352	0.35003
1	0.01407	0.01165	0.01304	0.01236	0.08523	0.01313	0.00898	0.21822	0.51828	0.02314	0.01715	0.01632	0.01281	0.00635	0.00504	0.00162	0.00452	0.00523	0.00481	0.00804
2	0.00927	0.00857	0.01428	0.63196	0.10515	0.01024	0.01279	0.01224	0.01005	0.01308	0.01132	0.11783	0.01017	0.00631	0.00516	0.00169	0.00609	0.00569	0.00255	0.00558
3	0.43565	0.01111	0.01074	0.00870	0.01222	0.01229	0.00718	0.30231	0.01485	0.12607	0.01048	0.01070	0.00745	0.00534	0.00405	0.00152	0.00452	0.00367	0.00420	0.00695
4	0.09544	0.19769	0.34472	0.01137	0.01647	0.07759	0.01237	0.03792	0.11523	0.03242	0.01003	0.01086	0.00763	0.00499	0.00427	0.00145	0.00613	0.00364	0.00280	0.00696
5	0.00843	0.00642	0.00890	0.00993	0.08549	0.00676	0.00663	0.07938	0.01070	0.01480	0.08026	0.25702	0.02115	0.07662	0.28603	0.00417	0.00720	0.02142	0.00372	0.00496
6	0.00978	0.00781	0.00783	0.00717	0.00885	0.10844	0.00544	0.01178	0.01370	0.08927	0.50429	0.03338	0.15385	0.00954	0.00562	0.00155	0.00341	0.00813	0.00504	0.00511
7	0.01159	0.01187	0.11763	0.40718	0.24763	0.01099	0.01421	0.01499	0.01085	0.09092	0.01008	0.01302	0.00752	0.00491	0.00494	0.00159	0.00630	0.00439	0.00266	0.00674
8	0.01018	0.00964	0.01634	0.60710	0.23407	0.01128	0.01423	0.01341	0.01033	0.01367	0.00900	0.01304	0.00697	0.00484	0.00497	0.00161	0.00645	0.00443	0.00228	0.00616
9	0.01575	0.01171	0.01312	0.08881	0.01578	0.01288	0.00890	0.48698	0.10425	0.05939	0.01790	0.01771	0.11060	0.00684	0.00511	0.00156	0.00499	0.00541	0.00473	0.00757
10	0.08687	0.00780	0.08403	0.00707	0.00941	0.00597	0.00609	0.01092	0.01100	0.11583	0.03296	0.20421	0.36186	0.01095	0.00553	0.00173	0.00347	0.02469	0.00444	0.00515
11	0.09365	0.22154	0.09694	0.00935	0.01371	0.01160	0.03034	0.03978	0.01196	0.29795	0.01222	0.01208	0.00866	0.00501	0.00419	0.00132	0.00489	0.00380	0.00387	0.11712
12	0.01804	0.01149	0.01352	0.03294	0.05663	0.01214	0.00893	0.38501	0.11805	0.24174	0.01613	0.01537	0.03407	0.00623	0.00503	0.00154	0.00490	0.00496	0.00511	0.00816
13	0.01080	0.01148	0.08788	0.19639	0.37728	0.01078	0.01317	0.01511	0.08702	0.01638	0.11149	0.01622	0.01326	0.00556	0.00506	0.00156	0.00556	0.00508	0.00302	0.00691
14	0.09281	0.01294	0.11691	0.15952	0.09096	0.01174	0.09047	0.18357	0.03656	0.07749	0.01083	0.01274	0.00805	0.02159	0.00521	0.00159	0.00588	0.00439	0.00338	0.05336
15	0.05474	0.01138	0.01763	0.11929	0.30534	0.01176	0.10096	0.14499	0.03356	0.13403	0.01152	0.01317	0.00852	0.00506	0.00499	0.00155	0.00583	0.00465	0.00351	0.00753
16	0.03331	0.00942	0.01397	0.01459	0.19673	0.00935	0.10464	0.08623	0.01174	0.01626	0.01986	0.04482	0.18753	0.08220	0.00774	0.00185	0.05633	0.00633	0.00337	0.09373
17	0.07218	0.13839	0.04187	0.03667	0.18251	0.01290	0.24563	0.04982	0.01134	0.01629	0.00941	0.01256	0.00777	0.00480	0.00524	0.00147	0.03993	0.02392	0.00266	0.08464

[dist]
# distance from previous block
# <min> <max>
9	37

[block]
# block no. 8 follows, 50 sequences, length 23
# corresponding to MSA columns:
# 346-368
name=unknown_I
#
# <colnr> <probs for GDERKNQSTAVLIFYWHMCP>
#	G	D	E	R	K	N	Q	S	T	A	V	L	I	F	Y	W	H	M	C	P
0	0.01268	0.01255	0.06854	0.34890	0.02318	0.10019	0.02743	0.15287	0.01317	0.04322	0.02472	0.03595	0.00872	0.00552	0.00504	0.00151	0.01865	0.00452	0.00309	0.08956
1	0.01100	0.01526	0.31281	0.01263	0.04787	0.00952	0.11240	0.03028	0.01071	0.08124	0.03391	0.01659	0.01067	0.16347	0.00906	0.00214	0.02116	0.00492	0.00294	0.09145
2	0.01701	0.07656	0.01246	0.00893	0.01256	0.07591	0.00731	0.06172	0.08907	0.36514	0.01761	0.01650	0.06464	0.00601	0.00467	0.00137	0.00456	0.00474	0.00473	0.14852
3	0.01123	0.01485	0.27632	0.01145	0.01605	0.00993	0.07305	0.01612	0.11022	0.08324	0.01504	0.02946	0.07471	0.00599	0.00562	0.00149	0.06157	0.00488	0.00330	0.17547
4	0.28033	0.01163	0.07796	0.00992	0.01365	0.01099	0.07961	0.13974	0.10234	0.05294	0.06959	0.02546	0.01132	0.00561	0.00442	0.00150	0.00472	0.00447	0.00380	0.08998
5	0.18246	0.00859	0.00855	0.00902	0.07211	0.07473	0.00582	0.01250	0.08481	0.01426	0.01298	0.02148	0.01294	0.37300	0.08416	0.00357	0.00573	0.00543	0.00312	0.00473
6	0.09431	0.00920	0.01031	0.09859	0.01367	0.00985	0.00718	0.05139	0.30172	0.01778	0.01424	0.01731	0.01188	0.14073	0.00793	0.00199	0.00440	0.00488	0.00378	0.17886
7	0.54290	0.14483	0.01229	0.00981	0.09845	0.01229	0.00722	0.01572	0.00964	0.09600	0.00846	0.00943	0.00652	0.00470	0.00350	0.00146	0.00437	0.00312	0.00316	0.00615
8	0.01674	0.10445	0.01621	0.14342	0.01827	0.01521	0.01009	0.56541	0.01972	0.02612	0.01089	0.01174	0.00794	0.00563	0.00479	0.00147	0.00566	0.00427	0.00421	0.00776
9	0.00765	0.00572	0.00718	0.00671	0.00807	0.00557	0.00506	0.01132	0.10059	0.02009	0.70460	0.03514	0.04346	0.00981	0.00579	0.00158	0.00253	0.00864	0.00544	0.00506
10	0.01676	0.01907	0.01606	0.01804	0.25005	0.47718	0.01132	0.10349	0.01433	0.01559	0.00869	0.01033	0.00710	0.00502	0.00468	0.00137	0.00767	0.00372	0.00281	0.00672
11	0.00607	0.00434	0.00578	0.00694	0.00723	0.00405	0.00463	0.00694	0.00954	0.01272	0.02747	0.82157	0.03297	0.01562	0.00636	0.00202	0.00289	0.01417	0.00463	0.00405
12	0.00753	0.00496	0.00626	0.00622	0.00638	0.00520	0.00396	0.00751	0.00727	0.00988	0.01394	0.02698	0.01532	0.53482	0.16372	0.14568	0.02200	0.00637	0.00280	0.00318
13	0.48452	0.09749	0.08630	0.00872	0.01248	0.04000	0.00794	0.16258	0.02613	0.02201	0.00837	0.00929	0.00640	0.00492	0.00371	0.00148	0.00483	0.00321	0.00328	0.00634
14	0.52508	0.01243	0.15244	0.00861	0.01244	0.01075	0.00835	0.05685	0.01038	0.08616	0.01011	0.01310	0.00806	0.00554	0.00394	0.00160	0.00467	0.05998	0.00338	0.00612
15	0.01080	0.08023	0.52606	0.01681	0.11084	0.01237	0.14233	0.01570	0.01080	0.01558	0.00904	0.01103	0.00671	0.00458	0.00484	0.00155	0.00722	0.00406	0.00222	0.00725
16	0.03015	0.00931	0.01061	0.00796	0.01186	0.00821	0.00642	0.15491	0.01311	0.09516	0.01127	0.01216	0.00863	0.00461	0.00402	0.00102	0.00393	0.00362	0.09898	0.50405
17	0.00633	0.00452	0.00608	0.00724	0.00764	0.00427	0.00508	0.00739	0.00980	0.01301	0.02733	0.72056	0.03240	0.01537	0.00643	0.00206	0.00312	0.11263	0.00462	0.00412
18	0.56839	0.01453	0.00968	0.00873	0.01164	0.28626	0.00687	0.01647	0.01044	0.01884	0.00721	0.00841	0.00575	0.00480	0.00357	0.00145	0.00563	0.00288	0.00291	0.00553
19	0.00597	0.00493	0.00524	0.00541	0.00684	0.00420	0.00396	0.00721	0.01117	0.01361	0.07666	0.17523	0.63633	0.01302	0.00597	0.00173	0.00258	0.01106	0.00466	0.00420
20	0.00725	0.00483	0.00544	0.00544	0.00544	0.00483	0.00302	0.00725	0.00725	0.00966	0.01571	0.03262	0.01812	0.82483	0.02537	0.00483	0.00483	0.00725	0.00302	0.00302
21	0.01267	0.12266	0.01509	0.01379	0.18043	0.01208	0.00921	0.02009	0.34598	0.05668	0.01419	0.01435	0.01100	0.00538	0.00455	0.00140	0.00453	0.00450	0.00381	0.14760
22	0.01322	0.36645	0.05623	0.01422	0.14042	0.12222	0.09848	0.01555	0.01110	0.01370	0.00810	0.00983	0.00688	0.00436	0.00409	0.00122	0.00618	0.00347	0.00238	0.10190

[dist]
# distance from previous block
# <min> <max>
1	4

[block]
# block no. 9 follows, 50 sequences, length 57
# corresponding to MSA columns:
# 373-429
name=unknown_J
#
# <colnr> <probs for GDERKNQSTAVLIFYWHMCP>
#	G	D	E	R	K	N	Q	S	T	A	V	L	I	F	Y	W	H	M	C	P
0	0.00632	0.00461	0.00625	0.00757	0.02880	0.00432	0.00497	0.00735	0.00987	0.01321	0.06276	0.73673	0.04530	0.01498	0.00630	0.00199	0.00297	0.02691	0.00461	0.00420
1	0.01213	0.01193	0.01639	0.09839	0.37793	0.09668	0.04050	0.03540	0.01164	0.01582	0.02521	0.04428	0.00927	0.00501	0.00475	0.00136	0.00576	0.00453	0.00277	0.18026
2	0.01220	0.16935	0.30694	0.01084	0.01558	0.02560	0.01163	0.16352	0.01342	0.03863	0.06855	0.01653	0.09749	0.00628	0.00494	0.00148	0.02204	0.00483	0.00331	0.00683
3	0.01655	0.10103	0.01477	0.01033	0.01389	0.01408	0.00859	0.55049	0.03408	0.04795	0.07539	0.05194	0.02518	0.00670	0.00494	0.00149	0.00499	0.00523	0.00473	0.00766
4	0.02373	0.02198	0.04742	0.00880	0.02318	0.05354	0.00721	0.08259	0.10323	0.03668	0.01517	0.01561	0.09374	0.00545	0.00434	0.00114	0.00429	0.00434	0.00357	0.44397
5	0.01382	0.71153	0.05162	0.00904	0.01339	0.01898	0.00897	0.09790	0.01159	0.01401	0.00755	0.00852	0.00662	0.00447	0.00345	0.00113	0.00542	0.00290	0.00244	0.00666
6	0.00822	0.00698	0.00960	0.09786	0.12032	0.00672	0.00773	0.01048	0.02428	0.01465	0.05437	0.09541	0.26456	0.01004	0.00566	0.00171	0.00403	0.16260	0.00393	0.09086
7	0.00744	0.00645	0.00669	0.00758	0.00812	0.09120	0.00517	0.00835	0.01004	0.01267	0.02532	0.73314	0.03008	0.01448	0.00616	0.00194	0.00356	0.01298	0.00440	0.00424
8	0.01304	0.01064	0.01453	0.08417	0.16521	0.01105	0.05111	0.21401	0.08612	0.04604	0.01355	0.11412	0.01180	0.00653	0.00524	0.00151	0.02011	0.00568	0.00380	0.12173
9	0.01124	0.00950	0.01010	0.00918	0.01155	0.01078	0.00700	0.02257	0.62225	0.01924	0.06319	0.02250	0.05328	0.09625	0.00736	0.00203	0.00389	0.00622	0.00485	0.00702
10	0.00866	0.00433	0.00649	0.00649	0.00649	0.00433	0.00433	0.00649	0.00649	0.00866	0.00866	0.01515	0.00866	0.01732	0.01948	0.85498	0.00433	0.00433	0.00216	0.00216
11	0.03637	0.01504	0.12363	0.01370	0.04122	0.07022	0.16011	0.32367	0.01629	0.07985	0.01148	0.01341	0.00865	0.05605	0.00631	0.00174	0.00641	0.00472	0.00378	0.00736
12	0.01091	0.02429	0.01766	0.02998	0.26527	0.01124	0.15655	0.01385	0.04136	0.02905	0.02866	0.06754	0.05363	0.00848	0.04841	0.00206	0.16024	0.02146	0.00295	0.00641
13	0.00607	0.00434	0.00578	0.00694	0.00723	0.00405	0.00463	0.00694	0.00954	0.01272	0.02747	0.82157	0.03297	0.01562	0.00636	0.00202	0.00289	0.01417	0.00463	0.00405
14	0.01453	0.02926	0.01878	0.01443	0.01790	0.16942	0.26948	0.20701	0.03077	0.03442	0.01217	0.10011	0.01052	0.00636	0.00580	0.00160	0.04151	0.00576	0.00348	0.00668
15	0.01134	0.07772	0.40871	0.10254	0.04750	0.05548	0.18047	0.01581	0.01100	0.03019	0.00919	0.01138	0.00680	0.00465	0.00490	0.00155	0.00735	0.00419	0.00232	0.00691
16	0.01078	0.09952	0.01725	0.51238	0.02744	0.06165	0.07039	0.01357	0.01008	0.01274	0.00837	0.01215	0.00666	0.00534	0.00630	0.00164	0.11151	0.00426	0.00225	0.00572
17	0.01161	0.02360	0.67680	0.01362	0.02045	0.01167	0.01689	0.08679	0.01195	0.06649	0.00990	0.01106	0.00689	0.00494	0.00478	0.00157	0.00700	0.00384	0.00263	0.00754
18	0.00622	0.00458	0.00585	0.00682	0.00733	0.00429	0.00462	0.00748	0.03022	0.01302	0.02979	0.71616	0.11507	0.01506	0.00628	0.00198	0.00288	0.01355	0.00464	0.00417
19	0.01275	0.01330	0.10359	0.20192	0.26340	0.01251	0.10556	0.17725	0.02801	0.01869	0.01005	0.01253	0.00766	0.00494	0.00505	0.00156	0.00641	0.00456	0.00296	0.00728
20	0.00836	0.00578	0.00894	0.00860	0.00983	0.00533	0.08879	0.00974	0.01043	0.09242	0.04579	0.61240	0.04721	0.01320	0.00615	0.00192	0.00360	0.01212	0.00458	0.00481
21	0.01495	0.01124	0.01794	0.01376	0.01705	0.01181	0.24570	0.14746	0.05559	0.19647	0.01360	0.06369	0.01062	0.00659	0.00735	0.00173	0.14768	0.00568	0.00399	0.00710
22	0.01225	0.00638	0.00825	0.00713	0.00915	0.00584	0.00547	0.01460	0.04132	0.27409	0.39974	0.02989	0.06341	0.09102	0.00753	0.00190	0.00329	0.00746	0.00541	0.00587
23	0.01635	0.10125	0.09322	0.01032	0.01428	0.01239	0.00921	0.18388	0.25124	0.23169	0.01574	0.01477	0.01114	0.00596	0.00480	0.00153	0.00485	0.00470	0.00473	0.00796
24	0.01096	0.01038	0.01397	0.01202	0.01236	0.01398	0.00982	0.04776	0.05067	0.01313	0.00854	0.01374	0.00837	0.09731	0.01620	0.00241	0.64564	0.00475	0.00256	0.00546
25	0.01099	0.00884	0.01040	0.00746	0.01186	0.00668	0.00598	0.01319	0.01055	0.05879	0.00945	0.01070	0.00765	0.00383	0.00376	0.00078	0.00372	0.00307	0.00313	0.80916
26	0.01034	0.00886	0.01034	0.00738	0.01181	0.00664	0.00591	0.01255	0.01034	0.01624	0.00886	0.01034	0.00738	0.00369	0.00369	0.00074	0.00369	0.00295	0.00295	0.85530
27	0.01938	0.01116	0.09790	0.09083	0.01612	0.02821	0.00940	0.07467	0.01406	0.56036	0.01658	0.01535	0.01069	0.00586	0.00496	0.00155	0.00503	0.00473	0.00516	0.00800
28	0.01862	0.02376	0.01413	0.01284	0.01541	0.80482	0.00963	0.01990	0.01413	0.01220	0.00770	0.00899	0.00642	0.00514	0.00449	0.00128	0.00899	0.00321	0.00257	0.00578
29	0.00771	0.00607	0.00872	0.00826	0.00948	0.00684	0.00649	0.00949	0.00824	0.01211	0.01244	0.01803	0.01154	0.03192	0.66852	0.00685	0.06249	0.00502	0.00267	0.09711
30	0.00724	0.00489	0.00571	0.00571	0.00580	0.00498	0.00336	0.00742	0.00733	0.00986	0.01546	0.03126	0.01753	0.74260	0.10679	0.00516	0.00572	0.00705	0.00298	0.00317
31	0.01060	0.06381	0.57136	0.01558	0.02222	0.01224	0.20298	0.01579	0.01081	0.01562	0.00912	0.01111	0.00662	0.00458	0.00494	0.00158	0.00752	0.00417	0.00221	0.00716
32	0.01189	0.01389	0.10800	0.02566	0.45744	0.01206	0.26548	0.01557	0.01140	0.01613	0.00956	0.01250	0.00761	0.00439	0.00522	0.00156	0.00689	0.00483	0.00245	0.00745
33	0.00771	0.00551	0.00766	0.00881	0.00982	0.00546	0.00747	0.00977	0.01116	0.01456	0.02657	0.18241	0.02939	0.01407	0.00680	0.00225	0.00431	0.63718	0.00460	0.00450
34	0.01504	0.00763	0.01116	0.00886	0.01186	0.00674	0.08364	0.01718	0.01349	0.40960	0.20058	0.02643	0.14980	0.00797	0.00545	0.00159	0.00394	0.00694	0.00539	0.00673
35	0.00813	0.00730	0.01141	0.09262	0.09809	0.02810	0.10269	0.00991	0.01027	0.01354	0.02207	0.49145	0.06126	0.01148	0.00593	0.00185	0.00443	0.01062	0.00383	0.00500
36	0.00866	0.00433	0.00649	0.00649	0.00649	0.00433	0.00433	0.00649	0.00649	0.00866	0.00866	0.01515	0.00866	0.01732	0.01948	0.85498	0.00433	0.00433	0.00216	0.00216
37	0.01240	0.01071	0.01127	0.01014	0.01296	0.01240	0.00789	0.02649	0.78473	0.02085	0.02029	0.01860	0.01522	0.00676	0.00507	0.00169	0.00394	0.00564	0.00507	0.00789
38	0.01325	0.18451	0.40059	0.01166	0.01707	0.07900	0.01310	0.03183	0.01175	0.13123	0.05270	0.01232	0.00950	0.00521	0.00451	0.00144	0.00632	0.00394	0.00299	0.00708
39	0.01133	0.01646	0.21721	0.01935	0.02496	0.01235	0.59085	0.01592	0.01146	0.01592	0.00981	0.01273	0.00726	0.00433	0.00560	0.00166	0.00815	0.00535	0.00242	0.00688
40	0.72284	0.01041	0.00905	0.00852	0.05118	0.02639	0.01849	0.07284	0.00993	0.02245	0.00751	0.00871	0.00582	0.00472	0.00340	0.00153	0.00425	0.00299	0.00318	0.00579
41	0.01202	0.01152	0.01966	0.11573	0.71109	0.01176	0.01514	0.01502	0.01120	0.01590	0.00932	0.01244	0.00776	0.00450	0.00494	0.00150	0.00600	0.00444	0.00244	0.00764
42	0.00648	0.00476	0.00608	0.00640	0.00726	0.00436	0.00455	0.00805	0.01178	0.01601	0.36594	0.37822	0.13598	0.01285	0.00609	0.00178	0.00261	0.01144	0.00501	0.00436
43	0.00866	0.00433	0.00649	0.00649	0.00649	0.00433	0.00433	0.00649	0.00649	0.00866	0.00866	0.01515	0.00866	0.01732	0.01948	0.85498	0.00433	0.00433	0.00216	0.00216
44	0.01032	0.00998	0.01663	0.49014	0.16674	0.01205	0.04885	0.01321	0.00988	0.01339	0.00859	0.01269	0.00689	0.00553	0.00708	0.00172	0.15355	0.00449	0.00227	0.00600
45	0.00723	0.00489	0.00572	0.00572	0.00581	0.00498	0.00337	0.00743	0.00733	0.00987	0.01545	0.03120	0.01751	0.73913	0.11022	0.00518	0.00576	0.00704	0.00298	0.00318
46	0.01034	0.00886	0.01034	0.00738	0.01181	0.00664	0.00591	0.01255	0.01034	0.01624	0.00886	0.01034	0.00738	0.00369	0.00369	0.00074	0.00369	0.00295	0.00295	0.85530
47	0.00589	0.00505	0.00505	0.00505	0.00673	0.00421	0.00379	0.00715	0.01136	0.01347	0.05049	0.04797	0.79171	0.01262	0.00589	0.00168	0.00252	0.01052	0.00463	0.00421
48	0.01587	0.44067	0.02034	0.01061	0.01405	0.39774	0.00906	0.01732	0.01205	0.01195	0.00730	0.00847	0.00641	0.00468	0.00382	0.00117	0.00709	0.00293	0.00234	0.00610
49	0.01862	0.02376	0.01413	0.01284	0.01541	0.80482	0.00963	0.01990	0.01413	0.01220	0.00770	0.00899	0.00642	0.00514	0.00449	0.00128	0.00899	0.00321	0.00257	0.00578
50	0.01000	0.02578	0.79900	0.01421	0.02157	0.01158	0.01842	0.01579	0.01052	0.01579	0.00895	0.01052	0.00631	0.00474	0.00474	0.00158	0.00737	0.00368	0.00210	0.00737
51	0.01176	0.01345	0.02941	0.02101	0.02605	0.01261	0.77563	0.01597	0.01176	0.01597	0.01008	0.01345	0.00756	0.00420	0.00588	0.00168	0.00840	0.00588	0.00252	0.00672
52	0.39782	0.45628	0.01759	0.00763	0.01136	0.01584	0.00711	0.01480	0.00938	0.01656	0.00693	0.00804	0.00594	0.00443	0.00315	0.00128	0.00466	0.00268	0.00256	0.00594
53	0.00783	0.00539	0.00809	0.16474	0.01267	0.00573	0.00675	0.00835	0.00885	0.01164	0.01742	0.29939	0.01918	0.01387	0.01053	0.28637	0.00432	0.10176	0.00333	0.00378
54	0.05421	0.20452	0.23204	0.01086	0.03077	0.01265	0.02369	0.08942	0.05571	0.04515	0.07466	0.06718	0.03377	0.00642	0.00506	0.00151	0.03745	0.00502	0.00328	0.00663
55	0.01334	0.28409	0.39139	0.01152	0.01720	0.01349	0.02700	0.01704	0.01109	0.15484	0.01023	0.01091	0.00745	0.00483	0.00430	0.00141	0.00616	0.00363	0.00285	0.00724
56	0.01000	0.02578	0.79900	0.01421	0.02157	0.01158	0.01842	0.01579	0.01052	0.01579	0.00895	0.01052	0.00631	0.00474	0.00474	0.00158	0.00737	0.00368	0.00210	0.00737

[dist]
# distance from previous block
# <min> <max>
0	1

[block]
# block no. 10 follows, 50 sequences, length 18
# corresponding to MSA columns:
# 431-448
name=unknown_K
#
# <colnr> <probs for GDERKNQSTAVLIFYWHMCP>
#	G	D	E	R	K	N	Q	S	T	A	V	L	I	F	Y	W	H	M	C	P
0	0.01683	0.02442	0.01295	0.10563	0.04741	0.00856	0.04591	0.03991	0.01342	0.44795	0.13641	0.01878	0.01620	0.00654	0.00556	0.00158	0.03416	0.00550	0.00501	0.00728
1	0.01324	0.15065	0.14716	0.03408	0.20220	0.20477	0.08276	0.01638	0.03144	0.01436	0.01039	0.01288	0.02925	0.00514	0.00468	0.00143	0.00687	0.02306	0.00256	0.00671
2	0.00696	0.00509	0.00654	0.00617	0.00739	0.00466	0.00463	0.00923	0.01389	0.01948	0.73298	0.03808	0.10548	0.01038	0.00588	0.00158	0.00237	0.00913	0.00542	0.00466
3	0.01236	0.36410	0.01723	0.00829	0.01214	0.01284	0.00738	0.06048	0.01095	0.05405	0.00933	0.01093	0.00792	0.00850	0.10583	0.00189	0.00577	0.00333	0.00285	0.28383
4	0.00725	0.00483	0.00544	0.00544	0.00544	0.00483	0.00302	0.00725	0.00725	0.00966	0.01571	0.03262	0.01812	0.82483	0.02537	0.00483	0.00483	0.00725	0.00302	0.00302
5	0.01572	0.01103	0.01242	0.01024	0.01340	0.01215	0.00826	0.34931	0.23947	0.12305	0.01556	0.01566	0.01151	0.01095	0.12515	0.00254	0.00606	0.00501	0.00481	0.00770
6	0.01099	0.26574	0.56777	0.01251	0.01895	0.01401	0.01546	0.01553	0.01041	0.01457	0.00834	0.00977	0.00634	0.00459	0.00428	0.00143	0.00676	0.00338	0.00211	0.00708
7	0.01091	0.01091	0.01527	0.01309	0.01309	0.01527	0.01091	0.01200	0.00763	0.01200	0.00654	0.01091	0.00654	0.00872	0.01636	0.00218	0.81570	0.00436	0.00218	0.00545
8	0.00646	0.00507	0.00584	0.00565	0.00708	0.00445	0.00424	0.00826	0.01271	0.01667	0.41484	0.04269	0.42536	0.01143	0.00589	0.00163	0.00244	0.00978	0.00505	0.00445
9	0.00707	0.00476	0.00549	0.00566	0.00571	0.00471	0.00326	0.00720	0.00759	0.01012	0.01747	0.15108	0.02035	0.70332	0.02252	0.00441	0.00454	0.00829	0.00326	0.00317
10	0.00607	0.00434	0.00578	0.00694	0.00723	0.00405	0.00463	0.00694	0.00954	0.01272	0.02747	0.82157	0.03297	0.01562	0.00636	0.00202	0.00289	0.01417	0.00463	0.00405
11	0.01081	0.22124	0.61065	0.01282	0.01943	0.01356	0.01601	0.01558	0.01043	0.01480	0.00845	0.00991	0.00633	0.00462	0.00436	0.00145	0.00687	0.00344	0.00211	0.00713
12	0.01219	0.03880	0.22652	0.01594	0.02112	0.13071	0.34385	0.01605	0.01157	0.01528	0.00919	0.01147	0.00701	0.00442	0.00502	0.00146	0.00754	0.00445	0.00246	0.11497
13	0.01024	0.01010	0.01484	0.01272	0.01312	0.01340	0.06380	0.01152	0.00821	0.01238	0.00993	0.13281	0.01058	0.00944	0.01412	0.00212	0.63682	0.00594	0.00257	0.00533
14	0.00605	0.00443	0.00569	0.00670	0.00717	0.00407	0.00452	0.00697	0.00977	0.01282	0.03041	0.72291	0.12973	0.01523	0.00630	0.00198	0.00285	0.01370	0.00463	0.00407
15	0.01050	0.14621	0.68295	0.01335	0.02025	0.01280	0.01693	0.01566	0.01046	0.01518	0.00864	0.01014	0.00633	0.00466	0.00450	0.00150	0.00706	0.00353	0.00211	0.00722
16	0.26045	0.09723	0.06806	0.00849	0.01264	0.01130	0.00757	0.15315	0.01218	0.02029	0.00867	0.00975	0.00682	0.00452	0.00377	0.00121	0.00450	0.00318	0.00322	0.30300
17	0.00845	0.00440	0.00633	0.00633	0.00633	0.00440	0.00413	0.00661	0.00661	0.00881	0.00972	0.01777	0.01008	0.13857	0.02036	0.72733	0.00440	0.00477	0.00229	0.00229

[dist]
# distance from previous block
# <min> <max>
0	1

[block]
# block no. 11 follows, 50 sequences, length 56
# corresponding to MSA columns:
# 450-505
name=unknown_L
#
# <colnr> <probs for GDERKNQSTAVLIFYWHMCP>
#	G	D	E	R	K	N	Q	S	T	A	V	L	I	F	Y	W	H	M	C	P
0	0.01034	0.00886	0.01034	0.00738	0.01181	0.00664	0.00591	0.01255	0.01034	0.01624	0.00886	0.01034	0.00738	0.00369	0.00369	0.00074	0.00369	0.00295	0.00295	0.85530
1	0.01371	0.05343	0.17250	0.08291	0.23958	0.12891	0.01313	0.14429	0.07157	0.01797	0.01015	0.01177	0.00784	0.00507	0.00477	0.00149	0.00647	0.00413	0.00299	0.00732
2	0.01145	0.01101	0.01892	0.19589	0.50936	0.01147	0.07322	0.01499	0.04111	0.01582	0.04130	0.01387	0.00946	0.00486	0.00506	0.00155	0.00605	0.00478	0.00264	0.00717
3	0.86003	0.00964	0.00733	0.00655	0.00964	0.01118	0.00540	0.01465	0.00848	0.02236	0.00694	0.00810	0.00540	0.00463	0.00308	0.00154	0.00386	0.00270	0.00308	0.00540
4	0.01034	0.00886	0.01034	0.00738	0.01181	0.00664	0.00591	0.01255	0.01034	0.01624	0.00886	0.01034	0.00738	0.00369	0.00369	0.00074	0.00369	0.00295	0.00295	0.85530
5	0.00606	0.00506	0.00528	0.00523	0.00684	0.00428	0.00392	0.00748	0.01176	0.01441	0.15756	0.04642	0.68405	0.01227	0.00589	0.00167	0.00250	0.01030	0.00475	0.00428
6	0.00941	0.00886	0.01495	0.81285	0.03433	0.01107	0.01384	0.01274	0.00997	0.01274	0.00886	0.01329	0.00664	0.00498	0.00498	0.00166	0.00664	0.00443	0.00221	0.00554
7	0.01103	0.01129	0.01740	0.01428	0.01504	0.01487	0.12609	0.01259	0.00826	0.01259	0.00708	0.01129	0.00670	0.00804	0.01478	0.00211	0.69410	0.00459	0.00223	0.00564
8	0.00724	0.00487	0.00561	0.00561	0.00567	0.00493	0.00324	0.00736	0.00730	0.00979	0.01555	0.03174	0.01774	0.77154	0.07813	0.00505	0.00541	0.00712	0.00300	0.00312
9	0.00803	0.00574	0.00803	0.00918	0.01033	0.00574	0.00803	0.01033	0.01147	0.01492	0.02639	0.05622	0.02869	0.01377	0.00688	0.00229	0.00459	0.76018	0.00459	0.00459
10	0.01000	0.02578	0.79900	0.01421	0.02157	0.01158	0.01842	0.01579	0.01052	0.01579	0.00895	0.01052	0.00631	0.00474	0.00474	0.00158	0.00737	0.00368	0.00210	0.00737
11	0.00607	0.00434	0.00578	0.00694	0.00723	0.00405	0.00463	0.00694	0.00954	0.01272	0.02747	0.82157	0.03297	0.01562	0.00636	0.00202	0.00289	0.01417	0.00463	0.00405
12	0.00705	0.00510	0.00666	0.00627	0.00745	0.00470	0.00470	0.00941	0.01411	0.01999	0.79110	0.03723	0.04703	0.01019	0.00588	0.00157	0.00235	0.00901	0.00549	0.00470
13	0.00878	0.00471	0.00471	0.00471	0.00595	0.00458	0.00353	0.01094	0.01059	0.01781	0.02142	0.02301	0.13010	0.00683	0.00385	0.00124	0.00235	0.00553	0.72478	0.00458
