[name]
unknown

[dist]
# distance from previous block
# <min> <max>
4	174

[block]
# block no. 0 follows, 53 sequences, length 28
# corresponding to MSA columns:
# 208-235
name=unknown_A
#
# <colnr> <probs for GDERKNQSTAVLIFYWHMCP>
#	G	D	E	R	K	N	Q	S	T	A	V	L	I	F	Y	W	H	M	C	P
0	0.01252	0.08157	0.01460	0.08171	0.20017	0.07266	0.00987	0.13735	0.20017	0.01786	0.04477	0.01568	0.02769	0.00690	0.03517	0.00170	0.00542	0.02387	0.00352	0.00679
1	0.00740	0.00531	0.00689	0.00687	0.00764	0.00586	0.00498	0.00966	0.07488	0.01204	0.01511	0.07675	0.01494	0.23551	0.41530	0.00542	0.00833	0.00614	0.07680	0.00418
2	0.13652	0.00918	0.00896	0.00826	0.01038	0.06345	0.00630	0.08114	0.27688	0.03742	0.01914	0.16989	0.08190	0.00871	0.00571	0.05569	0.00395	0.00659	0.00415	0.00580
3	0.00780	0.00616	0.00766	0.00712	0.00918	0.00518	0.00546	0.00944	0.00998	0.01417	0.04723	0.31900	0.04410	0.00985	0.00514	0.00147	0.00333	0.13884	0.00382	0.34505
4	0.01103	0.00664	0.00795	0.00679	0.00931	0.00585	0.00540	0.01361	0.06086	0.19735	0.12001	0.02746	0.20907	0.00795	0.00487	0.00140	0.00319	0.05722	0.07751	0.16653
5	0.08101	0.00603	0.00709	0.07548	0.00949	0.00621	0.00511	0.03155	0.03925	0.05710	0.24336	0.02592	0.07123	0.17189	0.00860	0.00208	0.00344	0.00639	0.14412	0.00467
6	0.00642	0.00459	0.00531	0.00561	0.00633	0.00433	0.00380	0.00734	0.00913	0.01215	0.04015	0.25014	0.25225	0.23062	0.06522	0.00287	0.00379	0.00937	0.07683	0.00375
7	0.01107	0.01036	0.01740	0.02581	0.68039	0.01042	0.01307	0.01359	0.01033	0.01477	0.00977	0.01396	0.00870	0.07706	0.06118	0.00212	0.00607	0.00455	0.00242	0.00695
8	0.00842	0.00587	0.00685	0.00655	0.00804	0.00559	0.00486	0.08383	0.03593	0.06933	0.17493	0.24671	0.26981	0.04313	0.00633	0.00177	0.00300	0.00958	0.00468	0.00482
9	0.00851	0.00547	0.00690	0.00692	0.00816	0.00521	0.00511	0.01096	0.07783	0.10683	0.20179	0.34463	0.09652	0.03657	0.00629	0.00183	0.00302	0.05785	0.00478	0.00485
10	0.06727	0.02198	0.68454	0.01238	0.01870	0.01047	0.01562	0.01436	0.01003	0.01537	0.01185	0.01300	0.07379	0.00518	0.00453	0.00152	0.00644	0.00403	0.00229	0.00668
11	0.00737	0.07642	0.00785	0.00722	0.00800	0.06009	0.00518	0.00832	0.00950	0.01208	0.02290	0.63521	0.02697	0.04407	0.00643	0.00193	0.00352	0.04872	0.00404	0.00418
12	0.01339	0.00601	0.00748	0.00642	0.00857	0.00546	0.00506	0.01538	0.01205	0.33552	0.13879	0.04815	0.05354	0.00696	0.00448	0.00137	0.00300	0.00580	0.31665	0.00591
13	0.00610	0.00440	0.00567	0.00631	0.00684	0.00408	0.00431	0.00723	0.01012	0.01365	0.20324	0.55007	0.08078	0.06503	0.00711	0.00199	0.00275	0.01183	0.00453	0.00397
14	0.01303	0.00655	0.00818	0.00717	0.00935	0.00603	0.00556	0.07279	0.01257	0.31536	0.08964	0.20611	0.12759	0.00910	0.00514	0.00157	0.00331	0.00778	0.08722	0.00594
15	0.00565	0.00484	0.00484	0.00484	0.00646	0.00403	0.00363	0.00686	0.01089	0.01291	0.04842	0.04600	0.80027	0.01210	0.00565	0.00161	0.00242	0.01009	0.00444	0.00403
16	0.00756	0.00492	0.00561	0.00549	0.00670	0.00471	0.00409	0.01008	0.04646	0.01741	0.32624	0.07972	0.13542	0.00874	0.00480	0.00141	0.00237	0.00748	0.31627	0.00452
17	0.00891	0.00445	0.00445	0.00445	0.00557	0.00445	0.00334	0.01114	0.01002	0.01782	0.01559	0.01782	0.01225	0.00557	0.00334	0.00111	0.00223	0.00445	0.85856	0.00445
18	0.00590	0.00465	0.00534	0.00572	0.00683	0.00409	0.00416	0.00712	0.01056	0.01328	0.10493	0.30182	0.44837	0.01289	0.00584	0.00174	0.00261	0.04562	0.00451	0.00404
19	0.79562	0.00915	0.00736	0.00647	0.00949	0.01042	0.00533	0.01482	0.00860	0.08660	0.00767	0.00847	0.00573	0.00456	0.00311	0.00148	0.00373	0.00277	0.00320	0.00542
20	0.00582	0.00416	0.00555	0.00666	0.00693	0.00388	0.00444	0.00666	0.00915	0.01220	0.02634	0.82891	0.03161	0.01497	0.00610	0.00194	0.00277	0.01359	0.00444	0.00388
21	0.00594	0.00476	0.00508	0.00514	0.00637	0.00415	0.00366	0.00702	0.01037	0.01280	0.09948	0.10988	0.56158	0.13254	0.00843	0.00208	0.00276	0.00981	0.00428	0.00389
22	0.01278	0.83490	0.02505	0.00818	0.01227	0.01891	0.00818	0.01431	0.00971	0.01125	0.00664	0.00767	0.00613	0.00409	0.00307	0.00102	0.00511	0.00256	0.00204	0.00613
23	0.01139	0.48319	0.36462	0.01054	0.01592	0.01552	0.01229	0.01467	0.00988	0.01293	0.00748	0.00872	0.00610	0.00429	0.00371	0.00124	0.00596	0.00298	0.00203	0.00654
24	0.00991	0.00850	0.00991	0.00708	0.01133	0.00637	0.00566	0.01203	0.00991	0.01557	0.00850	0.00991	0.00708	0.00354	0.00354	0.00071	0.00354	0.00283	0.00283	0.86124
25	0.02117	0.00858	0.01137	0.00871	0.01242	0.00768	0.00720	0.08767	0.01442	0.74009	0.01823	0.01586	0.01152	0.00590	0.00480	0.00148	0.00417	0.00476	0.00582	0.00813
26	0.01352	0.01425	0.01233	0.01103	0.01319	0.26495	0.00859	0.02101	0.41185	0.01591	0.01337	0.01365	0.01050	0.00632	0.00656	0.00158	0.14678	0.00446	0.00363	0.00652
27	0.01555	0.01890	0.01391	0.01222	0.01430	0.56530	0.02754	0.01686	0.01188	0.01198	0.00726	0.00921	0.00627	0.00558	0.00683	0.00140	0.18989	0.00337	0.00240	0.05934

[dist]
# distance from previous block
# <min> <max>
0	2

[block]
# block no. 1 follows, 53 sequences, length 80
# corresponding to MSA columns:
# 238-317
name=unknown_B
#
# <colnr> <probs for GDERKNQSTAVLIFYWHMCP>
#	G	D	E	R	K	N	Q	S	T	A	V	L	I	F	Y	W	H	M	C	P
0	0.01762	0.01303	0.01396	0.01079	0.01447	0.01444	0.00886	0.73498	0.05347	0.02917	0.01189	0.01225	0.00863	0.02730	0.00529	0.00153	0.00518	0.00442	0.00474	0.00797
1	0.01092	0.01082	0.01627	0.33678	0.02265	0.05180	0.11591	0.06882	0.01015	0.01366	0.00805	0.01168	0.00657	0.00599	0.00862	0.00174	0.28720	0.00436	0.00236	0.00565
2	0.00642	0.05036	0.00661	0.00642	0.00698	0.00493	0.00440	0.00722	0.00887	0.01166	0.02429	0.56660	0.07780	0.15035	0.04179	0.00255	0.00360	0.01130	0.00397	0.00387
3	0.00903	0.00850	0.01434	0.82054	0.03292	0.01062	0.01327	0.01221	0.00956	0.01221	0.00850	0.01274	0.00637	0.00478	0.00478	0.00159	0.00637	0.00425	0.00212	0.00531
4	0.00927	0.00624	0.00752	0.00676	0.00861	0.00598	0.00520	0.01312	0.13847	0.11302	0.43945	0.03140	0.15447	0.00897	0.00536	0.00151	0.00278	0.00773	0.00508	0.02908
5	0.00695	0.00463	0.00521	0.00521	0.00521	0.00463	0.00290	0.00695	0.00695	0.00927	0.01506	0.03128	0.01738	0.83203	0.02433	0.00463	0.00463	0.00695	0.00290	0.00290
6	0.00645	0.00493	0.00554	0.00537	0.00685	0.00427	0.00403	0.00801	0.01178	0.03687	0.29089	0.06219	0.51333	0.01125	0.00563	0.00158	0.00242	0.00956	0.00475	0.00430
7	0.13309	0.01093	0.01127	0.00957	0.01264	0.01241	0.00764	0.23473	0.44983	0.04343	0.01544	0.01462	0.01141	0.00598	0.00457	0.00155	0.00419	0.00469	0.00460	0.00740
8	0.01190	0.00997	0.01165	0.00896	0.01277	0.00947	0.03847	0.14929	0.21228	0.01920	0.01186	0.01233	0.00919	0.00469	0.00418	0.00110	0.00408	0.00386	0.00367	0.46108
9	0.00903	0.00850	0.01434	0.82054	0.03292	0.01062	0.01327	0.01221	0.00956	0.01221	0.00850	0.01274	0.00637	0.00478	0.00478	0.00159	0.00637	0.00425	0.00212	0.00531
10	0.00902	0.00726	0.00834	0.00765	0.00947	0.00776	0.00586	0.01624	0.35745	0.01953	0.45569	0.02782	0.03165	0.00832	0.00530	0.00156	0.00293	0.00722	0.00509	0.00586
11	0.00830	0.00525	0.00645	0.00629	0.00777	0.00481	0.00498	0.01024	0.01197	0.09099	0.29317	0.03777	0.22812	0.01014	0.00547	0.00161	0.00287	0.15127	0.10783	0.00470
12	0.04060	0.00849	0.01120	0.00861	0.01230	0.00759	0.00711	0.07036	0.01410	0.73950	0.01812	0.01578	0.01145	0.00587	0.00476	0.00148	0.00413	0.00472	0.00578	0.00807
13	0.00580	0.00424	0.00546	0.00644	0.00688	0.00390	0.00434	0.00668	0.00936	0.01229	0.02901	0.73452	0.12428	0.01463	0.00605	0.00190	0.00273	0.01317	0.00444	0.00390
14	0.04122	0.00669	0.00773	0.00653	0.00879	0.00652	0.00520	0.09343	0.01257	0.26657	0.05937	0.01736	0.01329	0.00589	0.00406	0.00129	0.00316	0.00472	0.42959	0.00601
15	0.00683	0.00512	0.00768	0.00768	0.00853	0.00597	0.00597	0.00853	0.00768	0.01110	0.01280	0.01878	0.01195	0.03585	0.81308	0.00768	0.01280	0.00512	0.00256	0.00427
16	0.06372	0.00689	0.00836	0.00725	0.00929	0.00673	0.00566	0.11731	0.01408	0.17530	0.42696	0.09184	0.02998	0.00856	0.00523	0.00152	0.00315	0.00733	0.00512	0.00570
17	0.01226	0.01018	0.01082	0.00968	0.01242	0.01170	0.00754	0.02532	0.76342	0.05036	0.01943	0.01777	0.01448	0.00646	0.00486	0.00162	0.00379	0.00538	0.00490	0.00759
18	0.00695	0.00463	0.00521	0.00521	0.00521	0.00463	0.00290	0.00695	0.00695	0.00927	0.01506	0.03128	0.01738	0.83203	0.02433	0.00463	0.00463	0.00695	0.00290	0.00290
19	0.64384	0.00863	0.00753	0.00659	0.00941	0.00957	0.00537	0.02789	0.00971	0.11087	0.11037	0.01240	0.01113	0.00532	0.00355	0.00148	0.00358	0.00365	0.00362	0.00548
20	0.01549	0.00869	0.01026	0.00848	0.01144	0.00872	0.00686	0.16208	0.14778	0.30016	0.01717	0.04188	0.01295	0.00651	0.00468	0.00146	0.00393	0.05092	0.12757	0.05296
21	0.00650	0.00452	0.00567	0.00610	0.00632	0.00453	0.00390	0.00705	0.00789	0.01064	0.01908	0.33518	0.02210	0.41166	0.12368	0.00401	0.00502	0.00925	0.00344	0.00346
22	0.00798	0.00592	0.00691	0.00709	0.00838	0.00594	0.00513	0.01191	0.19219	0.05359	0.03874	0.43131	0.18250	0.01190	0.00565	0.00177	0.00299	0.01048	0.00462	0.00499
23	0.00624	0.00516	0.00551	0.00542	0.00699	0.00458	0.00411	0.00832	0.05366	0.01443	0.17791	0.04289	0.60404	0.01142	0.00563	0.00161	0.00252	0.03062	0.00460	0.00432
24	0.00674	0.00495	0.00666	0.00663	0.00735	0.00532	0.00483	0.00801	0.00830	0.01149	0.08458	0.02606	0.09043	0.23881	0.46195	0.00578	0.00879	0.00637	0.00306	0.00391
25	0.01453	0.01102	0.01176	0.00978	0.01284	0.01236	0.00783	0.34473	0.38046	0.04486	0.01574	0.01511	0.01159	0.00608	0.00470	0.00149	0.00428	0.00484	0.07845	0.00755
26	0.05015	0.00726	0.00934	0.00768	0.01036	0.00669	0.00614	0.06422	0.01370	0.43476	0.26504	0.06569	0.02291	0.00755	0.00506	0.00151	0.00348	0.00637	0.00544	0.00664
27	0.00827	0.00535	0.00607	0.00561	0.00746	0.00458	0.00431	0.00976	0.01178	0.13558	0.17507	0.03964	0.54746	0.01075	0.00552	0.00157	0.00264	0.00903	0.00481	0.00475
28	0.00683	0.00509	0.00755	0.00755	0.00836	0.00590	0.00581	0.00845	0.00764	0.01100	0.01292	0.01945	0.01224	0.07888	0.77045	0.00752	0.01236	0.00522	0.00258	0.00419
29	0.00582	0.00416	0.00555	0.00666	0.00693	0.00388	0.00444	0.00666	0.00915	0.01220	0.02634	0.82891	0.03161	0.01497	0.00610	0.00194	0.00277	0.01359	0.00444	0.00388
30	0.00603	0.00472	0.00505	0.00518	0.00623	0.00419	0.00358	0.00690	0.00968	0.01191	0.03709	0.12476	0.50474	0.22606	0.01058	0.00244	0.00306	0.02002	0.00404	0.00373
31	0.38795	0.00730	0.00759	0.00767	0.00974	0.00789	0.00655	0.01246	0.00988	0.06023	0.01671	0.03147	0.01678	0.00893	0.00489	0.00184	0.00407	0.38926	0.00384	0.00495
32	0.01470	0.00918	0.01431	0.06235	0.36102	0.00881	0.01040	0.01707	0.01210	0.31824	0.07903	0.01686	0.04286	0.00568	0.00487	0.00147	0.00469	0.00505	0.00403	0.00727
33	0.00744	0.00476	0.00624	0.00652	0.00742	0.00435	0.00464	0.00881	0.01095	0.08273	0.25987	0.47806	0.07502	0.01247	0.00583	0.00175	0.00271	0.01115	0.00481	0.00445
34	0.00649	0.00471	0.00533	0.00533	0.00600	0.00440	0.00347	0.00727	0.00935	0.01221	0.16349	0.07936	0.24569	0.40971	0.01473	0.00308	0.00348	0.00850	0.00384	0.00356
35	0.41580	0.00917	0.01143	0.37795	0.02083	0.01085	0.04073	0.03590	0.00933	0.01724	0.00776	0.01035	0.00589	0.00461	0.00395	0.00153	0.00514	0.00352	0.00261	0.00538
36	0.01220	0.68764	0.16723	0.00917	0.01380	0.01749	0.00990	0.01446	0.00978	0.01195	0.00700	0.00811	0.00612	0.00417	0.00333	0.00111	0.00547	0.00273	0.00204	0.00630
37	0.01093	0.02562	0.05377	0.00916	0.01121	0.24706	0.01700	0.01401	0.11026	0.02606	0.06456	0.21221	0.12472	0.00910	0.00518	0.00158	0.00501	0.04355	0.00377	0.00523
38	0.00917	0.00672	0.00770	0.00734	0.00877	0.00702	0.00538	0.02481	0.24918	0.04879	0.06334	0.12408	0.08655	0.20171	0.01052	0.04999	0.00375	0.05891	0.00416	0.02212
39	0.03426	0.01046	0.01044	0.00791	0.01184	0.10420	0.00626	0.03678	0.04260	0.01588	0.00885	0.01007	0.00725	0.00392	0.00371	0.00085	0.00422	0.00300	0.00293	0.67457
40	0.00830	0.00415	0.00623	0.00623	0.00623	0.00415	0.00415	0.00623	0.00623	0.00830	0.00830	0.01453	0.00830	0.01660	0.01868	0.86094	0.00415	0.00415	0.00208	0.00208
41	0.01034	0.00984	0.01672	0.44878	0.39438	0.01097	0.01393	0.01337	0.01018	0.01381	0.00873	0.01231	0.00694	0.00453	0.00476	0.00151	0.00605	0.00425	0.00224	0.00637
42	0.00942	0.00796	0.00935	0.00884	0.01035	0.00918	0.00675	0.01653	0.38518	0.01639	0.08606	0.22985	0.02049	0.01079	0.05024	0.00208	0.10268	0.00765	0.00433	0.00588
43	0.01766	0.01263	0.01359	0.01079	0.01430	0.10837	0.04998	0.33408	0.13668	0.23050	0.01406	0.01345	0.00981	0.00571	0.00479	0.00146	0.00527	0.00453	0.00469	0.00764
44	0.01605	0.01009	0.01153	0.00942	0.01260	0.01069	0.00759	0.24215	0.27784	0.25251	0.08302	0.01706	0.01451	0.00638	0.00489	0.00152	0.00416	0.00519	0.00518	0.00763
45	0.00588	0.00428	0.00549	0.00639	0.00683	0.00395	0.00430	0.00678	0.00944	0.01245	0.05830	0.68688	0.11582	0.04073	0.00662	0.00197	0.00277	0.01280	0.00442	0.00389
46	0.00718	0.00423	0.00601	0.00656	0.00674	0.00411	0.00447	0.00662	0.00778	0.01035	0.01720	0.37577	0.01964	0.01570	0.01246	0.43462	0.00356	0.05076	0.00325	0.00300
47	0.01712	0.01662	0.01276	0.01112	0.01391	0.41950	0.00876	0.21444	0.01553	0.10749	0.01190	0.01568	0.00988	0.00624	0.00476	0.00143	0.00673	0.09606	0.00368	0.00636
48	0.00617	0.00430	0.00539	0.00619	0.00655	0.00404	0.00408	0.00696	0.00895	0.01208	0.02531	0.60631	0.07635	0.14606	0.00886	0.00231	0.00302	0.01179	0.05153	0.00376
49	0.00895	0.00651	0.00766	0.00709	0.00882	0.00658	0.00540	0.01401	0.22468	0.07151	0.38902	0.08451	0.12764	0.00926	0.00540	0.00158	0.00285	0.00802	0.00504	0.00548
50	0.55872	0.00884	0.00850	0.00709	0.01032	0.00938	0.00585	0.01741	0.01015	0.30659	0.01109	0.01086	0.00760	0.00497	0.00363	0.00148	0.00383	0.00339	0.00403	0.00625
51	0.03144	0.00549	0.00626	0.00598	0.00665	0.00555	0.00384	0.01001	0.07695	0.06496	0.08017	0.05966	0.01925	0.58299	0.01850	0.00371	0.00423	0.00695	0.00353	0.00389
52	0.00692	0.00544	0.00590	0.00574	0.00714	0.00515	0.00421	0.00972	0.10523	0.01478	0.18318	0.06283	0.41224	0.10051	0.00750	0.00191	0.00280	0.00874	0.04561	0.00444
53	0.05233	0.00445	0.00566	0.00667	0.00710	0.00428	0.00452	0.00710	0.00912	0.01273	0.02526	0.77318	0.03012	0.01438	0.00594	0.00192	0.00285	0.02406	0.00436	0.00396
54	0.00684	0.00477	0.00609	0.00615	0.00646	0.00505	0.00405	0.00748	0.00734	0.01008	0.01497	0.07580	0.01637	0.50721	0.29544	0.00552	0.00734	0.00673	0.00287	0.00343
55	0.00769	0.00533	0.00663	0.00649	0.00766	0.00509	0.00473	0.01033	0.07864	0.05900	0.39987	0.22937	0.09267	0.05631	0.00668	0.00180	0.00276	0.00939	0.00487	0.00469
56	0.01867	0.00752	0.01003	0.00796	0.01122	0.00649	0.00647	0.02039	0.01309	0.66599	0.02284	0.06489	0.10798	0.00716	0.00498	0.00152	0.00380	0.00593	0.00566	0.00740
57	0.01074	0.00737	0.00820	0.00730	0.00928	0.00782	0.00567	0.09880	0.23471	0.05811	0.24061	0.02218	0.02184	0.00707	0.00466	0.00142	0.00309	0.00592	0.23929	0.00593
58	0.05155	0.00983	0.01129	0.00924	0.01253	0.01030	0.00746	0.15778	0.30205	0.33615	0.01723	0.01568	0.01193	0.00603	0.00473	0.00152	0.00413	0.00484	0.01799	0.00775
59	0.11980	0.00783	0.00970	0.00789	0.01096	0.00732	0.00647	0.05630	0.01312	0.49726	0.10697	0.02091	0.05854	0.00691	0.00482	0.00153	0.00381	0.04765	0.00527	0.00694
60	0.00784	0.00486	0.00586	0.00617	0.00704	0.00473	0.00438	0.00991	0.05187	0.04714	0.10886	0.38191	0.02518	0.05621	0.00618	0.00178	0.00280	0.02121	0.24164	0.00443
61	0.00575	0.00443	0.00526	0.00593	0.00674	0.00394	0.00411	0.00674	0.00985	0.01249	0.03518	0.51561	0.33921	0.01383	0.00592	0.00181	0.00263	0.01219	0.00444	0.00394
62	0.00651	0.00445	0.00534	0.00577	0.00588	0.00434	0.00349	0.00684	0.00780	0.01040	0.01942	0.33984	0.02288	0.51595	0.01728	0.00359	0.00391	0.00952	0.00349	0.00328
63	0.01163	0.01147	0.01537	0.44399	0.17802	0.11457	0.02357	0.08172	0.02428	0.01453	0.00885	0.01195	0.00688	0.00490	0.00503	0.00151	0.02902	0.00414	0.00250	0.00608
64	0.01367	0.69198	0.02302	0.00891	0.01271	0.15863	0.00836	0.01515	0.01039	0.01132	0.00678	0.00783	0.00614	0.00424	0.00329	0.00106	0.00573	0.00265	0.00212	0.00603
65	0.00830	0.00415	0.00623	0.00623	0.00623	0.00415	0.00415	0.00623	0.00623	0.00830	0.00830	0.01453	0.00830	0.01660	0.01868	0.86094	0.00415	0.00415	0.00208	0.00208
66	0.01823	0.01328	0.01428	0.01095	0.01477	0.01467	0.00904	0.77104	0.02230	0.04560	0.01162	0.01157	0.00820	0.00574	0.00478	0.00144	0.00524	0.00431	0.00480	0.00813
67	0.01201	0.17575	0.23446	0.01212	0.01668	0.02420	0.12564	0.06300	0.23691	0.03475	0.01189	0.01247	0.00896	0.00504	0.00453	0.00145	0.00573	0.00426	0.00316	0.00700
68	0.01175	0.00943	0.01029	0.00942	0.01196	0.01064	0.00745	0.02293	0.63561	0.06266	0.02088	0.02283	0.03647	0.00741	0.00509	0.00168	0.00384	0.09768	0.00485	0.00712
69	0.01183	0.01136	0.01940	0.02934	0.80221	0.01136	0.01467	0.01467	0.01088	0.01562	0.00899	0.01183	0.00757	0.00426	0.00473	0.00142	0.00568	0.00426	0.00237	0.00757
70	0.01308	0.28380	0.27212	0.01119	0.01568	0.23438	0.01147	0.01679	0.07472	0.01333	0.00851	0.00954	0.00680	0.00466	0.00403	0.00129	0.00660	0.00325	0.00238	0.00639
71	0.00855	0.00780	0.01295	0.66879	0.02826	0.00961	0.01181	0.01140	0.00930	0.01208	0.01019	0.06736	0.00871	0.00920	0.10232	0.00235	0.00691	0.00497	0.00233	0.00509
72	0.01785	0.02278	0.01354	0.01231	0.01478	0.81284	0.00924	0.01909	0.01354	0.01170	0.00739	0.00862	0.00616	0.00493	0.00431	0.00123	0.00862	0.00308	0.00246	0.00554
73	0.00673	0.00510	0.00743	0.00743	0.00835	0.00581	0.00577	0.00839	0.00796	0.01125	0.01590	0.02115	0.08053	0.03378	0.74284	0.00715	0.01190	0.00555	0.00272	0.00425
74	0.00830	0.00415	0.00623	0.00623	0.00623	0.00415	0.00415	0.00623	0.00623	0.00830	0.00830	0.01453	0.00830	0.01660	0.01868	0.86094	0.00415	0.00415	0.00208	0.00208
75	0.01021	0.00956	0.01249	0.01006	0.01199	0.01087	0.00827	0.01175	0.00850	0.01336	0.00729	0.01021	0.00664	0.00617	0.01015	0.00146	0.44981	0.00357	0.00243	0.39522
76	0.00991	0.00850	0.00991	0.00708	0.01133	0.00637	0.00566	0.01203	0.00991	0.01557	0.00850	0.00991	0.00708	0.00354	0.00354	0.00071	0.00354	0.00283	0.00283	0.86124
77	0.01785	0.02278	0.01354	0.01231	0.01478	0.81284	0.00924	0.01909	0.01354	0.01170	0.00739	0.00862	0.00616	0.00493	0.00431	0.00123	0.00862	0.00308	0.00246	0.00554
78	0.00978	0.00787	0.00924	0.00926	0.01116	0.00867	0.00763	0.01759	0.39941	0.01713	0.02240	0.03601	0.02110	0.00987	0.00574	0.00191	0.00409	0.39054	0.00463	0.00597
79	0.01122	0.01163	0.02049	0.01566	0.01874	0.01269	0.39704	0.01680	0.20116	0.01548	0.01119	0.01347	0.00879	0.00574	0.00802	0.00174	0.21560	0.00521	0.00293	0.00641

[dist]
# distance from previous block
# <min> <max>
0	66

[block]
# block no. 2 follows, 53 sequences, length 36
# corresponding to MSA columns:
# 384-416,420-422
name=unknown_C
#
# <colnr> <probs for GDERKNQSTAVLIFYWHMCP>
#	G	D	E	R	K	N	Q	S	T	A	V	L	I	F	Y	W	H	M	C	P
0	0.00998	0.00847	0.01409	0.75817	0.03133	0.01034	0.01279	0.01306	0.00987	0.07314	0.00929	0.01301	0.00679	0.00487	0.00478	0.00158	0.00619	0.00429	0.00242	0.00553
1	0.00657	0.00469	0.00640	0.00751	0.00811	0.00452	0.00573	0.00794	0.00989	0.01304	0.02593	0.52132	0.02998	0.01427	0.00630	0.00204	0.00342	0.31382	0.00442	0.00409
2	0.01278	0.83490	0.02505	0.00818	0.01227	0.01891	0.00818	0.01431	0.00971	0.01125	0.00664	0.00767	0.00613	0.00409	0.00307	0.00102	0.00511	0.00256	0.00204	0.00613
3	0.00610	0.00429	0.00553	0.00637	0.00660	0.00411	0.00414	0.00677	0.00863	0.01153	0.02349	0.63129	0.02793	0.19403	0.03340	0.00270	0.00347	0.01189	0.00405	0.00368
4	0.00696	0.00523	0.00652	0.00652	0.00762	0.00505	0.00481	0.00986	0.08722	0.01686	0.44899	0.23585	0.09625	0.01105	0.00571	0.00165	0.00261	0.03169	0.00493	0.00461
5	0.00780	0.00467	0.00556	0.00608	0.00692	0.00461	0.00464	0.00956	0.00985	0.01509	0.02027	0.19850	0.02057	0.07296	0.00636	0.00183	0.00308	0.20016	0.39728	0.00420
6	0.26804	0.00861	0.01000	0.00793	0.01141	0.00833	0.00654	0.04211	0.01231	0.55457	0.01508	0.01365	0.00978	0.00548	0.00427	0.00148	0.00399	0.00414	0.00502	0.00727
7	0.01824	0.01057	0.01227	0.00970	0.01324	0.01099	0.00792	0.31353	0.17735	0.34950	0.01618	0.01477	0.01099	0.00597	0.00481	0.00149	0.00446	0.00474	0.00527	0.00801
8	0.47477	0.00873	0.00891	0.00731	0.01061	0.00901	0.00603	0.01833	0.01070	0.38455	0.01231	0.01170	0.00826	0.00512	0.00381	0.00148	0.00387	0.00362	0.00433	0.00655
9	0.01903	0.01200	0.01349	0.01034	0.01413	0.01277	0.00854	0.58523	0.02016	0.23444	0.01342	0.01274	0.00910	0.00578	0.00479	0.00145	0.00495	0.00444	0.00508	0.00813
10	0.00621	0.00482	0.00565	0.00553	0.00682	0.00426	0.00411	0.00791	0.01208	0.01594	0.41661	0.09041	0.38018	0.01114	0.00567	0.00158	0.00236	0.00960	0.00484	0.00426
11	0.01944	0.01135	0.01308	0.01003	0.01381	0.01180	0.00829	0.49020	0.01906	0.33101	0.01434	0.01334	0.00957	0.00581	0.00479	0.00145	0.00480	0.00450	0.00522	0.00813
12	0.00654	0.00487	0.00601	0.00635	0.00715	0.00464	0.00444	0.00855	0.05999	0.01451	0.24545	0.40275	0.12177	0.07540	0.00724	0.00197	0.00279	0.01076	0.00458	0.00423
13	0.00642	0.00483	0.00594	0.00576	0.00695	0.00435	0.00428	0.00832	0.01258	0.01714	0.56038	0.08844	0.23568	0.01069	0.00567	0.00156	0.00233	0.00932	0.00500	0.00435
14	0.32211	0.01061	0.00962	0.00860	0.01141	0.06191	0.00679	0.02081	0.43273	0.04704	0.01403	0.01355	0.01055	0.00562	0.00414	0.00154	0.00407	0.00422	0.00406	0.00659
15	0.03493	0.00924	0.01155	0.00900	0.01262	0.00885	0.00739	0.15310	0.08402	0.59036	0.01744	0.01544	0.01133	0.00591	0.00477	0.00148	0.00424	0.00473	0.00558	0.00803
16	0.00605	0.00443	0.00570	0.00637	0.00701	0.00408	0.00446	0.00726	0.01030	0.01375	0.18359	0.54992	0.12821	0.01353	0.00597	0.00182	0.00268	0.03624	0.00460	0.00404
17	0.00726	0.00564	0.00639	0.00612	0.00739	0.00553	0.00442	0.01050	0.13261	0.01544	0.29622	0.05260	0.24683	0.17133	0.00920	0.00218	0.00302	0.00832	0.00449	0.00452
18	0.00681	0.00488	0.00664	0.00670	0.00721	0.00535	0.00474	0.00784	0.00750	0.01048	0.01445	0.07185	0.01514	0.32979	0.47240	0.00621	0.00917	0.00631	0.00280	0.00374
19	0.00588	0.00429	0.00554	0.00641	0.00690	0.00395	0.00436	0.00687	0.00969	0.01285	0.09216	0.68187	0.11313	0.01425	0.00602	0.00187	0.00269	0.01282	0.00450	0.00395
20	0.00617	0.00460	0.00564	0.00604	0.00686	0.00420	0.00428	0.00743	0.01053	0.01388	0.21238	0.35045	0.22536	0.07618	0.00731	0.00198	0.00278	0.04541	0.00451	0.00401
21	0.01270	0.81497	0.04429	0.00831	0.01247	0.01872	0.00841	0.01433	0.00972	0.01134	0.00669	0.00773	0.00613	0.00410	0.00310	0.00103	0.00516	0.00258	0.00204	0.00616
22	0.00801	0.00532	0.00639	0.00643	0.00762	0.00497	0.00463	0.05764	0.01112	0.07517	0.10414	0.38491	0.21523	0.04938	0.00650	0.00185	0.00296	0.01039	0.03281	0.00455
23	0.00614	0.00447	0.00532	0.00593	0.00671	0.00408	0.00415	0.00724	0.00979	0.01291	0.04450	0.44756	0.26600	0.05041	0.00659	0.00190	0.00276	0.03911	0.07047	0.00396
24	0.00819	0.00507	0.00630	0.00611	0.00725	0.00462	0.00436	0.00950	0.01096	0.11061	0.26569	0.20656	0.16486	0.15750	0.00897	0.00217	0.00304	0.00920	0.00460	0.00444
25	0.01051	0.00884	0.00962	0.00887	0.01116	0.00993	0.00693	0.02089	0.58044	0.01908	0.13475	0.02463	0.05984	0.00776	0.00515	0.00165	0.00354	0.06484	0.00486	0.00670
26	0.00690	0.00506	0.00601	0.00606	0.00735	0.00460	0.00458	0.00870	0.02876	0.04054	0.24303	0.13938	0.34500	0.04163	0.00644	0.00179	0.00280	0.09236	0.00466	0.00435
27	0.00903	0.00850	0.01434	0.82054	0.03292	0.01062	0.01327	0.01221	0.00956	0.01221	0.00850	0.01274	0.00637	0.00478	0.00478	0.00159	0.00637	0.00425	0.00212	0.00531
28	0.00771	0.00497	0.00661	0.00663	0.00720	0.00474	0.03082	0.00836	0.00860	0.07195	0.02023	0.38734	0.02299	0.37351	0.01401	0.00308	0.00387	0.00972	0.00380	0.00386
29	0.86579	0.00924	0.00702	0.00629	0.00924	0.01072	0.00518	0.01405	0.00813	0.02144	0.00666	0.00776	0.00518	0.00444	0.00296	0.00148	0.00370	0.00259	0.00296	0.00518
30	0.01049	0.00727	0.00815	0.00767	0.00945	0.06762	0.00614	0.04729	0.01293	0.13897	0.28815	0.05668	0.11665	0.00985	0.00561	0.00167	0.00371	0.19167	0.00480	0.00522
31	0.01106	0.01067	0.01647	0.25103	0.21481	0.03391	0.07199	0.05982	0.02389	0.01437	0.00896	0.01301	0.00755	0.00583	0.00763	0.00168	0.21280	0.02593	0.00248	0.00613
32	0.86579	0.00924	0.00702	0.00629	0.00924	0.01072	0.00518	0.01405	0.00813	0.02144	0.00666	0.00776	0.00518	0.00444	0.00296	0.00148	0.00370	0.00259	0.00296	0.00518
33	0.01113	0.37931	0.41485	0.01096	0.01641	0.01445	0.01286	0.03555	0.01018	0.01370	0.00795	0.00936	0.00635	0.00545	0.03174	0.00151	0.00636	0.00318	0.00212	0.00659
34	0.00596	0.00455	0.00575	0.00630	0.00701	0.00414	0.01882	0.00690	0.00950	0.01223	0.03126	0.53590	0.24247	0.07673	0.00737	0.00205	0.00292	0.01196	0.00428	0.00390
35	0.01018	0.11942	0.57342	0.01331	0.01958	0.01185	0.10412	0.01486	0.01017	0.01472	0.00847	0.01011	0.00627	0.00436	0.00443	0.00142	0.00672	0.00361	0.00212	0.06086

[dist]
# distance from previous block
# <min> <max>
0	1

# created by:
# /st0/software/busco_prod/Augustus/scripts/msa2prfl.pl ./align_prep/66984.fa
