[name]
unknown

[dist]
# distance from previous block
# <min> <max>
0	1

[block]
# block no. 0 follows, 55 sequences, length 20
# corresponding to MSA columns:
# 1-20
name=unknown_A
#
# <colnr> <probs for GDERKNQSTAVLIFYWHMCP>
#	G	D	E	R	K	N	Q	S	T	A	V	L	I	F	Y	W	H	M	C	P
0	0.07092	0.01007	0.01152	0.00933	0.01256	0.01055	0.00773	0.36016	0.06921	0.26432	0.01524	0.01788	0.01158	0.00650	0.00477	0.00152	0.00447	0.09960	0.00484	0.00725
1	0.00952	0.13623	0.63029	0.01186	0.01781	0.01129	0.01476	0.01409	0.01007	0.01455	0.07926	0.01172	0.00930	0.00481	0.00431	0.00141	0.00619	0.00375	0.00225	0.00653
2	0.00990	0.17354	0.66791	0.01229	0.01863	0.01220	0.01550	0.01459	0.00975	0.01404	0.00800	0.00939	0.00591	0.00434	0.00416	0.00139	0.00653	0.00326	0.00197	0.00671
3	0.04866	0.00827	0.00863	0.00725	0.00988	0.05828	0.00577	0.13682	0.01325	0.25484	0.02859	0.02693	0.35731	0.00824	0.00493	0.00147	0.00371	0.00665	0.00462	0.00589
4	0.00595	0.00445	0.00553	0.00586	0.00671	0.00402	0.00416	0.00732	0.01077	0.01439	0.30117	0.37605	0.21225	0.01218	0.00568	0.00167	0.00245	0.01078	0.00460	0.00402
5	0.00649	0.00441	0.00523	0.00549	0.00558	0.00437	0.00328	0.00674	0.00731	0.00978	0.01729	0.22710	0.02015	0.61048	0.04347	0.00396	0.00431	0.00830	0.00318	0.00309
6	0.01097	0.45313	0.39766	0.01047	0.01582	0.01481	0.01233	0.01431	0.00963	0.01274	0.00736	0.00858	0.00593	0.00419	0.00366	0.00122	0.00588	0.00294	0.00198	0.00640
7	0.00728	0.00459	0.00542	0.00542	0.00615	0.00474	0.00382	0.00858	0.00833	0.01269	0.01716	0.02398	0.08425	0.26401	0.22376	0.00384	0.00560	0.00573	0.30085	0.00379
8	0.00567	0.00405	0.00540	0.00648	0.00675	0.00378	0.00432	0.00648	0.00891	0.01188	0.02564	0.83347	0.03077	0.01457	0.00594	0.00189	0.00270	0.01323	0.00432	0.00378
9	0.01018	0.01018	0.01425	0.01221	0.01221	0.01425	0.01018	0.01120	0.00712	0.01120	0.00611	0.01018	0.00611	0.00814	0.01527	0.00204	0.82799	0.00407	0.00204	0.00509
10	0.01519	0.00822	0.00993	0.00805	0.01066	0.00818	0.00635	0.22538	0.01377	0.33163	0.01730	0.01940	0.06831	0.15313	0.08070	0.00251	0.00501	0.00530	0.00455	0.00641
11	0.00933	0.02406	0.81240	0.01326	0.02014	0.01080	0.01719	0.01473	0.00982	0.01473	0.00835	0.00982	0.00589	0.00442	0.00442	0.00147	0.00688	0.00344	0.00196	0.00688
12	0.00554	0.00455	0.00488	0.00515	0.00640	0.00389	0.00373	0.00663	0.01019	0.01240	0.04186	0.23828	0.61549	0.01247	0.00561	0.00165	0.00244	0.01065	0.00432	0.00389
13	0.00653	0.00475	0.00614	0.00579	0.00691	0.00437	0.00434	0.00867	0.01303	0.01833	0.76498	0.03528	0.08414	0.00963	0.00549	0.00147	0.00220	0.00849	0.00508	0.00437
14	0.01655	0.07269	0.01442	0.01318	0.08508	0.67462	0.00939	0.03764	0.01294	0.01216	0.00739	0.00868	0.00616	0.00470	0.00417	0.00121	0.00783	0.00310	0.00242	0.00567
15	0.00665	0.00498	0.00748	0.00748	0.00831	0.00582	0.00582	0.00831	0.00748	0.01080	0.01246	0.01828	0.01163	0.03489	0.81807	0.00748	0.01246	0.00498	0.00249	0.00415
16	0.00995	0.00643	0.00669	0.00614	0.00784	0.00688	0.00474	0.08357	0.19123	0.01878	0.04548	0.01839	0.04122	0.00601	0.00388	0.00126	0.00278	0.00488	0.52852	0.00533
17	0.00583	0.00417	0.00554	0.00637	0.00678	0.00388	0.00433	0.00688	0.00965	0.01305	0.16110	0.69465	0.03305	0.01369	0.00586	0.00182	0.00261	0.01239	0.00446	0.00388
18	0.10299	0.20626	0.03083	0.00991	0.01299	0.27702	0.00828	0.15426	0.09395	0.01632	0.00897	0.00976	0.00718	0.00549	0.01982	0.00139	0.02212	0.00334	0.00298	0.00614
19	0.05240	0.26305	0.08907	0.01423	0.19502	0.16943	0.01042	0.12705	0.01219	0.01544	0.00797	0.00932	0.00652	0.00446	0.00395	0.00124	0.00589	0.00330	0.00256	0.00650

[dist]
# distance from previous block
# <min> <max>
0	11

[block]
# block no. 1 follows, 55 sequences, length 30
# corresponding to MSA columns:
# 32-61
name=unknown_B
#
# <colnr> <probs for GDERKNQSTAVLIFYWHMCP>
#	G	D	E	R	K	N	Q	S	T	A	V	L	I	F	Y	W	H	M	C	P
0	0.01204	0.11530	0.01972	0.02354	0.56815	0.02837	0.07649	0.05747	0.02693	0.01543	0.00882	0.01113	0.00731	0.00424	0.00447	0.00135	0.00565	0.00405	0.00245	0.00709
1	0.01078	0.02029	0.56053	0.01384	0.04398	0.01142	0.09355	0.11643	0.05475	0.01692	0.00942	0.01074	0.00677	0.00462	0.00458	0.00148	0.00653	0.00386	0.00252	0.00699
2	0.01459	0.01669	0.01388	0.01357	0.09950	0.43502	0.00971	0.05598	0.07410	0.01330	0.00823	0.01000	0.00692	0.00568	0.00694	0.00146	0.20240	0.00362	0.00260	0.00582
3	0.01293	0.68688	0.02278	0.00988	0.07187	0.06142	0.00854	0.05712	0.01043	0.01230	0.00694	0.00802	0.00618	0.00413	0.00326	0.00106	0.00521	0.00273	0.00218	0.00615
4	0.00588	0.00423	0.00524	0.00595	0.00633	0.00395	0.00390	0.00656	0.00867	0.01136	0.02611	0.56037	0.12866	0.18868	0.00965	0.00240	0.00304	0.01141	0.00400	0.00359
5	0.06582	0.01147	0.01274	0.00982	0.01346	0.01222	0.00811	0.54775	0.01886	0.23301	0.01279	0.01219	0.00869	0.00556	0.00456	0.00141	0.00473	0.00422	0.00484	0.00775
6	0.01249	0.04298	0.01108	0.00922	0.01200	0.01135	0.00729	0.06053	0.63945	0.08579	0.01889	0.01739	0.03808	0.00631	0.00468	0.00153	0.00378	0.00519	0.00469	0.00727
7	0.00567	0.00405	0.00540	0.00648	0.00675	0.00378	0.00432	0.00648	0.00891	0.01188	0.02564	0.83347	0.03077	0.01457	0.00594	0.00189	0.00270	0.01323	0.00432	0.00378
8	0.00933	0.02406	0.81240	0.01326	0.02014	0.01080	0.01719	0.01473	0.00982	0.01473	0.00835	0.00982	0.00589	0.00442	0.00442	0.00147	0.00688	0.00344	0.00196	0.00688
9	0.00685	0.00524	0.00772	0.00761	0.00835	0.00621	0.00590	0.00838	0.00742	0.01073	0.01223	0.01848	0.01161	0.07595	0.73196	0.00702	0.05670	0.00503	0.00248	0.00413
10	0.00568	0.00475	0.00497	0.00500	0.00651	0.00404	0.00381	0.00699	0.01080	0.01309	0.10211	0.04444	0.70782	0.01167	0.00555	0.00159	0.00245	0.05037	0.00438	0.00398
11	0.86937	0.00900	0.00684	0.00612	0.00900	0.01044	0.00504	0.01368	0.00792	0.02087	0.00648	0.00756	0.00504	0.00432	0.00288	0.00144	0.00360	0.00252	0.00288	0.00504
12	0.00675	0.00458	0.00545	0.00545	0.00558	0.00471	0.00329	0.00701	0.00688	0.00930	0.01432	0.02855	0.01609	0.71142	0.14763	0.00497	0.00575	0.00649	0.00277	0.00303
13	0.01338	0.01218	0.01145	0.01002	0.01279	0.12414	0.00783	0.14890	0.56315	0.01994	0.01604	0.01510	0.01203	0.00598	0.00465	0.00150	0.00457	0.00477	0.00440	0.00718
14	0.01191	0.00992	0.01053	0.00942	0.01209	0.01140	0.00734	0.02465	0.77018	0.04856	0.01891	0.01730	0.01410	0.00629	0.00473	0.00157	0.00369	0.00524	0.00477	0.00738
15	0.86937	0.00900	0.00684	0.00612	0.00900	0.01044	0.00504	0.01368	0.00792	0.02087	0.00648	0.00756	0.00504	0.00432	0.00288	0.00144	0.00360	0.00252	0.00288	0.00504
16	0.00665	0.00496	0.00734	0.00734	0.00813	0.00574	0.00565	0.00822	0.00744	0.01070	0.01258	0.01896	0.01193	0.07993	0.77343	0.00731	0.01201	0.00508	0.00251	0.00408
17	0.00879	0.00827	0.01395	0.82532	0.03204	0.01034	0.01292	0.01189	0.00930	0.01189	0.00827	0.01240	0.00620	0.00465	0.00465	0.00155	0.00620	0.00413	0.00207	0.00517
18	0.00567	0.00427	0.00525	0.00603	0.00669	0.00386	0.00417	0.00661	0.00944	0.01212	0.03176	0.58842	0.25228	0.01373	0.00582	0.00180	0.00264	0.03127	0.00432	0.00383
19	0.00614	0.00546	0.00525	0.00516	0.00681	0.02557	0.00389	0.00798	0.05385	0.01291	0.04454	0.04232	0.74140	0.01130	0.00542	0.00156	0.00259	0.00939	0.00429	0.00415
20	0.00933	0.02406	0.81240	0.01326	0.02014	0.01080	0.01719	0.01473	0.00982	0.01473	0.00835	0.00982	0.00589	0.00442	0.00442	0.00147	0.00688	0.00344	0.00196	0.00688
21	0.00879	0.00827	0.01395	0.82532	0.03204	0.01034	0.01292	0.01189	0.00930	0.01189	0.00827	0.01240	0.00620	0.00465	0.00465	0.00155	0.00620	0.00413	0.00207	0.00517
22	0.00574	0.00410	0.00548	0.00656	0.00687	0.00384	0.00445	0.00661	0.00898	0.01196	0.02560	0.80126	0.03060	0.01450	0.00596	0.00190	0.00276	0.04469	0.00432	0.00380
23	0.01157	0.00999	0.01052	0.00947	0.01210	0.01157	0.00736	0.02472	0.79908	0.01946	0.01893	0.01736	0.01420	0.00631	0.00473	0.00158	0.00368	0.00526	0.00473	0.00736
24	0.00894	0.00842	0.01423	0.78138	0.07481	0.01038	0.01299	0.01202	0.00937	0.01207	0.00830	0.01235	0.00627	0.00462	0.00465	0.00154	0.00616	0.00413	0.00208	0.00529
25	0.01030	0.27942	0.56557	0.01160	0.01757	0.01319	0.01430	0.01448	0.00971	0.01355	0.00776	0.00908	0.00592	0.00428	0.00397	0.00132	0.00628	0.00314	0.00197	0.00659
26	0.00792	0.00498	0.00670	0.00650	0.00738	0.00483	0.00488	0.03881	0.01072	0.03100	0.37128	0.02890	0.04091	0.01202	0.00989	0.29570	0.00325	0.10662	0.00394	0.00377
27	0.03220	0.00910	0.01059	0.00786	0.01179	0.00789	0.02147	0.11350	0.06984	0.05081	0.00983	0.01068	0.00772	0.00406	0.00377	0.00091	0.00379	0.00325	0.00327	0.61766
28	0.00879	0.00827	0.01395	0.82532	0.03204	0.01034	0.01292	0.01189	0.00930	0.01189	0.00827	0.01240	0.00620	0.00465	0.00465	0.00155	0.00620	0.00413	0.00207	0.00517
29	0.00677	0.00451	0.00507	0.00507	0.00507	0.00451	0.00282	0.00677	0.00677	0.00902	0.01466	0.03044	0.01691	0.83650	0.02368	0.00451	0.00451	0.00677	0.00282	0.00282

[dist]
# distance from previous block
# <min> <max>
0	2

[block]
# block no. 2 follows, 55 sequences, length 85
# corresponding to MSA columns:
# 64-148
name=unknown_C
#
# <colnr> <probs for GDERKNQSTAVLIFYWHMCP>
#	G	D	E	R	K	N	Q	S	T	A	V	L	I	F	Y	W	H	M	C	P
0	0.01151	0.01105	0.01888	0.02855	0.80748	0.01105	0.01428	0.01428	0.01059	0.01520	0.00875	0.01151	0.00737	0.00415	0.00461	0.00138	0.00553	0.00415	0.00230	0.00737
1	0.01244	0.83930	0.02438	0.00796	0.01194	0.01841	0.00796	0.01393	0.00945	0.01095	0.00647	0.00746	0.00597	0.00398	0.00299	0.00100	0.00498	0.00249	0.00199	0.00597
2	0.00945	0.05523	0.78228	0.01306	0.01982	0.01109	0.01684	0.01470	0.00981	0.01459	0.00828	0.00973	0.00590	0.00440	0.00437	0.00146	0.00680	0.00340	0.00197	0.00684
3	0.00567	0.00405	0.00540	0.00648	0.00675	0.00378	0.00432	0.00648	0.00891	0.01188	0.02564	0.83347	0.03077	0.01457	0.00594	0.00189	0.00270	0.01323	0.00432	0.00378
4	0.01078	0.40558	0.44362	0.01078	0.01630	0.01436	0.01287	0.01436	0.00965	0.01296	0.00747	0.00872	0.00593	0.00421	0.00375	0.00125	0.00599	0.00299	0.00198	0.00645
5	0.01157	0.01003	0.01080	0.01010	0.03841	0.01155	0.00759	0.02438	0.77300	0.01932	0.01860	0.01716	0.01398	0.00624	0.00473	0.00157	0.00374	0.00522	0.00465	0.00736
6	0.00703	0.00511	0.00687	0.00759	0.00867	0.00495	0.00638	0.00901	0.01101	0.01447	0.15934	0.09261	0.11086	0.01227	0.00614	0.00195	0.00364	0.52342	0.00443	0.00424
7	0.01151	0.01105	0.01888	0.02855	0.80748	0.01105	0.01428	0.01428	0.01059	0.01520	0.00875	0.01151	0.00737	0.00415	0.00461	0.00138	0.00553	0.00415	0.00230	0.00737
8	0.00677	0.00451	0.00507	0.00507	0.00507	0.00451	0.00282	0.00677	0.00677	0.00902	0.01466	0.03044	0.01691	0.83650	0.02368	0.00451	0.00451	0.00677	0.00282	0.00282
9	0.00551	0.00466	0.00477	0.00487	0.00632	0.00391	0.00360	0.00666	0.01046	0.01251	0.04527	0.11299	0.73858	0.01202	0.00554	0.00160	0.00239	0.01011	0.00432	0.00391
10	0.00867	0.00434	0.00434	0.00434	0.00542	0.00434	0.00325	0.01084	0.00976	0.01734	0.01518	0.01734	0.01192	0.00542	0.00325	0.00108	0.00217	0.00434	0.86233	0.00434
11	0.01157	0.00999	0.01052	0.00947	0.01210	0.01157	0.00736	0.02472	0.79908	0.01946	0.01893	0.01736	0.01420	0.00631	0.00473	0.00158	0.00368	0.00526	0.00473	0.00736
12	0.01244	0.83930	0.02438	0.00796	0.01194	0.01841	0.00796	0.01393	0.00945	0.01095	0.00647	0.00746	0.00597	0.00398	0.00299	0.00100	0.00498	0.00249	0.00199	0.00597
13	0.00677	0.00451	0.00507	0.00507	0.00507	0.00451	0.00282	0.00677	0.00677	0.00902	0.01466	0.03044	0.01691	0.83650	0.02368	0.00451	0.00451	0.00677	0.00282	0.00282
14	0.00808	0.00404	0.00606	0.00606	0.00606	0.00404	0.00404	0.00606	0.00606	0.00808	0.00808	0.01414	0.00808	0.01616	0.01818	0.86465	0.00404	0.00404	0.00202	0.00202
15	0.01426	0.01118	0.01196	0.00995	0.01302	0.01256	0.00802	0.39665	0.37354	0.02389	0.01590	0.01634	0.02551	0.00634	0.00478	0.00151	0.00438	0.03810	0.00467	0.00744
16	0.01268	0.00898	0.01015	0.00877	0.01104	0.00956	0.00681	0.41376	0.02919	0.05795	0.01807	0.34325	0.03094	0.00933	0.00519	0.00160	0.00402	0.00796	0.00457	0.00617
17	0.00559	0.00472	0.00484	0.00481	0.00634	0.00397	0.00361	0.00685	0.01082	0.01307	0.11008	0.04394	0.74233	0.01159	0.00550	0.00156	0.00234	0.00970	0.00439	0.00397
18	0.00667	0.00490	0.00707	0.00707	0.00776	0.00559	0.00531	0.00805	0.00736	0.01050	0.01283	0.02034	0.01253	0.17080	0.68338	0.00697	0.01111	0.00529	0.00255	0.00393
19	0.01089	0.01041	0.01775	0.21194	0.62901	0.01089	0.01397	0.01373	0.01030	0.01444	0.00864	0.01172	0.00710	0.00426	0.00462	0.00142	0.00568	0.00414	0.00225	0.00686
20	0.01151	0.01105	0.01888	0.02855	0.80748	0.01105	0.01428	0.01428	0.01059	0.01520	0.00875	0.01151	0.00737	0.00415	0.00461	0.00138	0.00553	0.00415	0.00230	0.00737
21	0.01129	0.01257	0.02683	0.01920	0.02386	0.01189	0.75446	0.05081	0.01148	0.01557	0.00949	0.01249	0.00710	0.00400	0.00545	0.00156	0.00772	0.00543	0.00246	0.00635
22	0.00620	0.00474	0.00568	0.00545	0.00671	0.00423	0.00409	0.00803	0.01226	0.01650	0.53621	0.03831	0.31406	0.01032	0.00549	0.00150	0.00225	0.00891	0.00484	0.00423
23	0.01244	0.83930	0.02438	0.00796	0.01194	0.01841	0.00796	0.01393	0.00945	0.01095	0.00647	0.00746	0.00597	0.00398	0.00299	0.00100	0.00498	0.00249	0.00199	0.00597
24	0.01738	0.02217	0.01318	0.01199	0.01438	0.81783	0.00899	0.01858	0.01318	0.01139	0.00719	0.00839	0.00599	0.00479	0.00419	0.00120	0.00839	0.00300	0.00240	0.00539
25	0.00567	0.00405	0.00540	0.00648	0.00675	0.00378	0.00432	0.00648	0.00891	0.01188	0.02564	0.83347	0.03077	0.01457	0.00594	0.00189	0.00270	0.01323	0.00432	0.00378
26	0.00879	0.00827	0.01395	0.82532	0.03204	0.01034	0.01292	0.01189	0.00930	0.01189	0.00827	0.01240	0.00620	0.00465	0.00465	0.00155	0.00620	0.00413	0.00207	0.00517
27	0.01144	0.00984	0.01042	0.00944	0.01202	0.01137	0.00737	0.02422	0.77300	0.01928	0.01912	0.01852	0.01462	0.00653	0.00479	0.00160	0.00370	0.03076	0.00472	0.00726
28	0.01738	0.02217	0.01318	0.01199	0.01438	0.81783	0.00899	0.01858	0.01318	0.01139	0.00719	0.00839	0.00599	0.00479	0.00419	0.00120	0.00839	0.00300	0.00240	0.00539
29	0.01360	0.01588	0.01374	0.01210	0.01325	0.39656	0.00961	0.01471	0.01001	0.01129	0.00662	0.00933	0.00605	0.00655	0.01000	0.00164	0.43805	0.00356	0.00221	0.00523
30	0.01071	0.01164	0.02153	0.01679	0.04935	0.03675	0.45521	0.01347	0.00969	0.01347	0.00871	0.02786	0.00735	0.00646	0.03453	0.00189	0.26142	0.00506	0.00230	0.00581
31	0.86937	0.00900	0.00684	0.00612	0.00900	0.01044	0.00504	0.01368	0.00792	0.02087	0.00648	0.00756	0.00504	0.00432	0.00288	0.00144	0.00360	0.00252	0.00288	0.00504
32	0.00682	0.00502	0.00655	0.00691	0.00807	0.00476	0.00567	0.00882	0.01160	0.01545	0.31759	0.04460	0.16516	0.01143	0.00592	0.00179	0.00318	0.36178	0.00460	0.00426
33	0.00665	0.00498	0.00748	0.00748	0.00831	0.00582	0.00582	0.00831	0.00748	0.01080	0.01246	0.01828	0.01163	0.03489	0.81807	0.00748	0.01246	0.00498	0.00249	0.00415
34	0.00658	0.00476	0.00622	0.00585	0.00695	0.00439	0.00439	0.00878	0.01317	0.01866	0.80503	0.03475	0.04390	0.00951	0.00549	0.00146	0.00219	0.00841	0.00512	0.00439
35	0.00609	0.00437	0.00578	0.00619	0.00684	0.00406	0.00435	0.00754	0.01087	0.01499	0.38392	0.46630	0.03680	0.01225	0.00573	0.00169	0.00247	0.01101	0.00469	0.00406
36	0.01096	0.01250	0.02717	0.01945	0.02405	0.01182	0.77389	0.01482	0.01090	0.01482	0.00934	0.01250	0.00704	0.00401	0.00570	0.00158	0.02540	0.00546	0.00235	0.00625
37	0.01244	0.83930	0.02438	0.00796	0.01194	0.01841	0.00796	0.01393	0.00945	0.01095	0.00647	0.00746	0.00597	0.00398	0.00299	0.00100	0.00498	0.00249	0.00199	0.00597
38	0.01454	0.01694	0.01546	0.07067	0.32495	0.45121	0.01130	0.01647	0.01192	0.01291	0.00787	0.00987	0.00654	0.00453	0.00438	0.00129	0.00713	0.00352	0.00234	0.00615
39	0.01942	0.00869	0.01108	0.00867	0.01216	0.00818	0.00710	0.10080	0.10948	0.63564	0.01770	0.01555	0.01148	0.00581	0.00468	0.00145	0.00404	0.00470	0.00552	0.00785
40	0.00677	0.00451	0.00507	0.00507	0.00507	0.00451	0.00282	0.00677	0.00677	0.00902	0.01466	0.03044	0.01691	0.83650	0.02368	0.00451	0.00451	0.00677	0.00282	0.00282
41	0.00879	0.00827	0.01395	0.82532	0.03204	0.01034	0.01292	0.01189	0.00930	0.01189	0.00827	0.01240	0.00620	0.00465	0.00465	0.00155	0.00620	0.00413	0.00207	0.00517
42	0.00677	0.00451	0.00507	0.00507	0.00507	0.00451	0.00282	0.00677	0.00677	0.00902	0.01466	0.03044	0.01691	0.83650	0.02368	0.00451	0.00451	0.00677	0.00282	0.00282
43	0.00567	0.00405	0.00540	0.00648	0.00675	0.00378	0.00432	0.00648	0.00891	0.01188	0.02564	0.83347	0.03077	0.01457	0.00594	0.00189	0.00270	0.01323	0.00432	0.00378
44	0.01119	0.00976	0.01153	0.04886	0.11156	0.01107	0.00848	0.02192	0.61693	0.01825	0.01754	0.01856	0.01376	0.00637	0.00482	0.00159	0.00406	0.05241	0.00428	0.00708
45	0.00955	0.00959	0.01633	0.63916	0.04803	0.04146	0.14465	0.01271	0.00977	0.01246	0.00843	0.01225	0.00637	0.00452	0.00477	0.00154	0.00655	0.00432	0.00213	0.00542
46	0.00555	0.00451	0.00492	0.00524	0.00642	0.00388	0.00377	0.00662	0.01010	0.01236	0.04072	0.28015	0.57436	0.01262	0.00563	0.00167	0.00246	0.01084	0.00432	0.00388
47	0.01744	0.01291	0.01382	0.01065	0.01433	0.01431	0.00878	0.76124	0.05300	0.02892	0.01148	0.01142	0.00816	0.00561	0.00466	0.00140	0.00506	0.00423	0.00466	0.00789
48	0.01424	0.01264	0.01178	0.00941	0.01282	0.17778	0.00747	0.22781	0.09417	0.06021	0.01041	0.01092	0.00796	0.00479	0.00431	0.00114	0.01767	0.00357	0.00355	0.30735
49	0.66654	0.00982	0.00838	0.00715	0.01018	0.01126	0.00588	0.16390	0.04656	0.02243	0.00795	0.00870	0.00601	0.00465	0.00330	0.00144	0.00390	0.00296	0.00330	0.00570
50	0.01465	0.01172	0.04415	0.00989	0.01336	0.01219	0.00825	0.40039	0.27697	0.05997	0.01452	0.01399	0.02708	0.00577	0.00461	0.00142	0.00448	0.00456	0.00448	0.06754
51	0.01123	0.01186	0.02350	0.02374	0.38561	0.01144	0.43246	0.01461	0.01080	0.01504	0.00911	0.01207	0.00720	0.00402	0.00508	0.00148	0.00677	0.00487	0.00233	0.00678
52	0.00871	0.00858	0.01698	0.01325	0.01592	0.00865	0.37918	0.01144	0.00914	0.01275	0.01101	0.01555	0.00946	0.02016	0.43147	0.00467	0.01026	0.00523	0.00243	0.00516
53	0.00567	0.00405	0.00540	0.00648	0.00675	0.00378	0.00432	0.00648	0.00891	0.01188	0.02564	0.83347	0.03077	0.01457	0.00594	0.00189	0.00270	0.01323	0.00432	0.00378
54	0.00967	0.09123	0.71012	0.01312	0.01965	0.01148	0.05271	0.01467	0.00985	0.01443	0.00824	0.00975	0.00595	0.00436	0.00435	0.00144	0.00676	0.00346	0.00198	0.00677
55	0.00938	0.00979	0.04436	0.01177	0.01266	0.01184	0.08721	0.01092	0.00818	0.01214	0.04628	0.08430	0.04030	0.00923	0.03918	0.00209	0.54739	0.00542	0.00250	0.00506
56	0.02087	0.00792	0.01080	0.00828	0.01188	0.00684	0.00684	0.02267	0.01332	0.81071	0.01835	0.01583	0.01152	0.00576	0.00468	0.00144	0.00396	0.00468	0.00576	0.00792
57	0.00965	0.00827	0.00965	0.00689	0.01102	0.00620	0.00551	0.01171	0.00965	0.01516	0.00827	0.00965	0.00689	0.00345	0.00345	0.00069	0.00345	0.00276	0.00276	0.86494
58	0.01229	0.01079	0.01821	0.02687	0.74140	0.01070	0.01366	0.01497	0.01082	0.08127	0.00955	0.01187	0.00771	0.00428	0.00461	0.00139	0.00540	0.00419	0.00259	0.00741
59	0.00703	0.00505	0.00618	0.00601	0.00613	0.00551	0.00386	0.00735	0.00690	0.00946	0.01363	0.02702	0.01526	0.65328	0.13638	0.00473	0.07404	0.00629	0.00271	0.00320
60	0.00654	0.00475	0.00616	0.00581	0.00692	0.00437	0.00436	0.00870	0.01307	0.01842	0.77606	0.03513	0.07301	0.00960	0.00549	0.00147	0.00220	0.00847	0.00509	0.00437
61	0.01734	0.00711	0.00957	0.00761	0.01051	0.00624	0.00611	0.01907	0.01278	0.61345	0.15144	0.02019	0.01743	0.07165	0.00631	0.00168	0.00370	0.00548	0.00542	0.00692
62	0.00676	0.00454	0.00525	0.00525	0.00531	0.00460	0.00304	0.00688	0.00682	0.00915	0.01450	0.02956	0.01653	0.77847	0.08119	0.00472	0.00509	0.00664	0.00280	0.00292
63	0.01210	0.01026	0.01082	0.00957	0.01230	0.01182	0.00749	0.09108	0.73186	0.02031	0.01826	0.01682	0.01366	0.00625	0.00473	0.00156	0.00381	0.00517	0.00473	0.00741
64	0.00867	0.00434	0.00434	0.00434	0.00542	0.00434	0.00325	0.01084	0.00976	0.01734	0.01518	0.01734	0.01192	0.00542	0.00325	0.00108	0.00217	0.00434	0.86233	0.00434
65	0.86937	0.00900	0.00684	0.00612	0.00900	0.01044	0.00504	0.01368	0.00792	0.02087	0.00648	0.00756	0.00504	0.00432	0.00288	0.00144	0.00360	0.00252	0.00288	0.00504
66	0.00565	0.00411	0.00534	0.00633	0.00671	0.00379	0.00425	0.00649	0.00905	0.01194	0.02750	0.76525	0.09778	0.01433	0.00590	0.00186	0.00267	0.01293	0.00432	0.00379
67	0.00635	0.00469	0.00594	0.00575	0.00684	0.00427	0.00426	0.00829	0.01244	0.01722	0.63204	0.10523	0.14887	0.01027	0.00553	0.00152	0.00226	0.00903	0.00494	0.00427
68	0.00879	0.00827	0.01395	0.82532	0.03204	0.01034	0.01292	0.01189	0.00930	0.01189	0.00827	0.01240	0.00620	0.00465	0.00465	0.00155	0.00620	0.00413	0.00207	0.00517
69	0.86937	0.00900	0.00684	0.00612	0.00900	0.01044	0.00504	0.01368	0.00792	0.02087	0.00648	0.00756	0.00504	0.00432	0.00288	0.00144	0.00360	0.00252	0.00288	0.00504
70	0.16982	0.00928	0.01051	0.00837	0.01169	0.00946	0.00686	0.19235	0.07938	0.39827	0.01456	0.01351	0.00980	0.00550	0.00430	0.00143	0.00406	0.00422	0.03941	0.00721
71	0.00567	0.00405	0.00540	0.00648	0.00675	0.00378	0.00432	0.00648	0.00891	0.01188	0.02564	0.83347	0.03077	0.01457	0.00594	0.00189	0.00270	0.01323	0.00432	0.00378
72	0.01802	0.00989	0.01173	0.00923	0.01262	0.01005	0.00753	0.32750	0.07819	0.39324	0.01596	0.06010	0.01138	0.00623	0.00474	0.00146	0.00433	0.00501	0.00516	0.00764
73	0.01738	0.02217	0.01318	0.01199	0.01438	0.81783	0.00899	0.01858	0.01318	0.01139	0.00719	0.00839	0.00599	0.00479	0.00419	0.00120	0.00839	0.00300	0.00240	0.00539
74	0.00567	0.00405	0.00540	0.00648	0.00675	0.00378	0.00432	0.00648	0.00891	0.01188	0.02564	0.83347	0.03077	0.01457	0.00594	0.00189	0.00270	0.01323	0.00432	0.00378
75	0.86937	0.00900	0.00684	0.00612	0.00900	0.01044	0.00504	0.01368	0.00792	0.02087	0.00648	0.00756	0.00504	0.00432	0.00288	0.00144	0.00360	0.00252	0.00288	0.00504
76	0.00550	0.00471	0.00471	0.00471	0.00628	0.00393	0.00353	0.00668	0.01060	0.01257	0.04713	0.04477	0.80560	0.01178	0.00550	0.00157	0.00236	0.00982	0.00432	0.00393
77	0.01524	0.01768	0.01371	0.01191	0.01461	0.49948	0.07614	0.04553	0.22973	0.01451	0.01075	0.01131	0.00841	0.00516	0.00447	0.00134	0.00694	0.00387	0.00311	0.00610
78	0.01767	0.01200	0.01313	0.01011	0.01370	0.01303	0.00834	0.66100	0.02026	0.12574	0.01224	0.01203	0.00854	0.00560	0.00459	0.00139	0.00484	0.00426	0.04377	0.00775
79	0.01058	0.00907	0.00953	0.00862	0.01107	0.01020	0.00669	0.03712	0.63521	0.01848	0.03780	0.02219	0.14879	0.00728	0.00488	0.00157	0.00346	0.00607	0.00467	0.00674
80	0.00658	0.00476	0.00622	0.00585	0.00695	0.00439	0.00439	0.00878	0.01317	0.01866	0.80503	0.03475	0.04390	0.00951	0.00549	0.00146	0.00219	0.00841	0.00512	0.00439
81	0.01157	0.00999	0.01052	0.00947	0.01210	0.01157	0.00736	0.02472	0.79908	0.01946	0.01893	0.01736	0.01420	0.00631	0.00473	0.00158	0.00368	0.00526	0.00473	0.00736
82	0.02087	0.00792	0.01080	0.00828	0.01188	0.00684	0.00684	0.02267	0.01332	0.81071	0.01835	0.01583	0.01152	0.00576	0.00468	0.00144	0.00396	0.00468	0.00576	0.00792
83	0.00933	0.02406	0.81240	0.01326	0.02014	0.01080	0.01719	0.01473	0.00982	0.01473	0.00835	0.00982	0.00589	0.00442	0.00442	0.00147	0.00688	0.00344	0.00196	0.00688
84	0.00640	0.00475	0.00596	0.00566	0.00684	0.00431	0.00424	0.00842	0.01273	0.01762	0.67653	0.03645	0.17304	0.00990	0.00549	0.00148	0.00222	0.00865	0.00499	0.00431

[dist]
# distance from previous block
# <min> <max>
0	1

[block]
# block no. 3 follows, 55 sequences, length 14
# corresponding to MSA columns:
# 150-163
name=unknown_D
#
# <colnr> <probs for GDERKNQSTAVLIFYWHMCP>
#	G	D	E	R	K	N	Q	S	T	A	V	L	I	F	Y	W	H	M	C	P
0	0.01130	0.01206	0.02476	0.01785	0.02222	0.01150	0.66502	0.08584	0.01213	0.01648	0.06400	0.01394	0.00966	0.00446	0.00541	0.00155	0.00721	0.00557	0.00275	0.00630
1	0.01435	0.01071	0.01155	0.00964	0.01268	0.01197	0.00771	0.29446	0.43758	0.08460	0.01603	0.01506	0.01170	0.00598	0.00465	0.00149	0.00416	0.00481	0.03338	0.00750
2	0.00642	0.00501	0.00600	0.00650	0.00784	0.00459	0.00537	0.00805	0.01065	0.01320	0.03671	0.04834	0.44475	0.01228	0.00593	0.00184	0.00325	0.36488	0.00430	0.00409
3	0.00965	0.00827	0.00965	0.00689	0.01102	0.00620	0.00551	0.01171	0.00965	0.01516	0.00827	0.00965	0.00689	0.00345	0.00345	0.00069	0.00345	0.00276	0.00276	0.86494
4	0.01940	0.01029	0.01226	0.00940	0.01306	0.01035	0.00777	0.37910	0.01728	0.44867	0.01502	0.01367	0.00985	0.00568	0.00467	0.00142	0.00450	0.00445	0.00525	0.00791
5	0.00867	0.00434	0.00434	0.00434	0.00542	0.00434	0.00325	0.01084	0.00976	0.01734	0.01518	0.01734	0.01192	0.00542	0.00325	0.00108	0.00217	0.00434	0.86233	0.00434
6	0.01105	0.01058	0.01805	0.16357	0.67608	0.01093	0.01405	0.01387	0.01037	0.01464	0.00867	0.01166	0.00717	0.00423	0.00461	0.00141	0.00564	0.00414	0.00226	0.00700
7	0.00677	0.00451	0.00507	0.00507	0.00507	0.00451	0.00282	0.00677	0.00677	0.00902	0.01466	0.03044	0.01691	0.83650	0.02368	0.00451	0.00451	0.00677	0.00282	0.00282
8	0.01018	0.01018	0.01425	0.01221	0.01221	0.01425	0.01018	0.01120	0.00712	0.01120	0.00611	0.01018	0.00611	0.00814	0.01527	0.00204	0.82799	0.00407	0.00204	0.00509
9	0.00555	0.00471	0.00479	0.00477	0.00632	0.00395	0.00358	0.00678	0.01073	0.01288	0.08562	0.04426	0.76691	0.01167	0.00550	0.00157	0.00235	0.00975	0.00436	0.00395
10	0.01022	0.05078	0.41773	0.01599	0.02175	0.01155	0.37516	0.01478	0.01034	0.01466	0.00877	0.01099	0.00644	0.00417	0.00486	0.00150	0.00725	0.00435	0.00215	0.00656
11	0.00648	0.00474	0.00601	0.00570	0.00680	0.00435	0.00423	0.00848	0.01263	0.01762	0.69296	0.03562	0.12240	0.04412	0.00624	0.00160	0.00231	0.00849	0.00494	0.00428
12	0.01621	0.01904	0.01390	0.01430	0.14120	0.59253	0.00965	0.08684	0.01344	0.01378	0.00803	0.00940	0.00656	0.00478	0.00427	0.00124	0.00745	0.00333	0.02812	0.00590
13	0.04883	0.00869	0.01365	0.67949	0.02845	0.01087	0.01213	0.04772	0.00963	0.01304	0.00813	0.01193	0.00622	0.00498	0.00549	0.00158	0.07761	0.00406	0.00222	0.00528

[dist]
# distance from previous block
# <min> <max>
0	41

# created by:
# /st0/software/busco_prod/Augustus/scripts/msa2prfl.pl ./align_prep/67217.fa
