[name]
unknown

[dist]
# distance from previous block
# <min> <max>
0	113

[block]
# block no. 0 follows, 52 sequences, length 38
# corresponding to MSA columns:
# 115-152
name=unknown_A
#
# <colnr> <probs for GDERKNQSTAVLIFYWHMCP>
#	G	D	E	R	K	N	Q	S	T	A	V	L	I	F	Y	W	H	M	C	P
0	0.01086	0.00881	0.01076	0.01199	0.11517	0.07160	0.00879	0.07936	0.01238	0.04811	0.01913	0.03639	0.01943	0.00975	0.00577	0.00183	0.00496	0.44486	0.00400	0.07607
1	0.01519	0.01042	0.01194	0.00950	0.01298	0.01048	0.00783	0.38520	0.01681	0.12540	0.01426	0.04304	0.01183	0.00663	0.00485	0.00141	0.00459	0.10493	0.00449	0.19822
2	0.00601	0.00429	0.00574	0.00687	0.00720	0.00403	0.00468	0.00693	0.00938	0.01249	0.02665	0.78355	0.03182	0.01508	0.00621	0.00198	0.00290	0.05571	0.00450	0.00397
3	0.01587	0.01080	0.01272	0.01023	0.01298	0.01208	0.00839	0.35620	0.06701	0.17180	0.05869	0.01551	0.03762	0.00685	0.00698	0.00160	0.15759	0.00496	0.02492	0.00722
4	0.00979	0.00791	0.00938	0.00710	0.01072	0.00619	0.00560	0.01209	0.02455	0.04014	0.11408	0.05930	0.01393	0.00519	0.00408	0.00093	0.00339	0.00436	0.00342	0.65784
5	0.02160	0.00848	0.01139	0.00873	0.01249	0.00747	0.00721	0.05716	0.01426	0.76872	0.01879	0.01628	0.01183	0.00599	0.00487	0.00150	0.00418	0.00485	0.00595	0.00825
6	0.01851	0.01344	0.01446	0.01109	0.01496	0.01483	0.00916	0.76385	0.02256	0.05032	0.01183	0.01176	0.00834	0.00582	0.00485	0.00146	0.00530	0.00438	0.00488	0.00824
7	0.86392	0.00937	0.00712	0.00637	0.00937	0.01087	0.00525	0.01425	0.00825	0.02174	0.00675	0.00787	0.00525	0.00450	0.00300	0.00150	0.00375	0.00262	0.00300	0.00525
8	0.00878	0.00756	0.00782	0.00730	0.00946	0.00793	0.00560	0.01601	0.38671	0.01655	0.03494	0.03288	0.42037	0.00953	0.00534	0.00164	0.00312	0.00794	0.00471	0.00582
9	0.86392	0.00937	0.00712	0.00637	0.00937	0.01087	0.00525	0.01425	0.00825	0.02174	0.00675	0.00787	0.00525	0.00450	0.00300	0.00150	0.00375	0.00262	0.00300	0.00525
10	0.01004	0.00941	0.01506	0.56466	0.10989	0.01113	0.04509	0.01504	0.14228	0.01421	0.01060	0.01370	0.00804	0.00505	0.00489	0.00160	0.00601	0.00457	0.00266	0.00606
11	0.00713	0.00489	0.00600	0.00615	0.00643	0.00502	0.00406	0.00769	0.00770	0.01035	0.01629	0.03280	0.01813	0.60097	0.14224	0.00484	0.00593	0.10695	0.00309	0.00335
12	0.00745	0.00482	0.00714	0.00714	0.00766	0.00534	0.00524	0.00775	0.00724	0.01017	0.01153	0.01825	0.01114	0.07376	0.49265	0.30237	0.00948	0.00495	0.00244	0.00348
13	0.01511	0.01064	0.04963	0.08560	0.36109	0.00977	0.05460	0.01782	0.01199	0.30242	0.02488	0.01407	0.00965	0.00506	0.00489	0.00149	0.00536	0.00463	0.00372	0.00756
14	0.12341	0.01031	0.01465	0.26514	0.19858	0.02489	0.02311	0.02908	0.08385	0.01540	0.00918	0.01201	0.00739	0.00552	0.00665	0.00165	0.15618	0.00419	0.00264	0.00617
15	0.01758	0.01316	0.01407	0.01098	0.01471	0.01464	0.00901	0.68342	0.12404	0.02919	0.01270	0.01248	0.00911	0.00592	0.00486	0.00148	0.00514	0.00451	0.00486	0.00817
16	0.02038	0.00880	0.01243	0.01146	0.11621	0.00788	0.00819	0.03959	0.01370	0.68164	0.01763	0.01579	0.01134	0.00577	0.00486	0.00149	0.00437	0.00479	0.00550	0.00817
17	0.01200	0.01137	0.01852	0.02712	0.69571	0.01159	0.01392	0.01631	0.11384	0.01642	0.01051	0.01280	0.00861	0.00462	0.00482	0.00147	0.00550	0.00447	0.00273	0.00768
18	0.00795	0.00651	0.00692	0.00644	0.00836	0.00634	0.00497	0.07235	0.13775	0.01651	0.13950	0.03804	0.49356	0.01055	0.00555	0.00162	0.00293	0.02439	0.00471	0.00507
19	0.00590	0.00488	0.00496	0.00496	0.00638	0.00417	0.00358	0.00697	0.01052	0.01260	0.04463	0.04467	0.69466	0.12005	0.00822	0.00204	0.00275	0.00981	0.00429	0.00394
20	0.00915	0.00861	0.01453	0.81804	0.03338	0.01077	0.01346	0.01238	0.00969	0.01238	0.00861	0.01292	0.00646	0.00484	0.00484	0.00161	0.00646	0.00431	0.00215	0.00538
21	0.00687	0.00456	0.00533	0.00563	0.00577	0.00448	0.00338	0.00724	0.00784	0.01074	0.01836	0.24339	0.02115	0.55941	0.01837	0.00374	0.00404	0.00869	0.05771	0.00330
22	0.00889	0.00538	0.00703	0.00637	0.00778	0.00493	0.00479	0.01094	0.01321	0.12480	0.62906	0.03317	0.03891	0.07486	0.00712	0.00177	0.00273	0.00810	0.00523	0.00494
23	0.01056	0.01075	0.01484	0.64885	0.09215	0.11624	0.01303	0.01350	0.01033	0.01259	0.00851	0.01229	0.00653	0.00482	0.00478	0.00155	0.00670	0.00415	0.00222	0.00560
24	0.00891	0.00875	0.01646	0.11948	0.01807	0.00908	0.30015	0.01144	0.00980	0.01336	0.01452	0.23957	0.01468	0.01205	0.11777	0.00261	0.06745	0.00759	0.00298	0.00526
25	0.86392	0.00937	0.00712	0.00637	0.00937	0.01087	0.00525	0.01425	0.00825	0.02174	0.00675	0.00787	0.00525	0.00450	0.00300	0.00150	0.00375	0.00262	0.00300	0.00525
26	0.00903	0.00452	0.00452	0.00452	0.00565	0.00452	0.00339	0.01129	0.01016	0.01807	0.01581	0.01807	0.01242	0.00565	0.00339	0.00113	0.00226	0.00452	0.85659	0.00452
27	0.01312	0.01026	0.01106	0.00977	0.01263	0.01163	0.00765	0.04053	0.69997	0.09658	0.01950	0.01780	0.01439	0.00650	0.00492	0.00163	0.00389	0.00540	0.00503	0.00774
28	0.01810	0.02310	0.01373	0.01248	0.01498	0.81024	0.00936	0.01935	0.01373	0.01186	0.00749	0.00874	0.00624	0.00499	0.00437	0.00125	0.00874	0.00312	0.00250	0.00562
29	0.00915	0.00861	0.01453	0.81804	0.03338	0.01077	0.01346	0.01238	0.00969	0.01238	0.00861	0.01292	0.00646	0.00484	0.00484	0.00161	0.00646	0.00431	0.00215	0.00538
30	0.01005	0.00861	0.01005	0.00718	0.01148	0.00646	0.00574	0.01220	0.01005	0.01579	0.00861	0.01005	0.00718	0.00359	0.00359	0.00072	0.00359	0.00287	0.00287	0.85932
31	0.00705	0.00470	0.00529	0.00529	0.00529	0.00470	0.00294	0.00705	0.00705	0.00940	0.01527	0.03171	0.01762	0.82969	0.02467	0.00470	0.00470	0.00705	0.00294	0.00294
32	0.00697	0.00499	0.00679	0.00679	0.00731	0.00551	0.00481	0.00801	0.00749	0.01051	0.01390	0.02411	0.01432	0.35380	0.49605	0.00655	0.00967	0.00593	0.00273	0.00377
33	0.01070	0.01088	0.01637	0.01358	0.01412	0.01456	0.09630	0.01209	0.00787	0.01209	0.00674	0.01088	0.00647	0.00799	0.01477	0.00207	0.73053	0.00441	0.00216	0.00544
34	0.00587	0.00490	0.00512	0.00510	0.00664	0.00415	0.00381	0.00722	0.01133	0.01386	0.14103	0.06595	0.68425	0.01206	0.00574	0.00163	0.00244	0.01014	0.00460	0.00415
35	0.00715	0.00490	0.00622	0.00589	0.00703	0.00457	0.00442	0.00943	0.01325	0.01925	0.69391	0.03381	0.04133	0.00935	0.00541	0.00147	0.00228	0.00820	0.11758	0.00457
36	0.00686	0.00495	0.00648	0.00610	0.00724	0.00457	0.00457	0.00914	0.01372	0.01943	0.79691	0.03620	0.04572	0.00991	0.00572	0.00152	0.00229	0.00876	0.00533	0.00457
37	0.00863	0.00696	0.01081	0.01052	0.01226	0.00699	0.10986	0.01205	0.07483	0.01511	0.02308	0.04619	0.02411	0.01160	0.00642	0.00210	0.00490	0.60434	0.00424	0.00500

[dist]
# distance from previous block
# <min> <max>
0	14

[block]
# block no. 1 follows, 52 sequences, length 87
# corresponding to MSA columns:
# 167-235,239-256
name=unknown_B
#
# <colnr> <probs for GDERKNQSTAVLIFYWHMCP>
#	G	D	E	R	K	N	Q	S	T	A	V	L	I	F	Y	W	H	M	C	P
0	0.00976	0.02479	0.78679	0.01396	0.02107	0.01128	0.03542	0.01535	0.01026	0.01535	0.00872	0.01030	0.00617	0.00459	0.00463	0.00154	0.00718	0.00363	0.00206	0.00715
1	0.00955	0.00900	0.01508	0.70636	0.12522	0.01088	0.01351	0.01296	0.02602	0.01296	0.00890	0.01292	0.00678	0.00482	0.00484	0.00159	0.00632	0.00433	0.00224	0.00571
2	0.00890	0.00814	0.01342	0.72015	0.02999	0.01004	0.01219	0.01174	0.00937	0.01202	0.00941	0.01518	0.00780	0.10420	0.00723	0.00199	0.00625	0.00464	0.00225	0.00509
3	0.01156	0.01107	0.01889	0.14984	0.68275	0.01140	0.01466	0.01449	0.01083	0.01531	0.00904	0.01213	0.00749	0.00440	0.00480	0.00147	0.00586	0.00432	0.00236	0.00733
4	0.03149	0.20867	0.11113	0.01102	0.01457	0.43346	0.00970	0.01736	0.01209	0.04476	0.00813	0.00923	0.00660	0.00474	0.00405	0.00122	0.00710	0.00313	0.01921	0.04233
5	0.01085	0.01199	0.02535	0.01837	0.02261	0.01144	0.65544	0.01459	0.01154	0.01583	0.10447	0.01575	0.01193	0.00497	0.00615	0.00164	0.04202	0.00602	0.00278	0.00625
6	0.00954	0.00891	0.01307	0.01313	0.10613	0.01151	0.00960	0.01104	0.00798	0.01203	0.00890	0.01359	0.00844	0.01728	0.27988	0.00393	0.45291	0.00457	0.00231	0.00526
7	0.01136	0.11254	0.09205	0.01805	0.02292	0.01279	0.60049	0.01521	0.01114	0.01498	0.00985	0.01352	0.00777	0.00443	0.00534	0.00157	0.00761	0.02944	0.00244	0.00648
8	0.01022	0.00915	0.01228	0.00877	0.01315	0.00716	0.09923	0.01260	0.01022	0.01576	0.00876	0.01041	0.00720	0.00365	0.00385	0.00083	0.00414	0.00321	0.00282	0.75660
9	0.00708	0.00521	0.00673	0.00617	0.00754	0.00471	0.00465	0.00936	0.01346	0.01918	0.74141	0.03436	0.04301	0.00946	0.00557	0.00147	0.00238	0.00835	0.00516	0.06475
10	0.00586	0.00491	0.00510	0.00505	0.00663	0.00415	0.00379	0.00722	0.01137	0.01386	0.13917	0.04538	0.70694	0.01199	0.00573	0.00162	0.00243	0.01005	0.00460	0.00415
11	0.00972	0.02507	0.80458	0.01381	0.02097	0.01125	0.01790	0.01535	0.01023	0.01535	0.00870	0.01023	0.00614	0.00460	0.00460	0.00153	0.00716	0.00358	0.00205	0.00716
12	0.01144	0.01307	0.02859	0.02042	0.02533	0.01225	0.78186	0.01552	0.01144	0.01552	0.00980	0.01307	0.00735	0.00408	0.00572	0.00163	0.00817	0.00572	0.00245	0.00654
13	0.00679	0.00493	0.00640	0.00607	0.00721	0.00454	0.00454	0.00901	0.01351	0.01903	0.75052	0.05472	0.07429	0.01012	0.00573	0.00154	0.00230	0.00894	0.00528	0.00454
14	0.86392	0.00937	0.00712	0.00637	0.00937	0.01087	0.00525	0.01425	0.00825	0.02174	0.00675	0.00787	0.00525	0.00450	0.00300	0.00150	0.00375	0.00262	0.00300	0.00525
15	0.01470	0.01173	0.01245	0.01040	0.01361	0.01329	0.00831	0.34110	0.47105	0.02455	0.01636	0.01540	0.01207	0.00626	0.00490	0.00156	0.00446	0.00501	0.00490	0.00791
16	0.00695	0.00510	0.00732	0.00732	0.00803	0.00580	0.00548	0.00835	0.00765	0.01090	0.01341	0.02139	0.01314	0.18388	0.66435	0.00721	0.01144	0.00554	0.00266	0.00407
17	0.01296	0.83261	0.02539	0.00829	0.01244	0.01917	0.00829	0.01451	0.00985	0.01140	0.00674	0.00777	0.00622	0.00415	0.00311	0.00104	0.00518	0.00259	0.00207	0.00622
18	0.01005	0.00861	0.01005	0.00718	0.01148	0.00646	0.00574	0.01220	0.01005	0.01579	0.00861	0.01005	0.00718	0.00359	0.00359	0.00072	0.00359	0.00287	0.00287	0.85932
19	0.00664	0.00498	0.00645	0.00712	0.00812	0.00480	0.00559	0.00818	0.01026	0.01326	0.04298	0.25380	0.22731	0.01629	0.10311	0.00266	0.00449	0.26549	0.00427	0.00421
20	0.00969	0.00814	0.00948	0.00695	0.01074	0.00625	0.00540	0.01158	0.00969	0.01502	0.00941	0.01266	0.00844	0.10309	0.00613	0.00120	0.00372	0.00337	0.00288	0.75616
21	0.01810	0.02310	0.01373	0.01248	0.01498	0.81024	0.00936	0.01935	0.01373	0.01186	0.00749	0.00874	0.00624	0.00499	0.00437	0.00125	0.00874	0.00312	0.00250	0.00562
22	0.01097	0.19258	0.34104	0.01436	0.10761	0.01240	0.11193	0.01491	0.02416	0.03700	0.04529	0.01334	0.04362	0.00505	0.00456	0.00143	0.00614	0.00432	0.00256	0.00673
23	0.00979	0.00881	0.01193	0.10826	0.05876	0.03773	0.02729	0.04668	0.04478	0.01283	0.01081	0.01711	0.01027	0.17187	0.17238	0.00355	0.23436	0.00505	0.00267	0.00508
24	0.01773	0.05806	0.01438	0.01272	0.03392	0.75640	0.00945	0.01903	0.01350	0.01194	0.00750	0.00878	0.00628	0.00494	0.00433	0.00124	0.00851	0.00313	0.00248	0.00569
25	0.00998	0.02323	0.68569	0.01483	0.02164	0.01141	0.13496	0.01537	0.01042	0.01537	0.00887	0.01067	0.00632	0.00452	0.00477	0.00155	0.00732	0.00391	0.00211	0.00707
26	0.00959	0.00962	0.01772	0.50527	0.05841	0.01064	0.21973	0.01287	0.01033	0.01342	0.01232	0.01573	0.07250	0.00524	0.00515	0.00162	0.00656	0.00518	0.00244	0.00567
27	0.00612	0.00437	0.00587	0.00700	0.00738	0.00412	0.00488	0.00713	0.00949	0.01262	0.02659	0.73775	0.03157	0.01498	0.00624	0.00200	0.00300	0.10039	0.00449	0.00400
28	0.00682	0.00495	0.00642	0.00605	0.00721	0.00455	0.00454	0.00906	0.01362	0.01919	0.76834	0.03660	0.07444	0.01000	0.00572	0.00153	0.00229	0.00882	0.00530	0.00455
29	0.01973	0.01147	0.01324	0.01015	0.01398	0.01191	0.00839	0.48327	0.01926	0.33554	0.01459	0.01355	0.00972	0.00589	0.00486	0.00147	0.00486	0.00456	0.00530	0.00824
30	0.00651	0.00447	0.00545	0.00598	0.00611	0.00434	0.00368	0.00691	0.00810	0.01081	0.02069	0.40825	0.02446	0.44383	0.01591	0.00340	0.00380	0.01024	0.00368	0.00341
31	0.01810	0.02310	0.01373	0.01248	0.01498	0.81024	0.00936	0.01935	0.01373	0.01186	0.00749	0.00874	0.00624	0.00499	0.00437	0.00125	0.00874	0.00312	0.00250	0.00562
32	0.00838	0.00643	0.00767	0.00736	0.00843	0.00714	0.00528	0.01277	0.22264	0.01335	0.04563	0.02416	0.01619	0.32305	0.26555	0.00471	0.00697	0.00610	0.00347	0.00474
33	0.01011	0.12234	0.71073	0.01315	0.01995	0.01221	0.01675	0.01525	0.01018	0.01487	0.00846	0.00994	0.00615	0.00455	0.00442	0.00147	0.00692	0.00346	0.00205	0.00705
34	0.00915	0.00861	0.01453	0.81804	0.03338	0.01077	0.01346	0.01238	0.00969	0.01238	0.00861	0.01292	0.00646	0.00484	0.00484	0.00161	0.00646	0.00431	0.00215	0.00538
35	0.00581	0.00490	0.00503	0.00503	0.00660	0.00412	0.00376	0.00710	0.01119	0.01352	0.10072	0.06254	0.72878	0.01217	0.00574	0.00164	0.00245	0.01020	0.00456	0.00412
36	0.00943	0.00915	0.01623	0.72197	0.03241	0.01095	0.10601	0.01276	0.00990	0.01276	0.00876	0.01294	0.00657	0.00475	0.00495	0.00162	0.00667	0.00448	0.00219	0.00552
37	0.00835	0.00719	0.01011	0.00929	0.00969	0.00922	0.00732	0.00956	0.00753	0.01112	0.01080	0.01777	0.01076	0.14853	0.38398	0.00514	0.32158	0.00511	0.00247	0.00449
38	0.00842	0.00421	0.00631	0.00631	0.00631	0.00421	0.00421	0.00631	0.00631	0.00842	0.00842	0.01473	0.00842	0.01684	0.01894	0.85901	0.00421	0.00421	0.00210	0.00210
39	0.00585	0.00444	0.00539	0.00616	0.00687	0.00399	0.00424	0.00681	0.00984	0.01260	0.03389	0.57645	0.27750	0.01425	0.00604	0.00186	0.00270	0.01264	0.00450	0.00399
40	0.86392	0.00937	0.00712	0.00637	0.00937	0.01087	0.00525	0.01425	0.00825	0.02174	0.00675	0.00787	0.00525	0.00450	0.00300	0.00150	0.00375	0.00262	0.00300	0.00525
41	0.01398	0.01284	0.01821	0.09915	0.28546	0.06827	0.11982	0.25145	0.01461	0.01952	0.00971	0.01184	0.00753	0.00502	0.00539	0.00150	0.04090	0.00444	0.00313	0.00722
42	0.86392	0.00937	0.00712	0.00637	0.00937	0.01087	0.00525	0.01425	0.00825	0.02174	0.00675	0.00787	0.00525	0.00450	0.00300	0.00150	0.00375	0.00262	0.00300	0.00525
43	0.02058	0.00851	0.01121	0.00877	0.01240	0.00772	0.00719	0.02387	0.10744	0.70856	0.01919	0.01669	0.01233	0.00607	0.00488	0.00152	0.00409	0.00495	0.00587	0.00818
44	0.01077	0.01071	0.01542	0.01477	0.10749	0.01444	0.01112	0.01205	0.00786	0.01216	0.00669	0.01077	0.00652	0.00798	0.01457	0.00204	0.72265	0.00425	0.00215	0.00559
45	0.00814	0.00516	0.00651	0.00668	0.00796	0.00466	0.00503	0.00959	0.01115	0.10903	0.13898	0.31670	0.23151	0.01235	0.00591	0.00180	0.00301	0.10641	0.00479	0.00465
46	0.01871	0.01288	0.01408	0.01082	0.01466	0.01402	0.00893	0.67824	0.03545	0.12338	0.01268	0.01234	0.00881	0.00585	0.00485	0.00146	0.00516	0.00444	0.00499	0.00823
47	0.01118	0.06074	0.17750	0.07267	0.14754	0.01184	0.03624	0.01920	0.34488	0.01712	0.02704	0.01517	0.02631	0.00561	0.00478	0.00155	0.00520	0.00480	0.00347	0.00716
48	0.01005	0.00861	0.01005	0.00718	0.01148	0.00646	0.00574	0.01220	0.01005	0.01579	0.00861	0.01005	0.00718	0.00359	0.00359	0.00072	0.00359	0.00287	0.00287	0.85932
49	0.01361	0.00668	0.00879	0.00740	0.00976	0.00608	0.00585	0.01633	0.05558	0.36008	0.41693	0.02666	0.02940	0.00803	0.00531	0.00152	0.00317	0.00690	0.00560	0.00634
50	0.02043	0.00791	0.01078	0.00847	0.01193	0.00686	0.00690	0.02221	0.01349	0.73711	0.01975	0.08383	0.01366	0.00676	0.00498	0.00154	0.00401	0.00561	0.00587	0.00789
51	0.00999	0.02343	0.71004	0.01573	0.11474	0.01129	0.01754	0.01529	0.01033	0.01541	0.00875	0.01044	0.00632	0.00457	0.00463	0.00152	0.00699	0.00367	0.00209	0.00722
52	0.00590	0.00422	0.00562	0.00675	0.00703	0.00394	0.00450	0.00675	0.00928	0.01237	0.02671	0.82653	0.03205	0.01518	0.00619	0.00197	0.00281	0.01378	0.00450	0.00394
53	0.00604	0.00428	0.00558	0.00657	0.00682	0.00403	0.00431	0.00678	0.00901	0.01201	0.02533	0.73079	0.03031	0.11329	0.00841	0.00230	0.00304	0.01297	0.00431	0.00382
54	0.86392	0.00937	0.00712	0.00637	0.00937	0.01087	0.00525	0.01425	0.00825	0.02174	0.00675	0.00787	0.00525	0.00450	0.00300	0.00150	0.00375	0.00262	0.00300	0.00525
55	0.00585	0.00477	0.00518	0.00538	0.00670	0.00410	0.00392	0.00709	0.01091	0.01346	0.10539	0.20269	0.58238	0.01267	0.00582	0.00169	0.00251	0.01082	0.00457	0.00410
56	0.02107	0.00933	0.01192	0.00914	0.01291	0.00873	0.00755	0.17787	0.01568	0.64601	0.01760	0.01551	0.01123	0.00596	0.00487	0.00149	0.00437	0.00477	0.00576	0.00825
57	0.86392	0.00937	0.00712	0.00637	0.00937	0.01087	0.00525	0.01425	0.00825	0.02174	0.00675	0.00787	0.00525	0.00450	0.00300	0.00150	0.00375	0.00262	0.00300	0.00525
58	0.00614	0.00432	0.00555	0.00645	0.00667	0.00409	0.00418	0.00681	0.00882	0.01176	0.02435	0.66295	0.02908	0.18282	0.00999	0.00253	0.00320	0.01239	0.00418	0.00373
59	0.00636	0.00459	0.00597	0.00678	0.00717	0.00451	0.00456	0.00767	0.03874	0.01222	0.02392	0.63279	0.02800	0.11472	0.07522	0.00277	0.00392	0.01194	0.00417	0.00399
60	0.01005	0.00861	0.01005	0.00718	0.01148	0.00646	0.00574	0.01220	0.01005	0.01579	0.00861	0.01005	0.00718	0.00359	0.00359	0.00072	0.00359	0.00287	0.00287	0.85932
61	0.00607	0.00492	0.00538	0.00527	0.00675	0.00424	0.00395	0.00761	0.01185	0.01500	0.27406	0.04350	0.57134	0.01156	0.00572	0.00160	0.00240	0.00979	0.00475	0.00424
62	0.01011	0.00974	0.01345	0.01149	0.01211	0.01282	0.00949	0.01138	0.00778	0.01211	0.00739	0.01151	0.00712	0.01110	0.10581	0.00260	0.62947	0.00419	0.00227	0.10806
63	0.01005	0.00861	0.01005	0.00718	0.01148	0.00646	0.00574	0.01220	0.01005	0.01579	0.00861	0.01005	0.00718	0.00359	0.00359	0.00072	0.00359	0.00287	0.00287	0.85932
64	0.00959	0.00907	0.01528	0.68845	0.14361	0.01095	0.01361	0.01273	0.00984	0.01287	0.00864	0.01274	0.00663	0.00484	0.00505	0.00160	0.02228	0.00431	0.00219	0.00571
65	0.01167	0.00987	0.01056	0.00946	0.01205	0.01127	0.00736	0.05269	0.66778	0.02056	0.11303	0.02002	0.01827	0.00695	0.00502	0.00162	0.00371	0.00583	0.00498	0.00732
66	0.00692	0.00519	0.00779	0.00779	0.00865	0.00606	0.00606	0.00865	0.00779	0.01125	0.01298	0.01904	0.01211	0.03634	0.81049	0.00779	0.01298	0.00519	0.00260	0.00433
67	0.00777	0.00574	0.00827	0.00905	0.01027	0.00567	0.03220	0.00996	0.01108	0.01439	0.02609	0.08436	0.05680	0.01312	0.00660	0.00218	0.00444	0.68310	0.00440	0.00449
68	0.01253	0.01106	0.01249	0.10904	0.08073	0.05010	0.00912	0.10960	0.48128	0.01948	0.01621	0.04155	0.01258	0.00629	0.00491	0.00159	0.00469	0.00526	0.00425	0.00724
69	0.02174	0.00825	0.01125	0.00862	0.01237	0.00712	0.00712	0.02362	0.01387	0.80282	0.01912	0.01649	0.01200	0.00600	0.00487	0.00150	0.00412	0.00487	0.00600	0.00825
70	0.00842	0.00421	0.00631	0.00631	0.00631	0.00421	0.00421	0.00631	0.00631	0.00842	0.00842	0.01473	0.00842	0.01684	0.01894	0.85901	0.00421	0.00421	0.00210	0.00210
71	0.00915	0.00861	0.01453	0.81804	0.03338	0.01077	0.01346	0.01238	0.00969	0.01238	0.00861	0.01292	0.00646	0.00484	0.00484	0.00161	0.00646	0.00431	0.00215	0.00538
72	0.01840	0.02186	0.01353	0.01216	0.01476	0.74348	0.00918	0.01971	0.01374	0.07761	0.00846	0.00938	0.00672	0.00508	0.00441	0.00127	0.00836	0.00327	0.00279	0.00584
73	0.00915	0.00861	0.01453	0.81804	0.03338	0.01077	0.01346	0.01238	0.00969	0.01238	0.00861	0.01292	0.00646	0.00484	0.00484	0.00161	0.00646	0.00431	0.00215	0.00538
74	0.01115	0.01058	0.03299	0.19270	0.12133	0.01045	0.32988	0.01429	0.01084	0.07985	0.01218	0.11107	0.01052	0.00588	0.00560	0.00164	0.02383	0.00607	0.00291	0.00624
75	0.01368	0.00897	0.01296	0.04928	0.16044	0.00905	0.04880	0.01854	0.18479	0.24219	0.01786	0.06494	0.01486	0.00730	0.00527	0.00167	0.00466	0.12335	0.00442	0.00698
76	0.01655	0.00970	0.07701	0.10642	0.01502	0.01965	0.00854	0.05967	0.02837	0.45957	0.06218	0.07167	0.03017	0.00670	0.00499	0.00155	0.00455	0.00559	0.00490	0.00717
77	0.03573	0.02665	0.21789	0.10884	0.07392	0.00927	0.01112	0.03308	0.01210	0.34761	0.04802	0.01440	0.01056	0.00543	0.00473	0.00149	0.00525	0.00446	0.00399	0.02546
78	0.01130	0.02988	0.37782	0.03659	0.24758	0.01025	0.01418	0.01474	0.01029	0.08192	0.00964	0.01185	0.00738	0.00611	0.00639	0.10478	0.00608	0.00399	0.00250	0.00674
79	0.06300	0.05533	0.08283	0.10737	0.04816	0.06113	0.00891	0.06663	0.02262	0.21394	0.04521	0.15090	0.01449	0.00733	0.00491	0.00157	0.00488	0.03045	0.00399	0.00633
80	0.04301	0.01397	0.23921	0.01422	0.15996	0.02505	0.03421	0.01825	0.02545	0.31165	0.05666	0.01446	0.01098	0.00539	0.00478	0.00150	0.00538	0.00455	0.00388	0.00742
81	0.12923	0.02378	0.14752	0.01182	0.01614	0.00999	0.18224	0.01853	0.08406	0.26702	0.02597	0.01428	0.02346	0.00529	0.00475	0.00153	0.00541	0.00469	0.00390	0.02039
82	0.02668	0.00970	0.03372	0.01111	0.11641	0.07710	0.00770	0.06936	0.10136	0.13150	0.08962	0.11547	0.16114	0.00834	0.00519	0.00158	0.00426	0.01928	0.00431	0.00615
83	0.01270	0.03666	0.35132	0.01541	0.15792	0.02166	0.06259	0.06591	0.01208	0.13892	0.05801	0.01327	0.00994	0.00511	0.00478	0.00149	0.00602	0.00437	0.00315	0.01871
84	0.03676	0.01503	0.22342	0.01153	0.04516	0.10590	0.02364	0.06249	0.05171	0.32313	0.04344	0.01401	0.01055	0.00554	0.00474	0.00148	0.00559	0.00441	0.00411	0.00735
85	0.05832	0.02387	0.08969	0.01411	0.22448	0.00874	0.00943	0.04694	0.04865	0.12377	0.14059	0.13989	0.03619	0.00747	0.00505	0.00156	0.00437	0.00653	0.00394	0.00643
86	0.04997	0.19248	0.07146	0.01476	0.22249	0.04126	0.01033	0.06292	0.03423	0.23705	0.01167	0.01207	0.00855	0.00496	0.00435	0.00138	0.00522	0.00397	0.00356	0.00734

[dist]
# distance from previous block
# <min> <max>
0	14

# created by:
# /st0/software/busco_prod/Augustus/scripts/msa2prfl.pl ./align_prep/67223.fa
