[name]
unknown

[dist]
# distance from previous block
# <min> <max>
0	63

[block]
# block no. 0 follows, 50 sequences, length 148
# corresponding to MSA columns:
# 63-210
name=unknown_A
#
# <colnr> <probs for GDERKNQSTAVLIFYWHMCP>
#	G	D	E	R	K	N	Q	S	T	A	V	L	I	F	Y	W	H	M	C	P
0	0.07872	0.00925	0.01035	0.00770	0.01182	0.00783	0.00617	0.06578	0.04823	0.01810	0.03142	0.01142	0.00879	0.00425	0.00386	0.00092	0.00380	0.00334	0.00328	0.66496
1	0.00724	0.00486	0.00557	0.00557	0.00561	0.00490	0.00318	0.00733	0.00729	0.00976	0.01559	0.03196	0.01783	0.78478	0.06503	0.00499	0.00527	0.00715	0.00300	0.00309
2	0.01160	0.01542	0.21556	0.01646	0.09919	0.01220	0.23701	0.01955	0.28340	0.01767	0.01332	0.01441	0.00998	0.00526	0.00521	0.00164	0.00632	0.00509	0.00331	0.00742
3	0.00948	0.00893	0.01508	0.79424	0.05239	0.01109	0.01388	0.01280	0.01000	0.01282	0.00887	0.01327	0.00667	0.00497	0.00498	0.00166	0.00663	0.00443	0.00222	0.00559
4	0.00724	0.00486	0.00557	0.00557	0.00562	0.00491	0.00319	0.00734	0.00729	0.00977	0.01558	0.03192	0.01782	0.78247	0.06731	0.00500	0.00529	0.00715	0.00300	0.00310
5	0.00705	0.00510	0.00666	0.00627	0.00745	0.00470	0.00470	0.00941	0.01411	0.01999	0.79110	0.03723	0.04703	0.01019	0.00588	0.00157	0.00235	0.00901	0.00549	0.00470
6	0.01077	0.02042	0.46425	0.01717	0.02352	0.01202	0.34778	0.01586	0.01106	0.01586	0.00944	0.01179	0.00686	0.00450	0.00523	0.00162	0.00782	0.00464	0.00229	0.00709
7	0.01240	0.01071	0.01127	0.01014	0.01296	0.01240	0.00789	0.02649	0.78473	0.02085	0.02029	0.01860	0.01522	0.00676	0.00507	0.00169	0.00394	0.00564	0.00507	0.00789
8	0.86003	0.00964	0.00733	0.00655	0.00964	0.01118	0.00540	0.01465	0.00848	0.02236	0.00694	0.00810	0.00540	0.00463	0.00308	0.00154	0.00386	0.00270	0.00308	0.00540
9	0.00941	0.00886	0.01495	0.81285	0.03433	0.01107	0.01384	0.01274	0.00997	0.01274	0.00886	0.01329	0.00664	0.00498	0.00498	0.00166	0.00664	0.00443	0.00221	0.00554
10	0.00643	0.00507	0.00579	0.00561	0.00706	0.00444	0.00421	0.00819	0.01262	0.01646	0.39064	0.04304	0.44970	0.01151	0.00589	0.00163	0.00245	0.00983	0.00502	0.00444
11	0.02236	0.00848	0.01157	0.00887	0.01272	0.00733	0.00733	0.02429	0.01427	0.79719	0.01966	0.01697	0.01234	0.00617	0.00501	0.00154	0.00424	0.00501	0.00617	0.00848
12	0.01210	0.01161	0.01981	0.09300	0.73315	0.01178	0.01518	0.01509	0.01124	0.01600	0.00933	0.01241	0.00780	0.00448	0.00494	0.00149	0.00598	0.00444	0.00245	0.00771
13	0.01301	0.00585	0.00679	0.00597	0.00799	0.00543	0.00468	0.01513	0.01169	0.25579	0.02003	0.02043	0.07478	0.00646	0.00414	0.00132	0.00292	0.00523	0.52657	0.00578
14	0.01988	0.01173	0.01349	0.01042	0.01430	0.01224	0.00858	0.45455	0.06095	0.31788	0.01530	0.01420	0.01029	0.00610	0.00500	0.00152	0.00494	0.00475	0.00543	0.00845
15	0.01533	0.00810	0.01079	0.07266	0.01302	0.00804	0.00741	0.09430	0.01443	0.35818	0.26954	0.02245	0.02251	0.00752	0.00593	0.00159	0.04989	0.00618	0.00528	0.00684
16	0.86003	0.00964	0.00733	0.00655	0.00964	0.01118	0.00540	0.01465	0.00848	0.02236	0.00694	0.00810	0.00540	0.00463	0.00308	0.00154	0.00386	0.00270	0.00308	0.00540
17	0.01126	0.01012	0.01455	0.08046	0.30681	0.00920	0.01016	0.03565	0.01106	0.01642	0.00914	0.01137	0.00755	0.00414	0.00430	0.00111	0.00481	0.00367	0.00277	0.44544
18	0.00655	0.00479	0.00680	0.00743	0.00799	0.00504	0.00536	0.00783	0.00885	0.01220	0.02105	0.45698	0.02364	0.02551	0.36947	0.00475	0.00765	0.01016	0.00374	0.00423
19	0.01218	0.01168	0.01995	0.07267	0.75289	0.01180	0.01522	0.01516	0.01128	0.01609	0.00935	0.01239	0.00783	0.00447	0.00494	0.00149	0.00596	0.00444	0.00245	0.00777
20	0.86003	0.00964	0.00733	0.00655	0.00964	0.01118	0.00540	0.01465	0.00848	0.02236	0.00694	0.00810	0.00540	0.00463	0.00308	0.00154	0.00386	0.00270	0.00308	0.00540
21	0.01011	0.00957	0.01621	0.62665	0.21508	0.01126	0.01419	0.01335	0.01030	0.01358	0.00898	0.01306	0.00694	0.00485	0.00497	0.00162	0.00647	0.00443	0.00227	0.00610
22	0.00607	0.00434	0.00578	0.00694	0.00723	0.00405	0.00463	0.00694	0.00954	0.01272	0.02747	0.82157	0.03297	0.01562	0.00636	0.00202	0.00289	0.01417	0.00463	0.00405
23	0.00697	0.00504	0.00657	0.00629	0.00742	0.00465	0.00468	0.00919	0.01375	0.01937	0.72469	0.09060	0.06082	0.01061	0.00591	0.00160	0.00239	0.00939	0.00541	0.00465
24	0.01798	0.00759	0.00962	0.00779	0.01082	0.00697	0.00630	0.02094	0.07174	0.52215	0.01877	0.01754	0.01268	0.00611	0.00459	0.00145	0.00369	0.00496	0.24094	0.00737
25	0.00589	0.00505	0.00505	0.00505	0.00673	0.00421	0.00379	0.00715	0.01136	0.01347	0.05049	0.04797	0.79171	0.01262	0.00589	0.00168	0.00252	0.01052	0.00463	0.00421
26	0.00705	0.00510	0.00666	0.00627	0.00745	0.00470	0.00470	0.00941	0.01411	0.01999	0.79110	0.03723	0.04703	0.01019	0.00588	0.00157	0.00235	0.00901	0.00549	0.00470
27	0.01531	0.52643	0.02162	0.01015	0.01377	0.31400	0.00894	0.01679	0.01163	0.01190	0.00722	0.00837	0.00641	0.00459	0.00368	0.00115	0.00670	0.00287	0.00230	0.00616
28	0.00715	0.00507	0.00650	0.00614	0.00733	0.00469	0.00461	0.00947	0.01383	0.01973	0.72644	0.03648	0.06599	0.01001	0.00574	0.00155	0.00235	0.00881	0.05343	0.00469
29	0.00593	0.00505	0.00511	0.00509	0.00676	0.00422	0.00382	0.00723	0.01146	0.01369	0.07608	0.04760	0.76598	0.01254	0.00589	0.00168	0.00252	0.01047	0.00466	0.00422
30	0.01333	0.82783	0.02612	0.00853	0.01279	0.01972	0.00853	0.01493	0.01013	0.01173	0.00693	0.00800	0.00640	0.00426	0.00320	0.00107	0.00533	0.00267	0.00213	0.00640
31	0.01168	0.01319	0.02833	0.02024	0.02524	0.01227	0.73204	0.01577	0.01168	0.01598	0.01001	0.01327	0.00755	0.00417	0.00576	0.00163	0.00814	0.00572	0.00255	0.05478
32	0.01782	0.02209	0.01376	0.01250	0.01510	0.70351	0.00941	0.02075	0.11264	0.01331	0.00931	0.01022	0.00754	0.00534	0.00457	0.00134	0.00834	0.00352	0.00289	0.00605
33	0.00941	0.00886	0.01495	0.81285	0.03433	0.01107	0.01384	0.01274	0.00997	0.01274	0.00886	0.01329	0.00664	0.00498	0.00498	0.00166	0.00664	0.00443	0.00221	0.00554
34	0.00705	0.00510	0.00666	0.00627	0.00745	0.00470	0.00470	0.00941	0.01411	0.01999	0.79110	0.03723	0.04703	0.01019	0.00588	0.00157	0.00235	0.00901	0.00549	0.00470
35	0.00607	0.00434	0.00578	0.00694	0.00723	0.00405	0.00463	0.00694	0.00954	0.01272	0.02747	0.82157	0.03297	0.01562	0.00636	0.00202	0.00289	0.01417	0.00463	0.00405
36	0.00646	0.00507	0.00584	0.00565	0.00708	0.00445	0.00423	0.00825	0.01270	0.01665	0.41247	0.04272	0.42774	0.01143	0.00589	0.00163	0.00244	0.00978	0.00505	0.00445
37	0.01333	0.82783	0.02612	0.00853	0.01279	0.01972	0.00853	0.01493	0.01013	0.01173	0.00693	0.00800	0.00640	0.00426	0.00320	0.00107	0.00533	0.00267	0.00213	0.00640
38	0.86003	0.00964	0.00733	0.00655	0.00964	0.01118	0.00540	0.01465	0.00848	0.02236	0.00694	0.00810	0.00540	0.00463	0.00308	0.00154	0.00386	0.00270	0.00308	0.00540
39	0.01034	0.00886	0.01034	0.00738	0.01181	0.00664	0.00591	0.01255	0.01034	0.01624	0.00886	0.01034	0.00738	0.00369	0.00369	0.00074	0.00369	0.00295	0.00295	0.85530
40	0.00866	0.00772	0.05029	0.00831	0.00991	0.00738	0.00644	0.01446	0.27846	0.01604	0.02335	0.45403	0.02423	0.01141	0.00566	0.00184	0.00347	0.01011	0.05266	0.00559
41	0.01433	0.01169	0.01248	0.01062	0.01372	0.01339	0.00844	0.25207	0.53537	0.02380	0.01743	0.01640	0.01296	0.00658	0.00534	0.00164	0.02550	0.00526	0.00497	0.00800
42	0.79218	0.00958	0.00793	0.07088	0.01161	0.01117	0.00607	0.01450	0.00860	0.02160	0.00709	0.00851	0.00550	0.00466	0.00324	0.00155	0.00408	0.00284	0.00302	0.00541
43	0.00705	0.00510	0.00666	0.00627	0.00745	0.00470	0.00470	0.00941	0.01411	0.01999	0.79110	0.03723	0.04703	0.01019	0.00588	0.00157	0.00235	0.00901	0.00549	0.00470
44	0.01045	0.00896	0.01039	0.00754	0.01188	0.00697	0.00602	0.01334	0.05419	0.01650	0.00951	0.01080	0.00783	0.00387	0.00377	0.00079	0.00371	0.00311	0.00307	0.80731
45	0.00941	0.00886	0.01495	0.81285	0.03433	0.01107	0.01384	0.01274	0.00997	0.01274	0.00886	0.01329	0.00664	0.00498	0.00498	0.00166	0.00664	0.00443	0.00221	0.00554
46	0.01176	0.01345	0.02941	0.02101	0.02605	0.01261	0.77563	0.01597	0.01176	0.01597	0.01008	0.01345	0.00756	0.00420	0.00588	0.00168	0.00840	0.00588	0.00252	0.00672
47	0.01236	0.01800	0.35005	0.01663	0.02250	0.01151	0.36126	0.01694	0.01156	0.11419	0.01081	0.01266	0.00764	0.00467	0.00529	0.00162	0.00744	0.00485	0.00281	0.00721
48	0.00720	0.00530	0.00782	0.00782	0.00870	0.00614	0.00605	0.00896	0.00808	0.01178	0.01352	0.01988	0.01262	0.05667	0.75503	0.00767	0.01272	0.00536	0.03426	0.00442
49	0.01264	0.00905	0.01333	0.44718	0.02446	0.00965	0.01070	0.05462	0.01159	0.16834	0.01114	0.01333	0.00801	0.00500	0.00472	0.00144	0.00550	0.00424	0.00329	0.18177
50	0.00652	0.00468	0.00618	0.00664	0.00733	0.00435	0.00466	0.00806	0.01162	0.01603	0.37463	0.46500	0.03936	0.01315	0.00614	0.00182	0.00265	0.01183	0.00502	0.00435
51	0.01867	0.02231	0.01425	0.01264	0.01542	0.68865	0.00961	0.13133	0.01550	0.01503	0.00833	0.00943	0.00672	0.00526	0.00457	0.00132	0.00847	0.00340	0.00292	0.00618
52	0.01511	0.01791	0.01464	0.01295	0.01435	0.44588	0.01021	0.01631	0.01117	0.01211	0.00718	0.00986	0.00648	0.00677	0.00989	0.00169	0.37573	0.00373	0.00239	0.00563
53	0.00611	0.00437	0.00583	0.00699	0.00729	0.00408	0.00469	0.00701	0.00958	0.01277	0.02745	0.80630	0.03288	0.01558	0.00637	0.00203	0.00293	0.02906	0.00463	0.00406
54	0.01095	0.01104	0.01603	0.01351	0.01378	0.01512	0.05204	0.01221	0.00786	0.01221	0.00673	0.01104	0.00660	0.00848	0.01579	0.00215	0.77228	0.00444	0.00220	0.00552
55	0.00607	0.00434	0.00578	0.00694	0.00723	0.00405	0.00463	0.00694	0.00954	0.01272	0.02747	0.82157	0.03297	0.01562	0.00636	0.00202	0.00289	0.01417	0.00463	0.00405
56	0.01240	0.01071	0.01127	0.01014	0.01296	0.01240	0.00789	0.02649	0.78473	0.02085	0.02029	0.01860	0.01522	0.00676	0.00507	0.00169	0.00394	0.00564	0.00507	0.00789
57	0.01234	0.01184	0.02023	0.03059	0.79373	0.01184	0.01530	0.01530	0.01135	0.01628	0.00938	0.01234	0.00790	0.00444	0.00493	0.00148	0.00592	0.00444	0.00247	0.00790
58	0.00719	0.00508	0.00668	0.00668	0.00711	0.00551	0.00457	0.00805	0.00762	0.01059	0.01457	0.02632	0.01539	0.44465	0.40181	0.00637	0.00895	0.00633	0.00285	0.00371
59	0.00909	0.00835	0.01382	0.70282	0.03066	0.01021	0.01260	0.01228	0.01053	0.01372	0.11556	0.01656	0.01215	0.00569	0.00511	0.00165	0.00606	0.00506	0.00266	0.00542
60	0.00655	0.00507	0.00598	0.00593	0.00728	0.00451	0.00448	0.00834	0.01251	0.01647	0.38458	0.08734	0.36916	0.01175	0.00597	0.00168	0.00258	0.05037	0.00502	0.00444
61	0.01130	0.01078	0.01835	0.30874	0.52371	0.01157	0.01478	0.01439	0.01086	0.01502	0.00919	0.01268	0.00745	0.00463	0.00495	0.00154	0.00618	0.00444	0.00238	0.00706
62	0.00725	0.00483	0.00544	0.00544	0.00544	0.00483	0.00302	0.00725	0.00725	0.00966	0.01571	0.03262	0.01812	0.82483	0.02537	0.00483	0.00483	0.00725	0.00302	0.00302
63	0.01034	0.00886	0.01034	0.00738	0.01181	0.00664	0.00591	0.01255	0.01034	0.01624	0.00886	0.01034	0.00738	0.00369	0.00369	0.00074	0.00369	0.00295	0.00295	0.85530
64	0.00781	0.00610	0.00832	0.00794	0.00836	0.00726	0.00587	0.00883	0.00767	0.01095	0.01304	0.02282	0.01350	0.31718	0.38894	0.00587	0.14685	0.00586	0.00271	0.00410
65	0.01232	0.01072	0.01149	0.01030	0.01297	0.01255	0.00805	0.02571	0.74293	0.02037	0.01955	0.01818	0.01475	0.00687	0.00568	0.00172	0.04761	0.00557	0.00492	0.00776
66	0.02236	0.00848	0.01157	0.00887	0.01272	0.00733	0.00733	0.02429	0.01427	0.79719	0.01966	0.01697	0.01234	0.00617	0.00501	0.00154	0.00424	0.00501	0.00617	0.00848
67	0.01069	0.00939	0.01303	0.16959	0.15592	0.00845	0.00916	0.01325	0.01050	0.02686	0.00911	0.01137	0.00740	0.00411	0.00419	0.00106	0.00468	0.00354	0.00277	0.52495
68	0.01271	0.01086	0.01145	0.01021	0.01308	0.01254	0.00797	0.06239	0.74832	0.02136	0.01989	0.01828	0.01489	0.00673	0.00507	0.00168	0.00402	0.00558	0.00507	0.00792
69	0.01000	0.00932	0.01550	0.70812	0.11254	0.01128	0.01386	0.03550	0.01051	0.01365	0.00900	0.01315	0.00683	0.00496	0.00498	0.00164	0.00654	0.00443	0.00232	0.00587
70	0.00737	0.00565	0.00636	0.00607	0.00769	0.00517	0.00458	0.03070	0.05192	0.03530	0.28916	0.07619	0.43297	0.01132	0.00582	0.00165	0.00268	0.00964	0.00498	0.00477
71	0.00696	0.00509	0.00653	0.00617	0.00739	0.00466	0.00463	0.00922	0.01388	0.01945	0.72973	0.03812	0.10874	0.01039	0.00588	0.00158	0.00237	0.00914	0.00542	0.00466
72	0.00965	0.00910	0.01537	0.75044	0.09491	0.01114	0.01396	0.01294	0.01008	0.01302	0.00890	0.01321	0.00674	0.00494	0.00498	0.00165	0.00659	0.00443	0.00223	0.00573
73	0.01241	0.17176	0.03586	0.02422	0.56643	0.01288	0.01330	0.01503	0.01107	0.03398	0.01006	0.05272	0.00895	0.00502	0.00466	0.00143	0.00564	0.00459	0.00259	0.00741
74	0.02194	0.00848	0.01149	0.00886	0.01265	0.00739	0.00730	0.02411	0.02964	0.77017	0.03111	0.01730	0.01291	0.00624	0.00503	0.00155	0.00421	0.00508	0.00614	0.00841
75	0.00748	0.00435	0.00615	0.00665	0.00682	0.00421	0.00444	0.00670	0.00792	0.01052	0.01775	0.36364	0.03748	0.01647	0.01351	0.46721	0.00367	0.00872	0.00328	0.00302
76	0.01050	0.01683	0.35308	0.01519	0.11714	0.01090	0.09621	0.01681	0.16205	0.01702	0.07584	0.06074	0.01320	0.00609	0.00514	0.00162	0.00597	0.00543	0.00319	0.00706
77	0.01287	0.30423	0.21509	0.01594	0.22339	0.01426	0.01267	0.01657	0.05253	0.07405	0.00977	0.01103	0.00770	0.00471	0.00428	0.00137	0.00584	0.00373	0.00268	0.00728
78	0.01460	0.00969	0.01086	0.00887	0.01128	0.01034	0.00678	0.38323	0.01592	0.10728	0.01421	0.02023	0.01253	0.29895	0.05051	0.00300	0.00549	0.00557	0.00431	0.00634
79	0.01346	0.59698	0.04376	0.01199	0.11604	0.07768	0.00973	0.01596	0.05000	0.01293	0.00804	0.00925	0.00704	0.00449	0.00366	0.00118	0.00567	0.00312	0.00236	0.00665
80	0.00619	0.00472	0.00572	0.00643	0.00730	0.00425	0.00460	0.00735	0.01046	0.01336	0.05696	0.46647	0.30118	0.01426	0.00622	0.00191	0.00288	0.07092	0.00465	0.00417
81	0.01251	0.01233	0.01955	0.07891	0.70178	0.05670	0.01488	0.01540	0.01142	0.01583	0.00925	0.01221	0.00773	0.00451	0.00491	0.00148	0.00614	0.00437	0.00246	0.00763
82	0.01661	0.04507	0.18700	0.01450	0.16807	0.01034	0.01152	0.06133	0.05465	0.35852	0.01441	0.01411	0.00986	0.00546	0.00487	0.00153	0.00535	0.00452	0.00427	0.00801
83	0.01209	0.01254	0.02422	0.02642	0.45981	0.01217	0.34602	0.01559	0.01153	0.01615	0.00968	0.01282	0.00775	0.00434	0.00535	0.00157	0.00700	0.00507	0.00249	0.00739
84	0.00813	0.00452	0.00610	0.00610	0.00610	0.00452	0.00384	0.00678	0.00678	0.00904	0.01130	0.02170	0.01221	0.32000	0.02169	0.53631	0.00452	0.00542	0.00249	0.00249
85	0.01450	0.07566	0.15732	0.01975	0.35451	0.03440	0.01325	0.13200	0.01340	0.12167	0.01083	0.01215	0.00814	0.00496	0.00477	0.00147	0.00593	0.00422	0.00325	0.00780
86	0.01134	0.01563	0.31385	0.01147	0.01584	0.05203	0.07231	0.04872	0.04306	0.09076	0.25022	0.01984	0.01990	0.00665	0.00521	0.00156	0.00549	0.00570	0.00382	0.00659
87	0.01560	0.01230	0.01307	0.01079	0.01418	0.01389	0.00866	0.39336	0.41264	0.02601	0.01622	0.01536	0.01192	0.00638	0.00503	0.00160	0.00470	0.00507	0.00503	0.00818
88	0.01173	0.00875	0.01232	0.23058	0.01841	0.00840	0.04525	0.05524	0.01155	0.12489	0.01420	0.07895	0.04987	0.00595	0.00473	0.00134	0.00478	0.00515	0.00351	0.30440
89	0.00866	0.00433	0.00649	0.00649	0.00649	0.00433	0.00433	0.00649	0.00649	0.00866	0.00866	0.01515	0.00866	0.01732	0.01948	0.85498	0.00433	0.00433	0.00216	0.00216
90	0.01700	0.01255	0.01604	0.03284	0.07747	0.06101	0.10441	0.34820	0.01705	0.17061	0.01262	0.01343	0.00909	0.00765	0.05578	0.00194	0.02565	0.00473	0.00428	0.00765
91	0.01103	0.01657	0.37093	0.01335	0.06128	0.00993	0.09538	0.05212	0.02472	0.07796	0.18566	0.01818	0.02839	0.00620	0.00518	0.00158	0.00581	0.00543	0.00347	0.00683
92	0.01078	0.01025	0.01742	0.44722	0.38927	0.01143	0.01452	0.01393	0.01061	0.01439	0.00910	0.01284	0.00723	0.00473	0.00496	0.00158	0.00631	0.00444	0.00233	0.00664
93	0.02162	0.00968	0.01231	0.00943	0.01332	0.00910	0.00779	0.18825	0.01626	0.63040	0.01799	0.01588	0.01150	0.00613	0.00501	0.00153	0.00451	0.00490	0.00591	0.00848
94	0.01175	0.01053	0.02000	0.01824	0.18767	0.00995	0.34260	0.01500	0.01250	0.09327	0.20548	0.01947	0.01794	0.00594	0.00559	0.00160	0.00595	0.00626	0.00360	0.00665
95	0.02025	0.05920	0.01346	0.01058	0.01390	0.35488	0.00839	0.02188	0.01398	0.41349	0.01378	0.01301	0.00944	0.00562	0.00469	0.00140	0.00636	0.00410	0.00439	0.00719
96	0.00922	0.00862	0.01342	0.01763	0.36564	0.00818	0.05278	0.01148	0.01153	0.01524	0.06935	0.02924	0.35092	0.00830	0.00546	0.00158	0.00439	0.00741	0.00357	0.00605
97	0.06386	0.00818	0.05367	0.08295	0.05396	0.00774	0.00733	0.06687	0.01144	0.12303	0.01401	0.01611	0.01073	0.00964	0.10702	0.00223	0.00519	0.00457	0.34562	0.00586
98	0.01152	0.01092	0.01850	0.11427	0.64793	0.01114	0.01429	0.01435	0.01105	0.01561	0.01076	0.07700	0.00976	0.00539	0.00505	0.00154	0.00576	0.00522	0.00261	0.00733
99	0.00941	0.00886	0.01495	0.81285	0.03433	0.01107	0.01384	0.01274	0.00997	0.01274	0.00886	0.01329	0.00664	0.00498	0.00498	0.00166	0.00664	0.00443	0.00221	0.00554
100	0.01417	0.01020	0.01106	0.00908	0.01159	0.01116	0.00705	0.43377	0.05835	0.02322	0.01382	0.01846	0.01184	0.21044	0.05090	0.00263	0.00534	0.00529	0.08510	0.00652
101	0.01569	0.01660	0.01783	0.02978	0.01766	0.28742	0.17432	0.20210	0.01466	0.01767	0.00907	0.01109	0.00719	0.00577	0.00702	0.00159	0.15058	0.00432	0.00307	0.00658
102	0.00660	0.00472	0.00639	0.00755	0.00807	0.00451	0.00555	0.00786	0.01007	0.01332	0.02718	0.61408	0.03181	0.01512	0.00650	0.00210	0.00335	0.21643	0.00462	0.00420
103	0.01796	0.05529	0.01445	0.01239	0.01512	0.67229	0.00945	0.05970	0.07191	0.01383	0.00883	0.00982	0.00718	0.00527	0.00451	0.00132	0.00828	0.00344	0.00286	0.00610
104	0.01333	0.82783	0.02612	0.00853	0.01279	0.01972	0.00853	0.01493	0.01013	0.01173	0.00693	0.00800	0.00640	0.00426	0.00320	0.00107	0.00533	0.00267	0.00213	0.00640
105	0.00720	0.00486	0.00567	0.00570	0.00578	0.00493	0.00334	0.00738	0.00738	0.00991	0.01583	0.05346	0.01805	0.73532	0.09117	0.00502	0.00550	0.00728	0.00304	0.00317
106	0.01282	0.70535	0.14414	0.00940	0.01413	0.01848	0.01004	0.01506	0.01019	0.01235	0.00724	0.00838	0.00638	0.00434	0.00343	0.00114	0.00564	0.00282	0.00213	0.00654
107	0.00941	0.00886	0.01495	0.81285	0.03433	0.01107	0.01384	0.01274	0.00997	0.01274	0.00886	0.01329	0.00664	0.00498	0.00498	0.00166	0.00664	0.00443	0.00221	0.00554
108	0.00725	0.00483	0.00544	0.00544	0.00544	0.00483	0.00302	0.00725	0.00725	0.00966	0.01571	0.03262	0.01812	0.82483	0.02537	0.00483	0.00483	0.00725	0.00302	0.00302
109	0.01234	0.01184	0.02023	0.03059	0.79373	0.01184	0.01530	0.01530	0.01135	0.01628	0.00938	0.01234	0.00790	0.00444	0.00493	0.00148	0.00592	0.00444	0.00247	0.00790
110	0.00607	0.00434	0.00578	0.00694	0.00723	0.00405	0.00463	0.00694	0.00954	0.01272	0.02747	0.82157	0.03297	0.01562	0.00636	0.00202	0.00289	0.01417	0.00463	0.00405
111	0.00941	0.00886	0.01495	0.81285	0.03433	0.01107	0.01384	0.01274	0.00997	0.01274	0.00886	0.01329	0.00664	0.00498	0.00498	0.00166	0.00664	0.00443	0.00221	0.00554
112	0.00664	0.00489	0.00691	0.00738	0.00805	0.00516	0.00540	0.00804	0.00909	0.01259	0.06433	0.36777	0.04081	0.02588	0.39670	0.00492	0.00797	0.00948	0.00372	0.00429
113	0.02114	0.00821	0.01118	0.00866	0.01230	0.00712	0.00712	0.02310	0.01425	0.73518	0.08121	0.01858	0.01511	0.00649	0.00508	0.00154	0.00409	0.00533	0.00611	0.00818
114	0.01124	0.01072	0.01825	0.32381	0.50908	0.01155	0.01475	0.01434	0.01083	0.01495	0.00918	0.01269	0.00743	0.00464	0.00495	0.00155	0.00619	0.00444	0.00237	0.00701
115	0.01081	0.00949	0.01495	0.64675	0.07206	0.01141	0.01310	0.07173	0.05059	0.03677	0.01001	0.01351	0.00745	0.00515	0.00499	0.00164	0.00631	0.00451	0.00269	0.00609
116	0.01265	0.01787	0.31495	0.01650	0.02221	0.01232	0.34596	0.12017	0.01303	0.06003	0.01043	0.01234	0.00748	0.00475	0.00528	0.00161	0.00739	0.00482	0.00290	0.00730
117	0.00965	0.00910	0.01537	0.75044	0.09491	0.01114	0.01396	0.01294	0.01008	0.01302	0.00890	0.01321	0.00674	0.00494	0.00498	0.00165	0.00659	0.00443	0.00223	0.00573
118	0.01862	0.02376	0.01413	0.01284	0.01541	0.80482	0.00963	0.01990	0.01413	0.01220	0.00770	0.00899	0.00642	0.00514	0.00449	0.00128	0.00899	0.00321	0.00257	0.00578
119	0.01104	0.01020	0.01724	0.39440	0.40440	0.01121	0.01420	0.01410	0.01072	0.03130	0.00978	0.03183	0.00799	0.00499	0.00499	0.00158	0.00615	0.00468	0.00248	0.00672
120	0.00631	0.00476	0.00588	0.00655	0.00741	0.00433	0.00473	0.00759	0.01072	0.01390	0.11222	0.44439	0.25177	0.01402	0.00623	0.00191	0.00290	0.08548	0.00471	0.00421
121	0.00643	0.00468	0.00605	0.00654	0.00727	0.00431	0.00459	0.00788	0.01140	0.01551	0.31555	0.46586	0.09877	0.01334	0.00614	0.00183	0.00266	0.01195	0.00495	0.00431
122	0.03456	0.01286	0.07512	0.01078	0.01432	0.01322	0.00914	0.25048	0.47597	0.02365	0.01657	0.01571	0.01225	0.00632	0.00497	0.00162	0.00468	0.00506	0.00476	0.00796
123	0.01189	0.00717	0.00888	0.02621	0.04779	0.00647	0.00613	0.01461	0.07025	0.23689	0.10083	0.03052	0.32703	0.00886	0.00534	0.00155	0.00345	0.00742	0.00488	0.07384
124	0.01652	0.01070	0.04047	0.01371	0.01793	0.00937	0.31736	0.01951	0.01314	0.39811	0.07704	0.01698	0.01301	0.00566	0.00542	0.00160	0.00586	0.00565	0.00453	0.00744
125	0.00720	0.00502	0.00641	0.00641	0.00674	0.00536	0.00423	0.00787	0.00754	0.01038	0.01482	0.02770	0.01599	0.52789	0.31939	0.00603	0.00804	0.00653	0.00289	0.00356
126	0.01580	0.01815	0.01630	0.06357	0.25348	0.43764	0.02876	0.04936	0.04320	0.01468	0.00899	0.01085	0.00733	0.00499	0.00473	0.00140	0.00757	0.00386	0.00271	0.00662
127	0.01306	0.01113	0.01587	0.02051	0.41211	0.01176	0.01164	0.02061	0.33560	0.07267	0.01467	0.01528	0.01127	0.00553	0.00500	0.00157	0.00498	0.00498	0.00382	0.00793
128	0.00642	0.00459	0.00618	0.00734	0.00778	0.00435	0.00523	0.00754	0.00989	0.01311	0.02728	0.68558	0.03221	0.01529	0.00645	0.00207	0.00319	0.14673	0.00462	0.00414
129	0.01234	0.01184	0.02023	0.03059	0.79373	0.01184	0.01530	0.01530	0.01135	0.01628	0.00938	0.01234	0.00790	0.00444	0.00493	0.00148	0.00592	0.00444	0.00247	0.00790
130	0.01209	0.01159	0.01979	0.09666	0.72960	0.01178	0.01517	0.01508	0.01123	0.01598	0.00933	0.01242	0.00779	0.00449	0.00494	0.00150	0.00598	0.00444	0.00245	0.00770
131	0.00936	0.01249	0.20658	0.40285	0.02459	0.01021	0.01289	0.01393	0.07168	0.01500	0.11097	0.01647	0.01278	0.00757	0.05035	0.00199	0.00644	0.00498	0.00286	0.00600
132	0.01175	0.00830	0.00958	0.00852	0.01086	0.00882	0.00662	0.01978	0.39078	0.12642	0.30913	0.02536	0.02675	0.00797	0.00537	0.00162	0.00339	0.00682	0.00538	0.00678
133	0.01120	0.00960	0.01434	0.01881	0.39281	0.00963	0.01049	0.11689	0.01389	0.01940	0.26508	0.02216	0.06052	0.00693	0.00530	0.00152	0.00453	0.00624	0.00390	0.00675
134	0.01728	0.02948	0.04173	0.06994	0.09946	0.13085	0.00982	0.23237	0.01583	0.23552	0.01493	0.01494	0.05328	0.00597	0.00492	0.00149	0.00569	0.00471	0.00430	0.00748
135	0.01573	0.46229	0.02067	0.01049	0.01398	0.37664	0.00903	0.01719	0.01195	0.01194	0.00728	0.00845	0.00641	0.00466	0.00379	0.00117	0.00699	0.00291	0.00233	0.00612
136	0.86003	0.00964	0.00733	0.00655	0.00964	0.01118	0.00540	0.01465	0.00848	0.02236	0.00694	0.00810	0.00540	0.00463	0.00308	0.00154	0.00386	0.00270	0.00308	0.00540
137	0.01137	0.00922	0.01042	0.00991	0.01223	0.01031	0.00806	0.07666	0.45983	0.01958	0.02179	0.03116	0.01939	0.00914	0.00569	0.00189	0.00428	0.26738	0.00490	0.00679
138	0.00840	0.00737	0.06605	0.00760	0.00975	0.00550	0.00611	0.01017	0.01052	0.05671	0.09191	0.42857	0.03779	0.01075	0.00544	0.00159	0.00344	0.00954	0.00418	0.21860
139	0.00829	0.00685	0.01034	0.40032	0.01990	0.00802	0.00862	0.01009	0.00865	0.01135	0.01213	0.02190	0.01196	0.34719	0.09158	0.00359	0.00655	0.00568	0.00259	0.00439
140	0.44431	0.00893	0.00945	0.01060	0.13770	0.00972	0.00696	0.01415	0.06730	0.02021	0.15410	0.01763	0.06864	0.00632	0.00424	0.00156	0.00383	0.00489	0.00367	0.00578
141	0.00919	0.00811	0.01301	0.04077	0.38818	0.00802	0.01003	0.01115	0.01046	0.01446	0.01865	0.39292	0.03479	0.00986	0.00562	0.00174	0.00445	0.00913	0.00352	0.00595
142	0.01122	0.01027	0.01551	0.02002	0.43804	0.00936	0.01097	0.01378	0.01085	0.01610	0.01003	0.05039	0.00889	0.00467	0.00450	0.00120	0.00487	0.00430	0.00277	0.35225
143	0.01133	0.01032	0.01673	0.14108	0.49668	0.01066	0.01286	0.05701	0.01232	0.01728	0.14909	0.01690	0.01473	0.00564	0.00511	0.00152	0.00537	0.00526	0.00311	0.00701
144	0.01246	0.41021	0.02222	0.03568	0.35077	0.01527	0.01136	0.01473	0.01088	0.01419	0.05244	0.01165	0.00935	0.00469	0.00414	0.00129	0.00545	0.00383	0.00247	0.00693
145	0.39665	0.00976	0.01245	0.30269	0.16251	0.01126	0.01027	0.01408	0.00955	0.01776	0.00808	0.01075	0.00631	0.00472	0.00411	0.00157	0.00524	0.00365	0.00266	0.00591
146	0.01109	0.01003	0.01386	0.36155	0.10847	0.01176	0.01130	0.01927	0.36234	0.01682	0.01411	0.01560	0.01068	0.00573	0.00502	0.00165	0.00534	0.00498	0.00354	0.00687
147	0.01097	0.03010	0.34542	0.02075	0.37115	0.01118	0.01540	0.01502	0.01108	0.01620	0.05118	0.01273	0.00928	0.00483	0.00480	0.00148	0.00620	0.00426	0.00250	0.05547

[dist]
# distance from previous block
# <min> <max>
0	7

[block]
# block no. 1 follows, 50 sequences, length 12
# corresponding to MSA columns:
# 218-229
name=unknown_B
#
# <colnr> <probs for GDERKNQSTAVLIFYWHMCP>
#	G	D	E	R	K	N	Q	S	T	A	V	L	I	F	Y	W	H	M	C	P
0	0.01136	0.00989	0.01555	0.26127	0.32986	0.01001	0.01206	0.01416	0.01088	0.05857	0.01117	0.01376	0.03605	0.00484	0.00473	0.00139	0.00546	0.00438	0.00278	0.18181
1	0.00769	0.00779	0.06143	0.01100	0.10703	0.00641	0.07669	0.00974	0.01112	0.01478	0.12513	0.27953	0.24014	0.01096	0.00584	0.00174	0.00389	0.00986	0.00411	0.00511
2	0.01069	0.04113	0.11223	0.29984	0.02084	0.00921	0.01042	0.01334	0.01014	0.06350	0.00946	0.01217	0.00737	0.00563	0.00570	0.07386	0.00538	0.00382	0.00268	0.28260
3	0.09841	0.01371	0.18367	0.01752	0.26265	0.01042	0.06597	0.01809	0.01180	0.25133	0.01218	0.01300	0.00862	0.00502	0.00480	0.00154	0.00570	0.00438	0.00357	0.00763
4	0.01246	0.18283	0.14695	0.01626	0.24581	0.01162	0.03918	0.01517	0.01107	0.11799	0.01309	0.14171	0.01192	0.00647	0.00481	0.00151	0.00542	0.00564	0.00318	0.00691
5	0.01316	0.04014	0.10403	0.02371	0.48707	0.04777	0.07873	0.01630	0.01174	0.09040	0.03239	0.01309	0.00911	0.00481	0.00495	0.00149	0.00615	0.00455	0.00286	0.00756
6	0.13476	0.00989	0.04770	0.01338	0.18118	0.00913	0.00901	0.05996	0.03158	0.30380	0.01592	0.13513	0.01308	0.00694	0.00491	0.00160	0.00455	0.00587	0.00442	0.00719
7	0.05127	0.01232	0.05584	0.02554	0.54670	0.01153	0.12320	0.01615	0.01149	0.08287	0.01022	0.01261	0.00804	0.00458	0.00498	0.00152	0.00611	0.00458	0.00280	0.00764
8	0.33574	0.01061	0.01399	0.01834	0.39084	0.01090	0.01027	0.01469	0.01012	0.01860	0.00838	0.01045	0.00687	0.00441	0.00406	0.00141	0.00484	0.00358	0.00277	0.11911
9	0.13142	0.01013	0.01553	0.08926	0.47540	0.01042	0.01185	0.01393	0.01119	0.01729	0.11776	0.01601	0.03053	0.00548	0.00480	0.00151	0.00507	0.00493	0.00301	0.02448
10	0.04035	0.01055	0.01738	0.13675	0.55256	0.01083	0.01341	0.01468	0.01144	0.04657	0.08672	0.01496	0.01167	0.00516	0.00498	0.00152	0.00554	0.00485	0.00289	0.00719
11	0.01193	0.01140	0.01689	0.02346	0.53978	0.05311	0.01248	0.01563	0.07748	0.01687	0.09874	0.01536	0.01284	0.00527	0.00494	0.00144	0.00535	0.00489	0.00307	0.06906

[dist]
# distance from previous block
# <min> <max>
0	17

# created by:
# /st0/software/busco_prod/Augustus/scripts/msa2prfl.pl ./align_prep/67371.fa
