[name]
unknown

[dist]
# distance from previous block
# <min> <max>
0	329

[block]
# block no. 0 follows, 43 sequences, length 29
# corresponding to MSA columns:
# 410-438
name=unknown_A
#
# <colnr> <probs for GDERKNQSTAVLIFYWHMCP>
#	G	D	E	R	K	N	Q	S	T	A	V	L	I	F	Y	W	H	M	C	P
0	0.00748	0.00545	0.00720	0.00833	0.00917	0.00517	0.00635	0.00905	0.01159	0.01508	0.03313	0.45590	0.12159	0.01624	0.00721	0.00231	0.00382	0.26506	0.00513	0.00473
1	0.00944	0.01954	0.48229	0.01270	0.01788	0.00967	0.01461	0.01378	0.01128	0.01624	0.01781	0.31365	0.01833	0.00988	0.00595	0.00194	0.00628	0.00855	0.00341	0.00678
2	0.02061	0.01301	0.04854	0.01432	0.11472	0.01247	0.01067	0.30204	0.03311	0.32277	0.03941	0.01647	0.01237	0.00660	0.00556	0.00169	0.00557	0.00535	0.00557	0.00914
3	0.02442	0.01011	0.01327	0.01018	0.01448	0.00915	0.00841	0.10824	0.01699	0.69179	0.02089	0.01823	0.01323	0.00683	0.00557	0.00171	0.00487	0.00550	0.00671	0.00942
4	0.00774	0.00558	0.00682	0.00750	0.00796	0.00554	0.00490	0.00964	0.07296	0.01386	0.02586	0.50248	0.02994	0.25693	0.01339	0.00317	0.00397	0.01260	0.00464	0.00451
5	0.12261	0.21046	0.05355	0.01178	0.01571	0.31486	0.01005	0.10806	0.01491	0.07629	0.00991	0.01076	0.00776	0.00558	0.00457	0.00147	0.00733	0.00370	0.00342	0.00721
6	0.00852	0.00612	0.00843	0.00961	0.01078	0.00603	0.00814	0.01082	0.01256	0.01638	0.05457	0.15835	0.05887	0.01539	0.00750	0.00246	0.00469	0.59061	0.00514	0.00501
7	0.07178	0.04075	0.15659	0.38634	0.07701	0.04303	0.07466	0.01607	0.01176	0.03779	0.02724	0.01407	0.00857	0.00550	0.00535	0.00176	0.00728	0.00478	0.00277	0.00690
8	0.21137	0.01086	0.01138	0.06500	0.01464	0.03851	0.00735	0.03918	0.01160	0.01978	0.00940	0.01113	0.00762	0.00460	0.00413	0.00116	0.00467	0.00340	0.00332	0.52091
9	0.00805	0.00537	0.00604	0.00604	0.00604	0.00537	0.00336	0.00805	0.00805	0.01074	0.01745	0.03624	0.02013	0.80536	0.02819	0.00537	0.00537	0.00805	0.00336	0.00336
10	0.00838	0.00599	0.00824	0.00919	0.01032	0.00586	0.00762	0.01069	0.01297	0.01727	0.17054	0.17444	0.03651	0.01486	0.00735	0.00235	0.00433	0.48275	0.00530	0.00503
11	0.01383	0.07410	0.17773	0.16476	0.20390	0.04073	0.05304	0.05887	0.01326	0.08135	0.03803	0.03374	0.01060	0.00590	0.00543	0.00170	0.00688	0.00514	0.00327	0.00775
12	0.01066	0.01175	0.08325	0.01578	0.01926	0.01041	0.30526	0.01422	0.01187	0.01626	0.01683	0.02940	0.01599	0.01537	0.16486	0.00350	0.03390	0.21169	0.00343	0.00630
13	0.02392	0.00978	0.01295	0.01000	0.01419	0.00878	0.00824	0.07522	0.03164	0.68977	0.04117	0.01912	0.01451	0.00697	0.00559	0.00171	0.00474	0.00566	0.00672	0.00930
14	0.01247	0.01691	0.20721	0.18680	0.27606	0.03855	0.12242	0.01668	0.01209	0.01676	0.01012	0.01344	0.00789	0.00529	0.00600	0.00177	0.03431	0.00491	0.00258	0.00772
15	0.01294	0.01435	0.10966	0.35665	0.10563	0.03846	0.13243	0.10756	0.01365	0.01826	0.01073	0.01414	0.00807	0.00547	0.00560	0.00177	0.00751	0.00505	0.02481	0.00726
16	0.01103	0.00665	0.00828	0.00781	0.00945	0.00630	0.00581	0.02614	0.02614	0.15764	0.15071	0.21485	0.18400	0.10370	0.00936	0.00234	0.03075	0.02803	0.00533	0.00567
17	0.01085	0.00725	0.00860	0.00850	0.00996	0.00735	0.00625	0.16129	0.01413	0.04509	0.02489	0.48389	0.02695	0.01319	0.00626	0.00198	0.00381	0.02893	0.12506	0.00578
18	0.08130	0.01231	0.01564	0.13318	0.13898	0.01333	0.01125	0.25641	0.09525	0.14551	0.03253	0.01560	0.01125	0.00633	0.00541	0.00172	0.00574	0.00516	0.00470	0.00839
19	0.01723	0.01218	0.02010	0.06602	0.18189	0.01196	0.18237	0.07689	0.03570	0.25312	0.01453	0.01566	0.01033	0.00584	0.00615	0.00173	0.03400	0.00547	0.00432	0.04452
20	0.01179	0.00889	0.00985	0.00795	0.01120	0.04311	0.00622	0.03200	0.01363	0.08084	0.22148	0.02398	0.07573	0.00734	0.00512	0.00131	0.00385	0.00612	0.07459	0.35499
21	0.04445	0.04503	0.01048	0.00994	0.06013	0.00767	0.00693	0.01432	0.05630	0.13213	0.05170	0.36501	0.02406	0.01111	0.00586	0.00182	0.00395	0.00976	0.04213	0.09724
22	0.01864	0.05325	0.08087	0.01357	0.04996	0.01641	0.01136	0.52827	0.12093	0.03013	0.01385	0.01395	0.01007	0.00648	0.00543	0.00168	0.00606	0.00498	0.00501	0.00909
23	0.01790	0.04105	0.09103	0.01172	0.01596	0.01348	0.02855	0.40507	0.02013	0.13450	0.09197	0.01867	0.03189	0.04454	0.00666	0.00185	0.00572	0.00576	0.00518	0.00835
24	0.13527	0.09660	0.07197	0.01124	0.01533	0.07656	0.00979	0.30412	0.08633	0.02519	0.04535	0.04062	0.01176	0.00660	0.00502	0.00162	0.00580	0.00495	0.00439	0.04151
25	0.01733	0.14385	0.17060	0.01297	0.01783	0.07627	0.01236	0.36796	0.05218	0.02486	0.01153	0.01230	0.00864	0.00617	0.00568	0.00163	0.04097	0.00443	0.00406	0.00840
26	0.11286	0.14937	0.15272	0.01211	0.01715	0.01665	0.01160	0.41473	0.01912	0.02702	0.01113	0.01178	0.00821	0.00591	0.00492	0.00160	0.00623	0.00426	0.00420	0.00842
27	0.03788	0.20959	0.30801	0.01279	0.01853	0.01608	0.01375	0.22620	0.04255	0.02165	0.01091	0.01206	0.00827	0.00679	0.03034	0.00183	0.00702	0.00418	0.00343	0.00813
28	0.08668	0.35538	0.23805	0.01158	0.01699	0.05141	0.01233	0.10146	0.01323	0.03081	0.01055	0.01160	0.02765	0.00547	0.00444	0.00149	0.00653	0.00382	0.00299	0.00753

[dist]
# distance from previous block
# <min> <max>
4	42

[block]
# block no. 1 follows, 43 sequences, length 19
# corresponding to MSA columns:
# 481-499
name=unknown_B
#
# <colnr> <probs for GDERKNQSTAVLIFYWHMCP>
#	G	D	E	R	K	N	Q	S	T	A	V	L	I	F	Y	W	H	M	C	P
0	0.01464	0.01498	0.11863	0.10720	0.01937	0.01520	0.01246	0.22415	0.17987	0.02220	0.01299	0.01459	0.00997	0.00726	0.00861	0.00193	0.19894	0.00510	0.00400	0.00789
1	0.01305	0.01297	0.02357	0.15598	0.50166	0.01319	0.16427	0.01668	0.01245	0.01738	0.01048	0.01413	0.00847	0.00498	0.00570	0.00172	0.00727	0.00525	0.00271	0.00808
2	0.01497	0.01626	0.23768	0.01453	0.01887	0.01247	0.12447	0.01853	0.01209	0.20164	0.01284	0.01457	0.00935	0.00677	0.00875	0.00190	0.20853	0.00508	0.05304	0.00766
3	0.01521	0.09791	0.31917	0.01213	0.01797	0.01199	0.01306	0.02070	0.10293	0.20279	0.01413	0.01421	0.01001	0.00571	0.00505	0.00158	0.00610	0.00449	0.00397	0.12089
4	0.01398	0.00941	0.01391	0.40078	0.02544	0.01055	0.01148	0.01858	0.11362	0.20116	0.01699	0.11142	0.01374	0.00755	0.00574	0.00187	0.00582	0.00657	0.00429	0.00711
5	0.01337	0.01493	0.02189	0.20724	0.02608	0.17755	0.31176	0.01674	0.01258	0.01531	0.01080	0.01476	0.00862	0.01009	0.11107	0.00272	0.00974	0.00542	0.00275	0.00658
6	0.01801	0.01875	0.19248	0.01464	0.01997	0.06077	0.10189	0.41073	0.01999	0.06971	0.01248	0.01325	0.00885	0.00605	0.00557	0.00170	0.00712	0.00492	0.00439	0.00872
7	0.01250	0.23141	0.11884	0.01011	0.01356	0.10784	0.00946	0.01515	0.01312	0.04793	0.24165	0.02128	0.02196	0.01144	0.09854	0.00241	0.00674	0.00581	0.00382	0.00643
8	0.01291	0.01235	0.02105	0.21919	0.59182	0.01295	0.01660	0.01630	0.01224	0.01713	0.01028	0.01397	0.00843	0.00508	0.00550	0.00169	0.00678	0.00493	0.00267	0.00813
9	0.01330	0.01923	0.40840	0.08644	0.02102	0.01121	0.01521	0.04673	0.04552	0.13872	0.01541	0.06488	0.01255	0.00728	0.00568	0.00186	0.00675	0.06829	0.00374	0.00778
10	0.01057	0.01007	0.01801	0.20472	0.02253	0.01084	0.22682	0.04181	0.01172	0.01582	0.01594	0.21656	0.01584	0.01204	0.08019	0.00265	0.06607	0.00826	0.00341	0.00612
11	0.00788	0.00570	0.00758	0.00867	0.00961	0.00550	0.00686	0.00963	0.01176	0.01528	0.03183	0.32235	0.10551	0.05306	0.00830	0.00251	0.00422	0.37398	0.00504	0.00476
12	0.00793	0.00571	0.00786	0.00790	0.00854	0.00633	0.00567	0.00921	0.00867	0.01218	0.01618	0.04978	0.01664	0.29795	0.50614	0.00751	0.01130	0.00694	0.00316	0.00440
13	0.01822	0.21579	0.01910	0.01313	0.01610	0.50482	0.01057	0.01970	0.01374	0.01340	0.00819	0.00997	0.00714	0.00595	0.00623	0.00149	0.10364	0.00357	0.00268	0.00654
14	0.01082	0.00662	0.00780	0.00744	0.00845	0.00662	0.00493	0.01314	0.10023	0.11612	0.02066	0.14934	0.02140	0.48038	0.01917	0.00398	0.00483	0.00868	0.00438	0.00500
15	0.01807	0.02173	0.21062	0.01388	0.01877	0.22886	0.01303	0.32747	0.05392	0.02398	0.01155	0.01231	0.00852	0.00607	0.00532	0.00163	0.00763	0.00442	0.00398	0.00824
16	0.01473	0.25900	0.04846	0.01151	0.01525	0.10809	0.05344	0.08847	0.17930	0.01845	0.01359	0.01539	0.01107	0.00845	0.05612	0.00202	0.00672	0.02115	0.06144	0.00735
17	0.00720	0.00543	0.00667	0.00693	0.00811	0.00491	0.00506	0.00899	0.01322	0.01757	0.32091	0.26449	0.25250	0.01400	0.00674	0.00196	0.00294	0.04201	0.00551	0.00485
18	0.32509	0.06869	0.08096	0.01024	0.01420	0.01416	0.00904	0.10969	0.27219	0.02400	0.01372	0.01379	0.01036	0.00613	0.00462	0.00173	0.00500	0.00446	0.00428	0.00764

[dist]
# distance from previous block
# <min> <max>
0	1

[block]
# block no. 2 follows, 43 sequences, length 20
# corresponding to MSA columns:
# 501-520
name=unknown_C
#
# <colnr> <probs for GDERKNQSTAVLIFYWHMCP>
#	G	D	E	R	K	N	Q	S	T	A	V	L	I	F	Y	W	H	M	C	P
0	0.01855	0.01648	0.10867	0.01231	0.01711	0.06733	0.01096	0.42866	0.04182	0.08760	0.01302	0.01327	0.00935	0.00609	0.00527	0.00155	0.00618	0.00462	0.00475	0.12641
1	0.01329	0.48948	0.33498	0.01206	0.01821	0.01821	0.01397	0.01697	0.01143	0.01488	0.00862	0.01003	0.00707	0.00495	0.00425	0.00142	0.00685	0.00342	0.00236	0.00755
2	0.01046	0.00984	0.01661	0.79205	0.03814	0.01230	0.01538	0.01415	0.01107	0.01415	0.00984	0.01477	0.00738	0.00554	0.00554	0.00185	0.00738	0.00492	0.00246	0.00615
3	0.01065	0.01886	0.40726	0.06496	0.08544	0.01094	0.01570	0.01591	0.05131	0.01721	0.01616	0.08422	0.01504	0.00834	0.00594	0.00196	0.00678	0.15276	0.00333	0.00723
4	0.01004	0.00568	0.00880	0.00999	0.08635	0.00568	0.00607	0.00823	0.00777	0.01050	0.00970	0.01651	0.00953	0.01776	0.01997	0.75210	0.00499	0.00482	0.00244	0.00306
5	0.00674	0.00486	0.00639	0.00761	0.00801	0.00451	0.00510	0.00772	0.01070	0.01418	0.03177	0.76518	0.07239	0.01719	0.00704	0.00223	0.00319	0.01555	0.00514	0.00451
6	0.00993	0.00873	0.01488	0.01682	0.20586	0.00926	0.08812	0.01253	0.01029	0.01471	0.01332	0.01898	0.01198	0.02831	0.50299	0.00631	0.01215	0.00574	0.00289	0.00619
7	0.01606	0.49620	0.08995	0.01153	0.01589	0.23512	0.01086	0.01812	0.01246	0.01358	0.00812	0.00954	0.00711	0.00521	0.00456	0.00134	0.03159	0.00329	0.00250	0.00698
8	0.00802	0.00540	0.00690	0.00743	0.00843	0.00491	0.00528	0.00944	0.01214	0.06041	0.15558	0.48597	0.15925	0.01513	0.00682	0.00208	0.00319	0.03325	0.00540	0.00495
9	0.00673	0.00489	0.00635	0.00753	0.00798	0.00451	0.00506	0.00773	0.01078	0.01421	0.03278	0.73576	0.10116	0.01706	0.00702	0.00222	0.00318	0.01539	0.00514	0.00451
10	0.00687	0.00491	0.00657	0.00786	0.00823	0.00461	0.00536	0.00793	0.01073	0.01428	0.03046	0.75873	0.03635	0.01723	0.00710	0.00227	0.00332	0.05751	0.00514	0.00453
11	0.02105	0.01551	0.01662	0.01274	0.01717	0.01717	0.01053	0.75235	0.02604	0.03490	0.01330	0.01330	0.00942	0.00665	0.00554	0.00166	0.00609	0.00499	0.00554	0.00942
12	0.01386	0.60986	0.21960	0.01108	0.01670	0.01961	0.01228	0.01683	0.01137	0.01418	0.00827	0.00960	0.00708	0.00487	0.00399	0.00133	0.00650	0.00325	0.00236	0.00738
13	0.01424	0.01213	0.01278	0.01136	0.01458	0.01399	0.00888	0.07561	0.71387	0.02392	0.02195	0.02019	0.01643	0.00746	0.00563	0.00186	0.00449	0.00618	0.00563	0.00881
14	0.01228	0.27528	0.54028	0.01379	0.02089	0.01572	0.01699	0.01724	0.01155	0.01611	0.00923	0.01080	0.00704	0.00510	0.00472	0.00157	0.00747	0.00373	0.00235	0.00784
15	0.01756	0.01378	0.01465	0.01204	0.01584	0.01554	0.00968	0.40525	0.37882	0.02927	0.01774	0.01683	0.01301	0.00706	0.00559	0.00177	0.00527	0.00560	0.00559	0.00911
16	0.01216	0.24964	0.56486	0.01400	0.02121	0.01543	0.01735	0.01727	0.01157	0.01626	0.00930	0.01090	0.00704	0.00511	0.00478	0.00159	0.00754	0.00377	0.00235	0.00788
17	0.04464	0.13425	0.10465	0.03455	0.01724	0.03526	0.04516	0.20019	0.20555	0.02253	0.01369	0.01429	0.01044	0.00695	0.02557	0.00180	0.00619	0.00477	0.00413	0.06815
18	0.01220	0.12207	0.43555	0.01432	0.02089	0.01326	0.09042	0.01692	0.01173	0.03458	0.00995	0.01181	0.00753	0.00514	0.00545	0.00156	0.03521	0.00413	0.00265	0.14465
19	0.05346	0.02393	0.03882	0.00774	0.01023	0.00781	0.00630	0.03811	0.13516	0.04518	0.11063	0.08092	0.39821	0.01139	0.00608	0.00184	0.00360	0.00950	0.00513	0.00597

[dist]
# distance from previous block
# <min> <max>
0	4

[block]
# block no. 3 follows, 43 sequences, length 59
# corresponding to MSA columns:
# 525-583
name=unknown_D
#
# <colnr> <probs for GDERKNQSTAVLIFYWHMCP>
#	G	D	E	R	K	N	Q	S	T	A	V	L	I	F	Y	W	H	M	C	P
0	0.01820	0.01358	0.01457	0.01153	0.01542	0.01482	0.00945	0.58631	0.05543	0.03099	0.03750	0.02082	0.11195	0.00799	0.00575	0.00172	0.00548	0.02443	0.00549	0.00855
1	0.01505	0.63081	0.02553	0.01008	0.01444	0.07274	0.00945	0.01897	0.12852	0.01465	0.01007	0.01080	0.00864	0.00524	0.00398	0.00131	0.00596	0.00352	0.00291	0.00732
2	0.01057	0.02356	0.59314	0.01443	0.02116	0.01144	0.05138	0.01618	0.01253	0.01845	0.15684	0.01759	0.01584	0.00641	0.00557	0.00176	0.00716	0.00535	0.00309	0.00758
3	0.01444	0.69199	0.12609	0.01039	0.01554	0.03549	0.01093	0.01682	0.01140	0.01363	0.00801	0.00927	0.00710	0.00483	0.00380	0.00126	0.00630	0.00312	0.00237	0.00723
4	0.01247	0.19342	0.51606	0.05469	0.05690	0.01462	0.01726	0.01747	0.01175	0.04285	0.00989	0.01159	0.00737	0.00520	0.00493	0.00163	0.00746	0.00398	0.00253	0.00792
5	0.00819	0.00618	0.00913	0.00902	0.00998	0.00731	0.00705	0.01015	0.00898	0.01316	0.01461	0.02129	0.01356	0.03885	0.72122	0.00834	0.04941	0.00586	0.03271	0.00500
6	0.00690	0.00562	0.00610	0.00598	0.00770	0.00483	0.00449	0.00864	0.01346	0.01696	0.25220	0.05001	0.57123	0.01328	0.00654	0.00183	0.00275	0.01123	0.00541	0.00483
7	0.09434	0.04258	0.08223	0.05017	0.15757	0.04772	0.19199	0.03326	0.05832	0.01784	0.01031	0.01321	0.00831	0.00609	0.00792	0.00186	0.16096	0.00500	0.00295	0.00736
8	0.04613	0.04666	0.27709	0.08082	0.02586	0.01334	0.34596	0.01786	0.01241	0.06451	0.01107	0.01363	0.00805	0.00509	0.00574	0.00179	0.00819	0.00526	0.00288	0.00765
9	0.00820	0.00590	0.00807	0.00930	0.01033	0.00577	0.00765	0.01025	0.01213	0.01581	0.03082	0.27191	0.06505	0.01583	0.00744	0.00244	0.00447	0.49862	0.00511	0.00491
10	0.00675	0.00482	0.00643	0.00771	0.00803	0.00450	0.00514	0.00771	0.01060	0.01414	0.03053	0.80175	0.03663	0.01735	0.00707	0.00225	0.00321	0.01574	0.00514	0.00450
11	0.01225	0.01167	0.01985	0.37351	0.44267	0.01278	0.01627	0.01572	0.01192	0.01633	0.01016	0.01418	0.00815	0.00520	0.00551	0.00173	0.00694	0.00493	0.00262	0.00760
12	0.01300	0.18430	0.41886	0.01379	0.01988	0.08207	0.03267	0.01900	0.10429	0.01693	0.01163	0.01395	0.00917	0.00581	0.00505	0.00166	0.00733	0.02994	0.00290	0.00776
13	0.01212	0.01212	0.01696	0.01454	0.01454	0.01696	0.01212	0.01333	0.00848	0.01333	0.00727	0.01212	0.00727	0.00969	0.01818	0.00242	0.79523	0.00485	0.00242	0.00606
14	0.00735	0.00564	0.00705	0.00771	0.02605	0.00514	0.00552	0.00910	0.01284	0.01686	0.23227	0.27232	0.27127	0.01422	0.00678	0.00201	0.00319	0.08443	0.00533	0.00491
15	0.01116	0.01057	0.01804	0.50084	0.19207	0.01214	0.06076	0.01448	0.01123	0.01493	0.01061	0.01622	0.00877	0.06968	0.00768	0.00210	0.02427	0.00528	0.00261	0.00657
16	0.01126	0.02757	0.71833	0.01638	0.02436	0.01295	0.07772	0.01756	0.01180	0.01756	0.01004	0.01195	0.00712	0.00522	0.00536	0.00176	0.00828	0.00428	0.00237	0.00813
17	0.01329	0.01399	0.02760	0.04974	0.36566	0.01357	0.39732	0.01730	0.01281	0.01780	0.01081	0.01438	0.00854	0.00481	0.00603	0.00177	0.00803	0.00576	0.00276	0.00802
18	0.01150	0.01071	0.01796	0.37393	0.34315	0.01180	0.01501	0.01478	0.01180	0.01597	0.01262	0.06626	0.01135	0.00664	0.00574	0.00183	0.00664	0.05231	0.00291	0.00709
19	0.00954	0.00964	0.03235	0.07562	0.01732	0.00960	0.21028	0.01220	0.01141	0.01512	0.02549	0.06096	0.23520	0.01561	0.15649	0.00328	0.08255	0.00800	0.00355	0.00581
20	0.01046	0.00984	0.01661	0.79205	0.03814	0.01230	0.01538	0.01415	0.01107	0.01415	0.00984	0.01477	0.00738	0.00554	0.00554	0.00185	0.00738	0.00492	0.00246	0.00615
21	0.06554	0.06885	0.34790	0.02076	0.27171	0.01326	0.04222	0.03531	0.01219	0.01820	0.01090	0.04881	0.00903	0.00569	0.00525	0.00170	0.00701	0.00488	0.00277	0.00801
22	0.01596	0.01779	0.01788	0.07131	0.33150	0.32849	0.01323	0.01890	0.04054	0.01634	0.04915	0.01504	0.01106	0.00595	0.00540	0.00160	0.00771	0.02167	0.00310	0.00737
23	0.00793	0.00588	0.00861	0.00861	0.00950	0.00677	0.00657	0.00971	0.00882	0.01264	0.01510	0.02321	0.01448	0.11813	0.70769	0.00855	0.01389	0.00615	0.00301	0.00479
24	0.01239	0.03527	0.01222	0.01103	0.01262	0.24753	0.00858	0.01413	0.01103	0.01312	0.01208	0.01698	0.01105	0.02687	0.45928	0.00585	0.07652	0.00503	0.00287	0.00555
25	0.01490	0.16022	0.04527	0.02315	0.34426	0.03259	0.14073	0.09477	0.04042	0.03545	0.01098	0.01321	0.00878	0.00519	0.00531	0.00161	0.00689	0.00486	0.00316	0.00825
26	0.01734	0.05621	0.01957	0.02191	0.34253	0.10837	0.01325	0.29131	0.03588	0.02366	0.01142	0.01302	0.00892	0.00572	0.00535	0.00161	0.00673	0.00472	0.00385	0.00864
27	0.01618	0.01009	0.01331	0.03752	0.01526	0.00859	0.04617	0.03500	0.04314	0.26806	0.01492	0.01584	0.01094	0.00555	0.00494	0.00131	0.00477	0.02196	0.00459	0.42186
28	0.01455	0.04941	0.01665	0.01388	0.04719	0.09845	0.09949	0.08228	0.32398	0.03322	0.01860	0.03375	0.05958	0.00744	0.00674	0.00182	0.07470	0.00608	0.00441	0.00777
29	0.02069	0.02640	0.01569	0.01427	0.01712	0.78313	0.01070	0.02212	0.01569	0.01355	0.00856	0.00999	0.00713	0.00571	0.00499	0.00143	0.00999	0.00357	0.00285	0.00642
30	0.02185	0.01281	0.01437	0.01133	0.01546	0.04704	0.00924	0.30293	0.11148	0.36661	0.01809	0.01656	0.01218	0.00681	0.00554	0.00170	0.00543	0.00534	0.00603	0.00921
31	0.01308	0.01468	0.03120	0.02383	0.08814	0.01406	0.66067	0.01750	0.01284	0.01758	0.01098	0.01472	0.00839	0.00490	0.00694	0.00187	0.04198	0.00634	0.00278	0.00752
32	0.00792	0.00591	0.00878	0.00878	0.00973	0.00686	0.00678	0.00981	0.00887	0.01277	0.01494	0.02236	0.01411	0.07306	0.75225	0.00876	0.01444	0.00602	0.00298	0.00488
33	0.49039	0.01016	0.01018	0.00839	0.01219	0.01057	0.00692	0.02091	0.01220	0.34877	0.01382	0.01325	0.00933	0.00588	0.00435	0.00171	0.00447	0.00411	0.00491	0.00748
34	0.00807	0.00613	0.00906	0.00897	0.00988	0.00721	0.00695	0.00993	0.00885	0.01278	0.01468	0.02206	0.01389	0.07467	0.72218	0.00851	0.04230	0.00599	0.00296	0.00491
35	0.00791	0.00593	0.00890	0.00890	0.00989	0.00692	0.00692	0.00989	0.00890	0.01286	0.01483	0.02176	0.01385	0.04154	0.78341	0.00890	0.01483	0.00593	0.00297	0.00494
36	0.58162	0.01183	0.01059	0.00883	0.01257	0.01332	0.00728	0.20183	0.01404	0.07870	0.01008	0.01075	0.00738	0.00564	0.00410	0.00170	0.00477	0.00367	0.00419	0.00709
37	0.02214	0.01089	0.01346	0.01047	0.01452	0.01057	0.00859	0.22857	0.03749	0.48844	0.07934	0.01915	0.01568	0.00717	0.00564	0.00171	0.00492	0.00578	0.00640	0.00907
38	0.77610	0.01111	0.00884	0.00774	0.01125	0.01282	0.00637	0.07741	0.01081	0.02568	0.00818	0.00935	0.00628	0.00527	0.00360	0.00171	0.00443	0.00316	0.00360	0.00628
39	0.00694	0.00498	0.00655	0.00770	0.00815	0.00466	0.00527	0.00801	0.01083	0.01437	0.04657	0.68504	0.06526	0.04484	0.00782	0.00235	0.00337	0.05769	0.00510	0.00452
40	0.00680	0.00486	0.00648	0.00767	0.00805	0.00454	0.00515	0.00785	0.01086	0.01455	0.06816	0.76294	0.03743	0.01704	0.00704	0.00222	0.00318	0.01545	0.00519	0.00454
41	0.02105	0.01551	0.01662	0.01274	0.01717	0.01717	0.01053	0.75235	0.02604	0.03490	0.01330	0.01330	0.00942	0.00665	0.00554	0.00166	0.00609	0.00499	0.00554	0.00942
42	0.01807	0.28823	0.02167	0.01338	0.01716	0.43383	0.07388	0.04571	0.01434	0.01449	0.00867	0.01016	0.00731	0.00533	0.00466	0.00139	0.00843	0.00367	0.00278	0.00685
43	0.04306	0.01308	0.01392	0.01207	0.01356	0.12621	0.00969	0.10869	0.03277	0.01760	0.07897	0.01922	0.07766	0.03792	0.03050	0.00229	0.34707	0.00582	0.00360	0.00630
44	0.01481	0.80869	0.02902	0.00948	0.01421	0.02191	0.00948	0.01658	0.01125	0.01303	0.00770	0.00888	0.00711	0.00474	0.00355	0.00118	0.00592	0.00296	0.00237	0.00711
45	0.00767	0.00562	0.00736	0.00817	0.00921	0.00531	0.00636	0.00954	0.01250	0.01646	0.15618	0.30638	0.14206	0.01515	0.00711	0.00222	0.00372	0.26883	0.00529	0.00486
46	0.00824	0.00581	0.00710	0.00697	0.00714	0.00623	0.00442	0.00864	0.00822	0.01124	0.01648	0.03249	0.01838	0.63190	0.15903	0.00583	0.04733	0.00752	0.00324	0.00377
47	0.01616	0.00984	0.01220	0.00909	0.01356	0.00817	0.00738	0.01876	0.03002	0.27805	0.01416	0.01425	0.01026	0.00535	0.00520	0.00122	0.03584	0.00420	0.00453	0.50177
48	0.01205	0.22645	0.58708	0.01419	0.02150	0.01516	0.01768	0.01730	0.01158	0.01640	0.00937	0.01098	0.00704	0.00513	0.00483	0.00161	0.00761	0.00381	0.00235	0.00791
49	0.01165	0.01155	0.01758	0.25507	0.02250	0.01539	0.04738	0.01379	0.00950	0.01379	0.00825	0.01307	0.00736	0.00818	0.01373	0.00222	0.51546	0.00495	0.00245	0.00615
50	0.01188	0.01261	0.02532	0.37522	0.03316	0.01323	0.41410	0.01610	0.01216	0.01610	0.01058	0.01486	0.00794	0.00507	0.00608	0.00186	0.00844	0.00580	0.00265	0.00687
51	0.01156	0.01356	0.08875	0.35708	0.03184	0.01285	0.34298	0.01583	0.01200	0.01604	0.01114	0.04055	0.00877	0.00552	0.00601	0.00186	0.00818	0.00593	0.00269	0.00686
52	0.02128	0.01303	0.01506	0.01247	0.04581	0.03055	0.00985	0.40378	0.03701	0.28684	0.01703	0.01782	0.01212	0.00709	0.00565	0.00172	0.00564	0.04237	0.00580	0.00909
53	0.01061	0.00786	0.00890	0.00814	0.01039	0.00794	0.00626	0.01688	0.24496	0.07812	0.28183	0.03658	0.23837	0.01056	0.00619	0.00182	0.00337	0.00898	0.00575	0.00649
54	0.01751	0.00830	0.01082	0.00912	0.01213	0.00768	0.00725	0.02115	0.09610	0.42408	0.20768	0.09290	0.02599	0.00913	0.00599	0.00180	0.00404	0.02419	0.00635	0.00779
55	0.74798	0.01081	0.00912	0.07073	0.01315	0.01258	0.00692	0.04228	0.01015	0.02434	0.00808	0.00961	0.00623	0.00523	0.00367	0.00172	0.00460	0.00322	0.00342	0.00613
56	0.01026	0.00883	0.01369	0.01832	0.33033	0.00855	0.01015	0.01310	0.01424	0.02013	0.41493	0.03024	0.06711	0.00875	0.00609	0.00171	0.00430	0.00795	0.00464	0.00670
57	0.01093	0.01028	0.01718	0.66051	0.13409	0.01222	0.01524	0.01452	0.01129	0.01483	0.00992	0.01449	0.00760	0.00540	0.00547	0.00178	0.00715	0.00486	0.00253	0.03969
58	0.01320	0.01264	0.02157	0.15155	0.65719	0.01303	0.01675	0.01656	0.01237	0.01748	0.01033	0.01387	0.00856	0.00503	0.00549	0.00168	0.00670	0.00493	0.00270	0.00837

[dist]
# distance from previous block
# <min> <max>
0	1

[block]
# block no. 4 follows, 43 sequences, length 7
# corresponding to MSA columns:
# 585-591
name=unknown_E
#
# <colnr> <probs for GDERKNQSTAVLIFYWHMCP>
#	G	D	E	R	K	N	Q	S	T	A	V	L	I	F	Y	W	H	M	C	P
0	0.01167	0.00975	0.01553	0.18968	0.34927	0.01036	0.01236	0.01476	0.01174	0.01755	0.01268	0.01640	0.01030	0.00810	0.06088	0.00211	0.00626	0.00507	0.22858	0.00695
1	0.01208	0.01132	0.01887	0.20628	0.48709	0.01183	0.01509	0.01527	0.01227	0.01684	0.01494	0.02059	0.06242	0.00653	0.00574	0.00178	0.00639	0.06404	0.00303	0.00759
2	0.00984	0.01025	0.07591	0.19575	0.17167	0.00938	0.01125	0.01340	0.05437	0.01654	0.08469	0.15913	0.14657	0.00946	0.00603	0.00186	0.00522	0.00837	0.00391	0.00639
3	0.05535	0.16656	0.08942	0.12852	0.07969	0.01319	0.01070	0.01763	0.18530	0.01710	0.01706	0.08260	0.05567	0.05053	0.00644	0.00192	0.00554	0.00612	0.00366	0.00698
4	0.08047	0.01623	0.15367	0.01858	0.19247	0.07221	0.04766	0.07688	0.01265	0.01839	0.01111	0.01638	0.00972	0.00710	0.00828	0.00191	0.18112	0.06471	0.00309	0.00736
5	0.15694	0.07033	0.08167	0.06106	0.24414	0.01258	0.11427	0.01670	0.01208	0.05353	0.04987	0.01411	0.01036	0.00533	0.00506	0.00161	0.00620	0.00477	0.00320	0.07618
6	0.01309	0.05324	0.21822	0.02203	0.33825	0.01365	0.01537	0.02044	0.21194	0.01907	0.01340	0.01481	0.01041	0.00570	0.00538	0.00171	0.00639	0.00498	0.00339	0.00854

[dist]
# distance from previous block
# <min> <max>
50	96

[block]
# block no. 5 follows, 43 sequences, length 150
# corresponding to MSA columns:
# 696-845
name=unknown_F
#
# <colnr> <probs for GDERKNQSTAVLIFYWHMCP>
#	G	D	E	R	K	N	Q	S	T	A	V	L	I	F	Y	W	H	M	C	P
0	0.52280	0.01057	0.01102	0.12189	0.09093	0.01198	0.00852	0.05017	0.01121	0.02248	0.04402	0.01424	0.04900	0.00599	0.00433	0.00173	0.00489	0.00432	0.00353	0.00636
1	0.26487	0.01244	0.01984	0.16068	0.06129	0.01315	0.27037	0.06821	0.01259	0.05081	0.01043	0.01309	0.00779	0.00521	0.00525	0.00179	0.00690	0.00494	0.00328	0.00706
2	0.12036	0.00982	0.01498	0.12841	0.26105	0.01020	0.04834	0.01424	0.01307	0.01985	0.27617	0.02302	0.02347	0.00728	0.00564	0.00173	0.00514	0.00654	0.00397	0.00672
3	0.01171	0.01066	0.01534	0.49672	0.05009	0.01285	0.01310	0.01960	0.27455	0.01743	0.01432	0.01681	0.01077	0.00621	0.00557	0.00185	0.00631	0.00539	0.00358	0.00714
4	0.23892	0.01196	0.01663	0.18288	0.33052	0.01312	0.01293	0.07587	0.03250	0.02059	0.01012	0.01280	0.00800	0.00532	0.00495	0.00171	0.00603	0.00445	0.00317	0.00752
5	0.01006	0.00904	0.01493	0.38640	0.11213	0.01001	0.05206	0.01338	0.01298	0.01763	0.27634	0.02400	0.02337	0.00745	0.00593	0.00179	0.00572	0.00680	0.00379	0.00620
6	0.01353	0.01297	0.02011	0.29690	0.36852	0.05225	0.05551	0.08097	0.01343	0.01794	0.01042	0.01392	0.00824	0.00532	0.00554	0.00172	0.00714	0.00495	0.00290	0.00772
7	0.05822	0.01021	0.01488	0.27079	0.02264	0.01125	0.07602	0.14802	0.01456	0.05814	0.03600	0.06174	0.01570	0.00840	0.00600	0.00195	0.00614	0.15230	0.02035	0.00668
8	0.01112	0.00992	0.01681	0.30883	0.21341	0.01067	0.07755	0.01405	0.01161	0.03589	0.03442	0.11710	0.01450	0.07452	0.00779	0.00215	0.00641	0.02349	0.00325	0.00652
9	0.01172	0.00925	0.01207	0.28421	0.02055	0.05004	0.00981	0.05150	0.04494	0.08291	0.03931	0.21222	0.03887	0.04726	0.00706	0.00207	0.00554	0.03735	0.00416	0.02916
10	0.01366	0.01363	0.02076	0.18042	0.56426	0.07779	0.01615	0.01687	0.01257	0.01694	0.01015	0.01360	0.00836	0.00512	0.00545	0.00167	0.00702	0.00482	0.00270	0.00806
11	0.01620	0.01699	0.01364	0.01232	0.01536	0.28410	0.00945	0.02686	0.49900	0.01979	0.01763	0.01691	0.01347	0.00688	0.00541	0.00172	0.00635	0.00531	0.00466	0.00794
12	0.01148	0.00984	0.01148	0.00820	0.01312	0.00738	0.00656	0.01395	0.01148	0.01805	0.00984	0.01148	0.00820	0.00410	0.00410	0.00082	0.00410	0.00328	0.00328	0.83922
13	0.01427	0.02422	0.60076	0.01442	0.02171	0.01177	0.01762	0.01972	0.01265	0.19190	0.01268	0.01334	0.00856	0.00563	0.00533	0.00174	0.00739	0.00443	0.00338	0.00847
14	0.01595	0.00750	0.01011	0.00881	0.01148	0.00672	0.00712	0.01823	0.01503	0.37637	0.25730	0.07004	0.04586	0.01014	0.00627	0.00187	0.00400	0.11382	0.00624	0.00715
15	0.00785	0.00565	0.00766	0.00887	0.00976	0.00546	0.00702	0.00964	0.01180	0.01542	0.03121	0.38756	0.07127	0.01614	0.00734	0.00238	0.00415	0.38089	0.00512	0.00481
16	0.02316	0.01631	0.01401	0.01165	0.01535	0.32267	0.00918	0.02501	0.01579	0.46576	0.01646	0.01525	0.01104	0.00639	0.00534	0.00160	0.00685	0.00476	0.00523	0.00821
17	0.01781	0.00888	0.01256	0.00995	0.01342	0.00802	0.06965	0.01991	0.01431	0.44914	0.03045	0.02844	0.23733	0.00894	0.00654	0.00181	0.04193	0.00744	0.00580	0.00769
18	0.01046	0.00984	0.01661	0.79205	0.03814	0.01230	0.01538	0.01415	0.01107	0.01415	0.00984	0.01477	0.00738	0.00554	0.00554	0.00185	0.00738	0.00492	0.00246	0.00615
19	0.01046	0.00984	0.01661	0.79205	0.03814	0.01230	0.01538	0.01415	0.01107	0.01415	0.00984	0.01477	0.00738	0.00554	0.00554	0.00185	0.00738	0.00492	0.00246	0.00615
20	0.01062	0.01001	0.01690	0.75462	0.07433	0.01235	0.01546	0.01429	0.01115	0.01435	0.00987	0.01471	0.00745	0.00551	0.00553	0.00184	0.00734	0.00492	0.00247	0.00628
21	0.01193	0.01135	0.01927	0.44844	0.37025	0.01269	0.01611	0.01544	0.01177	0.01594	0.01010	0.01429	0.00801	0.00526	0.00551	0.00175	0.00702	0.00493	0.00259	0.00734
22	0.00768	0.00588	0.00721	0.00771	0.00919	0.00541	0.00625	0.00968	0.01301	0.01659	0.14566	0.09310	0.33992	0.01431	0.00700	0.00214	0.00370	0.29539	0.00526	0.00491
23	0.00962	0.00481	0.00722	0.00722	0.00722	0.00481	0.00481	0.00722	0.00722	0.00962	0.00962	0.01684	0.00962	0.01924	0.02165	0.83886	0.00481	0.00481	0.00241	0.00241
24	0.01281	0.01447	0.03140	0.02251	0.02790	0.01356	0.71295	0.01737	0.01320	0.01797	0.04952	0.01628	0.01062	0.00501	0.00654	0.00186	0.00900	0.00671	0.00297	0.00736
25	0.00738	0.00604	0.00783	0.00785	0.00924	0.00554	0.04441	0.00948	0.04724	0.01544	0.07194	0.39666	0.32111	0.01465	0.00674	0.00204	0.00341	0.01297	0.00508	0.00496
26	0.00892	0.00637	0.00892	0.01020	0.01147	0.00637	0.00892	0.01147	0.01275	0.01657	0.02932	0.06247	0.03187	0.01530	0.00765	0.00255	0.00510	0.73354	0.00510	0.00510
27	0.02351	0.01156	0.01418	0.01087	0.01521	0.01131	0.00898	0.28186	0.01943	0.51473	0.01884	0.01690	0.01220	0.00678	0.00556	0.00170	0.00520	0.00536	0.00639	0.00942
28	0.01371	0.01316	0.02248	0.03399	0.77081	0.01316	0.01700	0.01700	0.01261	0.01809	0.01042	0.01371	0.00877	0.00493	0.00548	0.00164	0.00658	0.00493	0.00274	0.00877
29	0.01371	0.01316	0.02248	0.03399	0.77081	0.01316	0.01700	0.01700	0.01261	0.01809	0.01042	0.01371	0.00877	0.00493	0.00548	0.00164	0.00658	0.00493	0.00274	0.00877
30	0.01111	0.02865	0.77667	0.01579	0.02397	0.01286	0.02046	0.01754	0.01169	0.01754	0.00994	0.01169	0.00702	0.00526	0.00526	0.00175	0.00818	0.00409	0.00234	0.00818
31	0.01107	0.00808	0.00944	0.00866	0.01055	0.00829	0.00656	0.19302	0.04802	0.02264	0.27342	0.25805	0.06244	0.01170	0.00630	0.00186	0.00373	0.01018	0.03983	0.00617
32	0.82476	0.01059	0.00812	0.00728	0.01065	0.01225	0.00598	0.01614	0.00957	0.02479	0.02563	0.00976	0.00709	0.00529	0.00350	0.00171	0.00424	0.00316	0.00349	0.00598
33	0.01210	0.01152	0.01958	0.40832	0.40903	0.01274	0.01620	0.01559	0.01185	0.01615	0.01013	0.01423	0.00809	0.00523	0.00551	0.00174	0.00698	0.00493	0.00260	0.00748
34	0.00757	0.00511	0.00654	0.00719	0.00786	0.00488	0.00499	0.00910	0.01155	0.01643	0.16985	0.47644	0.03472	0.04703	0.04407	0.00245	0.00364	0.01236	0.12350	0.00471
35	0.01307	0.01494	0.03268	0.02334	0.02894	0.01401	0.75070	0.01774	0.01307	0.01774	0.01120	0.01494	0.00840	0.00467	0.00654	0.00187	0.00934	0.00654	0.00280	0.00747
36	0.01046	0.00984	0.01661	0.79205	0.03814	0.01230	0.01538	0.01415	0.01107	0.01415	0.00984	0.01477	0.00738	0.00554	0.00554	0.00185	0.00738	0.00492	0.00246	0.00615
37	0.08871	0.00821	0.00954	0.00810	0.01122	0.00761	0.00646	0.01866	0.07665	0.34258	0.03377	0.04810	0.29837	0.00969	0.00579	0.00180	0.00390	0.00793	0.00577	0.00717
38	0.01356	0.01295	0.02179	0.06890	0.70500	0.01314	0.01658	0.01737	0.04337	0.01812	0.01089	0.01404	0.00904	0.00507	0.00549	0.00166	0.00653	0.00499	0.00285	0.00865
39	0.01955	0.01089	0.01297	0.01024	0.01394	0.01089	0.00834	0.29812	0.01952	0.32581	0.14992	0.02237	0.05624	0.00791	0.00577	0.00171	0.00478	0.00642	0.00614	0.00846
40	0.02053	0.02607	0.01562	0.01420	0.01706	0.76572	0.01066	0.02228	0.03256	0.01377	0.00888	0.01023	0.00736	0.00575	0.00501	0.00144	0.00986	0.00363	0.00292	0.00647
41	0.02104	0.02497	0.01546	0.01390	0.01687	0.71791	0.01049	0.02253	0.01571	0.07760	0.00968	0.01073	0.00769	0.00580	0.00504	0.00145	0.00954	0.00374	0.00319	0.00667
42	0.01212	0.01212	0.01696	0.01454	0.01454	0.01696	0.01212	0.01333	0.00848	0.01333	0.00727	0.01212	0.00727	0.00969	0.01818	0.00242	0.79523	0.00485	0.00242	0.00606
43	0.01354	0.01298	0.02217	0.07411	0.73204	0.01311	0.01691	0.01685	0.01253	0.01788	0.01039	0.01376	0.00870	0.00497	0.00549	0.00166	0.00662	0.00493	0.00273	0.00863
44	0.01239	0.29912	0.51743	0.01360	0.02059	0.01600	0.01665	0.01721	0.01154	0.01598	0.00916	0.01072	0.00705	0.00508	0.00467	0.00156	0.00740	0.00370	0.00235	0.00781
45	0.00986	0.00768	0.00938	0.00968	0.01146	0.00806	0.00794	0.01585	0.21823	0.01880	0.11418	0.08289	0.08304	0.01271	0.00686	0.00221	0.00436	0.36537	0.00537	0.00606
46	0.00691	0.00518	0.00642	0.00706	0.00795	0.00468	0.00493	0.00831	0.01209	0.01592	0.18169	0.47187	0.21608	0.01536	0.00684	0.00206	0.00300	0.01364	0.00533	0.00468
47	0.01884	0.01179	0.01558	0.01233	0.01628	0.04745	0.11413	0.06189	0.21790	0.34958	0.03992	0.01960	0.03447	0.00697	0.00575	0.00177	0.00550	0.00605	0.00563	0.00859
48	0.02011	0.02485	0.01528	0.01380	0.01660	0.70755	0.01034	0.05843	0.01586	0.01450	0.00922	0.01140	0.00786	0.04358	0.00612	0.00163	0.00957	0.00385	0.00301	0.00643
49	0.01049	0.00548	0.00551	0.00545	0.00683	0.00557	0.00410	0.01369	0.04705	0.02077	0.01828	0.02065	0.01432	0.00650	0.00395	0.00132	0.00267	0.00521	0.79682	0.00533
50	0.01265	0.01208	0.02058	0.27969	0.53334	0.01288	0.01647	0.01607	0.01211	0.01682	0.01023	0.01405	0.00832	0.00513	0.00550	0.00171	0.00684	0.00493	0.00265	0.00792
51	0.01089	0.01028	0.01738	0.69240	0.13446	0.01242	0.01559	0.01452	0.01128	0.01467	0.00992	0.01463	0.00757	0.00546	0.00553	0.00182	0.00728	0.00492	0.00250	0.00650
52	0.00865	0.00630	0.00775	0.00724	0.00886	0.00597	0.00547	0.01222	0.08006	0.04213	0.58458	0.04059	0.14657	0.01124	0.00643	0.00177	0.00285	0.00980	0.00595	0.00557
53	0.02466	0.00973	0.01304	0.01000	0.01429	0.00860	0.00826	0.06372	0.01637	0.73719	0.02142	0.01857	0.01349	0.00684	0.00557	0.00171	0.00478	0.00554	0.00679	0.00942
54	0.25505	0.01043	0.01087	0.00925	0.01247	0.01126	0.00741	0.12145	0.17534	0.14695	0.16325	0.02005	0.01915	0.00735	0.00515	0.00175	0.00430	0.00577	0.00527	0.00747
55	0.00797	0.00568	0.00776	0.00898	0.00981	0.00554	0.00711	0.00975	0.01166	0.01531	0.02936	0.37345	0.03342	0.04750	0.00822	0.00253	0.00431	0.40182	0.00505	0.00478
56	0.01032	0.00516	0.00516	0.00516	0.00645	0.00516	0.00387	0.01290	0.01161	0.02065	0.01807	0.02065	0.01420	0.00645	0.00387	0.00129	0.00258	0.00516	0.83611	0.00516
57	0.01589	0.00976	0.01434	0.01221	0.01540	0.00952	0.10645	0.12853	0.01569	0.23818	0.02237	0.03622	0.02016	0.01016	0.00658	0.00209	0.00570	0.31807	0.00537	0.00731
58	0.01282	0.01225	0.02087	0.24200	0.56978	0.01292	0.01655	0.01622	0.01219	0.01701	0.01026	0.01400	0.00839	0.00510	0.00550	0.00170	0.00680	0.00493	0.00266	0.00805
59	0.00890	0.00614	0.00790	0.00731	0.00885	0.00579	0.00553	0.01215	0.05341	0.05574	0.69696	0.03932	0.04875	0.01093	0.00644	0.00175	0.00280	0.00963	0.00611	0.00559
60	0.01398	0.00735	0.00955	0.00814	0.01049	0.00676	0.00633	0.05254	0.01586	0.26431	0.45237	0.03247	0.03610	0.04986	0.00727	0.00191	0.00360	0.00824	0.00617	0.00669
61	0.01046	0.00984	0.01661	0.79205	0.03814	0.01230	0.01538	0.01415	0.01107	0.01415	0.00984	0.01477	0.00738	0.00554	0.00554	0.00185	0.00738	0.00492	0.00246	0.00615
62	0.01307	0.01494	0.03268	0.02334	0.02894	0.01401	0.75070	0.01774	0.01307	0.01774	0.01120	0.01494	0.00840	0.00467	0.00654	0.00187	0.00934	0.00654	0.00280	0.00747
63	0.01219	0.01161	0.01974	0.38733	0.42931	0.01276	0.01624	0.01567	0.01189	0.01626	0.01015	0.01420	0.00812	0.00522	0.00551	0.00174	0.00695	0.00493	0.00261	0.00755
64	0.02485	0.00943	0.01285	0.00985	0.01414	0.00814	0.00814	0.02699	0.01585	0.77465	0.02185	0.01885	0.01371	0.00685	0.00557	0.00171	0.00471	0.00557	0.00685	0.00943
65	0.00831	0.00612	0.00807	0.00893	0.01021	0.00595	0.00739	0.01081	0.03039	0.01677	0.10922	0.15521	0.13567	0.01480	0.00726	0.00232	0.00426	0.44802	0.00523	0.00506
66	0.01474	0.01961	0.12100	0.01690	0.02129	0.28311	0.28861	0.01806	0.01371	0.01596	0.03104	0.01687	0.07970	0.00627	0.00614	0.00171	0.02971	0.00568	0.00304	0.00685
67	0.02105	0.01551	0.01662	0.01274	0.01717	0.01717	0.01053	0.75235	0.02604	0.03490	0.01330	0.01330	0.00942	0.00665	0.00554	0.00166	0.00609	0.00499	0.00554	0.00942
68	0.01307	0.01494	0.03268	0.02334	0.02894	0.01401	0.75070	0.01774	0.01307	0.01774	0.01120	0.01494	0.00840	0.00467	0.00654	0.00187	0.00934	0.00654	0.00280	0.00747
69	0.01257	0.01199	0.02042	0.30035	0.51338	0.01286	0.01643	0.01600	0.01207	0.01671	0.01022	0.01408	0.00828	0.00515	0.00550	0.00172	0.00686	0.00493	0.00264	0.00785
70	0.00840	0.00729	0.00844	0.11050	0.01260	0.04554	0.00665	0.01083	0.04420	0.01639	0.18414	0.23930	0.25996	0.01254	0.00643	0.00192	0.00391	0.01089	0.00489	0.00520
71	0.00947	0.00750	0.01205	0.01193	0.01377	0.00738	0.10644	0.01230	0.01279	0.01673	0.02694	0.05622	0.02879	0.01390	0.00750	0.00246	0.00566	0.63797	0.00480	0.00541
72	0.01371	0.01316	0.02248	0.03399	0.77081	0.01316	0.01700	0.01700	0.01261	0.01809	0.01042	0.01371	0.00877	0.00493	0.00548	0.00164	0.00658	0.00493	0.00274	0.00877
73	0.01231	0.28147	0.53434	0.01374	0.02081	0.01580	0.01690	0.01723	0.01155	0.01608	0.00921	0.01078	0.00705	0.00509	0.00471	0.00157	0.00745	0.00373	0.00235	0.00784
74	0.01378	0.01190	0.01252	0.01127	0.01440	0.01378	0.00877	0.02943	0.76081	0.02317	0.02254	0.02066	0.01691	0.00751	0.00564	0.00188	0.00438	0.00626	0.00564	0.00877
75	0.00751	0.00561	0.00697	0.00672	0.00809	0.00507	0.00501	0.00978	0.01478	0.02027	0.58018	0.08239	0.20280	0.01220	0.00656	0.00179	0.00268	0.01066	0.00585	0.00507
76	0.00962	0.00481	0.00722	0.00722	0.00722	0.00481	0.00481	0.00722	0.00722	0.00962	0.00962	0.01684	0.00962	0.01924	0.02165	0.83886	0.00481	0.00481	0.00241	0.00241
77	0.01055	0.00993	0.01677	0.77167	0.05784	0.01233	0.01542	0.01423	0.01112	0.01426	0.00986	0.01474	0.00742	0.00552	0.00554	0.00184	0.00736	0.00492	0.00247	0.00622
78	0.02485	0.00943	0.01285	0.00985	0.01414	0.00814	0.00814	0.02699	0.01585	0.77465	0.02185	0.01885	0.01371	0.00685	0.00557	0.00171	0.00471	0.00557	0.00685	0.00943
79	0.01371	0.01316	0.02248	0.03399	0.77081	0.01316	0.01700	0.01700	0.01261	0.01809	0.01042	0.01371	0.00877	0.00493	0.00548	0.00164	0.00658	0.00493	0.00274	0.00877
80	0.01046	0.00984	0.01661	0.79205	0.03814	0.01230	0.01538	0.01415	0.01107	0.01415	0.00984	0.01477	0.00738	0.00554	0.00554	0.00185	0.00738	0.00492	0.00246	0.00615
81	0.00675	0.00482	0.00643	0.00771	0.00803	0.00450	0.00514	0.00771	0.01060	0.01414	0.03053	0.80175	0.03663	0.01735	0.00707	0.00225	0.00321	0.01574	0.00514	0.00450
82	0.01370	0.01191	0.01272	0.01142	0.01441	0.01392	0.00892	0.02871	0.72734	0.02273	0.02186	0.02028	0.01648	0.00761	0.00619	0.00190	0.03957	0.00620	0.00549	0.00865
83	0.01046	0.00984	0.01661	0.79205	0.03814	0.01230	0.01538	0.01415	0.01107	0.01415	0.00984	0.01477	0.00738	0.00554	0.00554	0.00185	0.00738	0.00492	0.00246	0.00615
84	0.01111	0.02865	0.77667	0.01579	0.02397	0.01286	0.02046	0.01754	0.01169	0.01754	0.00994	0.01169	0.00702	0.00526	0.00526	0.00175	0.00818	0.00409	0.00234	0.00818
85	0.00892	0.00637	0.00892	0.01020	0.01147	0.00637	0.00892	0.01147	0.01275	0.01657	0.02932	0.06247	0.03187	0.01530	0.00765	0.00255	0.00510	0.73354	0.00510	0.00510
86	0.00931	0.00875	0.01648	0.01379	0.01617	0.00823	0.28487	0.01180	0.01172	0.01570	0.02318	0.44187	0.02563	0.01242	0.00692	0.00213	0.00567	0.07542	0.00426	0.00566
87	0.17210	0.01136	0.01130	0.00967	0.01270	0.07183	0.00765	0.15506	0.10565	0.13852	0.18231	0.06190	0.02107	0.00803	0.00542	0.00174	0.00472	0.00642	0.00524	0.00727
88	0.00791	0.00593	0.00890	0.00890	0.00989	0.00692	0.00692	0.00989	0.00890	0.01286	0.01483	0.02176	0.01385	0.04154	0.78341	0.00890	0.01483	0.00593	0.00297	0.00494
89	0.00962	0.00481	0.00722	0.00722	0.00722	0.00481	0.00481	0.00722	0.00722	0.00962	0.00962	0.01684	0.00962	0.01924	0.02165	0.83886	0.00481	0.00481	0.00241	0.00241
90	0.01371	0.01316	0.02248	0.03399	0.77081	0.01316	0.01700	0.01700	0.01261	0.01809	0.01042	0.01371	0.00877	0.00493	0.00548	0.00164	0.00658	0.00493	0.00274	0.00877
91	0.01089	0.01028	0.01738	0.69240	0.13446	0.01242	0.01559	0.01452	0.01128	0.01467	0.00992	0.01463	0.00757	0.00546	0.00553	0.00182	0.00728	0.00492	0.00250	0.00650
92	0.00792	0.00591	0.00877	0.00877	0.00972	0.00685	0.00676	0.00981	0.00886	0.01276	0.01495	0.02240	0.01413	0.07552	0.74981	0.00874	0.01441	0.00603	0.00298	0.00487
93	0.01298	0.42351	0.39820	0.01259	0.01903	0.01744	0.01490	0.01706	0.01147	0.01526	0.00881	0.01027	0.00706	0.00500	0.00440	0.00147	0.00704	0.00352	0.00235	0.00764
94	0.01135	0.01075	0.01822	0.58405	0.23918	0.01254	0.01582	0.01493	0.01150	0.01523	0.01000	0.01448	0.00776	0.00537	0.00552	0.00179	0.00716	0.00493	0.00254	0.00687
95	0.00772	0.00566	0.00724	0.00684	0.00820	0.00518	0.00513	0.01022	0.01540	0.02155	0.70341	0.04245	0.11715	0.01157	0.00653	0.00175	0.00263	0.01017	0.00601	0.00518
96	0.01111	0.02865	0.77667	0.01579	0.02397	0.01286	0.02046	0.01754	0.01169	0.01754	0.00994	0.01169	0.00702	0.00526	0.00526	0.00175	0.00818	0.00409	0.00234	0.00818
97	0.01046	0.00984	0.01661	0.79205	0.03814	0.01230	0.01538	0.01415	0.01107	0.01415	0.00984	0.01477	0.00738	0.00554	0.00554	0.00185	0.00738	0.00492	0.00246	0.00615
98	0.01285	0.39544	0.42511	0.01282	0.01938	0.01712	0.01530	0.01709	0.01149	0.01542	0.00889	0.01037	0.00706	0.00502	0.00446	0.00149	0.00712	0.00356	0.00235	0.00768
99	0.01444	0.01487	0.02002	0.01591	0.01987	0.11499	0.26971	0.02436	0.40013	0.02000	0.01672	0.01725	0.01263	0.00628	0.00587	0.00182	0.00686	0.00600	0.00427	0.00800
100	0.01165	0.01106	0.01876	0.51442	0.30648	0.01262	0.01597	0.01519	0.01164	0.01559	0.01005	0.01438	0.00789	0.00532	0.00552	0.00177	0.00709	0.00493	0.00256	0.00711
101	0.01046	0.00984	0.01661	0.79205	0.03814	0.01230	0.01538	0.01415	0.01107	0.01415	0.00984	0.01477	0.00738	0.00554	0.00554	0.00185	0.00738	0.00492	0.00246	0.00615
