[name]
unknown

[dist]
# distance from previous block
# <min> <max>
1	163

[block]
# block no. 0 follows, 52 sequences, length 9
# corresponding to MSA columns:
# 370-378
name=unknown_A
#
# <colnr> <probs for GDERKNQSTAVLIFYWHMCP>
#	G	D	E	R	K	N	Q	S	T	A	V	L	I	F	Y	W	H	M	C	P
0	0.01245	0.04368	0.19866	0.01248	0.04662	0.01201	0.05926	0.12748	0.08156	0.08656	0.01272	0.03086	0.04038	0.03041	0.00780	0.00174	0.18050	0.00482	0.00329	0.00670
1	0.04369	0.03131	0.15690	0.03083	0.01459	0.00849	0.15912	0.04264	0.01212	0.04851	0.27398	0.08528	0.05694	0.00753	0.00529	0.00157	0.00479	0.00685	0.00383	0.00573
2	0.02992	0.08824	0.14591	0.00894	0.01208	0.00843	0.04238	0.01286	0.08032	0.04611	0.09224	0.18749	0.08767	0.00828	0.00499	0.00152	0.00424	0.02913	0.00371	0.10554
3	0.03382	0.09356	0.27527	0.01218	0.05444	0.05909	0.06106	0.10577	0.01287	0.09778	0.13351	0.01500	0.01334	0.00565	0.00472	0.00146	0.00569	0.00465	0.00339	0.00675
4	0.00845	0.00708	0.00923	0.00821	0.01028	0.02851	0.04429	0.01049	0.02740	0.01348	0.01531	0.15583	0.01565	0.06458	0.21775	0.00327	0.00646	0.08779	0.00326	0.26266
5	0.01499	0.01073	0.05168	0.01102	0.07026	0.01025	0.00863	0.21128	0.05489	0.21207	0.07293	0.01534	0.02732	0.00609	0.00573	0.00144	0.07744	0.00473	0.00432	0.12886
6	0.00903	0.00452	0.00452	0.00452	0.00565	0.00452	0.00339	0.01129	0.01016	0.01807	0.01581	0.01807	0.01242	0.00565	0.00339	0.00113	0.00226	0.00452	0.85659	0.00452
7	0.00976	0.00852	0.01070	0.08100	0.06620	0.00700	0.00689	0.01199	0.01016	0.01528	0.01182	0.01331	0.06916	0.00443	0.00395	0.00092	0.00390	0.00367	0.00290	0.65844
8	0.10014	0.03404	0.01440	0.17001	0.15885	0.03609	0.07870	0.13346	0.01199	0.01695	0.01236	0.07082	0.02563	0.07076	0.00641	0.00182	0.00550	0.04295	0.00312	0.00601

[dist]
# distance from previous block
# <min> <max>
3	8

[block]
# block no. 1 follows, 52 sequences, length 32
# corresponding to MSA columns:
# 387-418
name=unknown_B
#
# <colnr> <probs for GDERKNQSTAVLIFYWHMCP>
#	G	D	E	R	K	N	Q	S	T	A	V	L	I	F	Y	W	H	M	C	P
0	0.01237	0.01150	0.01836	0.05023	0.58038	0.01186	0.04620	0.07367	0.11418	0.01739	0.01071	0.01284	0.00860	0.00473	0.00486	0.00148	0.00560	0.00453	0.00291	0.00760
1	0.00799	0.00653	0.00886	0.09456	0.01135	0.00765	0.00672	0.01073	0.09264	0.01224	0.01598	0.05675	0.06567	0.16148	0.33080	0.00468	0.09165	0.00606	0.00302	0.00463
2	0.00617	0.00476	0.00556	0.00570	0.00681	0.00423	0.00410	0.00757	0.01128	0.01468	0.26796	0.21825	0.36460	0.04801	0.00666	0.00181	0.00258	0.01045	0.00468	0.00415
3	0.01391	0.22307	0.01907	0.01289	0.03460	0.33454	0.17158	0.01583	0.01171	0.01267	0.00993	0.09912	0.00933	0.00569	0.00455	0.00136	0.00700	0.00473	0.00260	0.00583
4	0.00903	0.00452	0.00452	0.00452	0.00565	0.00452	0.00339	0.01129	0.01016	0.01807	0.01581	0.01807	0.01242	0.00565	0.00339	0.00113	0.00226	0.00452	0.85659	0.00452
5	0.01788	0.01298	0.01331	0.01054	0.01407	0.08135	0.00855	0.50868	0.08683	0.14287	0.01388	0.01372	0.02421	0.02197	0.00522	0.00153	0.00525	0.00459	0.00478	0.00779
6	0.12338	0.01468	0.01427	0.01300	0.06418	0.27236	0.05967	0.06647	0.01109	0.01471	0.00791	0.01087	0.00693	0.04115	0.00875	0.00175	0.25660	0.00390	0.00261	0.00573
7	0.05307	0.00825	0.01301	0.27117	0.01948	0.00848	0.09142	0.01578	0.01130	0.28841	0.03387	0.13757	0.01323	0.00683	0.00509	0.00162	0.00505	0.00612	0.00399	0.00626
8	0.23778	0.01087	0.01321	0.04938	0.06433	0.03690	0.05613	0.15381	0.01169	0.05601	0.00954	0.01272	0.00788	0.00689	0.02645	0.00182	0.19875	0.03650	0.00320	0.00614
9	0.00598	0.00425	0.00560	0.00665	0.00691	0.00399	0.00439	0.00677	0.00913	0.01217	0.02594	0.77326	0.03108	0.06977	0.00742	0.00215	0.00294	0.01333	0.00439	0.00387
10	0.01242	0.01083	0.01176	0.01158	0.08473	0.04563	0.00825	0.10450	0.52733	0.02006	0.03984	0.05808	0.02968	0.00685	0.00499	0.00160	0.00426	0.00575	0.00457	0.00730
11	0.03292	0.13499	0.20165	0.01212	0.01581	0.01338	0.08420	0.12990	0.01183	0.06704	0.04353	0.01192	0.00872	0.00593	0.00729	0.00160	0.20342	0.00420	0.00295	0.00659
12	0.00625	0.00488	0.00567	0.00558	0.00690	0.00430	0.00415	0.00794	0.01213	0.01592	0.38734	0.09841	0.40035	0.01141	0.00576	0.00161	0.00240	0.00982	0.00488	0.00430
13	0.01005	0.00861	0.01005	0.00718	0.01148	0.00646	0.00574	0.01220	0.01005	0.01579	0.00861	0.01005	0.00718	0.00359	0.00359	0.00072	0.00359	0.00287	0.00287	0.85932
14	0.02721	0.04627	0.03699	0.03198	0.13515	0.11994	0.00874	0.07811	0.05814	0.06347	0.02935	0.19905	0.01426	0.00752	0.00539	0.00151	0.04297	0.00625	0.00353	0.08419
15	0.03783	0.46317	0.05115	0.00943	0.01293	0.20883	0.02337	0.01512	0.02370	0.01229	0.01057	0.03072	0.05689	0.02060	0.00419	0.00127	0.00588	0.00370	0.00248	0.00586
16	0.00616	0.00454	0.00582	0.00666	0.00732	0.00420	0.00476	0.00732	0.01007	0.01319	0.07841	0.55531	0.15970	0.01415	0.00614	0.00192	0.00292	0.10278	0.00455	0.00406
17	0.01005	0.00861	0.01005	0.00718	0.01148	0.00646	0.00574	0.01220	0.01005	0.01579	0.00861	0.01005	0.00718	0.00359	0.00359	0.00072	0.00359	0.00287	0.00287	0.85932
18	0.04179	0.01129	0.01373	0.09982	0.19669	0.09428	0.03352	0.13828	0.08192	0.05265	0.03557	0.03555	0.06095	0.04108	0.00566	0.00161	0.00533	0.00510	0.00349	0.04169
19	0.01301	0.02885	0.01134	0.02522	0.01275	0.24883	0.00779	0.02026	0.39350	0.01634	0.06865	0.03587	0.01428	0.00724	0.00574	0.05655	0.00528	0.01831	0.00393	0.00627
20	0.01297	0.00688	0.00867	0.00742	0.00976	0.00643	0.00583	0.03704	0.08757	0.30639	0.30210	0.06142	0.10995	0.00852	0.00533	0.00156	0.00323	0.00727	0.00540	0.00624
21	0.01072	0.00728	0.05894	0.00764	0.00975	0.00604	0.00632	0.03651	0.03051	0.20069	0.19284	0.20666	0.10841	0.01177	0.06005	0.00208	0.00408	0.02939	0.00477	0.00557
22	0.00969	0.00815	0.01278	0.11455	0.03393	0.00818	0.15979	0.06075	0.01142	0.06740	0.04561	0.06761	0.26599	0.06694	0.00731	0.00186	0.04167	0.00734	0.00367	0.00535
23	0.00588	0.00449	0.00541	0.00608	0.00687	0.00402	0.00422	0.00692	0.01009	0.01293	0.06817	0.52059	0.29901	0.01394	0.00601	0.00183	0.00266	0.01232	0.00454	0.00402
24	0.01413	0.64799	0.02273	0.00925	0.01302	0.19958	0.00854	0.01561	0.01073	0.01151	0.00691	0.00799	0.00622	0.00434	0.00340	0.00108	0.00599	0.00271	0.00217	0.00608
25	0.00603	0.00431	0.00577	0.00689	0.00723	0.00405	0.00472	0.00697	0.00940	0.01251	0.02664	0.77480	0.03177	0.01506	0.00622	0.00199	0.00292	0.06425	0.00450	0.00397
26	0.01840	0.01408	0.01450	0.01122	0.01503	0.05723	0.00922	0.74276	0.02230	0.02955	0.01141	0.01148	0.00814	0.00577	0.00482	0.00144	0.00551	0.00430	0.00472	0.00810
27	0.01046	0.04611	0.03624	0.01178	0.01257	0.04781	0.05426	0.01167	0.00805	0.01162	0.00806	0.01358	0.00805	0.11634	0.03370	0.01932	0.53846	0.00458	0.00227	0.00508
28	0.01810	0.02310	0.01373	0.01248	0.01498	0.81024	0.00936	0.01935	0.01373	0.01186	0.00749	0.00874	0.00624	0.00499	0.00437	0.00125	0.00874	0.00312	0.00250	0.00562
29	0.01322	0.01683	0.11660	0.02749	0.01576	0.34161	0.11367	0.05259	0.01285	0.01500	0.14630	0.01511	0.01368	0.00743	0.04664	0.00176	0.02989	0.00474	0.00303	0.00581
30	0.00588	0.00461	0.00522	0.00568	0.00666	0.00407	0.00397	0.00688	0.01007	0.01256	0.03781	0.36321	0.43580	0.06592	0.00713	0.00197	0.00274	0.01147	0.00440	0.00395
31	0.04853	0.06557	0.13776	0.01704	0.28092	0.01131	0.03031	0.06127	0.10215	0.17913	0.01225	0.01292	0.00898	0.00504	0.00464	0.00147	0.00533	0.00431	0.00352	0.00753

[dist]
# distance from previous block
# <min> <max>
0	1

[block]
# block no. 2 follows, 52 sequences, length 9
# corresponding to MSA columns:
# 420-428
name=unknown_C
#
# <colnr> <probs for GDERKNQSTAVLIFYWHMCP>
#	G	D	E	R	K	N	Q	S	T	A	V	L	I	F	Y	W	H	M	C	P
0	0.00591	0.00443	0.00548	0.00624	0.00691	0.00401	0.00429	0.00692	0.00996	0.01291	0.07107	0.58388	0.23207	0.01416	0.00604	0.00186	0.00269	0.01260	0.00454	0.00401
1	0.01351	0.01294	0.01448	0.22694	0.15066	0.19934	0.01094	0.07789	0.01202	0.07132	0.00939	0.01174	0.00737	0.00614	0.03071	0.00165	0.07164	0.00400	0.00283	0.06447
2	0.01079	0.18770	0.01300	0.00949	0.09177	0.00926	0.00692	0.01329	0.04314	0.09627	0.26561	0.02206	0.08387	0.00688	0.00465	0.00131	0.00372	0.00575	0.00397	0.12056
3	0.04604	0.15393	0.40759	0.01142	0.01670	0.01268	0.01280	0.05082	0.17168	0.05450	0.01119	0.01171	0.00827	0.00505	0.00438	0.00147	0.00579	0.00387	0.00299	0.00713
4	0.01494	0.40243	0.01912	0.00954	0.01331	0.01408	0.05846	0.07268	0.07557	0.20291	0.01254	0.01438	0.00993	0.00551	0.00421	0.00134	0.00498	0.05360	0.00362	0.00687
5	0.00686	0.00462	0.00534	0.00552	0.00557	0.00457	0.00319	0.00700	0.00741	0.00988	0.01714	0.16170	0.01998	0.69649	0.02164	0.00425	0.00439	0.00815	0.00319	0.00310
6	0.01422	0.07004	0.08043	0.01162	0.01548	0.01001	0.19278	0.10523	0.01306	0.24721	0.04577	0.01779	0.08662	0.00801	0.05763	0.00192	0.00590	0.00543	0.00402	0.00681
7	0.01524	0.02051	0.12396	0.01446	0.06759	0.50193	0.07398	0.01741	0.01224	0.01288	0.00783	0.00970	0.00642	0.00518	0.00572	0.00142	0.09153	0.00359	0.00239	0.00601
8	0.00884	0.00570	0.00710	0.12806	0.01097	0.00595	0.00569	0.01117	0.03273	0.05498	0.02189	0.12636	0.14470	0.00813	0.00487	0.00148	0.02475	0.02237	0.36946	0.00480

[dist]
# distance from previous block
# <min> <max>
0	1

[block]
# block no. 3 follows, 52 sequences, length 14
# corresponding to MSA columns:
# 430,456-468
name=unknown_D
#
# <colnr> <probs for GDERKNQSTAVLIFYWHMCP>
#	G	D	E	R	K	N	Q	S	T	A	V	L	I	F	Y	W	H	M	C	P
0	0.05048	0.01120	0.01221	0.04867	0.01412	0.01282	0.00840	0.29714	0.38155	0.02303	0.01544	0.04527	0.01193	0.00653	0.00530	0.00160	0.03715	0.00516	0.00456	0.00743
1	0.13931	0.04904	0.15939	0.14832	0.24339	0.04995	0.04347	0.04027	0.01054	0.01594	0.00839	0.01083	0.00664	0.00478	0.00505	0.00151	0.05034	0.00385	0.00244	0.00653
2	0.00777	0.00491	0.00632	0.00654	0.00757	0.00444	0.00468	0.00912	0.01107	0.09711	0.21455	0.44487	0.13749	0.01255	0.00587	0.00177	0.00277	0.01115	0.00486	0.00456
3	0.00966	0.01009	0.05082	0.24072	0.09277	0.00982	0.25109	0.01319	0.02831	0.01538	0.15567	0.03401	0.01581	0.00614	0.00538	0.00162	0.00596	0.04461	0.00307	0.00585
4	0.01080	0.13091	0.50781	0.01209	0.01775	0.01127	0.04643	0.01511	0.01085	0.07362	0.08118	0.01432	0.01095	0.00540	0.00464	0.00149	0.00618	0.02969	0.00274	0.00676
5	0.00582	0.00455	0.00528	0.00585	0.00679	0.00401	0.00410	0.00685	0.01014	0.01272	0.03759	0.44741	0.40415	0.01377	0.00596	0.00181	0.00264	0.01205	0.00450	0.00401
6	0.01245	0.12084	0.01268	0.05367	0.01284	0.32994	0.00785	0.01407	0.03514	0.01236	0.03431	0.16941	0.07243	0.00810	0.00588	0.02545	0.05835	0.00601	0.00307	0.00516
7	0.00589	0.00427	0.00557	0.00661	0.00699	0.00395	0.00444	0.00676	0.00941	0.01243	0.02840	0.76747	0.09002	0.01496	0.00615	0.00194	0.00278	0.01351	0.00450	0.00395
8	0.01657	0.07645	0.01442	0.07201	0.01552	0.23342	0.00915	0.25558	0.06527	0.11244	0.01094	0.01154	0.00814	0.00555	0.00516	0.00141	0.05040	0.00397	0.00373	0.02832
9	0.25281	0.05729	0.01235	0.04753	0.01286	0.19553	0.00840	0.01417	0.00942	0.01469	0.00743	0.00999	0.00647	0.00761	0.05135	0.00195	0.25948	0.00350	0.02183	0.00534
10	0.01810	0.02310	0.01373	0.01248	0.01498	0.81024	0.00936	0.01935	0.01373	0.01186	0.00749	0.00874	0.00624	0.00499	0.00437	0.00125	0.00874	0.00312	0.00250	0.00562
11	0.01055	0.04717	0.01276	0.02784	0.05976	0.00859	0.10441	0.07034	0.01199	0.09519	0.19200	0.21032	0.02234	0.00945	0.02379	0.00180	0.07426	0.00772	0.00407	0.00566
12	0.00584	0.00475	0.00517	0.00542	0.00670	0.00408	0.00393	0.00704	0.01078	0.01330	0.08825	0.23252	0.56971	0.01283	0.00584	0.00171	0.00253	0.01099	0.00455	0.00408
13	0.05884	0.01666	0.31219	0.13781	0.08787	0.01230	0.03216	0.23396	0.02894	0.01971	0.00969	0.01129	0.00707	0.00498	0.00467	0.00152	0.00618	0.00402	0.00301	0.00713

[dist]
# distance from previous block
# <min> <max>
0	1

[block]
# block no. 4 follows, 52 sequences, length 34
# corresponding to MSA columns:
# 470-503
name=unknown_E
#
# <colnr> <probs for GDERKNQSTAVLIFYWHMCP>
#	G	D	E	R	K	N	Q	S	T	A	V	L	I	F	Y	W	H	M	C	P
0	0.01176	0.01291	0.11222	0.09807	0.04246	0.03947	0.18840	0.14887	0.06892	0.01706	0.01289	0.01577	0.05550	0.06643	0.00759	0.00184	0.08525	0.00515	0.00310	0.00634
1	0.00620	0.00466	0.00539	0.00568	0.00650	0.00423	0.00387	0.00717	0.00998	0.01283	0.12322	0.27513	0.31314	0.18813	0.00992	0.00238	0.00302	0.01043	0.00426	0.00385
2	0.01405	0.48101	0.04502	0.01020	0.01396	0.19311	0.04362	0.04544	0.08722	0.01339	0.00855	0.00945	0.00718	0.00464	0.00379	0.00120	0.00604	0.00323	0.00256	0.00635
3	0.01232	0.01209	0.03939	0.08052	0.58160	0.02280	0.07223	0.07905	0.02269	0.01679	0.00946	0.01210	0.00765	0.00451	0.00487	0.00147	0.00600	0.00441	0.00262	0.00744
4	0.01085	0.04813	0.53736	0.08886	0.07391	0.01124	0.01555	0.05441	0.01107	0.05217	0.01005	0.01290	0.00764	0.00512	0.00471	0.00154	0.00658	0.03841	0.00252	0.00698
5	0.00975	0.06283	0.00944	0.00772	0.00919	0.00738	0.00614	0.01132	0.01120	0.13046	0.22353	0.17613	0.13293	0.01020	0.00710	0.00171	0.12781	0.04561	0.00441	0.00515
6	0.00677	0.00462	0.00533	0.00554	0.00567	0.00453	0.00326	0.00699	0.00765	0.01012	0.01901	0.17958	0.05767	0.63972	0.02034	0.00405	0.00424	0.00845	0.00330	0.00318
7	0.01065	0.07216	0.14460	0.01140	0.04913	0.05364	0.11190	0.03456	0.02220	0.07992	0.07640	0.16162	0.10869	0.00830	0.01457	0.00166	0.02220	0.00696	0.00357	0.00587
8	0.32716	0.07757	0.01449	0.01506	0.24258	0.08693	0.04431	0.05508	0.06414	0.01833	0.00879	0.01028	0.00703	0.00465	0.00401	0.00143	0.00521	0.00359	0.00290	0.00645
9	0.00730	0.00514	0.00659	0.00729	0.00798	0.00501	0.00516	0.07053	0.01058	0.02590	0.02529	0.69267	0.02951	0.01415	0.00609	0.00194	0.00315	0.06679	0.00455	0.00439
10	0.01161	0.16371	0.21328	0.01171	0.07144	0.09563	0.02132	0.04450	0.12056	0.01549	0.03427	0.01500	0.08234	0.00563	0.00445	0.00137	0.00550	0.00443	0.00302	0.07476
11	0.01227	0.01218	0.01460	0.40920	0.12178	0.17863	0.01187	0.05126	0.01126	0.04050	0.00894	0.01205	0.00701	0.00607	0.02533	0.01696	0.04761	0.00410	0.00253	0.00587
12	0.00590	0.00422	0.00562	0.00675	0.00703	0.00394	0.00450	0.00675	0.00928	0.01237	0.02671	0.82653	0.03205	0.01518	0.00619	0.00197	0.00281	0.01378	0.00450	0.00394
13	0.01147	0.13985	0.12166	0.09607	0.07600	0.02539	0.32035	0.03893	0.06463	0.01544	0.03684	0.01283	0.00880	0.00469	0.00492	0.00150	0.00667	0.00473	0.00265	0.00658
14	0.00946	0.00813	0.01160	0.38465	0.03616	0.00941	0.00971	0.05924	0.14829	0.01571	0.10332	0.15251	0.01680	0.00750	0.00518	0.00166	0.00483	0.00661	0.00356	0.00567
15	0.00594	0.00429	0.00562	0.00661	0.00701	0.00397	0.00445	0.00687	0.00958	0.01273	0.06300	0.74420	0.07826	0.01477	0.00614	0.00193	0.00277	0.01334	0.00454	0.00397
16	0.05335	0.24720	0.01608	0.29497	0.04297	0.01217	0.03203	0.01212	0.00947	0.01249	0.01181	0.05093	0.06228	0.04572	0.00639	0.03362	0.04386	0.00472	0.00249	0.00533
17	0.00590	0.00422	0.00562	0.00675	0.00703	0.00394	0.00450	0.00675	0.00928	0.01237	0.02671	0.82653	0.03205	0.01518	0.00619	0.00197	0.00281	0.01378	0.00450	0.00394
18	0.09642	0.01094	0.01216	0.06494	0.01449	0.04095	0.00820	0.25865	0.14125	0.27987	0.01458	0.01390	0.01006	0.00578	0.00468	0.00151	0.00475	0.00450	0.00480	0.00758
19	0.05986	0.16324	0.01502	0.01030	0.01350	0.27983	0.00841	0.21875	0.01475	0.10214	0.01005	0.01102	0.00781	0.02214	0.04123	0.00167	0.00657	0.00368	0.00345	0.00657
20	0.01810	0.02310	0.01373	0.01248	0.01498	0.81024	0.00936	0.01935	0.01373	0.01186	0.00749	0.00874	0.00624	0.00499	0.00437	0.00125	0.00874	0.00312	0.00250	0.00562
21	0.01088	0.01059	0.01916	0.17131	0.22723	0.01089	0.25862	0.06602	0.01133	0.01543	0.01145	0.10109	0.01029	0.03099	0.00608	0.00171	0.02196	0.00587	0.00277	0.00632
22	0.00588	0.00432	0.00552	0.00647	0.00696	0.00396	0.00438	0.00678	0.00954	0.01248	0.03008	0.70895	0.14745	0.01474	0.00612	0.00192	0.00276	0.01324	0.00450	0.00396
23	0.01394	0.01285	0.08002	0.05402	0.09793	0.02805	0.01008	0.25629	0.33862	0.03500	0.01437	0.01432	0.01066	0.00581	0.00485	0.00154	0.00501	0.00474	0.00423	0.00766
24	0.01157	0.03025	0.01522	0.01564	0.19937	0.03112	0.03293	0.03789	0.08794	0.03451	0.00969	0.01299	0.00846	0.04654	0.02822	0.00198	0.33138	0.00446	0.00276	0.05706
25	0.00588	0.00466	0.00518	0.00556	0.00662	0.00408	0.00391	0.00689	0.01017	0.01259	0.03916	0.31114	0.48352	0.06920	0.00718	0.00196	0.00273	0.01122	0.00439	0.00396
26	0.01227	0.34323	0.30492	0.01037	0.01520	0.06102	0.01140	0.01538	0.01092	0.08122	0.08230	0.01212	0.01037	0.00506	0.00412	0.00132	0.00575	0.00375	0.00273	0.00655
27	0.06243	0.00953	0.01064	0.00791	0.01194	0.00841	0.00638	0.15536	0.03280	0.01908	0.02875	0.01107	0.00841	0.00429	0.00387	0.00094	0.00390	0.00335	0.00336	0.60758
28	0.01251	0.59537	0.12648	0.00908	0.01333	0.03617	0.00931	0.01519	0.04495	0.03598	0.05502	0.01053	0.00911	0.00473	0.00363	0.00118	0.00527	0.00330	0.00252	0.00635
29	0.01255	0.01104	0.05811	0.00975	0.01275	0.01148	0.00807	0.11980	0.54639	0.04034	0.05277	0.01757	0.01463	0.00644	0.00484	0.00157	0.00407	0.00530	0.05514	0.00740
30	0.00705	0.00470	0.00529	0.00529	0.00529	0.00470	0.00294	0.00705	0.00705	0.00940	0.01527	0.03171	0.01762	0.82969	0.02467	0.00470	0.00470	0.00705	0.00294	0.00294
31	0.06334	0.01149	0.05174	0.05180	0.06892	0.01149	0.05900	0.27795	0.08562	0.16735	0.04885	0.03412	0.01131	0.00601	0.00518	0.00154	0.02771	0.00493	0.00431	0.00733
32	0.32481	0.05060	0.18962	0.01056	0.06030	0.01121	0.00967	0.07909	0.01098	0.13635	0.00961	0.01043	0.00700	0.00498	0.00451	0.00149	0.04197	0.00350	0.00326	0.03005
33	0.01719	0.00897	0.01042	0.00862	0.01159	0.06232	0.00686	0.05473	0.08997	0.47437	0.07896	0.09381	0.04544	0.00736	0.00506	0.00154	0.00414	0.00611	0.00536	0.00718

[dist]
# distance from previous block
# <min> <max>
0	2

[block]
# block no. 5 follows, 52 sequences, length 16
# corresponding to MSA columns:
# 506-519,540,541
name=unknown_F
#
# <colnr> <probs for GDERKNQSTAVLIFYWHMCP>
#	G	D	E	R	K	N	Q	S	T	A	V	L	I	F	Y	W	H	M	C	P
0	0.01470	0.21799	0.11966	0.01311	0.10156	0.16130	0.01078	0.17369	0.01338	0.05125	0.00891	0.01014	0.00705	0.00515	0.00518	0.00138	0.07140	0.00360	0.00293	0.00682
1	0.00612	0.00437	0.00585	0.00685	0.00726	0.00410	0.00474	0.00717	0.00977	0.01309	0.08826	0.70830	0.03285	0.01463	0.00618	0.00195	0.00289	0.06703	0.00456	0.00402
2	0.01261	0.01100	0.06396	0.22016	0.07484	0.02888	0.04571	0.14252	0.12966	0.09798	0.01487	0.01650	0.06025	0.03597	0.02242	0.00180	0.00558	0.00504	0.00363	0.00663
3	0.00931	0.06787	0.05139	0.29877	0.08245	0.00994	0.04943	0.03917	0.02180	0.01362	0.01431	0.23627	0.02556	0.00791	0.00573	0.00168	0.04937	0.00693	0.00299	0.00548
4	0.00602	0.00431	0.00573	0.00667	0.00705	0.00401	0.00451	0.00704	0.00981	0.01322	0.11950	0.73131	0.03370	0.01455	0.00613	0.00191	0.00275	0.01317	0.00460	0.00401
5	0.01273	0.47030	0.01977	0.02709	0.01302	0.07960	0.01947	0.06938	0.05323	0.01379	0.04845	0.01123	0.00922	0.00705	0.05215	0.00166	0.07951	0.00361	0.00267	0.00610
6	0.00589	0.00426	0.00558	0.00663	0.00700	0.00395	0.00445	0.00676	0.00939	0.01242	0.02813	0.77702	0.08065	0.01500	0.00616	0.00195	0.00279	0.01355	0.00450	0.00395
7	0.01793	0.01428	0.01484	0.01259	0.07091	0.08614	0.00963	0.66000	0.02114	0.02782	0.01108	0.01140	0.00802	0.00564	0.00480	0.00143	0.00567	0.00425	0.00446	0.00797
8	0.08392	0.07620	0.05464	0.04893	0.01568	0.53563	0.03981	0.03428	0.01255	0.01335	0.00788	0.00949	0.00647	0.00601	0.03406	0.00155	0.00797	0.00333	0.00252	0.00574
9	0.01810	0.02310	0.01373	0.01248	0.01498	0.81024	0.00936	0.01935	0.01373	0.01186	0.00749	0.00874	0.00624	0.00499	0.00437	0.00125	0.00874	0.00312	0.00250	0.00562
10	0.01406	0.01078	0.01200	0.00909	0.01306	0.01048	0.00738	0.32550	0.09000	0.05161	0.01129	0.01170	0.00852	0.00486	0.00427	0.00113	0.00434	0.00380	0.00398	0.40216
11	0.05228	0.00494	0.00531	0.00560	0.00687	0.00443	0.00405	0.00736	0.01044	0.01356	0.06660	0.28748	0.48888	0.01267	0.00572	0.00173	0.00263	0.01087	0.00445	0.00412
12	0.00900	0.00941	0.12950	0.04655	0.04159	0.00725	0.03833	0.02343	0.05657	0.06472	0.30878	0.09803	0.11407	0.00866	0.00560	0.00160	0.01958	0.00753	0.00425	0.00555
13	0.00844	0.00686	0.01154	0.00994	0.01173	0.00641	0.18904	0.02692	0.01060	0.05659	0.06239	0.43267	0.08586	0.04881	0.00676	0.00193	0.00424	0.01033	0.00407	0.00488
14	0.01044	0.09194	0.01480	0.31427	0.07684	0.03419	0.04015	0.01304	0.01013	0.01394	0.00847	0.01112	0.00683	0.00423	0.00421	0.00119	0.00532	0.00361	0.00246	0.33283
15	0.05142	0.21513	0.01583	0.09808	0.03231	0.08379	0.05876	0.08017	0.13895	0.03077	0.01310	0.13696	0.01196	0.00658	0.00456	0.00147	0.00519	0.00545	0.00334	0.00618

[dist]
# distance from previous block
# <min> <max>
2	4

[block]
# block no. 6 follows, 52 sequences, length 108
# corresponding to MSA columns:
# 546-588,592-599,604-620,622-638,642-653,655-665
name=unknown_G
#
# <colnr> <probs for GDERKNQSTAVLIFYWHMCP>
#	G	D	E	R	K	N	Q	S	T	A	V	L	I	F	Y	W	H	M	C	P
0	0.13610	0.01018	0.01090	0.00835	0.01202	0.00998	0.00672	0.28141	0.01411	0.03744	0.01006	0.01188	0.00807	0.06033	0.00539	0.00137	0.00431	0.00368	0.00365	0.36405
1	0.00790	0.00489	0.00572	0.00566	0.00596	0.00477	0.00339	0.00813	0.00780	0.06333	0.01720	0.11351	0.02991	0.67770	0.02114	0.00415	0.00443	0.00765	0.00333	0.00342
2	0.00616	0.00563	0.05957	0.00722	0.00797	0.00443	0.00540	0.00733	0.00934	0.01257	0.02549	0.77141	0.03030	0.01447	0.00608	0.00194	0.00311	0.01309	0.00433	0.00415
3	0.01264	0.01749	0.18575	0.01110	0.01446	0.33076	0.02964	0.03444	0.06527	0.01436	0.04112	0.01998	0.13785	0.00691	0.00492	0.00149	0.00645	0.05638	0.00316	0.00583
4	0.01160	0.01131	0.02049	0.04806	0.01984	0.05619	0.45306	0.05174	0.01176	0.06842	0.01389	0.18387	0.01280	0.00671	0.00560	0.00166	0.00660	0.00708	0.00323	0.00609
5	0.01199	0.01029	0.03382	0.06314	0.01409	0.00908	0.00748	0.19039	0.04394	0.01912	0.00975	0.01093	0.00765	0.00433	0.00405	0.00101	0.00429	0.00344	0.00334	0.54788
6	0.09493	0.12241	0.22016	0.05793	0.03048	0.09923	0.01130	0.25536	0.03131	0.01976	0.00929	0.01033	0.00697	0.00501	0.00433	0.00142	0.00604	0.00365	0.00314	0.00695
7	0.00590	0.00422	0.00562	0.00675	0.00703	0.00394	0.00450	0.00675	0.00928	0.01237	0.02671	0.82653	0.03205	0.01518	0.00619	0.00197	0.00281	0.01378	0.00450	0.00394
8	0.00838	0.01428	0.34428	0.02727	0.01391	0.03533	0.01048	0.02518	0.02219	0.01501	0.10930	0.13888	0.19897	0.00857	0.00522	0.00161	0.00485	0.00722	0.00345	0.00563
9	0.01079	0.04310	0.54516	0.01542	0.10583	0.01154	0.07123	0.01622	0.06318	0.04401	0.00985	0.01133	0.00720	0.00477	0.00489	0.00153	0.02033	0.00398	0.00245	0.00719
10	0.00635	0.00441	0.00549	0.00618	0.00635	0.00423	0.00389	0.00686	0.00841	0.01121	0.02224	0.51604	0.02641	0.33336	0.01340	0.00303	0.00355	0.01115	0.00389	0.00355
11	0.01490	0.05470	0.05538	0.01062	0.01345	0.26488	0.00880	0.21134	0.01413	0.06949	0.01066	0.01255	0.00855	0.01283	0.19921	0.00292	0.02194	0.00407	0.00330	0.00626
12	0.00740	0.00444	0.00512	0.00565	0.00644	0.00426	0.00402	0.00896	0.00986	0.01512	0.02314	0.37751	0.07453	0.01052	0.00487	0.00156	0.00258	0.03048	0.39931	0.00423
13	0.01447	0.17177	0.01478	0.18181	0.01676	0.01167	0.00881	0.16825	0.03755	0.20094	0.11202	0.01560	0.01331	0.00587	0.00462	0.00143	0.00483	0.00471	0.00406	0.00675
14	0.08378	0.01883	0.01251	0.03401	0.01427	0.58588	0.00870	0.03331	0.01276	0.05152	0.00868	0.01029	0.00710	0.00827	0.08787	0.00197	0.00843	0.00344	0.00276	0.00563
15	0.00903	0.00452	0.00452	0.00452	0.00565	0.00452	0.00339	0.01129	0.01016	0.01807	0.01581	0.01807	0.01242	0.00565	0.00339	0.00113	0.00226	0.00452	0.85659	0.00452
16	0.05687	0.01813	0.04583	0.01164	0.01499	0.37260	0.00945	0.37292	0.01753	0.02111	0.00943	0.01010	0.00712	0.00534	0.00454	0.00137	0.00687	0.00369	0.00359	0.00688
17	0.00712	0.00438	0.00589	0.00629	0.00668	0.00415	0.00431	0.00669	0.00821	0.01067	0.02163	0.28601	0.14497	0.02970	0.01236	0.39907	0.00349	0.03192	0.00336	0.00311
18	0.01273	0.01124	0.01252	0.02525	0.04560	0.05780	0.04399	0.11810	0.49914	0.01996	0.01718	0.01866	0.01353	0.00725	0.02222	0.00176	0.00487	0.05655	0.00443	0.00724
19	0.01045	0.03860	0.61554	0.01455	0.03935	0.05066	0.08506	0.01531	0.01036	0.01491	0.00857	0.01043	0.00630	0.00479	0.00534	0.00155	0.05541	0.00379	0.00212	0.00691
20	0.00602	0.00450	0.00557	0.00633	0.00697	0.00413	0.00433	0.00717	0.02057	0.01289	0.06561	0.59163	0.20055	0.03156	0.00644	0.00193	0.00276	0.01251	0.00451	0.00403
21	0.01022	0.00842	0.01003	0.00786	0.01117	0.00756	0.00624	0.08061	0.05252	0.01621	0.01046	0.01294	0.00890	0.03061	0.16413	0.00236	0.02122	0.00373	0.00309	0.53175
22	0.01096	0.32528	0.35130	0.01225	0.05248	0.01395	0.05208	0.01460	0.02404	0.01380	0.02045	0.04984	0.00830	0.00512	0.00450	0.00139	0.02680	0.00397	0.00231	0.00657
23	0.11198	0.25536	0.19721	0.02157	0.03593	0.08715	0.18280	0.01552	0.02417	0.01473	0.00823	0.00994	0.00653	0.00441	0.00422	0.00138	0.00645	0.00367	0.00236	0.00638
24	0.01197	0.00961	0.01029	0.00916	0.01183	0.01070	0.00720	0.08534	0.55212	0.05594	0.02347	0.02283	0.12761	0.00754	0.00510	0.00164	0.00379	0.03183	0.00490	0.00712
25	0.00705	0.00470	0.00529	0.00529	0.00529	0.00470	0.00294	0.00705	0.00705	0.00940	0.01527	0.03171	0.01762	0.82969	0.02467	0.00470	0.00470	0.00705	0.00294	0.00294
26	0.03425	0.01335	0.11527	0.06298	0.21311	0.04418	0.07775	0.15411	0.11614	0.01867	0.03083	0.01505	0.01019	0.00566	0.00526	0.00156	0.02963	0.04167	0.00330	0.00704
27	0.20378	0.03955	0.15706	0.01127	0.01477	0.46849	0.00999	0.01737	0.01179	0.01468	0.00753	0.00880	0.00600	0.00479	0.00408	0.00135	0.00726	0.00308	0.00252	0.00583
28	0.00719	0.00537	0.00690	0.00772	0.00863	0.00536	0.00593	0.00988	0.09097	0.01397	0.02691	0.42896	0.07290	0.01350	0.00621	0.00201	0.00347	0.27508	0.00453	0.00452
29	0.13406	0.04249	0.04558	0.09570	0.01530	0.01167	0.00857	0.26045	0.10575	0.09834	0.01158	0.01205	0.00845	0.00521	0.00435	0.00139	0.00476	0.00398	0.00392	0.12640
30	0.34652	0.01031	0.01282	0.03614	0.01421	0.01080	0.11864	0.14910	0.01273	0.22737	0.01134	0.01170	0.00788	0.00507	0.00426	0.00151	0.00484	0.00402	0.00400	0.00674
31	0.00590	0.00422	0.00562	0.00675	0.00703	0.00394	0.00450	0.00675	0.00928	0.01237	0.02671	0.82653	0.03205	0.01518	0.00619	0.00197	0.00281	0.01378	0.00450	0.00394
32	0.01166	0.01300	0.12928	0.04813	0.14066	0.04746	0.18015	0.01726	0.17860	0.06571	0.05311	0.01697	0.06425	0.00576	0.00510	0.00156	0.00575	0.00536	0.00341	0.00681
33	0.01344	0.00938	0.01046	0.05915	0.01249	0.09096	0.02268	0.13015	0.04508	0.19521	0.17904	0.11000	0.06061	0.00824	0.00560	0.02572	0.00439	0.00667	0.00462	0.00611
34	0.00590	0.00422	0.00562	0.00675	0.00703	0.00394	0.00450	0.00675	0.00928	0.01237	0.02671	0.82653	0.03205	0.01518	0.00619	0.00197	0.00281	0.01378	0.00450	0.00394
35	0.01226	0.24992	0.01807	0.29712	0.08868	0.09554	0.02909	0.05956	0.07867	0.01415	0.00916	0.01129	0.00732	0.00480	0.00432	0.00139	0.00601	0.00383	0.00259	0.00624
36	0.00588	0.00432	0.00551	0.00647	0.00696	0.00396	0.00437	0.00678	0.00955	0.01248	0.03012	0.70774	0.14864	0.01474	0.00612	0.00192	0.00276	0.01324	0.00450	0.00396
37	0.01376	0.26725	0.01550	0.11000	0.01425	0.17553	0.00798	0.03466	0.01098	0.12271	0.01064	0.01456	0.00932	0.16424	0.00804	0.00194	0.00583	0.00414	0.00296	0.00569
38	0.37010	0.06669	0.01201	0.02175	0.07459	0.12520	0.05012	0.01388	0.00961	0.01653	0.00974	0.09355	0.00925	0.02613	0.00545	0.00162	0.06919	0.01628	0.00288	0.00544
39	0.01810	0.02310	0.01373	0.01248	0.01498	0.81024	0.00936	0.01935	0.01373	0.01186	0.00749	0.00874	0.00624	0.00499	0.00437	0.00125	0.00874	0.00312	0.00250	0.00562
40	0.01197	0.29254	0.07885	0.01221	0.01662	0.07545	0.22527	0.01465	0.01070	0.01385	0.00866	0.01117	0.00728	0.00435	0.00424	0.00122	0.00610	0.02312	0.00243	0.17932
41	0.00678	0.00466	0.00529	0.00543	0.00561	0.00455	0.00320	0.00700	0.00769	0.01010	0.01985	0.12881	0.09329	0.65415	0.02065	0.00408	0.00426	0.00816	0.00327	0.00317
42	0.06165	0.46388	0.09400	0.01368	0.17679	0.07726	0.02404	0.01504	0.01036	0.01338	0.00752	0.00905	0.00648	0.00431	0.00373	0.00122	0.00573	0.00314	0.00223	0.00651
43	0.01099	0.01803	0.38876	0.09403	0.16134	0.01170	0.16168	0.06687	0.01140	0.01621	0.00917	0.01144	0.00682	0.00456	0.00489	0.00154	0.00691	0.00424	0.00239	0.00704
44	0.01177	0.21004	0.14236	0.01725	0.20401	0.01355	0.18541	0.04990	0.01089	0.01481	0.00884	0.01166	0.00737	0.03801	0.00602	0.00157	0.05326	0.00422	0.00240	0.00669
45	0.00636	0.00492	0.00590	0.00651	0.00765	0.00447	0.00505	0.00777	0.01062	0.01330	0.03679	0.24894	0.38555	0.01333	0.00612	0.00189	0.00311	0.22310	0.00449	0.00416
46	0.04121	0.14714	0.01551	0.01141	0.01444	0.51670	0.00905	0.16033	0.01465	0.01554	0.00812	0.00910	0.00658	0.00500	0.00422	0.00126	0.00741	0.00326	0.00288	0.00619
47	0.00994	0.00800	0.00898	0.00814	0.01019	0.00866	0.00627	0.06884	0.36956	0.02005	0.32990	0.05864	0.05582	0.00841	0.00532	0.00160	0.00323	0.00722	0.00505	0.00619
48	0.01186	0.18552	0.10069	0.14883	0.24260	0.02471	0.01180	0.09406	0.04318	0.01569	0.02353	0.02838	0.00883	0.03430	0.00518	0.00153	0.00567	0.00427	0.00272	0.00667
49	0.01717	0.00741	0.00999	0.00827	0.01121	0.00664	0.00680	0.01950	0.03561	0.54763	0.15115	0.02474	0.01980	0.00762	0.00525	0.00160	0.00385	0.10297	0.00566	0.00713
50	0.00705	0.00470	0.00529	0.00529	0.00529	0.00470	0.00294	0.00705	0.00705	0.00940	0.01527	0.03171	0.01762	0.82969	0.02467	0.00470	0.00470	0.00705	0.00294	0.00294
51	0.01226	0.01605	0.31998	0.02643	0.10756	0.01113	0.01249	0.12317	0.16436	0.07705	0.02638	0.03412	0.03567	0.00582	0.00484	0.00155	0.00552	0.00480	0.00352	0.00730
52	0.01140	0.01002	0.01142	0.00856	0.01250	0.05403	0.03784	0.10868	0.01175	0.01709	0.00927	0.01090	0.00760	0.00618	0.05836	0.00135	0.00492	0.00334	0.00306	0.61174
53	0.00593	0.00423	0.00564	0.00673	0.00703	0.00395	0.00450	0.00680	0.00938	0.01254	0.04491	0.80785	0.03237	0.01506	0.00617	0.00196	0.00280	0.01366	0.00452	0.00395
54	0.01152	0.01277	0.12732	0.06292	0.32216	0.02704	0.07847	0.02935	0.14405	0.03987	0.08447	0.01524	0.01222	0.00536	0.00495	0.00152	0.00556	0.00494	0.00319	0.00708
55	0.01579	0.02887	0.01504	0.01565	0.17313	0.46982	0.01044	0.08612	0.01320	0.01430	0.00828	0.01017	0.00693	0.00634	0.03430	0.00161	0.07750	0.00364	0.00265	0.00620
56	0.00595	0.00443	0.00555	0.00631	0.00695	0.00402	0.00434	0.00700	0.01004	0.01314	0.09943	0.59439	0.19256	0.01411	0.00605	0.00186	0.00269	0.01259	0.00457	0.00402
57	0.00749	0.00668	0.00899	0.06240	0.01130	0.00646	0.08487	0.01075	0.10633	0.01436	0.05079	0.07371	0.46393	0.01040	0.00566	0.00169	0.00363	0.06146	0.00420	0.00489
58	0.01145	0.01098	0.01761	0.09907	0.51293	0.01216	0.01338	0.01471	0.06281	0.01495	0.00922	0.01221	0.00777	0.00537	0.00709	0.00161	0.17283	0.00438	0.00249	0.00697
59	0.00596	0.00424	0.00561	0.00668	0.00694	0.00397	0.00442	0.00676	0.00917	0.01223	0.02615	0.78779	0.03135	0.05488	0.00709	0.00210	0.00290	0.01345	0.00442	0.00389
60	0.01037	0.01050	0.06149	0.41224	0.21996	0.01100	0.05062	0.04029	0.01027	0.01392	0.00878	0.01249	0.00697	0.00566	0.00636	0.05650	0.04994	0.00433	0.00231	0.00600
61	0.00666	0.00490	0.00613	0.00678	0.00754	0.00463	0.00481	0.04496	0.01057	0.01391	0.07584	0.58169	0.14182	0.01388	0.00606	0.00188	0.00295	0.05619	0.00456	0.00424
62	0.01072	0.00902	0.01081	0.00876	0.05696	0.00739	0.00651	0.07779	0.01137	0.01723	0.04732	0.01157	0.00918	0.00413	0.00387	0.00086	0.00380	0.00337	0.00313	0.69623
63	0.01318	0.14746	0.25534	0.01082	0.01553	0.12714	0.01094	0.09982	0.06388	0.05465	0.00975	0.01057	0.00743	0.00475	0.00422	0.00127	0.00590	0.00351	0.00294	0.15087
64	0.00595	0.00434	0.00560	0.00651	0.00699	0.00400	0.00442	0.00693	0.00977	0.01292	0.08110	0.69024	0.11436	0.01452	0.00610	0.00190	0.00274	0.01306	0.00456	0.00400
65	0.01500	0.17041	0.18782	0.01140	0.03452	0.04022	0.01079	0.31056	0.08290	0.07391	0.01108	0.01140	0.00814	0.00525	0.00446	0.00141	0.00561	0.00395	0.00366	0.00748
66	0.01121	0.01757	0.34391	0.01659	0.03457	0.01143	0.37423	0.03235	0.01121	0.04514	0.00967	0.01184	0.00705	0.00439	0.00510	0.00154	0.00729	0.00462	0.00249	0.04782
67	0.01424	0.12341	0.16909	0.01236	0.05062	0.13161	0.08451	0.10365	0.01295	0.12881	0.05556	0.01258	0.00977	0.00519	0.00474	0.00138	0.01902	0.00416	0.00329	0.05305
68	0.01641	0.01677	0.03017	0.01146	0.02400	0.37490	0.00892	0.12589	0.24261	0.08125	0.01263	0.01258	0.00950	0.00563	0.00465	0.00142	0.00639	0.00415	0.00381	0.00685
69	0.00667	0.00537	0.00600	0.00580	0.00732	0.00493	0.00436	0.00932	0.07740	0.01598	0.31740	0.05890	0.44097	0.01101	0.00567	0.00160	0.00252	0.00938	0.00484	0.00456
70	0.00939	0.01410	0.29186	0.23492	0.06558	0.00991	0.01265	0.01391	0.07727	0.01419	0.01142	0.01482	0.02712	0.06342	0.07580	0.00228	0.00665	0.00448	0.00255	0.04767
71	0.01176	0.09528	0.49436	0.01515	0.12296	0.11214	0.01516	0.05108	0.01132	0.01532	0.00856	0.01012	0.00646	0.00463	0.00448	0.00144	0.00691	0.00357	0.00228	0.00700
72	0.00590	0.00425	0.00559	0.00666	0.00701	0.00394	0.00446	0.00676	0.00936	0.01240	0.02774	0.79060	0.06731	0.01505	0.00616	0.00195	0.00280	0.01361	0.00450	0.00394
73	0.00903	0.00452	0.00452	0.00452	0.00565	0.00452	0.00339	0.01129	0.01016	0.01807	0.01581	0.01807	0.01242	0.00565	0.00339	0.00113	0.00226	0.00452	0.85659	0.00452
74	0.05620	0.14903	0.24452	0.01332	0.08121	0.33895	0.01192	0.02644	0.01173	0.01385	0.00787	0.00928	0.00630	0.00468	0.00421	0.00133	0.00719	0.00326	0.00235	0.00634
75	0.01020	0.00879	0.01125	0.01456	0.25321	0.09226	0.00840	0.01187	0.01084	0.06714	0.06006	0.39066	0.02115	0.00984	0.00545	0.00167	0.00441	0.00885	0.00378	0.00560
76	0.00606	0.00434	0.00577	0.00664	0.00706	0.00404	0.00451	0.00715	0.01002	0.01355	0.15553	0.69434	0.03434	0.01430	0.00611	0.00189	0.00272	0.01294	0.00464	0.00404
77	0.01114	0.04001	0.17920	0.01507	0.21705	0.01016	0.02474	0.03601	0.14265	0.05501	0.06036	0.01767	0.07957	0.00597	0.00481	0.00147	0.00498	0.01735	0.00340	0.07338
78	0.01592	0.01106	0.01313	0.17081	0.01745	0.02593	0.00922	0.39428	0.05948	0.15155	0.01317	0.03322	0.00984	0.04576	0.00584	0.00167	0.00525	0.00483	0.00436	0.00724
79	0.00573	0.00491	0.00491	0.00491	0.00655	0.00409	0.00368	0.00695	0.01105	0.01309	0.04909	0.04664	0.79750	0.01227	0.00573	0.00164	0.00245	0.01023	0.00450	0.00409
80	0.01296	0.83261	0.02539	0.00829	0.01244	0.01917	0.00829	0.01451	0.00985	0.01140	0.00674	0.00777	0.00622	0.00415	0.00311	0.00104	0.00518	0.00259	0.00207	0.00622
81	0.01195	0.01320	0.04866	0.00935	0.01153	0.28515	0.00741	0.05895	0.09212	0.01647	0.26433	0.08690	0.05836	0.00791	0.00510	0.00148	0.00514	0.00645	0.00402	0.00551
82	0.00592	0.00492	0.00518	0.00511	0.00666	0.00417	0.00383	0.00733	0.01150	0.01417	0.17684	0.04485	0.66907	0.01187	0.00573	0.00162	0.00243	0.00998	0.00464	0.00417
83	0.04060	0.24074	0.01698	0.05036	0.04635	0.16889	0.00912	0.28719	0.01505	0.01879	0.00916	0.01040	0.00732	0.00681	0.05062	0.00167	0.00642	0.00363	0.00321	0.00670
84	0.00681	0.00481	0.00547	0.00563	0.00609	0.00463	0.00364	0.00732	0.00837	0.01078	0.02373	0.06644	0.18046	0.54891	0.01827	0.00372	0.00414	0.08397	0.00347	0.00336
85	0.06547	0.13746	0.07903	0.09906	0.13303	0.01160	0.00971	0.01655	0.22560	0.01598	0.01323	0.09674	0.01149	0.00608	0.00452	0.00147	0.00476	0.00509	0.00328	0.05986
86	0.06129	0.01279	0.08172	0.05503	0.06759	0.09157	0.01028	0.04872	0.17842	0.04020	0.02681	0.01353	0.00958	0.00661	0.00818	0.00171	0.25935	0.01710	0.00317	0.00635
87	0.00788	0.00620	0.00793	0.00743	0.00753	0.00733	0.00521	0.00836	0.00727	0.01023	0.01309	0.04391	0.01458	0.52082	0.10807	0.00434	0.20709	0.00631	0.00273	0.00370
88	0.01477	0.30759	0.11147	0.01070	0.01432	0.37789	0.00967	0.01666	0.01182	0.03088	0.00967	0.01061	0.04492	0.00503	0.00403	0.00123	0.00688	0.00338	0.00247	0.00600
89	0.00608	0.00479	0.00549	0.00559	0.00683	0.00420	0.00409	0.00754	0.01147	0.01475	0.25682	0.18956	0.44128	0.01215	0.00581	0.00167	0.00247	0.01048	0.00474	0.00420
90	0.01803	0.01338	0.01440	0.02238	0.01519	0.01485	0.00921	0.74184	0.05370	0.02987	0.01192	0.01191	0.00848	0.00583	0.00485	0.00146	0.00529	0.00441	0.00481	0.00818
91	0.00903	0.00452	0.00452	0.00452	0.00565	0.00452	0.00339	0.01129	0.01016	0.01807	0.01581	0.01807	0.01242	0.00565	0.00339	0.00113	0.00226	0.00452	0.85659	0.00452
92	0.00721	0.00504	0.00605	0.00605	0.00636	0.00527	0.00383	0.00821	0.04338	0.01038	0.01549	0.06077	0.01699	0.60211	0.17819	0.00506	0.00622	0.00688	0.00302	0.00347
93	0.00847	0.01667	0.46933	0.01097	0.01555	0.00883	0.01266	0.01248	0.00991	0.01444	0.08044	0.01701	0.05679	0.01427	0.22739	0.00327	0.00808	0.00486	0.00262	0.00598
94	0.00610	0.00430	0.00556	0.00649	0.00672	0.00407	0.00423	0.00680	0.00889	0.01185	0.02471	0.68770	0.02953	0.15745	0.00941	0.00244	0.00314	0.01260	0.00423	0.00376
95	0.01333	0.00715	0.00908	0.00766	0.00999	0.00677	0.00604	0.10228	0.03291	0.28810	0.37910	0.07176	0.02842	0.00833	0.00534	0.00154	0.00333	0.00715	0.00545	0.00628
96	0.01259	0.08050	0.01125	0.00884	0.01106	0.05571	0.00690	0.27533	0.01459	0.07197	0.03018	0.36242	0.01903	0.00973	0.00526	0.00163	0.00430	0.00829	0.00441	0.00601
97	0.47501	0.15311	0.23892	0.00883	0.01322	0.01239	0.00939	0.01461	0.00909	0.01816	0.00730	0.00853	0.00567	0.00447	0.00348	0.00143	0.00497	0.00289	0.00257	0.00596
98	0.07864	0.05885	0.04891	0.01009	0.02570	0.01252	0.00833	0.21987	0.36609	0.05991	0.03118	0.01555	0.03087	0.00613	0.00467	0.00153	0.00443	0.00485	0.00447	0.00741
99	0.01657	0.01336	0.01324	0.01053	0.01413	0.10293	0.00850	0.46077	0.13458	0.05641	0.01232	0.01228	0.00902	0.00558	0.00466	0.00137	0.00524	0.00423	0.00440	0.10988
100	0.00702	0.00479	0.00573	0.00573	0.00589	0.00494	0.00350	0.00733	0.00718	0.00973	0.01486	0.02944	0.01663	0.68760	0.16541	0.00525	0.00618	0.00671	0.00288	0.00319
101	0.01373	0.07779	0.34883	0.01260	0.01712	0.38173	0.01283	0.01690	0.01187	0.01343	0.00879	0.01142	0.00719	0.00516	0.00449	0.00140	0.00763	0.03846	0.00237	0.00626
102	0.07408	0.30753	0.44534	0.01158	0.03070	0.02681	0.01340	0.01503	0.01002	0.01438	0.00785	0.00920	0.00613	0.00444	0.00396	0.00135	0.00621	0.00317	0.00214	0.00667
103	0.01861	0.01327	0.01435	0.01100	0.01488	0.01457	0.00909	0.73955	0.02227	0.07502	0.01207	0.01191	0.00846	0.00583	0.00485	0.00146	0.00526	0.00439	0.00491	0.00824
104	0.00634	0.00510	0.00570	0.00588	0.00717	0.00465	0.00428	0.00844	0.06355	0.01416	0.13271	0.25048	0.44940	0.01237	0.00579	0.00171	0.00262	0.01067	0.00463	0.00435
105	0.00693	0.00532	0.00569	0.00549	0.00720	0.00466	0.00415	0.00888	0.04744	0.05262	0.13107	0.05844	0.62190	0.01149	0.00566	0.00162	0.00259	0.00965	0.00469	0.00451
106	0.05827	0.00772	0.01077	0.01028	0.06405	0.00796	0.08960	0.04838	0.14241	0.01725	0.21041	0.15541	0.05463	0.03348	0.06533	0.00217	0.00459	0.00760	0.00416	0.00553
107	0.01309	0.16985	0.03783	0.00967	0.01290	0.08037	0.04926	0.06798	0.10497	0.11061	0.08232	0.06089	0.01328	0.00614	0.00505	0.00136	0.04457	0.00489	0.00367	0.12131

[dist]
# distance from previous block
# <min> <max>
53	127

[block]
# block no. 7 follows, 52 sequences, length 39
# corresponding to MSA columns:
# 821-834,852-876
name=unknown_H
#
# <colnr> <probs for GDERKNQSTAVLIFYWHMCP>
#	G	D	E	R	K	N	Q	S	T	A	V	L	I	F	Y	W	H	M	C	P
0	0.20801	0.19463	0.07763	0.00986	0.06782	0.01139	0.02781	0.03817	0.01067	0.12026	0.01206	0.01264	0.06063	0.00504	0.00392	0.00130	0.00459	0.00379	0.00319	0.12658
1	0.17833	0.01322	0.16820	0.03293	0.15232	0.01098	0.07993	0.05910	0.12589	0.06084	0.01273	0.01367	0.04515	0.00527	0.00454	0.00152	0.00528	0.00442	0.00326	0.02242
2	0.01229	0.15949	0.30824	0.01264	0.06093	0.15674	0.03413	0.05177	0.05041	0.01492	0.01111	0.01218	0.05051	0.00510	0.00440	0.00137	0.00640	0.00390	0.00261	0.04088
3	0.08278	0.01601	0.19610	0.01732	0.14868	0.09324	0.24729	0.05211	0.04083	0.03154	0.00953	0.01153	0.00724	0.00465	0.00504	0.00153	0.02072	0.00437	0.00267	0.00680
4	0.01534	0.01128	0.01277	0.04841	0.04388	0.02858	0.00844	0.31238	0.18522	0.11937	0.01348	0.01338	0.00980	0.00551	0.00464	0.00138	0.00470	0.00438	0.00440	0.15267
5	0.05014	0.00877	0.00891	0.00851	0.00987	0.12185	0.00642	0.08054	0.01104	0.04413	0.06393	0.26865	0.01866	0.03035	0.20019	0.00321	0.04860	0.00756	0.00367	0.00498
6	0.01003	0.00920	0.01643	0.01511	0.12825	0.00893	0.27589	0.01375	0.09132	0.04497	0.08026	0.23325	0.01829	0.02388	0.00596	0.00174	0.00524	0.00789	0.00363	0.00596
7	0.05238	0.00718	0.00877	0.00746	0.00959	0.00707	0.02253	0.14148	0.01470	0.11331	0.44767	0.02881	0.10230	0.00858	0.00534	0.00152	0.00323	0.00733	0.00508	0.00566
8	0.01354	0.10008	0.11839	0.01078	0.01471	0.05646	0.03748	0.23461	0.01372	0.03680	0.00924	0.01054	0.00721	0.00517	0.00569	0.00132	0.10498	0.00369	0.00319	0.21239
9	0.00581	0.00487	0.00506	0.00511	0.00662	0.00411	0.00380	0.00708	0.01110	0.01346	0.09682	0.09892	0.69599	0.01231	0.00576	0.00165	0.00247	0.01037	0.00455	0.00411
