[name]
unknown

[dist]
# distance from previous block
# <min> <max>
0	4

[block]
# block no. 0 follows, 52 sequences, length 58
# corresponding to MSA columns:
# 4-61
name=unknown_A
#
# <colnr> <probs for GDERKNQSTAVLIFYWHMCP>
#	G	D	E	R	K	N	Q	S	T	A	V	L	I	F	Y	W	H	M	C	P
0	0.01014	0.00726	0.00913	0.00924	0.01095	0.00757	0.00794	0.17660	0.01362	0.01809	0.02226	0.04401	0.02307	0.01146	0.00617	0.00202	0.00457	0.57370	0.03691	0.00528
1	0.01557	0.01404	0.13990	0.01172	0.04492	0.01279	0.01024	0.37259	0.20568	0.10130	0.01377	0.01347	0.00984	0.00577	0.00483	0.00152	0.00516	0.00456	0.00444	0.00791
2	0.01970	0.01330	0.01305	0.01039	0.01394	0.16921	0.00839	0.32409	0.01738	0.33996	0.01385	0.01303	0.00937	0.00573	0.00476	0.00143	0.00552	0.00432	0.00485	0.00772
3	0.01126	0.00887	0.01028	0.00772	0.01173	0.00740	0.00616	0.01523	0.13519	0.07617	0.01119	0.01182	0.00876	0.00425	0.00390	0.00093	0.00367	0.00344	0.00344	0.65859
4	0.00590	0.00422	0.00562	0.00675	0.00703	0.00394	0.00450	0.00675	0.00928	0.01237	0.02671	0.82653	0.03205	0.01518	0.00619	0.00197	0.00281	0.01378	0.00450	0.00394
5	0.00972	0.02507	0.80458	0.01381	0.02097	0.01125	0.01790	0.01535	0.01023	0.01535	0.00870	0.01023	0.00614	0.00460	0.00460	0.00153	0.00716	0.00358	0.00205	0.00716
6	0.01735	0.02042	0.01392	0.08381	0.01662	0.62315	0.00970	0.13027	0.01470	0.01463	0.00820	0.00953	0.00655	0.00510	0.00448	0.00131	0.00804	0.00341	0.00281	0.00598
7	0.00604	0.00431	0.00578	0.00690	0.00724	0.00405	0.00473	0.00698	0.00941	0.01252	0.02663	0.77161	0.03176	0.01505	0.00622	0.00199	0.00293	0.06736	0.00450	0.00397
8	0.00972	0.02507	0.80458	0.01381	0.02097	0.01125	0.01790	0.01535	0.01023	0.01535	0.00870	0.01023	0.00614	0.00460	0.00460	0.00153	0.00716	0.00358	0.00205	0.00716
9	0.01454	0.01584	0.01309	0.01154	0.01430	0.34462	0.05127	0.02252	0.42381	0.01650	0.01408	0.01391	0.01082	0.00578	0.00474	0.00148	0.00612	0.00451	0.00378	0.00675
10	0.01153	0.01258	0.02293	0.01721	0.02057	0.04321	0.48581	0.01559	0.07968	0.01481	0.00971	0.01272	0.00772	0.00547	0.00821	0.00175	0.21642	0.00522	0.00259	0.00628
11	0.00590	0.00422	0.00562	0.00675	0.00703	0.00394	0.00450	0.00675	0.00928	0.01237	0.02671	0.82653	0.03205	0.01518	0.00619	0.00197	0.00281	0.01378	0.00450	0.00394
12	0.00972	0.02507	0.80458	0.01381	0.02097	0.01125	0.01790	0.01535	0.01023	0.01535	0.00870	0.01023	0.00614	0.00460	0.00460	0.00153	0.00716	0.00358	0.00205	0.00716
13	0.00798	0.00586	0.00785	0.00877	0.00994	0.00597	0.00744	0.01108	0.08016	0.01478	0.02525	0.13547	0.02718	0.01298	0.00648	0.00215	0.00423	0.61725	0.00451	0.00469
14	0.00749	0.00521	0.00579	0.00569	0.00593	0.00535	0.00336	0.00871	0.07662	0.01036	0.01566	0.03050	0.01737	0.75662	0.02291	0.00443	0.00462	0.00691	0.00311	0.00336
15	0.00574	0.00485	0.00497	0.00507	0.00659	0.00408	0.00375	0.00694	0.01089	0.01303	0.04710	0.11588	0.72954	0.01253	0.00577	0.00167	0.00249	0.01054	0.00450	0.00408
16	0.00972	0.02507	0.80458	0.01381	0.02097	0.01125	0.01790	0.01535	0.01023	0.01535	0.00870	0.01023	0.00614	0.00460	0.00460	0.00153	0.00716	0.00358	0.00205	0.00716
17	0.01810	0.02310	0.01373	0.01248	0.01498	0.81024	0.00936	0.01935	0.01373	0.01186	0.00749	0.00874	0.00624	0.00499	0.00437	0.00125	0.00874	0.00312	0.00250	0.00562
18	0.00668	0.00495	0.00623	0.00591	0.00713	0.00450	0.00443	0.00879	0.01329	0.01842	0.67730	0.03787	0.16596	0.01029	0.00572	0.00154	0.00231	0.00900	0.00520	0.00450
19	0.00915	0.00861	0.01453	0.81804	0.03338	0.01077	0.01346	0.01238	0.00969	0.01238	0.00861	0.01292	0.00646	0.00484	0.00484	0.00161	0.00646	0.00431	0.00215	0.00538
20	0.01144	0.01307	0.02859	0.02042	0.02533	0.01225	0.78186	0.01552	0.01144	0.01552	0.00980	0.01307	0.00735	0.00408	0.00572	0.00163	0.00817	0.00572	0.00245	0.00654
21	0.00579	0.00491	0.00500	0.00497	0.00658	0.00412	0.00373	0.00708	0.01119	0.01344	0.09053	0.04606	0.75584	0.01214	0.00573	0.00163	0.00245	0.01015	0.00455	0.00412
22	0.14586	0.00873	0.01335	0.68823	0.02954	0.01078	0.01215	0.01268	0.00946	0.01388	0.00831	0.01211	0.00627	0.00479	0.00455	0.00160	0.00603	0.00404	0.00229	0.00536
23	0.00573	0.00491	0.00491	0.00491	0.00655	0.00409	0.00368	0.00695	0.01105	0.01309	0.04909	0.04664	0.79750	0.01227	0.00573	0.00164	0.00245	0.01023	0.00450	0.00409
24	0.00573	0.00491	0.00491	0.00491	0.00655	0.00409	0.00368	0.00695	0.01105	0.01309	0.04909	0.04664	0.79750	0.01227	0.00573	0.00164	0.00245	0.01023	0.00450	0.00409
25	0.00686	0.00495	0.00648	0.00610	0.00724	0.00457	0.00457	0.00914	0.01372	0.01943	0.79691	0.03620	0.04572	0.00991	0.00572	0.00152	0.00229	0.00876	0.00533	0.00457
26	0.01842	0.01357	0.01454	0.01115	0.01503	0.01503	0.00921	0.78330	0.02278	0.03054	0.01163	0.01163	0.00824	0.00582	0.00485	0.00145	0.00533	0.00436	0.00485	0.00824
27	0.01296	0.83261	0.02539	0.00829	0.01244	0.01917	0.00829	0.01451	0.00985	0.01140	0.00674	0.00777	0.00622	0.00415	0.00311	0.00104	0.00518	0.00259	0.00207	0.00622
28	0.00705	0.00470	0.00529	0.00529	0.00529	0.00470	0.00294	0.00705	0.00705	0.00940	0.01527	0.03171	0.01762	0.82969	0.02467	0.00470	0.00470	0.00705	0.00294	0.00294
29	0.01144	0.01307	0.02859	0.02042	0.02533	0.01225	0.78186	0.01552	0.01144	0.01552	0.00980	0.01307	0.00735	0.00408	0.00572	0.00163	0.00817	0.00572	0.00245	0.00654
30	0.01049	0.00860	0.01009	0.00723	0.01152	0.00649	0.00579	0.01264	0.01019	0.04568	0.00901	0.01029	0.00736	0.00368	0.00364	0.00075	0.00361	0.00295	0.00299	0.82699
31	0.01144	0.01307	0.02859	0.02042	0.02533	0.01225	0.78186	0.01552	0.01144	0.01552	0.00980	0.01307	0.00735	0.00408	0.00572	0.00163	0.00817	0.00572	0.00245	0.00654
32	0.86392	0.00937	0.00712	0.00637	0.00937	0.01087	0.00525	0.01425	0.00825	0.02174	0.00675	0.00787	0.00525	0.00450	0.00300	0.00150	0.00375	0.00262	0.00300	0.00525
33	0.01139	0.01294	0.02783	0.02000	0.02463	0.01240	0.73913	0.01531	0.01122	0.01531	0.00961	0.01294	0.00730	0.00433	0.00628	0.00166	0.05320	0.00564	0.00243	0.00647
34	0.01868	0.02072	0.01334	0.01187	0.01456	0.68179	0.00900	0.02003	0.01375	0.13836	0.00935	0.00998	0.00716	0.00515	0.00445	0.00129	0.00800	0.00340	0.00306	0.00604
35	0.00686	0.00495	0.00648	0.00610	0.00724	0.00457	0.00457	0.00914	0.01372	0.01943	0.79691	0.03620	0.04572	0.00991	0.00572	0.00152	0.00229	0.00876	0.00533	0.00457
36	0.00590	0.00422	0.00562	0.00675	0.00703	0.00394	0.00450	0.00675	0.00928	0.01237	0.02671	0.82653	0.03205	0.01518	0.00619	0.00197	0.00281	0.01378	0.00450	0.00394
37	0.01810	0.02310	0.01373	0.01248	0.01498	0.81024	0.00936	0.01935	0.01373	0.01186	0.00749	0.00874	0.00624	0.00499	0.00437	0.00125	0.00874	0.00312	0.00250	0.00562
38	0.01144	0.01307	0.02859	0.02042	0.02533	0.01225	0.78186	0.01552	0.01144	0.01552	0.00980	0.01307	0.00735	0.00408	0.00572	0.00163	0.00817	0.00572	0.00245	0.00654
39	0.01199	0.01151	0.01967	0.02974	0.79946	0.01151	0.01487	0.01487	0.01103	0.01583	0.00912	0.01199	0.00768	0.00432	0.00480	0.00144	0.00576	0.00432	0.00240	0.00768
40	0.00573	0.00491	0.00491	0.00491	0.00655	0.00409	0.00368	0.00695	0.01105	0.01309	0.04909	0.04664	0.79750	0.01227	0.00573	0.00164	0.00245	0.01023	0.00450	0.00409
41	0.01446	0.01761	0.02186	0.01683	0.02064	0.37373	0.43193	0.01726	0.01248	0.01386	0.00876	0.01111	0.00685	0.00450	0.00511	0.00146	0.00843	0.00454	0.00247	0.00612
42	0.20914	0.01211	0.01229	0.00986	0.01336	0.01361	0.00807	0.48775	0.14231	0.02690	0.01182	0.01181	0.00861	0.00564	0.00444	0.00149	0.00473	0.00415	0.00444	0.00747
43	0.00601	0.00429	0.00574	0.00687	0.00720	0.00403	0.00468	0.00693	0.00938	0.01249	0.02665	0.78376	0.03182	0.01508	0.00621	0.00198	0.00290	0.05550	0.00450	0.00397
44	0.00668	0.00495	0.00623	0.00591	0.00713	0.00450	0.00443	0.00879	0.01329	0.01842	0.67730	0.03787	0.16596	0.01029	0.00572	0.00154	0.00231	0.00900	0.00520	0.00450
45	0.01274	0.01075	0.01134	0.01000	0.01286	0.01237	0.00784	0.10752	0.70781	0.02138	0.01885	0.01738	0.01409	0.00649	0.00492	0.00162	0.00400	0.00536	0.00492	0.00773
46	0.72782	0.14104	0.01004	0.00668	0.00986	0.01220	0.00573	0.01429	0.00850	0.02009	0.00675	0.00786	0.00540	0.00444	0.00302	0.00143	0.00398	0.00262	0.00285	0.00540
47	0.00590	0.00422	0.00562	0.00675	0.00703	0.00394	0.00450	0.00675	0.00928	0.01237	0.02671	0.82653	0.03205	0.01518	0.00619	0.00197	0.00281	0.01378	0.00450	0.00394
48	0.01144	0.01307	0.02859	0.02042	0.02533	0.01225	0.78186	0.01552	0.01144	0.01552	0.00980	0.01307	0.00735	0.00408	0.00572	0.00163	0.00817	0.00572	0.00245	0.00654
49	0.01008	0.02290	0.67905	0.01636	0.14548	0.01130	0.01742	0.01527	0.01036	0.01542	0.00876	0.01051	0.00638	0.00456	0.00463	0.00152	0.00694	0.00370	0.00210	0.00724
50	0.00573	0.00491	0.00491	0.00491	0.00655	0.00409	0.00368	0.00695	0.01105	0.01309	0.04909	0.04664	0.79750	0.01227	0.00573	0.00164	0.00245	0.01023	0.00450	0.00409
51	0.01355	0.73911	0.02405	0.00878	0.01273	0.11055	0.00842	0.01507	0.01030	0.01145	0.00682	0.00789	0.00622	0.00424	0.00325	0.00106	0.00559	0.00265	0.00212	0.00615
52	0.01199	0.01151	0.01967	0.02974	0.79946	0.01151	0.01487	0.01487	0.01103	0.01583	0.00912	0.01199	0.00768	0.00432	0.00480	0.00144	0.00576	0.00432	0.00240	0.00768
53	0.00643	0.00626	0.07681	0.00749	0.00855	0.00485	0.00597	0.00787	0.00947	0.01273	0.02531	0.60417	0.07048	0.01547	0.06328	0.00234	0.00401	0.06008	0.00414	0.00429
54	0.01050	0.00999	0.01698	0.44292	0.39793	0.01112	0.01413	0.01357	0.01033	0.01402	0.00885	0.01248	0.00704	0.00459	0.00482	0.00153	0.00613	0.00431	0.00227	0.00647
55	0.01663	0.01601	0.01343	0.01099	0.01433	0.29595	0.00870	0.34995	0.04630	0.02089	0.00990	0.01059	0.00758	0.00526	0.00469	0.00129	0.02126	0.00373	0.00366	0.13887
56	0.01131	0.01247	0.02625	0.02137	0.14841	0.01180	0.62822	0.01507	0.01129	0.01545	0.01037	0.04531	0.00839	0.00456	0.00559	0.00162	0.00757	0.00582	0.00252	0.00661
57	0.00644	0.00494	0.00590	0.00566	0.00698	0.00439	0.00424	0.00833	0.01273	0.01708	0.51934	0.04007	0.32476	0.01079	0.00572	0.00157	0.00235	0.00931	0.00502	0.00439

[dist]
# distance from previous block
# <min> <max>
0	1

[block]
# block no. 1 follows, 52 sequences, length 8
# corresponding to MSA columns:
# 63-70
name=unknown_B
#
# <colnr> <probs for GDERKNQSTAVLIFYWHMCP>
#	G	D	E	R	K	N	Q	S	T	A	V	L	I	F	Y	W	H	M	C	P
0	0.13658	0.59502	0.02105	0.00863	0.01237	0.13399	0.00801	0.01518	0.01019	0.01296	0.00685	0.00793	0.00608	0.00432	0.00328	0.00113	0.00550	0.00267	0.00227	0.00599
1	0.00643	0.00494	0.00589	0.00565	0.00698	0.00439	0.00424	0.00832	0.01271	0.01705	0.51547	0.04013	0.32865	0.01080	0.00572	0.00157	0.00235	0.00931	0.00502	0.00439
2	0.01183	0.01146	0.01112	0.00999	0.01146	0.19715	0.00779	0.12338	0.01122	0.01409	0.01059	0.01519	0.00967	0.08520	0.30837	0.00414	0.14466	0.00458	0.00285	0.00524
3	0.00657	0.00494	0.00608	0.00580	0.00707	0.00445	0.00435	0.00859	0.01305	0.01784	0.60899	0.03882	0.23463	0.01050	0.00572	0.00155	0.00233	0.00913	0.00512	0.00445
4	0.01005	0.00861	0.01005	0.00718	0.01148	0.00646	0.00574	0.01220	0.01005	0.01579	0.00861	0.01005	0.00718	0.00359	0.00359	0.00072	0.00359	0.00287	0.00287	0.85932
5	0.00649	0.00446	0.00545	0.00600	0.00613	0.00433	0.00369	0.00690	0.00813	0.01084	0.02082	0.41769	0.02463	0.43415	0.01569	0.00337	0.00378	0.01032	0.00369	0.00342
6	0.01274	0.02084	0.60523	0.01251	0.01881	0.01022	0.01520	0.01742	0.01115	0.21322	0.01132	0.01181	0.00761	0.00495	0.00467	0.00153	0.00640	0.00391	0.00304	0.00743
7	0.00686	0.00495	0.00648	0.00610	0.00724	0.00457	0.00457	0.00914	0.01372	0.01943	0.79691	0.03620	0.04572	0.00991	0.00572	0.00152	0.00229	0.00876	0.00533	0.00457

[dist]
# distance from previous block
# <min> <max>
0	1

[block]
# block no. 2 follows, 52 sequences, length 64
# corresponding to MSA columns:
# 72-135
name=unknown_C
#
# <colnr> <probs for GDERKNQSTAVLIFYWHMCP>
#	G	D	E	R	K	N	Q	S	T	A	V	L	I	F	Y	W	H	M	C	P
0	0.00739	0.00509	0.00567	0.00560	0.00579	0.00520	0.00326	0.00833	0.06086	0.01014	0.01557	0.03078	0.01742	0.77317	0.02331	0.00449	0.00464	0.00694	0.00307	0.00326
1	0.01296	0.83261	0.02539	0.00829	0.01244	0.01917	0.00829	0.01451	0.00985	0.01140	0.00674	0.00777	0.00622	0.00415	0.00311	0.00104	0.00518	0.00259	0.00207	0.00622
2	0.00692	0.00519	0.00779	0.00779	0.00865	0.00606	0.00606	0.00865	0.00779	0.01125	0.01298	0.01904	0.01211	0.03634	0.81049	0.00779	0.01298	0.00519	0.00260	0.00433
3	0.00573	0.00491	0.00491	0.00491	0.00655	0.00409	0.00368	0.00695	0.01105	0.01309	0.04909	0.04664	0.79750	0.01227	0.00573	0.00164	0.00245	0.01023	0.00450	0.00409
4	0.01296	0.83261	0.02539	0.00829	0.01244	0.01917	0.00829	0.01451	0.00985	0.01140	0.00674	0.00777	0.00622	0.00415	0.00311	0.00104	0.00518	0.00259	0.00207	0.00622
5	0.01139	0.01292	0.02774	0.01995	0.02455	0.01242	0.73408	0.01528	0.01119	0.01528	0.00959	0.01292	0.00729	0.00436	0.00635	0.00166	0.05852	0.00563	0.00243	0.00646
6	0.42439	0.43458	0.01656	0.00736	0.01096	0.01516	0.00682	0.01438	0.00907	0.01640	0.00674	0.00782	0.00575	0.00432	0.00306	0.00126	0.00449	0.00261	0.00252	0.00575
7	0.01099	0.01049	0.01785	0.30843	0.52863	0.01125	0.01437	0.01399	0.01056	0.01461	0.00894	0.01232	0.00725	0.00450	0.00481	0.00150	0.00601	0.00431	0.00231	0.00687
8	0.01810	0.02310	0.01373	0.01248	0.01498	0.81024	0.00936	0.01935	0.01373	0.01186	0.00749	0.00874	0.00624	0.00499	0.00437	0.00125	0.00874	0.00312	0.00250	0.00562
9	0.01005	0.00861	0.01005	0.00718	0.01148	0.00646	0.00574	0.01220	0.01005	0.01579	0.00861	0.01005	0.00718	0.00359	0.00359	0.00072	0.00359	0.00287	0.00287	0.85932
10	0.01144	0.01307	0.02859	0.02042	0.02533	0.01225	0.78186	0.01552	0.01144	0.01552	0.00980	0.01307	0.00735	0.00408	0.00572	0.00163	0.00817	0.00572	0.00245	0.00654
11	0.00590	0.00422	0.00562	0.00675	0.00703	0.00394	0.00450	0.00675	0.00928	0.01237	0.02671	0.82653	0.03205	0.01518	0.00619	0.00197	0.00281	0.01378	0.00450	0.00394
12	0.00692	0.00519	0.00779	0.00779	0.00865	0.00606	0.00606	0.00865	0.00779	0.01125	0.01298	0.01904	0.01211	0.03634	0.81049	0.00779	0.01298	0.00519	0.00260	0.00433
13	0.01205	0.01041	0.01096	0.00986	0.01260	0.01205	0.00767	0.02575	0.79071	0.02027	0.01972	0.01808	0.01479	0.00657	0.00493	0.00164	0.00384	0.00548	0.00493	0.00767
14	0.01199	0.01151	0.01967	0.02974	0.79946	0.01151	0.01487	0.01487	0.01103	0.01583	0.00912	0.01199	0.00768	0.00432	0.00480	0.00144	0.00576	0.00432	0.00240	0.00768
15	0.01296	0.83261	0.02539	0.00829	0.01244	0.01917	0.00829	0.01451	0.00985	0.01140	0.00674	0.00777	0.00622	0.00415	0.00311	0.00104	0.00518	0.00259	0.00207	0.00622
16	0.00903	0.00452	0.00452	0.00452	0.00565	0.00452	0.00339	0.01129	0.01016	0.01807	0.01581	0.01807	0.01242	0.00565	0.00339	0.00113	0.00226	0.00452	0.85659	0.00452
17	0.00631	0.00493	0.00572	0.00552	0.00690	0.00434	0.00414	0.00809	0.01243	0.01637	0.43535	0.04125	0.40920	0.01105	0.00572	0.00158	0.00237	0.00947	0.00493	0.00434
18	0.01075	0.28334	0.55538	0.01205	0.01824	0.01379	0.01483	0.01508	0.01011	0.01408	0.00807	0.00945	0.00616	0.00446	0.00413	0.00138	0.00653	0.00326	0.00205	0.00686
19	0.01199	0.01151	0.01967	0.02974	0.79946	0.01151	0.01487	0.01487	0.01103	0.01583	0.00912	0.01199	0.00768	0.00432	0.00480	0.00144	0.00576	0.00432	0.00240	0.00768
20	0.02174	0.00825	0.01125	0.00862	0.01237	0.00712	0.00712	0.02362	0.01387	0.80282	0.01912	0.01649	0.01200	0.00600	0.00487	0.00150	0.00412	0.00487	0.00600	0.00825
21	0.00602	0.00437	0.00593	0.03512	0.00795	0.00418	0.00481	0.00694	0.00929	0.01237	0.02608	0.79808	0.03116	0.01482	0.00614	0.00196	0.00294	0.01345	0.00442	0.00399
22	0.01662	0.00869	0.01066	0.00884	0.01184	0.00874	0.00704	0.04881	0.26029	0.42353	0.01839	0.01795	0.01311	0.05929	0.06144	0.00217	0.00472	0.00520	0.00520	0.00747
23	0.01199	0.01151	0.01967	0.02974	0.79946	0.01151	0.01487	0.01487	0.01103	0.01583	0.00912	0.01199	0.00768	0.00432	0.00480	0.00144	0.00576	0.00432	0.00240	0.00768
24	0.01810	0.02310	0.01373	0.01248	0.01498	0.81024	0.00936	0.01935	0.01373	0.01186	0.00749	0.00874	0.00624	0.00499	0.00437	0.00125	0.00874	0.00312	0.00250	0.00562
25	0.00972	0.02507	0.80458	0.01381	0.02097	0.01125	0.01790	0.01535	0.01023	0.01535	0.00870	0.01023	0.00614	0.00460	0.00460	0.00153	0.00716	0.00358	0.00205	0.00716
26	0.00972	0.02507	0.80458	0.01381	0.02097	0.01125	0.01790	0.01535	0.01023	0.01535	0.00870	0.01023	0.00614	0.00460	0.00460	0.00153	0.00716	0.00358	0.00205	0.00716
27	0.00754	0.00567	0.00706	0.00659	0.00794	0.00555	0.00498	0.01131	0.11521	0.01954	0.69538	0.03383	0.04168	0.00947	0.00561	0.00154	0.00249	0.00833	0.00528	0.00498
28	0.01199	0.01151	0.01967	0.02974	0.79946	0.01151	0.01487	0.01487	0.01103	0.01583	0.00912	0.01199	0.00768	0.00432	0.00480	0.00144	0.00576	0.00432	0.00240	0.00768
29	0.86392	0.00937	0.00712	0.00637	0.00937	0.01087	0.00525	0.01425	0.00825	0.02174	0.00675	0.00787	0.00525	0.00450	0.00300	0.00150	0.00375	0.00262	0.00300	0.00525
30	0.01190	0.01142	0.01950	0.05578	0.77416	0.01149	0.01483	0.01479	0.01099	0.01572	0.00910	0.01202	0.00764	0.00434	0.00480	0.00145	0.00578	0.00432	0.00239	0.00760
31	0.00573	0.00491	0.00491	0.00491	0.00655	0.00409	0.00368	0.00695	0.01105	0.01309	0.04909	0.04664	0.79750	0.01227	0.00573	0.00164	0.00245	0.01023	0.00450	0.00409
32	0.01190	0.57025	0.27854	0.01009	0.01521	0.01660	0.01141	0.01478	0.00997	0.01268	0.00737	0.00857	0.00619	0.00429	0.00360	0.00120	0.00583	0.00291	0.00206	0.00653
33	0.05991	0.01074	0.01215	0.00963	0.01307	0.01127	0.00796	0.42834	0.01795	0.24777	0.01474	0.01618	0.01077	0.00631	0.00480	0.00150	0.00466	0.05679	0.05783	0.00760
34	0.00660	0.00484	0.00693	0.00730	0.00792	0.00528	0.00536	0.00793	0.00823	0.01150	0.01758	0.28216	0.01893	0.07862	0.50050	0.00571	0.00916	0.00810	0.00324	0.00411
35	0.01008	0.00956	0.01620	0.56194	0.28227	0.01101	0.01392	0.01319	0.01013	0.01350	0.00878	0.01262	0.00686	0.00467	0.00483	0.00156	0.00623	0.00431	0.00223	0.00613
36	0.01199	0.01151	0.01967	0.02974	0.79946	0.01151	0.01487	0.01487	0.01103	0.01583	0.00912	0.01199	0.00768	0.00432	0.00480	0.00144	0.00576	0.00432	0.00240	0.00768
37	0.00705	0.00470	0.00529	0.00529	0.00529	0.00470	0.00294	0.00705	0.00705	0.00940	0.01527	0.03171	0.01762	0.82969	0.02467	0.00470	0.00470	0.00705	0.00294	0.00294
38	0.01199	0.01151	0.01967	0.02974	0.79946	0.01151	0.01487	0.01487	0.01103	0.01583	0.00912	0.01199	0.00768	0.00432	0.00480	0.00144	0.00576	0.00432	0.00240	0.00768
39	0.01862	0.01191	0.01291	0.01023	0.01380	0.06116	0.00837	0.40159	0.08072	0.28002	0.01493	0.01498	0.01052	0.00614	0.00489	0.00150	0.00500	0.02973	0.00507	0.00791
40	0.01722	0.02147	0.01364	0.01234	0.01468	0.70732	0.00934	0.01923	0.06145	0.01237	0.00817	0.00944	0.00678	0.00533	0.00518	0.00133	0.06302	0.00334	0.00262	0.00572
41	0.00652	0.00465	0.00633	0.00745	0.00800	0.00446	0.00556	0.00781	0.00988	0.01306	0.02637	0.57831	0.03071	0.01460	0.00635	0.00205	0.00334	0.25595	0.00449	0.00411
42	0.00653	0.00466	0.00634	0.00746	0.00802	0.00447	0.00559	0.00783	0.00989	0.01307	0.02636	0.57319	0.03069	0.01459	0.00635	0.00205	0.00335	0.26094	0.00449	0.00411
43	0.00850	0.00663	0.00985	0.01280	0.21368	0.00642	0.00746	0.02900	0.01101	0.04068	0.14792	0.41188	0.03974	0.01088	0.00567	0.00173	0.00362	0.02311	0.00415	0.00527
44	0.00972	0.02507	0.80458	0.01381	0.02097	0.01125	0.01790	0.01535	0.01023	0.01535	0.00870	0.01023	0.00614	0.00460	0.00460	0.00153	0.00716	0.00358	0.00205	0.00716
45	0.00589	0.00426	0.00558	0.00663	0.00700	0.00395	0.00445	0.00676	0.00939	0.01242	0.02810	0.77821	0.07947	0.01500	0.00616	0.00195	0.00279	0.01356	0.00450	0.00395
46	0.01149	0.03987	0.01114	0.00901	0.01107	0.00995	0.03388	0.24961	0.06643	0.01819	0.01298	0.01752	0.01133	0.13338	0.25430	0.00386	0.03430	0.00506	0.06086	0.00576
47	0.01201	0.07831	0.18289	0.02360	0.52317	0.06690	0.01462	0.01525	0.01096	0.01512	0.00873	0.01108	0.00715	0.00441	0.00460	0.00142	0.00621	0.00395	0.00231	0.00732
48	0.01235	0.01154	0.06037	0.01020	0.01329	0.01221	0.00841	0.07713	0.68962	0.02067	0.01849	0.01715	0.01381	0.00640	0.00490	0.00162	0.00414	0.00528	0.00475	0.00768
49	0.00705	0.00470	0.00529	0.00529	0.00529	0.00470	0.00294	0.00705	0.00705	0.00940	0.01527	0.03171	0.01762	0.82969	0.02467	0.00470	0.00470	0.00705	0.00294	0.00294
50	0.01005	0.00861	0.01005	0.00718	0.01148	0.00646	0.00574	0.01220	0.01005	0.01579	0.00861	0.01005	0.00718	0.00359	0.00359	0.00072	0.00359	0.00287	0.00287	0.85932
51	0.03551	0.01544	0.01123	0.01014	0.01249	0.41316	0.00771	0.01833	0.15809	0.06413	0.15924	0.01741	0.04378	0.00651	0.00477	0.00141	0.00599	0.00496	0.00378	0.00590
52	0.00972	0.02507	0.80458	0.01381	0.02097	0.01125	0.01790	0.01535	0.01023	0.01535	0.00870	0.01023	0.00614	0.00460	0.00460	0.00153	0.00716	0.00358	0.00205	0.00716
53	0.00695	0.00528	0.00663	0.00732	0.00861	0.00496	0.00613	0.00875	0.01105	0.01389	0.03460	0.07861	0.32036	0.01303	0.00631	0.00200	0.00364	0.45312	0.00448	0.00430
54	0.03885	0.01992	0.01374	0.01197	0.01473	0.57100	0.00922	0.18887	0.01540	0.03255	0.00860	0.00958	0.00678	0.00530	0.00483	0.00133	0.03455	0.00346	0.00309	0.00624
55	0.01310	0.01224	0.01522	0.01922	0.36726	0.12767	0.01147	0.15166	0.01355	0.01758	0.01304	0.02104	0.01211	0.00672	0.00517	0.00159	0.00583	0.17546	0.00331	0.00675
56	0.00692	0.00519	0.00779	0.00779	0.00865	0.00606	0.00606	0.00865	0.00779	0.01125	0.01298	0.01904	0.01211	0.03634	0.81049	0.00779	0.01298	0.00519	0.00260	0.00433
57	0.00996	0.00944	0.01600	0.59349	0.25160	0.01098	0.01386	0.01309	0.01007	0.01336	0.00876	0.01266	0.00681	0.00469	0.00483	0.00156	0.00626	0.00431	0.00222	0.00604
58	0.02151	0.00861	0.01147	0.00880	0.01255	0.00767	0.00727	0.07579	0.01448	0.74978	0.01860	0.01616	0.01174	0.00599	0.00487	0.00150	0.00421	0.00484	0.00592	0.00825
59	0.00637	0.00496	0.00649	0.00665	0.00770	0.00509	0.00502	0.00780	0.00912	0.01204	0.02738	0.13897	0.28722	0.02510	0.42146	0.00486	0.00794	0.00811	0.00352	0.00419
60	0.00919	0.00974	0.06879	0.76281	0.03252	0.01080	0.01376	0.01259	0.00973	0.01259	0.00862	0.01274	0.00644	0.00483	0.00483	0.00161	0.00651	0.00426	0.00215	0.00551
61	0.31223	0.01020	0.01340	0.01717	0.36967	0.01032	0.00973	0.01414	0.00986	0.01791	0.00818	0.01017	0.00672	0.00424	0.00393	0.00132	0.00463	0.00344	0.00270	0.17002
62	0.01253	0.75718	0.02369	0.00812	0.01195	0.01802	0.00791	0.01425	0.02729	0.01146	0.00762	0.00965	0.00720	0.06089	0.00463	0.00130	0.00512	0.00296	0.00220	0.00603
63	0.04182	0.01697	0.31520	0.01161	0.01645	0.01244	0.01202	0.38019	0.01595	0.02247	0.01065	0.02604	0.00801	0.00752	0.06002	0.00191	0.00642	0.00420	0.00351	0.02661

[dist]
# distance from previous block
# <min> <max>
0	28

# created by:
# /st0/software/busco_prod/Augustus/scripts/msa2prfl.pl ./align_prep/67720.fa
