[name]
unknown

[dist]
# distance from previous block
# <min> <max>
0	0

[block]
# block no. 0 follows, 53 sequences, length 99
# corresponding to MSA columns:
# 0-98
name=unknown_A
#
# <colnr> <probs for GDERKNQSTAVLIFYWHMCP>
#	G	D	E	R	K	N	Q	S	T	A	V	L	I	F	Y	W	H	M	C	P
0	0.00770	0.00550	0.00770	0.00880	0.00990	0.00550	0.00770	0.00990	0.01100	0.01430	0.02531	0.05391	0.02751	0.01320	0.00660	0.00220	0.00440	0.77004	0.00440	0.00440
1	0.00674	0.00488	0.00636	0.00599	0.00713	0.00450	0.00449	0.00897	0.01347	0.01903	0.78358	0.03592	0.06129	0.00982	0.00564	0.00151	0.00226	0.00867	0.00524	0.00450
2	0.00923	0.00646	0.00717	0.00648	0.00724	0.00681	0.00424	0.16178	0.01004	0.01344	0.01421	0.02702	0.01537	0.65514	0.02031	0.00396	0.01749	0.00638	0.00326	0.00397
3	0.00970	0.00861	0.00918	0.00844	0.01057	0.06195	0.01861	0.01553	0.29900	0.01572	0.01932	0.30041	0.02998	0.00886	0.00504	0.00154	0.00376	0.00772	0.00414	0.16193
4	0.01508	0.01400	0.01234	0.01064	0.01358	0.20496	0.00833	0.21146	0.39904	0.03758	0.01457	0.01402	0.01091	0.00591	0.00471	0.00148	0.00532	0.00456	0.00429	0.00723
5	0.00760	0.00523	0.00646	0.00655	0.00761	0.00494	0.00478	0.04859	0.01127	0.05167	0.20525	0.32322	0.15268	0.08131	0.00737	0.00199	0.00305	0.06144	0.00458	0.00442
6	0.01074	0.00687	0.00848	0.00695	0.00961	0.00584	0.00543	0.03876	0.01223	0.16386	0.27068	0.07888	0.07751	0.00747	0.00482	0.00128	0.00315	0.00639	0.00448	0.27657
7	0.01154	0.01297	0.00969	0.05138	0.01189	0.37723	0.00711	0.01267	0.01120	0.01197	0.01668	0.40845	0.01857	0.00981	0.00521	0.00160	0.00565	0.00826	0.00341	0.00472
8	0.00664	0.00449	0.00541	0.00587	0.00606	0.00438	0.00369	0.00714	0.00806	0.01091	0.01969	0.32681	0.02286	0.46162	0.01598	0.00339	0.00384	0.04133	0.03844	0.00339
9	0.00659	0.00488	0.00615	0.00583	0.00703	0.00444	0.00437	0.00868	0.01312	0.01820	0.68299	0.03730	0.16241	0.01013	0.00564	0.00152	0.00228	0.00887	0.00513	0.00444
10	0.00903	0.00850	0.01434	0.82054	0.03292	0.01062	0.01327	0.01221	0.00956	0.01221	0.00850	0.01274	0.00637	0.00478	0.00478	0.00159	0.00637	0.00425	0.00212	0.00531
11	0.01931	0.01093	0.01275	0.00984	0.01356	0.01126	0.00811	0.41520	0.05481	0.37046	0.01509	0.01388	0.01006	0.00585	0.00480	0.00146	0.00467	0.00458	0.00528	0.00810
12	0.00941	0.00889	0.01504	0.71107	0.13936	0.01072	0.01347	0.01255	0.00974	0.01268	0.00856	0.01262	0.00654	0.00471	0.00477	0.00157	0.00628	0.00425	0.00216	0.00562
13	0.86579	0.00924	0.00702	0.00629	0.00924	0.01072	0.00518	0.01405	0.00813	0.02144	0.00666	0.00776	0.00518	0.00444	0.00296	0.00148	0.00370	0.00259	0.00296	0.00518
14	0.00991	0.00850	0.00991	0.00708	0.01133	0.00637	0.00566	0.01203	0.00991	0.01557	0.00850	0.00991	0.00708	0.00354	0.00354	0.00071	0.00354	0.00283	0.00283	0.86124
15	0.01278	0.83490	0.02505	0.00818	0.01227	0.01891	0.00818	0.01431	0.00971	0.01125	0.00664	0.00767	0.00613	0.00409	0.00307	0.00102	0.00511	0.00256	0.00204	0.00613
16	0.00980	0.07933	0.75454	0.01326	0.02012	0.01163	0.01702	0.01508	0.01007	0.01487	0.00845	0.00993	0.00606	0.00451	0.00444	0.00148	0.00693	0.00347	0.00202	0.00700
17	0.00708	0.00459	0.00531	0.00531	0.00531	0.00459	0.00302	0.00688	0.00688	0.00917	0.01440	0.02963	0.01648	0.75187	0.02377	0.08880	0.00459	0.00668	0.00282	0.00282
18	0.00830	0.00415	0.00623	0.00623	0.00623	0.00415	0.00415	0.00623	0.00623	0.00830	0.00830	0.01453	0.00830	0.01660	0.01868	0.86094	0.00415	0.00415	0.00208	0.00208
19	0.00903	0.00850	0.01434	0.82054	0.03292	0.01062	0.01327	0.01221	0.00956	0.01221	0.00850	0.01274	0.00637	0.00478	0.00478	0.00159	0.00637	0.00425	0.00212	0.00531
20	0.01183	0.01136	0.01940	0.02934	0.80221	0.01136	0.01467	0.01467	0.01088	0.01562	0.00899	0.01183	0.00757	0.00426	0.00473	0.00142	0.00568	0.00426	0.00237	0.00757
21	0.00903	0.00850	0.01434	0.82054	0.03292	0.01062	0.01327	0.01221	0.00956	0.01221	0.00850	0.01274	0.00637	0.00478	0.00478	0.00159	0.00637	0.00425	0.00212	0.00531
22	0.01038	0.00988	0.01678	0.43892	0.40397	0.01097	0.01395	0.01340	0.01020	0.01385	0.00873	0.01230	0.00695	0.00453	0.00476	0.00151	0.00604	0.00425	0.00224	0.00640
23	0.00570	0.00484	0.00488	0.00487	0.00644	0.00406	0.00363	0.00690	0.01086	0.01295	0.06234	0.04548	0.76853	0.02988	0.00605	0.00168	0.00247	0.00999	0.00442	0.00402
24	0.00695	0.00463	0.00521	0.00521	0.00521	0.00463	0.00290	0.00695	0.00695	0.00927	0.01506	0.03128	0.01738	0.83203	0.02433	0.00463	0.00463	0.00695	0.00290	0.00290
25	0.01183	0.01136	0.01940	0.02934	0.80221	0.01136	0.01467	0.01467	0.01088	0.01562	0.00899	0.01183	0.00757	0.00426	0.00473	0.00142	0.00568	0.00426	0.00237	0.00757
26	0.00589	0.00421	0.00562	0.00673	0.00704	0.00394	0.00455	0.00677	0.00922	0.01228	0.02631	0.80145	0.03147	0.01491	0.00612	0.00195	0.00283	0.04039	0.00444	0.00390
27	0.02052	0.00872	0.01135	0.00880	0.01244	0.00802	0.00724	0.08824	0.06699	0.68672	0.01827	0.01597	0.01170	0.00594	0.00481	0.00148	0.00415	0.00480	0.00575	0.00810
28	0.02124	0.00846	0.01129	0.00866	0.01236	0.00751	0.00715	0.07050	0.01422	0.75755	0.01840	0.01597	0.01160	0.00590	0.00480	0.00148	0.00414	0.00478	0.00585	0.00813
29	0.01010	0.00993	0.01396	0.01207	0.01215	0.01379	0.01002	0.01121	0.00736	0.01146	0.00692	0.01127	0.00683	0.01107	0.09407	0.00264	0.74361	0.00428	0.00214	0.00513
30	0.00694	0.00490	0.00646	0.00652	0.00697	0.00528	0.00455	0.00783	0.00751	0.01037	0.01463	0.02696	0.01552	0.42855	0.37686	0.00586	0.00828	0.04957	0.00283	0.00360
31	0.00764	0.00665	0.01006	0.40286	0.01970	0.00763	0.00878	0.00985	0.00950	0.01221	0.03833	0.04606	0.18100	0.06753	0.13185	0.00277	0.00616	0.02386	0.00293	0.00463
32	0.63960	0.01035	0.00898	0.00754	0.01073	0.01182	0.00622	0.22012	0.01196	0.02376	0.00794	0.00875	0.00596	0.00478	0.00344	0.00147	0.00411	0.00305	0.00344	0.00596
33	0.00903	0.00850	0.01434	0.82054	0.03292	0.01062	0.01327	0.01221	0.00956	0.01221	0.00850	0.01274	0.00637	0.00478	0.00478	0.00159	0.00637	0.00425	0.00212	0.00531
34	0.01014	0.00929	0.01377	0.48244	0.11217	0.01086	0.01159	0.01600	0.21894	0.01481	0.01147	0.01388	0.00873	0.00512	0.00474	0.00154	0.00549	0.00450	0.00291	0.04160
35	0.00903	0.00850	0.01434	0.82054	0.03292	0.01062	0.01327	0.01221	0.00956	0.01221	0.00850	0.01274	0.00637	0.00478	0.00478	0.00159	0.00637	0.00425	0.00212	0.00531
36	0.01785	0.02278	0.01354	0.01231	0.01478	0.81284	0.00924	0.01909	0.01354	0.01170	0.00739	0.00862	0.00616	0.00493	0.00431	0.00123	0.00862	0.00308	0.00246	0.00554
37	0.00805	0.00463	0.00523	0.00508	0.00620	0.00448	0.00381	0.01029	0.01143	0.01836	0.32940	0.02498	0.02540	0.00725	0.00426	0.00127	0.00224	0.00613	0.51706	0.00448
38	0.00676	0.00505	0.00749	0.00757	0.00836	0.00581	0.00581	0.00838	0.00777	0.01114	0.01376	0.07362	0.01338	0.04962	0.74366	0.00724	0.01197	0.00573	0.00269	0.00422
39	0.03755	0.01320	0.01407	0.01085	0.01462	0.01464	0.00895	0.74600	0.04490	0.02962	0.01160	0.01158	0.00825	0.00573	0.00474	0.00144	0.00518	0.00430	0.00474	0.00804
40	0.00604	0.00467	0.00511	0.00529	0.00626	0.00417	0.00363	0.00693	0.00973	0.01214	0.06517	0.17874	0.44745	0.21126	0.01025	0.00240	0.00301	0.00988	0.00410	0.00375
41	0.02015	0.00842	0.01105	0.00867	0.01223	0.00768	0.00710	0.02358	0.11922	0.69921	0.01894	0.01648	0.01220	0.00599	0.00481	0.00150	0.00403	0.00489	0.00577	0.00806
42	0.00577	0.00485	0.00501	0.00497	0.00653	0.00409	0.00373	0.00710	0.01118	0.01360	0.13096	0.04487	0.71730	0.01185	0.00565	0.00160	0.00240	0.00993	0.00453	0.00409
43	0.00903	0.00850	0.01434	0.82054	0.03292	0.01062	0.01327	0.01221	0.00956	0.01221	0.00850	0.01274	0.00637	0.00478	0.00478	0.00159	0.00637	0.00425	0.00212	0.00531
44	0.01740	0.01687	0.01331	0.01123	0.01421	0.38528	0.00882	0.33048	0.01677	0.06434	0.01009	0.01094	0.00769	0.00751	0.06192	0.00179	0.00729	0.00382	0.00361	0.00665
45	0.00670	0.00484	0.00633	0.00606	0.00713	0.00447	0.00450	0.00886	0.01323	0.01870	0.74756	0.08917	0.04419	0.01012	0.00567	0.00153	0.00229	0.00898	0.00521	0.00447
46	0.01177	0.01264	0.01445	0.01251	0.01294	0.15628	0.01024	0.01285	0.00842	0.01154	0.00647	0.01013	0.00625	0.00776	0.01367	0.00194	0.67871	0.00399	0.00216	0.00528
47	0.00919	0.00866	0.01462	0.77549	0.07672	0.01066	0.01335	0.01235	0.00963	0.01241	0.00852	0.01269	0.00644	0.00475	0.00478	0.00158	0.00633	0.00425	0.00214	0.00544
48	0.02104	0.00879	0.01150	0.00881	0.01253	0.00799	0.00728	0.11816	0.01477	0.70911	0.01794	0.01567	0.01137	0.00589	0.00480	0.00147	0.00422	0.00474	0.00577	0.00813
49	0.00582	0.00416	0.00555	0.00666	0.00693	0.00388	0.00444	0.00666	0.00915	0.01220	0.02634	0.82891	0.03161	0.01497	0.00610	0.00194	0.00277	0.01359	0.00444	0.00388
50	0.01478	0.00742	0.01117	0.00883	0.01167	0.00662	0.09069	0.01702	0.01336	0.42178	0.31354	0.02326	0.02393	0.00717	0.00521	0.00150	0.00382	0.00635	0.00529	0.00658
51	0.00703	0.00542	0.00808	0.00796	0.00876	0.00647	0.00623	0.00870	0.00766	0.01112	0.01243	0.01830	0.01163	0.03428	0.76769	0.00736	0.05894	0.00507	0.00253	0.00432
52	0.02144	0.00813	0.01109	0.00850	0.01220	0.00702	0.00702	0.02329	0.01368	0.80552	0.01886	0.01627	0.01183	0.00592	0.00481	0.00148	0.00407	0.00481	0.00592	0.00813
53	0.01189	0.01027	0.01081	0.00973	0.01243	0.01189	0.00757	0.02540	0.79357	0.01999	0.01945	0.01783	0.01459	0.00648	0.00486	0.00162	0.00378	0.00540	0.00486	0.00757
54	0.01149	0.01093	0.01847	0.02773	0.74401	0.01094	0.01397	0.01439	0.02360	0.01549	0.01015	0.05844	0.00905	0.00491	0.00481	0.00145	0.00548	0.00481	0.00252	0.00736
55	0.67909	0.00980	0.00842	0.00716	0.01030	0.01110	0.00590	0.13291	0.01070	0.07562	0.00822	0.00891	0.00608	0.00474	0.00336	0.00147	0.00396	0.00300	0.00344	0.00583
56	0.00903	0.00850	0.01434	0.82054	0.03292	0.01062	0.01327	0.01221	0.00956	0.01221	0.00850	0.01274	0.00637	0.00478	0.00478	0.00159	0.00637	0.00425	0.00212	0.00531
57	0.01140	0.02910	0.19384	0.04547	0.49836	0.01152	0.05064	0.01476	0.01055	0.03334	0.00896	0.01148	0.00719	0.00457	0.00527	0.00148	0.04837	0.00414	0.00235	0.00721
58	0.00605	0.00518	0.04281	0.00680	0.00745	0.00427	0.00492	0.00708	0.00916	0.01221	0.02602	0.70487	0.06938	0.06086	0.00704	0.00206	0.00306	0.01256	0.00424	0.00398
59	0.01170	0.01122	0.01916	0.06617	0.76640	0.01132	0.01460	0.01455	0.01082	0.01546	0.00897	0.01187	0.00752	0.00428	0.00473	0.00143	0.00571	0.00426	0.00235	0.00747
60	0.01183	0.01136	0.01940	0.02934	0.80221	0.01136	0.01467	0.01467	0.01088	0.01562	0.00899	0.01183	0.00757	0.00426	0.00473	0.00142	0.00568	0.00426	0.00237	0.00757
61	0.00948	0.00820	0.02308	0.05231	0.01337	0.04866	0.16290	0.04705	0.01097	0.06730	0.02084	0.38817	0.06483	0.01027	0.00568	0.00176	0.00466	0.05144	0.00389	0.00512
62	0.01265	0.78796	0.02445	0.00843	0.01228	0.01867	0.00831	0.01415	0.00958	0.01126	0.00662	0.00783	0.00614	0.00433	0.00379	0.00108	0.05169	0.00265	0.00205	0.00608
63	0.00752	0.00537	0.00749	0.00859	0.00961	0.00534	0.00738	0.00958	0.01082	0.01410	0.02541	0.13009	0.02791	0.01338	0.00655	0.00218	0.00424	0.69568	0.00440	0.00435
64	0.01475	0.00878	0.01313	0.25108	0.12094	0.00899	0.02370	0.05706	0.02514	0.33597	0.03967	0.01651	0.05126	0.00577	0.00487	0.00151	0.00494	0.00496	0.00410	0.00686
65	0.01158	0.14065	0.42246	0.01398	0.01973	0.01213	0.20743	0.01581	0.01066	0.08748	0.00951	0.01100	0.00690	0.00447	0.00462	0.00146	0.00675	0.00403	0.00248	0.00687
66	0.00582	0.00416	0.00555	0.00666	0.00693	0.00388	0.00444	0.00666	0.00915	0.01220	0.02634	0.82891	0.03161	0.01497	0.00610	0.00194	0.00277	0.01359	0.00444	0.00388
67	0.00820	0.00422	0.00632	0.00632	0.00638	0.00427	0.00427	0.00638	0.00632	0.00849	0.00861	0.01482	0.00855	0.01790	0.07222	0.80343	0.00473	0.00422	0.00211	0.00222
68	0.01392	0.11868	0.01430	0.01177	0.09058	0.05609	0.00871	0.17225	0.36921	0.05630	0.01462	0.01480	0.01120	0.00583	0.00460	0.00147	0.00472	0.01946	0.00415	0.00735
69	0.01175	0.01059	0.01673	0.07402	0.07258	0.01112	0.24423	0.03317	0.33640	0.05855	0.06736	0.01655	0.01306	0.00564	0.00513	0.00158	0.00534	0.00548	0.00382	0.00689
70	0.00903	0.00850	0.01434	0.82054	0.03292	0.01062	0.01327	0.01221	0.00956	0.01221	0.00850	0.01274	0.00637	0.00478	0.00478	0.00159	0.00637	0.00425	0.00212	0.00531
71	0.00681	0.00518	0.00631	0.00609	0.00734	0.00486	0.00454	0.00950	0.06521	0.01739	0.53287	0.10474	0.19037	0.01046	0.00563	0.00157	0.00244	0.00913	0.00500	0.00457
72	0.01356	0.01837	0.28153	0.01363	0.01829	0.20199	0.17009	0.01815	0.09266	0.10911	0.01087	0.01185	0.00790	0.00489	0.00478	0.00147	0.00694	0.00420	0.00296	0.00675
73	0.02144	0.00813	0.01109	0.00850	0.01220	0.00702	0.00702	0.02329	0.01368	0.80552	0.01886	0.01627	0.01183	0.00592	0.00481	0.00148	0.00407	0.00481	0.00592	0.00813
74	0.86579	0.00924	0.00702	0.00629	0.00924	0.01072	0.00518	0.01405	0.00813	0.02144	0.00666	0.00776	0.00518	0.00444	0.00296	0.00148	0.00370	0.00259	0.00296	0.00518
75	0.01086	0.00503	0.00549	0.00508	0.00660	0.00485	0.00391	0.01302	0.01059	0.14009	0.01610	0.01758	0.01219	0.00562	0.00357	0.00117	0.00251	0.00451	0.72621	0.00503
76	0.01178	0.01917	0.46766	0.01468	0.02060	0.01121	0.22076	0.06796	0.01160	0.09388	0.01007	0.01154	0.00708	0.00462	0.00488	0.00153	0.00691	0.00427	0.00269	0.00708
77	0.01128	0.01289	0.02820	0.02015	0.02498	0.01209	0.78485	0.01531	0.01128	0.01531	0.00967	0.01289	0.00725	0.00403	0.00564	0.00161	0.00806	0.00564	0.00242	0.00645
78	0.00845	0.00746	0.01061	0.00968	0.01010	0.00974	0.00776	0.00975	0.00747	0.01115	0.01005	0.01591	0.00979	0.07727	0.40474	0.00499	0.37326	0.00483	0.00237	0.00460
79	0.86579	0.00924	0.00702	0.00629	0.00924	0.01072	0.00518	0.01405	0.00813	0.02144	0.00666	0.00776	0.00518	0.00444	0.00296	0.00148	0.00370	0.00259	0.00296	0.00518
80	0.00647	0.00486	0.00607	0.00636	0.00746	0.00446	0.00488	0.00816	0.01149	0.01519	0.29703	0.19241	0.24464	0.01206	0.00592	0.00175	0.00282	0.15903	0.00471	0.00424
81	0.15101	0.02337	0.09348	0.01214	0.01613	0.01192	0.19366	0.16119	0.18895	0.06857	0.01212	0.01273	0.00888	0.00512	0.00465	0.00152	0.00542	0.00450	0.00367	0.02097
82	0.00662	0.00477	0.00626	0.00661	0.00705	0.00472	0.01823	0.02095	0.00866	0.01165	0.03220	0.42785	0.03909	0.27003	0.10965	0.00344	0.00469	0.01006	0.00371	0.00376
83	0.01181	0.15025	0.29463	0.00966	0.01404	0.00987	0.01033	0.01452	0.01021	0.15752	0.01258	0.01373	0.05295	0.00787	0.04763	0.08616	0.00562	0.00406	0.00298	0.08359
84	0.01377	0.14539	0.01590	0.01086	0.01431	0.01214	0.12822	0.02161	0.39399	0.16862	0.01572	0.01510	0.01154	0.00560	0.00468	0.00149	0.00472	0.00486	0.00422	0.00727
85	0.00689	0.00461	0.00523	0.00529	0.00530	0.00459	0.00298	0.00694	0.00706	0.00942	0.01564	0.07255	0.01811	0.78975	0.02338	0.00449	0.00454	0.00729	0.00298	0.00295
86	0.01098	0.01112	0.01866	0.11712	0.36136	0.05612	0.19651	0.01391	0.01098	0.01465	0.01265	0.01792	0.05025	0.00559	0.00516	0.00156	0.00620	0.08018	0.00266	0.00642
87	0.00963	0.23663	0.38609	0.01040	0.01508	0.01171	0.01187	0.01306	0.00957	0.01315	0.01158	0.01357	0.06077	0.01110	0.16346	0.00260	0.00736	0.00403	0.00230	0.00606
88	0.66901	0.00941	0.00798	0.00698	0.00996	0.01073	0.00570	0.05574	0.09162	0.06494	0.00909	0.00968	0.00682	0.00482	0.00336	0.00148	0.00378	0.00313	0.02003	0.00573
89	0.00582	0.00416	0.00555	0.00666	0.00693	0.00388	0.00444	0.00666	0.00915	0.01220	0.02634	0.82891	0.03161	0.01497	0.00610	0.00194	0.00277	0.01359	0.00444	0.00388
90	0.01487	0.00895	0.01228	0.01003	0.01249	0.00969	0.04803	0.12239	0.05085	0.30676	0.01388	0.01506	0.01028	0.01283	0.18458	0.00296	0.14852	0.00477	0.00412	0.00666
91	0.00965	0.00929	0.01612	0.62613	0.15141	0.01091	0.06891	0.01280	0.00985	0.01295	0.00862	0.01257	0.00662	0.00471	0.00502	0.00158	0.02060	0.00435	0.00218	0.00574
92	0.01724	0.01783	0.01324	0.01131	0.01421	0.44297	0.00880	0.29983	0.05149	0.01913	0.00985	0.01055	0.00757	0.00533	0.00446	0.00132	0.00684	0.00370	0.04781	0.00652
93	0.01403	0.45860	0.03467	0.06556	0.05959	0.27086	0.00940	0.01573	0.01100	0.01177	0.00718	0.00859	0.00624	0.00442	0.00370	0.00116	0.00638	0.00295	0.00220	0.00599
94	0.00579	0.00485	0.00504	0.00499	0.00654	0.00410	0.00374	0.00714	0.01123	0.01372	0.14535	0.04467	0.70284	0.01180	0.00565	0.00160	0.00240	0.00990	0.00454	0.00410
95	0.00704	0.00713	0.08633	0.00849	0.00989	0.00558	0.06318	0.02508	0.00970	0.01309	0.02240	0.57761	0.02580	0.05507	0.00686	0.00202	0.00384	0.06246	0.00398	0.00446
96	0.00586	0.00423	0.00556	0.00654	0.00692	0.00392	0.00440	0.00679	0.00946	0.01259	0.06739	0.75142	0.06809	0.01457	0.00606	0.00190	0.00273	0.01317	0.00448	0.00392
97	0.01785	0.02278	0.01354	0.01231	0.01478	0.81284	0.00924	0.01909	0.01354	0.01170	0.00739	0.00862	0.00616	0.00493	0.00431	0.00123	0.00862	0.00308	0.00246	0.00554
98	0.01097	0.01018	0.01674	0.38992	0.39734	0.01125	0.01365	0.06555	0.01106	0.01504	0.00893	0.01222	0.00706	0.00460	0.00476	0.00150	0.00597	0.00426	0.00242	0.00657

[dist]
# distance from previous block
# <min> <max>
0	4

[block]
# block no. 1 follows, 53 sequences, length 30
# corresponding to MSA columns:
# 103-132
name=unknown_B
#
# <colnr> <probs for GDERKNQSTAVLIFYWHMCP>
#	G	D	E	R	K	N	Q	S	T	A	V	L	I	F	Y	W	H	M	C	P
0	0.01183	0.01136	0.01940	0.02934	0.80221	0.01136	0.01467	0.01467	0.01088	0.01562	0.00899	0.01183	0.00757	0.00426	0.00473	0.00142	0.00568	0.00426	0.00237	0.00757
1	0.00939	0.00731	0.00793	0.00748	0.00906	0.07828	0.00586	0.02681	0.06285	0.07006	0.45730	0.03370	0.06475	0.00944	0.00555	0.00160	0.00345	0.12927	0.00485	0.00507
2	0.00582	0.00416	0.00555	0.00666	0.00693	0.00388	0.00444	0.00666	0.00915	0.01220	0.02634	0.82891	0.03161	0.01497	0.00610	0.00194	0.00277	0.01359	0.00444	0.00388
3	0.02003	0.01040	0.01250	0.00958	0.01333	0.01039	0.00791	0.35261	0.01748	0.47084	0.01567	0.01420	0.01023	0.00584	0.00480	0.00146	0.00458	0.00459	0.00543	0.00813
4	0.01249	0.76115	0.09625	0.00867	0.01303	0.01820	0.00904	0.01439	0.00975	0.01160	0.00682	0.00789	0.00613	0.00413	0.00320	0.00107	0.00529	0.00264	0.00204	0.00622
5	0.00582	0.00416	0.00555	0.00666	0.00693	0.00388	0.00444	0.00666	0.00915	0.01220	0.02634	0.82891	0.03161	0.01497	0.00610	0.00194	0.00277	0.01359	0.00444	0.00388
6	0.02144	0.00813	0.01109	0.00850	0.01220	0.00702	0.00702	0.02329	0.01368	0.80552	0.01886	0.01627	0.01183	0.00592	0.00481	0.00148	0.00407	0.00481	0.00592	0.00813
7	0.00787	0.00546	0.00593	0.00555	0.00743	0.00474	0.00425	0.00972	0.04302	0.10923	0.08901	0.04065	0.62780	0.01099	0.00551	0.00159	0.00266	0.00917	0.00468	0.00470
8	0.00841	0.00446	0.00663	0.00653	0.00653	0.00466	0.00446	0.00648	0.00628	0.00846	0.00820	0.01433	0.00820	0.01621	0.01853	0.81936	0.04380	0.00415	0.00208	0.00223
9	0.00959	0.02472	0.80726	0.01362	0.02069	0.01110	0.01766	0.01514	0.01009	0.01514	0.00858	0.01009	0.00605	0.00454	0.00454	0.00151	0.00706	0.00353	0.00202	0.00706
10	0.00991	0.00850	0.00991	0.00708	0.01133	0.00637	0.00566	0.01203	0.00991	0.01557	0.00850	0.00991	0.00708	0.00354	0.00354	0.00071	0.00354	0.00283	0.00283	0.86124
11	0.01123	0.00879	0.01446	0.60285	0.12271	0.01017	0.01250	0.01418	0.01034	0.13194	0.01011	0.01316	0.00734	0.00489	0.00478	0.00155	0.00594	0.00433	0.00272	0.00601
12	0.01559	0.01211	0.01289	0.01048	0.01384	0.01362	0.00846	0.47422	0.33872	0.02597	0.01475	0.01408	0.01078	0.00604	0.00482	0.00151	0.00465	0.00475	0.00482	0.00790
13	0.00695	0.00463	0.00521	0.00521	0.00521	0.00463	0.00290	0.00695	0.00695	0.00927	0.01506	0.03128	0.01738	0.83203	0.02433	0.00463	0.00463	0.00695	0.00290	0.00290
14	0.00959	0.02472	0.80726	0.01362	0.02069	0.01110	0.01766	0.01514	0.01009	0.01514	0.00858	0.01009	0.00605	0.00454	0.00454	0.00151	0.00706	0.00353	0.00202	0.00706
15	0.02048	0.00908	0.01161	0.00896	0.01264	0.00851	0.00738	0.14701	0.05015	0.64459	0.01769	0.01556	0.01136	0.00591	0.00481	0.00148	0.00425	0.00475	0.00568	0.00811
16	0.00581	0.00421	0.00550	0.00653	0.00690	0.00389	0.00438	0.00667	0.00927	0.01225	0.02788	0.77436	0.08516	0.01477	0.00607	0.00192	0.00275	0.01334	0.00444	0.00389
17	0.01479	0.00667	0.00893	0.00735	0.00990	0.00588	0.00587	0.01679	0.01354	0.45039	0.35212	0.02530	0.04616	0.00772	0.00518	0.00149	0.00325	0.00658	0.00560	0.00649
18	0.01150	0.01150	0.01721	0.19002	0.48450	0.08964	0.03885	0.01422	0.01085	0.01438	0.00990	0.03075	0.00864	0.00508	0.00485	0.00149	0.00607	0.04145	0.00247	0.00663
19	0.00569	0.00466	0.00503	0.00532	0.00658	0.00399	0.00384	0.00681	0.01044	0.01273	0.04264	0.25096	0.59904	0.01286	0.00577	0.00170	0.00251	0.01100	0.00444	0.00399
20	0.06985	0.01228	0.01337	0.01030	0.01406	0.01330	0.00851	0.61473	0.02017	0.15658	0.01239	0.01204	0.00856	0.00569	0.00468	0.00144	0.00497	0.00428	0.00486	0.00795
21	0.00990	0.01123	0.08429	0.47734	0.09915	0.01110	0.21122	0.01347	0.01016	0.01355	0.00885	0.01248	0.00668	0.00452	0.00498	0.00158	0.00680	0.00455	0.00221	0.00595
22	0.01033	0.09433	0.51932	0.01476	0.02082	0.01214	0.21157	0.01502	0.01029	0.01474	0.00862	0.01059	0.00637	0.00446	0.00496	0.00151	0.02726	0.00400	0.00212	0.00678
23	0.00824	0.00715	0.01110	0.41480	0.07635	0.00813	0.00946	0.01079	0.02530	0.01341	0.13999	0.10639	0.04001	0.10027	0.00729	0.00195	0.00491	0.00645	0.00310	0.00492
24	0.01600	0.05794	0.01144	0.00870	0.04642	0.00751	0.00676	0.01799	0.01208	0.42829	0.05035	0.01474	0.01152	0.00523	0.00431	0.00122	0.00388	0.00425	0.04591	0.24545
25	0.01355	0.05119	0.30151	0.01017	0.01454	0.05735	0.01065	0.01713	0.03605	0.26681	0.15602	0.01676	0.01527	0.00599	0.00476	0.00147	0.00514	0.00485	0.00396	0.00682
26	0.00860	0.06649	0.10203	0.01192	0.14365	0.00797	0.05999	0.01130	0.01178	0.01647	0.38038	0.02488	0.06914	0.00918	0.05390	0.00184	0.00460	0.00657	0.00379	0.00551
27	0.19562	0.25188	0.35921	0.01056	0.01564	0.04994	0.02787	0.01485	0.00974	0.01524	0.00758	0.00889	0.00592	0.00440	0.00379	0.00136	0.00587	0.00307	0.00226	0.00631
28	0.30211	0.01329	0.13122	0.04749	0.05142	0.07303	0.02676	0.16112	0.05928	0.02021	0.00955	0.01071	0.00721	0.00493	0.00402	0.00145	0.00510	0.00361	0.06120	0.00629
29	0.10369	0.02297	0.04457	0.02212	0.00940	0.07861	0.00600	0.01024	0.01004	0.03524	0.04259	0.29123	0.13785	0.04106	0.03514	0.00202	0.00423	0.07354	0.02488	0.00458

[dist]
# distance from previous block
# <min> <max>
0	97

# created by:
# /st0/software/busco_prod/Augustus/scripts/msa2prfl.pl ./align_prep/67721.fa
