[name]
unknown

[dist]
# distance from previous block
# <min> <max>
0	71

[block]
# block no. 0 follows, 45 sequences, length 62
# corresponding to MSA columns:
# 71-132
name=unknown_A
#
# <colnr> <probs for GDERKNQSTAVLIFYWHMCP>
#	G	D	E	R	K	N	Q	S	T	A	V	L	I	F	Y	W	H	M	C	P
0	0.00865	0.00618	0.00865	0.00989	0.01112	0.00618	0.00865	0.01112	0.01236	0.01606	0.02842	0.06055	0.03089	0.01483	0.00741	0.00247	0.00494	0.74174	0.00494	0.00494
1	0.00880	0.00575	0.00756	0.00696	0.00844	0.00527	0.00527	0.01130	0.01521	0.07715	0.71986	0.03850	0.04791	0.01066	0.00626	0.00169	0.00268	0.00939	0.00596	0.00536
2	0.00826	0.00512	0.00707	0.00688	0.00759	0.00488	0.00490	0.00876	0.01168	0.01628	0.43676	0.05866	0.03331	0.01430	0.01230	0.34360	0.00342	0.00786	0.00442	0.00393
3	0.00664	0.00475	0.00632	0.00741	0.00781	0.00442	0.00499	0.00772	0.01073	0.01442	0.09819	0.73719	0.03690	0.01628	0.00680	0.00213	0.00306	0.01475	0.00507	0.00442
4	0.01581	0.03515	0.31121	0.01420	0.01975	0.10208	0.06200	0.30392	0.04502	0.02318	0.01122	0.01222	0.00815	0.00570	0.00524	0.00163	0.00725	0.00445	0.00366	0.00816
5	0.01976	0.01471	0.01574	0.01222	0.01640	0.01634	0.01005	0.69265	0.09362	0.03278	0.01371	0.01354	0.00980	0.00652	0.00538	0.00163	0.00575	0.00495	0.00538	0.00907
6	0.00981	0.00502	0.00508	0.00508	0.00622	0.00502	0.00371	0.01209	0.01095	0.01916	0.01746	0.02136	0.01427	0.07794	0.00585	0.00160	0.00274	0.00525	0.76655	0.00485
7	0.00932	0.00466	0.00699	0.00699	0.00699	0.00466	0.00466	0.00699	0.00699	0.00932	0.00932	0.01632	0.00932	0.01865	0.02098	0.84382	0.00466	0.00466	0.00233	0.00233
8	0.01995	0.01481	0.01585	0.01226	0.01647	0.01643	0.01009	0.71288	0.07307	0.03310	0.01346	0.01335	0.00960	0.00650	0.00538	0.00162	0.00580	0.00491	0.00538	0.00909
9	0.01113	0.00954	0.01113	0.00795	0.01272	0.00716	0.00636	0.01352	0.01113	0.01749	0.00954	0.01113	0.00795	0.00398	0.00398	0.00080	0.00398	0.00318	0.00318	0.84417
10	0.00738	0.00531	0.00540	0.00540	0.00682	0.00474	0.00388	0.00879	0.01134	0.01510	0.04046	0.04210	0.49087	0.13364	0.00897	0.00220	0.00305	0.00938	0.19072	0.00444
11	0.00634	0.00544	0.00544	0.00544	0.00725	0.00453	0.00408	0.00770	0.01224	0.01450	0.05438	0.05166	0.77569	0.01359	0.00634	0.00181	0.00272	0.01133	0.00498	0.00453
12	0.00934	0.00477	0.00720	0.02483	0.00767	0.00483	0.00489	0.00714	0.00708	0.00942	0.00933	0.01627	0.00928	0.01835	0.02063	0.82484	0.00472	0.00466	0.00233	0.00241
13	0.01809	0.01388	0.01480	0.01188	0.01576	0.01556	0.00964	0.51963	0.26935	0.03009	0.01583	0.01523	0.01151	0.00672	0.00540	0.00168	0.00536	0.00524	0.00540	0.00892
14	0.01821	0.26163	0.01902	0.01238	0.01570	0.54390	0.00998	0.01997	0.02913	0.01317	0.00832	0.00957	0.00710	0.00529	0.00443	0.00132	0.00839	0.00333	0.00268	0.00647
15	0.02012	0.03632	0.01597	0.01293	0.01656	0.35462	0.01026	0.42171	0.02056	0.02435	0.01077	0.01140	0.00811	0.00601	0.00510	0.00150	0.00755	0.00419	0.00417	0.00781
16	0.00750	0.00541	0.00709	0.00682	0.00800	0.00500	0.00506	0.00989	0.01474	0.02081	0.70643	0.11076	0.04925	0.01151	0.00638	0.00173	0.00259	0.01022	0.00582	0.00500
17	0.01208	0.01152	0.01961	0.32630	0.49394	0.01244	0.01587	0.01542	0.01165	0.01607	0.00988	0.01368	0.00799	0.00501	0.00533	0.00167	0.00668	0.00478	0.00255	0.00753
18	0.01632	0.01369	0.01376	0.01162	0.01509	0.06452	0.00923	0.29064	0.45300	0.02594	0.01776	0.01680	0.01317	0.00687	0.00539	0.00172	0.00519	0.00546	0.00526	0.00858
19	0.84927	0.01038	0.00789	0.00706	0.01038	0.01204	0.00581	0.01578	0.00914	0.02408	0.00747	0.00872	0.00581	0.00498	0.00332	0.00166	0.00415	0.00291	0.00332	0.00581
20	0.01878	0.01347	0.01437	0.01120	0.01502	0.01483	0.00919	0.64305	0.02305	0.03167	0.01361	0.01400	0.00985	0.00641	0.00512	0.00155	0.00537	0.00486	0.13610	0.00848
21	0.00767	0.00575	0.00863	0.00863	0.00959	0.00671	0.00671	0.00959	0.00863	0.01246	0.01438	0.02109	0.01342	0.04026	0.79008	0.00863	0.01438	0.00575	0.00288	0.00479
22	0.02362	0.00900	0.01221	0.00940	0.01346	0.00779	0.00775	0.02571	0.01523	0.75632	0.02106	0.01833	0.01330	0.00663	0.00534	0.00165	0.00450	0.00539	0.03433	0.00900
23	0.00737	0.00548	0.00686	0.00651	0.00788	0.00497	0.00489	0.00969	0.01466	0.02025	0.64392	0.04220	0.18256	0.01145	0.00633	0.00171	0.00257	0.01000	0.00574	0.00497
24	0.02408	0.00914	0.01246	0.00955	0.01370	0.00789	0.00789	0.02616	0.01536	0.78158	0.02118	0.01827	0.01329	0.00664	0.00540	0.00166	0.00457	0.00540	0.00664	0.00914
25	0.14476	0.00794	0.00952	0.00800	0.01077	0.00758	0.00630	0.01836	0.03038	0.35845	0.19329	0.03831	0.02187	0.08164	0.00728	0.00199	0.00398	0.00642	0.03627	0.00688
26	0.00767	0.00575	0.00863	0.00863	0.00959	0.00671	0.00671	0.00959	0.00863	0.01246	0.01438	0.02109	0.01342	0.04026	0.79008	0.00863	0.01438	0.00575	0.00288	0.00479
27	0.01351	0.01161	0.01223	0.01096	0.01402	0.01343	0.00854	0.04510	0.75133	0.02271	0.02164	0.01987	0.01622	0.00726	0.00546	0.00182	0.00429	0.00604	0.00546	0.00851
28	0.01804	0.00845	0.01101	0.00914	0.01232	0.00784	0.00745	0.04575	0.07641	0.45844	0.17015	0.02716	0.03952	0.00845	0.00579	0.00176	0.00418	0.07418	0.00617	0.00780
29	0.02390	0.00943	0.01264	0.00969	0.01385	0.00832	0.00800	0.06262	0.01585	0.74443	0.02077	0.01800	0.01308	0.00663	0.00540	0.00166	0.00463	0.00537	0.00658	0.00913
30	0.03677	0.00554	0.00701	0.00778	0.00873	0.00534	0.00583	0.00941	0.02733	0.01594	0.13399	0.41739	0.10573	0.01464	0.00670	0.00212	0.00347	0.17647	0.00505	0.00474
31	0.01961	0.01427	0.01526	0.01179	0.01585	0.01576	0.00971	0.70283	0.02417	0.03277	0.01324	0.01343	0.00948	0.00643	0.00525	0.00158	0.00565	0.00485	0.06926	0.00881
32	0.00990	0.00649	0.00789	0.00728	0.00915	0.00608	0.00558	0.01318	0.08349	0.11391	0.38859	0.05485	0.21203	0.02514	0.00656	0.00182	0.00313	0.03358	0.00564	0.00571
33	0.00729	0.00540	0.00680	0.00660	0.00787	0.00491	0.00489	0.00948	0.01425	0.01963	0.58619	0.11269	0.17023	0.01195	0.00638	0.00175	0.00262	0.01049	0.00567	0.00491
34	0.00705	0.00507	0.00650	0.00744	0.00800	0.00480	0.00525	0.00814	0.01044	0.01368	0.02981	0.50187	0.10052	0.13300	0.00991	0.00264	0.00369	0.13317	0.00472	0.00431
35	0.00680	0.00583	0.00587	0.00579	0.00768	0.00510	0.00436	0.00904	0.06090	0.01501	0.05228	0.04962	0.72681	0.01319	0.00629	0.00181	0.00282	0.01099	0.00502	0.00479
36	0.01335	0.01153	0.01214	0.01092	0.01396	0.01335	0.00850	0.02852	0.76817	0.02245	0.02185	0.02003	0.01639	0.00728	0.00546	0.00182	0.00425	0.00607	0.00546	0.00850
37	0.00734	0.00537	0.00706	0.00812	0.00901	0.00510	0.00628	0.00893	0.01137	0.01474	0.03274	0.40574	0.14154	0.01557	0.00700	0.00224	0.00377	0.29849	0.00497	0.00461
38	0.00794	0.00676	0.00700	0.00671	0.00875	0.00648	0.00510	0.01237	0.17627	0.01668	0.09372	0.04406	0.56444	0.01206	0.00615	0.00181	0.00304	0.01008	0.00515	0.00543
39	0.04638	0.01002	0.01077	0.00901	0.01196	0.01063	0.00720	0.27610	0.12039	0.08068	0.08683	0.02373	0.13707	0.00802	0.00529	0.00163	0.00418	0.00645	0.13647	0.00719
40	0.00767	0.00575	0.00863	0.00863	0.00959	0.00671	0.00671	0.00959	0.00863	0.01246	0.01438	0.02109	0.01342	0.04026	0.79008	0.00863	0.01438	0.00575	0.00288	0.00479
41	0.01170	0.00931	0.00937	0.00972	0.01139	0.13261	0.00810	0.01398	0.01284	0.06551	0.02296	0.04314	0.02315	0.01143	0.00628	0.00205	0.00529	0.45741	0.13834	0.00543
42	0.00674	0.00481	0.00645	0.00770	0.00809	0.00453	0.00532	0.00781	0.01047	0.01392	0.02948	0.73877	0.03508	0.01663	0.00690	0.00221	0.00328	0.08241	0.00498	0.00441
43	0.01601	0.00781	0.00995	0.00862	0.01121	0.00734	0.00671	0.07401	0.04547	0.35614	0.09217	0.22840	0.02246	0.00971	0.00573	0.00177	0.00391	0.00835	0.07711	0.00712
44	0.77204	0.01030	0.00865	0.07990	0.01283	0.01203	0.00665	0.01559	0.00928	0.02313	0.00766	0.00923	0.00594	0.00502	0.00351	0.00167	0.00443	0.00308	0.00324	0.00583
45	0.84927	0.01038	0.00789	0.00706	0.01038	0.01204	0.00581	0.01578	0.00914	0.02408	0.00747	0.00872	0.00581	0.00498	0.00332	0.00166	0.00415	0.00291	0.00332	0.00581
46	0.01217	0.33514	0.48843	0.01291	0.01954	0.01589	0.01567	0.01664	0.01117	0.01529	0.00879	0.01027	0.00683	0.00490	0.00445	0.00148	0.00708	0.00354	0.00228	0.00753
47	0.02041	0.01504	0.01611	0.01235	0.01665	0.01665	0.01020	0.75997	0.02524	0.03383	0.01289	0.01289	0.00913	0.00644	0.00537	0.00161	0.00591	0.00483	0.00537	0.00913
48	0.13719	0.01138	0.01260	0.01013	0.01391	0.01201	0.00826	0.24628	0.15332	0.28510	0.01673	0.01567	0.01155	0.00645	0.00505	0.00166	0.00478	0.00498	0.03453	0.00840
49	0.01267	0.01448	0.03167	0.02262	0.02805	0.01357	0.75837	0.01719	0.01267	0.01719	0.01086	0.01448	0.00814	0.00452	0.00633	0.00181	0.00905	0.00633	0.00271	0.00724
50	0.00654	0.00467	0.00623	0.00747	0.00779	0.00436	0.00498	0.00747	0.01028	0.01370	0.02959	0.80785	0.03550	0.01682	0.00685	0.00218	0.00311	0.01526	0.00498	0.00436
51	0.00767	0.00575	0.00863	0.00863	0.00959	0.00671	0.00671	0.00959	0.00863	0.01246	0.01438	0.02109	0.01342	0.04026	0.79008	0.00863	0.01438	0.00575	0.00288	0.00479
52	0.02024	0.01495	0.01602	0.01232	0.01658	0.01657	0.01016	0.74301	0.04247	0.03357	0.01310	0.01305	0.00930	0.00646	0.00537	0.00162	0.00587	0.00486	0.00537	0.00911
53	0.01113	0.00954	0.01113	0.00795	0.01272	0.00716	0.00636	0.01352	0.01113	0.01749	0.00954	0.01113	0.00795	0.00398	0.00398	0.00080	0.00398	0.00318	0.00318	0.84417
54	0.00654	0.00467	0.00623	0.00747	0.00779	0.00436	0.00498	0.00747	0.01028	0.01370	0.02959	0.80785	0.03550	0.01682	0.00685	0.00218	0.00311	0.01526	0.00498	0.00436
55	0.00781	0.00520	0.00585	0.00585	0.00585	0.00520	0.00325	0.00781	0.00781	0.01041	0.01691	0.03513	0.01952	0.81135	0.02732	0.00520	0.00520	0.00781	0.00325	0.00325
56	0.01077	0.02777	0.78354	0.01530	0.02323	0.01247	0.01983	0.01700	0.01133	0.01700	0.00963	0.01133	0.00680	0.00510	0.00510	0.00170	0.00793	0.00397	0.00227	0.00793
57	0.01352	0.01162	0.01224	0.01096	0.01402	0.01343	0.00854	0.04649	0.74992	0.02273	0.02163	0.01985	0.01621	0.00726	0.00546	0.00182	0.00429	0.00604	0.00546	0.00851
58	0.01491	0.74099	0.02702	0.00948	0.01404	0.02082	0.00928	0.08454	0.01223	0.01458	0.00796	0.00900	0.00709	0.00476	0.00362	0.00119	0.00576	0.00305	0.00258	0.00709
59	0.00645	0.00537	0.00563	0.00571	0.00735	0.00455	0.00423	0.00785	0.01226	0.01490	0.10094	0.12047	0.65842	0.01371	0.00639	0.00184	0.00274	0.01158	0.00505	0.00455
60	0.01065	0.08376	0.01743	0.69572	0.06396	0.01282	0.01444	0.01404	0.01081	0.01377	0.00937	0.01375	0.00718	0.00527	0.00519	0.00172	0.00699	0.00460	0.00239	0.00615
61	0.01552	0.31678	0.01913	0.01066	0.01444	0.06672	0.00918	0.19813	0.20892	0.02027	0.01293	0.01339	0.01026	0.00793	0.05172	0.00190	0.00617	0.00437	0.00391	0.00767

[dist]
# distance from previous block
# <min> <max>
0	1

[block]
# block no. 1 follows, 45 sequences, length 107
# corresponding to MSA columns:
# 134-240
name=unknown_B
#
# <colnr> <probs for GDERKNQSTAVLIFYWHMCP>
#	G	D	E	R	K	N	Q	S	T	A	V	L	I	F	Y	W	H	M	C	P
0	0.02041	0.01504	0.01611	0.01235	0.01665	0.01665	0.01020	0.75997	0.02524	0.03383	0.01289	0.01289	0.00913	0.00644	0.00537	0.00161	0.00591	0.00483	0.00537	0.00913
1	0.00865	0.00618	0.00865	0.00989	0.01112	0.00618	0.00865	0.01112	0.01236	0.01606	0.02842	0.06055	0.03089	0.01483	0.00741	0.00247	0.00494	0.74174	0.00494	0.00494
2	0.01093	0.01054	0.01695	0.01233	0.01689	0.00885	0.24943	0.01386	0.01179	0.01696	0.01648	0.01810	0.11959	0.00555	0.00508	0.00127	0.00544	0.00539	0.00329	0.45125
3	0.00825	0.00630	0.00704	0.00656	0.00817	0.00591	0.00485	0.07763	0.01378	0.01800	0.28108	0.04201	0.36271	0.12325	0.00917	0.00223	0.00330	0.00971	0.00508	0.00495
4	0.01318	0.00655	0.00906	0.00799	0.00990	0.00616	0.00616	0.01460	0.01274	0.26058	0.27608	0.02585	0.02540	0.01566	0.13447	0.15251	0.00546	0.00680	0.00502	0.00583
5	0.84927	0.01038	0.00789	0.00706	0.01038	0.01204	0.00581	0.01578	0.00914	0.02408	0.00747	0.00872	0.00581	0.00498	0.00332	0.00166	0.00415	0.00291	0.00332	0.00581
6	0.60577	0.00987	0.00872	0.00773	0.01089	0.01100	0.00624	0.03408	0.05095	0.11722	0.01210	0.08403	0.01011	0.00643	0.00407	0.00172	0.00415	0.00456	0.00405	0.00631
7	0.00751	0.00538	0.00606	0.00620	0.00682	0.00513	0.00408	0.00815	0.00950	0.01214	0.02821	0.04241	0.22257	0.50839	0.01947	0.00399	0.00451	0.09176	0.00391	0.00379
8	0.00784	0.00521	0.00618	0.00621	0.00631	0.00529	0.00369	0.00792	0.00790	0.01062	0.01658	0.05170	0.01880	0.67874	0.09657	0.05027	0.00597	0.00763	0.00321	0.00337
9	0.00634	0.00544	0.00544	0.00544	0.00725	0.00453	0.00408	0.00770	0.01224	0.01450	0.05438	0.05166	0.77569	0.01359	0.00634	0.00181	0.00272	0.01133	0.00498	0.00453
10	0.00946	0.00684	0.00751	0.00704	0.00848	0.00676	0.00498	0.10613	0.04378	0.03358	0.04509	0.12592	0.26169	0.27691	0.01312	0.00294	0.00410	0.00927	0.02144	0.00497
11	0.00769	0.00565	0.00813	0.00813	0.00892	0.00644	0.00610	0.00927	0.00848	0.01210	0.01483	0.02358	0.01450	0.17735	0.65447	0.00802	0.01275	0.00612	0.00294	0.00452
12	0.00752	0.00508	0.00594	0.00622	0.00629	0.00501	0.00364	0.00773	0.00836	0.01115	0.01976	0.20847	0.02310	0.63311	0.02273	0.00453	0.00474	0.00948	0.00364	0.00350
13	0.00696	0.00503	0.00620	0.00687	0.00768	0.00456	0.00473	0.00809	0.01107	0.02883	0.08623	0.51047	0.21955	0.05788	0.00776	0.00221	0.00312	0.01331	0.00499	0.00448
14	0.00777	0.00511	0.00687	0.00786	0.00849	0.00480	0.00558	0.00895	0.01077	0.05498	0.02873	0.65391	0.03340	0.03202	0.00726	0.00225	0.00347	0.10807	0.00503	0.00467
15	0.00686	0.00515	0.00606	0.00656	0.00743	0.00470	0.00454	0.00795	0.01091	0.01398	0.08194	0.32982	0.28621	0.15652	0.01031	0.00258	0.00340	0.04606	0.00473	0.00429
16	0.00640	0.00544	0.00552	0.00550	0.00729	0.00456	0.00412	0.00781	0.01237	0.01482	0.08746	0.05113	0.74241	0.01347	0.00634	0.00181	0.00271	0.01125	0.00503	0.00456
17	0.00962	0.00574	0.00715	0.00715	0.00864	0.00509	0.00520	0.01099	0.01210	0.14672	0.09912	0.37426	0.24655	0.02727	0.00676	0.00199	0.00324	0.01182	0.00532	0.00527
18	0.02172	0.01293	0.01481	0.01135	0.01560	0.01353	0.00938	0.49842	0.02172	0.30035	0.01584	0.01481	0.01061	0.00652	0.00538	0.00163	0.00543	0.00503	0.00582	0.00913
19	0.02162	0.01309	0.01491	0.01143	0.01568	0.01376	0.00944	0.51807	0.02198	0.28033	0.01562	0.01466	0.01050	0.00651	0.00538	0.00163	0.00547	0.00502	0.00579	0.00913
20	0.24810	0.00783	0.00878	0.00821	0.01017	0.00888	0.00649	0.07567	0.01057	0.01791	0.03219	0.01948	0.06064	0.03746	0.41847	0.00539	0.00958	0.00534	0.00343	0.00542
21	0.18865	0.00614	0.00683	0.00741	0.00848	0.00628	0.00527	0.00992	0.01002	0.03297	0.02335	0.50150	0.02681	0.09044	0.00806	0.00236	0.00367	0.05263	0.00449	0.00471
22	0.00748	0.00554	0.00702	0.00682	0.00817	0.00508	0.00523	0.00981	0.01443	0.01984	0.58474	0.04393	0.17127	0.01177	0.00643	0.00178	0.00279	0.07724	0.00566	0.00496
23	0.00838	0.00546	0.00755	0.00755	0.00847	0.00608	0.00574	0.01000	0.00908	0.01392	0.01472	0.02071	0.01326	0.04737	0.51546	0.08354	0.01046	0.00552	0.20215	0.00458
24	0.00815	0.00637	0.00933	0.08105	0.01178	0.00748	0.00721	0.00995	0.00904	0.01281	0.05449	0.02282	0.01528	0.13791	0.52692	0.00679	0.05875	0.00609	0.00301	0.00477
25	0.50566	0.01099	0.01049	0.00863	0.01232	0.01199	0.00712	0.16041	0.01361	0.19588	0.01158	0.01166	0.00812	0.00563	0.00418	0.00165	0.00458	0.00383	0.00446	0.00719
26	0.00641	0.00519	0.00570	0.00611	0.00743	0.00448	0.00438	0.00763	0.01159	0.01424	0.04621	0.30094	0.53169	0.01466	0.00651	0.00193	0.00285	0.01262	0.00498	0.00448
27	0.01268	0.01214	0.02070	0.17908	0.63643	0.01260	0.01617	0.01595	0.01194	0.01681	0.00999	0.01348	0.00825	0.00489	0.00532	0.00163	0.00653	0.00478	0.00261	0.00802
28	0.00815	0.00689	0.00723	0.00689	0.00893	0.00669	0.00524	0.01293	0.19231	0.01719	0.12856	0.04282	0.51274	0.01180	0.00613	0.00180	0.00306	0.00989	0.00520	0.00553
29	0.01692	0.01323	0.01429	0.04376	0.05074	0.04284	0.00969	0.42571	0.18210	0.02740	0.01516	0.01611	0.01142	0.00664	0.00526	0.00164	0.00543	0.02158	0.08183	0.00826
30	0.01269	0.01084	0.01157	0.01045	0.01328	0.01241	0.00810	0.02642	0.68221	0.02235	0.10783	0.02232	0.02030	0.00770	0.00556	0.00181	0.00405	0.00648	0.00551	0.00810
31	0.01014	0.00954	0.01610	0.79845	0.03697	0.01193	0.01491	0.01371	0.01073	0.01371	0.00954	0.01431	0.00716	0.00537	0.00537	0.00179	0.00716	0.00477	0.00239	0.00596
32	0.84927	0.01038	0.00789	0.00706	0.01038	0.01204	0.00581	0.01578	0.00914	0.02408	0.00747	0.00872	0.00581	0.00498	0.00332	0.00166	0.00415	0.00291	0.00332	0.00581
33	0.00912	0.00473	0.00684	0.00684	0.00684	0.00473	0.00447	0.00710	0.00710	0.00947	0.01034	0.01883	0.01068	0.12446	0.02183	0.73188	0.00473	0.00508	0.00245	0.00245
34	0.00704	0.00503	0.00680	0.00805	0.00858	0.00479	0.00585	0.00834	0.01077	0.01426	0.02931	0.63017	0.03441	0.01634	0.00699	0.00225	0.00355	0.18799	0.00497	0.00450
35	0.00654	0.00467	0.00623	0.00747	0.00779	0.00436	0.00498	0.00747	0.01028	0.01370	0.02959	0.80785	0.03550	0.01682	0.00685	0.00218	0.00311	0.01526	0.00498	0.00436
36	0.01113	0.00954	0.01113	0.00795	0.01272	0.00716	0.00636	0.01352	0.01113	0.01749	0.00954	0.01113	0.00795	0.00398	0.00398	0.00080	0.00398	0.00318	0.00318	0.84417
37	0.00932	0.00466	0.00699	0.00699	0.00699	0.00466	0.00466	0.00699	0.00699	0.00932	0.00932	0.01632	0.00932	0.01865	0.02098	0.84382	0.00466	0.00466	0.00233	0.00233
38	0.00654	0.00467	0.00623	0.00747	0.00779	0.00436	0.00498	0.00747	0.01028	0.01370	0.02959	0.80785	0.03550	0.01682	0.00685	0.00218	0.00311	0.01526	0.00498	0.00436
39	0.19112	0.00864	0.00880	0.00786	0.01025	0.00917	0.00601	0.07460	0.15626	0.07111	0.10396	0.02738	0.16230	0.12998	0.00856	0.00226	0.00405	0.00690	0.00470	0.00610
40	0.00709	0.00552	0.00841	0.00875	0.00949	0.00517	0.06967	0.00832	0.01044	0.01394	0.02774	0.72517	0.03285	0.03070	0.00719	0.00221	0.00366	0.01435	0.00476	0.00459
41	0.00841	0.00581	0.00700	0.00700	0.00818	0.00549	0.00519	0.01015	0.02713	0.04899	0.19104	0.04398	0.20626	0.24515	0.01260	0.00289	0.00395	0.15138	0.00475	0.00464
42	0.77193	0.00993	0.00782	0.00703	0.01016	0.01140	0.00574	0.01526	0.00969	0.02385	0.07800	0.01160	0.00993	0.00553	0.00360	0.00166	0.00400	0.00353	0.00356	0.00574
43	0.00673	0.00510	0.00615	0.00675	0.00769	0.00460	0.00477	0.00801	0.01145	0.01479	0.12016	0.41109	0.28051	0.04790	0.00750	0.00214	0.00308	0.04210	0.00501	0.00447
44	0.22130	0.00906	0.01043	0.00847	0.01196	0.00876	0.00691	0.05473	0.01403	0.42707	0.08958	0.02057	0.08021	0.00723	0.00506	0.00167	0.00418	0.00567	0.00557	0.00756
45	0.00634	0.00544	0.00544	0.00544	0.00725	0.00453	0.00408	0.00770	0.01224	0.01450	0.05438	0.05166	0.77569	0.01359	0.00634	0.00181	0.00272	0.01133	0.00498	0.00453
46	0.00913	0.00584	0.00744	0.00793	0.00899	0.00559	0.00559	0.01152	0.08058	0.10087	0.02907	0.61199	0.06522	0.01465	0.00654	0.00207	0.00336	0.01313	0.00521	0.00528
47	0.00780	0.00523	0.00600	0.00600	0.00605	0.00528	0.00344	0.00790	0.00785	0.01052	0.01678	0.03438	0.01919	0.77014	0.06809	0.00539	0.00569	0.00770	0.00323	0.00333
48	0.01267	0.01448	0.03167	0.02262	0.02805	0.01357	0.75837	0.01719	0.01267	0.01719	0.01086	0.01448	0.00814	0.00452	0.00633	0.00181	0.00905	0.00633	0.00271	0.00724
49	0.00744	0.00505	0.00596	0.00633	0.00642	0.00496	0.00376	0.00771	0.00853	0.01137	0.02060	0.26007	0.02417	0.58006	0.02136	0.00432	0.00460	0.00998	0.00376	0.00357
50	0.04838	0.00581	0.00668	0.00659	0.00797	0.00562	0.00488	0.03357	0.01270	0.04714	0.23588	0.20969	0.09281	0.01060	0.00550	0.00168	0.00293	0.00914	0.24729	0.00515
51	0.00859	0.00492	0.00644	0.00644	0.00644	0.00492	0.00398	0.00738	0.00738	0.00985	0.01298	0.02538	0.01423	0.40051	0.02403	0.43984	0.00492	0.00618	0.00277	0.00277
52	0.56724	0.01196	0.01069	0.00886	0.01251	0.01361	0.00731	0.26899	0.01461	0.02740	0.00932	0.01014	0.00694	0.00548	0.00402	0.00164	0.00475	0.00356	0.00402	0.00694
53	0.00649	0.00485	0.00605	0.00700	0.00766	0.00440	0.00477	0.00753	0.01073	0.01389	0.03532	0.63299	0.20666	0.01607	0.00673	0.00210	0.00302	0.01435	0.00498	0.00440
54	0.00932	0.00466	0.00699	0.00699	0.00699	0.00466	0.00466	0.00699	0.00699	0.00932	0.00932	0.01632	0.00932	0.01865	0.02098	0.84382	0.00466	0.00466	0.00233	0.00233
55	0.00763	0.00642	0.01075	0.01017	0.01139	0.00600	0.13893	0.00920	0.01070	0.01432	0.02626	0.66680	0.03064	0.01463	0.00676	0.00211	0.00417	0.01367	0.00458	0.00487
56	0.00639	0.00526	0.00562	0.00591	0.00737	0.00449	0.00429	0.00765	0.01178	0.01432	0.04865	0.22652	0.60453	0.01434	0.00646	0.00190	0.00281	0.01224	0.00498	0.00449
57	0.65466	0.00931	0.00806	0.00742	0.01020	0.01081	0.00602	0.01435	0.00902	0.02140	0.00907	0.01158	0.00757	0.01314	0.18525	0.00327	0.00652	0.00356	0.00322	0.00558
58	0.84927	0.01038	0.00789	0.00706	0.01038	0.01204	0.00581	0.01578	0.00914	0.02408	0.00747	0.00872	0.00581	0.00498	0.00332	0.00166	0.00415	0.00291	0.00332	0.00581
59	0.00767	0.00575	0.00863	0.00863	0.00959	0.00671	0.00671	0.00959	0.00863	0.01246	0.01438	0.02109	0.01342	0.04026	0.79008	0.00863	0.01438	0.00575	0.00288	0.00479
60	0.00767	0.00575	0.00863	0.00863	0.00959	0.00671	0.00671	0.00959	0.00863	0.01246	0.01438	0.02109	0.01342	0.04026	0.79008	0.00863	0.01438	0.00575	0.00288	0.00479
61	0.00634	0.00544	0.00544	0.00544	0.00725	0.00453	0.00408	0.00770	0.01224	0.01450	0.05438	0.05166	0.77569	0.01359	0.00634	0.00181	0.00272	0.01133	0.00498	0.00453
62	0.00767	0.00575	0.00863	0.00863	0.00959	0.00671	0.00671	0.00959	0.00863	0.01246	0.01438	0.02109	0.01342	0.04026	0.79008	0.00863	0.01438	0.00575	0.00288	0.00479
63	0.00654	0.00467	0.00623	0.00747	0.00779	0.00436	0.00498	0.00747	0.01028	0.01370	0.02959	0.80785	0.03550	0.01682	0.00685	0.00218	0.00311	0.01526	0.00498	0.00436
64	0.01042	0.02116	0.49615	0.01506	0.02138	0.01130	0.16357	0.01550	0.01189	0.01692	0.05091	0.01860	0.11049	0.00638	0.00557	0.00174	0.00722	0.00567	0.00288	0.00722
65	0.01328	0.01419	0.03065	0.02193	0.02729	0.01327	0.71826	0.01767	0.01281	0.05805	0.01141	0.01468	0.00842	0.00464	0.00628	0.00180	0.00881	0.00628	0.00292	0.00734
66	0.01335	0.01153	0.01214	0.01092	0.01396	0.01335	0.00850	0.02852	0.76817	0.02245	0.02185	0.02003	0.01639	0.00728	0.00546	0.00182	0.00425	0.00607	0.00546	0.00850
67	0.00731	0.00508	0.00640	0.00687	0.00713	0.00510	0.00441	0.00794	0.00886	0.01196	0.02135	0.32637	0.02470	0.39773	0.13040	0.00455	0.00574	0.01034	0.00385	0.00390
68	0.01834	0.01307	0.01458	0.01154	0.01523	0.01441	0.00946	0.58734	0.02176	0.07000	0.01360	0.01463	0.01011	0.01247	0.14488	0.00286	0.00734	0.00503	0.00499	0.00836
69	0.03732	0.00949	0.01143	0.00905	0.01255	0.00921	0.00739	0.18189	0.01642	0.42749	0.01825	0.01731	0.01234	0.00648	0.00497	0.00156	0.00437	0.00513	0.19926	0.00811
70	0.00661	0.00470	0.00621	0.00739	0.00768	0.00441	0.00489	0.00749	0.01015	0.01353	0.02891	0.76655	0.03465	0.05928	0.00795	0.00234	0.00323	0.01486	0.00489	0.00430
71	0.00673	0.00511	0.00621	0.00672	0.00773	0.00459	0.00478	0.00815	0.01194	0.01558	0.18685	0.39482	0.27734	0.01457	0.00659	0.00197	0.00291	0.02767	0.00517	0.00457
72	0.01629	0.01976	0.01271	0.01206	0.01414	0.57107	0.00887	0.01755	0.01384	0.01329	0.01423	0.23196	0.01488	0.00867	0.00540	0.00160	0.00785	0.00674	0.00338	0.00570
73	0.00852	0.00495	0.00639	0.00639	0.00639	0.00495	0.00391	0.00742	0.00742	0.00990	0.01335	0.02631	0.01474	0.43957	0.02435	0.39852	0.00495	0.00633	0.00282	0.00282
74	0.00774	0.00522	0.00652	0.00656	0.00757	0.00490	0.00474	0.00979	0.01312	0.01897	0.44294	0.20282	0.05637	0.04483	0.00690	0.00187	0.00277	0.01010	0.14146	0.00482
75	0.00932	0.00466	0.00699	0.00699	0.00699	0.00466	0.00466	0.00699	0.00699	0.00932	0.00932	0.01632	0.00932	0.01865	0.02098	0.84382	0.00466	0.00466	0.00233	0.00233
76	0.00870	0.00617	0.00825	0.00896	0.01028	0.00615	0.00758	0.01168	0.04260	0.01771	0.18478	0.05212	0.03342	0.01318	0.00688	0.00220	0.00426	0.51260	0.05736	0.00511
77	0.24831	0.00942	0.01095	0.00873	0.01255	0.00904	0.00719	0.03739	0.01372	0.52314	0.01885	0.01715	0.04748	0.00652	0.00488	0.00167	0.00439	0.00499	0.00563	0.00801
78	0.00767	0.00575	0.00863	0.00863	0.00959	0.00671	0.00671	0.00959	0.00863	0.01246	0.01438	0.02109	0.01342	0.04026	0.79008	0.00863	0.01438	0.00575	0.00288	0.00479
79	0.01929	0.02431	0.01532	0.01385	0.01636	0.71874	0.01050	0.02065	0.01457	0.01312	0.00818	0.00987	0.00693	0.00589	0.00601	0.00147	0.08244	0.00357	0.00273	0.00619
80	0.00659	0.00538	0.00574	0.00578	0.00733	0.00462	0.00424	0.00801	0.01229	0.01519	0.14584	0.10511	0.59348	0.04751	0.00727	0.00197	0.00283	0.01125	0.00503	0.00453
81	0.00767	0.00575	0.00863	0.00863	0.00959	0.00671	0.00671	0.00959	0.00863	0.01246	0.01438	0.02109	0.01342	0.04026	0.79008	0.00863	0.01438	0.00575	0.00288	0.00479
82	0.00969	0.00497	0.00512	0.00523	0.00639	0.00494	0.00387	0.01205	0.01117	0.01943	0.01862	0.09240	0.01576	0.00722	0.00404	0.00134	0.00256	0.00595	0.76432	0.00494
83	0.00918	0.00471	0.00689	0.00689	0.00689	0.00471	0.00453	0.00707	0.00707	0.00942	0.01002	0.01805	0.01026	0.09148	0.02156	0.76677	0.00471	0.00495	0.00242	0.00242
84	0.00732	0.00531	0.00707	0.00820	0.00899	0.00506	0.00628	0.00887	0.01124	0.01467	0.03142	0.45655	0.10177	0.01577	0.00702	0.00226	0.00377	0.28887	0.00497	0.00460
85	0.00881	0.00524	0.00608	0.00587	0.00713	0.00503	0.00440	0.01133	0.01321	0.02076	0.39406	0.03000	0.03210	0.00860	0.00503	0.00147	0.00252	0.00734	0.42597	0.00503
86	0.00760	0.00549	0.00718	0.00675	0.00802	0.00506	0.00506	0.01013	0.01519	0.02153	0.77503	0.04010	0.05065	0.01097	0.00633	0.00169	0.00253	0.00971	0.00591	0.00506
87	0.00775	0.00541	0.00690	0.00690	0.00726	0.00577	0.00456	0.00848	0.00812	0.01118	0.01596	0.02983	0.01722	0.52056	0.31497	0.00649	0.00866	0.00703	0.00311	0.00383
88	0.02041	0.01504	0.01611	0.01235	0.01665	0.01665	0.01020	0.75997	0.02524	0.03383	0.01289	0.01289	0.00913	0.00644	0.00537	0.00161	0.00591	0.00483	0.00537	0.00913
89	0.01267	0.01448	0.03167	0.02262	0.02805	0.01357	0.75837	0.01719	0.01267	0.01719	0.01086	0.01448	0.00814	0.00452	0.00633	0.00181	0.00905	0.00633	0.00271	0.00724
90	0.00767	0.00575	0.00863	0.00863	0.00959	0.00671	0.00671	0.00959	0.00863	0.01246	0.01438	0.02109	0.01342	0.04026	0.79008	0.00863	0.01438	0.00575	0.00288	0.00479
91	0.01267	0.01448	0.03167	0.02262	0.02805	0.01357	0.75837	0.01719	0.01267	0.01719	0.01086	0.01448	0.00814	0.00452	0.00633	0.00181	0.00905	0.00633	0.00271	0.00724
92	0.00647	0.00541	0.00563	0.00565	0.00734	0.00457	0.00421	0.00792	0.01242	0.01511	0.11953	0.08313	0.67723	0.01349	0.00636	0.00182	0.00272	0.01135	0.00507	0.00457
93	0.00781	0.00520	0.00585	0.00585	0.00585	0.00520	0.00325	0.00781	0.00781	0.01041	0.01691	0.03513	0.01952	0.81135	0.02732	0.00520	0.00520	0.00781	0.00325	0.00325
94	0.00780	0.01079	0.20791	0.00939	0.01183	0.00657	0.00885	0.01036	0.01132	0.01578	0.14092	0.48135	0.03043	0.01287	0.00632	0.00198	0.00427	0.01146	0.00442	0.00540
95	0.01270	0.08029	0.28539	0.01480	0.10628	0.17092	0.03760	0.01616	0.01256	0.03010	0.03351	0.01902	0.14481	0.00676	0.00524	0.00160	0.00687	0.00541	0.00307	0.00690
96	0.00758	0.00930	0.14456	0.00857	0.01091	0.00617	0.00793	0.00986	0.01149	0.01496	0.03440	0.27870	0.28523	0.01328	0.00646	0.00202	0.00414	0.13478	0.00449	0.00515
97	0.01267	0.01448	0.03167	0.02262	0.02805	0.01357	0.75837	0.01719	0.01267	0.01719	0.01086	0.01448	0.00814	0.00452	0.00633	0.00181	0.00905	0.00633	0.00271	0.00724
98	0.02015	0.02251	0.01547	0.01340	0.01661	0.56465	0.01032	0.23650	0.01813	0.01916	0.00963	0.01061	0.00756	0.00580	0.00499	0.00145	0.00858	0.00386	0.00352	0.00707
99	0.01113	0.00954	0.01113	0.00795	0.01272	0.00716	0.00636	0.01352	0.01113	0.01749	0.00954	0.01113	0.00795	0.00398	0.00398	0.00080	0.00398	0.00318	0.00318	0.84417
100	0.02005	0.02558	0.01521	0.01383	0.01659	0.78980	0.01037	0.02143	0.01521	0.01314	0.00830	0.00968	0.00691	0.00553	0.00484	0.00138	0.00968	0.00346	0.00277	0.00622
101	0.00634	0.00544	0.00544	0.00544	0.00725	0.00453	0.00408	0.00770	0.01224	0.01450	0.05438	0.05166	0.77569	0.01359	0.00634	0.00181	0.00272	0.01133	0.00498	0.00453
102	0.01043	0.02538	0.70038	0.01438	0.02160	0.01167	0.01825	0.01626	0.01175	0.01748	0.09161	0.01441	0.01150	0.00573	0.00523	0.00170	0.00735	0.00458	0.00266	0.00763
103	0.00659	0.00471	0.00629	0.00753	0.00787	0.00441	0.00508	0.00757	0.01033	0.01376	0.02956	0.78905	0.03539	0.01677	0.00687	0.00219	0.00316	0.03353	0.00498	0.00437
104	0.00654	0.00467	0.00623	0.00747	0.00779	0.00436	0.00498	0.00747	0.01028	0.01370	0.02959	0.80785	0.03550	0.01682	0.00685	0.00218	0.00311	0.01526	0.00498	0.00436
105	0.00866	0.00842	0.09135	0.01006	0.01206	0.00670	0.00943	0.01144	0.01224	0.01602	0.02879	0.05446	0.09675	0.01367	0.00707	0.00233	0.00506	0.59560	0.00466	0.00523
106	0.01195	0.01101	0.01151	0.00849	0.01308	0.07907	0.00673	0.01424	0.01151	0.01709	0.00943	0.01100	0.00786	0.00412	0.00405	0.00085	0.00450	0.00321	0.00314	0.76717

[dist]
# distance from previous block
# <min> <max>
0	1

# created by:
# /st0/software/busco_prod/Augustus/scripts/msa2prfl.pl ./align_prep/67985.fa
