[name]
unknown

[dist]
# distance from previous block
# <min> <max>
0	37

[block]
# block no. 0 follows, 53 sequences, length 27
# corresponding to MSA columns:
# 37-63
name=unknown_A
#
# <colnr> <probs for GDERKNQSTAVLIFYWHMCP>
#	G	D	E	R	K	N	Q	S	T	A	V	L	I	F	Y	W	H	M	C	P
0	0.00910	0.22579	0.14537	0.00870	0.01174	0.00991	0.00868	0.01194	0.04121	0.01359	0.02197	0.03151	0.17050	0.00889	0.00508	0.00164	0.00462	0.26102	0.00341	0.00535
1	0.03521	0.02095	0.01017	0.00957	0.07610	0.00823	0.00678	0.06121	0.17710	0.21122	0.20501	0.02243	0.03861	0.08783	0.00687	0.00181	0.00380	0.00602	0.00471	0.00638
2	0.01025	0.09088	0.02752	0.01629	0.27206	0.08133	0.09221	0.01235	0.01066	0.01396	0.05930	0.26073	0.01670	0.00785	0.00509	0.00155	0.00508	0.00721	0.00314	0.00582
3	0.09338	0.00824	0.00917	0.00680	0.01069	0.00659	0.00543	0.01177	0.00983	0.01591	0.01189	0.01293	0.07797	0.00440	0.00367	0.00086	0.00345	0.00346	0.00299	0.70055
4	0.01607	0.02134	0.09056	0.01181	0.01450	0.66186	0.00949	0.01761	0.01262	0.01182	0.00819	0.01079	0.00715	0.07900	0.00613	0.00156	0.00811	0.00347	0.00246	0.00545
5	0.00688	0.00568	0.00577	0.00544	0.00728	0.00509	0.00417	0.08322	0.01203	0.01460	0.04480	0.04262	0.72266	0.01148	0.00556	0.00160	0.00270	0.00952	0.00447	0.00444
6	0.00645	0.07860	0.00729	0.00679	0.00741	0.00523	0.00477	0.00734	0.00920	0.01212	0.02458	0.75531	0.02933	0.01400	0.00583	0.00186	0.00298	0.01260	0.00422	0.00408
7	0.00628	0.00482	0.00545	0.00532	0.00646	0.00431	0.00380	0.00763	0.01107	0.01440	0.30250	0.03967	0.39172	0.16510	0.00915	0.00214	0.00278	0.00900	0.00443	0.00399
8	0.01083	0.00919	0.00990	0.00909	0.01142	0.01044	0.00698	0.02209	0.64682	0.01916	0.09005	0.09890	0.01899	0.00761	0.00505	0.00164	0.00355	0.00650	0.00486	0.00693
9	0.86579	0.00924	0.00702	0.00629	0.00924	0.01072	0.00518	0.01405	0.00813	0.02144	0.00666	0.00776	0.00518	0.00444	0.00296	0.00148	0.00370	0.00259	0.00296	0.00518
10	0.01189	0.01027	0.01081	0.00973	0.01243	0.01189	0.00757	0.02540	0.79357	0.01999	0.01945	0.01783	0.01459	0.00648	0.00486	0.00162	0.00378	0.00540	0.00486	0.00757
11	0.00991	0.00850	0.00991	0.00708	0.01133	0.00637	0.00566	0.01203	0.00991	0.01557	0.00850	0.00991	0.00708	0.00354	0.00354	0.00071	0.00354	0.00283	0.00283	0.86124
12	0.81736	0.00918	0.00726	0.00641	0.00941	0.01051	0.00528	0.01458	0.00845	0.06641	0.00735	0.00825	0.00556	0.00452	0.00306	0.00148	0.00372	0.00272	0.00313	0.00535
13	0.01333	0.00782	0.00946	0.00812	0.01063	0.00790	0.00639	0.01937	0.28505	0.27561	0.27380	0.02315	0.02364	0.00737	0.00510	0.00154	0.00338	0.00627	0.00534	0.00675
14	0.86579	0.00924	0.00702	0.00629	0.00924	0.01072	0.00518	0.01405	0.00813	0.02144	0.00666	0.00776	0.00518	0.00444	0.00296	0.00148	0.00370	0.00259	0.00296	0.00518
15	0.01183	0.01136	0.01940	0.02934	0.80221	0.01136	0.01467	0.01467	0.01088	0.01562	0.00899	0.01183	0.00757	0.00426	0.00473	0.00142	0.00568	0.00426	0.00237	0.00757
16	0.01685	0.01273	0.01360	0.01073	0.01432	0.01421	0.00877	0.62667	0.18422	0.02800	0.01315	0.01281	0.00948	0.00589	0.00480	0.00147	0.00495	0.00453	0.00480	0.00801
17	0.00848	0.01189	0.23253	0.05215	0.01403	0.00948	0.01056	0.01119	0.00837	0.01237	0.01002	0.01428	0.00882	0.01970	0.37726	0.00447	0.18239	0.00443	0.00229	0.00530
18	0.00591	0.00426	0.00545	0.00637	0.00674	0.00396	0.00423	0.00670	0.00911	0.01200	0.02726	0.68891	0.09743	0.08812	0.00770	0.00215	0.00291	0.01269	0.00430	0.00381
19	0.01122	0.00593	0.00632	0.00566	0.00735	0.00601	0.00441	0.11133	0.01194	0.09015	0.01536	0.01687	0.01169	0.00562	0.00366	0.00119	0.00278	0.00447	0.67281	0.00526
20	0.01110	0.03425	0.24889	0.15446	0.21885	0.01127	0.18101	0.01496	0.01063	0.05534	0.00939	0.01184	0.00705	0.00446	0.00485	0.00151	0.00661	0.00433	0.00241	0.00680
21	0.01102	0.01001	0.05693	0.47787	0.06787	0.01025	0.13892	0.01421	0.01044	0.11252	0.01060	0.03985	0.00808	0.00509	0.00495	0.00158	0.00624	0.00482	0.00273	0.00601
22	0.00590	0.00441	0.00550	0.00617	0.00685	0.00400	0.00427	0.00700	0.01010	0.01325	0.13016	0.55212	0.20552	0.01367	0.00594	0.00181	0.00263	0.01217	0.00454	0.00400
23	0.01852	0.01026	0.08312	0.00956	0.01344	0.00847	0.03547	0.09548	0.05596	0.55357	0.05290	0.01611	0.01248	0.00592	0.00485	0.00149	0.00449	0.00488	0.00525	0.00778
24	0.01206	0.12966	0.38387	0.01417	0.12785	0.01248	0.01347	0.09867	0.09326	0.05472	0.01031	0.01126	0.00767	0.00484	0.00444	0.00143	0.00592	0.00384	0.00285	0.00723
25	0.01144	0.01321	0.09386	0.02192	0.30165	0.01192	0.35828	0.03058	0.03742	0.01566	0.00952	0.01227	0.00747	0.00450	0.00569	0.00156	0.04882	0.00485	0.00248	0.00691
26	0.00678	0.00557	0.00672	0.04897	0.00888	0.04828	0.00535	0.00779	0.00931	0.01212	0.02344	0.69434	0.02764	0.01450	0.03503	0.00209	0.02297	0.01201	0.00409	0.00409

[dist]
# distance from previous block
# <min> <max>
0	2

[block]
# block no. 1 follows, 53 sequences, length 72
# corresponding to MSA columns:
# 66-137
name=unknown_B
#
# <colnr> <probs for GDERKNQSTAVLIFYWHMCP>
#	G	D	E	R	K	N	Q	S	T	A	V	L	I	F	Y	W	H	M	C	P
0	0.30012	0.09238	0.01537	0.01801	0.39744	0.01162	0.02152	0.01446	0.00985	0.03004	0.00812	0.01005	0.00666	0.00429	0.00393	0.00137	0.00487	0.00349	0.00261	0.04379
1	0.00663	0.00454	0.00552	0.00599	0.00617	0.00445	0.00380	0.00709	0.00802	0.01066	0.01969	0.30265	0.02300	0.49044	0.01675	0.00353	0.00399	0.07020	0.00354	0.00335
2	0.01178	0.05922	0.12074	0.17599	0.18756	0.13096	0.09896	0.01601	0.09647	0.01457	0.00991	0.01205	0.00773	0.00475	0.00463	0.00145	0.00635	0.00418	0.03024	0.00645
3	0.00815	0.00420	0.00611	0.00611	0.00611	0.00420	0.00401	0.00631	0.00631	0.00841	0.00905	0.01639	0.00931	0.10699	0.01931	0.76602	0.00420	0.00446	0.00217	0.00217
4	0.00779	0.00732	0.01335	0.07472	0.01465	0.00702	0.25221	0.00985	0.01001	0.01325	0.02155	0.43948	0.08758	0.01046	0.00581	0.00178	0.00470	0.01004	0.00362	0.00482
5	0.01416	0.43716	0.10728	0.01001	0.01393	0.21195	0.00947	0.09889	0.01208	0.01399	0.00778	0.00883	0.00649	0.00456	0.00373	0.00117	0.00613	0.00303	0.02310	0.00627
6	0.00780	0.00466	0.00525	0.00510	0.00626	0.00444	0.00382	0.00996	0.01147	0.01796	0.32701	0.02712	0.08819	0.00775	0.00443	0.00131	0.00225	0.00655	0.45423	0.00444
7	0.01817	0.01339	0.01434	0.01100	0.01482	0.01482	0.00908	0.78627	0.02247	0.03012	0.01148	0.01148	0.00813	0.00574	0.00478	0.00143	0.00526	0.00430	0.00478	0.00813
8	0.01180	0.04576	0.20345	0.08151	0.46203	0.01124	0.01436	0.01538	0.02499	0.07022	0.00964	0.01175	0.00750	0.00451	0.00463	0.00145	0.00589	0.00408	0.00255	0.00727
9	0.00570	0.00478	0.00496	0.00504	0.00652	0.00404	0.00373	0.00691	0.01082	0.01305	0.07067	0.11641	0.70645	0.01229	0.00569	0.00164	0.00245	0.01036	0.00446	0.00404
10	0.01563	0.00685	0.00923	0.00752	0.01020	0.00603	0.00603	0.01764	0.01362	0.49392	0.32827	0.02397	0.02501	0.00744	0.00514	0.00149	0.00335	0.00633	0.00566	0.00670
11	0.01310	0.01225	0.01897	0.02307	0.48255	0.03933	0.11702	0.15357	0.05984	0.01830	0.01010	0.01216	0.00800	0.00465	0.00486	0.00145	0.00591	0.00448	0.00296	0.00745
12	0.01051	0.20384	0.50941	0.01218	0.03132	0.01228	0.04025	0.01471	0.01042	0.03630	0.06807	0.01177	0.00924	0.00485	0.00434	0.00140	0.00619	0.00382	0.00240	0.00668
13	0.01479	0.01716	0.01448	0.02819	0.08829	0.44744	0.02869	0.04964	0.01195	0.01299	0.00828	0.02549	0.00738	0.00606	0.00719	0.00151	0.20081	0.02139	0.00254	0.00573
14	0.17108	0.21702	0.04367	0.01347	0.16492	0.23596	0.00960	0.04218	0.01109	0.01488	0.00753	0.00905	0.00631	0.00462	0.00421	0.00131	0.03129	0.00318	0.00249	0.00614
15	0.00693	0.00463	0.00536	0.00542	0.00551	0.00466	0.00317	0.00713	0.00719	0.00975	0.01560	0.07650	0.01776	0.71860	0.06842	0.00457	0.00494	0.00717	0.02361	0.00307
16	0.00678	0.00523	0.00616	0.00587	0.00721	0.00487	0.00438	0.00937	0.06534	0.01687	0.48113	0.03748	0.27493	0.04564	0.00639	0.00168	0.00251	0.00880	0.00488	0.00450
17	0.01004	0.11395	0.68624	0.01370	0.05379	0.01198	0.01648	0.01502	0.01008	0.01473	0.00838	0.00990	0.00613	0.00448	0.00439	0.00146	0.00679	0.00346	0.00204	0.00698
18	0.10476	0.02294	0.69288	0.01277	0.01923	0.03699	0.01600	0.01514	0.00999	0.01572	0.00833	0.00979	0.00596	0.00454	0.00436	0.00150	0.00674	0.00341	0.00214	0.00681
19	0.00712	0.00539	0.00767	0.00757	0.00835	0.00625	0.00576	0.00896	0.03299	0.01116	0.01312	0.02014	0.01257	0.13865	0.65909	0.00692	0.03608	0.00534	0.00266	0.00422
20	0.01294	0.80863	0.02467	0.00831	0.01235	0.04459	0.00821	0.01447	0.00984	0.01126	0.00667	0.00770	0.00613	0.00412	0.00311	0.00103	0.00522	0.00257	0.00206	0.00611
21	0.01128	0.16745	0.55175	0.01303	0.05655	0.01245	0.01487	0.04899	0.01079	0.05763	0.00893	0.01014	0.00654	0.00457	0.00431	0.00142	0.00641	0.00350	0.00237	0.00703
22	0.00983	0.04050	0.64838	0.04803	0.01980	0.01120	0.01583	0.01599	0.09699	0.01555	0.02768	0.01159	0.00790	0.00488	0.00458	0.00152	0.00652	0.00386	0.00241	0.00696
23	0.00666	0.00479	0.00654	0.00676	0.00725	0.00517	0.00478	0.00770	0.00776	0.01079	0.01616	0.18439	0.01745	0.26185	0.42368	0.00565	0.00844	0.00734	0.00303	0.00379
24	0.01213	0.36582	0.33431	0.01145	0.01653	0.12288	0.04748	0.01533	0.01045	0.01304	0.00765	0.00900	0.00616	0.00438	0.00394	0.00127	0.00650	0.00315	0.00211	0.00644
25	0.00891	0.00445	0.00445	0.00445	0.00557	0.00445	0.00334	0.01114	0.01002	0.01782	0.01559	0.01782	0.01225	0.00557	0.00334	0.00111	0.00223	0.00445	0.85856	0.00445
26	0.00991	0.00850	0.00991	0.00708	0.01133	0.00637	0.00566	0.01203	0.00991	0.01557	0.00850	0.00991	0.00708	0.00354	0.00354	0.00071	0.00354	0.00283	0.00283	0.86124
27	0.00604	0.00483	0.00540	0.00531	0.00671	0.00419	0.00396	0.00760	0.01175	0.01505	0.30749	0.06794	0.51409	0.01139	0.00566	0.00159	0.00238	0.00970	0.00472	0.00419
28	0.00582	0.00416	0.00555	0.00666	0.00693	0.00388	0.00444	0.00666	0.00915	0.01220	0.02634	0.82891	0.03161	0.01497	0.00610	0.00194	0.00277	0.01359	0.00444	0.00388
29	0.01278	0.83490	0.02505	0.00818	0.01227	0.01891	0.00818	0.01431	0.00971	0.01125	0.00664	0.00767	0.00613	0.00409	0.00307	0.00102	0.00511	0.00256	0.00204	0.00613
30	0.00966	0.04328	0.78935	0.01350	0.02049	0.01128	0.01744	0.01512	0.01008	0.01505	0.00853	0.01004	0.00606	0.00453	0.00451	0.00150	0.00702	0.00351	0.00202	0.00704
31	0.01235	0.72731	0.12893	0.00890	0.01339	0.01787	0.00944	0.01442	0.00976	0.01176	0.00690	0.00799	0.00612	0.00415	0.00326	0.00109	0.00537	0.00269	0.00204	0.00626
32	0.04833	0.01056	0.01761	0.22328	0.57813	0.01115	0.01391	0.01404	0.01044	0.01503	0.00877	0.01188	0.00717	0.00439	0.00467	0.00146	0.00576	0.00418	0.00233	0.00691
33	0.00582	0.00416	0.00555	0.00666	0.00693	0.00388	0.00444	0.00666	0.00915	0.01220	0.02634	0.82891	0.03161	0.01497	0.00610	0.00194	0.00277	0.01359	0.00444	0.00388
34	0.00684	0.00488	0.00671	0.00781	0.00853	0.00476	0.00620	0.00841	0.01015	0.01333	0.02578	0.41105	0.02940	0.01402	0.00637	0.00208	0.00365	0.42144	0.00442	0.00416
35	0.01278	0.83490	0.02505	0.00818	0.01227	0.01891	0.00818	0.01431	0.00971	0.01125	0.00664	0.00767	0.00613	0.00409	0.00307	0.00102	0.00511	0.00256	0.00204	0.00613
36	0.00804	0.00682	0.00964	0.00895	0.00941	0.00865	0.00703	0.00930	0.00746	0.01098	0.01096	0.01774	0.01082	0.13582	0.44177	0.00542	0.27929	0.00506	0.00245	0.00440
37	0.00607	0.00434	0.00583	0.00694	0.00732	0.00410	0.00487	0.00708	0.00939	0.01248	0.02621	0.72684	0.03107	0.01474	0.00617	0.00198	0.00299	0.11321	0.00443	0.00395
38	0.00959	0.02472	0.80726	0.01362	0.02069	0.01110	0.01766	0.01514	0.01009	0.01514	0.00858	0.01009	0.00605	0.00454	0.00454	0.00151	0.00706	0.00353	0.00202	0.00706
39	0.00991	0.00850	0.00991	0.00708	0.01133	0.00637	0.00566	0.01203	0.00991	0.01557	0.00850	0.00991	0.00708	0.00354	0.00354	0.00071	0.00354	0.00283	0.00283	0.86124
40	0.00604	0.00526	0.04029	0.00642	0.00732	0.00429	0.00473	0.00715	0.00957	0.01248	0.04787	0.54013	0.21224	0.06413	0.00704	0.00200	0.00298	0.01180	0.00426	0.00401
41	0.00770	0.00550	0.00770	0.00880	0.00990	0.00550	0.00770	0.00990	0.01100	0.01430	0.02531	0.05391	0.02751	0.01320	0.00660	0.00220	0.00440	0.77004	0.00440	0.00440
42	0.01444	0.01223	0.05357	0.01643	0.12705	0.07421	0.31300	0.01766	0.03300	0.23562	0.01285	0.04646	0.00962	0.00519	0.00513	0.00153	0.00629	0.00524	0.00352	0.00695
43	0.01123	0.01491	0.18170	0.02123	0.28335	0.03826	0.31779	0.01497	0.01090	0.01514	0.00976	0.01236	0.02098	0.00446	0.00526	0.00152	0.02226	0.00472	0.00235	0.00685
44	0.83828	0.00921	0.00716	0.00636	0.00934	0.01060	0.00524	0.01435	0.00831	0.04698	0.00705	0.00804	0.00539	0.00448	0.00302	0.00148	0.00371	0.00266	0.00305	0.00527
45	0.79800	0.01033	0.00755	0.00677	0.00969	0.07485	0.00550	0.01445	0.00857	0.02067	0.00671	0.00783	0.00525	0.00448	0.00307	0.00146	0.00409	0.00263	0.00292	0.00521
46	0.01640	0.01967	0.01327	0.01177	0.01424	0.63940	0.04396	0.05508	0.01336	0.01324	0.00858	0.01011	0.00703	0.00615	0.03510	0.00149	0.00806	0.00345	0.07407	0.00557
47	0.00640	0.00492	0.00555	0.00538	0.00684	0.00427	0.00404	0.00799	0.01187	0.03250	0.31770	0.05771	0.49546	0.01119	0.00564	0.00158	0.00240	0.00952	0.00477	0.00429
48	0.00792	0.00513	0.00675	0.00622	0.00754	0.00470	0.00471	0.01012	0.01346	0.08191	0.72358	0.04818	0.04220	0.00956	0.00558	0.00151	0.00241	0.00842	0.00530	0.00479
49	0.00959	0.02472	0.80726	0.01362	0.02069	0.01110	0.01766	0.01514	0.01009	0.01514	0.00858	0.01009	0.00605	0.00454	0.00454	0.00151	0.00706	0.00353	0.00202	0.00706
50	0.00683	0.00512	0.00768	0.00768	0.00853	0.00597	0.00597	0.00853	0.00768	0.01110	0.01280	0.01878	0.01195	0.03585	0.81308	0.00768	0.01280	0.00512	0.00256	0.00427
51	0.01046	0.01046	0.01464	0.01255	0.01255	0.01464	0.01046	0.01150	0.00732	0.01150	0.00627	0.01046	0.00627	0.00837	0.01569	0.00209	0.82328	0.00418	0.00209	0.00523
52	0.43680	0.01134	0.01073	0.00867	0.01207	0.01280	0.00715	0.40488	0.01539	0.02584	0.00909	0.00964	0.00667	0.00510	0.00388	0.00146	0.00449	0.00346	0.00388	0.00667
53	0.01289	0.00830	0.00871	0.00727	0.00955	0.00892	0.00581	0.34462	0.01538	0.02311	0.01382	0.01509	0.01048	0.00564	0.00396	0.00125	0.00353	0.00439	0.49125	0.00604
54	0.01161	0.53856	0.31116	0.01017	0.01535	0.01605	0.01165	0.01461	0.00985	0.01267	0.00735	0.00855	0.00610	0.00425	0.00361	0.00120	0.00583	0.00291	0.00203	0.00647
55	0.00692	0.00462	0.00522	0.00525	0.00526	0.00461	0.00294	0.00694	0.00701	0.00935	0.01537	0.05320	0.01777	0.80957	0.02383	0.00456	0.00458	0.00713	0.00294	0.00292
56	0.00695	0.00463	0.00521	0.00521	0.00521	0.00463	0.00290	0.00695	0.00695	0.00927	0.01506	0.03128	0.01738	0.83203	0.02433	0.00463	0.00463	0.00695	0.00290	0.00290
57	0.00991	0.00850	0.00991	0.00708	0.01133	0.00637	0.00566	0.01203	0.00991	0.01557	0.00850	0.00991	0.00708	0.00354	0.00354	0.00071	0.00354	0.00283	0.00283	0.86124
58	0.00959	0.02472	0.80726	0.01362	0.02069	0.01110	0.01766	0.01514	0.01009	0.01514	0.00858	0.01009	0.00605	0.00454	0.00454	0.00151	0.00706	0.00353	0.00202	0.00706
59	0.00903	0.00850	0.01434	0.82054	0.03292	0.01062	0.01327	0.01221	0.00956	0.01221	0.00850	0.01274	0.00637	0.00478	0.00478	0.00159	0.00637	0.00425	0.00212	0.00531
60	0.00830	0.00415	0.00623	0.00623	0.00623	0.00415	0.00415	0.00623	0.00623	0.00830	0.00830	0.01453	0.00830	0.01660	0.01868	0.86094	0.00415	0.00415	0.00208	0.00208
61	0.00695	0.00463	0.00521	0.00521	0.00521	0.00463	0.00290	0.00695	0.00695	0.00927	0.01506	0.03128	0.01738	0.83203	0.02433	0.00463	0.00463	0.00695	0.00290	0.00290
62	0.01352	0.04906	0.13555	0.01536	0.03555	0.01130	0.36448	0.02859	0.01143	0.19977	0.01125	0.01280	0.00804	0.00495	0.00599	0.00157	0.07591	0.00483	0.00317	0.00686
63	0.04028	0.00848	0.01113	0.00861	0.01226	0.00765	0.00709	0.05593	0.04748	0.72043	0.01829	0.01593	0.01164	0.00590	0.00477	0.00148	0.00410	0.00476	0.00575	0.00804
64	0.00673	0.00488	0.00634	0.00597	0.00712	0.00449	0.00448	0.00895	0.01344	0.01896	0.77522	0.03604	0.06970	0.00985	0.00564	0.00151	0.00226	0.00869	0.00523	0.00449
65	0.00700	0.00473	0.00589	0.00589	0.00610	0.00494	0.00374	0.00730	0.00709	0.00967	0.01409	0.02716	0.01548	0.58461	0.22086	0.05653	0.00664	0.00633	0.00276	0.00319
66	0.00676	0.00489	0.00639	0.00601	0.00714	0.00451	0.00451	0.00902	0.01353	0.01917	0.79969	0.03570	0.04510	0.00977	0.00564	0.00150	0.00225	0.00864	0.00526	0.00451
67	0.00714	0.00538	0.00667	0.00636	0.00767	0.00516	0.00484	0.01027	0.08354	0.01824	0.60064	0.04848	0.12287	0.00996	0.00562	0.00156	0.00252	0.04328	0.00508	0.00472
68	0.01085	0.00975	0.01334	0.35935	0.03401	0.01145	0.04403	0.04620	0.38273	0.01674	0.01387	0.01511	0.01040	0.00558	0.00486	0.00160	0.00516	0.00486	0.00354	0.00657
69	0.00891	0.00445	0.00445	0.00445	0.00557	0.00445	0.00334	0.01114	0.01002	0.01782	0.01559	0.01782	0.01225	0.00557	0.00334	0.00111	0.00223	0.00445	0.85856	0.00445
70	0.01553	0.07369	0.01368	0.00967	0.01352	0.07619	0.00797	0.41526	0.01687	0.05581	0.01025	0.01072	0.00768	0.00493	0.00426	0.00118	0.00498	0.00368	0.00389	0.25022
71	0.01529	0.01740	0.01237	0.01120	0.01377	0.46825	0.00852	0.02180	0.34913	0.01527	0.01258	0.01258	0.00978	0.00560	0.00455	0.00140	0.00654	0.00408	0.00350	0.00641

[dist]
# distance from previous block
# <min> <max>
1	2

[block]
# block no. 2 follows, 53 sequences, length 68
# corresponding to MSA columns:
# 140-207
name=unknown_C
#
# <colnr> <probs for GDERKNQSTAVLIFYWHMCP>
#	G	D	E	R	K	N	Q	S	T	A	V	L	I	F	Y	W	H	M	C	P
0	0.00790	0.00652	0.00799	0.00755	0.00916	0.00662	0.03798	0.01277	0.22881	0.01610	0.18868	0.23558	0.19456	0.01045	0.00554	0.00168	0.00309	0.00920	0.00464	0.00518
1	0.00585	0.00417	0.00554	0.00663	0.00690	0.00390	0.00441	0.00666	0.00911	0.01214	0.02611	0.81255	0.03132	0.03173	0.00647	0.00200	0.00281	0.01345	0.00441	0.00386
2	0.00708	0.00532	0.00750	0.00737	0.00797	0.00617	0.00550	0.00833	0.00748	0.01067	0.01296	0.02132	0.01293	0.22806	0.57295	0.00660	0.05968	0.00551	0.00261	0.00399
3	0.01238	0.66035	0.09414	0.01129	0.11110	0.01728	0.00983	0.01443	0.00989	0.01213	0.00711	0.00840	0.00631	0.00415	0.00341	0.00112	0.00536	0.00285	0.00208	0.00640
4	0.00903	0.00850	0.01434	0.82054	0.03292	0.01062	0.01327	0.01221	0.00956	0.01221	0.00850	0.01274	0.00637	0.00478	0.00478	0.00159	0.00637	0.00425	0.00212	0.00531
5	0.00582	0.00416	0.00555	0.00666	0.00693	0.00388	0.00444	0.00666	0.00915	0.01220	0.02634	0.82891	0.03161	0.01497	0.00610	0.00194	0.00277	0.01359	0.00444	0.00388
6	0.01090	0.01280	0.11827	0.08251	0.40577	0.01104	0.20683	0.01436	0.01095	0.01544	0.05674	0.01339	0.00948	0.00461	0.00499	0.00150	0.00629	0.00478	0.00249	0.00687
7	0.01320	0.07578	0.48960	0.01156	0.01723	0.01047	0.01348	0.04151	0.01152	0.22866	0.03431	0.01238	0.00882	0.00507	0.00455	0.00147	0.00592	0.00398	0.00325	0.00725
8	0.00903	0.00850	0.01434	0.82054	0.03292	0.01062	0.01327	0.01221	0.00956	0.01221	0.00850	0.01274	0.00637	0.00478	0.00478	0.00159	0.00637	0.00425	0.00212	0.00531
9	0.29205	0.06429	0.13793	0.01120	0.02779	0.26911	0.07393	0.04535	0.01112	0.01646	0.00767	0.00904	0.00601	0.00460	0.00397	0.00139	0.00634	0.00324	0.00261	0.00590
10	0.00683	0.00512	0.00768	0.00768	0.00853	0.00597	0.00597	0.00853	0.00768	0.01110	0.01280	0.01878	0.01195	0.03585	0.81308	0.00768	0.01280	0.00512	0.00256	0.00427
11	0.12744	0.04602	0.01311	0.01133	0.01398	0.64077	0.00867	0.05995	0.01321	0.01395	0.00749	0.00863	0.00614	0.00488	0.00412	0.00127	0.00769	0.00307	0.00264	0.00565
12	0.02857	0.24886	0.41712	0.01210	0.05975	0.01273	0.01310	0.01601	0.01050	0.12545	0.00947	0.01033	0.00696	0.00459	0.00414	0.00136	0.00595	0.00346	0.00261	0.00695
13	0.01099	0.01140	0.06538	0.19505	0.54609	0.01121	0.01419	0.01399	0.01039	0.01473	0.00886	0.01196	0.00725	0.00458	0.00516	0.00148	0.03966	0.00421	0.01650	0.00691
14	0.01183	0.01136	0.01940	0.02934	0.80221	0.01136	0.01467	0.01467	0.01088	0.01562	0.00899	0.01183	0.00757	0.00426	0.00473	0.00142	0.00568	0.00426	0.00237	0.00757
15	0.00581	0.00452	0.00524	0.00574	0.00667	0.00400	0.00402	0.00685	0.01008	0.01273	0.06740	0.40633	0.39193	0.03786	0.00642	0.00185	0.00264	0.01155	0.00442	0.00395
16	0.01218	0.01140	0.01867	0.04739	0.42126	0.01171	0.15114	0.06274	0.16849	0.02918	0.01149	0.01330	0.00898	0.00479	0.00493	0.00150	0.00570	0.00475	0.00307	0.00734
17	0.01745	0.01427	0.01480	0.01152	0.01516	0.11345	0.05571	0.62234	0.02033	0.02659	0.01098	0.01139	0.00795	0.00553	0.00473	0.00141	0.00576	0.00424	0.02880	0.00760
18	0.01785	0.02278	0.01354	0.01231	0.01478	0.81284	0.00924	0.01909	0.01354	0.01170	0.00739	0.00862	0.00616	0.00493	0.00431	0.00123	0.00862	0.00308	0.00246	0.00554
19	0.00640	0.00496	0.00593	0.00628	0.00754	0.00449	0.00495	0.00800	0.01116	0.01419	0.15730	0.12579	0.39584	0.01233	0.00595	0.00179	0.00297	0.21540	0.00456	0.00419
20	0.00988	0.02269	0.67364	0.01474	0.02142	0.01127	0.14925	0.01517	0.01030	0.01517	0.00876	0.01057	0.00626	0.00445	0.00473	0.00153	0.00723	0.00389	0.00209	0.00696
21	0.00874	0.00451	0.00471	0.00471	0.00581	0.00458	0.00355	0.01093	0.00984	0.01728	0.01537	0.01790	0.01223	0.00799	0.06807	0.00164	0.00307	0.00451	0.79014	0.00444
22	0.00959	0.02472	0.80726	0.01362	0.02069	0.01110	0.01766	0.01514	0.01009	0.01514	0.00858	0.01009	0.00605	0.00454	0.00454	0.00151	0.00706	0.00353	0.00202	0.00706
23	0.00565	0.00484	0.00484	0.00484	0.00646	0.00403	0.00363	0.00686	0.01089	0.01291	0.04842	0.04600	0.80027	0.01210	0.00565	0.00161	0.00242	0.01009	0.00444	0.00403
24	0.00695	0.00463	0.00521	0.00521	0.00521	0.00463	0.00290	0.00695	0.00695	0.00927	0.01506	0.03128	0.01738	0.83203	0.02433	0.00463	0.00463	0.00695	0.00290	0.00290
25	0.40637	0.01080	0.01708	0.06166	0.01781	0.01122	0.35538	0.01477	0.00979	0.04094	0.00847	0.01061	0.00637	0.00432	0.00432	0.00155	0.00582	0.00412	0.00275	0.00584
26	0.00890	0.00749	0.00808	0.00762	0.00966	0.00795	0.00594	0.01616	0.38380	0.01703	0.10758	0.03223	0.28542	0.00929	0.00535	0.00166	0.00322	0.07212	0.00472	0.00579
27	0.00903	0.00621	0.00738	0.00627	0.00867	0.00514	0.00485	0.01079	0.01149	0.11345	0.20623	0.07270	0.27211	0.00864	0.00500	0.00134	0.00291	0.00733	0.00438	0.23609
28	0.00600	0.00424	0.00569	0.00677	0.00709	0.00399	0.00462	0.00684	0.00918	0.01222	0.02581	0.76154	0.03075	0.01491	0.00646	0.02461	0.00291	0.05813	0.00437	0.00387
29	0.03810	0.43642	0.38417	0.01062	0.01604	0.01506	0.01244	0.01468	0.00984	0.01335	0.00753	0.00878	0.00607	0.00431	0.00374	0.00126	0.00596	0.00301	0.00206	0.00653
30	0.00959	0.02472	0.80726	0.01362	0.02069	0.01110	0.01766	0.01514	0.01009	0.01514	0.00858	0.01009	0.00605	0.00454	0.00454	0.00151	0.00706	0.00353	0.00202	0.00706
31	0.02144	0.00813	0.01109	0.00850	0.01220	0.00702	0.00702	0.02329	0.01368	0.80552	0.01886	0.01627	0.01183	0.00592	0.00481	0.00148	0.00407	0.00481	0.00592	0.00813
32	0.00993	0.00919	0.01538	0.42919	0.31912	0.01029	0.01299	0.01286	0.01010	0.01373	0.01001	0.01519	0.00841	0.00602	0.02834	0.00173	0.00607	0.05045	0.02495	0.00605
33	0.01266	0.47880	0.19736	0.01000	0.01443	0.10282	0.01035	0.04663	0.04539	0.01334	0.00832	0.02538	0.00708	0.00467	0.00374	0.00122	0.00583	0.00325	0.00237	0.00638
34	0.01882	0.01235	0.01370	0.01050	0.01430	0.01328	0.00868	0.63505	0.02073	0.18381	0.01294	0.01243	0.00886	0.00577	0.00479	0.00144	0.00502	0.00440	0.00501	0.00813
35	0.00683	0.00512	0.00768	0.00768	0.00853	0.00597	0.00597	0.00853	0.00768	0.01110	0.01280	0.01878	0.01195	0.03585	0.81308	0.00768	0.01280	0.00512	0.00256	0.00427
36	0.01092	0.06003	0.01800	0.29970	0.49047	0.01156	0.01380	0.01380	0.01036	0.01418	0.00868	0.01189	0.00707	0.00443	0.00465	0.00146	0.00588	0.00415	0.00226	0.00671
37	0.01369	0.13336	0.09987	0.01339	0.16405	0.01214	0.01009	0.23143	0.02394	0.06601	0.00992	0.01089	0.00760	0.00466	0.00424	0.00124	0.00507	0.00370	0.00330	0.18142
38	0.02548	0.47977	0.30370	0.01033	0.01539	0.05103	0.01159	0.03029	0.01025	0.01320	0.00747	0.00865	0.00613	0.00433	0.00368	0.00122	0.00595	0.00296	0.00212	0.00646
39	0.00603	0.00521	0.00574	0.00637	0.05432	0.00447	0.00432	0.00732	0.01084	0.01305	0.04535	0.06872	0.72828	0.01172	0.00561	0.00161	0.00263	0.00985	0.00431	0.00424
40	0.00641	0.00487	0.00590	0.00564	0.00692	0.00436	0.00423	0.00834	0.01269	0.01719	0.56166	0.03896	0.28436	0.01051	0.00564	0.00154	0.00231	0.00910	0.00500	0.00436
41	0.00743	0.00525	0.00652	0.00632	0.00681	0.00558	0.00426	0.00872	0.04276	0.02241	0.10416	0.02757	0.01880	0.48834	0.19521	0.00469	0.03167	0.00655	0.00320	0.00374
42	0.00991	0.02052	0.56750	0.01489	0.06371	0.01078	0.13762	0.01476	0.01042	0.01534	0.03333	0.01141	0.00760	0.00455	0.00470	0.00148	0.00678	0.00402	0.00225	0.05841
43	0.00600	0.00431	0.00569	0.00650	0.00696	0.00400	0.00444	0.00711	0.01001	0.01353	0.17334	0.66402	0.04844	0.01393	0.00600	0.00185	0.00267	0.01259	0.00459	0.00400
44	0.01185	0.01098	0.01681	0.14219	0.21135	0.03637	0.16155	0.10641	0.13553	0.01757	0.04401	0.01431	0.01027	0.00514	0.00489	0.00150	0.00566	0.00487	0.05206	0.00670
45	0.49467	0.01198	0.01015	0.00848	0.01168	0.09114	0.00690	0.27654	0.01353	0.02343	0.00836	0.00911	0.00627	0.00493	0.00371	0.00144	0.00471	0.00322	0.00353	0.00621
46	0.01117	0.34741	0.47429	0.01132	0.01711	0.01411	0.01360	0.01502	0.01003	0.03443	0.00808	0.00929	0.00624	0.00440	0.00396	0.00132	0.00621	0.00318	0.00213	0.00672
47	0.01216	0.01078	0.01141	0.01075	0.04740	0.04429	0.00801	0.05433	0.64896	0.01938	0.01796	0.03993	0.01390	0.00660	0.00521	0.00161	0.03003	0.00541	0.00455	0.00733
48	0.01167	0.01436	0.21825	0.07117	0.38757	0.01081	0.07438	0.02864	0.01096	0.06663	0.00956	0.01171	0.00735	0.00444	0.00470	0.00143	0.00603	0.00414	0.00256	0.05362
49	0.01542	0.01196	0.15326	0.01264	0.04806	0.00893	0.17548	0.01872	0.03680	0.38665	0.01524	0.07102	0.01114	0.00586	0.00503	0.00155	0.00541	0.00537	0.00421	0.00725
50	0.01229	0.68010	0.09955	0.00941	0.01359	0.01766	0.03983	0.01428	0.00968	0.01179	0.00693	0.00826	0.00618	0.00436	0.00399	0.00115	0.04984	0.00286	0.00206	0.00619
51	0.02721	0.00655	0.00911	0.02877	0.01062	0.00597	0.02823	0.01516	0.01127	0.38946	0.02083	0.32060	0.01950	0.05915	0.00650	0.00186	0.00379	0.02454	0.00491	0.00599
52	0.01090	0.22144	0.40443	0.01203	0.01703	0.01329	0.05674	0.01523	0.05715	0.03106	0.02460	0.01080	0.00758	0.00506	0.00547	0.00146	0.09302	0.00372	0.00237	0.00661
53	0.04880	0.05802	0.10156	0.03615	0.17437	0.07758	0.07853	0.01764	0.04528	0.24475	0.01355	0.01500	0.02997	0.00543	0.00471	0.00147	0.00551	0.03110	0.00360	0.00697
54	0.05504	0.01697	0.01326	0.01113	0.01420	0.36497	0.00876	0.36639	0.04390	0.02094	0.00986	0.01046	0.00747	0.00534	0.00445	0.00134	0.00653	0.00373	0.02851	0.00673
55	0.00657	0.00480	0.00614	0.00660	0.00735	0.00460	0.00467	0.00867	0.05793	0.01506	0.27688	0.48746	0.04628	0.01257	0.00584	0.00177	0.00268	0.02238	0.01745	0.00433
56	0.01145	0.04038	0.18573	0.02420	0.52659	0.02649	0.08642	0.01490	0.01077	0.01528	0.00886	0.01137	0.00715	0.00430	0.00472	0.00144	0.00623	0.00416	0.00229	0.00728
57	0.01081	0.00970	0.01386	0.11248	0.09550	0.01068	0.10939	0.02862	0.34503	0.02968	0.01680	0.08215	0.03990	0.00687	0.00560	0.00166	0.04101	0.02992	0.00379	0.00654
58	0.00651	0.00488	0.00603	0.00574	0.00698	0.00440	0.00431	0.00852	0.01292	0.01773	0.62733	0.03806	0.21835	0.01031	0.00564	0.00153	0.00229	0.00898	0.00507	0.00440
59	0.11697	0.00979	0.03883	0.15915	0.35376	0.00996	0.01108	0.04400	0.01052	0.03231	0.01064	0.06152	0.00913	0.00630	0.03183	0.00168	0.00532	0.00465	0.07628	0.00629
60	0.01383	0.21440	0.14808	0.01164	0.02982	0.33271	0.03200	0.03920	0.01172	0.01305	0.02094	0.01106	0.04195	0.00524	0.00488	0.00132	0.05610	0.00362	0.00246	0.00598
61	0.00805	0.00424	0.00604	0.00604	0.00604	0.00424	0.00392	0.00636	0.00636	0.00848	0.00955	0.01762	0.00998	0.16701	0.01972	0.70299	0.00424	0.00467	0.00223	0.00223
62	0.00632	0.00471	0.00648	0.00690	0.00760	0.00490	0.00504	0.00764	0.00879	0.01199	0.05264	0.33309	0.10035	0.03757	0.37735	0.00457	0.00736	0.00904	0.00358	0.00408
63	0.02258	0.10130	0.22610	0.19559	0.12982	0.07619	0.03281	0.10332	0.01178	0.01565	0.00922	0.01224	0.00734	0.00495	0.00455	0.00146	0.00632	0.02972	0.00255	0.00652
64	0.01282	0.01279	0.11896	0.01218	0.02697	0.12169	0.13699	0.04009	0.03624	0.14656	0.01603	0.02366	0.03784	0.00737	0.00575	0.00168	0.03873	0.19385	0.00364	0.00616
65	0.00800	0.00431	0.00629	0.00629	0.00639	0.00441	0.00423	0.00656	0.00646	0.00872	0.00949	0.01668	0.00962	0.10010	0.10967	0.67844	0.00518	0.00454	0.00221	0.00241
66	0.01128	0.01205	0.08171	0.13259	0.63813	0.01124	0.01472	0.01438	0.01064	0.01513	0.00889	0.01181	0.00729	0.00435	0.00472	0.00145	0.00588	0.00420	0.00231	0.00723
67	0.01249	0.01177	0.11251	0.36978	0.11194	0.05382	0.01215	0.07045	0.01158	0.14461	0.01098	0.03821	0.00827	0.00527	0.00476	0.00152	0.00593	0.00449	0.00304	0.00642

[dist]
# distance from previous block
# <min> <max>
0	10

# created by:
# /st0/software/busco_prod/Augustus/scripts/msa2prfl.pl ./align_prep/68124.fa
