[name]
unknown

[dist]
# distance from previous block
# <min> <max>
3	17

[block]
# block no. 0 follows, 47 sequences, length 15
# corresponding to MSA columns:
# 19-33
name=unknown_A
#
# <colnr> <probs for GDERKNQSTAVLIFYWHMCP>
#	G	D	E	R	K	N	Q	S	T	A	V	L	I	F	Y	W	H	M	C	P
0	0.01529	0.21683	0.01607	0.01058	0.01314	0.35034	0.00837	0.06981	0.01264	0.01350	0.00987	0.01462	0.00943	0.17567	0.00947	0.00212	0.03941	0.00424	0.00283	0.00578
1	0.00905	0.00452	0.00678	0.00678	0.00678	0.00452	0.00452	0.00678	0.00678	0.00905	0.00905	0.01583	0.00905	0.01809	0.02035	0.84848	0.00452	0.00452	0.00226	0.00226
2	0.01372	0.01408	0.09105	0.01252	0.06071	0.08916	0.01001	0.06703	0.48512	0.03669	0.03368	0.01810	0.01416	0.00673	0.00525	0.00170	0.00520	0.02264	0.00458	0.00787
3	0.01226	0.22403	0.31969	0.01573	0.05959	0.01483	0.19113	0.04323	0.01161	0.01592	0.00913	0.01121	0.00710	0.00489	0.00532	0.00155	0.03887	0.00422	0.00244	0.00727
4	0.00724	0.00511	0.00580	0.00580	0.00628	0.00492	0.00361	0.00779	0.00915	0.01200	0.09394	0.06529	0.16689	0.54384	0.03779	0.00408	0.00449	0.00860	0.00376	0.00363
5	0.00971	0.00485	0.00485	0.00485	0.00607	0.00485	0.00364	0.01213	0.01092	0.01942	0.01699	0.01942	0.01335	0.00607	0.00364	0.00121	0.00243	0.00485	0.84589	0.00485
6	0.01195	0.01407	0.19631	0.01002	0.01510	0.00952	0.00980	0.13471	0.01328	0.01964	0.05659	0.01282	0.01014	0.00491	0.00447	0.00116	0.00498	0.00391	0.00338	0.46325
7	0.01394	0.01248	0.01228	0.01091	0.01393	0.07343	0.00850	0.08006	0.66288	0.02188	0.01956	0.01816	0.01469	0.00688	0.00525	0.00172	0.00464	0.00561	0.00509	0.00812
8	0.85377	0.01007	0.00765	0.00685	0.01007	0.01168	0.00564	0.01531	0.00886	0.02336	0.00725	0.00846	0.00564	0.00483	0.00322	0.00161	0.00403	0.00282	0.00322	0.00564
9	0.00674	0.00502	0.00640	0.00706	0.00789	0.00450	0.00486	0.00790	0.01053	0.01416	0.08023	0.62856	0.10296	0.01468	0.00635	0.00195	0.00301	0.01318	0.00476	0.06927
10	0.01314	0.01453	0.04450	0.33616	0.22732	0.19811	0.01362	0.01677	0.05792	0.01478	0.00983	0.01278	0.00776	0.00520	0.00507	0.00159	0.00718	0.00438	0.00265	0.00671
11	0.00977	0.00831	0.00959	0.00721	0.01113	0.00637	0.00570	0.01191	0.01122	0.01669	0.06313	0.01946	0.14780	0.00592	0.00440	0.00100	0.00356	0.00487	0.00355	0.64840
12	0.01055	0.00700	0.00816	0.00742	0.00835	0.00738	0.00506	0.15091	0.04867	0.01465	0.01384	0.02417	0.01411	0.39976	0.01972	0.24158	0.00498	0.00609	0.00340	0.00423
13	0.06769	0.00890	0.01079	0.00886	0.01198	0.00876	0.00712	0.09571	0.11936	0.35996	0.21847	0.02242	0.02195	0.00751	0.00536	0.00163	0.00398	0.00622	0.00578	0.00755
14	0.03962	0.01856	0.06414	0.01534	0.07250	0.34236	0.12356	0.12164	0.01479	0.06266	0.02746	0.01210	0.00859	0.00563	0.00570	0.00155	0.04921	0.00437	0.00327	0.00694

[dist]
# distance from previous block
# <min> <max>
0	1

[block]
# block no. 1 follows, 47 sequences, length 34
# corresponding to MSA columns:
# 35-68
name=unknown_B
#
# <colnr> <probs for GDERKNQSTAVLIFYWHMCP>
#	G	D	E	R	K	N	Q	S	T	A	V	L	I	F	Y	W	H	M	C	P
0	0.01546	0.02913	0.01310	0.01095	0.01406	0.15600	0.00866	0.25618	0.28378	0.02230	0.01817	0.01790	0.07755	0.00850	0.04288	0.00193	0.00596	0.00541	0.00458	0.00750
1	0.01961	0.02027	0.01514	0.01278	0.01612	0.44967	0.00999	0.35228	0.01908	0.02166	0.01003	0.01077	0.00766	0.00576	0.00492	0.00144	0.00777	0.00395	0.00381	0.00729
2	0.01501	0.56670	0.05495	0.00992	0.01436	0.01886	0.00951	0.18048	0.05628	0.01745	0.00925	0.00999	0.00767	0.00501	0.00392	0.00127	0.00561	0.00342	0.00305	0.00729
3	0.00643	0.00467	0.00591	0.00686	0.00732	0.00433	0.00457	0.00731	0.01000	0.01310	0.03068	0.64535	0.12894	0.08817	0.00838	0.00233	0.00316	0.01366	0.00468	0.00415
4	0.01424	0.00747	0.00950	0.00864	0.01083	0.00714	0.00655	0.08382	0.06333	0.30016	0.02375	0.39688	0.02300	0.01118	0.00591	0.00186	0.00386	0.00979	0.00549	0.00661
5	0.01099	0.00943	0.01089	0.00797	0.01245	0.00748	0.00636	0.01443	0.07977	0.01740	0.01033	0.01158	0.00845	0.00415	0.00399	0.00086	0.00388	0.00334	0.00329	0.77296
6	0.00971	0.00485	0.00485	0.00485	0.00607	0.00485	0.00364	0.01213	0.01092	0.01942	0.01699	0.01942	0.01335	0.00607	0.00364	0.00121	0.00243	0.00485	0.84589	0.00485
7	0.06370	0.07893	0.00776	0.00605	0.00666	0.00689	0.00384	0.00880	0.00793	0.01116	0.01498	0.03008	0.01695	0.69034	0.02289	0.00447	0.00503	0.00683	0.00308	0.00364
8	0.01208	0.01371	0.02985	0.02142	0.02651	0.01285	0.73842	0.01634	0.01221	0.01656	0.01118	0.04259	0.00885	0.00482	0.00616	0.00177	0.00857	0.00645	0.00271	0.00692
9	0.01146	0.02036	0.42110	0.02037	0.18306	0.01245	0.22324	0.01644	0.01153	0.01665	0.00977	0.01223	0.00730	0.00473	0.00532	0.00166	0.00768	0.00464	0.00240	0.00763
10	0.00714	0.00592	0.00637	0.00648	0.00812	0.00550	0.00487	0.01009	0.10482	0.01497	0.04363	0.16940	0.52671	0.01301	0.00619	0.00185	0.00300	0.05217	0.00489	0.00486
11	0.00766	0.00587	0.00784	0.00769	0.00854	0.00628	0.00580	0.00945	0.01150	0.01631	0.31860	0.21307	0.07334	0.01614	0.13063	0.00286	0.09965	0.00937	0.04463	0.00477
12	0.00649	0.00472	0.00596	0.00682	0.00733	0.00436	0.00457	0.00745	0.01026	0.01353	0.07268	0.60214	0.12976	0.08785	0.00835	0.00231	0.00312	0.01336	0.00473	0.00419
13	0.01215	0.01363	0.02842	0.02066	0.02511	0.01360	0.64801	0.01603	0.01162	0.01603	0.00996	0.01363	0.00774	0.00513	0.00785	0.00184	0.13329	0.00590	0.00258	0.00682
14	0.00645	0.00467	0.00591	0.00685	0.00730	0.00433	0.00456	0.00731	0.00995	0.01306	0.03032	0.64255	0.12223	0.09791	0.00862	0.00237	0.00318	0.01361	0.00466	0.00414
15	0.01080	0.00926	0.01080	0.00771	0.01234	0.00694	0.00617	0.01311	0.01080	0.01697	0.00926	0.01080	0.00771	0.00386	0.00386	0.00077	0.00386	0.00309	0.00309	0.84882
16	0.00872	0.00714	0.00794	0.00752	0.00942	0.00727	0.00574	0.01460	0.25187	0.01857	0.26303	0.06458	0.27187	0.01064	0.00593	0.00175	0.00312	0.02926	0.00525	0.00576
17	0.00722	0.00521	0.00722	0.00750	0.00807	0.00565	0.00536	0.00843	0.00856	0.01192	0.01794	0.20811	0.01935	0.21105	0.43715	0.00616	0.00938	0.00818	0.00335	0.00421
18	0.01608	0.01002	0.01157	0.00967	0.01280	0.01055	0.00772	0.15345	0.28940	0.23564	0.12017	0.02034	0.01810	0.00769	0.01775	0.00175	0.00436	0.00592	0.03912	0.00789
19	0.00661	0.00492	0.00580	0.00622	0.00722	0.00437	0.00438	0.00740	0.01068	0.01345	0.06609	0.32392	0.39081	0.01481	0.00801	0.10209	0.00299	0.01156	0.00456	0.00410
20	0.00730	0.00496	0.00587	0.00613	0.00623	0.00493	0.00366	0.00757	0.00813	0.01088	0.01900	0.20383	0.02209	0.61107	0.05285	0.00454	0.00496	0.00907	0.00351	0.00345
21	0.02314	0.00922	0.01231	0.00944	0.01347	0.00819	0.00779	0.07178	0.01550	0.74085	0.02004	0.01740	0.01264	0.00643	0.00524	0.00161	0.00451	0.00520	0.00637	0.00886
22	0.01426	0.00849	0.00997	0.00853	0.01136	0.00844	0.00674	0.05176	0.23136	0.26101	0.14306	0.02788	0.17749	0.00864	0.00558	0.00169	0.00373	0.00722	0.00563	0.00716
23	0.00680	0.00516	0.00580	0.00585	0.00686	0.00473	0.00401	0.00785	0.01064	0.01358	0.12904	0.10637	0.36903	0.25463	0.04448	0.00303	0.00383	0.00987	0.00436	0.00409
24	0.01980	0.01459	0.01563	0.01198	0.01615	0.01615	0.00990	0.76713	0.02448	0.03282	0.01250	0.01250	0.00886	0.00625	0.00521	0.00156	0.00573	0.00469	0.00521	0.00886
25	0.02204	0.01099	0.01340	0.01027	0.01435	0.01081	0.00849	0.30093	0.01846	0.50752	0.01756	0.01579	0.01139	0.00637	0.00523	0.00159	0.00491	0.00503	0.00599	0.00886
26	0.00751	0.00552	0.00807	0.00807	0.00893	0.00635	0.00617	0.00923	0.00837	0.01211	0.01422	0.02153	0.01350	0.10091	0.71491	0.00793	0.01295	0.00572	0.02348	0.00453
27	0.01491	0.01747	0.01391	0.01273	0.02823	0.44912	0.03943	0.01649	0.01210	0.01274	0.00965	0.01307	0.00858	0.02953	0.20138	0.00327	0.10479	0.00426	0.00267	0.00568
28	0.00750	0.00533	0.00709	0.00709	0.00757	0.00581	0.00491	0.00848	0.00799	0.01114	0.01512	0.02695	0.01584	0.41001	0.42924	0.00679	0.00970	0.00653	0.00296	0.00394
29	0.85377	0.01007	0.00765	0.00685	0.01007	0.01168	0.00564	0.01531	0.00886	0.02336	0.00725	0.00846	0.00564	0.00483	0.00322	0.00161	0.00403	0.00282	0.00322	0.00564
30	0.01378	0.03129	0.01406	0.01524	0.18155	0.20384	0.00992	0.10488	0.11107	0.01760	0.03438	0.06314	0.06611	0.00949	0.05736	0.00206	0.00657	0.04717	0.00374	0.00675
31	0.00946	0.00899	0.01533	0.04435	0.01522	0.01007	0.19502	0.01145	0.00971	0.01360	0.01528	0.23460	0.01615	0.06116	0.10742	0.00300	0.21261	0.00807	0.00318	0.00535
32	0.05953	0.00971	0.01117	0.02713	0.02724	0.02565	0.02861	0.19399	0.17563	0.02019	0.08534	0.02032	0.06499	0.04808	0.00934	0.17225	0.00471	0.00580	0.00421	0.00611
33	0.01153	0.13672	0.01793	0.48071	0.02772	0.03674	0.06327	0.01598	0.10120	0.02606	0.01052	0.01356	0.00811	0.00536	0.00523	0.00164	0.02403	0.00456	0.00275	0.00635

[dist]
# distance from previous block
# <min> <max>
0	2

[block]
# block no. 2 follows, 47 sequences, length 35
# corresponding to MSA columns:
# 71-105
name=unknown_C
#
# <colnr> <probs for GDERKNQSTAVLIFYWHMCP>
#	G	D	E	R	K	N	Q	S	T	A	V	L	I	F	Y	W	H	M	C	P
0	0.03953	0.01239	0.10003	0.03954	0.01584	0.03167	0.09891	0.07578	0.15363	0.03186	0.03497	0.07177	0.01255	0.00649	0.00566	0.00155	0.04838	0.00547	0.05764	0.15634
1	0.00716	0.00534	0.00666	0.00641	0.00775	0.00485	0.00486	0.00937	0.01401	0.01921	0.59419	0.04214	0.20415	0.01135	0.00619	0.00170	0.00260	0.04176	0.00550	0.00480
2	0.01230	0.00781	0.00938	0.00835	0.01039	0.00796	0.00639	0.16279	0.05398	0.13123	0.14480	0.17769	0.06019	0.07026	0.07979	0.00257	0.00484	0.00816	0.03497	0.00613
3	0.00983	0.00926	0.01562	0.80447	0.03587	0.01157	0.01446	0.01331	0.01041	0.01331	0.00926	0.01388	0.00694	0.00521	0.00521	0.00174	0.00694	0.00463	0.00231	0.00579
4	0.01894	0.10036	0.01599	0.01293	0.01584	0.69237	0.00995	0.04870	0.01473	0.01346	0.00814	0.00941	0.00679	0.00531	0.00459	0.00133	0.00889	0.00335	0.00274	0.00621
5	0.21088	0.04619	0.18882	0.21516	0.04802	0.03970	0.06890	0.03053	0.01116	0.06415	0.02486	0.01226	0.00789	0.00516	0.00468	0.00163	0.00630	0.00416	0.00292	0.00663
6	0.01064	0.00887	0.00995	0.03122	0.01209	0.00993	0.00724	0.02035	0.48889	0.01907	0.06931	0.24767	0.02298	0.00988	0.00573	0.00186	0.00378	0.00862	0.00511	0.00682
7	0.01229	0.01405	0.03073	0.02195	0.02722	0.01317	0.76558	0.01668	0.01229	0.01668	0.01054	0.01405	0.00790	0.00439	0.00615	0.00176	0.00878	0.00615	0.00263	0.00702
8	0.00769	0.00587	0.00812	0.03973	0.06864	0.00576	0.00646	0.03923	0.01113	0.01490	0.06302	0.58385	0.05133	0.01411	0.00642	0.00202	0.00359	0.05865	0.00462	0.00486
9	0.01025	0.00883	0.01488	0.46359	0.05542	0.00993	0.08752	0.01301	0.01069	0.05117	0.01478	0.04577	0.06432	0.06324	0.00750	0.03196	0.00625	0.03226	0.00296	0.00566
10	0.01427	0.00687	0.00894	0.00824	0.01043	0.00639	0.00659	0.04109	0.01290	0.31167	0.02285	0.19946	0.02092	0.01010	0.00566	0.00181	0.00390	0.15506	0.14645	0.00637
11	0.00629	0.00473	0.00584	0.00673	0.00742	0.00427	0.00460	0.00731	0.01047	0.01350	0.03504	0.61257	0.23137	0.01549	0.00652	0.00202	0.00292	0.01380	0.00483	0.00427
12	0.01389	0.01132	0.01314	0.24249	0.01951	0.11585	0.01000	0.13600	0.02784	0.09957	0.04266	0.01534	0.01056	0.01072	0.09053	0.08004	0.04596	0.00484	0.00351	0.00621
13	0.00708	0.00493	0.00596	0.00633	0.00717	0.00459	0.00441	0.00833	0.01092	0.01495	0.15793	0.31877	0.18909	0.08476	0.02758	0.03242	0.00328	0.01078	0.09645	0.00429
14	0.00983	0.00926	0.01562	0.80447	0.03587	0.01157	0.01446	0.01331	0.01041	0.01331	0.00926	0.01388	0.00694	0.00521	0.00521	0.00174	0.00694	0.00463	0.00231	0.00579
15	0.01339	0.00744	0.00885	0.00763	0.01031	0.00689	0.00602	0.01710	0.12810	0.28895	0.12242	0.03276	0.30949	0.00959	0.00570	0.00169	0.00347	0.00801	0.00558	0.00661
16	0.08256	0.00587	0.00685	0.00683	0.00789	0.00583	0.00475	0.01026	0.04104	0.06882	0.03802	0.22550	0.12334	0.20521	0.04063	0.10509	0.00425	0.00880	0.00406	0.00441
17	0.01167	0.00610	0.00774	0.00718	0.00898	0.00545	0.00535	0.01320	0.01233	0.24106	0.14314	0.24153	0.15797	0.07033	0.00741	0.00201	0.00341	0.00959	0.03992	0.00566
18	0.03128	0.01204	0.01349	0.01064	0.01440	0.01283	0.00869	0.42836	0.11701	0.21552	0.04288	0.01577	0.01227	0.00653	0.00518	0.00159	0.00496	0.00512	0.03296	0.00846
19	0.00647	0.00501	0.00580	0.00627	0.00732	0.00446	0.00445	0.00766	0.01107	0.01399	0.08460	0.33336	0.38396	0.06501	0.00766	0.00211	0.00300	0.03870	0.00478	0.00430
20	0.13720	0.00637	0.00724	0.00681	0.00857	0.00620	0.00518	0.01210	0.01215	0.11463	0.26647	0.11305	0.11574	0.06819	0.00699	0.00194	0.00331	0.04021	0.06238	0.00525
21	0.00678	0.00486	0.00637	0.00744	0.00787	0.00461	0.00506	0.02937	0.01044	0.01391	0.02821	0.77398	0.03360	0.01598	0.00662	0.00211	0.00314	0.03044	0.00484	0.00438
22	0.08035	0.00909	0.01136	0.00902	0.01273	0.00848	0.00737	0.04727	0.08679	0.58065	0.02173	0.01940	0.06808	0.00687	0.00516	0.00164	0.00429	0.00552	0.00595	0.00825
23	0.00800	0.00578	0.00815	0.00792	0.00923	0.00528	0.05666	0.00955	0.01150	0.06083	0.14124	0.38929	0.18115	0.04110	0.00707	0.00203	0.00348	0.04207	0.00485	0.00481
24	0.00679	0.00507	0.00635	0.00704	0.00781	0.00478	0.00489	0.00865	0.04808	0.01492	0.14172	0.55577	0.13959	0.01460	0.00644	0.00198	0.00294	0.01305	0.00499	0.00455
25	0.01160	0.00923	0.01088	0.00781	0.01240	0.00699	0.00627	0.01390	0.01106	0.06633	0.00998	0.01124	0.00804	0.00402	0.00395	0.00083	0.00389	0.00322	0.00330	0.79505
26	0.04077	0.00618	0.00788	0.00715	0.00900	0.00564	0.00546	0.01298	0.01380	0.18901	0.44403	0.12459	0.09219	0.01036	0.00590	0.00170	0.00303	0.00901	0.00563	0.00569
27	0.01188	0.00653	0.00814	0.00751	0.00945	0.00602	0.00578	0.05348	0.01273	0.20995	0.08806	0.17539	0.19883	0.02722	0.00730	0.05944	0.00364	0.06330	0.03972	0.00565
28	0.01271	0.01240	0.02180	0.06229	0.68470	0.01241	0.08474	0.01594	0.01184	0.01683	0.00984	0.01304	0.00816	0.00464	0.00525	0.00157	0.00646	0.00478	0.00257	0.00804
29	0.00700	0.00542	0.00641	0.00645	0.00777	0.00496	0.00477	0.00927	0.04406	0.01697	0.33456	0.18082	0.31122	0.01252	0.00623	0.00179	0.00274	0.02710	0.00521	0.00474
30	0.00750	0.00639	0.05615	0.00677	0.00739	0.00544	0.00476	0.00820	0.00832	0.01128	0.01822	0.18613	0.02079	0.55013	0.07677	0.00449	0.00546	0.00862	0.00340	0.00377
31	0.01177	0.00920	0.06057	0.03626	0.04991	0.04165	0.02838	0.01470	0.03924	0.16001	0.22241	0.02307	0.02163	0.01681	0.23669	0.00359	0.00737	0.00630	0.00428	0.00616
32	0.04264	0.00697	0.03437	0.00655	0.00784	0.00641	0.00471	0.07798	0.01065	0.01433	0.05040	0.03456	0.21569	0.44594	0.01690	0.00350	0.00445	0.00793	0.00383	0.00432
33	0.00934	0.00816	0.01078	0.03184	0.01123	0.03328	0.01862	0.01062	0.00912	0.01260	0.01536	0.09516	0.01656	0.19243	0.11196	0.00360	0.27029	0.13110	0.00320	0.00476
34	0.01227	0.08567	0.01954	0.39086	0.02709	0.03496	0.15954	0.07029	0.01183	0.03879	0.00962	0.01304	0.00741	0.00551	0.00646	0.00171	0.09155	0.00474	0.00271	0.00643

[dist]
# distance from previous block
# <min> <max>
0	1

[block]
# block no. 3 follows, 47 sequences, length 64
# corresponding to MSA columns:
# 107-170
name=unknown_D
#
# <colnr> <probs for GDERKNQSTAVLIFYWHMCP>
#	G	D	E	R	K	N	Q	S	T	A	V	L	I	F	Y	W	H	M	C	P
0	0.49685	0.03022	0.01194	0.01058	0.04704	0.01339	0.02189	0.02930	0.00913	0.01944	0.00740	0.00977	0.00627	0.00619	0.00780	0.00181	0.25863	0.00355	0.00290	0.00589
1	0.07969	0.00881	0.05974	0.02886	0.14559	0.00779	0.00802	0.03000	0.04088	0.01814	0.24174	0.06743	0.22465	0.00932	0.00560	0.00168	0.00389	0.00799	0.00436	0.00581
2	0.01212	0.09068	0.24838	0.04162	0.30386	0.01262	0.02762	0.01725	0.09821	0.03189	0.03937	0.01370	0.01002	0.00524	0.00497	0.00156	0.00618	0.00455	0.00294	0.02722
3	0.00639	0.00476	0.00595	0.00676	0.00746	0.00432	0.00465	0.00751	0.01077	0.01407	0.09453	0.58362	0.19989	0.01517	0.00650	0.00200	0.00289	0.01353	0.00491	0.00432
4	0.00796	0.00570	0.00838	0.00824	0.00891	0.00661	0.00626	0.00897	0.00812	0.01161	0.02357	0.02004	0.01276	0.07082	0.56652	0.15567	0.05745	0.00548	0.00273	0.00422
5	0.01639	0.03958	0.02960	0.00860	0.01303	0.00788	0.00721	0.01863	0.01259	0.35297	0.01410	0.01373	0.00991	0.00503	0.00446	0.00117	0.00426	0.00403	0.00450	0.43234
6	0.01134	0.00693	0.00860	0.00747	0.00955	0.00654	0.00582	0.09412	0.01551	0.15354	0.48864	0.03361	0.11788	0.00972	0.00589	0.00164	0.00317	0.00836	0.00570	0.00596
7	0.01392	0.82012	0.02729	0.00891	0.01337	0.02061	0.00891	0.01559	0.01058	0.01225	0.00724	0.00835	0.00668	0.00446	0.00334	0.00111	0.00557	0.00278	0.00223	0.00668
8	0.00692	0.00536	0.00632	0.00628	0.00765	0.00484	0.00467	0.00902	0.03060	0.01719	0.36935	0.13401	0.33902	0.01232	0.00621	0.00176	0.00268	0.02586	0.00524	0.00470
9	0.00634	0.00453	0.00604	0.00725	0.00755	0.00423	0.00483	0.00725	0.00997	0.01329	0.02870	0.81358	0.03444	0.01632	0.00665	0.00211	0.00302	0.01480	0.00483	0.00423
10	0.00684	0.00495	0.00646	0.00684	0.00764	0.00457	0.00484	0.00852	0.01237	0.01703	0.39780	0.40647	0.06938	0.01343	0.00638	0.00187	0.00273	0.01203	0.00527	0.00457
11	0.01559	0.00833	0.01042	0.00861	0.01144	0.00803	0.00687	0.11123	0.07872	0.32063	0.32780	0.02579	0.02731	0.00817	0.00561	0.00163	0.00377	0.00692	0.00591	0.00721
12	0.02747	0.00742	0.00799	0.00688	0.00908	0.00761	0.00544	0.16699	0.01414	0.11822	0.01636	0.01762	0.01225	0.00613	0.00415	0.00134	0.00337	0.00483	0.55652	0.00618
13	0.01470	0.00819	0.01014	0.00861	0.01129	0.00804	0.00679	0.05425	0.17137	0.29149	0.30260	0.04578	0.02730	0.00837	0.00562	0.00166	0.00366	0.00714	0.00585	0.00715
14	0.01115	0.02203	0.50121	0.01755	0.02432	0.01250	0.30311	0.01656	0.01149	0.01656	0.00980	0.01216	0.00709	0.00474	0.00540	0.00169	0.00811	0.00472	0.00236	0.00744
15	0.00974	0.00521	0.00606	0.00606	0.00714	0.00500	0.00431	0.01142	0.01082	0.08866	0.06677	0.20987	0.02128	0.12597	0.00796	0.00204	0.00314	0.00791	0.39581	0.00484
16	0.00666	0.00516	0.00608	0.00629	0.00754	0.00459	0.00464	0.00827	0.01229	0.01596	0.25901	0.21569	0.36806	0.01319	0.00631	0.00183	0.00277	0.04604	0.00510	0.00453
17	0.01421	0.00698	0.00947	0.00902	0.01130	0.00652	0.00767	0.01646	0.01300	0.30977	0.02391	0.03946	0.02192	0.01059	0.00612	0.00199	0.00444	0.39670	0.08414	0.00635
18	0.00906	0.00453	0.00674	0.00674	0.00677	0.00453	0.00450	0.00692	0.00689	0.00931	0.00925	0.01592	0.00915	0.01779	0.01993	0.82708	0.00447	0.00453	0.02357	0.00233
19	0.01277	0.00875	0.01020	0.00862	0.01142	0.00867	0.00676	0.11906	0.17005	0.12898	0.22331	0.07263	0.06792	0.00831	0.00544	0.00157	0.00375	0.00704	0.00521	0.11952
20	0.00723	0.00551	0.00667	0.00638	0.00779	0.00506	0.00478	0.00981	0.04254	0.01891	0.53987	0.05810	0.24547	0.01132	0.00612	0.00169	0.00258	0.00983	0.00545	0.00488
21	0.01139	0.01139	0.01595	0.01367	0.01367	0.01595	0.01139	0.01253	0.00798	0.01253	0.00684	0.01139	0.00684	0.00911	0.01709	0.00228	0.80745	0.00456	0.00228	0.00570
22	0.06730	0.00826	0.00895	0.00768	0.00977	0.00872	0.00589	0.22787	0.01479	0.05202	0.13636	0.02235	0.01820	0.15020	0.02416	0.00224	0.00425	0.00591	0.21918	0.00591
23	0.50388	0.00856	0.00774	0.00680	0.00964	0.00929	0.00551	0.01603	0.01052	0.14617	0.04330	0.01356	0.01025	0.00560	0.00376	0.00153	0.00369	0.00392	0.18429	0.00596
24	0.00757	0.00540	0.00690	0.00691	0.00722	0.00583	0.00461	0.00825	0.00803	0.01105	0.01633	0.09343	0.01798	0.48704	0.25602	0.00570	0.03734	0.00746	0.00315	0.00379
25	0.00633	0.00459	0.00598	0.00709	0.00751	0.00424	0.00476	0.00727	0.01013	0.01336	0.03069	0.75062	0.09613	0.01606	0.00661	0.00209	0.00299	0.01449	0.00483	0.00424
26	0.04770	0.00581	0.00723	0.00764	0.00872	0.00567	0.00542	0.01122	0.07387	0.08760	0.08829	0.57268	0.03078	0.01363	0.00620	0.00198	0.00324	0.01218	0.00502	0.00512
27	0.05548	0.01308	0.01370	0.01113	0.01472	0.02970	0.00898	0.47024	0.22001	0.04657	0.01541	0.05157	0.01181	0.00686	0.00520	0.00164	0.00514	0.00538	0.00511	0.00828
28	0.01755	0.01068	0.01289	0.01090	0.03698	0.01123	0.00855	0.30544	0.08446	0.25307	0.01624	0.03534	0.01201	0.01235	0.14455	0.00281	0.00660	0.00536	0.00507	0.00793
29	0.00988	0.00837	0.01341	0.53167	0.06189	0.00971	0.01181	0.01288	0.01138	0.05036	0.11757	0.04797	0.06504	0.00703	0.00548	0.00173	0.00573	0.01903	0.00327	0.00576
30	0.01149	0.01164	0.01931	0.37109	0.18807	0.04483	0.13967	0.01464	0.01088	0.01452	0.00920	0.01318	0.00735	0.00549	0.00695	0.00176	0.11616	0.00482	0.00243	0.00651
31	0.00921	0.00738	0.01106	0.06256	0.19291	0.00781	0.00836	0.02838	0.01009	0.01432	0.04312	0.09529	0.01581	0.15734	0.26081	0.00437	0.00785	0.00659	0.05138	0.00539
32	0.85377	0.01007	0.00765	0.00685	0.01007	0.01168	0.00564	0.01531	0.00886	0.02336	0.00725	0.00846	0.00564	0.00483	0.00322	0.00161	0.00403	0.00282	0.00322	0.00564
33	0.05354	0.08773	0.18819	0.05101	0.11458	0.06314	0.01238	0.23602	0.05816	0.04972	0.02961	0.01275	0.00923	0.00559	0.00488	0.00155	0.00620	0.00436	0.00362	0.00773
34	0.00637	0.00463	0.00601	0.00704	0.00752	0.00427	0.00476	0.00738	0.01034	0.01368	0.06180	0.71306	0.10235	0.01580	0.00658	0.00206	0.00296	0.01424	0.00487	0.00427
35	0.01978	0.01501	0.01559	0.01204	0.01615	0.04819	0.00990	0.73647	0.02409	0.03200	0.01232	0.01238	0.00877	0.00622	0.00519	0.00155	0.00588	0.00463	0.00511	0.00874
36	0.01141	0.01144	0.01635	0.01383	0.01411	0.01567	0.03716	0.01269	0.00818	0.01277	0.00701	0.01147	0.00689	0.00884	0.01644	0.00223	0.76351	0.00458	0.00231	0.02310
37	0.00983	0.00926	0.01562	0.80447	0.03587	0.01157	0.01446	0.01331	0.01041	0.01331	0.00926	0.01388	0.00694	0.00521	0.00521	0.00174	0.00694	0.00463	0.00231	0.00579
38	0.82845	0.01021	0.00790	0.00700	0.01026	0.01182	0.00577	0.03813	0.00934	0.02365	0.00741	0.00858	0.00574	0.00488	0.00328	0.00161	0.00408	0.00288	0.00328	0.00574
39	0.03041	0.01081	0.01208	0.00902	0.01338	0.00988	0.00729	0.21401	0.06516	0.02162	0.01087	0.01178	0.00852	0.00472	0.00430	0.00106	0.00437	0.00369	0.00380	0.55323
40	0.00634	0.00453	0.00604	0.00725	0.00755	0.00423	0.00483	0.00725	0.00997	0.01329	0.02870	0.81358	0.03444	0.01632	0.00665	0.00211	0.00302	0.01480	0.00483	0.00423
41	0.03749	0.00540	0.00674	0.00687	0.00803	0.00505	0.00497	0.01034	0.01198	0.08252	0.25652	0.37081	0.06817	0.01222	0.00594	0.00181	0.00293	0.01080	0.08644	0.00495
42	0.00697	0.00539	0.00648	0.00714	0.00827	0.00503	0.00537	0.00894	0.04459	0.01441	0.03700	0.34665	0.30787	0.01437	0.00652	0.00203	0.00328	0.16027	0.00485	0.00458
43	0.01196	0.01330	0.00967	0.00935	0.01121	0.32142	0.00688	0.01406	0.06227	0.01386	0.02712	0.21295	0.24494	0.01040	0.00563	0.00168	0.00553	0.00851	0.00400	0.00526
44	0.00723	0.00532	0.00677	0.00641	0.00769	0.00485	0.00480	0.00956	0.01441	0.02011	0.69851	0.04018	0.13286	0.01094	0.00614	0.00165	0.00248	0.00960	0.00563	0.00485
45	0.00777	0.00544	0.00698	0.00741	0.00828	0.00525	0.00530	0.01007	0.06204	0.03931	0.22311	0.43945	0.03516	0.06170	0.00761	0.00215	0.00323	0.05992	0.00504	0.00479
46	0.00890	0.00462	0.00693	0.00693	0.00702	0.00471	0.00471	0.00702	0.00693	0.00933	0.00950	0.01626	0.00942	0.02005	0.09298	0.76986	0.00541	0.00462	0.00231	0.00248
47	0.01068	0.00828	0.00944	0.00908	0.01085	0.00893	0.00674	0.14712	0.24044	0.01926	0.02361	0.43599	0.02441	0.01179	0.00599	0.00191	0.00383	0.01037	0.00504	0.00624
48	0.08607	0.01064	0.01169	0.00966	0.01295	0.01140	0.00779	0.24393	0.20342	0.19544	0.01710	0.03465	0.01263	0.00671	0.00496	0.00161	0.00446	0.01650	0.10056	0.00782
49	0.00910	0.00671	0.00800	0.00755	0.00909	0.00662	0.00565	0.14209	0.01467	0.01985	0.32899	0.26644	0.13122	0.01189	0.00613	0.00178	0.00322	0.01039	0.00526	0.00534
50	0.00717	0.00495	0.00620	0.00649	0.00707	0.00470	0.00436	0.00842	0.01098	0.01527	0.27610	0.31360	0.03429	0.22444	0.01156	0.00269	0.00334	0.01065	0.04353	0.00420
51	0.01432	0.00801	0.01001	0.00832	0.01090	0.00771	0.00661	0.14779	0.01651	0.25152	0.41957	0.02795	0.03125	0.00862	0.00571	0.00162	0.00362	0.00734	0.00585	0.00678
52	0.00634	0.00453	0.00604	0.00725	0.00755	0.00423	0.00483	0.00725	0.00997	0.01329	0.02870	0.81358	0.03444	0.01632	0.00665	0.00211	0.00302	0.01480	0.00483	0.00423
53	0.01527	0.43681	0.02043	0.00958	0.01334	0.01682	0.00868	0.19441	0.03520	0.06166	0.01054	0.01141	0.00846	0.00548	0.00474	0.00134	0.05000	0.00376	0.08491	0.00713
54	0.23300	0.00859	0.00956	0.00800	0.01106	0.00852	0.00650	0.07568	0.01365	0.30300	0.14066	0.02302	0.10011	0.00765	0.00502	0.00165	0.00393	0.02844	0.00518	0.00680
55	0.00672	0.00519	0.00613	0.00612	0.00744	0.00460	0.00450	0.00849	0.01288	0.01699	0.37297	0.15141	0.35282	0.01250	0.00622	0.00175	0.00261	0.01082	0.00523	0.00460
56	0.00905	0.00452	0.00678	0.00678	0.00678	0.00452	0.00452	0.00678	0.00678	0.00905	0.00905	0.01583	0.00905	0.01809	0.02035	0.84848	0.00452	0.00452	0.00226	0.00226
57	0.00662	0.00468	0.00610	0.00697	0.00734	0.00441	0.00463	0.00757	0.01018	0.01370	0.10894	0.62852	0.03403	0.11932	0.00916	0.00244	0.00322	0.01328	0.00471	0.00417
58	0.01077	0.01082	0.01864	0.41751	0.02758	0.01318	0.15887	0.01373	0.01005	0.01373	0.00878	0.01317	0.00710	0.00621	0.00893	0.00190	0.24575	0.00490	0.00237	0.00600
59	0.01396	0.01138	0.01212	0.01066	0.01375	0.01301	0.00836	0.09057	0.67992	0.05420	0.02043	0.01877	0.01517	0.00697	0.00529	0.00174	0.00427	0.00576	0.00534	0.00832
60	0.01966	0.01859	0.01529	0.01254	0.01613	0.32146	0.00996	0.47497	0.02068	0.02496	0.01076	0.01128	0.00802	0.00591	0.00501	0.00148	0.00716	0.00417	0.00422	0.00775
61	0.00791	0.00662	0.00999	0.32548	0.01898	0.00732	0.00877	0.01008	0.01084	0.01414	0.08935	0.32035	0.09364	0.01100	0.00601	0.00190	0.00458	0.04418	0.00391	0.00495
62	0.02806	0.04467	0.01516	0.02989	0.01457	0.24353	0.02546	0.04013	0.01082	0.01349	0.00847	0.01199	0.00768	0.01145	0.11489	0.00271	0.36433	0.00428	0.00259	0.00583
63	0.00985	0.00844	0.04519	0.00825	0.00990	0.00842	0.00628	0.06085	0.21842	0.01549	0.01845	0.02625	0.05157	0.34705	0.13932	0.00415	0.00626	0.00660	0.00384	0.00540

[dist]
# distance from previous block
# <min> <max>
0	4

[block]
# block no. 4 follows, 47 sequences, length 26
# corresponding to MSA columns:
# 175-200
name=unknown_E
#
# <colnr> <probs for GDERKNQSTAVLIFYWHMCP>
#	G	D	E	R	K	N	Q	S	T	A	V	L	I	F	Y	W	H	M	C	P
0	0.00872	0.00469	0.00686	0.00686	0.00697	0.00480	0.00462	0.00715	0.00704	0.00950	0.01031	0.01809	0.01044	0.09617	0.11046	0.67169	0.00566	0.00493	0.00241	0.00262
1	0.01571	0.01170	0.01324	0.01082	0.01396	0.01309	0.00879	0.49745	0.06453	0.02599	0.01345	0.01528	0.01052	0.01606	0.24063	0.00360	0.00808	0.00503	0.00449	0.00757
2	0.00990	0.00665	0.04821	0.00804	0.00955	0.00542	0.00626	0.01151	0.01155	0.15715	0.10952	0.50721	0.03046	0.01319	0.00627	0.00196	0.00354	0.04317	0.00509	0.00536
3	0.03587	0.00789	0.00981	0.00819	0.01106	0.00734	0.00652	0.05996	0.05948	0.37677	0.16922	0.06719	0.12397	0.00864	0.00553	0.00166	0.00375	0.00725	0.02284	0.00708
4	0.01286	0.05816	0.01655	0.08772	0.01780	0.01363	0.12609	0.09059	0.36299	0.01942	0.01630	0.01694	0.03703	0.00667	0.00660	0.00176	0.09188	0.00554	0.00408	0.00739
5	0.00701	0.00498	0.00655	0.00729	0.00788	0.00473	0.00520	0.00836	0.01100	0.01486	0.18317	0.45079	0.03507	0.10465	0.00885	0.00239	0.00340	0.12467	0.00483	0.00434
6	0.00928	0.00615	0.00739	0.00718	0.00874	0.00574	0.00531	0.07400	0.01304	0.09227	0.16405	0.32054	0.24105	0.01264	0.00616	0.00184	0.00318	0.01101	0.00518	0.00524
7	0.00753	0.00478	0.00578	0.00632	0.00693	0.00458	0.00430	0.00891	0.01046	0.01539	0.11028	0.40769	0.02839	0.11853	0.00840	0.00220	0.00306	0.01055	0.23158	0.00433
8	0.01332	0.41087	0.01918	0.00975	0.01270	0.17961	0.00844	0.01484	0.01074	0.01221	0.00926	0.01259	0.00867	0.05852	0.16392	0.00288	0.04029	0.00381	0.00249	0.00590
9	0.03315	0.00516	0.00623	0.00673	0.00773	0.00473	0.00473	0.00857	0.01102	0.04745	0.10312	0.47612	0.22237	0.02930	0.00668	0.00200	0.00300	0.01243	0.00491	0.00456
10	0.00856	0.00547	0.00609	0.00623	0.00725	0.00537	0.00439	0.05846	0.01115	0.01637	0.02483	0.26964	0.11954	0.12688	0.00828	0.00214	0.00323	0.00909	0.30242	0.00462
11	0.00746	0.00550	0.00795	0.00795	0.00874	0.00628	0.00599	0.00903	0.00825	0.01178	0.01433	0.02256	0.01393	0.15897	0.67768	0.00786	0.01258	0.00589	0.00285	0.00442
12	0.50085	0.00922	0.00905	0.00769	0.01097	0.00971	0.00626	0.01813	0.01112	0.28340	0.03002	0.06105	0.01081	0.00621	0.00418	0.00164	0.00407	0.00451	0.00447	0.00664
13	0.06100	0.00750	0.00917	0.00806	0.01034	0.00721	0.00614	0.05649	0.05913	0.29056	0.11036	0.18586	0.05172	0.10266	0.00801	0.00213	0.00394	0.00805	0.00527	0.00640
14	0.01295	0.01119	0.01178	0.01060	0.01354	0.01295	0.00824	0.02767	0.77509	0.02178	0.02120	0.01943	0.01590	0.00707	0.00530	0.00177	0.00412	0.00589	0.00530	0.00824
15	0.00634	0.00453	0.00604	0.00725	0.00755	0.00423	0.00483	0.00725	0.00997	0.01329	0.02870	0.81358	0.03444	0.01632	0.00665	0.00211	0.00302	0.01480	0.00483	0.00423
16	0.00692	0.00518	0.00602	0.00619	0.00750	0.00455	0.00450	0.00838	0.01202	0.03601	0.19708	0.25804	0.40222	0.01334	0.00626	0.00183	0.00275	0.01156	0.00507	0.00458
17	0.01303	0.00883	0.01072	0.00818	0.01219	0.00712	0.00659	0.03715	0.01219	0.16489	0.04504	0.04467	0.01264	0.00573	0.00454	0.00113	0.00399	0.04574	0.00406	0.55160
18	0.06316	0.01169	0.01566	0.03794	0.34914	0.05422	0.01113	0.01642	0.06659	0.04579	0.01054	0.01245	0.00851	0.00480	0.00487	0.00135	0.02052	0.00411	0.00310	0.25801
19	0.85377	0.01007	0.00765	0.00685	0.01007	0.01168	0.00564	0.01531	0.00886	0.02336	0.00725	0.00846	0.00564	0.00483	0.00322	0.00161	0.00403	0.00282	0.00322	0.00564
20	0.01695	0.01801	0.01637	0.06519	0.19331	0.35633	0.01162	0.17250	0.04425	0.01821	0.00990	0.01154	0.00787	0.00555	0.00532	0.00150	0.03102	0.00413	0.00324	0.00718
21	0.02277	0.00982	0.01268	0.00972	0.01377	0.00908	0.00803	0.14960	0.01651	0.66162	0.01920	0.01685	0.01222	0.00641	0.00523	0.00160	0.00465	0.00515	0.00624	0.00886
22	0.02274	0.01045	0.10184	0.01079	0.01301	0.00964	0.08029	0.03265	0.01190	0.01699	0.26500	0.02583	0.11766	0.01071	0.05255	0.00219	0.19919	0.00704	0.00387	0.00567
23	0.00771	0.00599	0.00891	0.09998	0.01197	0.00696	0.00708	0.00948	0.00868	0.01218	0.01488	0.09651	0.01475	0.10108	0.54430	0.00658	0.02888	0.00651	0.00295	0.00463
24	0.01078	0.00756	0.00883	0.00783	0.00995	0.00748	0.00613	0.15559	0.04335	0.06091	0.31404	0.07946	0.14796	0.00999	0.00580	0.00167	0.00347	0.04691	0.04303	0.02925
25	0.01429	0.01147	0.01354	0.28789	0.02139	0.07983	0.01032	0.17742	0.07218	0.10693	0.01631	0.01742	0.08490	0.00643	0.00518	0.00160	0.00579	0.00523	0.00396	0.05793

[dist]
# distance from previous block
# <min> <max>
5	17

[block]
# block no. 5 follows, 47 sequences, length 126
# corresponding to MSA columns:
# 218-343
name=unknown_F
#
# <colnr> <probs for GDERKNQSTAVLIFYWHMCP>
#	G	D	E	R	K	N	Q	S	T	A	V	L	I	F	Y	W	H	M	C	P
0	0.02481	0.08661	0.27339	0.32824	0.02631	0.03632	0.05758	0.05428	0.03500	0.01587	0.00965	0.01234	0.00721	0.00512	0.00497	0.00163	0.00705	0.00427	0.00255	0.00680
1	0.01039	0.02352	0.64502	0.08890	0.02261	0.01186	0.01769	0.01581	0.01081	0.01616	0.00960	0.01170	0.00697	0.00521	0.00543	0.00166	0.04197	0.00400	0.04340	0.00729
2	0.01206	0.28351	0.10399	0.24016	0.02218	0.03275	0.09315	0.03802	0.05656	0.01477	0.01165	0.01371	0.04575	0.00538	0.00470	0.00151	0.00640	0.00445	0.00270	0.00660
3	0.01197	0.01843	0.33908	0.01531	0.02110	0.01207	0.23070	0.09331	0.05810	0.01877	0.04557	0.01377	0.00978	0.00520	0.00529	0.00160	0.00701	0.00490	0.00306	0.08499
4	0.04421	0.00958	0.01210	0.00958	0.01311	0.00920	0.00780	0.14468	0.01534	0.49677	0.01841	0.08926	0.01347	0.00727	0.00577	0.00164	0.04073	0.00582	0.00565	0.04963
5	0.00631	0.00467	0.00590	0.00688	0.00746	0.00426	0.00467	0.00729	0.01032	0.01344	0.03319	0.67115	0.17398	0.01573	0.00656	0.00205	0.00295	0.01409	0.00483	0.00426
6	0.00852	0.04754	0.00829	0.00818	0.00901	0.11371	0.00575	0.00952	0.01066	0.01317	0.02481	0.66350	0.02927	0.01423	0.00622	0.00196	0.00402	0.01264	0.00441	0.00460
7	0.08634	0.01278	0.01373	0.01093	0.01475	0.01404	0.00892	0.45715	0.17951	0.12539	0.01492	0.01429	0.01058	0.00633	0.00507	0.00162	0.00509	0.00486	0.00522	0.00847
8	0.01267	0.01421	0.02132	0.04006	0.02060	0.17187	0.37966	0.01570	0.01173	0.01472	0.01039	0.01403	0.00852	0.01130	0.15370	0.00289	0.04939	0.00522	0.00266	0.03935
9	0.01262	0.01115	0.01605	0.39614	0.02551	0.01355	0.04365	0.17932	0.06591	0.01816	0.01039	0.01351	0.00800	0.00626	0.00747	0.00180	0.15590	0.00478	0.00316	0.00666
10	0.00789	0.00627	0.00972	0.15689	0.01426	0.00745	0.00799	0.01005	0.00875	0.01232	0.01307	0.01923	0.01189	0.03274	0.64875	0.00713	0.01264	0.00540	0.00270	0.00486
11	0.01172	0.00995	0.01071	0.00997	0.01242	0.01133	0.00761	0.02386	0.63235	0.02020	0.02260	0.16759	0.01936	0.00879	0.00555	0.00183	0.00392	0.00755	0.00521	0.00749
12	0.01067	0.00866	0.01226	0.23860	0.01849	0.01032	0.00972	0.15202	0.01194	0.01633	0.01191	0.01654	0.01013	0.02142	0.37484	0.00483	0.05734	0.00508	0.00307	0.00582
13	0.00754	0.00510	0.00592	0.00584	0.00607	0.00502	0.00348	0.00799	0.00891	0.01211	0.15919	0.03498	0.02457	0.66655	0.02271	0.00441	0.00457	0.00792	0.00364	0.00348
14	0.01079	0.17610	0.01629	0.02314	0.01270	0.01324	0.06801	0.01232	0.02442	0.01238	0.01075	0.03945	0.01109	0.21863	0.02800	0.00280	0.30644	0.00543	0.00267	0.00534
15	0.16626	0.01229	0.23192	0.00855	0.01139	0.00831	0.00828	0.01162	0.00892	0.01459	0.02530	0.02273	0.01340	0.41833	0.01562	0.00337	0.00558	0.00564	0.00294	0.00496
16	0.05217	0.67077	0.06326	0.00953	0.01393	0.09119	0.00938	0.01610	0.01091	0.01301	0.00742	0.00859	0.00663	0.00458	0.00354	0.00118	0.00596	0.00289	0.00231	0.00663
17	0.02152	0.00918	0.15238	0.00819	0.01022	0.00616	0.00731	0.00958	0.01028	0.01406	0.05679	0.31250	0.13095	0.16297	0.00989	0.00250	0.00432	0.05051	0.00401	0.01666
18	0.01500	0.08190	0.32808	0.01368	0.01837	0.38342	0.01375	0.01825	0.01258	0.01421	0.00845	0.01007	0.00667	0.00533	0.00536	0.00150	0.05063	0.00358	0.00243	0.00673
19	0.01193	0.05878	0.64552	0.01385	0.02083	0.01209	0.01716	0.01784	0.04903	0.08907	0.01089	0.01193	0.00765	0.00517	0.00492	0.00163	0.00712	0.00403	0.00275	0.00779
20	0.07567	0.00991	0.01115	0.00951	0.01233	0.01076	0.00750	0.16428	0.25988	0.15043	0.06133	0.01880	0.01480	0.04985	0.08013	0.04068	0.00535	0.00552	0.00487	0.00723
21	0.01282	0.00940	0.01243	0.01067	0.01213	0.01123	0.00867	0.01559	0.08403	0.16800	0.08604	0.05929	0.08269	0.00914	0.01086	0.00195	0.37044	0.00631	0.00408	0.02424
22	0.00634	0.00453	0.00604	0.00725	0.00755	0.00423	0.00483	0.00725	0.00997	0.01329	0.02870	0.81358	0.03444	0.01632	0.00665	0.00211	0.00302	0.01480	0.00483	0.00423
23	0.85377	0.01007	0.00765	0.00685	0.01007	0.01168	0.00564	0.01531	0.00886	0.02336	0.00725	0.00846	0.00564	0.00483	0.00322	0.00161	0.00403	0.00282	0.00322	0.00564
24	0.01257	0.01086	0.01403	0.01132	0.01345	0.01258	0.00934	0.08464	0.01081	0.05378	0.00884	0.01161	0.00761	0.00697	0.01101	0.00168	0.42634	0.00412	0.00303	0.28541
25	0.01844	0.00783	0.01016	0.00814	0.01151	0.00673	0.00661	0.02027	0.01409	0.56536	0.04571	0.02681	0.21849	0.00833	0.00550	0.00165	0.00391	0.00686	0.00600	0.00759
26	0.01146	0.01792	0.28046	0.01899	0.02486	0.01251	0.48484	0.01629	0.01169	0.01641	0.01030	0.01333	0.00770	0.00614	0.04142	0.00202	0.00866	0.00536	0.00250	0.00714
27	0.01392	0.82012	0.02729	0.00891	0.01337	0.02061	0.00891	0.01559	0.01058	0.01225	0.00724	0.00835	0.00668	0.00446	0.00334	0.00111	0.00557	0.00278	0.00223	0.00668
28	0.16858	0.20730	0.46758	0.01198	0.01809	0.01399	0.01431	0.01606	0.01050	0.01679	0.00847	0.00991	0.00644	0.00481	0.00425	0.00152	0.00652	0.00341	0.00240	0.00708
29	0.02101	0.00864	0.01149	0.00902	0.01254	0.00777	0.00729	0.05921	0.01440	0.64416	0.01948	0.01913	0.01327	0.08442	0.04148	0.00223	0.00496	0.00545	0.00592	0.00814
30	0.03777	0.02326	0.01471	0.01310	0.01597	0.68467	0.00995	0.11083	0.01580	0.01540	0.00857	0.00975	0.00694	0.00546	0.00473	0.00137	0.00883	0.00350	0.00300	0.00637
31	0.00743	0.00494	0.00643	0.00674	0.00711	0.00493	0.00451	0.00777	0.00884	0.01190	0.06275	0.23166	0.05565	0.27459	0.12311	0.14641	0.00540	0.02252	0.00364	0.00367
32	0.17770	0.00715	0.00782	0.00730	0.00914	0.00715	0.00531	0.03009	0.03996	0.11389	0.01831	0.25375	0.01873	0.18041	0.00960	0.00242	0.00398	0.00791	0.02937	0.07001
33	0.01980	0.01459	0.01563	0.01198	0.01615	0.01615	0.00990	0.76713	0.02448	0.03282	0.01250	0.01250	0.00886	0.00625	0.00521	0.00156	0.00573	0.00469	0.00521	0.00886
34	0.01066	0.01001	0.01677	0.56308	0.22554	0.01174	0.01449	0.01394	0.01072	0.01438	0.00951	0.01369	0.00743	0.00520	0.00552	0.00169	0.03118	0.00463	0.02343	0.00639
35	0.00728	0.00501	0.00599	0.00636	0.00662	0.00490	0.00403	0.00779	0.00882	0.01168	0.03797	0.22404	0.05500	0.51314	0.01899	0.00393	0.00439	0.06662	0.00381	0.00363
36	0.00851	0.00639	0.00726	0.00721	0.00847	0.04087	0.00524	0.01077	0.04753	0.05494	0.33392	0.27052	0.12905	0.03678	0.00677	0.00189	0.00322	0.01054	0.00515	0.00499
37	0.00757	0.00505	0.00568	0.00568	0.00568	0.00505	0.00316	0.00757	0.00757	0.01010	0.01641	0.03408	0.01893	0.81698	0.02651	0.00505	0.00505	0.00757	0.00316	0.00316
38	0.01060	0.01015	0.01302	0.01157	0.01243	0.07503	0.02960	0.03076	0.00922	0.01298	0.01021	0.01519	0.00954	0.02137	0.34757	0.00477	0.36305	0.00494	0.00261	0.00539
39	0.00905	0.00452	0.00678	0.00678	0.00678	0.00452	0.00452	0.00678	0.00678	0.00905	0.00905	0.01583	0.00905	0.01809	0.02035	0.84848	0.00452	0.00452	0.00226	0.00226
40	0.00737	0.00532	0.00696	0.00655	0.00778	0.00491	0.00491	0.00983	0.01474	0.02088	0.78175	0.03890	0.04914	0.01065	0.00614	0.00164	0.00246	0.00942	0.00573	0.00491
41	0.06360	0.05971	0.01916	0.23551	0.05297	0.25222	0.18769	0.01665	0.01209	0.01457	0.00902	0.01196	0.00715	0.00557	0.01777	0.00168	0.01946	0.00440	0.00257	0.00627
42	0.01053	0.00895	0.01050	0.00765	0.01200	0.00678	0.00608	0.01281	0.01097	0.01707	0.04743	0.03132	0.01037	0.00449	0.00403	0.00085	0.00377	0.00367	0.00326	0.78748
43	0.00634	0.00453	0.00604	0.00725	0.00755	0.00423	0.00483	0.00725	0.00997	0.01329	0.02870	0.81358	0.03444	0.01632	0.00665	0.00211	0.00302	0.01480	0.00483	0.00423
44	0.00615	0.00528	0.00528	0.00528	0.00703	0.00440	0.00396	0.00747	0.01187	0.01407	0.05276	0.05012	0.78238	0.01319	0.00615	0.00176	0.00264	0.01099	0.00484	0.00440
45	0.03135	0.06364	0.01482	0.01178	0.04925	0.04346	0.04152	0.20289	0.16019	0.25710	0.01665	0.04775	0.01239	0.00665	0.00518	0.00162	0.00517	0.01545	0.00503	0.00809
46	0.01289	0.01237	0.02114	0.03196	0.78450	0.01237	0.01598	0.01598	0.01186	0.01701	0.00980	0.01289	0.00825	0.00464	0.00516	0.00155	0.00619	0.00464	0.00258	0.00825
47	0.68912	0.00983	0.00853	0.00733	0.01071	0.01088	0.00604	0.01730	0.01006	0.17499	0.00989	0.01030	0.00708	0.00515	0.00362	0.00161	0.00411	0.00330	0.00386	0.00628
48	0.00862	0.00603	0.00792	0.04635	0.00980	0.00582	0.00578	0.04322	0.01454	0.05118	0.59878	0.08228	0.05805	0.01051	0.00608	0.00169	0.00300	0.02965	0.00547	0.00523
49	0.05386	0.00886	0.01133	0.00913	0.01255	0.00822	0.00736	0.10427	0.01501	0.54762	0.03497	0.13122	0.01594	0.00785	0.00537	0.00168	0.00432	0.00653	0.00593	0.00799
50	0.77597	0.01069	0.04582	0.00723	0.01058	0.01141	0.00627	0.01513	0.00922	0.02292	0.04087	0.00990	0.00757	0.00509	0.00343	0.00161	0.00414	0.00316	0.00328	0.00571
51	0.08420	0.01341	0.01893	0.02718	0.61630	0.09995	0.01418	0.01638	0.01191	0.01712	0.00954	0.01227	0.00797	0.00477	0.00491	0.00152	0.00628	0.00435	0.02112	0.00771
52	0.00634	0.00453	0.00604	0.00725	0.00755	0.00423	0.00483	0.00725	0.00997	0.01329	0.02870	0.81358	0.03444	0.01632	0.00665	0.00211	0.00302	0.01480	0.00483	0.00423
53	0.01145	0.01090	0.01853	0.39649	0.43123	0.01199	0.01527	0.01472	0.01118	0.01526	0.00954	0.01336	0.00763	0.00491	0.00518	0.00164	0.00654	0.00463	0.00245	0.00709
54	0.01209	0.01115	0.01795	0.36800	0.34707	0.01255	0.01453	0.08212	0.01216	0.01657	0.00965	0.01321	0.00766	0.00527	0.00580	0.00167	0.04815	0.00463	0.00268	0.00709
55	0.01188	0.01248	0.00943	0.00860	0.01092	0.25446	0.00655	0.09807	0.01421	0.01579	0.03413	0.03304	0.45069	0.00994	0.00559	0.00161	0.00511	0.00787	0.00420	0.00542
56	0.01179	0.33408	0.49465	0.01255	0.01899	0.01539	0.01524	0.01614	0.01083	0.01485	0.00853	0.00997	0.00663	0.00476	0.00433	0.00144	0.00687	0.00344	0.00221	0.00730
57	0.01392	0.82012	0.02729	0.00891	0.01337	0.02061	0.00891	0.01559	0.01058	0.01225	0.00724	0.00835	0.00668	0.00446	0.00334	0.00111	0.00557	0.00278	0.00223	0.00668
58	0.00634	0.00453	0.00604	0.00725	0.00755	0.00423	0.00483	0.00725	0.00997	0.01329	0.02870	0.81358	0.03444	0.01632	0.00665	0.00211	0.00302	0.01480	0.00483	0.00423
59	0.00757	0.00505	0.00568	0.00568	0.00568	0.00505	0.00316	0.00757	0.00757	0.01010	0.01641	0.03408	0.01893	0.81698	0.02651	0.00505	0.00505	0.00757	0.00316	0.00316
60	0.01376	0.78317	0.06282	0.00919	0.01379	0.02021	0.00939	0.01564	0.01060	0.01245	0.00734	0.00848	0.00668	0.00448	0.00342	0.00114	0.00567	0.00283	0.00223	0.00673
61	0.00634	0.00453	0.00604	0.00725	0.00755	0.00423	0.00483	0.00725	0.00997	0.01329	0.02870	0.81358	0.03444	0.01632	0.00665	0.00211	0.00302	0.01480	0.00483	0.00423
