[name]
unknown

[dist]
# distance from previous block
# <min> <max>
0	66

[block]
# block no. 0 follows, 50 sequences, length 33
# corresponding to MSA columns:
# 70-102
name=unknown_A
#
# <colnr> <probs for GDERKNQSTAVLIFYWHMCP>
#	G	D	E	R	K	N	Q	S	T	A	V	L	I	F	Y	W	H	M	C	P
0	0.04512	0.06262	0.04874	0.00896	0.02664	0.00879	0.00704	0.01394	0.19118	0.03041	0.01890	0.22912	0.01929	0.13028	0.00916	0.01700	0.04494	0.07847	0.00396	0.00543
1	0.05601	0.15259	0.25851	0.01203	0.04060	0.08411	0.01175	0.15499	0.13517	0.01871	0.01104	0.02405	0.00855	0.00539	0.00451	0.00147	0.00600	0.00406	0.00324	0.00721
2	0.02728	0.01350	0.05735	0.02324	0.07648	0.26146	0.00876	0.03960	0.02293	0.05332	0.08807	0.15911	0.01669	0.01081	0.08063	0.00219	0.02499	0.02434	0.00352	0.00572
3	0.00869	0.00701	0.00830	0.00750	0.00880	0.03516	0.05577	0.08078	0.01069	0.01362	0.02453	0.08812	0.20645	0.36861	0.01440	0.00309	0.00457	0.04584	0.00374	0.00432
4	0.03306	0.01257	0.10644	0.25493	0.21740	0.03614	0.05289	0.06334	0.02526	0.13351	0.01099	0.01304	0.00805	0.00504	0.00494	0.00157	0.00617	0.00446	0.00313	0.00707
5	0.02705	0.01302	0.09085	0.01988	0.37577	0.06286	0.03031	0.06129	0.08252	0.06865	0.01162	0.01462	0.00955	0.08204	0.00679	0.00180	0.00581	0.00467	0.00315	0.02776
6	0.08699	0.00564	0.00684	0.00750	0.04046	0.00553	0.00512	0.00880	0.01085	0.01560	0.21772	0.33580	0.16391	0.03873	0.00666	0.00188	0.02264	0.01030	0.00449	0.00453
7	0.01151	0.01208	0.01167	0.06522	0.09058	0.24902	0.00856	0.01309	0.01024	0.01214	0.01110	0.03491	0.01055	0.11285	0.26663	0.00400	0.06314	0.00491	0.00264	0.00516
8	0.00638	0.00461	0.00592	0.00679	0.00731	0.00432	0.00471	0.00739	0.00985	0.01296	0.05383	0.57077	0.11044	0.08950	0.00810	0.00226	0.00317	0.08312	0.00450	0.00404
9	0.00682	0.00480	0.00630	0.00723	0.00768	0.00464	0.00520	0.00788	0.00959	0.01269	0.02486	0.46610	0.02891	0.17540	0.01026	0.00265	0.00372	0.20698	0.00430	0.00399
10	0.01037	0.02319	0.63702	0.01564	0.02252	0.01179	0.17780	0.01582	0.01078	0.01582	0.00918	0.01114	0.00658	0.00462	0.00498	0.00160	0.00758	0.00415	0.00219	0.00723
11	0.01124	0.03391	0.29831	0.02126	0.31398	0.01181	0.15574	0.01559	0.02567	0.01598	0.01022	0.01376	0.00825	0.00493	0.00509	0.00158	0.00679	0.03609	0.00248	0.00732
12	0.01245	0.36567	0.01979	0.01094	0.01327	0.09079	0.03349	0.01389	0.00964	0.01210	0.00914	0.01141	0.04593	0.00651	0.00869	0.00157	0.32266	0.00388	0.00233	0.00587
13	0.00941	0.00886	0.01495	0.81285	0.03433	0.01107	0.01384	0.01274	0.00997	0.01274	0.00886	0.01329	0.00664	0.00498	0.00498	0.00166	0.00664	0.00443	0.00221	0.00554
14	0.00837	0.01150	0.22669	0.00975	0.04467	0.00713	0.00909	0.01115	0.01223	0.01686	0.27289	0.09353	0.21137	0.00990	0.00583	0.00176	0.00426	0.03300	0.00429	0.00571
15	0.01336	0.16055	0.23709	0.01829	0.28716	0.06717	0.01369	0.06362	0.01204	0.06790	0.00955	0.01112	0.00742	0.00475	0.00455	0.00143	0.00629	0.00387	0.00272	0.00741
16	0.01803	0.01351	0.01444	0.01128	0.01511	0.01503	0.00925	0.67198	0.13007	0.02993	0.01313	0.01290	0.00942	0.00609	0.00500	0.00152	0.00527	0.00465	0.00500	0.00839
17	0.00723	0.00490	0.00578	0.00578	0.00589	0.00502	0.00344	0.00747	0.00735	0.00992	0.01539	0.03090	0.01737	0.72075	0.12843	0.00525	0.00596	0.00700	0.00297	0.00321
18	0.01185	0.01213	0.05809	0.02787	0.67918	0.01138	0.03866	0.01495	0.01151	0.01650	0.06133	0.01394	0.01041	0.00483	0.00502	0.00150	0.00583	0.00475	0.00265	0.00762
19	0.01412	0.22179	0.01948	0.01599	0.19771	0.10773	0.03997	0.13836	0.02881	0.01643	0.00874	0.01070	0.00734	0.00550	0.00646	0.00149	0.14576	0.00392	0.00281	0.00689
20	0.00866	0.00433	0.00649	0.00649	0.00649	0.00433	0.00433	0.00649	0.00649	0.00866	0.00866	0.01515	0.00866	0.01732	0.01948	0.85498	0.00433	0.00433	0.00216	0.00216
21	0.01097	0.00954	0.01218	0.00981	0.06468	0.00772	0.04536	0.05068	0.01112	0.01698	0.00911	0.01071	0.00748	0.00388	0.00395	0.00087	0.00416	0.00327	0.00300	0.71452
22	0.00721	0.00497	0.00612	0.00612	0.00636	0.00520	0.00387	0.00769	0.00745	0.01017	0.01508	0.02915	0.01662	0.61558	0.23256	0.00568	0.00710	0.00674	0.00293	0.00340
23	0.01484	0.17274	0.01581	0.01123	0.07605	0.04814	0.00862	0.21208	0.11317	0.07906	0.01155	0.01195	0.00884	0.00510	0.00434	0.00126	0.00496	0.00392	0.00377	0.19259
24	0.04945	0.27017	0.33649	0.01106	0.01636	0.02834	0.01227	0.03850	0.05690	0.12105	0.01041	0.01099	0.00770	0.00494	0.00425	0.00141	0.00594	0.00363	0.00297	0.00717
25	0.05754	0.22335	0.04585	0.01194	0.06263	0.12973	0.04980	0.17718	0.10144	0.04318	0.01080	0.01155	0.00839	0.00520	0.00434	0.00138	0.00578	0.00394	0.03898	0.00700
26	0.01548	0.10819	0.08801	0.01504	0.19190	0.01302	0.01088	0.29618	0.01585	0.11495	0.03606	0.01348	0.00988	0.02434	0.02338	0.00168	0.00565	0.00448	0.00388	0.00767
27	0.01466	0.03798	0.04100	0.01446	0.12925	0.05112	0.11945	0.14212	0.10842	0.13089	0.01268	0.02331	0.00954	0.00525	0.00485	0.00142	0.00552	0.00463	0.00382	0.13961
28	0.00929	0.00465	0.00465	0.00465	0.00581	0.00465	0.00348	0.01161	0.01045	0.01858	0.01626	0.01858	0.01278	0.00581	0.00348	0.00116	0.00232	0.00465	0.85250	0.00465
29	0.01893	0.01441	0.01492	0.01153	0.01546	0.05175	0.00948	0.74230	0.02301	0.03053	0.01177	0.01183	0.00838	0.00594	0.00496	0.00149	0.00565	0.00443	0.00488	0.00835
30	0.00823	0.00550	0.00621	0.00579	0.00764	0.00471	0.00443	0.00980	0.01229	0.11494	0.19807	0.04181	0.53978	0.01130	0.00578	0.00164	0.00271	0.00951	0.00500	0.00486
31	0.05178	0.01272	0.03225	0.08307	0.13060	0.03883	0.15665	0.28416	0.05619	0.04958	0.04622	0.01378	0.01004	0.00546	0.00509	0.00155	0.00602	0.00489	0.00377	0.00737
32	0.01207	0.01346	0.11047	0.02870	0.70426	0.01181	0.01566	0.01535	0.01125	0.01623	0.00933	0.01213	0.00771	0.00448	0.00491	0.00149	0.00609	0.00435	0.00243	0.00783

[dist]
# distance from previous block
# <min> <max>
0	5

[block]
# block no. 1 follows, 50 sequences, length 13
# corresponding to MSA columns:
# 123-135
name=unknown_B
#
# <colnr> <probs for GDERKNQSTAVLIFYWHMCP>
#	G	D	E	R	K	N	Q	S	T	A	V	L	I	F	Y	W	H	M	C	P
0	0.00803	0.00574	0.00803	0.00918	0.01033	0.00574	0.00803	0.01033	0.01147	0.01492	0.02639	0.05622	0.02869	0.01377	0.00688	0.00229	0.00459	0.76018	0.00459	0.00459
1	0.02236	0.00848	0.01157	0.00887	0.01272	0.00733	0.00733	0.02429	0.01427	0.79719	0.01966	0.01697	0.01234	0.00617	0.00501	0.00154	0.00424	0.00501	0.00617	0.00848
2	0.01081	0.02282	0.63504	0.01637	0.11445	0.01152	0.05988	0.01603	0.01082	0.04296	0.00943	0.01113	0.00678	0.00472	0.00483	0.00157	0.00714	0.00394	0.00231	0.00743
3	0.02236	0.00848	0.01157	0.00887	0.01272	0.00733	0.00733	0.02429	0.01427	0.79719	0.01966	0.01697	0.01234	0.00617	0.00501	0.00154	0.00424	0.00501	0.00617	0.00848
4	0.86003	0.00964	0.00733	0.00655	0.00964	0.01118	0.00540	0.01465	0.00848	0.02236	0.00694	0.00810	0.00540	0.00463	0.00308	0.00154	0.00386	0.00270	0.00308	0.00540
5	0.00725	0.00483	0.00544	0.00544	0.00544	0.00483	0.00302	0.00725	0.00725	0.00966	0.01571	0.03262	0.01812	0.82483	0.02537	0.00483	0.00483	0.00725	0.00302	0.00302
6	0.00729	0.00525	0.00758	0.00758	0.00843	0.00602	0.00580	0.00898	0.00813	0.01194	0.01373	0.02044	0.01289	0.09153	0.69168	0.00729	0.01195	0.00543	0.06370	0.00436
7	0.00838	0.00446	0.00648	0.00648	0.00654	0.00453	0.00431	0.00676	0.00669	0.00899	0.00984	0.01757	0.01007	0.11595	0.07689	0.69153	0.00504	0.00475	0.00230	0.00243
8	0.01436	0.01232	0.01422	0.01172	0.01449	0.04674	0.05734	0.26333	0.29987	0.02195	0.01392	0.01440	0.01061	0.00660	0.00700	0.00168	0.14708	0.00493	0.03005	0.00739
9	0.86003	0.00964	0.00733	0.00655	0.00964	0.01118	0.00540	0.01465	0.00848	0.02236	0.00694	0.00810	0.00540	0.00463	0.00308	0.00154	0.00386	0.00270	0.00308	0.00540
10	0.01421	0.14974	0.01483	0.01086	0.01364	0.23913	0.00871	0.02165	0.38126	0.01624	0.01351	0.01355	0.01063	0.00603	0.00541	0.00151	0.06420	0.00436	0.00366	0.00687
11	0.01260	0.26926	0.15379	0.01529	0.21246	0.01308	0.01176	0.01586	0.04015	0.08629	0.01210	0.01703	0.01054	0.00590	0.00462	0.00149	0.00558	0.10221	0.00301	0.00696
12	0.01196	0.01258	0.07293	0.29835	0.11417	0.06709	0.09849	0.09187	0.11000	0.01669	0.01159	0.01532	0.00919	0.00558	0.00513	0.00163	0.00642	0.04132	0.00305	0.00664

[dist]
# distance from previous block
# <min> <max>
1	3

[block]
# block no. 2 follows, 50 sequences, length 86
# corresponding to MSA columns:
# 139-184,212-222,225-253
name=unknown_C
#
# <colnr> <probs for GDERKNQSTAVLIFYWHMCP>
#	G	D	E	R	K	N	Q	S	T	A	V	L	I	F	Y	W	H	M	C	P
0	0.01357	0.17415	0.07914	0.01078	0.03507	0.32226	0.00903	0.01554	0.01214	0.01365	0.05041	0.01585	0.07289	0.00597	0.00446	0.00129	0.00633	0.03833	0.00289	0.11624
1	0.01333	0.82783	0.02612	0.00853	0.01279	0.01972	0.00853	0.01493	0.01013	0.01173	0.00693	0.00800	0.00640	0.00426	0.00320	0.00107	0.00533	0.00267	0.00213	0.00640
2	0.01246	0.01010	0.01070	0.00940	0.01221	0.01124	0.00737	0.12610	0.52199	0.04431	0.02440	0.02277	0.14985	0.00766	0.00520	0.00166	0.00392	0.00631	0.00502	0.00734
3	0.01946	0.00808	0.01081	0.00850	0.01187	0.00717	0.00693	0.05072	0.01459	0.62684	0.15904	0.02044	0.01847	0.00689	0.00517	0.00155	0.00395	0.00572	0.00600	0.00780
4	0.01467	0.01001	0.01122	0.00971	0.01273	0.01094	0.00766	0.03692	0.55897	0.20655	0.04983	0.01883	0.01565	0.00674	0.00509	0.00165	0.00398	0.00560	0.00535	0.00792
5	0.00929	0.00465	0.00465	0.00465	0.00581	0.00465	0.00348	0.01161	0.01045	0.01858	0.01626	0.01858	0.01278	0.00581	0.00348	0.00116	0.00232	0.00465	0.85250	0.00465
6	0.00724	0.00487	0.00564	0.00564	0.00572	0.00495	0.00328	0.00738	0.00731	0.00982	0.01551	0.03156	0.01766	0.76105	0.08852	0.00509	0.00552	0.00709	0.00299	0.00314
7	0.00696	0.00506	0.00656	0.00625	0.00741	0.00465	0.00466	0.00920	0.01379	0.01939	0.72616	0.07345	0.07666	0.01054	0.00590	0.00159	0.00238	0.00931	0.00541	0.00465
8	0.00929	0.00465	0.00465	0.00465	0.00581	0.00465	0.00348	0.01161	0.01045	0.01858	0.01626	0.01858	0.01278	0.00581	0.00348	0.00116	0.00232	0.00465	0.85250	0.00465
9	0.59994	0.01125	0.00955	0.00824	0.01116	0.10424	0.04180	0.02586	0.00974	0.05223	0.00828	0.00995	0.00656	0.02752	0.00453	0.00162	0.03007	0.00326	0.02861	0.00559
10	0.01234	0.01184	0.02023	0.03059	0.79373	0.01184	0.01530	0.01530	0.01135	0.01628	0.00938	0.01234	0.00790	0.00444	0.00493	0.00148	0.00592	0.00444	0.00247	0.00790
11	0.01151	0.04485	0.12456	0.01026	0.01355	0.03566	0.03186	0.02048	0.41695	0.04354	0.17173	0.02024	0.01936	0.00691	0.00511	0.00161	0.00447	0.00583	0.00449	0.00703
12	0.00607	0.00434	0.00578	0.00694	0.00723	0.00405	0.00463	0.00694	0.00954	0.01272	0.02747	0.82157	0.03297	0.01562	0.00636	0.00202	0.00289	0.01417	0.00463	0.00405
13	0.01294	0.69812	0.02440	0.00925	0.01284	0.01902	0.00891	0.01446	0.00973	0.01177	0.00687	0.00846	0.00642	0.00497	0.00529	0.00124	0.13400	0.00293	0.00214	0.00625
14	0.86003	0.00964	0.00733	0.00655	0.00964	0.01118	0.00540	0.01465	0.00848	0.02236	0.00694	0.00810	0.00540	0.00463	0.00308	0.00154	0.00386	0.00270	0.00308	0.00540
15	0.00866	0.00433	0.00649	0.00649	0.00649	0.00433	0.00433	0.00649	0.00649	0.00866	0.00866	0.01515	0.00866	0.01732	0.01948	0.85498	0.00433	0.00433	0.00216	0.00216
16	0.01027	0.09085	0.73630	0.01375	0.02086	0.01224	0.01761	0.01572	0.01049	0.01546	0.00878	0.01032	0.00632	0.00470	0.00461	0.00154	0.00720	0.00360	0.00211	0.00729
17	0.01428	0.01569	0.19562	0.07128	0.01731	0.07795	0.01095	0.26481	0.01515	0.05805	0.01032	0.01134	0.00760	0.00502	0.00459	0.00134	0.00582	0.00386	0.00349	0.20555
18	0.01365	0.05340	0.19360	0.01197	0.03263	0.05567	0.01102	0.19110	0.32120	0.02084	0.01391	0.01391	0.01039	0.00592	0.00517	0.00158	0.02782	0.00460	0.00397	0.00765
19	0.01333	0.82783	0.02612	0.00853	0.01279	0.01972	0.00853	0.01493	0.01013	0.01173	0.00693	0.00800	0.00640	0.00426	0.00320	0.00107	0.00533	0.00267	0.00213	0.00640
20	0.01363	0.66843	0.06479	0.00981	0.01414	0.07674	0.05011	0.01557	0.01061	0.02681	0.00750	0.00866	0.00657	0.00439	0.00355	0.00115	0.00585	0.00297	0.00226	0.00646
21	0.01034	0.00886	0.01034	0.00738	0.01181	0.00664	0.00591	0.01255	0.01034	0.01624	0.00886	0.01034	0.00738	0.00369	0.00369	0.00074	0.00369	0.00295	0.00295	0.85530
22	0.00866	0.00433	0.00649	0.00649	0.00649	0.00433	0.00433	0.00649	0.00649	0.00866	0.00866	0.01515	0.00866	0.01732	0.01948	0.85498	0.00433	0.00433	0.00216	0.00216
23	0.01300	0.01345	0.08286	0.02057	0.39896	0.07872	0.02176	0.14372	0.02698	0.01818	0.02839	0.01607	0.07460	0.00602	0.00534	0.02011	0.00582	0.01504	0.00318	0.00722
24	0.01000	0.02578	0.79900	0.01421	0.02157	0.01158	0.01842	0.01579	0.01052	0.01579	0.00895	0.01052	0.00631	0.00474	0.00474	0.00158	0.00737	0.00368	0.00210	0.00737
25	0.01091	0.01091	0.01527	0.01309	0.01309	0.01527	0.01091	0.01200	0.00763	0.01200	0.00654	0.01091	0.00654	0.00872	0.01636	0.00218	0.81570	0.00436	0.00218	0.00545
26	0.03625	0.05254	0.01496	0.14767	0.09732	0.00933	0.11791	0.01527	0.01142	0.21132	0.02615	0.16259	0.02639	0.00750	0.00546	0.00167	0.01671	0.02924	0.00389	0.00640
27	0.01226	0.01173	0.01989	0.05225	0.75526	0.01183	0.01509	0.01547	0.02816	0.01628	0.00960	0.01250	0.00802	0.00451	0.00494	0.00149	0.00590	0.00447	0.00252	0.00783
28	0.01091	0.01091	0.01527	0.01309	0.01309	0.01527	0.01091	0.01200	0.00763	0.01200	0.00654	0.01091	0.00654	0.00872	0.01636	0.00218	0.81570	0.00436	0.00218	0.00545
29	0.02221	0.00872	0.01172	0.00898	0.01284	0.00768	0.00742	0.05728	0.01467	0.76363	0.01933	0.01675	0.01217	0.00616	0.00501	0.00154	0.00430	0.00499	0.00612	0.00848
30	0.01134	0.00883	0.01044	0.00751	0.01189	0.00670	0.00603	0.01353	0.01067	0.08170	0.00977	0.01089	0.00780	0.00390	0.00380	0.00081	0.00374	0.00313	0.00322	0.78431
31	0.01271	0.01486	0.02731	0.01989	0.02459	0.12137	0.67046	0.01651	0.01209	0.01545	0.00976	0.01283	0.00741	0.00433	0.00569	0.00163	0.00848	0.00552	0.00253	0.00659
32	0.00929	0.00465	0.00465	0.00465	0.00581	0.00465	0.00348	0.01161	0.01045	0.01858	0.01626	0.01858	0.01278	0.00581	0.00348	0.00116	0.00232	0.00465	0.85250	0.00465
33	0.01219	0.01604	0.27106	0.01428	0.05992	0.04222	0.17353	0.06241	0.01198	0.08067	0.01151	0.06850	0.00933	0.00541	0.00497	0.00147	0.00631	0.00495	0.00305	0.14019
34	0.00724	0.00485	0.00551	0.00551	0.00553	0.00487	0.00311	0.00730	0.00727	0.00972	0.01564	0.03225	0.01796	0.80258	0.04740	0.00492	0.00507	0.00719	0.00301	0.00306
35	0.00860	0.00545	0.00710	0.00649	0.00797	0.00495	0.00493	0.01086	0.01400	0.10090	0.67620	0.03561	0.07789	0.00988	0.00579	0.00157	0.00256	0.00867	0.00552	0.00508
36	0.01216	0.01175	0.02032	0.07204	0.72242	0.01183	0.04564	0.01519	0.01129	0.01608	0.00938	0.01243	0.00782	0.00446	0.00498	0.00150	0.00606	0.00450	0.00246	0.00772
37	0.00728	0.00525	0.00725	0.00776	0.00855	0.00552	0.00593	0.02464	0.00962	0.01321	0.03333	0.27525	0.02283	0.06223	0.31287	0.00447	0.00736	0.16016	0.02211	0.00438
38	0.61868	0.02744	0.00979	0.04374	0.04292	0.01189	0.00693	0.09071	0.01025	0.03279	0.00790	0.00929	0.00614	0.00502	0.00418	0.00156	0.04765	0.00317	0.01408	0.00587
39	0.01006	0.00862	0.01183	0.46710	0.02325	0.05194	0.01027	0.01328	0.03945	0.01465	0.01123	0.01466	0.00871	0.00549	0.00511	0.00153	0.04679	0.00447	0.24619	0.00538
40	0.01504	0.01014	0.01397	0.01498	0.23818	0.00938	0.00941	0.08139	0.05421	0.23170	0.01284	0.01331	0.00940	0.00494	0.00459	0.00129	0.00465	0.00422	0.00398	0.26238
41	0.01000	0.02578	0.79900	0.01421	0.02157	0.01158	0.01842	0.01579	0.01052	0.01579	0.00895	0.01052	0.00631	0.00474	0.00474	0.00158	0.00737	0.00368	0.00210	0.00737
42	0.03215	0.12292	0.01716	0.07788	0.30515	0.03527	0.01105	0.04367	0.01248	0.27543	0.01241	0.01316	0.00900	0.00511	0.00468	0.00145	0.00537	0.00432	0.00373	0.00761
43	0.01283	0.46743	0.19977	0.01031	0.01482	0.09745	0.01073	0.03913	0.01119	0.01377	0.04964	0.01057	0.00871	0.00537	0.01528	0.00136	0.01930	0.00342	0.00245	0.00649
44	0.00614	0.00442	0.00583	0.00694	0.00732	0.00412	0.00471	0.00707	0.00970	0.01284	0.02848	0.75861	0.06742	0.01541	0.00636	0.00202	0.00294	0.04098	0.00463	0.00408
45	0.01215	0.01034	0.01098	0.00994	0.01261	0.01187	0.00770	0.05330	0.69580	0.02062	0.02053	0.08069	0.01634	0.00742	0.00517	0.00171	0.00392	0.00625	0.00503	0.00761
46	0.00736	0.00493	0.00611	0.00597	0.00707	0.00461	0.00442	0.00951	0.01280	0.01872	0.52878	0.11419	0.06679	0.00995	0.00545	0.00154	0.00241	0.00872	0.17609	0.00461
47	0.07474	0.06599	0.44581	0.01297	0.01874	0.01250	0.07681	0.14126	0.03777	0.02950	0.01093	0.01206	0.02873	0.00517	0.00471	0.00155	0.00648	0.00414	0.00291	0.00724
48	0.01057	0.02178	0.54924	0.01641	0.02303	0.01191	0.26416	0.01584	0.01093	0.01584	0.00931	0.01147	0.00672	0.00456	0.00511	0.00161	0.00770	0.00440	0.00224	0.00716
49	0.00748	0.00529	0.00677	0.00654	0.00688	0.00524	0.03877	0.00791	0.00792	0.01054	0.01687	0.06540	0.01917	0.68310	0.02208	0.00435	0.00490	0.07423	0.00320	0.00337
50	0.03746	0.00480	0.00585	0.00642	0.00713	0.00451	0.00441	0.00769	0.01032	0.01412	0.15561	0.48717	0.13874	0.08247	0.00771	0.00212	0.00295	0.01180	0.00458	0.00414
51	0.01289	0.14421	0.17252	0.01258	0.07627	0.25615	0.01075	0.01591	0.04567	0.01430	0.08274	0.04458	0.03631	0.00676	0.02029	0.00157	0.03273	0.00468	0.00291	0.00620
52	0.00600	0.00470	0.00544	0.00600	0.00699	0.00414	0.00422	0.00710	0.01053	0.01324	0.05458	0.42540	0.40590	0.01403	0.00612	0.00185	0.00270	0.01227	0.00465	0.00414
53	0.00814	0.00527	0.00650	0.00682	0.00754	0.00517	0.00479	0.00971	0.04432	0.05489	0.04325	0.28166	0.03472	0.28779	0.01255	0.00290	0.00386	0.11948	0.05641	0.00425
54	0.30295	0.01215	0.05668	0.04293	0.04801	0.09593	0.04957	0.10718	0.03379	0.01935	0.01185	0.01804	0.01053	0.01866	0.00509	0.00170	0.01875	0.12468	0.01616	0.00601
55	0.01381	0.00914	0.03487	0.02180	0.01191	0.03098	0.00743	0.05078	0.17861	0.24761	0.12934	0.07698	0.03929	0.04084	0.00665	0.00181	0.03970	0.04679	0.00497	0.00669
56	0.00930	0.00638	0.00771	0.00712	0.00888	0.00627	0.00544	0.01338	0.14785	0.09731	0.37831	0.07484	0.15959	0.01112	0.04213	0.00192	0.00338	0.00838	0.00517	0.00552
57	0.05191	0.00581	0.00717	0.00700	0.00837	0.00562	0.00530	0.04355	0.01252	0.06572	0.34850	0.20611	0.09040	0.02894	0.02651	0.00196	0.00333	0.07143	0.00494	0.00491
58	0.01220	0.01208	0.01920	0.08565	0.61598	0.05888	0.04906	0.01508	0.01144	0.01566	0.01074	0.01430	0.02764	0.00496	0.00503	0.00152	0.00615	0.02451	0.00257	0.00736
59	0.17715	0.01128	0.01270	0.01148	0.05880	0.08727	0.07239	0.15095	0.05946	0.12015	0.01424	0.01941	0.01186	0.00669	0.00488	0.00163	0.00524	0.12346	0.04434	0.00662
60	0.01280	0.01180	0.01552	0.28326	0.19925	0.08602	0.01208	0.17162	0.01317	0.01722	0.00976	0.01280	0.00777	0.00800	0.07260	0.00211	0.05028	0.00440	0.00291	0.00661
61	0.00746	0.00517	0.00630	0.00668	0.00778	0.00477	0.00500	0.00871	0.01046	0.05493	0.03271	0.24129	0.28265	0.12439	0.02181	0.00242	0.00363	0.16507	0.00445	0.00432
62	0.03061	0.06530	0.18539	0.01410	0.04217	0.08128	0.20474	0.03730	0.14115	0.03806	0.02433	0.04509	0.03624	0.00598	0.00512	0.00160	0.00635	0.02515	0.00326	0.00679
63	0.01377	0.01454	0.01777	0.08312	0.36275	0.21002	0.07432	0.04654	0.07494	0.01588	0.01044	0.01340	0.00860	0.00515	0.00497	0.00150	0.00673	0.02570	0.00285	0.00702
64	0.03149	0.07628	0.03665	0.01441	0.08778	0.34601	0.08755	0.11228	0.11196	0.01666	0.01016	0.01132	0.00802	0.00528	0.00494	0.00144	0.02387	0.00405	0.00313	0.00674
65	0.00751	0.00522	0.00651	0.00660	0.00742	0.00546	0.00479	0.00929	0.03087	0.01402	0.08427	0.17565	0.09116	0.13158	0.20398	0.00364	0.03107	0.00789	0.16874	0.00434
66	0.01403	0.05222	0.01661	0.08290	0.27146	0.25118	0.03536	0.01887	0.17714	0.01552	0.01107	0.01258	0.00883	0.00517	0.00479	0.00147	0.00653	0.00429	0.00302	0.00696
67	0.06793	0.07004	0.03780	0.07823	0.22412	0.03122	0.06263	0.03321	0.15659	0.15139	0.02942	0.01426	0.01040	0.00537	0.00480	0.00153	0.00535	0.00467	0.00369	0.00734
68	0.00871	0.00640	0.00808	0.00908	0.08424	0.00638	0.00575	0.01137	0.10453	0.04943	0.06131	0.17138	0.12076	0.27488	0.01212	0.00277	0.00403	0.04988	0.00406	0.00484
69	0.01094	0.01152	0.08262	0.04446	0.55204	0.01035	0.01360	0.01382	0.01101	0.01558	0.01289	0.12490	0.01249	0.00660	0.00524	0.00162	0.00556	0.05485	0.00286	0.00705
70	0.01430	0.12350	0.11669	0.02229	0.05095	0.01261	0.06161	0.14146	0.20897	0.12984	0.01463	0.03969	0.01129	0.00609	0.00488	0.00155	0.00527	0.02278	0.00408	0.00749
71	0.04376	0.04837	0.06318	0.03841	0.15252	0.19242	0.03764	0.14432	0.02665	0.06011	0.09996	0.01459	0.01240	0.00573	0.00479	0.00145	0.00598	0.00462	0.03636	0.00676
72	0.09002	0.00548	0.00611	0.00603	0.00674	0.00550	0.00390	0.00911	0.00843	0.06191	0.01859	0.14222	0.05976	0.49787	0.04222	0.00378	0.00453	0.00773	0.01619	0.00388
73	0.01058	0.00870	0.01268	0.10735	0.26197	0.00887	0.00960	0.07065	0.04729	0.05168	0.16477	0.06476	0.14483	0.00779	0.00536	0.00159	0.00443	0.00687	0.00394	0.00630
74	0.01277	0.00985	0.04862	0.14541	0.25723	0.00939	0.02114	0.02785	0.03595	0.17211	0.01564	0.07437	0.01373	0.00721	0.00537	0.00170	0.00531	0.12575	0.00376	0.00682
75	0.00944	0.09988	0.17439	0.05580	0.06680	0.00921	0.02972	0.01185	0.01011	0.03541	0.04993	0.17688	0.05686	0.03997	0.05161	0.03653	0.03677	0.00676	0.03653	0.00555
76	0.05375	0.01217	0.01023	0.00892	0.01157	0.24375	0.00693	0.03588	0.04159	0.22668	0.09221	0.02326	0.19705	0.00769	0.00506	0.00151	0.00508	0.00604	0.00447	0.00617
77	0.01189	0.02327	0.60499	0.01401	0.02052	0.04842	0.04978	0.13686	0.01279	0.01811	0.00942	0.01081	0.00672	0.00493	0.00481	0.00156	0.00719	0.00389	0.00260	0.00744
78	0.01443	0.08400	0.09663	0.01880	0.30578	0.13851	0.04275	0.08017	0.04893	0.08376	0.03203	0.01264	0.00921	0.00510	0.00478	0.00145	0.00623	0.00431	0.00315	0.00734
79	0.01059	0.03902	0.19544	0.17404	0.28829	0.01096	0.01359	0.02663	0.04658	0.01601	0.08451	0.01614	0.04559	0.00564	0.00498	0.00155	0.00580	0.00496	0.00286	0.00682
80	0.00888	0.00809	0.01162	0.30198	0.12721	0.05054	0.00980	0.01098	0.01024	0.01325	0.01713	0.35288	0.01842	0.00960	0.00558	0.00178	0.00504	0.02838	0.00334	0.00523
81	0.01277	0.14581	0.33040	0.01751	0.23541	0.10780	0.01444	0.01640	0.01130	0.05051	0.00909	0.01075	0.00706	0.00469	0.00454	0.00143	0.00670	0.00374	0.00245	0.00722
82	0.01147	0.01828	0.41757	0.01531	0.15265	0.03086	0.01428	0.05479	0.05214	0.05250	0.01313	0.01549	0.04310	0.00569	0.00488	0.00156	0.00615	0.03462	0.04835	0.00716
83	0.00710	0.00502	0.00612	0.00651	0.00715	0.00490	0.00464	0.00811	0.00935	0.01232	0.04090	0.14064	0.13931	0.34336	0.05539	0.00345	0.00450	0.17116	0.02625	0.00382
84	0.02686	0.01188	0.15018	0.07617	0.14400	0.00987	0.04564	0.01613	0.19570	0.03313	0.05092	0.16340	0.01626	0.00770	0.00531	0.00170	0.00504	0.02984	0.00369	0.00658
85	0.01218	0.01197	0.01660	0.06433	0.28906	0.10536	0.07573	0.01501	0.04678	0.03808	0.01187	0.08107	0.01098	0.00686	0.00725	0.00171	0.15182	0.04391	0.00294	0.00650

[dist]
# distance from previous block
# <min> <max>
0	5

# created by:
# /st0/software/busco_prod/Augustus/scripts/msa2prfl.pl ./align_prep/68189.fa
