[name]
unknown

[dist]
# distance from previous block
# <min> <max>
0	62

[block]
# block no. 0 follows, 54 sequences, length 10
# corresponding to MSA columns:
# 62-71
name=unknown_A
#
# <colnr> <probs for GDERKNQSTAVLIFYWHMCP>
#	G	D	E	R	K	N	Q	S	T	A	V	L	I	F	Y	W	H	M	C	P
0	0.00801	0.00530	0.00603	0.00577	0.00756	0.00457	0.00453	0.00947	0.01132	0.12316	0.09494	0.04142	0.55859	0.01105	0.00556	0.00163	0.00281	0.08906	0.00463	0.00461
1	0.01257	0.01195	0.01175	0.03861	0.07419	0.16260	0.00824	0.11849	0.28143	0.01766	0.05866	0.09015	0.01383	0.00666	0.00509	0.00148	0.03008	0.00540	0.00386	0.04727
2	0.00703	0.00507	0.00611	0.00651	0.00743	0.00487	0.00457	0.00928	0.09203	0.04370	0.05876	0.49162	0.17475	0.05690	0.00671	0.00193	0.00290	0.01103	0.00443	0.00437
3	0.01155	0.14871	0.18389	0.02030	0.36598	0.04755	0.12696	0.01479	0.01056	0.01439	0.00844	0.01067	0.00682	0.00423	0.00448	0.00138	0.00626	0.00393	0.00222	0.00689
4	0.00700	0.00492	0.00596	0.00597	0.00687	0.00465	0.00421	0.00810	0.01011	0.05147	0.18587	0.23654	0.23885	0.16874	0.00950	0.00223	0.03122	0.00949	0.00424	0.00406
5	0.05794	0.06352	0.01475	0.07462	0.06072	0.15210	0.08097	0.16998	0.13074	0.06291	0.01163	0.04914	0.00932	0.00567	0.00497	0.00146	0.03500	0.00456	0.00347	0.00653
6	0.14436	0.01060	0.05581	0.08488	0.08835	0.02341	0.08168	0.12227	0.09449	0.11012	0.03803	0.01687	0.01124	0.00591	0.00467	0.00154	0.00498	0.07553	0.01882	0.00644
7	0.05442	0.11150	0.16154	0.01519	0.21982	0.07994	0.02781	0.09541	0.01190	0.08689	0.00937	0.01061	0.00718	0.00452	0.00424	0.00130	0.00561	0.00364	0.00287	0.08623
8	0.10225	0.20275	0.01622	0.01034	0.01367	0.09300	0.13668	0.03364	0.14218	0.07252	0.01282	0.05666	0.03788	0.00554	0.00429	0.00137	0.00515	0.00461	0.00326	0.04518
9	0.00780	0.00798	0.12431	0.00842	0.05604	0.00567	0.00682	0.00989	0.01070	0.05542	0.19187	0.26595	0.14713	0.02465	0.00564	0.00166	0.00343	0.00874	0.05301	0.00489

[dist]
# distance from previous block
# <min> <max>
1	7

[block]
# block no. 1 follows, 54 sequences, length 16
# corresponding to MSA columns:
# 79-94
name=unknown_B
#
# <colnr> <probs for GDERKNQSTAVLIFYWHMCP>
#	G	D	E	R	K	N	Q	S	T	A	V	L	I	F	Y	W	H	M	C	P
0	0.06462	0.06414	0.07952	0.00990	0.01389	0.08063	0.07619	0.11157	0.07836	0.01717	0.00942	0.01053	0.00741	0.00441	0.00419	0.00114	0.01670	0.00350	0.00302	0.34371
1	0.00839	0.00518	0.00666	0.00679	0.00798	0.00477	0.00496	0.01012	0.03930	0.12423	0.12853	0.45443	0.10143	0.01196	0.00567	0.00174	0.00294	0.04798	0.00467	0.02227
2	0.01225	0.13801	0.10022	0.03729	0.22080	0.10052	0.19149	0.02901	0.05503	0.02675	0.00912	0.01114	0.00727	0.00456	0.00498	0.00142	0.03692	0.00413	0.00249	0.00661
3	0.00613	0.00443	0.00584	0.00659	0.00719	0.00414	0.00472	0.00740	0.01016	0.01363	0.17560	0.54477	0.07620	0.01343	0.00596	0.00184	0.00281	0.10061	0.00453	0.00402
4	0.01047	0.01076	0.01694	0.01378	0.01467	0.01397	0.15567	0.01205	0.00795	0.01205	0.00682	0.01076	0.00637	0.00745	0.01362	0.00197	0.67278	0.00440	0.00212	0.00538
5	0.00712	0.00503	0.00657	0.00648	0.00703	0.00548	0.00454	0.02756	0.00768	0.01077	0.01367	0.02388	0.01411	0.39408	0.41807	0.00591	0.00855	0.00583	0.02394	0.00370
6	0.00566	0.00443	0.00513	0.00568	0.00661	0.00390	0.00399	0.00666	0.00987	0.01238	0.03672	0.44411	0.41137	0.01338	0.00580	0.00176	0.00256	0.01170	0.00438	0.00390
7	0.00978	0.00838	0.00978	0.00698	0.01117	0.00629	0.00559	0.01187	0.00978	0.01536	0.00838	0.00978	0.00698	0.00349	0.00349	0.00070	0.00349	0.00279	0.00279	0.86312
8	0.02034	0.00801	0.01079	0.00836	0.01190	0.00705	0.00688	0.02264	0.04553	0.75223	0.04211	0.01669	0.01277	0.00597	0.00477	0.00147	0.00395	0.00488	0.00577	0.00789
9	0.01297	0.01332	0.10518	0.01936	0.36867	0.03438	0.03734	0.18904	0.13734	0.01911	0.01098	0.01228	0.00847	0.00492	0.00470	0.00145	0.00552	0.00432	0.00322	0.00744
10	0.00642	0.00538	0.00566	0.00549	0.00713	0.00492	0.00415	0.00913	0.09894	0.01444	0.15692	0.04076	0.60192	0.01098	0.00548	0.00158	0.00251	0.00922	0.00455	0.00444
11	0.05771	0.32211	0.01720	0.04698	0.07263	0.18495	0.03117	0.07677	0.01132	0.01375	0.00968	0.09516	0.00922	0.02701	0.00455	0.00137	0.00565	0.00431	0.00268	0.00580
12	0.56295	0.03113	0.07317	0.00768	0.01109	0.01086	0.00685	0.08703	0.05434	0.10310	0.00912	0.00961	0.00667	0.00476	0.00351	0.00145	0.00413	0.00317	0.00340	0.00598
13	0.01401	0.54365	0.02054	0.00910	0.01281	0.17035	0.00823	0.10152	0.01172	0.01349	0.00733	0.00828	0.00633	0.00434	0.00348	0.00108	0.00564	0.00283	0.00244	0.05283
14	0.69941	0.01139	0.09108	0.00736	0.01070	0.05431	0.00668	0.01459	0.00873	0.05021	0.00726	0.00827	0.00550	0.00447	0.00322	0.00145	0.00427	0.00276	0.00291	0.00543
15	0.01133	0.04058	0.26403	0.03260	0.06902	0.03968	0.01042	0.01475	0.03120	0.12001	0.07531	0.01430	0.03957	0.00514	0.00437	0.00127	0.00499	0.00419	0.00316	0.21409

[dist]
# distance from previous block
# <min> <max>
0	1

[block]
# block no. 2 follows, 54 sequences, length 13
# corresponding to MSA columns:
# 96-108
name=unknown_C
#
# <colnr> <probs for GDERKNQSTAVLIFYWHMCP>
#	G	D	E	R	K	N	Q	S	T	A	V	L	I	F	Y	W	H	M	C	P
0	0.04044	0.00813	0.01016	0.00819	0.01143	0.00764	0.00664	0.02149	0.16216	0.55635	0.02135	0.01909	0.09218	0.00652	0.00479	0.00150	0.00378	0.00532	0.00541	0.00743
1	0.01475	0.12934	0.10701	0.01530	0.18360	0.42512	0.01106	0.03602	0.01212	0.01314	0.00776	0.00929	0.00641	0.00458	0.00421	0.00126	0.00716	0.00330	0.00236	0.00621
2	0.00696	0.00485	0.00618	0.00595	0.00712	0.00440	0.00442	0.00886	0.01247	0.04710	0.57760	0.13558	0.13992	0.01044	0.00559	0.00155	0.00238	0.00918	0.00501	0.00445
3	0.01202	0.19591	0.35035	0.01442	0.14018	0.08645	0.02660	0.06120	0.01107	0.03088	0.00836	0.00984	0.00650	0.00454	0.00444	0.00136	0.02334	0.00347	0.00234	0.00675
4	0.01241	0.01527	0.12969	0.02015	0.30521	0.14379	0.19780	0.04410	0.03757	0.01520	0.00908	0.01131	0.00718	0.00452	0.00506	0.00145	0.02671	0.00427	0.00248	0.00677
5	0.00710	0.00535	0.00701	0.00698	0.00764	0.02603	0.00512	0.00834	0.00759	0.01066	0.01315	0.02147	0.01305	0.24260	0.56744	0.00647	0.01015	0.00546	0.02452	0.00389
6	0.00686	0.00457	0.00514	0.00514	0.00514	0.00457	0.00286	0.00686	0.00686	0.00914	0.01486	0.03086	0.01714	0.83430	0.02400	0.00457	0.00457	0.00686	0.00286	0.00286
7	0.01474	0.07484	0.17692	0.01162	0.01526	0.39788	0.01048	0.09286	0.13219	0.01520	0.00968	0.01039	0.00750	0.00504	0.00434	0.00134	0.00691	0.00356	0.00289	0.00636
8	0.01428	0.01462	0.01135	0.00962	0.01247	0.34716	0.00746	0.17434	0.01420	0.03528	0.04369	0.01588	0.12541	0.00604	0.00447	0.00124	0.00575	0.00450	0.00343	0.14881
9	0.00732	0.00593	0.00768	0.00762	0.00848	0.04831	0.00582	0.00884	0.00782	0.01083	0.01253	0.01900	0.01192	0.09882	0.70852	0.00700	0.01176	0.00509	0.00255	0.00417
10	0.01197	0.01009	0.01096	0.01013	0.04250	0.01142	0.00762	0.11041	0.61400	0.02036	0.04887	0.01853	0.04883	0.00659	0.00485	0.00157	0.00385	0.00549	0.00469	0.00726
11	0.03071	0.05852	0.15639	0.29162	0.09173	0.01046	0.04096	0.06833	0.01108	0.04225	0.08457	0.04003	0.02997	0.00566	0.00486	0.00150	0.01771	0.00483	0.00285	0.00598
12	0.01065	0.01496	0.29638	0.07777	0.09441	0.03169	0.04040	0.04198	0.18247	0.03687	0.06014	0.01534	0.04130	0.00558	0.00471	0.00150	0.00542	0.00471	0.02707	0.00665

[dist]
# distance from previous block
# <min> <max>
4	9

[block]
# block no. 3 follows, 54 sequences, length 30
# corresponding to MSA columns:
# 121-150
name=unknown_D
#
# <colnr> <probs for GDERKNQSTAVLIFYWHMCP>
#	G	D	E	R	K	N	Q	S	T	A	V	L	I	F	Y	W	H	M	C	P
0	0.00653	0.00494	0.00675	0.00724	0.00781	0.00485	0.02843	0.03259	0.00954	0.01275	0.03483	0.68286	0.05204	0.03637	0.00677	0.00196	0.03102	0.02445	0.00422	0.00408
1	0.01105	0.01095	0.09974	0.09202	0.03029	0.02304	0.04334	0.03147	0.38473	0.06423	0.04863	0.01906	0.09301	0.00647	0.00485	0.00155	0.00447	0.00548	0.01900	0.00662
2	0.01761	0.02247	0.01336	0.01215	0.01458	0.81537	0.00911	0.01883	0.01336	0.01154	0.00729	0.00850	0.00607	0.00486	0.00425	0.00121	0.00850	0.00304	0.00243	0.00547
3	0.01991	0.00935	0.01164	0.00896	0.01257	0.00898	0.00739	0.23424	0.01579	0.57083	0.01650	0.01479	0.01067	0.00578	0.00469	0.00144	0.00429	0.00459	0.02967	0.00792
4	0.00580	0.00419	0.00549	0.00643	0.00683	0.00388	0.00434	0.00673	0.00940	0.01252	0.07799	0.73598	0.07444	0.01428	0.00596	0.00187	0.00268	0.01290	0.00443	0.00388
5	0.00890	0.00838	0.01414	0.82296	0.03247	0.01048	0.01309	0.01205	0.00943	0.01205	0.00838	0.01257	0.00629	0.00471	0.00471	0.00157	0.00629	0.00419	0.00210	0.00524
6	0.86760	0.00912	0.00693	0.00620	0.00912	0.01058	0.00511	0.01386	0.00802	0.02115	0.00657	0.00766	0.00511	0.00438	0.00292	0.00146	0.00365	0.00255	0.00292	0.00511
7	0.00716	0.00551	0.00773	0.00750	0.00804	0.00651	0.00562	0.00835	0.00736	0.01054	0.01247	0.02071	0.01251	0.23273	0.52842	0.00621	0.10070	0.00540	0.00256	0.00398
8	0.00997	0.00839	0.00976	0.00716	0.01110	0.00658	0.00569	0.05260	0.01039	0.01593	0.00956	0.05751	0.00844	0.00426	0.00370	0.00081	0.00354	0.00349	0.00299	0.76813
9	0.00574	0.00410	0.00547	0.00657	0.00684	0.00383	0.00438	0.00657	0.00903	0.01204	0.02599	0.83122	0.03119	0.01477	0.00602	0.00191	0.00274	0.01340	0.00438	0.00383
10	0.00937	0.00908	0.01329	0.07206	0.15972	0.08402	0.13427	0.01161	0.01098	0.01440	0.14357	0.21514	0.02058	0.00843	0.00540	0.00163	0.00496	0.07270	0.00346	0.00531
11	0.86760	0.00912	0.00693	0.00620	0.00912	0.01058	0.00511	0.01386	0.00802	0.02115	0.00657	0.00766	0.00511	0.00438	0.00292	0.00146	0.00365	0.00255	0.00292	0.00511
12	0.01035	0.02642	0.31021	0.04223	0.28470	0.05573	0.04655	0.01395	0.01068	0.01494	0.05711	0.01446	0.05761	0.00517	0.00466	0.00144	0.00590	0.00451	0.02680	0.00656
13	0.01028	0.06672	0.14085	0.13898	0.11468	0.03277	0.07899	0.07405	0.02731	0.02959	0.12329	0.01887	0.11129	0.00621	0.00485	0.00147	0.00521	0.00541	0.00317	0.00600
14	0.00778	0.00687	0.05137	0.00808	0.04655	0.00609	0.00599	0.02125	0.10765	0.02637	0.13463	0.21368	0.14580	0.12525	0.00809	0.00209	0.00354	0.07004	0.00413	0.00476
15	0.01258	0.03740	0.06178	0.01764	0.26905	0.05579	0.12904	0.09087	0.16223	0.04583	0.01188	0.01405	0.00940	0.00511	0.00478	0.00146	0.00562	0.03060	0.00322	0.03167
16	0.00685	0.00498	0.00641	0.00634	0.00736	0.00466	0.00462	0.03555	0.01215	0.01696	0.50021	0.29207	0.03783	0.01099	0.00562	0.00160	0.00253	0.00980	0.00484	0.02863
17	0.01000	0.00851	0.00990	0.00709	0.01127	0.00651	0.00568	0.03289	0.01011	0.01575	0.00846	0.00982	0.00701	0.00355	0.00352	0.00072	0.00354	0.00283	0.00285	0.84000
18	0.03964	0.11176	0.40769	0.01205	0.05025	0.01196	0.01280	0.12337	0.07063	0.08332	0.01024	0.01095	0.00743	0.00481	0.00433	0.00141	0.00578	0.00371	0.00296	0.02490
19	0.51498	0.01144	0.00952	0.00819	0.01119	0.11243	0.01821	0.11353	0.09695	0.05078	0.00914	0.00971	0.00689	0.00487	0.00363	0.00144	0.00454	0.00326	0.00339	0.00591
20	0.00740	0.00584	0.00808	0.00787	0.00850	0.00690	0.00603	0.00904	0.03198	0.01122	0.01420	0.06090	0.02713	0.16420	0.44563	0.00543	0.12530	0.04733	0.00281	0.00420
21	0.01171	0.01144	0.03906	0.14632	0.27129	0.03480	0.11298	0.07408	0.20433	0.01685	0.01163	0.01332	0.00896	0.00494	0.00479	0.00150	0.00560	0.00461	0.01491	0.00689
22	0.66647	0.00962	0.00830	0.00709	0.01016	0.01090	0.00583	0.11859	0.03548	0.07815	0.00846	0.00906	0.00626	0.00472	0.00335	0.00146	0.00388	0.00302	0.00343	0.00578
23	0.00637	0.00460	0.00599	0.00616	0.00695	0.00434	0.00442	0.00793	0.01111	0.01534	0.42007	0.28215	0.06955	0.06707	0.05142	0.00217	0.00315	0.02250	0.00459	0.00412
24	0.00660	0.00490	0.00621	0.00610	0.00730	0.00450	0.00473	0.00863	0.01253	0.01713	0.55829	0.03955	0.17918	0.01052	0.00569	0.00160	0.00255	0.11471	0.00493	0.00435
25	0.00606	0.00427	0.00545	0.00620	0.00647	0.00407	0.00404	0.00675	0.00865	0.01156	0.04875	0.58760	0.03986	0.20921	0.02598	0.00264	0.00334	0.01148	0.00401	0.00363
26	0.01105	0.01221	0.02550	0.07141	0.06710	0.01178	0.65149	0.01544	0.05547	0.01518	0.00997	0.01293	0.00753	0.00417	0.00542	0.00158	0.00747	0.00539	0.00250	0.00641
27	0.01048	0.08746	0.67501	0.01278	0.01922	0.01189	0.01591	0.08584	0.01104	0.01598	0.00857	0.00989	0.00617	0.00455	0.00439	0.00145	0.00665	0.00348	0.00224	0.00699
28	0.01359	0.03670	0.01185	0.00977	0.01271	0.05572	0.00776	0.19838	0.50052	0.04675	0.01731	0.01625	0.03895	0.00624	0.00472	0.00151	0.00433	0.00501	0.00458	0.00734
29	0.01084	0.15539	0.28222	0.10824	0.25039	0.01241	0.07486	0.02637	0.01034	0.01434	0.00838	0.01058	0.00658	0.00433	0.00440	0.00140	0.00621	0.00379	0.00218	0.00673

[dist]
# distance from previous block
# <min> <max>
1	6

[block]
# block no. 4 follows, 54 sequences, length 42
# corresponding to MSA columns:
# 157-198
name=unknown_E
#
# <colnr> <probs for GDERKNQSTAVLIFYWHMCP>
#	G	D	E	R	K	N	Q	S	T	A	V	L	I	F	Y	W	H	M	C	P
0	0.01389	0.22833	0.11062	0.01021	0.05811	0.01182	0.00892	0.14614	0.03906	0.18224	0.07336	0.04504	0.02487	0.00638	0.01955	0.00147	0.00487	0.00462	0.00376	0.00676
1	0.01221	0.43515	0.11150	0.01030	0.01417	0.04084	0.07997	0.08603	0.04074	0.01398	0.00945	0.01102	0.03140	0.02697	0.00511	0.00136	0.05744	0.00364	0.00251	0.00620
2	0.00951	0.00874	0.01415	0.74771	0.03075	0.01085	0.01275	0.06023	0.01015	0.01312	0.00850	0.01242	0.00639	0.00488	0.00504	0.00158	0.03136	0.00419	0.00226	0.00541
3	0.01240	0.01335	0.04736	0.01478	0.11320	0.17712	0.20452	0.01761	0.19683	0.04132	0.06878	0.03167	0.02811	0.00562	0.00494	0.00148	0.00599	0.00517	0.00333	0.00641
4	0.00609	0.00435	0.00561	0.00648	0.00688	0.00412	0.00446	0.00696	0.00901	0.01188	0.02552	0.58752	0.07287	0.13259	0.00864	0.00231	0.00315	0.09365	0.00415	0.00375
5	0.01060	0.00928	0.01405	0.28627	0.25075	0.01040	0.01124	0.04243	0.15731	0.03521	0.01144	0.01404	0.00904	0.00880	0.10678	0.00227	0.00631	0.00453	0.00291	0.00635
6	0.00646	0.00475	0.00563	0.00581	0.00652	0.00454	0.00393	0.00784	0.03930	0.01272	0.15655	0.24549	0.18246	0.26116	0.03346	0.00272	0.00344	0.00938	0.00402	0.00382
7	0.13010	0.01008	0.01207	0.01248	0.15334	0.01084	0.00844	0.09762	0.32019	0.17316	0.01474	0.01426	0.01074	0.00555	0.00450	0.00150	0.00425	0.00453	0.00430	0.00731
8	0.86760	0.00912	0.00693	0.00620	0.00912	0.01058	0.00511	0.01386	0.00802	0.02115	0.00657	0.00766	0.00511	0.00438	0.00292	0.00146	0.00365	0.00255	0.00292	0.00511
9	0.01302	0.00844	0.01120	0.01122	0.12574	0.03254	0.04221	0.05372	0.10101	0.22422	0.15003	0.01966	0.04779	0.00751	0.03556	0.00166	0.00434	0.00551	0.09817	0.00642
10	0.00686	0.00457	0.00514	0.00514	0.00514	0.00457	0.00286	0.00686	0.00686	0.00914	0.01486	0.03086	0.01714	0.83430	0.02400	0.00457	0.00457	0.00686	0.00286	0.00286
11	0.02167	0.20521	0.14289	0.16341	0.08380	0.05699	0.13413	0.03872	0.04180	0.04417	0.00899	0.01093	0.00697	0.00455	0.00452	0.00140	0.01713	0.00390	0.00248	0.00634
12	0.01227	0.25384	0.31162	0.01307	0.09686	0.10833	0.02837	0.03707	0.04693	0.03763	0.00871	0.00990	0.00680	0.00452	0.00411	0.00132	0.00619	0.00341	0.00241	0.00665
13	0.00679	0.00454	0.00516	0.00523	0.00525	0.00453	0.00295	0.00684	0.00699	0.00932	0.01553	0.07933	0.01799	0.78466	0.02291	0.00441	0.00446	0.00725	0.00295	0.00292
14	0.01104	0.00932	0.01024	0.00971	0.04278	0.01055	0.00724	0.04640	0.59948	0.01885	0.03732	0.01931	0.06269	0.00832	0.05118	0.00191	0.00419	0.00555	0.03704	0.00690
15	0.00674	0.00504	0.00752	0.00752	0.00834	0.00586	0.00582	0.00838	0.00756	0.01090	0.01268	0.01881	0.01191	0.05405	0.79709	0.00751	0.01244	0.00509	0.00253	0.00418
16	0.00819	0.00410	0.00614	0.00614	0.00614	0.00410	0.00410	0.00614	0.00614	0.00819	0.00819	0.01433	0.00819	0.01638	0.01843	0.86282	0.00410	0.00410	0.00205	0.00205
17	0.01761	0.02247	0.01336	0.01215	0.01458	0.81537	0.00911	0.01883	0.01336	0.01154	0.00729	0.00850	0.00607	0.00486	0.00425	0.00121	0.00850	0.00304	0.00243	0.00547
18	0.00674	0.00505	0.00758	0.00758	0.00842	0.00589	0.00589	0.00842	0.00758	0.01095	0.01263	0.01852	0.01179	0.03536	0.81561	0.00758	0.01263	0.00505	0.00253	0.00421
19	0.01261	0.83713	0.02471	0.00807	0.01210	0.01866	0.00807	0.01412	0.00958	0.01109	0.00656	0.00756	0.00605	0.00403	0.00303	0.00101	0.00504	0.00252	0.00202	0.00605
20	0.01070	0.01013	0.01698	0.27192	0.51808	0.01082	0.01362	0.01393	0.03577	0.01447	0.00953	0.01337	0.00791	0.00469	0.00474	0.00148	0.00571	0.02704	0.00240	0.00669
21	0.01044	0.01023	0.00908	0.00830	0.02109	0.20221	0.02006	0.09640	0.01358	0.01668	0.31380	0.04120	0.20135	0.00847	0.00515	0.00144	0.00427	0.00702	0.00418	0.00505
22	0.00987	0.00846	0.00982	0.00710	0.01122	0.00654	0.00567	0.01248	0.04611	0.01557	0.00888	0.01014	0.00733	0.00363	0.00355	0.00074	0.00350	0.00291	0.00289	0.82359
23	0.04966	0.01266	0.01395	0.01186	0.07035	0.01400	0.00909	0.64399	0.08194	0.02758	0.01158	0.01170	0.00837	0.00557	0.00465	0.00143	0.00504	0.00426	0.00448	0.00782
24	0.01278	0.01521	0.11357	0.14068	0.21390	0.21671	0.13287	0.01567	0.01136	0.05239	0.02496	0.01164	0.00765	0.00464	0.00471	0.00142	0.00683	0.00414	0.00252	0.00635
25	0.26324	0.01492	0.01105	0.00954	0.01246	0.35707	0.00748	0.07012	0.01245	0.18559	0.00977	0.01006	0.00712	0.00498	0.00400	0.00135	0.00592	0.00334	0.00345	0.00608
26	0.01296	0.77927	0.02390	0.00836	0.01228	0.07525	0.00814	0.01445	0.00985	0.01112	0.00661	0.00763	0.00605	0.00409	0.00311	0.00102	0.00529	0.00256	0.00205	0.00601
27	0.11397	0.00816	0.00993	0.00834	0.04232	0.00730	0.00637	0.02931	0.03553	0.30997	0.06342	0.05175	0.01226	0.00553	0.00424	0.00124	0.00371	0.00450	0.00423	0.27794
28	0.00657	0.00480	0.00682	0.00710	0.00772	0.00527	0.00525	0.00787	0.00792	0.01107	0.01621	0.19640	0.01717	0.12917	0.51477	0.00580	0.00921	0.03389	0.00303	0.00396
29	0.01246	0.01152	0.07487	0.21916	0.30433	0.03338	0.06356	0.05129	0.05063	0.11685	0.01059	0.01259	0.00792	0.00474	0.00473	0.00147	0.00579	0.00433	0.00294	0.00685
30	0.01131	0.01222	0.02496	0.02286	0.28176	0.01169	0.53293	0.01489	0.01100	0.01520	0.00932	0.01237	0.00726	0.00405	0.00527	0.00153	0.00718	0.00512	0.00237	0.00672
31	0.02087	0.00821	0.01102	0.00848	0.01211	0.00724	0.00700	0.04405	0.03030	0.77009	0.01841	0.01595	0.01163	0.00584	0.00474	0.00146	0.00404	0.00474	0.00578	0.00801
32	0.00601	0.00434	0.00574	0.00671	0.00720	0.00407	0.00475	0.00708	0.00953	0.01261	0.05664	0.65229	0.07733	0.01418	0.00604	0.00191	0.00291	0.11232	0.00440	0.00393
33	0.02586	0.10388	0.08268	0.01139	0.01420	0.07992	0.16550	0.03332	0.08155	0.01401	0.02283	0.12840	0.04646	0.03583	0.03143	0.00185	0.09464	0.00588	0.00299	0.01737
34	0.00920	0.00520	0.00758	0.00732	0.00834	0.00496	0.03216	0.00942	0.00891	0.11498	0.01853	0.16487	0.07806	0.01425	0.04518	0.33662	0.00425	0.12278	0.00351	0.00388
35	0.00866	0.00583	0.00688	0.00708	0.00814	0.03692	0.00512	0.02622	0.02220	0.10568	0.06484	0.47252	0.06297	0.06850	0.00694	0.00196	0.00339	0.06543	0.00440	0.01632
36	0.01172	0.29553	0.11777	0.05269	0.16367	0.05992	0.14016	0.01440	0.01016	0.01319	0.00785	0.00997	0.00653	0.00445	0.00487	0.00134	0.05803	0.00367	0.00218	0.02191
37	0.00605	0.00460	0.00552	0.00574	0.00673	0.00413	0.00413	0.00743	0.01090	0.01433	0.27374	0.27075	0.29766	0.04464	0.00645	0.00178	0.00256	0.02425	0.00457	0.00404
38	0.03270	0.01059	0.01235	0.00954	0.01315	0.01087	0.00786	0.40693	0.03240	0.36773	0.03688	0.01411	0.01071	0.00584	0.00472	0.00144	0.00454	0.00457	0.00519	0.00786
39	0.03510	0.14201	0.38848	0.05804	0.12350	0.01208	0.11470	0.01491	0.01021	0.04588	0.00871	0.01049	0.00655	0.00437	0.00440	0.00142	0.00638	0.00376	0.00228	0.00671
40	0.01541	0.00952	0.12636	0.00844	0.01187	0.00683	0.00777	0.01788	0.01294	0.47253	0.23534	0.02050	0.01998	0.00670	0.00493	0.00147	0.00395	0.00561	0.00509	0.00687
41	0.00584	0.00419	0.00547	0.00646	0.00679	0.00391	0.00433	0.00666	0.00901	0.01195	0.02619	0.73686	0.06086	0.06150	0.00704	0.00206	0.00286	0.02993	0.00429	0.00379

[dist]
# distance from previous block
# <min> <max>
0	1

[block]
# block no. 5 follows, 54 sequences, length 7
# corresponding to MSA columns:
# 200-206
name=unknown_F
#
# <colnr> <probs for GDERKNQSTAVLIFYWHMCP>
#	G	D	E	R	K	N	Q	S	T	A	V	L	I	F	Y	W	H	M	C	P
0	0.19324	0.06522	0.05393	0.00989	0.05189	0.01160	0.00807	0.27861	0.05586	0.14020	0.01148	0.01184	0.00835	0.00631	0.03418	0.00163	0.00486	0.00391	0.04206	0.00687
1	0.03768	0.18902	0.23566	0.01191	0.05136	0.01163	0.11346	0.03041	0.03467	0.08176	0.00963	0.01095	0.00736	0.00526	0.02702	0.00146	0.00579	0.00371	0.01741	0.11385
2	0.06384	0.06238	0.12122	0.00827	0.01186	0.00804	0.02534	0.01296	0.03291	0.08625	0.04960	0.09055	0.07576	0.00615	0.00456	0.00125	0.02499	0.00502	0.00333	0.30572
3	0.05657	0.15034	0.16076	0.00842	0.01174	0.00913	0.05642	0.01185	0.04692	0.01490	0.13695	0.02382	0.23675	0.00731	0.00464	0.00142	0.00417	0.00605	0.02296	0.02886
4	0.03578	0.21172	0.18776	0.01076	0.04358	0.03965	0.01012	0.19980	0.07704	0.04474	0.01061	0.04701	0.00857	0.00526	0.00420	0.00133	0.00527	0.00402	0.00320	0.04957
5	0.03934	0.13331	0.35001	0.03556	0.01626	0.04557	0.07166	0.01451	0.06061	0.03311	0.03111	0.07461	0.02662	0.02188	0.00485	0.00151	0.00573	0.00473	0.02285	0.00616
6	0.01136	0.16448	0.25719	0.03902	0.05534	0.01175	0.10844	0.06904	0.06404	0.06364	0.01322	0.04878	0.06227	0.00557	0.00456	0.00144	0.00564	0.00475	0.00294	0.00653

[dist]
# distance from previous block
# <min> <max>
0	32

# created by:
# /st0/software/busco_prod/Augustus/scripts/msa2prfl.pl ./align_prep/68413.fa
