[name]
unknown

[dist]
# distance from previous block
# <min> <max>
15	54

[block]
# block no. 0 follows, 52 sequences, length 70
# corresponding to MSA columns:
# 67-136
name=unknown_A
#
# <colnr> <probs for GDERKNQSTAVLIFYWHMCP>
#	G	D	E	R	K	N	Q	S	T	A	V	L	I	F	Y	W	H	M	C	P
0	0.07717	0.01019	0.01247	0.00999	0.01318	0.02696	0.07721	0.22227	0.12486	0.20348	0.09257	0.05102	0.04341	0.00672	0.00497	0.00154	0.00454	0.00565	0.00475	0.00705
1	0.07309	0.00984	0.01049	0.00863	0.01152	0.06857	0.00685	0.16996	0.06712	0.25186	0.12193	0.03007	0.01552	0.04700	0.02255	0.00173	0.00454	0.00520	0.02127	0.05226
2	0.16593	0.00949	0.01166	0.01078	0.08156	0.04218	0.06496	0.05274	0.07333	0.21865	0.05714	0.03398	0.08953	0.00659	0.00475	0.00152	0.00444	0.03074	0.00423	0.03584
3	0.01108	0.00812	0.01172	0.33121	0.01979	0.00898	0.02529	0.13747	0.01219	0.10156	0.01587	0.26443	0.01528	0.00831	0.00528	0.00169	0.00493	0.00733	0.00374	0.00574
4	0.01021	0.00827	0.00804	0.07011	0.01036	0.12747	0.00590	0.07034	0.01073	0.01445	0.01521	0.18999	0.01510	0.07769	0.00813	0.10854	0.00440	0.01950	0.22109	0.00448
5	0.00644	0.00451	0.00544	0.00592	0.00620	0.00432	0.00372	0.00697	0.00852	0.01127	0.04626	0.38172	0.08119	0.38848	0.01462	0.00318	0.00364	0.01028	0.00381	0.00351
6	0.01056	0.01078	0.01687	0.21955	0.05325	0.03960	0.13192	0.01275	0.00900	0.01262	0.00783	0.01183	0.00677	0.00741	0.03455	0.00203	0.40038	0.00448	0.00222	0.00560
7	0.01122	0.00853	0.00946	0.00835	0.01048	0.00938	0.00647	0.19440	0.24415	0.01970	0.07854	0.04528	0.06523	0.07368	0.11142	0.00258	0.00506	0.00601	0.08393	0.00613
8	0.01342	0.01109	0.01173	0.01014	0.01312	0.01269	0.00800	0.18847	0.62576	0.02248	0.01799	0.01670	0.01339	0.00641	0.00491	0.00160	0.00416	0.00524	0.00491	0.00779
9	0.01023	0.00875	0.01023	0.00737	0.01158	0.00680	0.00591	0.02816	0.01026	0.01602	0.00863	0.01009	0.00718	0.00373	0.00385	0.00076	0.01915	0.00293	0.00290	0.82547
10	0.00776	0.00520	0.00661	0.00618	0.00758	0.00471	0.00471	0.00985	0.01325	0.07304	0.60663	0.03695	0.15618	0.01010	0.00569	0.00156	0.00251	0.03153	0.00523	0.00475
11	0.00590	0.00422	0.00562	0.00675	0.00703	0.00394	0.00450	0.00675	0.00928	0.01237	0.02671	0.82653	0.03205	0.01518	0.00619	0.00197	0.00281	0.01378	0.00450	0.00394
12	0.00857	0.00464	0.00502	0.00506	0.00604	0.00472	0.00374	0.01053	0.00963	0.01634	0.01581	0.02088	0.01348	0.09948	0.08280	0.00219	0.00362	0.03036	0.65276	0.00432
13	0.05743	0.00829	0.01107	0.00853	0.01224	0.00728	0.00704	0.02322	0.01363	0.76972	0.01859	0.01613	0.01171	0.00593	0.00479	0.00150	0.00411	0.00478	0.00587	0.00812
14	0.00972	0.02507	0.80458	0.01381	0.02097	0.01125	0.01790	0.01535	0.01023	0.01535	0.00870	0.01023	0.00614	0.00460	0.00460	0.00153	0.00716	0.00358	0.00205	0.00716
15	0.01005	0.00861	0.01005	0.00718	0.01148	0.00646	0.00574	0.01220	0.01005	0.01579	0.00861	0.01005	0.00718	0.00359	0.00359	0.00072	0.00359	0.00287	0.00287	0.85932
16	0.00590	0.00422	0.00562	0.00675	0.00703	0.00394	0.00450	0.00675	0.00928	0.01237	0.02671	0.82653	0.03205	0.01518	0.00619	0.00197	0.00281	0.01378	0.00450	0.00394
17	0.01199	0.01151	0.01967	0.02974	0.79946	0.01151	0.01487	0.01487	0.01103	0.01583	0.00912	0.01199	0.00768	0.00432	0.00480	0.00144	0.00576	0.00432	0.00240	0.00768
18	0.01199	0.01151	0.01967	0.02974	0.79946	0.01151	0.01487	0.01487	0.01103	0.01583	0.00912	0.01199	0.00768	0.00432	0.00480	0.00144	0.00576	0.00432	0.00240	0.00768
19	0.01199	0.01151	0.01967	0.02974	0.79946	0.01151	0.01487	0.01487	0.01103	0.01583	0.00912	0.01199	0.00768	0.00432	0.00480	0.00144	0.00576	0.00432	0.00240	0.00768
20	0.01168	0.01120	0.01911	0.11565	0.71598	0.01143	0.01472	0.01460	0.01089	0.01546	0.00906	0.01209	0.00754	0.00438	0.00480	0.00146	0.00583	0.00432	0.00237	0.00743
21	0.01199	0.01151	0.01967	0.02974	0.79946	0.01151	0.01487	0.01487	0.01103	0.01583	0.00912	0.01199	0.00768	0.00432	0.00480	0.00144	0.00576	0.00432	0.00240	0.00768
22	0.00603	0.00439	0.00571	0.00672	0.00720	0.00407	0.00466	0.00701	0.00960	0.01260	0.02890	0.68992	0.10931	0.01475	0.00618	0.00195	0.00290	0.06959	0.00450	0.00399
23	0.01296	0.83261	0.02539	0.00829	0.01244	0.01917	0.00829	0.01451	0.00985	0.01140	0.00674	0.00777	0.00622	0.00415	0.00311	0.00104	0.00518	0.00259	0.00207	0.00622
24	0.01005	0.00861	0.01005	0.00718	0.01148	0.00646	0.00574	0.01220	0.01005	0.01579	0.00861	0.01005	0.00718	0.00359	0.00359	0.00072	0.00359	0.00287	0.00287	0.85932
25	0.01313	0.01228	0.02575	0.01849	0.02320	0.01141	0.65497	0.01685	0.01184	0.14447	0.01133	0.01363	0.00811	0.00440	0.00558	0.00161	0.00751	0.00558	0.00303	0.00682
26	0.00606	0.00492	0.00537	0.00526	0.00675	0.00423	0.00394	0.00759	0.01183	0.01494	0.26754	0.04359	0.57789	0.01158	0.00572	0.00160	0.00241	0.00980	0.00474	0.00423
27	0.00619	0.00489	0.00558	0.00549	0.00685	0.00428	0.00409	0.00783	0.01202	0.01561	0.34901	0.08553	0.45245	0.01148	0.00575	0.00161	0.00241	0.00983	0.00484	0.00428
28	0.01191	0.01143	0.01951	0.05377	0.77611	0.01149	0.01483	0.01480	0.01099	0.01573	0.00910	0.01202	0.00764	0.00433	0.00480	0.00144	0.00578	0.00432	0.00239	0.00761
29	0.01278	0.01244	0.02633	0.01889	0.02364	0.01159	0.68088	0.01658	0.01175	0.11814	0.01102	0.01352	0.00796	0.00433	0.00561	0.00162	0.00764	0.00561	0.00291	0.00676
30	0.00915	0.00861	0.01453	0.81804	0.03338	0.01077	0.01346	0.01238	0.00969	0.01238	0.00861	0.01292	0.00646	0.00484	0.00484	0.00161	0.00646	0.00431	0.00215	0.00538
31	0.00983	0.05207	0.77852	0.01363	0.02069	0.01152	0.01758	0.01532	0.01022	0.01521	0.00863	0.01015	0.00614	0.00459	0.00455	0.00152	0.00710	0.00355	0.00205	0.00713
32	0.01200	0.59516	0.25451	0.00992	0.01495	0.01685	0.01112	0.01476	0.00996	0.01256	0.00731	0.00850	0.00620	0.00428	0.00355	0.00118	0.00576	0.00288	0.00207	0.00650
33	0.00915	0.00861	0.01453	0.81804	0.03338	0.01077	0.01346	0.01238	0.00969	0.01238	0.00861	0.01292	0.00646	0.00484	0.00484	0.00161	0.00646	0.00431	0.00215	0.00538
34	0.01076	0.01026	0.01744	0.37149	0.46735	0.01119	0.01426	0.01379	0.01045	0.01434	0.00890	0.01240	0.00715	0.00455	0.00482	0.00152	0.00606	0.00431	0.00229	0.00668
35	0.01078	0.01028	0.01749	0.36503	0.47363	0.01120	0.01427	0.01381	0.01046	0.01436	0.00890	0.01239	0.00716	0.00454	0.00482	0.00151	0.00606	0.00431	0.00229	0.00670
36	0.01188	0.01140	0.01946	0.06126	0.76884	0.01148	0.01482	0.01477	0.01098	0.01569	0.00910	0.01203	0.00763	0.00434	0.00480	0.00145	0.00579	0.00432	0.00239	0.00758
37	0.01116	0.01066	0.01816	0.26228	0.57348	0.01129	0.01446	0.01414	0.01064	0.01481	0.00897	0.01227	0.00732	0.00447	0.00481	0.00149	0.00596	0.00431	0.00233	0.00700
38	0.00585	0.00444	0.00539	0.00615	0.00687	0.00399	0.00423	0.00681	0.00985	0.01260	0.03398	0.57334	0.28055	0.01424	0.00604	0.00186	0.00270	0.01262	0.00450	0.00399
39	0.00972	0.02507	0.80458	0.01381	0.02097	0.01125	0.01790	0.01535	0.01023	0.01535	0.00870	0.01023	0.00614	0.00460	0.00460	0.00153	0.00716	0.00358	0.00205	0.00716
40	0.01199	0.01151	0.01967	0.02974	0.79946	0.01151	0.01487	0.01487	0.01103	0.01583	0.00912	0.01199	0.00768	0.00432	0.00480	0.00144	0.00576	0.00432	0.00240	0.00768
41	0.01144	0.01307	0.02859	0.02042	0.02533	0.01225	0.78186	0.01552	0.01144	0.01552	0.00980	0.01307	0.00735	0.00408	0.00572	0.00163	0.00817	0.00572	0.00245	0.00654
42	0.00573	0.00491	0.00491	0.00491	0.00655	0.00409	0.00368	0.00695	0.01105	0.01309	0.04909	0.04664	0.79750	0.01227	0.00573	0.00164	0.00245	0.01023	0.00450	0.00409
43	0.00915	0.00861	0.01453	0.81804	0.03338	0.01077	0.01346	0.01238	0.00969	0.01238	0.00861	0.01292	0.00646	0.00484	0.00484	0.00161	0.00646	0.00431	0.00215	0.00538
44	0.00915	0.00861	0.01453	0.81804	0.03338	0.01077	0.01346	0.01238	0.00969	0.01238	0.00861	0.01292	0.00646	0.00484	0.00484	0.00161	0.00646	0.00431	0.00215	0.00538
45	0.00590	0.00422	0.00562	0.00675	0.00703	0.00394	0.00450	0.00675	0.00928	0.01237	0.02671	0.82653	0.03205	0.01518	0.00619	0.00197	0.00281	0.01378	0.00450	0.00394
46	0.00972	0.02507	0.80458	0.01381	0.02097	0.01125	0.01790	0.01535	0.01023	0.01535	0.00870	0.01023	0.00614	0.00460	0.00460	0.00153	0.00716	0.00358	0.00205	0.00716
47	0.01193	0.01145	0.01955	0.04783	0.78189	0.01150	0.01484	0.01482	0.01100	0.01575	0.00910	0.01202	0.00765	0.00433	0.00480	0.00144	0.00577	0.00432	0.00239	0.00762
48	0.01810	0.02310	0.01373	0.01248	0.01498	0.81024	0.00936	0.01935	0.01373	0.01186	0.00749	0.00874	0.00624	0.00499	0.00437	0.00125	0.00874	0.00312	0.00250	0.00562
49	0.02125	0.00904	0.01174	0.00900	0.01277	0.00830	0.00743	0.13678	0.01520	0.68778	0.01800	0.01577	0.01144	0.00597	0.00487	0.00149	0.00430	0.00480	0.00583	0.00825
50	0.00915	0.00861	0.01453	0.81804	0.03338	0.01077	0.01346	0.01238	0.00969	0.01238	0.00861	0.01292	0.00646	0.00484	0.00484	0.00161	0.00646	0.00431	0.00215	0.00538
51	0.01144	0.01307	0.02859	0.02042	0.02533	0.01225	0.78186	0.01552	0.01144	0.01552	0.00980	0.01307	0.00735	0.00408	0.00572	0.00163	0.00817	0.00572	0.00245	0.00654
52	0.00590	0.00422	0.00562	0.00675	0.00703	0.00394	0.00450	0.00675	0.00928	0.01237	0.02671	0.82653	0.03205	0.01518	0.00619	0.00197	0.00281	0.01378	0.00450	0.00394
53	0.01199	0.01151	0.01967	0.02974	0.79946	0.01151	0.01487	0.01487	0.01103	0.01583	0.00912	0.01199	0.00768	0.00432	0.00480	0.00144	0.00576	0.00432	0.00240	0.00768
54	0.01005	0.00861	0.01005	0.00718	0.01148	0.00646	0.00574	0.01220	0.01005	0.01579	0.00861	0.01005	0.00718	0.00359	0.00359	0.00072	0.00359	0.00287	0.00287	0.85932
55	0.00622	0.00493	0.00559	0.00543	0.00685	0.00430	0.00407	0.00791	0.01221	0.01585	0.37489	0.04209	0.46997	0.01124	0.00572	0.00159	0.00238	0.00959	0.00486	0.00430
56	0.01022	0.14946	0.68456	0.01296	0.01966	0.01247	0.01642	0.01522	0.01017	0.01474	0.00839	0.00985	0.00615	0.00453	0.00437	0.00146	0.00686	0.00343	0.00205	0.00702
57	0.01007	0.11307	0.71967	0.01321	0.02004	0.01212	0.01686	0.01526	0.01019	0.01492	0.00848	0.00996	0.00615	0.00455	0.00444	0.00148	0.00695	0.00347	0.00205	0.00706
58	0.00590	0.00422	0.00562	0.00675	0.00703	0.00394	0.00450	0.00675	0.00928	0.01237	0.02671	0.82653	0.03205	0.01518	0.00619	0.00197	0.00281	0.01378	0.00450	0.00394
59	0.00991	0.05724	0.74647	0.01382	0.02078	0.01161	0.04378	0.01532	0.01026	0.01519	0.00866	0.01023	0.00618	0.00457	0.00458	0.00152	0.00712	0.00361	0.00206	0.00710
60	0.00781	0.00565	0.00702	0.00651	0.00794	0.00544	0.00493	0.01127	0.09906	0.04270	0.64074	0.03427	0.08878	0.00957	0.00560	0.00154	0.00252	0.00838	0.00526	0.00499
61	0.01005	0.00861	0.01005	0.00718	0.01148	0.00646	0.00574	0.01220	0.01005	0.01579	0.00861	0.01005	0.00718	0.00359	0.00359	0.00072	0.00359	0.00287	0.00287	0.85932
62	0.00636	0.00460	0.00599	0.00691	0.00748	0.00434	0.00499	0.00749	0.00976	0.01282	0.04326	0.53370	0.10089	0.06652	0.00742	0.00216	0.00322	0.16369	0.00441	0.00400
63	0.01056	0.07982	0.50437	0.01205	0.01760	0.03182	0.01394	0.01733	0.18092	0.01623	0.04433	0.01282	0.00974	0.00522	0.00459	0.00150	0.00605	0.00412	0.00285	0.02415
64	0.00590	0.00422	0.00562	0.00675	0.00703	0.00394	0.00450	0.00675	0.00928	0.01237	0.02671	0.82653	0.03205	0.01518	0.00619	0.00197	0.00281	0.01378	0.00450	0.00394
65	0.00580	0.00479	0.00510	0.00528	0.00666	0.00408	0.00386	0.00700	0.01083	0.01320	0.07344	0.18655	0.63127	0.01271	0.00581	0.00169	0.00251	0.01081	0.00453	0.00408
66	0.01296	0.83261	0.02539	0.00829	0.01244	0.01917	0.00829	0.01451	0.00985	0.01140	0.00674	0.00777	0.00622	0.00415	0.00311	0.00104	0.00518	0.00259	0.00207	0.00622
67	0.01050	0.08524	0.65456	0.01377	0.02032	0.05174	0.06763	0.01549	0.01046	0.01489	0.00856	0.01016	0.00623	0.00455	0.00455	0.00149	0.00716	0.00363	0.00210	0.00697
68	0.01174	0.01199	0.02264	0.04425	0.51430	0.01175	0.28030	0.01504	0.01114	0.01565	0.00934	0.01239	0.00754	0.00425	0.00512	0.00151	0.00661	0.00480	0.00241	0.00723
69	0.09227	0.23005	0.15228	0.01271	0.09960	0.02543	0.07301	0.07848	0.01189	0.16534	0.01033	0.01106	0.00762	0.00477	0.00424	0.00138	0.00556	0.00379	0.00319	0.00701

[dist]
# distance from previous block
# <min> <max>
1	10

[block]
# block no. 1 follows, 52 sequences, length 102
# corresponding to MSA columns:
# 147-244,249-252
name=unknown_B
#
# <colnr> <probs for GDERKNQSTAVLIFYWHMCP>
#	G	D	E	R	K	N	Q	S	T	A	V	L	I	F	Y	W	H	M	C	P
0	0.00915	0.00861	0.01453	0.81804	0.03338	0.01077	0.01346	0.01238	0.00969	0.01238	0.00861	0.01292	0.00646	0.00484	0.00484	0.00161	0.00646	0.00431	0.00215	0.00538
1	0.01179	0.01128	0.07660	0.08552	0.18417	0.01045	0.15289	0.03577	0.16596	0.08622	0.07979	0.01733	0.04847	0.00580	0.00511	0.00156	0.00540	0.00544	0.00358	0.00687
2	0.00924	0.00867	0.01442	0.79247	0.03272	0.01081	0.01328	0.01280	0.03441	0.01263	0.00896	0.01308	0.00672	0.00490	0.00485	0.00162	0.00638	0.00434	0.00224	0.00546
3	0.01308	0.04983	0.04162	0.02095	0.43540	0.13298	0.03637	0.01630	0.05756	0.05851	0.05029	0.01306	0.00992	0.00490	0.00469	0.00139	0.00584	0.00435	0.00290	0.04006
4	0.06784	0.02992	0.00702	0.00687	0.00787	0.00567	0.00492	0.05074	0.01065	0.03178	0.13023	0.53216	0.04710	0.03614	0.00623	0.00188	0.00309	0.01098	0.00444	0.00449
5	0.01163	0.00931	0.03156	0.00828	0.01173	0.00837	0.00673	0.08379	0.19065	0.07995	0.08385	0.04639	0.02979	0.00586	0.00447	0.00122	0.00377	0.00486	0.00405	0.37374
6	0.01147	0.01058	0.04416	0.04480	0.18930	0.03845	0.04781	0.01434	0.03337	0.06295	0.03414	0.01213	0.00890	0.00434	0.00426	0.00111	0.00474	0.00381	0.00299	0.42633
7	0.00704	0.00524	0.00647	0.00651	0.00786	0.00452	0.00465	0.00832	0.01018	0.03224	0.09344	0.47425	0.15110	0.01206	0.00559	0.00165	0.00287	0.01069	0.00433	0.15096
8	0.16388	0.01171	0.01224	0.03352	0.02516	0.01323	0.00826	0.38754	0.25083	0.02518	0.01309	0.01296	0.00963	0.00577	0.00455	0.00152	0.00464	0.00439	0.00444	0.00746
9	0.01281	0.06809	0.19125	0.00973	0.01409	0.02870	0.00944	0.12913	0.06991	0.11295	0.03135	0.04069	0.03370	0.00553	0.00445	0.00130	0.00487	0.00440	0.00361	0.22403
10	0.01409	0.02748	0.35465	0.01441	0.09957	0.01019	0.10060	0.01816	0.02651	0.26793	0.01239	0.01286	0.00848	0.00499	0.00482	0.00152	0.00607	0.00434	0.00345	0.00749
11	0.00889	0.04715	0.41358	0.01151	0.02456	0.02403	0.05311	0.01262	0.01058	0.01493	0.10097	0.18964	0.01718	0.00782	0.00516	0.00164	0.00556	0.04201	0.00308	0.00597
12	0.00779	0.00640	0.01054	0.00923	0.01093	0.00587	0.16293	0.00959	0.01079	0.04665	0.13034	0.39663	0.14992	0.01137	0.00590	0.00177	0.00383	0.01053	0.00426	0.00475
13	0.00978	0.05031	0.76740	0.01352	0.02049	0.01140	0.01739	0.01522	0.01027	0.01529	0.02101	0.01056	0.00676	0.00467	0.00457	0.00152	0.00702	0.00363	0.00210	0.00709
14	0.03664	0.01422	0.20265	0.17081	0.03449	0.01214	0.05658	0.22405	0.06530	0.01896	0.01039	0.01240	0.00783	0.00740	0.05892	0.00199	0.05102	0.00432	0.00312	0.00677
15	0.00915	0.00861	0.01453	0.81804	0.03338	0.01077	0.01346	0.01238	0.00969	0.01238	0.00861	0.01292	0.00646	0.00484	0.00484	0.00161	0.00646	0.00431	0.00215	0.00538
16	0.01794	0.00742	0.00996	0.00796	0.01104	0.00652	0.00644	0.01975	0.01318	0.60544	0.10296	0.02126	0.07092	0.03284	0.04169	0.00189	0.00423	0.00574	0.00558	0.00723
17	0.00682	0.04265	0.03214	0.02972	0.00957	0.00558	0.05478	0.00818	0.00970	0.01297	0.06244	0.65205	0.02855	0.01312	0.00591	0.00186	0.00346	0.01195	0.00417	0.00437
18	0.00590	0.00422	0.00562	0.00675	0.00703	0.00394	0.00450	0.00675	0.00928	0.01237	0.02671	0.82653	0.03205	0.01518	0.00619	0.00197	0.00281	0.01378	0.00450	0.00394
19	0.01147	0.01653	0.25122	0.01672	0.22068	0.14711	0.04249	0.01532	0.06142	0.01470	0.01215	0.10702	0.02504	0.00620	0.00522	0.00154	0.03062	0.00523	0.00275	0.00655
20	0.01230	0.01210	0.01937	0.02888	0.76002	0.05167	0.01460	0.01510	0.01117	0.01563	0.00903	0.01183	0.00760	0.00435	0.00478	0.00143	0.00591	0.00426	0.00240	0.00757
21	0.01134	0.01324	0.07664	0.06517	0.21434	0.01193	0.50323	0.01518	0.01117	0.01542	0.00950	0.01261	0.00730	0.00422	0.00537	0.00158	0.00742	0.00516	0.00240	0.00679
22	0.00842	0.00421	0.00631	0.00631	0.00631	0.00421	0.00421	0.00631	0.00631	0.00842	0.00842	0.01473	0.00842	0.01684	0.01894	0.85901	0.00421	0.00421	0.00210	0.00210
23	0.02084	0.00909	0.01170	0.00903	0.01276	0.00846	0.00744	0.13074	0.04991	0.65898	0.01809	0.01588	0.01159	0.00600	0.00487	0.00150	0.00428	0.00483	0.00579	0.00822
24	0.01076	0.01027	0.01651	0.24166	0.33113	0.01196	0.02692	0.01358	0.03074	0.01401	0.00878	0.01227	0.00734	0.00561	0.00758	0.00166	0.21067	0.00436	0.02787	0.00633
25	0.00702	0.00528	0.00775	0.00770	0.00847	0.00615	0.00591	0.00859	0.00772	0.01111	0.01301	0.01987	0.01243	0.10018	0.72810	0.00740	0.03114	0.00532	0.00261	0.00424
26	0.01102	0.01052	0.01791	0.29957	0.53725	0.01126	0.01439	0.01402	0.01057	0.01465	0.00894	0.01231	0.00726	0.00450	0.00481	0.00150	0.00600	0.00431	0.00231	0.00689
27	0.00985	0.00935	0.01195	0.04226	0.01245	0.06391	0.00933	0.01137	0.00915	0.01257	0.01354	0.06506	0.01428	0.01085	0.03819	0.00226	0.42282	0.23285	0.00298	0.00497
28	0.04411	0.17278	0.29362	0.01539	0.04643	0.01322	0.29362	0.01509	0.01047	0.01482	0.00860	0.01078	0.00662	0.00443	0.00500	0.00149	0.03049	0.00418	0.00225	0.00664
29	0.01015	0.02206	0.61030	0.01547	0.02206	0.01150	0.20918	0.01539	0.01053	0.01539	0.00897	0.01094	0.00644	0.00447	0.00488	0.00156	0.00741	0.00412	0.00215	0.00701
30	0.01264	0.01256	0.01718	0.15743	0.47553	0.11541	0.01314	0.05442	0.06529	0.01578	0.00968	0.01213	0.00780	0.00472	0.00476	0.00146	0.00611	0.00424	0.00267	0.00705
31	0.00634	0.00464	0.00598	0.00646	0.00724	0.00428	0.00465	0.00781	0.01113	0.01502	0.29454	0.41669	0.12239	0.01292	0.00600	0.00179	0.00270	0.06043	0.00478	0.00421
32	0.06953	0.00998	0.01353	0.01281	0.13139	0.04055	0.06865	0.10636	0.01358	0.37342	0.03862	0.07443	0.01240	0.00624	0.00491	0.00152	0.00483	0.00536	0.00459	0.00731
33	0.01305	0.79136	0.04061	0.00853	0.01269	0.04355	0.00852	0.01468	0.00997	0.01149	0.00680	0.00785	0.00622	0.00418	0.00318	0.00105	0.00533	0.00263	0.00209	0.00622
34	0.00678	0.00481	0.00627	0.00646	0.00687	0.00506	0.00438	0.00760	0.00779	0.01068	0.01714	0.16046	0.03661	0.37685	0.31519	0.00532	0.00743	0.00756	0.00311	0.00365
35	0.01145	0.01329	0.05365	0.02129	0.11553	0.01213	0.66665	0.01544	0.01135	0.01555	0.00969	0.01285	0.00735	0.00413	0.00557	0.00161	0.00785	0.00548	0.00243	0.00669
36	0.00719	0.00582	0.00617	0.00635	0.00773	0.02818	0.00465	0.00946	0.08095	0.03478	0.03685	0.28754	0.42416	0.01232	0.00576	0.00174	0.00297	0.02833	0.00452	0.00453
37	0.00624	0.00482	0.00537	0.00558	0.00662	0.00433	0.00397	0.00728	0.01010	0.01262	0.07481	0.14793	0.43618	0.18718	0.00990	0.00237	0.00312	0.06350	0.00421	0.00387
38	0.01296	0.83261	0.02539	0.00829	0.01244	0.01917	0.00829	0.01451	0.00985	0.01140	0.00674	0.00777	0.00622	0.00415	0.00311	0.00104	0.00518	0.00259	0.00207	0.00622
39	0.00948	0.00903	0.01551	0.72105	0.09734	0.01089	0.04330	0.01271	0.00987	0.01279	0.00870	0.01285	0.00660	0.00477	0.00487	0.00160	0.00647	0.00436	0.00219	0.00562
40	0.00637	0.00473	0.00601	0.00670	0.00750	0.00441	0.00490	0.00786	0.02223	0.01382	0.12602	0.45695	0.17359	0.01359	0.00610	0.00189	0.00294	0.12560	0.00460	0.00418
41	0.00682	0.00498	0.00653	0.00693	0.00794	0.00469	0.00541	0.00869	0.01179	0.01589	0.33709	0.20416	0.11567	0.01224	0.00610	0.00183	0.00305	0.23101	0.00482	0.00436
42	0.01498	0.01138	0.01894	0.03401	0.01855	0.05048	0.34586	0.10555	0.01334	0.24049	0.01401	0.07500	0.01084	0.00586	0.00534	0.00159	0.00623	0.01673	0.00391	0.00692
43	0.02029	0.00998	0.01221	0.00939	0.01312	0.00977	0.00775	0.28349	0.01683	0.51906	0.01647	0.01487	0.01072	0.00593	0.00483	0.00147	0.00449	0.00469	0.02649	0.00815
44	0.01144	0.01307	0.02859	0.02042	0.02533	0.01225	0.78186	0.01552	0.01144	0.01552	0.00980	0.01307	0.00735	0.00408	0.00572	0.00163	0.00817	0.00572	0.00245	0.00654
45	0.01406	0.01479	0.02692	0.09948	0.01673	0.28256	0.06692	0.05194	0.27557	0.04030	0.01338	0.01536	0.01058	0.00592	0.00487	0.00152	0.00627	0.04275	0.00357	0.00651
46	0.01169	0.01120	0.01912	0.11382	0.71776	0.01143	0.01472	0.01461	0.01089	0.01546	0.00906	0.01209	0.00755	0.00437	0.00480	0.00146	0.00583	0.00432	0.00237	0.00743
47	0.02158	0.00828	0.01124	0.00864	0.01237	0.00720	0.00713	0.02365	0.02682	0.78978	0.01913	0.01652	0.01204	0.00601	0.00487	0.00150	0.00412	0.00488	0.00598	0.00824
48	0.00590	0.00422	0.00562	0.00675	0.00703	0.00394	0.00450	0.00675	0.00928	0.01237	0.02671	0.82653	0.03205	0.01518	0.00619	0.00197	0.00281	0.01378	0.00450	0.00394
49	0.04125	0.23772	0.13500	0.01166	0.01575	0.25220	0.08973	0.03382	0.01197	0.11455	0.00926	0.01018	0.00708	0.00474	0.00424	0.00132	0.00667	0.00355	0.00283	0.00648
50	0.00972	0.02507	0.80458	0.01381	0.02097	0.01125	0.01790	0.01535	0.01023	0.01535	0.00870	0.01023	0.00614	0.00460	0.00460	0.00153	0.00716	0.00358	0.00205	0.00716
51	0.00590	0.00422	0.00562	0.00675	0.00703	0.00394	0.00450	0.00675	0.00928	0.01237	0.02671	0.82653	0.03205	0.01518	0.00619	0.00197	0.00281	0.01378	0.00450	0.00394
52	0.00988	0.00942	0.01616	0.61098	0.21055	0.01099	0.03739	0.01305	0.01005	0.01328	0.00877	0.01271	0.00677	0.00470	0.00486	0.00157	0.00635	0.00435	0.00222	0.00595
53	0.00788	0.00628	0.00912	0.14066	0.11364	0.00653	0.00720	0.03616	0.00973	0.01312	0.01909	0.42851	0.02143	0.13245	0.00843	0.00221	0.00414	0.00953	0.01924	0.00467
54	0.01009	0.02455	0.78021	0.01365	0.02071	0.01113	0.01757	0.01560	0.01034	0.03954	0.00902	0.01042	0.00632	0.00465	0.00461	0.00153	0.00707	0.00362	0.00217	0.00720
55	0.01842	0.01357	0.01454	0.01115	0.01503	0.01503	0.00921	0.78330	0.02278	0.03054	0.01163	0.01163	0.00824	0.00582	0.00485	0.00145	0.00533	0.00436	0.00485	0.00824
56	0.00982	0.04988	0.78065	0.01364	0.02071	0.01150	0.01761	0.01532	0.01022	0.01523	0.00864	0.01016	0.00614	0.00459	0.00456	0.00152	0.00710	0.00355	0.00205	0.00713
57	0.01024	0.04754	0.72650	0.01354	0.02041	0.01130	0.03490	0.01554	0.01036	0.04016	0.00899	0.01042	0.00637	0.00461	0.00458	0.00151	0.00698	0.00363	0.00219	0.02022
58	0.00590	0.00422	0.00562	0.00675	0.00703	0.00394	0.00450	0.00675	0.00928	0.01237	0.02671	0.82653	0.03205	0.01518	0.00619	0.00197	0.00281	0.01378	0.00450	0.00394
59	0.00692	0.00519	0.00779	0.00779	0.00865	0.00606	0.00606	0.00865	0.00779	0.01125	0.01298	0.01904	0.01211	0.03634	0.81049	0.00779	0.01298	0.00519	0.00260	0.00433
60	0.01114	0.01348	0.07574	0.05189	0.02507	0.01199	0.69022	0.01523	0.01126	0.01533	0.00998	0.02685	0.00767	0.00434	0.00562	0.00163	0.00795	0.00567	0.00245	0.00648
61	0.01437	0.01404	0.21522	0.04006	0.10988	0.01030	0.18171	0.01779	0.01164	0.27615	0.01232	0.01324	0.00855	0.00512	0.00554	0.00157	0.04710	0.00462	0.00349	0.00730
62	0.02174	0.00825	0.01125	0.00862	0.01237	0.00712	0.00712	0.02362	0.01387	0.80282	0.01912	0.01649	0.01200	0.00600	0.00487	0.00150	0.00412	0.00487	0.00600	0.00825
63	0.00585	0.00491	0.00508	0.00504	0.00662	0.00414	0.00378	0.00720	0.01134	0.01379	0.13172	0.04548	0.71443	0.01201	0.00573	0.00162	0.00244	0.01007	0.00459	0.00414
64	0.01111	0.03626	0.20821	0.01797	0.02322	0.01186	0.54776	0.01535	0.01110	0.02971	0.01013	0.03585	0.00784	0.00456	0.00539	0.00160	0.00763	0.00536	0.00247	0.00663
65	0.00897	0.00770	0.00975	0.00838	0.04594	0.00676	0.02263	0.01129	0.02759	0.01612	0.19711	0.02103	0.11432	0.00657	0.00530	0.00118	0.05764	0.00543	0.00361	0.42269
66	0.01289	0.81530	0.04210	0.00841	0.01262	0.01901	0.00850	0.01453	0.00985	0.01149	0.00678	0.00783	0.00622	0.00416	0.00314	0.00105	0.00522	0.00261	0.00207	0.00624
67	0.00860	0.00724	0.02502	0.00788	0.01045	0.00603	0.03596	0.01103	0.03797	0.02977	0.07872	0.14624	0.10865	0.00885	0.00515	0.00146	0.00368	0.15350	0.00389	0.30990
68	0.04784	0.08080	0.06974	0.01304	0.04857	0.01169	0.19471	0.09061	0.16937	0.20310	0.01368	0.01387	0.00978	0.00526	0.00484	0.00152	0.00549	0.00476	0.00397	0.00734
69	0.00608	0.00435	0.00582	0.00691	0.00728	0.00409	0.00477	0.00707	0.00954	0.01272	0.04554	0.74438	0.03205	0.01491	0.00622	0.00198	0.00293	0.07487	0.00452	0.00399
70	0.00624	0.00457	0.00587	0.00642	0.00715	0.00420	0.00455	0.00760	0.01086	0.01461	0.25484	0.47221	0.12724	0.01322	0.00601	0.00181	0.00268	0.04102	0.00474	0.00416
71	0.01010	0.00866	0.01007	0.00724	0.01151	0.00659	0.00579	0.01252	0.02838	0.01590	0.00887	0.01024	0.00736	0.00366	0.00362	0.00074	0.00359	0.00293	0.00292	0.83932
72	0.00710	0.00491	0.00583	0.00566	0.00648	0.00458	0.00384	0.00825	0.01050	0.03526	0.31281	0.06080	0.16795	0.33022	0.01310	0.00280	0.00332	0.00841	0.00424	0.00393
73	0.01283	0.01001	0.01332	0.12486	0.18063	0.03359	0.00982	0.11887	0.12455	0.10673	0.11875	0.01678	0.01429	0.00656	0.01537	0.00162	0.05578	0.00513	0.02376	0.00676
74	0.01294	0.00668	0.00847	0.00730	0.00963	0.00608	0.00578	0.04461	0.03426	0.31833	0.24592	0.06915	0.16212	0.00898	0.00540	0.00159	0.00329	0.03804	0.00533	0.00608
75	0.01187	0.01255	0.04788	0.05368	0.45454	0.08771	0.11913	0.01518	0.03765	0.01572	0.06514	0.01388	0.01044	0.00489	0.00491	0.00146	0.00605	0.00473	0.02569	0.00691
76	0.83077	0.00920	0.00710	0.00636	0.00929	0.01063	0.00522	0.01405	0.00846	0.02165	0.03731	0.00897	0.00681	0.00471	0.00310	0.00150	0.00369	0.00286	0.00309	0.00522
77	0.00993	0.00848	0.00990	0.00722	0.01134	0.00648	0.00574	0.01228	0.02668	0.01575	0.00955	0.04180	0.00830	0.00410	0.00372	0.00079	0.00356	0.00335	0.00298	0.80805
78	0.00724	0.00505	0.00664	0.00626	0.00746	0.00467	0.00475	0.00951	0.01363	0.03752	0.75145	0.03639	0.04431	0.00994	0.00573	0.00155	0.00241	0.03553	0.00532	0.00465
79	0.02027	0.00975	0.07427	0.03633	0.01384	0.00782	0.00825	0.04592	0.01372	0.69016	0.01771	0.01573	0.01123	0.00584	0.00485	0.00150	0.00448	0.00474	0.00552	0.00806
80	0.01237	0.01057	0.01114	0.00993	0.01272	0.01220	0.00775	0.06351	0.75243	0.02078	0.01932	0.01776	0.01447	0.00654	0.00493	0.00163	0.00391	0.00542	0.00493	0.00770
81	0.01005	0.00861	0.01005	0.00718	0.01148	0.00646	0.00574	0.01220	0.01005	0.01579	0.00861	0.01005	0.00718	0.00359	0.00359	0.00072	0.00359	0.00287	0.00287	0.85932
82	0.01029	0.00871	0.01041	0.00800	0.03941	0.00665	0.00609	0.01246	0.01014	0.02738	0.00879	0.01021	0.00727	0.00365	0.00365	0.00075	0.00367	0.00295	0.00290	0.81662
83	0.00604	0.00524	0.00565	0.00616	0.04641	0.00446	0.00424	0.00735	0.01105	0.01323	0.04708	0.04490	0.75779	0.01187	0.00568	0.00163	0.00262	0.00993	0.00439	0.00427
84	0.01144	0.01392	0.16588	0.04941	0.54432	0.02394	0.01451	0.01500	0.02746	0.01566	0.00919	0.01163	0.00744	0.00440	0.00467	0.00141	0.00590	0.00408	0.00241	0.06731
85	0.18252	0.27560	0.01607	0.00992	0.01304	0.38991	0.00819	0.01693	0.02477	0.01380	0.00732	0.00842	0.00619	0.00466	0.00371	0.00124	0.00655	0.00290	0.00250	0.00577
86	0.00692	0.00519	0.00779	0.00779	0.00865	0.00606	0.00606	0.00865	0.00779	0.01125	0.01298	0.01904	0.01211	0.03634	0.81049	0.00779	0.01298	0.00519	0.00260	0.00433
87	0.01125	0.09415	0.32696	0.01029	0.01458	0.06949	0.01101	0.05003	0.01235	0.08622	0.22999	0.01841	0.03230	0.00639	0.00481	0.00146	0.00529	0.00517	0.00352	0.00632
88	0.01436	0.01159	0.01601	0.01236	0.01574	0.01224	0.18498	0.43658	0.01704	0.02289	0.01264	0.01738	0.01056	0.08993	0.04766	0.00219	0.00624	0.05878	0.00397	0.00686
89	0.00947	0.00806	0.00938	0.00692	0.01079	0.00614	0.00549	0.01156	0.01038	0.01581	0.06438	0.01486	0.07605	0.00474	0.00391	0.00085	0.00341	0.00388	0.00317	0.73077
90	0.01296	0.83261	0.02539	0.00829	0.01244	0.01917	0.00829	0.01451	0.00985	0.01140	0.00674	0.00777	0.00622	0.00415	0.00311	0.00104	0.00518	0.00259	0.00207	0.00622
91	0.86392	0.00937	0.00712	0.00637	0.00937	0.01087	0.00525	0.01425	0.00825	0.02174	0.00675	0.00787	0.00525	0.00450	0.00300	0.00150	0.00375	0.00262	0.00300	0.00525
92	0.01166	0.50837	0.33825	0.01051	0.01587	0.01599	0.01215	0.01485	0.01000	0.01299	0.00752	0.00876	0.00619	0.00433	0.00371	0.00124	0.00598	0.00299	0.00206	0.00660
93	0.00692	0.00519	0.00779	0.00779	0.00865	0.00606	0.00606	0.00865	0.00779	0.01125	0.01298	0.01904	0.01211	0.03634	0.81049	0.00779	0.01298	0.00519	0.00260	0.00433
94	0.00702	0.00646	0.00618	0.00620	0.00757	0.07203	0.00457	0.00826	0.01105	0.01332	0.10031	0.18921	0.50456	0.01192	0.00597	0.00167	0.02508	0.01002	0.00433	0.00426
95	0.01134	0.41143	0.01904	0.02542	0.03365	0.03823	0.02170	0.01276	0.00925	0.01183	0.00957	0.12214	0.00990	0.00694	0.00730	0.00151	0.23513	0.00475	0.00245	0.00566
96	0.00962	0.07271	0.15440	0.01153	0.01509	0.00917	0.21030	0.01327	0.03967	0.04121	0.31834	0.02254	0.04744	0.00686	0.00527	0.00153	0.00501	0.00640	0.00374	0.00587
97	0.01745	0.01250	0.01314	0.01045	0.01402	0.05789	0.00848	0.44816	0.16978	0.15065	0.01408	0.01345	0.00997	0.00588	0.00480	0.00146	0.00499	0.00455	0.00486	0.03343
98	0.01051	0.00967	0.01516	0.23104	0.36941	0.03301	0.01252	0.02606	0.01099	0.01473	0.01302	0.02256	0.01226	0.00672	0.00526	0.00167	0.00570	0.19057	0.00288	0.00624
99	0.01138	0.01078	0.01830	0.02681	0.69223	0.01072	0.02831	0.01422	0.01136	0.01625	0.10107	0.01484	0.01211	0.00497	0.00492	0.00145	0.00540	0.00486	0.00274	0.00729
100	0.00806	0.00441	0.00649	0.00649	0.00664	0.00456	0.00443	0.00676	0.00662	0.00897	0.00969	0.01669	0.00971	0.07911	0.15383	0.65242	0.00573	0.00458	0.00225	0.00254
101	0.01096	0.27107	0.54352	0.01209	0.01819	0.03756	0.01472	0.01521	0.01022	0.01404	0.00806	0.00944	0.00617	0.00448	0.00414	0.00137	0.00661	0.00327	0.00207	0.00683

[dist]
# distance from previous block
# <min> <max>
0	277

# created by:
# /st0/software/busco_prod/Augustus/scripts/msa2prfl.pl ./align_prep/68444.fa
