[name]
unknown

[dist]
# distance from previous block
# <min> <max>
0	271

[block]
# block no. 0 follows, 48 sequences, length 38
# corresponding to MSA columns:
# 343-380
name=unknown_A
#
# <colnr> <probs for GDERKNQSTAVLIFYWHMCP>
#	G	D	E	R	K	N	Q	S	T	A	V	L	I	F	Y	W	H	M	C	P
0	0.00827	0.00591	0.00827	0.00945	0.01063	0.00591	0.00827	0.01063	0.01181	0.01536	0.02717	0.05788	0.02953	0.01417	0.00709	0.00236	0.00472	0.75313	0.00472	0.00472
1	0.00625	0.00447	0.00595	0.00714	0.00744	0.00417	0.00476	0.00714	0.00982	0.01310	0.02828	0.81633	0.03394	0.01608	0.00655	0.00208	0.00298	0.01459	0.00476	0.00417
2	0.01312	0.01085	0.01504	0.48913	0.02726	0.01277	0.01227	0.28772	0.01527	0.02009	0.01099	0.04283	0.00853	0.00591	0.00518	0.00166	0.00626	0.00495	0.00341	0.00674
3	0.01224	0.47822	0.35844	0.01131	0.01708	0.01667	0.01318	0.01575	0.01060	0.01388	0.00803	0.00936	0.00655	0.00460	0.00398	0.00133	0.00639	0.00320	0.00218	0.00702
4	0.00733	0.00550	0.00825	0.00825	0.00916	0.00641	0.00641	0.00916	0.00825	0.01191	0.01374	0.02016	0.01283	0.03848	0.79934	0.00825	0.01374	0.00550	0.00275	0.00458
5	0.00643	0.00460	0.00615	0.00727	0.00767	0.00431	0.00500	0.00749	0.01016	0.01358	0.06130	0.73159	0.03428	0.01570	0.00656	0.00208	0.00307	0.06373	0.00480	0.00423
6	0.01664	0.01244	0.01246	0.01004	0.01325	0.06473	0.00811	0.49424	0.05306	0.02717	0.01353	0.01416	0.01002	0.00609	0.00471	0.00145	0.00498	0.00463	0.22078	0.00751
7	0.02093	0.01197	0.04834	0.01053	0.01472	0.01136	0.00901	0.34723	0.01860	0.42819	0.01632	0.01494	0.01070	0.00620	0.00514	0.00157	0.00506	0.00486	0.00564	0.00868
8	0.02302	0.00873	0.01191	0.00913	0.01310	0.00754	0.00754	0.02501	0.01469	0.79122	0.02024	0.01746	0.01270	0.00635	0.00516	0.00159	0.00437	0.00516	0.00635	0.00873
9	0.04883	0.01499	0.10845	0.02025	0.02560	0.01280	0.65779	0.01636	0.01183	0.01670	0.01012	0.01329	0.00755	0.00440	0.00581	0.00171	0.00833	0.00568	0.00258	0.00693
10	0.01349	0.76953	0.07811	0.00917	0.01377	0.01974	0.00946	0.01542	0.01045	0.01235	0.00727	0.00840	0.00658	0.00442	0.00340	0.00113	0.00563	0.00281	0.00219	0.00665
11	0.01196	0.01255	0.02395	0.01776	0.02210	0.01238	0.52370	0.01876	0.20843	0.01800	0.06431	0.01682	0.01249	0.00541	0.00584	0.00173	0.00706	0.00620	0.00347	0.00709
12	0.00625	0.00447	0.00595	0.00714	0.00744	0.00417	0.00476	0.00714	0.00982	0.01310	0.02828	0.81633	0.03394	0.01608	0.00655	0.00208	0.00298	0.01459	0.00476	0.00417
13	0.01029	0.02654	0.79309	0.01462	0.02221	0.01192	0.01896	0.01625	0.01083	0.01625	0.00921	0.01083	0.00650	0.00487	0.00487	0.00162	0.00758	0.00379	0.00217	0.00758
14	0.02055	0.01710	0.01368	0.01227	0.04916	0.42139	0.00915	0.02223	0.01448	0.34969	0.01334	0.01296	0.00931	0.00572	0.00488	0.00145	0.00700	0.00416	0.00424	0.00725
15	0.01270	0.01219	0.02083	0.03149	0.78767	0.01219	0.01575	0.01575	0.01168	0.01676	0.00965	0.01270	0.00813	0.00457	0.00508	0.00152	0.00610	0.00457	0.00254	0.00813
16	0.01143	0.01068	0.01774	0.43605	0.36002	0.01194	0.01470	0.04811	0.01150	0.01555	0.00949	0.01319	0.00748	0.00493	0.00511	0.00162	0.00646	0.00457	0.00252	0.00689
17	0.01029	0.02654	0.79309	0.01462	0.02221	0.01192	0.01896	0.01625	0.01083	0.01625	0.00921	0.01083	0.00650	0.00487	0.00487	0.00162	0.00758	0.00379	0.00217	0.00758
18	0.00708	0.00543	0.00667	0.00734	0.00866	0.00502	0.00597	0.00881	0.01153	0.01445	0.03803	0.14268	0.35721	0.01389	0.00658	0.00206	0.00360	0.34576	0.00475	0.00449
19	0.00708	0.00507	0.00685	0.00716	0.00764	0.00539	0.00499	0.00812	0.00843	0.01164	0.01834	0.23618	0.02019	0.26554	0.35757	0.00563	0.00826	0.00850	0.00339	0.00403
20	0.03685	0.59583	0.02337	0.00963	0.01378	0.09105	0.00896	0.13962	0.01301	0.01572	0.00806	0.00900	0.00691	0.00477	0.00371	0.00120	0.00582	0.00310	0.00274	0.00685
21	0.00694	0.00523	0.00641	0.00611	0.00747	0.00470	0.00458	0.00905	0.01375	0.01875	0.58534	0.04134	0.24918	0.01117	0.00606	0.00165	0.00247	0.00970	0.00541	0.00470
22	0.01270	0.01219	0.02083	0.03149	0.78767	0.01219	0.01575	0.01575	0.01168	0.01676	0.00965	0.01270	0.00813	0.00457	0.00508	0.00152	0.00610	0.00457	0.00254	0.00813
23	0.01234	0.01294	0.02447	0.01984	0.10622	0.01284	0.49222	0.01913	0.20823	0.01776	0.01299	0.01507	0.00984	0.00503	0.00574	0.00171	0.00720	0.00583	0.00326	0.00736
24	0.01195	0.01353	0.02929	0.07360	0.02738	0.01287	0.71910	0.01622	0.01199	0.01622	0.01030	0.01383	0.00772	0.00438	0.00599	0.00173	0.00853	0.00596	0.00257	0.00684
25	0.00969	0.00912	0.01539	0.80734	0.03534	0.01140	0.01425	0.01311	0.01026	0.01311	0.00912	0.01368	0.00684	0.00513	0.00513	0.00171	0.00684	0.00456	0.00228	0.00570
26	0.00625	0.00447	0.00595	0.00714	0.00744	0.00417	0.00476	0.00714	0.00982	0.01310	0.02828	0.81633	0.03394	0.01608	0.00655	0.00208	0.00298	0.01459	0.00476	0.00417
27	0.00889	0.00825	0.01169	0.01075	0.01177	0.04691	0.09594	0.01038	0.00999	0.01342	0.02023	0.41210	0.03723	0.01280	0.02572	0.00219	0.19375	0.05926	0.00377	0.00496
28	0.00687	0.00464	0.00595	0.00656	0.00713	0.00428	0.00448	0.00708	0.00949	0.01224	0.02914	0.43370	0.20770	0.01577	0.00979	0.21288	0.00325	0.01117	0.00413	0.00372
29	0.02302	0.00873	0.01191	0.00913	0.01310	0.00754	0.00754	0.02501	0.01469	0.79122	0.02024	0.01746	0.01270	0.00635	0.00516	0.00159	0.00437	0.00516	0.00635	0.00873
30	0.01211	0.01384	0.03028	0.02163	0.02682	0.01298	0.76903	0.01644	0.01211	0.01644	0.01038	0.01384	0.00779	0.00433	0.00606	0.00173	0.00865	0.00606	0.00260	0.00692
31	0.01090	0.16726	0.65767	0.01359	0.02061	0.01340	0.01716	0.01609	0.01076	0.01551	0.00884	0.01037	0.00651	0.00479	0.00460	0.00153	0.00721	0.00361	0.00217	0.00741
32	0.01029	0.02654	0.79309	0.01462	0.02221	0.01192	0.01896	0.01625	0.01083	0.01625	0.00921	0.01083	0.00650	0.00487	0.00487	0.00162	0.00758	0.00379	0.00217	0.00758
33	0.00734	0.00546	0.00807	0.00807	0.00893	0.00632	0.00620	0.00905	0.00819	0.01178	0.01390	0.02105	0.01321	0.09016	0.74819	0.00803	0.01316	0.00563	0.00277	0.00448
34	0.01917	0.02445	0.01454	0.01322	0.01586	0.79907	0.00991	0.02049	0.01454	0.01256	0.00793	0.00925	0.00661	0.00529	0.00463	0.00132	0.00925	0.00330	0.00264	0.00595
35	0.01217	0.01289	0.01663	0.01403	0.01470	0.10267	0.06561	0.01355	0.00891	0.01267	0.00713	0.01119	0.00680	0.00823	0.01470	0.00211	0.66349	0.00447	0.00231	0.00574
36	0.00625	0.00447	0.00595	0.00714	0.00744	0.00417	0.00476	0.00714	0.00982	0.01310	0.02828	0.81633	0.03394	0.01608	0.00655	0.00208	0.00298	0.01459	0.00476	0.00417
37	0.01752	0.02153	0.01533	0.01622	0.15484	0.62769	0.01074	0.01915	0.01392	0.01337	0.00987	0.01136	0.03566	0.00544	0.00476	0.00137	0.00844	0.00381	0.00270	0.00628

[dist]
# distance from previous block
# <min> <max>
6	7

[block]
# block no. 1 follows, 48 sequences, length 10
# corresponding to MSA columns:
# 388-397
name=unknown_B
#
# <colnr> <probs for GDERKNQSTAVLIFYWHMCP>
#	G	D	E	R	K	N	Q	S	T	A	V	L	I	F	Y	W	H	M	C	P
0	0.01873	0.01399	0.01496	0.01165	0.01562	0.01555	0.00957	0.68527	0.11067	0.03109	0.01330	0.01310	0.00952	0.00625	0.00514	0.00156	0.00546	0.00476	0.00514	0.00866
1	0.00623	0.00455	0.00587	0.00692	0.00738	0.00419	0.00466	0.00717	0.01004	0.01319	0.03100	0.72833	0.12018	0.01572	0.00649	0.00204	0.00293	0.01416	0.00476	0.00419
2	0.00938	0.00484	0.00507	0.00507	0.00624	0.00492	0.00382	0.01172	0.01055	0.01853	0.01649	0.01922	0.01312	0.00870	0.07019	0.00179	0.00334	0.00484	0.77740	0.00477
3	0.01951	0.01437	0.01540	0.01181	0.01591	0.01591	0.00975	0.77056	0.02412	0.03234	0.01232	0.01232	0.00873	0.00616	0.00513	0.00154	0.00565	0.00462	0.00513	0.00873
4	0.01951	0.01437	0.01540	0.01181	0.01591	0.01591	0.00975	0.77056	0.02412	0.03234	0.01232	0.01232	0.00873	0.00616	0.00513	0.00154	0.00565	0.00462	0.00513	0.00873
5	0.01730	0.01270	0.01373	0.01110	0.01475	0.01411	0.00898	0.43989	0.30017	0.08730	0.01608	0.01522	0.01158	0.00647	0.00517	0.00162	0.00497	0.00510	0.00526	0.00850
6	0.01951	0.01437	0.01540	0.01181	0.01591	0.01591	0.00975	0.77056	0.02412	0.03234	0.01232	0.01232	0.00873	0.00616	0.00513	0.00154	0.00565	0.00462	0.00513	0.00873
7	0.01951	0.01437	0.01540	0.01181	0.01591	0.01591	0.00975	0.77056	0.02412	0.03234	0.01232	0.01232	0.00873	0.00616	0.00513	0.00154	0.00565	0.00462	0.00513	0.00873
8	0.00845	0.00527	0.00638	0.00692	0.00810	0.00516	0.00563	0.01065	0.01134	0.01682	0.05136	0.08928	0.08700	0.01070	0.00549	0.00179	0.00339	0.30958	0.35201	0.00468
9	0.01951	0.01437	0.01540	0.01181	0.01591	0.01591	0.00975	0.77056	0.02412	0.03234	0.01232	0.01232	0.00873	0.00616	0.00513	0.00154	0.00565	0.00462	0.00513	0.00873

[dist]
# distance from previous block
# <min> <max>
0	1

[block]
# block no. 2 follows, 48 sequences, length 109
# corresponding to MSA columns:
# 399-507
name=unknown_C
#
# <colnr> <probs for GDERKNQSTAVLIFYWHMCP>
#	G	D	E	R	K	N	Q	S	T	A	V	L	I	F	Y	W	H	M	C	P
0	0.01112	0.01058	0.01797	0.43847	0.39303	0.01178	0.01496	0.01436	0.01094	0.01485	0.00937	0.01321	0.00745	0.00486	0.00511	0.00162	0.00649	0.00457	0.00240	0.00685
1	0.00944	0.00825	0.01090	0.00973	0.00973	0.01061	0.00737	0.01003	0.00767	0.01121	0.01122	0.02185	0.01240	0.39442	0.02125	0.00354	0.42740	0.00590	0.00266	0.00442
2	0.01372	0.82276	0.02689	0.00878	0.01317	0.02030	0.00878	0.01536	0.01043	0.01207	0.00713	0.00823	0.00658	0.00439	0.00329	0.00110	0.00549	0.00274	0.00219	0.00658
3	0.01064	0.00912	0.01064	0.00760	0.01216	0.00684	0.00608	0.01292	0.01064	0.01672	0.00912	0.01064	0.00760	0.00380	0.00380	0.00076	0.00380	0.00304	0.00304	0.85104
4	0.01068	0.11766	0.70540	0.01396	0.02117	0.01288	0.01779	0.01615	0.01079	0.01577	0.00897	0.01054	0.00651	0.00482	0.00469	0.00156	0.00734	0.00367	0.00217	0.00747
5	0.00625	0.00447	0.00595	0.00714	0.00744	0.00417	0.00476	0.00714	0.00982	0.01310	0.02828	0.81633	0.03394	0.01608	0.00655	0.00208	0.00298	0.01459	0.00476	0.00417
6	0.00625	0.00447	0.00595	0.00714	0.00744	0.00417	0.00476	0.00714	0.00982	0.01310	0.02828	0.81633	0.03394	0.01608	0.00655	0.00208	0.00298	0.01459	0.00476	0.00417
7	0.00991	0.00934	0.01578	0.75143	0.08955	0.01146	0.01436	0.01330	0.01036	0.01337	0.00916	0.01361	0.00693	0.00509	0.00513	0.00170	0.00679	0.00456	0.00230	0.00587
8	0.02302	0.00873	0.01191	0.00913	0.01310	0.00754	0.00754	0.02501	0.01469	0.79122	0.02024	0.01746	0.01270	0.00635	0.00516	0.00159	0.00437	0.00516	0.00635	0.00873
9	0.01327	0.71943	0.12632	0.00954	0.01434	0.01921	0.01010	0.01548	0.01048	0.01261	0.00740	0.00857	0.00657	0.00445	0.00350	0.00117	0.00576	0.00288	0.00219	0.00671
10	0.00636	0.00455	0.00605	0.00707	0.00747	0.00424	0.00477	0.00741	0.01032	0.01388	0.10750	0.73487	0.03545	0.01549	0.00650	0.00203	0.00292	0.01403	0.00486	0.00424
11	0.01625	0.00850	0.01099	0.01055	0.05428	0.04498	0.00826	0.01842	0.01346	0.39744	0.05220	0.03241	0.01974	0.00923	0.00587	0.00186	0.00475	0.27852	0.00534	0.00695
12	0.00743	0.00556	0.00669	0.00720	0.00816	0.00535	0.00507	0.06791	0.03119	0.01499	0.03163	0.57686	0.18384	0.01443	0.00630	0.00196	0.00314	0.01281	0.00480	0.00466
13	0.02240	0.00973	0.01252	0.00960	0.01360	0.00902	0.00793	0.15679	0.01635	0.65708	0.01884	0.01655	0.01200	0.00632	0.00516	0.00158	0.00459	0.00506	0.00614	0.00873
14	0.01137	0.01043	0.01767	0.26848	0.47358	0.01114	0.01410	0.01398	0.01072	0.01481	0.00941	0.01331	0.00781	0.00613	0.00666	0.09049	0.00615	0.00456	0.00243	0.00676
15	0.01035	0.02618	0.77372	0.01505	0.04140	0.01192	0.01888	0.01624	0.01085	0.01626	0.00922	0.01088	0.00654	0.00487	0.00488	0.00162	0.00755	0.00381	0.00218	0.00760
16	0.00969	0.00912	0.01539	0.80734	0.03534	0.01140	0.01425	0.01311	0.01026	0.01311	0.00912	0.01368	0.00684	0.00513	0.00513	0.00171	0.00684	0.00456	0.00228	0.00570
17	0.00726	0.00524	0.00686	0.00646	0.00767	0.00484	0.00484	0.00968	0.01452	0.02058	0.78496	0.03833	0.04841	0.01049	0.00605	0.00161	0.00242	0.00928	0.00565	0.00484
18	0.00915	0.00784	0.01132	0.25964	0.01715	0.00973	0.00886	0.01073	0.00862	0.01201	0.01148	0.02032	0.01139	0.27727	0.07323	0.00338	0.20376	0.00558	0.03383	0.00471
19	0.01045	0.01076	0.02094	0.41789	0.02968	0.01152	0.33045	0.01406	0.01100	0.01451	0.01108	0.07350	0.00925	0.00561	0.00562	0.00175	0.00731	0.00593	0.00260	0.00610
20	0.00625	0.00447	0.00595	0.00714	0.00744	0.00417	0.00476	0.00714	0.00982	0.01310	0.02828	0.81633	0.03394	0.01608	0.00655	0.00208	0.00298	0.01459	0.00476	0.00417
21	0.01204	0.01152	0.01964	0.20077	0.62352	0.01202	0.01542	0.01517	0.01137	0.01597	0.00954	0.01291	0.00785	0.00469	0.00509	0.00156	0.00626	0.00457	0.00248	0.00760
22	0.01215	0.01265	0.02418	0.08038	0.27695	0.01269	0.38222	0.01661	0.06799	0.01652	0.01069	0.01375	0.00837	0.00483	0.00600	0.00168	0.03696	0.00538	0.00273	0.00727
23	0.01029	0.02654	0.79309	0.01462	0.02221	0.01192	0.01896	0.01625	0.01083	0.01625	0.00921	0.01083	0.00650	0.00487	0.00487	0.00162	0.00758	0.00379	0.00217	0.00758
24	0.00648	0.00463	0.00622	0.00741	0.00780	0.00436	0.00516	0.00754	0.01005	0.01335	0.02815	0.73025	0.03344	0.01586	0.00661	0.00212	0.00318	0.09840	0.00476	0.00423
25	0.01674	0.07403	0.01528	0.01357	0.10889	0.18413	0.00974	0.20229	0.15714	0.10670	0.01320	0.01361	0.00996	0.00736	0.04291	0.00182	0.00642	0.00451	0.00410	0.00758
26	0.01067	0.01056	0.01663	0.33429	0.02325	0.01378	0.06706	0.01295	0.00913	0.01295	0.00796	0.01240	0.00685	0.00709	0.01134	0.00199	0.42842	0.00463	0.00228	0.00574
27	0.00606	0.00520	0.00520	0.00520	0.00693	0.00433	0.00390	0.00736	0.01170	0.01386	0.05198	0.04938	0.78558	0.01299	0.00606	0.00173	0.00260	0.01083	0.00476	0.00433
28	0.01246	0.01203	0.01844	0.01456	0.01814	0.01298	0.27879	0.02270	0.46909	0.01924	0.01647	0.01688	0.01244	0.00612	0.00607	0.00176	0.04428	0.00583	0.00415	0.00757
29	0.01584	0.03745	0.01681	0.01817	0.23911	0.32636	0.01167	0.09990	0.04438	0.01625	0.00924	0.01123	0.00766	0.00573	0.00649	0.00154	0.11823	0.00407	0.00292	0.00694
30	0.01209	0.44420	0.39117	0.01156	0.01747	0.01632	0.01362	0.01579	0.01062	0.01406	0.00812	0.00947	0.00654	0.00462	0.00404	0.00135	0.00648	0.00324	0.00218	0.00706
31	0.00695	0.00548	0.00644	0.00691	0.00842	0.00497	0.00566	0.00868	0.01174	0.01446	0.04197	0.05281	0.48061	0.01347	0.00648	0.00199	0.00346	0.31026	0.00475	0.00449
32	0.01593	0.01271	0.01490	0.11278	0.01761	0.01485	0.01033	0.44321	0.12895	0.02506	0.01224	0.01330	0.00917	0.00661	0.00705	0.00171	0.13677	0.00476	0.00431	0.00775
33	0.01128	0.02371	0.01100	0.00967	0.01127	0.07837	0.00759	0.16471	0.01201	0.01605	0.01280	0.04165	0.01184	0.08135	0.40367	0.00519	0.08365	0.00540	0.00325	0.00555
34	0.01276	0.01102	0.01160	0.01044	0.01334	0.01276	0.00812	0.02727	0.77840	0.02146	0.02088	0.01914	0.01566	0.00696	0.00522	0.00174	0.00406	0.00580	0.00522	0.00812
35	0.01150	0.01835	0.31047	0.02007	0.10405	0.01250	0.41440	0.01630	0.01160	0.01640	0.00987	0.01261	0.00735	0.00455	0.00552	0.00167	0.00799	0.00507	0.00243	0.00729
36	0.01078	0.01024	0.01736	0.52551	0.30862	0.01169	0.01479	0.01407	0.01078	0.01444	0.00931	0.01332	0.00731	0.00493	0.00511	0.00164	0.00657	0.00456	0.00237	0.00658
37	0.82244	0.01050	0.00782	0.00701	0.01016	0.04302	0.00573	0.01530	0.00896	0.02260	0.00718	0.00837	0.00560	0.00478	0.00323	0.00158	0.00418	0.00280	0.00315	0.00557
38	0.00776	0.00557	0.00756	0.00794	0.00913	0.00537	0.00654	0.01015	0.01318	0.01800	0.41038	0.04799	0.03908	0.01231	0.00656	0.00198	0.00356	0.37696	0.00519	0.00478
39	0.01617	0.30509	0.06514	0.01241	0.01616	0.41612	0.07087	0.01811	0.01268	0.01291	0.00792	0.00935	0.00669	0.00487	0.00429	0.00129	0.00778	0.00336	0.00245	0.00635
40	0.01276	0.01102	0.01160	0.01044	0.01334	0.01276	0.00812	0.02727	0.77840	0.02146	0.02088	0.01914	0.01566	0.00696	0.00522	0.00174	0.00406	0.00580	0.00522	0.00812
41	0.00625	0.00447	0.00595	0.00714	0.00744	0.00417	0.00476	0.00714	0.00982	0.01310	0.02828	0.81633	0.03394	0.01608	0.00655	0.00208	0.00298	0.01459	0.00476	0.00417
42	0.01237	0.00767	0.01073	0.00951	0.01116	0.00871	0.00766	0.04966	0.01050	0.20190	0.01407	0.01762	0.01157	0.02418	0.43701	0.00530	0.14556	0.00520	0.00365	0.00596
43	0.03951	0.01549	0.04625	0.01190	0.01601	0.07320	0.01003	0.66684	0.02251	0.03001	0.01175	0.01194	0.00840	0.00601	0.00504	0.00153	0.00595	0.00444	0.00478	0.00840
44	0.00726	0.00524	0.00686	0.00646	0.00767	0.00484	0.00484	0.00968	0.01452	0.02058	0.78496	0.03833	0.04841	0.01049	0.00605	0.00161	0.00242	0.00928	0.00565	0.00484
45	0.49434	0.01703	0.34343	0.01012	0.01518	0.01168	0.01129	0.01558	0.00963	0.02013	0.00803	0.00940	0.00596	0.00481	0.00390	0.00160	0.00551	0.00321	0.00274	0.00642
46	0.01116	0.02050	0.43041	0.01795	0.02440	0.01242	0.37558	0.01634	0.01144	0.01634	0.00977	0.01226	0.00711	0.00461	0.00544	0.00167	0.00809	0.00487	0.00237	0.00727
47	0.01270	0.01219	0.02083	0.03149	0.78767	0.01219	0.01575	0.01575	0.01168	0.01676	0.00965	0.01270	0.00813	0.00457	0.00508	0.00152	0.00610	0.00457	0.00254	0.00813
48	0.00615	0.00485	0.00556	0.00612	0.00717	0.00425	0.00431	0.00726	0.01081	0.01350	0.04071	0.41402	0.42822	0.01446	0.00629	0.00190	0.00278	0.01262	0.00476	0.00425
49	0.01908	0.04294	0.01498	0.01289	0.01580	0.66035	0.00986	0.13452	0.01590	0.01556	0.00858	0.00969	0.00693	0.00540	0.00467	0.00135	0.00861	0.00349	0.00301	0.00639
50	0.02179	0.01179	0.01300	0.01020	0.01405	0.09927	0.00831	0.19307	0.01680	0.53125	0.01705	0.01537	0.01111	0.00619	0.00509	0.00155	0.00521	0.00483	0.00565	0.00841
51	0.01031	0.00997	0.01552	0.48711	0.02652	0.01314	0.01303	0.01280	0.00929	0.01280	0.00816	0.01269	0.00680	0.00668	0.00985	0.00193	0.33093	0.00453	0.00227	0.00566
52	0.01018	0.01429	0.20782	0.01512	0.03196	0.01029	0.32237	0.01463	0.04288	0.01716	0.16519	0.02146	0.08983	0.00659	0.00572	0.00168	0.00638	0.00655	0.00340	0.00650
53	0.01917	0.02445	0.01454	0.01322	0.01586	0.79907	0.00991	0.02049	0.01454	0.01256	0.00793	0.00925	0.00661	0.00529	0.00463	0.00132	0.00925	0.00330	0.00264	0.00595
54	0.85592	0.00992	0.00754	0.00675	0.00992	0.01151	0.00556	0.01508	0.00873	0.02302	0.00714	0.00834	0.00556	0.00476	0.00318	0.00159	0.00397	0.00278	0.00318	0.00556
55	0.00956	0.00478	0.00478	0.00478	0.00598	0.00478	0.00359	0.01196	0.01076	0.01913	0.01674	0.01913	0.01315	0.00598	0.00359	0.00120	0.00239	0.00478	0.84816	0.00478
56	0.00733	0.00550	0.00825	0.00825	0.00916	0.00641	0.00641	0.00916	0.00825	0.01191	0.01374	0.02016	0.01283	0.03848	0.79934	0.00825	0.01374	0.00550	0.00275	0.00458
57	0.01633	0.44247	0.02108	0.01079	0.01445	0.33302	0.00931	0.07292	0.01309	0.01376	0.00784	0.00894	0.00675	0.00488	0.00396	0.00122	0.00701	0.00311	0.00259	0.00649
58	0.00617	0.00515	0.00537	0.00543	0.00702	0.00436	0.00403	0.00752	0.01177	0.01430	0.10414	0.10384	0.67725	0.01303	0.00610	0.00175	0.00261	0.01099	0.00483	0.00436
59	0.02001	0.01192	0.02595	0.01038	0.01418	0.06866	0.00854	0.20565	0.14048	0.41250	0.01734	0.01577	0.01167	0.00630	0.00512	0.00158	0.00504	0.00497	0.00553	0.00841
60	0.01029	0.02654	0.79309	0.01462	0.02221	0.01192	0.01896	0.01625	0.01083	0.01625	0.00921	0.01083	0.00650	0.00487	0.00487	0.00162	0.00758	0.00379	0.00217	0.00758
61	0.01362	0.00665	0.00890	0.00753	0.00986	0.00593	0.00593	0.01586	0.01459	0.33144	0.47649	0.02991	0.03401	0.00882	0.00569	0.00160	0.00321	0.00762	0.00593	0.00641
62	0.01209	0.01379	0.02998	0.02146	0.02655	0.01303	0.75362	0.01635	0.01202	0.01635	0.01031	0.01379	0.00776	0.00442	0.00627	0.00174	0.02495	0.00602	0.00259	0.00689
63	0.02302	0.00873	0.01191	0.00913	0.01310	0.00754	0.00754	0.02501	0.01469	0.79122	0.02024	0.01746	0.01270	0.00635	0.00516	0.00159	0.00437	0.00516	0.00635	0.00873
64	0.00606	0.00520	0.00520	0.00520	0.00693	0.00433	0.00390	0.00736	0.01170	0.01386	0.05198	0.04938	0.78558	0.01299	0.00606	0.00173	0.00260	0.01083	0.00476	0.00433
65	0.00902	0.00776	0.01241	0.48538	0.02522	0.00910	0.01167	0.01194	0.01079	0.01391	0.01645	0.06749	0.01620	0.00887	0.00589	0.00196	0.00590	0.27148	0.00327	0.00528
66	0.01054	0.08392	0.73787	0.01420	0.02156	0.01252	0.01822	0.01619	0.01080	0.01595	0.00906	0.01065	0.00651	0.00484	0.00476	0.00159	0.00743	0.00372	0.00217	0.00751
67	0.01029	0.02654	0.79309	0.01462	0.02221	0.01192	0.01896	0.01625	0.01083	0.01625	0.00921	0.01083	0.00650	0.00487	0.00487	0.00162	0.00758	0.00379	0.00217	0.00758
68	0.00786	0.00564	0.00770	0.00824	0.00943	0.00548	0.00689	0.01025	0.01291	0.01746	0.33285	0.04999	0.03715	0.01269	0.00667	0.00206	0.00380	0.45307	0.00510	0.00477
69	0.00872	0.00751	0.01168	0.04786	0.29204	0.00738	0.00907	0.01053	0.01065	0.01449	0.02245	0.43693	0.07764	0.01124	0.00592	0.00184	0.00424	0.01028	0.00386	0.00568
70	0.01229	0.01162	0.01968	0.02948	0.71671	0.01162	0.01506	0.01528	0.01170	0.01663	0.01125	0.01682	0.01008	0.00545	0.00526	0.00160	0.00597	0.07293	0.00274	0.00782
71	0.00669	0.00522	0.00607	0.00586	0.00732	0.00460	0.00439	0.00858	0.01318	0.01738	0.43647	0.04358	0.39890	0.01168	0.00606	0.00167	0.00251	0.01002	0.00523	0.00460
72	0.01165	0.01247	0.02264	0.01735	0.01982	0.01441	0.37152	0.01429	0.00988	0.01429	0.00847	0.01247	0.00723	0.00677	0.01171	0.00200	0.42915	0.00523	0.00241	0.00623
73	0.01258	0.01207	0.02061	0.06263	0.75748	0.01216	0.01569	0.01564	0.01163	0.01662	0.00963	0.01274	0.00808	0.00459	0.00508	0.00153	0.00613	0.00457	0.00253	0.00803
74	0.01948	0.01510	0.01534	0.01191	0.01591	0.07235	0.00976	0.71651	0.02343	0.03091	0.01200	0.01210	0.00857	0.00610	0.00510	0.00152	0.00591	0.00452	0.00495	0.00853
75	0.00625	0.00447	0.00595	0.00714	0.00744	0.00417	0.00476	0.00714	0.00982	0.01310	0.02828	0.81633	0.03394	0.01608	0.00655	0.00208	0.00298	0.01459	0.00476	0.00417
76	0.00678	0.00513	0.00626	0.00618	0.00742	0.00460	0.00456	0.00867	0.01308	0.01764	0.47235	0.14447	0.26020	0.01196	0.00612	0.00171	0.00255	0.01043	0.00528	0.00460
77	0.01605	0.01228	0.01323	0.01088	0.01421	0.01367	0.00871	0.46844	0.24116	0.02700	0.01661	0.10554	0.01360	0.00752	0.00532	0.00166	0.00488	0.00609	0.00512	0.00803
78	0.85592	0.00992	0.00754	0.00675	0.00992	0.01151	0.00556	0.01508	0.00873	0.02302	0.00714	0.00834	0.00556	0.00476	0.00318	0.00159	0.00397	0.00278	0.00318	0.00556
79	0.01029	0.02654	0.79309	0.01462	0.02221	0.01192	0.01896	0.01625	0.01083	0.01625	0.00921	0.01083	0.00650	0.00487	0.00487	0.00162	0.00758	0.00379	0.00217	0.00758
80	0.01175	0.01139	0.01988	0.26369	0.50700	0.01201	0.06958	0.01501	0.01129	0.01564	0.00954	0.01308	0.00772	0.00472	0.00517	0.00159	0.00650	0.00468	0.00247	0.00731
81	0.00870	0.01537	0.38067	0.01034	0.01458	0.00821	0.01155	0.01280	0.01277	0.01852	0.41613	0.02526	0.02849	0.00782	0.00549	0.00162	0.00488	0.00667	0.00399	0.00614
82	0.01112	0.01058	0.01797	0.43847	0.39303	0.01178	0.01496	0.01436	0.01094	0.01485	0.00937	0.01321	0.00745	0.00486	0.00511	0.00162	0.00649	0.00457	0.00240	0.00685
83	0.01144	0.01972	0.42592	0.02265	0.38614	0.01205	0.01743	0.01601	0.01124	0.01649	0.00942	0.01172	0.00727	0.00473	0.00497	0.00158	0.00688	0.00416	0.00234	0.00784
84	0.01040	0.05063	0.76991	0.01445	0.02193	0.01217	0.01865	0.01622	0.01082	0.01612	0.00915	0.01075	0.00650	0.00486	0.00483	0.00161	0.00752	0.00376	0.00217	0.00755
85	0.00625	0.00447	0.00595	0.00714	0.00744	0.00417	0.00476	0.00714	0.00982	0.01310	0.02828	0.81633	0.03394	0.01608	0.00655	0.00208	0.00298	0.01459	0.00476	0.00417
86	0.00840	0.00630	0.00891	0.01068	0.06631	0.00623	0.00844	0.01072	0.01179	0.01533	0.02801	0.05390	0.09203	0.01338	0.00686	0.00225	0.00464	0.63631	0.00457	0.00494
87	0.01074	0.01025	0.01700	0.49233	0.25095	0.01212	0.01434	0.01379	0.01040	0.01408	0.00900	0.01312	0.00720	0.00541	0.00644	0.00172	0.09781	0.00456	0.00235	0.00639
88	0.01951	0.01437	0.01540	0.01181	0.01591	0.01591	0.00975	0.77056	0.02412	0.03234	0.01232	0.01232	0.00873	0.00616	0.00513	0.00154	0.00565	0.00462	0.00513	0.00873
89	0.00625	0.00447	0.00595	0.00714	0.00744	0.00417	0.00476	0.00714	0.00982	0.01310	0.02828	0.81633	0.03394	0.01608	0.00655	0.00208	0.00298	0.01459	0.00476	0.00417
90	0.01402	0.00707	0.00924	0.00782	0.01027	0.00650	0.00617	0.01713	0.06964	0.33150	0.42142	0.02853	0.03165	0.00857	0.00563	0.00161	0.00332	0.00737	0.00590	0.00665
91	0.01198	0.01479	0.08706	0.02111	0.02647	0.01290	0.71320	0.01642	0.01202	0.01642	0.01029	0.01362	0.00769	0.00437	0.00597	0.00172	0.00857	0.00589	0.00256	0.00697
92	0.00656	0.00516	0.00592	0.00585	0.00726	0.00453	0.00434	0.00828	0.01270	0.01651	0.34594	0.10019	0.43406	0.01221	0.00609	0.00171	0.00255	0.01047	0.00512	0.00453
93	0.01270	0.01219	0.02083	0.03149	0.78767	0.01219	0.01575	0.01575	0.01168	0.01676	0.00965	0.01270	0.00813	0.00457	0.00508	0.00152	0.00610	0.00457	0.00254	0.00813
94	0.01553	0.25438	0.10621	0.01229	0.03867	0.40305	0.01054	0.01756	0.01239	0.01292	0.00832	0.01003	0.00708	0.00735	0.06155	0.00180	0.00820	0.00339	0.00246	0.00629
95	0.01192	0.40510	0.42880	0.01185	0.01791	0.01590	0.01412	0.01583	0.01064	0.01426	0.00822	0.00960	0.00654	0.00464	0.00412	0.00137	0.00659	0.00329	0.00218	0.00711
96	0.00625	0.00447	0.00595	0.00714	0.00744	0.00417	0.00476	0.00714	0.00982	0.01310	0.02828	0.81633	0.03394	0.01608	0.00655	0.00208	0.00298	0.01459	0.00476	0.00417
97	0.05982	0.01255	0.01318	0.01089	0.01438	0.01419	0.00876	0.37785	0.38194	0.02668	0.01612	0.01536	0.01186	0.00647	0.00507	0.00164	0.00481	0.00509	0.00507	0.00827
98	0.00969	0.00912	0.01539	0.80734	0.03534	0.01140	0.01425	0.01311	0.01026	0.01311	0.00912	0.01368	0.00684	0.00513	0.00513	0.00171	0.00684	0.00456	0.00228	0.00570
99	0.00932	0.00938	0.01871	0.01474	0.01761	0.00879	0.40566	0.01202	0.01102	0.01485	0.01889	0.39538	0.02022	0.00991	0.00629	0.00190	0.00595	0.01011	0.00363	0.00561
100	0.01211	0.01384	0.03028	0.02163	0.02682	0.01298	0.76903	0.01644	0.01211	0.01644	0.01038	0.01384	0.00779	0.00433	0.00606	0.00173	0.00865	0.00606	0.00260	0.00692
101	0.00627	0.00494	0.00578	0.00628	0.00736	0.00444	0.00450	0.00746	0.01069	0.01344	0.03924	0.35679	0.41365	0.01609	0.06344	0.00235	0.00359	0.02477	0.00462	0.00429
102	0.07572	0.01503	0.01457	0.33278	0.02330	0.25458	0.01131	0.17995	0.01448	0.01783	0.00931	0.01164	0.00709	0.00538	0.00483	0.00154	0.00712	0.00406	0.00308	0.00642
103	0.01202	0.10463	0.34906	0.01674	0.02266	0.06995	0.31981	0.01654	0.01157	0.01562	0.00937	0.01166	0.00704	0.00463	0.00517	0.00159	0.00791	0.00456	0.00238	0.00709
104	0.07123	0.02534	0.73648	0.01406	0.02132	0.01189	0.01799	0.01617	0.01068	0.01674	0.00906	0.01065	0.00643	0.00487	0.00475	0.00162	0.00732	0.00372	0.00224	0.00744
105	0.01933	0.01951	0.01496	0.01253	0.01589	0.41496	0.00983	0.38838	0.01924	0.02226	0.01008	0.01076	0.00765	0.00572	0.00487	0.00143	0.00748	0.00395	0.00386	0.00731
106	0.01649	0.00995	0.01195	0.00889	0.01317	0.00874	0.00725	0.15601	0.01449	0.28379	0.01350	0.01328	0.00955	0.00510	0.00451	0.00119	0.00433	0.00405	0.00455	0.40920
107	0.01240	0.56498	0.21682	0.01007	0.01503	0.01709	0.01104	0.01518	0.01082	0.01373	0.06370	0.01105	0.00958	0.00495	0.00389	0.00127	0.00579	0.00348	0.00244	0.00671
108	0.01422	0.00649	0.00878	0.00809	0.01013	0.00577	0.00608	0.01564	0.01214	0.38305	0.02446	0.43651	0.02384	0.01145	0.00589	0.00185	0.00364	0.01010	0.00552	0.00634

[dist]
# distance from previous block
# <min> <max>
4	7

[block]
# block no. 3 follows, 48 sequences, length 13
# corresponding to MSA columns:
# 515-527
name=unknown_D
#
# <colnr> <probs for GDERKNQSTAVLIFYWHMCP>
#	G	D	E	R	K	N	Q	S	T	A	V	L	I	F	Y	W	H	M	C	P
0	0.01372	0.82276	0.02689	0.00878	0.01317	0.02030	0.00878	0.01536	0.01043	0.01207	0.00713	0.00823	0.00658	0.00439	0.00329	0.00110	0.00549	0.00274	0.00219	0.00658
1	0.00969	0.00912	0.01539	0.80734	0.03534	0.01140	0.01425	0.01311	0.01026	0.01311	0.00912	0.01368	0.00684	0.00513	0.00513	0.00171	0.00684	0.00456	0.00228	0.00570
2	0.00696	0.00523	0.00644	0.00613	0.00748	0.00471	0.00460	0.00909	0.01380	0.01886	0.59798	0.04115	0.23646	0.01113	0.00605	0.00164	0.00247	0.00967	0.00542	0.00471
3	0.01120	0.00636	0.00653	0.00594	0.00761	0.00662	0.00460	0.13692	0.01296	0.02131	0.01601	0.01801	0.01242	0.00601	0.00384	0.00125	0.00293	0.00476	0.70929	0.00543
4	0.01554	0.00708	0.00951	0.00786	0.01052	0.00626	0.00626	0.01773	0.01461	0.42546	0.38319	0.02737	0.02965	0.00832	0.00558	0.00160	0.00344	0.00712	0.00602	0.00689
5	0.02278	0.00912	0.01215	0.00931	0.01329	0.00812	0.00769	0.07659	0.01534	0.73871	0.01969	0.01711	0.01243	0.00634	0.00516	0.00158	0.00445	0.00512	0.00627	0.00873
6	0.01951	0.01437	0.01540	0.01181	0.01591	0.01591	0.00975	0.77056	0.02412	0.03234	0.01232	0.01232	0.00873	0.00616	0.00513	0.00154	0.00565	0.00462	0.00513	0.00873
7	0.01211	0.01384	0.03028	0.02163	0.02682	0.01298	0.76903	0.01644	0.01211	0.01644	0.01038	0.01384	0.00779	0.00433	0.00606	0.00173	0.00865	0.00606	0.00260	0.00692
8	0.01276	0.01102	0.01160	0.01044	0.01334	0.01276	0.00812	0.02727	0.77840	0.02146	0.02088	0.01914	0.01566	0.00696	0.00522	0.00174	0.00406	0.00580	0.00522	0.00812
9	0.01372	0.82276	0.02689	0.00878	0.01317	0.02030	0.00878	0.01536	0.01043	0.01207	0.00713	0.00823	0.00658	0.00439	0.00329	0.00110	0.00549	0.00274	0.00219	0.00658
10	0.00637	0.00463	0.00604	0.00712	0.00761	0.00430	0.00492	0.00740	0.01014	0.01333	0.03048	0.69057	0.10590	0.01565	0.00654	0.00207	0.00306	0.06488	0.00476	0.00422
11	0.01229	0.00741	0.00769	0.00671	0.00870	0.00783	0.00528	0.21997	0.01443	0.02275	0.01553	0.01726	0.01194	0.00603	0.00401	0.00129	0.00328	0.00474	0.61699	0.00586
12	0.41484	0.01056	0.01019	0.00848	0.01180	0.01149	0.00688	0.23506	0.01387	0.07750	0.01173	0.08797	0.00984	0.00630	0.00425	0.00156	0.00438	0.00463	0.00411	0.06455

[dist]
# distance from previous block
# <min> <max>
2	6

[block]
# block no. 4 follows, 48 sequences, length 6
# corresponding to MSA columns:
# 534-539
name=unknown_E
#
# <colnr> <probs for GDERKNQSTAVLIFYWHMCP>
#	G	D	E	R	K	N	Q	S	T	A	V	L	I	F	Y	W	H	M	C	P
0	0.00710	0.00489	0.00601	0.00657	0.00681	0.00478	0.00427	0.00768	0.00879	0.01168	0.02179	0.32406	0.02543	0.43859	0.01690	0.00363	0.00421	0.08924	0.00389	0.00367
1	0.01468	0.01639	0.01249	0.01026	0.01391	0.38234	0.00790	0.01651	0.01249	0.01475	0.00856	0.00998	0.00713	0.00451	0.00419	0.00103	0.00638	0.00317	0.00285	0.45049
2	0.22185	0.00863	0.00909	0.00852	0.01090	0.00922	0.00707	0.18163	0.01369	0.02074	0.02280	0.07047	0.13815	0.00993	0.00549	0.00187	0.00432	0.24544	0.00444	0.00574
3	0.85592	0.00992	0.00754	0.00675	0.00992	0.01151	0.00556	0.01508	0.00873	0.02302	0.00714	0.00834	0.00556	0.00476	0.00318	0.00159	0.00397	0.00278	0.00318	0.00556
4	0.02256	0.00947	0.01237	0.00948	0.01347	0.00864	0.00783	0.12309	0.01593	0.69139	0.01920	0.01679	0.01218	0.00633	0.00516	0.00158	0.00453	0.00509	0.00619	0.00873
5	0.00930	0.00859	0.01431	0.71604	0.03216	0.01057	0.01317	0.01243	0.01021	0.01311	0.01131	0.10526	0.00993	0.00638	0.00529	0.00175	0.00640	0.00570	0.00256	0.00553

[dist]
# distance from previous block
# <min> <max>
0	2

[block]
# block no. 5 follows, 48 sequences, length 129
# corresponding to MSA columns:
# 542-670
name=unknown_F
#
# <colnr> <probs for GDERKNQSTAVLIFYWHMCP>
#	G	D	E	R	K	N	Q	S	T	A	V	L	I	F	Y	W	H	M	C	P
0	0.01029	0.02654	0.79309	0.01462	0.02221	0.01192	0.01896	0.01625	0.01083	0.01625	0.00921	0.01083	0.00650	0.00487	0.00487	0.00162	0.00758	0.00379	0.00217	0.00758
1	0.00820	0.00586	0.00818	0.00926	0.01044	0.00584	0.00805	0.01057	0.01199	0.01569	0.07630	0.05661	0.03075	0.01394	0.00702	0.00231	0.00458	0.70490	0.00478	0.00473
2	0.02302	0.00873	0.01191	0.00913	0.01310	0.00754	0.00754	0.02501	0.01469	0.79122	0.02024	0.01746	0.01270	0.00635	0.00516	0.00159	0.00437	0.00516	0.00635	0.00873
3	0.01259	0.01208	0.02062	0.06088	0.75917	0.01216	0.01569	0.01565	0.01163	0.01662	0.00963	0.01274	0.00808	0.00459	0.00508	0.00153	0.00612	0.00457	0.00253	0.00804
4	0.01077	0.00885	0.01004	0.00980	0.01193	0.00988	0.00779	0.02034	0.47675	0.01881	0.02348	0.11761	0.02160	0.01001	0.00590	0.00195	0.00413	0.21860	0.00503	0.00672
5	0.01132	0.01078	0.01834	0.38687	0.44307	0.01183	0.01506	0.01454	0.01103	0.01509	0.00941	0.01315	0.00754	0.00483	0.00510	0.00161	0.00644	0.00457	0.00242	0.00702
6	0.00810	0.00801	0.04262	0.01139	0.01344	0.00697	0.22187	0.01013	0.01059	0.01415	0.02386	0.48966	0.07909	0.01213	0.00654	0.01632	0.00476	0.01132	0.00401	0.00506
7	0.01149	0.01232	0.02502	0.24542	0.11274	0.01244	0.47241	0.01542	0.01154	0.01553	0.00994	0.01367	0.00756	0.00458	0.00569	0.00170	0.00786	0.00547	0.00250	0.00671
8	0.00733	0.00550	0.00825	0.00825	0.00916	0.00641	0.00641	0.00916	0.00825	0.01191	0.01374	0.02016	0.01283	0.03848	0.79934	0.00825	0.01374	0.00550	0.00275	0.00458
9	0.01799	0.38224	0.01909	0.00928	0.01341	0.01442	0.00835	0.09283	0.04593	0.32836	0.01350	0.01281	0.00964	0.00546	0.00430	0.00136	0.00499	0.00403	0.00428	0.00772
10	0.01029	0.02654	0.79309	0.01462	0.02221	0.01192	0.01896	0.01625	0.01083	0.01625	0.00921	0.01083	0.00650	0.00487	0.00487	0.00162	0.00758	0.00379	0.00217	0.00758
11	0.00880	0.00453	0.00680	0.00680	0.00686	0.00460	0.00460	0.00686	0.00680	0.00913	0.00926	0.01592	0.00919	0.01931	0.07607	0.79016	0.00512	0.00453	0.00227	0.00240
12	0.00989	0.00932	0.01574	0.75703	0.08412	0.01145	0.01435	0.01328	0.01035	0.01335	0.00915	0.01362	0.00692	0.00509	0.00513	0.00170	0.00679	0.00456	0.00230	0.00586
13	0.01203	0.01151	0.01962	0.20339	0.62098	0.01202	0.01542	0.01516	0.01137	0.01595	0.00953	0.01292	0.00784	0.00470	0.00509	0.00157	0.00626	0.00457	0.00248	0.00759
14	0.01061	0.01029	0.01571	0.32116	0.07742	0.01349	0.01256	0.01278	0.00907	0.01295	0.00810	0.01257	0.00708	0.00815	0.03725	0.00218	0.41597	0.00456	0.00230	0.00579
15	0.00661	0.00524	0.00595	0.00583	0.00734	0.00458	0.00441	0.00838	0.01281	0.01655	0.33937	0.04531	0.47082	0.01205	0.00609	0.00171	0.00260	0.03468	0.00511	0.00455
16	0.01258	0.01207	0.02061	0.06257	0.75754	0.01216	0.01569	0.01564	0.01163	0.01662	0.00963	0.01274	0.00808	0.00459	0.00508	0.00153	0.00613	0.00457	0.00253	0.00803
17	0.01138	0.10433	0.23867	0.12776	0.33296	0.01243	0.01487	0.01495	0.01084	0.01517	0.00960	0.01317	0.00800	0.05757	0.00620	0.00175	0.00648	0.00434	0.00240	0.00715
18	0.00618	0.00475	0.00566	0.00638	0.00724	0.00423	0.00442	0.00723	0.01056	0.01340	0.03760	0.51476	0.32949	0.01486	0.00636	0.00195	0.00283	0.01311	0.00476	0.00423
19	0.01211	0.01384	0.03028	0.02163	0.02682	0.01298	0.76903	0.01644	0.01211	0.01644	0.01038	0.01384	0.00779	0.00433	0.00606	0.00173	0.00865	0.00606	0.00260	0.00692
20	0.01140	0.01883	0.33022	0.01887	0.02500	0.01256	0.47410	0.01636	0.01161	0.01636	0.00992	0.01266	0.00728	0.00454	0.00559	0.00169	0.00823	0.00517	0.00243	0.00718
21	0.01219	0.01362	0.02903	0.02293	0.12731	0.01287	0.66954	0.01635	0.01205	0.01648	0.01028	0.01369	0.00783	0.00436	0.00593	0.00170	0.00831	0.00586	0.00259	0.00708
22	0.00625	0.00447	0.00595	0.00714	0.00744	0.00417	0.00476	0.00714	0.00982	0.01310	0.02828	0.81633	0.03394	0.01608	0.00655	0.00208	0.00298	0.01459	0.00476	0.00417
23	0.02150	0.00839	0.01142	0.00887	0.01257	0.00728	0.00728	0.02352	0.01467	0.71664	0.09425	0.01948	0.01616	0.00675	0.00525	0.00159	0.00418	0.00556	0.00628	0.00836
24	0.01712	0.50309	0.02125	0.00911	0.01334	0.01589	0.00845	0.07274	0.01278	0.26389	0.01172	0.01149	0.00870	0.00515	0.00402	0.00129	0.00514	0.00365	0.00374	0.00743
25	0.00941	0.00867	0.01204	0.01115	0.01133	0.01130	0.00894	0.01055	0.00877	0.01281	0.01513	0.27328	0.01711	0.01163	0.01283	0.00220	0.49297	0.06154	0.00323	0.00508
26	0.00845	0.01362	0.31601	0.00967	0.01338	0.00762	0.01039	0.01226	0.01307	0.01887	0.47993	0.02752	0.03193	0.00828	0.00559	0.00162	0.00445	0.00712	0.00428	0.00592
27	0.01055	0.08550	0.73635	0.01419	0.02154	0.01254	0.01820	0.01618	0.01080	0.01594	0.00905	0.01064	0.00651	0.00484	0.00476	0.00159	0.00743	0.00371	0.00217	0.00751
28	0.01054	0.00999	0.01693	0.58742	0.24859	0.01162	0.01467	0.01386	0.01066	0.01415	0.00927	0.01340	0.00720	0.00497	0.00512	0.00166	0.00663	0.00456	0.00235	0.00639
29	0.00606	0.00520	0.00520	0.00520	0.00693	0.00433	0.00390	0.00736	0.01170	0.01386	0.05198	0.04938	0.78558	0.01299	0.00606	0.00173	0.00260	0.01083	0.00476	0.00433
30	0.01039	0.09674	0.41315	0.32576	0.02650	0.01252	0.01612	0.01493	0.01057	0.01461	0.00897	0.01170	0.00664	0.00493	0.00482	0.00161	0.00709	0.00399	0.00221	0.00675
31	0.01064	0.00912	0.01064	0.00760	0.01216	0.00684	0.00608	0.01292	0.01064	0.01672	0.00912	0.01064	0.00760	0.00380	0.00380	0.00076	0.00380	0.00304	0.00304	0.85104
32	0.85592	0.00992	0.00754	0.00675	0.00992	0.01151	0.00556	0.01508	0.00873	0.02302	0.00714	0.00834	0.00556	0.00476	0.00318	0.00159	0.00397	0.00278	0.00318	0.00556
33	0.01140	0.01883	0.33022	0.01887	0.02500	0.01256	0.47410	0.01636	0.01161	0.01636	0.00992	0.01266	0.00728	0.00454	0.00559	0.00169	0.00823	0.00517	0.00243	0.00718
34	0.00630	0.00450	0.00599	0.00711	0.00745	0.00420	0.00477	0.00726	0.01004	0.01344	0.06262	0.78102	0.03459	0.01582	0.00653	0.00206	0.00295	0.01435	0.00480	0.00420
35	0.01029	0.02654	0.79309	0.01462	0.02221	0.01192	0.01896	0.01625	0.01083	0.01625	0.00921	0.01083	0.00650	0.00487	0.00487	0.00162	0.00758	0.00379	0.00217	0.00758
36	0.01951	0.01437	0.01540	0.01181	0.01591	0.01591	0.00975	0.77056	0.02412	0.03234	0.01232	0.01232	0.00873	0.00616	0.00513	0.00154	0.00565	0.00462	0.00513	0.00873
37	0.01372	0.82276	0.02689	0.00878	0.01317	0.02030	0.00878	0.01536	0.01043	0.01207	0.00713	0.00823	0.00658	0.00439	0.00329	0.00110	0.00549	0.00274	0.00219	0.00658
38	0.01247	0.01284	0.02454	0.02761	0.48850	0.01250	0.31194	0.01602	0.01185	0.01663	0.00994	0.01315	0.00799	0.00447	0.00546	0.00160	0.00710	0.00516	0.00256	0.00765
39	0.01372	0.82276	0.02689	0.00878	0.01317	0.02030	0.00878	0.01536	0.01043	0.01207	0.00713	0.00823	0.00658	0.00439	0.00329	0.00110	0.00549	0.00274	0.00219	0.00658
40	0.00969	0.00912	0.01539	0.80734	0.03534	0.01140	0.01425	0.01311	0.01026	0.01311	0.00912	0.01368	0.00684	0.00513	0.00513	0.00171	0.00684	0.00456	0.00228	0.00570
41	0.00615	0.00486	0.00554	0.00609	0.00716	0.00426	0.00429	0.00726	0.01084	0.01351	0.04112	0.40068	0.44129	0.01441	0.00629	0.00189	0.00277	0.01255	0.00476	0.00426
42	0.00625	0.00447	0.00595	0.00714	0.00744	0.00417	0.00476	0.00714	0.00982	0.01310	0.02828	0.81633	0.03394	0.01608	0.00655	0.00208	0.00298	0.01459	0.00476	0.00417
43	0.00625	0.00447	0.00595	0.00714	0.00744	0.00417	0.00476	0.00714	0.00982	0.01310	0.02828	0.81633	0.03394	0.01608	0.00655	0.00208	0.00298	0.01459	0.00476	0.00417
44	0.00661	0.00511	0.00535	0.00535	0.00641	0.00458	0.00359	0.00740	0.01003	0.01232	0.03790	0.04317	0.48402	0.33018	0.01395	0.00301	0.00353	0.00951	0.00411	0.00385
45	0.01211	0.01384	0.03028	0.02163	0.02682	0.01298	0.76903	0.01644	0.01211	0.01644	0.01038	0.01384	0.00779	0.00433	0.00606	0.00173	0.00865	0.00606	0.00260	0.00692
46	0.01029	0.02654	0.79309	0.01462	0.02221	0.01192	0.01896	0.01625	0.01083	0.01625	0.00921	0.01083	0.00650	0.00487	0.00487	0.00162	0.00758	0.00379	0.00217	0.00758
47	0.01270	0.01219	0.02083	0.03149	0.78767	0.01219	0.01575	0.01575	0.01168	0.01676	0.00965	0.01270	0.00813	0.00457	0.00508	0.00152	0.00610	0.00457	0.00254	0.00813
48	0.01124	0.02090	0.48943	0.02126	0.32319	0.01202	0.01770	0.01605	0.01117	0.01645	0.00938	0.01157	0.00714	0.00476	0.00496	0.00159	0.00700	0.00410	0.00231	0.00780
49	0.01243	0.01295	0.02516	0.02697	0.43916	0.01255	0.36079	0.01606	0.01188	0.01661	0.00999	0.01322	0.00797	0.00446	0.00553	0.00162	0.00727	0.00525	0.00257	0.00757
50	0.00637	0.00453	0.00601	0.00708	0.00738	0.00429	0.00471	0.00723	0.00962	0.01286	0.02702	0.73934	0.03225	0.06892	0.03394	0.00247	0.00346	0.01383	0.00459	0.00411
51	0.00625	0.00447	0.00595	0.00714	0.00744	0.00417	0.00476	0.00714	0.00982	0.01310	0.02828	0.81633	0.03394	0.01608	0.00655	0.00208	0.00298	0.01459	0.00476	0.00417
52	0.01326	0.01495	0.01139	0.01184	0.06244	0.38580	0.00815	0.01536	0.06077	0.01361	0.01686	0.32745	0.01803	0.00959	0.00545	0.00166	0.00625	0.00798	0.00363	0.00553
53	0.01168	0.35008	0.48175	0.01225	0.01854	0.01532	0.01482	0.01589	0.01067	0.01455	0.00837	0.00978	0.00653	0.00468	0.00423	0.00141	0.00673	0.00337	0.00218	0.00718
54	0.00668	0.00487	0.00686	0.00758	0.00812	0.00505	0.00541	0.00794	0.00920	0.01263	0.02256	0.50327	0.02564	0.02489	0.31828	0.00451	0.00721	0.01101	0.00397	0.00433
55	0.01483	0.01743	0.01493	0.37696	0.02478	0.43828	0.01190	0.01711	0.01258	0.01281	0.00848	0.01128	0.00671	0.00522	0.00486	0.00150	0.00815	0.00388	0.00248	0.00583
56	0.01951	0.01437	0.01540	0.01181	0.01591	0.01591	0.00975	0.77056	0.02412	0.03234	0.01232	0.01232	0.00873	0.00616	0.00513	0.00154	0.00565	0.00462	0.00513	0.00873
57	0.00606	0.00520	0.00520	0.00520	0.00693	0.00433	0.00390	0.00736	0.01170	0.01386	0.05198	0.04938	0.78558	0.01299	0.00606	0.00173	0.00260	0.01083	0.00476	0.00433
58	0.01702	0.01308	0.01401	0.01115	0.01494	0.01443	0.00905	0.51074	0.23705	0.02824	0.01454	0.01414	0.01062	0.00623	0.00507	0.00155	0.00508	0.00485	0.00502	0.06317
59	0.00937	0.00685	0.00848	0.00765	0.01003	0.00577	0.00578	0.01131	0.02715	0.06546	0.03259	0.34854	0.03386	0.01014	0.00537	0.00153	0.00353	0.06478	0.00421	0.33760
