[name]
unknown

[dist]
# distance from previous block
# <min> <max>
0	548

[block]
# block no. 0 follows, 48 sequences, length 10
# corresponding to MSA columns:
# 671-680
name=unknown_A
#
# <colnr> <probs for GDERKNQSTAVLIFYWHMCP>
#	G	D	E	R	K	N	Q	S	T	A	V	L	I	F	Y	W	H	M	C	P
0	0.04808	0.00859	0.00985	0.00754	0.01134	0.00703	0.00597	0.01315	0.04619	0.01723	0.05967	0.01566	0.01190	0.03558	0.00494	0.00113	0.00377	0.03341	0.02846	0.63052
1	0.01082	0.01024	0.04968	0.61776	0.03045	0.01158	0.01336	0.07179	0.01144	0.03908	0.01127	0.01484	0.03737	0.00572	0.00570	0.00171	0.04364	0.00479	0.00272	0.00606
2	0.01064	0.00912	0.01064	0.00760	0.01216	0.00684	0.00608	0.01292	0.01064	0.01672	0.00912	0.01064	0.00760	0.00380	0.00380	0.00076	0.00380	0.00304	0.00304	0.85104
3	0.01064	0.00912	0.01064	0.00760	0.01216	0.00684	0.00608	0.01292	0.01064	0.01672	0.00912	0.01064	0.00760	0.00380	0.00380	0.00076	0.00380	0.00304	0.00304	0.85104
4	0.01064	0.00912	0.01064	0.00760	0.01216	0.00684	0.00608	0.01292	0.01064	0.01672	0.00912	0.01064	0.00760	0.00380	0.00380	0.00076	0.00380	0.00304	0.00304	0.85104
5	0.01270	0.01219	0.02083	0.03149	0.78767	0.01219	0.01575	0.01575	0.01168	0.01676	0.00965	0.01270	0.00813	0.00457	0.00508	0.00152	0.00610	0.00457	0.00254	0.00813
6	0.01322	0.01316	0.01025	0.00948	0.01121	0.32161	0.00700	0.01449	0.01162	0.07353	0.05250	0.02101	0.06104	0.17750	0.17661	0.00358	0.00821	0.00551	0.00333	0.00515
7	0.00720	0.00576	0.00658	0.00610	0.00794	0.00492	0.00462	0.00896	0.01222	0.01617	0.26810	0.04037	0.38722	0.05048	0.00678	0.00175	0.00291	0.03925	0.00472	0.11795
8	0.00969	0.00912	0.01539	0.80734	0.03534	0.01140	0.01425	0.01311	0.01026	0.01311	0.00912	0.01368	0.00684	0.00513	0.00513	0.00171	0.00684	0.00456	0.00228	0.00570
9	0.00981	0.00929	0.01542	0.74499	0.03362	0.01174	0.01401	0.01305	0.01007	0.01305	0.00893	0.01349	0.00683	0.00543	0.00605	0.00175	0.06994	0.00455	0.00228	0.00569

[dist]
# distance from previous block
# <min> <max>
0	3

[block]
# block no. 1 follows, 48 sequences, length 9
# corresponding to MSA columns:
# 684-692
name=unknown_B
#
# <colnr> <probs for GDERKNQSTAVLIFYWHMCP>
#	G	D	E	R	K	N	Q	S	T	A	V	L	I	F	Y	W	H	M	C	P
0	0.00726	0.00524	0.00686	0.00646	0.00767	0.00484	0.00484	0.00968	0.01452	0.02058	0.78496	0.03833	0.04841	0.01049	0.00605	0.00161	0.00242	0.00928	0.00565	0.00484
1	0.01116	0.07925	0.70217	0.01395	0.02114	0.01226	0.01770	0.01663	0.01100	0.05500	0.00962	0.01099	0.00682	0.00492	0.00478	0.00159	0.00728	0.00379	0.00238	0.00757
2	0.01064	0.00912	0.01064	0.00760	0.01216	0.00684	0.00608	0.01292	0.01064	0.01672	0.00912	0.01064	0.00760	0.00380	0.00380	0.00076	0.00380	0.00304	0.00304	0.85104
3	0.01064	0.00912	0.01064	0.00760	0.01216	0.00684	0.00608	0.01292	0.01064	0.01672	0.00912	0.01064	0.00760	0.00380	0.00380	0.00076	0.00380	0.00304	0.00304	0.85104
4	0.01185	0.01013	0.01078	0.00976	0.01243	0.01151	0.00757	0.02443	0.66059	0.02096	0.09899	0.02270	0.06051	0.00764	0.00535	0.00173	0.00382	0.00642	0.00524	0.00759
5	0.00652	0.00522	0.00583	0.00568	0.00721	0.00453	0.00426	0.00824	0.01277	0.01641	0.33036	0.04518	0.50562	0.01204	0.00606	0.00169	0.00253	0.01024	0.00510	0.00453
6	0.01064	0.00912	0.01064	0.00760	0.01216	0.00684	0.00608	0.01292	0.01064	0.01672	0.00912	0.01064	0.00760	0.00380	0.00380	0.00076	0.00380	0.00304	0.00304	0.85104
7	0.24888	0.01246	0.01168	0.00966	0.01307	0.08170	0.00780	0.28474	0.10289	0.10143	0.01499	0.01478	0.06214	0.00628	0.00462	0.00157	0.00498	0.00461	0.00448	0.00724
8	0.01259	0.01096	0.01854	0.01438	0.01796	0.01080	0.31747	0.14433	0.06569	0.06031	0.01743	0.12212	0.03940	0.00780	0.00591	0.00178	0.00610	0.09210	0.00401	0.03032

[dist]
# distance from previous block
# <min> <max>
8	36

[block]
# block no. 2 follows, 48 sequences, length 11
# corresponding to MSA columns:
# 732-742
name=unknown_C
#
# <colnr> <probs for GDERKNQSTAVLIFYWHMCP>
#	G	D	E	R	K	N	Q	S	T	A	V	L	I	F	Y	W	H	M	C	P
0	0.06756	0.14086	0.01477	0.00973	0.01330	0.01334	0.00818	0.34053	0.02985	0.07504	0.03545	0.01594	0.03146	0.04296	0.00597	0.00161	0.02670	0.02995	0.00424	0.09258
1	0.09864	0.22213	0.21984	0.01068	0.01556	0.01395	0.01095	0.12354	0.08188	0.11084	0.01127	0.01166	0.00834	0.00525	0.00437	0.00145	0.00559	0.00386	0.00349	0.03672
2	0.13377	0.01276	0.05310	0.01018	0.01396	0.01299	0.00867	0.45352	0.05229	0.02693	0.06597	0.01605	0.06151	0.00655	0.00490	0.00154	0.00493	0.00500	0.00461	0.05076
3	0.10255	0.00956	0.01088	0.00890	0.03840	0.00853	0.00682	0.07503	0.06325	0.04579	0.02879	0.03461	0.01033	0.00513	0.00422	0.00112	0.00405	0.02083	0.00361	0.51759
4	0.27179	0.04790	0.01305	0.00984	0.01362	0.01386	0.00817	0.40957	0.04825	0.09938	0.01162	0.01169	0.00833	0.00571	0.00447	0.00155	0.00495	0.00408	0.00453	0.00765
5	0.05445	0.01806	0.01415	0.01184	0.01513	0.35460	0.00933	0.37447	0.01863	0.02269	0.01042	0.01117	0.00790	0.00571	0.00475	0.00143	0.00697	0.00398	0.04712	0.00719
6	0.01841	0.01383	0.01478	0.01158	0.01549	0.01540	0.00949	0.64931	0.14717	0.03056	0.01372	0.01343	0.00986	0.00629	0.00515	0.00157	0.00539	0.00481	0.00515	0.00863
7	0.00625	0.00447	0.00595	0.00714	0.00744	0.00417	0.00476	0.00714	0.00982	0.01310	0.02828	0.81633	0.03394	0.01608	0.00655	0.00208	0.00298	0.01459	0.00476	0.00417
8	0.01085	0.15642	0.66810	0.01367	0.02073	0.01328	0.01730	0.01611	0.01077	0.01557	0.00887	0.01041	0.00651	0.00480	0.00462	0.00154	0.00724	0.00362	0.00217	0.00742
9	0.00930	0.00853	0.01422	0.67699	0.03107	0.01059	0.01297	0.01247	0.00993	0.01291	0.00987	0.01474	0.00782	0.01057	0.13469	0.00278	0.00797	0.00471	0.00236	0.00552
10	0.01867	0.02293	0.01467	0.01314	0.01571	0.69659	0.00999	0.06865	0.01472	0.01383	0.00814	0.00958	0.00676	0.00559	0.00546	0.00140	0.06182	0.00347	0.00278	0.00611

[dist]
# distance from previous block
# <min> <max>
0	2

[block]
# block no. 3 follows, 48 sequences, length 18
# corresponding to MSA columns:
# 745-762
name=unknown_D
#
# <colnr> <probs for GDERKNQSTAVLIFYWHMCP>
#	G	D	E	R	K	N	Q	S	T	A	V	L	I	F	Y	W	H	M	C	P
0	0.00748	0.00632	0.00825	0.00997	0.13600	0.00575	0.00615	0.00934	0.01233	0.01605	0.23437	0.08176	0.42505	0.01112	0.00592	0.00169	0.00315	0.00960	0.00463	0.00508
1	0.01236	0.01168	0.01915	0.02755	0.65968	0.01131	0.01415	0.01528	0.01151	0.01676	0.00956	0.01236	0.00804	0.00444	0.00487	0.00140	0.00572	0.00432	0.00262	0.14724
2	0.01184	0.00924	0.01082	0.00796	0.01233	0.00739	0.00637	0.01510	0.07433	0.08102	0.01101	0.01190	0.00869	0.00427	0.00403	0.00091	0.00387	0.00344	0.00349	0.71198
3	0.01879	0.01315	0.01441	0.01114	0.01500	0.01431	0.00916	0.64625	0.02255	0.09399	0.07673	0.01489	0.01233	0.00653	0.00521	0.00155	0.00527	0.00505	0.00528	0.00841
4	0.01320	0.35628	0.38276	0.01155	0.01738	0.01490	0.01339	0.01690	0.01111	0.10480	0.00963	0.01052	0.00726	0.00484	0.00425	0.00140	0.00633	0.00351	0.00267	0.00730
5	0.00614	0.00519	0.00533	0.00542	0.00707	0.00437	0.00407	0.00746	0.01162	0.01387	0.05016	0.08341	0.72883	0.01317	0.00612	0.00177	0.00268	0.03422	0.00476	0.00434
6	0.00694	0.00515	0.00709	0.00763	0.00808	0.00548	0.00542	0.00806	0.00899	0.01237	0.02143	0.44564	0.02439	0.10203	0.26612	0.00437	0.04221	0.01049	0.00384	0.00426
7	0.00969	0.00912	0.01539	0.80734	0.03534	0.01140	0.01425	0.01311	0.01026	0.01311	0.00912	0.01368	0.00684	0.00513	0.00513	0.00171	0.00684	0.00456	0.00228	0.00570
8	0.01244	0.01369	0.02847	0.02054	0.02531	0.01332	0.67582	0.05646	0.01246	0.01700	0.01023	0.01358	0.00776	0.00475	0.00675	0.00176	0.06416	0.00587	0.00271	0.00693
9	0.01220	0.01168	0.01993	0.15953	0.66351	0.01206	0.01550	0.01531	0.01145	0.01616	0.00956	0.01286	0.00792	0.00466	0.00509	0.00155	0.00622	0.00457	0.00250	0.00773
10	0.01951	0.01437	0.01540	0.01181	0.01591	0.01591	0.00975	0.77056	0.02412	0.03234	0.01232	0.01232	0.00873	0.00616	0.00513	0.00154	0.00565	0.00462	0.00513	0.00873
11	0.01847	0.01376	0.01484	0.01132	0.01547	0.01486	0.00932	0.68228	0.02255	0.03052	0.01195	0.01212	0.00859	0.00588	0.00498	0.00145	0.00543	0.00444	0.00489	0.10687
12	0.01195	0.41270	0.42149	0.01179	0.01782	0.01598	0.01402	0.01582	0.01064	0.01422	0.00820	0.00957	0.00654	0.00464	0.00411	0.00137	0.00657	0.00328	0.00218	0.00710
13	0.01877	0.01638	0.01533	0.01215	0.01598	0.19388	0.02901	0.53979	0.02091	0.02659	0.01110	0.01157	0.00816	0.00579	0.00497	0.00145	0.00645	0.00427	0.00439	0.05307
14	0.00747	0.00537	0.00692	0.00775	0.00843	0.00525	0.00553	0.06512	0.01112	0.01480	0.02695	0.67211	0.03155	0.01512	0.00650	0.00207	0.00337	0.09521	0.00479	0.00457
15	0.01250	0.54016	0.29883	0.01085	0.01638	0.01733	0.01239	0.01568	0.01057	0.01355	0.00787	0.00915	0.00655	0.00456	0.00385	0.00128	0.00623	0.00312	0.00218	0.00694
16	0.13446	0.00879	0.00970	0.00813	0.01079	0.00905	0.00650	0.21650	0.01601	0.11644	0.30110	0.02559	0.09974	0.00825	0.00528	0.00160	0.00376	0.00675	0.00515	0.00641
17	0.01256	0.01205	0.02058	0.06686	0.75337	0.01216	0.01568	0.01563	0.01162	0.01660	0.00963	0.01274	0.00807	0.00460	0.00508	0.00153	0.00613	0.00457	0.00253	0.00802

[dist]
# distance from previous block
# <min> <max>
25	61

[block]
# block no. 4 follows, 48 sequences, length 9
# corresponding to MSA columns:
# 838-846
name=unknown_E
#
# <colnr> <probs for GDERKNQSTAVLIFYWHMCP>
#	G	D	E	R	K	N	Q	S	T	A	V	L	I	F	Y	W	H	M	C	P
0	0.13240	0.01353	0.01406	0.01102	0.01492	0.01509	0.00907	0.61544	0.07553	0.03030	0.01223	0.01226	0.00879	0.00603	0.00487	0.00156	0.00531	0.00445	0.00487	0.00825
1	0.21383	0.01125	0.01083	0.00852	0.01243	0.07106	0.00682	0.10365	0.06367	0.02004	0.00972	0.01075	0.00771	0.00463	0.00397	0.00116	0.00450	0.00337	0.00343	0.42866
2	0.24555	0.01072	0.01056	0.00909	0.01224	0.01204	0.00725	0.13894	0.35239	0.02318	0.01481	0.01461	0.01116	0.00598	0.00445	0.00157	0.00416	0.00456	0.06165	0.05508
3	0.67937	0.01016	0.00877	0.00748	0.01084	0.01140	0.00617	0.08214	0.01081	0.11946	0.00923	0.00982	0.00672	0.00508	0.00359	0.00158	0.00416	0.00324	0.00374	0.00623
4	0.01951	0.01437	0.01540	0.01181	0.01591	0.01591	0.00975	0.77056	0.02412	0.03234	0.01232	0.01232	0.00873	0.00616	0.00513	0.00154	0.00565	0.00462	0.00513	0.00873
5	0.00635	0.00451	0.00593	0.00702	0.00730	0.00423	0.00463	0.00717	0.00964	0.01285	0.02732	0.75404	0.03272	0.08002	0.00811	0.00231	0.00314	0.01402	0.00463	0.00408
6	0.75176	0.01173	0.00841	0.00755	0.01066	0.10955	0.00610	0.01576	0.00946	0.02172	0.00724	0.00845	0.00569	0.00483	0.00336	0.00155	0.00463	0.00284	0.00311	0.00561
7	0.01174	0.01065	0.01701	0.48307	0.25724	0.01216	0.01417	0.10253	0.01231	0.01645	0.00965	0.01323	0.00744	0.00508	0.00512	0.00163	0.00648	0.00457	0.00269	0.00678
8	0.05971	0.01008	0.01095	0.10277	0.01476	0.03956	0.00814	0.02115	0.44760	0.04625	0.08332	0.02242	0.07791	0.00749	0.00525	0.00171	0.00435	0.02489	0.00469	0.00698

[dist]
# distance from previous block
# <min> <max>
5	47

[block]
# block no. 5 follows, 48 sequences, length 11
# corresponding to MSA columns:
# 902-912
name=unknown_F
#
# <colnr> <probs for GDERKNQSTAVLIFYWHMCP>
#	G	D	E	R	K	N	Q	S	T	A	V	L	I	F	Y	W	H	M	C	P
0	0.01830	0.21609	0.04904	0.01080	0.01496	0.08484	0.00949	0.34868	0.01759	0.16395	0.01196	0.01191	0.00864	0.00562	0.00462	0.00142	0.00577	0.00410	0.00428	0.00790
1	0.01974	0.01400	0.01517	0.01163	0.01572	0.01535	0.00961	0.72088	0.02350	0.08291	0.01285	0.01266	0.00899	0.00617	0.00513	0.00154	0.00556	0.00466	0.00521	0.00873
2	0.01531	0.01189	0.01315	0.00982	0.01414	0.01162	0.00802	0.41232	0.01775	0.02495	0.01081	0.01153	0.00819	0.00504	0.00450	0.00117	0.00477	0.00387	0.00414	0.40700
3	0.01192	0.01015	0.01090	0.01008	0.01265	0.01161	0.00781	0.02453	0.66743	0.02037	0.02190	0.09641	0.01808	0.00818	0.00544	0.00180	0.00399	0.04400	0.00515	0.00758
4	0.55739	0.01221	0.01029	0.00865	0.01206	0.06726	0.00707	0.23282	0.01356	0.02498	0.00869	0.00954	0.00654	0.00520	0.00384	0.00156	0.00482	0.00334	0.00370	0.00650
5	0.01951	0.01437	0.01540	0.01181	0.01591	0.01591	0.00975	0.77056	0.02412	0.03234	0.01232	0.01232	0.00873	0.00616	0.00513	0.00154	0.00565	0.00462	0.00513	0.00873
6	0.00644	0.00460	0.00617	0.00736	0.00774	0.00433	0.00509	0.00747	0.01001	0.01331	0.02818	0.74466	0.03352	0.01590	0.00660	0.00211	0.00314	0.08438	0.00476	0.00422
7	0.22166	0.19022	0.43592	0.01143	0.01724	0.01358	0.01347	0.01577	0.01022	0.01706	0.00826	0.00966	0.00628	0.00474	0.00412	0.00150	0.00624	0.00332	0.00242	0.00687
8	0.01243	0.01192	0.02034	0.10109	0.72018	0.01212	0.01561	0.01551	0.01156	0.01644	0.00960	0.01279	0.00801	0.00462	0.00508	0.00154	0.00616	0.00457	0.00252	0.00791
9	0.01128	0.00920	0.01442	0.09030	0.37475	0.00911	0.01119	0.01383	0.01203	0.08358	0.07370	0.02640	0.15589	0.00773	0.00555	0.00168	0.00497	0.08401	0.00370	0.00669
10	0.05762	0.05757	0.03775	0.01185	0.01549	0.25847	0.00972	0.39260	0.07051	0.02355	0.01095	0.01140	0.00822	0.00575	0.00479	0.00147	0.00663	0.00409	0.00404	0.00754

[dist]
# distance from previous block
# <min> <max>
1	28

[block]
# block no. 6 follows, 48 sequences, length 11
# corresponding to MSA columns:
# 942-952
name=unknown_G
#
# <colnr> <probs for GDERKNQSTAVLIFYWHMCP>
#	G	D	E	R	K	N	Q	S	T	A	V	L	I	F	Y	W	H	M	C	P
0	0.05539	0.01175	0.01654	0.29812	0.02360	0.08579	0.15482	0.05469	0.01170	0.01607	0.00943	0.01239	0.00733	0.00487	0.00515	0.00147	0.02679	0.00433	0.02208	0.17769
1	0.01536	0.01305	0.01371	0.01129	0.01391	0.08993	0.00914	0.37382	0.07015	0.02346	0.09706	0.01685	0.04987	0.00750	0.00761	0.00169	0.16873	0.00535	0.00435	0.00715
2	0.00862	0.00551	0.00718	0.00670	0.00813	0.00502	0.00504	0.01081	0.01400	0.09331	0.60976	0.10005	0.08474	0.01069	0.00601	0.00166	0.00266	0.00940	0.00559	0.00513
3	0.69691	0.16339	0.01119	0.00713	0.01054	0.01317	0.00617	0.01514	0.00905	0.02095	0.00714	0.00832	0.00575	0.00469	0.00320	0.00150	0.00426	0.00277	0.00299	0.00575
4	0.01951	0.01437	0.01540	0.01181	0.01591	0.01591	0.00975	0.77056	0.02412	0.03234	0.01232	0.01232	0.00873	0.00616	0.00513	0.00154	0.00565	0.00462	0.00513	0.00873
5	0.01253	0.01202	0.02052	0.07582	0.74468	0.01215	0.01566	0.01560	0.01160	0.01655	0.00962	0.01276	0.00805	0.00460	0.00508	0.00153	0.00614	0.00457	0.00253	0.00799
6	0.01029	0.02654	0.79309	0.01462	0.02221	0.01192	0.01896	0.01625	0.01083	0.01625	0.00921	0.01083	0.00650	0.00487	0.00487	0.00162	0.00758	0.00379	0.00217	0.00758
7	0.01951	0.01437	0.01540	0.01181	0.01591	0.01591	0.00975	0.77056	0.02412	0.03234	0.01232	0.01232	0.00873	0.00616	0.00513	0.00154	0.00565	0.00462	0.00513	0.00873
8	0.00623	0.00453	0.00588	0.00696	0.00739	0.00418	0.00468	0.00717	0.01000	0.01317	0.03053	0.74348	0.10533	0.01578	0.00650	0.00205	0.00294	0.01423	0.00476	0.00418
9	0.01989	0.01118	0.01255	0.01018	0.01363	0.08472	0.00822	0.07775	0.15723	0.47943	0.01793	0.01631	0.01208	0.00649	0.00572	0.00162	0.04637	0.00503	0.00549	0.00819
10	0.09208	0.01399	0.01472	0.01137	0.01539	0.01553	0.00939	0.70501	0.02279	0.03153	0.01187	0.01197	0.00845	0.00604	0.00496	0.00154	0.00550	0.00446	0.00496	0.00845

[dist]
# distance from previous block
# <min> <max>
6	28

[block]
# block no. 7 follows, 48 sequences, length 16
# corresponding to MSA columns:
# 981-996
name=unknown_H
#
# <colnr> <probs for GDERKNQSTAVLIFYWHMCP>
#	G	D	E	R	K	N	Q	S	T	A	V	L	I	F	Y	W	H	M	C	P
0	0.00606	0.00520	0.00520	0.00520	0.00693	0.00433	0.00390	0.00736	0.01170	0.01386	0.05198	0.04938	0.78558	0.01299	0.00606	0.00173	0.00260	0.01083	0.00476	0.00433
1	0.01270	0.01219	0.02083	0.03149	0.78767	0.01219	0.01575	0.01575	0.01168	0.01676	0.00965	0.01270	0.00813	0.00457	0.00508	0.00152	0.00610	0.00457	0.00254	0.00813
2	0.01951	0.01437	0.01540	0.01181	0.01591	0.01591	0.00975	0.77056	0.02412	0.03234	0.01232	0.01232	0.00873	0.00616	0.00513	0.00154	0.00565	0.00462	0.00513	0.00873
3	0.00735	0.00542	0.00783	0.00783	0.00861	0.00619	0.00590	0.00890	0.00812	0.01160	0.01412	0.02226	0.01374	0.16057	0.67850	0.00773	0.01237	0.00580	0.00281	0.00435
4	0.01029	0.02654	0.79309	0.01462	0.02221	0.01192	0.01896	0.01625	0.01083	0.01625	0.00921	0.01083	0.00650	0.00487	0.00487	0.00162	0.00758	0.00379	0.00217	0.00758
5	0.01951	0.01437	0.01540	0.01181	0.01591	0.01591	0.00975	0.77056	0.02412	0.03234	0.01232	0.01232	0.00873	0.00616	0.00513	0.00154	0.00565	0.00462	0.00513	0.00873
6	0.00676	0.00523	0.00616	0.00593	0.00736	0.00463	0.00445	0.00871	0.01334	0.01777	0.47877	0.04295	0.35635	0.01154	0.00606	0.00166	0.00250	0.00993	0.00528	0.00463
7	0.01951	0.01437	0.01540	0.01181	0.01591	0.01591	0.00975	0.77056	0.02412	0.03234	0.01232	0.01232	0.00873	0.00616	0.00513	0.00154	0.00565	0.00462	0.00513	0.00873
8	0.01951	0.01437	0.01540	0.01181	0.01591	0.01591	0.00975	0.77056	0.02412	0.03234	0.01232	0.01232	0.00873	0.00616	0.00513	0.00154	0.00565	0.00462	0.00513	0.00873
9	0.00624	0.00450	0.00592	0.00705	0.00742	0.00418	0.00472	0.00716	0.00991	0.01314	0.02943	0.77923	0.07029	0.01593	0.00653	0.00207	0.00296	0.01441	0.00476	0.00418
10	0.12093	0.01383	0.01445	0.01119	0.01519	0.01538	0.00924	0.67894	0.02226	0.03121	0.01169	0.01184	0.00834	0.00599	0.00490	0.00155	0.00544	0.00440	0.00490	0.00834
11	0.01951	0.01437	0.01540	0.01181	0.01591	0.01591	0.00975	0.77056	0.02412	0.03234	0.01232	0.01232	0.00873	0.00616	0.00513	0.00154	0.00565	0.00462	0.00513	0.00873
12	0.01308	0.67554	0.16856	0.00986	0.01484	0.01875	0.01066	0.01553	0.01050	0.01284	0.00752	0.00871	0.00657	0.00448	0.00358	0.00119	0.00587	0.00294	0.00219	0.00677
13	0.08049	0.01288	0.01353	0.01058	0.01426	0.01424	0.00869	0.62240	0.02136	0.03004	0.01247	0.01285	0.00903	0.00603	0.00480	0.00150	0.00513	0.00450	0.10722	0.00801
14	0.01492	0.00764	0.01049	0.01019	0.06883	0.00706	0.00762	0.01758	0.04253	0.35650	0.16336	0.03127	0.06691	0.00901	0.00577	0.00176	0.00410	0.16213	0.00547	0.00686
15	0.01110	0.01055	0.01767	0.31404	0.45375	0.01132	0.01432	0.01416	0.01116	0.01521	0.01260	0.01579	0.06546	0.00540	0.00517	0.00161	0.00611	0.00503	0.00261	0.00696

[dist]
# distance from previous block
# <min> <max>
2	23

[block]
# block no. 8 follows, 48 sequences, length 25
# corresponding to MSA columns:
# 1020-1044
name=unknown_I
#
# <colnr> <probs for GDERKNQSTAVLIFYWHMCP>
#	G	D	E	R	K	N	Q	S	T	A	V	L	I	F	Y	W	H	M	C	P
0	0.01463	0.00959	0.01181	0.02530	0.07287	0.04333	0.03723	0.13611	0.03706	0.23598	0.07157	0.05377	0.21191	0.00835	0.00550	0.00163	0.00450	0.00703	0.00494	0.00689
1	0.01218	0.36862	0.42736	0.01205	0.01803	0.05238	0.01416	0.01607	0.01083	0.01428	0.00826	0.00964	0.00654	0.00469	0.00418	0.00138	0.00676	0.00332	0.00220	0.00708
2	0.01672	0.01912	0.01863	0.01504	0.01846	0.42347	0.21240	0.11970	0.03471	0.01660	0.00964	0.01140	0.00757	0.00532	0.00546	0.00150	0.03377	0.00435	0.01953	0.00660
3	0.01061	0.10079	0.72164	0.01408	0.02136	0.01270	0.01801	0.01617	0.01080	0.01586	0.00901	0.01059	0.00651	0.00483	0.00473	0.00158	0.00739	0.00369	0.00217	0.00749
4	0.01087	0.00993	0.01260	0.00987	0.01267	0.01027	0.00807	0.01270	0.00957	0.01503	0.00820	0.01087	0.00727	0.00580	0.00883	0.00133	0.31522	0.00360	0.00273	0.52458
5	0.00716	0.00534	0.00789	0.00807	0.00889	0.00606	0.00616	0.00885	0.00849	0.01210	0.01601	0.14449	0.01612	0.03498	0.67553	0.00728	0.01206	0.00692	0.00306	0.00452
6	0.00733	0.00550	0.00825	0.00825	0.00916	0.00641	0.00641	0.00916	0.00825	0.01191	0.01374	0.02016	0.01283	0.03848	0.79934	0.00825	0.01374	0.00550	0.00275	0.00458
7	0.01372	0.82276	0.02689	0.00878	0.01317	0.02030	0.00878	0.01536	0.01043	0.01207	0.00713	0.00823	0.00658	0.00439	0.00329	0.00110	0.00549	0.00274	0.00219	0.00658
8	0.01516	0.01221	0.01295	0.01093	0.01426	0.01388	0.00870	0.29143	0.51033	0.02533	0.01784	0.01672	0.01320	0.00668	0.00519	0.00167	0.00462	0.00538	0.00519	0.00834
9	0.00726	0.00524	0.00686	0.00646	0.00767	0.00484	0.00484	0.00968	0.01452	0.02058	0.78496	0.03833	0.04841	0.01049	0.00605	0.00161	0.00242	0.00928	0.00565	0.00484
10	0.01064	0.00912	0.01064	0.00760	0.01216	0.00684	0.00608	0.01292	0.01064	0.01672	0.00912	0.01064	0.00760	0.00380	0.00380	0.00076	0.00380	0.00304	0.00304	0.85104
11	0.00834	0.00604	0.00707	0.00775	0.00855	0.04959	0.00550	0.00954	0.01088	0.06651	0.07689	0.60923	0.03159	0.01429	0.00635	0.00200	0.00352	0.06690	0.00481	0.00466
12	0.01272	0.59138	0.24954	0.01048	0.01580	0.01787	0.01174	0.01562	0.01054	0.01329	0.00774	0.00899	0.00656	0.00453	0.00375	0.00125	0.00610	0.00305	0.00219	0.00687
13	0.01827	0.02046	0.01388	0.01230	0.01503	0.57561	0.00939	0.08501	0.05453	0.06702	0.05378	0.01226	0.01003	0.00590	0.00509	0.00142	0.02616	0.00404	0.00340	0.00641
14	0.51199	0.01263	0.01109	0.00928	0.01268	0.12329	0.04617	0.11109	0.01220	0.09400	0.00929	0.01010	0.00688	0.00514	0.00396	0.00155	0.00520	0.00347	0.00361	0.00637
15	0.01333	0.73173	0.11449	0.00945	0.01420	0.01934	0.00994	0.01547	0.01047	0.01255	0.00737	0.00853	0.00658	0.00445	0.00347	0.00116	0.00573	0.00286	0.00219	0.00670
16	0.61194	0.13814	0.01156	0.00784	0.01123	0.06660	0.00664	0.06580	0.01042	0.02122	0.00754	0.00865	0.00600	0.00483	0.00342	0.00149	0.00468	0.00293	0.00312	0.00595
17	0.01162	0.33563	0.49566	0.01236	0.01870	0.01517	0.01501	0.01591	0.01067	0.01463	0.00840	0.00982	0.00653	0.00469	0.00426	0.00142	0.00677	0.00338	0.00218	0.00720
18	0.00736	0.00540	0.00774	0.00774	0.00848	0.00614	0.00578	0.00884	0.00810	0.01154	0.01421	0.02272	0.01394	0.18773	0.65161	0.00762	0.01207	0.00587	0.00282	0.00430
19	0.00726	0.00524	0.00686	0.00646	0.00767	0.00484	0.00484	0.00968	0.01452	0.02058	0.78496	0.03833	0.04841	0.01049	0.00605	0.00161	0.00242	0.00928	0.00565	0.00484
20	0.00738	0.00528	0.00716	0.00716	0.00771	0.00583	0.00507	0.00847	0.00793	0.01111	0.01473	0.02563	0.01521	0.35729	0.48378	0.00691	0.01017	0.00630	0.00290	0.00398
21	0.00635	0.00521	0.00560	0.00550	0.00711	0.00446	0.00413	0.00793	0.01238	0.01549	0.22974	0.04670	0.60681	0.01239	0.00606	0.00170	0.00256	0.01045	0.00498	0.00446
22	0.01223	0.01242	0.02308	0.02489	0.40995	0.01182	0.29391	0.01565	0.01171	0.01664	0.00986	0.01287	0.00794	0.00439	0.00528	0.00151	0.00676	0.00493	0.00262	0.11155
23	0.05665	0.01138	0.01137	0.00864	0.01282	0.10537	0.00688	0.06620	0.01222	0.07154	0.00986	0.01094	0.00780	0.00437	0.00405	0.00098	0.00465	0.00331	0.00337	0.58759
24	0.60989	0.03262	0.00941	0.00772	0.01105	0.06438	0.00634	0.01744	0.01036	0.17561	0.00982	0.01022	0.00708	0.00511	0.00367	0.00156	0.00445	0.00329	0.00375	0.00625

[dist]
# distance from previous block
# <min> <max>
23	49

[block]
# block no. 9 follows, 48 sequences, length 9
# corresponding to MSA columns:
# 1105-1113
name=unknown_J
#
# <colnr> <probs for GDERKNQSTAVLIFYWHMCP>
#	G	D	E	R	K	N	Q	S	T	A	V	L	I	F	Y	W	H	M	C	P
0	0.00948	0.00792	0.01230	0.00994	0.01208	0.00776	0.13470	0.01182	0.01227	0.04367	0.37847	0.02672	0.02810	0.08247	0.00878	0.00191	0.09303	0.00715	0.00423	0.10720
1	0.01164	0.00736	0.00889	0.00833	0.01030	0.00744	0.00627	0.01693	0.23464	0.17234	0.13499	0.28456	0.05374	0.01056	0.00580	0.00180	0.00348	0.00925	0.00534	0.00633
2	0.01223	0.47708	0.35954	0.01132	0.01709	0.01666	0.01320	0.01575	0.01060	0.01389	0.00803	0.00936	0.00655	0.00460	0.00398	0.00133	0.00640	0.00320	0.00218	0.00702
3	0.01085	0.00931	0.01074	0.00788	0.01228	0.00743	0.00628	0.01434	0.08657	0.01719	0.01028	0.01148	0.00840	0.00411	0.00394	0.00086	0.00383	0.00331	0.00326	0.76767
4	0.01029	0.02654	0.79309	0.01462	0.02221	0.01192	0.01896	0.01625	0.01083	0.01625	0.00921	0.01083	0.00650	0.00487	0.00487	0.00162	0.00758	0.00379	0.00217	0.00758
5	0.01951	0.01437	0.01540	0.01181	0.01591	0.01591	0.00975	0.77056	0.02412	0.03234	0.01232	0.01232	0.00873	0.00616	0.00513	0.00154	0.00565	0.00462	0.00513	0.00873
6	0.01064	0.00912	0.01064	0.00760	0.01216	0.00684	0.00608	0.01292	0.01064	0.01672	0.00912	0.01064	0.00760	0.00380	0.00380	0.00076	0.00380	0.00304	0.00304	0.85104
7	0.85592	0.00992	0.00754	0.00675	0.00992	0.01151	0.00556	0.01508	0.00873	0.02302	0.00714	0.00834	0.00556	0.00476	0.00318	0.00159	0.00397	0.00278	0.00318	0.00556
8	0.00994	0.00938	0.01585	0.74193	0.09877	0.01147	0.01438	0.01333	0.01038	0.01342	0.00916	0.01360	0.00695	0.00508	0.00513	0.00169	0.00678	0.00456	0.00230	0.00590

[dist]
# distance from previous block
# <min> <max>
0	1

[block]
# block no. 10 follows, 48 sequences, length 11
# corresponding to MSA columns:
# 1115-1125
name=unknown_K
#
# <colnr> <probs for GDERKNQSTAVLIFYWHMCP>
#	G	D	E	R	K	N	Q	S	T	A	V	L	I	F	Y	W	H	M	C	P
0	0.02002	0.01423	0.01480	0.01150	0.01548	0.07033	0.00943	0.60314	0.02200	0.14704	0.01322	0.01289	0.00918	0.00613	0.00510	0.00153	0.00571	0.00461	0.00514	0.00853
1	0.01917	0.02445	0.01454	0.01322	0.01586	0.79907	0.00991	0.02049	0.01454	0.01256	0.00793	0.00925	0.00661	0.00529	0.00463	0.00132	0.00925	0.00330	0.00264	0.00595
2	0.00733	0.00550	0.00825	0.00825	0.00916	0.00641	0.00641	0.00916	0.00825	0.01191	0.01374	0.02016	0.01283	0.03848	0.79934	0.00825	0.01374	0.00550	0.00275	0.00458
3	0.00834	0.00548	0.00721	0.00664	0.00804	0.00503	0.00503	0.01074	0.01454	0.07351	0.73243	0.03690	0.04596	0.01021	0.00599	0.00161	0.00255	0.00900	0.00570	0.00511
4	0.01917	0.02445	0.01454	0.01322	0.01586	0.79907	0.00991	0.02049	0.01454	0.01256	0.00793	0.00925	0.00661	0.00529	0.00463	0.00132	0.00925	0.00330	0.00264	0.00595
5	0.00629	0.00513	0.00530	0.00535	0.00675	0.00442	0.00382	0.00737	0.01096	0.01323	0.04535	0.08403	0.63191	0.13657	0.00916	0.00225	0.00298	0.01050	0.00451	0.00414
6	0.14246	0.45535	0.17617	0.01010	0.01477	0.09872	0.01044	0.01603	0.01068	0.01464	0.00763	0.00888	0.00641	0.00464	0.00373	0.00130	0.00607	0.00302	0.00239	0.00656
7	0.00768	0.00537	0.00760	0.00760	0.00852	0.00610	0.00584	0.00952	0.00860	0.01293	0.01430	0.02057	0.01312	0.06660	0.64484	0.00703	0.01164	0.00547	0.13211	0.00455
8	0.00746	0.00497	0.00560	0.00560	0.00560	0.00497	0.00311	0.00746	0.00746	0.00995	0.01617	0.03358	0.01865	0.81967	0.02612	0.00497	0.00497	0.00746	0.00311	0.00311
9	0.00718	0.00573	0.00655	0.00697	0.00817	0.00554	0.00497	0.01030	0.12807	0.01465	0.03547	0.42514	0.29499	0.01360	0.00618	0.00191	0.00301	0.01192	0.00483	0.00483
10	0.01210	0.01295	0.02368	0.07544	0.07610	0.04260	0.42536	0.03420	0.01142	0.01556	0.01002	0.01456	0.00828	0.00584	0.00820	0.00183	0.18048	0.03219	0.00264	0.00657

[dist]
# distance from previous block
# <min> <max>
0	3

[block]
# block no. 11 follows, 48 sequences, length 7
# corresponding to MSA columns:
# 1129-1135
name=unknown_L
#
# <colnr> <probs for GDERKNQSTAVLIFYWHMCP>
#	G	D	E	R	K	N	Q	S	T	A	V	L	I	F	Y	W	H	M	C	P
0	0.05616	0.01489	0.01139	0.01025	0.01268	0.31851	0.00781	0.18359	0.01510	0.01780	0.01928	0.16457	0.12981	0.00861	0.00524	0.00159	0.00602	0.00679	0.00394	0.00598
1	0.01390	0.01579	0.01600	0.01592	0.13622	0.30102	0.06165	0.01563	0.01159	0.01355	0.01248	0.01479	0.08625	0.00703	0.00869	0.00171	0.25415	0.00482	0.00272	0.00609
2	0.01106	0.20517	0.62120	0.01331	0.02018	0.01380	0.01667	0.01605	0.01074	0.01531	0.00874	0.01025	0.00652	0.00477	0.00452	0.00151	0.00711	0.00356	0.00217	0.00736
3	0.01452	0.01559	0.01285	0.01111	0.01402	0.30280	0.00861	0.02019	0.25373	0.01628	0.01217	0.01286	0.00970	0.00581	0.00573	0.00141	0.07879	0.00414	0.00351	0.19619
4	0.00997	0.00951	0.01545	0.66116	0.03131	0.01219	0.01369	0.01297	0.00982	0.01297	0.00868	0.01323	0.00682	0.00584	0.00729	0.00181	0.15478	0.00455	0.00227	0.00568
5	0.05085	0.01588	0.01456	0.05353	0.01645	0.19092	0.00971	0.46598	0.08882	0.02555	0.01174	0.01216	0.00866	0.00593	0.00495	0.00152	0.00631	0.00436	0.00436	0.00777
6	0.17352	0.01355	0.01395	0.01087	0.01481	0.01510	0.00898	0.63145	0.02129	0.03062	0.01137	0.01159	0.00814	0.00590	0.00477	0.00155	0.00534	0.00428	0.00477	0.00814

[dist]
# distance from previous block
# <min> <max>
0	4

[block]
# block no. 12 follows, 48 sequences, length 9
# corresponding to MSA columns:
# 1140-1148
name=unknown_M
#
# <colnr> <probs for GDERKNQSTAVLIFYWHMCP>
#	G	D	E	R	K	N	Q	S	T	A	V	L	I	F	Y	W	H	M	C	P
0	0.01878	0.01399	0.01540	0.07025	0.01734	0.01558	0.01008	0.71491	0.02311	0.03092	0.01208	0.01242	0.00859	0.00608	0.00513	0.00155	0.00573	0.00462	0.00492	0.00850
1	0.00639	0.00495	0.00584	0.00634	0.00742	0.00441	0.00459	0.00770	0.01125	0.01434	0.11670	0.35211	0.36927	0.01402	0.00631	0.00190	0.00285	0.05442	0.00485	0.00434
2	0.01372	0.82276	0.02689	0.00878	0.01317	0.02030	0.00878	0.01536	0.01043	0.01207	0.00713	0.00823	0.00658	0.00439	0.00329	0.00110	0.00549	0.00274	0.00219	0.00658
3	0.01951	0.01437	0.01540	0.01181	0.01591	0.01591	0.00975	0.77056	0.02412	0.03234	0.01232	0.01232	0.00873	0.00616	0.00513	0.00154	0.00565	0.00462	0.00513	0.00873
4	0.01372	0.82276	0.02689	0.00878	0.01317	0.02030	0.00878	0.01536	0.01043	0.01207	0.00713	0.00823	0.00658	0.00439	0.00329	0.00110	0.00549	0.00274	0.00219	0.00658
5	0.79379	0.01114	0.06525	0.00733	0.01083	0.01154	0.00654	0.01517	0.00889	0.02252	0.00730	0.00852	0.00563	0.00477	0.00330	0.00159	0.00423	0.00285	0.00310	0.00571
6	0.01029	0.02654	0.79309	0.01462	0.02221	0.01192	0.01896	0.01625	0.01083	0.01625	0.00921	0.01083	0.00650	0.00487	0.00487	0.00162	0.00758	0.00379	0.00217	0.00758
7	0.24573	0.00694	0.00818	0.00781	0.00958	0.00773	0.00613	0.01209	0.00912	0.08666	0.01383	0.08969	0.01272	0.02406	0.43125	0.00521	0.00916	0.00554	0.00338	0.00520
8	0.01215	0.45937	0.37658	0.01145	0.01729	0.01648	0.01342	0.01577	0.01061	0.01398	0.00808	0.00942	0.00655	0.00461	0.00401	0.00134	0.00644	0.00322	0.00218	0.00704

[dist]
# distance from previous block
# <min> <max>
0	3

[block]
# block no. 13 follows, 48 sequences, length 12
# corresponding to MSA columns:
# 1152-1163
name=unknown_N
#
# <colnr> <probs for GDERKNQSTAVLIFYWHMCP>
#	G	D	E	R	K	N	Q	S	T	A	V	L	I	F	Y	W	H	M	C	P
0	0.47320	0.01000	0.00957	0.00773	0.01142	0.01033	0.00633	0.08701	0.01140	0.12340	0.00981	0.01044	0.00726	0.00488	0.00376	0.00139	0.00414	0.00332	0.00375	0.20084
1	0.01004	0.00842	0.01001	0.00772	0.01160	0.00652	0.00615	0.01220	0.01067	0.01628	0.01240	0.08767	0.01186	0.00580	0.00433	0.00102	0.00380	0.06823	0.00334	0.70194
2	0.00958	0.00790	0.00945	0.00724	0.01075	0.00621	0.00569	0.01190	0.01186	0.01793	0.25255	0.01933	0.02041	0.00590	0.00451	0.00103	0.00337	0.00500	0.00386	0.58554
3	0.00615	0.00485	0.00556	0.00613	0.00718	0.00425	0.00431	0.00726	0.01079	0.01349	0.04057	0.41852	0.42381	0.01448	0.00630	0.00190	0.00278	0.01264	0.00476	0.00425
4	0.00732	0.00523	0.00718	0.00837	0.00914	0.00509	0.00663	0.00900	0.01088	0.01430	0.02769	0.41304	0.03159	0.01506	0.00684	0.00223	0.00391	0.40729	0.00474	0.00446
5	0.00969	0.00912	0.01539	0.80734	0.03534	0.01140	0.01425	0.01311	0.01026	0.01311	0.00912	0.01368	0.00684	0.00513	0.00513	0.00171	0.00684	0.00456	0.00228	0.00570
6	0.01770	0.00992	0.01175	0.00981	0.01323	0.01025	0.00784	0.02618	0.41082	0.39195	0.02058	0.01834	0.01424	0.00667	0.00519	0.00167	0.00421	0.00549	0.00576	0.00842
7	0.00606	0.00520	0.00520	0.00520	0.00693	0.00433	0.00390	0.00736	0.01170	0.01386	0.05198	0.04938	0.78558	0.01299	0.00606	0.00173	0.00260	0.01083	0.00476	0.00433
8	0.01951	0.01437	0.01540	0.01181	0.01591	0.01591	0.00975	0.77056	0.02412	0.03234	0.01232	0.01232	0.00873	0.00616	0.00513	0.00154	0.00565	0.00462	0.00513	0.00873
9	0.01331	0.13329	0.01722	0.01248	0.01437	0.08906	0.05347	0.01695	0.13501	0.05823	0.01019	0.01239	0.00855	0.00720	0.01050	0.00184	0.39203	0.00446	0.00301	0.00645
10	0.01319	0.70079	0.14426	0.00968	0.01455	0.01902	0.01034	0.01550	0.01049	0.01271	0.00745	0.00863	0.00657	0.00446	0.00353	0.00118	0.00581	0.00290	0.00219	0.00674
11	0.05875	0.20672	0.25072	0.01091	0.01572	0.01369	0.01128	0.01963	0.25160	0.05011	0.01273	0.01296	0.00966	0.00542	0.00447	0.00149	0.00545	0.00414	0.00341	0.05115

[dist]
# distance from previous block
# <min> <max>
1	27

[block]
# block no. 14 follows, 48 sequences, length 6
# corresponding to MSA columns:
# 1191-1196
name=unknown_O
#
# <colnr> <probs for GDERKNQSTAVLIFYWHMCP>
#	G	D	E	R	K	N	Q	S	T	A	V	L	I	F	Y	W	H	M	C	P
0	0.01235	0.01012	0.01173	0.00890	0.01276	0.00928	0.00716	0.18105	0.01340	0.01965	0.01097	0.06557	0.00957	0.00551	0.00516	0.00112	0.05873	0.00427	0.00357	0.54913
1	0.51357	0.01117	0.01000	0.00836	0.01180	0.05649	0.00683	0.12938	0.01256	0.18100	0.01064	0.01085	0.00755	0.00532	0.00395	0.00157	0.00460	0.00357	0.00408	0.00670
2	0.01353	0.00718	0.00912	0.00768	0.01049	0.00605	0.00597	0.01526	0.01236	0.30873	0.06939	0.19935	0.12310	0.00914	0.00537	0.00155	0.00359	0.00783	0.00506	0.17925
3	0.00987	0.17312	0.01104	0.00723	0.00890	0.00882	0.00549	0.07096	0.01080	0.04517	0.02148	0.22325	0.11075	0.25743	0.01163	0.00266	0.00433	0.00836	0.00383	0.00491
4	0.00969	0.00912	0.01539	0.80734	0.03534	0.01140	0.01425	0.01311	0.01026	0.01311	0.00912	0.01368	0.00684	0.00513	0.00513	0.00171	0.00684	0.00456	0.00228	0.00570
5	0.01208	0.01156	0.01971	0.19026	0.63372	0.01203	0.01544	0.01521	0.01139	0.01602	0.00954	0.01290	0.00786	0.00469	0.00509	0.00156	0.00625	0.00457	0.00249	0.00763

[dist]
# distance from previous block
# <min> <max>
0	29

[block]
# block no. 15 follows, 48 sequences, length 81
# corresponding to MSA columns:
# 1226-1306
name=unknown_P
#
# <colnr> <probs for GDERKNQSTAVLIFYWHMCP>
#	G	D	E	R	K	N	Q	S	T	A	V	L	I	F	Y	W	H	M	C	P
0	0.00697	0.00556	0.00730	0.00682	0.00830	0.00498	0.04104	0.00893	0.01292	0.01724	0.41163	0.12449	0.30149	0.01167	0.00611	0.00171	0.00284	0.01023	0.00510	0.00469
1	0.01798	0.01290	0.01377	0.01073	0.01439	0.01421	0.00881	0.65449	0.02208	0.03032	0.01300	0.01336	0.00940	0.00613	0.00490	0.00149	0.00515	0.00464	0.13412	0.00812
2	0.53788	0.01424	0.01030	0.00904	0.01219	0.21710	0.00719	0.10697	0.01209	0.02141	0.00797	0.00905	0.00621	0.00507	0.00379	0.00151	0.00555	0.00314	0.00327	0.00604
3	0.04818	0.01683	0.01341	0.01136	0.01465	0.36778	0.00889	0.12552	0.06707	0.25620	0.01317	0.01284	0.00935	0.00583	0.00485	0.00147	0.00672	0.00421	0.00432	0.00732
4	0.01841	0.01414	0.01556	0.01247	0.01608	0.21554	0.13054	0.05806	0.11645	0.31052	0.01531	0.02974	0.01093	0.00600	0.00520	0.00157	0.00632	0.00506	0.00454	0.00755
5	0.00969	0.00912	0.01539	0.80734	0.03534	0.01140	0.01425	0.01311	0.01026	0.01311	0.00912	0.01368	0.00684	0.00513	0.00513	0.00171	0.00684	0.00456	0.00228	0.00570
6	0.59726	0.12970	0.01148	0.00810	0.01136	0.14175	0.00674	0.01601	0.00993	0.01973	0.00727	0.00847	0.00588	0.00480	0.00343	0.00147	0.00505	0.00286	0.00295	0.00577
7	0.01901	0.01126	0.01241	0.01018	0.01370	0.06949	0.00820	0.12445	0.23519	0.39425	0.01859	0.01749	0.01292	0.00659	0.00517	0.00162	0.00482	0.02084	0.00555	0.00826
8	0.01016	0.00940	0.01433	0.02027	0.44336	0.00917	0.01086	0.01310	0.04834	0.01589	0.02605	0.02773	0.29010	0.00804	0.00551	0.00164	0.00469	0.03115	0.00354	0.00665
9	0.00606	0.00520	0.00520	0.00520	0.00693	0.00433	0.00390	0.00736	0.01170	0.01386	0.05198	0.04938	0.78558	0.01299	0.00606	0.00173	0.00260	0.01083	0.00476	0.00433
10	0.01095	0.01117	0.01528	0.70143	0.03274	0.11645	0.01367	0.01409	0.01083	0.01304	0.00896	0.01309	0.00681	0.00515	0.00506	0.00166	0.00716	0.00439	0.00233	0.00573
11	0.01541	0.01314	0.01791	0.12863	0.02027	0.02829	0.14805	0.38247	0.05948	0.02342	0.01125	0.01299	0.00840	0.00603	0.00665	0.00169	0.09964	0.00490	0.00389	0.00752
12	0.00606	0.00520	0.00520	0.00520	0.00693	0.00433	0.00390	0.00736	0.01170	0.01386	0.05198	0.04938	0.78558	0.01299	0.00606	0.00173	0.00260	0.01083	0.00476	0.00433
13	0.00648	0.00480	0.00605	0.00661	0.00741	0.00437	0.00463	0.00785	0.01139	0.01518	0.22960	0.47480	0.17389	0.01406	0.00633	0.00190	0.00276	0.01252	0.00499	0.00437
14	0.01802	0.01540	0.01445	0.01176	0.01536	0.15028	0.00944	0.48445	0.18157	0.02663	0.01337	0.01323	0.00982	0.00618	0.00506	0.00154	0.00593	0.00464	0.00472	0.00812
15	0.01831	0.01371	0.01465	0.01145	0.01535	0.01520	0.00939	0.65930	0.11442	0.03050	0.01449	0.01420	0.03187	0.00645	0.00517	0.00157	0.00537	0.00494	0.00513	0.00853
16	0.00625	0.00526	0.00546	0.00556	0.00725	0.00447	0.00427	0.00764	0.01171	0.01399	0.04986	0.05011	0.72092	0.01310	0.00615	0.00179	0.00278	0.07432	0.00476	0.00437
17	0.00612	0.00520	0.00528	0.00526	0.00697	0.00436	0.00395	0.00748	0.01184	0.01419	0.08822	0.04883	0.74914	0.01287	0.00606	0.00173	0.00259	0.01075	0.00481	0.00436
18	0.01273	0.01245	0.02020	0.01561	0.01913	0.01349	0.32482	0.07061	0.29914	0.01880	0.01392	0.01535	0.01065	0.00610	0.00722	0.00179	0.12134	0.00564	0.00370	0.00730
19	0.01951	0.01437	0.01540	0.01181	0.01591	0.01591	0.00975	0.77056	0.02412	0.03234	0.01232	0.01232	0.00873	0.00616	0.00513	0.00154	0.00565	0.00462	0.00513	0.00873
20	0.01029	0.02654	0.79309	0.01462	0.02221	0.01192	0.01896	0.01625	0.01083	0.01625	0.00921	0.01083	0.00650	0.00487	0.00487	0.00162	0.00758	0.00379	0.00217	0.00758
21	0.01309	0.01095	0.01161	0.01040	0.01333	0.01260	0.00810	0.02719	0.75414	0.04591	0.02086	0.01909	0.01557	0.00694	0.00522	0.00174	0.00407	0.00578	0.00526	0.00814
22	0.00620	0.00490	0.00551	0.00598	0.00707	0.00430	0.00420	0.00728	0.01076	0.01337	0.04094	0.35061	0.45296	0.05277	0.00721	0.00203	0.00286	0.01215	0.00468	0.00421
23	0.00733	0.00550	0.00825	0.00825	0.00916	0.00641	0.00641	0.00916	0.00825	0.01191	0.01374	0.02016	0.01283	0.03848	0.79934	0.00825	0.01374	0.00550	0.00275	0.00458
24	0.00726	0.00524	0.00686	0.00646	0.00767	0.00484	0.00484	0.00968	0.01452	0.02058	0.78496	0.03833	0.04841	0.01049	0.00605	0.00161	0.00242	0.00928	0.00565	0.00484
25	0.03944	0.02363	0.64252	0.01372	0.02059	0.01192	0.01688	0.08139	0.01219	0.07597	0.01023	0.01138	0.00712	0.00509	0.00486	0.00161	0.00706	0.00393	0.00277	0.00770
26	0.00956	0.00478	0.00478	0.00478	0.00598	0.00478	0.00359	0.01196	0.01076	0.01913	0.01674	0.01913	0.01315	0.00598	0.00359	0.00120	0.00239	0.00478	0.84816	0.00478
27	0.00625	0.00447	0.00595	0.00714	0.00744	0.00417	0.00476	0.00714	0.00982	0.01310	0.02828	0.81633	0.03394	0.01608	0.00655	0.00208	0.00298	0.01459	0.00476	0.00417
28	0.05917	0.02376	0.01421	0.01291	0.01558	0.76143	0.00971	0.02023	0.01426	0.01306	0.00789	0.00921	0.00656	0.00526	0.00456	0.00133	0.00900	0.00328	0.00267	0.00593
29	0.01271	0.01200	0.01935	0.02811	0.66336	0.01228	0.01452	0.01760	0.13477	0.01752	0.01145	0.01373	0.00934	0.00496	0.00510	0.00156	0.00577	0.00477	0.00297	0.00813
30	0.00827	0.00591	0.00827	0.00945	0.01063	0.00591	0.00827	0.01063	0.01181	0.01536	0.02717	0.05788	0.02953	0.01417	0.00709	0.00236	0.00472	0.75313	0.00472	0.00472
31	0.00913	0.00774	0.01088	0.01396	0.21195	0.00766	0.00872	0.01250	0.08807	0.01595	0.05366	0.10419	0.20739	0.01071	0.00605	0.00188	0.00427	0.21524	0.00425	0.00581
32	0.01211	0.01384	0.03028	0.02163	0.02682	0.01298	0.76903	0.01644	0.01211	0.01644	0.01038	0.01384	0.00779	0.00433	0.00606	0.00173	0.00865	0.00606	0.00260	0.00692
33	0.00733	0.00550	0.00825	0.00825	0.00916	0.00641	0.00641	0.00916	0.00825	0.01191	0.01374	0.02016	0.01283	0.03848	0.79934	0.00825	0.01374	0.00550	0.00275	0.00458
34	0.01074	0.00942	0.01528	0.02176	0.44457	0.00942	0.01244	0.01349	0.01174	0.01614	0.01739	0.03265	0.01758	0.00881	0.00597	0.00189	0.00549	0.33510	0.00350	0.00663
35	0.01219	0.01168	0.01991	0.16171	0.66140	0.01206	0.01550	0.01530	0.01144	0.01615	0.00956	0.01286	0.00791	0.00467	0.00509	0.00156	0.00622	0.00457	0.00250	0.00772
36	0.02302	0.00873	0.01191	0.00913	0.01310	0.00754	0.00754	0.02501	0.01469	0.79122	0.02024	0.01746	0.01270	0.00635	0.00516	0.00159	0.00437	0.00516	0.00635	0.00873
37	0.00606	0.00520	0.00520	0.00520	0.00693	0.00433	0.00390	0.00736	0.01170	0.01386	0.05198	0.04938	0.78558	0.01299	0.00606	0.00173	0.00260	0.01083	0.00476	0.00433
38	0.01069	0.01044	0.01583	0.32692	0.05909	0.01385	0.01263	0.01281	0.00899	0.01286	0.00781	0.01226	0.00684	0.00725	0.01167	0.00200	0.45549	0.00452	0.00227	0.00577
39	0.02302	0.00873	0.01191	0.00913	0.01310	0.00754	0.00754	0.02501	0.01469	0.79122	0.02024	0.01746	0.01270	0.00635	0.00516	0.00159	0.00437	0.00516	0.00635	0.00873
40	0.01276	0.01102	0.01160	0.01044	0.01334	0.01276	0.00812	0.02727	0.77840	0.02146	0.02088	0.01914	0.01566	0.00696	0.00522	0.00174	0.00406	0.00580	0.00522	0.00812
41	0.00625	0.00447	0.00595	0.00714	0.00744	0.00417	0.00476	0.00714	0.00982	0.01310	0.02828	0.81633	0.03394	0.01608	0.00655	0.00208	0.00298	0.01459	0.00476	0.00417
42	0.28121	0.01255	0.01084	0.00966	0.01268	0.11928	0.00759	0.04603	0.38655	0.04142	0.01448	0.01411	0.01093	0.00600	0.00449	0.00162	0.00480	0.00445	0.00425	0.00705
43	0.01276	0.01102	0.01160	0.01044	0.01334	0.01276	0.00812	0.02727	0.77840	0.02146	0.02088	0.01914	0.01566	0.00696	0.00522	0.00174	0.00406	0.00580	0.00522	0.00812
44	0.01951	0.01437	0.01540	0.01181	0.01591	0.01591	0.00975	0.77056	0.02412	0.03234	0.01232	0.01232	0.00873	0.00616	0.00513	0.00154	0.00565	0.00462	0.00513	0.00873
45	0.01211	0.01384	0.03028	0.02163	0.02682	0.01298	0.76903	0.01644	0.01211	0.01644	0.01038	0.01384	0.00779	0.00433	0.00606	0.00173	0.00865	0.00606	0.00260	0.00692
