[name]
unknown

[dist]
# distance from previous block
# <min> <max>
8	24

[block]
# block no. 0 follows, 44 sequences, length 14
# corresponding to MSA columns:
# 24-37
name=unknown_A
#
# <colnr> <probs for GDERKNQSTAVLIFYWHMCP>
#	G	D	E	R	K	N	Q	S	T	A	V	L	I	F	Y	W	H	M	C	P
0	0.01524	0.14641	0.03598	0.01089	0.05204	0.01149	0.02304	0.08870	0.10174	0.19929	0.10039	0.06985	0.07126	0.00778	0.00536	0.00162	0.00473	0.00645	0.00487	0.04287
1	0.06261	0.06865	0.07030	0.01391	0.10930	0.13829	0.01043	0.06907	0.17895	0.11303	0.01421	0.03260	0.01098	0.00612	0.00503	0.00157	0.00594	0.00482	0.00411	0.08008
2	0.01545	0.11366	0.13624	0.01299	0.09022	0.03956	0.01086	0.11624	0.04571	0.15418	0.10031	0.01646	0.01424	0.00620	0.00510	0.00151	0.00555	0.00499	0.00424	0.10629
3	0.07419	0.22094	0.12092	0.06082	0.01728	0.15413	0.04221	0.08078	0.04258	0.01751	0.04930	0.05155	0.01127	0.00617	0.00480	0.00153	0.00658	0.00472	0.00325	0.02948
4	0.01456	0.27232	0.30467	0.01280	0.03252	0.05274	0.01351	0.08552	0.08082	0.06543	0.01118	0.01197	0.00848	0.00545	0.00471	0.00153	0.00667	0.00403	0.00320	0.00789
5	0.01711	0.04526	0.15747	0.01253	0.04429	0.12360	0.01112	0.10192	0.10156	0.19671	0.01404	0.01405	0.01007	0.00583	0.00508	0.00152	0.00617	0.00452	0.00428	0.12288
6	0.03583	0.04328	0.09479	0.01026	0.01492	0.00948	0.05525	0.01758	0.08179	0.13230	0.06830	0.01545	0.01264	0.00548	0.00480	0.00130	0.00487	0.00459	0.00401	0.38309
7	0.00823	0.00678	0.06339	0.00832	0.00948	0.00529	0.00637	0.00965	0.01089	0.06873	0.02796	0.69067	0.03231	0.01547	0.00672	0.00214	0.00363	0.01394	0.00498	0.00504
8	0.00884	0.00950	0.11992	0.01059	0.09405	0.00712	0.00768	0.01071	0.01070	0.01487	0.16817	0.05538	0.05307	0.38806	0.01626	0.00342	0.00511	0.00779	0.00376	0.00503
9	0.00953	0.00781	0.00941	0.00789	0.01101	0.00619	0.00593	0.01139	0.01097	0.01630	0.01745	0.31372	0.01874	0.00901	0.00515	0.00134	0.00370	0.00791	0.00393	0.52264
10	0.01539	0.10310	0.01443	0.01023	0.01406	0.22074	0.00823	0.12329	0.01476	0.04598	0.01543	0.01602	0.09853	0.00615	0.00476	0.00128	0.00596	0.00458	0.00368	0.27340
11	0.01648	0.00992	0.01168	0.01005	0.01323	0.01023	0.00788	0.05033	0.34474	0.28138	0.02232	0.13255	0.01780	0.00842	0.00567	0.00180	0.00431	0.00713	0.00580	0.03827
12	0.01348	0.22895	0.01951	0.01780	0.28367	0.09906	0.01089	0.01555	0.01161	0.01492	0.01026	0.01475	0.00956	0.12095	0.00790	0.00191	0.00621	0.00443	0.00276	0.10582
13	0.11072	0.00978	0.01096	0.00802	0.01267	0.00788	0.00645	0.01445	0.01121	0.04496	0.00985	0.01127	0.00801	0.00425	0.00401	0.00094	0.00408	0.00328	0.00337	0.71385

[dist]
# distance from previous block
# <min> <max>
2	7

[block]
# block no. 1 follows, 44 sequences, length 123
# corresponding to MSA columns:
# 45-47,49-61,65-116,123-141,147-182
name=unknown_B
#
# <colnr> <probs for GDERKNQSTAVLIFYWHMCP>
#	G	D	E	R	K	N	Q	S	T	A	V	L	I	F	Y	W	H	M	C	P
0	0.01132	0.00942	0.01037	0.00946	0.01189	0.01040	0.00728	0.02189	0.48505	0.02213	0.26947	0.02847	0.06198	0.00891	0.00588	0.00180	0.00367	0.00762	0.00567	0.00731
1	0.01783	0.02066	0.01429	0.01294	0.01586	0.49827	0.00982	0.02445	0.29480	0.01687	0.01356	0.01375	0.01061	0.00628	0.00515	0.00157	0.00777	0.00450	0.00383	0.00718
2	0.01727	0.09355	0.01915	0.02085	0.29909	0.42752	0.01273	0.01939	0.01391	0.01496	0.00903	0.01110	0.00762	0.00525	0.00496	0.00146	0.00821	0.00396	0.00272	0.00725
3	0.01762	0.01080	0.01245	0.01057	0.01408	0.01149	0.00840	0.02807	0.48525	0.30450	0.02194	0.01967	0.01547	0.00715	0.00552	0.00179	0.00444	0.00591	0.00599	0.00887
4	0.01120	0.00690	0.00862	0.00864	0.01020	0.00683	0.00628	0.01513	0.15600	0.15406	0.02699	0.51196	0.02825	0.01335	0.00642	0.00205	0.00365	0.01189	0.00546	0.00611
5	0.01093	0.02820	0.78016	0.01554	0.02360	0.01266	0.02014	0.01727	0.01151	0.01727	0.00978	0.01151	0.00691	0.00518	0.00518	0.00173	0.00806	0.00403	0.00230	0.00806
6	0.00663	0.00481	0.00626	0.00743	0.00786	0.00444	0.00499	0.00761	0.01060	0.01398	0.03206	0.74482	0.09479	0.01682	0.00692	0.00218	0.00313	0.01518	0.00506	0.00444
7	0.00664	0.00474	0.00633	0.00759	0.00791	0.00443	0.00506	0.00759	0.01044	0.01392	0.03005	0.80485	0.03606	0.01708	0.00696	0.00221	0.00316	0.01550	0.00506	0.00443
8	0.01231	0.05982	0.46460	0.01792	0.05441	0.01324	0.23431	0.01763	0.01209	0.04722	0.01053	0.01267	0.00764	0.00503	0.00549	0.00173	0.00809	0.00477	0.00263	0.00787
9	0.01114	0.01017	0.01530	0.38752	0.13639	0.01041	0.01211	0.01426	0.01127	0.01594	0.00977	0.01317	0.00777	0.00483	0.00491	0.00141	0.00594	0.00424	0.00277	0.32066
10	0.00646	0.00546	0.00559	0.00569	0.00741	0.00459	0.00422	0.00781	0.01227	0.01466	0.05322	0.11250	0.71345	0.01407	0.00648	0.00187	0.00279	0.01182	0.00506	0.00459
11	0.06045	0.01295	0.05408	0.02696	0.03765	0.10867	0.00820	0.01519	0.01176	0.01747	0.00943	0.01112	0.00775	0.00442	0.00425	0.00103	0.00516	0.00338	0.00310	0.59698
12	0.01791	0.01387	0.01478	0.01198	0.01584	0.01559	0.00968	0.47086	0.31557	0.02983	0.01666	0.01593	0.01216	0.00688	0.00549	0.00172	0.00534	0.00540	0.00549	0.00902
13	0.01269	0.09609	0.25934	0.01979	0.09556	0.03194	0.34653	0.01768	0.03587	0.01706	0.01053	0.01310	0.00800	0.00492	0.00560	0.00171	0.00812	0.00513	0.00266	0.00767
14	0.00897	0.00586	0.00762	0.00710	0.00863	0.00535	0.00540	0.01139	0.01506	0.08141	0.62858	0.05780	0.09437	0.01121	0.00640	0.00175	0.00283	0.02889	0.00595	0.00542
15	0.00772	0.00557	0.00729	0.00686	0.00814	0.00514	0.00514	0.01029	0.01543	0.02186	0.77152	0.04072	0.05144	0.01115	0.00643	0.00171	0.00257	0.00986	0.00600	0.00514
16	0.01398	0.48153	0.26917	0.01180	0.01737	0.09462	0.01293	0.01717	0.01165	0.01431	0.00837	0.00974	0.00697	0.00492	0.00418	0.00137	0.00694	0.00333	0.00237	0.00727
17	0.00948	0.00809	0.01269	0.05892	0.23133	0.00811	0.03240	0.01202	0.03724	0.01572	0.02226	0.39936	0.02455	0.01199	0.00643	0.00203	0.00477	0.09241	0.00418	0.00603
18	0.01606	0.01781	0.01964	0.02622	0.49189	0.30143	0.01442	0.01861	0.01355	0.01614	0.00957	0.01213	0.00803	0.00514	0.00522	0.00154	0.00773	0.00436	0.00274	0.00777
19	0.00664	0.00474	0.00633	0.00759	0.00791	0.00443	0.00506	0.00759	0.01044	0.01392	0.03005	0.80485	0.03606	0.01708	0.00696	0.00221	0.00316	0.01550	0.00506	0.00443
20	0.01485	0.72113	0.02689	0.00970	0.01417	0.06458	0.00936	0.01736	0.05456	0.01343	0.00847	0.00947	0.00755	0.00488	0.00370	0.00122	0.00597	0.00314	0.00254	0.00705
21	0.01414	0.40442	0.13007	0.03047	0.09833	0.07891	0.02785	0.01871	0.11906	0.01557	0.01045	0.01164	0.00857	0.00524	0.00445	0.00144	0.00642	0.00391	0.00287	0.00749
22	0.00772	0.00557	0.00729	0.00686	0.00814	0.00514	0.00514	0.01029	0.01543	0.02186	0.77152	0.04072	0.05144	0.01115	0.00643	0.00171	0.00257	0.00986	0.00600	0.00514
23	0.00664	0.00474	0.00633	0.00759	0.00791	0.00443	0.00506	0.00759	0.01044	0.01392	0.03005	0.80485	0.03606	0.01708	0.00696	0.00221	0.00316	0.01550	0.00506	0.00443
24	0.01344	0.01633	0.20781	0.01369	0.06492	0.03672	0.01210	0.02493	0.47942	0.04448	0.01784	0.01729	0.01327	0.00660	0.00542	0.00178	0.00558	0.00544	0.00450	0.00843
25	0.02446	0.00928	0.01265	0.00970	0.01392	0.00801	0.00801	0.02657	0.01560	0.77817	0.02151	0.01856	0.01350	0.00675	0.00548	0.00169	0.00464	0.00548	0.00675	0.00928
26	0.00772	0.00557	0.00729	0.00686	0.00814	0.00514	0.00514	0.01029	0.01543	0.02186	0.77152	0.04072	0.05144	0.01115	0.00643	0.00171	0.00257	0.00986	0.00600	0.00514
27	0.01349	0.01295	0.02213	0.03346	0.77440	0.01295	0.01673	0.01673	0.01241	0.01781	0.01025	0.01349	0.00864	0.00486	0.00540	0.00162	0.00648	0.00486	0.00270	0.00864
28	0.01198	0.21158	0.19960	0.01194	0.03133	0.01386	0.05378	0.01872	0.21885	0.01731	0.02015	0.02016	0.13450	0.00703	0.00515	0.00165	0.00565	0.00572	0.00369	0.00736
29	0.00772	0.00557	0.00729	0.00686	0.00814	0.00514	0.00514	0.01029	0.01543	0.02186	0.77152	0.04072	0.05144	0.01115	0.00643	0.00171	0.00257	0.00986	0.00600	0.00514
30	0.01458	0.81168	0.02857	0.00933	0.01399	0.02157	0.00933	0.01632	0.01108	0.01283	0.00758	0.00875	0.00700	0.00466	0.00350	0.00117	0.00583	0.00292	0.00233	0.00700
31	0.01617	0.01950	0.01650	0.01457	0.03062	0.48249	0.13430	0.01805	0.01393	0.01423	0.01333	0.17386	0.01322	0.00778	0.00560	0.00165	0.00830	0.00649	0.00326	0.00615
32	0.00927	0.00738	0.00862	0.00895	0.01032	0.00787	0.00647	0.01564	0.29171	0.01728	0.02709	0.49598	0.02871	0.01342	0.00644	0.00208	0.00363	0.02787	0.00524	0.00601
33	0.01016	0.00508	0.00508	0.00508	0.00635	0.00508	0.00381	0.01270	0.01143	0.02033	0.01778	0.02033	0.01397	0.00635	0.00381	0.00127	0.00254	0.00508	0.83867	0.00508
34	0.01458	0.81168	0.02857	0.00933	0.01399	0.02157	0.00933	0.01632	0.01108	0.01283	0.00758	0.00875	0.00700	0.00466	0.00350	0.00117	0.00583	0.00292	0.00233	0.00700
35	0.00785	0.00559	0.00749	0.00749	0.00802	0.00612	0.00523	0.00892	0.00838	0.01171	0.01577	0.02787	0.01643	0.38828	0.44324	0.00719	0.01039	0.00679	0.00309	0.00416
36	0.01396	0.01149	0.01652	0.01861	0.29781	0.01058	0.03605	0.06211	0.05211	0.08223	0.01178	0.01342	0.00926	0.00491	0.00491	0.00132	0.00531	0.00439	0.00356	0.33966
37	0.25562	0.01003	0.01406	0.54424	0.04901	0.01217	0.01247	0.01462	0.01047	0.01712	0.00909	0.01284	0.00690	0.00532	0.00484	0.00177	0.00635	0.00429	0.00271	0.00608
38	0.01016	0.00508	0.00508	0.00508	0.00635	0.00508	0.00381	0.01270	0.01143	0.02033	0.01778	0.02033	0.01397	0.00635	0.00381	0.00127	0.00254	0.00508	0.83867	0.00508
39	0.01349	0.01295	0.02213	0.03346	0.77440	0.01295	0.01673	0.01673	0.01241	0.01781	0.01025	0.01349	0.00864	0.00486	0.00540	0.00162	0.00648	0.00486	0.00270	0.00864
40	0.01434	0.01260	0.01976	0.01539	0.01949	0.01312	0.28676	0.02445	0.41325	0.09241	0.01796	0.01807	0.01322	0.00629	0.00587	0.00183	0.00616	0.00620	0.00462	0.00821
41	0.01334	0.01280	0.02186	0.06930	0.73974	0.01291	0.01666	0.01660	0.01234	0.01763	0.01023	0.01354	0.00857	0.00489	0.00540	0.00163	0.00651	0.00486	0.00269	0.00851
42	0.01356	0.01171	0.01233	0.01109	0.01418	0.01356	0.00863	0.02897	0.76455	0.02281	0.02219	0.02034	0.01664	0.00740	0.00555	0.00185	0.00431	0.00616	0.00555	0.00863
43	0.01985	0.01972	0.01654	0.01527	0.09206	0.35240	0.01107	0.36229	0.01988	0.02354	0.01077	0.01171	0.00823	0.00597	0.00521	0.00153	0.00772	0.00429	0.00403	0.00792
44	0.00681	0.00487	0.00652	0.00779	0.00818	0.00458	0.00536	0.00789	0.01061	0.01411	0.02995	0.74554	0.03568	0.01692	0.00700	0.00224	0.00331	0.07312	0.00506	0.00448
45	0.00831	0.00602	0.00812	0.00880	0.01010	0.00583	0.00740	0.01076	0.01339	0.01783	0.24836	0.05479	0.08773	0.01383	0.00713	0.00223	0.00415	0.47487	0.00531	0.00503
46	0.84691	0.01054	0.00801	0.00717	0.01054	0.01223	0.00590	0.01603	0.00928	0.02446	0.00759	0.00886	0.00590	0.00506	0.00337	0.00169	0.00422	0.00295	0.00337	0.00590
47	0.01427	0.01401	0.02446	0.01824	0.02271	0.01445	0.42953	0.14344	0.16898	0.02112	0.01342	0.01541	0.01009	0.00581	0.00682	0.00184	0.05778	0.00602	0.00376	0.00785
48	0.01522	0.66444	0.02593	0.01002	0.01436	0.11495	0.00943	0.01780	0.05947	0.01352	0.00861	0.00962	0.00761	0.00495	0.00380	0.00124	0.00623	0.00319	0.00259	0.00702
49	0.01016	0.00508	0.00508	0.00508	0.00635	0.00508	0.00381	0.01270	0.01143	0.02033	0.01778	0.02033	0.01397	0.00635	0.00381	0.00127	0.00254	0.00508	0.83867	0.00508
50	0.12793	0.03655	0.28219	0.01453	0.02003	0.01374	0.15227	0.14269	0.06378	0.02132	0.01095	0.01254	0.00812	0.00553	0.00561	0.00171	0.03498	0.00459	0.00332	0.03757
51	0.00931	0.00797	0.01111	0.01015	0.01051	0.00974	0.03169	0.01031	0.00874	0.01251	0.01496	0.14019	0.01647	0.26709	0.12944	0.00417	0.29013	0.00759	0.00317	0.00478
52	0.01016	0.00508	0.00508	0.00508	0.00635	0.00508	0.00381	0.01270	0.01143	0.02033	0.01778	0.02033	0.01397	0.00635	0.00381	0.00127	0.00254	0.00508	0.83867	0.00508
53	0.01388	0.01270	0.02149	0.13688	0.52376	0.01303	0.08228	0.06996	0.01330	0.04412	0.01083	0.01389	0.00862	0.00510	0.00551	0.00167	0.00674	0.00502	0.00300	0.00823
54	0.06637	0.17819	0.09000	0.02443	0.44431	0.01472	0.07370	0.01671	0.01190	0.01713	0.00956	0.01215	0.00794	0.00484	0.00494	0.00156	0.00656	0.00439	0.00264	0.00797
55	0.01030	0.00969	0.01635	0.79530	0.03755	0.01211	0.01514	0.01393	0.01090	0.01393	0.00969	0.01453	0.00727	0.00545	0.00545	0.00182	0.00727	0.00484	0.00242	0.00606
56	0.00791	0.00536	0.00631	0.00631	0.00644	0.00548	0.00376	0.00816	0.00804	0.01084	0.01684	0.03382	0.01901	0.70832	0.12673	0.00574	0.00650	0.00766	0.00325	0.00351
57	0.01016	0.00508	0.00508	0.00508	0.00635	0.00508	0.00381	0.01270	0.01143	0.02033	0.01778	0.02033	0.01397	0.00635	0.00381	0.00127	0.00254	0.00508	0.83867	0.00508
58	0.00793	0.00529	0.00595	0.00595	0.00595	0.00529	0.00330	0.00793	0.00793	0.01057	0.01718	0.03568	0.01982	0.80840	0.02775	0.00529	0.00529	0.00793	0.00330	0.00330
59	0.01330	0.01275	0.02177	0.08062	0.72879	0.01290	0.01663	0.01656	0.01232	0.01757	0.01022	0.01356	0.00855	0.00489	0.00540	0.00163	0.00653	0.00486	0.00268	0.00848
60	0.01193	0.01193	0.01670	0.01431	0.01431	0.01670	0.01193	0.01312	0.00835	0.01312	0.00716	0.01193	0.00716	0.00954	0.01789	0.00239	0.79843	0.00477	0.00239	0.00596
61	0.60216	0.01174	0.01036	0.00867	0.01233	0.01332	0.00715	0.21076	0.01379	0.05253	0.00951	0.01030	0.00704	0.00551	0.00399	0.00167	0.00470	0.00355	0.00403	0.00690
62	0.00664	0.00474	0.00633	0.00759	0.00791	0.00443	0.00506	0.00759	0.01044	0.01392	0.03005	0.80485	0.03606	0.01708	0.00696	0.00221	0.00316	0.01550	0.00506	0.00443
63	0.01130	0.00969	0.01130	0.00807	0.01292	0.00727	0.00646	0.01373	0.01130	0.01776	0.00969	0.01130	0.00807	0.00404	0.00404	0.00081	0.00404	0.00323	0.00323	0.84173
64	0.01093	0.02820	0.78016	0.01554	0.02360	0.01266	0.02014	0.01727	0.01151	0.01727	0.00978	0.01151	0.00691	0.00518	0.00518	0.00173	0.00806	0.00403	0.00230	0.00806
65	0.00733	0.00556	0.00675	0.00646	0.00791	0.00498	0.00484	0.00954	0.01452	0.01971	0.55519	0.04427	0.26912	0.01195	0.00643	0.00175	0.00263	0.01036	0.00572	0.00498
66	0.01193	0.01193	0.01670	0.01431	0.01431	0.01670	0.01193	0.01312	0.00835	0.01312	0.00716	0.01193	0.00716	0.00954	0.01789	0.00239	0.79843	0.00477	0.00239	0.00596
67	0.84691	0.01054	0.00801	0.00717	0.01054	0.01223	0.00590	0.01603	0.00928	0.02446	0.00759	0.00886	0.00590	0.00506	0.00337	0.00169	0.00422	0.00295	0.00337	0.00590
68	0.01016	0.00508	0.00508	0.00508	0.00635	0.00508	0.00381	0.01270	0.01143	0.02033	0.01778	0.02033	0.01397	0.00635	0.00381	0.00127	0.00254	0.00508	0.83867	0.00508
69	0.84691	0.01054	0.00801	0.00717	0.01054	0.01223	0.00590	0.01603	0.00928	0.02446	0.00759	0.00886	0.00590	0.00506	0.00337	0.00169	0.00422	0.00295	0.00337	0.00590
70	0.01096	0.06817	0.70112	0.01487	0.02238	0.01276	0.01890	0.01682	0.01149	0.01692	0.01067	0.03246	0.00828	0.00571	0.00520	0.00173	0.00774	0.02355	0.00244	0.00783
71	0.01916	0.04280	0.22912	0.01115	0.01625	0.00958	0.01127	0.02238	0.01401	0.48782	0.01886	0.04831	0.03054	0.00681	0.00541	0.00170	0.00554	0.00552	0.00523	0.00855
72	0.01129	0.00717	0.00970	0.01034	0.10304	0.00652	0.00687	0.01357	0.01439	0.16244	0.36788	0.03596	0.20877	0.01017	0.00613	0.00173	0.00349	0.00881	0.00552	0.00623
73	0.01332	0.01278	0.02182	0.07450	0.73470	0.01291	0.01665	0.01658	0.01233	0.01760	0.01022	0.01355	0.00856	0.00489	0.00540	0.00163	0.00652	0.00486	0.00268	0.00850
74	0.01102	0.01064	0.01701	0.67738	0.12494	0.03881	0.01517	0.01453	0.01124	0.01437	0.00971	0.01425	0.00742	0.00539	0.00543	0.00178	0.00726	0.00480	0.00247	0.00637
75	0.06621	0.19500	0.21789	0.01915	0.24041	0.01498	0.07353	0.04239	0.04932	0.01776	0.01011	0.01205	0.00804	0.00507	0.00488	0.00158	0.00669	0.00428	0.00280	0.00787
76	0.01224	0.02638	0.70619	0.01498	0.02266	0.01221	0.01897	0.01816	0.01190	0.09059	0.01091	0.01219	0.00754	0.00533	0.00521	0.00172	0.00773	0.00417	0.00273	0.00817
77	0.01030	0.00969	0.01635	0.79530	0.03755	0.01211	0.01514	0.01393	0.01090	0.01393	0.00969	0.01453	0.00727	0.00545	0.00545	0.00182	0.00727	0.00484	0.00242	0.00606
78	0.01195	0.01796	0.30363	0.02383	0.39660	0.01209	0.03838	0.01631	0.01239	0.01800	0.08565	0.01549	0.01223	0.00559	0.00545	0.00168	0.00676	0.00509	0.00288	0.00804
79	0.01185	0.01556	0.17604	0.06972	0.24609	0.07674	0.11814	0.01532	0.01205	0.01623	0.01414	0.17541	0.01363	0.00750	0.00578	0.00179	0.00684	0.00698	0.00310	0.00711
80	0.00793	0.00529	0.00595	0.00595	0.00595	0.00529	0.00330	0.00793	0.00793	0.01057	0.01718	0.03568	0.01982	0.80840	0.02775	0.00529	0.00529	0.00793	0.00330	0.00330
81	0.00689	0.00492	0.00661	0.00787	0.00829	0.00464	0.00548	0.00801	0.01068	0.01419	0.02991	0.72041	0.03553	0.01685	0.00702	0.00225	0.00337	0.09753	0.00506	0.00450
82	0.01213	0.01227	0.01667	0.01431	0.01437	0.03548	0.01189	0.01333	0.00852	0.01313	0.00719	0.01188	0.00715	0.00945	0.01757	0.00236	0.77918	0.00474	0.00240	0.00597
83	0.01130	0.00969	0.01130	0.00807	0.01292	0.00727	0.00646	0.01373	0.01130	0.01776	0.00969	0.01130	0.00807	0.00404	0.00404	0.00081	0.00404	0.00323	0.00323	0.84173
84	0.01157	0.01034	0.01696	0.02453	0.48955	0.01032	0.01347	0.01441	0.01230	0.01706	0.01729	0.09070	0.01749	0.00882	0.00615	0.00193	0.00579	0.22053	0.00357	0.00724
85	0.01197	0.01028	0.01160	0.00896	0.01329	0.00911	0.00710	0.01820	0.23210	0.01924	0.01335	0.01395	0.01059	0.00502	0.00448	0.00111	0.00412	0.00409	0.00391	0.59752
86	0.26079	0.00850	0.00959	0.00826	0.01129	0.00832	0.00656	0.01850	0.01267	0.35170	0.05383	0.15838	0.05255	0.00862	0.00521	0.00179	0.00407	0.00700	0.00535	0.00702
87	0.01349	0.01295	0.02213	0.03346	0.77440	0.01295	0.01673	0.01673	0.01241	0.01781	0.01025	0.01349	0.00864	0.00486	0.00540	0.00162	0.00648	0.00486	0.00270	0.00864
88	0.01676	0.01100	0.01242	0.01069	0.01410	0.01193	0.00845	0.02827	0.54501	0.24423	0.02199	0.01982	0.01572	0.00721	0.00553	0.00180	0.00441	0.00596	0.00590	0.00882
89	0.00871	0.00743	0.01054	0.08119	0.16772	0.00718	0.00807	0.01111	0.01342	0.01797	0.31066	0.03673	0.27791	0.01024	0.00614	0.00175	0.00385	0.00894	0.00470	0.00576
90	0.01479	0.01131	0.01737	0.41410	0.11667	0.05582	0.07238	0.01797	0.01261	0.19480	0.01258	0.01510	0.00896	0.00563	0.00550	0.00174	0.00686	0.00505	0.00352	0.00724
91	0.01320	0.01875	0.30503	0.01763	0.02317	0.01320	0.30024	0.01769	0.01200	0.09417	0.01108	0.01352	0.00814	0.00574	0.00751	0.00186	0.12131	0.00521	0.00294	0.00761
92	0.01168	0.02310	0.50082	0.01873	0.05492	0.01305	0.26486	0.01731	0.01200	0.01735	0.01022	0.01265	0.00743	0.00497	0.00561	0.00176	0.00837	0.00486	0.00247	0.00785
93	0.01196	0.02016	0.46165	0.01505	0.07782	0.01140	0.01579	0.01655	0.01131	0.09175	0.01171	0.01418	0.00893	0.01203	0.14754	0.00303	0.05414	0.00461	0.00289	0.00753
94	0.01265	0.39645	0.42690	0.01262	0.01908	0.01685	0.01506	0.01682	0.01131	0.01518	0.00875	0.01021	0.00695	0.00494	0.00439	0.00146	0.00701	0.00351	0.00232	0.00756
95	0.00920	0.00772	0.01173	0.01537	0.23303	0.00772	0.00891	0.01125	0.01214	0.01695	0.19777	0.33856	0.03018	0.01170	0.00690	0.00194	0.04144	0.02712	0.00446	0.00592
96	0.01495	0.04097	0.07859	0.02441	0.35196	0.01266	0.23160	0.01857	0.01296	0.14126	0.01219	0.01437	0.00914	0.00511	0.00564	0.00169	0.00707	0.00530	0.00333	0.00827
97	0.01589	0.01782	0.02060	0.02503	0.41160	0.29299	0.08763	0.01856	0.01348	0.01607	0.00961	0.01226	0.00799	0.00520	0.00557	0.00158	0.02326	0.00453	0.00274	0.00762
98	0.02446	0.00928	0.01265	0.00970	0.01392	0.00801	0.00801	0.02657	0.01560	0.77817	0.02151	0.01856	0.01350	0.00675	0.00548	0.00169	0.00464	0.00548	0.00675	0.00928
99	0.01322	0.01350	0.02525	0.02920	0.49566	0.01338	0.26201	0.01683	0.01240	0.01751	0.01039	0.01383	0.00846	0.00496	0.00624	0.00172	0.03925	0.00538	0.00271	0.00810
100	0.01271	0.01133	0.01761	0.02424	0.48969	0.01146	0.01303	0.07492	0.05734	0.02037	0.19063	0.02027	0.01924	0.00662	0.00565	0.00166	0.00539	0.00612	0.00386	0.00786
101	0.01140	0.01082	0.01835	0.53121	0.29298	0.01240	0.01569	0.01490	0.01143	0.01527	0.00989	0.01417	0.00774	0.00524	0.00543	0.00175	0.00699	0.00485	0.00252	0.00695
102	0.00664	0.00474	0.00633	0.00759	0.00791	0.00443	0.00506	0.00759	0.01044	0.01392	0.03005	0.80485	0.03606	0.01708	0.00696	0.00221	0.00316	0.01550	0.00506	0.00443
103	0.01521	0.28582	0.02159	0.01301	0.01682	0.18269	0.12027	0.02090	0.21125	0.01627	0.01212	0.01304	0.00975	0.00575	0.00527	0.00154	0.03358	0.00449	0.00335	0.00730
104	0.01796	0.01389	0.11368	0.01519	0.02023	0.01129	0.26681	0.08865	0.01493	0.33285	0.01593	0.03823	0.01114	0.00609	0.00581	0.00175	0.00671	0.00586	0.00466	0.00833
105	0.01349	0.01295	0.02213	0.03346	0.77440	0.01295	0.01673	0.01673	0.01241	0.01781	0.01025	0.01349	0.00864	0.00486	0.00540	0.00162	0.00648	0.00486	0.00270	0.00864
106	0.00664	0.00474	0.00633	0.00759	0.00791	0.00443	0.00506	0.00759	0.01044	0.01392	0.03005	0.80485	0.03606	0.01708	0.00696	0.00221	0.00316	0.01550	0.00506	0.00443
107	0.01347	0.01301	0.02244	0.03313	0.75100	0.01298	0.03987	0.01675	0.01243	0.01780	0.01028	0.01353	0.00862	0.00485	0.00543	0.00163	0.00656	0.00491	0.00270	0.00860
108	0.01447	0.37931	0.06551	0.01530	0.02023	0.11206	0.28794	0.01746	0.01230	0.01484	0.00908	0.01124	0.00747	0.00478	0.00485	0.00147	0.00768	0.00436	0.00255	0.00710
109	0.00879	0.00628	0.00879	0.01004	0.01130	0.00628	0.00879	0.01130	0.01255	0.01632	0.02887	0.06150	0.03138	0.01506	0.00753	0.00251	0.00502	0.73770	0.00502	0.00502
110	0.01578	0.01573	0.02598	0.01944	0.04055	0.07634	0.46086	0.23434	0.01681	0.02209	0.01141	0.01382	0.00847	0.00525	0.00600	0.00174	0.00825	0.00572	0.00355	0.00786
111	0.00730	0.00536	0.00734	0.00762	0.00851	0.00498	0.02022	0.00910	0.01281	0.01766	0.36692	0.42435	0.04239	0.01408	0.00672	0.00199	0.00306	0.02933	0.00544	0.00483
112	0.51149	0.01600	0.25172	0.01003	0.01495	0.01200	0.01058	0.01734	0.01054	0.08818	0.00950	0.01054	0.00688	0.00525	0.00413	0.00170	0.00546	0.00351	0.00333	0.00688
113	0.01030	0.00969	0.01635	0.79530	0.03755	0.01211	0.01514	0.01393	0.01090	0.01393	0.00969	0.01453	0.00727	0.00545	0.00545	0.00182	0.00727	0.00484	0.00242	0.00606
114	0.01149	0.00984	0.01446	0.01898	0.29644	0.01021	0.01172	0.01683	0.16177	0.01816	0.02060	0.03543	0.01997	0.00973	0.00634	0.00205	0.00542	0.31920	0.00426	0.00708
115	0.01379	0.01427	0.03061	0.02192	0.02733	0.01333	0.69503	0.01819	0.01309	0.07816	0.01187	0.01501	0.00869	0.00477	0.00636	0.00183	0.00883	0.00636	0.00308	0.00751
116	0.01349	0.01295	0.02213	0.03346	0.77440	0.01295	0.01673	0.01673	0.01241	0.01781	0.01025	0.01349	0.00864	0.00486	0.00540	0.00162	0.00648	0.00486	0.00270	0.00864
117	0.01559	0.00983	0.01173	0.00922	0.01317	0.00896	0.00738	0.05561	0.16061	0.23648	0.09127	0.01814	0.01565	0.00629	0.00505	0.00139	0.00421	0.00518	0.00507	0.31918
118	0.16598	0.01404	0.01294	0.01085	0.01447	0.11273	0.00863	0.21743	0.25221	0.03964	0.01422	0.01414	0.01067	0.00620	0.00491	0.00161	0.00543	0.00463	0.00459	0.08467
119	0.54702	0.03371	0.03694	0.00905	0.01284	0.01371	0.00772	0.19727	0.05694	0.02622	0.00985	0.01064	0.00741	0.00555	0.00407	0.00167	0.00483	0.00365	0.00394	0.00698
120	0.60299	0.01096	0.03528	0.00812	0.01147	0.01185	0.00682	0.03597	0.10859	0.04132	0.03664	0.03328	0.01010	0.00600	0.00403	0.00172	0.00430	0.00412	0.02003	0.00641
121	0.50725	0.01189	0.01056	0.00930	0.03437	0.06745	0.00724	0.06575	0.01149	0.05820	0.00907	0.01030	0.00704	0.00526	0.00439	0.00154	0.03207	0.00340	0.00355	0.13987
122	0.06787	0.06984	0.01678	0.01341	0.07788	0.04155	0.02982	0.42984	0.04253	0.04377	0.01199	0.01263	0.00893	0.00584	0.00503	0.00151	0.00583	0.00450	0.00449	0.10595

[dist]
# distance from previous block
# <min> <max>
0	30

# created by:
# /st0/software/busco_prod/Augustus/scripts/msa2prfl.pl ./align_prep/68755.fa
