[name]
unknown

[dist]
# distance from previous block
# <min> <max>
0	125

[block]
# block no. 0 follows, 43 sequences, length 45
# corresponding to MSA columns:
# 125-127,138-179
name=unknown_A
#
# <colnr> <probs for GDERKNQSTAVLIFYWHMCP>
#	G	D	E	R	K	N	Q	S	T	A	V	L	I	F	Y	W	H	M	C	P
0	0.01064	0.00958	0.01472	0.01337	0.01463	0.01136	0.09326	0.01290	0.01112	0.01544	0.01868	0.03748	0.01964	0.01192	0.01164	0.00242	0.31411	0.36756	0.00380	0.00574
1	0.10955	0.01276	0.01367	0.01036	0.01487	0.01282	0.00847	0.38156	0.01849	0.02720	0.01132	0.01211	0.00856	0.00549	0.00474	0.00134	0.00511	0.00410	0.00442	0.33306
2	0.01480	0.01337	0.01588	0.33077	0.06504	0.09419	0.01239	0.21256	0.11528	0.02103	0.01407	0.01604	0.03764	0.00640	0.00553	0.00175	0.00670	0.00523	0.00385	0.00748
3	0.01005	0.00782	0.00892	0.00805	0.01015	0.00791	0.00620	0.09625	0.14366	0.02220	0.39968	0.03730	0.19856	0.01074	0.00627	0.00178	0.00335	0.00918	0.00575	0.00618
4	0.01464	0.01194	0.01279	0.01115	0.01431	0.01352	0.00875	0.18574	0.51531	0.02519	0.06414	0.06306	0.01839	0.00808	0.00575	0.00184	0.00459	0.00672	0.00561	0.00847
5	0.01098	0.01024	0.01716	0.48600	0.24567	0.01168	0.01470	0.01425	0.01146	0.01528	0.01233	0.10261	0.01106	0.00669	0.00569	0.00183	0.00668	0.00614	0.00284	0.00672
6	0.01107	0.00879	0.01367	0.45651	0.02653	0.00976	0.03750	0.01398	0.01211	0.09969	0.02422	0.02604	0.22171	0.00804	0.00586	0.00184	0.00587	0.00695	0.00372	0.00615
7	0.01346	0.01279	0.02125	0.03111	0.68595	0.01251	0.01583	0.01666	0.01248	0.01809	0.01035	0.01346	0.00871	0.00484	0.00533	0.00155	0.00630	0.00475	0.00280	0.10179
8	0.01164	0.01139	0.01589	0.01369	0.01384	0.01565	0.01134	0.01301	0.00929	0.01432	0.09247	0.01539	0.01231	0.00988	0.01687	0.00235	0.70645	0.00543	0.00283	0.00597
9	0.00755	0.00539	0.00697	0.00708	0.00795	0.00503	0.00499	0.00940	0.01337	0.01862	0.47304	0.25817	0.04419	0.10198	0.00911	0.00229	0.00309	0.01143	0.00552	0.00481
10	0.00777	0.00581	0.00750	0.00817	0.00936	0.00527	0.00610	0.00931	0.01137	0.01521	0.03012	0.47723	0.09503	0.01511	0.00683	0.00213	0.00372	0.18090	0.00492	0.09815
11	0.01326	0.01274	0.02076	0.03060	0.66341	0.03512	0.01568	0.01635	0.01229	0.01737	0.01086	0.01450	0.00929	0.00906	0.09260	0.00245	0.00760	0.00501	0.00277	0.00827
12	0.01111	0.02865	0.77667	0.01579	0.02397	0.01286	0.02046	0.01754	0.01169	0.01754	0.00994	0.01169	0.00702	0.00526	0.00526	0.00175	0.00818	0.00409	0.00234	0.00818
13	0.01055	0.00974	0.01825	0.01536	0.01833	0.00937	0.30015	0.01393	0.01288	0.01703	0.02221	0.04381	0.02266	0.01113	0.00721	0.00228	0.00676	0.44811	0.00420	0.00603
14	0.01189	0.05526	0.21170	0.01158	0.01524	0.00913	0.01188	0.01536	0.01280	0.11560	0.02212	0.04062	0.02167	0.01101	0.00653	0.00216	0.00590	0.40851	0.00446	0.00658
15	0.01485	0.01975	0.41357	0.01364	0.04125	0.01134	0.01474	0.02105	0.11311	0.21408	0.01718	0.01702	0.05061	0.00643	0.00547	0.00176	0.00644	0.00519	0.00411	0.00841
16	0.01574	0.68516	0.02692	0.01023	0.01467	0.14212	0.00967	0.01746	0.01195	0.01311	0.00784	0.00906	0.00711	0.00489	0.00378	0.00122	0.00656	0.00306	0.00245	0.00700
17	0.01407	0.68578	0.10468	0.00994	0.01478	0.02010	0.01028	0.01623	0.01113	0.01337	0.00845	0.01063	0.00779	0.04735	0.00504	0.00147	0.00613	0.00335	0.00242	0.00702
18	0.00800	0.00559	0.00714	0.00714	0.00753	0.00597	0.00473	0.00876	0.00838	0.01156	0.01644	0.03065	0.01771	0.51059	0.31964	0.00673	0.00902	0.00724	0.00321	0.00397
19	0.01661	0.38546	0.20092	0.01133	0.01676	0.01644	0.01188	0.08378	0.01363	0.17739	0.01172	0.01205	0.00869	0.00548	0.00456	0.00147	0.00622	0.00396	0.00359	0.00806
20	0.00779	0.00571	0.00729	0.00770	0.00869	0.00530	0.00542	0.03650	0.01249	0.01708	0.20648	0.53131	0.05384	0.01473	0.00671	0.00202	0.00321	0.01322	0.00529	0.04923
21	0.01148	0.00984	0.01148	0.00820	0.01312	0.00738	0.00656	0.01395	0.01148	0.01805	0.00984	0.01148	0.00820	0.00410	0.00410	0.00082	0.00410	0.00328	0.00328	0.83922
22	0.01450	0.01231	0.01631	0.01963	0.29417	0.01332	0.01182	0.04090	0.42806	0.06150	0.01781	0.01783	0.01356	0.00651	0.00557	0.00178	0.00525	0.00571	0.00463	0.00882
23	0.03645	0.11686	0.51226	0.01441	0.04864	0.01311	0.01651	0.01824	0.01207	0.10206	0.01096	0.01215	0.00788	0.00530	0.00499	0.00163	0.00714	0.00408	0.00294	0.05233
24	0.01781	0.05112	0.01940	0.04372	0.06260	0.48932	0.13970	0.02082	0.05812	0.01510	0.00993	0.01185	0.00803	0.00563	0.00557	0.00157	0.02549	0.00437	0.00296	0.00688
25	0.01307	0.01494	0.03268	0.02334	0.02894	0.01401	0.75070	0.01774	0.01307	0.01774	0.01120	0.01494	0.00840	0.00467	0.00654	0.00187	0.00934	0.00654	0.00280	0.00747
26	0.01318	0.01448	0.03017	0.06198	0.05817	0.01395	0.63324	0.03466	0.04757	0.01821	0.01167	0.01511	0.00878	0.00490	0.00638	0.00185	0.00883	0.00634	0.00297	0.00756
27	0.00655	0.00561	0.00561	0.00561	0.00748	0.00468	0.00421	0.00795	0.01262	0.01496	0.05610	0.05330	0.76857	0.01403	0.00655	0.00187	0.00281	0.01169	0.00514	0.00468
28	0.01036	0.00622	0.00821	0.00740	0.00914	0.00566	0.00566	0.01290	0.01570	0.13379	0.65726	0.03803	0.04654	0.01066	0.00639	0.00174	0.00292	0.00936	0.00621	0.00585
29	0.01053	0.00976	0.01636	0.74597	0.05509	0.01208	0.01502	0.01418	0.01113	0.01447	0.01014	0.01494	0.00765	0.00555	0.00548	0.00182	0.00720	0.00493	0.03151	0.00618
30	0.00730	0.00564	0.00666	0.00641	0.00795	0.00500	0.00480	0.00941	0.01441	0.01921	0.47299	0.04631	0.34904	0.01244	0.00654	0.00180	0.00269	0.01071	0.00570	0.00500
31	0.00751	0.00557	0.00690	0.00671	0.00799	0.00507	0.00492	0.00963	0.01430	0.01958	0.53284	0.10130	0.19123	0.05261	0.00767	0.00199	0.00284	0.01068	0.00570	0.00497
32	0.05194	0.01158	0.01355	0.03233	0.01515	0.01187	0.00881	0.32732	0.01929	0.33832	0.01702	0.01624	0.01151	0.00663	0.00530	0.00165	0.00513	0.00517	0.09243	0.00876
33	0.02105	0.01551	0.01662	0.01274	0.01717	0.01717	0.01053	0.75235	0.02604	0.03490	0.01330	0.01330	0.00942	0.00665	0.00554	0.00166	0.00609	0.00499	0.00554	0.00942
34	0.01053	0.00979	0.01643	0.75254	0.05419	0.01212	0.01510	0.01418	0.01112	0.01442	0.01009	0.01491	0.00761	0.00555	0.00549	0.00183	0.00723	0.00493	0.02576	0.00619
35	0.84448	0.01071	0.00814	0.00728	0.01071	0.01242	0.00600	0.01628	0.00943	0.02485	0.00771	0.00900	0.00600	0.00514	0.00343	0.00171	0.00428	0.00300	0.00343	0.00600
36	0.02069	0.02640	0.01569	0.01427	0.01712	0.78313	0.01070	0.02212	0.01569	0.01355	0.00856	0.00999	0.00713	0.00571	0.00499	0.00143	0.00999	0.00357	0.00285	0.00642
37	0.02069	0.02640	0.01569	0.01427	0.01712	0.78313	0.01070	0.02212	0.01569	0.01355	0.00856	0.00999	0.00713	0.00571	0.00499	0.00143	0.00999	0.00357	0.00285	0.00642
38	0.00675	0.00482	0.00643	0.00771	0.00803	0.00450	0.00514	0.00771	0.01060	0.01414	0.03053	0.80175	0.03663	0.01735	0.00707	0.00225	0.00321	0.01574	0.00514	0.00450
39	0.01212	0.01212	0.01696	0.01454	0.01454	0.01696	0.01212	0.01333	0.00848	0.01333	0.00727	0.01212	0.00727	0.00969	0.01818	0.00242	0.79523	0.00485	0.00242	0.00606
40	0.01111	0.02865	0.77667	0.01579	0.02397	0.01286	0.02046	0.01754	0.01169	0.01754	0.00994	0.01169	0.00702	0.00526	0.00526	0.00175	0.00818	0.00409	0.00234	0.00818
41	0.00784	0.00566	0.00740	0.00697	0.00827	0.00523	0.00523	0.01045	0.01568	0.02221	0.76789	0.04137	0.05226	0.01132	0.00653	0.00174	0.00261	0.01002	0.00610	0.00523
42	0.01048	0.02527	0.66351	0.01434	0.02158	0.01168	0.01811	0.01622	0.01194	0.01741	0.04151	0.01739	0.09389	0.00645	0.00545	0.00177	0.00739	0.00515	0.00278	0.00769
43	0.01634	0.01247	0.01354	0.01124	0.01500	0.01360	0.00896	0.22200	0.42898	0.08310	0.01869	0.01760	0.01375	0.00688	0.00545	0.00170	0.00484	0.00556	0.00546	0.09486
44	0.11326	0.03236	0.02985	0.00951	0.01362	0.00934	0.00799	0.03665	0.05431	0.48946	0.06203	0.01798	0.01438	0.00662	0.00520	0.00163	0.00461	0.00526	0.00580	0.08013

[dist]
# distance from previous block
# <min> <max>
0	20

[block]
# block no. 1 follows, 43 sequences, length 69
# corresponding to MSA columns:
# 200-268
name=unknown_B
#
# <colnr> <probs for GDERKNQSTAVLIFYWHMCP>
#	G	D	E	R	K	N	Q	S	T	A	V	L	I	F	Y	W	H	M	C	P
0	0.03472	0.08348	0.40308	0.01332	0.01948	0.05261	0.01482	0.07810	0.05566	0.17306	0.01304	0.01341	0.00911	0.00580	0.00518	0.00168	0.00693	0.00444	0.00375	0.00834
1	0.05468	0.17682	0.59423	0.01414	0.02142	0.01457	0.01762	0.01729	0.01149	0.01705	0.00940	0.01102	0.00698	0.00516	0.00484	0.00164	0.00755	0.00382	0.00240	0.00787
2	0.01474	0.01624	0.01637	0.38649	0.06568	0.28803	0.01320	0.03257	0.05573	0.01503	0.01011	0.01321	0.00794	0.00586	0.00582	0.00171	0.03732	0.00451	0.00286	0.00659
3	0.00805	0.00540	0.00619	0.00619	0.00624	0.00545	0.00354	0.00815	0.00810	0.01085	0.01732	0.03550	0.01981	0.76607	0.06704	0.00555	0.00586	0.00794	0.00334	0.00344
4	0.00675	0.00482	0.00643	0.00771	0.00803	0.00450	0.00514	0.00771	0.01060	0.01414	0.03053	0.80175	0.03663	0.01735	0.00707	0.00225	0.00321	0.01574	0.00514	0.00450
5	0.00948	0.00602	0.00793	0.00725	0.00884	0.00551	0.00551	0.01204	0.01569	0.09461	0.69610	0.03920	0.04855	0.01089	0.00644	0.00174	0.00281	0.00959	0.00617	0.00563
6	0.02042	0.01520	0.01627	0.01262	0.01693	0.01688	0.01037	0.68974	0.08968	0.03389	0.01410	0.01393	0.01007	0.00672	0.00555	0.00168	0.00595	0.00510	0.00555	0.00936
7	0.00892	0.00637	0.00892	0.01020	0.01147	0.00637	0.00892	0.01147	0.01275	0.01657	0.02932	0.06247	0.03187	0.01530	0.00765	0.00255	0.00510	0.73354	0.00510	0.00510
8	0.01148	0.00984	0.01148	0.00820	0.01312	0.00738	0.00656	0.01395	0.01148	0.01805	0.00984	0.01148	0.00820	0.00410	0.00410	0.00082	0.00410	0.00328	0.00328	0.83922
9	0.01591	0.01820	0.01263	0.01166	0.01401	0.45591	0.00883	0.01894	0.07828	0.01694	0.20163	0.02183	0.02080	0.00779	0.00553	0.00160	0.00715	0.04302	0.03314	0.00621
10	0.01371	0.01316	0.02248	0.03399	0.77081	0.01316	0.01700	0.01700	0.01261	0.01809	0.01042	0.01371	0.00877	0.00493	0.00548	0.00164	0.00658	0.00493	0.00274	0.00877
11	0.00805	0.00540	0.00619	0.00619	0.00624	0.00545	0.00354	0.00815	0.00810	0.01085	0.01731	0.03549	0.01981	0.76580	0.06731	0.00555	0.00586	0.00794	0.00334	0.00344
12	0.01046	0.00984	0.01661	0.79205	0.03814	0.01230	0.01538	0.01415	0.01107	0.01415	0.00984	0.01477	0.00738	0.00554	0.00554	0.00185	0.00738	0.00492	0.00246	0.00615
13	0.01351	0.01296	0.02212	0.08030	0.72606	0.01311	0.01690	0.01682	0.01252	0.01785	0.01038	0.01377	0.00869	0.00497	0.00549	0.00166	0.00663	0.00493	0.00272	0.00861
14	0.02051	0.02367	0.01576	0.01385	0.01703	0.60084	0.01059	0.16894	0.04543	0.01820	0.01003	0.01105	0.00796	0.00596	0.00513	0.00149	0.00900	0.00395	0.00350	0.00711
15	0.00796	0.00578	0.00761	0.00775	0.00902	0.00543	0.00609	0.01038	0.01442	0.01982	0.48994	0.09692	0.08985	0.01288	0.00685	0.00199	0.00329	0.19318	0.00572	0.00511
16	0.00962	0.00481	0.00722	0.00722	0.00722	0.00481	0.00481	0.00722	0.00722	0.00962	0.00962	0.01684	0.00962	0.01924	0.02165	0.83886	0.00481	0.00481	0.00241	0.00241
17	0.00745	0.00565	0.00686	0.00656	0.00803	0.00506	0.00492	0.00969	0.01475	0.02002	0.55272	0.04498	0.26880	0.01214	0.00654	0.00178	0.00267	0.01052	0.00581	0.00506
18	0.01371	0.01316	0.02248	0.03399	0.77081	0.01316	0.01700	0.01700	0.01261	0.01809	0.01042	0.01371	0.00877	0.00493	0.00548	0.00164	0.00658	0.00493	0.00274	0.00877
19	0.01046	0.00984	0.01661	0.79205	0.03814	0.01230	0.01538	0.01415	0.01107	0.01415	0.00984	0.01477	0.00738	0.00554	0.00554	0.00185	0.00738	0.00492	0.00246	0.00615
20	0.84448	0.01071	0.00814	0.00728	0.01071	0.01242	0.00600	0.01628	0.00943	0.02485	0.00771	0.00900	0.00600	0.00514	0.00343	0.00171	0.00428	0.00300	0.00343	0.00600
21	0.01571	0.68910	0.02698	0.01021	0.01466	0.13829	0.00966	0.01743	0.01193	0.01311	0.00783	0.00905	0.00711	0.00489	0.00377	0.00122	0.00654	0.00305	0.00244	0.00700
22	0.00801	0.00555	0.00698	0.00698	0.00730	0.00588	0.00453	0.00866	0.00833	0.01143	0.01659	0.03149	0.01807	0.55460	0.27613	0.00653	0.00848	0.00736	0.00323	0.00388
23	0.00730	0.00542	0.00681	0.00692	0.00806	0.00493	0.00502	0.00924	0.01372	0.01867	0.43516	0.25275	0.17865	0.01347	0.00668	0.00190	0.00281	0.01190	0.00566	0.00493
24	0.00684	0.00494	0.00647	0.00753	0.00802	0.00457	0.00510	0.00797	0.01118	0.01492	0.09922	0.69055	0.07897	0.01662	0.00699	0.00218	0.00314	0.01500	0.00523	0.00457
25	0.00760	0.00565	0.00707	0.00671	0.00813	0.00512	0.00504	0.00998	0.01511	0.02085	0.63459	0.04360	0.18640	0.01183	0.00653	0.00177	0.00265	0.01033	0.00592	0.00512
26	0.01111	0.02865	0.77667	0.01579	0.02397	0.01286	0.02046	0.01754	0.01169	0.01754	0.00994	0.01169	0.00702	0.00526	0.00526	0.00175	0.00818	0.00409	0.00234	0.00818
27	0.01254	0.01115	0.01201	0.00881	0.01358	0.05527	0.00702	0.05243	0.01249	0.01864	0.00994	0.01149	0.00820	0.00433	0.00423	0.00090	0.00456	0.00339	0.00337	0.74567
28	0.00655	0.00561	0.00561	0.00561	0.00748	0.00468	0.00421	0.00795	0.01262	0.01496	0.05610	0.05330	0.76857	0.01403	0.00655	0.00187	0.00281	0.01169	0.00514	0.00468
29	0.01148	0.02813	0.75610	0.01563	0.02371	0.01273	0.02013	0.01779	0.01180	0.03792	0.01026	0.01189	0.00720	0.00530	0.00527	0.00175	0.00809	0.00413	0.00246	0.00822
30	0.01111	0.02865	0.77667	0.01579	0.02397	0.01286	0.02046	0.01754	0.01169	0.01754	0.00994	0.01169	0.00702	0.00526	0.00526	0.00175	0.00818	0.00409	0.00234	0.00818
31	0.84448	0.01071	0.00814	0.00728	0.01071	0.01242	0.00600	0.01628	0.00943	0.02485	0.00771	0.00900	0.00600	0.00514	0.00343	0.00171	0.00428	0.00300	0.00343	0.00600
32	0.01616	0.52315	0.02367	0.01077	0.01473	0.25101	0.00959	0.01788	0.01287	0.01375	0.05439	0.01120	0.00987	0.00543	0.00417	0.00129	0.00695	0.00358	0.00274	0.00678
33	0.01371	0.01316	0.02248	0.03399	0.77081	0.01316	0.01700	0.01700	0.01261	0.01809	0.01042	0.01371	0.00877	0.00493	0.00548	0.00164	0.00658	0.00493	0.00274	0.00877
34	0.00784	0.00566	0.00740	0.00697	0.00827	0.00523	0.00523	0.01045	0.01568	0.02221	0.76789	0.04137	0.05226	0.01132	0.00653	0.00174	0.00261	0.01002	0.00610	0.00523
35	0.01351	0.01296	0.02212	0.08030	0.72606	0.01311	0.01690	0.01682	0.01252	0.01785	0.01038	0.01377	0.00869	0.00497	0.00549	0.00166	0.00663	0.00493	0.00272	0.00861
36	0.18582	0.00968	0.01193	0.00935	0.01346	0.00898	0.00772	0.02489	0.01459	0.62739	0.01907	0.01692	0.01219	0.00652	0.00515	0.00171	0.00463	0.00506	0.00618	0.00875
37	0.01111	0.02865	0.77667	0.01579	0.02397	0.01286	0.02046	0.01754	0.01169	0.01754	0.00994	0.01169	0.00702	0.00526	0.00526	0.00175	0.00818	0.00409	0.00234	0.00818
38	0.00655	0.00561	0.00561	0.00561	0.00748	0.00468	0.00421	0.00795	0.01262	0.01496	0.05610	0.05330	0.76857	0.01403	0.00655	0.00187	0.00281	0.01169	0.00514	0.00468
39	0.01142	0.00638	0.00660	0.00613	0.00778	0.00654	0.00471	0.09760	0.01350	0.02237	0.05943	0.02096	0.01577	0.00675	0.00421	0.00136	0.00299	0.00541	0.69443	0.00565
40	0.01254	0.01197	0.02038	0.30553	0.50837	0.01285	0.01642	0.01598	0.01206	0.01668	0.01021	0.01409	0.00827	0.00515	0.00550	0.00172	0.00687	0.00493	0.00264	0.00783
41	0.00659	0.00561	0.00567	0.00566	0.00751	0.00469	0.00424	0.00804	0.01273	0.01521	0.08098	0.05288	0.74353	0.01393	0.00655	0.00187	0.00280	0.01163	0.00518	0.00469
42	0.00674	0.00484	0.00641	0.00766	0.00802	0.00450	0.00512	0.00772	0.01065	0.01416	0.03111	0.78449	0.05350	0.01727	0.00706	0.00224	0.00320	0.01565	0.00514	0.00450
43	0.01405	0.01203	0.01268	0.01133	0.01450	0.01390	0.00883	0.05627	0.73353	0.02360	0.02220	0.02039	0.01663	0.00748	0.00563	0.00187	0.00445	0.00621	0.00563	0.00879
44	0.01321	0.01120	0.01300	0.00985	0.01434	0.04886	0.04547	0.03042	0.10528	0.06408	0.01261	0.02869	0.01015	0.00511	0.00464	0.00113	0.00477	0.00425	0.00382	0.56915
45	0.01154	0.09555	0.67022	0.01566	0.02340	0.01371	0.06033	0.01747	0.01173	0.01716	0.00982	0.01163	0.00710	0.00518	0.00518	0.00171	0.00805	0.00413	0.00237	0.00805
46	0.01217	0.01227	0.01784	0.01503	0.01535	0.01680	0.05340	0.01358	0.00874	0.01358	0.00749	0.01227	0.00733	0.00941	0.01752	0.00239	0.75130	0.00494	0.00244	0.00614
47	0.00702	0.00563	0.00627	0.00611	0.00777	0.00488	0.00458	0.00887	0.01375	0.01764	0.31932	0.04889	0.50368	0.01303	0.00654	0.00182	0.00273	0.01107	0.00550	0.00488
48	0.01371	0.01316	0.02248	0.03399	0.77081	0.01316	0.01700	0.01700	0.01261	0.01809	0.01042	0.01371	0.00877	0.00493	0.00548	0.00164	0.00658	0.00493	0.00274	0.00877
49	0.01020	0.02091	0.50251	0.01356	0.01950	0.01060	0.05667	0.01535	0.01286	0.01878	0.22225	0.03827	0.02041	0.00720	0.00573	0.00177	0.00658	0.00615	0.00348	0.00723
50	0.00797	0.00571	0.00777	0.00777	0.00836	0.00631	0.00551	0.00916	0.00857	0.01202	0.01587	0.02750	0.01634	0.34436	0.48401	0.00750	0.01108	0.00677	0.00312	0.00431
51	0.01292	0.01687	0.24367	0.01311	0.03828	0.01325	0.01242	0.04648	0.46350	0.02137	0.01936	0.01875	0.04137	0.00698	0.00555	0.00183	0.00559	0.00573	0.00454	0.00846
52	0.01368	0.01323	0.02290	0.03356	0.74051	0.01319	0.04697	0.01703	0.01263	0.01808	0.01045	0.01376	0.00876	0.00492	0.00553	0.00165	0.00669	0.00500	0.00274	0.00872
53	0.01997	0.06018	0.24483	0.01175	0.01725	0.01074	0.01205	0.05553	0.01479	0.47058	0.01708	0.01588	0.01113	0.00625	0.00536	0.00169	0.00589	0.00495	0.00518	0.00892
54	0.80294	0.01113	0.00846	0.00754	0.01097	0.03429	0.00618	0.01668	0.00975	0.04106	0.00805	0.00924	0.00620	0.00519	0.00352	0.00171	0.00446	0.00307	0.00349	0.00609
55	0.00724	0.00564	0.00657	0.00634	0.00791	0.00497	0.00475	0.00929	0.01426	0.01884	0.43696	0.04692	0.38529	0.01258	0.00654	0.00180	0.00270	0.01079	0.00565	0.00497
56	0.00962	0.00481	0.00722	0.00722	0.00722	0.00481	0.00481	0.00722	0.00722	0.00962	0.00962	0.01684	0.00962	0.01924	0.02165	0.83886	0.00481	0.00481	0.00241	0.00241
57	0.01148	0.00984	0.01148	0.00820	0.01312	0.00738	0.00656	0.01395	0.01148	0.01805	0.00984	0.01148	0.00820	0.00410	0.00410	0.00082	0.00410	0.00328	0.00328	0.83922
58	0.01222	0.14755	0.22980	0.16484	0.22794	0.01398	0.05065	0.01624	0.01203	0.01657	0.04977	0.01408	0.01003	0.00543	0.00522	0.00165	0.00699	0.00472	0.00270	0.00760
59	0.01293	0.01276	0.06652	0.31750	0.34769	0.01258	0.07101	0.01660	0.01220	0.06126	0.01091	0.01438	0.00840	0.00528	0.00557	0.00175	0.00708	0.00504	0.00286	0.00769
60	0.00805	0.00537	0.00604	0.00604	0.00604	0.00537	0.00336	0.00805	0.00805	0.01074	0.01745	0.03624	0.02013	0.80536	0.02819	0.00537	0.00537	0.00805	0.00336	0.00336
61	0.11813	0.01134	0.01262	0.01047	0.01414	0.01201	0.00851	0.18764	0.21894	0.25317	0.01984	0.02019	0.03637	0.00743	0.00546	0.00179	0.00484	0.04295	0.00568	0.00847
62	0.01369	0.01338	0.02056	0.10458	0.59000	0.05995	0.01577	0.01757	0.05448	0.01767	0.01145	0.01534	0.00964	0.00547	0.00553	0.00169	0.00670	0.02531	0.00295	0.00827
63	0.01405	0.06238	0.02224	0.03047	0.64666	0.05377	0.01596	0.01705	0.01248	0.01730	0.00999	0.01314	0.00851	0.00521	0.00599	0.00165	0.04728	0.00474	0.00271	0.00841
64	0.01334	0.05574	0.01614	0.32281	0.05045	0.01274	0.01169	0.13918	0.02915	0.03599	0.01070	0.01342	0.00829	0.00564	0.00586	0.00156	0.05428	0.00447	0.00334	0.20520
65	0.02926	0.09952	0.26751	0.01286	0.01791	0.13455	0.05058	0.03157	0.07262	0.07573	0.09923	0.01597	0.01373	0.00621	0.00522	0.00161	0.00677	0.00494	0.00361	0.05059
66	0.01200	0.01271	0.04754	0.01691	0.04078	0.03524	0.32629	0.05602	0.02856	0.01721	0.01559	0.20719	0.01533	0.00869	0.00802	0.00198	0.11507	0.00819	0.00353	0.02315
67	0.01234	0.05816	0.59216	0.01428	0.02137	0.03451	0.01743	0.04644	0.01261	0.05529	0.01335	0.01448	0.05399	0.00590	0.00526	0.00170	0.00747	0.00458	0.00290	0.02578
68	0.01356	0.17340	0.33219	0.01350	0.01913	0.05040	0.05769	0.05269	0.01253	0.05617	0.01139	0.01291	0.02939	0.00582	0.00602	0.00161	0.07135	0.00433	0.00295	0.07296

[dist]
# distance from previous block
# <min> <max>
1	24

[block]
# block no. 2 follows, 43 sequences, length 31
# corresponding to MSA columns:
# 293-323
name=unknown_C
#
# <colnr> <probs for GDERKNQSTAVLIFYWHMCP>
#	G	D	E	R	K	N	Q	S	T	A	V	L	I	F	Y	W	H	M	C	P
0	0.01268	0.39376	0.07222	0.00985	0.01327	0.07476	0.00901	0.04472	0.01220	0.01498	0.04935	0.20858	0.01689	0.00973	0.03364	0.00184	0.00591	0.00679	0.00342	0.00641
1	0.19136	0.29551	0.01714	0.00909	0.01262	0.01548	0.00780	0.16692	0.03494	0.02021	0.01106	0.01476	0.00985	0.13227	0.00792	0.00207	0.00538	0.00434	0.01882	0.02246
2	0.01330	0.40166	0.39547	0.01258	0.01900	0.01705	0.01483	0.01737	0.01161	0.03829	0.00923	0.01056	0.00726	0.00506	0.00445	0.00148	0.00700	0.00360	0.00249	0.00771
3	0.01445	0.61709	0.08634	0.01036	0.01493	0.01983	0.01035	0.06739	0.01216	0.01498	0.00930	0.04606	0.00863	0.00572	0.00467	0.00137	0.04260	0.00387	0.00272	0.00719
4	0.25865	0.27352	0.06924	0.00918	0.01298	0.01458	0.00840	0.09052	0.01204	0.01927	0.01182	0.11070	0.01136	0.04351	0.00543	0.00174	0.00519	0.00511	0.00343	0.03333
5	0.00674	0.00485	0.00639	0.00763	0.00801	0.00451	0.00510	0.00772	0.01069	0.01417	0.03157	0.77116	0.06654	0.01722	0.00705	0.00223	0.00320	0.01558	0.00514	0.00451
6	0.00963	0.00933	0.08731	0.00882	0.01119	0.00740	0.00744	0.03607	0.06142	0.01715	0.13876	0.11533	0.02490	0.20238	0.01138	0.00265	0.00471	0.10578	0.00433	0.13402
7	0.01152	0.01072	0.01439	0.36778	0.04981	0.04580	0.01113	0.01452	0.01153	0.01606	0.00980	0.01299	0.00780	0.00486	0.00485	0.00134	0.00596	0.00410	0.00287	0.39217
8	0.02069	0.02640	0.01569	0.01427	0.01712	0.78313	0.01070	0.02212	0.01569	0.01355	0.00856	0.00999	0.00713	0.00571	0.00499	0.00143	0.00999	0.00357	0.00285	0.00642
9	0.01278	0.01095	0.01221	0.04652	0.01500	0.01185	0.00865	0.02422	0.51831	0.02121	0.02003	0.02203	0.01600	0.00740	0.00550	0.00173	0.00452	0.06536	0.00498	0.17075
10	0.02069	0.02640	0.01569	0.01427	0.01712	0.78313	0.01070	0.02212	0.01569	0.01355	0.00856	0.00999	0.00713	0.00571	0.00499	0.00143	0.00999	0.00357	0.00285	0.00642
11	0.01057	0.01000	0.01664	0.73785	0.03650	0.01263	0.01515	0.01409	0.01089	0.01409	0.00966	0.01458	0.00737	0.00583	0.00642	0.00189	0.06230	0.00492	0.00246	0.00615
12	0.01268	0.01195	0.01542	0.01580	0.20256	0.06317	0.04406	0.01538	0.01217	0.01769	0.01055	0.01363	0.00899	0.00478	0.00473	0.00117	0.00540	0.02585	0.00315	0.51088
13	0.03723	0.00750	0.01000	0.00889	0.01065	0.00757	0.02899	0.01450	0.03651	0.16990	0.22976	0.04636	0.02721	0.18013	0.03985	0.00290	0.05985	0.07132	0.00500	0.00590
14	0.01278	0.01202	0.01464	0.04277	0.01576	0.13667	0.13116	0.03857	0.01369	0.06370	0.14425	0.12099	0.07964	0.00873	0.00654	0.00172	0.04588	0.00759	0.00420	0.09869
15	0.01460	0.01388	0.14781	0.10583	0.01959	0.03628	0.08470	0.02069	0.16662	0.18352	0.07362	0.04556	0.01612	0.00734	0.00581	0.00183	0.00601	0.03787	0.00457	0.00773
16	0.04804	0.09013	0.21552	0.04930	0.05758	0.01340	0.27752	0.04370	0.01293	0.07063	0.01389	0.01581	0.05477	0.00569	0.00562	0.00174	0.00747	0.00549	0.00318	0.00760
17	0.01544	0.22666	0.13789	0.01172	0.01615	0.06280	0.01113	0.23714	0.06844	0.02157	0.04875	0.01588	0.05719	0.00672	0.00557	0.00160	0.03871	0.00495	0.00391	0.00776
18	0.04046	0.21560	0.20728	0.01196	0.01708	0.01605	0.01206	0.26150	0.06865	0.02282	0.03498	0.01464	0.04123	0.00628	0.00499	0.00159	0.00616	0.00471	0.00390	0.00807
19	0.01570	0.34515	0.18640	0.01187	0.01709	0.03042	0.01204	0.22161	0.06079	0.02082	0.01082	0.01164	0.00844	0.00559	0.00463	0.00149	0.00638	0.00401	0.01708	0.00804
20	0.06928	0.32736	0.22760	0.01200	0.01745	0.04579	0.01253	0.19195	0.01493	0.02024	0.00967	0.01075	0.00756	0.00540	0.00454	0.00150	0.00662	0.00378	0.00320	0.00785
21	0.03294	0.31152	0.29090	0.01251	0.01836	0.01728	0.01357	0.20522	0.01515	0.02048	0.00993	0.01101	0.00764	0.00542	0.00467	0.00152	0.00673	0.00388	0.00319	0.00806
22	0.01395	0.40879	0.29210	0.01221	0.01804	0.01752	0.02928	0.09163	0.01296	0.01720	0.00947	0.01083	0.00756	0.00517	0.00444	0.00145	0.00671	0.00372	0.02930	0.00767
23	0.01485	0.35338	0.22678	0.01179	0.01716	0.01695	0.01236	0.08882	0.12656	0.06420	0.01194	0.01245	0.00919	0.00561	0.00464	0.00152	0.00624	0.00412	0.00343	0.00801
24	0.08269	0.45993	0.25799	0.01134	0.01695	0.01790	0.01255	0.01751	0.04956	0.01593	0.00915	0.01037	0.00749	0.00508	0.00418	0.00144	0.00641	0.00348	0.00261	0.00743
25	0.01463	0.30901	0.30840	0.01258	0.01838	0.05199	0.01371	0.09957	0.06465	0.04306	0.01069	0.01162	0.00822	0.00545	0.00469	0.00153	0.00684	0.00395	0.00310	0.00793
26	0.01455	0.40102	0.19640	0.01162	0.01685	0.01791	0.01201	0.10881	0.13707	0.01841	0.01135	0.01202	0.00899	0.00555	0.00453	0.00149	0.00621	0.00401	0.00329	0.00791
27	0.05024	0.26909	0.20877	0.01210	0.01741	0.02927	0.01231	0.23241	0.06191	0.04068	0.01117	0.01186	0.00848	0.00568	0.00475	0.00155	0.00641	0.00411	0.00365	0.00815
28	0.05474	0.20464	0.20213	0.01235	0.01755	0.02956	0.01234	0.30249	0.05580	0.02375	0.01165	0.01305	0.00897	0.00601	0.00495	0.00160	0.00643	0.01986	0.00387	0.00824
29	0.02871	0.38522	0.15385	0.01148	0.01645	0.05731	0.01142	0.12283	0.10644	0.04143	0.01119	0.01181	0.00881	0.00556	0.00452	0.00147	0.00630	0.00396	0.00339	0.00784
30	0.10616	0.18134	0.32145	0.01243	0.01825	0.01511	0.01354	0.14759	0.04257	0.07605	0.01118	0.01197	0.00821	0.00559	0.00480	0.00162	0.00653	0.00409	0.00348	0.00806

[dist]
# distance from previous block
# <min> <max>
0	41

# created by:
# /st0/software/busco_prod/Augustus/scripts/msa2prfl.pl ./align_prep/68763.fa
