[name]
unknown

[dist]
# distance from previous block
# <min> <max>
0	69

[block]
# block no. 0 follows, 47 sequences, length 11
# corresponding to MSA columns:
# 76-86
name=unknown_A
#
# <colnr> <probs for GDERKNQSTAVLIFYWHMCP>
#	G	D	E	R	K	N	Q	S	T	A	V	L	I	F	Y	W	H	M	C	P
0	0.01456	0.01186	0.01188	0.01023	0.01306	0.07950	0.00812	0.34165	0.13526	0.02346	0.02075	0.11938	0.09427	0.00879	0.00553	0.00171	0.00498	0.05566	0.03228	0.00709
1	0.01536	0.09260	0.01419	0.01031	0.01355	0.01335	0.00848	0.43810	0.07156	0.02594	0.12303	0.08753	0.01786	0.00794	0.00536	0.00162	0.00487	0.03592	0.00494	0.00748
2	0.01471	0.11192	0.04116	0.01055	0.01390	0.01372	0.00882	0.32964	0.21312	0.02358	0.01672	0.14908	0.01465	0.00789	0.00524	0.00166	0.00491	0.00644	0.00470	0.00761
3	0.01466	0.33098	0.05996	0.01019	0.01415	0.01575	0.00940	0.27625	0.04332	0.02043	0.01478	0.01828	0.06120	0.00680	0.00473	0.00150	0.00541	0.08120	0.00381	0.00720
4	0.01306	0.18921	0.40313	0.01259	0.01843	0.01467	0.01414	0.14452	0.10755	0.01902	0.01090	0.01174	0.00815	0.00533	0.00470	0.00154	0.00648	0.00402	0.00310	0.00775
5	0.01742	0.10004	0.16341	0.01221	0.01707	0.01584	0.01156	0.54750	0.02050	0.02761	0.01136	0.01179	0.00820	0.00582	0.00497	0.00153	0.00609	0.00433	0.00433	0.00841
6	0.29951	0.01271	0.14722	0.00892	0.01264	0.01086	0.00846	0.17687	0.01318	0.02222	0.01556	0.01679	0.09973	0.03207	0.00509	0.00169	0.00473	0.00476	0.10061	0.00638
7	0.44892	0.01201	0.01269	0.01573	0.26738	0.08740	0.00941	0.01564	0.01059	0.01973	0.01060	0.01224	0.04804	0.00527	0.00416	0.00157	0.00519	0.00391	0.00304	0.00648
8	0.02336	0.00886	0.01209	0.00927	0.01329	0.00765	0.00765	0.02538	0.01491	0.78810	0.02055	0.01773	0.01289	0.00645	0.00524	0.00161	0.00443	0.00524	0.00645	0.00886
9	0.01169	0.00923	0.01089	0.00782	0.01241	0.00699	0.00628	0.01398	0.01109	0.07171	0.01006	0.01129	0.00808	0.00404	0.00395	0.00083	0.00390	0.00324	0.00332	0.78919
10	0.11653	0.15185	0.39809	0.01217	0.01782	0.13072	0.01358	0.01661	0.01122	0.01613	0.00854	0.01000	0.00659	0.00484	0.00436	0.00145	0.00688	0.00342	0.00247	0.06674

[dist]
# distance from previous block
# <min> <max>
0	2

[block]
# block no. 1 follows, 47 sequences, length 8
# corresponding to MSA columns:
# 89-96
name=unknown_B
#
# <colnr> <probs for GDERKNQSTAVLIFYWHMCP>
#	G	D	E	R	K	N	Q	S	T	A	V	L	I	F	Y	W	H	M	C	P
0	0.01800	0.02127	0.01494	0.07638	0.06763	0.60139	0.01058	0.02052	0.06349	0.04424	0.00960	0.01095	0.00767	0.00546	0.00483	0.00142	0.00845	0.00378	0.00297	0.00642
1	0.00757	0.00505	0.00568	0.00568	0.00568	0.00505	0.00316	0.00757	0.00757	0.01010	0.01641	0.03408	0.01893	0.81698	0.02651	0.00505	0.00505	0.00757	0.00316	0.00316
2	0.01187	0.01252	0.01880	0.17223	0.02101	0.07337	0.16529	0.01415	0.00985	0.01355	0.00816	0.01228	0.00706	0.00710	0.01157	0.00199	0.42598	0.00480	0.00239	0.00601
3	0.00650	0.00519	0.00582	0.00588	0.00730	0.00451	0.00433	0.00806	0.01236	0.01575	0.24032	0.15165	0.48807	0.01295	0.00622	0.00178	0.00264	0.01110	0.00507	0.00451
4	0.01834	0.01386	0.01481	0.01169	0.01559	0.01547	0.00954	0.60926	0.18474	0.03046	0.01436	0.01398	0.01036	0.00643	0.00523	0.00161	0.00539	0.00494	0.00523	0.00873
5	0.01505	0.01118	0.01257	0.01036	0.01322	0.01244	0.00826	0.45155	0.07427	0.02466	0.01390	0.01716	0.01142	0.09828	0.19765	0.00358	0.00752	0.00529	0.00442	0.00721
6	0.06717	0.04915	0.01340	0.01012	0.01373	0.01239	0.00824	0.30226	0.14294	0.24667	0.01597	0.01613	0.01155	0.05880	0.00641	0.00182	0.00494	0.00503	0.00519	0.00810
7	0.01796	0.01524	0.01558	0.01253	0.01561	0.11801	0.01024	0.50851	0.01969	0.02587	0.01071	0.01186	0.00814	0.00675	0.00768	0.00169	0.17738	0.00449	0.00425	0.00781

[dist]
# distance from previous block
# <min> <max>
7	49

[block]
# block no. 2 follows, 47 sequences, length 12
# corresponding to MSA columns:
# 148-159
name=unknown_C
#
# <colnr> <probs for GDERKNQSTAVLIFYWHMCP>
#	G	D	E	R	K	N	Q	S	T	A	V	L	I	F	Y	W	H	M	C	P
0	0.13664	0.01057	0.03247	0.00932	0.01237	0.03551	0.00762	0.18622	0.09865	0.16851	0.03879	0.12299	0.07782	0.00835	0.00526	0.00171	0.00452	0.03074	0.00492	0.00701
1	0.30877	0.01171	0.09863	0.00924	0.01305	0.01058	0.00836	0.05741	0.07843	0.26741	0.01368	0.01350	0.00954	0.00583	0.00481	0.00163	0.03055	0.00423	0.04540	0.00726
2	0.03877	0.01044	0.01210	0.07446	0.01464	0.02955	0.00828	0.18315	0.11266	0.08727	0.06736	0.09856	0.01489	0.00733	0.00593	0.00157	0.05997	0.00587	0.00437	0.16281
3	0.16816	0.01124	0.01358	0.09503	0.07862	0.01306	0.02698	0.09825	0.26514	0.05078	0.01339	0.01433	0.01022	0.00636	0.00646	0.00176	0.11069	0.00477	0.00396	0.00723
4	0.00763	0.00596	0.00902	0.00913	0.01021	0.00595	0.06402	0.00970	0.03103	0.01424	0.04507	0.40695	0.02743	0.01882	0.15318	0.00328	0.00587	0.16342	0.00432	0.00476
5	0.01059	0.01144	0.07989	0.54591	0.19385	0.01195	0.01506	0.01411	0.01068	0.01433	0.00929	0.01334	0.00719	0.00521	0.00561	0.00171	0.03645	0.00456	0.00236	0.00646
6	0.00971	0.00485	0.00485	0.00485	0.00607	0.00485	0.00364	0.01213	0.01092	0.01942	0.01699	0.01942	0.01335	0.00607	0.00364	0.00121	0.00243	0.00485	0.84589	0.00485
7	0.01008	0.00843	0.00985	0.00778	0.01133	0.00689	0.00598	0.01306	0.07277	0.01644	0.01384	0.14865	0.01341	0.04202	0.00544	0.00127	0.00379	0.00550	0.00357	0.59992
8	0.00632	0.00464	0.00593	0.00696	0.00748	0.00425	0.00470	0.00728	0.01025	0.01341	0.03225	0.70094	0.14479	0.01585	0.00657	0.00206	0.00296	0.01424	0.00483	0.00425
9	0.00971	0.00485	0.00485	0.00485	0.00607	0.00485	0.00364	0.01213	0.01092	0.01942	0.01699	0.01942	0.01335	0.00607	0.00364	0.00121	0.00243	0.00485	0.84589	0.00485
10	0.16917	0.01034	0.01097	0.01073	0.06347	0.07338	0.00783	0.08970	0.02945	0.01813	0.01352	0.09379	0.02985	0.04060	0.04438	0.00215	0.15802	0.00556	0.12315	0.00582
11	0.04232	0.01122	0.01598	0.05699	0.23359	0.01167	0.06201	0.18914	0.06951	0.11450	0.01534	0.05277	0.04226	0.00822	0.04915	0.00201	0.00600	0.00564	0.00407	0.00763

[dist]
# distance from previous block
# <min> <max>
0	2

[block]
# block no. 3 follows, 47 sequences, length 19
# corresponding to MSA columns:
# 162-180
name=unknown_D
#
# <colnr> <probs for GDERKNQSTAVLIFYWHMCP>
#	G	D	E	R	K	N	Q	S	T	A	V	L	I	F	Y	W	H	M	C	P
0	0.01433	0.01312	0.01874	0.01462	0.01740	0.03097	0.17699	0.24448	0.03241	0.02008	0.00986	0.01244	0.00794	0.00682	0.00988	0.00184	0.31248	0.00488	0.00337	0.04732
1	0.01378	0.01139	0.02093	0.25911	0.05019	0.01176	0.30654	0.03192	0.03630	0.16108	0.01226	0.01471	0.00879	0.00530	0.00596	0.00173	0.03245	0.00537	0.00337	0.00706
2	0.01238	0.01145	0.01669	0.36803	0.02523	0.03790	0.08293	0.14094	0.04248	0.01703	0.01005	0.01348	0.00787	0.00719	0.03262	0.00201	0.15746	0.00481	0.00297	0.00647
3	0.01140	0.01167	0.01774	0.42757	0.09925	0.08013	0.10590	0.01438	0.01074	0.01387	0.00916	0.01327	0.00734	0.00671	0.03229	0.00198	0.12331	0.00473	0.00242	0.00614
4	0.00745	0.00505	0.00598	0.00609	0.00620	0.00512	0.00364	0.00771	0.00787	0.01058	0.01728	0.10346	0.01976	0.66815	0.10010	0.00511	0.00574	0.00803	0.00327	0.00340
5	0.01128	0.01127	0.01612	0.01373	0.01392	0.01554	0.03348	0.01254	0.00812	0.01264	0.00719	0.01179	0.00708	0.01001	0.04375	0.00247	0.75641	0.00464	0.00231	0.00570
6	0.00971	0.00485	0.00485	0.00485	0.00607	0.00485	0.00364	0.01213	0.01092	0.01942	0.01699	0.01942	0.01335	0.00607	0.00364	0.00121	0.00243	0.00485	0.84589	0.00485
7	0.05119	0.00997	0.01618	0.43576	0.28544	0.01127	0.01362	0.01421	0.01087	0.01557	0.01001	0.01377	0.00788	0.00507	0.00496	0.00162	0.00616	0.00457	0.07537	0.00653
8	0.01817	0.13494	0.04232	0.01182	0.01564	0.23045	0.00990	0.34436	0.07402	0.05231	0.01136	0.01170	0.00855	0.00577	0.00479	0.00146	0.00661	0.00413	0.00403	0.00768
9	0.00971	0.00485	0.00485	0.00485	0.00607	0.00485	0.00364	0.01213	0.01092	0.01942	0.01699	0.01942	0.01335	0.00607	0.00364	0.00121	0.00243	0.00485	0.84589	0.00485
10	0.00696	0.00531	0.00639	0.00612	0.00753	0.00474	0.00459	0.00903	0.01377	0.01858	0.53501	0.04270	0.29732	0.01151	0.00615	0.00168	0.00252	0.00995	0.00543	0.00474
11	0.01072	0.01016	0.01721	0.58160	0.25185	0.01180	0.01490	0.01408	0.01083	0.01438	0.00941	0.01360	0.00732	0.00504	0.00519	0.00168	0.00672	0.00463	0.00239	0.00650
12	0.01730	0.01951	0.01552	0.01432	0.05941	0.45594	0.01068	0.13147	0.01452	0.01598	0.00855	0.01052	0.00715	0.00631	0.00762	0.00160	0.19024	0.00390	0.00297	0.00651
13	0.85377	0.01007	0.00765	0.00685	0.01007	0.01168	0.00564	0.01531	0.00886	0.02336	0.00725	0.00846	0.00564	0.00483	0.00322	0.00161	0.00403	0.00282	0.00322	0.00564
14	0.01544	0.29052	0.01768	0.01081	0.01372	0.39209	0.00882	0.01686	0.01215	0.01233	0.00899	0.01192	0.00822	0.06232	0.09534	0.00230	0.00833	0.00369	0.00257	0.00591
15	0.00673	0.00518	0.00544	0.00544	0.00649	0.00466	0.00363	0.00751	0.01014	0.01247	0.03808	0.04364	0.47423	0.33763	0.01437	0.00309	0.00361	0.00961	0.00416	0.00390
16	0.01023	0.00856	0.01004	0.00940	0.01149	0.00929	0.03108	0.01883	0.41429	0.01898	0.11985	0.19253	0.06813	0.01008	0.00585	0.00185	0.00378	0.04405	0.00512	0.00656
17	0.01111	0.01101	0.01589	0.15531	0.01765	0.01517	0.01194	0.01267	0.00841	0.01267	0.00727	0.01184	0.00686	0.00841	0.01496	0.00218	0.66407	0.00457	0.00229	0.00571
18	0.01704	0.01322	0.01560	0.01515	0.15307	0.01447	0.01053	0.43552	0.20012	0.04930	0.01432	0.01437	0.01054	0.00616	0.00522	0.00161	0.00539	0.00498	0.00480	0.00860

[dist]
# distance from previous block
# <min> <max>
3	13

[block]
# block no. 4 follows, 47 sequences, length 150
# corresponding to MSA columns:
# 194-343
name=unknown_E
#
# <colnr> <probs for GDERKNQSTAVLIFYWHMCP>
#	G	D	E	R	K	N	Q	S	T	A	V	L	I	F	Y	W	H	M	C	P
0	0.00977	0.00930	0.03744	0.15827	0.06719	0.00950	0.12344	0.01236	0.02468	0.03709	0.01906	0.24663	0.08208	0.00945	0.00731	0.00188	0.10674	0.00830	0.00351	0.02601
1	0.05670	0.00978	0.01226	0.01196	0.12858	0.00895	0.00806	0.11929	0.01308	0.07968	0.03145	0.11650	0.01270	0.00634	0.00473	0.00130	0.00438	0.00537	0.00387	0.36501
2	0.01045	0.02694	0.79000	0.01484	0.02254	0.01209	0.01924	0.01649	0.01099	0.01649	0.00935	0.01099	0.00660	0.00495	0.00495	0.00165	0.00770	0.00385	0.00220	0.00770
3	0.01421	0.01249	0.01381	0.32612	0.02241	0.13022	0.01076	0.23724	0.01531	0.01995	0.01124	0.01366	0.00847	0.00567	0.00489	0.00154	0.00625	0.00449	0.13467	0.00659
4	0.00683	0.00474	0.00590	0.00663	0.00681	0.00456	0.00417	0.00738	0.00902	0.01202	0.02382	0.50371	0.02828	0.33460	0.01454	0.00328	0.00383	0.01193	0.00417	0.00380
5	0.23984	0.01134	0.01143	0.00961	0.01260	0.01290	0.00764	0.26950	0.20232	0.02424	0.01347	0.01553	0.01080	0.09835	0.00756	0.00205	0.03460	0.00481	0.00436	0.00708
6	0.01111	0.02678	0.73242	0.01474	0.02206	0.07032	0.01856	0.01681	0.01127	0.01621	0.00925	0.01088	0.00661	0.00498	0.00493	0.00163	0.00782	0.00381	0.00223	0.00757
7	0.01289	0.01237	0.02114	0.03196	0.78450	0.01237	0.01598	0.01598	0.01186	0.01701	0.00980	0.01289	0.00825	0.00464	0.00516	0.00155	0.00619	0.00464	0.00258	0.00825
8	0.01229	0.01405	0.03073	0.02195	0.02722	0.01317	0.76558	0.01668	0.01229	0.01668	0.01054	0.01405	0.00790	0.00439	0.00615	0.00176	0.00878	0.00615	0.00263	0.00702
9	0.01152	0.01281	0.02753	0.02004	0.02467	0.01201	0.66697	0.01546	0.01199	0.01624	0.01289	0.11769	0.01134	0.00594	0.00621	0.00180	0.00803	0.00727	0.00292	0.00666
10	0.01082	0.01034	0.01774	0.54956	0.25880	0.01186	0.03851	0.01421	0.01090	0.01452	0.00946	0.01359	0.00736	0.00501	0.00522	0.00168	0.00677	0.00468	0.00240	0.00656
11	0.00749	0.00577	0.00823	0.00836	0.00899	0.00662	0.00628	0.00892	0.00872	0.01233	0.01744	0.23299	0.01859	0.07765	0.47101	0.00597	0.07870	0.00808	0.00332	0.00454
12	0.00769	0.00675	0.00938	0.20504	0.04888	0.00682	0.02314	0.00974	0.01137	0.01413	0.03513	0.10179	0.41519	0.01102	0.00601	0.00183	0.00420	0.07284	0.00406	0.00498
13	0.01783	0.02170	0.01600	0.01724	0.17861	0.60221	0.01125	0.02002	0.04136	0.01397	0.00889	0.01049	0.00736	0.00527	0.00481	0.00140	0.00852	0.00372	0.00275	0.00658
14	0.00665	0.00504	0.00618	0.00700	0.00775	0.00472	0.00482	0.00837	0.05059	0.01391	0.03355	0.60548	0.19645	0.01515	0.00647	0.00202	0.00300	0.01350	0.00486	0.00448
15	0.01181	0.01211	0.02296	0.23475	0.28753	0.01255	0.28547	0.01541	0.01151	0.01576	0.00983	0.01353	0.00773	0.00484	0.00589	0.00170	0.03186	0.00518	0.00252	0.00707
16	0.14497	0.01014	0.01154	0.00953	0.01306	0.01048	0.00773	0.08794	0.23332	0.36891	0.01820	0.01735	0.01272	0.00655	0.00500	0.00167	0.00440	0.02290	0.00548	0.00810
17	0.43652	0.01004	0.01024	0.00890	0.03600	0.03294	0.00698	0.01993	0.01180	0.36023	0.01322	0.01271	0.00895	0.00555	0.00422	0.00160	0.00443	0.00396	0.00461	0.00716
18	0.01050	0.01088	0.00963	0.00966	0.01062	0.21789	0.00705	0.01157	0.01106	0.01308	0.02123	0.46578	0.05123	0.01233	0.00746	0.00192	0.10899	0.01027	0.00393	0.00491
19	0.01733	0.01198	0.01794	0.02113	0.37505	0.05835	0.06803	0.03526	0.01347	0.30778	0.01385	0.01458	0.00989	0.00538	0.00523	0.00157	0.00590	0.00490	0.00410	0.00827
20	0.01275	0.13383	0.06090	0.01013	0.01340	0.03934	0.00863	0.03198	0.45701	0.03795	0.12075	0.01941	0.01797	0.00695	0.00507	0.00162	0.00454	0.00566	0.00464	0.00747
21	0.00679	0.00480	0.00625	0.00700	0.00732	0.00471	0.00464	0.00763	0.00933	0.01258	0.04196	0.51794	0.02861	0.20754	0.10445	0.00353	0.00477	0.01188	0.00422	0.00404
22	0.01604	0.02061	0.32337	0.01327	0.01868	0.09907	0.01363	0.38784	0.01807	0.02415	0.01077	0.01157	0.00773	0.00564	0.00505	0.00157	0.00691	0.00421	0.00374	0.00809
23	0.05557	0.01467	0.01619	0.01324	0.03418	0.16702	0.12687	0.22025	0.12091	0.12879	0.01473	0.01494	0.03645	0.00606	0.00521	0.00159	0.00635	0.00503	0.00433	0.00762
24	0.01137	0.01122	0.02023	0.38857	0.30684	0.01214	0.14435	0.01486	0.01126	0.01524	0.00967	0.01355	0.00758	0.00486	0.00535	0.00167	0.00698	0.00489	0.00247	0.00690
25	0.23457	0.00666	0.00757	0.00735	0.00895	0.00761	0.00578	0.01140	0.00894	0.01638	0.01268	0.01706	0.01110	0.02417	0.44652	0.00532	0.00929	0.00471	0.14898	0.00495
26	0.01060	0.01950	0.47970	0.01238	0.01787	0.01076	0.01425	0.03081	0.13247	0.03260	0.11364	0.03936	0.03572	0.00678	0.00529	0.00169	0.00604	0.01985	0.00347	0.00723
27	0.01028	0.01012	0.03495	0.39151	0.13295	0.01138	0.06306	0.01342	0.02384	0.01441	0.02673	0.08888	0.01152	0.00706	0.00700	0.00184	0.10873	0.03343	0.00281	0.00610
28	0.00716	0.00511	0.00693	0.00796	0.00857	0.00502	0.00595	0.00854	0.01030	0.01368	0.02630	0.45974	0.03024	0.07501	0.07066	0.00291	0.00458	0.24244	0.00454	0.00436
29	0.00657	0.00509	0.00605	0.00671	0.00781	0.00457	0.00497	0.00789	0.01113	0.01399	0.03939	0.35492	0.37156	0.01461	0.00651	0.00200	0.00312	0.12390	0.00483	0.00439
30	0.04182	0.04367	0.32425	0.16095	0.11883	0.01227	0.11953	0.01672	0.04463	0.05319	0.01046	0.01269	0.00772	0.00502	0.00510	0.00165	0.00701	0.00449	0.00270	0.00730
31	0.01192	0.06853	0.15009	0.15273	0.19946	0.03665	0.23682	0.01578	0.01156	0.01586	0.00994	0.01296	0.00772	0.00478	0.00522	0.00161	0.00722	0.00480	0.03927	0.00706
32	0.01088	0.01124	0.05073	0.11833	0.10449	0.01236	0.12520	0.03336	0.03084	0.01485	0.01233	0.14634	0.01206	0.00828	0.00966	0.00196	0.28143	0.00653	0.00295	0.00619
33	0.01051	0.00984	0.01612	0.44702	0.21178	0.01166	0.01351	0.01337	0.01024	0.01390	0.00972	0.01469	0.00816	0.04615	0.05143	0.00228	0.09619	0.00482	0.00244	0.00618
34	0.01517	0.01188	0.01608	0.01256	0.01600	0.01255	0.15283	0.38643	0.04202	0.04727	0.05584	0.11872	0.01464	0.00753	0.00584	0.00168	0.02456	0.00659	0.04441	0.00741
35	0.05151	0.01599	0.01394	0.01148	0.01494	0.27669	0.00914	0.23162	0.01710	0.26034	0.01313	0.01289	0.00920	0.00605	0.00536	0.00153	0.03248	0.00434	0.00457	0.00768
36	0.23628	0.01956	0.47863	0.01141	0.01706	0.01105	0.01357	0.01561	0.01041	0.01871	0.00978	0.01141	0.00722	0.00506	0.00432	0.00158	0.00603	0.00370	0.11184	0.00678
37	0.01531	0.13193	0.01910	0.18892	0.05820	0.37474	0.10908	0.01765	0.01275	0.01351	0.00861	0.01100	0.00698	0.00504	0.00483	0.00146	0.00808	0.00398	0.00253	0.00631
38	0.00748	0.00603	0.00895	0.24294	0.01594	0.00648	0.00766	0.00932	0.01066	0.01411	0.10173	0.47277	0.05133	0.01234	0.00615	0.00194	0.00411	0.01112	0.00418	0.00477
39	0.01266	0.00869	0.01385	0.13965	0.05088	0.00865	0.11788	0.05485	0.01274	0.18173	0.04036	0.17757	0.05867	0.00912	0.00592	0.00184	0.00523	0.08893	0.00440	0.00639
40	0.23695	0.00733	0.00773	0.00730	0.00935	0.00757	0.00580	0.03330	0.01103	0.11775	0.01999	0.02923	0.08359	0.13450	0.00830	0.00227	0.00412	0.15958	0.10895	0.00537
41	0.01459	0.09586	0.48847	0.01264	0.01895	0.01158	0.01485	0.01904	0.01211	0.24435	0.01246	0.01274	0.00847	0.00534	0.00488	0.00159	0.00653	0.00416	0.00346	0.00795
42	0.00619	0.00528	0.00533	0.00531	0.00706	0.00441	0.00399	0.00755	0.01196	0.01428	0.07508	0.04977	0.75993	0.01311	0.00615	0.00175	0.00263	0.01094	0.00486	0.00441
43	0.01262	0.01210	0.02065	0.10044	0.71814	0.01230	0.01585	0.01574	0.01173	0.01668	0.00975	0.01298	0.00813	0.00469	0.00516	0.00156	0.00625	0.00464	0.00255	0.00803
44	0.01490	0.01100	0.02040	0.21162	0.04681	0.01086	0.31017	0.01826	0.01255	0.24413	0.01336	0.01523	0.00932	0.00526	0.00554	0.00169	0.00677	0.00542	0.02951	0.00723
45	0.01199	0.01124	0.01835	0.31895	0.40007	0.01257	0.01471	0.05476	0.01167	0.01610	0.00950	0.01312	0.00768	0.00530	0.00615	0.00168	0.07178	0.00463	0.00259	0.00715
46	0.04976	0.01120	0.01637	0.27682	0.15295	0.01248	0.07090	0.10041	0.18492	0.05251	0.01290	0.01476	0.00967	0.00562	0.00521	0.00168	0.00595	0.00499	0.00359	0.00732
47	0.01208	0.21339	0.33184	0.01827	0.19735	0.01435	0.11038	0.01618	0.01126	0.01561	0.00909	0.01118	0.00717	0.00469	0.00476	0.00151	0.00697	0.00407	0.00235	0.00749
48	0.01304	0.01420	0.02328	0.13757	0.23503	0.11419	0.33035	0.01684	0.03370	0.01591	0.01012	0.01325	0.00793	0.00478	0.00552	0.00164	0.00775	0.00514	0.00265	0.00709
49	0.01101	0.00602	0.00759	0.00713	0.00898	0.00530	0.00536	0.01257	0.01257	0.22227	0.15060	0.26553	0.24074	0.01191	0.00605	0.00181	0.00320	0.01033	0.00541	0.00562
50	0.04792	0.11221	0.20366	0.01502	0.01998	0.13918	0.22567	0.10937	0.02789	0.01777	0.01018	0.02910	0.00802	0.00524	0.00507	0.00157	0.00747	0.00464	0.00293	0.00712
51	0.00773	0.00681	0.00685	0.00741	0.00842	0.07535	0.00520	0.00934	0.04175	0.01379	0.03300	0.50521	0.23159	0.01413	0.00629	0.00194	0.00353	0.01240	0.00466	0.00460
52	0.00628	0.00480	0.00577	0.00654	0.00737	0.00429	0.00452	0.00733	0.01065	0.01357	0.03736	0.53878	0.30366	0.01519	0.00647	0.00199	0.00288	0.01343	0.00483	0.00429
53	0.01236	0.01349	0.02080	0.33451	0.06498	0.13078	0.26313	0.01563	0.01160	0.01447	0.00936	0.01304	0.00728	0.00519	0.00624	0.00171	0.06165	0.00494	0.00249	0.00635
54	0.03818	0.01286	0.04508	0.14261	0.32799	0.01275	0.25244	0.04847	0.01209	0.01708	0.00988	0.01315	0.00780	0.00487	0.00579	0.00167	0.03225	0.00504	0.00267	0.00734
55	0.00812	0.00631	0.00758	0.00815	0.00916	0.00657	0.00575	0.01272	0.21495	0.01557	0.02669	0.60083	0.02947	0.01384	0.00629	0.00202	0.00332	0.01242	0.00496	0.00530
56	0.00661	0.00535	0.00593	0.00606	0.00764	0.00467	0.00469	0.00821	0.01221	0.01514	0.14535	0.07313	0.56478	0.01310	0.00630	0.00184	0.00291	0.10662	0.00495	0.00451
57	0.13968	0.01609	0.23379	0.01138	0.01620	0.02462	0.01130	0.19702	0.11331	0.16603	0.01338	0.01330	0.00937	0.00580	0.00485	0.00163	0.00565	0.00441	0.00426	0.00793
58	0.09360	0.01381	0.14676	0.01366	0.09469	0.07786	0.08096	0.12207	0.01296	0.01829	0.01553	0.25521	0.01559	0.00853	0.00545	0.00175	0.00573	0.00745	0.00365	0.00646
59	0.01286	0.01196	0.01840	0.05989	0.54212	0.01254	0.01383	0.02897	0.20936	0.01830	0.01276	0.01462	0.01018	0.00531	0.00520	0.00161	0.00568	0.00496	0.00331	0.00815
60	0.11571	0.03120	0.01770	0.34535	0.14467	0.01246	0.12603	0.04035	0.08493	0.01706	0.01049	0.01343	0.00805	0.00514	0.00506	0.00168	0.00640	0.00471	0.00290	0.00670
61	0.07396	0.06265	0.08452	0.01260	0.05260	0.01094	0.14296	0.06072	0.08510	0.04440	0.04137	0.02501	0.16132	0.00791	0.00604	0.00175	0.04294	0.07290	0.00384	0.00648
62	0.01468	0.01126	0.01358	0.23683	0.06241	0.12767	0.03308	0.03918	0.03658	0.20112	0.03500	0.07391	0.01283	0.07067	0.00698	0.00192	0.00604	0.00576	0.00391	0.00656
63	0.00643	0.00483	0.00596	0.00663	0.00744	0.00436	0.00461	0.00764	0.01110	0.01449	0.13276	0.50863	0.23672	0.01474	0.00645	0.00196	0.00285	0.01308	0.00495	0.00436
64	0.05026	0.01499	0.22457	0.13854	0.02186	0.01140	0.18363	0.01721	0.10265	0.07725	0.03223	0.03668	0.03908	0.00604	0.00558	0.00172	0.02052	0.00549	0.00332	0.00699
65	0.01203	0.01549	0.22224	0.11775	0.13670	0.06731	0.03027	0.07367	0.06412	0.03635	0.11951	0.03238	0.02370	0.00649	0.00532	0.00165	0.00612	0.01841	0.00347	0.00701
66	0.00687	0.00524	0.00749	0.12751	0.01182	0.00534	0.00629	0.00816	0.01004	0.01330	0.02577	0.69295	0.03029	0.01464	0.00643	0.00206	0.00361	0.01327	0.00445	0.00446
67	0.17314	0.01099	0.01669	0.22834	0.17075	0.01193	0.12207	0.09705	0.01231	0.03113	0.01111	0.04887	0.00930	0.00581	0.00508	0.00169	0.00610	0.02778	0.00316	0.00671
68	0.01252	0.05472	0.48359	0.01243	0.01816	0.01059	0.01443	0.03085	0.01183	0.15500	0.01423	0.11623	0.01189	0.00690	0.00520	0.00169	0.00631	0.02262	0.00342	0.00737
69	0.01105	0.01127	0.02170	0.21468	0.19389	0.01144	0.31687	0.01447	0.01143	0.01549	0.01241	0.11739	0.01118	0.00619	0.00576	0.00175	0.00701	0.00656	0.00283	0.00663
70	0.01087	0.01174	0.06116	0.47172	0.14212	0.01208	0.18601	0.01463	0.01108	0.01478	0.00963	0.01362	0.00733	0.00492	0.00540	0.00171	0.00729	0.00493	0.00242	0.00653
71	0.01356	0.37426	0.02141	0.22573	0.11978	0.13795	0.01149	0.01584	0.01135	0.01323	0.00824	0.01058	0.00696	0.00482	0.00429	0.00137	0.00661	0.00361	0.00237	0.00654
72	0.01100	0.01890	0.44065	0.01314	0.01804	0.01139	0.03557	0.01599	0.06752	0.06032	0.02809	0.11117	0.01197	0.00730	0.00704	0.00181	0.12429	0.00570	0.00309	0.00701
73	0.00654	0.00470	0.00640	0.03486	0.00851	0.00449	0.00516	0.00745	0.00990	0.01317	0.02748	0.76341	0.03278	0.01598	0.00698	0.02594	0.00320	0.01416	0.00467	0.00423
74	0.19353	0.00975	0.01244	0.26857	0.01964	0.01146	0.00979	0.10588	0.01188	0.09832	0.01091	0.01346	0.00829	0.00810	0.05853	0.00214	0.09172	0.00438	0.05489	0.00630
75	0.01185	0.18754	0.16203	0.13618	0.25549	0.01362	0.06744	0.01506	0.01096	0.01489	0.00956	0.03282	0.00808	0.00554	0.00555	0.02899	0.02049	0.00446	0.00244	0.00701
76	0.04281	0.02940	0.03116	0.05194	0.01471	0.00934	0.00842	0.11935	0.01554	0.55136	0.05797	0.01733	0.01346	0.00645	0.00517	0.00160	0.00472	0.00520	0.00574	0.00832
77	0.01660	0.02063	0.01272	0.01167	0.01415	0.62620	0.00875	0.01794	0.01414	0.01303	0.01764	0.01813	0.17315	0.00704	0.00501	0.00143	0.00794	0.00499	0.00315	0.00569
78	0.01436	0.00961	0.03066	0.30962	0.02113	0.01004	0.01005	0.13286	0.01351	0.21329	0.02931	0.01904	0.03801	0.11635	0.00815	0.00212	0.00564	0.00548	0.00408	0.00667
79	0.01231	0.27265	0.22548	0.01594	0.19507	0.01441	0.01296	0.04865	0.05231	0.01598	0.01121	0.08011	0.01000	0.00587	0.00466	0.00150	0.00599	0.00478	0.00282	0.00728
80	0.01029	0.00926	0.01514	0.02214	0.47564	0.00914	0.01155	0.01251	0.01111	0.01553	0.01731	0.33119	0.01866	0.00928	0.00575	0.00177	0.00493	0.00868	0.00347	0.00665
81	0.01085	0.00985	0.01579	0.70678	0.05756	0.01202	0.01409	0.08322	0.01176	0.01523	0.00957	0.01372	0.00716	0.00529	0.00521	0.00171	0.00681	0.00463	0.00259	0.00615
82	0.01065	0.01027	0.02945	0.02160	0.46196	0.02491	0.01179	0.01321	0.01198	0.01610	0.04111	0.02733	0.21863	0.00793	0.00561	0.00168	0.00512	0.07045	0.00344	0.00679
83	0.01463	0.01557	0.01735	0.01827	0.21423	0.22648	0.10491	0.02142	0.27650	0.01746	0.01335	0.01434	0.01043	0.00565	0.00520	0.00159	0.00667	0.00491	0.00355	0.00749
84	0.00634	0.00453	0.00604	0.00725	0.00755	0.00423	0.00483	0.00725	0.00997	0.01329	0.02870	0.81358	0.03444	0.01632	0.00665	0.00211	0.00302	0.01480	0.00483	0.00423
85	0.01080	0.00926	0.01080	0.00771	0.01234	0.00694	0.00617	0.01311	0.01080	0.01697	0.00926	0.01080	0.00771	0.00386	0.00386	0.00077	0.00386	0.00309	0.00309	0.84882
86	0.01287	0.01341	0.01855	0.30182	0.35907	0.14211	0.04718	0.01586	0.01185	0.01498	0.00935	0.01271	0.00752	0.00495	0.00514	0.00159	0.00710	0.00449	0.00250	0.00696
87	0.00785	0.00545	0.00773	0.00773	0.00871	0.00621	0.00598	0.00982	0.00884	0.01343	0.01450	0.02027	0.01308	0.03302	0.65132	0.00706	0.01184	0.00545	0.15704	0.00469
88	0.01204	0.33159	0.01735	0.00819	0.01275	0.01237	0.00726	0.01410	0.01071	0.01509	0.00845	0.00983	0.00730	0.00409	0.00365	0.00091	0.00454	0.00297	0.00274	0.51405
89	0.01140	0.40353	0.03716	0.00918	0.04529	0.05040	0.00784	0.01397	0.06146	0.01382	0.02351	0.02329	0.26553	0.00760	0.00459	0.00141	0.00476	0.00585	0.00333	0.00609
90	0.01301	0.01274	0.02143	0.03108	0.73225	0.03043	0.05007	0.01612	0.01194	0.01690	0.00979	0.01286	0.00820	0.00465	0.00519	0.00155	0.00638	0.00468	0.00258	0.00814
91	0.00737	0.00532	0.00696	0.00655	0.00778	0.00491	0.00491	0.00983	0.01474	0.02088	0.78175	0.03890	0.04914	0.01065	0.00614	0.00164	0.00246	0.00942	0.00573	0.00491
92	0.01272	0.01233	0.02141	0.06515	0.71143	0.01238	0.05589	0.01590	0.01182	0.01683	0.00981	0.01299	0.00817	0.00465	0.00521	0.00157	0.00636	0.00472	0.00257	0.00808
93	0.01213	0.01288	0.17365	0.04723	0.01539	0.04697	0.01077	0.01755	0.15962	0.11267	0.02049	0.03015	0.05037	0.00898	0.00609	0.00191	0.02453	0.23765	0.00428	0.00668
94	0.00632	0.00463	0.00594	0.00700	0.00749	0.00425	0.00472	0.00728	0.01022	0.01339	0.03182	0.71462	0.13139	0.01591	0.00658	0.00207	0.00297	0.01431	0.00483	0.00425
95	0.15084	0.02032	0.41966	0.01264	0.01850	0.01330	0.01409	0.25167	0.01488	0.02273	0.00999	0.01105	0.00715	0.00534	0.00475	0.00162	0.00648	0.00394	0.00331	0.00772
96	0.01346	0.54246	0.23064	0.01080	0.01605	0.04579	0.01176	0.05034	0.01148	0.01434	0.00807	0.00929	0.00676	0.00470	0.00391	0.00129	0.00628	0.00318	0.00237	0.00703
97	0.00748	0.00544	0.00765	0.00765	0.00833	0.00612	0.00561	0.00884	0.00816	0.01156	0.01461	0.02411	0.01460	0.24747	0.59010	0.00748	0.01156	0.00611	0.00289	0.00425
98	0.00737	0.00532	0.00696	0.00655	0.00778	0.00491	0.00491	0.00983	0.01474	0.02088	0.78175	0.03890	0.04914	0.01065	0.00614	0.00164	0.00246	0.00942	0.00573	0.00491
99	0.00953	0.00553	0.00713	0.00734	0.00844	0.00509	0.00525	0.01068	0.01087	0.14250	0.04563	0.41878	0.09482	0.13489	0.00939	0.00245	0.00365	0.06825	0.00487	0.00492
100	0.15419	0.49835	0.02081	0.04687	0.01394	0.01723	0.00854	0.11241	0.01206	0.01688	0.00916	0.05211	0.00828	0.00542	0.00383	0.00134	0.00526	0.00377	0.00292	0.00662
101	0.01113	0.01058	0.01796	0.47691	0.35330	0.01191	0.01511	0.01444	0.01103	0.01488	0.00948	0.01346	0.00750	0.00497	0.00518	0.00166	0.00662	0.00463	0.00243	0.00683
102	0.00797	0.00607	0.00748	0.00753	0.00867	0.00608	0.00556	0.07549	0.01224	0.01630	0.14862	0.35657	0.18556	0.01538	0.06916	0.00242	0.03389	0.02539	0.00475	0.00488
103	0.01065	0.13030	0.59825	0.01337	0.01988	0.01250	0.01652	0.01569	0.01113	0.01596	0.03114	0.01561	0.00981	0.00587	0.00496	0.00164	0.00702	0.06995	0.00253	0.00723
104	0.01177	0.01777	0.31581	0.09280	0.37030	0.01230	0.04709	0.02826	0.02406	0.01680	0.00983	0.01240	0.00762	0.00486	0.00512	0.00162	0.00690	0.00442	0.00250	0.00778
105	0.01158	0.00898	0.00939	0.00794	0.01066	0.00907	0.00632	0.30946	0.01688	0.02152	0.03675	0.03516	0.47489	0.01043	0.00578	0.00168	0.00387	0.00849	0.00498	0.00617
106	0.05456	0.16634	0.43860	0.01241	0.01813	0.10937	0.01418	0.03932	0.01172	0.01614	0.01059	0.01191	0.03377	0.00527	0.00454	0.00150	0.00691	0.00386	0.03385	0.00702
107	0.01246	0.01212	0.01875	0.14100	0.40456	0.03628	0.03194	0.03867	0.02319	0.01579	0.00921	0.01268	0.00779	0.00594	0.00814	0.00176	0.20532	0.00464	0.00259	0.00717
108	0.00773	0.00641	0.00985	0.32417	0.01881	0.00715	0.00866	0.00966	0.01015	0.01330	0.02097	0.49568	0.02351	0.01190	0.00607	0.00196	0.00458	0.01076	0.00383	0.00485
109	0.01069	0.01013	0.01717	0.58714	0.24647	0.01180	0.01489	0.01406	0.01082	0.01435	0.00941	0.01360	0.00731	0.00505	0.00519	0.00168	0.00673	0.00463	0.00239	0.00648
110	0.01507	0.07953	0.36584	0.01374	0.01958	0.03714	0.12069	0.03446	0.01264	0.23251	0.01251	0.01309	0.00860	0.00529	0.00507	0.00160	0.00679	0.00448	0.00353	0.00782
111	0.01213	0.01155	0.03241	0.22603	0.10727	0.01218	0.18875	0.08198	0.17066	0.01827	0.01338	0.04274	0.01056	0.00584	0.00542	0.00170	0.00628	0.00560	0.04019	0.00706
112	0.00889	0.00798	0.01103	0.01037	0.01067	0.01012	0.00814	0.01004	0.00890	0.01282	0.01751	0.29655	0.05273	0.01556	0.10982	0.00295	0.38897	0.00858	0.00336	0.00499
113	0.04294	0.01096	0.01338	0.01143	0.01423	0.07772	0.10251	0.03173	0.25765	0.14166	0.01892	0.13588	0.01639	0.00891	0.02237	0.00194	0.02888	0.05093	0.00461	0.00698
114	0.27268	0.01361	0.14114	0.01019	0.01445	0.03464	0.02126	0.08888	0.10637	0.22765	0.01343	0.01320	0.00936	0.00570	0.00458	0.00163	0.00515	0.00426	0.00433	0.00750
115	0.00679	0.00487	0.00650	0.00731	0.00793	0.00457	0.00520	0.00822	0.01132	0.01535	0.21036	0.55237	0.03755	0.01476	0.00658	0.00203	0.00306	0.08575	0.00505	0.00445
116	0.00890	0.00848	0.01607	0.01328	0.01567	0.00796	0.30758	0.01135	0.01114	0.01488	0.02194	0.40365	0.04123	0.01131	0.00649	0.00199	0.00548	0.08325	0.00396	0.00540
117	0.01298	0.49379	0.25099	0.01145	0.01677	0.04436	0.04499	0.01653	0.03934	0.01407	0.00855	0.00983	0.00705	0.00473	0.00406	0.00133	0.00641	0.00338	0.00237	0.00703
118	0.02688	0.01297	0.05195	0.29334	0.21443	0.05210	0.01327	0.18888	0.06069	0.01951	0.01078	0.01321	0.00820	0.00541	0.00513	0.00163	0.00641	0.00459	0.00325	0.00735
119	0.00692	0.00549	0.00704	0.00831	0.06511	0.00499	0.00537	0.00836	0.01148	0.01498	0.14911	0.37655	0.29012	0.01353	0.00629	0.00188	0.00304	0.01193	0.00480	0.00469
120	0.01196	0.01196	0.02196	0.22909	0.41337	0.01235	0.19160	0.01546	0.01159	0.01598	0.00983	0.01342	0.00783	0.00473	0.00540	0.00164	0.00699	0.00499	0.00252	0.00732
121	0.01179	0.05683	0.10758	0.01955	0.02470	0.01285	0.59812	0.01598	0.01191	0.01621	0.01145	0.06665	0.00947	0.00524	0.00591	0.00174	0.00812	0.00631	0.00271	0.00689
122	0.03306	0.00794	0.06264	0.02299	0.01079	0.00677	0.00690	0.01391	0.08200	0.14892	0.17359	0.26914	0.02750	0.06524	0.00731	0.00206	0.00390	0.04460	0.00494	0.00579
123	0.01550	0.01067	0.01490	0.12637	0.21573	0.01125	0.01099	0.03960	0.24684	0.22811	0.01621	0.01634	0.01169	0.00599	0.00523	0.00166	0.00517	0.00518	0.00449	0.00809
124	0.00983	0.00926	0.01562	0.80447	0.03587	0.01157	0.01446	0.01331	0.01041	0.01331	0.00926	0.01388	0.00694	0.00521	0.00521	0.00174	0.00694	0.00463	0.00231	0.00579
125	0.01172	0.25334	0.06475	0.39065	0.02531	0.01493	0.04054	0.04462	0.01092	0.01402	0.00863	0.01180	0.00695	0.00532	0.00570	0.00159	0.07639	0.00408	0.00241	0.00633
126	0.17646	0.17575	0.01952	0.01300	0.01641	0.15453	0.16970	0.07055	0.01199	0.01695	0.00841	0.01051	0.00692	0.00548	0.00628	0.00159	0.12270	0.00400	0.00281	0.00645
127	0.00653	0.00529	0.00580	0.00567	0.00727	0.00456	0.00425	0.00821	0.01276	0.01619	0.27988	0.04662	0.55394	0.01240	0.00615	0.00172	0.00258	0.01050	0.00512	0.00456
128	0.05157	0.05069	0.05585	0.08284	0.03747	0.13143	0.45540	0.01676	0.01208	0.01579	0.00958	0.01260	0.00741	0.00480	0.00588	0.00167	0.03374	0.00513	0.00259	0.00670
129	0.01249	0.01525	0.08891	0.02237	0.12459	0.04208	0.58135	0.01673	0.01222	0.01656	0.01025	0.01348	0.00780	0.00450	0.00587	0.00170	0.00838	0.00567	0.00259	0.00720
130	0.00634	0.00453	0.00604	0.00725	0.00755	0.00423	0.00483	0.00725	0.00997	0.01329	0.02870	0.81358	0.03444	0.01632	0.00665	0.00211	0.00302	0.01480	0.00483	0.00423
131	0.00727	0.00532	0.00682	0.00644	0.00772	0.00487	0.00483	0.00963	0.01449	0.02030	0.71908	0.03986	0.11218	0.01086	0.00614	0.00165	0.00247	0.00955	0.00566	0.00487
132	0.01189	0.01331	0.13670	0.29599	0.14473	0.01223	0.04156	0.04251	0.19519	0.03500	0.01264	0.01466	0.00948	0.00556	0.00522	0.00169	0.00623	0.00488	0.00326	0.00728
133	0.00723	0.00549	0.00766	0.00766	0.00866	0.00605	0.00584	0.00887	0.00889	0.01227	0.02060	0.02641	0.14180	0.09182	0.60804	0.00702	0.01141	0.00663	0.00316	0.00450
134	0.00643	0.00529	0.00566	0.00557	0.00720	0.00451	0.00417	0.00801	0.01252	0.01562	0.21847	0.04757	0.61571	0.01261	0.00615	0.00173	0.00260	0.01063	0.00504	0.00451
135	0.00757	0.00505	0.00568	0.00568	0.00568	0.00505	0.00316	0.00757	0.00757	0.01010	0.01641	0.03408	0.01893	0.81698	0.02651	0.00505	0.00505	0.00757	0.00316	0.00316
136	0.01085	0.00942	0.01149	0.00821	0.01286	0.00716	0.03248	0.01324	0.01085	0.01696	0.00930	0.01091	0.00772	0.00388	0.00394	0.00081	0.00403	0.00319	0.00307	0.81966
137	0.00622	0.00528	0.00537	0.00534	0.00707	0.00442	0.00401	0.00760	0.01202	0.01443	0.09163	0.04952	0.74328	0.01305	0.00615	0.00175	0.00263	0.01091	0.00488	0.00442
138	0.01805	0.01291	0.01424	0.01173	0.03274	0.01418	0.00931	0.45163	0.24154	0.11382	0.01587	0.01511	0.01134	0.00647	0.00524	0.00163	0.00513	0.00510	0.00531	0.00866
139	0.01107	0.02159	0.48748	0.05340	0.02479	0.01245	0.28163	0.01641	0.01142	0.01641	0.00976	0.01220	0.00707	0.00476	0.00538	0.00169	0.00804	0.00469	0.00236	0.00737
140	0.01078	0.00735	0.00869	0.00782	0.00994	0.00735	0.00603	0.01631	0.21808	0.11968	0.38348	0.03241	0.13193	0.00948	0.00580	0.00168	0.00318	0.00814	0.00559	0.00625
141	0.00693	0.00533	0.00634	0.00616	0.00760	0.00475	0.00466	0.00893	0.01350	0.01798	0.46393	0.04410	0.33991	0.01180	0.00619	0.00171	0.00262	0.03755	0.00534	0.00470
142	0.00958	0.00632	0.00792	0.00788	0.00915	0.00617	0.00572	0.10762	0.01314	0.07600	0.17066	0.50060	0.03232	0.01317	0.00626	0.00191	0.00337	0.01173	0.00518	0.00531
143	0.01536	0.01464	0.01879	0.07420	0.40406	0.13028	0.03946	0.20302	0.01535	0.02005	0.01020	0.01238	0.00807	0.00518	0.00514	0.00154	0.00669	0.00451	0.00323	0.00787
144	0.01231	0.31032	0.14181	0.29531	0.05415	0.07700	0.01289	0.01534	0.01097	0.01353	0.00846	0.01101	0.00683	0.00488	0.00444	0.00146	0.00672	0.00373	0.00230	0.00653
145	0.01416	0.02203	0.48217	0.01371	0.02000	0.01371	0.01553	0.31489	0.01636	0.02298	0.01060	0.01159	0.00750	0.00547	0.00505	0.00161	0.00691	0.00418	0.00340	0.00816
146	0.05266	0.01360	0.02383	0.03685	0.16187	0.01367	0.38913	0.20462	0.01507	0.02102	0.01072	0.01319	0.00808	0.00494	0.00558	0.00166	0.00729	0.00532	0.00329	0.00762
147	0.01099	0.01004	0.01690	0.15284	0.01968	0.01055	0.23261	0.10914	0.01219	0.01642	0.01454	0.16854	0.01428	0.11264	0.00919	0.00223	0.05303	0.00737	0.00338	0.02343
148	0.01363	0.00959	0.01348	0.26925	0.02060	0.01011	0.04258	0.11342	0.05961	0.15834	0.01423	0.06291	0.01152	0.07030	0.00687	0.00186	0.00549	0.00554	0.00395	0.10673
149	0.15483	0.01229	0.01398	0.12584	0.16243	0.08997	0.01020	0.15376	0.03627	0.06309	0.02908	0.01303	0.00919	0.00543	0.00468	0.00151	0.00561	0.00429	0.03489	0.06961

[dist]
# distance from previous block
# <min> <max>
5	26

[block]
# block no. 5 follows, 47 sequences, length 23
# corresponding to MSA columns:
# 370-392
name=unknown_F
#
# <colnr> <probs for GDERKNQSTAVLIFYWHMCP>
#	G	D	E	R	K	N	Q	S	T	A	V	L	I	F	Y	W	H	M	C	P
0	0.01610	0.10527	0.01561	0.22521	0.07670	0.01194	0.01038	0.14006	0.03590	0.23820	0.01363	0.01454	0.00967	0.00571	0.00490	0.00155	0.00545	0.00465	0.05709	0.00746
1	0.01440	0.12808	0.33006	0.01281	0.01808	0.05686	0.01353	0.24289	0.05904	0.02074	0.01050	0.01151	0.00784	0.00562	0.00541	0.00157	0.04588	0.00408	0.00332	0.00775
2	0.08796	0.01109	0.01141	0.01026	0.01323	0.01284	0.00801	0.02657	0.70674	0.02193	0.01995	0.01845	0.01498	0.00687	0.00511	0.00175	0.00411	0.00561	0.00511	0.00801
3	0.00837	0.00701	0.00835	0.00940	0.09951	0.00653	0.00630	0.07654	0.01300	0.01623	0.04182	0.04318	0.55374	0.01168	0.00605	0.00177	0.00353	0.07712	0.00460	0.00528
4	0.01843	0.01518	0.08490	0.10480	0.01785	0.19118	0.01062	0.12377	0.01486	0.29386	0.01333	0.01361	0.00925	0.00606	0.00585	0.00160	0.05857	0.00449	0.00427	0.00754
5	0.01651	0.01584	0.28149	0.01286	0.01779	0.01066	0.08129	0.02002	0.01251	0.36148	0.01417	0.01433	0.00956	0.00606	0.00661	0.00172	0.10027	0.00476	0.00415	0.00792
6	0.00656	0.00490	0.00558	0.00613	0.00718	0.00436	0.00432	0.00779	0.01093	0.01420	0.03875	0.39078	0.37736	0.01396	0.00615	0.00187	0.00279	0.01216	0.07986	0.00436
7	0.09499	0.01121	0.01287	0.01014	0.01402	0.01155	0.00831	0.27957	0.10695	0.37041	0.01667	0.01530	0.01121	0.00631	0.00506	0.00161	0.00481	0.00491	0.00560	0.00850
8	0.08868	0.47105	0.20041	0.01063	0.01551	0.10893	0.01114	0.01639	0.01101	0.01428	0.00782	0.00910	0.00657	0.00471	0.00386	0.00131	0.00637	0.00310	0.00236	0.00675
9	0.02336	0.00886	0.01209	0.00927	0.01329	0.00765	0.00765	0.02538	0.01491	0.78810	0.02055	0.01773	0.01289	0.00645	0.00524	0.00161	0.00443	0.00524	0.00645	0.00886
10	0.01323	0.01344	0.10742	0.02063	0.36136	0.01229	0.01298	0.02097	0.29827	0.06314	0.01464	0.01540	0.01119	0.00569	0.00519	0.00164	0.00549	0.00505	0.00378	0.00822
11	0.01434	0.01651	0.01527	0.35577	0.02437	0.36495	0.01212	0.01658	0.01208	0.01296	0.00843	0.01157	0.00682	0.00574	0.00637	0.00162	0.10207	0.00405	0.00248	0.00589
12	0.01215	0.01049	0.01101	0.00997	0.01278	0.01195	0.00774	0.02530	0.68544	0.02088	0.02490	0.02303	0.10593	0.00778	0.00540	0.00177	0.00395	0.00649	0.00524	0.00779
13	0.02134	0.01211	0.01410	0.01081	0.01491	0.01247	0.00893	0.44615	0.02034	0.35966	0.01598	0.01476	0.01060	0.00634	0.00522	0.00158	0.00517	0.00493	0.00574	0.00886
14	0.00744	0.00558	0.00837	0.00837	0.00930	0.00651	0.00651	0.00930	0.00837	0.01209	0.01395	0.02046	0.01302	0.03906	0.79635	0.00837	0.01395	0.00558	0.00279	0.00465
15	0.00668	0.00530	0.00600	0.00583	0.00736	0.00462	0.00437	0.00849	0.01311	0.01702	0.36822	0.04526	0.46508	0.01209	0.00615	0.00171	0.00256	0.01031	0.00522	0.00462
16	0.00983	0.00926	0.01562	0.80447	0.03587	0.01157	0.01446	0.01331	0.01041	0.01331	0.00926	0.01388	0.00694	0.00521	0.00521	0.00174	0.00694	0.00463	0.00231	0.00579
17	0.85377	0.01007	0.00765	0.00685	0.01007	0.01168	0.00564	0.01531	0.00886	0.02336	0.00725	0.00846	0.00564	0.00483	0.00322	0.00161	0.00403	0.00282	0.00322	0.00564
18	0.01267	0.01297	0.02458	0.02837	0.51306	0.01266	0.28467	0.01623	0.01201	0.01689	0.01006	0.01330	0.00812	0.00455	0.00551	0.00162	0.00712	0.00518	0.00260	0.00781
19	0.00905	0.00452	0.00678	0.00678	0.00678	0.00452	0.00452	0.00678	0.00678	0.00905	0.00905	0.01583	0.00905	0.01809	0.02035	0.84848	0.00452	0.00452	0.00226	0.00226
20	0.00704	0.00531	0.00650	0.00620	0.00757	0.00477	0.00465	0.00918	0.01395	0.01901	0.58136	0.04198	0.25069	0.01135	0.00615	0.00167	0.00251	0.00985	0.00549	0.00477
21	0.00700	0.00483	0.00583	0.00635	0.00653	0.00468	0.00390	0.00743	0.00873	0.01159	0.02271	0.37183	0.04617	0.44889	0.01736	0.00369	0.00411	0.01079	0.00393	0.00365
22	0.01178	0.01254	0.02235	0.01725	0.01953	0.01475	0.33776	0.01433	0.00984	0.01433	0.00844	0.01254	0.00730	0.00707	0.01235	0.00205	0.46183	0.00524	0.00243	0.00627

[dist]
# distance from previous block
# <min> <max>
0	1

[block]
# block no. 6 follows, 47 sequences, length 37
# corresponding to MSA columns:
# 400-436
name=unknown_G
#
# <colnr> <probs for GDERKNQSTAVLIFYWHMCP>
#	G	D	E	R	K	N	Q	S	T	A	V	L	I	F	Y	W	H	M	C	P
0	0.01688	0.41507	0.02143	0.01046	0.01477	0.01837	0.00941	0.39349	0.01757	0.02259	0.00989	0.01044	0.00778	0.00536	0.00428	0.00134	0.00565	0.00374	0.00373	0.00778
1	0.43914	0.01232	0.01162	0.00940	0.01309	0.01390	0.00776	0.38909	0.01663	0.02807	0.00986	0.01047	0.00724	0.00554	0.00421	0.00159	0.00487	0.00375	0.00421	0.00724
2	0.00677	0.00512	0.00550	0.00559	0.00650	0.00466	0.00368	0.00750	0.00991	0.01233	0.03559	0.09952	0.40396	0.35388	0.01481	0.00318	0.00369	0.00982	0.00412	0.00386
3	0.43442	0.01234	0.01166	0.00943	0.01313	0.01393	0.00778	0.39335	0.01672	0.02812	0.00989	0.01049	0.00726	0.00555	0.00422	0.00159	0.00488	0.00376	0.00422	0.00726
4	0.01045	0.02694	0.79000	0.01484	0.02254	0.01209	0.01924	0.01649	0.01099	0.01649	0.00935	0.01099	0.00660	0.00495	0.00495	0.00165	0.00770	0.00385	0.00220	0.00770
5	0.00740	0.00543	0.00701	0.00693	0.00821	0.00504	0.00540	0.00971	0.01392	0.01915	0.56424	0.04367	0.13312	0.01160	0.00633	0.00178	0.00288	0.13786	0.00546	0.00483
6	0.01229	0.01405	0.03073	0.02195	0.02722	0.01317	0.76558	0.01668	0.01229	0.01668	0.01054	0.01405	0.00790	0.00439	0.00615	0.00176	0.00878	0.00615	0.00263	0.00702
7	0.00927	0.00827	0.01188	0.01082	0.01132	0.01088	0.00877	0.01080	0.00819	0.01229	0.01066	0.01626	0.01016	0.02520	0.43567	0.00555	0.38122	0.00511	0.00255	0.00513
8	0.00831	0.00705	0.01065	0.36538	0.02033	0.00782	0.00912	0.01104	0.01228	0.01645	0.32779	0.06975	0.09632	0.00873	0.00575	0.00172	0.00452	0.00769	0.00407	0.00522
9	0.00615	0.00528	0.00528	0.00528	0.00703	0.00440	0.00396	0.00747	0.01187	0.01407	0.05276	0.05012	0.78238	0.01319	0.00615	0.00176	0.00264	0.01099	0.00484	0.00440
10	0.00717	0.00532	0.00669	0.00634	0.00766	0.00483	0.00476	0.00944	0.01427	0.01977	0.66275	0.04073	0.16883	0.01106	0.00614	0.00166	0.00249	0.00967	0.00559	0.00483
