[name]
unknown

[dist]
# distance from previous block
# <min> <max>
0	253

[block]
# block no. 0 follows, 48 sequences, length 29
# corresponding to MSA columns:
# 253-281
name=unknown_A
#
# <colnr> <probs for GDERKNQSTAVLIFYWHMCP>
#	G	D	E	R	K	N	Q	S	T	A	V	L	I	F	Y	W	H	M	C	P
0	0.04915	0.10552	0.22833	0.01144	0.01613	0.15537	0.01131	0.09636	0.03047	0.14092	0.01152	0.01289	0.00866	0.00549	0.00465	0.00145	0.00634	0.02529	0.00348	0.07521
1	0.04939	0.07487	0.13280	0.05118	0.10104	0.21625	0.01149	0.11538	0.10371	0.06771	0.01114	0.01207	0.00845	0.00548	0.00492	0.00151	0.01786	0.00411	0.00339	0.00724
2	0.15607	0.01514	0.05818	0.01153	0.06413	0.25812	0.00880	0.06188	0.09099	0.03439	0.11463	0.01629	0.04459	0.00631	0.00474	0.00149	0.00583	0.00478	0.00368	0.03840
3	0.00754	0.00570	0.00692	0.00678	0.00813	0.00529	0.00498	0.04369	0.02793	0.01754	0.34595	0.26088	0.18154	0.01204	0.00605	0.00174	0.00285	0.01057	0.00509	0.03881
4	0.85592	0.00992	0.00754	0.00675	0.00992	0.01151	0.00556	0.01508	0.00873	0.02302	0.00714	0.00834	0.00556	0.00476	0.00318	0.00159	0.00397	0.00278	0.00318	0.00556
5	0.01244	0.01221	0.01937	0.11069	0.58203	0.04239	0.01480	0.01522	0.01116	0.01567	0.00917	0.01249	0.00776	0.00521	0.00654	0.00163	0.10676	0.00451	0.00248	0.00747
6	0.00650	0.00465	0.00624	0.00743	0.00784	0.00438	0.00520	0.00758	0.01007	0.01338	0.02814	0.72158	0.03339	0.01584	0.00662	0.00212	0.00320	0.10685	0.00476	0.00424
7	0.01188	0.01794	0.36445	0.01250	0.01757	0.01207	0.03438	0.05487	0.32723	0.03395	0.04978	0.01578	0.01243	0.00606	0.00512	0.00167	0.00578	0.00500	0.00381	0.00773
8	0.01117	0.02486	0.71310	0.01433	0.02154	0.01168	0.03245	0.01703	0.02726	0.06483	0.01017	0.01148	0.00711	0.00500	0.00492	0.00163	0.00733	0.00396	0.00250	0.00765
9	0.01149	0.02515	0.69557	0.01438	0.02147	0.04845	0.03319	0.01696	0.01126	0.06129	0.00982	0.01121	0.00689	0.00497	0.00490	0.00161	0.00750	0.00389	0.00244	0.00756
10	0.02135	0.01141	0.01356	0.01040	0.01443	0.01151	0.00859	0.37855	0.01916	0.43135	0.01649	0.01502	0.01082	0.00626	0.00515	0.00157	0.00497	0.00490	0.00577	0.00873
11	0.00639	0.00475	0.00627	0.03911	0.00851	0.00449	0.00505	0.00746	0.01015	0.01334	0.04654	0.68302	0.11560	0.01518	0.00643	0.00202	0.00308	0.01366	0.00468	0.00426
12	0.01228	0.01176	0.02007	0.13964	0.68280	0.01208	0.01554	0.01538	0.01149	0.01625	0.00958	0.01284	0.00795	0.00465	0.00509	0.00155	0.00620	0.00457	0.00250	0.00779
13	0.00969	0.00912	0.01539	0.80734	0.03534	0.01140	0.01425	0.01311	0.01026	0.01311	0.00912	0.01368	0.00684	0.00513	0.00513	0.00171	0.00684	0.00456	0.00228	0.00570
14	0.01246	0.01195	0.02040	0.09218	0.72882	0.01213	0.01563	0.01554	0.01157	0.01648	0.00961	0.01278	0.00803	0.00462	0.00508	0.00154	0.00615	0.00457	0.00252	0.00794
15	0.01163	0.02484	0.60916	0.01495	0.02149	0.11573	0.07622	0.01671	0.01134	0.01567	0.00906	0.01087	0.00662	0.00500	0.00527	0.00161	0.03037	0.00392	0.00227	0.00726
16	0.00983	0.00926	0.01564	0.77195	0.06966	0.01144	0.01432	0.01323	0.01032	0.01328	0.00914	0.01364	0.00690	0.00510	0.00513	0.00170	0.00681	0.00456	0.00229	0.00581
17	0.00624	0.00452	0.00589	0.00699	0.00740	0.00418	0.00470	0.00716	0.00997	0.01316	0.03013	0.75634	0.09273	0.01583	0.00651	0.00206	0.00295	0.01429	0.00476	0.00418
18	0.01097	0.01133	0.02204	0.32373	0.13508	0.01183	0.33664	0.01460	0.01123	0.01504	0.01068	0.05343	0.00877	0.00525	0.00559	0.00171	0.00732	0.00570	0.00257	0.00648
19	0.01306	0.01734	0.23495	0.01988	0.24927	0.09868	0.13420	0.04510	0.01226	0.05260	0.01083	0.04881	0.00883	0.00547	0.00548	0.00161	0.02649	0.00493	0.00283	0.00735
20	0.00625	0.00447	0.00595	0.00714	0.00744	0.00417	0.00476	0.00714	0.00982	0.01310	0.02828	0.81633	0.03394	0.01608	0.00655	0.00208	0.00298	0.01459	0.00476	0.00417
21	0.01112	0.00999	0.01648	0.58253	0.19879	0.01164	0.01421	0.04448	0.01126	0.03692	0.00968	0.01352	0.00737	0.00508	0.00512	0.00166	0.00656	0.00458	0.00257	0.00644
22	0.09299	0.03742	0.39270	0.24182	0.02385	0.07359	0.01514	0.01543	0.01066	0.01551	0.00877	0.01124	0.00652	0.00507	0.00507	0.00163	0.02973	0.00387	0.00234	0.00664
23	0.01242	0.01246	0.02295	0.02846	0.57608	0.01223	0.20917	0.01575	0.01176	0.01660	0.01022	0.02946	0.00857	0.00474	0.00536	0.00159	0.00669	0.00516	0.00260	0.00774
24	0.01615	0.00898	0.01338	0.19959	0.01849	0.00900	0.06585	0.07001	0.01337	0.36467	0.07053	0.01900	0.01379	0.08535	0.00732	0.00196	0.00528	0.00557	0.00465	0.00705
25	0.01400	0.06318	0.06000	0.01715	0.11407	0.16337	0.26883	0.01820	0.09172	0.06909	0.01309	0.04086	0.03127	0.00562	0.00530	0.00159	0.00708	0.00536	0.00322	0.00698
26	0.04372	0.03593	0.04533	0.01600	0.17434	0.23188	0.05492	0.08026	0.01316	0.09243	0.01176	0.07526	0.01022	0.02962	0.00643	0.00167	0.06186	0.00509	0.00333	0.00678
27	0.01357	0.10453	0.07410	0.01800	0.25630	0.05999	0.08309	0.11238	0.05313	0.04010	0.01211	0.04955	0.02359	0.00559	0.00493	0.00148	0.00597	0.00491	0.00325	0.07344
28	0.22338	0.10995	0.20068	0.01174	0.06566	0.06706	0.01070	0.08039	0.08432	0.01930	0.04599	0.01211	0.00944	0.00533	0.00434	0.00150	0.00559	0.00392	0.00321	0.03539

[dist]
# distance from previous block
# <min> <max>
0	11

[block]
# block no. 1 follows, 48 sequences, length 21
# corresponding to MSA columns:
# 293-313
name=unknown_B
#
# <colnr> <probs for GDERKNQSTAVLIFYWHMCP>
#	G	D	E	R	K	N	Q	S	T	A	V	L	I	F	Y	W	H	M	C	P
0	0.03361	0.05349	0.38755	0.04085	0.01891	0.04496	0.05192	0.05485	0.11200	0.10182	0.01358	0.01420	0.03829	0.00565	0.00496	0.00161	0.00641	0.00456	0.00333	0.00745
1	0.11991	0.07536	0.24919	0.01371	0.10362	0.02233	0.02893	0.14684	0.04667	0.03709	0.03552	0.02533	0.00948	0.00559	0.00497	0.00156	0.02545	0.00436	0.02149	0.02261
2	0.08083	0.02349	0.02625	0.01196	0.06014	0.12470	0.04617	0.26271	0.02481	0.13332	0.05167	0.01520	0.02422	0.03473	0.00565	0.00162	0.00566	0.00480	0.02405	0.03802
3	0.03172	0.03330	0.22964	0.01209	0.04268	0.01082	0.05446	0.11574	0.08970	0.13089	0.10505	0.01619	0.01381	0.00598	0.00503	0.00153	0.00543	0.00499	0.00402	0.08694
4	0.01482	0.04179	0.07304	0.04782	0.22438	0.07074	0.16289	0.03662	0.01286	0.18641	0.02941	0.01580	0.04850	0.00558	0.00525	0.00158	0.00632	0.00519	0.00359	0.00743
5	0.00817	0.05596	0.09051	0.00783	0.00992	0.00694	0.00668	0.01126	0.08353	0.03096	0.14029	0.30379	0.20141	0.01164	0.00584	0.00179	0.00357	0.01010	0.00454	0.00527
6	0.01159	0.01155	0.08578	0.01118	0.09493	0.00875	0.00865	0.07482	0.03059	0.01805	0.00973	0.01122	0.00784	0.00425	0.00418	0.00101	0.00455	0.00347	0.00313	0.59475
7	0.01215	0.01151	0.01886	0.17146	0.56843	0.01211	0.01467	0.01647	0.09199	0.01659	0.01073	0.01356	0.00868	0.00493	0.00510	0.00158	0.00602	0.00470	0.00277	0.00768
8	0.01181	0.01012	0.01276	0.01191	0.13968	0.00857	0.00801	0.08471	0.01208	0.01820	0.00951	0.01114	0.00779	0.00415	0.00414	0.00096	0.00435	0.00344	0.00316	0.63353
9	0.00712	0.00552	0.00654	0.00654	0.00788	0.00514	0.00487	0.00974	0.06445	0.01704	0.34398	0.16890	0.28208	0.01211	0.00612	0.00177	0.00276	0.03750	0.00515	0.00478
10	0.00763	0.00531	0.00611	0.00595	0.00641	0.00507	0.00356	0.00794	0.00801	0.01092	0.01678	0.11368	0.01922	0.65842	0.02196	0.00427	0.00465	0.00779	0.00328	0.08304
11	0.01007	0.00941	0.01540	0.65026	0.10373	0.01100	0.01353	0.01334	0.01043	0.01383	0.00917	0.01327	0.00704	0.00494	0.00499	0.00159	0.00645	0.00440	0.00238	0.09476
12	0.01898	0.01994	0.01472	0.01254	0.01576	0.46123	0.00976	0.30666	0.05647	0.02054	0.01025	0.01092	0.00787	0.00570	0.00485	0.00143	0.00762	0.00393	0.00372	0.00712
13	0.00733	0.00550	0.00825	0.00825	0.00916	0.00641	0.00641	0.00916	0.00825	0.01191	0.01374	0.02016	0.01283	0.03848	0.79934	0.00825	0.01374	0.00550	0.00275	0.00458
14	0.01298	0.01175	0.01955	0.09253	0.45235	0.01204	0.11142	0.01803	0.13672	0.06278	0.01215	0.01426	0.00947	0.00508	0.00524	0.00161	0.00606	0.00500	0.00319	0.00780
15	0.01226	0.01042	0.01285	0.01121	0.09358	0.00952	0.00807	0.12911	0.01258	0.01875	0.00947	0.01116	0.00776	0.00467	0.00521	0.00108	0.07069	0.00356	0.00324	0.56481
16	0.03203	0.10154	0.32124	0.01440	0.01975	0.01211	0.21215	0.01650	0.02085	0.09742	0.03637	0.05117	0.01024	0.00567	0.00542	0.00163	0.02628	0.00513	0.00302	0.00709
17	0.04424	0.23741	0.01673	0.01083	0.01400	0.36120	0.00883	0.06279	0.11693	0.01552	0.01023	0.01106	0.00831	0.00534	0.00426	0.00133	0.00673	0.00364	0.05414	0.00649
18	0.01187	0.12117	0.43520	0.01200	0.02886	0.01156	0.01359	0.01668	0.05767	0.09729	0.01484	0.01535	0.08115	0.00579	0.00478	0.00152	0.00605	0.00455	0.00310	0.05698
19	0.01363	0.01712	0.18279	0.01244	0.04370	0.19543	0.02854	0.13457	0.12975	0.01853	0.05451	0.01763	0.08888	0.00764	0.03069	0.00178	0.00655	0.00523	0.00368	0.00690
20	0.01036	0.01058	0.07523	0.01257	0.13867	0.03618	0.00875	0.03318	0.22745	0.01678	0.02358	0.14698	0.15306	0.05572	0.00668	0.00189	0.00452	0.00762	0.00411	0.02610

[dist]
# distance from previous block
# <min> <max>
0	4

[block]
# block no. 2 follows, 48 sequences, length 10
# corresponding to MSA columns:
# 318-327
name=unknown_C
#
# <colnr> <probs for GDERKNQSTAVLIFYWHMCP>
#	G	D	E	R	K	N	Q	S	T	A	V	L	I	F	Y	W	H	M	C	P
0	0.01197	0.00863	0.00978	0.00858	0.01104	0.00897	0.00681	0.16331	0.18717	0.08138	0.22316	0.03056	0.16004	0.00922	0.00569	0.00170	0.00375	0.05641	0.00529	0.00654
1	0.01003	0.07017	0.00971	0.02164	0.01022	0.00776	0.00614	0.05435	0.10722	0.07425	0.13495	0.31466	0.09365	0.01086	0.00567	0.00172	0.00355	0.00946	0.00476	0.04924
2	0.01060	0.04944	0.17991	0.00911	0.01286	0.00823	0.00888	0.02612	0.04854	0.08923	0.13499	0.05812	0.13018	0.00802	0.00522	0.00153	0.00444	0.05537	0.00408	0.15511
3	0.01463	0.26999	0.11298	0.01332	0.01811	0.01441	0.21807	0.05725	0.07197	0.14328	0.01175	0.01264	0.00872	0.00504	0.00479	0.00149	0.00631	0.00450	0.00337	0.00738
4	0.08510	0.19241	0.26209	0.01099	0.02695	0.04307	0.02618	0.04523	0.01193	0.09876	0.06969	0.05197	0.04254	0.00623	0.00465	0.00151	0.00567	0.00488	0.00333	0.00680
5	0.04118	0.05650	0.07416	0.04149	0.12266	0.01131	0.10771	0.07257	0.01157	0.01696	0.01054	0.06941	0.00935	0.00581	0.00610	0.00146	0.09530	0.00484	0.00298	0.23811
6	0.07376	0.00916	0.01053	0.05250	0.01298	0.00926	0.00719	0.10119	0.17736	0.13623	0.07200	0.08508	0.07543	0.00746	0.00504	0.00154	0.00407	0.00618	0.00466	0.14838
7	0.49532	0.01081	0.05006	0.00923	0.05164	0.01082	0.00737	0.01767	0.09887	0.11966	0.01080	0.01129	0.00799	0.00514	0.00390	0.00154	0.00431	0.00360	0.00372	0.07626
8	0.01260	0.35514	0.07765	0.00920	0.01264	0.15849	0.00847	0.03032	0.01220	0.01450	0.11330	0.01830	0.11291	0.00658	0.00442	0.00134	0.00546	0.00493	0.03553	0.00601
9	0.00684	0.00523	0.00627	0.00601	0.00741	0.00466	0.00451	0.00887	0.01353	0.01821	0.52722	0.04221	0.30763	0.01137	0.00606	0.00166	0.00248	0.00982	0.00534	0.00466

[dist]
# distance from previous block
# <min> <max>
0	1

[block]
# block no. 3 follows, 48 sequences, length 63
# corresponding to MSA columns:
# 329-391
name=unknown_D
#
# <colnr> <probs for GDERKNQSTAVLIFYWHMCP>
#	G	D	E	R	K	N	Q	S	T	A	V	L	I	F	Y	W	H	M	C	P
0	0.01337	0.12202	0.05013	0.02782	0.17291	0.02345	0.01040	0.13852	0.19908	0.04120	0.03223	0.01984	0.04444	0.00682	0.00511	0.00162	0.00517	0.07447	0.00400	0.00740
1	0.01581	0.01380	0.22527	0.01158	0.01596	0.00959	0.06314	0.01932	0.03926	0.36025	0.01740	0.06262	0.04568	0.00689	0.00617	0.00170	0.06795	0.00562	0.00443	0.00757
2	0.00685	0.00523	0.00629	0.00602	0.00741	0.00467	0.00452	0.00888	0.01355	0.01826	0.53235	0.04214	0.30247	0.01135	0.00606	0.00165	0.00248	0.00981	0.00534	0.00467
3	0.07011	0.05918	0.32610	0.01714	0.13851	0.01283	0.15626	0.08641	0.03859	0.01825	0.01065	0.01245	0.02041	0.00502	0.00499	0.00160	0.00682	0.00448	0.00280	0.00742
4	0.07588	0.39881	0.01934	0.00957	0.01330	0.01641	0.00859	0.18537	0.08473	0.04568	0.03822	0.01314	0.01022	0.00578	0.00460	0.00140	0.03203	0.02632	0.00355	0.00706
5	0.01168	0.01300	0.02751	0.01991	0.02446	0.01252	0.66010	0.01564	0.01202	0.01649	0.07029	0.01557	0.01087	0.00511	0.00676	0.00175	0.06062	0.00620	0.00281	0.00667
6	0.00637	0.00457	0.00608	0.00725	0.00763	0.00428	0.00496	0.00736	0.00998	0.01325	0.02865	0.75536	0.04754	0.01590	0.00657	0.00209	0.00308	0.06010	0.00476	0.00421
7	0.01324	0.10484	0.48246	0.01370	0.03313	0.10321	0.01529	0.14304	0.01346	0.01811	0.00938	0.01067	0.00692	0.00508	0.00473	0.00152	0.00721	0.00378	0.00273	0.00750
8	0.00878	0.00968	0.14556	0.00948	0.01165	0.00713	0.00860	0.08621	0.01192	0.01613	0.02306	0.41131	0.02553	0.01266	0.00624	0.00202	0.00447	0.18988	0.00434	0.00536
9	0.00844	0.00546	0.00741	0.00825	0.00928	0.00521	0.00650	0.01008	0.01115	0.07455	0.02800	0.39114	0.05700	0.01437	0.00666	0.00216	0.00385	0.34085	0.00487	0.00477
10	0.01243	0.01407	0.09170	0.08331	0.30759	0.04034	0.21328	0.04282	0.03902	0.01652	0.00993	0.01287	0.00790	0.00514	0.00638	0.00167	0.08020	0.00488	0.00266	0.00729
11	0.01292	0.07709	0.11205	0.01534	0.01980	0.01343	0.30925	0.05893	0.23640	0.04298	0.01335	0.01455	0.01001	0.00549	0.00576	0.00168	0.03471	0.00530	0.00352	0.00743
12	0.01074	0.01070	0.07209	0.00872	0.01347	0.00765	0.03268	0.01381	0.03794	0.01684	0.00959	0.01106	0.00781	0.00401	0.00401	0.00089	0.00427	0.00330	0.00303	0.72740
13	0.00760	0.00587	0.00724	0.00766	0.00917	0.00544	0.00617	0.00981	0.03854	0.01483	0.03319	0.18335	0.25529	0.01309	0.00636	0.00198	0.00368	0.31574	0.00463	0.07035
14	0.00785	0.00850	0.11060	0.00795	0.00995	0.00656	0.00710	0.01052	0.01324	0.01869	0.54878	0.03373	0.11401	0.00989	0.00674	0.00168	0.06585	0.00834	0.00484	0.00521
15	0.00762	0.00548	0.00605	0.00575	0.00756	0.00468	0.00437	0.00920	0.01249	0.07556	0.19555	0.04470	0.57870	0.01198	0.00599	0.00170	0.00270	0.01008	0.00506	0.00477
16	0.01257	0.43255	0.32243	0.01255	0.06160	0.05098	0.01317	0.01596	0.01084	0.01398	0.00812	0.00954	0.00664	0.00463	0.00407	0.00134	0.00650	0.00328	0.00222	0.00703
17	0.01140	0.28359	0.54573	0.01274	0.01929	0.01462	0.01567	0.01596	0.01070	0.01490	0.00854	0.00999	0.00653	0.00472	0.00436	0.00145	0.00691	0.00345	0.00218	0.00726
18	0.00606	0.00520	0.00520	0.00520	0.00693	0.00433	0.00390	0.00736	0.01170	0.01386	0.05198	0.04938	0.78558	0.01299	0.00606	0.00173	0.00260	0.01083	0.00476	0.00433
19	0.01347	0.76430	0.08314	0.00921	0.01383	0.01969	0.00953	0.01543	0.01046	0.01238	0.00729	0.00842	0.00658	0.00443	0.00341	0.00114	0.00564	0.00282	0.00219	0.00666
20	0.00618	0.00510	0.00542	0.00555	0.00705	0.00435	0.00408	0.00750	0.01165	0.01425	0.10258	0.15250	0.62960	0.01323	0.00613	0.00177	0.00264	0.01122	0.00483	0.00435
21	0.01590	0.04007	0.01238	0.01005	0.01321	0.06911	0.00801	0.09284	0.37519	0.20778	0.08393	0.01864	0.01612	0.00683	0.00516	0.00162	0.00457	0.00554	0.00523	0.00783
22	0.01816	0.10014	0.01627	0.01413	0.07554	0.61732	0.01025	0.06303	0.01448	0.01398	0.00824	0.00960	0.00685	0.00520	0.00456	0.00133	0.00843	0.00342	0.00274	0.00634
23	0.00625	0.00447	0.00595	0.00714	0.00744	0.00417	0.00476	0.00714	0.00982	0.01310	0.02828	0.81633	0.03394	0.01608	0.00655	0.00208	0.00298	0.01459	0.00476	0.00417
24	0.02302	0.00873	0.01191	0.00913	0.01310	0.00754	0.00754	0.02501	0.01469	0.79122	0.02024	0.01746	0.01270	0.00635	0.00516	0.00159	0.00437	0.00516	0.00635	0.00873
25	0.01064	0.00912	0.01064	0.00760	0.01216	0.00684	0.00608	0.01292	0.01064	0.01672	0.00912	0.01064	0.00760	0.00380	0.00380	0.00076	0.00380	0.00304	0.00304	0.85104
26	0.00991	0.00935	0.01579	0.75038	0.09057	0.01146	0.01436	0.01330	0.01036	0.01338	0.00916	0.01361	0.00693	0.00509	0.00513	0.00170	0.00679	0.00456	0.00230	0.00588
27	0.01270	0.01219	0.02083	0.03149	0.78767	0.01219	0.01575	0.01575	0.01168	0.01676	0.00965	0.01270	0.00813	0.00457	0.00508	0.00152	0.00610	0.00457	0.00254	0.00813
28	0.00970	0.00814	0.00956	0.00722	0.01097	0.00630	0.00570	0.01193	0.01142	0.01720	0.15167	0.01846	0.07205	0.00568	0.00437	0.00098	0.00346	0.00473	0.00364	0.63683
29	0.01372	0.82276	0.02689	0.00878	0.01317	0.02030	0.00878	0.01536	0.01043	0.01207	0.00713	0.00823	0.00658	0.00439	0.00329	0.00110	0.00549	0.00274	0.00219	0.00658
30	0.00866	0.00455	0.00649	0.00649	0.00649	0.00455	0.00422	0.00682	0.00682	0.00909	0.01019	0.01875	0.01062	0.15851	0.02112	0.70233	0.00455	0.00498	0.00238	0.00238
31	0.01372	0.82276	0.02689	0.00878	0.01317	0.02030	0.00878	0.01536	0.01043	0.01207	0.00713	0.00823	0.00658	0.00439	0.00329	0.00110	0.00549	0.00274	0.00219	0.00658
32	0.00625	0.00447	0.00595	0.00714	0.00744	0.00417	0.00476	0.00714	0.00982	0.01310	0.02828	0.81633	0.03394	0.01608	0.00655	0.00208	0.00298	0.01459	0.00476	0.00417
33	0.01270	0.01219	0.02083	0.03149	0.78767	0.01219	0.01575	0.01575	0.01168	0.01676	0.00965	0.01270	0.00813	0.00457	0.00508	0.00152	0.00610	0.00457	0.00254	0.00813
34	0.00969	0.00912	0.01539	0.80734	0.03534	0.01140	0.01425	0.01311	0.01026	0.01311	0.00912	0.01368	0.00684	0.00513	0.00513	0.00171	0.00684	0.00456	0.00228	0.00570
35	0.01577	0.61795	0.02330	0.00919	0.01337	0.07854	0.00865	0.01745	0.01149	0.14881	0.00950	0.00993	0.00766	0.00480	0.00372	0.00120	0.00558	0.00321	0.00296	0.00691
36	0.01024	0.00596	0.00749	0.00669	0.00861	0.00528	0.00517	0.01229	0.01384	0.17953	0.44003	0.03678	0.22755	0.01026	0.00587	0.00164	0.00287	0.00881	0.00557	0.00552
37	0.02027	0.01365	0.01417	0.01113	0.01500	0.09328	0.00907	0.45288	0.04564	0.25010	0.01446	0.01373	0.00990	0.00615	0.00509	0.00154	0.00559	0.00468	0.00524	0.00842
38	0.01270	0.01217	0.02064	0.03107	0.77222	0.01220	0.01560	0.01598	0.02698	0.01686	0.00988	0.01283	0.00828	0.00462	0.00508	0.00153	0.00606	0.00460	0.00259	0.00813
39	0.01270	0.01219	0.02083	0.03149	0.78767	0.01219	0.01575	0.01575	0.01168	0.01676	0.00965	0.01270	0.00813	0.00457	0.00508	0.00152	0.00610	0.00457	0.00254	0.00813
40	0.00628	0.00448	0.00595	0.00711	0.00740	0.00419	0.00473	0.00715	0.00977	0.01303	0.02801	0.79913	0.03360	0.03373	0.00698	0.00215	0.00302	0.01443	0.00473	0.00414
41	0.01050	0.04584	0.56028	0.04364	0.06933	0.01184	0.10567	0.01558	0.01095	0.01589	0.01041	0.05793	0.00835	0.00543	0.00509	0.00165	0.00726	0.00473	0.00240	0.00725
42	0.01101	0.01046	0.01768	0.42880	0.38408	0.01161	0.01471	0.01420	0.01095	0.01482	0.01034	0.01404	0.02514	0.00505	0.00513	0.00162	0.00640	0.00471	0.00246	0.00680
43	0.00625	0.00447	0.00595	0.00714	0.00744	0.00417	0.00476	0.00714	0.00982	0.01310	0.02828	0.81633	0.03394	0.01608	0.00655	0.00208	0.00298	0.01459	0.00476	0.00417
44	0.01053	0.08305	0.73871	0.01421	0.02157	0.01251	0.01824	0.01619	0.01080	0.01595	0.00906	0.01065	0.00651	0.00484	0.00476	0.00159	0.00743	0.00372	0.00217	0.00751
45	0.01009	0.00952	0.01610	0.70549	0.13411	0.01150	0.01445	0.01346	0.01045	0.01359	0.00919	0.01355	0.00701	0.00506	0.00512	0.00169	0.00674	0.00456	0.00231	0.00602
46	0.01015	0.00959	0.01623	0.68781	0.15125	0.01152	0.01448	0.01352	0.01048	0.01367	0.00920	0.01353	0.00704	0.00504	0.00512	0.00168	0.00673	0.00456	0.00232	0.00607
47	0.01300	0.01114	0.01174	0.01049	0.01343	0.01287	0.00818	0.05329	0.75199	0.02184	0.02058	0.01890	0.01542	0.00693	0.00522	0.00173	0.00412	0.00576	0.00522	0.00814
48	0.01193	0.01507	0.10407	0.02095	0.02637	0.01287	0.69647	0.01642	0.01199	0.01642	0.01027	0.01355	0.00766	0.00438	0.00594	0.00172	0.00855	0.00584	0.00255	0.00698
49	0.01170	0.01113	0.01847	0.02752	0.66972	0.01100	0.01396	0.01448	0.01169	0.01632	0.01605	0.01824	0.12558	0.00584	0.00523	0.00156	0.00557	0.00552	0.00288	0.00755
50	0.02290	0.00892	0.01202	0.00922	0.01319	0.00782	0.00762	0.04995	0.01500	0.76583	0.01998	0.01729	0.01257	0.00634	0.00516	0.00159	0.00441	0.00514	0.00631	0.00873
51	0.00606	0.00520	0.00520	0.00520	0.00693	0.00433	0.00390	0.00736	0.01170	0.01386	0.05198	0.04938	0.78558	0.01299	0.00606	0.00173	0.00260	0.01083	0.00476	0.00433
52	0.05835	0.00975	0.01214	0.00950	0.01335	0.00932	0.00780	0.12266	0.08954	0.58320	0.01869	0.01655	0.01215	0.00631	0.00507	0.00160	0.00449	0.00505	0.00594	0.00853
53	0.01029	0.02654	0.79309	0.01462	0.02221	0.01192	0.01896	0.01625	0.01083	0.01625	0.00921	0.01083	0.00650	0.00487	0.00487	0.00162	0.00758	0.00379	0.00217	0.00758
54	0.00624	0.00449	0.00593	0.00708	0.00742	0.00417	0.00473	0.00715	0.00989	0.01313	0.02912	0.78910	0.06062	0.01597	0.00653	0.00207	0.00296	0.01445	0.00476	0.00417
55	0.00606	0.00520	0.00520	0.00520	0.00693	0.00433	0.00390	0.00736	0.01170	0.01386	0.05198	0.04938	0.78558	0.01299	0.00606	0.00173	0.00260	0.01083	0.00476	0.00433
56	0.00969	0.00912	0.01539	0.80734	0.03534	0.01140	0.01425	0.01311	0.01026	0.01311	0.00912	0.01368	0.00684	0.00513	0.00513	0.00171	0.00684	0.00456	0.00228	0.00570
57	0.01063	0.17219	0.59358	0.01299	0.01945	0.01290	0.01603	0.01542	0.01068	0.01525	0.01022	0.06949	0.00853	0.00561	0.00471	0.00156	0.00686	0.00439	0.00236	0.00715
58	0.00969	0.00912	0.01539	0.80734	0.03534	0.01140	0.01425	0.01311	0.01026	0.01311	0.00912	0.01368	0.00684	0.00513	0.00513	0.00171	0.00684	0.00456	0.00228	0.00570
59	0.00624	0.00452	0.00590	0.00699	0.00740	0.00418	0.00470	0.00716	0.00997	0.01316	0.03012	0.75677	0.09230	0.01584	0.00651	0.00206	0.00295	0.01430	0.00476	0.00418
60	0.01144	0.04656	0.01864	0.07860	0.51258	0.01118	0.05710	0.01425	0.01142	0.01580	0.01378	0.07966	0.03912	0.00648	0.00536	0.00164	0.00580	0.06053	0.00292	0.00713
61	0.01509	0.01092	0.03996	0.01452	0.17847	0.05521	0.00982	0.12416	0.03143	0.21528	0.01755	0.14958	0.01565	0.00822	0.00569	0.00172	0.01726	0.07776	0.00450	0.00721
62	0.24167	0.01866	0.05964	0.01245	0.01593	0.38962	0.09852	0.07657	0.01323	0.01756	0.00842	0.00988	0.00662	0.00508	0.00446	0.00148	0.00739	0.00362	0.00295	0.00627

[dist]
# distance from previous block
# <min> <max>
0	3

[block]
# block no. 4 follows, 48 sequences, length 19
# corresponding to MSA columns:
# 395-413
name=unknown_E
#
# <colnr> <probs for GDERKNQSTAVLIFYWHMCP>
#	G	D	E	R	K	N	Q	S	T	A	V	L	I	F	Y	W	H	M	C	P
0	0.01133	0.08682	0.47294	0.01634	0.02280	0.02956	0.25568	0.01633	0.01128	0.01589	0.00939	0.01154	0.00692	0.00467	0.00512	0.00161	0.00779	0.00441	0.00231	0.00726
1	0.01404	0.62952	0.07467	0.00977	0.01400	0.12893	0.00952	0.01593	0.01096	0.01241	0.00761	0.00896	0.00680	0.00574	0.03153	0.00141	0.00644	0.00299	0.00228	0.00649
2	0.00632	0.00498	0.00545	0.00575	0.00686	0.00439	0.00400	0.00732	0.01058	0.01307	0.04058	0.23972	0.48003	0.13647	0.00924	0.00231	0.00306	0.01126	0.00451	0.00410
3	0.01162	0.12298	0.01213	0.00890	0.01093	0.01048	0.00705	0.23128	0.01408	0.01866	0.05007	0.28604	0.02060	0.09153	0.00801	0.00208	0.03273	0.05070	0.00429	0.00584
4	0.01186	0.01445	0.09708	0.02212	0.14610	0.01249	0.55926	0.01603	0.01186	0.01637	0.01069	0.03733	0.00850	0.00476	0.00581	0.00170	0.00798	0.00587	0.00261	0.00709
5	0.01998	0.00946	0.01303	0.01014	0.01387	0.04062	0.07629	0.02213	0.01416	0.59758	0.03671	0.02061	0.06240	0.00689	0.00536	0.00163	0.00482	0.03071	0.00569	0.00796
6	0.00804	0.00606	0.00753	0.00702	0.00847	0.00596	0.00530	0.01216	0.12209	0.02070	0.67737	0.03563	0.04380	0.00999	0.00593	0.00163	0.00265	0.00879	0.00559	0.00530
7	0.01792	0.02475	0.12417	0.01342	0.01676	0.68823	0.01119	0.01989	0.01402	0.01308	0.00811	0.00948	0.00659	0.00523	0.00466	0.00136	0.00902	0.00337	0.00258	0.00618
8	0.00871	0.12049	0.00946	0.00656	0.00846	0.00703	0.00526	0.01075	0.01318	0.05257	0.44893	0.03484	0.20238	0.00982	0.00553	0.00155	0.00298	0.00834	0.03802	0.00515
9	0.29149	0.00852	0.00965	0.00808	0.01127	0.00836	0.00650	0.01926	0.01207	0.43185	0.01712	0.12699	0.01337	0.00720	0.00471	0.00166	0.00404	0.00571	0.00509	0.00706
10	0.01571	0.01263	0.12189	0.01062	0.01452	0.01113	0.00950	0.09816	0.34628	0.23741	0.05333	0.01771	0.01436	0.00658	0.00518	0.00166	0.00472	0.00538	0.00512	0.00813
11	0.01850	0.01147	0.04935	0.01245	0.07826	0.01071	0.04710	0.25274	0.01686	0.34895	0.05557	0.04739	0.01324	0.00657	0.00528	0.00160	0.00511	0.00551	0.00519	0.00816
12	0.03406	0.01168	0.08689	0.04857	0.01688	0.01106	0.14235	0.01796	0.06872	0.24031	0.04770	0.04802	0.01220	0.00696	0.00788	0.00180	0.18036	0.00558	0.00398	0.00702
13	0.01867	0.01128	0.01251	0.01011	0.01354	0.11985	0.03865	0.05932	0.09587	0.42597	0.08351	0.01871	0.03866	0.00668	0.00520	0.00156	0.00503	0.00546	0.00532	0.02411
14	0.21244	0.04775	0.01437	0.12273	0.01721	0.02393	0.08120	0.21013	0.03237	0.11928	0.04257	0.01422	0.02868	0.00580	0.00474	0.00159	0.00536	0.00464	0.00403	0.00698
15	0.02589	0.05268	0.19523	0.03878	0.01811	0.12217	0.13517	0.05103	0.07899	0.13286	0.04059	0.04182	0.03146	0.00607	0.00516	0.00160	0.00649	0.00521	0.00362	0.00708
16	0.05708	0.02776	0.05057	0.01258	0.06836	0.07078	0.08880	0.09089	0.13534	0.11498	0.01694	0.12822	0.04362	0.00745	0.00564	0.00166	0.03230	0.00634	0.00413	0.03658
17	0.03035	0.01262	0.03847	0.07877	0.03446	0.18767	0.05600	0.08274	0.08296	0.01693	0.10032	0.18960	0.05052	0.00861	0.00547	0.00167	0.00560	0.00735	0.00393	0.00597
18	0.04049	0.16251	0.20920	0.04434	0.04177	0.13100	0.09893	0.01633	0.04671	0.01547	0.05560	0.01259	0.00972	0.00530	0.00511	0.00147	0.03620	0.00421	0.00275	0.06033

[dist]
# distance from previous block
# <min> <max>
0	8

# created by:
# /st0/software/busco_prod/Augustus/scripts/msa2prfl.pl ./align_prep/68918.fa
