[name]
unknown

[dist]
# distance from previous block
# <min> <max>
3	275

[block]
# block no. 0 follows, 48 sequences, length 40
# corresponding to MSA columns:
# 275-314
name=unknown_A
#
# <colnr> <probs for GDERKNQSTAVLIFYWHMCP>
#	G	D	E	R	K	N	Q	S	T	A	V	L	I	F	Y	W	H	M	C	P
0	0.01335	0.01113	0.01155	0.00879	0.01297	0.08690	0.00700	0.07177	0.06407	0.08429	0.01099	0.01178	0.00857	0.00455	0.00419	0.00101	0.00455	0.00355	0.00359	0.57540
1	0.02049	0.01091	0.01252	0.00999	0.01371	0.05859	0.00811	0.13193	0.14901	0.50032	0.01846	0.01651	0.01227	0.00636	0.00513	0.00159	0.00480	0.00508	0.00575	0.00845
2	0.01021	0.00646	0.00811	0.00789	0.00956	0.00607	0.00576	0.01317	0.10637	0.13859	0.05371	0.47886	0.02621	0.01194	0.00587	0.00181	0.00339	0.01063	0.00493	0.09047
3	0.01448	0.01145	0.01815	0.02504	0.55852	0.01147	0.01339	0.01877	0.10765	0.15008	0.01287	0.01432	0.00985	0.00517	0.00511	0.00156	0.00555	0.00483	0.00353	0.00823
4	0.01481	0.58397	0.06877	0.01006	0.01460	0.01824	0.03708	0.12983	0.01279	0.05525	0.00882	0.00967	0.00726	0.00478	0.00386	0.00124	0.00569	0.00333	0.00286	0.00709
5	0.00674	0.00493	0.00699	0.00764	0.00822	0.00518	0.00551	0.00805	0.00911	0.01256	0.02172	0.45715	0.02441	0.02618	0.36420	0.00486	0.00783	0.01049	0.00385	0.00435
6	0.01078	0.00933	0.01133	0.00921	0.06438	0.00720	0.00673	0.01311	0.01071	0.01672	0.00916	0.01078	0.00764	0.00385	0.00389	0.00081	0.00395	0.00314	0.00301	0.79429
7	0.01182	0.01114	0.01807	0.25844	0.46885	0.01203	0.01436	0.01640	0.10653	0.01627	0.01089	0.01379	0.00868	0.00503	0.00511	0.00161	0.00606	0.00472	0.00280	0.00741
8	0.00739	0.00533	0.00703	0.00683	0.00803	0.00497	0.00527	0.00980	0.01419	0.01993	0.69080	0.04076	0.04607	0.01095	0.00618	0.00171	0.00271	0.10171	0.00553	0.00483
9	0.22793	0.05577	0.04159	0.01260	0.14716	0.01021	0.00896	0.02007	0.01230	0.39346	0.01400	0.01360	0.00956	0.00548	0.00454	0.00155	0.00475	0.00428	0.00451	0.00767
10	0.01189	0.01571	0.31267	0.01334	0.11194	0.00944	0.01228	0.01596	0.03331	0.11377	0.07868	0.01607	0.04481	0.00568	0.00487	0.00143	0.00545	0.00473	0.00341	0.18457
11	0.04617	0.48545	0.02132	0.01030	0.01399	0.28846	0.00903	0.01760	0.04230	0.01301	0.00796	0.00902	0.00692	0.00482	0.00383	0.00122	0.00668	0.00306	0.00251	0.00639
12	0.00672	0.00466	0.00582	0.00655	0.00673	0.00448	0.00413	0.00727	0.00892	0.01189	0.02363	0.51591	0.02807	0.32450	0.01406	0.00319	0.00374	0.01185	0.00413	0.00376
13	0.01187	0.01132	0.01888	0.02823	0.69065	0.01121	0.01427	0.01471	0.01168	0.01640	0.01491	0.01726	0.10473	0.00562	0.00520	0.00155	0.00566	0.00535	0.00282	0.00766
14	0.01882	0.01531	0.01493	0.01185	0.01566	0.11293	0.00962	0.60641	0.09492	0.02884	0.01259	0.01259	0.00913	0.00613	0.00508	0.00153	0.00594	0.00457	0.00483	0.00832
15	0.01135	0.01918	0.35076	0.01868	0.02488	0.01253	0.45390	0.01636	0.01157	0.01636	0.00989	0.01258	0.00725	0.00456	0.00556	0.00169	0.00820	0.00510	0.00242	0.00720
16	0.00625	0.00447	0.00595	0.00714	0.00744	0.00417	0.00476	0.00714	0.00982	0.01310	0.02828	0.81633	0.03394	0.01608	0.00655	0.00208	0.00298	0.01459	0.00476	0.00417
17	0.01187	0.02433	0.69602	0.01394	0.02108	0.01137	0.01754	0.01734	0.01131	0.11255	0.01058	0.01166	0.00727	0.00506	0.00491	0.00162	0.00718	0.00396	0.00269	0.00773
18	0.26666	0.01292	0.01292	0.01026	0.01404	0.01448	0.00845	0.51754	0.04954	0.02915	0.01113	0.01141	0.00806	0.00578	0.00456	0.00156	0.00509	0.00412	0.00456	0.00776
19	0.00746	0.00497	0.00560	0.00560	0.00560	0.00497	0.00311	0.00746	0.00746	0.00995	0.01617	0.03358	0.01865	0.81967	0.02612	0.00497	0.00497	0.00746	0.00311	0.00311
20	0.01529	0.14414	0.01710	0.24802	0.05135	0.31240	0.01123	0.11307	0.01374	0.01533	0.00878	0.01093	0.00700	0.00518	0.00465	0.00144	0.00736	0.00380	0.00278	0.00642
21	0.01225	0.01096	0.01358	0.01116	0.01467	0.01157	0.09622	0.02306	0.53186	0.01991	0.01725	0.01678	0.01309	0.00601	0.00503	0.00154	0.00454	0.00526	0.00447	0.18078
22	0.01204	0.26549	0.39699	0.01206	0.01768	0.03749	0.01365	0.01809	0.14909	0.01581	0.01064	0.01149	0.00818	0.00512	0.00445	0.00148	0.00636	0.00382	0.00274	0.00733
23	0.01390	0.01261	0.01742	0.02179	0.40838	0.06522	0.04464	0.04196	0.23928	0.06159	0.01356	0.01468	0.01051	0.00546	0.00514	0.00159	0.00571	0.00495	0.00363	0.00798
24	0.00650	0.00464	0.00624	0.00743	0.00784	0.00438	0.00520	0.00758	0.01007	0.01338	0.02814	0.72208	0.03339	0.01584	0.00662	0.00212	0.00319	0.10636	0.00476	0.00424
25	0.01536	0.01187	0.01806	0.02383	0.50675	0.01199	0.01311	0.12471	0.05822	0.14624	0.01241	0.01380	0.00940	0.00523	0.00511	0.00155	0.00563	0.00475	0.00369	0.00831
26	0.01616	0.11864	0.01841	0.01923	0.29586	0.37273	0.01188	0.06005	0.01353	0.01513	0.00870	0.01055	0.00728	0.00496	0.00465	0.00138	0.00744	0.00377	0.00269	0.00697
27	0.02106	0.00830	0.01128	0.00880	0.01242	0.00721	0.00721	0.02310	0.01467	0.69546	0.11527	0.02006	0.01714	0.00687	0.00527	0.00159	0.00412	0.00567	0.00626	0.00825
28	0.01733	0.31014	0.01939	0.01101	0.01491	0.18456	0.00943	0.33627	0.01710	0.02076	0.00950	0.01018	0.00750	0.00533	0.00436	0.00133	0.00636	0.00366	0.00353	0.00736
29	0.01276	0.01102	0.01160	0.01044	0.01334	0.01276	0.00812	0.02727	0.77840	0.02146	0.02088	0.01914	0.01566	0.00696	0.00522	0.00174	0.00406	0.00580	0.00522	0.00812
30	0.01202	0.01524	0.12658	0.02009	0.02529	0.01289	0.62053	0.01635	0.01177	0.02972	0.01021	0.01338	0.00765	0.00467	0.00645	0.00174	0.05018	0.00567	0.00259	0.00697
31	0.01029	0.02654	0.79309	0.01462	0.02221	0.01192	0.01896	0.01625	0.01083	0.01625	0.00921	0.01083	0.00650	0.00487	0.00487	0.00162	0.00758	0.00379	0.00217	0.00758
32	0.01270	0.01219	0.02083	0.03149	0.78767	0.01219	0.01575	0.01575	0.01168	0.01676	0.00965	0.01270	0.00813	0.00457	0.00508	0.00152	0.00610	0.00457	0.00254	0.00813
33	0.01042	0.01112	0.00821	0.00777	0.00979	0.23986	0.00584	0.01235	0.04524	0.01409	0.03565	0.03453	0.47904	0.01006	0.00546	0.00158	0.00462	0.00805	0.05129	0.00500
34	0.00736	0.00530	0.00587	0.00568	0.00724	0.00468	0.00424	0.00917	0.01196	0.01664	0.21101	0.09327	0.35290	0.01063	0.00545	0.00156	0.00261	0.00902	0.18199	0.05344
35	0.00650	0.00464	0.00624	0.00743	0.00784	0.00438	0.00520	0.00758	0.01007	0.01338	0.02814	0.72208	0.03339	0.01584	0.00662	0.00212	0.00319	0.10636	0.00476	0.00424
36	0.01064	0.00912	0.01064	0.00760	0.01216	0.00684	0.00608	0.01292	0.01064	0.01672	0.00912	0.01064	0.00760	0.00380	0.00380	0.00076	0.00380	0.00304	0.00304	0.85104
37	0.01293	0.01111	0.01170	0.01048	0.01341	0.01284	0.00816	0.04623	0.75915	0.02174	0.02067	0.01897	0.01549	0.00694	0.00522	0.00174	0.00410	0.00577	0.00522	0.00814
38	0.02262	0.04351	0.01255	0.00911	0.01310	0.00809	0.00759	0.02459	0.01450	0.75794	0.01968	0.01707	0.01244	0.00627	0.00508	0.00157	0.00441	0.00506	0.00617	0.00864
39	0.01332	0.02230	0.60707	0.01332	0.02004	0.01087	0.01624	0.01833	0.01175	0.20079	0.01184	0.01241	0.00798	0.00523	0.00494	0.00162	0.00682	0.00412	0.00316	0.00786

[dist]
# distance from previous block
# <min> <max>
1	76

[block]
# block no. 1 follows, 48 sequences, length 83
# corresponding to MSA columns:
# 391-473
name=unknown_B
#
# <colnr> <probs for GDERKNQSTAVLIFYWHMCP>
#	G	D	E	R	K	N	Q	S	T	A	V	L	I	F	Y	W	H	M	C	P
0	0.00726	0.00524	0.00686	0.00646	0.00767	0.00484	0.00484	0.00968	0.01452	0.02058	0.78496	0.03833	0.04841	0.01049	0.00605	0.00161	0.00242	0.00928	0.00565	0.00484
1	0.01864	0.01138	0.05978	0.01396	0.03957	0.00961	0.24647	0.02160	0.01359	0.48573	0.01627	0.01584	0.01070	0.00559	0.00542	0.00163	0.00593	0.00535	0.00485	0.00809
2	0.01975	0.00947	0.01177	0.00932	0.01279	0.00911	0.00753	0.18107	0.04462	0.49469	0.01869	0.06020	0.01345	0.05178	0.00634	0.00179	0.00453	0.00569	0.02936	0.00804
3	0.01029	0.02654	0.79309	0.01462	0.02221	0.01192	0.01896	0.01625	0.01083	0.01625	0.00921	0.01083	0.00650	0.00487	0.00487	0.00162	0.00758	0.00379	0.00217	0.00758
4	0.01261	0.01210	0.02067	0.05349	0.76634	0.01217	0.01570	0.01567	0.01164	0.01666	0.00964	0.01273	0.00809	0.00459	0.00508	0.00153	0.00612	0.00457	0.00253	0.00806
5	0.01724	0.01065	0.01209	0.05406	0.01459	0.05122	0.00831	0.02518	0.37489	0.34458	0.01929	0.01762	0.01346	0.00652	0.00516	0.00165	0.00461	0.00533	0.00540	0.00813
6	0.01185	0.01407	0.06979	0.01977	0.02415	0.01341	0.59068	0.01569	0.01127	0.01569	0.00966	0.01320	0.00752	0.00520	0.00794	0.00182	0.15343	0.00565	0.00251	0.00672
7	0.01281	0.01283	0.01975	0.20998	0.20796	0.11295	0.21561	0.01591	0.01199	0.05787	0.01254	0.01566	0.04830	0.00541	0.00538	0.00163	0.00707	0.01676	0.00287	0.00672
8	0.01887	0.05660	0.04475	0.01175	0.01600	0.01599	0.01004	0.70364	0.02293	0.03070	0.01194	0.01205	0.00853	0.00602	0.00503	0.00152	0.00571	0.00449	0.00487	0.00857
9	0.00644	0.00487	0.00594	0.00639	0.00734	0.00438	0.00452	0.00782	0.01152	0.01513	0.21726	0.39762	0.26455	0.01380	0.00628	0.00186	0.00273	0.01218	0.00498	0.00438
10	0.00675	0.00509	0.00539	0.00539	0.00628	0.00465	0.00351	0.00741	0.00962	0.01194	0.03442	0.04163	0.40965	0.40841	0.01589	0.00332	0.00376	0.00918	0.00395	0.00373
11	0.01397	0.02168	0.46168	0.01404	0.02008	0.08465	0.07298	0.13905	0.01379	0.09394	0.01076	0.01180	0.00757	0.00522	0.00501	0.00159	0.00719	0.00419	0.00313	0.00768
12	0.83932	0.01001	0.00770	0.00685	0.01004	0.01160	0.00564	0.03007	0.00904	0.02321	0.00725	0.00841	0.00562	0.00479	0.00321	0.00159	0.00400	0.00281	0.00321	0.00562
13	0.00628	0.00521	0.00550	0.00543	0.00706	0.00442	0.00407	0.00778	0.01221	0.01507	0.18441	0.04738	0.65240	0.01254	0.00606	0.00171	0.00257	0.01055	0.00492	0.00442
14	0.01222	0.01982	0.45818	0.01333	0.01912	0.01183	0.05628	0.02019	0.23113	0.08610	0.01359	0.01396	0.00974	0.00557	0.00506	0.00166	0.00635	0.00461	0.00343	0.00780
15	0.22664	0.01093	0.01281	0.01029	0.01351	0.01200	0.03733	0.18151	0.05708	0.25259	0.01301	0.01315	0.00920	0.00625	0.00636	0.00168	0.11935	0.00443	0.00451	0.00739
16	0.00746	0.00497	0.00560	0.00560	0.00560	0.00497	0.00311	0.00746	0.00746	0.00995	0.01617	0.03358	0.01865	0.81967	0.02612	0.00497	0.00497	0.00746	0.00311	0.00311
17	0.01515	0.61299	0.02364	0.00995	0.01388	0.22494	0.00908	0.01671	0.01151	0.01220	0.00734	0.00850	0.00659	0.00463	0.00364	0.00116	0.00648	0.00289	0.00231	0.00642
18	0.01504	0.01117	0.01861	0.01663	0.15689	0.01036	0.22700	0.03482	0.06708	0.22184	0.01342	0.01437	0.00969	0.00504	0.00517	0.00148	0.00581	0.00497	0.00390	0.15670
19	0.01884	0.01635	0.01455	0.01188	0.01545	0.22246	0.00949	0.44600	0.10708	0.06778	0.01257	0.01257	0.00918	0.00603	0.00501	0.00151	0.00635	0.00444	0.00455	0.00792
20	0.04715	0.01648	0.01587	0.16655	0.14910	0.33566	0.04985	0.01885	0.12158	0.01523	0.01038	0.01228	0.00822	0.00531	0.00490	0.00152	0.00729	0.00423	0.00294	0.00661
21	0.00654	0.00467	0.00628	0.00747	0.00790	0.00441	0.00526	0.00764	0.01011	0.01342	0.02812	0.70842	0.03331	0.01580	0.00663	0.00212	0.00323	0.11966	0.00476	0.00425
22	0.01270	0.01219	0.02083	0.03149	0.78767	0.01219	0.01575	0.01575	0.01168	0.01676	0.00965	0.01270	0.00813	0.00457	0.00508	0.00152	0.00610	0.00457	0.00254	0.00813
23	0.01121	0.01118	0.01561	0.01334	0.01344	0.01552	0.01111	0.01236	0.00792	0.01244	0.00679	0.01121	0.00675	0.00887	0.01656	0.00221	0.79279	0.00446	0.00226	0.02395
24	0.01758	0.00995	0.01175	0.00983	0.01323	0.01031	0.00785	0.02620	0.41971	0.38299	0.02058	0.01836	0.01427	0.00667	0.00519	0.00167	0.00420	0.00550	0.00575	0.00841
25	0.01077	0.02643	0.75135	0.01455	0.02187	0.05412	0.01847	0.01648	0.01103	0.01605	0.00914	0.01075	0.00651	0.00490	0.00486	0.00161	0.00767	0.00377	0.00219	0.00750
26	0.01276	0.01102	0.01160	0.01044	0.01334	0.01276	0.00812	0.02727	0.77840	0.02146	0.02088	0.01914	0.01566	0.00696	0.00522	0.00174	0.00406	0.00580	0.00522	0.00812
27	0.01428	0.01793	0.11657	0.01839	0.20630	0.29256	0.13155	0.01719	0.01251	0.01529	0.00972	0.01200	0.00778	0.00504	0.00511	0.00148	0.02166	0.00427	0.08365	0.00672
28	0.01029	0.02654	0.79309	0.01462	0.02221	0.01192	0.01896	0.01625	0.01083	0.01625	0.00921	0.01083	0.00650	0.00487	0.00487	0.00162	0.00758	0.00379	0.00217	0.00758
29	0.01270	0.01219	0.02083	0.03149	0.78767	0.01219	0.01575	0.01575	0.01168	0.01676	0.00965	0.01270	0.00813	0.00457	0.00508	0.00152	0.00610	0.00457	0.00254	0.00813
30	0.01917	0.02445	0.01454	0.01322	0.01586	0.79907	0.00991	0.02049	0.01454	0.01256	0.00793	0.00925	0.00661	0.00529	0.00463	0.00132	0.00925	0.00330	0.00264	0.00595
31	0.01064	0.00912	0.01064	0.00760	0.01216	0.00684	0.00608	0.01292	0.01064	0.01672	0.00912	0.01064	0.00760	0.00380	0.00380	0.00076	0.00380	0.00304	0.00304	0.85104
32	0.00625	0.00447	0.00595	0.00714	0.00744	0.00417	0.00476	0.00714	0.00982	0.01310	0.02828	0.81633	0.03394	0.01608	0.00655	0.00208	0.00298	0.01459	0.00476	0.00417
33	0.01064	0.00912	0.01064	0.00760	0.01216	0.00684	0.00608	0.01292	0.01064	0.01672	0.00912	0.01064	0.00760	0.00380	0.00380	0.00076	0.00380	0.00304	0.00304	0.85104
34	0.01327	0.65999	0.02371	0.00865	0.01304	0.03325	0.00831	0.01502	0.01055	0.01292	0.00751	0.00869	0.00677	0.00430	0.00341	0.00104	0.00526	0.00281	0.00236	0.15915
35	0.01186	0.01046	0.01791	0.02200	0.41953	0.01009	0.12678	0.01470	0.01217	0.07266	0.07243	0.02200	0.12271	0.00665	0.00552	0.00163	0.00555	0.03481	0.00345	0.00708
36	0.01029	0.02654	0.79309	0.01462	0.02221	0.01192	0.01896	0.01625	0.01083	0.01625	0.00921	0.01083	0.00650	0.00487	0.00487	0.00162	0.00758	0.00379	0.00217	0.00758
37	0.02215	0.00854	0.01163	0.00898	0.01280	0.00739	0.00739	0.02416	0.01468	0.74865	0.06249	0.01862	0.01467	0.00658	0.00521	0.00159	0.00426	0.00539	0.00631	0.00852
38	0.00606	0.00520	0.00520	0.00520	0.00693	0.00433	0.00390	0.00736	0.01170	0.01386	0.05198	0.04938	0.78558	0.01299	0.00606	0.00173	0.00260	0.01083	0.00476	0.00433
39	0.01133	0.03472	0.38059	0.01867	0.06309	0.01259	0.37155	0.01630	0.01147	0.01629	0.00974	0.01229	0.00719	0.00459	0.00541	0.00166	0.00797	0.00488	0.00239	0.00728
40	0.01431	0.01168	0.02308	0.01784	0.06149	0.01086	0.47001	0.01776	0.01261	0.20244	0.01444	0.04382	0.01132	0.00588	0.00588	0.00174	0.00704	0.05692	0.00371	0.00718
41	0.01029	0.02654	0.79309	0.01462	0.02221	0.01192	0.01896	0.01625	0.01083	0.01625	0.00921	0.01083	0.00650	0.00487	0.00487	0.00162	0.00758	0.00379	0.00217	0.00758
42	0.01270	0.01219	0.02083	0.03149	0.78767	0.01219	0.01575	0.01575	0.01168	0.01676	0.00965	0.01270	0.00813	0.00457	0.00508	0.00152	0.00610	0.00457	0.00254	0.00813
43	0.30004	0.01868	0.38497	0.01143	0.01689	0.01250	0.01273	0.15214	0.01252	0.02146	0.00907	0.01025	0.00658	0.00507	0.00434	0.00160	0.00600	0.00360	0.00305	0.00710
44	0.01096	0.01051	0.01883	0.02187	0.38534	0.01020	0.18262	0.01411	0.01262	0.01782	0.23895	0.02053	0.01996	0.00627	0.00559	0.00160	0.00559	0.00630	0.00347	0.00688
45	0.01498	0.01786	0.01908	0.01571	0.03614	0.38872	0.25083	0.01738	0.01311	0.01461	0.08014	0.01364	0.01088	0.00577	0.00630	0.00156	0.07938	0.00486	0.00287	0.00618
46	0.01245	0.11574	0.11692	0.14652	0.02404	0.10331	0.33576	0.01599	0.01151	0.01468	0.00917	0.01210	0.00714	0.00488	0.00580	0.00162	0.04862	0.00473	0.00243	0.00658
47	0.00704	0.00480	0.00572	0.00614	0.00625	0.00469	0.00369	0.00735	0.00829	0.01106	0.02043	0.30889	0.02403	0.53703	0.01923	0.00396	0.00427	0.00997	0.00369	0.00348
48	0.00618	0.00523	0.00536	0.00542	0.00712	0.00441	0.00412	0.00753	0.01170	0.01394	0.05070	0.04982	0.74651	0.01306	0.00612	0.00177	0.00271	0.04919	0.00476	0.00435
49	0.01905	0.01405	0.14932	0.01091	0.01533	0.06913	0.01009	0.13146	0.08565	0.41652	0.01630	0.01510	0.01086	0.00604	0.00507	0.00158	0.00545	0.00476	0.00506	0.00827
50	0.77473	0.00943	0.00728	0.00656	0.00954	0.01087	0.00537	0.01478	0.00893	0.02265	0.00806	0.00937	0.00629	0.00488	0.00321	0.00155	0.00382	0.00297	0.08423	0.00548
51	0.00606	0.00520	0.00520	0.00520	0.00693	0.00433	0.00390	0.00736	0.01170	0.01386	0.05198	0.04938	0.78558	0.01299	0.00606	0.00173	0.00260	0.01083	0.00476	0.00433
52	0.01029	0.02654	0.79309	0.01462	0.02221	0.01192	0.01896	0.01625	0.01083	0.01625	0.00921	0.01083	0.00650	0.00487	0.00487	0.00162	0.00758	0.00379	0.00217	0.00758
53	0.09498	0.01896	0.01503	0.01278	0.01569	0.43338	0.05362	0.17315	0.03213	0.01798	0.00908	0.01046	0.00723	0.00573	0.00578	0.00151	0.07889	0.00385	0.00322	0.00656
54	0.00746	0.00497	0.00560	0.00560	0.00560	0.00497	0.00311	0.00746	0.00746	0.00995	0.01617	0.03358	0.01865	0.81967	0.02612	0.00497	0.00497	0.00746	0.00311	0.00311
55	0.01408	0.67746	0.02560	0.01088	0.05546	0.08863	0.03845	0.01588	0.01092	0.01253	0.00746	0.00878	0.00672	0.00448	0.00361	0.00116	0.00598	0.00302	0.00227	0.00662
56	0.01659	0.01053	0.01395	0.15479	0.01834	0.01120	0.05130	0.12768	0.23305	0.28160	0.01676	0.01634	0.01166	0.00617	0.00522	0.00165	0.00514	0.00521	0.00491	0.00791
57	0.06095	0.05589	0.01797	0.02160	0.42298	0.01354	0.01243	0.19497	0.11180	0.02112	0.01143	0.01295	0.00900	0.00525	0.00491	0.00154	0.00558	0.00454	0.00351	0.00804
58	0.01353	0.01203	0.01845	0.17467	0.46642	0.01282	0.01404	0.17129	0.03250	0.01940	0.01037	0.01296	0.00819	0.00506	0.00510	0.00157	0.00610	0.00461	0.00309	0.00779
59	0.00625	0.00447	0.00595	0.00714	0.00744	0.00417	0.00476	0.00714	0.00982	0.01310	0.02828	0.81633	0.03394	0.01608	0.00655	0.00208	0.00298	0.01459	0.00476	0.00417
60	0.01270	0.01219	0.02083	0.03149	0.78767	0.01219	0.01575	0.01575	0.01168	0.01676	0.00965	0.01270	0.00813	0.00457	0.00508	0.00152	0.00610	0.00457	0.00254	0.00813
61	0.01123	0.01123	0.01572	0.01347	0.01347	0.01572	0.01123	0.01235	0.00786	0.01235	0.00674	0.01123	0.00674	0.00898	0.01684	0.00225	0.81028	0.00449	0.00225	0.00561
62	0.01708	0.01006	0.01173	0.00989	0.01324	0.01056	0.00788	0.02631	0.45690	0.34551	0.02061	0.01844	0.01442	0.00670	0.00520	0.00168	0.00419	0.00553	0.00570	0.00838
63	0.01046	0.06623	0.75489	0.01433	0.02176	0.01233	0.01845	0.01621	0.01081	0.01604	0.00910	0.01070	0.00650	0.00485	0.00480	0.00160	0.00748	0.00374	0.00217	0.00753
64	0.01276	0.01102	0.01160	0.01044	0.01334	0.01276	0.00812	0.02727	0.77840	0.02146	0.02088	0.01914	0.01566	0.00696	0.00522	0.00174	0.00406	0.00580	0.00522	0.00812
65	0.01214	0.01317	0.05350	0.01146	0.01387	0.21932	0.13588	0.01470	0.02703	0.01557	0.05244	0.13593	0.01471	0.00741	0.00575	0.00157	0.05463	0.00626	0.19903	0.00563
66	0.01013	0.02544	0.75245	0.01420	0.02146	0.01155	0.01823	0.01591	0.01102	0.01647	0.04930	0.01225	0.00867	0.00517	0.00494	0.00162	0.00732	0.00408	0.00235	0.00744
67	0.01270	0.01219	0.02083	0.03149	0.78767	0.01219	0.01575	0.01575	0.01168	0.01676	0.00965	0.01270	0.00813	0.00457	0.00508	0.00152	0.00610	0.00457	0.00254	0.00813
68	0.01917	0.02445	0.01454	0.01322	0.01586	0.79907	0.00991	0.02049	0.01454	0.01256	0.00793	0.00925	0.00661	0.00529	0.00463	0.00132	0.00925	0.00330	0.00264	0.00595
69	0.00962	0.00793	0.00943	0.00740	0.01075	0.00649	0.00578	0.01259	0.05421	0.01805	0.24471	0.04018	0.02106	0.00631	0.00463	0.00111	0.00338	0.00537	0.00399	0.52701
70	0.00625	0.00447	0.00595	0.00714	0.00744	0.00417	0.00476	0.00714	0.00982	0.01310	0.02828	0.81633	0.03394	0.01608	0.00655	0.00208	0.00298	0.01459	0.00476	0.00417
71	0.01064	0.00912	0.01064	0.00760	0.01216	0.00684	0.00608	0.01292	0.01064	0.01672	0.00912	0.01064	0.00760	0.00380	0.00380	0.00076	0.00380	0.00304	0.00304	0.85104
72	0.01276	0.01102	0.01160	0.01044	0.01334	0.01276	0.00812	0.02727	0.77840	0.02146	0.02088	0.01914	0.01566	0.00696	0.00522	0.00174	0.00406	0.00580	0.00522	0.00812
73	0.01269	0.01143	0.01933	0.17506	0.60570	0.01179	0.01503	0.01575	0.01158	0.05767	0.01012	0.01314	0.00813	0.00477	0.00509	0.00156	0.00614	0.00460	0.00270	0.00771
74	0.01066	0.11322	0.70968	0.01399	0.02122	0.01283	0.01785	0.01615	0.01079	0.01579	0.00898	0.01055	0.00651	0.00482	0.00470	0.00157	0.00735	0.00368	0.00217	0.00747
75	0.00929	0.00705	0.00910	0.00804	0.01002	0.00695	0.04649	0.01407	0.16861	0.05952	0.44720	0.03359	0.14031	0.00958	0.00584	0.00166	0.00321	0.00840	0.00531	0.00575
76	0.00606	0.00520	0.00520	0.00520	0.00693	0.00433	0.00390	0.00736	0.01170	0.01386	0.05198	0.04938	0.78558	0.01299	0.00606	0.00173	0.00260	0.01083	0.00476	0.00433
77	0.01146	0.21389	0.59045	0.01309	0.01982	0.01377	0.01624	0.01629	0.01084	0.03697	0.00903	0.01040	0.00669	0.00480	0.00451	0.00150	0.00700	0.00358	0.00229	0.00738
78	0.01479	0.01841	0.39913	0.01409	0.02005	0.01067	0.15074	0.01915	0.01233	0.27038	0.01304	0.01355	0.00877	0.00526	0.00518	0.00163	0.00672	0.00465	0.00362	0.00784
79	0.01029	0.02654	0.79309	0.01462	0.02221	0.01192	0.01896	0.01625	0.01083	0.01625	0.00921	0.01083	0.00650	0.00487	0.00487	0.00162	0.00758	0.00379	0.00217	0.00758
80	0.01270	0.01219	0.02083	0.03149	0.78767	0.01219	0.01575	0.01575	0.01168	0.01676	0.00965	0.01270	0.00813	0.00457	0.00508	0.00152	0.00610	0.00457	0.00254	0.00813
81	0.01344	0.01075	0.01874	0.29310	0.27620	0.01119	0.12514	0.01661	0.01180	0.15538	0.01149	0.01407	0.00846	0.00505	0.00526	0.00163	0.00642	0.00489	0.00315	0.00722
82	0.06592	0.00892	0.01166	0.00908	0.01295	0.00804	0.00747	0.02461	0.05657	0.70861	0.01959	0.01708	0.01249	0.00630	0.00506	0.00160	0.00433	0.00507	0.00612	0.00853

[dist]
# distance from previous block
# <min> <max>
0	1

# created by:
# /st0/software/busco_prod/Augustus/scripts/msa2prfl.pl ./align_prep/68921.fa
