[name]
unknown

[dist]
# distance from previous block
# <min> <max>
0	75

[block]
# block no. 0 follows, 37 sequences, length 17
# corresponding to MSA columns:
# 75-91
name=unknown_A
#
# <colnr> <probs for GDERKNQSTAVLIFYWHMCP>
#	G	D	E	R	K	N	Q	S	T	A	V	L	I	F	Y	W	H	M	C	P
0	0.01096	0.00843	0.01225	0.01203	0.01391	0.00843	0.07167	0.08715	0.01496	0.01976	0.02918	0.27020	0.03190	0.01554	0.00791	0.00255	0.00554	0.36596	0.00548	0.00617
1	0.00873	0.00729	0.00724	0.00717	0.00853	0.04519	0.00497	0.01000	0.01304	0.01617	0.13754	0.09094	0.36929	0.23115	0.01390	0.00313	0.00431	0.01133	0.00514	0.00493
2	0.02301	0.01577	0.01730	0.01346	0.01818	0.01717	0.01105	0.55402	0.10234	0.13795	0.01712	0.01643	0.01196	0.00748	0.00614	0.00187	0.00632	0.00575	0.00634	0.01033
3	0.01141	0.00571	0.00571	0.00571	0.00713	0.00571	0.00428	0.01426	0.01284	0.02282	0.01997	0.02282	0.01569	0.00713	0.00428	0.00143	0.00285	0.00571	0.81886	0.00571
4	0.01508	0.01582	0.05060	0.03276	0.53396	0.03945	0.14941	0.01900	0.01406	0.01973	0.01156	0.01509	0.00947	0.00540	0.00618	0.00182	0.00791	0.00562	0.00306	0.04402
5	0.01141	0.00571	0.00571	0.00571	0.00713	0.00571	0.00428	0.01426	0.01284	0.02282	0.01997	0.02282	0.01569	0.00713	0.00428	0.00143	0.00285	0.00571	0.81886	0.00571
6	0.01083	0.00783	0.00974	0.01014	0.01154	0.00795	0.00769	0.13824	0.01531	0.02035	0.03002	0.48379	0.03391	0.01655	0.00765	0.00244	0.00459	0.16956	0.00575	0.00610
7	0.02287	0.02917	0.01735	0.01577	0.01892	0.76030	0.01183	0.02444	0.01735	0.01498	0.00946	0.01104	0.00788	0.00631	0.00552	0.00158	0.01104	0.00394	0.00315	0.00710
8	0.00853	0.00599	0.00701	0.00701	0.00762	0.00573	0.00446	0.00948	0.01169	0.01568	0.19465	0.10489	0.11545	0.45213	0.02087	0.00427	0.00470	0.01058	0.00481	0.00447
9	0.01227	0.01078	0.01293	0.01093	0.01374	0.05963	0.08248	0.11990	0.05178	0.02300	0.26073	0.06188	0.23234	0.01141	0.00692	0.00197	0.00496	0.00988	0.00567	0.00681
10	0.06153	0.00902	0.01138	0.00929	0.01297	0.00798	0.00749	0.02221	0.01632	0.45843	0.11872	0.03198	0.18655	0.00989	0.00641	0.00194	0.00442	0.00815	0.00685	0.00846
11	0.06167	0.01337	0.01530	0.01372	0.06558	0.01442	0.01027	0.26654	0.22081	0.13311	0.10183	0.02118	0.01857	0.00802	0.00616	0.00192	0.00548	0.00651	0.00610	0.00943
12	0.03922	0.01054	0.01197	0.01073	0.01319	0.01162	0.00834	0.16562	0.18576	0.02486	0.15411	0.15245	0.06020	0.01300	0.04692	0.00248	0.04559	0.00916	0.02668	0.00756
13	0.02026	0.02053	0.06680	0.01414	0.01838	0.26363	0.01178	0.23270	0.06058	0.06594	0.01293	0.01385	0.00982	0.00686	0.00666	0.00172	0.05924	0.00481	0.00446	0.10492
14	0.01747	0.23519	0.07579	0.02070	0.20260	0.07369	0.09815	0.16607	0.01684	0.02182	0.01124	0.01326	0.00901	0.00584	0.00555	0.00170	0.00772	0.00489	0.00354	0.00892
15	0.01414	0.01766	0.18632	0.01557	0.02010	0.07486	0.15352	0.14221	0.01593	0.02115	0.01819	0.23007	0.01784	0.01023	0.00723	0.02689	0.00740	0.00883	0.00424	0.00763
16	0.01769	0.09696	0.02581	0.01798	0.02284	0.04431	0.29688	0.16413	0.07708	0.08719	0.01486	0.04015	0.01153	0.00686	0.00709	0.00195	0.04716	0.00645	0.00438	0.00873

[dist]
# distance from previous block
# <min> <max>
2	75

[block]
# block no. 1 follows, 37 sequences, length 6
# corresponding to MSA columns:
# 171-176
name=unknown_B
#
# <colnr> <probs for GDERKNQSTAVLIFYWHMCP>
#	G	D	E	R	K	N	Q	S	T	A	V	L	I	F	Y	W	H	M	C	P
0	0.08740	0.01584	0.05855	0.01282	0.04606	0.15195	0.01023	0.09719	0.06062	0.20633	0.06695	0.02070	0.06773	0.00770	0.00585	0.00179	0.00637	0.00599	0.00524	0.06470
1	0.24301	0.06812	0.01562	0.05324	0.05838	0.07509	0.03868	0.06369	0.01474	0.14472	0.07388	0.01633	0.01338	0.00657	0.00524	0.00173	0.00597	0.00505	0.00453	0.09200
2	0.06489	0.05891	0.18986	0.01212	0.01707	0.04299	0.01181	0.11029	0.06324	0.12968	0.07134	0.06205	0.07693	0.00835	0.00595	0.00186	0.00611	0.00669	0.00489	0.05498
3	0.01570	0.05728	0.05556	0.01195	0.06119	0.08759	0.00908	0.04077	0.01545	0.18124	0.17371	0.07462	0.08283	0.09517	0.00910	0.00232	0.00562	0.00816	0.00533	0.00733
4	0.11706	0.01378	0.01427	0.03689	0.01654	0.07637	0.00935	0.18451	0.06512	0.18049	0.05913	0.01718	0.01380	0.00690	0.00557	0.00168	0.00581	0.00531	0.00535	0.16489
5	0.00884	0.00668	0.00798	0.00841	0.00962	0.00643	0.00588	0.01168	0.09777	0.01660	0.03494	0.42313	0.17223	0.06123	0.00985	0.05909	0.00391	0.01341	0.00534	0.03697

[dist]
# distance from previous block
# <min> <max>
0	14

[block]
# block no. 2 follows, 37 sequences, length 20
# corresponding to MSA columns:
# 191-210
name=unknown_C
#
# <colnr> <probs for GDERKNQSTAVLIFYWHMCP>
#	G	D	E	R	K	N	Q	S	T	A	V	L	I	F	Y	W	H	M	C	P
0	0.01817	0.28841	0.05994	0.01166	0.01589	0.14809	0.01033	0.02163	0.06997	0.15922	0.08165	0.05896	0.01645	0.00758	0.00543	0.00168	0.00659	0.00578	0.00449	0.00807
1	0.01043	0.04147	0.17717	0.00970	0.01220	0.00920	0.00870	0.01343	0.06538	0.01471	0.01744	0.03147	0.01816	0.52022	0.02250	0.00456	0.00658	0.00755	0.00361	0.00553
2	0.22619	0.00934	0.00957	0.00923	0.02872	0.00976	0.00695	0.02769	0.12963	0.03563	0.15581	0.07323	0.19877	0.01072	0.00610	0.00200	0.00409	0.02644	0.00539	0.02476
3	0.01098	0.00896	0.01288	0.01585	0.20340	0.00912	0.00894	0.01254	0.01068	0.01511	0.01572	0.02787	0.01631	0.37398	0.13765	0.00496	0.03642	0.00709	0.00342	0.06812
4	0.01436	0.04798	0.01440	0.01173	0.01424	0.01304	0.00953	0.25471	0.01637	0.02254	0.01488	0.01947	0.01279	0.02848	0.41798	0.00623	0.06378	0.00596	0.00417	0.00734
5	0.07912	0.11239	0.04588	0.17111	0.02299	0.07522	0.01252	0.32663	0.03577	0.02675	0.01228	0.01387	0.00920	0.00653	0.00559	0.00179	0.00719	0.00489	0.00439	0.02591
6	0.01487	0.07801	0.20876	0.01836	0.04966	0.03887	0.22939	0.08625	0.01525	0.04786	0.05408	0.04759	0.02818	0.00714	0.00707	0.00196	0.04815	0.00650	0.00372	0.00831
7	0.00915	0.00637	0.00776	0.00793	0.00843	0.00670	0.00538	0.01021	0.01061	0.01517	0.02437	0.23055	0.06221	0.31246	0.07017	0.00416	0.06399	0.01043	0.12918	0.00478
8	0.01292	0.00810	0.01040	0.01042	0.01260	0.00799	0.00856	0.01728	0.10889	0.13983	0.08335	0.12148	0.09174	0.01404	0.00753	0.00241	0.00485	0.32463	0.00612	0.00686
9	0.01752	0.32555	0.16482	0.01405	0.01976	0.07352	0.06741	0.13019	0.05557	0.05974	0.01205	0.01307	0.00933	0.00604	0.00524	0.00166	0.00750	0.00456	0.00370	0.00869
10	0.00890	0.00593	0.00668	0.00668	0.00668	0.00593	0.00371	0.00890	0.00890	0.01187	0.01929	0.04006	0.02225	0.78487	0.03116	0.00593	0.00593	0.00890	0.00371	0.00371
11	0.00884	0.00591	0.00669	0.00675	0.00676	0.00590	0.00379	0.00889	0.00901	0.01202	0.01986	0.06953	0.02298	0.75441	0.03023	0.00580	0.00584	0.00924	0.00379	0.00376
12	0.01561	0.01557	0.02546	0.03155	0.49551	0.05075	0.13939	0.04582	0.04082	0.02030	0.01199	0.01536	0.00980	0.00590	0.00700	0.00191	0.04906	0.00574	0.00326	0.00919
13	0.01339	0.01915	0.21393	0.11172	0.02429	0.08531	0.13601	0.01739	0.01304	0.01773	0.06788	0.01787	0.03567	0.00778	0.00961	0.00212	0.19042	0.00601	0.00318	0.00751
14	0.02422	0.01022	0.01353	0.01068	0.01487	0.00919	0.00869	0.07807	0.01801	0.58702	0.09444	0.06457	0.02037	0.00868	0.00635	0.00193	0.00500	0.00721	0.00728	0.00966
15	0.01008	0.00831	0.00968	0.00911	0.01080	0.03215	0.00701	0.06651	0.01460	0.01931	0.19516	0.09533	0.24579	0.02043	0.17116	0.00376	0.05966	0.01008	0.00515	0.00593
16	0.78412	0.01291	0.04913	0.00856	0.01263	0.01376	0.00749	0.01807	0.01055	0.02703	0.00866	0.01010	0.00669	0.00569	0.00390	0.00190	0.00497	0.00338	0.00372	0.00676
17	0.01269	0.01088	0.01269	0.00907	0.01451	0.00816	0.00725	0.01541	0.01269	0.01995	0.01088	0.01269	0.00907	0.00453	0.00453	0.00091	0.00453	0.00363	0.00363	0.82229
18	0.00780	0.00611	0.00697	0.00697	0.00855	0.00538	0.00509	0.00967	0.01459	0.01885	0.27980	0.13374	0.40990	0.04894	0.00835	0.00224	0.00321	0.01263	0.00594	0.00528
19	0.01416	0.01475	0.06224	0.01689	0.02251	0.01272	0.29576	0.05795	0.08951	0.02136	0.01359	0.01654	0.01069	0.00565	0.00602	0.00164	0.00727	0.01983	0.00381	0.30712

[dist]
# distance from previous block
# <min> <max>
10	11

[block]
# block no. 3 follows, 37 sequences, length 8
# corresponding to MSA columns:
# 223-230
name=unknown_D
#
# <colnr> <probs for GDERKNQSTAVLIFYWHMCP>
#	G	D	E	R	K	N	Q	S	T	A	V	L	I	F	Y	W	H	M	C	P
0	0.00850	0.00641	0.00912	0.01157	0.07723	0.00614	0.00746	0.01004	0.01225	0.01640	0.03151	0.61221	0.03693	0.01760	0.00774	0.00247	0.00418	0.11130	0.00543	0.00550
1	0.00761	0.00569	0.00707	0.00784	0.00878	0.00515	0.00546	0.00909	0.01318	0.01734	0.15945	0.48866	0.20796	0.01720	0.00758	0.00229	0.00333	0.01529	0.00586	0.00515
2	0.01033	0.00854	0.01338	0.01711	0.21374	0.00905	0.01019	0.01261	0.01120	0.01588	0.01785	0.13707	0.01798	0.07545	0.39395	0.00627	0.01130	0.00804	0.00360	0.00645
3	0.19678	0.01423	0.01575	0.01576	0.12647	0.01588	0.01096	0.22857	0.26141	0.02893	0.01631	0.01647	0.01227	0.00702	0.00563	0.00193	0.00574	0.00549	0.00518	0.00922
4	0.00822	0.00968	0.11970	0.00896	0.01124	0.00651	0.00780	0.01039	0.01276	0.01668	0.06719	0.35346	0.27703	0.05123	0.00837	0.00240	0.00431	0.01327	0.00516	0.00563
5	0.01481	0.01261	0.01468	0.12638	0.01983	0.01352	0.01036	0.09413	0.36901	0.02391	0.01814	0.01842	0.01378	0.00690	0.00576	0.00174	0.00545	0.00570	0.00501	0.21984
6	0.00940	0.00617	0.00749	0.00789	0.00890	0.00599	0.00557	0.04377	0.01373	0.01990	0.16610	0.39580	0.03591	0.04887	0.00785	0.00226	0.00352	0.01256	0.19284	0.00549
7	0.01442	0.35505	0.22419	0.01237	0.01762	0.06818	0.01296	0.01769	0.01315	0.04064	0.04058	0.12910	0.01484	0.00792	0.00534	0.00172	0.00691	0.00618	0.00342	0.00770

[dist]
# distance from previous block
# <min> <max>
0	13

[block]
# block no. 4 follows, 37 sequences, length 19
# corresponding to MSA columns:
# 244-262
name=unknown_E
#
# <colnr> <probs for GDERKNQSTAVLIFYWHMCP>
#	G	D	E	R	K	N	Q	S	T	A	V	L	I	F	Y	W	H	M	C	P
0	0.13662	0.01911	0.12445	0.01320	0.01787	0.15798	0.01183	0.22239	0.04896	0.10922	0.01397	0.01476	0.01025	0.00877	0.04519	0.00224	0.00779	0.00494	0.02183	0.00864
1	0.01063	0.00532	0.00797	0.00797	0.00797	0.00532	0.00532	0.00797	0.00797	0.01063	0.01063	0.01861	0.01063	0.02127	0.02392	0.82190	0.00532	0.00532	0.00266	0.00266
2	0.01607	0.05597	0.08396	0.11790	0.02771	0.08624	0.31872	0.13910	0.01663	0.02154	0.01297	0.01758	0.01026	0.00639	0.00652	0.00197	0.00899	0.03964	0.00363	0.00824
3	0.00813	0.00585	0.00740	0.00775	0.00861	0.00545	0.00535	0.00979	0.01367	0.01864	0.31227	0.32758	0.09744	0.13049	0.01102	0.00275	0.00361	0.01331	0.00580	0.00511
4	0.01643	0.01218	0.01296	0.01096	0.01392	0.04955	0.00871	0.33260	0.01937	0.02656	0.01865	0.02104	0.06262	0.01635	0.15594	0.05760	0.00785	0.00617	0.14292	0.00760
5	0.01014	0.00864	0.01268	0.01720	0.24048	0.00828	0.00981	0.01223	0.01301	0.01724	0.03272	0.24604	0.20389	0.06331	0.00869	0.00243	0.00496	0.07706	0.00472	0.00648
6	0.01141	0.00571	0.00571	0.00571	0.00713	0.00571	0.00428	0.01426	0.01284	0.02282	0.01997	0.02282	0.01569	0.00713	0.00428	0.00143	0.00285	0.00571	0.81886	0.00571
7	0.01011	0.00788	0.00950	0.06838	0.01290	0.00780	0.00730	0.10098	0.01592	0.02067	0.16697	0.17672	0.28969	0.01396	0.00720	0.00214	0.00420	0.06591	0.00569	0.00607
8	0.02159	0.02682	0.01721	0.01556	0.01849	0.65004	0.01180	0.02424	0.06677	0.01570	0.01043	0.01205	0.00865	0.00679	0.00672	0.00170	0.07061	0.00426	0.00333	0.00725
9	0.01141	0.00571	0.00571	0.00571	0.00713	0.00571	0.00428	0.01426	0.01284	0.02282	0.01997	0.02282	0.01569	0.00713	0.00428	0.00143	0.00285	0.00571	0.81886	0.00571
10	0.17853	0.12942	0.02053	0.01932	0.20641	0.17826	0.04963	0.05587	0.07085	0.02091	0.01129	0.01310	0.00914	0.00595	0.00526	0.00174	0.00743	0.00460	0.00355	0.00822
11	0.01542	0.09583	0.12282	0.01237	0.01665	0.01362	0.04836	0.17702	0.09542	0.04707	0.07478	0.02367	0.01754	0.00811	0.00590	0.00186	0.00593	0.06705	0.14241	0.00818
12	0.01012	0.00647	0.00832	0.00793	0.00944	0.00592	0.00582	0.01237	0.01561	0.08819	0.46701	0.15382	0.09631	0.07403	0.00910	0.00233	0.00345	0.01152	0.00635	0.00588
13	0.01082	0.00692	0.00884	0.00871	0.01041	0.00633	0.00633	0.01334	0.04639	0.10640	0.20243	0.39397	0.07247	0.01456	0.00716	0.00214	0.00369	0.01294	0.00605	0.06011
14	0.01008	0.00585	0.00631	0.00628	0.00706	0.00581	0.00412	0.01163	0.01134	0.01793	0.06752	0.03221	0.02147	0.36280	0.01675	0.00352	0.00426	0.00752	0.39273	0.00480
15	0.08995	0.01053	0.01380	0.01067	0.01533	0.00937	0.00881	0.02891	0.01697	0.69447	0.02293	0.01998	0.01449	0.00743	0.00597	0.00189	0.00517	0.00593	0.00728	0.01012
16	0.01327	0.01263	0.02145	0.42072	0.37821	0.01405	0.01785	0.01714	0.01305	0.01772	0.01118	0.01576	0.00889	0.00580	0.00609	0.00193	0.00774	0.00545	0.00287	0.00818
17	0.01421	0.16298	0.02078	0.38121	0.02906	0.05253	0.04347	0.01731	0.01258	0.06659	0.01155	0.01550	0.00918	0.00954	0.06674	0.00254	0.06876	0.00515	0.00312	0.00722
18	0.01379	0.00855	0.01052	0.00974	0.01199	0.00830	0.00735	0.10584	0.04796	0.14488	0.09783	0.32002	0.04626	0.05382	0.00827	0.00234	0.00450	0.04482	0.00598	0.04724

[dist]
# distance from previous block
# <min> <max>
1	18

[block]
# block no. 5 follows, 37 sequences, length 14
# corresponding to MSA columns:
# 281-294
name=unknown_F
#
# <colnr> <probs for GDERKNQSTAVLIFYWHMCP>
#	G	D	E	R	K	N	Q	S	T	A	V	L	I	F	Y	W	H	M	C	P
0	0.01836	0.01651	0.01479	0.01244	0.01635	0.19400	0.00973	0.12672	0.22219	0.08370	0.06676	0.01842	0.01557	0.00725	0.00580	0.00169	0.00646	0.00564	0.00515	0.15247
1	0.01410	0.01069	0.01299	0.06158	0.01628	0.00963	0.00866	0.06823	0.07870	0.08004	0.01725	0.08627	0.01535	0.00772	0.00565	0.00153	0.00502	0.06350	0.00464	0.43216
2	0.01709	0.01453	0.01539	0.01252	0.01666	0.13659	0.06261	0.02369	0.20905	0.13062	0.07697	0.01938	0.01640	0.00701	0.00582	0.00165	0.00611	0.00583	0.00506	0.21703
3	0.06181	0.01126	0.02949	0.01321	0.01668	0.02903	0.15760	0.03520	0.04519	0.11234	0.10362	0.14941	0.04839	0.02277	0.00730	0.00210	0.01818	0.05688	0.00505	0.07450
4	0.00889	0.00623	0.00838	0.00841	0.00941	0.00667	0.00621	0.01046	0.01067	0.01512	0.05320	0.05798	0.09708	0.13915	0.41233	0.05497	0.01069	0.00801	0.07110	0.00504
5	0.00774	0.00553	0.00741	0.00854	0.00896	0.00539	0.00577	0.00886	0.01125	0.01514	0.03037	0.62519	0.03582	0.08443	0.10503	0.00370	0.00537	0.01534	0.00522	0.00493
6	0.00772	0.00622	0.00688	0.00671	0.00857	0.00538	0.00504	0.00973	0.01511	0.01928	0.29530	0.05440	0.50921	0.01448	0.00723	0.00202	0.00303	0.01229	0.00605	0.00538
7	0.02287	0.02917	0.01735	0.01577	0.01892	0.76030	0.01183	0.02444	0.01735	0.01498	0.00946	0.01104	0.00788	0.00631	0.00552	0.00158	0.01104	0.00394	0.00315	0.00710
8	0.13813	0.01048	0.01165	0.01090	0.06193	0.01078	0.00793	0.16574	0.01614	0.09506	0.01635	0.04055	0.01281	0.00749	0.00564	0.02748	0.00471	0.00550	0.27592	0.07482
9	0.10152	0.06792	0.07657	0.03617	0.01857	0.01603	0.04193	0.20118	0.26994	0.08162	0.01741	0.01717	0.01277	0.00713	0.00580	0.00192	0.00612	0.00567	0.00527	0.00928
10	0.00744	0.00539	0.00704	0.00836	0.00884	0.00499	0.00561	0.00854	0.01187	0.01569	0.03569	0.73102	0.08908	0.01892	0.00777	0.00246	0.00352	0.01709	0.00568	0.00499
11	0.01179	0.00738	0.01026	0.10572	0.01479	0.00736	0.00817	0.03811	0.01363	0.12824	0.05097	0.46041	0.03162	0.01496	0.00732	0.00233	0.00465	0.07035	0.00564	0.00630
12	0.01395	0.01092	0.01139	0.01034	0.01304	0.03031	0.00798	0.07538	0.37681	0.02510	0.11819	0.05720	0.02323	0.00894	0.00596	0.00190	0.00438	0.00746	0.18948	0.00806
13	0.01896	0.01867	0.01543	0.01340	0.01700	0.25370	0.01043	0.19462	0.27777	0.02459	0.02051	0.02002	0.07186	0.00802	0.00606	0.00186	0.00714	0.00611	0.00518	0.00867

[dist]
# distance from previous block
# <min> <max>
0	2

[block]
# block no. 6 follows, 37 sequences, length 22
# corresponding to MSA columns:
# 297-318
name=unknown_G
#
# <colnr> <probs for GDERKNQSTAVLIFYWHMCP>
#	G	D	E	R	K	N	Q	S	T	A	V	L	I	F	Y	W	H	M	C	P
0	0.07925	0.08948	0.13136	0.01335	0.01796	0.12238	0.01224	0.16681	0.01721	0.17333	0.01455	0.04618	0.01116	0.00746	0.00684	0.00188	0.06987	0.00538	0.00465	0.00868
1	0.01316	0.13972	0.56782	0.01824	0.07877	0.01574	0.04642	0.01920	0.01298	0.01872	0.01072	0.01277	0.00797	0.00568	0.00561	0.00184	0.00860	0.00451	0.00264	0.00889
2	0.01378	0.08487	0.56575	0.01756	0.02571	0.01480	0.10765	0.01997	0.01336	0.06364	0.01178	0.01362	0.00840	0.00580	0.00587	0.00190	0.00878	0.00486	0.00295	0.00894
3	0.00763	0.00560	0.00715	0.00806	0.00884	0.00513	0.00555	0.00906	0.01296	0.01723	0.15543	0.55737	0.14236	0.01756	0.00763	0.00233	0.00338	0.01572	0.00586	0.00513
4	0.05607	0.01439	0.01673	0.01484	0.07590	0.07411	0.03438	0.23476	0.04275	0.28724	0.01871	0.02080	0.01376	0.00779	0.00620	0.00193	0.00648	0.05776	0.00592	0.00948
5	0.01278	0.01182	0.02250	0.26664	0.02922	0.01232	0.28142	0.01658	0.01305	0.06034	0.01563	0.11073	0.01373	0.01186	0.09073	0.00296	0.00916	0.00774	0.00357	0.00719
6	0.01203	0.01136	0.01922	0.67334	0.13527	0.01372	0.01724	0.01606	0.01246	0.01622	0.01096	0.01617	0.00836	0.00603	0.00611	0.00201	0.00804	0.00544	0.00276	0.00718
7	0.01276	0.01148	0.01896	0.33292	0.31421	0.01260	0.01590	0.01642	0.01318	0.01822	0.01439	0.02267	0.01257	0.00723	0.00624	0.00200	0.00711	0.08943	0.06398	0.00772
8	0.06935	0.01447	0.01512	0.07379	0.01827	0.09649	0.01028	0.23566	0.07442	0.23741	0.01739	0.01720	0.01216	0.00716	0.00578	0.00183	0.00631	0.00551	0.07233	0.00909
9	0.01573	0.34015	0.02623	0.01581	0.06150	0.13811	0.14220	0.01818	0.01343	0.01595	0.01263	0.10655	0.01225	0.00742	0.00627	0.00174	0.04905	0.00609	0.00320	0.00750
10	0.01475	0.06409	0.20519	0.02933	0.48163	0.01462	0.01859	0.01909	0.01380	0.04389	0.03048	0.01526	0.01053	0.00578	0.00591	0.00182	0.00749	0.00526	0.00314	0.00935
11	0.02276	0.01971	0.01707	0.01393	0.01806	0.24515	0.01108	0.41940	0.02347	0.08386	0.01407	0.01485	0.01042	0.02362	0.00641	0.00184	0.00780	0.00516	0.03225	0.00909
12	0.00879	0.00637	0.00888	0.00888	0.00964	0.00713	0.00646	0.01032	0.00955	0.01350	0.01727	0.02890	0.01741	0.26971	0.53970	0.00866	0.01323	0.00727	0.00341	0.00493
13	0.02327	0.01715	0.01837	0.01408	0.01898	0.01898	0.01163	0.72628	0.02878	0.03858	0.01470	0.01470	0.01041	0.00735	0.00612	0.00184	0.00674	0.00551	0.00612	0.01041
14	0.01344	0.12585	0.43051	0.01418	0.02159	0.01418	0.01649	0.05104	0.01354	0.01976	0.01080	0.01253	0.00823	0.00548	0.00525	0.00158	0.00743	0.00417	0.00303	0.22091
15	0.01954	0.01152	0.01340	0.01135	0.01521	0.01195	0.00902	0.02962	0.39125	0.31690	0.02745	0.02480	0.07285	0.00856	0.00628	0.00200	0.00486	0.00707	0.00673	0.00964
16	0.00887	0.00607	0.00735	0.00735	0.00758	0.00630	0.00455	0.00933	0.00910	0.01237	0.01867	0.03665	0.02077	0.62742	0.18658	0.00677	0.00816	0.00840	0.00362	0.00408
17	0.25529	0.07788	0.17126	0.20290	0.07903	0.03257	0.06396	0.01805	0.01226	0.02042	0.01013	0.01301	0.00778	0.00574	0.00525	0.00189	0.00735	0.00454	0.00306	0.00762
18	0.00745	0.00593	0.00669	0.00719	0.00864	0.00518	0.00519	0.00893	0.01335	0.01663	0.08143	0.30087	0.45805	0.01665	0.00746	0.00222	0.00331	0.03394	0.00573	0.00514
19	0.00795	0.00570	0.00758	0.00845	0.00919	0.00533	0.00596	0.00965	0.01349	0.01838	0.23931	0.52446	0.04517	0.01711	0.00768	0.00234	0.00349	0.05752	0.00599	0.00525
20	0.00735	0.00593	0.00655	0.00697	0.00849	0.00513	0.00501	0.00880	0.01339	0.01654	0.07729	0.28015	0.50397	0.01653	0.00741	0.00219	0.00323	0.01423	0.00572	0.00513
21	0.01212	0.20243	0.01557	0.01054	0.01338	0.05558	0.00928	0.01449	0.01375	0.01705	0.02724	0.04546	0.11385	0.01229	0.00671	0.00213	0.00578	0.35070	0.00460	0.06704

[dist]
# distance from previous block
# <min> <max>
18	53

[block]
# block no. 7 follows, 37 sequences, length 54
# corresponding to MSA columns:
# 378-431
name=unknown_H
#
# <colnr> <probs for GDERKNQSTAVLIFYWHMCP>
#	G	D	E	R	K	N	Q	S	T	A	V	L	I	F	Y	W	H	M	C	P
0	0.06247	0.01003	0.01489	0.01271	0.01545	0.01022	0.14680	0.01787	0.17726	0.03502	0.16948	0.19460	0.02918	0.01156	0.00752	0.03037	0.00527	0.03699	0.00533	0.00699
1	0.01565	0.01794	0.02765	0.02226	0.07206	0.18282	0.42759	0.01949	0.01486	0.01824	0.01428	0.07124	0.01263	0.00708	0.00687	0.00201	0.00955	0.04663	0.00343	0.00771
2	0.01340	0.18733	0.02147	0.54981	0.03469	0.01635	0.01518	0.06171	0.01334	0.01683	0.01059	0.01474	0.00823	0.00600	0.00562	0.00186	0.00770	0.00495	0.00291	0.00727
3	0.01051	0.05842	0.01457	0.09152	0.01664	0.00954	0.10500	0.06221	0.01353	0.01777	0.02711	0.45139	0.06930	0.01396	0.00715	0.00224	0.00535	0.01276	0.00485	0.00619
4	0.01496	0.01626	0.01814	0.47260	0.08456	0.23018	0.01524	0.01818	0.01383	0.01576	0.01130	0.04103	0.00930	0.00658	0.00600	0.00191	0.00877	0.00542	0.00297	0.00703
5	0.01268	0.01735	0.18881	0.01813	0.02355	0.03791	0.29803	0.01727	0.01398	0.01894	0.01950	0.02901	0.06663	0.00844	0.00693	0.00210	0.00822	0.14910	0.00372	0.05972
6	0.00771	0.00561	0.00716	0.00819	0.00884	0.00520	0.00562	0.00897	0.01230	0.01625	0.08729	0.56702	0.12198	0.06716	0.00922	0.00263	0.00369	0.04451	0.00563	0.00500
7	0.01198	0.05869	0.11066	0.01800	0.02248	0.01225	0.34666	0.01586	0.01334	0.01805	0.01946	0.24039	0.01972	0.01005	0.00712	0.00218	0.00769	0.05430	0.00392	0.00721
8	0.03519	0.01613	0.15346	0.01398	0.01902	0.06452	0.11013	0.03559	0.04588	0.29176	0.08893	0.02038	0.01655	0.00727	0.00615	0.00189	0.00669	0.00626	0.05144	0.00880
9	0.01656	0.07731	0.01784	0.06196	0.01810	0.15763	0.06517	0.12157	0.01538	0.04753	0.01302	0.01609	0.01060	0.01201	0.10161	0.00285	0.12349	0.00531	0.10858	0.00740
10	0.01072	0.01013	0.01776	0.01613	0.06277	0.01048	0.19990	0.01308	0.01223	0.01683	0.02271	0.41123	0.02526	0.01327	0.00941	0.00236	0.12286	0.01209	0.00437	0.00641
11	0.01367	0.01453	0.02897	0.24314	0.12641	0.01492	0.40615	0.01820	0.01358	0.01835	0.01170	0.01618	0.00897	0.00565	0.00715	0.00204	0.03302	0.00642	0.00297	0.00797
12	0.02289	0.01282	0.07066	0.01394	0.01906	0.01039	0.14226	0.02615	0.01661	0.52168	0.06224	0.02090	0.01598	0.00729	0.00639	0.00193	0.00630	0.00652	0.00634	0.00965
13	0.06984	0.01013	0.01519	0.42220	0.02824	0.01187	0.03968	0.05485	0.01223	0.01701	0.01324	0.02165	0.01187	0.18496	0.05993	0.00340	0.00794	0.00622	0.00327	0.00627
14	0.00843	0.00603	0.00815	0.00914	0.01004	0.00575	0.00692	0.01041	0.01366	0.01840	0.19153	0.41035	0.04281	0.01703	0.00787	0.00246	0.00401	0.21578	0.00590	0.00534
15	0.01324	0.01672	0.12746	0.13613	0.08415	0.01416	0.41599	0.01808	0.01366	0.01871	0.01353	0.07402	0.01131	0.00648	0.00683	0.00206	0.00908	0.00723	0.00316	0.00800
16	0.01846	0.01762	0.24003	0.11219	0.02412	0.01211	0.10036	0.02339	0.04235	0.30427	0.01699	0.01747	0.01146	0.00658	0.00614	0.00194	0.00730	0.00572	0.02234	0.00915
17	0.01228	0.03166	0.75316	0.01745	0.02649	0.01422	0.02262	0.01939	0.01292	0.01939	0.01099	0.01292	0.00775	0.00582	0.00582	0.00194	0.00905	0.00452	0.00258	0.00905
18	0.00955	0.00822	0.00842	0.00802	0.01049	0.00809	0.00611	0.01568	0.22350	0.01917	0.05124	0.04844	0.53355	0.01341	0.00694	0.00207	0.00361	0.01118	0.00584	0.00648
19	0.01654	0.01433	0.06725	0.01925	0.14785	0.05122	0.17323	0.03731	0.05615	0.17001	0.05262	0.07170	0.05799	0.00821	0.00661	0.00199	0.00698	0.02749	0.00477	0.00850
20	0.01608	0.07889	0.32161	0.01609	0.09591	0.01276	0.01538	0.04895	0.01459	0.18393	0.01812	0.09607	0.03907	0.00792	0.00604	0.00192	0.00693	0.00656	0.00433	0.00883
21	0.01878	0.01236	0.01395	0.01200	0.01583	0.01342	0.00949	0.03174	0.52712	0.23621	0.02469	0.02226	0.01766	0.00809	0.00621	0.00202	0.00495	0.00670	0.00662	0.00990
22	0.02047	0.16824	0.04815	0.01451	0.01831	0.51884	0.01177	0.02394	0.08985	0.01613	0.01093	0.01209	0.00898	0.00630	0.00531	0.00159	0.00950	0.00415	0.00335	0.00758
23	0.01347	0.03002	0.68936	0.01697	0.02565	0.01405	0.02151	0.04028	0.01364	0.06221	0.01185	0.01343	0.00826	0.00596	0.00584	0.00193	0.00876	0.00465	0.00297	0.00916
24	0.01205	0.01114	0.01836	0.73870	0.04120	0.01382	0.01678	0.04521	0.01293	0.01659	0.01104	0.01625	0.00825	0.00617	0.00612	0.00203	0.00810	0.00544	0.00286	0.00695
25	0.00742	0.00621	0.00646	0.00639	0.00838	0.00525	0.00480	0.00914	0.01439	0.01757	0.14970	0.05721	0.65588	0.01512	0.00723	0.00205	0.00307	0.01268	0.00582	0.00525
26	0.01626	0.02308	0.40723	0.01804	0.02540	0.01335	0.19439	0.02181	0.01434	0.18505	0.01431	0.01561	0.00981	0.00605	0.00624	0.00196	0.00849	0.00557	0.00384	0.00916
27	0.01156	0.01088	0.01836	0.77016	0.04216	0.01360	0.01700	0.01564	0.01224	0.01564	0.01088	0.01632	0.00816	0.00612	0.00612	0.00204	0.00816	0.00544	0.00272	0.00680
28	0.00879	0.00637	0.00889	0.00887	0.00967	0.00709	0.00647	0.01039	0.00988	0.01398	0.04689	0.02941	0.01898	0.25118	0.52589	0.00842	0.01292	0.00740	0.00354	0.00499
29	0.01714	0.01313	0.01420	0.01240	0.01610	0.01481	0.00975	0.08175	0.60626	0.10624	0.02410	0.02204	0.01771	0.00816	0.00621	0.00204	0.00502	0.00674	0.00637	0.00982
30	0.03403	0.07531	0.26066	0.17606	0.02857	0.03683	0.17753	0.04594	0.01366	0.03347	0.01124	0.01435	0.00844	0.00608	0.00684	0.00197	0.05256	0.00531	0.00302	0.00814
31	0.01561	0.02185	0.19141	0.01997	0.02557	0.15964	0.30970	0.02161	0.09215	0.01903	0.01260	0.01514	0.00961	0.00619	0.00720	0.00198	0.05332	0.00584	0.00331	0.00828
32	0.01279	0.01598	0.12058	0.02140	0.04855	0.01307	0.45089	0.01736	0.01380	0.01889	0.01691	0.13498	0.01577	0.00825	0.00719	0.00216	0.00869	0.06140	0.00361	0.00771
33	0.01206	0.01122	0.00921	0.00886	0.00961	0.17677	0.00570	0.01250	0.01085	0.01266	0.01695	0.03287	0.01873	0.58007	0.05354	0.00510	0.00749	0.00769	0.00357	0.00454
34	0.01996	0.01802	0.23340	0.01634	0.02267	0.01205	0.18350	0.02437	0.01546	0.36477	0.01753	0.01751	0.01161	0.00649	0.00631	0.00195	0.00754	0.00594	0.00506	0.00951
35	0.00921	0.00784	0.01326	0.04072	0.01473	0.00750	0.14187	0.01138	0.01272	0.01705	0.07382	0.49251	0.03368	0.03352	0.00820	0.00246	0.00516	0.06354	0.00510	0.00573
36	0.00746	0.00533	0.00710	0.00852	0.00888	0.00497	0.00568	0.00852	0.01172	0.01563	0.03374	0.78088	0.04049	0.01918	0.00781	0.00249	0.00355	0.01740	0.00568	0.00497
37	0.01788	0.01771	0.02058	0.02639	0.40751	0.19227	0.01492	0.12339	0.01684	0.02175	0.01217	0.01472	0.00985	0.00607	0.00580	0.00173	0.00774	0.00512	0.06871	0.00886
38	0.02159	0.01821	0.01702	0.01365	0.01789	0.15420	0.01100	0.52101	0.02532	0.03240	0.06235	0.01787	0.04384	0.00783	0.00613	0.00180	0.00713	0.00589	0.00560	0.00928
39	0.00923	0.00664	0.00862	0.00947	0.05527	0.00669	0.00582	0.01033	0.01090	0.01496	0.12541	0.06668	0.02699	0.46552	0.11807	0.00532	0.00682	0.03832	0.00421	0.00475
40	0.01242	0.01187	0.02065	0.64292	0.03989	0.01407	0.10781	0.04572	0.01321	0.01710	0.01123	0.01628	0.00840	0.00605	0.00626	0.00203	0.00838	0.00567	0.00291	0.00714
41	0.01320	0.20301	0.58992	0.01587	0.02405	0.01648	0.01987	0.01915	0.01281	0.01826	0.01042	0.01222	0.00778	0.00568	0.00539	0.00180	0.00848	0.00424	0.00259	0.00878
42	0.01411	0.01348	0.02296	0.25029	0.54212	0.01427	0.01827	0.01787	0.01345	0.01873	0.01133	0.01549	0.00925	0.00565	0.00608	0.00188	0.00753	0.00545	0.00294	0.00886
43	0.02283	0.01541	0.06809	0.01250	0.01721	0.05633	0.01080	0.32230	0.02151	0.28621	0.01797	0.01730	0.01225	0.00724	0.00590	0.00181	0.00624	0.00560	0.08280	0.00968
44	0.01454	0.29838	0.40361	0.01632	0.07365	0.06053	0.01742	0.01926	0.01308	0.01741	0.01006	0.01188	0.00794	0.00561	0.00515	0.00169	0.00815	0.00411	0.00266	0.00856
45	0.01445	0.01651	0.03612	0.02580	0.03199	0.01548	0.72446	0.01961	0.01445	0.01961	0.01238	0.01651	0.00929	0.00516	0.00722	0.00206	0.01032	0.00722	0.00310	0.00826
46	0.01530	0.59044	0.22082	0.01230	0.01853	0.02160	0.01365	0.01861	0.01256	0.01571	0.00916	0.01063	0.00783	0.00539	0.00442	0.00147	0.00720	0.00360	0.00261	0.00817
47	0.06178	0.00661	0.00833	0.00832	0.00972	0.00717	0.00636	0.01274	0.01126	0.04079	0.01916	0.10561	0.01763	0.02710	0.36995	0.00565	0.00966	0.00726	0.25919	0.00571
48	0.01957	0.05459	0.01560	0.01183	0.01549	0.00943	0.08741	0.02185	0.01520	0.41381	0.02473	0.24040	0.02144	0.01054	0.00663	0.00205	0.00537	0.00937	0.00624	0.00845
49	0.00886	0.00697	0.01039	0.01014	0.01133	0.00662	0.08110	0.01042	0.01191	0.01567	0.03037	0.36576	0.09063	0.19040	0.01308	0.00324	0.00508	0.11792	0.00496	0.00515
50	0.00746	0.00533	0.00710	0.00852	0.00888	0.00497	0.00568	0.00852	0.01172	0.01563	0.03374	0.78088	0.04049	0.01918	0.00781	0.00249	0.00355	0.01740	0.00568	0.00497
51	0.07638	0.01076	0.05503	0.01261	0.06614	0.00957	0.02988	0.04093	0.04491	0.21744	0.07455	0.08562	0.02222	0.10103	0.00942	0.00255	0.00553	0.10700	0.02083	0.00762
52	0.01385	0.01303	0.02287	0.34578	0.15145	0.01438	0.17625	0.05571	0.01386	0.03265	0.01198	0.01625	0.00923	0.00622	0.00717	0.00201	0.05651	0.00587	0.03709	0.00782
53	0.01055	0.00860	0.01118	0.07991	0.01457	0.00934	0.02360	0.01592	0.17639	0.03085	0.10225	0.33486	0.08145	0.01355	0.00793	0.00226	0.05299	0.01180	0.00543	0.00657

[dist]
# distance from previous block
# <min> <max>
0	4

[block]
# block no. 8 follows, 37 sequences, length 17
# corresponding to MSA columns:
# 436-452
name=unknown_I
#
# <colnr> <probs for GDERKNQSTAVLIFYWHMCP>
#	G	D	E	R	K	N	Q	S	T	A	V	L	I	F	Y	W	H	M	C	P
0	0.01289	0.01089	0.04734	0.08828	0.01833	0.02207	0.16264	0.01554	0.01260	0.09151	0.02011	0.08693	0.05684	0.18738	0.01267	0.00291	0.03828	0.00804	0.09825	0.00650
1	0.00846	0.00652	0.00887	0.00848	0.01000	0.00596	0.03630	0.01087	0.01546	0.02111	0.44334	0.19449	0.16301	0.01412	0.00737	0.00209	0.00343	0.02833	0.00618	0.00562
2	0.01262	0.01088	0.01304	0.05529	0.01619	0.00849	0.00785	0.01543	0.01267	0.01968	0.01088	0.01291	0.00901	0.00463	0.00463	0.00098	0.00475	0.00374	0.00357	0.77277
3	0.04745	0.12456	0.60734	0.01583	0.02388	0.01518	0.01981	0.01886	0.01263	0.01887	0.01084	0.01328	0.00819	0.03078	0.00631	0.00199	0.00845	0.00446	0.00268	0.00862
4	0.01196	0.01343	0.07279	0.04503	0.04727	0.01180	0.33954	0.01563	0.01312	0.01809	0.01840	0.24702	0.01853	0.00967	0.00757	0.00213	0.03779	0.00971	0.00384	0.05669
5	0.01507	0.01005	0.01586	0.01281	0.01613	0.00954	0.15276	0.01976	0.10030	0.20080	0.24917	0.11942	0.03082	0.01012	0.00691	0.00203	0.00527	0.00936	0.00602	0.00778
6	0.01974	0.19333	0.01777	0.01097	0.01492	0.04493	0.00921	0.17180	0.01756	0.23752	0.01896	0.12712	0.01585	0.00858	0.00571	0.00178	0.00568	0.00686	0.06315	0.00855
7	0.01643	0.06876	0.24940	0.01506	0.02057	0.13022	0.06298	0.19368	0.03327	0.02285	0.01680	0.06835	0.05925	0.00778	0.00606	0.00188	0.00787	0.00626	0.00408	0.00844
8	0.01211	0.05689	0.12236	0.04341	0.08374	0.09119	0.01116	0.04658	0.01396	0.01813	0.07031	0.32100	0.02553	0.02437	0.00710	0.00216	0.00607	0.03269	0.00448	0.00678
9	0.05729	0.00820	0.01041	0.09531	0.01421	0.00863	0.00776	0.10601	0.01359	0.05706	0.02279	0.35729	0.02459	0.08180	0.01098	0.09729	0.00506	0.01096	0.00488	0.00590
10	0.08840	0.35628	0.02133	0.01082	0.01485	0.01800	0.00947	0.20402	0.01645	0.02222	0.01527	0.16749	0.01504	0.00866	0.00529	0.00174	0.00583	0.00674	0.00427	0.00784
11	0.18449	0.15858	0.05699	0.22518	0.02341	0.12560	0.01271	0.01799	0.01231	0.01786	0.00939	0.01247	0.00771	0.00647	0.00692	0.00188	0.10566	0.00432	0.00297	0.00711
12	0.22405	0.01424	0.08284	0.12163	0.02081	0.01328	0.04670	0.13890	0.01599	0.19670	0.01414	0.01499	0.00987	0.00639	0.00547	0.00186	0.00634	0.00498	0.00476	0.05606
13	0.04961	0.01083	0.01668	0.11716	0.02071	0.01115	0.13770	0.05755	0.07593	0.10025	0.02409	0.05342	0.06216	0.01054	0.00706	0.00227	0.00653	0.22400	0.00500	0.00739
14	0.08564	0.01070	0.01217	0.00990	0.01365	0.01007	0.00777	0.09834	0.04283	0.02226	0.05633	0.14881	0.01752	0.00844	0.00626	0.00158	0.04498	0.00686	0.00452	0.39139
15	0.05612	0.04512	0.01221	0.00892	0.01298	0.00894	0.00708	0.04309	0.01396	0.08238	0.10075	0.05339	0.06684	0.05074	0.00678	0.00164	0.00453	0.00623	0.00461	0.41370
16	0.05943	0.01320	0.01411	0.04465	0.01660	0.11521	0.00949	0.06074	0.07089	0.42025	0.05069	0.06398	0.01671	0.00817	0.00610	0.00190	0.00599	0.00657	0.00625	0.00906

[dist]
# distance from previous block
# <min> <max>
27	116

[block]
# block no. 9 follows, 37 sequences, length 32
# corresponding to MSA columns:
# 603-620,624-637
name=unknown_J
#
# <colnr> <probs for GDERKNQSTAVLIFYWHMCP>
#	G	D	E	R	K	N	Q	S	T	A	V	L	I	F	Y	W	H	M	C	P
0	0.01974	0.09525	0.04744	0.01273	0.01674	0.19583	0.02753	0.03861	0.16267	0.21362	0.04988	0.04594	0.03164	0.00784	0.00593	0.00183	0.00681	0.00618	0.00523	0.00858
1	0.01300	0.01051	0.01588	0.47550	0.03088	0.01199	0.01341	0.07439	0.01489	0.06283	0.14802	0.02169	0.01802	0.00740	0.00623	0.00193	0.00667	0.00642	0.00409	0.05624
2	0.01505	0.01235	0.01907	0.13373	0.36000	0.01242	0.01432	0.01961	0.07496	0.09438	0.07420	0.01878	0.01468	0.00648	0.00601	0.00178	0.00630	0.00589	0.00409	0.10591
3	0.22391	0.04455	0.01068	0.00997	0.01218	0.07133	0.00816	0.01462	0.01344	0.02070	0.11381	0.13357	0.02784	0.01232	0.00656	0.00225	0.00527	0.25785	0.00496	0.00605
4	0.06917	0.01684	0.01784	0.01374	0.01858	0.01868	0.01135	0.68589	0.02773	0.03794	0.01434	0.01443	0.01019	0.00725	0.00599	0.00184	0.00662	0.00539	0.00599	0.01019
5	0.01754	0.02049	0.02497	0.01968	0.02337	0.28974	0.28875	0.03862	0.01477	0.01733	0.01042	0.01377	0.00853	0.00685	0.00938	0.00201	0.17754	0.00557	0.00310	0.00754
6	0.00883	0.00605	0.00740	0.00795	0.00830	0.00598	0.00532	0.00960	0.01048	0.01387	0.02462	0.18231	0.02825	0.48770	0.02224	0.00467	0.00544	0.15219	0.00446	0.00433
7	0.01478	0.49525	0.31150	0.01318	0.01989	0.02034	0.01518	0.01874	0.01263	0.01633	0.00947	0.01102	0.00782	0.00546	0.00466	0.00155	0.00752	0.00376	0.00261	0.00832
8	0.01523	0.01315	0.01384	0.01246	0.01592	0.01523	0.00969	0.03253	0.73563	0.02561	0.02491	0.02284	0.01869	0.00830	0.00623	0.00208	0.00484	0.00692	0.00623	0.00969
9	0.01269	0.01088	0.01269	0.00907	0.01451	0.00816	0.00725	0.01541	0.01269	0.01995	0.01088	0.01269	0.00907	0.00453	0.00453	0.00091	0.00453	0.00363	0.00363	0.82229
10	0.01269	0.01088	0.01269	0.00907	0.01451	0.00816	0.00725	0.01541	0.01269	0.01995	0.01088	0.01269	0.00907	0.00453	0.00453	0.00091	0.00453	0.00363	0.00363	0.82229
11	0.02107	0.09442	0.01534	0.01016	0.01487	0.01019	0.00844	0.02320	0.01504	0.41994	0.01789	0.01720	0.01237	0.00727	0.00650	0.04993	0.00517	0.00508	0.00563	0.24030
12	0.01523	0.01315	0.01384	0.01246	0.01592	0.01523	0.00969	0.03253	0.73563	0.02561	0.02491	0.02284	0.01869	0.00830	0.00623	0.00208	0.00484	0.00692	0.00623	0.00969
13	0.01269	0.01088	0.01269	0.00907	0.01451	0.00816	0.00725	0.01541	0.01269	0.01995	0.01088	0.01269	0.00907	0.00453	0.00453	0.00091	0.00453	0.00363	0.00363	0.82229
14	0.01228	0.03166	0.75316	0.01745	0.02649	0.01422	0.02262	0.01939	0.01292	0.01939	0.01099	0.01292	0.00775	0.00582	0.00582	0.00194	0.00905	0.00452	0.00258	0.00905
15	0.10711	0.00889	0.01069	0.00897	0.01222	0.00861	0.00723	0.03880	0.01479	0.35616	0.02014	0.02045	0.01429	0.01124	0.08431	0.00258	0.00565	0.00574	0.25407	0.00805
16	0.01208	0.00980	0.01129	0.01114	0.01352	0.01069	0.00894	0.02175	0.36411	0.02200	0.07773	0.08647	0.07246	0.01249	0.00718	0.00233	0.00479	0.23767	0.00600	0.00754
17	0.01401	0.01128	0.01313	0.00948	0.01485	0.00891	0.00762	0.06307	0.01396	0.05187	0.01169	0.01317	0.00941	0.00485	0.00471	0.00101	0.00471	0.00386	0.00396	0.73448
18	0.00986	0.00705	0.00986	0.01127	0.01268	0.00705	0.00986	0.01268	0.01409	0.01832	0.03241	0.06905	0.03523	0.01691	0.00845	0.00282	0.00564	0.70549	0.00564	0.00564
19	0.02327	0.01715	0.01837	0.01408	0.01898	0.01898	0.01163	0.72628	0.02878	0.03858	0.01470	0.01470	0.01041	0.00735	0.00612	0.00184	0.00674	0.00551	0.00612	0.01041
20	0.01121	0.00893	0.01038	0.00954	0.01177	0.00944	0.00729	0.01968	0.29568	0.02496	0.46501	0.03686	0.04262	0.01088	0.00684	0.00198	0.00365	0.00946	0.00654	0.00729
21	0.82811	0.01184	0.00900	0.00805	0.01184	0.01373	0.00663	0.01799	0.01042	0.02746	0.00852	0.00994	0.00663	0.00568	0.00379	0.00189	0.00474	0.00331	0.00379	0.00663
22	0.02290	0.02823	0.01743	0.01564	0.01893	0.70192	0.01181	0.07972	0.01825	0.01684	0.00987	0.01133	0.00808	0.00639	0.00557	0.00160	0.01070	0.00407	0.00339	0.00736
23	0.02327	0.01715	0.01837	0.01408	0.01898	0.01898	0.01163	0.72628	0.02878	0.03858	0.01470	0.01470	0.01041	0.00735	0.00612	0.00184	0.00674	0.00551	0.00612	0.01041
24	0.01269	0.01088	0.01269	0.00907	0.01451	0.00816	0.00725	0.01541	0.01269	0.01995	0.01088	0.01269	0.00907	0.00453	0.00453	0.00091	0.00453	0.00363	0.00363	0.82229
25	0.01424	0.01227	0.01340	0.01114	0.01537	0.01249	0.00875	0.02590	0.45548	0.02341	0.01948	0.01891	0.01496	0.00684	0.00557	0.00162	0.00472	0.00564	0.00522	0.32458
26	0.01336	0.00944	0.01051	0.00931	0.01092	0.01001	0.00663	0.22797	0.01539	0.02055	0.01897	0.03472	0.01971	0.48436	0.02165	0.00443	0.00615	0.06539	0.00460	0.00591
27	0.01070	0.00969	0.01450	0.47494	0.02992	0.01128	0.01294	0.01518	0.07251	0.01684	0.02585	0.03046	0.19077	0.00925	0.00654	0.00210	0.00650	0.04956	0.00391	0.00657
28	0.07962	0.01238	0.02294	0.01718	0.02158	0.01159	0.37375	0.01641	0.01448	0.02126	0.19210	0.06877	0.02279	0.00778	0.00670	0.00192	0.00705	0.00809	0.00425	0.08935
29	0.01691	0.01802	0.02816	0.02115	0.02630	0.15337	0.44783	0.02295	0.11728	0.06365	0.01432	0.01665	0.01071	0.00596	0.00670	0.00197	0.00937	0.00651	0.00382	0.00837
30	0.23161	0.01491	0.02337	0.01739	0.02255	0.01523	0.32375	0.17137	0.01671	0.08613	0.01283	0.01475	0.00931	0.00597	0.00600	0.00196	0.00766	0.00574	0.00430	0.00847
31	0.01973	0.01653	0.02386	0.01800	0.02304	0.11028	0.29252	0.13499	0.07517	0.17925	0.01586	0.01686	0.01129	0.00641	0.00646	0.00190	0.00817	0.00619	0.00480	0.02869

[dist]
# distance from previous block
# <min> <max>
16	131

[block]
# block no. 10 follows, 37 sequences, length 20
# corresponding to MSA columns:
# 808-827
name=unknown_K
#
# <colnr> <probs for GDERKNQSTAVLIFYWHMCP>
#	G	D	E	R	K	N	Q	S	T	A	V	L	I	F	Y	W	H	M	C	P
0	0.01748	0.01527	0.01927	0.07463	0.02118	0.10477	0.13452	0.14556	0.03625	0.09411	0.01372	0.03482	0.01073	0.00673	0.00698	0.00175	0.06421	0.00559	0.00429	0.18815
1	0.10945	0.07090	0.01840	0.01379	0.01789	0.04561	0.13340	0.07571	0.19061	0.12580	0.06122	0.02292	0.01693	0.00790	0.00614	0.00198	0.00631	0.06142	0.00517	0.00845
2	0.03445	0.01121	0.03291	0.01101	0.01427	0.02686	0.00898	0.06022	0.17437	0.24690	0.14915	0.07952	0.04585	0.00996	0.00710	0.00204	0.03751	0.03302	0.00628	0.00840
3	0.01292	0.28923	0.28116	0.01282	0.01817	0.01551	0.01412	0.01674	0.01269	0.01682	0.01540	0.02611	0.01487	0.06960	0.00773	0.00222	0.00719	0.15589	0.00334	0.00747
4	0.01355	0.34598	0.01923	0.00968	0.01277	0.01503	0.00826	0.01679	0.08555	0.05062	0.06655	0.07535	0.01884	0.14600	0.06943	0.00306	0.00650	0.02595	0.00404	0.00685
5	0.11418	0.18039	0.07589	0.01100	0.01608	0.01323	0.01013	0.02519	0.01526	0.45235	0.01797	0.01660	0.01203	0.00672	0.00538	0.00177	0.00575	0.00508	0.00568	0.00933
6	0.01840	0.56090	0.02803	0.01154	0.01668	0.02268	0.01082	0.22726	0.01726	0.02154	0.01034	0.01126	0.00861	0.00586	0.00458	0.00147	0.00660	0.00393	0.00365	0.00861
7	0.01619	0.75622	0.06288	0.01077	0.01617	0.02379	0.01099	0.01837	0.01246	0.01461	0.00862	0.00995	0.00785	0.00526	0.00401	0.00134	0.00665	0.00333	0.00262	0.00791
8	0.01141	0.00571	0.00571	0.00571	0.00713	0.00571	0.00428	0.01426	0.01284	0.02282	0.01997	0.02282	0.01569	0.00713	0.00428	0.00143	0.00285	0.00571	0.81886	0.00571
9	0.00826	0.00636	0.00959	0.01013	0.01105	0.00600	0.05958	0.00984	0.01220	0.01624	0.03199	0.63940	0.03754	0.01787	0.00785	0.00249	0.00430	0.09851	0.00548	0.00529
10	0.00890	0.00593	0.00668	0.00668	0.00668	0.00593	0.00371	0.00890	0.00890	0.01187	0.01929	0.04006	0.02225	0.78487	0.03116	0.00593	0.00593	0.00890	0.00371	0.00371
11	0.01518	0.56910	0.24115	0.01250	0.01884	0.02132	0.01399	0.01864	0.01258	0.01585	0.00923	0.01072	0.00783	0.00540	0.00448	0.00149	0.00727	0.00364	0.00261	0.00820
12	0.00739	0.00559	0.00684	0.00784	0.00870	0.00503	0.00538	0.00860	0.01238	0.01589	0.04208	0.56782	0.24816	0.01809	0.00764	0.00236	0.00342	0.01608	0.00568	0.00503
13	0.01348	0.25503	0.54036	0.01539	0.02331	0.01717	0.01903	0.01907	0.01278	0.01791	0.01025	0.01201	0.00778	0.00564	0.00526	0.00175	0.00831	0.00415	0.00259	0.00870
14	0.41229	0.40972	0.02082	0.00929	0.01382	0.01911	0.00860	0.01817	0.01145	0.02077	0.00852	0.00988	0.00726	0.00545	0.00386	0.00159	0.00566	0.00329	0.00319	0.00726
15	0.00871	0.00648	0.00825	0.00843	0.01000	0.00602	0.00674	0.01128	0.01564	0.02096	0.38505	0.05548	0.20077	0.01446	0.00759	0.00222	0.00375	0.21641	0.00618	0.00560
16	0.01437	0.41831	0.38481	0.01388	0.02099	0.01933	0.01641	0.01885	0.01268	0.01684	0.00972	0.01134	0.00781	0.00552	0.00485	0.00162	0.00777	0.00388	0.00260	0.00844
17	0.19826	0.01912	0.05173	0.01257	0.01644	0.30162	0.01030	0.05761	0.01565	0.18077	0.01334	0.01420	0.00988	0.00942	0.06143	0.00236	0.00846	0.00459	0.00439	0.00787
18	0.13950	0.18172	0.07160	0.01063	0.01541	0.07257	0.00956	0.01891	0.03311	0.08653	0.03170	0.01404	0.01071	0.00780	0.04316	0.00188	0.00648	0.00427	0.00382	0.23658
