[name]
unknown

[dist]
# distance from previous block
# <min> <max>
0	5

[block]
# block no. 0 follows, 51 sequences, length 25
# corresponding to MSA columns:
# 5-29
name=unknown_A
#
# <colnr> <probs for GDERKNQSTAVLIFYWHMCP>
#	G	D	E	R	K	N	Q	S	T	A	V	L	I	F	Y	W	H	M	C	P
0	0.05370	0.00829	0.01064	0.00880	0.01202	0.00777	0.00730	0.05604	0.06757	0.53040	0.03198	0.02309	0.02703	0.00738	0.00518	0.00165	0.00420	0.12394	0.00555	0.00747
1	0.01624	0.01064	0.01444	0.01586	0.25210	0.01075	0.01001	0.13981	0.15958	0.26636	0.01484	0.01463	0.01059	0.00556	0.00488	0.00149	0.00480	0.00473	0.00447	0.03820
2	0.01092	0.21464	0.01785	0.01871	0.40590	0.01178	0.01072	0.01314	0.01095	0.01460	0.06378	0.06725	0.10739	0.00636	0.00470	0.00142	0.00488	0.00555	0.00293	0.00654
3	0.00683	0.01005	0.20425	0.00735	0.01032	0.00596	0.00739	0.00917	0.01089	0.01380	0.03820	0.08407	0.55238	0.01068	0.00555	0.00165	0.00370	0.00890	0.00394	0.00492
4	0.01639	0.47016	0.01999	0.00918	0.01309	0.09281	0.00830	0.08873	0.01261	0.21054	0.01051	0.01055	0.00796	0.00492	0.00389	0.00123	0.00535	0.00343	0.00340	0.00695
5	0.01160	0.01326	0.02900	0.02071	0.02568	0.01243	0.77879	0.01574	0.01160	0.01574	0.00994	0.01326	0.00746	0.00414	0.00580	0.00166	0.00829	0.00580	0.00249	0.00663
6	0.01062	0.00983	0.01639	0.02433	0.59925	0.00975	0.01245	0.01302	0.01074	0.01518	0.01370	0.21516	0.01396	0.00713	0.00522	0.00159	0.00509	0.00678	0.00296	0.00684
7	0.00953	0.09466	0.50580	0.01106	0.01653	0.01021	0.01330	0.01362	0.01066	0.03903	0.01920	0.01957	0.20353	0.00661	0.00482	0.00153	0.00579	0.00526	0.00282	0.00643
8	0.00702	0.00527	0.00790	0.00790	0.00878	0.00614	0.00614	0.00878	0.00790	0.01141	0.01316	0.01931	0.01229	0.03686	0.80782	0.00790	0.01316	0.00527	0.00263	0.00439
9	0.00695	0.00956	0.20475	0.00863	0.01066	0.00585	0.00796	0.00902	0.00965	0.01330	0.02252	0.62065	0.02593	0.01271	0.00587	0.00189	0.00395	0.01139	0.00394	0.00481
10	0.01062	0.00983	0.01639	0.02433	0.59925	0.00975	0.01245	0.01302	0.01074	0.01518	0.01370	0.21516	0.01396	0.00713	0.00522	0.00159	0.00509	0.00678	0.00296	0.00684
11	0.01064	0.01012	0.01719	0.44635	0.39239	0.01127	0.01432	0.01374	0.01047	0.01420	0.00897	0.01266	0.00713	0.00466	0.00489	0.00155	0.00622	0.00437	0.00230	0.00655
12	0.00985	0.00980	0.00941	0.00909	0.01038	0.20651	0.00698	0.01149	0.00941	0.01156	0.01177	0.01669	0.01080	0.02891	0.60696	0.00624	0.01209	0.00474	0.00261	0.00472
13	0.00623	0.00446	0.00592	0.00668	0.00718	0.00415	0.00458	0.00745	0.01053	0.01434	0.21884	0.62723	0.03597	0.01406	0.00615	0.00188	0.00272	0.01270	0.00477	0.00415
14	0.22841	0.01178	0.01194	0.00957	0.01296	0.01311	0.00783	0.51344	0.01812	0.02716	0.01163	0.05921	0.00919	0.00612	0.00447	0.00150	0.00473	0.00455	0.03708	0.00719
15	0.34669	0.01215	0.00990	0.00886	0.01136	0.19040	0.00700	0.11488	0.01144	0.01830	0.00924	0.01151	0.00769	0.01293	0.20481	0.00305	0.00750	0.00366	0.00307	0.00557
16	0.01321	0.78072	0.04774	0.00871	0.01295	0.04493	0.00873	0.01490	0.01013	0.01169	0.00691	0.00799	0.00630	0.00425	0.00324	0.00107	0.00543	0.00267	0.00212	0.00631
17	0.22462	0.13924	0.01723	0.02003	0.45081	0.01250	0.01125	0.01467	0.01038	0.01697	0.03424	0.01126	0.00821	0.00458	0.00417	0.00141	0.00512	0.00382	0.00263	0.00683
18	0.04942	0.11167	0.24658	0.01249	0.11745	0.01027	0.03031	0.01359	0.01064	0.01574	0.06954	0.01435	0.05573	0.00516	0.00436	0.00128	0.00515	0.00423	0.00278	0.21926
19	0.01015	0.00872	0.01389	0.01986	0.45862	0.00865	0.01024	0.01199	0.00996	0.03029	0.01381	0.14454	0.01427	0.21188	0.01012	0.00237	0.00507	0.00659	0.00298	0.00600
20	0.01009	0.00973	0.04120	0.05905	0.48779	0.00929	0.01195	0.01252	0.01061	0.01486	0.01476	0.23735	0.01527	0.00780	0.00532	0.00165	0.00505	0.03617	0.00308	0.00649
21	0.01241	0.21633	0.02140	0.02472	0.60062	0.01362	0.01341	0.01499	0.01089	0.01493	0.00864	0.01109	0.00741	0.00434	0.00444	0.00136	0.00569	0.00394	0.00235	0.00741
22	0.01177	0.01181	0.02175	0.09695	0.53672	0.01180	0.20589	0.01502	0.01117	0.01567	0.00937	0.01252	0.00759	0.00437	0.00510	0.00152	0.00651	0.00473	0.00242	0.00729
23	0.01365	0.01455	0.01833	0.04314	0.58441	0.21064	0.01365	0.01616	0.01184	0.01497	0.00882	0.01136	0.00739	0.00456	0.00476	0.00142	0.00661	0.00407	0.00245	0.00721
24	0.01089	0.07416	0.03188	0.02229	0.51023	0.01095	0.01231	0.01343	0.01019	0.01446	0.00998	0.01356	0.00874	0.01256	0.20568	0.00305	0.02198	0.00445	0.00245	0.00677

[dist]
# distance from previous block
# <min> <max>
4	14

[block]
# block no. 1 follows, 51 sequences, length 6
# corresponding to MSA columns:
# 45-50
name=unknown_B
#
# <colnr> <probs for GDERKNQSTAVLIFYWHMCP>
#	G	D	E	R	K	N	Q	S	T	A	V	L	I	F	Y	W	H	M	C	P
0	0.08548	0.00936	0.01163	0.01291	0.17894	0.00986	0.00825	0.11078	0.19182	0.06917	0.10054	0.05613	0.08388	0.04250	0.00586	0.00171	0.00421	0.00609	0.00424	0.00665
1	0.14165	0.01154	0.09982	0.01603	0.27795	0.01021	0.01053	0.05382	0.07856	0.12231	0.05440	0.01654	0.07411	0.00588	0.00471	0.00153	0.00483	0.00493	0.00364	0.00700
2	0.10771	0.02756	0.03175	0.01355	0.17617	0.02956	0.02933	0.09492	0.05721	0.16104	0.01189	0.01372	0.00925	0.06120	0.00629	0.00164	0.03482	0.00430	0.00365	0.12445
3	0.14739	0.00985	0.01333	0.01117	0.05352	0.00979	0.10570	0.07069	0.12235	0.31131	0.05298	0.01534	0.01193	0.00569	0.00475	0.00152	0.00466	0.00484	0.00459	0.03857
4	0.01366	0.06944	0.01741	0.01984	0.36495	0.14746	0.03964	0.06358	0.18201	0.01692	0.01133	0.01268	0.00904	0.00506	0.00474	0.00145	0.00595	0.00437	0.00314	0.00732
5	0.00684	0.00502	0.00641	0.00606	0.00727	0.00459	0.00455	0.00905	0.01364	0.01907	0.72036	0.03776	0.12045	0.01028	0.00580	0.00156	0.00234	0.00903	0.00533	0.00459

[dist]
# distance from previous block
# <min> <max>
10	128

[block]
# block no. 2 follows, 51 sequences, length 17
# corresponding to MSA columns:
# 179-195
name=unknown_C
#
# <colnr> <probs for GDERKNQSTAVLIFYWHMCP>
#	G	D	E	R	K	N	Q	S	T	A	V	L	I	F	Y	W	H	M	C	P
0	0.49004	0.12257	0.01008	0.00738	0.00996	0.08430	0.00597	0.01339	0.00932	0.01771	0.01110	0.17709	0.01118	0.00680	0.00385	0.00153	0.00427	0.00505	0.00318	0.00522
1	0.01082	0.26183	0.57386	0.01236	0.01873	0.01377	0.01529	0.01531	0.01026	0.01439	0.00824	0.00964	0.00625	0.00453	0.00422	0.00141	0.00667	0.00334	0.00208	0.00698
2	0.01147	0.42049	0.42087	0.01126	0.01702	0.01536	0.01337	0.01515	0.01018	0.01360	0.00784	0.00915	0.00627	0.00444	0.00392	0.00131	0.00628	0.00314	0.00209	0.00679
3	0.02001	0.00882	0.01134	0.00900	0.01259	0.00826	0.00734	0.02440	0.17432	0.63859	0.01951	0.01706	0.01275	0.00620	0.00495	0.00155	0.00412	0.00507	0.00586	0.00824
4	0.00928	0.00796	0.00911	0.00680	0.01061	0.00605	0.00539	0.01127	0.01040	0.01545	0.01724	0.01788	0.17036	0.00546	0.00409	0.00092	0.00340	0.00446	0.00325	0.68062
5	0.01077	0.01177	0.02461	0.18448	0.02623	0.01160	0.57260	0.01453	0.01110	0.01488	0.01075	0.06319	0.00881	0.00500	0.00565	0.00167	0.00759	0.00601	0.00255	0.00622
6	0.00730	0.00637	0.00833	0.01038	0.17038	0.00578	0.00623	0.00906	0.01162	0.01486	0.15841	0.03835	0.51401	0.01040	0.00561	0.00160	0.00316	0.00890	0.00426	0.00498
7	0.01057	0.00582	0.00773	0.00680	0.00859	0.00526	0.00526	0.01279	0.01395	0.20680	0.60832	0.03192	0.03817	0.00910	0.00559	0.00154	0.00277	0.00794	0.00557	0.00553
8	0.78176	0.00939	0.00762	0.00668	0.00979	0.01066	0.00550	0.01535	0.00891	0.09637	0.00804	0.00882	0.00598	0.00471	0.00322	0.00152	0.00384	0.00288	0.00333	0.00561
9	0.00859	0.01829	0.52404	0.01101	0.01626	0.00894	0.01324	0.01288	0.01101	0.01560	0.11954	0.02188	0.18433	0.00707	0.00506	0.00158	0.00558	0.00579	0.00305	0.00624
10	0.00902	0.00893	0.00823	0.00794	0.00940	0.17147	0.00605	0.01056	0.01047	0.01259	0.07161	0.02624	0.23691	0.02160	0.36162	0.00434	0.00854	0.00652	0.00334	0.00461
11	0.00946	0.29397	0.01462	0.17436	0.01471	0.01133	0.00766	0.01195	0.05226	0.01309	0.04495	0.02462	0.29415	0.00763	0.00465	0.00144	0.00437	0.00613	0.00326	0.00538
12	0.00919	0.05466	0.60451	0.01229	0.01798	0.01021	0.01493	0.01372	0.01016	0.01477	0.01252	0.17881	0.01167	0.00687	0.00494	0.00163	0.00627	0.00573	0.00259	0.00655
13	0.01160	0.11044	0.21767	0.29190	0.02241	0.01246	0.01267	0.17220	0.01271	0.01703	0.01044	0.06775	0.00861	0.00570	0.00474	0.00154	0.00609	0.00465	0.00288	0.00652
14	0.01273	0.13587	0.01511	0.01319	0.17472	0.10843	0.02511	0.03765	0.03286	0.06469	0.04554	0.01415	0.05175	0.00516	0.00432	0.00121	0.00502	0.00421	0.02343	0.22483
15	0.01190	0.00899	0.01105	0.00819	0.01218	0.00745	0.02699	0.06278	0.01137	0.10262	0.01091	0.04815	0.00901	0.00473	0.00438	0.00098	0.02581	0.00385	0.00343	0.62522
16	0.01168	0.06878	0.23525	0.02796	0.01528	0.16469	0.03379	0.07614	0.03492	0.01531	0.01371	0.17973	0.02908	0.00718	0.00488	0.00150	0.00594	0.00591	0.00312	0.06514

[dist]
# distance from previous block
# <min> <max>
1	9

[block]
# block no. 3 follows, 51 sequences, length 8
# corresponding to MSA columns:
# 205-212
name=unknown_D
#
# <colnr> <probs for GDERKNQSTAVLIFYWHMCP>
#	G	D	E	R	K	N	Q	S	T	A	V	L	I	F	Y	W	H	M	C	P
0	0.01596	0.01163	0.06661	0.17817	0.01835	0.01150	0.01001	0.31960	0.04729	0.20221	0.05833	0.01481	0.01118	0.00592	0.00496	0.00154	0.00525	0.00478	0.00445	0.00744
1	0.10540	0.01435	0.12388	0.01161	0.06716	0.10538	0.00965	0.22336	0.06178	0.07182	0.01130	0.03299	0.00871	0.00541	0.00448	0.00140	0.00541	0.00415	0.02201	0.10976
2	0.01208	0.01190	0.02122	0.02883	0.68779	0.01178	0.12291	0.01517	0.01125	0.01601	0.00934	0.01232	0.00774	0.00435	0.00500	0.00149	0.00618	0.00458	0.00244	0.00762
3	0.00854	0.00427	0.00640	0.00640	0.00640	0.00427	0.00427	0.00640	0.00640	0.00854	0.00854	0.01494	0.00854	0.01707	0.01921	0.85702	0.00427	0.00427	0.00213	0.00213
4	0.01217	0.01104	0.01757	0.27523	0.44568	0.01194	0.01382	0.12232	0.01244	0.01706	0.00944	0.01241	0.00748	0.00476	0.00489	0.00152	0.00600	0.00438	0.00270	0.00713
5	0.07089	0.01300	0.01391	0.01505	0.21121	0.16597	0.00968	0.19106	0.01486	0.12231	0.08994	0.03603	0.01258	0.00596	0.00481	0.00146	0.00554	0.00482	0.00389	0.00701
6	0.00605	0.00476	0.00547	0.00579	0.00691	0.00418	0.00415	0.00734	0.01105	0.01407	0.16252	0.30070	0.42350	0.01303	0.00596	0.00175	0.00258	0.01131	0.00470	0.00418
7	0.07886	0.15348	0.01321	0.00851	0.01185	0.06576	0.00715	0.04659	0.01323	0.40715	0.12913	0.01675	0.01512	0.00615	0.00458	0.00142	0.00444	0.00481	0.00477	0.00705

[dist]
# distance from previous block
# <min> <max>
64	148

[block]
# block no. 4 follows, 51 sequences, length 7
# corresponding to MSA columns:
# 412-418
name=unknown_E
#
# <colnr> <probs for GDERKNQSTAVLIFYWHMCP>
#	G	D	E	R	K	N	Q	S	T	A	V	L	I	F	Y	W	H	M	C	P
0	0.04867	0.02073	0.04687	0.26510	0.05252	0.02336	0.03766	0.03326	0.02173	0.02644	0.11219	0.01610	0.01284	0.00937	0.09845	0.00224	0.05618	0.00483	0.01674	0.09471
1	0.01460	0.30946	0.04145	0.05138	0.07637	0.10012	0.00961	0.22881	0.01419	0.01797	0.00882	0.00997	0.00710	0.00478	0.00409	0.00124	0.00570	0.00347	0.00304	0.08783
2	0.01404	0.01202	0.03913	0.04107	0.07643	0.03118	0.04730	0.33248	0.11768	0.02274	0.06408	0.01600	0.01218	0.00602	0.00492	0.00146	0.00510	0.03734	0.00413	0.11467
3	0.01228	0.54736	0.02099	0.11424	0.01527	0.04848	0.00904	0.01510	0.07130	0.01272	0.00997	0.01395	0.00911	0.00542	0.00393	0.00130	0.00539	0.07546	0.00259	0.00612
4	0.07786	0.01446	0.19085	0.01634	0.12037	0.03154	0.25091	0.01524	0.04924	0.02977	0.02436	0.04537	0.03422	0.00552	0.00560	0.00160	0.04766	0.00515	0.00281	0.03110
5	0.01550	0.01196	0.01244	0.01010	0.01332	0.04748	0.00828	0.54468	0.01960	0.02564	0.01929	0.02173	0.14110	0.00768	0.00522	0.00157	0.00499	0.07754	0.00471	0.00717
6	0.00959	0.00815	0.00984	0.04874	0.01220	0.00644	0.00606	0.01166	0.01007	0.01538	0.01113	0.11671	0.01054	0.00524	0.00405	0.00094	0.00369	0.00443	0.00309	0.70205

[dist]
# distance from previous block
# <min> <max>
100	665

[block]
# block no. 5 follows, 51 sequences, length 37
# corresponding to MSA columns:
# 1239-1275
name=unknown_F
#
# <colnr> <probs for GDERKNQSTAVLIFYWHMCP>
#	G	D	E	R	K	N	Q	S	T	A	V	L	I	F	Y	W	H	M	C	P
0	0.68052	0.01289	0.17645	0.00807	0.01201	0.01111	0.00806	0.01468	0.00879	0.02067	0.00726	0.00849	0.00551	0.00458	0.00339	0.00153	0.00454	0.00287	0.00284	0.00574
1	0.00595	0.00443	0.00555	0.00645	0.00702	0.00403	0.00439	0.00689	0.00979	0.01270	0.03192	0.65865	0.19482	0.01477	0.00617	0.00192	0.00277	0.01320	0.00456	0.00403
2	0.01123	0.01585	0.19359	0.01928	0.02474	0.01221	0.61679	0.01570	0.01134	0.01570	0.00970	0.01264	0.00719	0.00425	0.00556	0.00164	0.00807	0.00534	0.00240	0.00676
3	0.01336	0.48686	0.20611	0.01054	0.01514	0.16800	0.01091	0.01585	0.01083	0.01259	0.00745	0.00866	0.00629	0.00448	0.00375	0.00121	0.00642	0.00297	0.00218	0.00642
4	0.01851	0.00777	0.01012	0.00800	0.01135	0.00676	0.00653	0.03884	0.01368	0.61368	0.02568	0.02312	0.17872	0.00743	0.00513	0.00155	0.00385	0.00609	0.00573	0.00747
5	0.01180	0.01420	0.18635	0.13419	0.29804	0.01139	0.14978	0.01605	0.04949	0.06562	0.01038	0.01271	0.00786	0.00470	0.00501	0.00155	0.00647	0.00456	0.00269	0.00718
6	0.01582	0.08903	0.01311	0.00972	0.01291	0.01133	0.00822	0.30677	0.06428	0.19397	0.01763	0.02323	0.03646	0.00765	0.00518	0.00163	0.00476	0.16629	0.00481	0.00719
7	0.00693	0.00526	0.00670	0.00690	0.00810	0.00457	0.00483	0.00813	0.00979	0.01362	0.05902	0.61395	0.02778	0.01264	0.00569	0.00170	0.00299	0.01138	0.00425	0.18576
8	0.01070	0.01026	0.01766	0.34389	0.34976	0.01111	0.08241	0.01425	0.03961	0.01488	0.03583	0.01450	0.00919	0.00502	0.00504	0.00157	0.00613	0.01903	0.00257	0.00658
9	0.01326	0.03397	0.19087	0.06372	0.13053	0.01164	0.02621	0.17888	0.06921	0.09651	0.05341	0.01513	0.04113	0.00595	0.00549	0.00156	0.04687	0.00481	0.00363	0.00722
10	0.19134	0.02203	0.63260	0.01240	0.01876	0.01133	0.01542	0.01533	0.00995	0.01694	0.00840	0.00987	0.00603	0.00465	0.00432	0.00155	0.00653	0.00342	0.00228	0.00685
11	0.01310	0.01336	0.01087	0.01004	0.01219	0.27471	0.00757	0.08312	0.24200	0.01684	0.07389	0.18759	0.01759	0.00818	0.00513	0.00158	0.00534	0.00670	0.00411	0.00610
12	0.01188	0.23489	0.32886	0.01167	0.01601	0.02790	0.01263	0.01500	0.01000	0.07155	0.00913	0.02469	0.00753	0.00582	0.00678	0.00156	0.17914	0.01592	0.00248	0.00656
13	0.19325	0.01581	0.29923	0.05339	0.20857	0.01108	0.02670	0.03259	0.01077	0.09070	0.00957	0.01111	0.00705	0.00474	0.00443	0.00153	0.00583	0.00382	0.00282	0.00701
14	0.01119	0.01150	0.01294	0.34733	0.02099	0.18015	0.01038	0.03021	0.01019	0.01231	0.00939	0.01452	0.00831	0.09997	0.08216	0.00255	0.12377	0.00449	0.00244	0.00519
15	0.00890	0.00831	0.01326	0.53729	0.11430	0.00965	0.01164	0.01166	0.01023	0.01309	0.01749	0.02023	0.17453	0.00653	0.00533	0.00163	0.02213	0.00565	0.00272	0.00544
16	0.01038	0.00987	0.08586	0.36167	0.06944	0.00928	0.08451	0.01328	0.01049	0.09720	0.01393	0.18592	0.01281	0.00714	0.00527	0.00169	0.00570	0.00654	0.00314	0.00587
17	0.01009	0.02844	0.04094	0.57060	0.05939	0.02186	0.17187	0.01354	0.01032	0.01340	0.00895	0.01285	0.00677	0.00471	0.00504	0.00162	0.00691	0.00459	0.00225	0.00586
18	0.00965	0.01975	0.53990	0.01376	0.01944	0.01031	0.10736	0.01444	0.01072	0.01540	0.01262	0.02032	0.01107	0.00650	0.00526	0.00172	0.00680	0.16574	0.00265	0.00660
19	0.01140	0.17820	0.09551	0.14118	0.11425	0.01355	0.17528	0.01448	0.02417	0.02795	0.00912	0.02925	0.00762	0.00537	0.00647	0.00158	0.13136	0.00448	0.00242	0.00638
20	0.02590	0.08835	0.36569	0.12440	0.13279	0.06539	0.02266	0.01549	0.01082	0.06191	0.01019	0.02539	0.01992	0.00503	0.00463	0.00150	0.00651	0.00409	0.00252	0.00683
21	0.00901	0.00540	0.00692	0.00715	0.00816	0.00511	0.00521	0.01041	0.02902	0.12538	0.02448	0.34323	0.06975	0.18628	0.01010	0.00254	0.00374	0.13907	0.00445	0.00460
22	0.00676	0.00465	0.00570	0.00606	0.00623	0.00464	0.00377	0.00719	0.00794	0.01066	0.01898	0.28401	0.02204	0.49743	0.08883	0.00416	0.00490	0.00916	0.00345	0.00343
23	0.01087	0.11268	0.24917	0.06075	0.03063	0.12437	0.01098	0.01368	0.01082	0.04224	0.01453	0.19890	0.01452	0.00799	0.00504	0.00162	0.00581	0.07644	0.00309	0.00587
24	0.02731	0.06473	0.12126	0.04950	0.26125	0.09992	0.27413	0.01574	0.01136	0.01515	0.00904	0.01165	0.00714	0.00442	0.00498	0.00150	0.00714	0.00450	0.00240	0.00688
25	0.00869	0.00685	0.01033	0.01340	0.17747	0.00683	0.00922	0.01100	0.01116	0.01485	0.02252	0.09784	0.02420	0.01174	0.00634	0.00207	0.00469	0.55153	0.00408	0.00518
26	0.19695	0.01199	0.01272	0.03714	0.03654	0.01314	0.00841	0.46163	0.05263	0.04398	0.01089	0.01133	0.00794	0.00541	0.00443	0.00144	0.00489	0.00400	0.00424	0.07031
27	0.01540	0.29740	0.03592	0.01150	0.08355	0.01490	0.00924	0.27423	0.05594	0.08879	0.01069	0.01111	0.00816	0.00506	0.00422	0.00130	0.00514	0.00379	0.00363	0.06004
28	0.01269	0.25626	0.40922	0.01181	0.01748	0.01456	0.01345	0.17818	0.01297	0.01768	0.00888	0.00996	0.00670	0.00480	0.00428	0.00139	0.00629	0.00351	0.00269	0.00722
29	0.00778	0.00588	0.02995	0.00691	0.00829	0.00517	0.00548	0.00988	0.01270	0.05817	0.49934	0.13169	0.09982	0.01077	0.00609	0.00168	0.02141	0.06918	0.00503	0.00480
30	0.01598	0.01296	0.01705	0.01301	0.01690	0.01391	0.17287	0.50198	0.11118	0.02588	0.01289	0.03990	0.00976	0.00593	0.00516	0.00155	0.00575	0.00517	0.00440	0.00777
31	0.68101	0.00997	0.00993	0.01151	0.17714	0.01116	0.00740	0.01458	0.00897	0.02077	0.00735	0.00887	0.00585	0.00452	0.00343	0.00151	0.00424	0.00303	0.00291	0.00585
32	0.00866	0.00787	0.01297	0.62026	0.05050	0.00947	0.01175	0.01141	0.00978	0.01266	0.01266	0.18579	0.01211	0.00713	0.00520	0.00171	0.00574	0.00641	0.00270	0.00521
33	0.01146	0.35529	0.01752	0.00960	0.01178	0.08322	0.00835	0.01287	0.00918	0.01155	0.00853	0.01208	0.00810	0.04427	0.18339	0.00297	0.19823	0.00382	0.00230	0.00549
34	0.08911	0.00759	0.00984	0.00815	0.01114	0.00685	0.00650	0.01951	0.01260	0.56704	0.01997	0.18794	0.01592	0.00794	0.00507	0.00162	0.00387	0.00667	0.00550	0.00718
35	0.19221	0.15944	0.44249	0.01231	0.06244	0.01267	0.01342	0.01527	0.00998	0.02715	0.00823	0.00963	0.00622	0.00457	0.00408	0.00146	0.00605	0.00331	0.00236	0.00673
36	0.00895	0.00761	0.00934	0.00844	0.00980	0.00869	0.00663	0.01377	0.20455	0.01757	0.35658	0.02772	0.10789	0.00915	0.00780	0.00172	0.17651	0.00724	0.00453	0.00552

[dist]
# distance from previous block
# <min> <max>
9	18

[block]
# block no. 6 follows, 51 sequences, length 84
# corresponding to MSA columns:
# 1294-1377
name=unknown_G
#
# <colnr> <probs for GDERKNQSTAVLIFYWHMCP>
#	G	D	E	R	K	N	Q	S	T	A	V	L	I	F	Y	W	H	M	C	P
0	0.01234	0.57462	0.24984	0.01015	0.01519	0.03949	0.01126	0.01510	0.01021	0.01273	0.00743	0.00863	0.00628	0.00436	0.00363	0.00120	0.00594	0.00293	0.00211	0.00657
1	0.00890	0.00696	0.00836	0.00702	0.00980	0.00555	0.00530	0.01056	0.01014	0.04315	0.01823	0.28540	0.07286	0.00830	0.00472	0.00125	0.00331	0.00722	0.00370	0.47927
2	0.01359	0.01432	0.26245	0.21658	0.09974	0.01019	0.01312	0.04637	0.01189	0.23146	0.02539	0.01350	0.00887	0.00523	0.00485	0.00155	0.00593	0.00437	0.00341	0.00716
3	0.01120	0.01938	0.49757	0.01560	0.14245	0.01070	0.03921	0.04144	0.01156	0.07337	0.08080	0.01364	0.01064	0.00524	0.00487	0.00154	0.00634	0.00442	0.00283	0.00720
4	0.01011	0.01718	0.36681	0.26949	0.04615	0.01148	0.17985	0.01464	0.01049	0.01466	0.00904	0.01190	0.00663	0.00463	0.00499	0.00160	0.00722	0.00435	0.00221	0.00657
5	0.02154	0.00950	0.03721	0.29713	0.15837	0.00985	0.09945	0.05985	0.01072	0.01454	0.01241	0.12459	0.01180	0.10295	0.00752	0.00201	0.00583	0.00612	0.00286	0.00574
6	0.01110	0.01221	0.15160	0.37405	0.20598	0.01072	0.01375	0.01492	0.03885	0.07856	0.01070	0.03749	0.00833	0.00522	0.00491	0.00158	0.00611	0.00462	0.00272	0.00659
7	0.01187	0.01138	0.01942	0.10933	0.71974	0.01160	0.01494	0.01483	0.01105	0.01570	0.00919	0.01226	0.00766	0.00443	0.00487	0.00148	0.00591	0.00438	0.00241	0.00755
8	0.01053	0.04952	0.44116	0.20234	0.03568	0.01135	0.01505	0.06820	0.01127	0.02738	0.01050	0.01483	0.00837	0.00554	0.00487	0.00161	0.00659	0.06595	0.00257	0.00668
9	0.01272	0.01814	0.41417	0.01759	0.21604	0.01080	0.06433	0.01694	0.01131	0.15494	0.01087	0.01214	0.00775	0.00481	0.00484	0.00153	0.00642	0.00419	0.00290	0.00755
10	0.01127	0.01053	0.02829	0.05845	0.04414	0.05344	0.06190	0.01290	0.00940	0.06761	0.07374	0.01572	0.01140	0.09015	0.01280	0.00217	0.42269	0.00505	0.00283	0.00551
11	0.01049	0.16629	0.64220	0.01323	0.01988	0.01285	0.03951	0.01542	0.01034	0.01487	0.00850	0.01003	0.00628	0.00457	0.00444	0.00147	0.00694	0.00352	0.00209	0.00708
12	0.01119	0.04859	0.32351	0.10429	0.15429	0.01184	0.21789	0.01546	0.01089	0.04180	0.00946	0.01185	0.00705	0.00454	0.00498	0.00155	0.00703	0.00442	0.00239	0.00699
13	0.01299	0.01179	0.04972	0.02499	0.54893	0.01100	0.11156	0.01603	0.01164	0.10868	0.03710	0.01360	0.00951	0.00475	0.00502	0.00150	0.00589	0.00475	0.00296	0.00758
14	0.01141	0.01207	0.07552	0.18939	0.58468	0.01150	0.01501	0.01460	0.01085	0.01530	0.00911	0.01223	0.00742	0.00451	0.00486	0.00150	0.00609	0.00432	0.00236	0.00727
15	0.01214	0.01175	0.02036	0.02973	0.76113	0.01171	0.05025	0.01511	0.01121	0.01604	0.00928	0.01221	0.00777	0.00437	0.00491	0.00147	0.00595	0.00444	0.00243	0.00773
16	0.01112	0.04380	0.54076	0.01626	0.13827	0.01132	0.06794	0.01583	0.01079	0.06577	0.00998	0.02877	0.00750	0.00490	0.00478	0.00154	0.00677	0.00417	0.00247	0.00727
17	0.00770	0.00658	0.03685	0.00953	0.09345	0.00591	0.00645	0.00931	0.01075	0.04093	0.14659	0.35988	0.18091	0.01173	0.00637	0.00178	0.04587	0.01024	0.00430	0.00487
18	0.00702	0.00527	0.00790	0.00790	0.00878	0.00614	0.00614	0.00878	0.00790	0.01141	0.01316	0.01931	0.01229	0.03686	0.80782	0.00790	0.01316	0.00527	0.00263	0.00439
19	0.01297	0.54340	0.11301	0.00952	0.01382	0.01701	0.00950	0.06724	0.14296	0.01484	0.00963	0.01021	0.00791	0.00479	0.00376	0.00124	0.00527	0.00336	0.00278	0.00680
20	0.00956	0.00902	0.01525	0.73895	0.10818	0.01099	0.01379	0.01280	0.00996	0.01290	0.00878	0.01301	0.00667	0.00486	0.00491	0.00162	0.00648	0.00437	0.00221	0.00569
21	0.00840	0.00427	0.00637	0.00643	0.00644	0.00425	0.00428	0.00643	0.00656	0.00875	0.00951	0.05725	0.00979	0.01698	0.01853	0.81231	0.00419	0.00478	0.00226	0.00223
22	0.82317	0.00970	0.00757	0.00669	0.00977	0.01122	0.00551	0.04971	0.00904	0.02246	0.00707	0.00816	0.00546	0.00462	0.00313	0.00152	0.00388	0.00274	0.00313	0.00546
23	0.01176	0.01126	0.01906	0.05859	0.73152	0.01130	0.01451	0.01462	0.01114	0.01580	0.01109	0.01382	0.04397	0.00477	0.00491	0.00148	0.00571	0.00465	0.00252	0.00753
24	0.86201	0.00950	0.00722	0.00646	0.00950	0.01102	0.00532	0.01445	0.00836	0.02205	0.00684	0.00798	0.00532	0.00456	0.00304	0.00152	0.00380	0.00266	0.00304	0.00532
25	0.00623	0.00447	0.00592	0.00668	0.00718	0.00415	0.00458	0.00746	0.01055	0.01436	0.22100	0.62501	0.03601	0.01404	0.00615	0.00188	0.00272	0.01269	0.00478	0.00415
26	0.01216	0.01168	0.01995	0.03016	0.79664	0.01168	0.01508	0.01508	0.01119	0.01605	0.00924	0.01216	0.00778	0.00438	0.00487	0.00146	0.00584	0.00438	0.00243	0.00778
27	0.01160	0.01326	0.02900	0.02071	0.02568	0.01243	0.77879	0.01574	0.01160	0.01574	0.00994	0.01326	0.00746	0.00414	0.00580	0.00166	0.00829	0.00580	0.00249	0.00663
28	0.00710	0.00525	0.00616	0.00602	0.00742	0.00475	0.00447	0.00924	0.04304	0.04340	0.33327	0.14147	0.34748	0.01144	0.00580	0.00165	0.00258	0.00988	0.00496	0.00461
29	0.02393	0.04376	0.74243	0.01371	0.02066	0.04053	0.01741	0.01567	0.01046	0.01545	0.00870	0.01022	0.00622	0.00467	0.00460	0.00153	0.00722	0.00358	0.00211	0.00715
30	0.01304	0.54982	0.21148	0.01008	0.01500	0.01634	0.02907	0.01570	0.01045	0.07706	0.00841	0.00933	0.00679	0.00447	0.00373	0.00123	0.00572	0.00313	0.00243	0.00671
31	0.00949	0.00754	0.01256	0.07029	0.01379	0.00828	0.13356	0.01151	0.00916	0.07663	0.01317	0.06804	0.01212	0.07679	0.36742	0.00473	0.09100	0.00584	0.00295	0.00514
32	0.01187	0.01467	0.13745	0.20915	0.34368	0.11164	0.07173	0.01518	0.01112	0.01463	0.00890	0.01178	0.00705	0.00462	0.00486	0.00151	0.00679	0.00422	0.00234	0.00681
33	0.01571	0.01245	0.04543	0.01437	0.07189	0.06971	0.22063	0.12066	0.08949	0.23111	0.04756	0.01501	0.01118	0.00551	0.00516	0.00155	0.00594	0.00512	0.00414	0.00739
34	0.01007	0.01017	0.01912	0.55222	0.06079	0.01139	0.23807	0.01359	0.01040	0.01362	0.00911	0.01311	0.00686	0.00467	0.00517	0.00164	0.00703	0.00479	0.00228	0.00589
35	0.00879	0.00747	0.01149	0.07784	0.10895	0.00800	0.06369	0.01147	0.06624	0.02731	0.01902	0.35695	0.02043	0.01158	0.03592	0.00210	0.07937	0.07436	0.00372	0.00530
36	0.01262	0.06772	0.34249	0.05134	0.04776	0.01107	0.18120	0.01665	0.01135	0.16053	0.02514	0.03027	0.00895	0.00511	0.00495	0.00155	0.00652	0.00466	0.00304	0.00709
37	0.01172	0.10441	0.62409	0.01278	0.01930	0.01170	0.01580	0.01653	0.01080	0.11391	0.00995	0.01092	0.00698	0.00480	0.00455	0.00150	0.00667	0.00370	0.00258	0.00730
38	0.01202	0.01113	0.19097	0.01016	0.01331	0.00780	0.02639	0.01478	0.01121	0.21284	0.01805	0.02965	0.01651	0.07513	0.03618	0.00230	0.03505	0.26639	0.00404	0.00607
39	0.01829	0.01014	0.09296	0.00929	0.01310	0.00802	0.00835	0.07585	0.02724	0.54020	0.04326	0.02025	0.04361	0.00683	0.00510	0.00158	0.00449	0.05839	0.00538	0.00769
40	0.00962	0.00910	0.01305	0.06285	0.01310	0.01232	0.00966	0.01103	0.00778	0.01176	0.00846	0.01327	0.00808	0.01620	0.23498	0.00371	0.54307	0.00457	0.00229	0.00511
41	0.00986	0.02542	0.80183	0.01401	0.02127	0.01141	0.01816	0.01556	0.01038	0.01556	0.00882	0.01038	0.00623	0.00467	0.00467	0.00156	0.00726	0.00363	0.00208	0.00726
42	0.15836	0.00780	0.00961	0.00841	0.01125	0.00752	0.00707	0.03441	0.01242	0.40648	0.01898	0.02647	0.01564	0.00800	0.00513	0.00173	0.00420	0.22552	0.02438	0.00665
43	0.01754	0.06159	0.12406	0.01126	0.01560	0.04459	0.01026	0.50979	0.01915	0.12001	0.01186	0.01186	0.00833	0.00562	0.00477	0.00146	0.00564	0.00423	0.00441	0.00799
44	0.01216	0.01168	0.01995	0.03016	0.79664	0.01168	0.01508	0.01508	0.01119	0.01605	0.00924	0.01216	0.00778	0.00438	0.00487	0.00146	0.00584	0.00438	0.00243	0.00778
45	0.01019	0.00873	0.01019	0.00728	0.01165	0.00655	0.00582	0.01237	0.01019	0.01601	0.00873	0.01019	0.00728	0.00364	0.00364	0.00073	0.00364	0.00291	0.00291	0.85734
46	0.00631	0.00452	0.00599	0.00662	0.00720	0.00421	0.00459	0.00765	0.01090	0.01492	0.28092	0.56349	0.03709	0.01363	0.00611	0.00185	0.00267	0.01229	0.00484	0.00421
47	0.02205	0.00836	0.01140	0.00874	0.01254	0.00722	0.00722	0.02395	0.01407	0.80004	0.01939	0.01673	0.01216	0.00608	0.00494	0.00152	0.00418	0.00494	0.00608	0.00836
48	0.00928	0.00873	0.01474	0.81548	0.03385	0.01092	0.01365	0.01256	0.00983	0.01256	0.00873	0.01310	0.00655	0.00491	0.00491	0.00164	0.00655	0.00437	0.00218	0.00546
49	0.00900	0.00651	0.00899	0.00845	0.00975	0.00746	0.00666	0.09856	0.00990	0.04237	0.01333	0.03577	0.01209	0.03083	0.64420	0.00662	0.03613	0.00532	0.00305	0.00501
50	0.01919	0.01199	0.16431	0.01068	0.04462	0.00851	0.00972	0.05108	0.01359	0.58887	0.01667	0.01514	0.01070	0.00574	0.00489	0.00152	0.00489	0.00465	0.00512	0.00813
51	0.01603	0.38369	0.01921	0.01076	0.01404	0.45565	0.00901	0.01743	0.01217	0.01182	0.00725	0.00843	0.00632	0.00468	0.00386	0.00117	0.00725	0.00293	0.00234	0.00597
52	0.01314	0.83025	0.02575	0.00841	0.01261	0.01945	0.00841	0.01472	0.00999	0.01156	0.00683	0.00788	0.00631	0.00420	0.00315	0.00105	0.00526	0.00263	0.00210	0.00631
53	0.01134	0.04882	0.42630	0.01917	0.27258	0.02986	0.05607	0.01589	0.02706	0.03380	0.00939	0.01130	0.00712	0.00461	0.00474	0.00151	0.00668	0.00401	0.00238	0.00736
54	0.01314	0.83025	0.02575	0.00841	0.01261	0.01945	0.00841	0.01472	0.00999	0.01156	0.00683	0.00788	0.00631	0.00420	0.00315	0.00105	0.00526	0.00263	0.00210	0.00631
55	0.00599	0.00428	0.00570	0.00684	0.00713	0.00399	0.00456	0.00684	0.00941	0.01254	0.02709	0.82409	0.03250	0.01540	0.00627	0.00200	0.00285	0.01397	0.00456	0.00399
56	0.01254	0.61691	0.11226	0.01090	0.01556	0.01749	0.12655	0.01497	0.01027	0.01264	0.00752	0.00898	0.00647	0.00425	0.00372	0.00120	0.00594	0.00322	0.00216	0.00646
57	0.01108	0.11784	0.23673	0.33426	0.10324	0.08809	0.01400	0.01460	0.01053	0.01358	0.00846	0.01119	0.00653	0.00472	0.00457	0.00149	0.00674	0.00383	0.00220	0.00633
58	0.00854	0.00754	0.01073	0.00991	0.01033	0.00977	0.00792	0.00987	0.00787	0.01166	0.01170	0.09701	0.01191	0.04036	0.36473	0.00473	0.36227	0.00577	0.00263	0.00475
59	0.00599	0.00428	0.00570	0.00684	0.00713	0.00399	0.00456	0.00684	0.00941	0.01254	0.02709	0.82409	0.03250	0.01540	0.00627	0.00200	0.00285	0.01397	0.00456	0.00399
60	0.01067	0.01016	0.01726	0.43596	0.40248	0.01128	0.01434	0.01378	0.01049	0.01425	0.00898	0.01265	0.00715	0.00465	0.00489	0.00155	0.00621	0.00437	0.00230	0.00658
61	0.01142	0.09437	0.42566	0.01590	0.05531	0.07749	0.22014	0.01584	0.01099	0.01498	0.00886	0.01088	0.00664	0.00451	0.00482	0.00151	0.00742	0.00412	0.00224	0.00690
62	0.01164	0.01305	0.02781	0.02151	0.10315	0.01240	0.68667	0.01560	0.01148	0.01570	0.00980	0.01310	0.00747	0.00425	0.00591	0.00165	0.02399	0.00563	0.00247	0.00672
63	0.01000	0.06086	0.76766	0.01376	0.02089	0.01177	0.01773	0.01553	0.01036	0.01539	0.00873	0.01027	0.00623	0.00465	0.00460	0.00153	0.00717	0.00359	0.00208	0.00722
64	0.00986	0.00953	0.01486	0.49982	0.02561	0.01254	0.01251	0.01227	0.00892	0.01227	0.00784	0.01218	0.00651	0.00636	0.00932	0.00184	0.32582	0.00434	0.00217	0.00543
65	0.01472	0.08143	0.07859	0.00855	0.01176	0.00798	0.00750	0.01668	0.01184	0.37216	0.03217	0.17507	0.05996	0.00794	0.00531	0.00154	0.02722	0.00661	0.00465	0.06834
66	0.28396	0.43634	0.14667	0.00870	0.01303	0.01544	0.00902	0.01477	0.00953	0.01557	0.00716	0.00832	0.00598	0.00439	0.00337	0.00128	0.00512	0.00280	0.00240	0.00615
67	0.01314	0.83025	0.02575	0.00841	0.01261	0.01945	0.00841	0.01472	0.00999	0.01156	0.00683	0.00788	0.00631	0.00420	0.00315	0.00105	0.00526	0.00263	0.00210	0.00631
68	0.01019	0.00873	0.01019	0.00728	0.01165	0.00655	0.00582	0.01237	0.01019	0.01601	0.00873	0.01019	0.00728	0.00364	0.00364	0.00073	0.00364	0.00291	0.00291	0.85734
69	0.00792	0.00566	0.00792	0.00905	0.01018	0.00566	0.00792	0.01018	0.01131	0.01471	0.02602	0.05543	0.02828	0.01358	0.00679	0.00226	0.00453	0.76356	0.00453	0.00453
70	0.00599	0.00428	0.00570	0.00684	0.00713	0.00399	0.00456	0.00684	0.00941	0.01254	0.02709	0.82409	0.03250	0.01540	0.00627	0.00200	0.00285	0.01397	0.00456	0.00399
71	0.01114	0.13646	0.55612	0.01322	0.01940	0.03124	0.06717	0.01575	0.01069	0.05153	0.00969	0.01209	0.00739	0.00496	0.00461	0.00151	0.00685	0.03079	0.00239	0.00700
72	0.00702	0.00527	0.00790	0.00790	0.00878	0.00614	0.00614	0.00878	0.00790	0.01141	0.01316	0.01931	0.01229	0.03686	0.80782	0.00790	0.01316	0.00527	0.00263	0.00439
73	0.00727	0.00530	0.00711	0.00810	0.00913	0.00514	0.00673	0.00913	0.01093	0.01410	0.02925	0.20474	0.12641	0.01379	0.00656	0.00213	0.00394	0.52132	0.00454	0.00437
74	0.00928	0.00873	0.01474	0.81548	0.03385	0.01092	0.01365	0.01256	0.00983	0.01256	0.00873	0.01310	0.00655	0.00491	0.00491	0.00164	0.00655	0.00437	0.00218	0.00546
75	0.01353	0.01292	0.03329	0.12682	0.18361	0.04154	0.27616	0.20124	0.01418	0.03304	0.01015	0.01251	0.00765	0.00480	0.00519	0.00155	0.00678	0.00483	0.00308	0.00714
76	0.01187	0.01138	0.01942	0.10933	0.71974	0.01160	0.01494	0.01483	0.01105	0.01570	0.00919	0.01226	0.00766	0.00443	0.00487	0.00148	0.00591	0.00438	0.00241	0.00755
77	0.01009	0.01034	0.04716	0.55763	0.19831	0.01121	0.06862	0.01345	0.01027	0.01366	0.00893	0.01280	0.00687	0.00473	0.00496	0.00160	0.00655	0.00444	0.00225	0.00612
78	0.01218	0.01217	0.01881	0.10533	0.60252	0.07646	0.04003	0.01500	0.01117	0.01520	0.00922	0.01228	0.00770	0.00566	0.03405	0.00170	0.00650	0.00436	0.00243	0.00722
79	0.01091	0.07766	0.51901	0.01792	0.22879	0.03107	0.01645	0.01547	0.01065	0.01533	0.00877	0.01065	0.00665	0.00457	0.00461	0.00149	0.00678	0.00375	0.00218	0.00730
80	0.01017	0.01476	0.26322	0.30890	0.21755	0.01110	0.04837	0.01408	0.01043	0.01451	0.00986	0.02709	0.01860	0.00497	0.00490	0.00158	0.00655	0.00446	0.00230	0.00661
81	0.01380	0.24226	0.19292	0.01413	0.08094	0.22527	0.10996	0.01665	0.01155	0.03738	0.00845	0.01000	0.00674	0.00460	0.00436	0.00134	0.00706	0.00361	0.00241	0.00658
82	0.09710	0.01135	0.03159	0.14710	0.41651	0.01145	0.16346	0.01457	0.01072	0.01596	0.00948	0.03148	0.00785	0.00470	0.00490	0.00155	0.00617	0.00470	0.00251	0.00685
83	0.01153	0.15386	0.06221	0.17137	0.08709	0.01256	0.17613	0.07672	0.03501	0.02991	0.01138	0.09860	0.01007	0.00598	0.00534	0.00156	0.03604	0.00541	0.00288	0.00636

[dist]
# distance from previous block
# <min> <max>
0	1

[block]
# block no. 7 follows, 51 sequences, length 61
# corresponding to MSA columns:
# 1379-1439
name=unknown_H
#
# <colnr> <probs for GDERKNQSTAVLIFYWHMCP>
#	G	D	E	R	K	N	Q	S	T	A	V	L	I	F	Y	W	H	M	C	P
0	0.10630	0.14316	0.06237	0.01201	0.11717	0.01193	0.00916	0.18492	0.01379	0.20168	0.01302	0.08108	0.01044	0.00606	0.00453	0.00147	0.00488	0.00483	0.00400	0.00719
1	0.40942	0.08262	0.01171	0.00957	0.04027	0.20434	0.00740	0.04828	0.06406	0.06858	0.00901	0.00976	0.00696	0.00494	0.00378	0.00143	0.00532	0.00326	0.00322	0.00607
2	0.00989	0.00930	0.04229	0.06499	0.31056	0.02513	0.02181	0.01273	0.03954	0.03812	0.12226	0.08894	0.14843	0.00792	0.00534	0.00160	0.00460	0.03680	0.00361	0.00612
3	0.01135	0.00974	0.07089	0.00861	0.01276	0.00708	0.04503	0.01383	0.01098	0.11419	0.05633	0.03744	0.01141	0.00505	0.00428	0.00106	0.00414	0.02640	0.00346	0.54597
4	0.01011	0.01701	0.39750	0.01264	0.04585	0.02648	0.07338	0.06355	0.04049	0.01783	0.22512	0.01825	0.01786	0.00625	0.00510	0.00155	0.00572	0.00539	0.00333	0.00657
5	0.00904	0.00781	0.01196	0.01649	0.32419	0.00762	0.00964	0.01125	0.01113	0.01489	0.03877	0.10038	0.16712	0.00976	0.00577	0.00179	0.00448	0.23847	0.00371	0.00572
6	0.01053	0.00872	0.01022	0.00732	0.01167	0.00657	0.00586	0.01270	0.01030	0.03839	0.00904	0.01038	0.00742	0.00371	0.00368	0.00075	0.00365	0.00297	0.00300	0.83311
7	0.01034	0.00863	0.01316	0.03192	0.33252	0.00857	0.02470	0.01384	0.08222	0.05633	0.22160	0.05231	0.09076	0.00749	0.00532	0.00157	0.00428	0.02411	0.00394	0.00638
8	0.00702	0.00527	0.00790	0.00790	0.00878	0.00614	0.00614	0.00878	0.00790	0.01141	0.01316	0.01931	0.01229	0.03686	0.80782	0.00790	0.01316	0.00527	0.00263	0.00439
9	0.01020	0.01943	0.47227	0.04518	0.06870	0.01119	0.21275	0.01497	0.01083	0.01560	0.04072	0.03630	0.00901	0.00505	0.00507	0.00159	0.00709	0.00477	0.00241	0.00687
10	0.86201	0.00950	0.00722	0.00646	0.00950	0.01102	0.00532	0.01445	0.00836	0.02205	0.00684	0.00798	0.00532	0.00456	0.00304	0.00152	0.00380	0.00266	0.00304	0.00532
11	0.01765	0.01193	0.03691	0.01092	0.01498	0.01170	0.06615	0.38142	0.05331	0.23748	0.01371	0.01335	0.00946	0.00559	0.00486	0.00144	0.00509	0.00454	0.00477	0.09474
12	0.00710	0.00495	0.00630	0.00630	0.00663	0.00528	0.00416	0.00775	0.00743	0.01023	0.01462	0.02738	0.01579	0.53325	0.31621	0.00593	0.00789	0.00645	0.00285	0.00350
13	0.01004	0.00858	0.01003	0.00726	0.01149	0.00646	0.00578	0.01218	0.01016	0.01589	0.00938	0.03890	0.00817	0.00405	0.00373	0.00077	0.00361	0.00330	0.00297	0.82723
14	0.01104	0.31444	0.52314	0.01200	0.01816	0.01430	0.01466	0.01526	0.01024	0.01413	0.00811	0.00948	0.00625	0.00450	0.00412	0.00137	0.00654	0.00327	0.00208	0.00692
15	0.01836	0.02342	0.01393	0.01266	0.01519	0.80756	0.00950	0.01962	0.01393	0.01203	0.00760	0.00886	0.00633	0.00506	0.00443	0.00127	0.00886	0.00317	0.00253	0.00570
16	0.00928	0.00873	0.01474	0.81548	0.03385	0.01092	0.01365	0.01256	0.00983	0.01256	0.00873	0.01310	0.00655	0.00491	0.00491	0.00164	0.00655	0.00437	0.00218	0.00546
17	0.00712	0.00487	0.00588	0.00588	0.00606	0.00505	0.00363	0.00748	0.00730	0.00992	0.01501	0.02951	0.01672	0.66453	0.18621	0.00541	0.00649	0.00676	0.00291	0.00327
18	0.67943	0.01200	0.00864	0.00769	0.01068	0.15021	0.00617	0.03152	0.00976	0.03677	0.00734	0.00840	0.00570	0.00471	0.00336	0.00148	0.00473	0.00283	0.00305	0.00551
19	0.00582	0.00495	0.00501	0.00506	0.00666	0.00414	0.00377	0.00704	0.01112	0.01324	0.04874	0.08307	0.75954	0.01258	0.00583	0.00167	0.00251	0.01054	0.00456	0.00414
20	0.00933	0.00873	0.01448	0.76894	0.03257	0.01067	0.01320	0.01255	0.00985	0.01276	0.00873	0.01293	0.00659	0.00484	0.00484	0.00159	0.00638	0.00428	0.00223	0.05451
21	0.01019	0.00873	0.01019	0.00728	0.01165	0.00655	0.00582	0.01237	0.01019	0.01601	0.00873	0.01019	0.00728	0.00364	0.00364	0.00073	0.00364	0.00291	0.00291	0.85734
22	0.86201	0.00950	0.00722	0.00646	0.00950	0.01102	0.00532	0.01445	0.00836	0.02205	0.00684	0.00798	0.00532	0.00456	0.00304	0.00152	0.00380	0.00266	0.00304	0.00532
23	0.00702	0.00527	0.00790	0.00790	0.00878	0.00614	0.00614	0.00878	0.00790	0.01141	0.01316	0.01931	0.01229	0.03686	0.80782	0.00790	0.01316	0.00527	0.00263	0.00439
24	0.00928	0.00873	0.01474	0.81548	0.03385	0.01092	0.01365	0.01256	0.00983	0.01256	0.00873	0.01310	0.00655	0.00491	0.00491	0.00164	0.00655	0.00437	0.00218	0.00546
25	0.00854	0.00427	0.00640	0.00640	0.00640	0.00427	0.00427	0.00640	0.00640	0.00854	0.00854	0.01494	0.00854	0.01707	0.01921	0.85702	0.00427	0.00427	0.00213	0.00213
26	0.01314	0.83025	0.02575	0.00841	0.01261	0.01945	0.00841	0.01472	0.00999	0.01156	0.00683	0.00788	0.00631	0.00420	0.00315	0.00105	0.00526	0.00263	0.00210	0.00631
27	0.86201	0.00950	0.00722	0.00646	0.00950	0.01102	0.00532	0.01445	0.00836	0.02205	0.00684	0.00798	0.00532	0.00456	0.00304	0.00152	0.00380	0.00266	0.00304	0.00532
28	0.00696	0.00502	0.00657	0.00618	0.00734	0.00464	0.00464	0.00927	0.01391	0.01971	0.79405	0.03671	0.04637	0.01005	0.00580	0.00155	0.00232	0.00889	0.00541	0.00464
29	0.01314	0.83025	0.02575	0.00841	0.01261	0.01945	0.00841	0.01472	0.00999	0.01156	0.00683	0.00788	0.00631	0.00420	0.00315	0.00105	0.00526	0.00263	0.00210	0.00631
30	0.00928	0.00873	0.01474	0.81548	0.03385	0.01092	0.01365	0.01256	0.00983	0.01256	0.00873	0.01310	0.00655	0.00491	0.00491	0.00164	0.00655	0.00437	0.00218	0.00546
31	0.01868	0.01376	0.01475	0.01131	0.01524	0.01524	0.00934	0.78025	0.02311	0.03097	0.01180	0.01180	0.00836	0.00590	0.00492	0.00147	0.00541	0.00442	0.00492	0.00836
32	0.01837	0.02317	0.01395	0.01262	0.01519	0.78686	0.00949	0.03950	0.01417	0.01252	0.00771	0.00894	0.00638	0.00509	0.00444	0.00127	0.00877	0.00320	0.00259	0.00577
33	0.86201	0.00950	0.00722	0.00646	0.00950	0.01102	0.00532	0.01445	0.00836	0.02205	0.00684	0.00798	0.00532	0.00456	0.00304	0.00152	0.00380	0.00266	0.00304	0.00532
34	0.00707	0.00507	0.00689	0.00689	0.00742	0.00560	0.00489	0.00813	0.00760	0.01066	0.01408	0.02439	0.01449	0.34949	0.49821	0.00666	0.00984	0.00601	0.00277	0.00383
35	0.00986	0.02542	0.80183	0.01401	0.02127	0.01141	0.01816	0.01556	0.01038	0.01556	0.00882	0.01038	0.00623	0.00467	0.00467	0.00156	0.00726	0.00363	0.00208	0.00726
36	0.01266	0.01246	0.02147	0.04286	0.50556	0.03098	0.20210	0.08050	0.01234	0.01708	0.00958	0.01234	0.00769	0.00448	0.00509	0.00151	0.00649	0.00470	0.00265	0.00745
37	0.01095	0.01026	0.01709	0.42968	0.37758	0.01143	0.01413	0.04346	0.01096	0.01485	0.00908	0.01263	0.00718	0.00471	0.00489	0.00155	0.00618	0.00437	0.00240	0.00662
38	0.00831	0.00440	0.00653	0.00653	0.00663	0.00450	0.00443	0.00670	0.00660	0.00890	0.00933	0.01611	0.00933	0.05133	0.10792	0.72805	0.00529	0.00449	0.00222	0.00242
39	0.00715	0.00476	0.00536	0.00536	0.00536	0.00476	0.00298	0.00715	0.00715	0.00953	0.01548	0.03216	0.01787	0.82729	0.02501	0.00476	0.00476	0.00715	0.00298	0.00298
40	0.01343	0.40081	0.24509	0.01055	0.01535	0.09327	0.01117	0.01691	0.05609	0.08182	0.00933	0.01007	0.00730	0.00473	0.00398	0.00129	0.00601	0.00334	0.00265	0.00679
41	0.01123	0.00870	0.01273	0.01606	0.28566	0.00881	0.00975	0.01561	0.13985	0.08870	0.15595	0.02729	0.02068	0.00790	0.00547	0.00169	0.00445	0.16871	0.00417	0.00657
42	0.01049	0.01053	0.02044	0.01548	0.01914	0.01003	0.46759	0.01469	0.07490	0.03397	0.06188	0.03931	0.09040	0.00693	0.00585	0.00173	0.00635	0.10076	0.00344	0.00609
43	0.03781	0.02017	0.01402	0.01211	0.01508	0.54857	0.00935	0.25060	0.01659	0.01801	0.00886	0.00973	0.00692	0.00531	0.00455	0.00134	0.00770	0.00354	0.00327	0.00650
44	0.01174	0.01966	0.45790	0.01859	0.25772	0.01200	0.01604	0.11712	0.01232	0.01776	0.00935	0.01111	0.00699	0.00474	0.00476	0.00152	0.00658	0.00397	0.00256	0.00757
45	0.01118	0.01068	0.01818	0.29672	0.53773	0.01142	0.01460	0.01422	0.01073	0.01487	0.00907	0.01248	0.00737	0.00456	0.00488	0.00152	0.00608	0.00437	0.00235	0.00700
46	0.01086	0.01032	0.01750	0.35048	0.46629	0.01120	0.01425	0.01391	0.01070	0.01471	0.02760	0.01313	0.00819	0.00473	0.00491	0.00153	0.00605	0.00448	0.00240	0.00676
47	0.02160	0.00908	0.01185	0.00908	0.01290	0.00829	0.00750	0.12454	0.01527	0.69776	0.01838	0.01607	0.01166	0.00606	0.00494	0.00151	0.00434	0.00487	0.00593	0.00836
48	0.05592	0.00650	0.00871	0.13868	0.03319	0.00678	0.00703	0.02493	0.04362	0.04211	0.28019	0.15312	0.07114	0.00980	0.00559	0.00172	0.00371	0.09781	0.00439	0.00507
