[name]
unknown

[dist]
# distance from previous block
# <min> <max>
0	47

[block]
# block no. 0 follows, 53 sequences, length 43
# corresponding to MSA columns:
# 47-89
name=unknown_A
#
# <colnr> <probs for GDERKNQSTAVLIFYWHMCP>
#	G	D	E	R	K	N	Q	S	T	A	V	L	I	F	Y	W	H	M	C	P
0	0.00786	0.00568	0.00782	0.00884	0.01000	0.00574	0.00770	0.01048	0.04040	0.01452	0.02509	0.05256	0.02702	0.01295	0.00654	0.00218	0.00438	0.74132	0.00442	0.00452
1	0.00580	0.00559	0.03498	0.00517	0.00699	0.00430	0.00416	0.00717	0.01086	0.01300	0.04692	0.04465	0.77044	0.01182	0.00561	0.00161	0.00260	0.00984	0.00435	0.00415
2	0.00903	0.00850	0.01434	0.82054	0.03292	0.01062	0.01327	0.01221	0.00956	0.01221	0.00850	0.01274	0.00637	0.00478	0.00478	0.00159	0.00637	0.00425	0.00212	0.00531
3	0.00916	0.00863	0.01457	0.78404	0.06841	0.01065	0.01334	0.01233	0.00962	0.01237	0.00852	0.01270	0.00643	0.00475	0.00478	0.00158	0.00634	0.00425	0.00213	0.00541
4	0.01114	0.01140	0.02084	0.10216	0.34072	0.01209	0.25749	0.01407	0.01025	0.01446	0.00868	0.01202	0.00712	0.00496	0.00695	0.00162	0.15047	0.00468	0.00231	0.00658
5	0.01183	0.01136	0.01940	0.02934	0.80221	0.01136	0.01467	0.01467	0.01088	0.01562	0.00899	0.01183	0.00757	0.00426	0.00473	0.00142	0.00568	0.00426	0.00237	0.00757
6	0.01189	0.01027	0.01081	0.00973	0.01243	0.01189	0.00757	0.02540	0.79357	0.01999	0.01945	0.01783	0.01459	0.00648	0.00486	0.00162	0.00378	0.00540	0.00486	0.00757
7	0.01189	0.01027	0.01081	0.00973	0.01243	0.01189	0.00757	0.02540	0.79357	0.01999	0.01945	0.01783	0.01459	0.00648	0.00486	0.00162	0.00378	0.00540	0.00486	0.00757
8	0.00565	0.00484	0.00484	0.00484	0.00646	0.00403	0.00363	0.00686	0.01089	0.01291	0.04842	0.04600	0.80027	0.01210	0.00565	0.00161	0.00242	0.01009	0.00444	0.00403
9	0.00695	0.00463	0.00521	0.00521	0.00521	0.00463	0.00290	0.00695	0.00695	0.00927	0.01506	0.03128	0.01738	0.83203	0.02433	0.00463	0.00463	0.00695	0.00290	0.00290
10	0.01189	0.01027	0.01081	0.00973	0.01243	0.01189	0.00757	0.02540	0.79357	0.01999	0.01945	0.01783	0.01459	0.00648	0.00486	0.00162	0.00378	0.00540	0.00486	0.00757
11	0.01278	0.83490	0.02505	0.00818	0.01227	0.01891	0.00818	0.01431	0.00971	0.01125	0.00664	0.00767	0.00613	0.00409	0.00307	0.00102	0.00511	0.00256	0.00204	0.00613
12	0.02144	0.00813	0.01109	0.00850	0.01220	0.00702	0.00702	0.02329	0.01368	0.80552	0.01886	0.01627	0.01183	0.00592	0.00481	0.00148	0.00407	0.00481	0.00592	0.00813
13	0.01183	0.01136	0.01940	0.02934	0.80221	0.01136	0.01467	0.01467	0.01088	0.01562	0.00899	0.01183	0.00757	0.00426	0.00473	0.00142	0.00568	0.00426	0.00237	0.00757
14	0.01004	0.13906	0.69687	0.01285	0.01950	0.01220	0.01632	0.01502	0.01004	0.01459	0.00830	0.00975	0.00607	0.00448	0.00433	0.00144	0.00679	0.00339	0.00202	0.00693
15	0.01525	0.01732	0.01235	0.01119	0.01375	0.46355	0.00851	0.02184	0.35370	0.01532	0.01265	0.01264	0.00983	0.00561	0.00455	0.00140	0.00651	0.00409	0.00351	0.00642
16	0.01189	0.01027	0.01081	0.00973	0.01243	0.01189	0.00757	0.02540	0.79357	0.01999	0.01945	0.01783	0.01459	0.00648	0.00486	0.00162	0.00378	0.00540	0.00486	0.00757
17	0.01206	0.00990	0.01081	0.00902	0.01215	0.01034	0.00710	0.16328	0.37950	0.02011	0.01563	0.07974	0.01277	0.00625	0.00460	0.00137	0.00391	0.00518	0.00428	0.23201
18	0.00676	0.00489	0.00639	0.00601	0.00714	0.00451	0.00451	0.00902	0.01353	0.01917	0.79969	0.03570	0.04510	0.00977	0.00564	0.00150	0.00225	0.00864	0.00526	0.00451
19	0.11060	0.00758	0.00963	0.00824	0.01043	0.00794	0.00662	0.04312	0.01097	0.32276	0.04424	0.07255	0.03987	0.02821	0.15959	0.00282	0.09901	0.00549	0.00423	0.00607
20	0.00970	0.05396	0.77903	0.01343	0.02038	0.01138	0.01732	0.01511	0.01008	0.01500	0.00851	0.01000	0.00606	0.00452	0.00449	0.00150	0.00699	0.00350	0.00202	0.00703
21	0.00582	0.00416	0.00555	0.00666	0.00693	0.00388	0.00444	0.00666	0.00915	0.01220	0.02634	0.82891	0.03161	0.01497	0.00610	0.00194	0.00277	0.01359	0.00444	0.00388
22	0.01183	0.01136	0.01940	0.02934	0.80221	0.01136	0.01467	0.01467	0.01088	0.01562	0.00899	0.01183	0.00757	0.00426	0.00473	0.00142	0.00568	0.00426	0.00237	0.00757
23	0.00994	0.00943	0.01599	0.56208	0.28422	0.01086	0.01373	0.01301	0.00999	0.01332	0.00866	0.01244	0.00676	0.00461	0.00476	0.00154	0.00614	0.00425	0.00220	0.00605
24	0.00770	0.00550	0.00770	0.00880	0.00990	0.00550	0.00770	0.00990	0.01100	0.01430	0.02531	0.05391	0.02751	0.01320	0.00660	0.00220	0.00440	0.77004	0.00440	0.00440
25	0.00567	0.00474	0.00495	0.00511	0.00653	0.00401	0.00375	0.00683	0.01064	0.01281	0.04519	0.16066	0.68769	0.01253	0.00572	0.00166	0.00247	0.01060	0.00444	0.00401
26	0.00959	0.02472	0.80726	0.01362	0.02069	0.01110	0.01766	0.01514	0.01009	0.01514	0.00858	0.01009	0.00605	0.00454	0.00454	0.00151	0.00706	0.00353	0.00202	0.00706
27	0.86579	0.00924	0.00702	0.00629	0.00924	0.01072	0.00518	0.01405	0.00813	0.02144	0.00666	0.00776	0.00518	0.00444	0.00296	0.00148	0.00370	0.00259	0.00296	0.00518
28	0.00565	0.00484	0.00484	0.00484	0.00646	0.00403	0.00363	0.00686	0.01089	0.01291	0.04842	0.04600	0.80027	0.01210	0.00565	0.00161	0.00242	0.01009	0.00444	0.00403
29	0.00588	0.00427	0.00556	0.00647	0.00691	0.00394	0.00438	0.00685	0.00962	0.01280	0.08799	0.70780	0.09117	0.01435	0.00603	0.00188	0.00271	0.01294	0.00450	0.00394
30	0.01183	0.01136	0.01940	0.02934	0.80221	0.01136	0.01467	0.01467	0.01088	0.01562	0.00899	0.01183	0.00757	0.00426	0.00473	0.00142	0.00568	0.00426	0.00237	0.00757
31	0.00673	0.00488	0.00633	0.00597	0.00712	0.00449	0.00448	0.00894	0.01344	0.01895	0.77310	0.03607	0.07183	0.00985	0.00564	0.00151	0.00226	0.00869	0.00523	0.00449
32	0.01069	0.00953	0.01526	0.14123	0.06819	0.00896	0.18069	0.02760	0.02661	0.05287	0.01067	0.06490	0.00901	0.00496	0.00483	0.00128	0.02389	0.00468	0.00291	0.33123
33	0.00969	0.00825	0.00967	0.00703	0.01106	0.00624	0.00559	0.01179	0.01002	0.01561	0.03679	0.03265	0.00907	0.00406	0.00368	0.00077	0.00347	0.00332	0.00296	0.80826
34	0.01076	0.00883	0.01226	0.22464	0.10361	0.02393	0.00945	0.12567	0.01241	0.05181	0.17415	0.08494	0.02995	0.00731	0.00630	0.00161	0.09697	0.00602	0.00359	0.00579
35	0.01269	0.81269	0.04649	0.00833	0.01250	0.01870	0.00844	0.01433	0.00972	0.01135	0.00670	0.00773	0.00613	0.00410	0.00311	0.00104	0.00516	0.00258	0.00204	0.00616
36	0.01128	0.01289	0.02820	0.02015	0.02498	0.01209	0.78485	0.01531	0.01128	0.01531	0.00967	0.01289	0.00725	0.00403	0.00564	0.00161	0.00806	0.00564	0.00242	0.00645
37	0.00928	0.00884	0.01527	0.68753	0.09062	0.01055	0.05860	0.01241	0.00975	0.01266	0.00915	0.03792	0.00730	0.00501	0.00487	0.00159	0.00631	0.00462	0.00223	0.00551
38	0.00585	0.00418	0.00557	0.00664	0.00694	0.00390	0.00444	0.00673	0.00928	0.01241	0.04977	0.80488	0.03202	0.01482	0.00609	0.00193	0.00276	0.01344	0.00446	0.00390
39	0.00686	0.00500	0.00708	0.00708	0.00773	0.00565	0.00523	0.00815	0.00750	0.01065	0.01335	0.02180	0.01326	0.22863	0.62210	0.00694	0.01082	0.00556	0.00264	0.00394
40	0.01787	0.02222	0.01359	0.01224	0.01478	0.76544	0.00923	0.06465	0.01407	0.01279	0.00763	0.00879	0.00627	0.00497	0.00434	0.00124	0.00842	0.00315	0.00260	0.00569
41	0.01098	0.01141	0.02199	0.05054	0.35981	0.01106	0.36061	0.01423	0.01102	0.01514	0.01254	0.01516	0.07284	0.00482	0.00522	0.00153	0.00651	0.00536	0.00255	0.00669
42	0.01267	0.74289	0.08928	0.00876	0.01304	0.04282	0.00899	0.01453	0.00986	0.01158	0.00683	0.00790	0.00613	0.00415	0.00323	0.00107	0.00538	0.00265	0.00206	0.00619

[dist]
# distance from previous block
# <min> <max>
0	1

[block]
# block no. 1 follows, 53 sequences, length 33
# corresponding to MSA columns:
# 91-123
name=unknown_B
#
# <colnr> <probs for GDERKNQSTAVLIFYWHMCP>
#	G	D	E	R	K	N	Q	S	T	A	V	L	I	F	Y	W	H	M	C	P
0	0.01131	0.42074	0.08646	0.00973	0.01332	0.01412	0.05481	0.01548	0.14243	0.01387	0.01268	0.01865	0.01166	0.00625	0.00432	0.00142	0.00509	0.14851	0.00299	0.00615
1	0.00619	0.00464	0.00575	0.00595	0.00691	0.00419	0.00428	0.00773	0.01146	0.01539	0.36750	0.29983	0.21861	0.01204	0.00579	0.00167	0.00246	0.01062	0.00480	0.00419
2	0.00770	0.00550	0.00770	0.00880	0.00990	0.00550	0.00770	0.00990	0.01100	0.01430	0.02531	0.05391	0.02751	0.01320	0.00660	0.00220	0.00440	0.77004	0.00440	0.00440
3	0.01147	0.40022	0.40592	0.01103	0.01650	0.05382	0.01285	0.01495	0.01008	0.01316	0.00762	0.00890	0.00610	0.00435	0.00385	0.00127	0.00623	0.00306	0.00205	0.00656
4	0.01278	0.83490	0.02505	0.00818	0.01227	0.01891	0.00818	0.01431	0.00971	0.01125	0.00664	0.00767	0.00613	0.00409	0.00307	0.00102	0.00511	0.00256	0.00204	0.00613
5	0.01165	0.54942	0.30067	0.01010	0.01523	0.01616	0.01152	0.01460	0.00985	0.01262	0.00733	0.00852	0.00611	0.00425	0.00359	0.00120	0.00580	0.00290	0.00204	0.00646
6	0.01384	0.01328	0.01743	0.06673	0.29878	0.12074	0.10394	0.19235	0.07610	0.01843	0.01017	0.01195	0.00793	0.00495	0.00502	0.00146	0.02232	0.00436	0.00312	0.00711
7	0.01178	0.01075	0.01400	0.01164	0.01473	0.01192	0.15036	0.02354	0.64986	0.01913	0.01766	0.01693	0.01324	0.00603	0.00501	0.00162	0.00457	0.00545	0.00441	0.00736
8	0.00582	0.00416	0.00555	0.00666	0.00693	0.00388	0.00444	0.00666	0.00915	0.01220	0.02634	0.82891	0.03161	0.01497	0.00610	0.00194	0.00277	0.01359	0.00444	0.00388
9	0.01184	0.01293	0.02707	0.01940	0.02415	0.01231	0.72163	0.07814	0.01219	0.01652	0.00982	0.01278	0.00732	0.00417	0.00557	0.00160	0.00783	0.00553	0.00261	0.00658
10	0.01245	0.75200	0.10508	0.00874	0.01313	0.01811	0.00915	0.01440	0.00975	0.01164	0.00684	0.00792	0.00613	0.00414	0.00322	0.00107	0.00531	0.00266	0.00204	0.00623
11	0.00829	0.00634	0.00724	0.00714	0.00819	0.06977	0.00549	0.01011	0.00881	0.01304	0.01316	0.01770	0.01157	0.02484	0.52008	0.00531	0.00948	0.00477	0.24423	0.00442
12	0.86579	0.00924	0.00702	0.00629	0.00924	0.01072	0.00518	0.01405	0.00813	0.02144	0.00666	0.00776	0.00518	0.00444	0.00296	0.00148	0.00370	0.00259	0.00296	0.00518
13	0.00600	0.00486	0.00534	0.00522	0.00667	0.00419	0.00391	0.00755	0.01174	0.01491	0.28811	0.04271	0.55934	0.01136	0.00565	0.00158	0.00237	0.00963	0.00470	0.00419
14	0.01184	0.01049	0.01230	0.01062	0.01350	0.01191	0.07406	0.02453	0.72665	0.01959	0.01862	0.01741	0.01396	0.00627	0.00493	0.00162	0.00415	0.00542	0.00465	0.00747
15	0.00699	0.00504	0.00671	0.00669	0.00782	0.00475	0.00529	0.00924	0.01291	0.01798	0.61046	0.04015	0.04080	0.01061	0.00587	0.00167	0.00278	0.19470	0.00505	0.00448
16	0.05636	0.01028	0.01180	0.00960	0.01257	0.01096	0.02551	0.43944	0.01774	0.09215	0.13635	0.05393	0.01682	0.00736	0.00507	0.00155	0.00449	0.07639	0.00476	0.00686
17	0.01189	0.01027	0.01081	0.00973	0.01243	0.01189	0.00757	0.02540	0.79357	0.01999	0.01945	0.01783	0.01459	0.00648	0.00486	0.00162	0.00378	0.00540	0.00486	0.00757
18	0.02144	0.00813	0.01109	0.00850	0.01220	0.00702	0.00702	0.02329	0.01368	0.80552	0.01886	0.01627	0.01183	0.00592	0.00481	0.00148	0.00407	0.00481	0.00592	0.00813
19	0.01169	0.01122	0.01915	0.06792	0.76470	0.01132	0.01460	0.01455	0.01082	0.01545	0.00897	0.01187	0.00751	0.00428	0.00473	0.00143	0.00571	0.00426	0.00235	0.00746
20	0.02144	0.00813	0.01109	0.00850	0.01220	0.00702	0.00702	0.02329	0.01368	0.80552	0.01886	0.01627	0.01183	0.00592	0.00481	0.00148	0.00407	0.00481	0.00592	0.00813
21	0.01128	0.01289	0.02820	0.02015	0.02498	0.01209	0.78485	0.01531	0.01128	0.01531	0.00967	0.01289	0.00725	0.00403	0.00564	0.00161	0.00806	0.00564	0.00242	0.00645
22	0.01637	0.00843	0.01203	0.00930	0.01248	0.00796	0.11127	0.10993	0.01344	0.39815	0.01587	0.01565	0.01088	0.00555	0.00453	0.00139	0.00426	0.00477	0.23080	0.00693
23	0.00991	0.00850	0.00991	0.00708	0.01133	0.00637	0.00566	0.01203	0.00991	0.01557	0.00850	0.00991	0.00708	0.00354	0.00354	0.00071	0.00354	0.00283	0.00283	0.86124
24	0.02144	0.00813	0.01109	0.00850	0.01220	0.00702	0.00702	0.02329	0.01368	0.80552	0.01886	0.01627	0.01183	0.00592	0.00481	0.00148	0.00407	0.00481	0.00592	0.00813
25	0.01067	0.01181	0.02526	0.01824	0.02257	0.01106	0.67954	0.01446	0.01158	0.01583	0.11628	0.01597	0.01236	0.00480	0.00564	0.00160	0.00727	0.00605	0.00280	0.00619
26	0.00582	0.00416	0.00555	0.00666	0.00693	0.00388	0.00444	0.00666	0.00915	0.01220	0.02634	0.82891	0.03161	0.01497	0.00610	0.00194	0.00277	0.01359	0.00444	0.00388
27	0.86579	0.00924	0.00702	0.00629	0.00924	0.01072	0.00518	0.01405	0.00813	0.02144	0.00666	0.00776	0.00518	0.00444	0.00296	0.00148	0.00370	0.00259	0.00296	0.00518
28	0.00582	0.00416	0.00555	0.00666	0.00693	0.00388	0.00444	0.00666	0.00915	0.01220	0.02634	0.82891	0.03161	0.01497	0.00610	0.00194	0.00277	0.01359	0.00444	0.00388
29	0.01708	0.00843	0.01049	0.00858	0.01173	0.00820	0.00691	0.02240	0.24451	0.49215	0.08187	0.01896	0.03341	0.00653	0.00491	0.00153	0.00380	0.00541	0.00552	0.00758
30	0.00648	0.00453	0.00526	0.00559	0.00620	0.00424	0.00370	0.00737	0.00924	0.01247	0.08345	0.28792	0.18688	0.26493	0.01134	0.00260	0.00319	0.00962	0.08130	0.00371
31	0.00903	0.00850	0.01434	0.82054	0.03292	0.01062	0.01327	0.01221	0.00956	0.01221	0.00850	0.01274	0.00637	0.00478	0.00478	0.00159	0.00637	0.00425	0.00212	0.00531
32	0.01252	0.08781	0.21121	0.01340	0.11903	0.26673	0.01113	0.01611	0.07392	0.01427	0.06457	0.01442	0.06366	0.00561	0.00454	0.00138	0.00631	0.00434	0.00282	0.00623

[dist]
# distance from previous block
# <min> <max>
0	1

[block]
# block no. 2 follows, 53 sequences, length 31
# corresponding to MSA columns:
# 125-155
name=unknown_C
#
# <colnr> <probs for GDERKNQSTAVLIFYWHMCP>
#	G	D	E	R	K	N	Q	S	T	A	V	L	I	F	Y	W	H	M	C	P
0	0.04443	0.26421	0.01507	0.00914	0.01176	0.13804	0.00773	0.13165	0.01254	0.02898	0.08894	0.09540	0.01439	0.00706	0.00512	0.00143	0.05483	0.06015	0.00335	0.00578
1	0.69334	0.00949	0.00856	0.00755	0.00991	0.01151	0.00624	0.01354	0.00797	0.01944	0.00658	0.00831	0.00540	0.00523	0.00552	0.00160	0.16894	0.00291	0.00278	0.00519
2	0.01214	0.70805	0.11560	0.00875	0.01304	0.01742	0.00914	0.01411	0.00973	0.01174	0.00764	0.03985	0.00711	0.00456	0.00336	0.00112	0.00525	0.00310	0.00213	0.00615
3	0.00690	0.00464	0.00520	0.00520	0.00526	0.00461	0.00292	0.00695	0.00710	0.00940	0.01631	0.03183	0.04664	0.80138	0.02363	0.00452	0.00455	0.00707	0.00295	0.00294
4	0.00968	0.04870	0.78411	0.01346	0.02044	0.01133	0.01738	0.01511	0.01008	0.01502	0.00852	0.01002	0.00606	0.00453	0.00450	0.00150	0.00701	0.00350	0.00202	0.00704
5	0.01296	0.01116	0.04260	0.01033	0.01416	0.01072	0.08246	0.19536	0.24719	0.04973	0.01296	0.01317	0.00972	0.00510	0.00451	0.00129	0.00459	0.00431	0.00393	0.26374
6	0.00582	0.00416	0.00555	0.00666	0.00693	0.00388	0.00444	0.00666	0.00915	0.01220	0.02634	0.82891	0.03161	0.01497	0.00610	0.00194	0.00277	0.01359	0.00444	0.00388
7	0.01076	0.32284	0.51944	0.01162	0.01759	0.01397	0.01417	0.01483	0.00995	0.01370	0.00787	0.00920	0.00608	0.00437	0.00400	0.00133	0.00635	0.00317	0.00203	0.00672
8	0.00657	0.00494	0.00624	0.00697	0.00802	0.00461	0.00554	0.00812	0.01055	0.01346	0.05136	0.25025	0.26527	0.01324	0.00616	0.00194	0.00333	0.32484	0.00444	0.00416
9	0.01140	0.00917	0.00971	0.00872	0.01124	0.01025	0.00679	0.04740	0.58087	0.04837	0.02296	0.02149	0.12366	0.00716	0.00487	0.00158	0.00356	0.00594	0.05794	0.00692
10	0.01123	0.00927	0.01062	0.00770	0.01188	0.00772	0.00621	0.13540	0.01191	0.01789	0.00897	0.01016	0.00725	0.00389	0.00374	0.00082	0.00381	0.00307	0.00314	0.72531
11	0.00683	0.00512	0.00768	0.00768	0.00853	0.00597	0.00597	0.00853	0.00768	0.01110	0.01280	0.01878	0.01195	0.03585	0.81308	0.00768	0.01280	0.00512	0.00256	0.00427
12	0.01817	0.01339	0.01434	0.01100	0.01482	0.01482	0.00908	0.78627	0.02247	0.03012	0.01148	0.01148	0.00813	0.00574	0.00478	0.00143	0.00526	0.00430	0.00478	0.00813
13	0.01459	0.00935	0.01390	0.01098	0.01406	0.00913	0.16368	0.20234	0.01416	0.25436	0.01714	0.22330	0.01509	0.00782	0.00530	0.00161	0.00483	0.00711	0.00456	0.00670
14	0.00991	0.00850	0.00991	0.00708	0.01133	0.00637	0.00566	0.01203	0.00991	0.01557	0.00850	0.00991	0.00708	0.00354	0.00354	0.00071	0.00354	0.00283	0.00283	0.86124
15	0.00991	0.00850	0.00991	0.00708	0.01133	0.00637	0.00566	0.01203	0.00991	0.01557	0.00850	0.00991	0.00708	0.00354	0.00354	0.00071	0.00354	0.00283	0.00283	0.86124
16	0.01278	0.83490	0.02505	0.00818	0.01227	0.01891	0.00818	0.01431	0.00971	0.01125	0.00664	0.00767	0.00613	0.00409	0.00307	0.00102	0.00511	0.00256	0.00204	0.00613
17	0.00582	0.00416	0.00555	0.00666	0.00693	0.00388	0.00444	0.00666	0.00915	0.01220	0.02634	0.82891	0.03161	0.01497	0.00610	0.00194	0.00277	0.01359	0.00444	0.00388
18	0.00991	0.00850	0.00991	0.00708	0.01133	0.00637	0.00566	0.01203	0.00991	0.01557	0.00850	0.00991	0.00708	0.00354	0.00354	0.00071	0.00354	0.00283	0.00283	0.86124
19	0.01040	0.23156	0.60756	0.01223	0.01854	0.01309	0.01524	0.01493	0.00999	0.01414	0.00808	0.00947	0.00607	0.00443	0.00416	0.00139	0.00657	0.00328	0.00202	0.00683
20	0.00676	0.00489	0.00639	0.00601	0.00714	0.00451	0.00451	0.00902	0.01353	0.01917	0.79969	0.03570	0.04510	0.00977	0.00564	0.00150	0.00225	0.00864	0.00526	0.00451
21	0.00770	0.00550	0.00770	0.00880	0.00990	0.00550	0.00770	0.00990	0.01100	0.01430	0.02531	0.05391	0.02751	0.01320	0.00660	0.00220	0.00440	0.77004	0.00440	0.00440
22	0.01183	0.01136	0.01940	0.02934	0.80221	0.01136	0.01467	0.01467	0.01088	0.01562	0.00899	0.01183	0.00757	0.00426	0.00473	0.00142	0.00568	0.00426	0.00237	0.00757
23	0.01694	0.02140	0.01559	0.01341	0.01620	0.70120	0.11737	0.01856	0.01323	0.01220	0.00771	0.00922	0.00631	0.00480	0.00450	0.00128	0.00854	0.00344	0.00246	0.00567
24	0.01104	0.01454	0.13681	0.01924	0.02438	0.01195	0.67789	0.01529	0.01112	0.01529	0.00952	0.01250	0.00709	0.00410	0.00549	0.00160	0.00792	0.00535	0.00236	0.00653
25	0.01233	0.29958	0.42866	0.01105	0.01662	0.01320	0.01293	0.01599	0.01046	0.12400	0.00935	0.01012	0.00689	0.00458	0.00407	0.00134	0.00598	0.00338	0.00257	0.00689
26	0.07132	0.01089	0.01124	0.00925	0.01252	0.12092	0.00741	0.05090	0.17896	0.45079	0.01635	0.01483	0.01107	0.00580	0.00463	0.00147	0.00466	0.00454	0.00499	0.00747
27	0.13818	0.00986	0.01150	0.00894	0.01257	0.00987	0.00738	0.25012	0.01554	0.46438	0.01495	0.01365	0.00980	0.00566	0.00454	0.00147	0.00437	0.00435	0.00516	0.00772
28	0.01694	0.02140	0.01559	0.01341	0.01620	0.70120	0.11737	0.01856	0.01323	0.01220	0.00771	0.00922	0.00631	0.00480	0.00450	0.00128	0.00854	0.00344	0.00246	0.00567
29	0.74642	0.01140	0.11859	0.00731	0.01084	0.01077	0.00692	0.01420	0.00841	0.02057	0.00692	0.00809	0.00530	0.00445	0.00318	0.00148	0.00417	0.00272	0.00283	0.00544
30	0.01267	0.01274	0.07301	0.01944	0.13518	0.01121	0.51746	0.01632	0.01148	0.12551	0.01078	0.01304	0.00786	0.00436	0.00532	0.00156	0.00710	0.00519	0.00287	0.00688

[dist]
# distance from previous block
# <min> <max>
0	7

# created by:
# /st0/software/busco_prod/Augustus/scripts/msa2prfl.pl ./align_prep/69382.fa
