[name]
unknown

[dist]
# distance from previous block
# <min> <max>
0	3

[block]
# block no. 0 follows, 47 sequences, length 13
# corresponding to MSA columns:
# 65-77
name=unknown_A
#
# <colnr> <probs for GDERKNQSTAVLIFYWHMCP>
#	G	D	E	R	K	N	Q	S	T	A	V	L	I	F	Y	W	H	M	C	P
0	0.00847	0.00636	0.00876	0.00961	0.01076	0.00664	0.00832	0.01070	0.01168	0.01525	0.02767	0.05458	0.07823	0.01391	0.00787	0.00235	0.06555	0.64384	0.00461	0.00484
1	0.01287	0.01197	0.01949	0.05350	0.65046	0.01210	0.01467	0.07232	0.01277	0.01790	0.01284	0.01537	0.05971	0.00535	0.00523	0.00157	0.00594	0.00507	0.00292	0.00796
2	0.01415	0.01010	0.06139	0.00992	0.01381	0.00811	0.07481	0.04935	0.01245	0.23500	0.03883	0.05124	0.01265	0.05405	0.05874	0.00202	0.00544	0.00522	0.00418	0.27854
3	0.00777	0.00559	0.00691	0.00681	0.00698	0.00607	0.00442	0.00821	0.00787	0.01079	0.01598	0.07439	0.01794	0.58466	0.14896	0.00521	0.06725	0.00743	0.00313	0.00365
4	0.00692	0.00498	0.00620	0.00649	0.00720	0.00464	0.00443	0.00821	0.01130	0.01531	0.28446	0.31469	0.11349	0.17534	0.01042	0.00251	0.00320	0.01112	0.00480	0.00426
5	0.00628	0.00512	0.00555	0.00578	0.00719	0.00440	0.00421	0.00759	0.01168	0.01439	0.09940	0.20774	0.57525	0.01366	0.00626	0.00182	0.00270	0.01167	0.00490	0.00440
6	0.21347	0.00774	0.00893	0.00800	0.01049	0.00761	0.00620	0.03810	0.01208	0.29793	0.04491	0.28510	0.01953	0.00953	0.00527	0.00178	0.00383	0.00802	0.00508	0.00640
7	0.01642	0.00945	0.01093	0.00901	0.01204	0.00962	0.00717	0.20424	0.12039	0.25031	0.01808	0.07506	0.01397	0.03304	0.00569	0.00167	0.00425	0.00582	0.15659	0.03627
8	0.01939	0.00792	0.01075	0.00868	0.01194	0.00692	0.00698	0.02135	0.01437	0.60173	0.12710	0.10265	0.02015	0.00805	0.00551	0.00167	0.00401	0.00680	0.00618	0.00784
9	0.00770	0.00500	0.00649	0.00698	0.00761	0.00468	0.00473	0.00880	0.01072	0.05810	0.16168	0.50171	0.03333	0.14557	0.00972	0.00248	0.00333	0.01211	0.00481	0.00444
10	0.00649	0.00463	0.00612	0.00712	0.00751	0.00433	0.00478	0.00753	0.01038	0.01396	0.10585	0.70637	0.03541	0.04389	0.00729	0.00217	0.00303	0.01400	0.00487	0.00426
11	0.01061	0.00596	0.00755	0.00705	0.00885	0.00527	0.00531	0.01232	0.01296	0.19827	0.24937	0.21990	0.21294	0.01161	0.00605	0.00177	0.00310	0.01008	0.00547	0.00556
12	0.01694	0.01168	0.01303	0.01061	0.01385	0.01255	0.00849	0.51902	0.02017	0.09776	0.01708	0.20253	0.01528	0.00865	0.00555	0.00170	0.00497	0.00713	0.00523	0.00776

[dist]
# distance from previous block
# <min> <max>
2	9

[block]
# block no. 1 follows, 47 sequences, length 16
# corresponding to MSA columns:
# 87-102
name=unknown_B
#
# <colnr> <probs for GDERKNQSTAVLIFYWHMCP>
#	G	D	E	R	K	N	Q	S	T	A	V	L	I	F	Y	W	H	M	C	P
0	0.00858	0.00555	0.00766	0.00779	0.00851	0.00568	0.00562	0.00908	0.00930	0.05988	0.02063	0.36878	0.04925	0.01868	0.13150	0.18654	0.05620	0.00946	0.00385	0.02745
1	0.30512	0.01078	0.01198	0.01057	0.01194	0.04960	0.00867	0.01345	0.00865	0.01626	0.00799	0.01149	0.00724	0.01146	0.11623	0.00282	0.38345	0.00403	0.00270	0.00555
2	0.63651	0.00885	0.00748	0.00677	0.00948	0.00995	0.00545	0.01390	0.01037	0.02273	0.20605	0.01627	0.01680	0.00633	0.00397	0.00162	0.00363	0.00451	0.00387	0.00545
3	0.02081	0.00859	0.01152	0.00889	0.01273	0.00735	0.00728	0.02289	0.01451	0.65014	0.08585	0.01893	0.01557	0.00657	0.00519	0.00154	0.00421	0.00540	0.00607	0.08595
4	0.00705	0.00536	0.00724	0.00712	0.00826	0.00490	0.03021	0.00893	0.01277	0.01743	0.42061	0.28392	0.14151	0.01257	0.00630	0.00181	0.00287	0.01122	0.00523	0.00470
5	0.01980	0.01459	0.01563	0.01198	0.01615	0.01615	0.00990	0.76713	0.02448	0.03282	0.01250	0.01250	0.00886	0.00625	0.00521	0.00156	0.00573	0.00469	0.00521	0.00886
6	0.01577	0.01259	0.01336	0.01117	0.01462	0.01427	0.00892	0.33210	0.46607	0.02633	0.01762	0.01658	0.01300	0.00673	0.00526	0.00168	0.00478	0.00539	0.00526	0.00850
7	0.01229	0.01405	0.03073	0.02195	0.02722	0.01317	0.76558	0.01668	0.01229	0.01668	0.01054	0.01405	0.00790	0.00439	0.00615	0.00176	0.00878	0.00615	0.00263	0.00702
8	0.00747	0.00544	0.00767	0.00767	0.00836	0.00613	0.00564	0.00885	0.00816	0.01157	0.01458	0.02398	0.01455	0.23993	0.59756	0.00751	0.01165	0.00609	0.00288	0.00426
9	0.01378	0.01335	0.02823	0.02025	0.02535	0.01243	0.66396	0.01785	0.01264	0.12011	0.01188	0.01454	0.00857	0.00467	0.00602	0.00174	0.00820	0.00602	0.00314	0.00727
10	0.01766	0.01169	0.01581	0.01245	0.01533	0.01312	0.07044	0.22817	0.01517	0.26744	0.01312	0.01395	0.00943	0.00708	0.00908	0.00182	0.26114	0.00494	0.00446	0.00770
11	0.00886	0.00820	0.01226	0.01099	0.01184	0.00963	0.08496	0.01025	0.00965	0.01343	0.02106	0.34570	0.10024	0.01202	0.01052	0.00210	0.30996	0.00961	0.00364	0.00509
12	0.01443	0.74680	0.02613	0.00933	0.01362	0.09210	0.00902	0.01607	0.01097	0.01230	0.00731	0.00845	0.00669	0.00454	0.00347	0.00113	0.00592	0.00284	0.00227	0.00662
13	0.34033	0.00977	0.01004	0.00792	0.01158	0.00963	0.00644	0.01392	0.00978	0.01906	0.00825	0.00994	0.00682	0.00472	0.00483	0.00124	0.07801	0.00312	0.00306	0.44153
14	0.00940	0.00890	0.01195	0.01066	0.01121	0.01145	0.00866	0.01063	0.00914	0.01294	0.02062	0.07361	0.20819	0.01311	0.07827	0.00264	0.48336	0.00695	0.00314	0.00518
15	0.46172	0.01194	0.01125	0.00914	0.01280	0.01341	0.00754	0.33641	0.01579	0.06088	0.01007	0.01059	0.00733	0.00551	0.00416	0.00159	0.00477	0.00372	0.00421	0.00715

[dist]
# distance from previous block
# <min> <max>
0	1

[block]
# block no. 2 follows, 47 sequences, length 16
# corresponding to MSA columns:
# 104-119
name=unknown_C
#
# <colnr> <probs for GDERKNQSTAVLIFYWHMCP>
#	G	D	E	R	K	N	Q	S	T	A	V	L	I	F	Y	W	H	M	C	P
0	0.39708	0.01112	0.01040	0.00907	0.01230	0.01279	0.00727	0.11868	0.32776	0.02395	0.01370	0.01352	0.01030	0.00594	0.00434	0.00167	0.00429	0.00433	0.00434	0.00714
1	0.00744	0.00558	0.00837	0.00837	0.00930	0.00651	0.00651	0.00930	0.00837	0.01209	0.01395	0.02046	0.01302	0.03906	0.79635	0.00837	0.01395	0.00558	0.00279	0.00465
2	0.02017	0.01399	0.01526	0.01170	0.01585	0.01527	0.00966	0.69006	0.02349	0.11129	0.01334	0.01305	0.00928	0.00627	0.00521	0.00157	0.00560	0.00475	0.00534	0.00886
3	0.00744	0.00558	0.00837	0.00837	0.00930	0.00651	0.00651	0.00930	0.00837	0.01209	0.01395	0.02046	0.01302	0.03906	0.79635	0.00837	0.01395	0.00558	0.00279	0.00465
4	0.85377	0.01007	0.00765	0.00685	0.01007	0.01168	0.00564	0.01531	0.00886	0.02336	0.00725	0.00846	0.00564	0.00483	0.00322	0.00161	0.00403	0.00282	0.00322	0.00564
5	0.00744	0.00558	0.00837	0.00837	0.00930	0.00651	0.00651	0.00930	0.00837	0.01209	0.01395	0.02046	0.01302	0.03906	0.79635	0.00837	0.01395	0.00558	0.00279	0.00465
6	0.02259	0.01011	0.01286	0.00986	0.01391	0.00950	0.00814	0.18659	0.01699	0.62395	0.01880	0.01659	0.01201	0.00640	0.00523	0.00160	0.00471	0.00512	0.00618	0.00886
7	0.01313	0.63857	0.20187	0.01027	0.01547	0.01866	0.01128	0.01580	0.01068	0.01322	0.00772	0.00896	0.00666	0.00457	0.00371	0.00124	0.00606	0.00303	0.00222	0.00691
8	0.01121	0.00950	0.01102	0.00791	0.01252	0.00737	0.00634	0.04789	0.01143	0.01770	0.00941	0.01088	0.00777	0.00397	0.00392	0.00081	0.00394	0.00316	0.00318	0.81008
9	0.01741	0.02166	0.01340	0.01246	0.01477	0.67294	0.00925	0.01869	0.01401	0.01283	0.01126	0.13444	0.01102	0.00707	0.00500	0.00146	0.00840	0.00513	0.00302	0.00576
10	0.01980	0.01459	0.01563	0.01198	0.01615	0.01615	0.00990	0.76713	0.02448	0.03282	0.01250	0.01250	0.00886	0.00625	0.00521	0.00156	0.00573	0.00469	0.00521	0.00886
11	0.01275	0.01378	0.02798	0.02026	0.02523	0.01330	0.64790	0.05662	0.09210	0.01805	0.01174	0.01453	0.00878	0.00476	0.00601	0.00175	0.00814	0.00604	0.00304	0.00724
12	0.01289	0.01237	0.02114	0.03196	0.78450	0.01237	0.01598	0.01598	0.01186	0.01701	0.00980	0.01289	0.00825	0.00464	0.00516	0.00155	0.00619	0.00464	0.00258	0.00825
13	0.01121	0.01128	0.01709	0.01424	0.01490	0.01496	0.09701	0.01277	0.00850	0.01297	0.00777	0.01234	0.00740	0.01071	0.07147	0.00265	0.65977	0.00481	0.00236	0.00577
14	0.01045	0.02694	0.79000	0.01484	0.02254	0.01209	0.01924	0.01649	0.01099	0.01649	0.00935	0.01099	0.00660	0.00495	0.00495	0.00165	0.00770	0.00385	0.00220	0.00770
15	0.01449	0.01218	0.01402	0.01173	0.01512	0.01371	0.06269	0.19840	0.54653	0.02398	0.01842	0.01744	0.01369	0.00669	0.00534	0.00172	0.00483	0.00563	0.00509	0.00830

[dist]
# distance from previous block
# <min> <max>
0	1

[block]
# block no. 3 follows, 47 sequences, length 35
# corresponding to MSA columns:
# 121-155
name=unknown_D
#
# <colnr> <probs for GDERKNQSTAVLIFYWHMCP>
#	G	D	E	R	K	N	Q	S	T	A	V	L	I	F	Y	W	H	M	C	P
0	0.15353	0.26113	0.01753	0.00990	0.01399	0.01586	0.00866	0.33177	0.01661	0.10869	0.01092	0.01115	0.00811	0.00549	0.00432	0.00144	0.00526	0.00386	0.00411	0.00767
1	0.01473	0.01008	0.01400	0.01176	0.01305	0.01251	0.00970	0.01614	0.01012	0.25112	0.01177	0.01457	0.00944	0.03517	0.05899	0.00251	0.48926	0.00492	0.00362	0.00653
2	0.04260	0.54281	0.02311	0.01030	0.01334	0.01886	0.00956	0.01464	0.00972	0.01273	0.00712	0.00929	0.00669	0.00590	0.00757	0.00149	0.25230	0.00333	0.00228	0.00634
3	0.85377	0.01007	0.00765	0.00685	0.01007	0.01168	0.00564	0.01531	0.00886	0.02336	0.00725	0.00846	0.00564	0.00483	0.00322	0.00161	0.00403	0.00282	0.00322	0.00564
4	0.00980	0.00787	0.00882	0.00803	0.01011	0.00824	0.00618	0.06033	0.27488	0.02070	0.34752	0.03266	0.16470	0.00961	0.00580	0.00170	0.00325	0.00821	0.00540	0.00619
5	0.01241	0.01064	0.01131	0.01032	0.01305	0.01224	0.00796	0.02600	0.71245	0.02109	0.02181	0.08445	0.01742	0.00782	0.00541	0.00179	0.00403	0.00662	0.00526	0.00791
6	0.01096	0.01084	0.01626	0.24367	0.02049	0.01460	0.03284	0.01287	0.00880	0.01287	0.00764	0.01219	0.00690	0.00785	0.01334	0.00211	0.55309	0.00462	0.00230	0.00576
7	0.85377	0.01007	0.00765	0.00685	0.01007	0.01168	0.00564	0.01531	0.00886	0.02336	0.00725	0.00846	0.00564	0.00483	0.00322	0.00161	0.00403	0.00282	0.00322	0.00564
8	0.31463	0.01279	0.01282	0.01027	0.01385	0.01456	0.00848	0.45524	0.01795	0.02824	0.01030	0.01100	0.00759	0.00592	0.00522	0.00162	0.05362	0.00402	0.00433	0.00753
9	0.00744	0.00558	0.00837	0.00837	0.00930	0.00651	0.00651	0.00930	0.00837	0.01209	0.01395	0.02046	0.01302	0.03906	0.79635	0.00837	0.01395	0.00558	0.00279	0.00465
10	0.01980	0.01459	0.01563	0.01198	0.01615	0.01615	0.00990	0.76713	0.02448	0.03282	0.01250	0.01250	0.00886	0.00625	0.00521	0.00156	0.00573	0.00469	0.00521	0.00886
11	0.00744	0.00558	0.00837	0.00837	0.00930	0.00651	0.00651	0.00930	0.00837	0.01209	0.01395	0.02046	0.01302	0.03906	0.79635	0.00837	0.01395	0.00558	0.00279	0.00465
12	0.00724	0.00526	0.00682	0.00655	0.00773	0.00484	0.00487	0.00954	0.01426	0.02003	0.69484	0.09811	0.07799	0.01118	0.00618	0.00168	0.00251	0.00989	0.00563	0.00484
13	0.01392	0.82012	0.02729	0.00891	0.01337	0.02061	0.00891	0.01559	0.01058	0.01225	0.00724	0.00835	0.00668	0.00446	0.00334	0.00111	0.00557	0.00278	0.00223	0.00668
14	0.49525	0.00955	0.00957	0.00789	0.01146	0.00994	0.00651	0.01966	0.01147	0.35354	0.01299	0.01246	0.00877	0.00553	0.00409	0.00161	0.00420	0.00386	0.00461	0.00703
15	0.01426	0.01560	0.01467	0.01289	0.01418	0.28572	0.01030	0.06056	0.01137	0.01378	0.00839	0.01178	0.00760	0.01099	0.09913	0.00259	0.39341	0.00426	0.00265	0.00589
16	0.85377	0.01007	0.00765	0.00685	0.01007	0.01168	0.00564	0.01531	0.00886	0.02336	0.00725	0.00846	0.00564	0.00483	0.00322	0.00161	0.00403	0.00282	0.00322	0.00564
17	0.01145	0.01155	0.01684	0.01417	0.01449	0.01578	0.05701	0.01278	0.00824	0.01278	0.00706	0.01155	0.00690	0.00883	0.01643	0.00225	0.75914	0.00465	0.00230	0.00578
18	0.00737	0.00548	0.00730	0.00763	0.03945	0.00508	0.00530	0.00954	0.01371	0.01915	0.59109	0.15981	0.08657	0.01143	0.00618	0.00172	0.00271	0.01016	0.00541	0.00491
19	0.01229	0.01405	0.03073	0.02195	0.02722	0.01317	0.76558	0.01668	0.01229	0.01668	0.01054	0.01405	0.00790	0.00439	0.00615	0.00176	0.00878	0.00615	0.00263	0.00702
20	0.01877	0.01430	0.01640	0.01259	0.01663	0.01583	0.05559	0.66539	0.05385	0.03069	0.01254	0.01284	0.00902	0.00627	0.00568	0.00161	0.03361	0.00482	0.00496	0.00861
21	0.00718	0.00523	0.00675	0.00656	0.00771	0.00480	0.00485	0.00938	0.01400	0.01957	0.64850	0.13130	0.09175	0.01147	0.00620	0.00170	0.00253	0.01015	0.00557	0.00480
22	0.01647	0.01319	0.01748	0.01916	0.28784	0.01446	0.01215	0.38080	0.01764	0.05400	0.01117	0.01271	0.00855	0.00604	0.00663	0.00165	0.10316	0.00468	0.00397	0.00826
23	0.00744	0.00558	0.00837	0.00837	0.00930	0.00651	0.00651	0.00930	0.00837	0.01209	0.01395	0.02046	0.01302	0.03906	0.79635	0.00837	0.01395	0.00558	0.00279	0.00465
24	0.01122	0.00945	0.01024	0.00932	0.01179	0.01054	0.00719	0.02223	0.54976	0.02107	0.19847	0.02593	0.07394	0.00829	0.00555	0.00174	0.00364	0.00704	0.00537	0.00722
25	0.02285	0.00875	0.01192	0.00918	0.01312	0.00757	0.00757	0.02488	0.01490	0.76352	0.04493	0.01840	0.01405	0.00658	0.00527	0.00161	0.00437	0.00537	0.00642	0.00874
26	0.01392	0.82012	0.02729	0.00891	0.01337	0.02061	0.00891	0.01559	0.01058	0.01225	0.00724	0.00835	0.00668	0.00446	0.00334	0.00111	0.00557	0.00278	0.00223	0.00668
27	0.01080	0.00926	0.01080	0.00771	0.01234	0.00694	0.00617	0.01311	0.01080	0.01697	0.00926	0.01080	0.00771	0.00386	0.00386	0.00077	0.00386	0.00309	0.00309	0.84882
28	0.00978	0.00951	0.01267	0.01109	0.01163	0.01239	0.00910	0.01098	0.00917	0.01301	0.02097	0.02331	0.24552	0.01037	0.01372	0.00212	0.55976	0.00654	0.00307	0.00530
29	0.01174	0.01180	0.01566	0.01348	0.01374	0.04022	0.01116	0.01371	0.05491	0.01310	0.00775	0.01182	0.00738	0.00887	0.01598	0.00222	0.73351	0.00460	0.00248	0.00586
30	0.85377	0.01007	0.00765	0.00685	0.01007	0.01168	0.00564	0.01531	0.00886	0.02336	0.00725	0.00846	0.00564	0.00483	0.00322	0.00161	0.00403	0.00282	0.00322	0.00564
31	0.00757	0.00505	0.00568	0.00568	0.00568	0.00505	0.00316	0.00757	0.00757	0.01010	0.01641	0.03408	0.01893	0.81698	0.02651	0.00505	0.00505	0.00757	0.00316	0.00316
32	0.01488	0.01768	0.02091	0.10669	0.02223	0.33642	0.29145	0.01757	0.01266	0.01425	0.00899	0.01184	0.00719	0.00537	0.00655	0.00164	0.09011	0.00466	0.00258	0.00634
33	0.01767	0.00761	0.01023	0.00827	0.01132	0.00667	0.00666	0.01981	0.01478	0.51623	0.27190	0.02550	0.04405	0.00800	0.00556	0.00162	0.00374	0.00676	0.00617	0.00745
34	0.01169	0.00822	0.00968	0.00829	0.01053	0.00839	0.00650	0.20432	0.06345	0.06473	0.47782	0.03020	0.05635	0.00916	0.00581	0.00163	0.00350	0.00782	0.00559	0.00632

[dist]
# distance from previous block
# <min> <max>
0	1

[block]
# block no. 4 follows, 47 sequences, length 10
# corresponding to MSA columns:
# 157-166
name=unknown_E
#
# <colnr> <probs for GDERKNQSTAVLIFYWHMCP>
#	G	D	E	R	K	N	Q	S	T	A	V	L	I	F	Y	W	H	M	C	P
0	0.76241	0.00994	0.00814	0.00711	0.01043	0.01124	0.00586	0.01642	0.00953	0.10750	0.00871	0.00948	0.00644	0.00501	0.00344	0.00161	0.00407	0.00309	0.00358	0.00599
1	0.01295	0.01119	0.01178	0.01060	0.01354	0.01295	0.00824	0.02767	0.77509	0.02178	0.02120	0.01943	0.01590	0.00707	0.00530	0.00177	0.00412	0.00589	0.00530	0.00824
2	0.01945	0.02482	0.01476	0.01342	0.01610	0.79608	0.01006	0.02079	0.01476	0.01275	0.00805	0.00939	0.00671	0.00537	0.00470	0.00134	0.00939	0.00335	0.00268	0.00604
3	0.00634	0.00453	0.00604	0.00725	0.00755	0.00423	0.00483	0.00725	0.00997	0.01329	0.02870	0.81358	0.03444	0.01632	0.00665	0.00211	0.00302	0.01480	0.00483	0.00423
4	0.01080	0.00926	0.01080	0.00771	0.01234	0.00694	0.00617	0.01311	0.01080	0.01697	0.00926	0.01080	0.00771	0.00386	0.00386	0.00077	0.00386	0.00309	0.00309	0.84882
5	0.01267	0.01298	0.02460	0.02835	0.51134	0.01266	0.28637	0.01623	0.01201	0.01689	0.01006	0.01331	0.00812	0.00455	0.00551	0.00162	0.00712	0.00518	0.00260	0.00781
6	0.32251	0.01000	0.01092	0.00873	0.01248	0.01015	0.00720	0.11254	0.01390	0.41976	0.01476	0.01374	0.00978	0.00584	0.00451	0.00161	0.00444	0.00430	0.00513	0.00770
7	0.01220	0.01009	0.01155	0.00838	0.01293	0.00838	0.00675	0.13058	0.01293	0.01944	0.00976	0.01106	0.00789	0.00423	0.00407	0.00089	0.00415	0.00334	0.00342	0.71796
8	0.01659	0.01054	0.03576	0.01142	0.01502	0.00987	0.10812	0.09177	0.01381	0.32811	0.05169	0.05788	0.01318	0.00681	0.00663	0.00162	0.09580	0.00562	0.00469	0.11510
9	0.01427	0.00944	0.01144	0.00873	0.01250	0.00844	0.00705	0.11166	0.01383	0.18798	0.11351	0.01625	0.01439	0.00587	0.00526	0.00124	0.04217	0.00466	0.00440	0.40691

[dist]
# distance from previous block
# <min> <max>
19	37

[block]
# block no. 5 follows, 47 sequences, length 24
# corresponding to MSA columns:
# 211-234
name=unknown_F
#
# <colnr> <probs for GDERKNQSTAVLIFYWHMCP>
#	G	D	E	R	K	N	Q	S	T	A	V	L	I	F	Y	W	H	M	C	P
0	0.05523	0.00714	0.00901	0.00751	0.01013	0.00633	0.00591	0.01503	0.01393	0.24004	0.41411	0.02728	0.03063	0.00818	0.00541	0.00150	0.00330	0.00698	0.00543	0.12691
1	0.01031	0.00869	0.01025	0.00755	0.01169	0.00665	0.00599	0.01264	0.01136	0.01753	0.11986	0.01482	0.01364	0.00483	0.00418	0.00090	0.00366	0.00399	0.00346	0.72799
2	0.00926	0.00751	0.01043	0.00896	0.01082	0.00753	0.07749	0.09921	0.01437	0.01967	0.39420	0.11458	0.13654	0.01039	0.00673	0.00174	0.05108	0.00904	0.00496	0.00548
3	0.01283	0.44894	0.21819	0.01529	0.17921	0.01672	0.01301	0.01590	0.01096	0.01433	0.00831	0.00998	0.00699	0.00462	0.00413	0.00134	0.00624	0.00345	0.00229	0.00727
4	0.01295	0.01119	0.01178	0.01060	0.01354	0.01295	0.00824	0.02767	0.77509	0.02178	0.02120	0.01943	0.01590	0.00707	0.00530	0.00177	0.00412	0.00589	0.00530	0.00824
5	0.01080	0.00926	0.01080	0.00771	0.01234	0.00694	0.00617	0.01311	0.01080	0.01697	0.00926	0.01080	0.00771	0.00386	0.00386	0.00077	0.00386	0.00309	0.00309	0.84882
6	0.01045	0.02694	0.79000	0.01484	0.02254	0.01209	0.01924	0.01649	0.01099	0.01649	0.00935	0.01099	0.00660	0.00495	0.00495	0.00165	0.00770	0.00385	0.00220	0.00770
7	0.00737	0.00532	0.00696	0.00655	0.00778	0.00491	0.00491	0.00983	0.01474	0.02088	0.78175	0.03890	0.04914	0.01065	0.00614	0.00164	0.00246	0.00942	0.00573	0.00491
8	0.01178	0.01180	0.02448	0.01802	0.02225	0.01101	0.55948	0.01544	0.01240	0.06225	0.08601	0.11075	0.01521	0.00651	0.00615	0.00178	0.00725	0.00742	0.00341	0.00660
9	0.01695	0.01022	0.01416	0.01163	0.01350	0.01210	0.00966	0.01849	0.01119	0.37245	0.01320	0.01433	0.00965	0.00788	0.01159	0.00197	0.43479	0.00487	0.00421	0.00717
10	0.02336	0.00886	0.01209	0.00927	0.01329	0.00765	0.00765	0.02538	0.01491	0.78810	0.02055	0.01773	0.01289	0.00645	0.00524	0.00161	0.00443	0.00524	0.00645	0.00886
11	0.01198	0.01507	0.18349	0.12636	0.52792	0.01221	0.01648	0.01575	0.01149	0.01643	0.00963	0.01261	0.00773	0.00478	0.00512	0.00159	0.00660	0.00447	0.00246	0.00782
12	0.02083	0.00940	0.01291	0.01020	0.01337	0.00941	0.00845	0.02265	0.01344	0.62363	0.01764	0.01638	0.01161	0.00701	0.00775	0.00175	0.17473	0.00509	0.00556	0.00819
13	0.02173	0.01116	0.11079	0.00997	0.01447	0.00822	0.00912	0.02425	0.01441	0.69019	0.01912	0.01687	0.01209	0.00626	0.00520	0.00162	0.00485	0.00506	0.00591	0.00871
14	0.01139	0.01139	0.01595	0.01367	0.01367	0.01595	0.01139	0.01253	0.00798	0.01253	0.00684	0.01139	0.00684	0.00911	0.01709	0.00228	0.80745	0.00456	0.00228	0.00570
15	0.01376	0.00662	0.00854	0.00743	0.00913	0.00626	0.00535	0.01479	0.01056	0.31622	0.01772	0.02592	0.01581	0.39961	0.11583	0.00412	0.00594	0.00640	0.00440	0.00559
16	0.02241	0.00865	0.01178	0.00910	0.01296	0.00749	0.00749	0.02445	0.01490	0.74215	0.06614	0.01899	0.01506	0.00670	0.00529	0.00161	0.00431	0.00549	0.00640	0.00863
17	0.02336	0.00886	0.01209	0.00927	0.01329	0.00765	0.00765	0.02538	0.01491	0.78810	0.02055	0.01773	0.01289	0.00645	0.00524	0.00161	0.00443	0.00524	0.00645	0.00886
18	0.01014	0.00954	0.01343	0.01183	0.01215	0.01283	0.00971	0.01157	0.00870	0.01322	0.08149	0.01598	0.01219	0.01585	0.18750	0.00356	0.55695	0.00524	0.00272	0.00539
19	0.02250	0.00864	0.01178	0.00916	0.01300	0.00748	0.00751	0.02446	0.01466	0.74893	0.02096	0.05796	0.01398	0.00694	0.00531	0.00164	0.00436	0.00572	0.00636	0.00863
20	0.01971	0.01403	0.21665	0.01093	0.01593	0.00944	0.01086	0.07701	0.01458	0.53051	0.01702	0.01558	0.01094	0.00604	0.00516	0.00162	0.00538	0.00483	0.00524	0.00856
21	0.02186	0.00853	0.01160	0.00901	0.01277	0.00740	0.00740	0.02391	0.01489	0.71574	0.09234	0.01972	0.01631	0.00684	0.00532	0.00161	0.00425	0.00563	0.00638	0.00849
22	0.01834	0.01055	0.01643	0.02016	0.38344	0.00992	0.01165	0.02087	0.01344	0.41801	0.01539	0.01540	0.01066	0.00558	0.00520	0.00158	0.00527	0.00495	0.00459	0.00857
23	0.02024	0.00952	0.01310	0.01042	0.01339	0.00982	0.00863	0.02202	0.01309	0.58543	0.01696	0.01607	0.01131	0.00714	0.00833	0.00179	0.21428	0.00506	0.00536	0.00804

[dist]
# distance from previous block
# <min> <max>
0	14

[block]
# block no. 6 follows, 47 sequences, length 7
# corresponding to MSA columns:
# 249-255
name=unknown_G
#
# <colnr> <probs for GDERKNQSTAVLIFYWHMCP>
#	G	D	E	R	K	N	Q	S	T	A	V	L	I	F	Y	W	H	M	C	P
0	0.01093	0.01076	0.01585	0.24645	0.02021	0.01466	0.01230	0.01276	0.00869	0.01276	0.00755	0.01213	0.00687	0.00796	0.01359	0.00212	0.57181	0.00458	0.00229	0.00572
1	0.00725	0.00576	0.00782	0.00840	0.00865	0.00634	0.00601	0.00820	0.00961	0.01316	0.02477	0.66949	0.02948	0.01502	0.00852	0.00214	0.14751	0.01296	0.00438	0.00449
2	0.00914	0.00808	0.01163	0.01065	0.01118	0.01058	0.00861	0.01069	0.00820	0.01228	0.01089	0.01655	0.01036	0.02616	0.46072	0.00575	0.35571	0.00514	0.00257	0.00510
3	0.01289	0.01237	0.02114	0.03196	0.78450	0.01237	0.01598	0.01598	0.01186	0.01701	0.00980	0.01289	0.00825	0.00464	0.00516	0.00155	0.00619	0.00464	0.00258	0.00825
4	0.00983	0.00926	0.01562	0.80447	0.03587	0.01157	0.01446	0.01331	0.01041	0.01331	0.00926	0.01388	0.00694	0.00521	0.00521	0.00174	0.00694	0.00463	0.00231	0.00579
5	0.01980	0.01459	0.01563	0.01198	0.01615	0.01615	0.00990	0.76713	0.02448	0.03282	0.01250	0.01250	0.00886	0.00625	0.00521	0.00156	0.00573	0.00469	0.00521	0.00886
6	0.00934	0.00555	0.00688	0.00698	0.00842	0.00490	0.00506	0.01058	0.01147	0.15272	0.03496	0.42560	0.27062	0.01354	0.00624	0.00191	0.00315	0.01186	0.00512	0.00512

[dist]
# distance from previous block
# <min> <max>
4	16

[block]
# block no. 7 follows, 47 sequences, length 30
# corresponding to MSA columns:
# 273-302
name=unknown_H
#
# <colnr> <probs for GDERKNQSTAVLIFYWHMCP>
#	G	D	E	R	K	N	Q	S	T	A	V	L	I	F	Y	W	H	M	C	P
0	0.01180	0.00820	0.00995	0.00780	0.01126	0.00687	0.00617	0.01494	0.06364	0.13120	0.23260	0.02042	0.02086	0.00639	0.00481	0.00121	0.00356	0.00540	0.00448	0.42843
1	0.00844	0.00517	0.00682	0.00731	0.00822	0.00472	0.00513	0.00968	0.01122	0.10426	0.12120	0.59138	0.06779	0.01433	0.00640	0.00198	0.00310	0.01286	0.00513	0.00486
2	0.23238	0.01018	0.01000	0.00889	0.01192	0.01134	0.00699	0.02139	0.44310	0.02109	0.01968	0.01886	0.08636	0.00683	0.00473	0.00165	0.00393	0.00536	0.00454	0.07080
3	0.01055	0.01003	0.01383	0.01188	0.01249	0.01310	0.00977	0.01201	0.00913	0.01398	0.10935	0.01556	0.01288	0.01087	0.06665	0.00247	0.58043	0.00514	0.00284	0.07704
4	0.36548	0.01750	0.01168	0.01041	0.01344	0.40433	0.00808	0.03773	0.01257	0.06375	0.00857	0.00958	0.00669	0.00523	0.00413	0.00148	0.00678	0.00328	0.00319	0.00611
5	0.85377	0.01007	0.00765	0.00685	0.01007	0.01168	0.00564	0.01531	0.00886	0.02336	0.00725	0.00846	0.00564	0.00483	0.00322	0.00161	0.00403	0.00282	0.00322	0.00564
6	0.00737	0.00532	0.00696	0.00655	0.00778	0.00491	0.00491	0.00983	0.01474	0.02088	0.78175	0.03890	0.04914	0.01065	0.00614	0.00164	0.00246	0.00942	0.00573	0.00491
7	0.01080	0.00926	0.01080	0.00771	0.01234	0.00694	0.00617	0.01311	0.01080	0.01697	0.00926	0.01080	0.00771	0.00386	0.00386	0.00077	0.00386	0.00309	0.00309	0.84882
8	0.00698	0.00510	0.00656	0.00665	0.00766	0.00468	0.00481	0.00891	0.01316	0.01818	0.50948	0.25927	0.10426	0.01246	0.00629	0.00178	0.00263	0.01107	0.00541	0.00468
9	0.01369	0.76707	0.07830	0.00931	0.01398	0.02004	0.00960	0.01565	0.01061	0.01254	0.00738	0.00853	0.00668	0.00449	0.00345	0.00115	0.00571	0.00286	0.00223	0.00675
10	0.01295	0.01119	0.01178	0.01060	0.01354	0.01295	0.00824	0.02767	0.77509	0.02178	0.02120	0.01943	0.01590	0.00707	0.00530	0.00177	0.00412	0.00589	0.00530	0.00824
11	0.01080	0.00926	0.01080	0.00771	0.01234	0.00694	0.00617	0.01311	0.01080	0.01697	0.00926	0.01080	0.00771	0.00386	0.00386	0.00077	0.00386	0.00309	0.00309	0.84882
12	0.01206	0.39586	0.43525	0.01208	0.01827	0.01605	0.01444	0.01607	0.01080	0.01452	0.00837	0.00977	0.00664	0.00472	0.00420	0.00140	0.00671	0.00335	0.00221	0.00723
13	0.00737	0.00532	0.00696	0.00655	0.00778	0.00491	0.00491	0.00983	0.01474	0.02088	0.78175	0.03890	0.04914	0.01065	0.00614	0.00164	0.00246	0.00942	0.00573	0.00491
14	0.01469	0.01293	0.02669	0.01920	0.02420	0.01198	0.60156	0.01856	0.01286	0.18363	0.01270	0.01484	0.00898	0.00483	0.00595	0.00172	0.00784	0.00595	0.00346	0.00742
15	0.01696	0.01022	0.01415	0.01162	0.01350	0.01209	0.00965	0.01851	0.01120	0.37327	0.01321	0.01434	0.00965	0.00787	0.01158	0.00197	0.43395	0.00487	0.00422	0.00717
16	0.02056	0.01279	0.18123	0.01048	0.01530	0.00862	0.01017	0.02345	0.01405	0.62033	0.01811	0.01626	0.01152	0.00612	0.00517	0.00162	0.00514	0.00494	0.00552	0.00861
17	0.01289	0.01237	0.02114	0.03196	0.78450	0.01237	0.01598	0.01598	0.01186	0.01701	0.00980	0.01289	0.00825	0.00464	0.00516	0.00155	0.00619	0.00464	0.00258	0.00825
18	0.02336	0.00886	0.01209	0.00927	0.01329	0.00765	0.00765	0.02538	0.01491	0.78810	0.02055	0.01773	0.01289	0.00645	0.00524	0.00161	0.00443	0.00524	0.00645	0.00886
19	0.01131	0.02321	0.59544	0.01648	0.07977	0.01226	0.08234	0.01657	0.01114	0.04402	0.00974	0.01166	0.00707	0.00516	0.00575	0.00168	0.05214	0.00420	0.00242	0.00761
20	0.01139	0.01139	0.01595	0.01367	0.01367	0.01595	0.01139	0.01253	0.00798	0.01253	0.00684	0.01139	0.00684	0.00911	0.01709	0.00228	0.80745	0.00456	0.00228	0.00570
21	0.01334	0.00662	0.00889	0.00785	0.00963	0.00647	0.00587	0.01467	0.01052	0.29712	0.01715	0.02375	0.01484	0.27249	0.26224	0.00483	0.00764	0.00608	0.00425	0.00573
22	0.02336	0.00886	0.01209	0.00927	0.01329	0.00765	0.00765	0.02538	0.01491	0.78810	0.02055	0.01773	0.01289	0.00645	0.00524	0.00161	0.00443	0.00524	0.00645	0.00886
23	0.02336	0.00886	0.01209	0.00927	0.01329	0.00765	0.00765	0.02538	0.01491	0.78810	0.02055	0.01773	0.01289	0.00645	0.00524	0.00161	0.00443	0.00524	0.00645	0.00886
24	0.01086	0.01060	0.01477	0.01274	0.01290	0.01450	0.01054	0.01218	0.00886	0.01363	0.10867	0.01501	0.01240	0.00932	0.01565	0.00219	0.70166	0.00520	0.00273	0.00559
25	0.02135	0.00950	0.01458	0.01099	0.01511	0.00836	0.11503	0.02371	0.01453	0.65727	0.04043	0.01780	0.01320	0.00627	0.00539	0.00163	0.00499	0.00548	0.00589	0.00849
26	0.01320	0.01161	0.01957	0.15331	0.60688	0.01189	0.01511	0.01627	0.01186	0.07477	0.01052	0.01341	0.00839	0.00487	0.00517	0.00158	0.00617	0.00468	0.00283	0.00790
27	0.02286	0.00875	0.01192	0.00918	0.01312	0.00757	0.00757	0.02489	0.01490	0.76407	0.04439	0.01839	0.01403	0.00658	0.00527	0.00161	0.00437	0.00537	0.00642	0.00874
28	0.00718	0.00558	0.00785	0.00955	0.06675	0.00563	0.00612	0.00827	0.00998	0.01352	0.02581	0.69934	0.03061	0.01495	0.00723	0.00208	0.05706	0.01335	0.00449	0.00463
29	0.60047	0.01069	0.01094	0.00893	0.01252	0.01174	0.07166	0.08795	0.01138	0.11747	0.00966	0.01046	0.00703	0.00513	0.00391	0.00162	0.00465	0.00358	0.00376	0.00646

[dist]
# distance from previous block
# <min> <max>
22	58

[block]
# block no. 8 follows, 47 sequences, length 10
# corresponding to MSA columns:
# 375-384
name=unknown_I
#
# <colnr> <probs for GDERKNQSTAVLIFYWHMCP>
#	G	D	E	R	K	N	Q	S	T	A	V	L	I	F	Y	W	H	M	C	P
0	0.06214	0.01146	0.01296	0.01069	0.01328	0.09590	0.00869	0.05891	0.01227	0.26776	0.01256	0.01374	0.00939	0.00904	0.06571	0.00216	0.22353	0.00447	0.00402	0.10131
1	0.01134	0.00823	0.01162	0.01031	0.01109	0.01014	0.00823	0.01226	0.00925	0.11037	0.06419	0.03975	0.01285	0.01627	0.16381	0.14118	0.34521	0.00546	0.00321	0.00524
2	0.31610	0.01038	0.01260	0.01067	0.01286	0.03769	0.07533	0.01458	0.00950	0.07529	0.00965	0.01258	0.00804	0.01211	0.14744	0.00299	0.21901	0.00426	0.00307	0.00586
3	0.33238	0.01028	0.01074	0.00907	0.01164	0.03897	0.00738	0.01372	0.00930	0.01774	0.00832	0.01092	0.00718	0.00889	0.08226	0.00219	0.19667	0.00358	0.00290	0.21587
4	0.01144	0.01225	0.01871	0.01480	0.01780	0.13790	0.32587	0.01421	0.01103	0.01405	0.01164	0.01646	0.01005	0.04717	0.30752	0.00433	0.01071	0.00553	0.00272	0.00582
5	0.01239	0.01064	0.01435	0.01183	0.01332	0.01301	0.00979	0.01389	0.00931	0.08744	0.00872	0.01185	0.00762	0.00761	0.01281	0.00186	0.53940	0.00427	0.00287	0.20701
6	0.01240	0.00649	0.00824	0.00713	0.00943	0.00570	0.00558	0.01441	0.01406	0.27511	0.34092	0.03471	0.22500	0.00990	0.00584	0.00166	0.00316	0.00843	0.00574	0.00610
7	0.01096	0.00940	0.01087	0.00792	0.01243	0.00738	0.00632	0.01417	0.06643	0.01732	0.01013	0.01143	0.00831	0.00409	0.00396	0.00084	0.00388	0.00329	0.00325	0.78764
8	0.01261	0.00650	0.00854	0.00736	0.00956	0.00579	0.00576	0.01484	0.01458	0.27634	0.47263	0.03268	0.09253	0.00944	0.00584	0.00164	0.00313	0.00814	0.00590	0.00619
9	0.00770	0.00660	0.00712	0.00609	0.00880	0.00525	0.00470	0.00936	0.01151	0.01504	0.03824	0.03700	0.52393	0.01008	0.00539	0.00143	0.00304	0.00835	0.00425	0.28612

[dist]
# distance from previous block
# <min> <max>
0	1

[block]
# block no. 9 follows, 47 sequences, length 27
# corresponding to MSA columns:
# 386-412
name=unknown_J
#
# <colnr> <probs for GDERKNQSTAVLIFYWHMCP>
#	G	D	E	R	K	N	Q	S	T	A	V	L	I	F	Y	W	H	M	C	P
0	0.01102	0.01051	0.01559	0.01702	0.20979	0.01297	0.01135	0.01291	0.01024	0.01524	0.15278	0.01693	0.01512	0.00826	0.01199	0.00197	0.45162	0.00549	0.00300	0.00620
1	0.01834	0.02310	0.01402	0.01289	0.01538	0.72913	0.00962	0.01965	0.01435	0.01279	0.00980	0.07739	0.00905	0.00629	0.00486	0.00141	0.00885	0.00432	0.00287	0.00588
2	0.85377	0.01007	0.00765	0.00685	0.01007	0.01168	0.00564	0.01531	0.00886	0.02336	0.00725	0.00846	0.00564	0.00483	0.00322	0.00161	0.00403	0.00282	0.00322	0.00564
3	0.00720	0.00532	0.00672	0.00637	0.00767	0.00484	0.00478	0.00949	0.01433	0.01991	0.67756	0.04050	0.15393	0.01101	0.00614	0.00166	0.00248	0.00964	0.00560	0.00484
4	0.01080	0.00926	0.01080	0.00771	0.01234	0.00694	0.00617	0.01311	0.01080	0.01697	0.00926	0.01080	0.00771	0.00386	0.00386	0.00077	0.00386	0.00309	0.00309	0.84882
5	0.00732	0.00532	0.00690	0.00650	0.00775	0.00489	0.00488	0.00974	0.01463	0.02062	0.75400	0.03933	0.07704	0.01074	0.00614	0.00164	0.00246	0.00948	0.00570	0.00489
6	0.01254	0.50460	0.33069	0.01127	0.01702	0.01722	0.01302	0.01595	0.01075	0.01394	0.00808	0.00940	0.00665	0.00465	0.00398	0.00133	0.00642	0.00321	0.00222	0.00709
7	0.01295	0.01119	0.01178	0.01060	0.01354	0.01295	0.00824	0.02767	0.77509	0.02178	0.02120	0.01943	0.01590	0.00707	0.00530	0.00177	0.00412	0.00589	0.00530	0.00824
8	0.01221	0.00897	0.01074	0.00784	0.01219	0.00691	0.00629	0.01449	0.01156	0.11609	0.05637	0.01335	0.01083	0.00459	0.00417	0.00093	0.00385	0.00374	0.00367	0.69122
9	0.01045	0.02694	0.79000	0.01484	0.02254	0.01209	0.01924	0.01649	0.01099	0.01649	0.00935	0.01099	0.00660	0.00495	0.00495	0.00165	0.00770	0.00385	0.00220	0.00770
10	0.00737	0.00532	0.00696	0.00655	0.00778	0.00491	0.00491	0.00983	0.01474	0.02088	0.78175	0.03890	0.04914	0.01065	0.00614	0.00164	0.00246	0.00942	0.00573	0.00491
11	0.01229	0.01405	0.03073	0.02195	0.02722	0.01317	0.76558	0.01668	0.01229	0.01668	0.01054	0.01405	0.00790	0.00439	0.00615	0.00176	0.00878	0.00615	0.00263	0.00702
12	0.01139	0.01139	0.01595	0.01367	0.01367	0.01595	0.01139	0.01253	0.00798	0.01253	0.00684	0.01139	0.00684	0.00911	0.01709	0.00228	0.80745	0.00456	0.00228	0.00570
13	0.02203	0.01073	0.09264	0.00984	0.01425	0.00811	0.00885	0.02446	0.01450	0.70820	0.01939	0.01703	0.01224	0.00629	0.00521	0.00162	0.00477	0.00509	0.00601	0.00874
14	0.01289	0.01237	0.02114	0.03196	0.78450	0.01237	0.01598	0.01598	0.01186	0.01701	0.00980	0.01289	0.00825	0.00464	0.00516	0.00155	0.00619	0.00464	0.00258	0.00825
15	0.02336	0.00886	0.01209	0.00927	0.01329	0.00765	0.00765	0.02538	0.01491	0.78810	0.02055	0.01773	0.01289	0.00645	0.00524	0.00161	0.00443	0.00524	0.00645	0.00886
16	0.02078	0.00932	0.01313	0.01238	0.12040	0.00846	0.00873	0.02357	0.05112	0.61376	0.04895	0.01797	0.01381	0.00639	0.00526	0.00161	0.00458	0.00535	0.00582	0.00859
17	0.01139	0.01139	0.01595	0.01367	0.01367	0.01595	0.01139	0.01253	0.00798	0.01253	0.00684	0.01139	0.00684	0.00911	0.01709	0.00228	0.80745	0.00456	0.00228	0.00570
18	0.00752	0.00526	0.00675	0.00675	0.00712	0.00563	0.00449	0.00826	0.00789	0.01089	0.01543	0.02866	0.01658	0.50761	0.33267	0.00637	0.00859	0.00678	0.00301	0.00375
19	0.02336	0.00886	0.01209	0.00927	0.01329	0.00765	0.00765	0.02538	0.01491	0.78810	0.02055	0.01773	0.01289	0.00645	0.00524	0.00161	0.00443	0.00524	0.00645	0.00886
20	0.02078	0.00821	0.01117	0.00896	0.01242	0.00713	0.00723	0.02263	0.01416	0.67052	0.02178	0.13851	0.01616	0.00794	0.00545	0.00169	0.00422	0.00669	0.00620	0.00816
21	0.00702	0.00509	0.00663	0.00671	0.00768	0.00469	0.00485	0.00898	0.01323	0.01839	0.53225	0.26658	0.07360	0.01241	0.00629	0.00178	0.00263	0.01106	0.00543	0.00469
22	0.02048	0.01058	0.01254	0.00979	0.01358	0.02961	0.00802	0.24206	0.01748	0.46668	0.03953	0.01903	0.07220	0.00699	0.00531	0.00160	0.00475	0.00558	0.00584	0.00834
23	0.01251	0.10146	0.12479	0.02431	0.37931	0.01346	0.23654	0.01621	0.01174	0.01634	0.00968	0.01250	0.00776	0.00459	0.00523	0.00158	0.00708	0.00478	0.00251	0.00765
24	0.02336	0.00886	0.01209	0.00927	0.01329	0.00765	0.00765	0.02538	0.01491	0.78810	0.02055	0.01773	0.01289	0.00645	0.00524	0.00161	0.00443	0.00524	0.00645	0.00886
25	0.07981	0.01309	0.01806	0.01726	0.19108	0.01367	0.11800	0.35875	0.01775	0.10313	0.01204	0.01304	0.00875	0.00554	0.00518	0.00160	0.00601	0.00480	0.00423	0.00822
26	0.23521	0.01018	0.01157	0.00912	0.01297	0.01017	0.00753	0.15287	0.01504	0.46000	0.01573	0.01444	0.01033	0.00600	0.00472	0.00160	0.00456	0.00452	0.00540	0.00804

[dist]
# distance from previous block
# <min> <max>
7	51

[block]
# block no. 10 follows, 47 sequences, length 10
# corresponding to MSA columns:
# 481-490
name=unknown_K
#
# <colnr> <probs for GDERKNQSTAVLIFYWHMCP>
#	G	D	E	R	K	N	Q	S	T	A	V	L	I	F	Y	W	H	M	C	P
0	0.01537	0.01095	0.01335	0.01120	0.01330	0.05132	0.00914	0.17543	0.01343	0.18705	0.01263	0.01486	0.00991	0.01415	0.17826	0.00324	0.25073	0.00489	0.00395	0.00686
1	0.01194	0.01099	0.01554	0.06532	0.24601	0.05248	0.04864	0.07984	0.01186	0.01654	0.01066	0.01413	0.00907	0.01296	0.18957	0.00306	0.05099	0.00461	0.00292	0.14286
2	0.49127	0.00879	0.00870	0.00768	0.01053	0.00968	0.00624	0.01592	0.00995	0.17336	0.01146	0.01310	0.00880	0.01311	0.18803	0.00318	0.00642	0.00394	0.00377	0.00605
3	0.01250	0.01004	0.04805	0.00826	0.01296	0.00728	0.00700	0.01495	0.01137	0.12240	0.01080	0.01176	0.00837	0.00426	0.00410	0.00093	0.00412	0.00342	0.00350	0.69392
4	0.00787	0.00720	0.01189	0.01008	0.01219	0.00672	0.18163	0.00996	0.01126	0.01467	0.07827	0.20050	0.29084	0.01519	0.11432	0.00273	0.00568	0.00984	0.00410	0.00504
5	0.01139	0.01139	0.01595	0.01367	0.01367	0.01595	0.01139	0.01253	0.00798	0.01253	0.00684	0.01139	0.00684	0.00911	0.01709	0.00228	0.80745	0.00456	0.00228	0.00570
6	0.00662	0.00538	0.00639	0.00639	0.00785	0.00516	0.00488	0.00813	0.01061	0.01336	0.03878	0.03944	0.50540	0.02250	0.29064	0.00414	0.00671	0.00904	0.00410	0.00449
7	0.01080	0.00926	0.01080	0.00771	0.01234	0.00694	0.00617	0.01311	0.01080	0.01697	0.00926	0.01080	0.00771	0.00386	0.00386	0.00077	0.00386	0.00309	0.00309	0.84882
8	0.00799	0.00612	0.00742	0.00695	0.00848	0.00595	0.00525	0.01198	0.11838	0.02018	0.58978	0.03759	0.13307	0.01046	0.00603	0.00167	0.00271	0.00912	0.00557	0.00531
9	0.00620	0.00509	0.00547	0.00577	0.00716	0.00435	0.00418	0.00742	0.01140	0.01388	0.04676	0.24049	0.59588	0.01397	0.00628	0.00185	0.00273	0.01194	0.00484	0.00435

[dist]
# distance from previous block
# <min> <max>
0	1

[block]
# block no. 11 follows, 47 sequences, length 28
# corresponding to MSA columns:
# 492-519
name=unknown_L
#
# <colnr> <probs for GDERKNQSTAVLIFYWHMCP>
#	G	D	E	R	K	N	Q	S	T	A	V	L	I	F	Y	W	H	M	C	P
0	0.01133	0.01130	0.01594	0.04702	0.01461	0.01577	0.01152	0.01257	0.00808	0.01257	0.00694	0.01150	0.00684	0.00895	0.01659	0.00226	0.77370	0.00456	0.00228	0.00570
1	0.01945	0.02482	0.01476	0.01342	0.01610	0.79608	0.01006	0.02079	0.01476	0.01275	0.00805	0.00939	0.00671	0.00537	0.00470	0.00134	0.00939	0.00335	0.00268	0.00604
2	0.85377	0.01007	0.00765	0.00685	0.01007	0.01168	0.00564	0.01531	0.00886	0.02336	0.00725	0.00846	0.00564	0.00483	0.00322	0.00161	0.00403	0.00282	0.00322	0.00564
3	0.00737	0.00532	0.00696	0.00655	0.00778	0.00491	0.00491	0.00983	0.01474	0.02088	0.78175	0.03890	0.04914	0.01065	0.00614	0.00164	0.00246	0.00942	0.00573	0.00491
4	0.01080	0.00926	0.01080	0.00771	0.01234	0.00694	0.00617	0.01311	0.01080	0.01697	0.00926	0.01080	0.00771	0.00386	0.00386	0.00077	0.00386	0.00309	0.00309	0.84882
5	0.00819	0.05158	0.13962	0.00802	0.01053	0.00692	0.00750	0.01116	0.01379	0.01944	0.58466	0.03302	0.06662	0.00946	0.00580	0.00162	0.00351	0.00819	0.00492	0.00546
6	0.01069	0.08338	0.73572	0.01442	0.02189	0.01270	0.01851	0.01643	0.01097	0.01619	0.00920	0.01081	0.00660	0.00491	0.00483	0.00161	0.00754	0.00377	0.00220	0.00762
7	0.01188	0.01023	0.01129	0.00916	0.01294	0.00996	0.00721	0.02042	0.39453	0.01939	0.01525	0.01513	0.01182	0.00547	0.00458	0.00127	0.00399	0.00449	0.00420	0.42679
8	0.01486	0.00867	0.01090	0.00828	0.01227	0.00706	0.00667	0.01701	0.01215	0.29101	0.02997	0.03203	0.01137	0.00769	0.06085	0.00166	0.00473	0.00441	0.00435	0.45404
9	0.01045	0.02694	0.79000	0.01484	0.02254	0.01209	0.01924	0.01649	0.01099	0.01649	0.00935	0.01099	0.00660	0.00495	0.00495	0.00165	0.00770	0.00385	0.00220	0.00770
10	0.00737	0.00532	0.00696	0.00655	0.00778	0.00491	0.00491	0.00983	0.01474	0.02088	0.78175	0.03890	0.04914	0.01065	0.00614	0.00164	0.00246	0.00942	0.00573	0.00491
11	0.01242	0.01368	0.02861	0.02416	0.19416	0.01299	0.60034	0.01653	0.01220	0.01675	0.01037	0.01379	0.00798	0.00444	0.00593	0.00171	0.00821	0.00581	0.00262	0.00729
12	0.01397	0.01075	0.01509	0.04520	0.01450	0.01394	0.01070	0.01540	0.00960	0.18354	0.00996	0.01289	0.00818	0.00837	0.01399	0.00211	0.59753	0.00471	0.00320	0.00640
13	0.02144	0.01156	0.12822	0.01010	0.01467	0.00832	0.00938	0.02405	0.01432	0.67291	0.01887	0.01672	0.01195	0.00622	0.00519	0.00162	0.00492	0.00503	0.00581	0.00869
14	0.01137	0.01082	0.01839	0.41661	0.41173	0.01197	0.01523	0.01465	0.01114	0.01517	0.00953	0.01338	0.00760	0.00492	0.00518	0.00164	0.00656	0.00463	0.00245	0.00702
15	0.02325	0.00905	0.01220	0.00936	0.01339	0.00794	0.00773	0.05020	0.01523	0.76283	0.02028	0.01755	0.01276	0.00644	0.00524	0.00161	0.00447	0.00522	0.00640	0.00886
16	0.02022	0.00984	0.01413	0.01444	0.18336	0.00911	0.00965	0.06514	0.01466	0.54232	0.01801	0.01809	0.01236	0.00637	0.00530	0.00163	0.00491	0.03645	0.00545	0.00856
17	0.01139	0.01139	0.01595	0.01367	0.01367	0.01595	0.01139	0.01253	0.00798	0.01253	0.00684	0.01139	0.00684	0.00911	0.01709	0.00228	0.80745	0.00456	0.00228	0.00570
18	0.00694	0.00488	0.00630	0.00690	0.00720	0.00488	0.00453	0.00769	0.00890	0.01201	0.02213	0.42001	0.02570	0.29245	0.14116	0.00413	0.00548	0.01085	0.00393	0.00393
19	0.02108	0.01523	0.01342	0.01106	0.01456	0.28640	0.00876	0.13158	0.01625	0.38639	0.03340	0.01454	0.01100	0.00614	0.00506	0.00151	0.00632	0.00460	0.00492	0.00777
20	0.02082	0.00822	0.01118	0.00896	0.01244	0.00714	0.00723	0.02267	0.01417	0.67244	0.02176	0.13653	0.01611	0.00792	0.00545	0.00169	0.00422	0.00667	0.00620	0.00817
21	0.00681	0.00495	0.00643	0.00681	0.00763	0.00456	0.00482	0.00847	0.01232	0.01689	0.38283	0.40646	0.08468	0.01348	0.00638	0.00187	0.00273	0.01206	0.00526	0.00456
22	0.02241	0.00920	0.01246	0.00965	0.01340	0.00848	0.00798	0.04496	0.01468	0.71204	0.01935	0.01713	0.01235	0.00663	0.00608	0.00166	0.06161	0.00517	0.00611	0.00864
23	0.01684	0.09545	0.32906	0.01177	0.01734	0.01159	0.01270	0.09804	0.01390	0.32167	0.01388	0.01355	0.00932	0.00563	0.00493	0.00157	0.00600	0.00438	0.00419	0.00818
24	0.02174	0.01114	0.11015	0.00997	0.01446	0.00821	0.00911	0.02426	0.01441	0.69083	0.01913	0.01688	0.01210	0.00626	0.00520	0.00162	0.00484	0.00506	0.00591	0.00872
25	0.13044	0.01392	0.01693	0.01449	0.09121	0.03193	0.10323	0.48407	0.01944	0.02758	0.01119	0.01212	0.00820	0.00566	0.00504	0.00159	0.00600	0.00458	0.00431	0.00808
26	0.01680	0.01059	0.01414	0.01158	0.01366	0.01245	0.00959	0.11044	0.01265	0.30865	0.01302	0.01430	0.00963	0.00898	0.04316	0.00219	0.37183	0.00487	0.00424	0.00724
27	0.30308	0.04406	0.01453	0.23772	0.18317	0.02894	0.01112	0.01475	0.01005	0.01745	0.00833	0.01123	0.00674	0.00531	0.00557	0.00167	0.08339	0.00390	0.00269	0.00629

[dist]
# distance from previous block
# <min> <max>
10	423

# created by:
# /st0/software/busco_prod/Augustus/scripts/msa2prfl.pl ./align_prep/69488.fa
