[name]
unknown

[dist]
# distance from previous block
# <min> <max>
0	31

[block]
# block no. 0 follows, 54 sequences, length 9
# corresponding to MSA columns:
# 36-44
name=unknown_A
#
# <colnr> <probs for GDERKNQSTAVLIFYWHMCP>
#	G	D	E	R	K	N	Q	S	T	A	V	L	I	F	Y	W	H	M	C	P
0	0.00760	0.00543	0.00760	0.00868	0.00977	0.00543	0.00760	0.00977	0.01085	0.01411	0.02496	0.05319	0.02714	0.01303	0.00651	0.00217	0.00434	0.77315	0.00434	0.00434
1	0.00890	0.00838	0.01414	0.82296	0.03247	0.01048	0.01309	0.01205	0.00943	0.01205	0.00838	0.01257	0.00629	0.00471	0.00471	0.00157	0.00629	0.00419	0.00210	0.00524
2	0.00699	0.00558	0.00641	0.00643	0.00788	0.00538	0.00496	0.01026	0.12452	0.01521	0.20320	0.11412	0.34499	0.01105	0.00563	0.00168	0.00285	0.11362	0.00461	0.00462
3	0.01209	0.00854	0.00998	0.00783	0.01121	0.00776	0.00618	0.05503	0.16558	0.14345	0.01287	0.01406	0.01007	0.05750	0.03795	0.00155	0.00414	0.00402	0.00377	0.42640
4	0.15436	0.01114	0.01247	0.08637	0.01508	0.01247	0.03784	0.34416	0.20997	0.02314	0.01205	0.01240	0.00889	0.00541	0.00443	0.00147	0.00473	0.00423	0.00404	0.03535
5	0.01478	0.00719	0.00912	0.00759	0.01018	0.00674	0.00604	0.05373	0.08284	0.40487	0.20131	0.06002	0.04879	0.00738	0.00494	0.00148	0.00340	0.00622	0.05682	0.00658
6	0.00676	0.00448	0.00590	0.00646	0.00714	0.00412	0.00449	0.00791	0.01016	0.05719	0.17164	0.60078	0.06879	0.01319	0.00584	0.00179	0.00269	0.01185	0.00461	0.00418
7	0.00758	0.00646	0.00682	0.00717	0.00778	0.09195	0.00504	0.00851	0.00877	0.01119	0.01848	0.34830	0.02086	0.19976	0.19023	0.00370	0.00604	0.04403	0.00342	0.00390
8	0.01346	0.00771	0.01167	0.32886	0.05299	0.00807	0.00926	0.01567	0.01096	0.32758	0.01477	0.08401	0.01177	0.05190	0.00595	0.00173	0.00491	0.02868	0.00389	0.00616

[dist]
# distance from previous block
# <min> <max>
0	9

[block]
# block no. 1 follows, 54 sequences, length 13
# corresponding to MSA columns:
# 54-66
name=unknown_B
#
# <colnr> <probs for GDERKNQSTAVLIFYWHMCP>
#	G	D	E	R	K	N	Q	S	T	A	V	L	I	F	Y	W	H	M	C	P
0	0.23866	0.00890	0.01088	0.08622	0.10075	0.00929	0.00779	0.09663	0.02792	0.24965	0.10523	0.01484	0.01253	0.00561	0.00435	0.00146	0.00421	0.00446	0.00412	0.00650
1	0.00917	0.00854	0.01382	0.74694	0.03059	0.01059	0.01257	0.01326	0.08298	0.01276	0.00939	0.01304	0.00704	0.00487	0.00472	0.00157	0.00605	0.00430	0.00235	0.00545
2	0.01602	0.00886	0.01296	0.01267	0.15923	0.00816	0.05173	0.04069	0.04958	0.41952	0.03800	0.05703	0.01217	0.00580	0.00475	0.00141	0.00438	0.00507	0.00453	0.08741
3	0.01041	0.00836	0.00984	0.00706	0.01122	0.00632	0.00566	0.01249	0.00999	0.05968	0.00895	0.01013	0.00725	0.00362	0.00356	0.00074	0.00352	0.00290	0.00296	0.81532
4	0.01113	0.01272	0.02782	0.01987	0.02464	0.01192	0.78776	0.01510	0.01113	0.01510	0.00954	0.01272	0.00715	0.00397	0.00556	0.00159	0.00795	0.00556	0.00238	0.00636
5	0.01580	0.14501	0.01528	0.01239	0.07683	0.47469	0.00911	0.12463	0.01357	0.01434	0.00883	0.05147	0.00775	0.00530	0.00425	0.00126	0.00698	0.00375	0.00278	0.00599
6	0.00970	0.02127	0.64042	0.01278	0.01909	0.01052	0.04897	0.01519	0.05604	0.01527	0.00913	0.01050	0.00663	0.00446	0.00444	0.00142	0.00644	0.00361	0.00226	0.10187
7	0.01485	0.01251	0.01549	0.01873	0.36666	0.14772	0.01109	0.06695	0.04491	0.17214	0.01090	0.01211	0.00828	0.00514	0.00548	0.00144	0.07108	0.00415	0.00328	0.00709
8	0.01176	0.33835	0.08220	0.17139	0.13805	0.04011	0.01087	0.03134	0.05897	0.02728	0.00852	0.01036	0.00697	0.00465	0.00448	0.00132	0.04117	0.00352	0.00239	0.00629
9	0.00658	0.00482	0.00617	0.00583	0.00698	0.00441	0.00437	0.00871	0.01312	0.01837	0.73606	0.03611	0.11116	0.00984	0.00556	0.00149	0.00224	0.00865	0.00512	0.00441
10	0.00978	0.00838	0.00978	0.00698	0.01117	0.00629	0.00559	0.01187	0.00978	0.01536	0.00838	0.00978	0.00698	0.00349	0.00349	0.00070	0.00349	0.00279	0.00279	0.86312
11	0.00673	0.00452	0.00518	0.00530	0.00533	0.00449	0.00303	0.00682	0.00710	0.00946	0.01609	0.11957	0.01870	0.74346	0.02201	0.00428	0.00437	0.00758	0.00303	0.00296
12	0.01196	0.01254	0.02499	0.02025	0.14215	0.01211	0.58387	0.10081	0.01229	0.01677	0.00963	0.01240	0.00730	0.00420	0.00533	0.00154	0.00729	0.00521	0.00264	0.00671

[dist]
# distance from previous block
# <min> <max>
0	1

[block]
# block no. 2 follows, 54 sequences, length 18
# corresponding to MSA columns:
# 68-85
name=unknown_C
#
# <colnr> <probs for GDERKNQSTAVLIFYWHMCP>
#	G	D	E	R	K	N	Q	S	T	A	V	L	I	F	Y	W	H	M	C	P
0	0.01079	0.06482	0.53038	0.01137	0.01730	0.01006	0.01354	0.01502	0.01023	0.08872	0.00928	0.01035	0.00671	0.00438	0.00422	0.00130	0.00588	0.00341	0.00251	0.17971
1	0.00745	0.00589	0.00792	0.11265	0.01125	0.00553	0.04878	0.00927	0.01122	0.06174	0.17311	0.03571	0.47225	0.00978	0.00541	0.00156	0.00327	0.00839	0.00420	0.00460
2	0.00574	0.00410	0.00547	0.00657	0.00684	0.00383	0.00438	0.00657	0.00903	0.01204	0.02599	0.83122	0.03119	0.01477	0.00602	0.00191	0.00274	0.01340	0.00438	0.00383
3	0.00978	0.00838	0.00978	0.00698	0.01117	0.00629	0.00559	0.01187	0.00978	0.01536	0.00838	0.00978	0.00698	0.00349	0.00349	0.00070	0.00349	0.00279	0.00279	0.86312
4	0.00588	0.00421	0.00538	0.00625	0.00658	0.00394	0.00412	0.00662	0.00887	0.01171	0.02609	0.67082	0.08446	0.12136	0.00833	0.00224	0.00295	0.01230	0.00418	0.00371
5	0.12214	0.00893	0.01382	0.52438	0.15831	0.01036	0.01185	0.01347	0.00976	0.07064	0.00896	0.01203	0.00672	0.00466	0.00447	0.00152	0.00566	0.00402	0.00251	0.00580
6	0.00574	0.00410	0.00547	0.00657	0.00684	0.00383	0.00438	0.00657	0.00903	0.01204	0.02599	0.83122	0.03119	0.01477	0.00602	0.00191	0.00274	0.01340	0.00438	0.00383
7	0.01085	0.01037	0.01766	0.26309	0.57711	0.01099	0.01406	0.01376	0.01035	0.01441	0.00872	0.01194	0.00712	0.00435	0.00468	0.00145	0.00580	0.00420	0.00226	0.00681
8	0.01613	0.14192	0.08928	0.01162	0.01476	0.59207	0.00973	0.04793	0.01283	0.01250	0.00745	0.00861	0.00614	0.00473	0.00411	0.00122	0.00772	0.00305	0.00242	0.00579
9	0.01065	0.01019	0.01530	0.23167	0.01948	0.01247	0.11225	0.04694	0.17582	0.01456	0.01018	0.01282	0.00815	0.00624	0.00857	0.00174	0.28963	0.00459	0.00280	0.00594
10	0.00667	0.00482	0.00630	0.00593	0.00704	0.00445	0.00445	0.00890	0.01335	0.01891	0.80239	0.03522	0.04449	0.00964	0.00556	0.00148	0.00222	0.00853	0.00519	0.00445
11	0.01792	0.01321	0.01415	0.01085	0.01462	0.01462	0.00896	0.78916	0.02217	0.02972	0.01132	0.01132	0.00802	0.00566	0.00472	0.00142	0.00519	0.00425	0.00472	0.00802
12	0.75607	0.00925	0.00742	0.00664	0.00953	0.01073	0.00541	0.01532	0.11075	0.02097	0.00821	0.00895	0.00632	0.00464	0.00316	0.00148	0.00366	0.00292	0.00316	0.00541
13	0.01167	0.01120	0.01914	0.02894	0.80488	0.01120	0.01447	0.01447	0.01074	0.01540	0.00887	0.01167	0.00747	0.00420	0.00467	0.00140	0.00560	0.00420	0.00233	0.00747
14	0.11356	0.00879	0.01062	0.11452	0.01410	0.00932	0.00756	0.09572	0.18170	0.27734	0.08845	0.03163	0.01386	0.00615	0.00464	0.00151	0.00413	0.00501	0.00459	0.00679
15	0.11070	0.63272	0.02014	0.00766	0.01107	0.01579	0.00724	0.01310	0.00933	0.01238	0.00909	0.11490	0.00922	0.00547	0.00340	0.00118	0.00458	0.00394	0.00243	0.00565
16	0.06090	0.01346	0.01455	0.01452	0.18437	0.11756	0.00984	0.43553	0.01730	0.07066	0.01046	0.01112	0.00772	0.00519	0.00455	0.00139	0.00556	0.00402	0.00388	0.00742
17	0.37400	0.00999	0.05408	0.00854	0.01146	0.01022	0.05360	0.08297	0.17451	0.02003	0.08544	0.07185	0.01300	0.00612	0.00418	0.00153	0.00405	0.00484	0.00370	0.00588

[dist]
# distance from previous block
# <min> <max>
0	1

[block]
# block no. 3 follows, 54 sequences, length 77
# corresponding to MSA columns:
# 87-163
name=unknown_D
#
# <colnr> <probs for GDERKNQSTAVLIFYWHMCP>
#	G	D	E	R	K	N	Q	S	T	A	V	L	I	F	Y	W	H	M	C	P
0	0.01610	0.05553	0.05479	0.11403	0.01702	0.05703	0.00985	0.56169	0.01872	0.03380	0.01043	0.01112	0.00753	0.00536	0.00459	0.00141	0.00557	0.00405	0.00400	0.00738
1	0.01246	0.69897	0.02292	0.00960	0.06425	0.01746	0.00843	0.01525	0.08943	0.01225	0.00799	0.00885	0.00699	0.00428	0.00331	0.00109	0.00495	0.00292	0.00232	0.00629
2	0.00691	0.00487	0.00638	0.00597	0.00713	0.00449	0.00449	0.00913	0.01335	0.03185	0.78954	0.03491	0.04395	0.00958	0.00555	0.00148	0.00225	0.00846	0.00520	0.00451
3	0.01781	0.00813	0.01060	0.00798	0.01178	0.00674	0.00653	0.01971	0.01240	0.57495	0.01559	0.01420	0.01029	0.00515	0.00437	0.00124	0.00386	0.00417	0.00494	0.25955
4	0.00879	0.00439	0.00439	0.00439	0.00549	0.00439	0.00330	0.01099	0.00989	0.01758	0.01538	0.01758	0.01209	0.00549	0.00330	0.00110	0.00220	0.00439	0.86047	0.00439
5	0.00643	0.00520	0.00831	0.00826	0.00910	0.00486	0.10388	0.00765	0.00929	0.01243	0.02390	0.72726	0.02813	0.01340	0.00596	0.00187	0.00340	0.01241	0.00412	0.00415
6	0.01098	0.01227	0.02533	0.01848	0.02236	0.01239	0.64314	0.01440	0.01040	0.01440	0.00892	0.01227	0.00697	0.00477	0.00741	0.00168	0.16006	0.00530	0.00232	0.00614
7	0.00946	0.02439	0.80987	0.01344	0.02041	0.01095	0.01742	0.01493	0.00995	0.01493	0.00846	0.00995	0.00597	0.00448	0.00448	0.00149	0.00697	0.00348	0.00199	0.00697
8	0.00705	0.00504	0.00697	0.00806	0.00891	0.00496	0.00665	0.00883	0.01032	0.01350	0.02527	0.28205	0.02833	0.01354	0.00637	0.00210	0.00387	0.54966	0.00435	0.00419
9	0.28745	0.01077	0.01279	0.01002	0.01354	0.01153	0.10620	0.25891	0.07961	0.14758	0.01139	0.01161	0.00809	0.00513	0.00426	0.00147	0.00474	0.00404	0.00403	0.00684
10	0.00806	0.00730	0.00758	0.00707	0.00852	0.10762	0.02497	0.01002	0.01269	0.01651	0.50173	0.03419	0.16408	0.00951	0.00546	0.00152	0.00334	0.06071	0.00457	0.00454
11	0.00584	0.00417	0.00558	0.00667	0.00699	0.00391	0.00454	0.00673	0.00912	0.01214	0.02594	0.79190	0.03098	0.01468	0.00604	0.00193	0.00282	0.05179	0.00438	0.00386
12	0.00669	0.00460	0.00510	0.00510	0.00530	0.00450	0.00295	0.00685	0.00735	0.00960	0.01904	0.03270	0.11695	0.72985	0.02166	0.00419	0.00429	0.00725	0.00305	0.00300
13	0.01926	0.00941	0.01160	0.00907	0.01262	0.00919	0.00743	0.18811	0.11480	0.54050	0.01711	0.01523	0.01123	0.00587	0.00474	0.00147	0.00423	0.00471	0.00546	0.00795
14	0.01122	0.00587	0.00736	0.00818	0.10812	0.00568	0.00532	0.01343	0.01060	0.14944	0.01509	0.01657	0.01143	0.00539	0.00371	0.00120	0.00293	0.00443	0.60863	0.00539
15	0.00603	0.00431	0.00580	0.00689	0.00729	0.00408	0.00487	0.00706	0.00931	0.01236	0.02583	0.71137	0.03056	0.01450	0.00609	0.00195	0.00298	0.13044	0.00437	0.00391
16	0.01287	0.01080	0.01810	0.02633	0.70418	0.01066	0.01351	0.01555	0.01109	0.11609	0.01011	0.01223	0.00800	0.00441	0.00468	0.00141	0.00540	0.00427	0.00278	0.00754
17	0.07215	0.47513	0.04160	0.00986	0.01373	0.01536	0.10699	0.01652	0.14984	0.04361	0.00968	0.01039	0.00782	0.00455	0.00376	0.00125	0.00509	0.00352	0.00276	0.00637
18	0.01667	0.01948	0.01337	0.01192	0.01404	0.62852	0.00915	0.01790	0.01237	0.06709	0.00790	0.00932	0.00648	0.00548	0.00611	0.00137	0.14127	0.00333	0.00261	0.00559
19	0.01106	0.43703	0.41123	0.01071	0.01619	0.01486	0.01267	0.01452	0.00976	0.01298	0.00749	0.00874	0.00601	0.00425	0.00374	0.00125	0.00599	0.00300	0.00200	0.00650
20	0.00686	0.00457	0.00514	0.00514	0.00514	0.00457	0.00286	0.00686	0.00686	0.00914	0.01486	0.03086	0.01714	0.83430	0.02400	0.00457	0.00457	0.00686	0.00286	0.00286
21	0.01251	0.15139	0.01246	0.00898	0.01120	0.34112	0.00709	0.01448	0.03258	0.02605	0.31057	0.01887	0.02100	0.00660	0.00457	0.00130	0.00535	0.00513	0.00352	0.00526
22	0.00967	0.02291	0.71054	0.01426	0.02095	0.01107	0.11526	0.01495	0.01010	0.01495	0.00860	0.01031	0.00612	0.00442	0.00462	0.00151	0.00709	0.00375	0.00204	0.00689
23	0.01467	0.04249	0.01694	0.02003	0.42709	0.01248	0.01167	0.30533	0.01516	0.07273	0.01034	0.01167	0.00790	0.00485	0.00463	0.00140	0.00532	0.00419	0.00345	0.00766
24	0.00819	0.00603	0.00709	0.00721	0.00803	0.05829	0.00520	0.00929	0.00879	0.06672	0.01768	0.27819	0.01895	0.16800	0.28361	0.00424	0.00694	0.02992	0.00345	0.00420
25	0.00879	0.00439	0.00439	0.00439	0.00549	0.00439	0.00330	0.01099	0.00989	0.01758	0.01538	0.01758	0.01209	0.00549	0.00330	0.00110	0.00220	0.00439	0.86047	0.00439
26	0.01348	0.02343	0.11514	0.01390	0.14599	0.09743	0.01062	0.08878	0.01160	0.13807	0.03791	0.01210	0.00879	0.00583	0.00718	0.00152	0.20462	0.00411	0.00313	0.05637
27	0.01221	0.01241	0.01801	0.08940	0.64362	0.11328	0.01368	0.01483	0.01097	0.01465	0.00863	0.01134	0.00720	0.00433	0.00462	0.00139	0.00602	0.00405	0.00233	0.00704
28	0.00946	0.02439	0.80987	0.01344	0.02041	0.01095	0.01742	0.01493	0.00995	0.01493	0.00846	0.00995	0.00597	0.00448	0.00448	0.00149	0.00697	0.00348	0.00199	0.00697
29	0.00581	0.00479	0.00510	0.00503	0.00651	0.00408	0.00377	0.00723	0.01131	0.01407	0.21015	0.04319	0.63975	0.01145	0.00557	0.00157	0.00235	0.00964	0.00455	0.00408
30	0.16586	0.10863	0.05653	0.01317	0.11498	0.04855	0.10193	0.22421	0.07925	0.01987	0.00968	0.01076	0.00742	0.00485	0.00439	0.00141	0.01461	0.00389	0.00324	0.00676
31	0.01542	0.01232	0.01817	0.02382	0.01781	0.11407	0.31650	0.07286	0.09070	0.24936	0.01298	0.01354	0.00911	0.00500	0.00501	0.00149	0.00623	0.00486	0.00380	0.00695
32	0.00645	0.00440	0.00526	0.00566	0.00576	0.00430	0.00341	0.00675	0.00765	0.01020	0.01891	0.32213	0.02225	0.53605	0.01745	0.00360	0.00390	0.00924	0.00341	0.00321
33	0.01224	0.01340	0.02256	0.02217	0.31546	0.11373	0.38946	0.02506	0.01140	0.01495	0.00902	0.01177	0.00715	0.00419	0.00505	0.00147	0.00711	0.00472	0.00240	0.00668
34	0.01226	0.01292	0.01723	0.19107	0.45909	0.17215	0.03909	0.01486	0.01100	0.01392	0.00847	0.01126	0.00693	0.00443	0.00462	0.00141	0.00640	0.00401	0.00230	0.00656
35	0.01243	0.00546	0.00632	0.00557	0.00742	0.00514	0.00436	0.01451	0.01095	0.25013	0.01633	0.01713	0.01196	0.00559	0.00372	0.00120	0.00273	0.00450	0.60907	0.00546
36	0.00798	0.00652	0.00884	0.00836	0.00920	0.00791	0.00649	0.01084	0.10762	0.01192	0.01264	0.01843	0.01179	0.11792	0.48895	0.00556	0.14648	0.00514	0.00277	0.00463
37	0.01034	0.01130	0.09664	0.02279	0.57146	0.00982	0.01273	0.01317	0.01083	0.01525	0.06594	0.01733	0.11079	0.00557	0.00482	0.00144	0.00511	0.00514	0.00275	0.00678
38	0.03664	0.00691	0.05919	0.00656	0.00810	0.02261	0.00531	0.01066	0.06565	0.01617	0.33326	0.02756	0.06572	0.13198	0.05330	0.00225	0.00379	0.01671	0.12305	0.00459
39	0.01059	0.00647	0.00842	0.00757	0.00906	0.00687	0.00576	0.10966	0.01026	0.14617	0.01397	0.02001	0.01251	0.20877	0.39664	0.00509	0.00841	0.00531	0.00343	0.00502
40	0.00847	0.00783	0.08963	0.00914	0.01065	0.00684	0.01664	0.01045	0.00995	0.06198	0.02064	0.26234	0.02231	0.01151	0.00718	0.00197	0.10849	0.32528	0.00389	0.00481
41	0.04007	0.56825	0.17352	0.00877	0.01306	0.01544	0.00936	0.01363	0.00985	0.01265	0.04951	0.01134	0.04820	0.00482	0.00356	0.00117	0.00509	0.00339	0.00232	0.00601
42	0.02310	0.01096	0.01888	0.25935	0.20298	0.02295	0.24035	0.06207	0.08238	0.01560	0.00995	0.01266	0.00763	0.00459	0.00493	0.00152	0.00632	0.00466	0.00266	0.00645
43	0.01168	0.01015	0.01682	0.02457	0.65117	0.01008	0.01250	0.01406	0.01042	0.06673	0.01027	0.01439	0.00897	0.10974	0.00713	0.00181	0.00537	0.00457	0.00263	0.00692
44	0.01051	0.00849	0.01283	0.06576	0.12061	0.00875	0.12280	0.05103	0.13556	0.06497	0.01447	0.04016	0.01335	0.25058	0.01068	0.00247	0.00513	0.05288	0.00338	0.00558
45	0.01179	0.01507	0.35454	0.01226	0.06026	0.00906	0.06595	0.01601	0.06079	0.18646	0.04403	0.11732	0.01258	0.00635	0.00488	0.00155	0.00540	0.00551	0.00347	0.00672
46	0.01470	0.14953	0.11718	0.01500	0.23909	0.01060	0.02681	0.01722	0.01137	0.29922	0.01264	0.04581	0.00951	0.00522	0.00447	0.00139	0.00504	0.00443	0.00358	0.00720
47	0.01167	0.01120	0.01914	0.02894	0.80488	0.01120	0.01447	0.01447	0.01074	0.01540	0.00887	0.01167	0.00747	0.00420	0.00467	0.00140	0.00560	0.00420	0.00233	0.00747
48	0.01148	0.01236	0.21706	0.01579	0.25669	0.00865	0.02017	0.01439	0.01072	0.15913	0.01466	0.17212	0.01341	0.00705	0.00500	0.00158	0.00507	0.04473	0.00338	0.00657
49	0.01111	0.01309	0.16890	0.09414	0.06808	0.02820	0.01049	0.02092	0.49381	0.01755	0.01506	0.01500	0.01128	0.00567	0.00471	0.00155	0.00485	0.00473	0.00376	0.00710
50	0.01156	0.06810	0.01136	0.11188	0.01348	0.14391	0.00750	0.17910	0.01434	0.01823	0.29917	0.02139	0.06663	0.00710	0.00488	0.00141	0.00463	0.00580	0.00397	0.00557
51	0.04417	0.01590	0.01392	0.16905	0.07300	0.35047	0.01008	0.23504	0.01473	0.01737	0.00873	0.01028	0.00673	0.00500	0.00446	0.00136	0.00677	0.00367	0.00302	0.00627
52	0.15409	0.01048	0.01810	0.01712	0.20916	0.01033	0.31427	0.01430	0.03741	0.04426	0.01439	0.01605	0.10837	0.00526	0.00485	0.00152	0.00567	0.00525	0.00292	0.00622
53	0.72379	0.00961	0.05958	0.00671	0.00963	0.00992	0.00584	0.01319	0.00825	0.01982	0.00866	0.09131	0.00781	0.00544	0.00333	0.00151	0.00377	0.00371	0.00300	0.00510
54	0.03760	0.00806	0.10795	0.00670	0.00881	0.03308	0.00598	0.00916	0.01107	0.01467	0.22312	0.03538	0.37227	0.05622	0.00638	0.00173	0.00341	0.04981	0.00407	0.00452
55	0.00618	0.00470	0.00570	0.00576	0.00688	0.00422	0.00426	0.00781	0.01163	0.01548	0.38728	0.18087	0.29206	0.01143	0.00568	0.00162	0.00244	0.03707	0.00475	0.00418
56	0.01117	0.00991	0.01532	0.01376	0.11490	0.01012	0.20041	0.14436	0.15017	0.01947	0.23736	0.01961	0.01924	0.00632	0.00517	0.00151	0.00482	0.00597	0.00399	0.00643
57	0.01209	0.00855	0.01004	0.00773	0.01141	0.00744	0.00617	0.01642	0.17002	0.15745	0.03955	0.01335	0.01060	0.00471	0.00405	0.00104	0.00359	0.00385	0.00382	0.50812
58	0.86760	0.00912	0.00693	0.00620	0.00912	0.01058	0.00511	0.01386	0.00802	0.02115	0.00657	0.00766	0.00511	0.00438	0.00292	0.00146	0.00365	0.00255	0.00292	0.00511
59	0.01270	0.01250	0.01471	0.12670	0.28560	0.15649	0.01080	0.09856	0.08054	0.01606	0.00970	0.01160	0.00775	0.00530	0.02140	0.00145	0.00589	0.00393	0.00285	0.11547
60	0.01431	0.22322	0.03977	0.01385	0.15560	0.34616	0.00984	0.01754	0.11130	0.01326	0.00893	0.01003	0.00737	0.00472	0.00409	0.00125	0.00646	0.00342	0.00260	0.00627
61	0.00574	0.00410	0.00547	0.00657	0.00684	0.00383	0.00438	0.00657	0.00903	0.01204	0.02599	0.83122	0.03119	0.01477	0.00602	0.00191	0.00274	0.01340	0.00438	0.00383
62	0.01626	0.01979	0.01382	0.01402	0.11472	0.63175	0.00962	0.01891	0.09242	0.01286	0.00870	0.00983	0.00709	0.00493	0.00436	0.00128	0.00765	0.00342	0.00266	0.00592
63	0.00899	0.00684	0.00896	0.00805	0.00981	0.00740	0.00637	0.13935	0.01030	0.01464	0.01187	0.01621	0.01055	0.02635	0.57693	0.00567	0.01023	0.00463	0.00293	0.11394
64	0.01039	0.01011	0.01502	0.10722	0.48817	0.06234	0.01156	0.01272	0.01060	0.01411	0.01539	0.09893	0.11069	0.00635	0.00490	0.00148	0.00517	0.00579	0.00278	0.00629
65	0.01096	0.01217	0.02553	0.01824	0.02293	0.01121	0.68841	0.01469	0.01096	0.01514	0.00939	0.01235	0.00713	0.00391	0.00530	0.00148	0.00738	0.00521	0.00244	0.11518
66	0.00574	0.00410	0.00547	0.00657	0.00684	0.00383	0.00438	0.00657	0.00903	0.01204	0.02599	0.83122	0.03119	0.01477	0.00602	0.00191	0.00274	0.01340	0.00438	0.00383
67	0.01700	0.02148	0.01296	0.01180	0.01415	0.76976	0.00885	0.01827	0.01336	0.01195	0.05200	0.01001	0.00823	0.00513	0.00433	0.00123	0.00815	0.00335	0.00258	0.00541
68	0.01174	0.01055	0.01784	0.16050	0.63119	0.01084	0.01382	0.01454	0.01067	0.05942	0.00933	0.01207	0.00751	0.00438	0.00468	0.00143	0.00563	0.00423	0.00249	0.00713
69	0.00753	0.00517	0.00749	0.00727	0.00833	0.00564	0.00564	0.00934	0.00915	0.05749	0.18291	0.02198	0.01882	0.02817	0.59570	0.00592	0.00991	0.00578	0.00329	0.00448
70	0.00674	0.00491	0.00652	0.00749	0.00818	0.00484	0.00569	0.00874	0.05395	0.01320	0.02524	0.50951	0.02880	0.01368	0.00612	0.00199	0.00336	0.28241	0.00439	0.00422
71	0.00999	0.05588	0.01632	0.52577	0.27586	0.01117	0.01325	0.01293	0.00985	0.01306	0.00843	0.01200	0.00665	0.00451	0.00460	0.00149	0.00600	0.00410	0.00217	0.00599
72	0.01195	0.01149	0.01521	0.36082	0.21471	0.14124	0.04078	0.04082	0.01110	0.05827	0.00976	0.04526	0.00795	0.00509	0.00471	0.00147	0.00623	0.00447	0.00261	0.00605
73	0.00700	0.00509	0.00664	0.00653	0.00686	0.00566	0.00449	0.00774	0.00717	0.00999	0.01348	0.02476	0.01438	0.46773	0.34070	0.00563	0.05398	0.00598	0.00268	0.00353
74	0.00955	0.00814	0.00954	0.00696	0.01093	0.00615	0.00552	0.01157	0.00974	0.01518	0.00937	0.05597	0.00834	0.00413	0.00363	0.00077	0.00345	0.00339	0.00288	0.81480
75	0.01342	0.01423	0.01150	0.01021	0.01261	0.33083	0.03526	0.11123	0.18208	0.01585	0.01746	0.09905	0.11190	0.00716	0.00482	0.00145	0.00569	0.00570	0.00366	0.00588
76	0.01274	0.01058	0.01340	0.01246	0.14545	0.01017	0.03732	0.25022	0.05800	0.01998	0.01001	0.01111	0.00780	0.00445	0.00421	0.00112	0.00454	0.00372	0.00340	0.37931

[dist]
# distance from previous block
# <min> <max>
0	40

# created by:
# /st0/software/busco_prod/Augustus/scripts/msa2prfl.pl ./align_prep/69541.fa
