[name]
unknown

[dist]
# distance from previous block
# <min> <max>
0	34

[block]
# block no. 0 follows, 54 sequences, length 50
# corresponding to MSA columns:
# 39-88
name=unknown_A
#
# <colnr> <probs for GDERKNQSTAVLIFYWHMCP>
#	G	D	E	R	K	N	Q	S	T	A	V	L	I	F	Y	W	H	M	C	P
0	0.01364	0.14862	0.17707	0.01257	0.08557	0.10903	0.02428	0.20494	0.08261	0.03848	0.01083	0.01300	0.00863	0.00535	0.00445	0.00140	0.00580	0.04363	0.00322	0.00687
1	0.05147	0.01022	0.04663	0.15634	0.44296	0.02509	0.01192	0.01312	0.01059	0.02857	0.06397	0.03188	0.07615	0.00555	0.00474	0.00146	0.00516	0.00502	0.00277	0.00637
2	0.05560	0.12924	0.37226	0.01181	0.06367	0.02995	0.01213	0.09278	0.05656	0.03024	0.03740	0.01263	0.03659	0.00513	0.00429	0.00140	0.00558	0.00397	0.03217	0.00662
3	0.03266	0.15396	0.33203	0.01166	0.05660	0.02655	0.03840	0.01651	0.01095	0.21885	0.01263	0.01293	0.04576	0.00509	0.00436	0.00140	0.00558	0.00404	0.00316	0.00688
4	0.01034	0.00647	0.04549	0.00682	0.00885	0.00517	0.00551	0.01197	0.01144	0.23680	0.14426	0.22682	0.24080	0.01022	0.00539	0.00161	0.00312	0.00882	0.00479	0.00529
5	0.29247	0.00971	0.05023	0.01002	0.13069	0.07429	0.00697	0.02458	0.00995	0.03594	0.01049	0.01216	0.00821	0.00483	0.00357	0.00131	0.00404	0.00361	0.30147	0.00545
6	0.06056	0.01756	0.32066	0.01408	0.01894	0.12362	0.25071	0.01531	0.01084	0.05271	0.01072	0.04436	0.02821	0.00504	0.00479	0.00150	0.00687	0.00463	0.00257	0.00631
7	0.00574	0.00410	0.00547	0.00657	0.00684	0.00383	0.00438	0.00657	0.00903	0.01204	0.02599	0.83122	0.03119	0.01477	0.00602	0.00191	0.00274	0.01340	0.00438	0.00383
8	0.00676	0.00506	0.00740	0.00803	0.00886	0.00486	0.04320	0.00830	0.00995	0.01317	0.04324	0.46501	0.02875	0.01344	0.00618	0.00199	0.00361	0.31373	0.00429	0.00417
9	0.01261	0.83713	0.02471	0.00807	0.01210	0.01866	0.00807	0.01412	0.00958	0.01109	0.00656	0.00756	0.00605	0.00403	0.00303	0.00101	0.00504	0.00252	0.00202	0.00605
10	0.01425	0.06338	0.01628	0.01914	0.40963	0.03995	0.01108	0.14481	0.02935	0.14672	0.02434	0.03971	0.00964	0.00521	0.00463	0.00140	0.00515	0.00455	0.00345	0.00732
11	0.00582	0.00419	0.00554	0.00656	0.00692	0.00390	0.00446	0.00673	0.00925	0.01230	0.04613	0.75990	0.05723	0.01449	0.00601	0.00190	0.00276	0.03764	0.00440	0.00387
12	0.00672	0.00510	0.00698	0.00726	0.00809	0.00555	0.00540	0.00894	0.06495	0.01202	0.01911	0.28323	0.05601	0.02549	0.45614	0.00503	0.00829	0.00801	0.00338	0.00431
13	0.00571	0.00426	0.00531	0.00616	0.00673	0.00386	0.00420	0.00661	0.00942	0.01220	0.03096	0.65188	0.20732	0.01413	0.00592	0.00184	0.00266	0.01262	0.00438	0.00386
14	0.01214	0.27983	0.27794	0.01253	0.04780	0.12375	0.07399	0.04161	0.01067	0.01355	0.00775	0.00936	0.00625	0.00463	0.00481	0.00134	0.06012	0.00338	0.00220	0.00636
15	0.01028	0.00771	0.00912	0.00875	0.01060	0.00819	0.00713	0.20139	0.12120	0.01847	0.04893	0.16326	0.05078	0.01044	0.00569	0.00182	0.00406	0.30206	0.00453	0.00557
16	0.00606	0.00423	0.00538	0.00617	0.00636	0.00404	0.00395	0.00665	0.00842	0.01122	0.02286	0.60661	0.02724	0.24475	0.01106	0.00266	0.00325	0.01157	0.00395	0.00356
17	0.01077	0.22462	0.28271	0.01151	0.01497	0.04233	0.01196	0.01343	0.00896	0.01248	0.00725	0.00965	0.00622	0.00651	0.02897	0.00172	0.29443	0.00349	0.00205	0.00598
18	0.00574	0.00410	0.00547	0.00657	0.00684	0.00383	0.00438	0.00657	0.00903	0.01204	0.02599	0.83122	0.03119	0.01477	0.00602	0.00191	0.00274	0.01340	0.00438	0.00383
19	0.00618	0.00490	0.00563	0.00573	0.00713	0.00434	0.00449	0.00779	0.01136	0.01440	0.21715	0.04443	0.49118	0.01160	0.00574	0.00167	0.00270	0.14486	0.00456	0.00415
20	0.00946	0.02439	0.80987	0.01344	0.02041	0.01095	0.01742	0.01493	0.00995	0.01493	0.00846	0.00995	0.00597	0.00448	0.00448	0.00149	0.00697	0.00348	0.00199	0.00697
21	0.01149	0.10664	0.23789	0.10272	0.02182	0.01180	0.33734	0.01532	0.01066	0.08506	0.00960	0.01167	0.00702	0.00437	0.00482	0.00149	0.00683	0.00444	0.00251	0.00652
22	0.01126	0.27360	0.12830	0.01180	0.01480	0.01472	0.10105	0.05034	0.00953	0.01306	0.00747	0.01000	0.00650	0.00668	0.03497	0.00175	0.29229	0.00374	0.00222	0.00593
23	0.00937	0.00778	0.00933	0.00831	0.01035	0.00838	0.03713	0.01720	0.40388	0.01916	0.38013	0.02553	0.02799	0.00780	0.00518	0.00155	0.00320	0.00681	0.00488	0.00603
24	0.01166	0.01364	0.12143	0.11416	0.12235	0.06432	0.31629	0.04174	0.07494	0.04083	0.02558	0.01283	0.00835	0.00464	0.00501	0.00151	0.00669	0.00476	0.00273	0.00655
25	0.00852	0.00548	0.00663	0.00644	0.00764	0.00547	0.03162	0.08849	0.01088	0.01643	0.01993	0.33086	0.04534	0.00924	0.00464	0.00148	0.00292	0.00807	0.38532	0.00460
26	0.04547	0.01010	0.01539	0.40808	0.26534	0.01141	0.01249	0.14578	0.01195	0.01646	0.00896	0.01189	0.00690	0.00471	0.00463	0.00149	0.00578	0.00414	0.00265	0.00639
27	0.00750	0.00661	0.00984	0.00824	0.01027	0.00620	0.13839	0.01063	0.07954	0.01624	0.34392	0.03329	0.29220	0.00917	0.00550	0.00155	0.00339	0.00823	0.00440	0.00488
28	0.01463	0.26398	0.11428	0.01124	0.02944	0.41192	0.00981	0.01727	0.06302	0.01243	0.00802	0.00906	0.00663	0.00466	0.00396	0.00122	0.00692	0.00311	0.00241	0.00599
29	0.00565	0.00466	0.00497	0.00514	0.00648	0.00397	0.00376	0.00682	0.01056	0.01288	0.07681	0.18421	0.63310	0.01234	0.00565	0.00164	0.00244	0.01050	0.00441	0.00397
30	0.02571	0.06865	0.67636	0.01253	0.01895	0.01100	0.01569	0.01562	0.01023	0.08927	0.00927	0.01035	0.00650	0.00458	0.00439	0.00146	0.00652	0.00353	0.00237	0.00698
31	0.01026	0.00917	0.01514	0.55123	0.18164	0.01059	0.03538	0.01399	0.06377	0.04911	0.00971	0.01290	0.00734	0.00476	0.00474	0.00154	0.00592	0.00434	0.00250	0.00599
32	0.00936	0.00788	0.01830	0.02090	0.00973	0.06494	0.00598	0.11045	0.11649	0.02875	0.05533	0.40822	0.09224	0.01075	0.00541	0.00168	0.00367	0.00937	0.01541	0.00514
33	0.01362	0.01322	0.01136	0.01026	0.01278	0.23614	0.00803	0.08878	0.39401	0.03638	0.01560	0.01809	0.01268	0.00716	0.02159	0.00165	0.00545	0.08256	0.00406	0.00658
34	0.01699	0.01532	0.01286	0.01203	0.07501	0.35707	0.00873	0.08927	0.14790	0.19901	0.01242	0.01230	0.00907	0.00537	0.00453	0.00137	0.00613	0.00402	0.00382	0.00678
35	0.01543	0.14209	0.22117	0.01075	0.01531	0.04682	0.01069	0.31287	0.01530	0.14872	0.01086	0.01104	0.00770	0.00510	0.00438	0.00137	0.00558	0.00381	0.00368	0.00734
36	0.86760	0.00912	0.00693	0.00620	0.00912	0.01058	0.00511	0.01386	0.00802	0.02115	0.00657	0.00766	0.00511	0.00438	0.00292	0.00146	0.00365	0.00255	0.00292	0.00511
37	0.01456	0.01100	0.01937	0.01495	0.04963	0.03979	0.38650	0.04262	0.03850	0.26907	0.01356	0.05611	0.01009	0.00531	0.00519	0.00154	0.00612	0.00551	0.00375	0.00686
38	0.00593	0.00447	0.00554	0.00631	0.00708	0.00408	0.00455	0.00704	0.00977	0.01251	0.03234	0.49746	0.26027	0.01371	0.00595	0.00185	0.00284	0.10999	0.00437	0.00394
39	0.00809	0.13473	0.10870	0.00814	0.01001	0.05357	0.00710	0.00973	0.00963	0.01240	0.01970	0.49094	0.02245	0.01114	0.00531	0.00171	0.00408	0.07427	0.00361	0.00469
40	0.00589	0.00424	0.00562	0.00667	0.00706	0.00397	0.00461	0.00684	0.00924	0.01223	0.02671	0.73783	0.05950	0.01452	0.00604	0.00192	0.00286	0.07598	0.00437	0.00388
41	0.02115	0.00802	0.01094	0.00839	0.01204	0.00693	0.00693	0.02298	0.01350	0.80815	0.01860	0.01605	0.01167	0.00584	0.00474	0.00146	0.00401	0.00474	0.00584	0.00802
42	0.01052	0.01017	0.01644	0.24719	0.36916	0.01189	0.01294	0.01293	0.00940	0.01334	0.00799	0.01155	0.00678	0.00546	0.00767	0.00163	0.23237	0.00418	0.00219	0.00620
43	0.01270	0.01012	0.01085	0.00957	0.01236	0.01152	0.00750	0.06153	0.70293	0.07693	0.01877	0.01718	0.01389	0.00632	0.00479	0.00158	0.00382	0.00524	0.00487	0.00753
44	0.00915	0.00863	0.01459	0.75209	0.10141	0.01054	0.01322	0.01226	0.00954	0.01235	0.00842	0.01249	0.00639	0.00467	0.00471	0.00156	0.00622	0.00419	0.00212	0.00544
45	0.00681	0.00475	0.00604	0.00604	0.00636	0.00506	0.00398	0.00744	0.00712	0.00981	0.01403	0.02629	0.01516	0.53861	0.31697	0.00568	0.00755	0.00619	0.00273	0.00336
46	0.01023	0.01001	0.01403	0.01135	0.01413	0.06585	0.22546	0.03337	0.24718	0.01639	0.10091	0.07474	0.14070	0.00735	0.00525	0.00157	0.00485	0.00680	0.00390	0.00593
47	0.01190	0.05132	0.02189	0.02001	0.24959	0.01236	0.34588	0.05486	0.02352	0.03795	0.00926	0.01195	0.00735	0.00479	0.00642	0.00156	0.11544	0.00473	0.00257	0.00666
48	0.86760	0.00912	0.00693	0.00620	0.00912	0.01058	0.00511	0.01386	0.00802	0.02115	0.00657	0.00766	0.00511	0.00438	0.00292	0.00146	0.00365	0.00255	0.00292	0.00511
49	0.25268	0.00980	0.01152	0.00910	0.01257	0.00991	0.08230	0.16745	0.04982	0.05556	0.01083	0.01380	0.00881	0.00520	0.00413	0.00133	0.00440	0.06335	0.00352	0.22391

[dist]
# distance from previous block
# <min> <max>
0	1

[block]
# block no. 1 follows, 54 sequences, length 11
# corresponding to MSA columns:
# 90-100
name=unknown_B
#
# <colnr> <probs for GDERKNQSTAVLIFYWHMCP>
#	G	D	E	R	K	N	Q	S	T	A	V	L	I	F	Y	W	H	M	C	P
0	0.01372	0.01579	0.01875	0.03475	0.06092	0.31869	0.29015	0.04966	0.03745	0.01416	0.00924	0.01223	0.00756	0.00509	0.00569	0.00148	0.06785	0.02820	0.00261	0.00601
1	0.01617	0.01030	0.01158	0.00942	0.01264	0.01104	0.00760	0.28185	0.28466	0.23245	0.01617	0.01506	0.01139	0.00595	0.00467	0.00147	0.00422	0.00476	0.05097	0.00764
2	0.00698	0.00492	0.00609	0.00578	0.00708	0.00441	0.00434	0.00888	0.01255	0.05044	0.55356	0.06750	0.22946	0.01024	0.00555	0.00153	0.00236	0.00891	0.00499	0.00446
3	0.04483	0.01246	0.01323	0.01035	0.01389	0.01385	0.00849	0.66086	0.09830	0.02802	0.01209	0.01204	0.00870	0.00569	0.00462	0.00142	0.00489	0.00430	0.03423	0.00774
4	0.06777	0.00849	0.00983	0.00871	0.03335	0.00880	0.00667	0.12576	0.20972	0.20295	0.15602	0.04981	0.07732	0.00726	0.00489	0.00152	0.00365	0.00603	0.00486	0.00660
5	0.01674	0.00852	0.01057	0.00844	0.01150	0.00828	0.00684	0.17087	0.07412	0.42820	0.18350	0.01930	0.01812	0.00665	0.00491	0.00147	0.00384	0.00549	0.00540	0.00722
6	0.01113	0.01252	0.02671	0.02014	0.07386	0.01198	0.70582	0.01491	0.01094	0.01496	0.00936	0.01255	0.00713	0.00417	0.00592	0.00160	0.04214	0.00542	0.00237	0.00638
7	0.00567	0.00441	0.00516	0.00575	0.00663	0.00390	0.00402	0.00666	0.00981	0.01236	0.03589	0.47394	0.38207	0.01348	0.00582	0.00177	0.00258	0.01183	0.00438	0.00390
8	0.00978	0.00838	0.00978	0.00698	0.01117	0.00629	0.00559	0.01187	0.00978	0.01536	0.00838	0.00978	0.00698	0.00349	0.00349	0.00070	0.00349	0.00279	0.00279	0.86312
9	0.05889	0.00986	0.01049	0.00929	0.01207	0.01118	0.00728	0.02424	0.67535	0.09881	0.01845	0.01690	0.01362	0.00623	0.00469	0.00158	0.00376	0.00512	0.00480	0.00739
10	0.00993	0.12282	0.68291	0.01340	0.05050	0.01190	0.01616	0.01481	0.00994	0.01448	0.00825	0.00973	0.00604	0.00441	0.00431	0.00143	0.00668	0.00340	0.00201	0.00688

[dist]
# distance from previous block
# <min> <max>
0	2

[block]
# block no. 2 follows, 54 sequences, length 15
# corresponding to MSA columns:
# 103-117
name=unknown_C
#
# <colnr> <probs for GDERKNQSTAVLIFYWHMCP>
#	G	D	E	R	K	N	Q	S	T	A	V	L	I	F	Y	W	H	M	C	P
0	0.01481	0.33892	0.06529	0.01048	0.01375	0.42981	0.00909	0.01641	0.01149	0.01155	0.00725	0.00856	0.00625	0.00555	0.03128	0.00137	0.00720	0.00293	0.00225	0.00574
1	0.04686	0.06369	0.01248	0.00948	0.01233	0.01205	0.00779	0.44879	0.04859	0.02227	0.01154	0.01331	0.00915	0.01424	0.24217	0.00320	0.00724	0.00435	0.00383	0.00664
2	0.01352	0.01315	0.13183	0.14762	0.21277	0.10253	0.01156	0.03717	0.02489	0.17553	0.01072	0.01203	0.00784	0.00475	0.00452	0.00138	0.00572	0.00398	0.00311	0.07540
3	0.01067	0.20252	0.35340	0.01068	0.01585	0.02887	0.03296	0.01516	0.08450	0.01454	0.00904	0.01015	0.00703	0.00435	0.00400	0.00123	0.00557	0.00335	0.00245	0.18368
4	0.00696	0.00456	0.00510	0.00510	0.00516	0.00456	0.00288	0.00707	0.00701	0.00958	0.01488	0.03017	0.01688	0.79179	0.02294	0.00439	0.00445	0.00673	0.04684	0.00294
5	0.01401	0.01553	0.01521	0.18607	0.16172	0.35855	0.05559	0.08284	0.01249	0.01405	0.00853	0.01113	0.00696	0.03123	0.00517	0.00147	0.00707	0.00386	0.00255	0.00597
6	0.02055	0.00804	0.01088	0.00831	0.01199	0.00690	0.00686	0.02239	0.01330	0.76633	0.01806	0.01572	0.01142	0.00571	0.00468	0.00142	0.00398	0.00464	0.00568	0.05313
7	0.00574	0.00410	0.00547	0.00657	0.00684	0.00383	0.00438	0.00657	0.00903	0.01204	0.02599	0.83122	0.03119	0.01477	0.00602	0.00191	0.00274	0.01340	0.00438	0.00383
8	0.01056	0.00812	0.01046	0.07289	0.15640	0.05971	0.02894	0.01279	0.01018	0.04703	0.01257	0.01608	0.01029	0.00572	0.00520	0.00137	0.08702	0.03611	0.40320	0.00536
9	0.02835	0.00951	0.02907	0.22262	0.01719	0.02612	0.02458	0.05326	0.36326	0.01709	0.05685	0.05904	0.04411	0.00655	0.00483	0.00157	0.00451	0.00558	0.01966	0.00625
10	0.00680	0.00513	0.00634	0.00617	0.00734	0.00487	0.00457	0.00957	0.07336	0.01726	0.54149	0.14646	0.13207	0.01038	0.00557	0.00157	0.00243	0.00913	0.00495	0.00454
11	0.04626	0.01123	0.14998	0.01079	0.08461	0.03079	0.02792	0.09089	0.08385	0.07821	0.24926	0.02159	0.08088	0.00695	0.00493	0.00148	0.00431	0.00589	0.00403	0.00613
12	0.01111	0.11387	0.25546	0.09635	0.06652	0.03244	0.07954	0.10195	0.07971	0.01647	0.07325	0.01387	0.02851	0.00528	0.00459	0.00144	0.00575	0.00445	0.00293	0.00651
13	0.04725	0.13860	0.13190	0.04413	0.13508	0.01261	0.09622	0.16385	0.08147	0.07561	0.02230	0.01191	0.00843	0.00489	0.00446	0.00141	0.00551	0.00414	0.00322	0.00698
14	0.06880	0.04527	0.14170	0.07532	0.12922	0.04817	0.07947	0.08959	0.07744	0.10011	0.02514	0.04129	0.00938	0.00523	0.00456	0.00144	0.00545	0.00447	0.00324	0.04472

[dist]
# distance from previous block
# <min> <max>
2	14

[block]
# block no. 3 follows, 54 sequences, length 11
# corresponding to MSA columns:
# 132-142
name=unknown_D
#
# <colnr> <probs for GDERKNQSTAVLIFYWHMCP>
#	G	D	E	R	K	N	Q	S	T	A	V	L	I	F	Y	W	H	M	C	P
0	0.00674	0.00533	0.00719	0.07786	0.05682	0.00530	0.00559	0.00812	0.00959	0.01262	0.10236	0.23186	0.20112	0.13340	0.08739	0.00269	0.00437	0.03375	0.00374	0.00418
1	0.01449	0.04016	0.07635	0.01184	0.05662	0.03994	0.06460	0.29446	0.15751	0.09126	0.01317	0.01440	0.00993	0.00574	0.00493	0.00148	0.02236	0.03167	0.04191	0.00718
2	0.00624	0.00458	0.00577	0.00642	0.00707	0.00429	0.00444	0.03401	0.01015	0.01345	0.10880	0.61983	0.13031	0.01356	0.00587	0.00181	0.00272	0.01214	0.00447	0.00406
3	0.00953	0.05735	0.49243	0.04075	0.03131	0.03311	0.04411	0.01361	0.01035	0.03164	0.03058	0.03211	0.09338	0.00610	0.00476	0.00153	0.00602	0.05245	0.00262	0.00624
4	0.01080	0.01019	0.03783	0.42688	0.13091	0.02579	0.05628	0.10617	0.03794	0.01545	0.00958	0.01256	0.00733	0.00494	0.00503	0.00151	0.03407	0.00428	0.05646	0.00601
5	0.01090	0.01081	0.01587	0.05013	0.01517	0.04000	0.13477	0.06369	0.03594	0.01348	0.00837	0.02839	0.00754	0.00854	0.05167	0.00215	0.48993	0.00461	0.00247	0.00556
6	0.01351	0.01063	0.07225	0.03940	0.09084	0.04351	0.03452	0.04138	0.05169	0.22413	0.01237	0.04048	0.00937	0.00498	0.00435	0.00122	0.00460	0.00419	0.00365	0.29292
7	0.00660	0.00482	0.00620	0.00586	0.00700	0.00442	0.00439	0.00876	0.01318	0.01850	0.75276	0.03589	0.09438	0.00979	0.00556	0.00149	0.00224	0.00862	0.00514	0.00442
8	0.04476	0.50699	0.13596	0.00946	0.01363	0.12584	0.00944	0.04239	0.01073	0.05187	0.00769	0.00859	0.00635	0.00437	0.00355	0.00116	0.00570	0.00290	0.00238	0.00624
9	0.07031	0.04040	0.01633	0.04045	0.54422	0.01033	0.01179	0.01431	0.01069	0.06743	0.04853	0.02936	0.00977	0.00476	0.00449	0.00137	0.00500	0.00437	0.00280	0.06330
10	0.01395	0.12924	0.36939	0.01130	0.01643	0.05875	0.01228	0.16874	0.01309	0.14770	0.01037	0.01082	0.00733	0.00490	0.00436	0.00139	0.00596	0.00368	0.00319	0.00714

[dist]
# distance from previous block
# <min> <max>
0	3

[block]
# block no. 4 follows, 54 sequences, length 55
# corresponding to MSA columns:
# 146-200
name=unknown_E
#
# <colnr> <probs for GDERKNQSTAVLIFYWHMCP>
#	G	D	E	R	K	N	Q	S	T	A	V	L	I	F	Y	W	H	M	C	P
0	0.04364	0.05579	0.27444	0.01509	0.16348	0.12968	0.04051	0.05926	0.07139	0.06147	0.00974	0.01099	0.00737	0.00485	0.00480	0.00143	0.03266	0.00382	0.00276	0.00681
1	0.63780	0.05189	0.10232	0.00773	0.01115	0.07757	0.00710	0.03101	0.00907	0.01933	0.00695	0.00807	0.00540	0.00444	0.00325	0.00142	0.00454	0.00274	0.00276	0.00546
2	0.00764	0.00624	0.00905	0.16761	0.01273	0.00750	0.00702	0.00905	0.00772	0.01074	0.01181	0.03442	0.01180	0.24454	0.32099	0.00476	0.11432	0.00541	0.00251	0.00416
3	0.00671	0.00500	0.00594	0.00576	0.00714	0.00455	0.00436	0.00856	0.02490	0.04021	0.32143	0.06535	0.38005	0.01279	0.07016	0.00205	0.00327	0.02284	0.00458	0.00436
4	0.01106	0.43822	0.41008	0.01070	0.01618	0.01487	0.01266	0.01452	0.00976	0.01298	0.00749	0.00874	0.00601	0.00425	0.00374	0.00125	0.00599	0.00299	0.00200	0.00650
5	0.00978	0.00838	0.00978	0.00698	0.01117	0.00629	0.00559	0.01187	0.00978	0.01536	0.00838	0.00978	0.00698	0.00349	0.00349	0.00070	0.00349	0.00279	0.00279	0.86312
6	0.00871	0.00591	0.00710	0.00705	0.00852	0.00567	0.00540	0.10313	0.01174	0.07973	0.02951	0.32998	0.24067	0.01189	0.00571	0.00177	0.00328	0.12491	0.00453	0.00480
7	0.02519	0.01149	0.01464	0.10098	0.05919	0.09369	0.05820	0.09012	0.04828	0.07314	0.00910	0.01164	0.00742	0.00713	0.02925	0.00186	0.34563	0.00423	0.00283	0.00598
8	0.00808	0.00413	0.00606	0.00606	0.00606	0.00413	0.00400	0.00620	0.00620	0.00827	0.00872	0.01565	0.00890	0.08160	0.01887	0.79438	0.00413	0.00432	0.00211	0.00211
9	0.00686	0.00457	0.00514	0.00514	0.00514	0.00457	0.00286	0.00686	0.00686	0.00914	0.01486	0.03086	0.01714	0.83430	0.02400	0.00457	0.00457	0.00686	0.00286	0.00286
10	0.42561	0.01141	0.01006	0.00847	0.01158	0.07589	0.00686	0.23167	0.11140	0.05100	0.00996	0.01029	0.00739	0.00508	0.00383	0.00144	0.00449	0.00349	0.00372	0.00635
11	0.00721	0.00515	0.00595	0.00564	0.00717	0.00457	0.00426	0.02664	0.01202	0.06395	0.31354	0.07890	0.42624	0.01074	0.00552	0.00156	0.00251	0.00917	0.00477	0.00448
12	0.00581	0.00415	0.00554	0.00664	0.00694	0.00388	0.00449	0.00668	0.00909	0.01211	0.02595	0.80435	0.03105	0.01471	0.00604	0.00192	0.00279	0.03964	0.00438	0.00385
13	0.00924	0.00729	0.00958	0.17206	0.01425	0.00659	0.00678	0.01150	0.01080	0.06085	0.19305	0.01907	0.07295	0.00589	0.00443	0.00116	0.00372	0.00501	0.00349	0.38229
14	0.01025	0.00866	0.01003	0.00721	0.01137	0.00677	0.00578	0.05700	0.01050	0.01620	0.00855	0.00987	0.00704	0.00362	0.00356	0.00074	0.00359	0.00288	0.00291	0.81347
15	0.01159	0.00903	0.01312	0.03685	0.01434	0.00875	0.13957	0.14561	0.04109	0.07792	0.01545	0.03916	0.01417	0.00728	0.00517	0.00155	0.00491	0.23084	0.00382	0.17979
16	0.01689	0.01270	0.01339	0.01057	0.01411	0.03269	0.00863	0.60726	0.16302	0.05213	0.01289	0.01255	0.00925	0.00578	0.00472	0.00145	0.00496	0.00443	0.00471	0.00786
17	0.00574	0.00410	0.00547	0.00657	0.00684	0.00383	0.00438	0.00657	0.00903	0.01204	0.02599	0.83122	0.03119	0.01477	0.00602	0.00191	0.00274	0.01340	0.00438	0.00383
18	0.01119	0.01210	0.01650	0.48332	0.07025	0.17390	0.13913	0.01406	0.01058	0.01263	0.00838	0.01172	0.00645	0.00459	0.00476	0.00149	0.00697	0.00418	0.00222	0.00559
19	0.01443	0.01502	0.01223	0.01073	0.01316	0.34090	0.02528	0.17327	0.14660	0.01681	0.01401	0.08511	0.04928	0.00676	0.00522	0.00146	0.04264	0.01744	0.00357	0.00609
20	0.02105	0.00819	0.01104	0.00847	0.01212	0.00717	0.00699	0.04728	0.01377	0.78345	0.01837	0.01590	0.01156	0.00583	0.00474	0.00146	0.00405	0.00473	0.00580	0.00802
21	0.01208	0.00857	0.01267	0.26317	0.15390	0.00913	0.00987	0.08486	0.04074	0.16115	0.16352	0.01820	0.01563	0.00607	0.00491	0.00150	0.00475	0.01920	0.00379	0.00630
22	0.01181	0.18612	0.38495	0.01182	0.04138	0.04412	0.01258	0.10652	0.09491	0.02709	0.02955	0.01115	0.00821	0.00488	0.00427	0.00138	0.00588	0.00372	0.00277	0.00687
23	0.01045	0.01031	0.01718	0.28132	0.30610	0.03294	0.11170	0.01347	0.02728	0.01371	0.00930	0.03127	0.00776	0.00609	0.03495	0.00177	0.07127	0.00460	0.00235	0.00616
24	0.00683	0.00466	0.00562	0.00562	0.00578	0.00483	0.00345	0.00716	0.00700	0.00949	0.01442	0.02846	0.01610	0.67928	0.17760	0.00515	0.00613	0.00651	0.00279	0.00312
25	0.04984	0.01210	0.10609	0.03962	0.42804	0.03638	0.01207	0.01592	0.11210	0.05885	0.05753	0.01426	0.02625	0.00512	0.00465	0.00145	0.00519	0.00455	0.00303	0.00697
26	0.01141	0.14502	0.01836	0.26568	0.35698	0.07289	0.03714	0.01402	0.01036	0.01338	0.00825	0.01107	0.00676	0.00437	0.00441	0.00138	0.00601	0.00388	0.00222	0.00637
27	0.01548	0.00941	0.01045	0.00842	0.01131	0.00993	0.00682	0.35245	0.07871	0.18205	0.01457	0.01455	0.01042	0.00571	0.00432	0.00135	0.00398	0.00447	0.24865	0.00694
28	0.00582	0.00452	0.00530	0.00568	0.00666	0.00400	0.00404	0.00703	0.01048	0.01346	0.16122	0.35633	0.37322	0.01269	0.00575	0.00170	0.00250	0.01109	0.00451	0.00400
29	0.01074	0.25405	0.52313	0.01158	0.01739	0.01309	0.01396	0.01546	0.05510	0.03181	0.00876	0.00985	0.00661	0.00449	0.00409	0.00136	0.00617	0.00334	0.00225	0.00676
30	0.00775	0.00579	0.00703	0.00727	0.00826	0.00594	0.00521	0.09643	0.08145	0.01460	0.02355	0.54530	0.06425	0.03341	0.06797	0.00231	0.00388	0.01068	0.00428	0.00464
31	0.00802	0.00557	0.00673	0.00628	0.00777	0.00523	0.00474	0.05224	0.03807	0.06715	0.43384	0.11543	0.21064	0.01012	0.00549	0.00155	0.00264	0.00877	0.00493	0.00480
32	0.01011	0.00556	0.00720	0.00646	0.00820	0.00496	0.00496	0.01197	0.01265	0.21725	0.43501	0.10398	0.13396	0.00944	0.00540	0.00153	0.00274	0.00820	0.00517	0.00524
33	0.00983	0.04681	0.73816	0.01345	0.02017	0.01130	0.04474	0.03547	0.01031	0.01522	0.00852	0.01002	0.00607	0.00448	0.00448	0.00148	0.00690	0.00355	0.00208	0.00695
34	0.04527	0.01064	0.01229	0.17423	0.01655	0.01196	0.00873	0.47632	0.01707	0.02384	0.01122	0.01247	0.00823	0.00539	0.00442	0.00140	0.00487	0.00420	0.14415	0.00676
35	0.05648	0.00862	0.01069	0.00860	0.01196	0.00834	0.00699	0.02311	0.21611	0.56873	0.01822	0.01607	0.01208	0.00592	0.00467	0.00150	0.00392	0.00480	0.00544	0.00775
36	0.01762	0.02226	0.01338	0.01212	0.01458	0.79686	0.00911	0.03663	0.01357	0.01196	0.00738	0.00857	0.00612	0.00488	0.00426	0.00122	0.00843	0.00306	0.00248	0.00553
37	0.00646	0.00493	0.00597	0.00600	0.00712	0.00459	0.00438	0.00871	0.05477	0.01581	0.38983	0.22373	0.22778	0.01124	0.00563	0.00162	0.00247	0.00985	0.00478	0.00435
38	0.01046	0.01230	0.07093	0.22617	0.02641	0.01149	0.54246	0.01431	0.01062	0.01431	0.00918	0.01252	0.00686	0.00419	0.00528	0.00158	0.00746	0.00509	0.00229	0.00611
39	0.00940	0.00868	0.01266	0.35424	0.02066	0.05661	0.09805	0.02759	0.03910	0.03928	0.07304	0.09079	0.13614	0.00711	0.00510	0.00157	0.00521	0.00635	0.00319	0.00523
40	0.01049	0.01581	0.29225	0.09703	0.16636	0.01130	0.24135	0.01544	0.07465	0.01518	0.00972	0.01196	0.00731	0.00446	0.00488	0.00152	0.00667	0.00445	0.00241	0.00675
41	0.00598	0.00433	0.00570	0.00670	0.00719	0.00405	0.00474	0.00701	0.00941	0.01237	0.02759	0.66553	0.09219	0.01431	0.00605	0.00192	0.00292	0.11373	0.00437	0.00391
42	0.14431	0.05463	0.01112	0.04610	0.06209	0.09795	0.02894	0.10076	0.04364	0.08132	0.03708	0.21230	0.04547	0.00772	0.00469	0.00153	0.00452	0.00644	0.00372	0.00568
43	0.01577	0.05207	0.07248	0.04668	0.11410	0.08549	0.02606	0.13613	0.03164	0.26820	0.02120	0.01274	0.00900	0.00552	0.00559	0.00147	0.08071	0.00424	0.00384	0.00707
44	0.01026	0.00745	0.00792	0.00724	0.00890	0.09791	0.00557	0.01235	0.02865	0.13458	0.30731	0.02528	0.08781	0.01360	0.16933	0.00267	0.00536	0.00642	0.05631	0.00508
45	0.00645	0.00460	0.00605	0.00691	0.00761	0.00443	0.00520	0.00780	0.00964	0.01290	0.02636	0.45552	0.09955	0.01476	0.05423	0.00225	0.00370	0.21697	0.05106	0.00404
46	0.03311	0.13692	0.19029	0.06013	0.07287	0.25250	0.03255	0.05475	0.01149	0.01398	0.00950	0.07243	0.00833	0.00538	0.00432	0.00136	0.00643	0.00416	0.02351	0.00601
47	0.07735	0.01006	0.01076	0.03037	0.04014	0.14548	0.05002	0.10140	0.01149	0.01533	0.10083	0.12405	0.01580	0.00913	0.00755	0.12499	0.05434	0.06263	0.00335	0.00493
48	0.00597	0.00469	0.00526	0.00539	0.00644	0.00430	0.00382	0.00696	0.00944	0.01177	0.03491	0.12906	0.47308	0.16858	0.10653	0.00291	0.00407	0.00918	0.00387	0.00378
49	0.10140	0.11548	0.31449	0.03336	0.03355	0.04099	0.03265	0.05230	0.07509	0.11390	0.01085	0.03750	0.00827	0.00513	0.00429	0.00144	0.00558	0.00401	0.00304	0.00667
50	0.05838	0.01023	0.01340	0.16899	0.25835	0.08169	0.01043	0.04433	0.05949	0.04621	0.03853	0.06041	0.04153	0.00634	0.00518	0.00154	0.03354	0.05223	0.00311	0.00608
51	0.00585	0.00418	0.00560	0.00669	0.00701	0.00392	0.00457	0.00676	0.00914	0.01216	0.02593	0.78511	0.03095	0.01467	0.00605	0.00193	0.00283	0.05842	0.00437	0.00386
52	0.01118	0.01142	0.01661	0.32078	0.33247	0.10244	0.04500	0.01384	0.01028	0.01338	0.00832	0.01158	0.00676	0.00478	0.00554	0.00150	0.07159	0.00412	0.00224	0.00618
53	0.01136	0.01094	0.01884	0.13510	0.25224	0.03663	0.25463	0.06012	0.01148	0.04269	0.02838	0.03516	0.05581	0.00527	0.00524	0.00152	0.02012	0.00527	0.00281	0.00639
54	0.00920	0.00761	0.01029	0.14714	0.03937	0.00829	0.03337	0.12917	0.03002	0.01557	0.04128	0.16729	0.16889	0.02739	0.00652	0.00175	0.06478	0.07388	0.01302	0.00517

[dist]
# distance from previous block
# <min> <max>
0	9

# created by:
# /st0/software/busco_prod/Augustus/scripts/msa2prfl.pl ./align_prep/69619.fa
