[name]
unknown

[dist]
# distance from previous block
# <min> <max>
0	88

[block]
# block no. 0 follows, 51 sequences, length 38
# corresponding to MSA columns:
# 96-133
name=unknown_A
#
# <colnr> <probs for GDERKNQSTAVLIFYWHMCP>
#	G	D	E	R	K	N	Q	S	T	A	V	L	I	F	Y	W	H	M	C	P
0	0.01292	0.16057	0.01528	0.03879	0.01413	0.02625	0.07032	0.18094	0.12013	0.04957	0.08509	0.01929	0.03487	0.00656	0.00484	0.00146	0.00488	0.07328	0.00396	0.07687
1	0.01366	0.12863	0.30180	0.01339	0.08347	0.04193	0.03953	0.10238	0.07625	0.12261	0.01151	0.01259	0.00851	0.00520	0.00463	0.00148	0.00602	0.01575	0.00327	0.00737
2	0.06870	0.16026	0.21816	0.01041	0.01482	0.04447	0.03719	0.07953	0.05693	0.09318	0.05984	0.04165	0.01102	0.00556	0.00443	0.00140	0.00536	0.00439	0.00334	0.07937
3	0.18799	0.04383	0.16476	0.00953	0.04074	0.00868	0.04357	0.01331	0.01138	0.08314	0.22283	0.02221	0.10257	0.00712	0.00481	0.00155	0.00432	0.01800	0.00384	0.00582
4	0.01490	0.25547	0.18016	0.00989	0.01440	0.01285	0.00994	0.13887	0.02651	0.20300	0.01415	0.01398	0.06108	0.00560	0.00439	0.00138	0.00521	0.00425	0.00372	0.02023
5	0.01207	0.31077	0.44414	0.01163	0.01745	0.01433	0.01369	0.06242	0.01117	0.04781	0.00873	0.00984	0.00663	0.00464	0.00416	0.00137	0.00631	0.00338	0.00243	0.00703
6	0.02005	0.00843	0.01120	0.00850	0.01239	0.00711	0.00699	0.02200	0.01341	0.66778	0.01759	0.01562	0.01134	0.00567	0.00472	0.00139	0.00409	0.00460	0.00555	0.15159
7	0.17175	0.01001	0.00885	0.00824	0.01040	0.11991	0.00629	0.03397	0.21123	0.03018	0.10677	0.13893	0.10773	0.00835	0.00492	0.00161	0.00412	0.00681	0.00423	0.00572
8	0.03625	0.01085	0.01244	0.01134	0.07255	0.02881	0.00843	0.22613	0.25764	0.18706	0.06241	0.01736	0.01385	0.00646	0.00499	0.00156	0.00454	0.02473	0.00492	0.00768
9	0.00780	0.00575	0.00758	0.00740	0.00789	0.00661	0.00546	0.00893	0.00809	0.01180	0.01454	0.05595	0.01498	0.28683	0.28571	0.00485	0.11654	0.04490	0.09430	0.00407
10	0.01216	0.01168	0.01995	0.03016	0.79664	0.01168	0.01508	0.01508	0.01119	0.01605	0.00924	0.01216	0.00778	0.00438	0.00487	0.00146	0.00584	0.00438	0.00243	0.00778
11	0.01199	0.40333	0.36631	0.01118	0.01659	0.06482	0.01275	0.01570	0.03156	0.01360	0.00811	0.00933	0.00651	0.00453	0.00395	0.00130	0.00633	0.00318	0.00220	0.00673
12	0.01139	0.03353	0.07105	0.26341	0.44629	0.01179	0.03426	0.04225	0.01114	0.01539	0.00911	0.01223	0.00728	0.00460	0.00485	0.00151	0.00618	0.00432	0.00242	0.00700
13	0.86201	0.00950	0.00722	0.00646	0.00950	0.01102	0.00532	0.01445	0.00836	0.02205	0.00684	0.00798	0.00532	0.00456	0.00304	0.00152	0.00380	0.00266	0.00304	0.00532
14	0.01836	0.02342	0.01393	0.01266	0.01519	0.80756	0.00950	0.01962	0.01393	0.01203	0.00760	0.00886	0.00633	0.00506	0.00443	0.00127	0.00886	0.00317	0.00253	0.00570
15	0.02860	0.09090	0.48578	0.01269	0.01855	0.06483	0.05318	0.01726	0.01127	0.15628	0.01049	0.01130	0.00735	0.00488	0.00460	0.00149	0.00663	0.00384	0.00287	0.00721
16	0.01801	0.01265	0.21927	0.01003	0.01456	0.00816	0.00997	0.02086	0.01285	0.55307	0.01700	0.05645	0.01164	0.00619	0.00494	0.00155	0.00492	0.00506	0.00495	0.00785
17	0.00715	0.00476	0.00536	0.00536	0.00536	0.00476	0.00298	0.00715	0.00715	0.00953	0.01548	0.03216	0.01787	0.82729	0.02501	0.00476	0.00476	0.00715	0.00298	0.00298
18	0.01205	0.01156	0.01974	0.06123	0.76646	0.01165	0.01503	0.01498	0.01114	0.01592	0.00922	0.01220	0.00774	0.00440	0.00487	0.00147	0.00587	0.00438	0.00242	0.00769
19	0.04695	0.10045	0.13808	0.06172	0.01604	0.08919	0.05002	0.08867	0.01294	0.25055	0.01410	0.01533	0.04012	0.00588	0.00494	0.00151	0.02067	0.03204	0.00384	0.00696
20	0.32198	0.16163	0.08759	0.00918	0.01315	0.01382	0.00846	0.26399	0.01386	0.05170	0.00911	0.00976	0.00683	0.00500	0.00390	0.00142	0.00493	0.00341	0.00350	0.00678
21	0.01039	0.04077	0.09930	0.22366	0.22955	0.03107	0.04001	0.01338	0.01034	0.01478	0.01060	0.01417	0.00863	0.03563	0.04203	0.00186	0.00598	0.00443	0.15736	0.00606
22	0.00848	0.00430	0.00645	0.00645	0.00649	0.00433	0.00433	0.00649	0.00645	0.00864	0.00870	0.01509	0.00867	0.01777	0.04694	0.82716	0.00458	0.00430	0.00215	0.00221
23	0.01128	0.19278	0.51462	0.01253	0.01856	0.01341	0.03283	0.06011	0.07034	0.01599	0.00945	0.01061	0.00706	0.00478	0.00442	0.00146	0.00650	0.00366	0.00248	0.00715
24	0.01322	0.11237	0.43499	0.01365	0.08494	0.04334	0.01405	0.05215	0.02478	0.14533	0.01065	0.01143	0.00760	0.00493	0.00457	0.00147	0.00632	0.00385	0.00297	0.00738
25	0.02195	0.00852	0.01150	0.00882	0.01262	0.00745	0.00728	0.04548	0.01432	0.77815	0.01917	0.01659	0.01206	0.00608	0.00494	0.00152	0.00422	0.00493	0.00605	0.00836
26	0.00686	0.00520	0.00625	0.00596	0.00732	0.00473	0.00447	0.02806	0.01314	0.01775	0.51634	0.06743	0.27667	0.01088	0.00579	0.00160	0.00247	0.00942	0.00510	0.00456
27	0.01184	0.01283	0.08819	0.02121	0.32852	0.01160	0.22888	0.07056	0.07838	0.01736	0.03922	0.04695	0.01060	0.00529	0.00522	0.00157	0.00621	0.00537	0.00301	0.00719
28	0.00936	0.00907	0.11542	0.00926	0.01070	0.00799	0.04605	0.01026	0.00830	0.03234	0.01146	0.07545	0.01119	0.11661	0.01394	0.25006	0.17145	0.00540	0.08137	0.00434
29	0.00702	0.00527	0.00790	0.00790	0.00878	0.00614	0.00614	0.00878	0.00790	0.01141	0.01316	0.01931	0.01229	0.03686	0.80782	0.00790	0.01316	0.00527	0.00263	0.00439
30	0.11950	0.01133	0.01165	0.00993	0.01306	0.01292	0.00791	0.23667	0.47607	0.02367	0.01606	0.01521	0.01193	0.00619	0.00473	0.00159	0.00431	0.00488	0.00473	0.00764
31	0.01384	0.01240	0.01741	0.02196	0.44810	0.09655	0.05904	0.05616	0.07555	0.09285	0.01193	0.03342	0.00973	0.00535	0.00498	0.00151	0.00587	0.02271	0.00324	0.00741
32	0.02205	0.00836	0.01140	0.00874	0.01254	0.00722	0.00722	0.02395	0.01407	0.80004	0.01939	0.01673	0.01216	0.00608	0.00494	0.00152	0.00418	0.00494	0.00608	0.00836
33	0.00584	0.00498	0.00502	0.00501	0.00666	0.00416	0.00376	0.00711	0.01127	0.01345	0.06940	0.04702	0.77492	0.01238	0.00581	0.00166	0.00248	0.01033	0.00459	0.00416
34	0.01334	0.01110	0.01825	0.03836	0.49093	0.01144	0.06471	0.04708	0.01174	0.11868	0.03176	0.01335	0.00924	0.00526	0.00616	0.00156	0.09188	0.00466	0.00306	0.00742
35	0.01095	0.00707	0.00890	0.00933	0.06792	0.03475	0.00642	0.03482	0.04497	0.17323	0.12876	0.32701	0.06112	0.01156	0.03488	0.00195	0.00399	0.02205	0.00471	0.00562
36	0.86201	0.00950	0.00722	0.00646	0.00950	0.01102	0.00532	0.01445	0.00836	0.02205	0.00684	0.00798	0.00532	0.00456	0.00304	0.00152	0.00380	0.00266	0.00304	0.00532
37	0.05259	0.09623	0.48480	0.01289	0.04658	0.01235	0.01436	0.12577	0.01241	0.08307	0.00986	0.01083	0.00705	0.00490	0.00452	0.00149	0.00634	0.00374	0.00288	0.00735

[dist]
# distance from previous block
# <min> <max>
0	2

[block]
# block no. 1 follows, 51 sequences, length 394
# corresponding to MSA columns:
# 136-529
name=unknown_B
#
# <colnr> <probs for GDERKNQSTAVLIFYWHMCP>
#	G	D	E	R	K	N	Q	S	T	A	V	L	I	F	Y	W	H	M	C	P
0	0.04230	0.01283	0.07223	0.02590	0.61436	0.03667	0.03134	0.02990	0.02498	0.04846	0.00974	0.01210	0.00785	0.00456	0.00480	0.00147	0.00591	0.00431	0.00267	0.00761
1	0.01075	0.01075	0.01505	0.01290	0.01290	0.01505	0.01075	0.01183	0.00753	0.01183	0.00645	0.01075	0.00645	0.00860	0.01613	0.00215	0.81830	0.00430	0.00215	0.00538
2	0.01216	0.01168	0.01995	0.03016	0.79664	0.01168	0.01508	0.01508	0.01119	0.01605	0.00924	0.01216	0.00778	0.00438	0.00487	0.00146	0.00584	0.00438	0.00243	0.00778
3	0.01113	0.30796	0.47589	0.01249	0.01852	0.01431	0.06659	0.01528	0.01032	0.01417	0.00820	0.00969	0.00634	0.00447	0.00421	0.00139	0.00663	0.00343	0.00211	0.00688
4	0.00608	0.00428	0.00573	0.00683	0.00710	0.00400	0.00455	0.00683	0.00930	0.01240	0.02640	0.79431	0.03162	0.01546	0.00675	0.03346	0.00290	0.01361	0.00447	0.00392
5	0.04277	0.00937	0.01065	0.00776	0.01202	0.00778	0.00625	0.10559	0.01175	0.03125	0.00922	0.01041	0.00742	0.00399	0.00379	0.00086	0.00387	0.00312	0.00321	0.70893
6	0.00715	0.00539	0.00665	0.00627	0.00761	0.00508	0.00472	0.01010	0.06629	0.01884	0.63469	0.03697	0.15138	0.01016	0.00574	0.00157	0.00245	0.00887	0.00526	0.00478
7	0.00714	0.00478	0.00545	0.00545	0.00549	0.00482	0.00310	0.00721	0.00717	0.00960	0.01540	0.03168	0.01766	0.79778	0.05424	0.00488	0.00508	0.00708	0.00296	0.00303
8	0.00716	0.00547	0.00816	0.00808	0.00893	0.00647	0.00631	0.00889	0.00788	0.01142	0.01292	0.01899	0.01207	0.03582	0.77868	0.00769	0.04280	0.00523	0.00261	0.00442
9	0.01216	0.01168	0.01995	0.03016	0.79664	0.01168	0.01508	0.01508	0.01119	0.01605	0.00924	0.01216	0.00778	0.00438	0.00487	0.00146	0.00584	0.00438	0.00243	0.00778
10	0.01836	0.02342	0.01393	0.01266	0.01519	0.80756	0.00950	0.01962	0.01393	0.01203	0.00760	0.00886	0.00633	0.00506	0.00443	0.00127	0.00886	0.00317	0.00253	0.00570
11	0.00928	0.00873	0.01474	0.81548	0.03385	0.01092	0.01365	0.01256	0.00983	0.01256	0.00873	0.01310	0.00655	0.00491	0.00491	0.00164	0.00655	0.00437	0.00218	0.00546
12	0.02205	0.00836	0.01140	0.00874	0.01254	0.00722	0.00722	0.02395	0.01407	0.80004	0.01939	0.01673	0.01216	0.00608	0.00494	0.00152	0.00418	0.00494	0.00608	0.00836
13	0.02181	0.00848	0.01181	0.00902	0.01285	0.00734	0.02500	0.02376	0.01401	0.78197	0.01917	0.01665	0.01206	0.00604	0.00496	0.00152	0.00428	0.00496	0.00600	0.00832
14	0.02126	0.00827	0.01112	0.00861	0.01227	0.00725	0.00708	0.02350	0.03483	0.74706	0.01927	0.01684	0.01226	0.00608	0.00488	0.00151	0.00410	0.00494	0.04069	0.00819
15	0.00725	0.00560	0.00833	0.00820	0.00903	0.00668	0.00642	0.00896	0.00788	0.01143	0.01276	0.01879	0.01193	0.03514	0.75977	0.00755	0.06203	0.00521	0.00260	0.00445
16	0.00599	0.00428	0.00570	0.00684	0.00713	0.00399	0.00456	0.00684	0.00941	0.01254	0.02709	0.82409	0.03250	0.01540	0.00627	0.00200	0.00285	0.01397	0.00456	0.00399
17	0.01216	0.01168	0.01995	0.03016	0.79664	0.01168	0.01508	0.01508	0.01119	0.01605	0.00924	0.01216	0.00778	0.00438	0.00487	0.00146	0.00584	0.00438	0.00243	0.00778
18	0.00687	0.00591	0.04170	0.00756	0.00844	0.00523	0.00561	0.00935	0.09078	0.01358	0.02550	0.67956	0.02938	0.01395	0.00608	0.00195	0.00321	0.03629	0.00450	0.00455
19	0.04143	0.05029	0.68094	0.01338	0.02005	0.04433	0.01663	0.04963	0.01100	0.01621	0.00877	0.01021	0.00629	0.00472	0.00456	0.00152	0.00706	0.00358	0.00226	0.00715
20	0.01352	0.06239	0.02115	0.03425	0.40198	0.08172	0.20453	0.01643	0.01171	0.08989	0.01009	0.01234	0.00788	0.00454	0.00497	0.00148	0.00653	0.00457	0.00278	0.00724
21	0.00720	0.00508	0.00734	0.00734	0.00799	0.00573	0.00544	0.00827	0.00762	0.01081	0.01304	0.02088	0.01277	0.15986	0.60105	0.09665	0.01090	0.00546	0.00263	0.00393
22	0.04516	0.03895	0.54190	0.01341	0.03347	0.02712	0.06143	0.02857	0.08114	0.01621	0.01092	0.06053	0.00872	0.00548	0.00477	0.00158	0.00654	0.00452	0.00262	0.00697
23	0.01323	0.06245	0.10797	0.10625	0.15106	0.21980	0.03985	0.04062	0.01196	0.06116	0.02627	0.10049	0.01068	0.00618	0.00505	0.00150	0.02113	0.00509	0.00296	0.00632
24	0.02128	0.00827	0.01121	0.00867	0.01235	0.00721	0.00713	0.02342	0.02793	0.75561	0.04963	0.01754	0.01355	0.00625	0.00498	0.00152	0.00410	0.00511	0.00604	0.00821
25	0.01003	0.00821	0.06732	0.03875	0.01179	0.00753	0.04505	0.01217	0.01133	0.13020	0.25247	0.16917	0.03754	0.01083	0.04940	0.00206	0.11872	0.00773	0.00423	0.00546
26	0.01228	0.15602	0.23488	0.07068	0.20410	0.07606	0.01297	0.04593	0.06307	0.03367	0.03848	0.01214	0.00892	0.00498	0.00453	0.00143	0.00611	0.00403	0.00273	0.00698
27	0.01314	0.83025	0.02575	0.00841	0.01261	0.01945	0.00841	0.01472	0.00999	0.01156	0.00683	0.00788	0.00631	0.00420	0.00315	0.00105	0.00526	0.00263	0.00210	0.00631
28	0.00916	0.00458	0.00458	0.00458	0.00573	0.00458	0.00344	0.01145	0.01031	0.01832	0.01603	0.01832	0.01260	0.00573	0.00344	0.00115	0.00229	0.00458	0.85457	0.00458
29	0.01331	0.06759	0.01317	0.01049	0.01351	0.07524	0.03944	0.06615	0.56220	0.04414	0.01773	0.01673	0.02576	0.00630	0.00487	0.00158	0.00462	0.00517	0.00453	0.00746
30	0.01092	0.03603	0.40617	0.03055	0.19642	0.03760	0.07473	0.02714	0.01135	0.02875	0.08399	0.01358	0.01064	0.00512	0.00488	0.00152	0.00647	0.00448	0.00263	0.00701
31	0.01854	0.01298	0.01416	0.01090	0.01472	0.01416	0.00899	0.68713	0.02199	0.09640	0.04124	0.01314	0.01008	0.00607	0.00495	0.00148	0.00519	0.00463	0.00503	0.00822
32	0.00599	0.00428	0.00570	0.00684	0.00713	0.00399	0.00456	0.00684	0.00941	0.01254	0.02709	0.82409	0.03250	0.01540	0.00627	0.00200	0.00285	0.01397	0.00456	0.00399
33	0.01157	0.15287	0.24170	0.16129	0.27129	0.02502	0.01424	0.01506	0.01065	0.03922	0.00892	0.01120	0.00699	0.00459	0.00453	0.00145	0.00627	0.00387	0.00235	0.00696
34	0.03173	0.00668	0.03665	0.00747	0.00897	0.00614	0.02011	0.01100	0.05676	0.08290	0.06184	0.30038	0.16724	0.05350	0.00712	0.00192	0.04609	0.02623	0.06234	0.00494
35	0.05252	0.00989	0.06534	0.00939	0.01269	0.00888	0.08056	0.15274	0.02924	0.24361	0.04271	0.01588	0.01173	0.00576	0.00454	0.00143	0.00439	0.00480	0.23709	0.00681
36	0.01028	0.00893	0.01086	0.00780	0.01216	0.00687	0.03278	0.01278	0.02639	0.01610	0.00901	0.01047	0.00745	0.00372	0.00374	0.00078	0.00381	0.00307	0.00294	0.81006
37	0.17432	0.01842	0.01347	0.03124	0.12415	0.50663	0.00953	0.01800	0.01242	0.03789	0.00806	0.00949	0.00652	0.00490	0.00426	0.00136	0.00731	0.00332	0.00271	0.00599
38	0.01291	0.77537	0.07867	0.00879	0.01320	0.01890	0.00907	0.01477	0.01001	0.01183	0.00697	0.00805	0.00630	0.00424	0.00326	0.00109	0.00539	0.00270	0.00210	0.00637
39	0.01032	0.00916	0.01198	0.00856	0.01298	0.00711	0.07937	0.01269	0.01032	0.01599	0.00885	0.01048	0.00730	0.00369	0.00384	0.00082	0.00408	0.00319	0.00287	0.77639
40	0.01216	0.01168	0.01995	0.03016	0.79664	0.01168	0.01508	0.01508	0.01119	0.01605	0.00924	0.01216	0.00778	0.00438	0.00487	0.00146	0.00584	0.00438	0.00243	0.00778
41	0.02184	0.00869	0.01161	0.00890	0.01271	0.00771	0.00735	0.06985	0.01461	0.75336	0.01893	0.01643	0.01193	0.00607	0.00494	0.00152	0.00426	0.00491	0.00601	0.00836
42	0.00599	0.00428	0.00570	0.00684	0.00713	0.00399	0.00456	0.00684	0.00941	0.01254	0.02709	0.82409	0.03250	0.01540	0.00627	0.00200	0.00285	0.01397	0.00456	0.00399
43	0.00714	0.00478	0.00542	0.00542	0.00544	0.00480	0.00305	0.00718	0.00716	0.00957	0.01543	0.03187	0.01774	0.80958	0.04256	0.00483	0.00495	0.00710	0.00297	0.00301
44	0.00928	0.00873	0.01474	0.81548	0.03385	0.01092	0.01365	0.01256	0.00983	0.01256	0.00873	0.01310	0.00655	0.00491	0.00491	0.00164	0.00655	0.00437	0.00218	0.00546
45	0.00940	0.00885	0.01495	0.78342	0.06499	0.01095	0.01371	0.01266	0.00988	0.01270	0.00876	0.01306	0.00660	0.00489	0.00491	0.00163	0.00652	0.00437	0.00219	0.00555
46	0.01641	0.00781	0.00979	0.00798	0.01053	0.00737	0.00613	0.11567	0.01313	0.42777	0.04204	0.04915	0.01506	0.23619	0.01063	0.00244	0.00440	0.00593	0.00499	0.00659
47	0.01161	0.01320	0.02860	0.02047	0.02539	0.01242	0.76151	0.01597	0.02900	0.01585	0.01017	0.01337	0.00763	0.00420	0.00578	0.00166	0.00819	0.00579	0.00254	0.00665
48	0.02205	0.00836	0.01140	0.00874	0.01254	0.00722	0.00722	0.02395	0.01407	0.80004	0.01939	0.01673	0.01216	0.00608	0.00494	0.00152	0.00418	0.00494	0.00608	0.00836
49	0.00697	0.00519	0.00748	0.06236	0.00964	0.00575	0.00586	0.00842	0.00837	0.01168	0.01664	0.22074	0.01756	0.11678	0.45186	0.00553	0.00901	0.00757	0.01840	0.00421
50	0.00986	0.02542	0.80183	0.01401	0.02127	0.01141	0.01816	0.01556	0.01038	0.01556	0.00882	0.01038	0.00623	0.00467	0.00467	0.00156	0.00726	0.00363	0.00208	0.00726
51	0.13180	0.00905	0.01213	0.00930	0.01311	0.00835	0.05962	0.04887	0.01335	0.59148	0.01648	0.01495	0.01065	0.00567	0.00471	0.00150	0.00444	0.00462	0.00529	0.03464
52	0.00602	0.00430	0.00574	0.00688	0.00718	0.00402	0.00462	0.00690	0.00944	0.01258	0.02707	0.81048	0.03243	0.01536	0.00628	0.00200	0.00288	0.02724	0.00456	0.00400
53	0.06936	0.03811	0.44375	0.01625	0.11487	0.04883	0.14206	0.02833	0.01097	0.02955	0.00905	0.01091	0.00670	0.00459	0.00473	0.00153	0.00697	0.00401	0.00239	0.00703
54	0.01075	0.01023	0.01739	0.41618	0.42169	0.01130	0.01438	0.01384	0.01052	0.01433	0.00899	0.01262	0.00718	0.00464	0.00489	0.00155	0.00619	0.00437	0.00231	0.00664
55	0.00750	0.00527	0.00637	0.00612	0.00667	0.00533	0.00395	0.02066	0.00791	0.01091	0.03197	0.02790	0.01653	0.58122	0.18311	0.00502	0.00637	0.00649	0.00299	0.05772
56	0.02807	0.02469	0.76661	0.01369	0.02080	0.01129	0.01760	0.01547	0.01033	0.01571	0.00877	0.01032	0.00623	0.00464	0.00461	0.00154	0.00711	0.00359	0.00211	0.02681
57	0.00986	0.02542	0.80183	0.01401	0.02127	0.01141	0.01816	0.01556	0.01038	0.01556	0.00882	0.01038	0.00623	0.00467	0.00467	0.00156	0.00726	0.00363	0.00208	0.00726
58	0.02189	0.00862	0.01156	0.00886	0.01267	0.00760	0.00732	0.05939	0.01449	0.76400	0.01903	0.01650	0.01199	0.00607	0.00494	0.00152	0.00424	0.00492	0.00603	0.00836
59	0.00702	0.00525	0.00781	0.00781	0.00866	0.00609	0.00603	0.00872	0.00787	0.01134	0.01324	0.01975	0.01248	0.06438	0.78056	0.00779	0.01287	0.00533	0.00264	0.00434
60	0.01154	0.01105	0.01878	0.19229	0.62441	0.01158	0.01471	0.01450	0.01084	0.01525	0.00909	0.01233	0.00750	0.00457	0.00508	0.00151	0.02096	0.00437	0.00238	0.00726
61	0.01336	0.79692	0.02530	0.00853	0.01272	0.01927	0.00845	0.04597	0.01052	0.01235	0.00703	0.00804	0.00639	0.00427	0.00323	0.00107	0.00526	0.00270	0.00222	0.00639
62	0.05284	0.00693	0.00914	0.00793	0.01042	0.00621	0.00616	0.01729	0.01219	0.47667	0.03686	0.29760	0.01962	0.00933	0.00534	0.00169	0.00367	0.00806	0.00541	0.00664
63	0.01074	0.00952	0.01249	0.31720	0.04772	0.01119	0.01005	0.01942	0.41168	0.01730	0.06812	0.01738	0.01367	0.00615	0.00502	0.00164	0.00486	0.00529	0.00387	0.00668
64	0.01587	0.19069	0.01455	0.00932	0.01275	0.03005	0.00780	0.03334	0.33514	0.27367	0.01651	0.01520	0.01187	0.00589	0.00456	0.00147	0.00442	0.00464	0.00466	0.00761
65	0.00664	0.00477	0.00571	0.00613	0.00717	0.00423	0.00435	0.00779	0.01062	0.04547	0.08809	0.42886	0.33538	0.01348	0.00600	0.00181	0.00273	0.01183	0.00468	0.00428
66	0.00844	0.00634	0.00828	0.00768	0.00768	0.00754	0.00542	0.00830	0.00710	0.00997	0.01154	0.02266	0.01277	0.43290	0.02134	0.17803	0.23220	0.00576	0.00257	0.00348
67	0.01356	0.01382	0.01631	0.02097	0.41791	0.17437	0.01193	0.03262	0.21523	0.01668	0.01177	0.01310	0.00939	0.00514	0.00481	0.00147	0.00594	0.00444	0.00317	0.00737
68	0.01619	0.01321	0.12105	0.01090	0.01430	0.11556	0.03031	0.03668	0.08749	0.32674	0.01408	0.01427	0.01000	0.00829	0.06484	0.00205	0.09822	0.00455	0.00413	0.00713
69	0.01314	0.83025	0.02575	0.00841	0.01261	0.01945	0.00841	0.01472	0.00999	0.01156	0.00683	0.00788	0.00631	0.00420	0.00315	0.00105	0.00526	0.00263	0.00210	0.00631
70	0.01032	0.00894	0.01086	0.00884	0.06517	0.00690	0.00645	0.01256	0.01026	0.01602	0.00877	0.01032	0.00731	0.00369	0.00372	0.00078	0.00379	0.00301	0.00288	0.79941
71	0.25780	0.01535	0.01184	0.01018	0.01325	0.28318	0.00802	0.20030	0.10365	0.03745	0.01007	0.01057	0.00765	0.00533	0.00423	0.00144	0.00593	0.00364	0.00361	0.00652
72	0.01693	0.07666	0.01392	0.01168	0.01408	0.67744	0.00880	0.01810	0.01301	0.01176	0.00829	0.01101	0.00743	0.08324	0.00630	0.00158	0.00823	0.00351	0.00255	0.00548
73	0.01195	0.01160	0.02022	0.07631	0.70169	0.01168	0.06406	0.01497	0.01113	0.01583	0.00926	0.01229	0.00769	0.00440	0.00493	0.00148	0.00604	0.00447	0.00242	0.00757
74	0.01443	0.01095	0.01193	0.00988	0.01316	0.01185	0.00794	0.28307	0.34302	0.07048	0.01750	0.01777	0.04388	0.00657	0.00494	0.00152	0.00437	0.03337	0.00480	0.08858
75	0.00649	0.00498	0.00594	0.00576	0.00707	0.00443	0.00430	0.00834	0.01271	0.01700	0.48376	0.07282	0.32628	0.01116	0.00582	0.00161	0.00240	0.00965	0.00506	0.00443
76	0.01180	0.01271	0.02585	0.02400	0.29388	0.01217	0.51311	0.01551	0.01146	0.01585	0.00970	0.01288	0.00757	0.00422	0.00547	0.00159	0.00743	0.00531	0.00247	0.00703
77	0.01029	0.00906	0.01129	0.00821	0.01230	0.00737	0.03772	0.01247	0.01007	0.01572	0.00863	0.01035	0.00723	0.00400	0.00458	0.00086	0.05938	0.00312	0.00284	0.76451
78	0.00940	0.00840	0.01023	0.01002	0.01101	0.06311	0.00837	0.01166	0.04076	0.01403	0.05997	0.03578	0.05982	0.01183	0.03435	0.00225	0.23245	0.36788	0.00373	0.00495
79	0.00599	0.00428	0.00570	0.00684	0.00713	0.00399	0.00456	0.00684	0.00941	0.01254	0.02709	0.82409	0.03250	0.01540	0.00627	0.00200	0.00285	0.01397	0.00456	0.00399
80	0.01088	0.01931	0.41554	0.01781	0.10040	0.02770	0.27242	0.01550	0.01082	0.01545	0.00912	0.01151	0.00681	0.00463	0.00554	0.00160	0.04126	0.00445	0.00226	0.00699
81	0.00928	0.00873	0.01474	0.81548	0.03385	0.01092	0.01365	0.01256	0.00983	0.01256	0.00873	0.01310	0.00655	0.00491	0.00491	0.00164	0.00655	0.00437	0.00218	0.00546
82	0.00611	0.00436	0.00584	0.00698	0.00732	0.00410	0.00477	0.00705	0.00953	0.01268	0.02702	0.77532	0.03223	0.01528	0.00631	0.00201	0.00296	0.06153	0.00456	0.00403
83	0.01075	0.01075	0.01505	0.01290	0.01290	0.01505	0.01075	0.01183	0.00753	0.01183	0.00645	0.01075	0.00645	0.00860	0.01613	0.00215	0.81830	0.00430	0.00215	0.00538
84	0.04650	0.00841	0.06406	0.04161	0.06397	0.00718	0.03589	0.03969	0.01213	0.20905	0.16166	0.22664	0.04468	0.00899	0.00539	0.00166	0.00404	0.00791	0.00456	0.00602
85	0.00593	0.00498	0.00514	0.00510	0.00671	0.00420	0.00383	0.00728	0.01148	0.01395	0.12746	0.04619	0.71655	0.01220	0.00581	0.00165	0.00247	0.01022	0.00465	0.00420
86	0.00696	0.00502	0.00657	0.00618	0.00734	0.00464	0.00464	0.00927	0.01391	0.01971	0.79405	0.03671	0.04637	0.01005	0.00580	0.00155	0.00232	0.00889	0.00541	0.00464
87	0.01125	0.01568	0.18288	0.01938	0.02480	0.01223	0.62733	0.01571	0.01136	0.01571	0.00972	0.01268	0.00721	0.00425	0.00557	0.00164	0.00808	0.00537	0.00240	0.00675
88	0.01028	0.07765	0.67398	0.06825	0.02138	0.03481	0.01695	0.01542	0.01041	0.01499	0.00865	0.01035	0.00626	0.00467	0.00458	0.00152	0.00713	0.00360	0.00210	0.00703
89	0.01014	0.01004	0.01491	0.71627	0.06623	0.07479	0.01338	0.01323	0.01022	0.01267	0.00867	0.01272	0.00659	0.00490	0.00487	0.00160	0.00670	0.00427	0.00222	0.00558
90	0.03513	0.00762	0.00993	0.00837	0.02254	0.00702	0.00658	0.07306	0.01411	0.44119	0.21559	0.07598	0.03294	0.00785	0.00524	0.00157	0.00371	0.01908	0.00556	0.00693
91	0.01720	0.00987	0.01263	0.22273	0.03051	0.06352	0.00930	0.03644	0.09162	0.43100	0.01552	0.01522	0.01042	0.00573	0.00490	0.00155	0.00515	0.00471	0.00462	0.00735
92	0.01023	0.02975	0.22638	0.24593	0.08711	0.01129	0.20912	0.01454	0.03765	0.01473	0.01128	0.03667	0.03270	0.00519	0.00511	0.00161	0.00677	0.00501	0.00249	0.00643
93	0.01551	0.01880	0.01420	0.23721	0.02032	0.55240	0.01071	0.01733	0.01252	0.01217	0.00787	0.01013	0.00640	0.00517	0.00504	0.00141	0.04126	0.00355	0.00242	0.00562
94	0.02180	0.00914	0.01161	0.00898	0.01274	0.04014	0.00738	0.04688	0.01434	0.74437	0.01867	0.01625	0.01181	0.00604	0.00492	0.00151	0.00441	0.00485	0.00590	0.00825
95	0.01155	0.01216	0.02412	0.04091	0.33329	0.01175	0.42554	0.01505	0.01131	0.01567	0.01034	0.04592	0.00859	0.00471	0.00543	0.00159	0.00705	0.00553	0.00254	0.00696
96	0.01179	0.01015	0.01072	0.00970	0.01237	0.01166	0.00752	0.02480	0.73292	0.02015	0.03543	0.03370	0.04303	0.00708	0.00507	0.00167	0.00379	0.00593	0.00499	0.00753
97	0.01780	0.01276	0.01380	0.01072	0.01433	0.01401	0.00874	0.65998	0.05225	0.06703	0.01275	0.01369	0.00946	0.06195	0.00629	0.00171	0.00524	0.00468	0.00484	0.00797
98	0.01484	0.01574	0.01233	0.01109	0.01381	0.32694	0.00850	0.04596	0.45891	0.01749	0.01485	0.01439	0.01137	0.00601	0.00477	0.00150	0.00590	0.00458	0.00402	0.00697
99	0.01216	0.01168	0.01995	0.03016	0.79664	0.01168	0.01508	0.01508	0.01119	0.01605	0.00924	0.01216	0.00778	0.00438	0.00487	0.00146	0.00584	0.00438	0.00243	0.00778
100	0.00696	0.00502	0.00657	0.00618	0.00734	0.00464	0.00464	0.00927	0.01391	0.01971	0.79405	0.03671	0.04637	0.01005	0.00580	0.00155	0.00232	0.00889	0.00541	0.00464
101	0.01313	0.01274	0.01881	0.01961	0.28015	0.07276	0.19387	0.07188	0.21660	0.03099	0.01246	0.01385	0.00961	0.00511	0.00509	0.00155	0.00608	0.00495	0.00336	0.00740
102	0.01192	0.01286	0.02544	0.02401	0.30594	0.02599	0.48760	0.01557	0.01149	0.01579	0.00965	0.01278	0.00756	0.00424	0.00544	0.00158	0.00740	0.00524	0.00247	0.00703
103	0.00792	0.00566	0.00792	0.00905	0.01018	0.00566	0.00792	0.01018	0.01131	0.01471	0.02602	0.05543	0.02828	0.01358	0.00679	0.00226	0.00453	0.76356	0.00453	0.00453
104	0.00754	0.00528	0.00684	0.00746	0.00818	0.00525	0.00584	0.00894	0.00985	0.01294	0.05394	0.04577	0.04172	0.31842	0.01356	0.00316	0.00448	0.43290	0.00398	0.00394
105	0.01098	0.26014	0.50651	0.01314	0.03439	0.01384	0.06685	0.01532	0.01036	0.01441	0.00832	0.00988	0.00636	0.00449	0.00431	0.00141	0.00672	0.00350	0.00212	0.00695
106	0.00591	0.00457	0.00540	0.00607	0.00693	0.00406	0.00422	0.00693	0.01015	0.01285	0.03646	0.50330	0.34724	0.01418	0.00608	0.00186	0.00270	0.01248	0.00456	0.00406
107	0.01845	0.00913	0.01124	0.00913	0.01254	0.00900	0.00738	0.04014	0.27168	0.50914	0.01937	0.01719	0.01304	0.00627	0.00493	0.00156	0.00407	0.00513	0.02252	0.00809
108	0.00715	0.00476	0.00536	0.00536	0.00536	0.00476	0.00298	0.00715	0.00715	0.00953	0.01548	0.03216	0.01787	0.82729	0.02501	0.00476	0.00476	0.00715	0.00298	0.00298
109	0.01316	0.73187	0.04229	0.00877	0.01290	0.04215	0.00862	0.01566	0.06315	0.01228	0.00780	0.00868	0.00690	0.00441	0.00335	0.00111	0.00532	0.00287	0.00231	0.00641
110	0.00656	0.00491	0.00591	0.00629	0.00724	0.00453	0.00462	0.00785	0.01058	0.01367	0.13845	0.21424	0.27794	0.13764	0.00901	0.00229	0.00323	0.13651	0.00443	0.00407
111	0.33401	0.02330	0.07866	0.00847	0.01223	0.00967	0.00755	0.03360	0.06159	0.36462	0.01349	0.01278	0.00911	0.00540	0.00418	0.00152	0.00433	0.00397	0.00445	0.00706
112	0.01709	0.00988	0.01263	0.01120	0.06661	0.02414	0.03948	0.05932	0.25701	0.39122	0.03089	0.03161	0.01322	0.00628	0.00502	0.00157	0.00446	0.00531	0.00519	0.00788
113	0.01083	0.01040	0.08565	0.00806	0.01267	0.00720	0.00712	0.02741	0.01061	0.05011	0.00926	0.01052	0.00741	0.00388	0.00382	0.00085	0.00404	0.00310	0.00301	0.72405
114	0.00934	0.00812	0.01157	0.01500	0.28929	0.00784	0.00867	0.05493	0.02629	0.01608	0.08786	0.08470	0.25846	0.00884	0.00542	0.00160	0.00407	0.05901	0.00383	0.03910
115	0.01236	0.45679	0.31871	0.01080	0.01611	0.03251	0.01218	0.06381	0.01105	0.01432	0.00792	0.00910	0.00641	0.00451	0.00387	0.00127	0.00610	0.00313	0.00228	0.00679
116	0.01217	0.01160	0.01934	0.02879	0.74319	0.01171	0.01458	0.01583	0.06414	0.01636	0.00998	0.01258	0.00828	0.00453	0.00487	0.00147	0.00571	0.00446	0.00261	0.00778
117	0.00928	0.00873	0.01474	0.81548	0.03385	0.01092	0.01365	0.01256	0.00983	0.01256	0.00873	0.01310	0.00655	0.00491	0.00491	0.00164	0.00655	0.00437	0.00218	0.00546
118	0.00931	0.01470	0.30903	0.39467	0.05741	0.01043	0.01438	0.01334	0.01042	0.01434	0.06401	0.01505	0.04137	0.00546	0.00492	0.00159	0.00633	0.00465	0.00247	0.00612
119	0.01614	0.01281	0.01803	0.01358	0.01765	0.01347	0.22419	0.41476	0.11538	0.08317	0.01288	0.01340	0.00923	0.00552	0.00518	0.00155	0.00593	0.00499	0.00433	0.00780
120	0.19049	0.00859	0.01057	0.00829	0.01194	0.00799	0.00684	0.02204	0.01292	0.64402	0.01687	0.01497	0.01079	0.00578	0.00456	0.00152	0.00411	0.00448	0.00547	0.00775
121	0.01480	0.00708	0.00967	0.00888	0.01133	0.00656	0.00754	0.03195	0.01291	0.38682	0.04030	0.03582	0.02068	0.00980	0.00585	0.00188	0.00433	0.37208	0.00529	0.00642
122	0.07405	0.02083	0.01363	0.01202	0.01483	0.61804	0.00919	0.15080	0.01515	0.01596	0.00827	0.00931	0.00661	0.00518	0.00442	0.00132	0.00793	0.00335	0.00298	0.00613
123	0.01836	0.02342	0.01393	0.01266	0.01519	0.80756	0.00950	0.01962	0.01393	0.01203	0.00760	0.00886	0.00633	0.00506	0.00443	0.00127	0.00886	0.00317	0.00253	0.00570
124	0.00598	0.00459	0.00549	0.00619	0.00703	0.00411	0.00435	0.00703	0.01017	0.01290	0.03587	0.49788	0.32862	0.01419	0.00611	0.00187	0.00276	0.03623	0.00456	0.00407
125	0.00685	0.00506	0.00668	0.00663	0.00751	0.00489	0.00487	0.00872	0.01244	0.01746	0.55538	0.24766	0.04101	0.01143	0.00635	0.00169	0.03577	0.01007	0.00505	0.00449
126	0.00696	0.00502	0.00657	0.00618	0.00734	0.00464	0.00464	0.00927	0.01391	0.01971	0.79405	0.03671	0.04637	0.01005	0.00580	0.00155	0.00232	0.00889	0.00541	0.00464
127	0.00599	0.00428	0.00570	0.00684	0.00713	0.00399	0.00456	0.00684	0.00941	0.01254	0.02709	0.82409	0.03250	0.01540	0.00627	0.00200	0.00285	0.01397	0.00456	0.00399
128	0.04684	0.00872	0.01114	0.00867	0.01226	0.00805	0.00713	0.09932	0.02675	0.63243	0.01801	0.01609	0.01164	0.00600	0.00478	0.00149	0.00416	0.00480	0.06371	0.00800
129	0.01072	0.01021	0.01735	0.42232	0.41573	0.01130	0.01437	0.01382	0.01051	0.01431	0.00899	0.01263	0.00717	0.00465	0.00489	0.00155	0.00619	0.00437	0.00231	0.00662
130	0.01022	0.11481	0.71564	0.01338	0.02031	0.01230	0.01707	0.01547	0.01033	0.01512	0.00860	0.01010	0.00623	0.00462	0.00450	0.00150	0.00704	0.00352	0.00208	0.00716
131	0.01228	0.01436	0.17724	0.01602	0.09342	0.01113	0.27347	0.08722	0.03320	0.06367	0.01073	0.02727	0.00823	0.00483	0.00520	0.00147	0.02077	0.00474	0.00300	0.13174
132	0.01482	0.00826	0.01007	0.00852	0.01129	0.00827	0.00675	0.02093	0.27888	0.33344	0.21791	0.02239	0.02189	0.00730	0.00518	0.00158	0.00360	0.00616	0.00554	0.00721
133	0.77653	0.00972	0.00785	0.00685	0.00998	0.01112	0.00564	0.06131	0.00949	0.05435	0.00766	0.00857	0.00579	0.00471	0.00323	0.00152	0.00391	0.00286	0.00328	0.00563
134	0.01880	0.00764	0.01036	0.00819	0.01142	0.00667	0.00667	0.02079	0.01403	0.63202	0.18619	0.02103	0.01953	0.00694	0.00513	0.00153	0.00378	0.00579	0.00594	0.00756
135	0.01114	0.33537	0.48802	0.01183	0.01778	0.01458	0.01426	0.01517	0.01017	0.01395	0.00801	0.00942	0.00626	0.00456	0.00430	0.00137	0.02160	0.00326	0.00209	0.00686
136	0.00641	0.00472	0.00604	0.00660	0.00741	0.00435	0.00479	0.00785	0.01106	0.01476	0.23312	0.42218	0.15111	0.01336	0.00613	0.00185	0.00282	0.08642	0.00478	0.00424
137	0.00683	0.00490	0.00666	0.00778	0.00846	0.00473	0.00602	0.00831	0.01028	0.01351	0.02703	0.47243	0.04450	0.01454	0.00649	0.00211	0.00358	0.34307	0.00455	0.00423
138	0.00721	0.00512	0.00689	0.00716	0.00775	0.00545	0.00528	0.00839	0.00838	0.01144	0.01718	0.06151	0.01838	0.32236	0.32496	0.00537	0.00791	0.16215	0.00322	0.00388
139	0.01220	0.01199	0.01915	0.10321	0.68561	0.05156	0.01467	0.01507	0.01120	0.01552	0.00911	0.01209	0.00760	0.00446	0.00485	0.00147	0.00606	0.00432	0.00241	0.00746
140	0.01306	0.15587	0.49996	0.01192	0.01792	0.01184	0.01415	0.01725	0.01112	0.18608	0.01079	0.01135	0.00753	0.00490	0.00448	0.00146	0.00626	0.00375	0.00295	0.00734
141	0.59411	0.01054	0.01109	0.00929	0.01196	0.03624	0.08576	0.01426	0.00871	0.01924	0.00711	0.00905	0.00578	0.00527	0.00575	0.00164	0.15264	0.00330	0.00281	0.00548
142	0.02325	0.00476	0.00518	0.00529	0.00642	0.00454	0.00388	0.00968	0.01083	0.01681	0.14147	0.15509	0.15514	0.00906	0.00465	0.00144	0.00245	0.00770	0.42795	0.00443
143	0.00763	0.00538	0.00634	0.00597	0.00746	0.00488	0.00446	0.00978	0.03942	0.06376	0.39184	0.03856	0.32305	0.06142	0.00692	0.00179	0.00270	0.00898	0.00497	0.00468
144	0.09965	0.01037	0.01240	0.03826	0.01409	0.03360	0.07180	0.03580	0.34942	0.13175	0.01570	0.03044	0.01195	0.00610	0.00507	0.00156	0.02654	0.01866	0.00430	0.08253
145	0.01090	0.01040	0.01783	0.32146	0.46443	0.01122	0.03488	0.01394	0.01058	0.01458	0.00921	0.01279	0.00747	0.00570	0.03287	0.00176	0.00642	0.00444	0.00235	0.00677
146	0.00614	0.00499	0.00543	0.00532	0.00684	0.00429	0.00399	0.00769	0.01198	0.01512	0.26343	0.04426	0.57984	0.01176	0.00580	0.00163	0.00244	0.00995	0.00481	0.00429
147	0.25479	0.00960	0.01173	0.00935	0.01286	0.00966	0.06289	0.12409	0.01335	0.36603	0.01460	0.01599	0.01048	0.00600	0.00459	0.00157	0.00456	0.05602	0.00470	0.00712
148	0.02848	0.01277	0.01584	0.05098	0.30834	0.06712	0.01132	0.25720	0.15964	0.02125	0.01188	0.01294	0.00912	0.00535	0.00485	0.00150	0.00554	0.00450	0.00370	0.00769
149	0.00598	0.00438	0.00563	0.00660	0.00707	0.00402	0.00446	0.00691	0.00971	0.01276	0.04380	0.71485	0.12588	0.01494	0.00621	0.00195	0.00280	0.01344	0.00458	0.00402
150	0.01132	0.00728	0.00866	0.00811	0.00993	0.00751	0.00605	0.02783	0.25755	0.16052	0.07437	0.26635	0.02233	0.08763	0.00736	0.00203	0.00364	0.02061	0.00489	0.00602
151	0.01216	0.01168	0.01995	0.03016	0.79664	0.01168	0.01508	0.01508	0.01119	0.01605	0.00924	0.01216	0.00778	0.00438	0.00487	0.00146	0.00584	0.00438	0.00243	0.00778
152	0.00667	0.00498	0.00629	0.00611	0.00729	0.00460	0.00456	0.00864	0.01267	0.01741	0.54456	0.09117	0.18791	0.01270	0.06052	0.00203	0.00313	0.00927	0.00500	0.00448
153	0.00986	0.02542	0.80183	0.01401	0.02127	0.01141	0.01816	0.01556	0.01038	0.01556	0.00882	0.01038	0.00623	0.00467	0.00467	0.00156	0.00726	0.00363	0.00208	0.00726
154	0.01215	0.01171	0.02014	0.02997	0.78062	0.01169	0.03095	0.01510	0.01120	0.01605	0.00926	0.01219	0.00778	0.00437	0.00488	0.00146	0.00589	0.00441	0.00243	0.00776
155	0.01598	0.39090	0.01931	0.01072	0.01402	0.44861	0.00900	0.01739	0.01213	0.01182	0.00725	0.00842	0.00632	0.00467	0.00385	0.00117	0.00722	0.00292	0.00234	0.00597
156	0.01419	0.06498	0.08143	0.04600	0.01782	0.23405	0.18785	0.04070	0.05939	0.07904	0.01059	0.02900	0.00831	0.00511	0.00497	0.00141	0.02076	0.00439	0.00303	0.08698
157	0.03591	0.38869	0.40310	0.01147	0.01716	0.01507	0.03776	0.01515	0.01018	0.01395	0.00790	0.00927	0.00628	0.00444	0.00397	0.00133	0.00629	0.00322	0.00213	0.00675
158	0.00583	0.00498	0.00501	0.00500	0.00665	0.00416	0.00375	0.00710	0.01126	0.01341	0.06591	0.04706	0.77843	0.01239	0.00581	0.00166	0.00249	0.01034	0.00458	0.00416
159	0.02309	0.00514	0.00673	0.00680	0.00786	0.00537	0.00514	0.00832	0.00932	0.01285	0.07671	0.10417	0.21418	0.04272	0.42614	0.00500	0.00817	0.00761	0.02038	0.00430
160	0.00877	0.00656	0.00757	0.00713	0.00877	0.00671	0.00539	0.02837	0.21133	0.03405	0.34557	0.11318	0.11370	0.00951	0.00543	0.00160	0.00289	0.00823	0.06977	0.00546
161	0.01841	0.02200	0.01405	0.01246	0.01520	0.69074	0.00947	0.13177	0.01528	0.01482	0.00822	0.00930	0.00663	0.00519	0.00450	0.00130	0.00835	0.00335	0.00288	0.00609
162	0.01445	0.00674	0.00918	0.00843	0.01069	0.00614	0.00690	0.01625	0.01220	0.39416	0.02249	0.14211	0.02061	0.04634	0.00663	0.00198	0.00414	0.25911	0.00521	0.00624
163	0.00634	0.00500	0.00571	0.00554	0.00696	0.00437	0.00415	0.00808	0.01245	0.01625	0.39390	0.04240	0.44867	0.01134	0.00580	0.00161	0.00241	0.00969	0.00495	0.00437
164	0.00922	0.00864	0.01450	0.77304	0.03260	0.01082	0.01333	0.01241	0.00972	0.01250	0.00885	0.01328	0.00675	0.00612	0.03387	0.00187	0.02046	0.00440	0.00220	0.00542
165	0.01162	0.00651	0.00826	0.00728	0.00933	0.00612	0.00564	0.01492	0.09786	0.23720	0.39907	0.07982	0.07792	0.00906	0.00550	0.00159	0.00306	0.00783	0.00545	0.00595
166	0.00653	0.00501	0.00598	0.00573	0.00708	0.00446	0.00430	0.00845	0.01290	0.01731	0.51691	0.04065	0.32500	0.01094	0.00580	0.00159	0.00238	0.00944	0.00509	0.00446
167	0.17453	0.28803	0.01551	0.00821	0.01200	0.01208	0.00727	0.01905	0.01162	0.38791	0.01280	0.01210	0.00891	0.00516	0.00398	0.00136	0.00448	0.00373	0.00417	0.00710
168	0.21140	0.09284	0.27267	0.01036	0.01520	0.01117	0.03145	0.05435	0.01151	0.22817	0.01119	0.01144	0.00776	0.00502	0.00426	0.00149	0.00538	0.00376	0.00353	0.00705
169	0.00632	0.00464	0.00594	0.00642	0.00719	0.00426	0.00454	0.00774	0.01118	0.01507	0.28578	0.44486	0.13761	0.01319	0.00606	0.00181	0.00266	0.02566	0.00484	0.00424
170	0.00916	0.00458	0.00458	0.00458	0.00573	0.00458	0.00344	0.01145	0.01031	0.01832	0.01603	0.01832	0.01260	0.00573	0.00344	0.00115	0.00229	0.00458	0.85457	0.00458
171	0.04520	0.05909	0.20755	0.01042	0.01372	0.14511	0.02129	0.01522	0.06892	0.07478	0.04146	0.18692	0.01459	0.00764	0.00536	0.00159	0.03865	0.00620	0.03029	0.00603
172	0.06077	0.03986	0.01686	0.09476	0.34249	0.25623	0.02924	0.01619	0.02346	0.01450	0.00850	0.01091	0.00707	0.00492	0.00527	0.00146	0.05455	0.00390	0.00249	0.00658
173	0.01872	0.01440	0.01462	0.01136	0.01519	0.07529	0.00931	0.70844	0.02224	0.04379	0.01162	0.01167	0.00827	0.00584	0.00488	0.00146	0.00565	0.00434	0.00476	0.00816
174	0.00889	0.00668	0.02903	0.00702	0.00893	0.02238	0.00549	0.01098	0.01254	0.08415	0.44796	0.15836	0.03344	0.00938	0.00542	0.00149	0.00303	0.00823	0.00481	0.13180
175	0.01046	0.16541	0.50840	0.01233	0.01811	0.01251	0.03082	0.01470	0.01006	0.01452	0.00849	0.01031	0.00658	0.00585	0.03300	0.00166	0.05577	0.00354	0.00218	0.07532
176	0.00907	0.00839	0.01400	0.73856	0.03134	0.01042	0.01282	0.01214	0.00962	0.01238	0.00924	0.01414	0.00729	0.03547	0.05405	0.00212	0.00689	0.00452	0.00224	0.00531
177	0.01222	0.01056	0.01111	0.01000	0.01278	0.01222	0.00778	0.02611	0.78776	0.02056	0.02000	0.01833	0.01500	0.00667	0.00500	0.00167	0.00389	0.00556	0.00500	0.00778
178	0.01184	0.01134	0.01936	0.11941	0.70995	0.01159	0.01492	0.01479	0.01103	0.01566	0.00919	0.01227	0.00764	0.00444	0.00487	0.00148	0.00592	0.00438	0.00240	0.00752
179	0.40098	0.01115	0.04104	0.01129	0.03904	0.03366	0.17318	0.01703	0.06051	0.13740	0.02473	0.01187	0.00832	0.00495	0.00425	0.00155	0.00513	0.00408	0.00348	0.00636
180	0.00683	0.00502	0.00639	0.00605	0.00726	0.00458	0.00454	0.00903	0.01361	0.01899	0.71101	0.03789	0.12985	0.01031	0.00580	0.00156	0.00234	0.00905	0.00532	0.00458
181	0.00592	0.00454	0.00543	0.00614	0.00694	0.00405	0.00425	0.00692	0.01008	0.01282	0.03559	0.53292	0.31818	0.01429	0.00610	0.00187	0.00272	0.01262	0.00456	0.00405
182	0.01342	0.01314	0.01522	0.15535	0.06909	0.17865	0.11095	0.01986	0.27461	0.06363	0.01347	0.01494	0.01030	0.00563	0.00499	0.00156	0.00614	0.01873	0.00355	0.00676
183	0.00968	0.04943	0.72300	0.01321	0.02000	0.01117	0.01687	0.01496	0.01042	0.01528	0.01155	0.01281	0.05999	0.00518	0.00470	0.00155	0.00687	0.00406	0.00225	0.00702
184	0.00601	0.00438	0.00567	0.00663	0.00709	0.00403	0.00448	0.00696	0.00977	0.01291	0.06066	0.71445	0.10910	0.01488	0.00621	0.00194	0.00279	0.01340	0.00460	0.00403
185	0.86201	0.00950	0.00722	0.00646	0.00950	0.01102	0.00532	0.01445	0.00836	0.02205	0.00684	0.00798	0.00532	0.00456	0.00304	0.00152	0.00380	0.00266	0.00304	0.00532
186	0.00632	0.00500	0.00569	0.00551	0.00695	0.00437	0.00414	0.00804	0.01241	0.01614	0.38110	0.04258	0.46154	0.01138	0.00580	0.00161	0.00241	0.00971	0.00494	0.00437
187	0.01019	0.00873	0.01019	0.00728	0.01165	0.00655	0.00582	0.01237	0.01019	0.01601	0.00873	0.01019	0.00728	0.00364	0.00364	0.00073	0.00364	0.00291	0.00291	0.85734
188	0.00854	0.00427	0.00640	0.00640	0.00640	0.00427	0.00427	0.00640	0.00640	0.00854	0.00854	0.01494	0.00854	0.01707	0.01921	0.85702	0.00427	0.00427	0.00213	0.00213
189	0.00715	0.00476	0.00536	0.00536	0.00536	0.00476	0.00298	0.00715	0.00715	0.00953	0.01548	0.03216	0.01787	0.82729	0.02501	0.00476	0.00476	0.00715	0.00298	0.00298
190	0.00677	0.00484	0.00660	0.00774	0.00837	0.00467	0.00592	0.00820	0.01018	0.01342	0.02665	0.51259	0.03079	0.01466	0.00648	0.00210	0.00353	0.31774	0.00455	0.00421
191	0.01047	0.01161	0.05322	0.35365	0.02771	0.01200	0.35253	0.01402	0.01041	0.01402	0.00905	0.01283	0.00693	0.00492	0.00637	0.00169	0.08524	0.00497	0.00231	0.00604
192	0.00655	0.00505	0.00601	0.00589	0.00725	0.00451	0.00450	0.00842	0.01261	0.01670	0.43226	0.04241	0.35427	0.01129	0.00587	0.00164	0.00254	0.06282	0.00500	0.00443
193	0.00602	0.00432	0.00566	0.00672	0.00705	0.00402	0.00448	0.00686	0.00941	0.01248	0.02764	0.76684	0.06315	0.04146	0.00686	0.00207	0.00290	0.01360	0.00451	0.00397
194	0.01349	0.77523	0.02495	0.00870	0.01279	0.07319	0.00848	0.01505	0.01025	0.01159	0.00688	0.00795	0.00631	0.00426	0.00324	0.00107	0.00550	0.00266	0.00213	0.00626
195	0.01327	0.01179	0.01704	0.01313	0.01615	0.06012	0.25072	0.21979	0.01398	0.01961	0.01112	0.01334	0.00860	0.00564	0.00642	0.00154	0.11996	0.00480	0.18657	0.00642
196	0.01407	0.07028	0.01817	0.06948	0.44753	0.20120	0.01274	0.07977	0.01267	0.01583	0.00887	0.01111	0.00731	0.00469	0.00465	0.00140	0.00652	0.00397	0.00263	0.00710
197	0.01080	0.01267	0.09233	0.01113	0.01256	0.14119	0.00958	0.01265	0.01044	0.01412	0.19217	0.05358	0.01694	0.00827	0.01019	0.00180	0.37556	0.00556	0.00308	0.00538
198	0.01094	0.02194	0.62478	0.01295	0.01937	0.01103	0.01580	0.06788	0.02825	0.04733	0.01027	0.01245	0.00762	0.00510	0.00472	0.00153	0.00663	0.03019	0.00262	0.05858
199	0.01156	0.39270	0.37975	0.01135	0.01664	0.02874	0.01304	0.01499	0.01006	0.01342	0.00773	0.00923	0.00628	0.00473	0.00475	0.00136	0.06167	0.00321	0.00210	0.00667
200	0.00873	0.00696	0.01038	0.45562	0.02157	0.00809	0.00923	0.01142	0.01009	0.01427	0.01624	0.01918	0.11002	0.00703	0.02753	0.00168	0.00500	0.00523	0.24673	0.00501
201	0.00719	0.00508	0.00664	0.00622	0.00742	0.00468	0.00468	0.00950	0.01391	0.03181	0.78203	0.03640	0.04584	0.00999	0.00578	0.00155	0.00235	0.00883	0.00542	0.00469
202	0.01700	0.01138	0.01191	0.00991	0.01301	0.09714	0.00796	0.24966	0.11420	0.25904	0.04568	0.06667	0.01422	0.00716	0.00511	0.00157	0.00490	0.05113	0.00500	0.00736
