[name]
unknown

[dist]
# distance from previous block
# <min> <max>
27	87

[block]
# block no. 0 follows, 51 sequences, length 70
# corresponding to MSA columns:
# 122-191
name=unknown_A
#
# <colnr> <probs for GDERKNQSTAVLIFYWHMCP>
#	G	D	E	R	K	N	Q	S	T	A	V	L	I	F	Y	W	H	M	C	P
0	0.01218	0.00910	0.01073	0.01090	0.11215	0.07198	0.00741	0.12925	0.01497	0.11645	0.41538	0.02506	0.02819	0.00780	0.00533	0.00150	0.00400	0.00668	0.00480	0.00615
1	0.01273	0.00878	0.01035	0.00912	0.01126	0.00939	0.00707	0.23445	0.11049	0.11320	0.04175	0.30585	0.01929	0.00968	0.00612	0.00172	0.05504	0.00816	0.00475	0.02080
2	0.01513	0.00890	0.01085	0.00823	0.01219	0.00762	0.00665	0.03290	0.10071	0.31738	0.01416	0.01366	0.01005	0.00496	0.00432	0.00115	0.00391	0.00402	0.00440	0.41881
3	0.01144	0.00958	0.01497	0.38438	0.21847	0.01041	0.01206	0.06191	0.01123	0.06815	0.01000	0.01303	0.00773	0.00642	0.04600	0.00180	0.00616	0.00430	0.00278	0.09916
4	0.01124	0.01051	0.01640	0.06955	0.37034	0.00990	0.07008	0.01460	0.05187	0.01603	0.00965	0.01193	0.00788	0.00425	0.00451	0.00124	0.00519	0.00403	0.00273	0.30803
5	0.00881	0.00737	0.01135	0.01428	0.25000	0.00761	0.00839	0.01076	0.00928	0.01333	0.05329	0.01906	0.01309	0.12145	0.37165	0.00475	0.00870	0.00527	0.00278	0.05879
6	0.01188	0.01139	0.01944	0.10734	0.72168	0.01160	0.01494	0.01483	0.01106	0.01571	0.00919	0.01226	0.00766	0.00443	0.00487	0.00148	0.00591	0.00438	0.00241	0.00756
7	0.03246	0.01031	0.01456	0.54683	0.02750	0.01226	0.01211	0.25071	0.01391	0.01849	0.00964	0.01258	0.00708	0.00521	0.00487	0.00158	0.00613	0.00434	0.00305	0.00635
8	0.00903	0.00792	0.01101	0.00985	0.01053	0.01007	0.00794	0.01046	0.00797	0.01218	0.01009	0.01532	0.00957	0.05235	0.32386	0.00436	0.37695	0.00472	0.04752	0.05831
9	0.80930	0.00943	0.00749	0.00661	0.00969	0.01079	0.00544	0.01504	0.00872	0.07086	0.00763	0.00853	0.00575	0.00466	0.00316	0.00152	0.00383	0.00280	0.00323	0.00551
10	0.00928	0.00873	0.01474	0.81548	0.03385	0.01092	0.01365	0.01256	0.00983	0.01256	0.00873	0.01310	0.00655	0.00491	0.00491	0.00164	0.00655	0.00437	0.00218	0.00546
11	0.00599	0.00428	0.00570	0.00684	0.00713	0.00399	0.00456	0.00684	0.00941	0.01254	0.02709	0.82409	0.03250	0.01540	0.00627	0.00200	0.00285	0.01397	0.00456	0.00399
12	0.00781	0.00456	0.00602	0.00602	0.00608	0.00461	0.00380	0.00689	0.00683	0.00917	0.01198	0.02303	0.01300	0.38592	0.07132	0.41706	0.00505	0.00564	0.00255	0.00266
13	0.02205	0.00836	0.01140	0.00874	0.01254	0.00722	0.00722	0.02395	0.01407	0.80004	0.01939	0.01673	0.01216	0.00608	0.00494	0.00152	0.00418	0.00494	0.00608	0.00836
14	0.01186	0.01137	0.01941	0.11142	0.71772	0.01160	0.01493	0.01482	0.01105	0.01569	0.00919	0.01226	0.00766	0.00443	0.00487	0.00148	0.00591	0.00438	0.00241	0.00754
15	0.02205	0.00836	0.01140	0.00874	0.01254	0.00722	0.00722	0.02395	0.01407	0.80004	0.01939	0.01673	0.01216	0.00608	0.00494	0.00152	0.00418	0.00494	0.00608	0.00836
16	0.00711	0.00522	0.00668	0.00628	0.00751	0.00489	0.00472	0.00981	0.04132	0.01955	0.74512	0.03636	0.06680	0.01000	0.00577	0.00155	0.00238	0.00881	0.00537	0.00473
17	0.00715	0.00476	0.00536	0.00536	0.00536	0.00476	0.00298	0.00715	0.00715	0.00953	0.01548	0.03216	0.01787	0.82729	0.02501	0.00476	0.00476	0.00715	0.00298	0.00298
18	0.01222	0.01056	0.01111	0.01000	0.01278	0.01222	0.00778	0.02611	0.78776	0.02056	0.02000	0.01833	0.01500	0.00667	0.00500	0.00167	0.00389	0.00556	0.00500	0.00778
19	0.86201	0.00950	0.00722	0.00646	0.00950	0.01102	0.00532	0.01445	0.00836	0.02205	0.00684	0.00798	0.00532	0.00456	0.00304	0.00152	0.00380	0.00266	0.00304	0.00532
20	0.00702	0.00525	0.00782	0.00782	0.00867	0.00610	0.00605	0.00873	0.00788	0.01135	0.01323	0.01970	0.01245	0.06081	0.78410	0.00780	0.01291	0.00532	0.00264	0.00434
21	0.01216	0.01168	0.01995	0.03016	0.79664	0.01168	0.01508	0.01508	0.01119	0.01605	0.00924	0.01216	0.00778	0.00438	0.00487	0.00146	0.00584	0.00438	0.00243	0.00778
22	0.00928	0.00873	0.01474	0.81548	0.03385	0.01092	0.01365	0.01256	0.00983	0.01256	0.00873	0.01310	0.00655	0.00491	0.00491	0.00164	0.00655	0.00437	0.00218	0.00546
23	0.86201	0.00950	0.00722	0.00646	0.00950	0.01102	0.00532	0.01445	0.00836	0.02205	0.00684	0.00798	0.00532	0.00456	0.00304	0.00152	0.00380	0.00266	0.00304	0.00532
24	0.00633	0.00483	0.00713	0.00769	0.00826	0.00451	0.05195	0.00739	0.00954	0.01274	0.02604	0.77446	0.03097	0.01471	0.00624	0.00198	0.00318	0.01347	0.00443	0.00415
25	0.00928	0.00873	0.01474	0.81548	0.03385	0.01092	0.01365	0.01256	0.00983	0.01256	0.00873	0.01310	0.00655	0.00491	0.00491	0.00164	0.00655	0.00437	0.00218	0.00546
26	0.01836	0.02342	0.01393	0.01266	0.01519	0.80756	0.00950	0.01962	0.01393	0.01203	0.00760	0.00886	0.00633	0.00506	0.00443	0.00127	0.00886	0.00317	0.00253	0.00570
27	0.01160	0.01326	0.02900	0.02071	0.02568	0.01243	0.77879	0.01574	0.01160	0.01574	0.00994	0.01326	0.00746	0.00414	0.00580	0.00166	0.00829	0.00580	0.00249	0.00663
28	0.01075	0.01075	0.01505	0.01290	0.01290	0.01505	0.01075	0.01183	0.00753	0.01183	0.00645	0.01075	0.00645	0.00860	0.01613	0.00215	0.81830	0.00430	0.00215	0.00538
29	0.00986	0.02542	0.80183	0.01401	0.02127	0.01141	0.01816	0.01556	0.01038	0.01556	0.00882	0.01038	0.00623	0.00467	0.00467	0.00156	0.00726	0.00363	0.00208	0.00726
30	0.11593	0.01972	0.01349	0.02950	0.06464	0.57308	0.00938	0.06238	0.04177	0.01486	0.00833	0.00957	0.00674	0.00507	0.00436	0.00134	0.00765	0.00337	0.00280	0.00601
31	0.01113	0.01186	0.02124	0.01637	0.01857	0.01389	0.35162	0.01356	0.00933	0.01356	0.00800	0.01186	0.00690	0.00662	0.01154	0.00193	0.45880	0.00497	0.00230	0.00593
32	0.02097	0.00837	0.01124	0.00869	0.01233	0.00738	0.00715	0.05347	0.01442	0.72012	0.06769	0.01778	0.01416	0.00632	0.00499	0.00152	0.00411	0.00517	0.00599	0.00813
33	0.00589	0.00468	0.00529	0.00578	0.00685	0.00408	0.00409	0.00696	0.01043	0.01296	0.03997	0.38301	0.46526	0.01372	0.00601	0.00180	0.00265	0.01193	0.00456	0.00408
34	0.00599	0.00428	0.00570	0.00684	0.00713	0.00399	0.00456	0.00684	0.00941	0.01254	0.02709	0.82409	0.03250	0.01540	0.00627	0.00200	0.00285	0.01397	0.00456	0.00399
35	0.01216	0.01168	0.01995	0.03016	0.79664	0.01168	0.01508	0.01508	0.01119	0.01605	0.00924	0.01216	0.00778	0.00438	0.00487	0.00146	0.00584	0.00438	0.00243	0.00778
36	0.00602	0.00499	0.00527	0.00520	0.00676	0.00424	0.00390	0.00745	0.01169	0.01444	0.18416	0.04538	0.65954	0.01201	0.00581	0.00164	0.00246	0.01010	0.00472	0.00424
37	0.00994	0.04600	0.78199	0.01386	0.02105	0.01162	0.01791	0.01554	0.01037	0.01546	0.00877	0.01031	0.00623	0.00466	0.00463	0.00154	0.00721	0.00361	0.00208	0.00724
38	0.86201	0.00950	0.00722	0.00646	0.00950	0.01102	0.00532	0.01445	0.00836	0.02205	0.00684	0.00798	0.00532	0.00456	0.00304	0.00152	0.00380	0.00266	0.00304	0.00532
39	0.01550	0.00723	0.00857	0.00708	0.00964	0.00696	0.00568	0.11182	0.01340	0.33281	0.01685	0.01687	0.01190	0.00589	0.00422	0.00134	0.00343	0.00471	0.40953	0.00656
40	0.00928	0.00873	0.01474	0.81548	0.03385	0.01092	0.01365	0.01256	0.00983	0.01256	0.00873	0.01310	0.00655	0.00491	0.00491	0.00164	0.00655	0.00437	0.00218	0.00546
41	0.01371	0.01464	0.01445	0.42712	0.02483	0.29784	0.01162	0.11033	0.01295	0.01465	0.00871	0.01142	0.00670	0.00509	0.00474	0.00148	0.00724	0.00394	0.00265	0.00590
42	0.01077	0.01025	0.01743	0.40990	0.42780	0.01131	0.01439	0.01386	0.01053	0.01436	0.00900	0.01262	0.00719	0.00464	0.00489	0.00155	0.00618	0.00437	0.00231	0.00666
43	0.01090	0.03365	0.40904	0.05804	0.36074	0.01165	0.01642	0.01520	0.01070	0.01556	0.00896	0.01124	0.00692	0.00454	0.00474	0.00151	0.00657	0.00397	0.00224	0.00739
44	0.01384	0.06619	0.01487	0.01210	0.01369	0.25796	0.00978	0.05683	0.10725	0.01397	0.00879	0.01099	0.00757	0.00686	0.00975	0.00171	0.37509	0.00401	0.00276	0.00599
45	0.45078	0.00859	0.00817	0.00709	0.00971	0.00938	0.00571	0.10834	0.01219	0.06239	0.25067	0.01776	0.01870	0.00650	0.00422	0.00152	0.00356	0.00492	0.00416	0.00564
46	0.00927	0.03304	0.08941	0.06103	0.02839	0.00843	0.09633	0.10336	0.02568	0.01562	0.01930	0.41908	0.03437	0.01038	0.00585	0.00178	0.02001	0.00935	0.00382	0.00547
47	0.00715	0.00476	0.00536	0.00536	0.00536	0.00476	0.00298	0.00715	0.00715	0.00953	0.01548	0.03216	0.01787	0.82729	0.02501	0.00476	0.00476	0.00715	0.00298	0.00298
48	0.00702	0.00527	0.00790	0.00790	0.00878	0.00614	0.00614	0.00878	0.00790	0.01141	0.01316	0.01931	0.01229	0.03686	0.80782	0.00790	0.01316	0.00527	0.00263	0.00439
49	0.00632	0.00500	0.00569	0.00552	0.00695	0.00437	0.00414	0.00804	0.01241	0.01614	0.38185	0.04257	0.46078	0.01138	0.00580	0.00161	0.00241	0.00971	0.00494	0.00437
50	0.86201	0.00950	0.00722	0.00646	0.00950	0.01102	0.00532	0.01445	0.00836	0.02205	0.00684	0.00798	0.00532	0.00456	0.00304	0.00152	0.00380	0.00266	0.00304	0.00532
51	0.01216	0.01168	0.01995	0.03016	0.79664	0.01168	0.01508	0.01508	0.01119	0.01605	0.00924	0.01216	0.00778	0.00438	0.00487	0.00146	0.00584	0.00438	0.00243	0.00778
52	0.00928	0.00873	0.01474	0.81548	0.03385	0.01092	0.01365	0.01256	0.00983	0.01256	0.00873	0.01310	0.00655	0.00491	0.00491	0.00164	0.00655	0.00437	0.00218	0.00546
53	0.00916	0.00458	0.00458	0.00458	0.00573	0.00458	0.00344	0.01145	0.01031	0.01832	0.01603	0.01832	0.01260	0.00573	0.00344	0.00115	0.00229	0.00458	0.85457	0.00458
54	0.00802	0.00526	0.00691	0.00636	0.00771	0.00482	0.00482	0.01031	0.01392	0.07467	0.73948	0.03530	0.04396	0.00977	0.00574	0.00154	0.00245	0.00861	0.00546	0.00490
55	0.00704	0.00520	0.00758	0.00758	0.00835	0.00597	0.00575	0.00857	0.00780	0.01117	0.01345	0.02090	0.01298	0.13491	0.71071	0.00751	0.01212	0.00550	0.00268	0.00421
56	0.00690	0.00502	0.00650	0.00613	0.00731	0.00461	0.00460	0.00917	0.01379	0.01941	0.75962	0.03720	0.08098	0.01016	0.00580	0.00155	0.00233	0.00896	0.00537	0.00461
57	0.00703	0.00523	0.00772	0.00772	0.00853	0.00605	0.00592	0.00866	0.00784	0.01128	0.01333	0.02021	0.01268	0.09253	0.75268	0.00768	0.01257	0.00540	0.00266	0.00429
58	0.01095	0.01043	0.01775	0.36176	0.47456	0.01136	0.01448	0.01402	0.01061	0.01458	0.00903	0.01256	0.00726	0.00460	0.00489	0.00153	0.00614	0.00437	0.00233	0.00680
59	0.42820	0.00891	0.00938	0.00764	0.01107	0.00906	0.00630	0.01935	0.01131	0.42385	0.01332	0.01250	0.00886	0.00535	0.00402	0.00152	0.00400	0.00384	0.00461	0.00689
60	0.01145	0.01580	0.24851	0.02477	0.51463	0.01165	0.07145	0.01527	0.01098	0.01589	0.00917	0.01172	0.00731	0.00445	0.00488	0.00150	0.00643	0.00426	0.00233	0.00755
61	0.01528	0.01105	0.01207	0.01015	0.01337	0.01226	0.00809	0.21615	0.48241	0.13636	0.01784	0.01645	0.01291	0.00639	0.00497	0.00160	0.00431	0.00518	0.00514	0.00801
62	0.01198	0.01149	0.01962	0.07944	0.74878	0.01163	0.01499	0.01492	0.01110	0.01584	0.00921	0.01222	0.00771	0.00441	0.00487	0.00147	0.00588	0.00438	0.00242	0.00764
63	0.01099	0.01089	0.01981	0.11822	0.43895	0.01091	0.19111	0.01402	0.01099	0.01520	0.01215	0.07576	0.03740	0.00551	0.00523	0.00157	0.00614	0.00565	0.00265	0.00682
64	0.01406	0.01257	0.00988	0.00872	0.01085	0.26015	0.00675	0.17248	0.01402	0.01878	0.01226	0.01381	0.00959	0.00562	0.00437	0.00128	0.02539	0.00410	0.38960	0.00573
65	0.00995	0.00749	0.00973	0.03706	0.01061	0.00831	0.00687	0.10613	0.01338	0.05893	0.42689	0.07607	0.02979	0.00920	0.00767	0.00169	0.16286	0.00739	0.00458	0.00542
66	0.01019	0.00873	0.01019	0.00728	0.01165	0.00655	0.00582	0.01237	0.01019	0.01601	0.00873	0.01019	0.00728	0.00364	0.00364	0.00073	0.00364	0.00291	0.00291	0.85734
67	0.31739	0.01157	0.01895	0.01426	0.01827	0.01190	0.40509	0.01656	0.10672	0.01861	0.01008	0.01199	0.00763	0.00461	0.00471	0.00161	0.00613	0.00464	0.00300	0.00630
68	0.05908	0.01263	0.01464	0.06254	0.01521	0.11224	0.03723	0.16459	0.01220	0.07554	0.00890	0.01126	0.00722	0.00684	0.00988	0.00178	0.37465	0.00420	0.00310	0.00627
69	0.01261	0.01213	0.03174	0.00940	0.03236	0.14467	0.00738	0.07290	0.05317	0.03692	0.02832	0.01137	0.00865	0.00447	0.00409	0.00101	0.00481	0.00346	0.00322	0.51734

[dist]
# distance from previous block
# <min> <max>
0	1

[block]
# block no. 1 follows, 51 sequences, length 47
# corresponding to MSA columns:
# 193-239
name=unknown_B
#
# <colnr> <probs for GDERKNQSTAVLIFYWHMCP>
#	G	D	E	R	K	N	Q	S	T	A	V	L	I	F	Y	W	H	M	C	P
0	0.01055	0.01093	0.05458	0.38179	0.29244	0.01177	0.03676	0.01357	0.01008	0.01390	0.00866	0.01236	0.00697	0.00516	0.00634	0.00164	0.10948	0.00437	0.00227	0.00637
1	0.01216	0.01168	0.01995	0.03016	0.79664	0.01168	0.01508	0.01508	0.01119	0.01605	0.00924	0.01216	0.00778	0.00438	0.00487	0.00146	0.00584	0.00438	0.00243	0.00778
2	0.01545	0.01216	0.01293	0.01065	0.01401	0.01373	0.00856	0.40345	0.40516	0.02577	0.01590	0.01506	0.01168	0.00628	0.00496	0.00157	0.00465	0.00499	0.00496	0.00807
3	0.01081	0.01017	0.01377	0.47737	0.06252	0.04966	0.01161	0.01743	0.26316	0.01530	0.01237	0.01456	0.00935	0.00547	0.00492	0.00162	0.00576	0.00470	0.00313	0.00634
4	0.00640	0.00500	0.00582	0.00576	0.00712	0.00442	0.00435	0.00812	0.01225	0.01599	0.35835	0.07978	0.40978	0.01164	0.00587	0.00166	0.00253	0.04589	0.00491	0.00436
5	0.00928	0.00873	0.01474	0.81548	0.03385	0.01092	0.01365	0.01256	0.00983	0.01256	0.00873	0.01310	0.00655	0.00491	0.00491	0.00164	0.00655	0.00437	0.00218	0.00546
6	0.02205	0.00836	0.01140	0.00874	0.01254	0.00722	0.00722	0.02395	0.01407	0.80004	0.01939	0.01673	0.01216	0.00608	0.00494	0.00152	0.00418	0.00494	0.00608	0.00836
7	0.00633	0.00500	0.00570	0.00553	0.00696	0.00437	0.00415	0.00806	0.01244	0.01621	0.38895	0.04247	0.45365	0.01135	0.00580	0.00161	0.00241	0.00970	0.00495	0.00437
8	0.00854	0.00427	0.00640	0.00640	0.00640	0.00427	0.00427	0.00640	0.00640	0.00854	0.00854	0.01494	0.00854	0.01707	0.01921	0.85702	0.00427	0.00427	0.00213	0.00213
9	0.86201	0.00950	0.00722	0.00646	0.00950	0.01102	0.00532	0.01445	0.00836	0.02205	0.00684	0.00798	0.00532	0.00456	0.00304	0.00152	0.00380	0.00266	0.00304	0.00532
10	0.01216	0.01168	0.01995	0.03016	0.79664	0.01168	0.01508	0.01508	0.01119	0.01605	0.00924	0.01216	0.00778	0.00438	0.00487	0.00146	0.00584	0.00438	0.00243	0.00778
11	0.00658	0.00501	0.00605	0.00579	0.00711	0.00448	0.00434	0.00855	0.01303	0.01762	0.55259	0.04014	0.28912	0.01082	0.00580	0.00158	0.00237	0.00937	0.00514	0.00448
12	0.01198	0.01035	0.01088	0.00981	0.01255	0.01192	0.00763	0.02539	0.75839	0.02028	0.02113	0.01943	0.04449	0.00689	0.00503	0.00167	0.00384	0.00574	0.00498	0.00764
13	0.00928	0.00873	0.01474	0.81548	0.03385	0.01092	0.01365	0.01256	0.00983	0.01256	0.00873	0.01310	0.00655	0.00491	0.00491	0.00164	0.00655	0.00437	0.00218	0.00546
14	0.01092	0.00827	0.00908	0.00810	0.01024	0.00856	0.00623	0.29642	0.04539	0.01995	0.02761	0.26648	0.24150	0.01066	0.00558	0.00169	0.00374	0.00905	0.00471	0.00581
15	0.01075	0.01075	0.01505	0.01290	0.01290	0.01505	0.01075	0.01183	0.00753	0.01183	0.00645	0.01075	0.00645	0.00860	0.01613	0.00215	0.81830	0.00430	0.00215	0.00538
16	0.86201	0.00950	0.00722	0.00646	0.00950	0.01102	0.00532	0.01445	0.00836	0.02205	0.00684	0.00798	0.00532	0.00456	0.00304	0.00152	0.00380	0.00266	0.00304	0.00532
17	0.01837	0.02304	0.01396	0.01261	0.01519	0.77666	0.00949	0.04929	0.01428	0.01277	0.00776	0.00898	0.00641	0.00510	0.00445	0.00127	0.00873	0.00321	0.00263	0.00580
18	0.04517	0.01350	0.01286	0.01076	0.01400	0.11445	0.00857	0.34065	0.34230	0.02389	0.01454	0.01404	0.01078	0.00607	0.00482	0.00153	0.00515	0.00468	0.00458	0.00767
19	0.86201	0.00950	0.00722	0.00646	0.00950	0.01102	0.00532	0.01445	0.00836	0.02205	0.00684	0.00798	0.00532	0.00456	0.00304	0.00152	0.00380	0.00266	0.00304	0.00532
20	0.01875	0.01165	0.01307	0.01011	0.01378	0.01235	0.00832	0.52710	0.01978	0.22325	0.01405	0.01357	0.00966	0.00593	0.00480	0.00146	0.00484	0.00457	0.07489	0.00805
21	0.00696	0.00502	0.00657	0.00618	0.00734	0.00464	0.00464	0.00927	0.01391	0.01971	0.79405	0.03671	0.04637	0.01005	0.00580	0.00155	0.00232	0.00889	0.00541	0.00464
22	0.00928	0.00873	0.01474	0.81548	0.03385	0.01092	0.01365	0.01256	0.00983	0.01256	0.00873	0.01310	0.00655	0.00491	0.00491	0.00164	0.00655	0.00437	0.00218	0.00546
23	0.02205	0.00836	0.01140	0.00874	0.01254	0.00722	0.00722	0.02395	0.01407	0.80004	0.01939	0.01673	0.01216	0.00608	0.00494	0.00152	0.00418	0.00494	0.00608	0.00836
24	0.00942	0.00888	0.01499	0.77798	0.07027	0.01095	0.01372	0.01268	0.00989	0.01272	0.00876	0.01306	0.00661	0.00489	0.00491	0.00163	0.00652	0.00437	0.00220	0.00557
25	0.00715	0.00476	0.00536	0.00536	0.00536	0.00476	0.00298	0.00715	0.00715	0.00953	0.01548	0.03216	0.01787	0.82729	0.02501	0.00476	0.00476	0.00715	0.00298	0.00298
26	0.01363	0.01522	0.01443	0.30943	0.09603	0.33510	0.01133	0.01744	0.11299	0.01372	0.00979	0.01197	0.00768	0.00515	0.00472	0.00147	0.00708	0.00403	0.00272	0.00608
27	0.01098	0.00995	0.01473	0.43994	0.15829	0.01159	0.01221	0.05499	0.20446	0.01607	0.01178	0.01418	0.00896	0.00531	0.00493	0.00161	0.00571	0.00467	0.00307	0.00658
28	0.01836	0.02342	0.01393	0.01266	0.01519	0.80756	0.00950	0.01962	0.01393	0.01203	0.00760	0.00886	0.00633	0.00506	0.00443	0.00127	0.00886	0.00317	0.00253	0.00570
29	0.00604	0.00432	0.00577	0.00691	0.00722	0.00404	0.00466	0.00694	0.00946	0.01261	0.02705	0.80161	0.03238	0.01534	0.00629	0.00200	0.00290	0.03589	0.00456	0.00401
30	0.01019	0.00873	0.01019	0.00728	0.01165	0.00655	0.00582	0.01237	0.01019	0.01601	0.00873	0.01019	0.00728	0.00364	0.00364	0.00073	0.00364	0.00291	0.00291	0.85734
31	0.78515	0.00967	0.00777	0.00680	0.00992	0.01108	0.00560	0.05337	0.00934	0.05438	0.00761	0.00853	0.00576	0.00469	0.00321	0.00152	0.00390	0.00284	0.00326	0.00560
32	0.01113	0.11485	0.01662	0.02782	0.01364	0.01531	0.03322	0.01304	0.04726	0.01236	0.00733	0.01089	0.00689	0.00774	0.01340	0.00196	0.63439	0.00420	0.00230	0.00565
33	0.02205	0.00836	0.01140	0.00874	0.01254	0.00722	0.00722	0.02395	0.01407	0.80004	0.01939	0.01673	0.01216	0.00608	0.00494	0.00152	0.00418	0.00494	0.00608	0.00836
34	0.00770	0.00559	0.00761	0.00862	0.00981	0.00550	0.00748	0.00985	0.01130	0.01456	0.02852	0.05458	0.10883	0.01346	0.00668	0.00220	0.00431	0.68440	0.00453	0.00449
35	0.86201	0.00950	0.00722	0.00646	0.00950	0.01102	0.00532	0.01445	0.00836	0.02205	0.00684	0.00798	0.00532	0.00456	0.00304	0.00152	0.00380	0.00266	0.00304	0.00532
36	0.01081	0.01079	0.01525	0.01361	0.04502	0.01491	0.01093	0.01196	0.00768	0.01200	0.00657	0.01081	0.00651	0.00843	0.01567	0.00212	0.78500	0.00430	0.00216	0.00547
37	0.00937	0.00870	0.01440	0.77325	0.03259	0.01081	0.01324	0.01293	0.03299	0.01292	0.00923	0.01338	0.00694	0.00498	0.00488	0.00163	0.00638	0.00441	0.02146	0.00551
38	0.00604	0.00499	0.00530	0.00522	0.00678	0.00425	0.00392	0.00750	0.01175	0.01457	0.19965	0.04516	0.64397	0.01196	0.00581	0.00164	0.00245	0.01007	0.00473	0.00425
39	0.00928	0.00873	0.01474	0.81548	0.03385	0.01092	0.01365	0.01256	0.00983	0.01256	0.00873	0.01310	0.00655	0.00491	0.00491	0.00164	0.00655	0.00437	0.00218	0.00546
40	0.00587	0.00498	0.00506	0.00504	0.00667	0.00417	0.00378	0.00716	0.01134	0.01360	0.08723	0.04676	0.75699	0.01233	0.00581	0.00165	0.00248	0.01030	0.00461	0.00417
41	0.00783	0.00560	0.00779	0.00878	0.00992	0.00556	0.00761	0.01010	0.01156	0.01517	0.09781	0.05368	0.02997	0.01325	0.00670	0.00220	0.00432	0.69302	0.00461	0.00454
42	0.00717	0.00516	0.00655	0.00726	0.00789	0.00504	0.00501	0.07914	0.01069	0.01427	0.02566	0.74816	0.03025	0.01451	0.00615	0.00195	0.00309	0.01308	0.00459	0.00440
43	0.00691	0.00521	0.00750	0.00750	0.00840	0.00589	0.00576	0.00853	0.00817	0.01149	0.01670	0.02257	0.08570	0.07435	0.69346	0.00716	0.01174	0.00584	0.00283	0.00429
44	0.01060	0.00971	0.04483	0.00777	0.01224	0.00720	0.00654	0.05091	0.01084	0.01674	0.00889	0.01028	0.00729	0.00380	0.00375	0.00080	0.00389	0.00302	0.00298	0.77793
45	0.06051	0.01342	0.01439	0.01113	0.01485	0.01502	0.00920	0.70855	0.02169	0.02969	0.01132	0.01156	0.00812	0.00595	0.00531	0.00151	0.04066	0.00433	0.00470	0.00808
46	0.05207	0.00886	0.01419	0.73656	0.03162	0.01099	0.01295	0.01330	0.04690	0.01341	0.00918	0.01310	0.00689	0.00498	0.00482	0.00163	0.00629	0.00434	0.00236	0.00556

[dist]
# distance from previous block
# <min> <max>
0	2

# created by:
# /st0/software/busco_prod/Augustus/scripts/msa2prfl.pl ./align_prep/70243.fa
