[name]
unknown

[dist]
# distance from previous block
# <min> <max>
0	53

[block]
# block no. 0 follows, 51 sequences, length 29
# corresponding to MSA columns:
# 55-83
name=unknown_A
#
# <colnr> <probs for GDERKNQSTAVLIFYWHMCP>
#	G	D	E	R	K	N	Q	S	T	A	V	L	I	F	Y	W	H	M	C	P
0	0.13756	0.03242	0.11765	0.00942	0.02234	0.04854	0.00843	0.09535	0.04331	0.06239	0.04623	0.10157	0.03008	0.00765	0.00488	0.00158	0.00469	0.12179	0.00379	0.10033
1	0.21456	0.15119	0.26694	0.01178	0.07608	0.04733	0.01124	0.07408	0.04164	0.01762	0.01023	0.01130	0.03677	0.00503	0.00411	0.00145	0.00561	0.00367	0.00279	0.00660
2	0.09686	0.05053	0.17784	0.00896	0.01237	0.00922	0.00864	0.08157	0.08502	0.08463	0.17383	0.06124	0.10123	0.00764	0.00497	0.00157	0.00432	0.01926	0.00413	0.00619
3	0.01286	0.24641	0.16544	0.01129	0.01548	0.06760	0.08772	0.14890	0.05836	0.01741	0.06128	0.04355	0.01103	0.00563	0.00450	0.00140	0.00577	0.00454	0.02414	0.00668
4	0.00801	0.07221	0.15850	0.12079	0.01434	0.00793	0.00911	0.01044	0.00988	0.01331	0.03702	0.29355	0.04964	0.01295	0.09070	0.00242	0.00559	0.07513	0.00339	0.00510
5	0.01057	0.07752	0.70487	0.01356	0.02035	0.05903	0.01701	0.01575	0.01056	0.01509	0.00862	0.01012	0.00624	0.00466	0.00456	0.00151	0.00723	0.00354	0.00210	0.00711
6	0.01341	0.37376	0.20477	0.01001	0.01445	0.05454	0.01032	0.01676	0.06211	0.12709	0.01129	0.06171	0.00935	0.00549	0.00415	0.00135	0.00552	0.00413	0.00304	0.00675
7	0.00811	0.00525	0.00656	0.00644	0.00783	0.00471	0.00485	0.00978	0.01211	0.09909	0.30864	0.20399	0.23731	0.01159	0.00587	0.00171	0.00280	0.05358	0.00503	0.00476
8	0.08266	0.00853	0.04210	0.01023	0.01285	0.00778	0.13238	0.02427	0.02544	0.19379	0.09826	0.19048	0.02025	0.00894	0.00576	0.00175	0.02281	0.10139	0.00439	0.00593
9	0.02951	0.08514	0.17676	0.01019	0.01457	0.01110	0.00987	0.18815	0.05192	0.30904	0.01409	0.01357	0.00963	0.00557	0.00462	0.00146	0.00507	0.00433	0.04771	0.00769
10	0.00942	0.00888	0.01500	0.77628	0.07193	0.01096	0.01372	0.01268	0.00989	0.01273	0.00876	0.01305	0.00661	0.00489	0.00491	0.00163	0.00652	0.00437	0.00220	0.00558
11	0.01084	0.01102	0.01653	0.01373	0.01426	0.01477	0.09233	0.01224	0.00796	0.01224	0.00682	0.01102	0.00656	0.00813	0.01503	0.00210	0.73226	0.00446	0.00219	0.00551
12	0.00951	0.00897	0.01515	0.75387	0.09369	0.01098	0.01376	0.01275	0.00993	0.01283	0.00877	0.01303	0.00665	0.00487	0.00491	0.00162	0.00650	0.00437	0.00220	0.00564
13	0.01154	0.01062	0.01859	0.30956	0.40826	0.01127	0.09132	0.01466	0.01088	0.05199	0.00961	0.01283	0.00752	0.00463	0.00498	0.00155	0.00626	0.00454	0.00252	0.00686
14	0.00986	0.02542	0.80183	0.01401	0.02127	0.01141	0.01816	0.01556	0.01038	0.01556	0.00882	0.01038	0.00623	0.00467	0.00467	0.00156	0.00726	0.00363	0.00208	0.00726
15	0.01079	0.01027	0.01746	0.40490	0.43265	0.01131	0.01440	0.01388	0.01054	0.01439	0.00900	0.01261	0.00720	0.00463	0.00489	0.00154	0.00618	0.00437	0.00231	0.00667
16	0.01198	0.01149	0.01962	0.07944	0.74877	0.01163	0.01499	0.01492	0.01110	0.01584	0.00921	0.01222	0.00771	0.00441	0.00487	0.00147	0.00588	0.00438	0.00242	0.00764
17	0.01106	0.32125	0.51657	0.01195	0.01809	0.01437	0.01457	0.01525	0.01023	0.01409	0.00809	0.00946	0.00626	0.00450	0.00411	0.00137	0.00652	0.00326	0.00209	0.00691
18	0.00602	0.00431	0.00574	0.00682	0.00714	0.00402	0.00456	0.00694	0.00958	0.01282	0.05636	0.79404	0.03303	0.01519	0.00625	0.00198	0.00283	0.01378	0.00459	0.00402
19	0.01054	0.01147	0.02341	0.17306	0.02498	0.01137	0.53002	0.01413	0.01110	0.01476	0.01363	0.01659	0.08674	0.00526	0.00593	0.00167	0.03066	0.00594	0.00263	0.00611
20	0.01857	0.01120	0.09518	0.00942	0.01324	0.04649	0.00838	0.10434	0.04545	0.48843	0.01658	0.01536	0.01100	0.00585	0.00474	0.00148	0.00467	0.00465	0.08724	0.00773
21	0.01216	0.01168	0.01995	0.03016	0.79664	0.01168	0.01508	0.01508	0.01119	0.01605	0.00924	0.01216	0.00778	0.00438	0.00487	0.00146	0.00584	0.00438	0.00243	0.00778
22	0.00596	0.00483	0.00530	0.00551	0.00682	0.00416	0.00401	0.00723	0.01108	0.01376	0.11991	0.21852	0.55003	0.01286	0.00591	0.00172	0.00255	0.01102	0.00465	0.00416
23	0.01054	0.01138	0.02253	0.01658	0.02069	0.01080	0.55059	0.01510	0.08990	0.01575	0.01869	0.02037	0.16091	0.00601	0.00572	0.00166	0.00672	0.00666	0.00314	0.00626
24	0.01885	0.01238	0.09929	0.01219	0.09336	0.04778	0.00975	0.17759	0.01523	0.43961	0.01509	0.01419	0.01001	0.00567	0.00487	0.00150	0.00516	0.00455	0.00487	0.00806
25	0.00678	0.00484	0.00661	0.00774	0.00837	0.00467	0.00593	0.00821	0.01019	0.01343	0.02665	0.51039	0.03078	0.01465	0.00648	0.00210	0.00353	0.31989	0.00455	0.00421
26	0.01187	0.01138	0.01942	0.10947	0.71961	0.01160	0.01494	0.01483	0.01105	0.01570	0.00919	0.01226	0.00766	0.00443	0.00487	0.00148	0.00591	0.00438	0.00241	0.00755
27	0.01146	0.01101	0.01844	0.18075	0.56954	0.01187	0.01437	0.01426	0.01056	0.01495	0.00886	0.01220	0.00741	0.00491	0.00601	0.00156	0.08802	0.00437	0.00236	0.00709
28	0.01688	0.01431	0.01228	0.01067	0.01354	0.27964	0.00844	0.15876	0.11604	0.18263	0.01505	0.04305	0.01224	0.00688	0.00501	0.00154	0.00594	0.08595	0.00431	0.00683

[dist]
# distance from previous block
# <min> <max>
0	3

[block]
# block no. 1 follows, 51 sequences, length 39
# corresponding to MSA columns:
# 87-125
name=unknown_B
#
# <colnr> <probs for GDERKNQSTAVLIFYWHMCP>
#	G	D	E	R	K	N	Q	S	T	A	V	L	I	F	Y	W	H	M	C	P
0	0.11474	0.01575	0.01178	0.01031	0.01293	0.36460	0.00797	0.17280	0.04875	0.01891	0.15899	0.01508	0.01464	0.00620	0.00465	0.00141	0.00610	0.00456	0.00374	0.00609
1	0.07914	0.40499	0.01908	0.01010	0.01354	0.33048	0.00866	0.05830	0.01214	0.01359	0.00741	0.00849	0.00635	0.00466	0.00375	0.00119	0.00658	0.00294	0.00250	0.00610
2	0.01216	0.01168	0.01995	0.03016	0.79664	0.01168	0.01508	0.01508	0.01119	0.01605	0.00924	0.01216	0.00778	0.00438	0.00487	0.00146	0.00584	0.00438	0.00243	0.00778
3	0.01352	0.01394	0.01797	0.02477	0.56609	0.16824	0.01330	0.03209	0.07276	0.01591	0.00981	0.01199	0.00807	0.00472	0.00479	0.00144	0.00627	0.00423	0.00270	0.00738
4	0.01212	0.14013	0.02051	0.07923	0.62244	0.01285	0.01394	0.01486	0.01091	0.01511	0.00883	0.01155	0.00747	0.00439	0.00460	0.00141	0.00579	0.00410	0.00236	0.00740
5	0.01060	0.01009	0.01713	0.45490	0.38408	0.01127	0.01431	0.01372	0.01045	0.01416	0.00897	0.01267	0.00712	0.00467	0.00489	0.00156	0.00622	0.00437	0.00230	0.00653
6	0.01206	0.01157	0.01977	0.05755	0.77004	0.01165	0.01503	0.01499	0.01114	0.01593	0.00923	0.01220	0.00774	0.00440	0.00487	0.00147	0.00586	0.00438	0.00242	0.00770
7	0.03558	0.02279	0.65530	0.01632	0.14277	0.01144	0.01729	0.01545	0.01044	0.01583	0.00883	0.01059	0.00644	0.00462	0.00465	0.00154	0.00694	0.00372	0.00216	0.00729
8	0.00738	0.00531	0.00681	0.00651	0.00749	0.00498	0.03081	0.02113	0.01066	0.03479	0.22860	0.18678	0.16133	0.25203	0.01152	0.00260	0.00348	0.00932	0.00429	0.00417
9	0.00859	0.00796	0.01446	0.01221	0.01440	0.00763	0.27473	0.01149	0.04983	0.01443	0.02058	0.36890	0.02218	0.01073	0.00613	0.00191	0.00508	0.13973	0.00386	0.00519
10	0.01120	0.20388	0.58896	0.01249	0.01890	0.01299	0.01543	0.01580	0.01047	0.05432	0.00891	0.01014	0.00654	0.00464	0.00434	0.00144	0.00666	0.00347	0.00228	0.00711
11	0.01004	0.06922	0.75960	0.01370	0.02080	0.01185	0.01763	0.01552	0.01035	0.01535	0.00871	0.01024	0.00623	0.00464	0.00459	0.00153	0.00715	0.00358	0.00208	0.00721
12	0.00663	0.00519	0.00612	0.00639	0.00780	0.00468	0.00512	0.00836	0.01170	0.01480	0.17088	0.04787	0.43993	0.01237	0.00609	0.00182	0.00306	0.23215	0.00470	0.00434
13	0.01856	0.00928	0.05090	0.00894	0.01252	0.00797	0.00762	0.05464	0.08992	0.55991	0.10901	0.01868	0.01597	0.00652	0.00503	0.00154	0.00414	0.00537	0.00565	0.00782
14	0.01159	0.01214	0.01743	0.47560	0.07646	0.13329	0.14679	0.04207	0.01133	0.01392	0.00891	0.01237	0.00682	0.00480	0.00499	0.00157	0.00712	0.00444	0.00240	0.00595
15	0.00663	0.00476	0.00642	0.00752	0.00813	0.00455	0.00566	0.00796	0.01010	0.01329	0.02741	0.54424	0.05406	0.01470	0.00643	0.00207	0.00340	0.26395	0.00455	0.00417
16	0.00986	0.02542	0.80183	0.01401	0.02127	0.01141	0.01816	0.01556	0.01038	0.01556	0.00882	0.01038	0.00623	0.00467	0.00467	0.00156	0.00726	0.00363	0.00208	0.00726
17	0.20921	0.04449	0.01341	0.01152	0.07761	0.05911	0.06643	0.15256	0.07014	0.16944	0.01358	0.03552	0.03025	0.00588	0.00456	0.00152	0.00499	0.01886	0.00404	0.00690
18	0.01174	0.25452	0.49280	0.01226	0.01812	0.10252	0.01441	0.01577	0.01066	0.01403	0.00812	0.00950	0.00626	0.00458	0.00421	0.00138	0.00687	0.00329	0.00213	0.00682
19	0.00621	0.00455	0.00589	0.00687	0.00745	0.00423	0.00488	0.00730	0.00990	0.01293	0.03009	0.61698	0.13758	0.01475	0.00627	0.00198	0.00302	0.11046	0.00456	0.00408
20	0.00977	0.12627	0.53607	0.01275	0.05705	0.01132	0.01450	0.01408	0.01042	0.01468	0.01410	0.04755	0.09921	0.00594	0.00468	0.00152	0.00619	0.00474	0.00249	0.00667
21	0.01231	0.05725	0.09557	0.01844	0.17570	0.01141	0.32929	0.02965	0.03822	0.08863	0.02644	0.04984	0.01048	0.00542	0.00529	0.00159	0.00649	0.02799	0.00308	0.00692
22	0.01001	0.00948	0.01606	0.61587	0.22773	0.01111	0.01401	0.01320	0.01017	0.01345	0.00886	0.01286	0.00686	0.00478	0.00490	0.00159	0.00637	0.00437	0.00225	0.00605
23	0.01103	0.01156	0.01958	0.01544	0.01705	0.01420	0.25991	0.01310	0.00885	0.01310	0.00758	0.01156	0.00678	0.00715	0.01278	0.00199	0.55553	0.00479	0.00226	0.00578
24	0.01799	0.01010	0.03499	0.01515	0.22809	0.00920	0.02566	0.03704	0.07132	0.47380	0.01602	0.01525	0.01084	0.00558	0.00494	0.00152	0.00481	0.00481	0.00480	0.00810
25	0.01369	0.17637	0.26319	0.05146	0.01652	0.03238	0.03150	0.04045	0.06000	0.19369	0.03299	0.01421	0.04152	0.00552	0.00457	0.00146	0.00561	0.00436	0.00347	0.00705
26	0.00986	0.02542	0.80183	0.01401	0.02127	0.01141	0.01816	0.01556	0.01038	0.01556	0.00882	0.01038	0.00623	0.00467	0.00467	0.00156	0.00726	0.00363	0.00208	0.00726
27	0.00615	0.00448	0.00581	0.00670	0.00724	0.00414	0.00464	0.00724	0.01008	0.01337	0.09859	0.63928	0.10942	0.01453	0.00621	0.00193	0.00285	0.04859	0.00464	0.00409
28	0.01370	0.01506	0.09678	0.01687	0.17008	0.18155	0.17893	0.05835	0.04433	0.07706	0.04995	0.04195	0.02154	0.00558	0.00508	0.00151	0.00661	0.00508	0.00320	0.00677
29	0.01291	0.03961	0.14721	0.14128	0.19627	0.01052	0.05899	0.04275	0.04831	0.16066	0.08149	0.01524	0.01187	0.00547	0.00495	0.00153	0.00559	0.00484	0.00347	0.00706
30	0.03673	0.02740	0.00850	0.00791	0.02747	0.00590	0.00574	0.01318	0.01139	0.26351	0.11349	0.39199	0.02529	0.03019	0.00603	0.00181	0.00342	0.00949	0.00495	0.00562
31	0.01271	0.04092	0.33751	0.01451	0.10805	0.19340	0.01327	0.03598	0.14791	0.01603	0.02676	0.01215	0.00885	0.00520	0.00469	0.00148	0.00667	0.00405	0.00287	0.00700
32	0.01290	0.02093	0.09968	0.04030	0.06959	0.02920	0.00843	0.07462	0.05206	0.22230	0.02372	0.12239	0.18649	0.00829	0.00523	0.00161	0.00441	0.00697	0.00440	0.00648
33	0.01218	0.04242	0.20734	0.02529	0.11443	0.02047	0.13121	0.13977	0.04364	0.05325	0.01307	0.11495	0.01143	0.00642	0.00511	0.00158	0.00592	0.02370	0.00334	0.02446
34	0.02406	0.24276	0.15648	0.07112	0.09309	0.01266	0.10841	0.01494	0.01086	0.08074	0.04117	0.01354	0.04331	0.00514	0.00465	0.00139	0.01896	0.00432	0.00281	0.04959
35	0.01402	0.01120	0.03571	0.01229	0.08434	0.08132	0.10305	0.11162	0.04538	0.17337	0.12474	0.02913	0.05563	0.00634	0.00504	0.00145	0.00506	0.00552	0.00418	0.09061
36	0.01296	0.05657	0.10376	0.01028	0.04020	0.05641	0.02881	0.10906	0.08788	0.11127	0.12034	0.01667	0.03761	0.00591	0.00468	0.00134	0.00474	0.00484	0.00394	0.18273
37	0.04940	0.04006	0.30676	0.03431	0.07454	0.10755	0.04494	0.05516	0.05106	0.07727	0.04579	0.01307	0.02207	0.00524	0.00466	0.00146	0.00617	0.00421	0.00306	0.05319
38	0.02579	0.01323	0.19712	0.01114	0.03726	0.05628	0.07499	0.05288	0.06974	0.03497	0.07579	0.13450	0.02731	0.00690	0.00492	0.00148	0.00510	0.00599	0.03314	0.13148

[dist]
# distance from previous block
# <min> <max>
6	29

[block]
# block no. 2 follows, 51 sequences, length 36
# corresponding to MSA columns:
# 155-190
name=unknown_C
#
# <colnr> <probs for GDERKNQSTAVLIFYWHMCP>
#	G	D	E	R	K	N	Q	S	T	A	V	L	I	F	Y	W	H	M	C	P
0	0.06823	0.13099	0.27924	0.03769	0.04670	0.08181	0.02463	0.07764	0.01145	0.04214	0.02069	0.01084	0.00744	0.00522	0.00549	0.00147	0.08712	0.00372	0.01839	0.03911
1	0.04559	0.14074	0.31424	0.01384	0.10390	0.05443	0.05915	0.03896	0.01153	0.09820	0.04785	0.01218	0.00912	0.00497	0.00452	0.00143	0.00611	0.00403	0.00289	0.02631
2	0.02739	0.16447	0.18121	0.01074	0.02936	0.05284	0.03298	0.13507	0.08577	0.05636	0.10666	0.01567	0.04036	0.00592	0.00461	0.00142	0.00528	0.00470	0.00357	0.03563
3	0.03640	0.09406	0.19656	0.01338	0.07888	0.03900	0.10137	0.09511	0.10754	0.05583	0.08344	0.01437	0.01180	0.00558	0.00511	0.00150	0.02890	0.00468	0.00337	0.02312
4	0.05444	0.11170	0.17721	0.01043	0.02650	0.02377	0.05434	0.08361	0.03855	0.05475	0.02441	0.08861	0.03745	0.00632	0.00500	0.00145	0.03895	0.00509	0.07161	0.08582
5	0.07908	0.08864	0.16431	0.02810	0.15267	0.08135	0.03788	0.02631	0.02351	0.06498	0.04314	0.01193	0.00896	0.00476	0.00434	0.00131	0.00556	0.00386	0.00291	0.16641
6	0.06651	0.01190	0.08403	0.03246	0.14040	0.02518	0.03530	0.11406	0.11643	0.08795	0.03820	0.01330	0.01004	0.00511	0.00454	0.00135	0.00491	0.00426	0.00363	0.20045
7	0.08195	0.08435	0.13705	0.01309	0.05692	0.13983	0.13526	0.06466	0.07053	0.05200	0.03788	0.01331	0.03352	0.00532	0.00483	0.00145	0.01871	0.00441	0.00312	0.04181
8	0.01159	0.01157	0.01914	0.01435	0.01818	0.05199	0.37367	0.07980	0.07467	0.01758	0.10378	0.05416	0.01382	0.00570	0.00530	0.00149	0.00610	0.00587	0.00340	0.12784
9	0.00965	0.00911	0.01541	0.71429	0.13213	0.01102	0.01383	0.01288	0.01000	0.01301	0.00880	0.01298	0.00671	0.00484	0.00491	0.00161	0.00646	0.00437	0.00222	0.00576
10	0.00764	0.00573	0.00781	0.00824	0.05763	0.00532	0.02708	0.00973	0.03060	0.04566	0.33703	0.24271	0.17366	0.01114	0.00581	0.00168	0.00299	0.00990	0.00478	0.00485
11	0.01778	0.01332	0.01424	0.01113	0.01490	0.01482	0.00912	0.67548	0.12934	0.02952	0.01294	0.01271	0.00928	0.00601	0.00493	0.00150	0.00520	0.00458	0.00493	0.00828
12	0.01216	0.01168	0.01995	0.03016	0.79664	0.01168	0.01508	0.01508	0.01119	0.01605	0.00924	0.01216	0.00778	0.00438	0.00487	0.00146	0.00584	0.00438	0.00243	0.00778
13	0.02184	0.00870	0.01161	0.00890	0.01271	0.00772	0.00735	0.07077	0.01463	0.75243	0.01892	0.01642	0.01193	0.00607	0.00494	0.00152	0.00426	0.00491	0.00601	0.00836
14	0.01160	0.01326	0.02900	0.02071	0.02568	0.01243	0.77879	0.01574	0.01160	0.01574	0.00994	0.01326	0.00746	0.00414	0.00580	0.00166	0.00829	0.00580	0.00249	0.00663
15	0.01120	0.01070	0.01821	0.29174	0.54257	0.01142	0.01460	0.01424	0.01074	0.01489	0.00907	0.01248	0.00737	0.00456	0.00488	0.00152	0.00608	0.00437	0.00235	0.00701
16	0.00928	0.00873	0.01474	0.81548	0.03385	0.01092	0.01365	0.01256	0.00983	0.01256	0.00873	0.01310	0.00655	0.00491	0.00491	0.00164	0.00655	0.00437	0.00218	0.00546
17	0.00928	0.00873	0.01474	0.81548	0.03385	0.01092	0.01365	0.01256	0.00983	0.01256	0.00873	0.01310	0.00655	0.00491	0.00491	0.00164	0.00655	0.00437	0.00218	0.00546
18	0.01260	0.49776	0.24017	0.01035	0.01515	0.09961	0.01113	0.01531	0.01062	0.01296	0.02986	0.00950	0.00743	0.00459	0.00378	0.00123	0.00611	0.00314	0.00223	0.00646
19	0.01237	0.01222	0.01925	0.07846	0.70030	0.06090	0.01465	0.01520	0.01127	0.01559	0.00911	0.01202	0.00762	0.00445	0.00484	0.00146	0.00607	0.00430	0.00242	0.00751
20	0.01216	0.01168	0.01995	0.03016	0.79664	0.01168	0.01508	0.01508	0.01119	0.01605	0.00924	0.01216	0.00778	0.00438	0.00487	0.00146	0.00584	0.00438	0.00243	0.00778
21	0.01766	0.01459	0.27087	0.01077	0.01572	0.00953	0.01105	0.10977	0.01391	0.45286	0.01503	0.01407	0.00977	0.00560	0.00485	0.00153	0.00534	0.00445	0.00463	0.00800
22	0.01139	0.01143	0.02118	0.28812	0.21987	0.02812	0.29552	0.01482	0.01102	0.03642	0.00958	0.01294	0.00734	0.00453	0.00522	0.00159	0.00699	0.00489	0.00247	0.00655
23	0.01078	0.21648	0.56837	0.01367	0.06721	0.01334	0.01564	0.01533	0.01033	0.01464	0.00837	0.00989	0.00634	0.00454	0.00432	0.00143	0.00670	0.00344	0.00210	0.00707
24	0.01814	0.09864	0.12506	0.00983	0.01389	0.11979	0.00905	0.02043	0.01297	0.46175	0.01631	0.01519	0.04520	0.00583	0.00468	0.00145	0.00530	0.00451	0.00454	0.00743
25	0.00983	0.00926	0.01564	0.62117	0.20088	0.01090	0.01372	0.01296	0.01012	0.01333	0.00934	0.03457	0.00752	0.00508	0.00494	0.00161	0.00630	0.00463	0.00230	0.00593
26	0.01024	0.04096	0.44829	0.12810	0.03712	0.01055	0.07870	0.01454	0.01059	0.05623	0.02226	0.07801	0.03121	0.00586	0.00495	0.00160	0.00645	0.00506	0.00266	0.00661
27	0.00941	0.00887	0.01497	0.78006	0.06826	0.01095	0.01371	0.01267	0.00989	0.01271	0.00876	0.01306	0.00661	0.00489	0.00491	0.00163	0.00652	0.00437	0.00219	0.00556
28	0.01111	0.11643	0.58062	0.01383	0.02028	0.01223	0.10261	0.01595	0.01067	0.05843	0.00930	0.01076	0.00670	0.00463	0.00464	0.00151	0.00698	0.00383	0.00235	0.00714
29	0.01501	0.01535	0.32494	0.01254	0.05198	0.00926	0.06803	0.01856	0.01201	0.34806	0.01455	0.06453	0.01056	0.00589	0.00498	0.00157	0.00569	0.00503	0.00398	0.00750
30	0.01066	0.13282	0.41381	0.07882	0.02073	0.01210	0.14976	0.01493	0.01060	0.03249	0.01032	0.03310	0.00841	0.00529	0.00483	0.00156	0.00678	0.04387	0.00244	0.00667
31	0.00582	0.00493	0.00502	0.00509	0.00667	0.00414	0.00379	0.00704	0.01109	0.01323	0.04837	0.09574	0.74711	0.01263	0.00584	0.00168	0.00251	0.01060	0.00456	0.00414
32	0.01037	0.00993	0.01718	0.18570	0.39735	0.01033	0.09526	0.01310	0.01061	0.01460	0.01308	0.13018	0.03770	0.00642	0.00549	0.00162	0.02577	0.00611	0.00276	0.00645
33	0.01446	0.01099	0.08031	0.01208	0.01592	0.00942	0.20849	0.06547	0.08748	0.27016	0.13249	0.01901	0.03792	0.00628	0.00530	0.00158	0.00522	0.00583	0.00450	0.00709
34	0.12037	0.01761	0.42784	0.01128	0.01682	0.01006	0.01279	0.03289	0.01158	0.27441	0.01210	0.01219	0.00810	0.00514	0.00456	0.00154	0.00578	0.00396	0.00357	0.00740
35	0.01200	0.01361	0.24770	0.01194	0.01600	0.00921	0.13004	0.09056	0.01222	0.14712	0.01617	0.22201	0.01491	0.00792	0.00538	0.00169	0.00552	0.02568	0.00379	0.00655

[dist]
# distance from previous block
# <min> <max>
2	6

[block]
# block no. 3 follows, 51 sequences, length 42
# corresponding to MSA columns:
# 197-238
name=unknown_D
#
# <colnr> <probs for GDERKNQSTAVLIFYWHMCP>
#	G	D	E	R	K	N	Q	S	T	A	V	L	I	F	Y	W	H	M	C	P
0	0.05498	0.01110	0.02867	0.02084	0.38145	0.01086	0.16339	0.06659	0.03839	0.03333	0.04618	0.03358	0.07704	0.00571	0.00511	0.00154	0.00562	0.00552	0.00315	0.00695
1	0.01293	0.13072	0.01336	0.00917	0.01238	0.11781	0.00744	0.16001	0.08184	0.01722	0.01107	0.03071	0.00944	0.03805	0.10130	0.00210	0.00610	0.00411	0.00331	0.23093
2	0.05435	0.01280	0.01305	0.01046	0.01396	0.06711	0.00848	0.46116	0.14898	0.10961	0.01363	0.01328	0.00976	0.00593	0.00477	0.00149	0.00508	0.00451	0.03376	0.00782
3	0.01158	0.00855	0.01005	0.00753	0.01145	0.00692	0.00601	0.04386	0.03770	0.11047	0.01390	0.04054	0.06245	0.00511	0.00413	0.00099	0.00368	0.00417	0.00361	0.60732
4	0.01059	0.01007	0.01711	0.45790	0.38117	0.01126	0.01430	0.01371	0.01045	0.01415	0.00897	0.01267	0.00711	0.00467	0.00489	0.00156	0.00623	0.00437	0.00230	0.00652
5	0.01099	0.00844	0.01084	0.00938	0.01151	0.06568	0.10191	0.04674	0.07434	0.12164	0.11235	0.24191	0.11576	0.00994	0.00605	0.02975	0.00428	0.00850	0.00443	0.00556
6	0.00660	0.00540	0.00645	0.00728	0.05224	0.00493	0.00488	0.00847	0.04474	0.01408	0.10243	0.27035	0.42954	0.01239	0.00585	0.00174	0.00283	0.01075	0.00453	0.00451
7	0.00986	0.02542	0.80183	0.01401	0.02127	0.01141	0.01816	0.01556	0.01038	0.01556	0.00882	0.01038	0.00623	0.00467	0.00467	0.00156	0.00726	0.00363	0.00208	0.00726
8	0.05248	0.08255	0.01093	0.02459	0.01137	0.16257	0.00711	0.04822	0.06841	0.07382	0.03018	0.23417	0.01729	0.01194	0.08864	0.00228	0.00581	0.05832	0.00381	0.00551
9	0.01225	0.01393	0.04056	0.22577	0.15665	0.19067	0.21021	0.01516	0.01143	0.01394	0.00993	0.05828	0.00842	0.00525	0.00510	0.00155	0.00721	0.00500	0.00252	0.00618
10	0.01380	0.01051	0.01878	0.21753	0.16127	0.01058	0.23106	0.01724	0.03599	0.21489	0.01224	0.01407	0.00872	0.00495	0.00517	0.00158	0.00623	0.00496	0.00340	0.00702
11	0.00583	0.00489	0.00507	0.00521	0.00670	0.00413	0.00384	0.00703	0.01098	0.01319	0.04700	0.14238	0.70135	0.01281	0.00586	0.00170	0.00253	0.01081	0.00456	0.00413
12	0.01362	0.01497	0.06786	0.02963	0.06498	0.24948	0.10340	0.01893	0.20832	0.05942	0.05049	0.06105	0.02343	0.00627	0.00501	0.00153	0.00619	0.00531	0.00358	0.00655
13	0.04461	0.13210	0.16267	0.02657	0.03577	0.06700	0.05412	0.10679	0.04459	0.20893	0.01292	0.04506	0.00989	0.00577	0.00467	0.00149	0.00563	0.02054	0.00376	0.00712
14	0.00914	0.00789	0.01207	0.01690	0.36230	0.00757	0.00915	0.01105	0.01079	0.03474	0.02474	0.23682	0.21815	0.00943	0.00548	0.00166	0.00414	0.00849	0.00364	0.00585
15	0.00599	0.00428	0.00570	0.00684	0.00713	0.00399	0.00456	0.00684	0.00941	0.01254	0.02709	0.82409	0.03250	0.01540	0.00627	0.00200	0.00285	0.01397	0.00456	0.00399
16	0.01279	0.01167	0.06833	0.01623	0.23210	0.03278	0.07139	0.17547	0.05370	0.06792	0.01643	0.12423	0.06575	0.00715	0.00523	0.00160	0.00527	0.02128	0.00377	0.00694
17	0.07539	0.04239	0.15806	0.01822	0.27927	0.01221	0.07672	0.15713	0.03342	0.08474	0.01057	0.01196	0.00791	0.00490	0.00474	0.00150	0.00586	0.00427	0.00324	0.00752
18	0.00928	0.00873	0.01474	0.81548	0.03385	0.01092	0.01365	0.01256	0.00983	0.01256	0.00873	0.01310	0.00655	0.00491	0.00491	0.00164	0.00655	0.00437	0.00218	0.00546
19	0.28198	0.05429	0.05100	0.02931	0.01782	0.09224	0.30178	0.06502	0.01128	0.01797	0.00853	0.01059	0.00657	0.00464	0.00480	0.00154	0.02752	0.00414	0.00277	0.00619
20	0.00624	0.00448	0.00598	0.00709	0.00752	0.00422	0.00499	0.00730	0.00971	0.01286	0.02758	0.69900	0.05321	0.01507	0.00633	0.00202	0.00307	0.11471	0.00456	0.00407
21	0.01491	0.00929	0.01138	0.01098	0.08781	0.02964	0.00783	0.16977	0.09200	0.24601	0.06070	0.16222	0.01710	0.00800	0.00522	0.00161	0.00430	0.02781	0.02644	0.00699
22	0.02413	0.00630	0.00759	0.00780	0.00895	0.00640	0.00569	0.12722	0.04914	0.03005	0.02428	0.57225	0.04184	0.01299	0.00594	0.00189	0.00342	0.05449	0.00463	0.00498
23	0.01037	0.01008	0.01444	0.01218	0.01297	0.03949	0.09103	0.01188	0.00839	0.01252	0.00877	0.01362	0.00826	0.05657	0.10325	0.00279	0.51329	0.00471	0.06016	0.00522
24	0.01506	0.04044	0.08752	0.01099	0.01424	0.23291	0.00945	0.14939	0.05650	0.09259	0.02654	0.01405	0.00977	0.00662	0.02122	0.00157	0.07577	0.04073	0.00353	0.09109
25	0.00619	0.00502	0.00550	0.00546	0.00697	0.00434	0.00414	0.00775	0.01188	0.01495	0.23524	0.04500	0.57376	0.01189	0.00585	0.00166	0.00254	0.04282	0.00477	0.00429
26	0.01409	0.00996	0.01206	0.01088	0.10488	0.04288	0.00766	0.08031	0.01242	0.19472	0.01183	0.03012	0.00906	0.00480	0.00428	0.00111	0.00438	0.00393	0.00376	0.43686
27	0.01963	0.01225	0.01381	0.01059	0.01448	0.01299	0.00875	0.56763	0.02056	0.24719	0.01393	0.01318	0.00943	0.00595	0.00492	0.00149	0.00506	0.00457	0.00524	0.00836
28	0.01314	0.83025	0.02575	0.00841	0.01261	0.01945	0.00841	0.01472	0.00999	0.01156	0.00683	0.00788	0.00631	0.00420	0.00315	0.00105	0.00526	0.00263	0.00210	0.00631
29	0.86201	0.00950	0.00722	0.00646	0.00950	0.01102	0.00532	0.01445	0.00836	0.02205	0.00684	0.00798	0.00532	0.00456	0.00304	0.00152	0.00380	0.00266	0.00304	0.00532
30	0.01377	0.73335	0.02433	0.00892	0.01292	0.11410	0.00854	0.01530	0.01046	0.01162	0.00692	0.00800	0.00631	0.00431	0.00331	0.00108	0.00569	0.00269	0.00215	0.00623
31	0.00916	0.00458	0.00458	0.00458	0.00573	0.00458	0.00344	0.01145	0.01031	0.01832	0.01603	0.01832	0.01260	0.00573	0.00344	0.00115	0.00229	0.00458	0.85457	0.00458
32	0.00612	0.00437	0.00585	0.00699	0.00734	0.00410	0.00479	0.00707	0.00954	0.01269	0.02701	0.77191	0.03222	0.01527	0.00631	0.00201	0.00296	0.06485	0.00456	0.00403
33	0.00702	0.00525	0.00783	0.00783	0.00868	0.00610	0.00605	0.00873	0.00788	0.01136	0.01323	0.01967	0.01244	0.05898	0.78591	0.00781	0.01293	0.00532	0.00264	0.00435
34	0.03815	0.01878	0.01621	0.01461	0.06926	0.49709	0.12192	0.01858	0.05198	0.04037	0.00898	0.01058	0.00721	0.00522	0.00544	0.00143	0.06141	0.00388	0.00275	0.00614
35	0.02156	0.00915	0.01189	0.00912	0.01294	0.00839	0.00753	0.13429	0.01538	0.68783	0.01828	0.01601	0.01161	0.00606	0.00494	0.00151	0.00436	0.00487	0.00591	0.00836
36	0.00625	0.00495	0.00562	0.00555	0.00693	0.00432	0.00413	0.00787	0.01210	0.01565	0.32839	0.09394	0.46338	0.01174	0.00583	0.00164	0.00245	0.01005	0.00488	0.00432
37	0.02880	0.01355	0.06873	0.40330	0.15456	0.16407	0.01293	0.06945	0.01180	0.01474	0.00879	0.01176	0.00680	0.00490	0.00476	0.00152	0.00679	0.00406	0.00250	0.00622
38	0.01060	0.01054	0.01477	0.01271	0.01274	0.01470	0.01057	0.01171	0.00754	0.01181	0.00671	0.01109	0.00668	0.00971	0.04723	0.00238	0.78667	0.00434	0.00217	0.00534
39	0.01160	0.01326	0.02900	0.02071	0.02568	0.01243	0.77879	0.01574	0.01160	0.01574	0.00994	0.01326	0.00746	0.00414	0.00580	0.00166	0.00829	0.00580	0.00249	0.00663
40	0.00612	0.00437	0.00585	0.00699	0.00734	0.00410	0.00479	0.00707	0.00954	0.01269	0.02701	0.77191	0.03222	0.01527	0.00631	0.00201	0.00296	0.06485	0.00456	0.00403
41	0.01095	0.03830	0.07942	0.01180	0.06657	0.03349	0.11503	0.05072	0.08005	0.08268	0.07269	0.09737	0.14300	0.00834	0.00568	0.00167	0.02298	0.06922	0.00396	0.00608

[dist]
# distance from previous block
# <min> <max>
5	7

[block]
# block no. 4 follows, 51 sequences, length 28
# corresponding to MSA columns:
# 246-273
name=unknown_E
#
# <colnr> <probs for GDERKNQSTAVLIFYWHMCP>
#	G	D	E	R	K	N	Q	S	T	A	V	L	I	F	Y	W	H	M	C	P
0	0.00958	0.03749	0.05237	0.02974	0.01287	0.01122	0.04787	0.01135	0.00859	0.01272	0.03956	0.03520	0.01035	0.03906	0.17997	0.00320	0.37683	0.00489	0.00254	0.07460
1	0.01602	0.14755	0.03843	0.01055	0.01428	0.04432	0.00899	0.39153	0.20915	0.05028	0.01303	0.01279	0.00966	0.00575	0.00462	0.00145	0.00515	0.00436	0.00434	0.00775
2	0.00778	0.00569	0.00704	0.00656	0.00799	0.00548	0.00496	0.01125	0.09755	0.03693	0.63277	0.03512	0.10240	0.00978	0.00569	0.00157	0.00254	0.00856	0.00531	0.00502
3	0.03684	0.05960	0.13659	0.03365	0.03903	0.01124	0.28204	0.04000	0.07985	0.07017	0.01107	0.02273	0.00843	0.00473	0.00486	0.00144	0.00615	0.00465	0.00305	0.14388
4	0.03423	0.08090	0.48973	0.04417	0.01986	0.01262	0.06951	0.12138	0.05068	0.01771	0.00966	0.01103	0.00704	0.00487	0.00465	0.00152	0.00664	0.00392	0.00267	0.00720
5	0.00599	0.00428	0.00570	0.00684	0.00713	0.00399	0.00456	0.00684	0.00941	0.01254	0.02709	0.82409	0.03250	0.01540	0.00627	0.00200	0.00285	0.01397	0.00456	0.00399
6	0.00928	0.00873	0.01474	0.81548	0.03385	0.01092	0.01365	0.01256	0.00983	0.01256	0.00873	0.01310	0.00655	0.00491	0.00491	0.00164	0.00655	0.00437	0.00218	0.00546
7	0.01207	0.01351	0.12294	0.04787	0.16685	0.05159	0.08841	0.10814	0.09784	0.01675	0.01070	0.01352	0.00874	0.03914	0.05455	0.00213	0.13093	0.00464	0.00296	0.00672
8	0.00923	0.01548	0.37114	0.01372	0.11904	0.00908	0.01301	0.01337	0.03708	0.01522	0.01723	0.08932	0.06017	0.00814	0.00541	0.00176	0.00567	0.18653	0.00315	0.00625
9	0.01462	0.00969	0.01097	0.00947	0.01245	0.01049	0.00747	0.02469	0.54001	0.23145	0.05823	0.01881	0.01579	0.00668	0.00502	0.00162	0.00389	0.00556	0.00531	0.00778
10	0.05290	0.00885	0.01153	0.00887	0.01266	0.00803	0.00733	0.08626	0.01460	0.70749	0.01829	0.01599	0.01160	0.00601	0.00487	0.00152	0.00427	0.00481	0.00587	0.00825
11	0.01499	0.37068	0.10902	0.01117	0.01502	0.35923	0.02794	0.01696	0.01177	0.01232	0.00746	0.00872	0.00633	0.00463	0.00394	0.00122	0.00711	0.00305	0.00229	0.00616
12	0.00702	0.00527	0.00790	0.00790	0.00878	0.00614	0.00614	0.00878	0.00790	0.01141	0.01316	0.01931	0.01229	0.03686	0.80782	0.00790	0.01316	0.00527	0.00263	0.00439
13	0.00618	0.00499	0.00550	0.00537	0.00687	0.00431	0.00403	0.00778	0.01208	0.01537	0.29228	0.04385	0.55084	0.01166	0.00580	0.00162	0.00243	0.00989	0.00484	0.00431
14	0.00930	0.01240	0.19909	0.44352	0.02580	0.01048	0.03300	0.01338	0.04839	0.01366	0.01082	0.06936	0.00905	0.00761	0.05237	0.00203	0.02638	0.00501	0.00250	0.00586
15	0.01828	0.10154	0.01498	0.01057	0.03620	0.00927	0.09754	0.02074	0.03077	0.52573	0.06984	0.01660	0.01324	0.00588	0.00490	0.00149	0.00469	0.00505	0.00504	0.00764
16	0.01606	0.01965	0.01495	0.01311	0.01511	0.56378	0.04718	0.01742	0.01216	0.01216	0.00741	0.00956	0.00642	0.00594	0.00753	0.00151	0.21839	0.00359	0.00243	0.00566
17	0.01166	0.01117	0.01905	0.16618	0.66453	0.01154	0.01483	0.01464	0.01095	0.01545	0.00916	0.01233	0.00757	0.00447	0.00487	0.00149	0.00596	0.00438	0.00239	0.00738
18	0.01248	0.66835	0.18187	0.00953	0.01435	0.01783	0.01037	0.01489	0.01006	0.01237	0.00723	0.00838	0.00629	0.00430	0.00346	0.00115	0.00566	0.00283	0.00210	0.00650
19	0.01404	0.05356	0.16384	0.01074	0.01464	0.02872	0.01007	0.29165	0.14648	0.06670	0.06448	0.04205	0.01352	0.00672	0.00500	0.00157	0.00517	0.04951	0.00427	0.00730
20	0.00639	0.00458	0.00590	0.00677	0.00724	0.00432	0.00470	0.00736	0.00958	0.01264	0.04618	0.55183	0.08464	0.12152	0.00875	0.00236	0.00327	0.10366	0.00437	0.00395
21	0.00678	0.00533	0.00574	0.00565	0.00715	0.00476	0.00419	0.04931	0.01134	0.01392	0.05897	0.11957	0.59381	0.01271	0.00692	0.07255	0.00283	0.00986	0.00440	0.00421
22	0.01057	0.00675	0.00742	0.00638	0.00852	0.00642	0.00493	0.10708	0.01174	0.03659	0.01469	0.04883	0.01251	0.06154	0.00537	0.00142	0.00327	0.02822	0.42707	0.19067
23	0.00703	0.00521	0.00761	0.00761	0.00839	0.00599	0.00578	0.00859	0.00781	0.01119	0.01343	0.02077	0.01292	0.12689	0.71866	0.00754	0.01221	0.00548	0.00267	0.00423
24	0.00776	0.00554	0.00774	0.00887	0.00993	0.00552	0.00764	0.00990	0.01116	0.01453	0.02611	0.11911	0.02863	0.01373	0.00675	0.00224	0.00439	0.70146	0.00453	0.00448
25	0.01172	0.00957	0.01038	0.00911	0.01174	0.01047	0.00710	0.14235	0.43312	0.02078	0.09552	0.08715	0.06623	0.00778	0.00514	0.00160	0.00379	0.00654	0.00485	0.05505
26	0.01500	0.03564	0.01477	0.01252	0.01415	0.36354	0.00999	0.09755	0.01206	0.01396	0.00754	0.00997	0.00660	0.00666	0.00949	0.00166	0.35665	0.00378	0.00261	0.00586
27	0.01144	0.07743	0.01201	0.00796	0.01217	0.00887	0.00652	0.09259	0.06018	0.01747	0.00960	0.01067	0.00779	0.00411	0.00382	0.00089	0.00397	0.00321	0.00318	0.64612

[dist]
# distance from previous block
# <min> <max>
1	2

[block]
# block no. 5 follows, 51 sequences, length 53
# corresponding to MSA columns:
# 276-328
name=unknown_F
#
# <colnr> <probs for GDERKNQSTAVLIFYWHMCP>
#	G	D	E	R	K	N	Q	S	T	A	V	L	I	F	Y	W	H	M	C	P
0	0.66292	0.10817	0.01020	0.00742	0.01054	0.10523	0.00618	0.01508	0.00921	0.01964	0.00693	0.00807	0.00556	0.00458	0.00322	0.00144	0.00457	0.00272	0.00287	0.00548
1	0.01332	0.61385	0.11298	0.00955	0.01379	0.12178	0.00955	0.01529	0.01049	0.01204	0.00735	0.00882	0.00655	0.02217	0.00397	0.00122	0.00595	0.00291	0.00217	0.00626
2	0.00660	0.00494	0.00625	0.00691	0.00785	0.00452	0.00512	0.00791	0.01028	0.01345	0.05162	0.43950	0.18070	0.02674	0.00644	0.00195	0.00318	0.16552	0.00447	0.04603
3	0.00634	0.00459	0.00612	0.00709	0.00763	0.00436	0.00508	0.00752	0.00989	0.01313	0.05757	0.60712	0.06933	0.01570	0.04082	0.00225	0.00350	0.12332	0.00451	0.00412
4	0.03690	0.06450	0.01393	0.01095	0.01419	0.21073	0.00875	0.29931	0.25037	0.02174	0.01281	0.01271	0.00966	0.00579	0.00467	0.00146	0.00576	0.00430	0.00413	0.00733
5	0.01248	0.49973	0.12859	0.01089	0.04725	0.01556	0.06874	0.01496	0.01037	0.03953	0.00809	0.00938	0.00676	0.00427	0.00375	0.00116	0.00556	0.00319	0.00237	0.10738
6	0.01327	0.09102	0.40649	0.01372	0.06153	0.03795	0.07558	0.06251	0.01198	0.14757	0.01066	0.01158	0.00756	0.00487	0.00467	0.00148	0.00644	0.00400	0.00300	0.02410
7	0.01037	0.02187	0.57627	0.01596	0.02256	0.01171	0.24016	0.01562	0.01073	0.01562	0.00915	0.01122	0.00658	0.00452	0.00500	0.00159	0.00756	0.00426	0.00219	0.00708
8	0.00715	0.00476	0.00536	0.00536	0.00536	0.00476	0.00298	0.00715	0.00715	0.00953	0.01548	0.03216	0.01787	0.82729	0.02501	0.00476	0.00476	0.00715	0.00298	0.00298
9	0.01142	0.22304	0.45566	0.06587	0.03810	0.04760	0.02701	0.01575	0.02783	0.03227	0.00879	0.01028	0.00666	0.00465	0.00434	0.00142	0.00662	0.00354	0.00228	0.00688
10	0.01267	0.07565	0.07469	0.02224	0.43828	0.05263	0.10846	0.02916	0.01178	0.05984	0.05909	0.01347	0.01013	0.00487	0.00488	0.00146	0.00603	0.00462	0.00283	0.00723
11	0.00702	0.00527	0.00790	0.00790	0.00878	0.00614	0.00614	0.00878	0.00790	0.01141	0.01316	0.01931	0.01229	0.03686	0.80782	0.00790	0.01316	0.00527	0.00263	0.00439
12	0.00916	0.00458	0.00458	0.00458	0.00573	0.00458	0.00344	0.01145	0.01031	0.01832	0.01603	0.01832	0.01260	0.00573	0.00344	0.00115	0.00229	0.00458	0.85457	0.00458
13	0.01262	0.08286	0.11860	0.08964	0.07540	0.16730	0.07536	0.04774	0.01093	0.01398	0.02071	0.01110	0.00731	0.00593	0.00792	0.00163	0.23829	0.00407	0.00243	0.00616
14	0.01240	0.36193	0.04338	0.01428	0.04855	0.01509	0.30811	0.06536	0.01151	0.01480	0.00963	0.05550	0.00839	0.00493	0.00457	0.00139	0.00638	0.00470	0.00259	0.00652
15	0.00645	0.00493	0.00591	0.00581	0.00707	0.00440	0.00430	0.00824	0.01249	0.01669	0.45108	0.11787	0.31406	0.01143	0.00585	0.00163	0.00243	0.00992	0.00502	0.00440
16	0.01293	0.03187	0.16467	0.34179	0.04414	0.01043	0.02550	0.01614	0.01104	0.21622	0.02534	0.01366	0.00868	0.00542	0.00548	0.00160	0.05078	0.00443	0.00323	0.00664
17	0.01617	0.05362	0.03465	0.01647	0.23425	0.27774	0.01071	0.09705	0.05656	0.12457	0.02477	0.01219	0.00894	0.00523	0.00468	0.00140	0.00641	0.00410	0.00340	0.00709
18	0.01248	0.01109	0.01123	0.01011	0.01288	0.04544	0.00785	0.02584	0.75544	0.02020	0.01948	0.01794	0.01464	0.00660	0.00498	0.00165	0.00410	0.00546	0.00490	0.00769
19	0.01231	0.01080	0.01612	0.01905	0.34809	0.01175	0.01152	0.04716	0.01061	0.06460	0.00906	0.01168	0.00760	0.00572	0.00810	0.00156	0.25264	0.00415	0.00276	0.14473
20	0.02041	0.00906	0.01163	0.00905	0.01269	0.00846	0.00743	0.12447	0.05798	0.62067	0.05176	0.01702	0.01329	0.00626	0.00498	0.00152	0.00425	0.00508	0.00584	0.00817
21	0.00854	0.00427	0.00640	0.00640	0.00640	0.00427	0.00427	0.00640	0.00640	0.00854	0.00854	0.01494	0.00854	0.01707	0.01921	0.85702	0.00427	0.00427	0.00213	0.00213
22	0.86201	0.00950	0.00722	0.00646	0.00950	0.01102	0.00532	0.01445	0.00836	0.02205	0.00684	0.00798	0.00532	0.00456	0.00304	0.00152	0.00380	0.00266	0.00304	0.00532
23	0.73813	0.01013	0.00833	0.00717	0.01035	0.01164	0.00591	0.12693	0.01053	0.02336	0.00757	0.00854	0.00577	0.00476	0.00332	0.00151	0.00404	0.00292	0.00332	0.00577
24	0.01085	0.01523	0.21039	0.01607	0.01967	0.01320	0.29797	0.01418	0.00973	0.01418	0.00832	0.01159	0.00677	0.00599	0.00952	0.00182	0.32125	0.00470	0.00226	0.00630
25	0.00582	0.00492	0.00504	0.00513	0.00668	0.00414	0.00380	0.00704	0.01105	0.01322	0.04792	0.11107	0.73207	0.01269	0.00585	0.00169	0.00252	0.01067	0.00456	0.00414
26	0.00986	0.02542	0.80183	0.01401	0.02127	0.01141	0.01816	0.01556	0.01038	0.01556	0.00882	0.01038	0.00623	0.00467	0.00467	0.00156	0.00726	0.00363	0.00208	0.00726
27	0.00602	0.00462	0.00551	0.00607	0.00696	0.00412	0.00425	0.00717	0.01054	0.01354	0.11227	0.44960	0.32422	0.01374	0.00605	0.00182	0.00266	0.01209	0.00465	0.00412
28	0.01196	0.01178	0.02105	0.06259	0.65055	0.01175	0.12720	0.01507	0.01119	0.01586	0.00932	0.01236	0.00768	0.00437	0.00500	0.00150	0.00623	0.00459	0.00243	0.00751
29	0.02205	0.00836	0.01140	0.00874	0.01254	0.00722	0.00722	0.02395	0.01407	0.80004	0.01939	0.01673	0.01216	0.00608	0.00494	0.00152	0.00418	0.00494	0.00608	0.00836
30	0.00594	0.00446	0.00551	0.00636	0.00700	0.00403	0.00435	0.00690	0.00988	0.01274	0.03301	0.62128	0.23149	0.01463	0.00615	0.00191	0.00276	0.01303	0.00456	0.00403
31	0.01873	0.01336	0.01446	0.01112	0.01502	0.01468	0.00917	0.71602	0.04071	0.07783	0.01246	0.01226	0.00875	0.00593	0.00492	0.00148	0.00530	0.00448	0.00499	0.00834
32	0.01705	0.01449	0.01438	0.01161	0.01472	0.12836	0.00943	0.50778	0.08025	0.02485	0.01112	0.01175	0.00834	0.00621	0.00637	0.00155	0.11569	0.00432	0.00421	0.00753
33	0.07464	0.00779	0.00872	0.04152	0.01074	0.00823	0.00626	0.18706	0.08376	0.01900	0.09542	0.26756	0.14954	0.01018	0.00542	0.00170	0.00365	0.00869	0.00455	0.00558
34	0.00599	0.00428	0.00570	0.00684	0.00713	0.00399	0.00456	0.00684	0.00941	0.01254	0.02709	0.82409	0.03250	0.01540	0.00627	0.00200	0.00285	0.01397	0.00456	0.00399
35	0.01137	0.01096	0.01884	0.22944	0.55113	0.01160	0.04443	0.01438	0.01076	0.01504	0.00907	0.01241	0.00742	0.00462	0.00522	0.00153	0.02792	0.00443	0.00236	0.00708
36	0.00742	0.00486	0.00602	0.00584	0.00693	0.00457	0.00434	0.00962	0.01270	0.01883	0.54834	0.09146	0.03716	0.00940	0.00526	0.00148	0.00235	0.00823	0.21058	0.00457
37	0.01019	0.00892	0.01124	0.00929	0.07085	0.00700	0.02858	0.01244	0.01035	0.01589	0.01057	0.01202	0.04122	0.00409	0.00389	0.00085	0.00389	0.00343	0.00293	0.73236
38	0.00581	0.00498	0.00498	0.00498	0.00664	0.00415	0.00373	0.00705	0.01120	0.01328	0.04978	0.04729	0.79464	0.01245	0.00581	0.00166	0.00249	0.01037	0.00456	0.00415
39	0.00986	0.02542	0.80183	0.01401	0.02127	0.01141	0.01816	0.01556	0.01038	0.01556	0.00882	0.01038	0.00623	0.00467	0.00467	0.00156	0.00726	0.00363	0.00208	0.00726
40	0.00664	0.00501	0.00613	0.00585	0.00715	0.00450	0.00439	0.00867	0.01317	0.01795	0.59086	0.03960	0.25065	0.01070	0.00580	0.00158	0.00237	0.00929	0.00518	0.00450
41	0.00587	0.00482	0.00517	0.00543	0.00676	0.00412	0.00394	0.00704	0.01084	0.01322	0.05808	0.22629	0.60523	0.01308	0.00591	0.00173	0.00257	0.01117	0.00458	0.00412
42	0.01160	0.01326	0.02900	0.02071	0.02568	0.01243	0.77879	0.01574	0.01160	0.01574	0.00994	0.01326	0.00746	0.00414	0.00580	0.00166	0.00829	0.00580	0.00249	0.00663
43	0.02176	0.00882	0.01169	0.00896	0.01277	0.00790	0.00740	0.08793	0.01483	0.73498	0.01875	0.01631	0.01184	0.00607	0.00494	0.00152	0.00429	0.00490	0.00598	0.00836
44	0.01133	0.10323	0.45881	0.01169	0.01711	0.01166	0.01343	0.08329	0.07670	0.05106	0.08777	0.01449	0.02708	0.00564	0.00471	0.00151	0.00590	0.00446	0.00312	0.00703
45	0.86201	0.00950	0.00722	0.00646	0.00950	0.01102	0.00532	0.01445	0.00836	0.02205	0.00684	0.00798	0.00532	0.00456	0.00304	0.00152	0.00380	0.00266	0.00304	0.00532
46	0.01460	0.00979	0.01174	0.06946	0.01431	0.00935	0.00762	0.15257	0.12052	0.19708	0.01325	0.01330	0.00959	0.00511	0.00444	0.00124	0.00433	0.00411	0.00422	0.33338
47	0.01357	0.00980	0.01131	0.00844	0.01247	0.00878	0.00683	0.20196	0.02785	0.11273	0.04476	0.01265	0.00994	0.00481	0.00422	0.00106	0.00408	0.00383	0.00392	0.49698
48	0.01156	0.00998	0.01055	0.00941	0.01220	0.01118	0.00732	0.02364	0.67239	0.01966	0.02171	0.02018	0.07867	0.00694	0.00498	0.00160	0.00376	0.00578	0.00483	0.06368
49	0.00664	0.00524	0.00713	0.00686	0.00809	0.00475	0.04617	0.00836	0.01180	0.01581	0.34322	0.26615	0.22761	0.01188	0.00594	0.00171	0.00284	0.01056	0.00479	0.00444
50	0.01022	0.00953	0.01534	0.01255	0.01456	0.01045	0.21400	0.09158	0.04454	0.01551	0.01651	0.26084	0.04616	0.00926	0.00831	0.00186	0.20169	0.00795	0.00348	0.00565
51	0.83851	0.00962	0.00743	0.00660	0.00966	0.01114	0.00543	0.03578	0.00877	0.02230	0.00698	0.00809	0.00541	0.00460	0.00309	0.00152	0.00385	0.00271	0.00309	0.00541
52	0.01372	0.08689	0.22673	0.01362	0.01850	0.01179	0.22110	0.12702	0.01315	0.14893	0.02505	0.04981	0.00974	0.00548	0.00502	0.00154	0.00630	0.00503	0.00344	0.00716

[dist]
# distance from previous block
# <min> <max>
1	3

[block]
# block no. 6 follows, 51 sequences, length 28
# corresponding to MSA columns:
# 332-359
name=unknown_G
#
# <colnr> <probs for GDERKNQSTAVLIFYWHMCP>
#	G	D	E	R	K	N	Q	S	T	A	V	L	I	F	Y	W	H	M	C	P
0	0.08526	0.04205	0.00892	0.02136	0.03610	0.03552	0.00542	0.10035	0.03733	0.04317	0.05922	0.03824	0.01585	0.43380	0.01520	0.00319	0.00476	0.00605	0.00348	0.00473
1	0.35779	0.03961	0.02610	0.00967	0.04520	0.06743	0.02839	0.07798	0.10091	0.13674	0.01101	0.01134	0.00810	0.00509	0.00402	0.00145	0.00467	0.00370	0.00373	0.05708
2	0.45241	0.07122	0.05635	0.14039	0.01540	0.06042	0.00836	0.09434	0.01085	0.03899	0.00814	0.00962	0.00619	0.00481	0.00377	0.00149	0.00504	0.00326	0.00302	0.00594
3	0.01365	0.04240	0.01297	0.19306	0.01763	0.06525	0.00875	0.15387	0.01332	0.11975	0.03477	0.01264	0.00905	0.00498	0.00443	0.00125	0.00508	0.00397	0.00354	0.27964
4	0.01220	0.01209	0.01377	0.06100	0.19289	0.13996	0.00944	0.03568	0.01118	0.01529	0.00859	0.01068	0.00717	0.00453	0.00504	0.00116	0.06283	0.00351	0.00270	0.39028
5	0.00599	0.00428	0.00570	0.00684	0.00713	0.00399	0.00456	0.00684	0.00941	0.01254	0.02709	0.82409	0.03250	0.01540	0.00627	0.00200	0.00285	0.01397	0.00456	0.00399
6	0.00661	0.00508	0.00606	0.00587	0.00720	0.00459	0.00438	0.00871	0.02869	0.01709	0.47682	0.08050	0.30829	0.01110	0.00581	0.00161	0.00244	0.00960	0.00506	0.00450
