[name]
unknown

[dist]
# distance from previous block
# <min> <max>
0	553

[block]
# block no. 0 follows, 46 sequences, length 7
# corresponding to MSA columns:
# 609-615
name=unknown_A
#
# <colnr> <probs for GDERKNQSTAVLIFYWHMCP>
#	G	D	E	R	K	N	Q	S	T	A	V	L	I	F	Y	W	H	M	C	P
0	0.00787	0.00537	0.00654	0.00682	0.00714	0.00543	0.00460	0.00852	0.00874	0.01162	0.01906	0.03943	0.02140	0.58971	0.06661	0.00471	0.00559	0.17361	0.00356	0.00367
1	0.01523	0.01131	0.01783	0.01355	0.01736	0.01125	0.24370	0.14654	0.05940	0.19215	0.02114	0.02131	0.14278	0.00723	0.00647	0.00175	0.05257	0.00651	0.00452	0.00740
2	0.01699	0.01094	0.01354	0.14678	0.01773	0.01168	0.00946	0.33814	0.01850	0.19691	0.14608	0.01875	0.01663	0.00698	0.00546	0.00164	0.00516	0.00570	0.00516	0.00776
3	0.00717	0.00594	0.00805	0.18535	0.01395	0.00603	0.00680	0.00882	0.01089	0.01377	0.03312	0.36930	0.28546	0.01293	0.00625	0.00194	0.00383	0.01137	0.00433	0.00471
4	0.01089	0.00581	0.00765	0.00753	0.00895	0.00526	0.00556	0.01167	0.01114	0.18659	0.02798	0.32012	0.15372	0.01396	0.00877	0.14761	0.00369	0.05322	0.00482	0.00507
5	0.15975	0.01187	0.01336	0.14648	0.01791	0.01271	0.00925	0.33630	0.01653	0.02462	0.01046	0.01184	0.00783	0.00537	0.00463	0.00144	0.00530	0.00406	0.00395	0.19633
6	0.01418	0.15058	0.01724	0.04636	0.17568	0.01393	0.01084	0.21005	0.12711	0.02090	0.01501	0.02124	0.01316	0.00719	0.00531	0.00169	0.00553	0.13242	0.00403	0.00755

[dist]
# distance from previous block
# <min> <max>
1	59

[block]
# block no. 1 follows, 46 sequences, length 98
# corresponding to MSA columns:
# 675-772
name=unknown_B
#
# <colnr> <probs for GDERKNQSTAVLIFYWHMCP>
#	G	D	E	R	K	N	Q	S	T	A	V	L	I	F	Y	W	H	M	C	P
0	0.01903	0.01574	0.04945	0.01219	0.01632	0.08345	0.01024	0.56755	0.10036	0.05205	0.01331	0.01323	0.00956	0.00630	0.00524	0.00159	0.00602	0.00475	0.00498	0.00862
1	0.00998	0.00940	0.01586	0.80150	0.03641	0.01175	0.01468	0.01351	0.01057	0.01351	0.00940	0.01409	0.00705	0.00529	0.00529	0.00176	0.00705	0.00470	0.00235	0.00587
2	0.01610	0.01170	0.01273	0.00963	0.01396	0.05421	0.00779	0.21577	0.02954	0.15228	0.01238	0.01270	0.00913	0.00516	0.00459	0.00119	0.00484	0.00401	0.00431	0.41798
3	0.01266	0.01213	0.02070	0.13661	0.68036	0.01245	0.01602	0.01586	0.01184	0.01676	0.00987	0.01322	0.00819	0.00479	0.00524	0.00160	0.00638	0.00471	0.00258	0.00804
4	0.01484	0.01623	0.02411	0.01816	0.02253	0.17309	0.44125	0.09958	0.08638	0.01830	0.01135	0.01359	0.00863	0.00521	0.00596	0.00169	0.02321	0.00544	0.00322	0.00722
5	0.01091	0.00931	0.01084	0.00791	0.01238	0.00723	0.00630	0.01382	0.04486	0.01762	0.04346	0.01259	0.01003	0.00436	0.00408	0.00087	0.00387	0.00354	0.00335	0.77268
6	0.00644	0.00460	0.00613	0.00736	0.00767	0.00429	0.00491	0.00736	0.01012	0.01350	0.02914	0.81076	0.03497	0.01656	0.00675	0.00215	0.00307	0.01503	0.00491	0.00429
7	0.15661	0.01491	0.01383	0.01113	0.01487	0.14290	0.00901	0.39880	0.01873	0.09956	0.01159	0.01191	0.00839	0.00593	0.00506	0.00154	0.02209	0.00420	0.00450	0.04443
8	0.02141	0.01190	0.01397	0.01080	0.01490	0.01219	0.00889	0.37873	0.06116	0.38376	0.01699	0.01555	0.01129	0.00648	0.00531	0.00162	0.00511	0.00509	0.00588	0.00896
9	0.00918	0.00459	0.00689	0.00689	0.00689	0.00459	0.00459	0.00689	0.00689	0.00918	0.00918	0.01607	0.00918	0.01837	0.02066	0.84619	0.00459	0.00459	0.00230	0.00230
10	0.01160	0.04352	0.30711	0.01470	0.01828	0.01468	0.06646	0.03701	0.01014	0.01513	0.00834	0.01154	0.00698	0.00709	0.01114	0.00198	0.40071	0.00441	0.00239	0.00677
11	0.01904	0.01450	0.01502	0.01180	0.01570	0.04939	0.00963	0.65174	0.05849	0.03091	0.01353	0.03627	0.01012	0.00664	0.00526	0.00159	0.00572	0.00506	0.03100	0.00857
12	0.05391	0.01835	0.01567	0.01677	0.18251	0.42123	0.02655	0.01992	0.03806	0.10199	0.02893	0.01263	0.00932	0.00637	0.02387	0.00165	0.00778	0.00422	0.00332	0.00696
13	0.00648	0.00508	0.00588	0.00637	0.00751	0.00448	0.00456	0.00776	0.01150	0.01453	0.09787	0.35289	0.40833	0.01449	0.00647	0.00194	0.00288	0.03158	0.00498	0.00445
14	0.01357	0.50388	0.23358	0.01113	0.01634	0.07898	0.01198	0.01703	0.04436	0.01408	0.00862	0.00979	0.00717	0.00485	0.00403	0.00133	0.00649	0.00330	0.00243	0.00708
15	0.01594	0.45015	0.05824	0.00950	0.01409	0.01573	0.00902	0.07638	0.01278	0.16926	0.01084	0.01116	0.00835	0.00502	0.00407	0.00125	0.00532	0.00357	0.00347	0.11588
16	0.03692	0.01401	0.01559	0.01375	0.09324	0.04905	0.01022	0.52313	0.03367	0.12290	0.01328	0.01341	0.00946	0.00671	0.01861	0.00170	0.00594	0.00476	0.00498	0.00865
17	0.01194	0.01176	0.01792	0.35873	0.37386	0.06766	0.01463	0.01502	0.01154	0.01518	0.01043	0.04862	0.00887	0.00553	0.00529	0.00166	0.00670	0.00507	0.00261	0.00696
18	0.00985	0.00493	0.00493	0.00493	0.00616	0.00493	0.00370	0.01232	0.01109	0.01971	0.01725	0.01971	0.01355	0.00616	0.00370	0.00123	0.00246	0.00493	0.84356	0.00493
19	0.01692	0.01360	0.01452	0.01175	0.01506	0.06903	0.03523	0.48190	0.08780	0.02652	0.01477	0.09505	0.01251	0.04678	0.00688	0.00185	0.03123	0.00600	0.00479	0.00781
20	0.00755	0.00566	0.00850	0.00850	0.00944	0.00661	0.00661	0.00944	0.00850	0.01227	0.01416	0.02077	0.01322	0.03965	0.79326	0.00850	0.01416	0.00566	0.00283	0.00472
21	0.01315	0.01136	0.01195	0.01076	0.01375	0.01315	0.00837	0.02809	0.77168	0.02211	0.02152	0.01972	0.01614	0.00717	0.00538	0.00179	0.00418	0.00598	0.00538	0.00837
22	0.55078	0.00978	0.00940	0.00784	0.01141	0.01037	0.00647	0.01925	0.01123	0.30027	0.01226	0.01201	0.00840	0.00550	0.00401	0.00164	0.00424	0.00375	0.00446	0.00691
23	0.00644	0.00460	0.00613	0.00736	0.00767	0.00429	0.00491	0.00736	0.01012	0.01350	0.02914	0.81076	0.03497	0.01656	0.00675	0.00215	0.00307	0.01503	0.00491	0.00429
24	0.00755	0.00566	0.00850	0.00850	0.00944	0.00661	0.00661	0.00944	0.00850	0.01227	0.01416	0.02077	0.01322	0.03965	0.79326	0.00850	0.01416	0.00566	0.00283	0.00472
25	0.01096	0.00940	0.01096	0.00783	0.01253	0.00705	0.00626	0.01331	0.01096	0.01723	0.00940	0.01096	0.00783	0.00392	0.00392	0.00078	0.00392	0.00313	0.00313	0.84653
26	0.00998	0.00940	0.01586	0.80150	0.03641	0.01175	0.01468	0.01351	0.01057	0.01351	0.00940	0.01409	0.00705	0.00529	0.00529	0.00176	0.00705	0.00470	0.00235	0.00587
27	0.02197	0.01180	0.01401	0.01074	0.01490	0.01193	0.00887	0.38205	0.01983	0.42197	0.01691	0.01543	0.01111	0.00645	0.00530	0.00161	0.00514	0.00505	0.00594	0.00899
28	0.00918	0.00459	0.00689	0.00689	0.00689	0.00459	0.00459	0.00689	0.00689	0.00918	0.00918	0.01607	0.00918	0.01837	0.02066	0.84619	0.00459	0.00459	0.00230	0.00230
29	0.01598	0.01276	0.01355	0.01133	0.01483	0.01447	0.00905	0.32792	0.46724	0.02668	0.01792	0.01686	0.01322	0.00684	0.00534	0.00171	0.00485	0.00548	0.00534	0.00862
30	0.01075	0.05922	0.75619	0.01482	0.02251	0.01263	0.01911	0.01671	0.01114	0.01657	0.00940	0.01105	0.00670	0.00500	0.00496	0.00165	0.00773	0.00386	0.00223	0.00777
31	0.00752	0.00562	0.00820	0.00820	0.00910	0.00643	0.00628	0.00925	0.00855	0.01219	0.01560	0.02273	0.03811	0.09507	0.71247	0.00804	0.01314	0.00599	0.00293	0.00460
32	0.01413	0.81739	0.02770	0.00905	0.01357	0.02092	0.00905	0.01583	0.01074	0.01244	0.00735	0.00848	0.00678	0.00452	0.00339	0.00113	0.00565	0.00283	0.00226	0.00678
33	0.00644	0.00460	0.00613	0.00736	0.00767	0.00429	0.00491	0.00736	0.01012	0.01350	0.02914	0.81076	0.03497	0.01656	0.00675	0.00215	0.00307	0.01503	0.00491	0.00429
34	0.01955	0.01454	0.01556	0.01205	0.01619	0.01614	0.00992	0.70601	0.08334	0.03244	0.01338	0.01324	0.00955	0.00641	0.00530	0.00160	0.00569	0.00485	0.00530	0.00894
35	0.01207	0.05641	0.38617	0.01393	0.03376	0.01330	0.01478	0.01582	0.01058	0.07554	0.03315	0.01261	0.00866	0.00665	0.00902	0.00184	0.26747	0.00438	0.00273	0.02113
36	0.00831	0.00678	0.00995	0.00951	0.01028	0.00842	0.00754	0.01006	0.00842	0.01236	0.01280	0.01903	0.01203	0.03391	0.64677	0.00733	0.16339	0.00547	0.00273	0.00492
37	0.85155	0.01022	0.00777	0.00695	0.01022	0.01186	0.00573	0.01554	0.00900	0.02372	0.00736	0.00859	0.00573	0.00491	0.00327	0.00164	0.00409	0.00286	0.00327	0.00573
38	0.00714	0.00539	0.00659	0.00629	0.00769	0.00484	0.00472	0.00932	0.01416	0.01929	0.57866	0.04263	0.25086	0.01152	0.00624	0.00170	0.00254	0.01000	0.00557	0.00484
39	0.01093	0.01047	0.01766	0.53191	0.21850	0.01232	0.03416	0.01421	0.01080	0.01447	0.00938	0.01366	0.00739	0.00542	0.00621	0.00176	0.06708	0.00474	0.00242	0.00652
40	0.00644	0.00460	0.00613	0.00736	0.00767	0.00429	0.00491	0.00736	0.01012	0.01350	0.02914	0.81076	0.03497	0.01656	0.00675	0.00215	0.00307	0.01503	0.00491	0.00429
41	0.00863	0.00693	0.00840	0.00885	0.06696	0.00680	0.00608	0.01297	0.14344	0.01900	0.34766	0.03652	0.24990	0.01026	0.00590	0.00169	0.00312	0.00884	0.04238	0.00567
42	0.03741	0.00751	0.01181	0.00948	0.01184	0.00733	0.19999	0.01362	0.01138	0.01912	0.01524	0.01794	0.01187	0.00568	0.00434	0.00139	0.00418	0.00520	0.59914	0.00552
43	0.00998	0.00940	0.01586	0.80150	0.03641	0.01175	0.01468	0.01351	0.01057	0.01351	0.00940	0.01409	0.00705	0.00529	0.00529	0.00176	0.00705	0.00470	0.00235	0.00587
44	0.01248	0.01426	0.03119	0.02228	0.02763	0.01337	0.76203	0.01693	0.01248	0.01693	0.01070	0.01426	0.00802	0.00446	0.00624	0.00178	0.00891	0.00624	0.00267	0.00713
45	0.00663	0.00537	0.00588	0.00575	0.00737	0.00462	0.00432	0.00832	0.01295	0.01641	0.27641	0.04738	0.55491	0.01260	0.00624	0.00175	0.00262	0.01067	0.00519	0.00462
46	0.02010	0.01481	0.01587	0.01216	0.01639	0.01639	0.01005	0.76360	0.02486	0.03332	0.01269	0.01269	0.00899	0.00635	0.00529	0.00159	0.00582	0.00476	0.00529	0.00899
47	0.01096	0.00940	0.01096	0.00783	0.01253	0.00705	0.00626	0.01331	0.01096	0.01723	0.00940	0.01096	0.00783	0.00392	0.00392	0.00078	0.00392	0.00313	0.00313	0.84653
48	0.00703	0.00539	0.00644	0.00618	0.00762	0.00480	0.00464	0.00911	0.01391	0.01869	0.51508	0.04363	0.31482	0.01175	0.00624	0.00171	0.00256	0.01014	0.00549	0.00480
49	0.00626	0.00532	0.00539	0.00544	0.00716	0.00446	0.00406	0.00758	0.01196	0.01425	0.05247	0.08456	0.74610	0.01353	0.00627	0.00180	0.00269	0.01133	0.00491	0.00446
50	0.01096	0.00940	0.01096	0.00783	0.01253	0.00705	0.00626	0.01331	0.01096	0.01723	0.00940	0.01096	0.00783	0.00392	0.00392	0.00078	0.00392	0.00313	0.00313	0.84653
51	0.01157	0.01157	0.01619	0.01388	0.01388	0.01619	0.01157	0.01272	0.00810	0.01272	0.00694	0.01157	0.00694	0.00925	0.01735	0.00231	0.80453	0.00463	0.00231	0.00578
52	0.01321	0.46156	0.31339	0.01165	0.01729	0.07373	0.01309	0.01656	0.01121	0.01410	0.00822	0.00957	0.00675	0.00478	0.00411	0.00135	0.00675	0.00328	0.00228	0.00713
53	0.00755	0.00566	0.00850	0.00850	0.00944	0.00661	0.00661	0.00944	0.00850	0.01227	0.01416	0.02077	0.01322	0.03965	0.79326	0.00850	0.01416	0.00566	0.00283	0.00472
54	0.01237	0.01183	0.02016	0.21079	0.60851	0.01237	0.01587	0.01559	0.01170	0.01640	0.00982	0.01332	0.00807	0.00484	0.00525	0.00161	0.00646	0.00471	0.00255	0.00779
55	0.01202	0.34523	0.48138	0.01264	0.01913	0.01575	0.01531	0.01638	0.01099	0.01501	0.00863	0.01008	0.00673	0.00482	0.00437	0.00146	0.00694	0.00347	0.00224	0.00740
56	0.01957	0.01454	0.01557	0.01206	0.01619	0.01615	0.00992	0.70751	0.08181	0.03246	0.01337	0.01323	0.00954	0.00641	0.00530	0.00160	0.00569	0.00485	0.00530	0.00894
57	0.01870	0.01347	0.01438	0.01118	0.01500	0.01484	0.00918	0.66152	0.02298	0.03147	0.01331	0.01365	0.00961	0.00632	0.00507	0.00154	0.00536	0.00478	0.11919	0.00844
58	0.00651	0.00474	0.00616	0.00726	0.00776	0.00439	0.00497	0.00754	0.01041	0.01368	0.03156	0.70102	0.11017	0.01616	0.00672	0.00212	0.00311	0.04649	0.00491	0.00434
59	0.01096	0.00940	0.01096	0.00783	0.01253	0.00705	0.00626	0.01331	0.01096	0.01723	0.00940	0.01096	0.00783	0.00392	0.00392	0.00078	0.00392	0.00313	0.00313	0.84653
60	0.01043	0.00513	0.00534	0.00519	0.00656	0.00506	0.00393	0.01287	0.01140	0.05553	0.04173	0.02026	0.01469	0.00633	0.00385	0.00126	0.00256	0.00509	0.77766	0.00512
61	0.10376	0.00912	0.01183	0.00917	0.01318	0.00817	0.00757	0.02478	0.01454	0.71129	0.01955	0.01708	0.01237	0.00638	0.00512	0.00164	0.00446	0.00508	0.00623	0.00868
62	0.00746	0.00540	0.00703	0.00662	0.00788	0.00498	0.00497	0.00993	0.01490	0.02105	0.76324	0.03973	0.06517	0.01086	0.00624	0.00167	0.00250	0.00959	0.00580	0.00498
63	0.00769	0.00513	0.00577	0.00577	0.00577	0.00513	0.00320	0.00769	0.00769	0.01025	0.01666	0.03460	0.01922	0.81421	0.02691	0.00513	0.00513	0.00769	0.00320	0.00320
64	0.00790	0.00551	0.00710	0.00664	0.00802	0.00504	0.00500	0.01029	0.01474	0.04505	0.69695	0.03970	0.10634	0.01088	0.00621	0.00167	0.00257	0.00955	0.00577	0.00507
65	0.00918	0.00459	0.00689	0.00689	0.00689	0.00459	0.00459	0.00689	0.00689	0.00918	0.00918	0.01607	0.00918	0.01837	0.02066	0.84619	0.00459	0.00459	0.00230	0.00230
66	0.01638	0.04104	0.01562	0.01207	0.01584	0.01467	0.06386	0.40368	0.26491	0.02677	0.01685	0.01724	0.03541	0.00683	0.00540	0.00168	0.00539	0.02305	0.00500	0.00834
67	0.00858	0.00567	0.00725	0.00670	0.00823	0.00513	0.00508	0.01089	0.01460	0.07921	0.62641	0.03930	0.14120	0.01081	0.00617	0.00168	0.00267	0.00944	0.00576	0.00523
68	0.01084	0.02572	0.69283	0.01597	0.02347	0.01241	0.11189	0.01677	0.01133	0.01677	0.00964	0.01155	0.00686	0.00495	0.00517	0.00169	0.00795	0.00420	0.00229	0.00773
69	0.01975	0.02520	0.01498	0.01362	0.01634	0.79299	0.01021	0.02111	0.01498	0.01294	0.00817	0.00953	0.00681	0.00545	0.00477	0.00136	0.00953	0.00340	0.00272	0.00613
70	0.00764	0.00557	0.00720	0.00680	0.00808	0.00523	0.00509	0.01049	0.03901	0.02104	0.73633	0.05733	0.04845	0.01083	0.00622	0.00168	0.00256	0.00958	0.00578	0.00508
71	0.04260	0.00613	0.00614	0.00574	0.00735	0.00635	0.00442	0.08857	0.01240	0.02124	0.01641	0.01858	0.01279	0.00613	0.00384	0.00128	0.00286	0.00483	0.72697	0.00537
72	0.08049	0.58202	0.11350	0.00971	0.01445	0.03384	0.00994	0.01680	0.01108	0.07433	0.00868	0.00957	0.00718	0.00479	0.00375	0.00128	0.00577	0.00316	0.00268	0.00698
73	0.01245	0.05240	0.21479	0.05604	0.23349	0.01334	0.25493	0.04894	0.01231	0.01725	0.00998	0.01277	0.00771	0.00490	0.00571	0.00167	0.02617	0.00492	0.00262	0.00762
74	0.01152	0.23178	0.59039	0.01351	0.02047	0.01451	0.01682	0.01651	0.01105	0.01563	0.00893	0.01047	0.00672	0.00489	0.00460	0.00153	0.00725	0.00363	0.00224	0.00755
75	0.00998	0.00940	0.01586	0.80150	0.03641	0.01175	0.01468	0.01351	0.01057	0.01351	0.00940	0.01409	0.00705	0.00529	0.00529	0.00176	0.00705	0.00470	0.00235	0.00587
76	0.01252	0.01225	0.02061	0.05740	0.35945	0.01265	0.18302	0.01838	0.17526	0.01782	0.01411	0.01618	0.03861	0.00568	0.00592	0.00171	0.03183	0.00557	0.00329	0.00775
77	0.00741	0.00540	0.00697	0.00658	0.00785	0.00496	0.00493	0.00984	0.01480	0.02080	0.73671	0.04015	0.09187	0.01096	0.00624	0.00167	0.00250	0.00965	0.00577	0.00496
78	0.01799	0.01376	0.01468	0.01174	0.01559	0.01541	0.00954	0.54068	0.25121	0.02992	0.01537	0.01482	0.01116	0.00660	0.00532	0.00165	0.00532	0.00513	0.00532	0.00880
79	0.00627	0.00525	0.00546	0.00563	0.00721	0.00444	0.00414	0.00756	0.01179	0.01417	0.05022	0.15457	0.67754	0.01382	0.00632	0.00183	0.00273	0.01169	0.00491	0.00444
80	0.01344	0.01129	0.01196	0.01072	0.01374	0.01300	0.00835	0.02803	0.75068	0.04329	0.02150	0.01968	0.01605	0.00715	0.00538	0.00179	0.00419	0.00596	0.00541	0.00839
81	0.00769	0.00513	0.00577	0.00577	0.00577	0.00513	0.00320	0.00769	0.00769	0.01025	0.01666	0.03460	0.01922	0.81421	0.02691	0.00513	0.00513	0.00769	0.00320	0.00320
82	0.01408	0.01173	0.01243	0.01086	0.01399	0.01342	0.00853	0.14341	0.63208	0.02385	0.04210	0.01919	0.01599	0.00715	0.00539	0.00176	0.00439	0.00589	0.00538	0.00837
83	0.00778	0.00513	0.00590	0.00594	0.00597	0.00513	0.00343	0.00775	0.00779	0.01038	0.01668	0.03456	0.01913	0.75487	0.02603	0.04171	0.00509	0.03030	0.00322	0.00322
84	0.01308	0.01256	0.02146	0.03245	0.78123	0.01256	0.01622	0.01622	0.01204	0.01727	0.00994	0.01308	0.00837	0.00471	0.00523	0.00157	0.00628	0.00471	0.00262	0.00837
85	0.01975	0.02520	0.01498	0.01362	0.01634	0.79299	0.01021	0.02111	0.01498	0.01294	0.00817	0.00953	0.00681	0.00545	0.00477	0.00136	0.00953	0.00340	0.00272	0.00613
86	0.85155	0.01022	0.00777	0.00695	0.01022	0.01186	0.00573	0.01554	0.00900	0.02372	0.00736	0.00859	0.00573	0.00491	0.00327	0.00164	0.00409	0.00286	0.00327	0.00573
87	0.01315	0.01136	0.01195	0.01076	0.01375	0.01315	0.00837	0.02809	0.77168	0.02211	0.02152	0.01972	0.01614	0.00717	0.00538	0.00179	0.00418	0.00598	0.00538	0.00837
88	0.85155	0.01022	0.00777	0.00695	0.01022	0.01186	0.00573	0.01554	0.00900	0.02372	0.00736	0.00859	0.00573	0.00491	0.00327	0.00164	0.00409	0.00286	0.00327	0.00573
89	0.01775	0.02067	0.01409	0.01271	0.01556	0.53213	0.00965	0.04611	0.24518	0.01635	0.01237	0.01273	0.00971	0.00600	0.00497	0.00150	0.00779	0.00423	0.00361	0.00690
90	0.01295	0.01242	0.02121	0.06598	0.74876	0.01253	0.01616	0.01611	0.01197	0.01711	0.00992	0.01313	0.00832	0.00474	0.00524	0.00158	0.00631	0.00471	0.00261	0.00826
91	0.01308	0.01256	0.02146	0.03245	0.78123	0.01256	0.01622	0.01622	0.01204	0.01727	0.00994	0.01308	0.00837	0.00471	0.00523	0.00157	0.00628	0.00471	0.00262	0.00837
92	0.01248	0.01426	0.03119	0.02228	0.02763	0.01337	0.76203	0.01693	0.01248	0.01693	0.01070	0.01426	0.00802	0.00446	0.00624	0.00178	0.00891	0.00624	0.00267	0.00713
93	0.01413	0.81739	0.02770	0.00905	0.01357	0.02092	0.00905	0.01583	0.01074	0.01244	0.00735	0.00848	0.00678	0.00452	0.00339	0.00113	0.00565	0.00283	0.00226	0.00678
94	0.04309	0.00903	0.01216	0.00935	0.01342	0.00787	0.00772	0.02552	0.01499	0.76708	0.02054	0.01777	0.01291	0.00650	0.00527	0.00164	0.00449	0.00526	0.00647	0.00892
95	0.01187	0.09605	0.66327	0.01412	0.02137	0.01272	0.01775	0.01732	0.01141	0.07215	0.01012	0.01142	0.00717	0.00509	0.00490	0.00162	0.00738	0.00391	0.00255	0.00781
96	0.81413	0.01001	0.00774	0.00694	0.01012	0.01155	0.00569	0.01529	0.00926	0.02361	0.04154	0.00996	0.00768	0.00517	0.00340	0.00164	0.00402	0.00316	0.00338	0.00569
97	0.45729	0.01287	0.01034	0.00987	0.04588	0.17257	0.00735	0.03760	0.01149	0.09049	0.01124	0.09124	0.00980	0.00638	0.00426	0.00163	0.00530	0.00457	0.00365	0.00617

[dist]
# distance from previous block
# <min> <max>
0	10

[block]
# block no. 2 follows, 46 sequences, length 34
# corresponding to MSA columns:
# 783-816
name=unknown_C
#
# <colnr> <probs for GDERKNQSTAVLIFYWHMCP>
#	G	D	E	R	K	N	Q	S	T	A	V	L	I	F	Y	W	H	M	C	P
0	0.01984	0.01011	0.01249	0.00948	0.01366	0.00921	0.00778	0.16601	0.01600	0.44984	0.01665	0.01545	0.01114	0.00591	0.00496	0.00143	0.00457	0.00472	0.02664	0.19411
1	0.01184	0.02015	0.44175	0.01678	0.15700	0.01206	0.01578	0.08960	0.06551	0.01927	0.08789	0.01509	0.01221	0.00582	0.00523	0.00165	0.00656	0.00485	0.00318	0.00778
2	0.01754	0.01209	0.01336	0.01098	0.01461	0.01324	0.00883	0.28000	0.37162	0.17097	0.01836	0.01698	0.01311	0.00677	0.00534	0.00169	0.00480	0.00543	0.00557	0.00870
3	0.05034	0.01308	0.03529	0.01447	0.01865	0.03231	0.26155	0.21280	0.09905	0.11596	0.01537	0.01720	0.03629	0.03211	0.00628	0.00182	0.00643	0.01906	0.00427	0.00765
4	0.01167	0.00849	0.06275	0.00868	0.01100	0.00732	0.00708	0.01603	0.14919	0.15908	0.09851	0.29299	0.02449	0.01041	0.00575	0.00180	0.00381	0.01837	0.06919	0.03338
5	0.00724	0.00522	0.00577	0.00573	0.00639	0.00491	0.00363	0.00789	0.00972	0.01255	0.10413	0.03995	0.24912	0.49453	0.01867	0.00378	0.00413	0.00891	0.00398	0.00376
6	0.05424	0.15577	0.09631	0.01069	0.01479	0.02650	0.00970	0.25601	0.16826	0.07162	0.01374	0.01384	0.01022	0.00597	0.00472	0.00153	0.00531	0.00451	0.06842	0.00785
7	0.01400	0.01954	0.34453	0.01521	0.02070	0.01392	0.14058	0.22634	0.01500	0.03936	0.01060	0.01232	0.00774	0.00578	0.00659	0.00173	0.09031	0.00465	0.00328	0.00785
8	0.61598	0.15434	0.09273	0.00817	0.01214	0.01350	0.00775	0.01572	0.00953	0.02100	0.00758	0.00884	0.00601	0.00485	0.00348	0.00155	0.00475	0.00297	0.00298	0.00613
9	0.01832	0.16437	0.01746	0.01230	0.01568	0.38577	0.00994	0.22494	0.04291	0.01878	0.00969	0.01064	0.00773	0.00572	0.00512	0.00143	0.03487	0.00381	0.00343	0.00710
10	0.01794	0.00823	0.01061	0.00864	0.01188	0.00750	0.00696	0.02134	0.09388	0.49035	0.16057	0.02534	0.09691	0.00806	0.00558	0.00167	0.00392	0.00674	0.00613	0.00775
11	0.01205	0.01118	0.01878	0.22610	0.53278	0.01177	0.01488	0.01524	0.01159	0.01650	0.01036	0.01384	0.00843	0.00497	0.00513	0.00159	0.00619	0.00472	0.06643	0.00748
12	0.76810	0.01068	0.00858	0.00748	0.01084	0.01231	0.00616	0.09062	0.01059	0.02468	0.00790	0.00900	0.00605	0.00505	0.00347	0.00163	0.00426	0.00305	0.00347	0.00605
13	0.01041	0.00605	0.00801	0.00715	0.00891	0.00549	0.00549	0.01283	0.01499	0.15905	0.64170	0.03561	0.04324	0.01004	0.00607	0.00166	0.00286	0.00879	0.00595	0.00571
14	0.07396	0.01127	0.01230	0.00992	0.01343	0.01203	0.00806	0.33587	0.13237	0.17721	0.01817	0.01750	0.05691	0.00681	0.00507	0.00161	0.00467	0.00532	0.08952	0.00800
15	0.00648	0.00543	0.00567	0.00580	0.00752	0.00463	0.00447	0.00792	0.01206	0.01444	0.05099	0.05176	0.70395	0.01351	0.00635	0.00185	0.00290	0.08487	0.00491	0.00450
16	0.01193	0.01204	0.01653	0.36450	0.27103	0.11618	0.01356	0.01476	0.01159	0.01464	0.01147	0.09644	0.01036	0.00630	0.00535	0.00169	0.00672	0.00561	0.00275	0.00655
17	0.01248	0.01426	0.03119	0.02228	0.02763	0.01337	0.76203	0.01693	0.01248	0.01693	0.01070	0.01426	0.00802	0.00446	0.00624	0.00178	0.00891	0.00624	0.00267	0.00713
18	0.01334	0.01205	0.01637	0.02070	0.36534	0.02361	0.01201	0.05546	0.35117	0.02015	0.02993	0.01731	0.01302	0.00619	0.00535	0.00168	0.00527	0.01873	0.00407	0.00824
19	0.00638	0.00536	0.00553	0.00549	0.00722	0.00452	0.00412	0.00784	0.01235	0.01500	0.12933	0.04969	0.70286	0.01312	0.00625	0.00177	0.00266	0.01099	0.00500	0.00452
20	0.04258	0.00894	0.01151	0.00907	0.01270	0.02423	0.00740	0.03473	0.01510	0.62556	0.13070	0.02063	0.01807	0.00710	0.00539	0.00163	0.00432	0.00582	0.00625	0.00827
21	0.18118	0.56448	0.11164	0.00932	0.01398	0.01811	0.00960	0.01588	0.01044	0.01519	0.00760	0.00881	0.00656	0.00466	0.00356	0.00129	0.00559	0.00296	0.00246	0.00669
22	0.00839	0.00601	0.00835	0.00954	0.01074	0.00598	0.00828	0.01074	0.01210	0.01570	0.02870	0.08541	0.05020	0.01464	0.00726	0.00241	0.00475	0.70110	0.00487	0.00484
23	0.01252	0.09234	0.05795	0.00978	0.01459	0.01015	0.05640	0.08423	0.02816	0.03418	0.01007	0.01142	0.00806	0.00442	0.00426	0.00105	0.00482	0.00360	0.00328	0.54870
24	0.01032	0.00538	0.00543	0.00526	0.00663	0.00545	0.00399	0.04659	0.01171	0.02033	0.01704	0.01939	0.01334	0.00617	0.00377	0.00125	0.00262	0.00492	0.80532	0.00511
25	0.01666	0.01317	0.01379	0.01156	0.01470	0.07305	0.00926	0.23831	0.33532	0.10754	0.01636	0.01587	0.01207	0.00695	0.00655	0.00174	0.08876	0.00522	0.00496	0.00818
26	0.00755	0.00566	0.00850	0.00850	0.00944	0.00661	0.00661	0.00944	0.00850	0.01227	0.01416	0.02077	0.01322	0.03965	0.79326	0.00850	0.01416	0.00566	0.00283	0.00472
27	0.01627	0.01656	0.01267	0.09352	0.01586	0.37414	0.00900	0.14900	0.01527	0.01831	0.01140	0.01315	0.00893	0.00577	0.00464	0.00141	0.00682	0.00417	0.21679	0.00630
28	0.00663	0.00497	0.00616	0.00671	0.00759	0.00449	0.00471	0.00802	0.01170	0.01545	0.20671	0.44737	0.22129	0.01446	0.00651	0.00195	0.00284	0.01283	0.00512	0.00449
29	0.22802	0.01078	0.01207	0.00950	0.01342	0.01098	0.00784	0.21071	0.01608	0.40522	0.01544	0.01431	0.01022	0.00609	0.00480	0.00162	0.00473	0.00457	0.00541	0.00818
30	0.00943	0.00501	0.00531	0.00524	0.00647	0.00494	0.00393	0.01190	0.01179	0.01998	0.15464	0.02328	0.02011	0.00700	0.00415	0.00131	0.00247	0.00576	0.69235	0.00494
31	0.01060	0.00986	0.01615	0.47647	0.20778	0.01158	0.01361	0.01348	0.01043	0.01400	0.01010	0.01581	0.00863	0.09001	0.00845	0.00211	0.06724	0.00501	0.00250	0.00618
32	0.17182	0.00878	0.01066	0.01200	0.14897	0.00914	0.00772	0.05776	0.09239	0.02114	0.30176	0.02621	0.09485	0.00817	0.00534	0.00166	0.00387	0.00689	0.00459	0.00628
33	0.01265	0.09043	0.01242	0.03686	0.01272	0.01116	0.00768	0.26036	0.09471	0.02103	0.01966	0.33111	0.01994	0.01028	0.00564	0.00178	0.00447	0.00879	0.03173	0.00659

[dist]
# distance from previous block
# <min> <max>
1	5

[block]
# block no. 3 follows, 46 sequences, length 39
# corresponding to MSA columns:
# 822-860
name=unknown_D
#
# <colnr> <probs for GDERKNQSTAVLIFYWHMCP>
#	G	D	E	R	K	N	Q	S	T	A	V	L	I	F	Y	W	H	M	C	P
0	0.00920	0.00698	0.00697	0.00650	0.00852	0.05305	0.00496	0.01079	0.01301	0.10113	0.15523	0.04299	0.53782	0.01176	0.00605	0.00172	0.00327	0.00979	0.00509	0.00515
1	0.01859	0.01701	0.01671	0.01695	0.18544	0.23437	0.01137	0.35969	0.01885	0.05362	0.01113	0.01210	0.00840	0.00574	0.00513	0.00152	0.00692	0.00439	0.00402	0.00805
2	0.00659	0.00514	0.00579	0.00607	0.00721	0.00455	0.00427	0.00780	0.01138	0.01438	0.12255	0.24787	0.41847	0.10321	0.00868	0.00224	0.00303	0.01161	0.00482	0.00434
3	0.01646	0.01132	0.01257	0.01066	0.01406	0.01242	0.00847	0.13098	0.49935	0.19241	0.02013	0.01835	0.01446	0.00692	0.00535	0.00173	0.00448	0.00566	0.00562	0.00859
4	0.01152	0.00981	0.01477	0.57824	0.03000	0.01181	0.01286	0.01748	0.17920	0.06250	0.01278	0.01558	0.00943	0.00578	0.00531	0.00176	0.00626	0.00502	0.00328	0.00662
5	0.00933	0.00503	0.00540	0.00531	0.00654	0.00494	0.00398	0.01180	0.01194	0.02004	0.18562	0.02408	0.02159	0.00719	0.00426	0.00133	0.00247	0.00595	0.65826	0.00494
6	0.10492	0.01262	0.13034	0.09860	0.07808	0.01058	0.01044	0.03885	0.11085	0.01832	0.03106	0.05723	0.01101	0.00599	0.00525	0.00150	0.03661	0.00482	0.00338	0.22956
7	0.01241	0.01304	0.02572	0.11881	0.31116	0.01287	0.39354	0.01626	0.01209	0.01665	0.01026	0.01380	0.00804	0.00465	0.00575	0.00170	0.00770	0.00548	0.00261	0.00745
8	0.00737	0.00518	0.00568	0.00568	0.00607	0.00498	0.00338	0.00767	0.00865	0.01114	0.02482	0.03820	0.18729	0.63708	0.02234	0.00439	0.00458	0.00846	0.00358	0.00348
9	0.01413	0.81739	0.02770	0.00905	0.01357	0.02092	0.00905	0.01583	0.01074	0.01244	0.00735	0.00848	0.00678	0.00452	0.00339	0.00113	0.00565	0.00283	0.00226	0.00678
10	0.01238	0.00935	0.01111	0.00801	0.01264	0.00713	0.00643	0.01470	0.01143	0.10280	0.01067	0.01175	0.00842	0.00421	0.00407	0.00088	0.00398	0.00338	0.00351	0.75317
11	0.01685	0.01209	0.01196	0.01039	0.01327	0.14499	0.00820	0.08496	0.19937	0.23382	0.01731	0.01921	0.01326	0.00998	0.06054	0.05369	0.00605	0.05106	0.02572	0.00729
12	0.85155	0.01022	0.00777	0.00695	0.01022	0.01186	0.00573	0.01554	0.00900	0.02372	0.00736	0.00859	0.00573	0.00491	0.00327	0.00164	0.00409	0.00286	0.00327	0.00573
13	0.01890	0.02169	0.01471	0.01300	0.01600	0.56543	0.00994	0.13780	0.11986	0.01737	0.01070	0.01142	0.00842	0.00582	0.00493	0.00146	0.00822	0.00397	0.00349	0.00688
14	0.85155	0.01022	0.00777	0.00695	0.01022	0.01186	0.00573	0.01554	0.00900	0.02372	0.00736	0.00859	0.00573	0.00491	0.00327	0.00164	0.00409	0.00286	0.00327	0.00573
15	0.01362	0.12720	0.50034	0.01369	0.03577	0.01337	0.01574	0.09957	0.01307	0.10363	0.01084	0.01178	0.00771	0.00527	0.00488	0.00159	0.00691	0.00403	0.00306	0.00795
16	0.10771	0.01384	0.02258	0.03469	0.19172	0.06065	0.33463	0.09897	0.01353	0.04343	0.01050	0.01297	0.00802	0.00490	0.00541	0.00165	0.00724	0.00508	0.00314	0.01934
17	0.00658	0.00471	0.00626	0.00727	0.00770	0.00438	0.00492	0.00770	0.01075	0.01450	0.12715	0.70988	0.03692	0.01581	0.00668	0.00208	0.00299	0.01431	0.00503	0.00438
18	0.00918	0.00459	0.00689	0.00689	0.00689	0.00459	0.00459	0.00689	0.00689	0.00918	0.00918	0.01607	0.00918	0.01837	0.02066	0.84619	0.00459	0.00459	0.00230	0.00230
19	0.02979	0.04743	0.01677	0.01472	0.10017	0.24521	0.07023	0.17499	0.01626	0.19223	0.02271	0.01388	0.00981	0.00587	0.00515	0.00154	0.00684	0.01455	0.00416	0.00768
20	0.01300	0.38716	0.12824	0.01522	0.02051	0.01672	0.31707	0.01640	0.01150	0.01483	0.00899	0.01118	0.00728	0.00456	0.00476	0.00147	0.00726	0.00436	0.00243	0.00706
21	0.00644	0.00460	0.00613	0.00736	0.00767	0.00429	0.00491	0.00736	0.01012	0.01350	0.02914	0.81076	0.03497	0.01656	0.00675	0.00215	0.00307	0.01503	0.00491	0.00429
22	0.01205	0.01123	0.01783	0.02566	0.56371	0.01133	0.01353	0.01624	0.09540	0.01738	0.01718	0.02087	0.09648	0.00655	0.00549	0.00167	0.00556	0.05080	0.00331	0.00772
23	0.01116	0.06850	0.61405	0.01660	0.06919	0.01289	0.10152	0.01668	0.01134	0.01656	0.00953	0.01148	0.00695	0.00491	0.00508	0.00165	0.00772	0.00416	0.00231	0.00771
24	0.01463	0.01679	0.01702	0.01438	0.01641	0.32016	0.11712	0.01694	0.04154	0.01374	0.00916	0.01227	0.00795	0.00962	0.07752	0.00238	0.27906	0.00452	0.00269	0.00612
25	0.82405	0.01018	0.00792	0.00703	0.01033	0.01172	0.00579	0.01588	0.00920	0.04900	0.00781	0.00890	0.00597	0.00496	0.00334	0.00164	0.00410	0.00294	0.00338	0.00583
26	0.01105	0.01156	0.02212	0.01824	0.09657	0.01158	0.40098	0.01429	0.01201	0.01650	0.10077	0.03713	0.09774	0.00708	0.00767	0.00183	0.11620	0.00696	0.00326	0.00648
27	0.00744	0.00566	0.00720	0.00746	0.00874	0.00490	0.00521	0.00868	0.01031	0.01432	0.02477	0.63385	0.02896	0.01376	0.00612	0.00185	0.00325	0.01240	0.00451	0.19059
28	0.01631	0.01465	0.01362	0.01165	0.01497	0.14138	0.00917	0.24788	0.42388	0.02398	0.01669	0.01595	0.01247	0.00664	0.00525	0.00166	0.00555	0.00519	0.00492	0.00819
29	0.01125	0.10870	0.62311	0.01634	0.10511	0.01322	0.01807	0.01659	0.01121	0.01635	0.00931	0.01109	0.00689	0.00494	0.00487	0.00161	0.00742	0.00388	0.00228	0.00777
30	0.01229	0.03884	0.03566	0.10883	0.26386	0.01232	0.22655	0.01701	0.09900	0.03604	0.02746	0.06341	0.01145	0.00593	0.00576	0.00171	0.01738	0.00595	0.00320	0.00734
31	0.01616	0.01148	0.01304	0.01008	0.01384	0.01170	0.00824	0.35133	0.01753	0.10767	0.01502	0.01539	0.05621	0.00634	0.00574	0.00142	0.05985	0.00478	0.04380	0.23037
32	0.02914	0.01431	0.18249	0.01069	0.01461	0.07202	0.01008	0.02101	0.23037	0.17491	0.11074	0.01892	0.01650	0.00677	0.00519	0.00164	0.00514	0.00550	0.06248	0.00749
33	0.03533	0.56442	0.06199	0.00988	0.01446	0.01814	0.02361	0.08789	0.03093	0.07374	0.00945	0.01019	0.00772	0.00493	0.00391	0.00127	0.00563	0.00340	0.00300	0.03011
34	0.01116	0.02394	0.61647	0.01649	0.10507	0.01241	0.01792	0.01795	0.09603	0.01740	0.01088	0.01233	0.00793	0.00523	0.00509	0.00168	0.00724	0.00423	0.00263	0.00794
35	0.01657	0.01572	0.01315	0.01148	0.01451	0.26017	0.00891	0.14213	0.31485	0.06281	0.05570	0.01631	0.01359	0.00663	0.00518	0.00160	0.00603	0.00510	0.02200	0.00754
36	0.00661	0.00487	0.00624	0.00712	0.00777	0.00443	0.00486	0.00770	0.01060	0.01408	0.06881	0.66414	0.11653	0.01554	0.00658	0.00204	0.00302	0.01396	0.00490	0.03018
37	0.01301	0.01249	0.02133	0.05032	0.76393	0.01254	0.01619	0.01616	0.01200	0.01718	0.00993	0.01311	0.00834	0.00472	0.00523	0.00157	0.00630	0.00471	0.00261	0.00832
38	0.09839	0.10199	0.10023	0.01079	0.01473	0.01417	0.00963	0.17464	0.35014	0.02268	0.01637	0.01593	0.03495	0.00644	0.00492	0.00165	0.00503	0.00500	0.00444	0.00787

[dist]
# distance from previous block
# <min> <max>
0	25

[block]
# block no. 4 follows, 46 sequences, length 69
# corresponding to MSA columns:
# 886-954
name=unknown_E
#
# <colnr> <probs for GDERKNQSTAVLIFYWHMCP>
#	G	D	E	R	K	N	Q	S	T	A	V	L	I	F	Y	W	H	M	C	P
0	0.01341	0.01317	0.02115	0.03154	0.74435	0.05019	0.01593	0.01646	0.01218	0.01706	0.00986	0.01291	0.00830	0.00475	0.00521	0.00156	0.00644	0.00465	0.00262	0.00827
1	0.01413	0.81739	0.02770	0.00905	0.01357	0.02092	0.00905	0.01583	0.01074	0.01244	0.00735	0.00848	0.00678	0.00452	0.00339	0.00113	0.00565	0.00283	0.00226	0.00678
2	0.00704	0.00530	0.00653	0.00656	0.00780	0.00479	0.00488	0.00898	0.01330	0.01790	0.43242	0.16270	0.24243	0.01257	0.00637	0.00181	0.00274	0.04577	0.00539	0.00473
3	0.53905	0.00925	0.00853	0.00731	0.01052	0.00996	0.00598	0.01767	0.01079	0.21244	0.01197	0.01234	0.00855	0.00547	0.00383	0.00158	0.00399	0.00373	0.11061	0.00644
4	0.00749	0.00545	0.00708	0.00681	0.00809	0.00504	0.00520	0.00991	0.01458	0.02037	0.67743	0.04172	0.09146	0.01125	0.00632	0.00173	0.00269	0.06673	0.00569	0.00495
5	0.04701	0.00903	0.01214	0.00934	0.01340	0.00789	0.00771	0.02548	0.01496	0.76347	0.02048	0.01773	0.01288	0.00650	0.00526	0.00164	0.00449	0.00525	0.00645	0.00890
6	0.00706	0.00534	0.00651	0.00632	0.00766	0.00479	0.00470	0.00911	0.01380	0.01869	0.51871	0.09223	0.26191	0.01193	0.00627	0.00173	0.00258	0.01038	0.00550	0.00479
7	0.01482	0.00917	0.00979	0.00812	0.01073	0.00974	0.00651	0.31714	0.01690	0.07042	0.01562	0.01677	0.01168	0.00626	0.00444	0.00140	0.00394	0.00488	0.45488	0.00681
8	0.34201	0.00947	0.01054	0.00846	0.01224	0.00934	0.00698	0.02183	0.01277	0.49223	0.01567	0.01438	0.01026	0.00591	0.00453	0.00164	0.00434	0.00437	0.00529	0.00774
9	0.01213	0.01348	0.02845	0.12824	0.04518	0.01321	0.62174	0.01633	0.01208	0.01635	0.01039	0.01413	0.00786	0.00472	0.00641	0.00179	0.03199	0.00595	0.00262	0.00695
10	0.00787	0.00653	0.00891	0.07119	0.10787	0.00623	0.00683	0.00999	0.01280	0.01703	0.30524	0.11265	0.28493	0.01103	0.00609	0.00175	0.00344	0.00963	0.00475	0.00524
11	0.01690	0.00984	0.01168	0.00985	0.01288	0.01005	0.00777	0.22342	0.12642	0.27669	0.02078	0.21388	0.01785	0.00907	0.00567	0.00177	0.00446	0.00767	0.00562	0.00773
12	0.00675	0.00502	0.00629	0.00671	0.00764	0.00456	0.00475	0.00828	0.01214	0.01624	0.28553	0.39674	0.19200	0.01398	0.00647	0.00191	0.00280	0.01240	0.00521	0.00456
13	0.01416	0.01279	0.02230	0.02641	0.48222	0.01257	0.18100	0.07490	0.01331	0.07040	0.01105	0.01359	0.00865	0.00488	0.00543	0.00160	0.00665	0.00505	0.00312	0.02990
14	0.01275	0.00992	0.01155	0.00837	0.01298	0.00804	0.00675	0.08998	0.01265	0.07065	0.01050	0.01161	0.00830	0.00434	0.00415	0.00092	0.00415	0.00344	0.00358	0.70537
15	0.18151	0.01325	0.05623	0.06953	0.16410	0.07966	0.08473	0.07897	0.03244	0.01884	0.01165	0.01730	0.01016	0.00653	0.00607	0.00177	0.06815	0.08905	0.00326	0.00678
16	0.06293	0.01127	0.01278	0.01027	0.01392	0.01185	0.00834	0.27903	0.17259	0.27161	0.06216	0.01732	0.01409	0.00676	0.00524	0.00165	0.00471	0.00537	0.01974	0.00839
17	0.01692	0.01277	0.01458	0.01156	0.01518	0.01399	0.04529	0.50949	0.11632	0.02874	0.06622	0.01720	0.01349	0.00734	0.01668	0.00173	0.00543	0.02425	0.05469	0.00814
18	0.06196	0.11470	0.01707	0.01232	0.01445	0.01661	0.01042	0.25817	0.01395	0.02002	0.00889	0.01137	0.00752	0.00746	0.01085	0.00189	0.39770	0.00434	0.00333	0.00695
19	0.01213	0.30822	0.41693	0.01413	0.04111	0.01549	0.09141	0.01642	0.01117	0.01524	0.00886	0.01057	0.00691	0.00478	0.00457	0.00149	0.00711	0.00378	0.00230	0.00739
20	0.00650	0.00465	0.00619	0.00732	0.00768	0.00433	0.00491	0.00751	0.01039	0.01393	0.07132	0.76734	0.03580	0.01624	0.00672	0.00212	0.00303	0.01472	0.00496	0.00433
21	0.01070	0.02669	0.74885	0.01543	0.02312	0.01233	0.05684	0.01675	0.01123	0.01675	0.00955	0.01132	0.00676	0.00499	0.00508	0.00168	0.00787	0.00402	0.00225	0.00778
22	0.00769	0.00513	0.00577	0.00577	0.00577	0.00513	0.00320	0.00769	0.00769	0.01025	0.01666	0.03460	0.01922	0.81421	0.02691	0.00513	0.00513	0.00769	0.00320	0.00320
23	0.01474	0.00724	0.00931	0.00781	0.01032	0.00666	0.00619	0.05584	0.01510	0.31929	0.35530	0.02743	0.02921	0.00838	0.00553	0.00160	0.00345	0.00712	0.10273	0.00675
24	0.00644	0.00460	0.00613	0.00736	0.00767	0.00429	0.00491	0.00736	0.01012	0.01350	0.02914	0.81076	0.03497	0.01656	0.00675	0.00215	0.00307	0.01503	0.00491	0.00429
25	0.01705	0.00767	0.01019	0.00832	0.01125	0.00685	0.00667	0.03813	0.01523	0.45409	0.31435	0.02623	0.02726	0.00818	0.00564	0.00164	0.00371	0.00694	0.02323	0.00736
26	0.00918	0.00459	0.00689	0.00689	0.00689	0.00459	0.00459	0.00689	0.00689	0.00918	0.00918	0.01607	0.00918	0.01837	0.02066	0.84619	0.00459	0.00459	0.00230	0.00230
27	0.01413	0.81739	0.02770	0.00905	0.01357	0.02092	0.00905	0.01583	0.01074	0.01244	0.00735	0.00848	0.00678	0.00452	0.00339	0.00113	0.00565	0.00283	0.00226	0.00678
28	0.00852	0.00608	0.00852	0.00974	0.01095	0.00608	0.00852	0.01095	0.01217	0.01582	0.02799	0.05963	0.03042	0.01460	0.00730	0.00243	0.00487	0.74565	0.00487	0.00487
29	0.01096	0.00940	0.01096	0.00783	0.01253	0.00705	0.00626	0.01331	0.01096	0.01723	0.00940	0.01096	0.00783	0.00392	0.00392	0.00078	0.00392	0.00313	0.00313	0.84653
30	0.01210	0.01210	0.01676	0.11221	0.42175	0.09153	0.01282	0.01494	0.02927	0.01573	0.01738	0.03189	0.13678	0.00676	0.00597	0.00166	0.04444	0.00584	0.00306	0.00702
31	0.00689	0.00538	0.00625	0.00603	0.00753	0.00474	0.00452	0.00883	0.01357	0.01788	0.43056	0.04495	0.39983	0.01205	0.00624	0.00172	0.00258	0.01033	0.00538	0.00474
32	0.01192	0.01230	0.02087	0.06017	0.11604	0.01474	0.21380	0.01434	0.00990	0.01447	0.00846	0.01262	0.00742	0.00718	0.01219	0.00205	0.44754	0.00507	0.00245	0.00648
33	0.00769	0.00513	0.00577	0.00577	0.00577	0.00513	0.00320	0.00769	0.00769	0.01025	0.01666	0.03460	0.01922	0.81421	0.02691	0.00513	0.00513	0.00769	0.00320	0.00320
34	0.10313	0.01053	0.01448	0.01073	0.01498	0.00951	0.13498	0.01451	0.03049	0.01766	0.00952	0.01154	0.00778	0.00461	0.00532	0.00119	0.06687	0.00382	0.00306	0.52528
35	0.01225	0.01171	0.01995	0.23892	0.58127	0.01234	0.01581	0.01549	0.01164	0.01626	0.00980	0.01336	0.00802	0.00486	0.00525	0.00162	0.00649	0.00471	0.00254	0.00770
36	0.11889	0.01179	0.01878	0.13762	0.55640	0.01246	0.01454	0.01565	0.01133	0.01743	0.00945	0.01261	0.00781	0.00494	0.00533	0.00163	0.02857	0.00447	0.00265	0.00761
37	0.15133	0.00819	0.06029	0.00848	0.01038	0.00746	0.00702	0.01239	0.09582	0.01691	0.02494	0.33368	0.08283	0.01214	0.00595	0.00201	0.00399	0.14634	0.00449	0.00535
38	0.01322	0.01353	0.02365	0.02907	0.55764	0.04620	0.20481	0.01661	0.01228	0.01700	0.01006	0.01323	0.00822	0.00468	0.00547	0.00161	0.00709	0.00504	0.00264	0.00796
39	0.01313	0.01470	0.20647	0.01268	0.01702	0.01130	0.10416	0.06783	0.24254	0.10439	0.06195	0.07934	0.01564	0.00723	0.00557	0.00176	0.00563	0.01665	0.00437	0.00762
40	0.00897	0.00770	0.01102	0.01020	0.01075	0.00988	0.00812	0.01048	0.00830	0.01229	0.01179	0.01847	0.01142	0.08139	0.46856	0.00609	0.29146	0.00544	0.00267	0.00499
41	0.01298	0.01113	0.01354	0.01351	0.10186	0.01291	0.00964	0.10709	0.39655	0.02036	0.01654	0.01788	0.01314	0.01122	0.10523	0.00265	0.10492	0.01689	0.00435	0.00761
42	0.01062	0.01005	0.01701	0.64339	0.18954	0.01191	0.01500	0.01407	0.01087	0.01428	0.00951	0.01389	0.00732	0.00517	0.00527	0.00172	0.00689	0.00470	0.00240	0.00639
43	0.00756	0.00563	0.00831	0.00831	0.00919	0.00651	0.00638	0.00932	0.00844	0.01214	0.01433	0.02170	0.01362	0.09208	0.74139	0.00827	0.01355	0.00580	0.00286	0.00462
44	0.00755	0.00566	0.00850	0.00850	0.00944	0.00661	0.00661	0.00944	0.00850	0.01227	0.01416	0.02077	0.01322	0.03965	0.79326	0.00850	0.01416	0.00566	0.00283	0.00472
45	0.01315	0.01136	0.01195	0.01076	0.01375	0.01315	0.00837	0.02809	0.77168	0.02211	0.02152	0.01972	0.01614	0.00717	0.00538	0.00179	0.00418	0.00598	0.00538	0.00837
46	0.01284	0.01232	0.02102	0.09208	0.72348	0.01250	0.01610	0.01601	0.01192	0.01698	0.00990	0.01316	0.00827	0.00475	0.00524	0.00158	0.00634	0.00471	0.00260	0.00818
47	0.00778	0.00600	0.00893	0.00880	0.00969	0.00715	0.00689	0.00962	0.00847	0.01230	0.01375	0.02025	0.01286	0.03794	0.74958	0.00815	0.05866	0.00561	0.00280	0.00478
48	0.00769	0.00513	0.00577	0.00577	0.00577	0.00513	0.00320	0.00769	0.00769	0.01025	0.01666	0.03460	0.01922	0.81421	0.02691	0.00513	0.00513	0.00769	0.00320	0.00320
49	0.44132	0.30120	0.01591	0.00851	0.01223	0.08087	0.00750	0.05218	0.01089	0.01923	0.00768	0.00883	0.00635	0.00488	0.00354	0.00143	0.00519	0.00299	0.00296	0.00630
50	0.08228	0.21796	0.01844	0.03003	0.19019	0.05742	0.01030	0.06969	0.01339	0.24308	0.01237	0.01280	0.00908	0.00538	0.00461	0.00148	0.00559	0.00419	0.00391	0.00781
51	0.01820	0.11729	0.01637	0.01157	0.01537	0.13384	0.00952	0.41844	0.12555	0.04565	0.01287	0.01295	0.00958	0.00610	0.00495	0.00152	0.00603	0.00450	0.02159	0.00811
52	0.79435	0.00984	0.00766	0.00698	0.01005	0.01135	0.00567	0.01499	0.00907	0.02303	0.00884	0.06288	0.00770	0.00570	0.00351	0.00167	0.00402	0.00369	0.00338	0.00563
53	0.01369	0.40346	0.26716	0.01239	0.01786	0.07726	0.06349	0.06078	0.01216	0.01538	0.00863	0.01005	0.00697	0.00486	0.00432	0.00139	0.00687	0.00356	0.00249	0.00721
54	0.06770	0.01025	0.01219	0.00953	0.01329	0.01012	0.00783	0.23294	0.01708	0.44076	0.01737	0.01616	0.01156	0.00635	0.00501	0.00158	0.00462	0.00498	0.10236	0.00834
55	0.78736	0.01013	0.00812	0.00714	0.01048	0.01154	0.00588	0.01633	0.00947	0.08274	0.00841	0.00932	0.00630	0.00503	0.00343	0.00164	0.00412	0.00305	0.00353	0.00598
56	0.01096	0.01184	0.10972	0.00922	0.01395	0.00842	0.00836	0.01370	0.01077	0.01682	0.00922	0.01103	0.00762	0.00447	0.00510	0.00101	0.06649	0.00335	0.00295	0.67502
57	0.01254	0.01197	0.01717	0.19817	0.35314	0.07215	0.02719	0.05531	0.05093	0.01718	0.04604	0.01887	0.02597	0.00630	0.00546	0.00169	0.00628	0.06329	0.00320	0.00715
58	0.00638	0.00532	0.00558	0.00576	0.00738	0.00453	0.00432	0.00774	0.01188	0.01429	0.05008	0.11949	0.67471	0.01373	0.00635	0.00185	0.00282	0.04841	0.00491	0.00447
