[name]
unknown

[dist]
# distance from previous block
# <min> <max>
0	47

[block]
# block no. 0 follows, 46 sequences, length 280
# corresponding to MSA columns:
# 835-1114
name=unknown_A
#
# <colnr> <probs for GDERKNQSTAVLIFYWHMCP>
#	G	D	E	R	K	N	Q	S	T	A	V	L	I	F	Y	W	H	M	C	P
0	0.01221	0.01047	0.01895	0.01523	0.01814	0.01077	0.29905	0.01516	0.01192	0.09926	0.01702	0.02956	0.01597	0.00892	0.00837	0.00208	0.14091	0.25591	0.00378	0.00634
1	0.24133	0.01091	0.01829	0.01386	0.01760	0.01086	0.34356	0.02749	0.01239	0.03494	0.19691	0.01890	0.01770	0.00620	0.00539	0.00171	0.00589	0.00608	0.00372	0.00629
2	0.01230	0.01320	0.02050	0.01640	0.01965	0.13115	0.35415	0.01539	0.01242	0.01564	0.01537	0.02738	0.01469	0.00813	0.00721	0.00196	0.07021	0.23473	0.00333	0.00617
3	0.01311	0.64220	0.13136	0.00969	0.01440	0.01843	0.01017	0.01548	0.01114	0.01374	0.06992	0.01136	0.01025	0.00510	0.00385	0.00125	0.00570	0.00352	0.00254	0.00678
4	0.01668	0.17934	0.11864	0.01058	0.01531	0.01332	0.00994	0.19664	0.05686	0.18954	0.01296	0.01292	0.00936	0.00552	0.00467	0.00141	0.00539	0.00420	0.00422	0.13251
5	0.01689	0.00776	0.01014	0.00877	0.01150	0.00713	0.00681	0.01977	0.08544	0.45136	0.02392	0.25508	0.03478	0.02691	0.00623	0.00188	0.00402	0.00843	0.00584	0.00733
6	0.00928	0.00565	0.00731	0.00711	0.00852	0.00510	0.00524	0.01110	0.01317	0.12415	0.36235	0.27667	0.11935	0.01228	0.00627	0.00182	0.00297	0.01084	0.00554	0.00527
7	0.00809	0.00608	0.00683	0.00666	0.00740	0.02631	0.00447	0.02935	0.00981	0.01292	0.09091	0.03374	0.13414	0.43847	0.15828	0.00472	0.00628	0.00782	0.00368	0.00406
8	0.01060	0.02735	0.78682	0.01507	0.02288	0.01228	0.01953	0.01674	0.01116	0.01674	0.00949	0.01116	0.00670	0.00502	0.00502	0.00167	0.00781	0.00391	0.00223	0.00781
9	0.00998	0.00940	0.01586	0.80150	0.03641	0.01175	0.01468	0.01351	0.01057	0.01351	0.00940	0.01409	0.00705	0.00529	0.00529	0.00176	0.00705	0.00470	0.00235	0.00587
10	0.01087	0.01030	0.01746	0.58115	0.24982	0.01198	0.01512	0.01429	0.01099	0.01459	0.00955	0.01380	0.00743	0.00512	0.00527	0.00171	0.00683	0.00470	0.00243	0.00659
11	0.00644	0.00460	0.00613	0.00736	0.00767	0.00429	0.00491	0.00736	0.01012	0.01350	0.02914	0.81076	0.03497	0.01656	0.00675	0.00215	0.00307	0.01503	0.00491	0.00429
12	0.01004	0.00945	0.01595	0.78830	0.04919	0.01176	0.01471	0.01355	0.01060	0.01357	0.00941	0.01408	0.00707	0.00528	0.00528	0.00176	0.00703	0.00470	0.00235	0.00592
13	0.01096	0.00940	0.01096	0.00783	0.01253	0.00705	0.00626	0.01331	0.01096	0.01723	0.00940	0.01096	0.00783	0.00392	0.00392	0.00078	0.00392	0.00313	0.00313	0.84653
14	0.00659	0.00537	0.00582	0.00571	0.00735	0.00461	0.00428	0.00824	0.01285	0.01618	0.25240	0.04775	0.57906	0.01268	0.00624	0.00175	0.00263	0.01072	0.00516	0.00461
15	0.00798	0.00534	0.00786	0.00786	0.00849	0.00597	0.00581	0.00864	0.00802	0.01131	0.01308	0.02068	0.01266	0.09672	0.53250	0.22385	0.01097	0.00555	0.00272	0.00397
16	0.01294	0.55022	0.28441	0.01108	0.01672	0.01800	0.01259	0.01614	0.01088	0.01389	0.00807	0.00939	0.00675	0.00469	0.00394	0.00131	0.00638	0.00319	0.00225	0.00713
17	0.02033	0.01893	0.01507	0.01253	0.01606	0.37116	0.00988	0.34339	0.01928	0.10561	0.01151	0.01182	0.00844	0.00596	0.00505	0.00149	0.00738	0.00420	0.00425	0.00768
18	0.00638	0.00486	0.00587	0.00668	0.00749	0.00435	0.00461	0.00744	0.01077	0.01376	0.03739	0.55379	0.28660	0.01549	0.00658	0.00202	0.00294	0.01372	0.00491	0.00435
19	0.01060	0.02735	0.78682	0.01507	0.02288	0.01228	0.01953	0.01674	0.01116	0.01674	0.00949	0.01116	0.00670	0.00502	0.00502	0.00167	0.00781	0.00391	0.00223	0.00781
20	0.00838	0.00749	0.00736	0.00706	0.00857	0.09037	0.00526	0.01031	0.01380	0.01777	0.43263	0.08670	0.26201	0.01135	0.00611	0.00170	0.00335	0.00970	0.00516	0.00491
21	0.76049	0.01048	0.00926	0.00972	0.09396	0.01194	0.00687	0.01561	0.00933	0.02302	0.00764	0.00908	0.00601	0.00489	0.00348	0.00163	0.00433	0.00306	0.00320	0.00601
22	0.01909	0.02410	0.01508	0.01364	0.01614	0.73025	0.01032	0.02043	0.01443	0.01292	0.00807	0.00970	0.00682	0.00576	0.00578	0.00144	0.07374	0.00350	0.00269	0.00610
23	0.01431	0.01641	0.01179	0.01103	0.01286	0.44149	0.00823	0.01571	0.01200	0.01242	0.01112	0.01605	0.01032	0.10485	0.27381	0.00418	0.01062	0.00463	0.00281	0.00533
24	0.01137	0.01081	0.01836	0.45791	0.36918	0.01211	0.01537	0.01472	0.01123	0.01519	0.00964	0.01364	0.00764	0.00503	0.00526	0.00168	0.00670	0.00470	0.00247	0.00699
25	0.01308	0.01256	0.02146	0.03245	0.78123	0.01256	0.01622	0.01622	0.01204	0.01727	0.00994	0.01308	0.00837	0.00471	0.00523	0.00157	0.00628	0.00471	0.00262	0.00837
26	0.02372	0.00900	0.01227	0.00941	0.01350	0.00777	0.00777	0.02576	0.01513	0.78489	0.02086	0.01799	0.01309	0.00654	0.00532	0.00164	0.00450	0.00532	0.00654	0.00900
27	0.00644	0.00460	0.00613	0.00736	0.00767	0.00429	0.00491	0.00736	0.01012	0.01350	0.02914	0.81076	0.03497	0.01656	0.00675	0.00215	0.00307	0.01503	0.00491	0.00429
28	0.01238	0.01397	0.02956	0.02137	0.02614	0.01368	0.68053	0.01648	0.01200	0.01648	0.01029	0.01397	0.00790	0.00498	0.00745	0.00184	0.09532	0.00606	0.00263	0.00698
29	0.01180	0.29451	0.53011	0.01303	0.01973	0.01520	0.01599	0.01643	0.01102	0.01529	0.00876	0.01025	0.00673	0.00485	0.00447	0.00149	0.00708	0.00354	0.00224	0.00747
30	0.01459	0.01078	0.01199	0.01002	0.01302	0.01171	0.00798	0.28948	0.24499	0.06531	0.23516	0.02275	0.02306	0.00788	0.00559	0.00167	0.00431	0.00653	0.00553	0.00766
31	0.01138	0.20046	0.62048	0.01375	0.02084	0.01417	0.01723	0.01654	0.01107	0.01580	0.00902	0.01057	0.00672	0.00491	0.00467	0.00156	0.00734	0.00367	0.00224	0.00759
32	0.01308	0.01256	0.02146	0.03245	0.78123	0.01256	0.01622	0.01622	0.01204	0.01727	0.00994	0.01308	0.00837	0.00471	0.00523	0.00157	0.00628	0.00471	0.00262	0.00837
33	0.00714	0.00511	0.00689	0.00786	0.00855	0.00486	0.00585	0.00869	0.01140	0.01529	0.14499	0.49786	0.03611	0.01517	0.00681	0.00215	0.00344	0.20225	0.00504	0.00455
34	0.00644	0.00460	0.00613	0.00736	0.00767	0.00429	0.00491	0.00736	0.01012	0.01350	0.02914	0.81076	0.03497	0.01656	0.00675	0.00215	0.00307	0.01503	0.00491	0.00429
35	0.01229	0.01175	0.02002	0.23053	0.58940	0.01235	0.01583	0.01552	0.01166	0.01630	0.00980	0.01334	0.00803	0.00486	0.00525	0.00162	0.00648	0.00471	0.00255	0.00773
36	0.01321	0.01280	0.02133	0.03209	0.76646	0.02764	0.01611	0.01632	0.01209	0.01719	0.00991	0.01302	0.00834	0.00472	0.00522	0.00157	0.00634	0.00469	0.00262	0.00833
37	0.01400	0.01371	0.01773	0.01903	0.21244	0.07821	0.01274	0.01683	0.09342	0.01612	0.01067	0.01437	0.00948	0.00829	0.01220	0.00220	0.43289	0.00509	0.00319	0.00740
38	0.01096	0.00940	0.01096	0.00783	0.01253	0.00705	0.00626	0.01331	0.01096	0.01723	0.00940	0.01096	0.00783	0.00392	0.00392	0.00078	0.00392	0.00313	0.00313	0.84653
39	0.01652	0.01758	0.01356	0.01210	0.01507	0.34919	0.00929	0.08155	0.38852	0.01902	0.01509	0.01480	0.01157	0.00637	0.00511	0.00159	0.00661	0.00478	0.00423	0.00745
40	0.00685	0.00516	0.00704	0.00782	0.00858	0.00480	0.02610	0.00812	0.01070	0.01399	0.03161	0.59316	0.12914	0.01557	0.00674	0.00213	0.00341	0.10976	0.00484	0.00447
41	0.00880	0.00793	0.01470	0.01231	0.01436	0.00745	0.26092	0.01064	0.01067	0.01426	0.02156	0.41195	0.04752	0.02675	0.00825	0.08242	0.00525	0.02532	0.00387	0.00506
42	0.00985	0.00493	0.00493	0.00493	0.00616	0.00493	0.00370	0.01232	0.01109	0.01971	0.01725	0.01971	0.01355	0.00616	0.00370	0.00123	0.00246	0.00493	0.84356	0.00493
43	0.08928	0.00883	0.01139	0.00891	0.01276	0.00786	0.00733	0.02359	0.01441	0.66640	0.02219	0.01967	0.06917	0.00692	0.00522	0.00165	0.00433	0.00555	0.00616	0.00840
44	0.01006	0.00934	0.01563	0.60125	0.14370	0.01106	0.01385	0.01324	0.01074	0.01406	0.01162	0.10047	0.01028	0.00642	0.00544	0.00178	0.00650	0.00582	0.00267	0.00607
45	0.02257	0.00925	0.01223	0.00955	0.01352	0.00835	0.00783	0.02602	0.09730	0.70205	0.02093	0.01818	0.01342	0.00661	0.00532	0.00165	0.00446	0.00539	0.00642	0.00893
46	0.00644	0.00460	0.00613	0.00736	0.00767	0.00429	0.00491	0.00736	0.01012	0.01350	0.02914	0.81076	0.03497	0.01656	0.00675	0.00215	0.00307	0.01503	0.00491	0.00429
47	0.01308	0.01256	0.02146	0.03245	0.78123	0.01256	0.01622	0.01622	0.01204	0.01727	0.00994	0.01308	0.00837	0.00471	0.00523	0.00157	0.00628	0.00471	0.00262	0.00837
48	0.49280	0.00969	0.00972	0.00802	0.01164	0.01009	0.00661	0.01997	0.01166	0.35359	0.01321	0.01266	0.00892	0.00562	0.00416	0.00164	0.00427	0.00393	0.00469	0.00714
49	0.00749	0.00471	0.00665	0.00732	0.00760	0.00465	0.00499	0.00743	0.00885	0.01190	0.02076	0.45622	0.02388	0.01968	0.09687	0.28826	0.00479	0.01048	0.00380	0.00366
50	0.02103	0.01009	0.01262	0.00981	0.01362	0.00966	0.00805	0.21179	0.01759	0.51072	0.10106	0.01898	0.01604	0.00696	0.00541	0.00163	0.00462	0.00564	0.00615	0.00856
51	0.00682	0.00493	0.00677	0.00758	0.00804	0.00499	0.00528	0.00796	0.00952	0.01296	0.02422	0.54445	0.02798	0.07152	0.22607	0.00409	0.00627	0.01199	0.00423	0.00435
52	0.00889	0.00841	0.01111	0.01036	0.01178	0.09142	0.12525	0.01050	0.01127	0.01438	0.06264	0.55792	0.02842	0.01314	0.00643	0.00198	0.00466	0.01209	0.00436	0.00498
53	0.01016	0.00963	0.01589	0.71596	0.03396	0.01223	0.01434	0.01342	0.01030	0.01342	0.00913	0.01382	0.00704	0.00572	0.00660	0.00182	0.09366	0.00469	0.00235	0.00586
54	0.00655	0.00468	0.00626	0.00748	0.00784	0.00439	0.00509	0.00755	0.01023	0.01362	0.02908	0.77197	0.03473	0.01646	0.00678	0.00216	0.00316	0.05276	0.00491	0.00432
55	0.76015	0.01013	0.00865	0.09325	0.01307	0.01185	0.00670	0.01532	0.00917	0.02261	0.00758	0.00919	0.00587	0.00495	0.00349	0.00165	0.00441	0.00306	0.00317	0.00574
56	0.01007	0.00948	0.01600	0.78127	0.05600	0.01177	0.01472	0.01358	0.01061	0.01361	0.00941	0.01407	0.00708	0.00527	0.00528	0.00176	0.00703	0.00470	0.00236	0.00594
57	0.01082	0.11606	0.04942	0.00964	0.01206	0.01087	0.00820	0.09549	0.13142	0.01635	0.01404	0.01764	0.01206	0.02460	0.44096	0.00539	0.01025	0.00516	0.00340	0.00618
58	0.01226	0.17633	0.55962	0.01377	0.02041	0.09870	0.01654	0.01704	0.01150	0.01552	0.00894	0.01048	0.00673	0.00497	0.00469	0.00154	0.00759	0.00365	0.00229	0.00744
59	0.01116	0.15231	0.66674	0.01412	0.02141	0.01364	0.01787	0.01660	0.01109	0.01606	0.00915	0.01074	0.00671	0.00494	0.00476	0.00159	0.00747	0.00374	0.00224	0.00765
60	0.11040	0.01431	0.01499	0.01160	0.01572	0.01590	0.00958	0.68236	0.02313	0.03227	0.01211	0.01225	0.00864	0.00619	0.00507	0.00159	0.00563	0.00455	0.00507	0.00864
61	0.01546	0.07364	0.10113	0.01332	0.01630	0.07113	0.08264	0.03666	0.01166	0.19858	0.01117	0.01296	0.00852	0.00698	0.00981	0.00186	0.31301	0.00465	0.00345	0.00708
62	0.33910	0.00913	0.00932	0.00796	0.01118	0.00924	0.00652	0.06719	0.01220	0.12731	0.06280	0.02117	0.07085	0.00713	0.00464	0.00160	0.00412	0.08508	0.00430	0.13917
63	0.00798	0.00522	0.00598	0.00624	0.00724	0.00500	0.00446	0.02191	0.01111	0.01604	0.08420	0.22332	0.16179	0.11089	0.02811	0.00231	0.00343	0.03970	0.25052	0.00454
64	0.00635	0.00494	0.00579	0.00647	0.00743	0.00437	0.00451	0.00746	0.01098	0.01385	0.04005	0.47126	0.36742	0.01514	0.00652	0.00199	0.00289	0.01330	0.00491	0.00437
65	0.01546	0.01243	0.02384	0.03681	0.19253	0.01171	0.38632	0.01898	0.01302	0.21462	0.01312	0.01496	0.00938	0.00507	0.00576	0.00170	0.00715	0.00563	0.00365	0.00786
66	0.01921	0.01043	0.01437	0.01117	0.01519	0.01002	0.08986	0.06197	0.19002	0.44754	0.01890	0.01736	0.01276	0.00632	0.00536	0.00164	0.00494	0.00543	0.00561	0.05190
67	0.00713	0.00513	0.00675	0.00689	0.00782	0.00475	0.00496	0.00909	0.01333	0.01859	0.52505	0.30031	0.04484	0.01275	0.00641	0.00183	0.00269	0.01141	0.00551	0.00475
68	0.01721	0.01429	0.22587	0.01182	0.04724	0.00967	0.01122	0.09107	0.01481	0.37075	0.11490	0.01820	0.01552	0.00658	0.00535	0.00164	0.00535	0.00540	0.00498	0.00812
69	0.01330	0.14619	0.33830	0.01526	0.02092	0.15177	0.17822	0.03218	0.01231	0.01572	0.00959	0.02500	0.00756	0.00512	0.00503	0.00156	0.00790	0.00437	0.00253	0.00717
70	0.01067	0.04197	0.77277	0.01496	0.02271	0.01244	0.01934	0.01673	0.01115	0.01666	0.00945	0.01111	0.00670	0.00501	0.00499	0.00166	0.00777	0.00389	0.00223	0.00779
71	0.01284	0.01352	0.05915	0.02774	0.52504	0.01276	0.17223	0.01736	0.07344	0.01757	0.01101	0.01378	0.00885	0.00487	0.00545	0.00164	0.00674	0.00510	0.00283	0.00809
72	0.01195	0.00998	0.01149	0.00830	0.01295	0.00806	0.00668	0.09480	0.01247	0.01897	0.00975	0.01115	0.00796	0.00418	0.00406	0.00087	0.00412	0.00331	0.00337	0.75556
73	0.01184	0.00879	0.00982	0.00867	0.01117	0.00923	0.00676	0.09898	0.28387	0.07807	0.23707	0.03008	0.16528	0.00919	0.00576	0.00172	0.00364	0.00775	0.00549	0.00682
74	0.01308	0.53017	0.28409	0.01120	0.01679	0.03754	0.01262	0.01627	0.01099	0.01391	0.00809	0.00941	0.00676	0.00472	0.00398	0.00132	0.00648	0.00321	0.00226	0.00712
75	0.01708	0.54449	0.02277	0.00939	0.01378	0.01717	0.00880	0.07878	0.01301	0.21296	0.01126	0.01127	0.00858	0.00519	0.00404	0.00130	0.00537	0.00362	0.00361	0.00753
76	0.01583	0.01106	0.01244	0.01021	0.01370	0.01152	0.00812	0.25123	0.23684	0.13703	0.01778	0.10195	0.01433	0.00738	0.00528	0.00160	0.00458	0.00608	0.00515	0.12789
77	0.01315	0.01136	0.01195	0.01076	0.01375	0.01315	0.00837	0.02809	0.77168	0.02211	0.02152	0.01972	0.01614	0.00717	0.00538	0.00179	0.00418	0.00598	0.00538	0.00837
78	0.00644	0.00460	0.00613	0.00736	0.00767	0.00429	0.00491	0.00736	0.01012	0.01350	0.02914	0.81076	0.03497	0.01656	0.00675	0.00215	0.00307	0.01503	0.00491	0.00429
79	0.01217	0.01335	0.02612	0.01944	0.02298	0.01432	0.50825	0.01551	0.01100	0.01551	0.00943	0.01335	0.00766	0.00608	0.01000	0.00196	0.27797	0.00569	0.00255	0.00667
80	0.01166	0.00633	0.00841	0.00736	0.00934	0.00570	0.00570	0.01404	0.01501	0.21778	0.58344	0.03396	0.04041	0.00971	0.00600	0.00166	0.00301	0.00847	0.00601	0.00602
81	0.00661	0.00472	0.00633	0.00755	0.00793	0.00444	0.00520	0.00765	0.01029	0.01368	0.02904	0.75010	0.03460	0.01640	0.00679	0.00217	0.00321	0.07403	0.00490	0.00434
82	0.01699	0.01327	0.01412	0.01154	0.01521	0.01494	0.00930	0.43500	0.35852	0.02831	0.01663	0.01583	0.01218	0.00672	0.00533	0.00168	0.00509	0.00530	0.00533	0.00871
83	0.00725	0.00501	0.00619	0.00660	0.00681	0.00501	0.00415	0.00777	0.00860	0.01157	0.02061	0.29557	0.02389	0.46035	0.10332	0.00448	0.00541	0.00995	0.00374	0.00374
84	0.00946	0.00502	0.00537	0.00532	0.00654	0.00503	0.00401	0.01189	0.01136	0.01943	0.09974	0.02192	0.01748	0.00864	0.05049	0.00171	0.00316	0.00547	0.70304	0.00492
85	0.00757	0.00561	0.00820	0.00820	0.00904	0.00645	0.00624	0.00925	0.00841	0.01205	0.01443	0.02227	0.01387	0.12377	0.71003	0.00813	0.01318	0.00588	0.00287	0.00456
86	0.01212	0.01158	0.01972	0.27069	0.55050	0.01231	0.01575	0.01538	0.01158	0.01611	0.00977	0.01340	0.00796	0.00489	0.00525	0.00163	0.00652	0.00471	0.00253	0.00760
87	0.01060	0.02735	0.78682	0.01507	0.02288	0.01228	0.01953	0.01674	0.01116	0.01674	0.00949	0.01116	0.00670	0.00502	0.00502	0.00167	0.00781	0.00391	0.00223	0.00781
88	0.00902	0.00697	0.00860	0.00917	0.01054	0.00734	0.00721	0.01427	0.21427	0.01668	0.02667	0.31341	0.02821	0.01331	0.00659	0.00216	0.00405	0.29091	0.00502	0.00560
89	0.10252	0.08544	0.44400	0.03494	0.02038	0.01354	0.08901	0.01594	0.01060	0.01655	0.00886	0.01110	0.00677	0.00548	0.00646	0.00172	0.11311	0.00405	0.00240	0.00712
90	0.01214	0.10049	0.02766	0.18118	0.02791	0.01385	0.52647	0.01611	0.01190	0.01574	0.01006	0.01360	0.00769	0.00463	0.00573	0.00171	0.00817	0.00555	0.00256	0.00683
91	0.00656	0.00472	0.00639	0.00748	0.00786	0.00455	0.00509	0.00759	0.00994	0.01336	0.02751	0.72496	0.03260	0.01907	0.09217	0.00284	0.00427	0.01401	0.00468	0.00434
92	0.01416	0.68605	0.04062	0.00951	0.01387	0.04729	0.00922	0.01737	0.09354	0.01359	0.00896	0.00979	0.00780	0.00485	0.00369	0.00122	0.00567	0.00321	0.00262	0.00695
93	0.01369	0.01264	0.02056	0.06996	0.65970	0.01294	0.01547	0.09726	0.01335	0.01882	0.01021	0.01309	0.00837	0.00492	0.00524	0.00158	0.00627	0.00472	0.00289	0.00831
94	0.00625	0.00536	0.00536	0.00536	0.00714	0.00446	0.00402	0.00759	0.01205	0.01428	0.05355	0.05088	0.77909	0.01339	0.00625	0.00179	0.00268	0.01116	0.00491	0.00446
95	0.00854	0.00519	0.00611	0.00588	0.00712	0.00496	0.00441	0.01102	0.01323	0.02053	0.43836	0.03065	0.03365	0.00873	0.00510	0.00147	0.00248	0.00749	0.38010	0.00496
96	0.01141	0.04078	0.37934	0.01534	0.10154	0.01227	0.04418	0.01889	0.20681	0.01765	0.01307	0.01454	0.00998	0.00880	0.08018	0.00233	0.00730	0.00476	0.00316	0.00767
97	0.00639	0.00480	0.00593	0.00683	0.00753	0.00434	0.00467	0.00742	0.01063	0.01370	0.03557	0.61044	0.23113	0.01573	0.00662	0.00205	0.00296	0.01401	0.00491	0.00434
98	0.00760	0.00548	0.00757	0.00757	0.00820	0.00611	0.00546	0.00885	0.00822	0.01159	0.01500	0.02544	0.01525	0.30158	0.53410	0.00736	0.01110	0.00635	0.00296	0.00421
99	0.01621	0.01802	0.10367	0.01574	0.02024	0.20345	0.24384	0.18121	0.07705	0.05095	0.01167	0.01302	0.00865	0.00547	0.00544	0.00162	0.00771	0.00492	0.00358	0.00754
100	0.01573	0.01768	0.01504	0.01322	0.01489	0.37376	0.01045	0.07699	0.01265	0.01445	0.00851	0.01140	0.00751	0.00952	0.06818	0.00227	0.31468	0.00415	0.00278	0.00612
101	0.02372	0.00900	0.01227	0.00941	0.01350	0.00777	0.00777	0.02576	0.01513	0.78489	0.02086	0.01799	0.01309	0.00654	0.00532	0.00164	0.00450	0.00532	0.00654	0.00900
102	0.00911	0.00718	0.00815	0.00743	0.00901	0.04659	0.00565	0.07137	0.01571	0.02161	0.66242	0.03600	0.05884	0.01022	0.00608	0.00164	0.00313	0.00889	0.00560	0.00536
103	0.01202	0.01335	0.10314	0.22852	0.50715	0.01232	0.01619	0.01558	0.01156	0.01624	0.00975	0.01314	0.00785	0.00489	0.00522	0.00163	0.00664	0.00462	0.00251	0.00767
104	0.01235	0.01368	0.02891	0.02322	0.13551	0.01294	0.62809	0.01650	0.01233	0.01686	0.01123	0.04195	0.00901	0.00492	0.00611	0.00176	0.00833	0.00633	0.00274	0.00721
105	0.01458	0.10214	0.01616	0.01198	0.01499	0.24126	0.10298	0.14254	0.02761	0.01873	0.16957	0.08158	0.01861	0.00740	0.00536	0.00156	0.00635	0.00617	0.00396	0.00646
106	0.01119	0.00974	0.01210	0.01050	0.09602	0.00765	0.00735	0.01363	0.01108	0.01723	0.00946	0.01119	0.00789	0.00400	0.00406	0.00087	0.00417	0.00330	0.00308	0.75550
107	0.63820	0.01287	0.00942	0.00835	0.01158	0.15439	0.00670	0.01732	0.01055	0.07807	0.00851	0.00946	0.00647	0.00513	0.00370	0.00159	0.00512	0.00314	0.00341	0.00604
108	0.01982	0.02306	0.01516	0.01332	0.01635	0.63319	0.01018	0.17389	0.01701	0.01713	0.00910	0.01018	0.00726	0.00563	0.00487	0.00141	0.00877	0.00368	0.00325	0.00672
109	0.01060	0.02735	0.78682	0.01507	0.02288	0.01228	0.01953	0.01674	0.01116	0.01674	0.00949	0.01116	0.00670	0.00502	0.00502	0.00167	0.00781	0.00391	0.00223	0.00781
110	0.01070	0.04813	0.76685	0.01491	0.02264	0.01250	0.01926	0.01672	0.01115	0.01663	0.00943	0.01109	0.00670	0.00501	0.00498	0.00166	0.00776	0.00388	0.00223	0.00779
111	0.00644	0.00460	0.00613	0.00736	0.00767	0.00429	0.00491	0.00736	0.01012	0.01350	0.02914	0.81076	0.03497	0.01656	0.00675	0.00215	0.00307	0.01503	0.00491	0.00429
112	0.00644	0.00460	0.00613	0.00736	0.00767	0.00429	0.00491	0.00736	0.01012	0.01350	0.02914	0.81076	0.03497	0.01656	0.00675	0.00215	0.00307	0.01503	0.00491	0.00429
113	0.02135	0.01122	0.01345	0.01049	0.01450	0.01127	0.00861	0.27553	0.10059	0.44789	0.01817	0.01639	0.01203	0.00654	0.00531	0.00164	0.00491	0.00520	0.00599	0.00893
114	0.01197	0.01277	0.02289	0.01763	0.02002	0.01493	0.34686	0.01460	0.01005	0.01460	0.00862	0.01277	0.00742	0.00711	0.01239	0.00208	0.44907	0.00535	0.00247	0.00638
115	0.00644	0.00460	0.00613	0.00736	0.00767	0.00429	0.00491	0.00736	0.01012	0.01350	0.02914	0.81076	0.03497	0.01656	0.00675	0.00215	0.00307	0.01503	0.00491	0.00429
116	0.00769	0.00513	0.00577	0.00577	0.00577	0.00513	0.00320	0.00769	0.00769	0.01025	0.01666	0.03460	0.01922	0.81421	0.02691	0.00513	0.00513	0.00769	0.00320	0.00320
117	0.00649	0.00536	0.00569	0.00561	0.00729	0.00457	0.00421	0.00806	0.01262	0.01564	0.19575	0.04864	0.63604	0.01288	0.00625	0.00176	0.00264	0.01084	0.00509	0.00457
118	0.02132	0.01284	0.01465	0.01123	0.01541	0.01348	0.00928	0.51409	0.02157	0.28748	0.01545	0.01449	0.01038	0.00641	0.00530	0.00160	0.00537	0.00495	0.00571	0.00899
119	0.01041	0.01001	0.01541	0.01311	0.01398	0.01289	0.09152	0.01215	0.00870	0.01304	0.00961	0.01474	0.00902	0.01824	0.25881	0.00419	0.47094	0.00513	0.00251	0.00560
120	0.00845	0.00628	0.00809	0.00814	0.00957	0.00625	0.00655	0.01227	0.09620	0.01948	0.44246	0.04415	0.03964	0.01170	0.00650	0.00194	0.00348	0.25809	0.00545	0.00531
121	0.00998	0.00940	0.01586	0.80150	0.03641	0.01175	0.01468	0.01351	0.01057	0.01351	0.00940	0.01409	0.00705	0.00529	0.00529	0.00176	0.00705	0.00470	0.00235	0.00587
122	0.00703	0.00519	0.00659	0.00682	0.00787	0.00476	0.00500	0.00887	0.01291	0.01752	0.39993	0.27314	0.15973	0.01314	0.00645	0.00187	0.00282	0.05033	0.00535	0.00469
123	0.01324	0.23030	0.44526	0.01324	0.01925	0.16234	0.01507	0.01733	0.01178	0.01491	0.00869	0.01016	0.00674	0.00497	0.00455	0.00148	0.00758	0.00353	0.00233	0.00723
124	0.01402	0.72998	0.02702	0.01159	0.09694	0.02001	0.00983	0.01587	0.01088	0.01296	0.00763	0.00898	0.00696	0.00454	0.00359	0.00118	0.00572	0.00303	0.00230	0.00696
125	0.00765	0.00529	0.00661	0.00661	0.00690	0.00558	0.00426	0.00823	0.00794	0.01088	0.01588	0.03031	0.01736	0.57426	0.26431	0.00617	0.00792	0.00706	0.00309	0.00367
126	0.01309	0.01243	0.02043	0.03009	0.69788	0.01262	0.01537	0.01751	0.09454	0.01780	0.01120	0.01381	0.00922	0.00498	0.00525	0.00159	0.00605	0.00485	0.00292	0.00837
127	0.06448	0.09838	0.01466	0.00996	0.01410	0.01167	0.00840	0.21779	0.01689	0.46445	0.01655	0.01508	0.01095	0.00619	0.00499	0.00157	0.00495	0.00477	0.00558	0.00859
128	0.01152	0.01273	0.02723	0.01992	0.02447	0.01193	0.64227	0.01542	0.01211	0.01639	0.01361	0.14025	0.01228	0.00637	0.00632	0.00184	0.00799	0.00763	0.00303	0.00668
129	0.01248	0.01426	0.03119	0.02228	0.02763	0.01337	0.76203	0.01693	0.01248	0.01693	0.01070	0.01426	0.00802	0.00446	0.00624	0.00178	0.00891	0.00624	0.00267	0.00713
130	0.01866	0.01169	0.01393	0.09674	0.01711	0.01253	0.00949	0.29855	0.17769	0.26163	0.01672	0.01597	0.01155	0.00647	0.00532	0.00166	0.00520	0.00518	0.00538	0.00852
131	0.00758	0.00551	0.00715	0.00672	0.00800	0.00513	0.00505	0.01029	0.02789	0.02122	0.76552	0.03915	0.04931	0.01075	0.00622	0.00166	0.00252	0.00950	0.00581	0.00505
132	0.02372	0.00900	0.01227	0.00941	0.01350	0.00777	0.00777	0.02576	0.01513	0.78489	0.02086	0.01799	0.01309	0.00654	0.00532	0.00164	0.00450	0.00532	0.00654	0.00900
133	0.00683	0.00488	0.00659	0.00781	0.00829	0.00463	0.00559	0.00804	0.01051	0.01394	0.02892	0.66852	0.03411	0.01619	0.00685	0.00220	0.00341	0.15339	0.00490	0.00440
134	0.01248	0.01426	0.03119	0.02228	0.02763	0.01337	0.76203	0.01693	0.01248	0.01693	0.01070	0.01426	0.00802	0.00446	0.00624	0.00178	0.00891	0.00624	0.00267	0.00713
135	0.00660	0.00471	0.00631	0.00754	0.00791	0.00443	0.00518	0.00763	0.01027	0.01367	0.02905	0.75499	0.03463	0.01642	0.00679	0.00217	0.00320	0.06928	0.00490	0.00434
136	0.00755	0.00565	0.00845	0.00845	0.00938	0.00658	0.00655	0.00941	0.00848	0.01224	0.01420	0.02101	0.01332	0.05305	0.78000	0.00844	0.01400	0.00570	0.00284	0.00469
137	0.01308	0.01256	0.02146	0.03245	0.78123	0.01256	0.01622	0.01622	0.01204	0.01727	0.00994	0.01308	0.00837	0.00471	0.00523	0.00157	0.00628	0.00471	0.00262	0.00837
138	0.01579	0.00716	0.00944	0.00830	0.01084	0.00633	0.00640	0.01761	0.02662	0.42671	0.02722	0.28968	0.10373	0.01069	0.00590	0.00183	0.00381	0.00925	0.00579	0.00690
139	0.01188	0.01249	0.02429	0.22416	0.17158	0.01301	0.37290	0.01561	0.01158	0.01580	0.00994	0.01380	0.00776	0.00507	0.00663	0.00178	0.06680	0.00543	0.00255	0.00694
140	0.01116	0.01002	0.01355	0.00968	0.01446	0.00786	0.10307	0.01378	0.01116	0.01719	0.00956	0.01138	0.00785	0.00398	0.00421	0.00091	0.00456	0.00353	0.00307	0.73901
141	0.01204	0.01149	0.01956	0.29252	0.52936	0.01229	0.01570	0.01531	0.01154	0.01600	0.00976	0.01343	0.00793	0.00490	0.00525	0.00163	0.00654	0.00471	0.00253	0.00753
142	0.01912	0.02388	0.01469	0.01335	0.01610	0.71875	0.01004	0.02177	0.08702	0.01381	0.00944	0.01050	0.00770	0.00561	0.00483	0.00140	0.00902	0.00365	0.00298	0.00634
143	0.02037	0.01057	0.01295	0.00982	0.01406	0.00985	0.00807	0.21333	0.01684	0.44606	0.01658	0.01530	0.01104	0.00599	0.00504	0.00146	0.00473	0.00476	0.00557	0.16760
144	0.00756	0.00562	0.00828	0.00828	0.00914	0.00649	0.00633	0.00930	0.00843	0.01211	0.01436	0.02189	0.01370	0.10220	0.73137	0.00822	0.01343	0.00583	0.00286	0.00460
145	0.00755	0.00566	0.00850	0.00850	0.00944	0.00661	0.00661	0.00944	0.00850	0.01227	0.01416	0.02077	0.01322	0.03965	0.79326	0.00850	0.01416	0.00566	0.00283	0.00472
146	0.00792	0.00510	0.00567	0.00567	0.00581	0.00510	0.00326	0.00819	0.00806	0.01128	0.01672	0.03298	0.01860	0.72645	0.02439	0.00470	0.00484	0.00739	0.09447	0.00339
147	0.00918	0.00459	0.00689	0.00689	0.00689	0.00459	0.00459	0.00689	0.00689	0.00918	0.00918	0.01607	0.00918	0.01837	0.02066	0.84619	0.00459	0.00459	0.00230	0.00230
148	0.02265	0.01070	0.01333	0.01022	0.01435	0.01030	0.00844	0.24251	0.01799	0.56411	0.01846	0.01644	0.01188	0.00649	0.00531	0.00162	0.00489	0.00515	0.00617	0.00899
149	0.00748	0.00540	0.00707	0.00665	0.00790	0.00499	0.00499	0.00998	0.01496	0.02120	0.77844	0.03949	0.04988	0.01081	0.00624	0.00166	0.00249	0.00956	0.00582	0.00499
150	0.00814	0.00625	0.00774	0.00830	0.00984	0.00610	0.00693	0.01124	0.07362	0.01613	0.07414	0.05266	0.26220	0.01343	0.00677	0.00214	0.00401	0.42037	0.00497	0.00503
151	0.02010	0.01481	0.01587	0.01216	0.01639	0.01639	0.01005	0.76360	0.02486	0.03332	0.01269	0.01269	0.00899	0.00635	0.00529	0.00159	0.00582	0.00476	0.00529	0.00899
152	0.00732	0.00528	0.00692	0.00676	0.00786	0.00488	0.00498	0.00956	0.01419	0.01997	0.65837	0.16309	0.04749	0.01173	0.00632	0.00174	0.00259	0.01044	0.00567	0.00488
153	0.00745	0.00537	0.00708	0.00698	0.00812	0.00500	0.00526	0.00977	0.01421	0.01993	0.63646	0.12488	0.04669	0.01174	0.00638	0.00178	0.00275	0.06960	0.00564	0.00490
154	0.00683	0.00476	0.00602	0.00687	0.00708	0.00455	0.00438	0.00746	0.00937	0.01249	0.02527	0.57032	0.03009	0.26366	0.01299	0.00307	0.00370	0.01275	0.00438	0.00396
155	0.01254	0.01408	0.03014	0.02339	0.10948	0.01328	0.68103	0.01686	0.01243	0.01697	0.01061	0.01413	0.00806	0.00448	0.00613	0.00176	0.00863	0.00607	0.00267	0.00727
156	0.48170	0.00968	0.00978	0.00805	0.01169	0.01003	0.00664	0.02011	0.01174	0.36379	0.01339	0.01279	0.00901	0.00564	0.00419	0.00164	0.00427	0.00396	0.00473	0.00719
157	0.00761	0.00620	0.00687	0.00706	0.00855	0.00601	0.00514	0.01132	0.15019	0.01564	0.05939	0.30184	0.36807	0.01326	0.00626	0.00191	0.00308	0.01148	0.00502	0.00513
158	0.01025	0.00992	0.01752	0.71687	0.03546	0.01192	0.09585	0.01388	0.01078	0.01388	0.00954	0.01411	0.00715	0.00520	0.00539	0.00176	0.00725	0.00487	0.00238	0.00601
159	0.85155	0.01022	0.00777	0.00695	0.01022	0.01186	0.00573	0.01554	0.00900	0.02372	0.00736	0.00859	0.00573	0.00491	0.00327	0.00164	0.00409	0.00286	0.00327	0.00573
160	0.01131	0.09715	0.01278	0.00796	0.01264	0.00855	0.00657	0.01358	0.01094	0.01671	0.00917	0.01069	0.00772	0.00398	0.00386	0.00082	0.00410	0.00310	0.00304	0.75532
161	0.01197	0.33381	0.49235	0.01273	0.01927	0.01563	0.01546	0.01639	0.01100	0.01507	0.00866	0.01012	0.00673	0.00483	0.00439	0.00146	0.00698	0.00349	0.00224	0.00741
162	0.01954	0.01185	0.01480	0.03357	0.11946	0.01220	0.00988	0.35153	0.01869	0.28403	0.01525	0.01496	0.01050	0.00615	0.00520	0.00159	0.00528	0.00495	0.05196	0.00860
163	0.01680	0.05137	0.01829	0.01649	0.15114	0.11639	0.14052	0.03435	0.03242	0.23554	0.01329	0.01436	0.00972	0.00584	0.00626	0.00163	0.07582	0.00492	0.04729	0.00757
164	0.01337	0.20823	0.01487	0.00988	0.01237	0.28794	0.01861	0.01497	0.02494	0.01334	0.04441	0.10233	0.10698	0.08470	0.00706	0.00184	0.00624	0.01898	0.00334	0.00560
165	0.01311	0.01001	0.02973	0.00984	0.01429	0.00793	0.08769	0.01588	0.02708	0.14931	0.01285	0.05725	0.01041	0.00522	0.00462	0.00115	0.00459	0.00458	0.00380	0.53068
166	0.02685	0.01761	0.31729	0.01535	0.02073	0.01158	0.25174	0.01729	0.08394	0.05732	0.01236	0.01582	0.00972	0.09299	0.00778	0.00207	0.00720	0.00530	0.00304	0.02402
167	0.01300	0.01248	0.02131	0.05268	0.76164	0.01254	0.01618	0.01615	0.01200	0.01717	0.00993	0.01311	0.00834	0.00473	0.00524	0.00158	0.00630	0.00471	0.00261	0.00831
168	0.01404	0.00984	0.01431	0.44506	0.02613	0.01118	0.01172	0.09061	0.08559	0.17848	0.04987	0.01652	0.01141	0.00610	0.00535	0.00172	0.00590	0.00519	0.00397	0.00703
169	0.01358	0.01355	0.02411	0.02708	0.45494	0.02821	0.26277	0.07691	0.01328	0.01837	0.01038	0.01337	0.00828	0.00477	0.00556	0.00164	0.00718	0.00520	0.00285	0.00797
170	0.00633	0.00503	0.00569	0.00621	0.00737	0.00439	0.00440	0.00749	0.01123	0.01395	0.04316	0.37438	0.46230	0.01474	0.00646	0.00194	0.00284	0.01281	0.00491	0.00439
171	0.00854	0.00630	0.00850	0.00851	0.00960	0.00689	0.00641	0.09065	0.01082	0.01497	0.01907	0.28704	0.02011	0.02822	0.44171	0.00560	0.00950	0.00873	0.00380	0.00504
172	0.00644	0.00460	0.00613	0.00736	0.00767	0.00429	0.00491	0.00736	0.01012	0.01350	0.02914	0.81076	0.03497	0.01656	0.00675	0.00215	0.00307	0.01503	0.00491	0.00429
173	0.16123	0.01258	0.09633	0.01025	0.01452	0.01115	0.00920	0.19182	0.05495	0.34527	0.03074	0.01496	0.01110	0.00617	0.00495	0.00164	0.00503	0.00474	0.00516	0.00820
174	0.00644	0.00460	0.00613	0.00736	0.00767	0.00429	0.00491	0.00736	0.01012	0.01350	0.02914	0.81076	0.03497	0.01656	0.00675	0.00215	0.00307	0.01503	0.00491	0.00429
175	0.02372	0.00900	0.01227	0.00941	0.01350	0.00777	0.00777	0.02576	0.01513	0.78489	0.02086	0.01799	0.01309	0.00654	0.00532	0.00164	0.00450	0.00532	0.00654	0.00900
176	0.01248	0.01426	0.03119	0.02228	0.02763	0.01337	0.76203	0.01693	0.01248	0.01693	0.01070	0.01426	0.00802	0.00446	0.00624	0.00178	0.00891	0.00624	0.00267	0.00713
177	0.00998	0.00940	0.01586	0.80150	0.03641	0.01175	0.01468	0.01351	0.01057	0.01351	0.00940	0.01409	0.00705	0.00529	0.00529	0.00176	0.00705	0.00470	0.00235	0.00587
178	0.00852	0.00608	0.00852	0.00974	0.01095	0.00608	0.00852	0.01095	0.01217	0.01582	0.02799	0.05963	0.03042	0.01460	0.00730	0.00243	0.00487	0.74565	0.00487	0.00487
179	0.00759	0.00548	0.00722	0.00699	0.00823	0.00511	0.00537	0.01008	0.01466	0.02062	0.69694	0.04168	0.04777	0.01122	0.00635	0.00175	0.00275	0.08951	0.00572	0.00498
180	0.01323	0.61428	0.22286	0.01059	0.01596	0.01870	0.01174	0.01606	0.01085	0.01354	0.00790	0.00917	0.00676	0.00465	0.00381	0.00127	0.00621	0.00310	0.00225	0.00705
181	0.01308	0.01256	0.02146	0.03245	0.78123	0.01256	0.01622	0.01622	0.01204	0.01727	0.00994	0.01308	0.00837	0.00471	0.00523	0.00157	0.00628	0.00471	0.00262	0.00837
182	0.00899	0.00731	0.00970	0.00937	0.00970	0.00872	0.00723	0.01002	0.00910	0.01263	0.01741	0.09624	0.01941	0.30577	0.01755	0.00336	0.25254	0.18698	0.00347	0.00450
183	0.00625	0.00536	0.00536	0.00536	0.00714	0.00446	0.00402	0.00759	0.01205	0.01428	0.05355	0.05088	0.77909	0.01339	0.00625	0.00179	0.00268	0.01116	0.00491	0.00446
184	0.01698	0.02777	0.01823	0.04636	0.22726	0.15644	0.12248	0.01960	0.01356	0.24082	0.03381	0.01541	0.02540	0.00569	0.00534	0.00159	0.00660	0.00509	0.00391	0.00767
185	0.01127	0.17695	0.64307	0.01393	0.02112	0.01391	0.01755	0.01657	0.01108	0.01593	0.00908	0.01065	0.00671	0.00493	0.00471	0.00157	0.00740	0.00370	0.00224	0.00762
186	0.26257	0.02064	0.01289	0.01165	0.01456	0.55109	0.00890	0.03275	0.01341	0.01645	0.00802	0.00931	0.00653	0.00531	0.00434	0.00145	0.00788	0.00327	0.00293	0.00606
187	0.01308	0.01256	0.02146	0.03245	0.78123	0.01256	0.01622	0.01622	0.01204	0.01727	0.00994	0.01308	0.00837	0.00471	0.00523	0.00157	0.00628	0.00471	0.00262	0.00837
188	0.00663	0.00481	0.00630	0.00743	0.00794	0.00448	0.00519	0.00773	0.01048	0.01378	0.03100	0.67658	0.09462	0.01612	0.00676	0.00215	0.00321	0.08554	0.00490	0.00436
189	0.01068	0.04406	0.77076	0.01494	0.02268	0.01246	0.01931	0.01672	0.01115	0.01665	0.00944	0.01110	0.00670	0.00501	0.00499	0.00166	0.00777	0.00388	0.00223	0.00779
190	0.18973	0.01191	0.01230	0.01017	0.01376	0.02826	0.00822	0.23008	0.24815	0.16983	0.01575	0.01494	0.01124	0.00632	0.00490	0.00166	0.00479	0.00482	0.00509	0.00807
191	0.01475	0.02161	0.52518	0.01338	0.01994	0.01145	0.01574	0.07938	0.01329	0.21581	0.01267	0.01304	0.00853	0.00552	0.00512	0.00166	0.00680	0.00434	0.00359	0.00821
192	0.01248	0.01426	0.03119	0.02228	0.02763	0.01337	0.76203	0.01693	0.01248	0.01693	0.01070	0.01426	0.00802	0.00446	0.00624	0.00178	0.00891	0.00624	0.00267	0.00713
193	0.01060	0.02735	0.78682	0.01507	0.02288	0.01228	0.01953	0.01674	0.01116	0.01674	0.00949	0.01116	0.00670	0.00502	0.00502	0.00167	0.00781	0.00391	0.00223	0.00781
194	0.01931	0.00802	0.01086	0.00866	0.01198	0.00702	0.00702	0.02148	0.01509	0.57764	0.22645	0.02383	0.02307	0.00770	0.00557	0.00164	0.00395	0.00647	0.00635	0.00791
195	0.01011	0.00969	0.01796	0.01380	0.01621	0.00966	0.34292	0.01223	0.00988	0.01346	0.01322	0.02351	0.01318	0.37628	0.03339	0.00350	0.06616	0.00677	0.00289	0.00518
196	0.00644	0.00460	0.00613	0.00736	0.00767	0.00429	0.00491	0.00736	0.01012	0.01350	0.02914	0.81076	0.03497	0.01656	0.00675	0.00215	0.00307	0.01503	0.00491	0.00429
197	0.00755	0.00566	0.00850	0.00850	0.00944	0.00661	0.00661	0.00944	0.00850	0.01227	0.01416	0.02077	0.01322	0.03965	0.79326	0.00850	0.01416	0.00566	0.00283	0.00472
198	0.00644	0.00460	0.00613	0.00736	0.00767	0.00429	0.00491	0.00736	0.01012	0.01350	0.02914	0.81076	0.03497	0.01656	0.00675	0.00215	0.00307	0.01503	0.00491	0.00429
199	0.01136	0.01200	0.02120	0.01642	0.01881	0.01375	0.32006	0.01390	0.01033	0.01463	0.01355	0.01695	0.09125	0.00773	0.01156	0.00204	0.38952	0.00600	0.00274	0.00619
200	0.00625	0.00536	0.00536	0.00536	0.00714	0.00446	0.00402	0.00759	0.01205	0.01428	0.05355	0.05088	0.77909	0.01339	0.00625	0.00179	0.00268	0.01116	0.00491	0.00446
201	0.00681	0.00464	0.00600	0.00710	0.00750	0.00436	0.00478	0.00790	0.01023	0.01417	0.02785	0.72485	0.03264	0.01543	0.00642	0.00205	0.00300	0.01393	0.09599	0.00436
202	0.01258	0.01483	0.10839	0.02659	0.40422	0.01285	0.30819	0.01656	0.01211	0.01708	0.01019	0.01334	0.00805	0.00464	0.00560	0.00166	0.00748	0.00522	0.00260	0.00783
203	0.00865	0.01188	0.20956	0.01260	0.09610	0.00821	0.01044	0.01117	0.01043	0.01468	0.02020	0.45376	0.02254	0.01171	0.00700	0.00198	0.06936	0.01021	0.00376	0.00576
204	0.01248	0.01426	0.03119	0.02228	0.02763	0.01337	0.76203	0.01693	0.01248	0.01693	0.01070	0.01426	0.00802	0.00446	0.00624	0.00178	0.00891	0.00624	0.00267	0.00713
205	0.03920	0.03655	0.11161	0.01507	0.08736	0.32291	0.01199	0.10170	0.01368	0.03178	0.00897	0.01096	0.00731	0.00620	0.00743	0.00165	0.17185	0.00400	0.00294	0.00686
206	0.01313	0.01270	0.02094	0.03135	0.74068	0.03214	0.01586	0.01620	0.01212	0.01712	0.01040	0.01427	0.00894	0.00500	0.00528	0.00159	0.00632	0.02506	0.00268	0.00822
207	0.00858	0.00687	0.03012	0.00861	0.00987	0.00730	0.00679	0.06523	0.00968	0.01370	0.01423	0.02163	0.01347	0.13257	0.61796	0.00738	0.01224	0.00580	0.00304	0.00493
208	0.10430	0.05989	0.02265	0.06077	0.20687	0.01288	0.30470	0.04675	0.01257	0.10136	0.01107	0.01336	0.00833	0.00491	0.00532	0.00165	0.00686	0.00506	0.00321	0.00747
209	0.03217	0.08887	0.70757	0.01439	0.02183	0.01294	0.01836	0.01664	0.01107	0.01658	0.00927	0.01089	0.00668	0.00498	0.00485	0.00163	0.00755	0.00380	0.00226	0.00768
210	0.02127	0.00933	0.01402	0.01083	0.01483	0.00824	0.08975	0.02361	0.01460	0.63938	0.02033	0.02095	0.01394	0.00697	0.00558	0.00172	0.00501	0.06521	0.00599	0.00846
211	0.00760	0.00489	0.00702	0.00753	0.00791	0.00502	0.00528	0.00779	0.00867	0.01182	0.01883	0.34712	0.02099	0.02348	0.22756	0.26536	0.00659	0.00922	0.00353	0.00379
212	0.01195	0.21817	0.45382	0.01277	0.01887	0.01456	0.01484	0.01867	0.15508	0.01670	0.01124	0.01212	0.00851	0.00531	0.00469	0.00156	0.00660	0.00403	0.00284	0.00767
213	0.00769	0.00513	0.00577	0.00577	0.00577	0.00513	0.00320	0.00769	0.00769	0.01025	0.01666	0.03460	0.01922	0.81421	0.02691	0.00513	0.00513	0.00769	0.00320	0.00320
214	0.00648	0.00463	0.00618	0.00741	0.00773	0.00433	0.00498	0.00743	0.01016	0.01354	0.02911	0.79557	0.03487	0.01652	0.00676	0.00215	0.00310	0.02980	0.00491	0.00431
215	0.01509	0.13586	0.05041	0.01349	0.01711	0.22755	0.12886	0.05071	0.23476	0.01713	0.01252	0.01339	0.00981	0.00586	0.00560	0.00159	0.04491	0.00465	0.00348	0.00720
216	0.69973	0.01106	0.00925	0.00790	0.01135	0.01269	0.00651	0.15214	0.01189	0.02547	0.00833	0.00934	0.00632	0.00517	0.00364	0.00163	0.00440	0.00321	0.00364	0.00632
217	0.01610	0.01776	0.35226	0.01203	0.01784	0.01066	0.01302	0.10536	0.01404	0.27403	0.01362	0.01359	0.00921	0.00555	0.00502	0.00155	0.00604	0.00439	0.00412	0.10383
218	0.00657	0.00486	0.00614	0.00688	0.00761	0.00443	0.00476	0.00781	0.01122	0.01483	0.14975	0.55245	0.17315	0.01509	0.00658	0.00201	0.00291	0.01347	0.00505	0.00443
219	0.10127	0.00550	0.00524	0.00515	0.00660	0.00568	0.00392	0.01267	0.01086	0.02014	0.01617	0.01850	0.01270	0.00602	0.00365	0.00128	0.00264	0.00470	0.75230	0.00501
220	0.02892	0.01423	0.14927	0.01635	0.10209	0.01139	0.20489	0.02112	0.13042	0.24359	0.01502	0.01546	0.01054	0.00562	0.00547	0.00170	0.00633	0.00531	0.00416	0.00810
221	0.01362	0.01358	0.02094	0.03093	0.71946	0.07559	0.01574	0.01662	0.01228	0.01692	0.00980	0.01280	0.00825	0.00477	0.00520	0.00155	0.00654	0.00460	0.00263	0.00819
222	0.00661	0.00474	0.00627	0.00721	0.00770	0.00441	0.00491	0.00779	0.01094	0.01475	0.15052	0.67321	0.05015	0.01558	0.00666	0.00206	0.00297	0.01408	0.00505	0.00441
223	0.00755	0.00566	0.00850	0.00850	0.00944	0.00661	0.00661	0.00944	0.00850	0.01227	0.01416	0.02077	0.01322	0.03965	0.79326	0.00850	0.01416	0.00566	0.00283	0.00472
224	0.01096	0.00940	0.01096	0.00783	0.01253	0.00705	0.00626	0.01331	0.01096	0.01723	0.00940	0.01096	0.00783	0.00392	0.00392	0.00078	0.00392	0.00313	0.00313	0.84653
225	0.85155	0.01022	0.00777	0.00695	0.01022	0.01186	0.00573	0.01554	0.00900	0.02372	0.00736	0.00859	0.00573	0.00491	0.00327	0.00164	0.00409	0.00286	0.00327	0.00573
226	0.02372	0.00900	0.01227	0.00941	0.01350	0.00777	0.00777	0.02576	0.01513	0.78489	0.02086	0.01799	0.01309	0.00654	0.00532	0.00164	0.00450	0.00532	0.00654	0.00900
227	0.01096	0.00940	0.01096	0.00783	0.01253	0.00705	0.00626	0.01331	0.01096	0.01723	0.00940	0.01096	0.00783	0.00392	0.00392	0.00078	0.00392	0.00313	0.00313	0.84653
228	0.00750	0.00589	0.00736	0.00690	0.00819	0.00576	0.00527	0.00958	0.01366	0.01874	0.52995	0.04016	0.23371	0.01135	0.00714	0.00175	0.06731	0.00957	0.00530	0.00492
229	0.01279	0.01156	0.09576	0.01050	0.01343	0.01097	0.00918	0.30468	0.01513	0.02087	0.01321	0.01729	0.01117	0.06288	0.36034	0.00488	0.00975	0.00522	0.00375	0.00665
230	0.04798	0.00589	0.00765	0.00850	0.00970	0.00580	0.00701	0.01017	0.01196	0.01626	0.11159	0.18527	0.09264	0.01397	0.00681	0.00221	0.00408	0.44284	0.00491	0.00479
231	0.01228	0.01174	0.02000	0.23212	0.58785	0.01235	0.01582	0.01552	0.01166	0.01629	0.00980	0.01335	0.00803	0.00486	0.00525	0.00162	0.00648	0.00471	0.00255	0.00772
232	0.00669	0.00528	0.00548	0.00548	0.00671	0.00467	0.00376	0.00762	0.01070	0.01303	0.04212	0.04583	0.54369	0.26147	0.01265	0.00282	0.00344	0.01008	0.00438	0.00407
233	0.01331	0.32861	0.38263	0.01255	0.01836	0.13131	0.01415	0.01704	0.01157	0.01454	0.00848	0.00990	0.00675	0.00489	0.00436	0.00142	0.00724	0.00342	0.00232	0.00717
234	0.00644	0.00460	0.00613	0.00736	0.00767	0.00429	0.00491	0.00736	0.01012	0.01350	0.02914	0.81076	0.03497	0.01656	0.00675	0.00215	0.00307	0.01503	0.00491	0.00429
235	0.00672	0.00480	0.00646	0.00768	0.00811	0.00454	0.00540	0.00785	0.01040	0.01381	0.02898	0.70852	0.03435	0.01630	0.00682	0.00219	0.00331	0.11448	0.00490	0.00437
236	0.01308	0.01256	0.02146	0.03245	0.78123	0.01256	0.01622	0.01622	0.01204	0.01727	0.00994	0.01308	0.00837	0.00471	0.00523	0.00157	0.00628	0.00471	0.00262	0.00837
237	0.01189	0.01763	0.29241	0.01937	0.18612	0.01268	0.16196	0.05520	0.01227	0.01765	0.06459	0.01433	0.01055	0.00579	0.00675	0.00174	0.09374	0.00507	0.00283	0.00744
238	0.00644	0.00460	0.00613	0.00736	0.00767	0.00429	0.00491	0.00736	0.01012	0.01350	0.02914	0.81076	0.03497	0.01656	0.00675	0.00215	0.00307	0.01503	0.00491	0.00429
239	0.30941	0.03667	0.01483	0.01712	0.25635	0.25150	0.01051	0.01747	0.01184	0.01808	0.00843	0.01030	0.00692	0.00500	0.00435	0.00152	0.00649	0.00361	0.00287	0.00672
240	0.01397	0.01508	0.01736	0.01998	0.27492	0.25283	0.09349	0.01653	0.01303	0.01554	0.01387	0.02344	0.01322	0.00732	0.00570	0.00174	0.00723	0.18485	0.00320	0.00669
241	0.00918	0.00459	0.00689	0.00689	0.00689	0.00459	0.00459	0.00689	0.00689	0.00918	0.00918	0.01607	0.00918	0.01837	0.02066	0.84619	0.00459	0.00459	0.00230	0.00230
