[name]
unknown

[dist]
# distance from previous block
# <min> <max>
0	30

[block]
# block no. 0 follows, 51 sequences, length 47
# corresponding to MSA columns:
# 30-76
name=unknown_A
#
# <colnr> <probs for GDERKNQSTAVLIFYWHMCP>
#	G	D	E	R	K	N	Q	S	T	A	V	L	I	F	Y	W	H	M	C	P
0	0.00779	0.00557	0.00774	0.00867	0.00980	0.00552	0.00748	0.01006	0.01166	0.01537	0.12830	0.05294	0.03069	0.01311	0.00666	0.00217	0.00423	0.66306	0.00464	0.00454
1	0.02035	0.00928	0.01175	0.00921	0.01289	0.00882	0.00754	0.11229	0.11815	0.60670	0.01859	0.01637	0.01210	0.00614	0.00495	0.00153	0.00429	0.00496	0.00580	0.00828
2	0.01433	0.72080	0.02384	0.00845	0.01260	0.01782	0.00825	0.01594	0.01053	0.11656	0.00850	0.00906	0.00709	0.00445	0.00339	0.00111	0.00511	0.00294	0.00263	0.00658
3	0.01049	0.01069	0.01463	0.70857	0.03136	0.11701	0.01309	0.01350	0.01037	0.01249	0.00858	0.01254	0.00652	0.00493	0.00485	0.00159	0.00686	0.00421	0.00223	0.00549
4	0.00599	0.00428	0.00570	0.00684	0.00713	0.00399	0.00456	0.00684	0.00941	0.01254	0.02709	0.82409	0.03250	0.01540	0.00627	0.00200	0.00285	0.01397	0.00456	0.00399
5	0.01195	0.01031	0.01099	0.00964	0.01263	0.01147	0.00752	0.02428	0.68421	0.01995	0.01850	0.01725	0.01397	0.00626	0.00482	0.00154	0.00386	0.00520	0.00472	0.12091
6	0.01085	0.01206	0.02590	0.01887	0.02321	0.01130	0.67569	0.01456	0.01131	0.01532	0.01222	0.12123	0.01079	0.00564	0.00586	0.00170	0.00756	0.00689	0.00276	0.00628
7	0.00596	0.00437	0.00561	0.00659	0.00706	0.00401	0.00445	0.00687	0.00965	0.01264	0.03011	0.72064	0.13400	0.01500	0.00621	0.00195	0.00280	0.01349	0.00456	0.00401
8	0.01099	0.01219	0.02619	0.01901	0.02343	0.01159	0.67590	0.01481	0.01111	0.01516	0.01037	0.01406	0.00810	0.00850	0.11260	0.00249	0.00893	0.00573	0.00251	0.00633
9	0.01216	0.72035	0.02299	0.00795	0.01182	0.01741	0.00779	0.01369	0.01015	0.01179	0.01255	0.01313	0.11129	0.00530	0.00351	0.00113	0.00489	0.00366	0.00243	0.00602
10	0.01118	0.00936	0.01007	0.00930	0.01157	0.01067	0.00715	0.02222	0.61714	0.01859	0.01992	0.02336	0.01652	0.11654	0.00782	0.00213	0.00406	0.07085	0.00469	0.00686
11	0.00746	0.00579	0.00770	0.00708	0.00808	0.00602	0.00545	0.00961	0.01306	0.01866	0.68916	0.03325	0.04105	0.00985	0.00717	0.00163	0.11098	0.00828	0.00498	0.00474
12	0.01685	0.02100	0.01312	0.01203	0.01434	0.70084	0.00905	0.01818	0.01312	0.01194	0.00834	0.01025	0.00712	0.00930	0.11142	0.00215	0.00943	0.00344	0.00255	0.00552
13	0.01051	0.01139	0.02405	0.01777	0.02176	0.01071	0.61154	0.01398	0.01114	0.01505	0.01323	0.12756	0.01221	0.03240	0.00652	0.00183	0.00725	0.04215	0.00288	0.00605
14	0.01160	0.01326	0.02900	0.02071	0.02568	0.01243	0.77879	0.01574	0.01160	0.01574	0.00994	0.01326	0.00746	0.00414	0.00580	0.00166	0.00829	0.00580	0.00249	0.00663
15	0.02205	0.00836	0.01140	0.00874	0.01254	0.00722	0.00722	0.02395	0.01407	0.80004	0.01939	0.01673	0.01216	0.00608	0.00494	0.00152	0.00418	0.00494	0.00608	0.00836
16	0.01017	0.10244	0.72756	0.01347	0.02044	0.01218	0.01722	0.01548	0.01034	0.01518	0.00863	0.01014	0.00623	0.00462	0.00452	0.00151	0.00707	0.00354	0.00208	0.00717
17	0.01320	0.01482	0.01469	0.01282	0.01364	0.26983	0.01035	0.01433	0.00958	0.01189	0.00682	0.01014	0.00641	0.00746	0.01237	0.00187	0.55808	0.00394	0.00227	0.00548
18	0.00704	0.00476	0.00543	0.00549	0.00558	0.00474	0.00317	0.00717	0.00742	0.00986	0.01713	0.07548	0.04287	0.73733	0.04335	0.00460	0.00480	0.00757	0.00310	0.00311
19	0.00916	0.00458	0.00458	0.00458	0.00573	0.00458	0.00344	0.01145	0.01031	0.01832	0.01603	0.01832	0.01260	0.00573	0.00344	0.00115	0.00229	0.00458	0.85457	0.00458
20	0.01836	0.02342	0.01393	0.01266	0.01519	0.80756	0.00950	0.01962	0.01393	0.01203	0.00760	0.00886	0.00633	0.00506	0.00443	0.00127	0.00886	0.00317	0.00253	0.00570
21	0.02065	0.01060	0.01279	0.00981	0.01366	0.01055	0.00810	0.33761	0.01781	0.48109	0.01624	0.01468	0.01059	0.00601	0.00493	0.00150	0.00469	0.00473	0.00560	0.00836
22	0.00585	0.00498	0.00504	0.00503	0.00667	0.00417	0.00377	0.00714	0.01131	0.01354	0.07996	0.04686	0.76430	0.01235	0.00581	0.00165	0.00248	0.01031	0.00460	0.00417
23	0.86201	0.00950	0.00722	0.00646	0.00950	0.01102	0.00532	0.01445	0.00836	0.02205	0.00684	0.00798	0.00532	0.00456	0.00304	0.00152	0.00380	0.00266	0.00304	0.00532
24	0.00646	0.00499	0.00575	0.00556	0.00696	0.00440	0.00417	0.00826	0.01251	0.01657	0.41553	0.04134	0.40611	0.01109	0.00574	0.00159	0.00240	0.00949	0.02666	0.00440
25	0.00588	0.00470	0.00526	0.00571	0.00683	0.00409	0.00406	0.00697	0.01049	0.01299	0.04084	0.35343	0.49428	0.01361	0.00599	0.00179	0.00263	0.01179	0.00456	0.00409
26	0.01160	0.01326	0.02900	0.02071	0.02568	0.01243	0.77879	0.01574	0.01160	0.01574	0.00994	0.01326	0.00746	0.00414	0.00580	0.00166	0.00829	0.00580	0.00249	0.00663
27	0.01160	0.01326	0.02900	0.02071	0.02568	0.01243	0.77879	0.01574	0.01160	0.01574	0.00994	0.01326	0.00746	0.00414	0.00580	0.00166	0.00829	0.00580	0.00249	0.00663
28	0.02723	0.00830	0.00861	0.00792	0.01006	0.00934	0.00609	0.02026	0.48122	0.01947	0.01824	0.01857	0.01408	0.03202	0.00505	0.00158	0.00337	0.00522	0.29688	0.00648
29	0.01890	0.01342	0.01453	0.01114	0.01507	0.01473	0.00921	0.73201	0.02253	0.08003	0.01228	0.01211	0.00860	0.00591	0.00492	0.00148	0.00533	0.00446	0.00499	0.00836
30	0.00690	0.00498	0.00627	0.00619	0.00697	0.00498	0.00437	0.00818	0.00975	0.01339	0.22121	0.04784	0.12916	0.26914	0.21874	0.00419	0.00591	0.00764	0.02024	0.00398
31	0.01019	0.00873	0.01019	0.00728	0.01165	0.00655	0.00582	0.01237	0.01019	0.01601	0.00873	0.01019	0.00728	0.00364	0.00364	0.00073	0.00364	0.00291	0.00291	0.85734
32	0.01868	0.01376	0.01475	0.01131	0.01524	0.01524	0.00934	0.78025	0.02311	0.03097	0.01180	0.01180	0.00836	0.00590	0.00492	0.00147	0.00541	0.00442	0.00492	0.00836
33	0.01216	0.01168	0.01995	0.03016	0.79664	0.01168	0.01508	0.01508	0.01119	0.01605	0.00924	0.01216	0.00778	0.00438	0.00487	0.00146	0.00584	0.00438	0.00243	0.00778
34	0.00715	0.00476	0.00536	0.00536	0.00536	0.00476	0.00298	0.00715	0.00715	0.00953	0.01548	0.03216	0.01787	0.82729	0.02501	0.00476	0.00476	0.00715	0.00298	0.00298
35	0.02754	0.00777	0.00962	0.00790	0.01091	0.00689	0.00620	0.04006	0.06695	0.28013	0.08357	0.16494	0.01744	0.00747	0.00487	0.00140	0.00364	0.00637	0.00471	0.24162
36	0.35085	0.01794	0.01128	0.01022	0.01295	0.49364	0.00785	0.01758	0.01173	0.01598	0.00730	0.00852	0.00593	0.00487	0.00388	0.00137	0.00687	0.00297	0.00273	0.00555
37	0.00715	0.00476	0.00536	0.00536	0.00536	0.00476	0.00298	0.00715	0.00715	0.00953	0.01548	0.03216	0.01787	0.82729	0.02501	0.00476	0.00476	0.00715	0.00298	0.00298
38	0.01178	0.49628	0.34779	0.01073	0.01621	0.01611	0.01245	0.01507	0.01015	0.01322	0.00766	0.00892	0.00627	0.00440	0.00378	0.00126	0.00609	0.00304	0.00209	0.00670
39	0.00928	0.00873	0.01474	0.81548	0.03385	0.01092	0.01365	0.01256	0.00983	0.01256	0.00873	0.01310	0.00655	0.00491	0.00491	0.00164	0.00655	0.00437	0.00218	0.00546
40	0.01170	0.00980	0.01037	0.00928	0.01194	0.01098	0.00729	0.10175	0.55193	0.02025	0.02423	0.02374	0.14231	0.00778	0.00519	0.00167	0.00384	0.03392	0.00490	0.00713
41	0.86201	0.00950	0.00722	0.00646	0.00950	0.01102	0.00532	0.01445	0.00836	0.02205	0.00684	0.00798	0.00532	0.00456	0.00304	0.00152	0.00380	0.00266	0.00304	0.00532
42	0.01819	0.01410	0.01444	0.01117	0.01504	0.06530	0.00915	0.68890	0.02180	0.02893	0.01136	0.01152	0.00817	0.00572	0.00481	0.00142	0.00553	0.00426	0.00465	0.05554
43	0.01160	0.01326	0.02900	0.02071	0.02568	0.01243	0.77879	0.01574	0.01160	0.01574	0.00994	0.01326	0.00746	0.00414	0.00580	0.00166	0.00829	0.00580	0.00249	0.00663
44	0.01264	0.01076	0.01134	0.01008	0.01294	0.01242	0.00788	0.07422	0.73898	0.02122	0.01948	0.01792	0.01458	0.00662	0.00500	0.00165	0.00399	0.00548	0.00500	0.00782
45	0.01028	0.00902	0.01139	0.00814	0.01254	0.00693	0.05513	0.01259	0.01028	0.01600	0.00881	0.01039	0.00729	0.00367	0.00378	0.00079	0.00394	0.00310	0.00288	0.80307
46	0.01226	0.01403	0.01636	0.01304	0.01619	0.26928	0.26190	0.01477	0.02489	0.01424	0.05211	0.05071	0.15113	0.00665	0.00522	0.00148	0.00659	0.00603	0.00315	0.05997

[dist]
# distance from previous block
# <min> <max>
1	29

[block]
# block no. 1 follows, 51 sequences, length 84
# corresponding to MSA columns:
# 106-189
name=unknown_B
#
# <colnr> <probs for GDERKNQSTAVLIFYWHMCP>
#	G	D	E	R	K	N	Q	S	T	A	V	L	I	F	Y	W	H	M	C	P
0	0.01273	0.01395	0.01940	0.01474	0.01859	0.17680	0.34434	0.03236	0.06402	0.01543	0.01026	0.03425	0.00836	0.00493	0.00543	0.00142	0.03883	0.00479	0.00284	0.17651
1	0.01152	0.01107	0.01816	0.01321	0.01765	0.01002	0.31756	0.06793	0.08104	0.01734	0.01044	0.01226	0.00811	0.00427	0.00472	0.00124	0.00565	0.00442	0.00306	0.38033
2	0.01142	0.01268	0.02660	0.01900	0.02389	0.01168	0.68028	0.01531	0.01142	0.01578	0.00979	0.01287	0.00743	0.00408	0.00552	0.00154	0.00769	0.00543	0.00254	0.11504
3	0.00993	0.04446	0.78347	0.01387	0.02106	0.01160	0.01793	0.01554	0.01037	0.01547	0.00877	0.01032	0.00623	0.00466	0.00463	0.00154	0.00722	0.00361	0.00208	0.00724
4	0.01314	0.83025	0.02575	0.00841	0.01261	0.01945	0.00841	0.01472	0.00999	0.01156	0.00683	0.00788	0.00631	0.00420	0.00315	0.00105	0.00526	0.00263	0.00210	0.00631
5	0.00703	0.00523	0.00770	0.00770	0.00851	0.00603	0.00589	0.00865	0.00784	0.01126	0.01335	0.02032	0.01272	0.09902	0.74626	0.00765	0.01250	0.00541	0.00266	0.00428
6	0.01964	0.00844	0.01116	0.00845	0.01236	0.00709	0.00694	0.02159	0.01328	0.64047	0.01722	0.01540	0.01117	0.00559	0.00468	0.00136	0.00407	0.00453	0.00544	0.18116
7	0.01157	0.01317	0.02852	0.02045	0.02525	0.01252	0.75268	0.01561	0.01146	0.01561	0.00982	0.01317	0.00742	0.00429	0.00615	0.00167	0.03582	0.00575	0.00247	0.00659
8	0.00599	0.00428	0.00570	0.00684	0.00713	0.00399	0.00456	0.00684	0.00941	0.01254	0.02709	0.82409	0.03250	0.01540	0.00627	0.00200	0.00285	0.01397	0.00456	0.00399
9	0.00715	0.00476	0.00536	0.00536	0.00536	0.00476	0.00298	0.00715	0.00715	0.00953	0.01548	0.03216	0.01787	0.82729	0.02501	0.00476	0.00476	0.00715	0.00298	0.00298
10	0.02061	0.01066	0.01283	0.00984	0.01369	0.01064	0.00812	0.34609	0.01792	0.47246	0.01616	0.01463	0.01054	0.00600	0.00493	0.00150	0.00470	0.00472	0.00559	0.00836
11	0.01181	0.01236	0.02305	0.01715	0.02139	0.01236	0.52248	0.01919	0.26962	0.01734	0.01329	0.01494	0.00996	0.00498	0.00553	0.00166	0.00682	0.00572	0.00332	0.00701
12	0.00599	0.00428	0.00570	0.00684	0.00713	0.00399	0.00456	0.00684	0.00941	0.01254	0.02709	0.82409	0.03250	0.01540	0.00627	0.00200	0.00285	0.01397	0.00456	0.00399
13	0.00581	0.00498	0.00498	0.00498	0.00664	0.00415	0.00373	0.00705	0.01120	0.01328	0.04978	0.04729	0.79464	0.01245	0.00581	0.00166	0.00249	0.01037	0.00456	0.00415
14	0.01896	0.01144	0.01308	0.01023	0.01396	0.01203	0.00839	0.41222	0.12610	0.29732	0.01558	0.01442	0.01061	0.00607	0.00494	0.00152	0.00477	0.00476	0.00533	0.00828
15	0.00928	0.00873	0.01474	0.81548	0.03385	0.01092	0.01365	0.01256	0.00983	0.01256	0.00873	0.01310	0.00655	0.00491	0.00491	0.00164	0.00655	0.00437	0.00218	0.00546
16	0.00930	0.00497	0.00525	0.00513	0.00635	0.00510	0.00390	0.03830	0.01053	0.01812	0.01561	0.01818	0.01242	0.00864	0.07871	0.00179	0.00342	0.00464	0.74495	0.00470
17	0.02205	0.00836	0.01140	0.00874	0.01254	0.00722	0.00722	0.02395	0.01407	0.80004	0.01939	0.01673	0.01216	0.00608	0.00494	0.00152	0.00418	0.00494	0.00608	0.00836
18	0.01216	0.01168	0.01995	0.03016	0.79664	0.01168	0.01508	0.01508	0.01119	0.01605	0.00924	0.01216	0.00778	0.00438	0.00487	0.00146	0.00584	0.00438	0.00243	0.00778
19	0.01314	0.83025	0.02575	0.00841	0.01261	0.01945	0.00841	0.01472	0.00999	0.01156	0.00683	0.00788	0.00631	0.00420	0.00315	0.00105	0.00526	0.00263	0.00210	0.00631
20	0.00584	0.00498	0.00502	0.00501	0.00666	0.00416	0.00376	0.00711	0.01127	0.01343	0.06824	0.04703	0.77609	0.01239	0.00581	0.00166	0.00248	0.01033	0.00458	0.00416
21	0.01307	0.81294	0.04245	0.00853	0.01280	0.01927	0.00862	0.01473	0.00999	0.01165	0.00687	0.00794	0.00630	0.00421	0.00319	0.00106	0.00530	0.00265	0.00210	0.00633
22	0.01214	0.01093	0.01359	0.01149	0.01457	0.01225	0.11480	0.02467	0.68002	0.01989	0.01861	0.01763	0.01395	0.00632	0.00511	0.00167	0.00450	0.00559	0.00465	0.00762
23	0.00599	0.00428	0.00570	0.00684	0.00713	0.00399	0.00456	0.00684	0.00941	0.01254	0.02709	0.82409	0.03250	0.01540	0.00627	0.00200	0.00285	0.01397	0.00456	0.00399
24	0.00584	0.00498	0.00502	0.00501	0.00665	0.00416	0.00376	0.00711	0.01127	0.01343	0.06777	0.04704	0.77656	0.01239	0.00581	0.00166	0.00249	0.01034	0.00458	0.00416
25	0.01031	0.13714	0.69410	0.01323	0.02007	0.01253	0.01680	0.01545	0.01032	0.01501	0.00854	0.01003	0.00624	0.00460	0.00446	0.00149	0.00698	0.00349	0.00208	0.00713
26	0.01868	0.01376	0.01475	0.01131	0.01524	0.01524	0.00934	0.78025	0.02311	0.03097	0.01180	0.01180	0.00836	0.00590	0.00492	0.00147	0.00541	0.00442	0.00492	0.00836
27	0.00599	0.00428	0.00570	0.00684	0.00713	0.00399	0.00456	0.00684	0.00941	0.01254	0.02709	0.82409	0.03250	0.01540	0.00627	0.00200	0.00285	0.01397	0.00456	0.00399
28	0.01019	0.00873	0.01019	0.00728	0.01165	0.00655	0.00582	0.01237	0.01019	0.01601	0.00873	0.01019	0.00728	0.00364	0.00364	0.00073	0.00364	0.00291	0.00291	0.85734
29	0.01848	0.01965	0.01425	0.01213	0.01521	0.49780	0.00943	0.31699	0.01751	0.01943	0.00924	0.01001	0.00712	0.00539	0.00462	0.00135	0.00751	0.00366	0.00346	0.00674
30	0.01047	0.17633	0.65631	0.01296	0.01965	0.01292	0.01633	0.01540	0.01030	0.01481	0.00845	0.00991	0.00624	0.00458	0.00438	0.00146	0.00689	0.00344	0.00208	0.00708
31	0.01186	0.51560	0.32916	0.01060	0.01600	0.01630	0.01222	0.01505	0.01014	0.01313	0.00761	0.00886	0.00627	0.00439	0.00375	0.00125	0.00604	0.00302	0.00209	0.00668
32	0.01868	0.01376	0.01475	0.01131	0.01524	0.01524	0.00934	0.78025	0.02311	0.03097	0.01180	0.01180	0.00836	0.00590	0.00492	0.00147	0.00541	0.00442	0.00492	0.00836
33	0.01868	0.01376	0.01475	0.01131	0.01524	0.01524	0.00934	0.78025	0.02311	0.03097	0.01180	0.01180	0.00836	0.00590	0.00492	0.00147	0.00541	0.00442	0.00492	0.00836
34	0.00843	0.00750	0.01046	0.00874	0.01122	0.00711	0.13928	0.01246	0.14899	0.03680	0.05520	0.03514	0.47963	0.00974	0.00564	0.00165	0.00379	0.00854	0.00434	0.00535
35	0.00986	0.02542	0.80183	0.01401	0.02127	0.01141	0.01816	0.01556	0.01038	0.01556	0.00882	0.01038	0.00623	0.00467	0.00467	0.00156	0.00726	0.00363	0.00208	0.00726
36	0.00602	0.00433	0.00573	0.00684	0.00718	0.00403	0.00461	0.00692	0.00950	0.01261	0.02769	0.78643	0.05339	0.01528	0.00627	0.00199	0.00288	0.02974	0.00456	0.00401
37	0.01160	0.01326	0.02900	0.02071	0.02568	0.01243	0.77879	0.01574	0.01160	0.01574	0.00994	0.01326	0.00746	0.00414	0.00580	0.00166	0.00829	0.00580	0.00249	0.00663
38	0.01330	0.01524	0.01114	0.01015	0.01194	0.43165	0.00769	0.01497	0.01342	0.01501	0.31497	0.01990	0.02199	0.00729	0.00588	0.00144	0.06963	0.00549	0.00363	0.00526
39	0.01374	0.01320	0.02377	0.01729	0.02182	0.01315	0.51073	0.25015	0.03435	0.02057	0.01086	0.01302	0.00801	0.00477	0.00547	0.00159	0.00719	0.00535	0.01781	0.00715
40	0.01890	0.01341	0.01453	0.01114	0.01506	0.01471	0.00920	0.73035	0.02251	0.08172	0.01230	0.01212	0.00861	0.00591	0.00492	0.00148	0.00533	0.00446	0.00499	0.00836
41	0.00599	0.00428	0.00570	0.00684	0.00713	0.00399	0.00456	0.00684	0.00941	0.01254	0.02709	0.82409	0.03250	0.01540	0.00627	0.00200	0.00285	0.01397	0.00456	0.00399
42	0.01156	0.01179	0.02230	0.13963	0.42324	0.01182	0.27633	0.01495	0.01113	0.01545	0.00941	0.01267	0.00750	0.00437	0.00519	0.00155	0.00678	0.00486	0.00241	0.00705
43	0.00926	0.00856	0.01448	0.63652	0.06781	0.01018	0.04693	0.01237	0.01017	0.01342	0.04802	0.05112	0.00997	0.00560	0.00500	0.00162	0.00607	0.00509	0.03230	0.00549
44	0.00599	0.00428	0.00570	0.00684	0.00713	0.00399	0.00456	0.00684	0.00941	0.01254	0.02709	0.82409	0.03250	0.01540	0.00627	0.00200	0.00285	0.01397	0.00456	0.00399
45	0.00986	0.02542	0.80183	0.01401	0.02127	0.01141	0.01816	0.01556	0.01038	0.01556	0.00882	0.01038	0.00623	0.00467	0.00467	0.00156	0.00726	0.00363	0.00208	0.00726
46	0.00983	0.00958	0.11845	0.03646	0.01177	0.03464	0.02958	0.02501	0.03708	0.11360	0.11285	0.06400	0.29721	0.03611	0.00611	0.00174	0.00415	0.04209	0.00425	0.00550
47	0.00986	0.02542	0.80183	0.01401	0.02127	0.01141	0.01816	0.01556	0.01038	0.01556	0.00882	0.01038	0.00623	0.00467	0.00467	0.00156	0.00726	0.00363	0.00208	0.00726
48	0.01836	0.02342	0.01393	0.01266	0.01519	0.80756	0.00950	0.01962	0.01393	0.01203	0.00760	0.00886	0.00633	0.00506	0.00443	0.00127	0.00886	0.00317	0.00253	0.00570
49	0.01139	0.01231	0.02518	0.13296	0.18373	0.01207	0.51714	0.01517	0.01127	0.01536	0.00963	0.01301	0.00740	0.00430	0.00549	0.00161	0.00755	0.00531	0.00243	0.00670
50	0.02839	0.03592	0.63599	0.01318	0.01942	0.01105	0.04099	0.04935	0.01085	0.01606	0.01062	0.08653	0.00880	0.00570	0.00481	0.00159	0.00669	0.00467	0.00247	0.00693
51	0.01551	0.01323	0.12212	0.02436	0.01505	0.01220	0.00972	0.26047	0.29798	0.15298	0.01559	0.01482	0.01108	0.00602	0.00492	0.00157	0.00493	0.00481	0.00470	0.00795
52	0.02158	0.00911	0.01187	0.00910	0.01292	0.00834	0.00752	0.12893	0.01532	0.69329	0.01833	0.01604	0.01164	0.00606	0.00494	0.00151	0.00435	0.00487	0.00592	0.00836
53	0.01021	0.01808	0.41788	0.04757	0.14359	0.01135	0.09793	0.01439	0.01040	0.01516	0.03698	0.04879	0.00923	0.00566	0.00614	0.00164	0.09109	0.00473	0.00242	0.00677
54	0.01110	0.08205	0.13782	0.27506	0.25552	0.03619	0.10441	0.01453	0.01066	0.01433	0.00885	0.01186	0.00695	0.00457	0.00480	0.00151	0.00661	0.00425	0.00228	0.00664
55	0.00599	0.00428	0.00570	0.00684	0.00713	0.00399	0.00456	0.00684	0.00941	0.01254	0.02709	0.82409	0.03250	0.01540	0.00627	0.00200	0.00285	0.01397	0.00456	0.00399
56	0.01015	0.09647	0.73332	0.01351	0.02051	0.01212	0.01730	0.01549	0.01034	0.01521	0.00864	0.01016	0.00623	0.00463	0.00454	0.00151	0.00709	0.00354	0.00208	0.00718
57	0.01028	0.08957	0.62717	0.01414	0.03263	0.01218	0.07339	0.01527	0.01040	0.01518	0.02081	0.01083	0.00698	0.00481	0.00507	0.00154	0.03672	0.00383	0.00217	0.00704
58	0.00654	0.00513	0.00593	0.00571	0.00714	0.00459	0.00429	0.00863	0.03121	0.01671	0.42595	0.04124	0.39702	0.01109	0.00578	0.00160	0.00244	0.00950	0.00500	0.00448
59	0.00768	0.00518	0.00680	0.00630	0.00759	0.00476	0.00476	0.00998	0.01392	0.05702	0.75700	0.03575	0.04473	0.00986	0.00576	0.00154	0.00241	0.00870	0.00544	0.00482
60	0.01048	0.03375	0.04814	0.26364	0.14516	0.01129	0.30927	0.01387	0.01068	0.01438	0.01058	0.06857	0.00898	0.00590	0.02229	0.00176	0.00699	0.00553	0.00251	0.00623
61	0.01271	0.01238	0.01872	0.07977	0.62107	0.06772	0.01413	0.05665	0.01181	0.01620	0.00914	0.01193	0.00758	0.00469	0.00523	0.00148	0.03450	0.00429	0.00255	0.00743
62	0.86201	0.00950	0.00722	0.00646	0.00950	0.01102	0.00532	0.01445	0.00836	0.02205	0.00684	0.00798	0.00532	0.00456	0.00304	0.00152	0.00380	0.00266	0.00304	0.00532
63	0.00992	0.02499	0.77479	0.01424	0.02142	0.01145	0.04477	0.01557	0.01042	0.01557	0.00886	0.01048	0.00627	0.00465	0.00471	0.00156	0.00730	0.00371	0.00209	0.00724
64	0.00748	0.04384	0.08196	0.03601	0.01000	0.00586	0.00661	0.00909	0.01001	0.03993	0.04743	0.55863	0.05143	0.01283	0.00589	0.00188	0.00363	0.05863	0.00421	0.00466
65	0.00629	0.00456	0.00599	0.00705	0.00746	0.00436	0.00483	0.00767	0.03673	0.01292	0.02679	0.76108	0.03170	0.01501	0.00625	0.00200	0.00296	0.04763	0.00458	0.00415
66	0.00599	0.00428	0.00570	0.00684	0.00713	0.00399	0.00456	0.00684	0.00941	0.01254	0.02709	0.82409	0.03250	0.01540	0.00627	0.00200	0.00285	0.01397	0.00456	0.00399
67	0.06851	0.05135	0.69964	0.01348	0.02029	0.01169	0.03788	0.01546	0.01026	0.01588	0.00865	0.01021	0.00620	0.00463	0.00454	0.00154	0.00699	0.00359	0.00215	0.00708
68	0.01222	0.01191	0.02004	0.04419	0.74033	0.02780	0.04090	0.01515	0.01123	0.01590	0.00922	0.01215	0.00772	0.00439	0.00489	0.00147	0.00600	0.00440	0.00243	0.00766
69	0.00614	0.00508	0.00544	0.00562	0.00719	0.00439	0.00439	0.00754	0.01122	0.01350	0.04605	0.04857	0.67418	0.01262	0.00596	0.00175	0.00281	0.12877	0.00456	0.00421
70	0.01160	0.01326	0.02900	0.02071	0.02568	0.01243	0.77879	0.01574	0.01160	0.01574	0.00994	0.01326	0.00746	0.00414	0.00580	0.00166	0.00829	0.00580	0.00249	0.00663
71	0.05530	0.01156	0.01161	0.00960	0.01268	0.12050	0.00771	0.26435	0.01587	0.24505	0.01730	0.05171	0.07239	0.00860	0.04850	0.00187	0.00552	0.02822	0.00466	0.00701
72	0.01980	0.00814	0.01088	0.00850	0.01194	0.00723	0.00696	0.05612	0.01445	0.65694	0.12657	0.01928	0.01674	0.00662	0.00506	0.00152	0.00398	0.00547	0.00594	0.00785
73	0.00599	0.00428	0.00570	0.00684	0.00713	0.00399	0.00456	0.00684	0.00941	0.01254	0.02709	0.82409	0.03250	0.01540	0.00627	0.00200	0.00285	0.01397	0.00456	0.00399
74	0.08362	0.01891	0.40129	0.01212	0.01762	0.01265	0.01325	0.30717	0.01523	0.05725	0.01027	0.01101	0.00723	0.00519	0.00464	0.00152	0.00613	0.00391	0.00342	0.00757
75	0.01451	0.58889	0.02205	0.00946	0.01318	0.21131	0.00860	0.04085	0.01138	0.01246	0.00738	0.00848	0.00651	0.00450	0.00353	0.00112	0.00608	0.00286	0.02069	0.00619
76	0.00584	0.00496	0.00504	0.00506	0.00667	0.00416	0.00378	0.00710	0.01121	0.01341	0.06708	0.07056	0.75349	0.01248	0.00582	0.00167	0.00250	0.01044	0.00458	0.00416
77	0.02205	0.00836	0.01140	0.00874	0.01254	0.00722	0.00722	0.02395	0.01407	0.80004	0.01939	0.01673	0.01216	0.00608	0.00494	0.00152	0.00418	0.00494	0.00608	0.00836
78	0.01193	0.01364	0.02788	0.02081	0.06263	0.04815	0.70712	0.01588	0.01168	0.01559	0.00980	0.01301	0.00742	0.00420	0.00569	0.00163	0.00819	0.00561	0.00249	0.00664
79	0.01954	0.01021	0.01285	0.01004	0.01335	0.01056	0.00831	0.23443	0.01569	0.47489	0.01546	0.01451	0.01030	0.00638	0.00649	0.00160	0.11753	0.00471	0.00521	0.00795
80	0.01125	0.01254	0.02702	0.01962	0.02423	0.01179	0.70646	0.01522	0.01157	0.01564	0.01145	0.01721	0.00941	0.00503	0.00589	0.00171	0.00793	0.07690	0.00268	0.00643
81	0.00602	0.00438	0.00568	0.00664	0.00709	0.00404	0.00449	0.00698	0.00979	0.01296	0.06636	0.71575	0.10198	0.01487	0.00621	0.00194	0.00279	0.01340	0.00460	0.00404
82	0.01301	0.60194	0.14346	0.00969	0.01416	0.08109	0.00996	0.01579	0.04811	0.01265	0.00784	0.00885	0.00672	0.00446	0.00358	0.00118	0.00579	0.00297	0.00227	0.00648
83	0.00835	0.00628	0.00863	0.00983	0.04564	0.00622	0.00801	0.01114	0.04642	0.01505	0.02487	0.04936	0.04894	0.01233	0.00644	0.00211	0.00445	0.63536	0.00438	0.04620

[dist]
# distance from previous block
# <min> <max>
0	13

# created by:
# /st0/software/busco_prod/Augustus/scripts/msa2prfl.pl ./align_prep/70373.fa
