[name]
unknown

[dist]
# distance from previous block
# <min> <max>
2	181

[block]
# block no. 0 follows, 48 sequences, length 15
# corresponding to MSA columns:
# 182-196
name=unknown_A
#
# <colnr> <probs for GDERKNQSTAVLIFYWHMCP>
#	G	D	E	R	K	N	Q	S	T	A	V	L	I	F	Y	W	H	M	C	P
0	0.09813	0.00951	0.01003	0.00819	0.01140	0.04613	0.00643	0.11173	0.03384	0.05717	0.12211	0.09666	0.04306	0.00696	0.00472	0.00132	0.00404	0.00570	0.00412	0.31874
1	0.01304	0.26313	0.33331	0.09142	0.01957	0.05474	0.01364	0.12430	0.01275	0.01680	0.00896	0.01047	0.00688	0.00496	0.00445	0.00145	0.00668	0.00365	0.00264	0.00718
2	0.01521	0.01604	0.02008	0.01573	0.01941	0.23330	0.29658	0.17355	0.01511	0.01840	0.01165	0.01654	0.00978	0.00612	0.00594	0.00166	0.03538	0.07942	0.00334	0.00676
3	0.00681	0.00545	0.00617	0.00658	0.00780	0.00510	0.00470	0.00925	0.08731	0.01428	0.03841	0.38528	0.37666	0.01375	0.00619	0.00189	0.00291	0.01199	0.00481	0.00464
4	0.01142	0.01184	0.05676	0.30204	0.41106	0.01211	0.05048	0.01471	0.01097	0.01522	0.00933	0.01293	0.00751	0.00499	0.00573	0.00164	0.04718	0.00460	0.00242	0.00706
5	0.00949	0.00917	0.09030	0.01142	0.01388	0.00731	0.16463	0.01193	0.01110	0.07438	0.02188	0.38188	0.02343	0.01147	0.00626	0.00197	0.00501	0.13478	0.00417	0.00552
6	0.00625	0.00447	0.00595	0.00714	0.00744	0.00417	0.00476	0.00714	0.00982	0.01310	0.02828	0.81633	0.03394	0.01608	0.00655	0.00208	0.00298	0.01459	0.00476	0.00417
7	0.01201	0.09399	0.04918	0.12179	0.15685	0.01334	0.44569	0.01578	0.01160	0.01563	0.00974	0.01298	0.00757	0.00449	0.00546	0.00163	0.00763	0.00521	0.00249	0.00696
8	0.03080	0.11031	0.07773	0.01797	0.27340	0.24749	0.01167	0.05674	0.01251	0.01520	0.00956	0.01298	0.00840	0.08615	0.00678	0.00177	0.00691	0.00418	0.00271	0.00674
9	0.00625	0.00447	0.00595	0.00714	0.00744	0.00417	0.00476	0.00714	0.00982	0.01310	0.02828	0.81633	0.03394	0.01608	0.00655	0.00208	0.00298	0.01459	0.00476	0.00417
10	0.00676	0.00468	0.00580	0.00650	0.00667	0.00451	0.00407	0.00728	0.00884	0.01178	0.02321	0.48870	0.02754	0.35243	0.01474	0.00329	0.00381	0.01160	0.00407	0.00372
11	0.01418	0.09677	0.05261	0.03652	0.21505	0.31033	0.01104	0.01669	0.03331	0.01418	0.01160	0.01366	0.04541	0.00847	0.07770	0.00204	0.00772	0.00430	0.02196	0.00648
12	0.03393	0.00987	0.01251	0.01162	0.12585	0.00852	0.00796	0.05320	0.04207	0.13096	0.01139	0.01230	0.00874	0.00455	0.00429	0.00109	0.00432	0.00375	0.00364	0.50943
13	0.04800	0.05653	0.07130	0.06527	0.05381	0.13559	0.03214	0.15054	0.05364	0.09475	0.01241	0.01351	0.00929	0.00554	0.00458	0.00144	0.00565	0.00431	0.15159	0.03011
14	0.03239	0.16568	0.19082	0.09974	0.05838	0.12806	0.19221	0.04590	0.01205	0.01547	0.00901	0.01123	0.00702	0.00478	0.00484	0.00151	0.00739	0.00419	0.00251	0.00683

[dist]
# distance from previous block
# <min> <max>
10	21

[block]
# block no. 1 follows, 48 sequences, length 15
# corresponding to MSA columns:
# 221-235
name=unknown_B
#
# <colnr> <probs for GDERKNQSTAVLIFYWHMCP>
#	G	D	E	R	K	N	Q	S	T	A	V	L	I	F	Y	W	H	M	C	P
0	0.06992	0.13250	0.04757	0.01120	0.12921	0.00951	0.00791	0.01287	0.05723	0.01778	0.31209	0.06488	0.09126	0.00828	0.00520	0.00156	0.00393	0.00704	0.00417	0.00590
1	0.02733	0.00789	0.01124	0.06625	0.11692	0.00769	0.02504	0.04880	0.01367	0.20031	0.28931	0.05506	0.02484	0.00777	0.00538	0.00159	0.00401	0.00680	0.07367	0.00646
2	0.03454	0.01547	0.11930	0.03203	0.04242	0.16599	0.08185	0.01699	0.07500	0.05042	0.01013	0.01187	0.00800	0.00546	0.00636	0.00147	0.11762	0.00408	0.00299	0.19801
3	0.01306	0.01325	0.01983	0.06299	0.36350	0.10404	0.17049	0.05116	0.04665	0.01637	0.01075	0.01462	0.00907	0.07355	0.00702	0.00185	0.00683	0.00503	0.00284	0.00710
4	0.00738	0.00555	0.00800	0.00782	0.00866	0.00527	0.06349	0.00848	0.01011	0.01354	0.12211	0.33269	0.07046	0.20875	0.01186	0.04483	0.00399	0.05866	0.00418	0.00416
5	0.26818	0.01560	0.01157	0.01037	0.01331	0.29219	0.00805	0.04900	0.24765	0.01917	0.01184	0.01213	0.00915	0.00568	0.00439	0.00154	0.00594	0.00396	0.00369	0.00660
6	0.01064	0.00912	0.01064	0.00760	0.01216	0.00684	0.00608	0.01292	0.01064	0.01672	0.00912	0.01064	0.00760	0.00380	0.00380	0.00076	0.00380	0.00304	0.00304	0.85104
7	0.66690	0.00938	0.00822	0.00721	0.01031	0.01052	0.00591	0.01598	0.00953	0.13042	0.00955	0.01062	0.00718	0.00783	0.07059	0.00215	0.00485	0.00334	0.00359	0.00592
8	0.07697	0.21979	0.01678	0.02603	0.01423	0.08817	0.02001	0.21616	0.12547	0.03380	0.01133	0.01209	0.00886	0.00578	0.00523	0.00148	0.06103	0.00408	0.04561	0.00711
9	0.00661	0.00562	0.00619	0.00611	0.00744	0.00532	0.00455	0.00777	0.01090	0.01339	0.04338	0.12000	0.59352	0.06866	0.00840	0.00203	0.07091	0.01043	0.00444	0.00434
10	0.56213	0.01038	0.01009	0.00984	0.08183	0.01150	0.00716	0.11339	0.01176	0.08616	0.04648	0.01143	0.00884	0.00533	0.00390	0.00158	0.00434	0.00369	0.00375	0.00643
11	0.01323	0.03513	0.11124	0.10471	0.12805	0.06488	0.01085	0.08857	0.02982	0.07179	0.01042	0.01198	0.00800	0.00479	0.00457	0.00129	0.00559	0.00390	0.00321	0.28798
12	0.04846	0.01139	0.01599	0.01329	0.08630	0.01073	0.14593	0.15840	0.05993	0.04095	0.01093	0.01233	0.00843	0.00471	0.00467	0.00127	0.00527	0.00424	0.00354	0.35324
13	0.03459	0.03059	0.08026	0.01429	0.15282	0.03910	0.04774	0.11181	0.04858	0.14300	0.06902	0.01536	0.01216	0.00588	0.00546	0.00150	0.04389	0.00483	0.06223	0.07688
14	0.03055	0.07990	0.04810	0.05663	0.12252	0.01197	0.02896	0.16633	0.12379	0.15696	0.06475	0.01652	0.03337	0.00615	0.00501	0.00154	0.00509	0.00511	0.00433	0.03240

[dist]
# distance from previous block
# <min> <max>
10	32

[block]
# block no. 2 follows, 48 sequences, length 15
# corresponding to MSA columns:
# 269-283
name=unknown_C
#
# <colnr> <probs for GDERKNQSTAVLIFYWHMCP>
#	G	D	E	R	K	N	Q	S	T	A	V	L	I	F	Y	W	H	M	C	P
0	0.01384	0.08347	0.19375	0.03510	0.24042	0.04321	0.01309	0.10929	0.08094	0.07132	0.01127	0.01252	0.00856	0.00515	0.00482	0.00149	0.00603	0.00426	0.00327	0.05821
1	0.01337	0.01264	0.04867	0.01639	0.19513	0.03952	0.09259	0.10218	0.18422	0.04017	0.01259	0.01370	0.00971	0.00525	0.00512	0.00145	0.01786	0.00463	0.00362	0.18119
2	0.01217	0.03755	0.09667	0.01700	0.07885	0.01117	0.37175	0.01630	0.05557	0.07752	0.01316	0.08318	0.01111	0.03457	0.00628	0.00176	0.00674	0.00613	0.00322	0.05931
3	0.01099	0.00879	0.01028	0.00750	0.01180	0.00668	0.00599	0.01317	0.01096	0.06088	0.01316	0.01410	0.06957	0.00468	0.00406	0.00088	0.00374	0.00378	0.00337	0.73564
4	0.06160	0.03102	0.11566	0.07216	0.26183	0.05312	0.11087	0.10251	0.05243	0.03216	0.02475	0.01294	0.00880	0.00508	0.00501	0.00155	0.00636	0.00458	0.00309	0.03450
5	0.01532	0.01354	0.01296	0.01114	0.01433	0.10951	0.00877	0.22186	0.48691	0.02324	0.01705	0.01614	0.01273	0.00655	0.00513	0.00164	0.00511	0.00519	0.00488	0.00802
6	0.00637	0.00473	0.00596	0.00680	0.00749	0.00432	0.00474	0.00751	0.01061	0.01387	0.08615	0.57778	0.18444	0.01499	0.00644	0.00199	0.00293	0.04379	0.00482	0.00427
7	0.01048	0.07100	0.75031	0.01430	0.02170	0.01238	0.01839	0.01620	0.01081	0.01602	0.00909	0.01069	0.00650	0.00485	0.00479	0.00160	0.00747	0.00373	0.00217	0.00753
8	0.01049	0.02517	0.71053	0.01538	0.02271	0.01203	0.10014	0.01627	0.01097	0.01627	0.00934	0.01116	0.00664	0.00482	0.00500	0.00164	0.00770	0.00404	0.00221	0.00751
9	0.00883	0.00449	0.00662	0.00662	0.00662	0.00449	0.00438	0.00673	0.00673	0.00897	0.00933	0.01664	0.00948	0.06439	0.02041	0.80160	0.00449	0.00463	0.00228	0.00228
10	0.01091	0.02174	0.51241	0.01674	0.02316	0.01246	0.25246	0.01609	0.01107	0.01609	0.00944	0.01179	0.00691	0.00493	0.00590	0.00169	0.05209	0.00454	0.00230	0.00727
11	0.01380	0.07148	0.20205	0.05087	0.18670	0.01176	0.16109	0.03429	0.01219	0.15900	0.01215	0.04091	0.00927	0.00537	0.00517	0.00160	0.00650	0.00501	0.00327	0.00754
12	0.01232	0.01202	0.04860	0.08392	0.02271	0.01112	0.45543	0.04800	0.01246	0.08727	0.01471	0.07922	0.03369	0.00637	0.00591	0.00177	0.00712	0.04733	0.00335	0.00668
13	0.01137	0.01433	0.11122	0.01937	0.02425	0.01215	0.59984	0.01549	0.01166	0.01602	0.01174	0.08443	0.00993	0.00554	0.00625	0.00176	0.02867	0.00652	0.00273	0.00672
14	0.01026	0.06683	0.51358	0.01509	0.08059	0.01138	0.07242	0.01489	0.01086	0.01564	0.01203	0.11557	0.01072	0.00641	0.00515	0.00167	0.00678	0.02051	0.00262	0.00702

[dist]
# distance from previous block
# <min> <max>
2	3

[block]
# block no. 3 follows, 48 sequences, length 51
# corresponding to MSA columns:
# 287-337
name=unknown_D
#
# <colnr> <probs for GDERKNQSTAVLIFYWHMCP>
#	G	D	E	R	K	N	Q	S	T	A	V	L	I	F	Y	W	H	M	C	P
0	0.01477	0.01754	0.20664	0.11351	0.04833	0.19476	0.04609	0.09170	0.02890	0.11017	0.04381	0.01410	0.01004	0.00570	0.00503	0.00156	0.00687	0.01494	0.01853	0.00701
1	0.01547	0.39767	0.14251	0.01112	0.03773	0.10310	0.01056	0.06008	0.03008	0.13235	0.01022	0.01076	0.00788	0.00503	0.00417	0.00133	0.00606	0.00357	0.00311	0.00720
2	0.00704	0.00744	0.09810	0.00732	0.00911	0.00522	0.00616	0.00871	0.01078	0.03196	0.03502	0.40651	0.32099	0.01334	0.00613	0.00188	0.00340	0.01165	0.00450	0.00474
3	0.00722	0.00572	0.00636	0.00709	0.00755	0.04832	0.00471	0.00803	0.00986	0.01275	0.05043	0.57021	0.05839	0.16627	0.01009	0.00256	0.00367	0.01231	0.00436	0.00410
4	0.01216	0.46037	0.37561	0.01144	0.01728	0.01649	0.01341	0.01577	0.01061	0.01397	0.00808	0.00942	0.00655	0.00461	0.00401	0.00134	0.00644	0.00322	0.00218	0.00704
5	0.01614	0.01338	0.01376	0.02585	0.01510	0.08020	0.02669	0.36887	0.27880	0.03679	0.01708	0.01657	0.05389	0.00668	0.00519	0.00161	0.00532	0.00529	0.00484	0.00794
6	0.00969	0.00912	0.01539	0.80734	0.03534	0.01140	0.01425	0.01311	0.01026	0.01311	0.00912	0.01368	0.00684	0.00513	0.00513	0.00171	0.00684	0.00456	0.00228	0.00570
7	0.01193	0.01158	0.03356	0.06197	0.63240	0.01122	0.01431	0.01484	0.01140	0.01633	0.01089	0.06908	0.00982	0.00536	0.00509	0.00152	0.00578	0.00516	0.00271	0.06503
8	0.01189	0.01026	0.01621	0.09382	0.01806	0.01063	0.23294	0.09557	0.15508	0.03682	0.01789	0.02066	0.07705	0.00713	0.01858	0.00177	0.00571	0.04105	0.12230	0.00659
9	0.01064	0.00912	0.01064	0.00760	0.01216	0.00684	0.00608	0.01292	0.01064	0.01672	0.00912	0.01064	0.00760	0.00380	0.00380	0.00076	0.00380	0.00304	0.00304	0.85104
10	0.01062	0.06776	0.70465	0.01485	0.05021	0.01239	0.01804	0.01645	0.02945	0.01617	0.00940	0.01097	0.00679	0.00489	0.00481	0.00160	0.00733	0.00381	0.00226	0.00756
11	0.00743	0.00564	0.00843	0.00838	0.00927	0.00665	0.00653	0.00924	0.00824	0.01192	0.01357	0.01993	0.01268	0.03775	0.77981	0.00810	0.03363	0.00547	0.00274	0.00461
12	0.01279	0.01272	0.04397	0.31195	0.07534	0.09342	0.02659	0.08978	0.24440	0.01782	0.01292	0.01458	0.00975	0.00573	0.00511	0.00165	0.00615	0.00481	0.00349	0.00700
13	0.00704	0.00551	0.00656	0.00708	0.00857	0.00503	0.00583	0.00881	0.01175	0.01452	0.04099	0.05314	0.45069	0.01352	0.00652	0.00201	0.00354	0.33964	0.00475	0.00451
14	0.01476	0.01170	0.01258	0.01053	0.01366	0.01319	0.00843	0.32047	0.36708	0.02499	0.04729	0.01856	0.05638	0.00715	0.00561	0.00166	0.03079	0.00568	0.02159	0.00788
15	0.00741	0.00544	0.00796	0.00796	0.00882	0.00626	0.00610	0.00913	0.00827	0.01199	0.01400	0.02107	0.01325	0.09225	0.72138	0.00781	0.01279	0.00561	0.02804	0.00448
16	0.01088	0.00980	0.01600	0.49402	0.24140	0.01123	0.01360	0.04192	0.01121	0.01535	0.01003	0.01382	0.00780	0.00508	0.00499	0.00161	0.00621	0.00458	0.07404	0.00641
17	0.01211	0.01384	0.03028	0.02163	0.02682	0.01298	0.76903	0.01644	0.01211	0.01644	0.01038	0.01384	0.00779	0.00433	0.00606	0.00173	0.00865	0.00606	0.00260	0.00692
18	0.01903	0.01051	0.04870	0.00991	0.01371	0.00972	0.00835	0.05345	0.25739	0.48167	0.01963	0.01749	0.01320	0.00647	0.00516	0.00164	0.00447	0.00528	0.00575	0.00848
19	0.00723	0.00522	0.00683	0.00648	0.00766	0.00482	0.00484	0.00961	0.01439	0.02036	0.76279	0.06112	0.04799	0.01065	0.00607	0.00163	0.00244	0.00943	0.00562	0.00482
20	0.45283	0.01007	0.01023	0.00924	0.04808	0.01084	0.00708	0.06092	0.09432	0.23174	0.01259	0.01241	0.00888	0.00550	0.00413	0.00160	0.00428	0.00394	0.00434	0.00699
21	0.01239	0.01065	0.01133	0.01010	0.01301	0.01206	0.00785	0.02564	0.69998	0.02116	0.05618	0.01958	0.01676	0.00695	0.00518	0.00168	0.00397	0.00581	0.00512	0.05460
22	0.01029	0.02654	0.79309	0.01462	0.02221	0.01192	0.01896	0.01625	0.01083	0.01625	0.00921	0.01083	0.00650	0.00487	0.00487	0.00162	0.00758	0.00379	0.00217	0.00758
23	0.01372	0.82276	0.02689	0.00878	0.01317	0.02030	0.00878	0.01536	0.01043	0.01207	0.00713	0.00823	0.00658	0.00439	0.00329	0.00110	0.00549	0.00274	0.00219	0.00658
24	0.00666	0.00513	0.00608	0.00604	0.00734	0.00455	0.00446	0.00844	0.01281	0.01697	0.39895	0.13903	0.34064	0.01218	0.00612	0.00172	0.00256	0.01055	0.00519	0.00455
25	0.00740	0.00522	0.00682	0.00682	0.00725	0.00564	0.00464	0.00825	0.00782	0.01086	0.01505	0.02736	0.01596	0.45800	0.38410	0.00649	0.00903	0.00655	0.00294	0.00379
26	0.00625	0.00447	0.00595	0.00714	0.00744	0.00417	0.00476	0.00714	0.00982	0.01310	0.02828	0.81633	0.03394	0.01608	0.00655	0.00208	0.00298	0.01459	0.00476	0.00417
27	0.01240	0.01363	0.02932	0.02188	0.06858	0.01280	0.70938	0.01660	0.01215	0.03475	0.01057	0.01386	0.00792	0.00439	0.00598	0.00172	0.00841	0.00595	0.00268	0.00703
28	0.00809	0.00585	0.00803	0.00911	0.01034	0.00578	0.00792	0.01037	0.01180	0.01524	0.02913	0.05721	0.08933	0.01408	0.00701	0.00231	0.00456	0.69442	0.00473	0.00469
29	0.53099	0.01417	0.01038	0.00906	0.01224	0.20869	0.00723	0.12129	0.01232	0.02170	0.00806	0.00912	0.00626	0.00509	0.00381	0.00151	0.00552	0.00317	0.00331	0.00609
30	0.08582	0.01461	0.01177	0.02684	0.01318	0.35405	0.06909	0.01556	0.01219	0.01526	0.01327	0.14339	0.01246	0.00707	0.00472	0.00148	0.00623	0.00566	0.18190	0.00545
31	0.01128	0.01074	0.01826	0.39789	0.43238	0.01182	0.01504	0.01450	0.01101	0.01504	0.00940	0.01316	0.00752	0.00484	0.00510	0.00161	0.00645	0.00457	0.00242	0.00698
32	0.01318	0.01123	0.01184	0.01053	0.01350	0.01296	0.00822	0.07359	0.73139	0.02214	0.02035	0.01872	0.01523	0.00691	0.00522	0.00173	0.00416	0.00573	0.00522	0.00816
33	0.21159	0.01240	0.01137	0.00903	0.01287	0.12460	0.00723	0.14351	0.01331	0.07184	0.00977	0.01064	0.00751	0.00481	0.00409	0.00122	0.00498	0.00343	0.00359	0.33221
34	0.02159	0.01103	0.01333	0.01022	0.01424	0.01095	0.00844	0.32841	0.01853	0.48239	0.01702	0.01537	0.01108	0.00627	0.00515	0.00157	0.00489	0.00494	0.00586	0.00873
35	0.01571	0.01249	0.01326	0.01104	0.01447	0.01414	0.00883	0.35233	0.44853	0.02622	0.01714	0.01616	0.01263	0.00661	0.00518	0.00165	0.00475	0.00528	0.00518	0.00839
36	0.02232	0.00986	0.01261	0.00967	0.01366	0.00922	0.00798	0.17432	0.01658	0.63923	0.01866	0.01643	0.01191	0.00631	0.00515	0.00158	0.00462	0.00505	0.00611	0.00873
37	0.01951	0.01437	0.01540	0.01181	0.01591	0.01591	0.00975	0.77056	0.02412	0.03234	0.01232	0.01232	0.00873	0.00616	0.00513	0.00154	0.00565	0.00462	0.00513	0.00873
38	0.00956	0.00478	0.00478	0.00478	0.00598	0.00478	0.00359	0.01196	0.01076	0.01913	0.01674	0.01913	0.01315	0.00598	0.00359	0.00120	0.00239	0.00478	0.84816	0.00478
39	0.01029	0.02654	0.79309	0.01462	0.02221	0.01192	0.01896	0.01625	0.01083	0.01625	0.00921	0.01083	0.00650	0.00487	0.00487	0.00162	0.00758	0.00379	0.00217	0.00758
40	0.01477	0.51005	0.06538	0.01098	0.03222	0.19575	0.00992	0.03898	0.01168	0.01314	0.00762	0.00900	0.00669	0.00493	0.00453	0.00126	0.05103	0.00312	0.00239	0.00654
41	0.00732	0.00523	0.00718	0.00836	0.00912	0.00509	0.00661	0.00898	0.01087	0.01429	0.02769	0.41606	0.03161	0.01507	0.00683	0.00223	0.00390	0.40435	0.00474	0.00446
42	0.00685	0.00538	0.00592	0.00590	0.00739	0.00485	0.00437	0.00904	0.04814	0.01590	0.20630	0.12282	0.46817	0.01209	0.00593	0.00171	0.00266	0.01031	0.05164	0.00463
43	0.00676	0.00490	0.00639	0.00676	0.00758	0.00453	0.00482	0.00844	0.01222	0.01678	0.39467	0.39128	0.07681	0.01320	0.00629	0.00184	0.00272	0.02430	0.00519	0.00451
44	0.01082	0.12235	0.66342	0.01372	0.02069	0.01297	0.01721	0.01666	0.04690	0.01599	0.00951	0.01091	0.00694	0.00491	0.00470	0.00157	0.00716	0.00376	0.00231	0.00749
45	0.00658	0.00522	0.00591	0.00573	0.00724	0.00455	0.00430	0.00835	0.01290	0.01672	0.36454	0.04467	0.47124	0.01193	0.00606	0.00168	0.00252	0.01017	0.00514	0.00455
46	0.01224	0.02860	0.04796	0.01097	0.09451	0.00907	0.00773	0.14591	0.01244	0.09166	0.01525	0.12123	0.01478	0.23140	0.01133	0.00251	0.03483	0.00651	0.02359	0.07750
47	0.00627	0.00451	0.00592	0.00703	0.00738	0.00419	0.00469	0.00716	0.00984	0.01305	0.02888	0.76849	0.06194	0.03535	0.00700	0.00214	0.00301	0.01427	0.00472	0.00415
48	0.01174	0.04038	0.01173	0.00861	0.01269	0.00937	0.00690	0.05171	0.21989	0.01855	0.01239	0.01294	0.00980	0.00479	0.00423	0.00107	0.00402	0.00385	0.00370	0.55164
49	0.22754	0.36646	0.16857	0.03565	0.01496	0.04509	0.01013	0.02977	0.01060	0.03937	0.00812	0.00933	0.00654	0.00473	0.00377	0.00138	0.00566	0.00314	0.00264	0.00657
50	0.01054	0.08357	0.73821	0.01421	0.02156	0.01252	0.01823	0.01619	0.01080	0.01595	0.00906	0.01065	0.00651	0.00484	0.00476	0.00159	0.00743	0.00372	0.00217	0.00751

[dist]
# distance from previous block
# <min> <max>
0	2

[block]
# block no. 4 follows, 48 sequences, length 64
# corresponding to MSA columns:
# 340-403
name=unknown_E
#
# <colnr> <probs for GDERKNQSTAVLIFYWHMCP>
#	G	D	E	R	K	N	Q	S	T	A	V	L	I	F	Y	W	H	M	C	P
0	0.05497	0.05723	0.15863	0.01236	0.01679	0.01396	0.07696	0.25896	0.25429	0.02311	0.01373	0.01390	0.01013	0.00585	0.00500	0.00161	0.00568	0.00478	0.00415	0.00791
1	0.00843	0.00633	0.00780	0.00775	0.00927	0.00637	0.00618	0.01270	0.13665	0.01876	0.37234	0.04056	0.08963	0.01092	0.00610	0.00183	0.00332	0.21060	0.03915	0.00530
2	0.37145	0.05714	0.01119	0.00859	0.01209	0.01213	0.00705	0.11830	0.17927	0.07688	0.01194	0.01208	0.00894	0.00542	0.00409	0.00151	0.00431	0.00387	0.00404	0.08971
3	0.01286	0.00675	0.00825	0.00705	0.00957	0.00592	0.00557	0.03546	0.01367	0.29943	0.17808	0.03461	0.34225	0.00990	0.00571	0.00165	0.00330	0.00829	0.00552	0.00616
4	0.01263	0.49328	0.10025	0.01104	0.01454	0.01797	0.03206	0.01464	0.00980	0.01269	0.00732	0.00949	0.00665	0.00572	0.00732	0.00149	0.23103	0.00343	0.00222	0.00642
5	0.04876	0.01201	0.02104	0.02403	0.40976	0.01262	0.19397	0.01496	0.01093	0.01606	0.00997	0.04485	0.00874	0.00573	0.00728	0.00172	0.14255	0.00524	0.00262	0.00714
6	0.00755	0.00568	0.00727	0.00806	0.00943	0.00539	0.00684	0.00957	0.01177	0.01487	0.03525	0.05511	0.27587	0.01379	0.00675	0.00216	0.00403	0.51127	0.00474	0.00460
7	0.02734	0.17603	0.26691	0.01376	0.04554	0.11111	0.08125	0.16228	0.03694	0.01838	0.00969	0.01097	0.00739	0.00508	0.00468	0.00148	0.00689	0.00396	0.00296	0.00735
8	0.00625	0.00447	0.00595	0.00714	0.00744	0.00417	0.00476	0.00714	0.00982	0.01310	0.02828	0.81633	0.03394	0.01608	0.00655	0.00208	0.00298	0.01459	0.00476	0.00417
9	0.01532	0.07023	0.16010	0.01291	0.05946	0.06780	0.01126	0.31328	0.17824	0.02300	0.01283	0.01347	0.00966	0.02299	0.00539	0.00163	0.00592	0.00456	0.00405	0.00790
10	0.00693	0.00523	0.00644	0.00657	0.00768	0.00485	0.00476	0.00914	0.04323	0.01696	0.37440	0.27856	0.19108	0.01257	0.00617	0.00179	0.00269	0.01108	0.00518	0.00466
11	0.01292	0.01417	0.07608	0.01910	0.17296	0.06396	0.27297	0.01917	0.19867	0.03487	0.01258	0.01434	0.00966	0.00541	0.00603	0.00168	0.04952	0.00525	0.00326	0.00741
12	0.01170	0.12335	0.49468	0.01318	0.01948	0.01246	0.06108	0.01705	0.06039	0.05714	0.01034	0.01156	0.00760	0.00491	0.00470	0.00150	0.00668	0.00394	0.00268	0.07559
13	0.01293	0.03164	0.06165	0.04466	0.05493	0.09389	0.32215	0.02027	0.26660	0.01750	0.01341	0.01479	0.01017	0.00537	0.00543	0.00166	0.00689	0.00538	0.00343	0.00726
14	0.05123	0.12635	0.35799	0.13637	0.04252	0.01277	0.05704	0.04822	0.01127	0.03383	0.00986	0.02751	0.00765	0.00524	0.00495	0.00157	0.02343	0.00420	0.03108	0.00691
15	0.00670	0.00505	0.00620	0.00629	0.00742	0.00454	0.00457	0.00846	0.01265	0.01700	0.40939	0.22784	0.24015	0.01249	0.00617	0.00176	0.00260	0.01096	0.00520	0.00454
16	0.01140	0.51329	0.04138	0.00883	0.03368	0.01495	0.00794	0.01353	0.03589	0.01334	0.04674	0.09058	0.13621	0.00718	0.00430	0.00136	0.00470	0.00556	0.00308	0.00606
17	0.00656	0.00471	0.00623	0.00693	0.00751	0.00438	0.00479	0.00793	0.01127	0.01540	0.26154	0.57650	0.03840	0.01435	0.00640	0.00194	0.00281	0.01295	0.00504	0.00438
18	0.38168	0.01139	0.03974	0.05201	0.12902	0.01161	0.07261	0.09474	0.01206	0.13484	0.01041	0.01154	0.00760	0.00510	0.00435	0.00159	0.00517	0.00398	0.00362	0.00692
19	0.01449	0.01188	0.01257	0.01079	0.01400	0.01357	0.00854	0.21745	0.58540	0.02425	0.01869	0.01740	0.01389	0.00676	0.00520	0.00169	0.00447	0.00550	0.00520	0.00828
20	0.02386	0.00890	0.01014	0.00771	0.01153	0.00761	0.00615	0.06824	0.05832	0.05953	0.02559	0.01334	0.00995	0.00475	0.00405	0.00101	0.00375	0.00379	0.12687	0.54492
21	0.00824	0.00707	0.01050	0.04207	0.20592	0.00679	0.02257	0.01014	0.01140	0.01519	0.11568	0.27244	0.21290	0.01110	0.00595	0.00179	0.00390	0.02679	0.00417	0.00541
22	0.00782	0.00622	0.00919	0.00891	0.00971	0.00759	0.00702	0.00957	0.00820	0.01197	0.01285	0.01902	0.01205	0.03474	0.70005	0.00748	0.11481	0.00537	0.00268	0.00471
23	0.00951	0.00882	0.01464	0.64944	0.03053	0.01092	0.02782	0.01254	0.00988	0.01288	0.00975	0.01510	0.00793	0.05003	0.06864	0.00241	0.04649	0.00481	0.00236	0.00550
24	0.00625	0.00447	0.00595	0.00714	0.00744	0.00417	0.00476	0.00714	0.00982	0.01310	0.02828	0.81633	0.03394	0.01608	0.00655	0.00208	0.00298	0.01459	0.00476	0.00417
25	0.01216	0.16027	0.09132	0.27873	0.25566	0.04014	0.01375	0.04782	0.01148	0.01512	0.00899	0.01188	0.00722	0.00492	0.00495	0.00152	0.02058	0.00412	0.00247	0.00691
26	0.00650	0.00464	0.00624	0.00742	0.00783	0.00438	0.00519	0.00757	0.01007	0.01337	0.02815	0.72417	0.03340	0.01584	0.00661	0.00212	0.00319	0.10433	0.00476	0.00424
27	0.01177	0.00911	0.01145	0.00887	0.01261	0.00799	0.04324	0.01568	0.11027	0.08600	0.05393	0.01648	0.01246	0.00552	0.00485	0.00118	0.02694	0.03905	0.03336	0.48926
28	0.00631	0.00451	0.00602	0.00721	0.00753	0.00422	0.00486	0.00724	0.00988	0.01316	0.02825	0.79493	0.03381	0.01602	0.00656	0.00209	0.00303	0.03543	0.00476	0.00418
29	0.01176	0.00942	0.01094	0.00816	0.01244	0.00777	0.00655	0.05167	0.07337	0.05422	0.01125	0.01304	0.00915	0.00458	0.00413	0.00096	0.00396	0.02429	0.00352	0.67880
30	0.01131	0.01148	0.01711	0.01425	0.01475	0.01545	0.08393	0.01274	0.00827	0.01274	0.00709	0.01148	0.00684	0.00853	0.01580	0.00220	0.73337	0.00464	0.00228	0.00574
31	0.01193	0.01038	0.01519	0.17424	0.27368	0.01010	0.01116	0.03867	0.04754	0.04289	0.01032	0.01261	0.00821	0.00463	0.00464	0.00130	0.00525	0.00410	0.00300	0.31016
32	0.00678	0.00523	0.00619	0.00595	0.00737	0.00464	0.00446	0.00875	0.01338	0.01786	0.48879	0.04279	0.34628	0.01150	0.00606	0.00166	0.00249	0.00991	0.00529	0.00464
33	0.01624	0.39651	0.05419	0.01121	0.01488	0.40195	0.00978	0.01792	0.01246	0.01249	0.00762	0.00885	0.00659	0.00485	0.00402	0.00123	0.00743	0.00306	0.00241	0.00632
34	0.00892	0.00715	0.00872	0.00702	0.00988	0.00582	0.00545	0.01127	0.01261	0.01868	0.40346	0.02471	0.02834	0.00720	0.00494	0.00119	0.00310	0.00621	0.00437	0.42094
35	0.01359	0.74482	0.02680	0.01045	0.04761	0.01956	0.04916	0.01544	0.01057	0.01251	0.00741	0.00872	0.00672	0.00439	0.00352	0.00115	0.00568	0.00300	0.00223	0.00667
36	0.01082	0.01027	0.01704	0.40869	0.30248	0.01190	0.01411	0.01379	0.01043	0.01429	0.00928	0.01338	0.00757	0.00689	0.04364	0.00201	0.08990	0.00460	0.00239	0.00651
37	0.35541	0.00760	0.00702	0.00696	0.03946	0.00831	0.00515	0.04641	0.01055	0.02120	0.01235	0.01417	0.00966	0.00543	0.00355	0.00138	0.00333	0.00395	0.43272	0.00540
38	0.01397	0.01581	0.03332	0.16282	0.18928	0.24486	0.15613	0.03523	0.01236	0.01485	0.00903	0.01192	0.00726	0.00521	0.00600	0.00159	0.06669	0.00446	0.00257	0.00664
39	0.02302	0.00873	0.01191	0.00913	0.01310	0.00754	0.00754	0.02501	0.01469	0.79122	0.02024	0.01746	0.01270	0.00635	0.00516	0.00159	0.00437	0.00516	0.00635	0.00873
40	0.01604	0.01244	0.09250	0.02161	0.40831	0.01058	0.04859	0.01905	0.01267	0.28658	0.01333	0.01423	0.00955	0.00521	0.00513	0.00157	0.00576	0.00477	0.00383	0.00823
41	0.00796	0.00505	0.00746	0.00746	0.00795	0.00555	0.00543	0.00807	0.00758	0.01060	0.01199	0.01921	0.01165	0.08036	0.44162	0.34121	0.00951	0.00521	0.00257	0.00356
42	0.01172	0.46996	0.01908	0.03560	0.01243	0.04627	0.00791	0.03974	0.01086	0.01317	0.01417	0.23141	0.03076	0.00803	0.00480	0.00146	0.02731	0.00637	0.00308	0.00587
43	0.05604	0.01233	0.01422	0.02962	0.12362	0.04518	0.00951	0.33710	0.05437	0.10843	0.04851	0.01399	0.01086	0.00579	0.00490	0.00146	0.00522	0.00461	0.00442	0.10983
44	0.04639	0.36462	0.35576	0.01139	0.01696	0.01557	0.01298	0.01692	0.08711	0.01526	0.00940	0.01045	0.00741	0.00487	0.00416	0.00141	0.00619	0.00350	0.00252	0.00713
45	0.01078	0.01132	0.08513	0.01551	0.11651	0.01001	0.20530	0.09142	0.04327	0.01726	0.03131	0.25864	0.01769	0.00886	0.00608	0.00181	0.02000	0.03900	0.00371	0.00638
46	0.05682	0.01208	0.05645	0.11144	0.51162	0.01203	0.03243	0.01502	0.01099	0.01641	0.00953	0.01267	0.00787	0.00507	0.00588	0.00160	0.07082	0.00448	0.03947	0.00732
47	0.01039	0.00935	0.01310	0.03322	0.30933	0.00954	0.00987	0.01556	0.18953	0.01711	0.06196	0.02735	0.22630	0.00812	0.00551	0.00167	0.00445	0.03691	0.00401	0.00674
48	0.00629	0.00450	0.00600	0.00719	0.00751	0.00420	0.00484	0.00722	0.00987	0.01315	0.02826	0.80021	0.03384	0.01603	0.00656	0.00209	0.00301	0.03028	0.00476	0.00418
49	0.01048	0.00980	0.01629	0.48519	0.16051	0.01118	0.07019	0.01462	0.06969	0.01493	0.01227	0.01562	0.03941	0.00547	0.00517	0.00166	0.00627	0.00503	0.03992	0.00630
50	0.00625	0.00448	0.00594	0.00710	0.00743	0.00417	0.00474	0.00715	0.00987	0.01312	0.02885	0.79787	0.05202	0.01600	0.00654	0.00208	0.00297	0.01450	0.00476	0.00417
51	0.01293	0.01152	0.01162	0.01050	0.01334	0.04953	0.00814	0.02653	0.72668	0.02087	0.02043	0.03510	0.01561	0.00707	0.00522	0.00173	0.00428	0.00586	0.00509	0.00794
52	0.00625	0.00447	0.00595	0.00714	0.00744	0.00417	0.00476	0.00714	0.00982	0.01310	0.02828	0.81633	0.03394	0.01608	0.00655	0.00208	0.00298	0.01459	0.00476	0.00417
53	0.00995	0.00909	0.01439	0.56720	0.08726	0.01082	0.01265	0.01437	0.09210	0.01492	0.07299	0.03299	0.01220	0.00611	0.00528	0.00171	0.00602	0.02095	0.00298	0.00602
54	0.00716	0.00511	0.00699	0.00818	0.00887	0.00495	0.00633	0.00871	0.01071	0.01411	0.02778	0.47653	0.03196	0.01522	0.00679	0.00221	0.00376	0.34547	0.00475	0.00442
55	0.01129	0.03154	0.03442	0.15583	0.23145	0.08618	0.09037	0.01470	0.04328	0.01674	0.21158	0.01943	0.01843	0.00635	0.00536	0.00158	0.00578	0.00581	0.00341	0.00646
56	0.00969	0.00912	0.01539	0.80734	0.03534	0.01140	0.01425	0.01311	0.01026	0.01311	0.00912	0.01368	0.00684	0.00513	0.00513	0.00171	0.00684	0.00456	0.00228	0.00570
57	0.01041	0.05340	0.76725	0.01443	0.02190	0.01220	0.01861	0.01622	0.01082	0.01611	0.00914	0.01075	0.00650	0.00486	0.00482	0.00161	0.00751	0.00376	0.00217	0.00755
58	0.00652	0.00469	0.00637	0.00728	0.00768	0.00464	0.00500	0.00755	0.00940	0.01271	0.02490	0.62512	0.02914	0.06028	0.15920	0.00341	0.00514	0.01249	0.00430	0.00419
59	0.01372	0.82276	0.02689	0.00878	0.01317	0.02030	0.00878	0.01536	0.01043	0.01207	0.00713	0.00823	0.00658	0.00439	0.00329	0.00110	0.00549	0.00274	0.00219	0.00658
60	0.00737	0.00511	0.00641	0.00647	0.00676	0.00537	0.00418	0.00796	0.00781	0.01069	0.01601	0.06632	0.01762	0.54695	0.25777	0.00582	0.00752	0.00721	0.00308	0.00360
61	0.00721	0.00524	0.00679	0.00641	0.00764	0.00482	0.00480	0.00959	0.01441	0.02031	0.75572	0.03877	0.07782	0.01059	0.00605	0.00162	0.00243	0.00934	0.00561	0.00482
62	0.01885	0.02393	0.01459	0.01323	0.01577	0.76782	0.00997	0.02016	0.01427	0.01255	0.00788	0.00933	0.00661	0.00543	0.00511	0.00136	0.04121	0.00335	0.00263	0.00594
63	0.04131	0.00517	0.00567	0.00564	0.00577	0.00524	0.00321	0.00777	0.00751	0.01047	0.01581	0.03257	0.01813	0.78716	0.02520	0.00484	0.00493	0.00727	0.00311	0.00321

[dist]
# distance from previous block
# <min> <max>
0	36

# created by:
# /st0/software/busco_prod/Augustus/scripts/msa2prfl.pl ./align_prep/70408.fa
