[name]
unknown

[dist]
# distance from previous block
# <min> <max>
0	361

[block]
# block no. 0 follows, 47 sequences, length 30
# corresponding to MSA columns:
# 361-390
name=unknown_A
#
# <colnr> <probs for GDERKNQSTAVLIFYWHMCP>
#	G	D	E	R	K	N	Q	S	T	A	V	L	I	F	Y	W	H	M	C	P
0	0.00883	0.00659	0.00883	0.00925	0.01107	0.00617	0.00799	0.01121	0.01177	0.01584	0.02423	0.05000	0.02591	0.01247	0.00658	0.00210	0.00462	0.61339	0.00448	0.15865
1	0.02164	0.15674	0.01486	0.00920	0.01331	0.01002	0.00788	0.02360	0.01412	0.64668	0.01812	0.01602	0.01176	0.00608	0.00489	0.00152	0.00464	0.00479	0.00568	0.00847
2	0.01231	0.01100	0.01817	0.02702	0.64260	0.01100	0.01373	0.01528	0.01169	0.01745	0.01111	0.01408	0.00918	0.00490	0.00488	0.00149	0.00550	0.00468	0.15630	0.00763
3	0.01826	0.02255	0.01592	0.01680	0.15617	0.65322	0.01114	0.01992	0.01423	0.01352	0.00837	0.01003	0.00699	0.00523	0.00478	0.00138	0.00881	0.00359	0.00266	0.00644
4	0.01294	0.01140	0.01348	0.01449	0.15408	0.01285	0.00965	0.02554	0.63596	0.02091	0.01912	0.01824	0.01450	0.00662	0.00527	0.00173	0.00450	0.00566	0.00480	0.00824
5	0.01783	0.01284	0.01420	0.01146	0.01508	0.01403	0.00955	0.60625	0.02191	0.05311	0.01550	0.02109	0.01283	0.00774	0.00557	0.00172	0.00552	0.14047	0.00517	0.00812
6	0.01757	0.01285	0.01382	0.01083	0.01424	0.01413	0.00867	0.62867	0.02140	0.02868	0.01321	0.01644	0.01069	0.15404	0.00909	0.00220	0.00561	0.00521	0.00484	0.00782
7	0.01929	0.01889	0.01497	0.01244	0.01589	0.36226	0.00982	0.41578	0.01983	0.02341	0.01158	0.01210	0.02812	0.00604	0.00501	0.00147	0.00728	0.00426	0.00408	0.00749
8	0.02147	0.00929	0.01203	0.00951	0.01334	0.00862	0.00776	0.02580	0.15348	0.64841	0.02066	0.01804	0.01344	0.00656	0.00525	0.00164	0.00437	0.00536	0.00624	0.00875
9	0.00873	0.15363	0.00962	0.00627	0.00708	0.00788	0.00420	0.00904	0.00812	0.01049	0.01474	0.02939	0.01670	0.66887	0.02228	0.00433	0.00514	0.00670	0.00299	0.00380
10	0.01039	0.00982	0.01663	0.66365	0.17233	0.01172	0.01474	0.01379	0.01068	0.01398	0.00935	0.01370	0.00718	0.00510	0.00520	0.00170	0.00680	0.00463	0.00236	0.00623
11	0.01289	0.01237	0.02114	0.03196	0.78450	0.01237	0.01598	0.01598	0.01186	0.01701	0.00980	0.01289	0.00825	0.00464	0.00516	0.00155	0.00619	0.00464	0.00258	0.00825
12	0.00615	0.00528	0.00528	0.00528	0.00703	0.00440	0.00396	0.00747	0.01187	0.01407	0.05276	0.05012	0.78238	0.01319	0.00615	0.00176	0.00264	0.01099	0.00484	0.00440
13	0.01392	0.82012	0.02729	0.00891	0.01337	0.02061	0.00891	0.01559	0.01058	0.01225	0.00724	0.00835	0.00668	0.00446	0.00334	0.00111	0.00557	0.00278	0.00223	0.00668
14	0.00737	0.00532	0.00696	0.00655	0.00778	0.00491	0.00491	0.00983	0.01474	0.02088	0.78175	0.03890	0.04914	0.01065	0.00614	0.00164	0.00246	0.00942	0.00573	0.00491
15	0.01392	0.82012	0.02729	0.00891	0.01337	0.02061	0.00891	0.01559	0.01058	0.01225	0.00724	0.00835	0.00668	0.00446	0.00334	0.00111	0.00557	0.00278	0.00223	0.00668
16	0.01229	0.01405	0.03073	0.02195	0.02722	0.01317	0.76558	0.01668	0.01229	0.01668	0.01054	0.01405	0.00790	0.00439	0.00615	0.00176	0.00878	0.00615	0.00263	0.00702
17	0.00744	0.00556	0.00826	0.00826	0.00916	0.00645	0.00638	0.00923	0.00834	0.01201	0.01405	0.02100	0.01325	0.06986	0.76586	0.00824	0.01360	0.00566	0.00280	0.00459
18	0.01945	0.02482	0.01476	0.01342	0.01610	0.79608	0.01006	0.02079	0.01476	0.01275	0.00805	0.00939	0.00671	0.00537	0.00470	0.00134	0.00939	0.00335	0.00268	0.00604
19	0.01045	0.02694	0.79000	0.01484	0.02254	0.01209	0.01924	0.01649	0.01099	0.01649	0.00935	0.01099	0.00660	0.00495	0.00495	0.00165	0.00770	0.00385	0.00220	0.00770
20	0.01392	0.82012	0.02729	0.00891	0.01337	0.02061	0.00891	0.01559	0.01058	0.01225	0.00724	0.00835	0.00668	0.00446	0.00334	0.00111	0.00557	0.00278	0.00223	0.00668
21	0.01945	0.02482	0.01476	0.01342	0.01610	0.79608	0.01006	0.02079	0.01476	0.01275	0.00805	0.00939	0.00671	0.00537	0.00470	0.00134	0.00939	0.00335	0.00268	0.00604
22	0.00757	0.00505	0.00568	0.00568	0.00568	0.00505	0.00316	0.00757	0.00757	0.01010	0.01641	0.03408	0.01893	0.81698	0.02651	0.00505	0.00505	0.00757	0.00316	0.00316
23	0.01152	0.01097	0.01866	0.37941	0.44779	0.01201	0.01530	0.01478	0.01121	0.01535	0.00955	0.01334	0.00766	0.00489	0.00518	0.00163	0.00653	0.00463	0.00246	0.00714
24	0.01125	0.21025	0.61373	0.01347	0.02042	0.01406	0.01685	0.01628	0.01090	0.01551	0.00886	0.01038	0.00662	0.00483	0.00458	0.00153	0.00720	0.00360	0.00221	0.00746
25	0.01392	0.82012	0.02729	0.00891	0.01337	0.02061	0.00891	0.01559	0.01058	0.01225	0.00724	0.00835	0.00668	0.00446	0.00334	0.00111	0.00557	0.00278	0.00223	0.00668
26	0.01214	0.41283	0.41893	0.01196	0.01808	0.01624	0.01421	0.01606	0.01079	0.01443	0.00832	0.00971	0.00664	0.00471	0.00417	0.00139	0.00666	0.00333	0.00221	0.00720
27	0.29709	0.01068	0.01519	0.01161	0.01566	0.01055	0.19668	0.01930	0.04213	0.26956	0.01304	0.01342	0.00907	0.00528	0.00472	0.00161	0.00534	0.00457	0.00420	0.05028
28	0.01118	0.33521	0.22510	0.00978	0.01409	0.01314	0.01041	0.01428	0.01209	0.03463	0.24847	0.01877	0.01998	0.00656	0.00469	0.00143	0.00515	0.00519	0.00341	0.00646
29	0.01557	0.22072	0.08226	0.01255	0.01655	0.21028	0.11640	0.06921	0.06925	0.07898	0.01102	0.01281	0.00881	0.04677	0.00582	0.00163	0.00694	0.00429	0.00322	0.00691

[dist]
# distance from previous block
# <min> <max>
2	5

[block]
# block no. 1 follows, 47 sequences, length 14
# corresponding to MSA columns:
# 396-409
name=unknown_B
#
# <colnr> <probs for GDERKNQSTAVLIFYWHMCP>
#	G	D	E	R	K	N	Q	S	T	A	V	L	I	F	Y	W	H	M	C	P
0	0.14018	0.00993	0.00978	0.00836	0.01116	0.08390	0.00661	0.11573	0.01444	0.19984	0.13110	0.04933	0.18189	0.00842	0.00525	0.00163	0.00431	0.00674	0.00494	0.00645
1	0.52610	0.00919	0.00895	0.00783	0.01063	0.01021	0.04083	0.01521	0.08404	0.02229	0.19911	0.01725	0.01742	0.00646	0.00427	0.00164	0.00387	0.00489	0.00401	0.00578
2	0.00974	0.00798	0.00912	0.00703	0.01067	0.00621	0.00551	0.01184	0.01094	0.01657	0.01788	0.05504	0.13379	0.00614	0.00433	0.00103	0.00349	0.00507	0.08437	0.59325
3	0.01392	0.82012	0.02729	0.00891	0.01337	0.02061	0.00891	0.01559	0.01058	0.01225	0.00724	0.00835	0.00668	0.00446	0.00334	0.00111	0.00557	0.00278	0.00223	0.00668
4	0.01045	0.02694	0.79000	0.01484	0.02254	0.01209	0.01924	0.01649	0.01099	0.01649	0.00935	0.01099	0.00660	0.00495	0.00495	0.00165	0.00770	0.00385	0.00220	0.00770
5	0.15654	0.01680	0.01279	0.01101	0.01422	0.35444	0.00860	0.11318	0.05881	0.16821	0.01267	0.01275	0.02619	0.00587	0.00469	0.00150	0.00664	0.00412	0.00402	0.00696
6	0.01068	0.02390	0.67680	0.01384	0.02065	0.01112	0.01729	0.01604	0.01109	0.05380	0.01175	0.08839	0.00958	0.00611	0.00512	0.00169	0.00709	0.00497	0.00266	0.00742
7	0.00615	0.00528	0.00528	0.00528	0.00703	0.00440	0.00396	0.00747	0.01187	0.01407	0.05276	0.05012	0.78238	0.01319	0.00615	0.00176	0.00264	0.01099	0.00484	0.00440
8	0.01526	0.01546	0.01287	0.01152	0.01445	0.24827	0.00888	0.06444	0.50736	0.01965	0.01679	0.01605	0.01277	0.00651	0.00511	0.00163	0.00579	0.00506	0.00451	0.00761
9	0.10862	0.01377	0.01505	0.01223	0.01583	0.11251	0.10670	0.19179	0.26982	0.07816	0.01459	0.01455	0.01075	0.00603	0.00508	0.00164	0.00577	0.00494	0.00446	0.00770
10	0.00634	0.00453	0.00604	0.00725	0.00755	0.00423	0.00483	0.00725	0.00997	0.01329	0.02870	0.81358	0.03444	0.01632	0.00665	0.00211	0.00302	0.01480	0.00483	0.00423
11	0.00699	0.00513	0.00666	0.00770	0.00827	0.00500	0.00541	0.00899	0.06282	0.01410	0.02808	0.68704	0.03274	0.01549	0.00661	0.00212	0.00327	0.08416	0.00486	0.00456
12	0.07153	0.01354	0.01147	0.01059	0.01314	0.20078	0.00806	0.02251	0.43962	0.01861	0.01804	0.11921	0.01538	0.00770	0.00519	0.00170	0.00524	0.00622	0.00446	0.00701
13	0.01256	0.01518	0.10001	0.07598	0.14155	0.04637	0.47385	0.03862	0.01244	0.01679	0.01017	0.01332	0.00774	0.00463	0.00573	0.00169	0.00809	0.00543	0.00264	0.00720

[dist]
# distance from previous block
# <min> <max>
0	17

[block]
# block no. 2 follows, 47 sequences, length 49
# corresponding to MSA columns:
# 427-475
name=unknown_C
#
# <colnr> <probs for GDERKNQSTAVLIFYWHMCP>
#	G	D	E	R	K	N	Q	S	T	A	V	L	I	F	Y	W	H	M	C	P
0	0.07180	0.01523	0.01282	0.01103	0.01375	0.25885	0.00863	0.27360	0.01656	0.03688	0.03975	0.08834	0.01213	0.00793	0.02508	0.00174	0.04617	0.00530	0.04771	0.00671
1	0.00817	0.00655	0.00721	0.00667	0.00827	0.04087	0.00498	0.01046	0.02676	0.01844	0.47355	0.03597	0.16973	0.05008	0.00679	0.00173	0.00306	0.00859	0.04588	0.06624
2	0.01179	0.19100	0.55776	0.01326	0.01988	0.01404	0.01613	0.07076	0.01183	0.01670	0.00924	0.01076	0.00692	0.00567	0.02168	0.00168	0.00724	0.00372	0.00244	0.00750
3	0.02311	0.00928	0.01234	0.00946	0.01350	0.00827	0.00782	0.07934	0.01560	0.73316	0.01996	0.01735	0.01260	0.00643	0.00523	0.00161	0.00453	0.00520	0.00636	0.00886
4	0.00633	0.00459	0.00599	0.00711	0.00752	0.00424	0.00477	0.00727	0.01011	0.01335	0.03045	0.75804	0.08886	0.01609	0.00661	0.00209	0.00299	0.01453	0.00483	0.00424
5	0.00915	0.00766	0.01169	0.03820	0.28613	0.00750	0.00895	0.01127	0.01154	0.01618	0.12591	0.27806	0.08588	0.01005	0.00574	0.00174	0.00411	0.00911	0.06527	0.00586
6	0.01469	0.01235	0.01304	0.01237	0.08560	0.07906	0.00889	0.31643	0.15816	0.02331	0.04677	0.09641	0.09401	0.00803	0.00545	0.00166	0.00509	0.00660	0.00471	0.00739
7	0.01347	0.00770	0.00864	0.00752	0.00969	0.06327	0.00585	0.01571	0.01404	0.24837	0.34795	0.02660	0.02820	0.00811	0.00527	0.00152	0.00354	0.00683	0.17153	0.00616
8	0.00730	0.00601	0.00668	0.00770	0.00818	0.06184	0.00521	0.00824	0.01032	0.01325	0.02720	0.75508	0.03243	0.01552	0.00650	0.00206	0.00348	0.01397	0.00468	0.00436
9	0.01149	0.01590	0.17878	0.01948	0.02486	0.01231	0.56294	0.01596	0.01187	0.01640	0.01162	0.07161	0.00958	0.00537	0.00595	0.00176	0.00815	0.00632	0.00271	0.00695
10	0.01945	0.02482	0.01476	0.01342	0.01610	0.79608	0.01006	0.02079	0.01476	0.01275	0.00805	0.00939	0.00671	0.00537	0.00470	0.00134	0.00939	0.00335	0.00268	0.00604
11	0.02336	0.00886	0.01209	0.00927	0.01329	0.00765	0.00765	0.02538	0.01491	0.78810	0.02055	0.01773	0.01289	0.00645	0.00524	0.00161	0.00443	0.00524	0.00645	0.00886
12	0.01080	0.00926	0.01080	0.00771	0.01234	0.00694	0.00617	0.01311	0.01080	0.01697	0.00926	0.01080	0.00771	0.00386	0.00386	0.00077	0.00386	0.00309	0.00309	0.84882
13	0.00633	0.00460	0.00597	0.00707	0.00750	0.00425	0.00475	0.00727	0.01015	0.01337	0.03096	0.74202	0.10455	0.01602	0.00660	0.00208	0.00299	0.01445	0.00483	0.00425
14	0.05186	0.00798	0.01200	0.42632	0.02336	0.00920	0.01058	0.02473	0.01076	0.05890	0.01536	0.10155	0.01475	0.08392	0.00756	0.00217	0.00573	0.12446	0.00337	0.00545
15	0.01180	0.00706	0.00729	0.00653	0.00841	0.00746	0.00509	0.15592	0.05759	0.02209	0.01638	0.01811	0.01264	0.00616	0.00403	0.00131	0.00315	0.00488	0.63828	0.00581
16	0.01289	0.01237	0.02114	0.03196	0.78450	0.01237	0.01598	0.01598	0.01186	0.01701	0.00980	0.01289	0.00825	0.00464	0.00516	0.00155	0.00619	0.00464	0.00258	0.00825
17	0.01785	0.02239	0.01711	0.01460	0.01761	0.63736	0.12949	0.01967	0.01415	0.01339	0.00938	0.01105	0.02360	0.00547	0.00524	0.00144	0.02738	0.00399	0.00271	0.00615
18	0.01229	0.01405	0.03073	0.02195	0.02722	0.01317	0.76558	0.01668	0.01229	0.01668	0.01054	0.01405	0.00790	0.00439	0.00615	0.00176	0.00878	0.00615	0.00263	0.00702
19	0.01310	0.01482	0.02197	0.01704	0.02004	0.16248	0.35675	0.01583	0.01154	0.01475	0.02765	0.01439	0.02244	0.00644	0.00909	0.00184	0.24232	0.01851	0.00269	0.00631
20	0.00777	0.00566	0.00718	0.00681	0.00810	0.00533	0.00508	0.04367	0.01455	0.02031	0.63357	0.11853	0.08138	0.01116	0.00615	0.00169	0.00267	0.00984	0.00557	0.00500
21	0.01289	0.01237	0.02114	0.03196	0.78450	0.01237	0.01598	0.01598	0.01186	0.01701	0.00980	0.01289	0.00825	0.00464	0.00516	0.00155	0.00619	0.00464	0.00258	0.00825
22	0.01392	0.82012	0.02729	0.00891	0.01337	0.02061	0.00891	0.01559	0.01058	0.01225	0.00724	0.00835	0.00668	0.00446	0.00334	0.00111	0.00557	0.00278	0.00223	0.00668
23	0.01512	0.01783	0.01834	0.01519	0.01741	0.35874	0.15965	0.01699	0.01181	0.01345	0.00810	0.01104	0.00699	0.00653	0.00948	0.00176	0.29860	0.00434	0.00253	0.00611
24	0.02336	0.00886	0.01209	0.00927	0.01329	0.00765	0.00765	0.02538	0.01491	0.78810	0.02055	0.01773	0.01289	0.00645	0.00524	0.00161	0.00443	0.00524	0.00645	0.00886
25	0.00646	0.00462	0.00618	0.00739	0.00774	0.00433	0.00504	0.00746	0.01009	0.01343	0.02864	0.77002	0.03419	0.01620	0.00668	0.00213	0.00312	0.05720	0.00483	0.00426
26	0.07822	0.01995	0.01720	0.01431	0.01765	0.47844	0.15869	0.06042	0.07648	0.01612	0.00980	0.01123	0.00773	0.00532	0.00495	0.00149	0.00825	0.00415	0.00306	0.00654
27	0.00686	0.00542	0.00624	0.00656	0.00782	0.00499	0.00477	0.00905	0.05937	0.01519	0.13407	0.30613	0.36659	0.01358	0.00630	0.00188	0.00290	0.03265	0.00498	0.00466
28	0.01232	0.01063	0.01117	0.01010	0.01293	0.01215	0.00784	0.02578	0.70355	0.02106	0.02415	0.02231	0.08774	0.00764	0.00538	0.00177	0.00398	0.00637	0.00526	0.00788
29	0.00633	0.00458	0.00599	0.00712	0.00752	0.00424	0.00478	0.00727	0.01009	0.01334	0.03026	0.76421	0.08282	0.01611	0.00662	0.00209	0.00300	0.01456	0.00483	0.00424
30	0.01072	0.01053	0.01603	0.68749	0.09837	0.06238	0.01431	0.01402	0.01082	0.01359	0.00922	0.01351	0.00704	0.00517	0.00517	0.00169	0.00704	0.00455	0.00236	0.00601
31	0.00737	0.00532	0.00696	0.00655	0.00778	0.00491	0.00491	0.00983	0.01474	0.02088	0.78175	0.03890	0.04914	0.01065	0.00614	0.00164	0.00246	0.00942	0.00573	0.00491
32	0.00656	0.00468	0.00629	0.00749	0.00789	0.00441	0.00520	0.00762	0.01018	0.01353	0.02859	0.73536	0.03398	0.01612	0.00670	0.00214	0.00321	0.09093	0.00483	0.00429
33	0.00634	0.00453	0.00604	0.00725	0.00755	0.00423	0.00483	0.00725	0.00997	0.01329	0.02870	0.81358	0.03444	0.01632	0.00665	0.00211	0.00302	0.01480	0.00483	0.00423
34	0.01980	0.01459	0.01563	0.01198	0.01615	0.01615	0.00990	0.76713	0.02448	0.03282	0.01250	0.01250	0.00886	0.00625	0.00521	0.00156	0.00573	0.00469	0.00521	0.00886
35	0.00619	0.00528	0.00533	0.00532	0.00706	0.00441	0.00399	0.00755	0.01196	0.01429	0.07659	0.04975	0.75841	0.01311	0.00615	0.00175	0.00263	0.01094	0.00487	0.00441
36	0.01289	0.01237	0.02114	0.03196	0.78450	0.01237	0.01598	0.01598	0.01186	0.01701	0.00980	0.01289	0.00825	0.00464	0.00516	0.00155	0.00619	0.00464	0.00258	0.00825
37	0.01821	0.01324	0.01449	0.01100	0.01525	0.01389	0.00905	0.57984	0.02129	0.06888	0.01228	0.01244	0.00884	0.00579	0.00494	0.00141	0.00529	0.00440	0.00485	0.17463
38	0.01776	0.01357	0.01448	0.01157	0.01537	0.01520	0.00941	0.54702	0.24791	0.02954	0.01509	0.01456	0.01095	0.00649	0.00524	0.00162	0.00525	0.00505	0.00524	0.00867
39	0.01229	0.01405	0.03073	0.02195	0.02722	0.01317	0.76558	0.01668	0.01229	0.01668	0.01054	0.01405	0.00790	0.00439	0.00615	0.00176	0.00878	0.00615	0.00263	0.00702
40	0.00698	0.00554	0.00643	0.00687	0.00842	0.00499	0.00559	0.00870	0.01191	0.01463	0.04345	0.05330	0.50445	0.01363	0.00654	0.00199	0.00343	0.28377	0.00482	0.00454
41	0.01392	0.82012	0.02729	0.00891	0.01337	0.02061	0.00891	0.01559	0.01058	0.01225	0.00724	0.00835	0.00668	0.00446	0.00334	0.00111	0.00557	0.00278	0.00223	0.00668
42	0.05753	0.01320	0.02244	0.01655	0.02111	0.05022	0.41820	0.09639	0.04907	0.18206	0.01306	0.01441	0.00925	0.00521	0.00560	0.00168	0.00713	0.00549	0.00386	0.00754
43	0.02274	0.00868	0.01175	0.00906	0.01296	0.00753	0.00747	0.02477	0.01472	0.75281	0.02038	0.01780	0.01291	0.00643	0.00516	0.00159	0.00434	0.00522	0.04499	0.00868
44	0.00646	0.00517	0.00577	0.00587	0.00728	0.00449	0.00431	0.00797	0.01223	0.01549	0.21430	0.16374	0.50241	0.01309	0.00623	0.00179	0.00266	0.01121	0.00504	0.00449
45	0.01192	0.36432	0.46557	0.01232	0.01864	0.01571	0.01485	0.01611	0.01082	0.01469	0.00845	0.00987	0.00663	0.00474	0.00426	0.00142	0.00679	0.00340	0.00221	0.00727
46	0.07812	0.01042	0.01130	0.00947	0.01259	0.01114	0.00752	0.21945	0.23626	0.15465	0.02164	0.03817	0.11019	0.04773	0.00630	0.00184	0.00443	0.00615	0.00514	0.00749
47	0.00658	0.00470	0.00615	0.00701	0.00747	0.00439	0.00473	0.00768	0.01063	0.01433	0.14846	0.62953	0.05122	0.06156	0.00770	0.00220	0.00304	0.01345	0.00488	0.00428
48	0.01286	0.52629	0.29068	0.01107	0.01660	0.03676	0.01251	0.01603	0.01083	0.01373	0.00799	0.00929	0.00665	0.00465	0.00393	0.00130	0.00640	0.00317	0.00223	0.00702

[dist]
# distance from previous block
# <min> <max>
0	1

[block]
# block no. 3 follows, 47 sequences, length 50
# corresponding to MSA columns:
# 477-526
name=unknown_D
#
# <colnr> <probs for GDERKNQSTAVLIFYWHMCP>
#	G	D	E	R	K	N	Q	S	T	A	V	L	I	F	Y	W	H	M	C	P
0	0.01674	0.01792	0.01312	0.01108	0.01449	0.44332	0.00851	0.04748	0.01386	0.07258	0.01077	0.01170	0.02928	0.00524	0.00454	0.00121	0.00700	0.00368	0.00325	0.26425
1	0.01292	0.59222	0.24643	0.01062	0.01600	0.01816	0.01188	0.01585	0.01070	0.01347	0.00784	0.00911	0.00666	0.00460	0.00380	0.00127	0.00618	0.00309	0.00222	0.00697
2	0.00691	0.00510	0.00654	0.00754	0.00807	0.00498	0.00513	0.00901	0.07583	0.01402	0.02806	0.74522	0.03285	0.01552	0.00653	0.00208	0.00312	0.01404	0.00487	0.00458
3	0.00793	0.00542	0.00604	0.00615	0.00745	0.00501	0.00442	0.00976	0.04689	0.04475	0.03489	0.21692	0.34455	0.07254	0.00780	0.02966	0.00308	0.01001	0.13212	0.00462
4	0.01392	0.82012	0.02729	0.00891	0.01337	0.02061	0.00891	0.01559	0.01058	0.01225	0.00724	0.00835	0.00668	0.00446	0.00334	0.00111	0.00557	0.00278	0.00223	0.00668
5	0.00827	0.00626	0.00773	0.00720	0.00870	0.00620	0.00545	0.01269	0.13680	0.02103	0.65966	0.03577	0.04380	0.01007	0.00601	0.00166	0.00272	0.00885	0.00566	0.00545
6	0.00634	0.00453	0.00604	0.00725	0.00755	0.00423	0.00483	0.00725	0.00997	0.01329	0.02870	0.81358	0.03444	0.01632	0.00665	0.00211	0.00302	0.01480	0.00483	0.00423
7	0.00839	0.00599	0.00839	0.00959	0.01079	0.00599	0.00839	0.01079	0.01199	0.01558	0.02757	0.05874	0.02997	0.01439	0.00719	0.00240	0.00480	0.74945	0.00480	0.00480
8	0.01289	0.01237	0.02114	0.03196	0.78450	0.01237	0.01598	0.01598	0.01186	0.01701	0.00980	0.01289	0.00825	0.00464	0.00516	0.00155	0.00619	0.00464	0.00258	0.00825
9	0.00744	0.00558	0.00837	0.00837	0.00930	0.00651	0.00651	0.00930	0.00837	0.01209	0.01395	0.02046	0.01302	0.03906	0.79635	0.00837	0.01395	0.00558	0.00279	0.00465
10	0.00621	0.00528	0.00536	0.00534	0.00707	0.00442	0.00400	0.00758	0.01201	0.01439	0.08714	0.04959	0.74780	0.01307	0.00615	0.00175	0.00263	0.01092	0.00488	0.00442
11	0.00744	0.00558	0.00837	0.00837	0.00930	0.00651	0.00651	0.00930	0.00837	0.01209	0.01395	0.02046	0.01302	0.03906	0.79635	0.00837	0.01395	0.00558	0.00279	0.00465
12	0.00983	0.00926	0.01562	0.80447	0.03587	0.01157	0.01446	0.01331	0.01041	0.01331	0.00926	0.01388	0.00694	0.00521	0.00521	0.00174	0.00694	0.00463	0.00231	0.00579
13	0.85377	0.01007	0.00765	0.00685	0.01007	0.01168	0.00564	0.01531	0.00886	0.02336	0.00725	0.00846	0.00564	0.00483	0.00322	0.00161	0.00403	0.00282	0.00322	0.00564
14	0.00757	0.00505	0.00568	0.00568	0.00568	0.00505	0.00316	0.00757	0.00757	0.01010	0.01641	0.03408	0.01893	0.81698	0.02651	0.00505	0.00505	0.00757	0.00316	0.00316
15	0.01045	0.02694	0.79000	0.01484	0.02254	0.01209	0.01924	0.01649	0.01099	0.01649	0.00935	0.01099	0.00660	0.00495	0.00495	0.00165	0.00770	0.00385	0.00220	0.00770
16	0.00683	0.00558	0.00580	0.00579	0.00730	0.00501	0.00422	0.00868	0.05120	0.01389	0.04429	0.04627	0.59046	0.14194	0.00942	0.00231	0.00319	0.03881	0.00459	0.00441
17	0.01080	0.00926	0.01080	0.00771	0.01234	0.00694	0.00617	0.01311	0.01080	0.01697	0.00926	0.01080	0.00771	0.00386	0.00386	0.00077	0.00386	0.00309	0.00309	0.84882
18	0.01962	0.01527	0.01548	0.01206	0.01609	0.07414	0.00987	0.69496	0.04061	0.03108	0.01237	0.01243	0.00885	0.00620	0.00517	0.00155	0.00597	0.00462	0.00502	0.00863
19	0.01074	0.09521	0.72435	0.01433	0.02175	0.01283	0.01835	0.01641	0.01096	0.01613	0.00916	0.01077	0.00660	0.00491	0.00481	0.00160	0.00751	0.00376	0.00220	0.00761
20	0.85377	0.01007	0.00765	0.00685	0.01007	0.01168	0.00564	0.01531	0.00886	0.02336	0.00725	0.00846	0.00564	0.00483	0.00322	0.00161	0.00403	0.00282	0.00322	0.00564
21	0.01980	0.01459	0.01563	0.01198	0.01615	0.01615	0.00990	0.76713	0.02448	0.03282	0.01250	0.01250	0.00886	0.00625	0.00521	0.00156	0.00573	0.00469	0.00521	0.00886
22	0.01980	0.01459	0.01563	0.01198	0.01615	0.01615	0.00990	0.76713	0.02448	0.03282	0.01250	0.01250	0.00886	0.00625	0.00521	0.00156	0.00573	0.00469	0.00521	0.00886
23	0.85377	0.01007	0.00765	0.00685	0.01007	0.01168	0.00564	0.01531	0.00886	0.02336	0.00725	0.00846	0.00564	0.00483	0.00322	0.00161	0.00403	0.00282	0.00322	0.00564
24	0.01139	0.01139	0.01595	0.01367	0.01367	0.01595	0.01139	0.01253	0.00798	0.01253	0.00684	0.01139	0.00684	0.00911	0.01709	0.00228	0.80745	0.00456	0.00228	0.00570
25	0.00634	0.00453	0.00604	0.00725	0.00755	0.00423	0.00483	0.00725	0.00997	0.01329	0.02870	0.81358	0.03444	0.01632	0.00665	0.00211	0.00302	0.01480	0.00483	0.00423
26	0.00634	0.00453	0.00604	0.00725	0.00755	0.00423	0.00483	0.00725	0.00997	0.01329	0.02870	0.81358	0.03444	0.01632	0.00665	0.00211	0.00302	0.01480	0.00483	0.00423
27	0.01241	0.01352	0.02724	0.01986	0.02470	0.01313	0.62612	0.01871	0.15276	0.01762	0.01250	0.01504	0.00937	0.00488	0.00599	0.00176	0.00792	0.00610	0.00312	0.00725
28	0.00905	0.00452	0.00678	0.00678	0.00678	0.00452	0.00452	0.00678	0.00678	0.00905	0.00905	0.01583	0.00905	0.01809	0.02035	0.84848	0.00452	0.00452	0.00226	0.00226
29	0.01139	0.01139	0.01595	0.01367	0.01367	0.01595	0.01139	0.01253	0.00798	0.01253	0.00684	0.01139	0.00684	0.00911	0.01709	0.00228	0.80745	0.00456	0.00228	0.00570
30	0.01045	0.02694	0.79000	0.01484	0.02254	0.01209	0.01924	0.01649	0.01099	0.01649	0.00935	0.01099	0.00660	0.00495	0.00495	0.00165	0.00770	0.00385	0.00220	0.00770
31	0.01274	0.01223	0.02088	0.06840	0.74919	0.01234	0.01591	0.01586	0.01179	0.01684	0.00977	0.01294	0.00819	0.00467	0.00516	0.00156	0.00622	0.00464	0.00257	0.00813
32	0.01477	0.00696	0.00933	0.00781	0.01033	0.00618	0.00618	0.01702	0.01482	0.37580	0.42961	0.02910	0.03237	0.00870	0.00572	0.00163	0.00337	0.00748	0.00606	0.00674
33	0.00753	0.00506	0.00583	0.00587	0.00593	0.00510	0.00338	0.00765	0.00769	0.01030	0.01668	0.05850	0.01913	0.75089	0.06573	0.00513	0.00544	0.00770	0.00319	0.00327
34	0.02290	0.01033	0.01245	0.00970	0.01364	0.06701	0.00794	0.06000	0.01535	0.69453	0.01923	0.01686	0.01224	0.00636	0.00520	0.00159	0.00486	0.00507	0.00611	0.00865
35	0.01266	0.01214	0.02073	0.08973	0.72852	0.01231	0.01587	0.01578	0.01175	0.01674	0.00976	0.01296	0.00815	0.00468	0.00516	0.00156	0.00624	0.00464	0.00256	0.00806
36	0.65821	0.01006	0.00886	0.00755	0.01096	0.01113	0.00622	0.05264	0.01074	0.16771	0.01000	0.01039	0.00716	0.00520	0.00370	0.00161	0.00418	0.00336	0.00392	0.00640
37	0.85377	0.01007	0.00765	0.00685	0.01007	0.01168	0.00564	0.01531	0.00886	0.02336	0.00725	0.00846	0.00564	0.00483	0.00322	0.00161	0.00403	0.00282	0.00322	0.00564
38	0.00733	0.00529	0.00693	0.00658	0.00777	0.00489	0.00491	0.00973	0.01456	0.02059	0.75255	0.06894	0.04857	0.01087	0.00616	0.00166	0.00248	0.00963	0.00570	0.00489
39	0.85377	0.01007	0.00765	0.00685	0.01007	0.01168	0.00564	0.01531	0.00886	0.02336	0.00725	0.00846	0.00564	0.00483	0.00322	0.00161	0.00403	0.00282	0.00322	0.00564
40	0.01394	0.00894	0.00937	0.00784	0.01030	0.00959	0.00627	0.32882	0.01661	0.02504	0.01511	0.01652	0.01146	0.00614	0.00430	0.00136	0.00381	0.00478	0.49326	0.00653
41	0.00615	0.00528	0.00528	0.00528	0.00703	0.00440	0.00396	0.00747	0.01187	0.01407	0.05276	0.05012	0.78238	0.01319	0.00615	0.00176	0.00264	0.01099	0.00484	0.00440
42	0.00753	0.00529	0.00682	0.00644	0.00767	0.00491	0.00483	0.00998	0.01449	0.02079	0.73068	0.03760	0.04675	0.01034	0.00598	0.00161	0.00245	0.00911	0.06184	0.00491
43	0.00983	0.00926	0.01562	0.80447	0.03587	0.01157	0.01446	0.01331	0.01041	0.01331	0.00926	0.01388	0.00694	0.00521	0.00521	0.00174	0.00694	0.00463	0.00231	0.00579
44	0.00737	0.00532	0.00696	0.00655	0.00778	0.00491	0.00491	0.00983	0.01474	0.02088	0.78175	0.03890	0.04914	0.01065	0.00614	0.00164	0.00246	0.00942	0.00573	0.00491
45	0.00641	0.00458	0.00612	0.00733	0.00766	0.00429	0.00495	0.00737	0.01004	0.01337	0.02867	0.78925	0.03430	0.01625	0.00666	0.00212	0.00308	0.03849	0.00483	0.00425
46	0.01894	0.01366	0.01477	0.01158	0.01554	0.01507	0.00948	0.59890	0.14434	0.08148	0.01444	0.01396	0.01026	0.00640	0.00523	0.00160	0.00539	0.00492	0.00531	0.00876
47	0.01376	0.78359	0.06241	0.00918	0.01379	0.02021	0.00939	0.01564	0.01060	0.01245	0.00734	0.00848	0.00668	0.00448	0.00342	0.00114	0.00567	0.00283	0.00223	0.00673
48	0.01373	0.01175	0.01250	0.06477	0.01528	0.03855	0.00882	0.13767	0.54946	0.02254	0.05366	0.01857	0.01545	0.00692	0.00530	0.00171	0.00465	0.00570	0.00502	0.00794
49	0.02020	0.01967	0.01437	0.01312	0.05074	0.52482	0.00969	0.04617	0.01498	0.21981	0.01160	0.01187	0.00849	0.00565	0.00488	0.00143	0.00780	0.00396	0.00376	0.00698

[dist]
# distance from previous block
# <min> <max>
0	2

# created by:
# /st0/software/busco_prod/Augustus/scripts/msa2prfl.pl ./align_prep/70439.fa
