[name]
unknown

[dist]
# distance from previous block
# <min> <max>
15	109

[block]
# block no. 0 follows, 54 sequences, length 103
# corresponding to MSA columns:
# 111-213
name=unknown_A
#
# <colnr> <probs for GDERKNQSTAVLIFYWHMCP>
#	G	D	E	R	K	N	Q	S	T	A	V	L	I	F	Y	W	H	M	C	P
0	0.03547	0.00651	0.00860	0.00741	0.00970	0.00586	0.00578	0.02628	0.01240	0.42024	0.19076	0.21006	0.02316	0.00871	0.00517	0.00157	0.00333	0.00753	0.00527	0.00619
1	0.01595	0.00764	0.01030	0.04271	0.02647	0.00713	0.02164	0.04725	0.05481	0.47674	0.07162	0.07625	0.05834	0.05362	0.00603	0.00169	0.00398	0.00600	0.00506	0.00679
2	0.08592	0.00981	0.01276	0.05552	0.01438	0.00976	0.10089	0.20226	0.05643	0.14059	0.01429	0.02443	0.06408	0.00549	0.00449	0.00134	0.00460	0.00462	0.01544	0.17289
3	0.01327	0.10515	0.15033	0.01198	0.01614	0.12037	0.17296	0.02683	0.08010	0.14254	0.01307	0.01367	0.05149	0.00513	0.00459	0.00138	0.00593	0.00444	0.00321	0.05740
4	0.11843	0.04370	0.01791	0.03352	0.27909	0.02402	0.21854	0.01468	0.01069	0.08497	0.05438	0.01333	0.00968	0.00633	0.04894	0.00179	0.00608	0.00461	0.00288	0.00644
5	0.05835	0.01116	0.01954	0.01907	0.26004	0.01112	0.30701	0.09977	0.04137	0.01762	0.07935	0.01501	0.01121	0.00504	0.00504	0.00151	0.00595	0.02214	0.00303	0.00664
6	0.05539	0.00556	0.00816	0.00778	0.00880	0.00614	0.04802	0.00873	0.00783	0.01162	0.01356	0.09015	0.01352	0.12955	0.55633	0.00604	0.01000	0.00589	0.00274	0.00418
7	0.01262	0.01118	0.01213	0.01024	0.01328	0.05549	0.05152	0.11812	0.54429	0.01988	0.01607	0.01536	0.01209	0.00583	0.00469	0.00148	0.00439	0.00486	0.00435	0.08213
8	0.01494	0.16579	0.03952	0.01259	0.11194	0.27965	0.00933	0.17921	0.01411	0.04235	0.07809	0.01194	0.01019	0.00523	0.00432	0.00128	0.00607	0.00389	0.00316	0.00640
9	0.01255	0.01292	0.01814	0.04133	0.66607	0.13757	0.01360	0.01511	0.01112	0.01473	0.00861	0.01119	0.00723	0.00431	0.00460	0.00137	0.00607	0.00402	0.00234	0.00711
10	0.00649	0.00444	0.00535	0.00570	0.00582	0.00439	0.00347	0.00683	0.00759	0.01015	0.01836	0.28869	0.02146	0.53751	0.05017	0.00384	0.00430	0.00890	0.00333	0.00323
11	0.01216	0.72174	0.13618	0.00883	0.01328	0.01756	0.00940	0.01423	0.00963	0.01164	0.00683	0.00790	0.00604	0.00410	0.00323	0.00108	0.00532	0.00266	0.00201	0.00618
12	0.03923	0.04057	0.01397	0.01326	0.08340	0.65832	0.00942	0.05091	0.02511	0.01301	0.00774	0.00899	0.00638	0.00483	0.00425	0.00125	0.00782	0.00320	0.00256	0.00578
13	0.00635	0.00469	0.00575	0.00568	0.00667	0.00429	0.00408	0.00794	0.01155	0.01569	0.46219	0.13592	0.19681	0.10222	0.00767	0.00190	0.00258	0.00924	0.00466	0.00410
14	0.01479	0.39616	0.01908	0.01174	0.08250	0.37868	0.00910	0.01628	0.01139	0.01167	0.00709	0.00835	0.00618	0.00442	0.00372	0.00114	0.00666	0.00290	0.00223	0.00591
15	0.00646	0.00481	0.00600	0.00570	0.00691	0.00436	0.00428	0.00848	0.01283	0.01768	0.65275	0.03723	0.19489	0.01010	0.00556	0.00150	0.00226	0.00881	0.00503	0.00436
16	0.01254	0.81907	0.04216	0.00819	0.01229	0.01849	0.00828	0.01414	0.00959	0.01118	0.00660	0.00762	0.00605	0.00404	0.00306	0.00102	0.00509	0.00254	0.00202	0.00607
17	0.06326	0.09865	0.17384	0.14308	0.01853	0.02936	0.11385	0.08002	0.09830	0.01607	0.01174	0.01667	0.00988	0.00578	0.00472	0.00155	0.00578	0.09978	0.00296	0.00618
18	0.00640	0.00477	0.00596	0.00574	0.00690	0.00432	0.00427	0.00835	0.01259	0.01731	0.61024	0.08205	0.19292	0.01038	0.00559	0.00153	0.00229	0.00908	0.00498	0.00432
19	0.00574	0.00410	0.00547	0.00657	0.00684	0.00383	0.00438	0.00657	0.00903	0.01204	0.02599	0.83122	0.03119	0.01477	0.00602	0.00191	0.00274	0.01340	0.00438	0.00383
20	0.21791	0.01276	0.01347	0.02952	0.19964	0.10956	0.00942	0.30557	0.02424	0.02166	0.00917	0.01029	0.00701	0.00491	0.00422	0.00140	0.00532	0.00370	0.00340	0.00683
21	0.01761	0.02247	0.01336	0.01215	0.01458	0.81537	0.00911	0.01883	0.01336	0.01154	0.00729	0.00850	0.00607	0.00486	0.00425	0.00121	0.00850	0.00304	0.00243	0.00547
22	0.02474	0.47333	0.10012	0.01000	0.01386	0.22941	0.02523	0.02761	0.03443	0.01235	0.00746	0.00852	0.00634	0.00440	0.00363	0.00115	0.00616	0.00293	0.00227	0.00605
23	0.00873	0.00805	0.01336	0.75150	0.03009	0.00996	0.01220	0.01159	0.00920	0.01179	0.00895	0.01417	0.00723	0.07721	0.00640	0.00183	0.00614	0.00442	0.00216	0.00503
24	0.00579	0.00479	0.00508	0.00501	0.00650	0.00407	0.00376	0.00719	0.01127	0.01397	0.19820	0.04335	0.65177	0.01148	0.00557	0.00157	0.00236	0.00967	0.00454	0.00407
25	0.00574	0.00410	0.00547	0.00657	0.00684	0.00383	0.00438	0.00657	0.00903	0.01204	0.02599	0.83122	0.03119	0.01477	0.00602	0.00191	0.00274	0.01340	0.00438	0.00383
26	0.03203	0.03374	0.01312	0.01133	0.01405	0.52660	0.00872	0.13986	0.14566	0.01591	0.00988	0.01043	0.00775	0.00522	0.00437	0.00131	0.00704	0.00359	0.00318	0.00620
27	0.01756	0.02135	0.01337	0.01230	0.02997	0.74763	0.00913	0.01883	0.01322	0.05086	0.00786	0.00896	0.00638	0.00495	0.00445	0.00124	0.02056	0.00316	0.00259	0.00563
28	0.00674	0.00505	0.00758	0.00758	0.00842	0.00589	0.00589	0.00842	0.00758	0.01095	0.01263	0.01852	0.01179	0.03536	0.81561	0.00758	0.01263	0.00505	0.00253	0.00421
29	0.00567	0.00439	0.00518	0.00581	0.00664	0.00389	0.00404	0.00665	0.00975	0.01233	0.03515	0.50057	0.35592	0.01358	0.00583	0.00178	0.00259	0.01195	0.00438	0.00389
30	0.01152	0.01105	0.01887	0.07080	0.76416	0.01116	0.01440	0.01434	0.01067	0.01523	0.00884	0.01172	0.00741	0.00423	0.00467	0.00141	0.00564	0.00420	0.00232	0.00735
31	0.00879	0.00439	0.00439	0.00439	0.00549	0.00439	0.00330	0.01099	0.00989	0.01758	0.01538	0.01758	0.01209	0.00549	0.00330	0.00110	0.00220	0.00439	0.86047	0.00439
32	0.00581	0.00415	0.00553	0.00652	0.00685	0.00387	0.00438	0.00673	0.00933	0.01252	0.08016	0.77568	0.03211	0.01441	0.00599	0.00188	0.00270	0.01306	0.00443	0.00387
33	0.00658	0.00470	0.00643	0.00752	0.00816	0.00455	0.00583	0.00801	0.00985	0.01297	0.02553	0.47972	0.02936	0.01398	0.00624	0.00203	0.00346	0.35664	0.00436	0.00406
34	0.03719	0.53581	0.29127	0.00984	0.01484	0.01579	0.01116	0.01439	0.00966	0.01270	0.00720	0.00838	0.00600	0.00420	0.00352	0.00119	0.00566	0.00285	0.00204	0.00633
35	0.01185	0.01155	0.01944	0.02691	0.68313	0.02617	0.08163	0.02984	0.03461	0.01571	0.00926	0.01187	0.00763	0.00429	0.00474	0.00142	0.00580	0.00433	0.00246	0.00735
36	0.79276	0.00943	0.00876	0.00740	0.01047	0.01070	0.07350	0.01397	0.00830	0.02063	0.00683	0.00810	0.00529	0.00434	0.00315	0.00147	0.00402	0.00282	0.00287	0.00522
37	0.01052	0.00897	0.01091	0.00918	0.08078	0.00731	0.00660	0.06740	0.01074	0.01639	0.00863	0.01005	0.00710	0.00371	0.00368	0.00081	0.00380	0.00302	0.00289	0.72751
38	0.00879	0.00439	0.00439	0.00439	0.00549	0.00439	0.00330	0.01099	0.00989	0.01758	0.01538	0.01758	0.01209	0.00549	0.00330	0.00110	0.00220	0.00439	0.86047	0.00439
39	0.01191	0.01022	0.01077	0.00963	0.01233	0.01181	0.00751	0.04798	0.77314	0.02002	0.01895	0.01740	0.01420	0.00637	0.00480	0.00159	0.00378	0.00530	0.00480	0.00748
40	0.01344	0.01254	0.01508	0.01138	0.01529	0.15493	0.17792	0.12506	0.01274	0.07193	0.00957	0.01085	0.00733	0.00432	0.00434	0.00114	0.00565	0.00379	0.00312	0.33960
41	0.00972	0.03914	0.72457	0.01300	0.01953	0.01117	0.01637	0.01580	0.07867	0.01528	0.00936	0.01057	0.00671	0.00464	0.00448	0.00149	0.00665	0.00363	0.00224	0.00699
42	0.86760	0.00912	0.00693	0.00620	0.00912	0.01058	0.00511	0.01386	0.00802	0.02115	0.00657	0.00766	0.00511	0.00438	0.00292	0.00146	0.00365	0.00255	0.00292	0.00511
43	0.00915	0.00863	0.01458	0.75358	0.09997	0.01054	0.01321	0.01226	0.00954	0.01234	0.00842	0.01249	0.00639	0.00467	0.00471	0.00156	0.00623	0.00419	0.00212	0.00543
44	0.00968	0.08109	0.75509	0.01306	0.01983	0.01149	0.01677	0.01488	0.00993	0.01466	0.00833	0.00979	0.00598	0.00445	0.00438	0.00146	0.00683	0.00342	0.00199	0.00690
45	0.00574	0.00410	0.00547	0.00657	0.00684	0.00383	0.00438	0.00657	0.00903	0.01204	0.02599	0.83122	0.03119	0.01477	0.00602	0.00191	0.00274	0.01340	0.00438	0.00383
46	0.01151	0.01104	0.01886	0.07366	0.76138	0.01116	0.01439	0.01433	0.01066	0.01521	0.00884	0.01172	0.00740	0.00423	0.00467	0.00141	0.00564	0.00420	0.00232	0.00734
47	0.01144	0.01000	0.01674	0.20420	0.53281	0.01037	0.01309	0.01422	0.01078	0.07015	0.05285	0.01347	0.00952	0.00473	0.00473	0.00145	0.00546	0.00447	0.00268	0.00684
48	0.00872	0.00640	0.00751	0.00751	0.00878	0.00672	0.00541	0.01375	0.27032	0.05818	0.06609	0.40224	0.02408	0.08283	0.00709	0.00199	0.00327	0.00941	0.00451	0.00521
49	0.00573	0.00415	0.00542	0.00644	0.00681	0.00384	0.00432	0.00658	0.00915	0.01209	0.02751	0.77639	0.08503	0.01457	0.00599	0.00189	0.00271	0.01316	0.00438	0.00384
50	0.00978	0.00838	0.00978	0.00698	0.01117	0.00629	0.00559	0.01187	0.00978	0.01536	0.00838	0.00978	0.00698	0.00349	0.00349	0.00070	0.00349	0.00279	0.00279	0.86312
51	0.01196	0.64518	0.16674	0.00968	0.01429	0.01690	0.05241	0.01432	0.00973	0.01201	0.00706	0.00828	0.00610	0.00411	0.00343	0.00113	0.00555	0.00286	0.00203	0.00623
52	0.01831	0.00786	0.01033	0.00822	0.01144	0.00715	0.00668	0.02146	0.10031	0.62246	0.11623	0.01861	0.01606	0.00637	0.00485	0.00148	0.00376	0.00528	0.00564	0.00752
53	0.00573	0.00416	0.00541	0.00641	0.00680	0.00384	0.00431	0.00658	0.00918	0.01210	0.02789	0.76255	0.09863	0.01452	0.00598	0.00189	0.00271	0.01310	0.00438	0.00384
54	0.01058	0.01355	0.15314	0.15682	0.19332	0.01141	0.34767	0.01435	0.01049	0.01455	0.00896	0.01197	0.00686	0.00431	0.00523	0.00154	0.02185	0.00467	0.00225	0.00649
55	0.01505	0.01260	0.01248	0.01039	0.01353	0.08327	0.00829	0.37064	0.37724	0.02353	0.01459	0.01396	0.01078	0.00593	0.00471	0.00148	0.00481	0.00464	0.00455	0.00754
56	0.12023	0.37249	0.11798	0.00981	0.01357	0.26997	0.00921	0.01569	0.01064	0.01297	0.00703	0.00818	0.00593	0.00440	0.00359	0.00119	0.00621	0.00281	0.00226	0.00586
57	0.00879	0.00439	0.00439	0.00439	0.00549	0.00439	0.00330	0.01099	0.00989	0.01758	0.01538	0.01758	0.01209	0.00549	0.00330	0.00110	0.00220	0.00439	0.86047	0.00439
58	0.01574	0.01515	0.17863	0.01238	0.07054	0.05642	0.01080	0.40662	0.05904	0.11046	0.01157	0.01177	0.00820	0.00533	0.00465	0.00143	0.00556	0.00413	0.00399	0.00759
59	0.01206	0.06944	0.01921	0.02657	0.70634	0.05572	0.01373	0.01468	0.01080	0.01489	0.00862	0.01121	0.00729	0.00423	0.00453	0.00136	0.00572	0.00402	0.00232	0.00726
60	0.00879	0.00439	0.00439	0.00439	0.00549	0.00439	0.00330	0.01099	0.00989	0.01758	0.01538	0.01758	0.01209	0.00549	0.00330	0.00110	0.00220	0.00439	0.86047	0.00439
61	0.01436	0.01144	0.01214	0.01013	0.01326	0.01296	0.00810	0.34969	0.46744	0.02397	0.01585	0.01493	0.01168	0.00608	0.00476	0.00152	0.00435	0.00487	0.00476	0.00770
62	0.01251	0.42483	0.31908	0.01013	0.01523	0.01425	0.01145	0.01556	0.01022	0.11422	0.00881	0.00955	0.00674	0.00443	0.00379	0.00125	0.00564	0.00317	0.00249	0.00665
63	0.00988	0.00826	0.01245	0.01644	0.36062	0.00815	0.00918	0.02341	0.06779	0.04873	0.28753	0.02334	0.09044	0.00700	0.00507	0.00146	0.00395	0.00630	0.00385	0.00615
64	0.01104	0.01336	0.07061	0.01952	0.02441	0.01187	0.74561	0.01509	0.01106	0.01509	0.00948	0.01257	0.00709	0.00400	0.00551	0.00158	0.00790	0.00545	0.00236	0.00639
65	0.00977	0.00927	0.01571	0.57347	0.27517	0.01070	0.01353	0.01281	0.00984	0.01310	0.00853	0.01229	0.00666	0.00455	0.00470	0.00152	0.00607	0.00419	0.00217	0.00594
66	0.01015	0.00950	0.01437	0.51861	0.16070	0.02630	0.01221	0.02462	0.14784	0.01418	0.01038	0.01320	0.00793	0.00494	0.00471	0.00154	0.00575	0.00437	0.00265	0.00605
67	0.01694	0.02001	0.01508	0.01281	0.01570	0.60682	0.09545	0.13331	0.01443	0.01465	0.00814	0.00939	0.00648	0.00488	0.00447	0.00129	0.00795	0.00350	0.00277	0.00595
68	0.01617	0.01207	0.01300	0.01034	0.01368	0.01336	0.00839	0.63603	0.10689	0.02706	0.01347	0.08366	0.01075	0.00654	0.00484	0.00148	0.00481	0.00517	0.00470	0.00759
69	0.01068	0.01294	0.10396	0.37446	0.09479	0.09422	0.21375	0.01406	0.01045	0.01339	0.00862	0.01183	0.00656	0.00447	0.00486	0.00152	0.00696	0.00435	0.00221	0.00593
70	0.01163	0.01116	0.01906	0.04151	0.79266	0.01119	0.01445	0.01443	0.01072	0.01535	0.00886	0.01168	0.00745	0.00421	0.00467	0.00140	0.00561	0.00420	0.00233	0.00743
71	0.00657	0.00474	0.00621	0.00600	0.00702	0.00438	0.00444	0.00864	0.01287	0.01815	0.71628	0.12350	0.04301	0.01021	0.00561	0.00153	0.00228	0.00907	0.00510	0.00438
72	0.00557	0.00478	0.00478	0.00478	0.00637	0.00398	0.00358	0.00677	0.01075	0.01274	0.04776	0.04538	0.80297	0.01194	0.00557	0.00159	0.00239	0.00995	0.00438	0.00398
73	0.01534	0.10641	0.01300	0.01007	0.01269	0.36420	0.00788	0.06146	0.11382	0.12518	0.01288	0.11319	0.01116	0.00638	0.00450	0.00137	0.00597	0.00487	0.00354	0.00609
74	0.00877	0.00765	0.01000	0.00899	0.00935	0.00970	0.00691	0.01060	0.07617	0.01131	0.01183	0.01956	0.02758	0.29255	0.10447	0.00347	0.36858	0.00538	0.00267	0.00445
75	0.00572	0.00419	0.00538	0.00634	0.00678	0.00385	0.00428	0.00659	0.00924	0.01212	0.02870	0.73340	0.12725	0.01442	0.00596	0.00187	0.00269	0.01297	0.00438	0.00385
76	0.00936	0.01401	0.26882	0.46563	0.02766	0.01081	0.11090	0.01334	0.00981	0.01334	0.00855	0.01176	0.00629	0.00455	0.00475	0.00155	0.00671	0.00414	0.00210	0.00593
77	0.01418	0.15895	0.10043	0.00954	0.01305	0.07957	0.00858	0.10439	0.19515	0.17115	0.07513	0.02532	0.01263	0.00581	0.00446	0.00140	0.00481	0.00456	0.00402	0.00688
78	0.01350	0.01530	0.01555	0.17889	0.25603	0.34644	0.02347	0.01560	0.01134	0.01285	0.00794	0.01045	0.00656	0.00485	0.00525	0.00140	0.06252	0.00373	0.00231	0.00602
79	0.01086	0.01035	0.01762	0.23265	0.58997	0.01091	0.01394	0.01372	0.01034	0.01445	0.00882	0.01204	0.00725	0.00497	0.02130	0.00157	0.00592	0.00422	0.00228	0.00683
80	0.01153	0.00833	0.00996	0.00720	0.01131	0.00638	0.00579	0.01358	0.01035	0.13734	0.00995	0.01074	0.00771	0.00385	0.00368	0.00082	0.00357	0.00309	0.00326	0.73155
81	0.37772	0.01025	0.01583	0.09859	0.01762	0.01071	0.29896	0.01479	0.00984	0.08035	0.01866	0.01108	0.00701	0.00444	0.00428	0.00152	0.00555	0.00410	0.00289	0.00581
82	0.00934	0.09716	0.64817	0.01218	0.01814	0.01087	0.01511	0.01393	0.00982	0.01426	0.01023	0.10082	0.00878	0.00558	0.00452	0.00150	0.00632	0.00450	0.00226	0.00654
83	0.00798	0.00412	0.00605	0.00611	0.00613	0.00411	0.00404	0.00621	0.00634	0.00846	0.00956	0.06124	0.00997	0.06094	0.01803	0.76748	0.00404	0.00477	0.00222	0.00219
84	0.01308	0.01102	0.01832	0.02473	0.60930	0.02411	0.06712	0.01600	0.02633	0.12805	0.01047	0.01243	0.00815	0.00447	0.00474	0.00142	0.00555	0.00438	0.00288	0.00744
85	0.00905	0.08041	0.01466	0.01590	0.27424	0.00866	0.11105	0.01103	0.00995	0.01351	0.01643	0.36503	0.01789	0.00888	0.00526	0.00163	0.00460	0.02301	0.00323	0.00557
86	0.00584	0.00423	0.00551	0.00637	0.00683	0.00391	0.00433	0.00684	0.00963	0.01285	0.11362	0.68811	0.08651	0.01401	0.00594	0.00184	0.00265	0.01262	0.00447	0.00391
87	0.06667	0.00652	0.05206	0.00839	0.00971	0.00559	0.09203	0.00848	0.00924	0.01317	0.02185	0.63805	0.02532	0.01229	0.00567	0.00182	0.00361	0.01123	0.00392	0.00437
88	0.01367	0.45858	0.08784	0.01231	0.13898	0.09994	0.00986	0.01573	0.01063	0.10055	0.00850	0.00946	0.00690	0.00439	0.00373	0.00118	0.00555	0.00317	0.00253	0.00651
89	0.01167	0.01120	0.01914	0.02894	0.80488	0.01120	0.01447	0.01447	0.01074	0.01540	0.00887	0.01167	0.00747	0.00420	0.00467	0.00140	0.00560	0.00420	0.00233	0.00747
90	0.00675	0.00499	0.00727	0.00727	0.00801	0.00573	0.00552	0.00823	0.00749	0.01072	0.01291	0.02006	0.01245	0.13472	0.71717	0.00720	0.01163	0.00528	0.00257	0.00404
91	0.01261	0.83713	0.02471	0.00807	0.01210	0.01866	0.00807	0.01412	0.00958	0.01109	0.00656	0.00756	0.00605	0.00403	0.00303	0.00101	0.00504	0.00252	0.00202	0.00605
92	0.01207	0.00922	0.01065	0.00778	0.01185	0.00783	0.00629	0.15198	0.01227	0.07597	0.00966	0.01051	0.00751	0.00405	0.00380	0.00088	0.00383	0.00320	0.00336	0.64729
93	0.01198	0.01452	0.17918	0.03609	0.19864	0.09384	0.04659	0.11031	0.15275	0.01703	0.01228	0.08369	0.01035	0.00582	0.00477	0.00150	0.00567	0.00501	0.00318	0.00680
94	0.86760	0.00912	0.00693	0.00620	0.00912	0.01058	0.00511	0.01386	0.00802	0.02115	0.00657	0.00766	0.00511	0.00438	0.00292	0.00146	0.00365	0.00255	0.00292	0.00511
95	0.00829	0.11160	0.14142	0.00738	0.01011	0.03190	0.00697	0.02739	0.01087	0.03746	0.08409	0.12431	0.36197	0.00936	0.00504	0.00151	0.00380	0.00778	0.00374	0.00500
96	0.00668	0.00492	0.00708	0.00716	0.00784	0.00556	0.00536	0.00807	0.00758	0.01077	0.01388	0.07698	0.01390	0.14745	0.64664	0.00676	0.01079	0.00589	0.00270	0.00399
97	0.00979	0.00907	0.01403	0.46686	0.18728	0.01048	0.01184	0.01458	0.15069	0.01416	0.01264	0.01513	0.05285	0.00532	0.00477	0.00154	0.00547	0.00472	0.00276	0.00603
98	0.01616	0.01028	0.01444	0.10111	0.01664	0.01053	0.11910	0.28954	0.01545	0.27727	0.01413	0.07040	0.01051	0.00601	0.00494	0.00151	0.00515	0.00523	0.00443	0.00718
99	0.01213	0.01184	0.06029	0.14225	0.50447	0.05471	0.01321	0.01556	0.05508	0.07022	0.00995	0.01218	0.00782	0.00457	0.00465	0.00144	0.00572	0.00420	0.00267	0.00704
100	0.00809	0.00659	0.00857	0.00797	0.00844	0.00796	0.00592	0.00998	0.07614	0.01111	0.01250	0.02124	0.01274	0.33655	0.24310	0.00455	0.20605	0.00555	0.00274	0.00420
101	0.09876	0.03861	0.44250	0.05942	0.16079	0.06824	0.01427	0.01507	0.01020	0.03802	0.00850	0.01019	0.00634	0.00449	0.00432	0.00144	0.00632	0.00354	0.00230	0.00667
102	0.07799	0.00911	0.01392	0.07133	0.38006	0.00919	0.01033	0.02473	0.01063	0.17788	0.01246	0.04726	0.03297	0.00640	0.00602	0.07674	0.01854	0.00473	0.00323	0.00650

[dist]
# distance from previous block
# <min> <max>
0	6

# created by:
# /st0/software/busco_prod/Augustus/scripts/msa2prfl.pl ./align_prep/70504.fa
