[name]
unknown

[dist]
# distance from previous block
# <min> <max>
8	28

[block]
# block no. 0 follows, 54 sequences, length 10
# corresponding to MSA columns:
# 31-40
name=unknown_A
#
# <colnr> <probs for GDERKNQSTAVLIFYWHMCP>
#	G	D	E	R	K	N	Q	S	T	A	V	L	I	F	Y	W	H	M	C	P
0	0.00703	0.00505	0.00646	0.00696	0.00763	0.00502	0.00491	0.07179	0.01016	0.01366	0.06124	0.57819	0.02740	0.06873	0.06685	0.00245	0.00383	0.04424	0.00421	0.00419
1	0.01753	0.00847	0.01074	0.00861	0.01175	0.00808	0.00709	0.17836	0.01505	0.48157	0.11646	0.02059	0.01635	0.00688	0.00499	0.00151	0.00406	0.06924	0.00540	0.00726
2	0.12757	0.00862	0.01185	0.28377	0.10579	0.00955	0.00949	0.05508	0.08037	0.12680	0.03315	0.08098	0.01147	0.00617	0.00466	0.00156	0.00480	0.02882	0.00347	0.00604
3	0.00932	0.00861	0.01336	0.50205	0.02478	0.00912	0.05079	0.01215	0.00964	0.01334	0.00844	0.01162	0.00657	0.00426	0.00434	0.00127	0.00542	0.00378	0.00235	0.29881
4	0.48417	0.00960	0.00917	0.00759	0.01070	0.01053	0.00623	0.19255	0.01247	0.14625	0.06151	0.01161	0.00937	0.00524	0.00379	0.00145	0.00396	0.00367	0.00394	0.00619
5	0.01103	0.00635	0.00764	0.00690	0.00883	0.00597	0.00523	0.05076	0.07685	0.22587	0.08841	0.18736	0.22503	0.06363	0.00654	0.00180	0.00327	0.00827	0.00478	0.00548
6	0.00962	0.00948	0.01414	0.65492	0.02843	0.05724	0.01245	0.01233	0.00932	0.01191	0.00799	0.01200	0.00626	0.00525	0.00630	0.00162	0.12926	0.00411	0.00211	0.00524
7	0.00856	0.00661	0.00749	0.00780	0.00888	0.05454	0.00593	0.05415	0.05595	0.03690	0.07304	0.35374	0.02570	0.06670	0.00703	0.00203	0.00383	0.21223	0.00429	0.00460
8	0.03614	0.00624	0.00779	0.00744	0.00912	0.00610	0.00601	0.08694	0.01278	0.10544	0.26451	0.10179	0.09165	0.01025	0.00562	0.00171	0.00342	0.22718	0.00477	0.00510
9	0.01079	0.01218	0.02641	0.01903	0.02352	0.01141	0.73834	0.01456	0.01100	0.01491	0.01058	0.06435	0.00867	0.00466	0.00559	0.00161	0.00762	0.00606	0.00251	0.00620

[dist]
# distance from previous block
# <min> <max>
1	4

[block]
# block no. 1 follows, 54 sequences, length 6
# corresponding to MSA columns:
# 45-50
name=unknown_B
#
# <colnr> <probs for GDERKNQSTAVLIFYWHMCP>
#	G	D	E	R	K	N	Q	S	T	A	V	L	I	F	Y	W	H	M	C	P
0	0.00890	0.00838	0.01414	0.82296	0.03247	0.01048	0.01309	0.01205	0.00943	0.01205	0.00838	0.01257	0.00629	0.00471	0.00471	0.00157	0.00629	0.00419	0.00210	0.00524
1	0.39705	0.01104	0.01040	0.05151	0.01275	0.05225	0.00722	0.25346	0.08575	0.06230	0.00993	0.01042	0.00730	0.00507	0.00390	0.00145	0.00453	0.00355	0.00372	0.00639
2	0.00675	0.00498	0.00719	0.00719	0.00790	0.00569	0.00542	0.00817	0.00746	0.01066	0.01298	0.02046	0.01263	0.16114	0.69099	0.00710	0.01136	0.00534	0.00258	0.00400
3	0.01992	0.01000	0.01216	0.00933	0.01302	0.00986	0.00770	0.31495	0.01680	0.51151	0.01583	0.01425	0.01028	0.00577	0.00473	0.00144	0.00446	0.00455	0.00541	0.00802
4	0.01231	0.76170	0.09758	0.00857	0.01287	0.01794	0.00894	0.01419	0.00962	0.01145	0.00673	0.00779	0.00604	0.00408	0.00316	0.00105	0.00522	0.00261	0.00201	0.00614
5	0.01086	0.10577	0.65605	0.01242	0.01879	0.01137	0.01550	0.01559	0.01024	0.08775	0.00920	0.01027	0.00651	0.00456	0.00436	0.00144	0.00650	0.00350	0.00235	0.00697

[dist]
# distance from previous block
# <min> <max>
0	2

[block]
# block no. 2 follows, 54 sequences, length 131
# corresponding to MSA columns:
# 53-183
name=unknown_C
#
# <colnr> <probs for GDERKNQSTAVLIFYWHMCP>
#	G	D	E	R	K	N	Q	S	T	A	V	L	I	F	Y	W	H	M	C	P
0	0.00760	0.00543	0.00760	0.00868	0.00977	0.00543	0.00760	0.00977	0.01085	0.01411	0.02496	0.05319	0.02714	0.01303	0.00651	0.00217	0.00434	0.77315	0.00434	0.00434
1	0.01492	0.01041	0.01636	0.02157	0.51406	0.01019	0.01185	0.07269	0.01237	0.25039	0.01192	0.01294	0.00875	0.00479	0.00469	0.00142	0.00510	0.00436	0.00354	0.00767
2	0.00615	0.00428	0.00535	0.00604	0.00622	0.00410	0.00382	0.00667	0.00823	0.01097	0.02190	0.53745	0.02603	0.31557	0.01262	0.00289	0.00341	0.01100	0.00382	0.00347
3	0.01173	0.01013	0.01066	0.00960	0.01226	0.01173	0.00746	0.02505	0.79636	0.01972	0.01919	0.01759	0.01439	0.00640	0.00480	0.00160	0.00373	0.00533	0.00480	0.00746
4	0.00639	0.00437	0.00528	0.00574	0.00586	0.00426	0.00350	0.00673	0.00777	0.01036	0.01955	0.36836	0.02306	0.48871	0.01642	0.00345	0.00380	0.00962	0.00350	0.00327
5	0.02115	0.00802	0.01094	0.00839	0.01204	0.00693	0.00693	0.02298	0.01350	0.80815	0.01860	0.01605	0.01167	0.00584	0.00474	0.00146	0.00401	0.00474	0.00584	0.00802
6	0.06742	0.00808	0.01072	0.00827	0.01188	0.00713	0.00683	0.02248	0.01320	0.76514	0.01794	0.01559	0.01131	0.00576	0.00464	0.00146	0.00399	0.00462	0.00568	0.00786
7	0.02115	0.00802	0.01094	0.00839	0.01204	0.00693	0.00693	0.02298	0.01350	0.80815	0.01860	0.01605	0.01167	0.00584	0.00474	0.00146	0.00401	0.00474	0.00584	0.00802
8	0.01761	0.02247	0.01336	0.01215	0.01458	0.81537	0.00911	0.01883	0.01336	0.01154	0.00729	0.00850	0.00607	0.00486	0.00425	0.00121	0.00850	0.00304	0.00243	0.00547
9	0.01144	0.01134	0.02046	0.06614	0.62662	0.01130	0.15364	0.01447	0.01074	0.01519	0.00897	0.01190	0.00735	0.00419	0.00483	0.00144	0.00606	0.00445	0.00233	0.00716
10	0.00956	0.00785	0.00879	0.00803	0.01002	0.00861	0.00617	0.01813	0.46073	0.01937	0.35491	0.02515	0.02729	0.00779	0.00512	0.00155	0.00309	0.00670	0.00497	0.00617
11	0.00685	0.00460	0.00528	0.00528	0.00533	0.00465	0.00303	0.00695	0.00690	0.00925	0.01473	0.03013	0.01683	0.78760	0.07026	0.00475	0.00504	0.00675	0.00284	0.00294
12	0.00674	0.00503	0.00745	0.00745	0.00824	0.00582	0.00573	0.00833	0.00754	0.01085	0.01275	0.01919	0.01208	0.07867	0.77270	0.00741	0.01219	0.00515	0.00254	0.00414
13	0.01261	0.83713	0.02471	0.00807	0.01210	0.01866	0.00807	0.01412	0.00958	0.01109	0.00656	0.00756	0.00605	0.00403	0.00303	0.00101	0.00504	0.00252	0.00202	0.00605
14	0.01803	0.03878	0.03881	0.01098	0.01465	0.16161	0.07745	0.24710	0.01559	0.30993	0.01285	0.01250	0.00880	0.00534	0.00465	0.00140	0.00567	0.00424	0.00433	0.00730
15	0.01872	0.00799	0.01050	0.00834	0.01159	0.00726	0.00677	0.06046	0.05726	0.63228	0.06156	0.06716	0.01463	0.00662	0.00487	0.00149	0.00388	0.00549	0.00560	0.00754
16	0.01158	0.06216	0.22294	0.01033	0.01358	0.28590	0.00983	0.01426	0.01210	0.01471	0.25615	0.01723	0.01806	0.00629	0.00492	0.00138	0.02502	0.00487	0.00315	0.00557
17	0.00635	0.00481	0.00585	0.00559	0.00684	0.00431	0.00419	0.00827	0.01258	0.01709	0.57969	0.03822	0.26833	0.01032	0.00556	0.00152	0.00227	0.00895	0.00495	0.00431
18	0.00890	0.00838	0.01414	0.82296	0.03247	0.01048	0.01309	0.01205	0.00943	0.01205	0.00838	0.01257	0.00629	0.00471	0.00471	0.00157	0.00629	0.00419	0.00210	0.00524
19	0.01113	0.01272	0.02782	0.01987	0.02464	0.01192	0.78776	0.01510	0.01113	0.01510	0.00954	0.01272	0.00715	0.00397	0.00556	0.00159	0.00795	0.00556	0.00238	0.00636
20	0.00608	0.00480	0.00548	0.00531	0.00668	0.00420	0.00398	0.00775	0.01195	0.01559	0.39610	0.04069	0.45286	0.01088	0.00557	0.00154	0.00231	0.00929	0.00475	0.00420
21	0.01261	0.83713	0.02471	0.00807	0.01210	0.01866	0.00807	0.01412	0.00958	0.01109	0.00656	0.00756	0.00605	0.00403	0.00303	0.00101	0.00504	0.00252	0.00202	0.00605
22	0.00667	0.00482	0.00630	0.00593	0.00704	0.00445	0.00445	0.00890	0.01335	0.01891	0.80239	0.03522	0.04449	0.00964	0.00556	0.00148	0.00222	0.00853	0.00519	0.00445
23	0.00978	0.00838	0.00978	0.00698	0.01117	0.00629	0.00559	0.01187	0.00978	0.01536	0.00838	0.00978	0.00698	0.00349	0.00349	0.00070	0.00349	0.00279	0.00279	0.86312
24	0.01754	0.01302	0.01394	0.01077	0.01448	0.01444	0.00887	0.74209	0.06986	0.02910	0.01181	0.01171	0.00841	0.00571	0.00472	0.00143	0.00510	0.00431	0.00472	0.00798
25	0.00685	0.00460	0.00528	0.00528	0.00532	0.00464	0.00302	0.00694	0.00690	0.00924	0.01473	0.03018	0.01685	0.79063	0.06726	0.00474	0.00501	0.00676	0.00284	0.00293
26	0.01792	0.01321	0.01415	0.01085	0.01462	0.01462	0.00896	0.78916	0.02217	0.02972	0.01132	0.01132	0.00802	0.00566	0.00472	0.00142	0.00519	0.00425	0.00472	0.00802
27	0.86760	0.00912	0.00693	0.00620	0.00912	0.01058	0.00511	0.01386	0.00802	0.02115	0.00657	0.00766	0.00511	0.00438	0.00292	0.00146	0.00365	0.00255	0.00292	0.00511
28	0.01872	0.05604	0.01343	0.00974	0.01336	0.01170	0.00813	0.41047	0.01748	0.34556	0.01387	0.01301	0.00934	0.00572	0.00496	0.00143	0.02991	0.00435	0.00494	0.00783
29	0.00686	0.00457	0.00514	0.00514	0.00514	0.00457	0.00286	0.00686	0.00686	0.00914	0.01486	0.03086	0.01714	0.83430	0.02400	0.00457	0.00457	0.00686	0.00286	0.00286
30	0.86760	0.00912	0.00693	0.00620	0.00912	0.01058	0.00511	0.01386	0.00802	0.02115	0.00657	0.00766	0.00511	0.00438	0.00292	0.00146	0.00365	0.00255	0.00292	0.00511
31	0.00557	0.00478	0.00478	0.00478	0.00637	0.00398	0.00358	0.00677	0.01075	0.01274	0.04776	0.04538	0.80297	0.01194	0.00557	0.00159	0.00239	0.00995	0.00438	0.00398
32	0.00574	0.00410	0.00547	0.00657	0.00684	0.00383	0.00438	0.00657	0.00903	0.01204	0.02599	0.83122	0.03119	0.01477	0.00602	0.00191	0.00274	0.01340	0.00438	0.00383
33	0.01628	0.00818	0.01044	0.00779	0.01167	0.00665	0.00635	0.01822	0.01190	0.46832	0.01422	0.01336	0.00966	0.00483	0.00421	0.00113	0.00379	0.00391	0.00453	0.37456
34	0.01167	0.01114	0.01868	0.02788	0.76156	0.01123	0.01409	0.01505	0.05367	0.01564	0.00943	0.01199	0.00785	0.00432	0.00467	0.00141	0.00550	0.00426	0.00247	0.00747
35	0.01032	0.01032	0.01444	0.01238	0.01238	0.01444	0.01032	0.01135	0.00722	0.01135	0.00619	0.01032	0.00619	0.00825	0.01547	0.00206	0.82567	0.00413	0.00206	0.00516
36	0.00667	0.00482	0.00630	0.00593	0.00704	0.00445	0.00445	0.00890	0.01335	0.01891	0.80239	0.03522	0.04449	0.00964	0.00556	0.00148	0.00222	0.00853	0.00519	0.00445
37	0.00978	0.00838	0.00978	0.00698	0.01117	0.00629	0.00559	0.01187	0.00978	0.01536	0.00838	0.00978	0.00698	0.00349	0.00349	0.00070	0.00349	0.00279	0.00279	0.86312
38	0.01173	0.01013	0.01066	0.00960	0.01226	0.01173	0.00746	0.02505	0.79636	0.01972	0.01919	0.01759	0.01439	0.00640	0.00480	0.00160	0.00373	0.00533	0.00480	0.00746
39	0.00574	0.00410	0.00547	0.00657	0.00684	0.00383	0.00438	0.00657	0.00903	0.01204	0.02599	0.83122	0.03119	0.01477	0.00602	0.00191	0.00274	0.01340	0.00438	0.00383
40	0.02115	0.00802	0.01094	0.00839	0.01204	0.00693	0.00693	0.02298	0.01350	0.80815	0.01860	0.01605	0.01167	0.00584	0.00474	0.00146	0.00401	0.00474	0.00584	0.00802
41	0.00677	0.00492	0.00638	0.00600	0.00714	0.00458	0.00450	0.00920	0.02775	0.01892	0.78799	0.03490	0.04394	0.00958	0.00555	0.00149	0.00225	0.00847	0.00518	0.00450
42	0.00574	0.00410	0.00547	0.00657	0.00684	0.00383	0.00438	0.00657	0.00903	0.01204	0.02599	0.83122	0.03119	0.01477	0.00602	0.00191	0.00274	0.01340	0.00438	0.00383
43	0.01164	0.01130	0.01967	0.02838	0.75681	0.01125	0.06211	0.01451	0.01076	0.01539	0.00891	0.01173	0.00745	0.00419	0.00472	0.00141	0.00575	0.00429	0.00234	0.00740
44	0.00978	0.00838	0.00978	0.00698	0.01117	0.00629	0.00559	0.01187	0.00978	0.01536	0.00838	0.00978	0.00698	0.00349	0.00349	0.00070	0.00349	0.00279	0.00279	0.86312
45	0.86760	0.00912	0.00693	0.00620	0.00912	0.01058	0.00511	0.01386	0.00802	0.02115	0.00657	0.00766	0.00511	0.00438	0.00292	0.00146	0.00365	0.00255	0.00292	0.00511
46	0.00659	0.00479	0.00620	0.00590	0.00700	0.00440	0.00440	0.00871	0.01306	0.01835	0.73698	0.06494	0.08110	0.00994	0.00558	0.00150	0.00225	0.00878	0.00512	0.00440
47	0.00667	0.00482	0.00630	0.00593	0.00704	0.00445	0.00445	0.00890	0.01335	0.01891	0.80239	0.03522	0.04449	0.00964	0.00556	0.00148	0.00222	0.00853	0.00519	0.00445
48	0.01131	0.01148	0.02018	0.01531	0.01912	0.01171	0.44307	0.01919	0.34225	0.01703	0.01392	0.01558	0.01061	0.00518	0.00526	0.00161	0.00610	0.02086	0.00344	0.00678
49	0.00667	0.00482	0.00630	0.00593	0.00704	0.00445	0.00445	0.00890	0.01335	0.01891	0.80239	0.03522	0.04449	0.00964	0.00556	0.00148	0.00222	0.00853	0.00519	0.00445
50	0.00686	0.00529	0.00703	0.00690	0.00804	0.00565	0.00530	0.00937	0.06356	0.01355	0.18718	0.03906	0.14652	0.02380	0.44432	0.00482	0.00800	0.00673	0.00358	0.00444
51	0.00976	0.10269	0.73422	0.01292	0.01961	0.01169	0.01652	0.01485	0.00992	0.01456	0.00828	0.00972	0.00598	0.00444	0.00434	0.00145	0.00678	0.00339	0.00199	0.00688
52	0.01680	0.02030	0.01427	0.01335	0.06355	0.66028	0.04308	0.03754	0.02923	0.03180	0.00808	0.00935	0.00656	0.00492	0.00458	0.00128	0.02329	0.00336	0.00260	0.00579
53	0.01214	0.71717	0.14060	0.00886	0.01333	0.01752	0.00945	0.01424	0.00964	0.01166	0.00684	0.00792	0.00604	0.00410	0.00324	0.00108	0.00533	0.00266	0.00201	0.00619
54	0.86760	0.00912	0.00693	0.00620	0.00912	0.01058	0.00511	0.01386	0.00802	0.02115	0.00657	0.00766	0.00511	0.00438	0.00292	0.00146	0.00365	0.00255	0.00292	0.00511
55	0.03043	0.01027	0.01543	0.01925	0.42192	0.01011	0.01102	0.09782	0.03089	0.28609	0.01262	0.01319	0.00907	0.00496	0.00467	0.00143	0.00494	0.00439	0.00384	0.00767
56	0.00967	0.00849	0.01173	0.00997	0.01219	0.02491	0.13926	0.06259	0.24773	0.01759	0.20607	0.18921	0.02330	0.00842	0.00535	0.00162	0.00407	0.00770	0.00434	0.00579
57	0.01163	0.01005	0.01428	0.01842	0.39463	0.01046	0.01044	0.14272	0.13845	0.01797	0.01536	0.10297	0.06158	0.00645	0.00487	0.00150	0.00465	0.00575	0.02093	0.00688
58	0.01161	0.01114	0.01902	0.04747	0.78685	0.01119	0.01444	0.01441	0.01071	0.01533	0.00886	0.01169	0.00744	0.00421	0.00467	0.00140	0.00562	0.00420	0.00233	0.00742
59	0.00644	0.00482	0.00601	0.00596	0.00684	0.00483	0.00429	0.00765	0.00912	0.01216	0.13856	0.03143	0.23563	0.22439	0.27660	0.00429	0.00628	0.00736	0.00351	0.00384
60	0.00686	0.00457	0.00514	0.00514	0.00514	0.00457	0.00286	0.00686	0.00686	0.00914	0.01486	0.03086	0.01714	0.83430	0.02400	0.00457	0.00457	0.00686	0.00286	0.00286
61	0.00665	0.00482	0.00627	0.00591	0.00703	0.00444	0.00443	0.00886	0.01330	0.01879	0.78822	0.03541	0.05874	0.00968	0.00556	0.00149	0.00223	0.00855	0.00518	0.00444
62	0.01792	0.01321	0.01415	0.01085	0.01462	0.01462	0.00896	0.78916	0.02217	0.02972	0.01132	0.01132	0.00802	0.00566	0.00472	0.00142	0.00519	0.00425	0.00472	0.00802
63	0.01792	0.01321	0.01415	0.01085	0.01462	0.01462	0.00896	0.78916	0.02217	0.02972	0.01132	0.01132	0.00802	0.00566	0.00472	0.00142	0.00519	0.00425	0.00472	0.00802
64	0.86760	0.00912	0.00693	0.00620	0.00912	0.01058	0.00511	0.01386	0.00802	0.02115	0.00657	0.00766	0.00511	0.00438	0.00292	0.00146	0.00365	0.00255	0.00292	0.00511
65	0.01421	0.01136	0.01206	0.01010	0.01321	0.01289	0.00806	0.33164	0.48573	0.02373	0.01603	0.01508	0.01184	0.00610	0.00477	0.00153	0.00432	0.00490	0.00477	0.00769
66	0.00624	0.00480	0.00570	0.00548	0.00678	0.00426	0.00411	0.00806	0.01233	0.01649	0.50615	0.03921	0.34225	0.01054	0.00557	0.00153	0.00229	0.00909	0.00487	0.00426
67	0.01209	0.01031	0.01087	0.00967	0.01240	0.01190	0.00755	0.06968	0.75115	0.02031	0.01873	0.01723	0.01402	0.00635	0.00479	0.00159	0.00382	0.00527	0.00479	0.00750
68	0.00667	0.00482	0.00630	0.00593	0.00704	0.00445	0.00445	0.00890	0.01335	0.01891	0.80239	0.03522	0.04449	0.00964	0.00556	0.00148	0.00222	0.00853	0.00519	0.00445
69	0.01761	0.02247	0.01336	0.01215	0.01458	0.81537	0.00911	0.01883	0.01336	0.01154	0.00729	0.00850	0.00607	0.00486	0.00425	0.00121	0.00850	0.00304	0.00243	0.00547
70	0.01100	0.12588	0.61811	0.01241	0.01854	0.06126	0.01516	0.01551	0.01031	0.05759	0.00870	0.00990	0.00630	0.00452	0.00430	0.00141	0.00666	0.00340	0.00223	0.00682
71	0.01261	0.83713	0.02471	0.00807	0.01210	0.01866	0.00807	0.01412	0.00958	0.01109	0.00656	0.00756	0.00605	0.00403	0.00303	0.00101	0.00504	0.00252	0.00202	0.00605
72	0.01868	0.01200	0.01340	0.01028	0.01402	0.01283	0.00849	0.61053	0.02015	0.21120	0.01302	0.01242	0.00887	0.00570	0.00472	0.00143	0.00491	0.00436	0.00498	0.00802
73	0.01792	0.01321	0.01415	0.01085	0.01462	0.01462	0.00896	0.78916	0.02217	0.02972	0.01132	0.01132	0.00802	0.00566	0.00472	0.00142	0.00519	0.00425	0.00472	0.00802
74	0.00667	0.00482	0.00630	0.00593	0.00704	0.00445	0.00445	0.00890	0.01335	0.01891	0.80239	0.03522	0.04449	0.00964	0.00556	0.00148	0.00222	0.00853	0.00519	0.00445
75	0.01113	0.01272	0.02782	0.01987	0.02464	0.01192	0.78776	0.01510	0.01113	0.01510	0.00954	0.01272	0.00715	0.00397	0.00556	0.00159	0.00795	0.00556	0.00238	0.00636
76	0.00667	0.00482	0.00630	0.00593	0.00704	0.00445	0.00445	0.00890	0.01335	0.01891	0.80239	0.03522	0.04449	0.00964	0.00556	0.00148	0.00222	0.00853	0.00519	0.00445
77	0.00574	0.00410	0.00547	0.00657	0.00684	0.00383	0.00438	0.00657	0.00903	0.01204	0.02599	0.83122	0.03119	0.01477	0.00602	0.00191	0.00274	0.01340	0.00438	0.00383
78	0.02115	0.00802	0.01094	0.00839	0.01204	0.00693	0.00693	0.02298	0.01350	0.80815	0.01860	0.01605	0.01167	0.00584	0.00474	0.00146	0.00401	0.00474	0.00584	0.00802
79	0.00946	0.02439	0.80987	0.01344	0.02041	0.01095	0.01742	0.01493	0.00995	0.01493	0.00846	0.00995	0.00597	0.00448	0.00448	0.00149	0.00697	0.00348	0.00199	0.00697
80	0.00946	0.02439	0.80987	0.01344	0.02041	0.01095	0.01742	0.01493	0.00995	0.01493	0.00846	0.00995	0.00597	0.00448	0.00448	0.00149	0.00697	0.00348	0.00199	0.00697
81	0.02115	0.00802	0.01094	0.00839	0.01204	0.00693	0.00693	0.02298	0.01350	0.80815	0.01860	0.01605	0.01167	0.00584	0.00474	0.00146	0.00401	0.00474	0.00584	0.00802
82	0.01037	0.01049	0.01540	0.01292	0.01326	0.01426	0.06623	0.01162	0.00750	0.01162	0.00643	0.01049	0.00626	0.00794	0.01476	0.00203	0.76686	0.00423	0.00209	0.00524
83	0.01262	0.01398	0.05764	0.01130	0.09443	0.24895	0.00836	0.04541	0.01145	0.01477	0.00823	0.00966	0.00675	0.00412	0.00394	0.00100	0.00547	0.00311	0.00267	0.43614
84	0.00636	0.00477	0.00589	0.00569	0.00687	0.00430	0.00424	0.00825	0.01248	0.01704	0.57743	0.08118	0.22722	0.01048	0.00559	0.00153	0.00229	0.00914	0.00495	0.00430
85	0.01077	0.02176	0.67099	0.01375	0.06419	0.01059	0.01603	0.01589	0.02563	0.09272	0.00969	0.01080	0.00678	0.00463	0.00452	0.00149	0.00654	0.00368	0.00244	0.00711
86	0.01329	0.72779	0.02324	0.00853	0.01243	0.07570	0.00820	0.06221	0.01063	0.01227	0.00690	0.00786	0.00617	0.00419	0.00322	0.00105	0.00530	0.00266	0.00221	0.00613
87	0.00566	0.00445	0.00511	0.00564	0.00660	0.00391	0.00397	0.00667	0.00992	0.01240	0.03724	0.42517	0.42997	0.01331	0.00579	0.00175	0.00256	0.01162	0.00438	0.00391
88	0.01261	0.83713	0.02471	0.00807	0.01210	0.01866	0.00807	0.01412	0.00958	0.01109	0.00656	0.00756	0.00605	0.00403	0.00303	0.00101	0.00504	0.00252	0.00202	0.00605
89	0.01371	0.00782	0.00951	0.00784	0.01038	0.00766	0.00626	0.19280	0.03119	0.26222	0.30606	0.04237	0.06626	0.00774	0.00511	0.00148	0.00350	0.00651	0.00521	0.00638
90	0.08267	0.01387	0.01313	0.05488	0.01491	0.16503	0.00872	0.46477	0.01785	0.10256	0.01076	0.01105	0.00770	0.00538	0.00449	0.00139	0.00564	0.00393	0.00411	0.00716
91	0.01516	0.02990	0.41078	0.01091	0.01622	0.00913	0.01220	0.01881	0.01166	0.39823	0.01333	0.01286	0.00873	0.00513	0.00458	0.00147	0.00551	0.00408	0.00385	0.00746
92	0.01674	0.00673	0.00861	0.00696	0.00970	0.00603	0.00563	0.01870	0.01221	0.52613	0.01745	0.01659	0.01182	0.00571	0.00423	0.00133	0.00336	0.00462	0.31071	0.00673
93	0.00927	0.00887	0.01533	0.70875	0.10045	0.01062	0.05556	0.01243	0.00964	0.01251	0.00849	0.01250	0.00644	0.00463	0.00476	0.00156	0.00632	0.00427	0.00213	0.00550
94	0.01032	0.01836	0.40578	0.01676	0.02260	0.01145	0.41545	0.01502	0.01056	0.01502	0.00902	0.01138	0.00658	0.00422	0.00504	0.00154	0.00748	0.00456	0.00219	0.00665
95	0.00670	0.00448	0.00582	0.00642	0.00711	0.00410	0.00445	0.00779	0.01001	0.05653	0.13125	0.60821	0.10277	0.01334	0.00585	0.00180	0.00271	0.01196	0.00457	0.00416
96	0.00574	0.00410	0.00547	0.00657	0.00684	0.00383	0.00438	0.00657	0.00903	0.01204	0.02599	0.83122	0.03119	0.01477	0.00602	0.00191	0.00274	0.01340	0.00438	0.00383
97	0.01773	0.01177	0.01399	0.01075	0.01447	0.01250	0.05636	0.50789	0.08240	0.20229	0.01348	0.01297	0.00930	0.00566	0.00478	0.00145	0.00498	0.00453	0.00483	0.00787
98	0.03078	0.01346	0.01894	0.02048	0.34752	0.13680	0.18609	0.13204	0.01298	0.04148	0.00940	0.01142	0.00735	0.00453	0.00478	0.00142	0.00643	0.00432	0.00284	0.00696
99	0.01327	0.00718	0.00963	0.00830	0.01051	0.00742	0.00667	0.11776	0.01160	0.29230	0.01454	0.01670	0.01124	0.02107	0.42371	0.00461	0.00862	0.00484	0.00398	0.00605
100	0.01113	0.01272	0.02782	0.01987	0.02464	0.01192	0.78776	0.01510	0.01113	0.01510	0.00954	0.01272	0.00715	0.00397	0.00556	0.00159	0.00795	0.00556	0.00238	0.00636
101	0.01721	0.01338	0.01480	0.01139	0.01513	0.04423	0.05688	0.67734	0.05699	0.02767	0.01142	0.01159	0.00819	0.00556	0.00476	0.00143	0.00541	0.00433	0.00449	0.00780
102	0.01229	0.01421	0.17481	0.01734	0.05351	0.01098	0.49557	0.01619	0.01123	0.13027	0.01062	0.01263	0.00760	0.00435	0.00520	0.00154	0.00709	0.00499	0.00281	0.00676
103	0.00580	0.00419	0.00551	0.00654	0.00692	0.00390	0.00445	0.00670	0.00919	0.01215	0.02719	0.75709	0.07507	0.01454	0.00601	0.00191	0.00278	0.04181	0.00438	0.00386
104	0.01795	0.01332	0.01372	0.01070	0.01433	0.06845	0.00876	0.64932	0.04758	0.09012	0.01190	0.01172	0.00840	0.00564	0.00469	0.00141	0.00527	0.00424	0.00465	0.00783
105	0.01792	0.01321	0.01415	0.01085	0.01462	0.01462	0.00896	0.78916	0.02217	0.02972	0.01132	0.01132	0.00802	0.00566	0.00472	0.00142	0.00519	0.00425	0.00472	0.00802
106	0.02115	0.00802	0.01094	0.00839	0.01204	0.00693	0.00693	0.02298	0.01350	0.80815	0.01860	0.01605	0.01167	0.00584	0.00474	0.00146	0.00401	0.00474	0.00584	0.00802
107	0.25078	0.01179	0.01315	0.01105	0.05682	0.01296	0.05612	0.45680	0.03265	0.03917	0.01006	0.01063	0.00733	0.00514	0.00427	0.00144	0.00491	0.00389	0.00397	0.00707
108	0.23105	0.23348	0.01463	0.00888	0.01224	0.08915	0.00757	0.21416	0.11442	0.01956	0.00948	0.00993	0.00739	0.00492	0.00377	0.00132	0.00488	0.00338	0.00333	0.00644
109	0.01221	0.73494	0.12343	0.00874	0.01315	0.01769	0.00924	0.01422	0.00963	0.01158	0.00679	0.00786	0.00604	0.00409	0.00321	0.00107	0.00528	0.00264	0.00201	0.00617
110	0.01100	0.01091	0.08753	0.06398	0.42476	0.00982	0.02621	0.01488	0.08572	0.06114	0.11204	0.04613	0.01376	0.00564	0.00485	0.00147	0.00500	0.00519	0.00317	0.00679
111	0.01844	0.20234	0.06367	0.00863	0.01257	0.00991	0.00785	0.02041	0.01236	0.57316	0.01516	0.01369	0.01001	0.00533	0.00433	0.00136	0.00444	0.00415	0.00471	0.00750
112	0.01057	0.01008	0.01715	0.34448	0.49793	0.01091	0.01392	0.01351	0.01022	0.01407	0.00867	0.01203	0.00700	0.00440	0.00469	0.00147	0.00587	0.00420	0.00224	0.00658
113	0.02115	0.00802	0.01094	0.00839	0.01204	0.00693	0.00693	0.02298	0.01350	0.80815	0.01860	0.01605	0.01167	0.00584	0.00474	0.00146	0.00401	0.00474	0.00584	0.00802
114	0.00969	0.02280	0.70502	0.01445	0.03388	0.01107	0.10776	0.01494	0.01011	0.01496	0.00859	0.01031	0.00614	0.00442	0.00461	0.00150	0.00706	0.00374	0.00204	0.00691
115	0.02115	0.00802	0.01094	0.00839	0.01204	0.00693	0.00693	0.02298	0.01350	0.80815	0.01860	0.01605	0.01167	0.00584	0.00474	0.00146	0.00401	0.00474	0.00584	0.00802
116	0.09903	0.00836	0.01063	0.00831	0.01184	0.00771	0.00684	0.03988	0.05597	0.67419	0.01735	0.01525	0.01113	0.00573	0.00458	0.00147	0.00399	0.00456	0.00548	0.00772
117	0.00558	0.00474	0.00481	0.00487	0.00639	0.00397	0.00363	0.00676	0.01065	0.01270	0.04657	0.08833	0.76079	0.01210	0.00560	0.00161	0.00241	0.01014	0.00438	0.00397
118	0.02115	0.00802	0.01094	0.00839	0.01204	0.00693	0.00693	0.02298	0.01350	0.80815	0.01860	0.01605	0.01167	0.00584	0.00474	0.00146	0.00401	0.00474	0.00584	0.00802
119	0.00661	0.00484	0.00623	0.00606	0.00718	0.00446	0.00461	0.00870	0.01278	0.01775	0.64864	0.06166	0.11348	0.01027	0.00565	0.00156	0.00242	0.06768	0.00502	0.00438
120	0.00946	0.02439	0.80987	0.01344	0.02041	0.01095	0.01742	0.01493	0.00995	0.01493	0.00846	0.00995	0.00597	0.00448	0.00448	0.00149	0.00697	0.00348	0.00199	0.00697
121	0.00751	0.00497	0.00618	0.00581	0.00702	0.00471	0.00438	0.01007	0.03690	0.03484	0.61771	0.03105	0.03694	0.00870	0.00510	0.00142	0.00230	0.00759	0.16218	0.00461
122	0.01973	0.00761	0.01019	0.00793	0.01128	0.00664	0.00651	0.02159	0.01308	0.71687	0.01823	0.01623	0.01172	0.00580	0.00457	0.00142	0.00380	0.00470	0.10451	0.00761
123	0.00946	0.02439	0.80987	0.01344	0.02041	0.01095	0.01742	0.01493	0.00995	0.01493	0.00846	0.00995	0.00597	0.00448	0.00448	0.00149	0.00697	0.00348	0.00199	0.00697
124	0.02098	0.00831	0.01112	0.00852	0.01218	0.00735	0.00704	0.06485	0.01397	0.76560	0.01820	0.01579	0.01147	0.00583	0.00474	0.00146	0.00408	0.00471	0.00577	0.00802
125	0.00573	0.00417	0.00540	0.00638	0.00679	0.00385	0.00429	0.00659	0.00921	0.01211	0.02824	0.74983	0.11111	0.01448	0.00597	0.00188	0.00270	0.01305	0.00438	0.00385
126	0.00674	0.00495	0.00634	0.00603	0.00717	0.00462	0.00450	0.00920	0.03677	0.01838	0.71358	0.07097	0.07323	0.00986	0.00556	0.00151	0.00230	0.00871	0.00511	0.00449
127	0.01126	0.01084	0.01869	0.14238	0.67063	0.01112	0.03770	0.01414	0.01056	0.01491	0.00882	0.01183	0.00729	0.00427	0.00470	0.00143	0.00577	0.00424	0.00230	0.00712
128	0.02106	0.00818	0.01104	0.00846	0.01211	0.00716	0.00699	0.04619	0.01376	0.78457	0.01838	0.01591	0.01156	0.00583	0.00474	0.00146	0.00405	0.00473	0.00580	0.00802
129	0.01873	0.00847	0.01110	0.00907	0.03583	0.00785	0.00715	0.12840	0.01461	0.58334	0.10841	0.01748	0.01485	0.00620	0.00483	0.00145	0.00402	0.00510	0.00550	0.00759
130	0.00991	0.02269	0.69484	0.01411	0.02072	0.01117	0.10672	0.03840	0.01046	0.01540	0.00867	0.01032	0.00617	0.00446	0.00461	0.00150	0.00703	0.00375	0.00212	0.00693

[dist]
# distance from previous block
# <min> <max>
0	9

# created by:
# /st0/software/busco_prod/Augustus/scripts/msa2prfl.pl ./align_prep/70537.fa
