[name]
unknown

[dist]
# distance from previous block
# <min> <max>
0	0

[block]
# block no. 0 follows, 46 sequences, length 11
# corresponding to MSA columns:
# 0-10
name=unknown_A
#
# <colnr> <probs for GDERKNQSTAVLIFYWHMCP>
#	G	D	E	R	K	N	Q	S	T	A	V	L	I	F	Y	W	H	M	C	P
0	0.00852	0.00608	0.00852	0.00974	0.01095	0.00608	0.00852	0.01095	0.01217	0.01582	0.02799	0.05963	0.03042	0.01460	0.00730	0.00243	0.00487	0.74565	0.00487	0.00487
1	0.02010	0.01481	0.01587	0.01216	0.01639	0.01639	0.01005	0.76360	0.02486	0.03332	0.01269	0.01269	0.00899	0.00635	0.00529	0.00159	0.00582	0.00476	0.00529	0.00899
2	0.02372	0.00900	0.01227	0.00941	0.01350	0.00777	0.00777	0.02576	0.01513	0.78489	0.02086	0.01799	0.01309	0.00654	0.00532	0.00164	0.00450	0.00532	0.00654	0.00900
3	0.02010	0.01481	0.01587	0.01216	0.01639	0.01639	0.01005	0.76360	0.02486	0.03332	0.01269	0.01269	0.00899	0.00635	0.00529	0.00159	0.00582	0.00476	0.00529	0.00899
4	0.01096	0.00940	0.01096	0.00783	0.01253	0.00705	0.00626	0.01331	0.01096	0.01723	0.00940	0.01096	0.00783	0.00392	0.00392	0.00078	0.00392	0.00313	0.00313	0.84653
5	0.01083	0.00927	0.00977	0.00896	0.01150	0.01016	0.00692	0.02111	0.50726	0.01984	0.08052	0.02982	0.23378	0.00917	0.00568	0.00178	0.00365	0.00768	0.00528	0.00704
6	0.02372	0.00900	0.01227	0.00941	0.01350	0.00777	0.00777	0.02576	0.01513	0.78489	0.02086	0.01799	0.01309	0.00654	0.00532	0.00164	0.00450	0.00532	0.00654	0.00900
7	0.00998	0.00940	0.01586	0.80150	0.03641	0.01175	0.01468	0.01351	0.01057	0.01351	0.00940	0.01409	0.00705	0.00529	0.00529	0.00176	0.00705	0.00470	0.00235	0.00587
8	0.01248	0.01426	0.03119	0.02228	0.02763	0.01337	0.76203	0.01693	0.01248	0.01693	0.01070	0.01426	0.00802	0.00446	0.00624	0.00178	0.00891	0.00624	0.00267	0.00713
9	0.02137	0.00848	0.01152	0.00901	0.01269	0.00737	0.00737	0.02348	0.01511	0.67442	0.13045	0.02110	0.01841	0.00716	0.00545	0.00164	0.00421	0.00593	0.00644	0.00842
10	0.00836	0.00528	0.00590	0.00600	0.00726	0.00491	0.00442	0.01004	0.01138	0.04090	0.08103	0.12665	0.24931	0.09322	0.00766	0.00202	0.00310	0.05796	0.26995	0.00467

[dist]
# distance from previous block
# <min> <max>
4	11

[block]
# block no. 1 follows, 46 sequences, length 31
# corresponding to MSA columns:
# 22-36,38-53
name=unknown_B
#
# <colnr> <probs for GDERKNQSTAVLIFYWHMCP>
#	G	D	E	R	K	N	Q	S	T	A	V	L	I	F	Y	W	H	M	C	P
0	0.01574	0.01264	0.01341	0.01128	0.01473	0.01436	0.00899	0.30193	0.49363	0.02629	0.01823	0.01711	0.01348	0.00686	0.00535	0.00172	0.00479	0.00552	0.00535	0.00860
1	0.01225	0.01171	0.01996	0.23822	0.58195	0.01234	0.01581	0.01550	0.01165	0.01626	0.00980	0.01335	0.00802	0.00486	0.00525	0.00162	0.00649	0.00471	0.00255	0.00770
2	0.01183	0.01124	0.01888	0.34336	0.45458	0.01225	0.01534	0.01551	0.03605	0.01590	0.01010	0.01371	0.00809	0.00502	0.00526	0.00166	0.00652	0.00475	0.00260	0.00736
3	0.00690	0.00538	0.00626	0.00604	0.00754	0.00474	0.00453	0.00885	0.01359	0.01794	0.43716	0.04485	0.39320	0.01202	0.00624	0.00172	0.00258	0.01031	0.00539	0.00474
4	0.00773	0.00588	0.00735	0.03300	0.00923	0.00584	0.00549	0.01085	0.09866	0.01697	0.28262	0.33762	0.08770	0.05711	0.00745	0.00207	0.00322	0.01113	0.00509	0.00500
5	0.00639	0.00536	0.00555	0.00550	0.00723	0.00452	0.00413	0.00786	0.01238	0.01506	0.13522	0.04959	0.69694	0.01310	0.00625	0.00177	0.00266	0.01098	0.00501	0.00452
6	0.01626	0.01354	0.01512	0.01240	0.01514	0.04186	0.01013	0.37649	0.17352	0.02455	0.01274	0.01372	0.00981	0.00730	0.00867	0.00183	0.22973	0.00493	0.00439	0.00787
7	0.01413	0.81739	0.02770	0.00905	0.01357	0.02092	0.00905	0.01583	0.01074	0.01244	0.00735	0.00848	0.00678	0.00452	0.00339	0.00113	0.00565	0.00283	0.00226	0.00678
8	0.01528	0.00926	0.01140	0.00836	0.01286	0.00729	0.00677	0.01753	0.01237	0.27715	0.01328	0.01334	0.00961	0.00480	0.00439	0.00107	0.00411	0.00387	0.00429	0.56295
9	0.01146	0.00925	0.00934	0.00808	0.01070	0.03515	0.00641	0.26413	0.01649	0.02073	0.03738	0.03683	0.46857	0.01077	0.00591	0.00172	0.00404	0.03201	0.00496	0.00606
10	0.01198	0.04090	0.21967	0.01937	0.02486	0.01356	0.48981	0.01650	0.01172	0.01640	0.00998	0.01308	0.00756	0.00501	0.00679	0.00178	0.07593	0.00542	0.00252	0.00718
11	0.00786	0.00561	0.00776	0.00898	0.00991	0.00552	0.00737	0.00981	0.01152	0.01508	0.02836	0.29839	0.03187	0.01523	0.00713	0.00234	0.00430	0.51341	0.00488	0.00469
12	0.01096	0.00940	0.01096	0.00783	0.01253	0.00705	0.00626	0.01331	0.01096	0.01723	0.00940	0.01096	0.00783	0.00392	0.00392	0.00078	0.00392	0.00313	0.00313	0.84653
13	0.01182	0.29884	0.52595	0.01300	0.01968	0.01525	0.01593	0.01643	0.01102	0.01526	0.00875	0.01024	0.00673	0.00485	0.00446	0.00149	0.00707	0.00354	0.00224	0.00746
14	0.00726	0.00517	0.00675	0.00680	0.00778	0.00479	0.00493	0.00931	0.01350	0.01900	0.54690	0.25536	0.04468	0.01229	0.00631	0.00179	0.00265	0.01097	0.02899	0.00479
15	0.00755	0.00566	0.00850	0.00850	0.00944	0.00661	0.00661	0.00944	0.00850	0.01227	0.01416	0.02077	0.01322	0.03965	0.79326	0.00850	0.01416	0.00566	0.00283	0.00472
16	0.02010	0.01481	0.01587	0.01216	0.01639	0.01639	0.01005	0.76360	0.02486	0.03332	0.01269	0.01269	0.00899	0.00635	0.00529	0.00159	0.00582	0.00476	0.00529	0.00899
17	0.02010	0.01481	0.01587	0.01216	0.01639	0.01639	0.01005	0.76360	0.02486	0.03332	0.01269	0.01269	0.00899	0.00635	0.00529	0.00159	0.00582	0.00476	0.00529	0.00899
18	0.01315	0.01136	0.01195	0.01076	0.01375	0.01315	0.00837	0.02809	0.77168	0.02211	0.02152	0.01972	0.01614	0.00717	0.00538	0.00179	0.00418	0.00598	0.00538	0.00837
19	0.01096	0.00940	0.01096	0.00783	0.01253	0.00705	0.00626	0.01331	0.01096	0.01723	0.00940	0.01096	0.00783	0.00392	0.00392	0.00078	0.00392	0.00313	0.00313	0.84653
20	0.85155	0.01022	0.00777	0.00695	0.01022	0.01186	0.00573	0.01554	0.00900	0.02372	0.00736	0.00859	0.00573	0.00491	0.00327	0.00164	0.00409	0.00286	0.00327	0.00573
21	0.85155	0.01022	0.00777	0.00695	0.01022	0.01186	0.00573	0.01554	0.00900	0.02372	0.00736	0.00859	0.00573	0.00491	0.00327	0.00164	0.00409	0.00286	0.00327	0.00573
22	0.01315	0.01136	0.01195	0.01076	0.01375	0.01315	0.00837	0.02809	0.77168	0.02211	0.02152	0.01972	0.01614	0.00717	0.00538	0.00179	0.00418	0.00598	0.00538	0.00837
23	0.00661	0.00481	0.00627	0.00733	0.00788	0.00447	0.00510	0.00773	0.01060	0.01396	0.05108	0.65551	0.10977	0.01594	0.00673	0.00212	0.00315	0.07164	0.00493	0.00437
24	0.00756	0.00562	0.00827	0.00827	0.00913	0.00648	0.00632	0.00929	0.00843	0.01210	0.01437	0.02193	0.01372	0.10491	0.72869	0.00821	0.01340	0.00583	0.00286	0.00459
25	0.02010	0.01481	0.01587	0.01216	0.01639	0.01639	0.01005	0.76360	0.02486	0.03332	0.01269	0.01269	0.00899	0.00635	0.00529	0.00159	0.00582	0.00476	0.00529	0.00899
26	0.01315	0.01136	0.01195	0.01076	0.01375	0.01315	0.00837	0.02809	0.77168	0.02211	0.02152	0.01972	0.01614	0.00717	0.00538	0.00179	0.00418	0.00598	0.00538	0.00837
27	0.01315	0.01136	0.01195	0.01076	0.01375	0.01315	0.00837	0.02809	0.77168	0.02211	0.02152	0.01972	0.01614	0.00717	0.00538	0.00179	0.00418	0.00598	0.00538	0.00837
28	0.01096	0.00940	0.01096	0.00783	0.01253	0.00705	0.00626	0.01331	0.01096	0.01723	0.00940	0.01096	0.00783	0.00392	0.00392	0.00078	0.00392	0.00313	0.00313	0.84653
29	0.85155	0.01022	0.00777	0.00695	0.01022	0.01186	0.00573	0.01554	0.00900	0.02372	0.00736	0.00859	0.00573	0.00491	0.00327	0.00164	0.00409	0.00286	0.00327	0.00573
30	0.82072	0.01018	0.00794	0.00704	0.01035	0.01171	0.00580	0.01592	0.00923	0.05207	0.00786	0.00894	0.00600	0.00497	0.00335	0.00164	0.00410	0.00295	0.00339	0.00585

[dist]
# distance from previous block
# <min> <max>
0	9

[block]
# block no. 2 follows, 46 sequences, length 25
# corresponding to MSA columns:
# 63-87
name=unknown_C
#
# <colnr> <probs for GDERKNQSTAVLIFYWHMCP>
#	G	D	E	R	K	N	Q	S	T	A	V	L	I	F	Y	W	H	M	C	P
0	0.01315	0.01136	0.01195	0.01076	0.01375	0.01315	0.00837	0.02809	0.77168	0.02211	0.02152	0.01972	0.01614	0.00717	0.00538	0.00179	0.00418	0.00598	0.00538	0.00837
1	0.01193	0.01138	0.01938	0.31836	0.50433	0.01226	0.01565	0.01521	0.01149	0.01587	0.00974	0.01346	0.00788	0.00492	0.00525	0.00164	0.00657	0.00471	0.00252	0.00744
2	0.00638	0.00497	0.00581	0.00643	0.00744	0.00439	0.00451	0.00754	0.01114	0.01408	0.06213	0.44310	0.37336	0.01495	0.00651	0.00197	0.00287	0.01311	0.00493	0.00439
3	0.00658	0.00537	0.00581	0.00570	0.00734	0.00460	0.00428	0.00822	0.01283	0.01613	0.24694	0.04784	0.58455	0.01270	0.00624	0.00175	0.00263	0.01073	0.00515	0.00460
4	0.00755	0.00566	0.00850	0.00850	0.00944	0.00661	0.00661	0.00944	0.00850	0.01227	0.01416	0.02077	0.01322	0.03965	0.79326	0.00850	0.01416	0.00566	0.00283	0.00472
5	0.01082	0.07665	0.73944	0.01469	0.02230	0.01282	0.01888	0.01669	0.01114	0.01647	0.00935	0.01099	0.00670	0.00499	0.00492	0.00164	0.00768	0.00384	0.00223	0.00775
6	0.00998	0.00940	0.01586	0.80150	0.03641	0.01175	0.01468	0.01351	0.01057	0.01351	0.00940	0.01409	0.00705	0.00529	0.00529	0.00176	0.00705	0.00470	0.00235	0.00587
7	0.02324	0.00956	0.01234	0.00958	0.01359	0.03119	0.00786	0.02571	0.04120	0.73576	0.02050	0.01780	0.01301	0.00653	0.00530	0.00163	0.00464	0.00528	0.00639	0.00889
8	0.00769	0.00513	0.00577	0.00577	0.00577	0.00513	0.00320	0.00769	0.00769	0.01025	0.01666	0.03460	0.01922	0.81421	0.02691	0.00513	0.00513	0.00769	0.00320	0.00320
9	0.00721	0.00515	0.00701	0.00824	0.00888	0.00495	0.00624	0.00868	0.01088	0.01435	0.02872	0.53413	0.03329	0.01584	0.00695	0.00225	0.00373	0.28411	0.00489	0.00451
10	0.01149	0.01030	0.01695	0.02453	0.51271	0.01030	0.01354	0.01439	0.01208	0.01677	0.01624	0.02931	0.01606	0.00816	0.00595	0.00187	0.00579	0.26301	0.00340	0.00715
11	0.01824	0.10253	0.09769	0.01333	0.01676	0.63543	0.01108	0.02014	0.01417	0.01329	0.00823	0.00960	0.00680	0.00531	0.00466	0.00137	0.00897	0.00340	0.00263	0.00637
12	0.00644	0.00460	0.00613	0.00736	0.00767	0.00429	0.00491	0.00736	0.01012	0.01350	0.02914	0.81076	0.03497	0.01656	0.00675	0.00215	0.00307	0.01503	0.00491	0.00429
13	0.01100	0.01044	0.01770	0.54834	0.28159	0.01201	0.01519	0.01440	0.01105	0.01475	0.00958	0.01376	0.00748	0.00510	0.00527	0.00170	0.00679	0.00470	0.00244	0.00670
14	0.43063	0.01567	0.01251	0.01069	0.01400	0.28397	0.06811	0.01838	0.01183	0.07793	0.00895	0.01010	0.00685	0.00519	0.00419	0.00155	0.00641	0.00351	0.00328	0.00623
15	0.02010	0.01481	0.01587	0.01216	0.01639	0.01639	0.01005	0.76360	0.02486	0.03332	0.01269	0.01269	0.00899	0.00635	0.00529	0.00159	0.00582	0.00476	0.00529	0.00899
16	0.01096	0.00940	0.01096	0.00783	0.01253	0.00705	0.00626	0.01331	0.01096	0.01723	0.00940	0.01096	0.00783	0.00392	0.00392	0.00078	0.00392	0.00313	0.00313	0.84653
17	0.00644	0.00460	0.00613	0.00736	0.00767	0.00429	0.00491	0.00736	0.01012	0.01350	0.02914	0.81076	0.03497	0.01656	0.00675	0.00215	0.00307	0.01503	0.00491	0.00429
18	0.02071	0.01334	0.01490	0.01147	0.01563	0.01427	0.00946	0.56684	0.04742	0.20845	0.01489	0.01416	0.01018	0.00642	0.00530	0.00160	0.00546	0.00493	0.00558	0.00897
19	0.01097	0.01154	0.02320	0.29235	0.02858	0.01185	0.42158	0.01473	0.01156	0.01538	0.01219	0.09828	0.01053	0.00602	0.00596	0.00181	0.00765	0.00663	0.00280	0.00639
20	0.01444	0.01200	0.01268	0.01102	0.01424	0.01375	0.00868	0.16473	0.63294	0.02420	0.01988	0.01842	0.01481	0.00702	0.00536	0.00175	0.00449	0.00575	0.00536	0.00848
21	0.01096	0.00940	0.01096	0.00783	0.01253	0.00705	0.00626	0.01331	0.01096	0.01723	0.00940	0.01096	0.00783	0.00392	0.00392	0.00078	0.00392	0.00313	0.00313	0.84653
22	0.01096	0.00940	0.01096	0.00783	0.01253	0.00705	0.00626	0.01331	0.01096	0.01723	0.00940	0.01096	0.00783	0.00392	0.00392	0.00078	0.00392	0.00313	0.00313	0.84653
23	0.01778	0.01620	0.01457	0.01301	0.06293	0.24168	0.00969	0.31368	0.08461	0.05844	0.07230	0.01469	0.01229	0.00632	0.00516	0.00152	0.00640	0.00481	0.00440	0.03954
24	0.01932	0.08547	0.01595	0.01327	0.01613	0.73424	0.01013	0.02071	0.01466	0.01290	0.00811	0.00945	0.00681	0.00538	0.00466	0.00134	0.00924	0.00336	0.00269	0.00618

[dist]
# distance from previous block
# <min> <max>
0	3

[block]
# block no. 3 follows, 46 sequences, length 16
# corresponding to MSA columns:
# 91-105,115
name=unknown_D
#
# <colnr> <probs for GDERKNQSTAVLIFYWHMCP>
#	G	D	E	R	K	N	Q	S	T	A	V	L	I	F	Y	W	H	M	C	P
0	0.00698	0.00517	0.00651	0.00663	0.00770	0.00470	0.00480	0.00884	0.01311	0.01787	0.44550	0.25710	0.16986	0.01286	0.00638	0.00182	0.00269	0.01136	0.00541	0.00470
1	0.01096	0.00940	0.01096	0.00783	0.01253	0.00705	0.00626	0.01331	0.01096	0.01723	0.00940	0.01096	0.00783	0.00392	0.00392	0.00078	0.00392	0.00313	0.00313	0.84653
2	0.01217	0.00967	0.01120	0.00988	0.01209	0.02325	0.00775	0.22489	0.05618	0.02035	0.04311	0.26007	0.03134	0.01030	0.00705	0.00181	0.09095	0.05650	0.00454	0.10689
3	0.01676	0.01491	0.01159	0.01016	0.01264	0.31853	0.00786	0.11005	0.01468	0.10999	0.01311	0.01428	0.01000	0.00607	0.00507	0.00142	0.03876	0.00434	0.27334	0.00643
4	0.00642	0.00468	0.00605	0.00714	0.00761	0.00431	0.00481	0.00739	0.01033	0.01358	0.03178	0.72852	0.11550	0.01622	0.00669	0.00211	0.00302	0.01461	0.00491	0.00431
5	0.00734	0.00549	0.00801	0.00876	0.00957	0.00525	0.04122	0.00887	0.01084	0.01434	0.02794	0.55167	0.03237	0.01542	0.00689	0.00221	0.00387	0.23057	0.00479	0.00460
6	0.01028	0.00970	0.01639	0.72809	0.10751	0.01182	0.01483	0.01377	0.01071	0.01387	0.00945	0.01400	0.00717	0.00523	0.00528	0.00174	0.00697	0.00470	0.00237	0.00611
7	0.47145	0.01255	0.01076	0.00908	0.01256	0.09672	0.00736	0.15236	0.04210	0.12447	0.01072	0.01109	0.00779	0.00553	0.00414	0.00160	0.00505	0.00370	0.00409	0.00689
8	0.25700	0.01242	0.01131	0.00974	0.01293	0.07615	0.00776	0.19024	0.25805	0.02419	0.01399	0.01408	0.01054	0.00611	0.00456	0.00162	0.00482	0.00451	0.07271	0.00729
9	0.23001	0.00943	0.01056	0.00948	0.07395	0.00853	0.00679	0.01377	0.01097	0.01936	0.09272	0.01362	0.01191	0.00499	0.00411	0.00117	0.00400	0.00389	0.00342	0.46733
10	0.10698	0.01186	0.01345	0.26428	0.02096	0.07575	0.01032	0.16265	0.14017	0.06837	0.06280	0.01568	0.01195	0.00621	0.00510	0.00167	0.00575	0.00497	0.00404	0.00703
11	0.01455	0.01119	0.01439	0.01134	0.01514	0.01132	0.09810	0.15164	0.25852	0.10500	0.07782	0.01755	0.01471	0.00630	0.00525	0.00153	0.00488	0.00546	0.00477	0.17054
12	0.01333	0.01342	0.01319	0.01229	0.10546	0.18177	0.00850	0.01658	0.07372	0.01668	0.01018	0.01161	0.00834	0.00461	0.00438	0.00109	0.00546	0.00361	0.00316	0.49260
13	0.08352	0.01244	0.01088	0.09490	0.01387	0.19597	0.00754	0.13868	0.01308	0.01656	0.01541	0.02188	0.07391	0.26575	0.01201	0.00271	0.00621	0.00573	0.00349	0.00547
14	0.12941	0.01204	0.01589	0.26703	0.07655	0.06112	0.09236	0.13030	0.08951	0.01941	0.01186	0.05043	0.00956	0.00599	0.00515	0.00170	0.00628	0.00515	0.00343	0.00683
15	0.06583	0.01218	0.01884	0.08650	0.39823	0.04419	0.09395	0.01664	0.01201	0.07945	0.01056	0.01299	0.00831	0.00482	0.00504	0.00151	0.00618	0.00455	0.00303	0.11518

[dist]
# distance from previous block
# <min> <max>
12	22

[block]
# block no. 4 follows, 46 sequences, length 15
# corresponding to MSA columns:
# 150-164
name=unknown_E
#
# <colnr> <probs for GDERKNQSTAVLIFYWHMCP>
#	G	D	E	R	K	N	Q	S	T	A	V	L	I	F	Y	W	H	M	C	P
0	0.01358	0.01284	0.08938	0.06619	0.10776	0.01056	0.22329	0.03372	0.01242	0.12783	0.01156	0.01341	0.00858	0.00478	0.00515	0.00144	0.00628	0.00471	0.00335	0.24317
1	0.01829	0.01218	0.01539	0.01152	0.01592	0.01199	0.08006	0.35148	0.01832	0.21171	0.01379	0.01376	0.00965	0.00569	0.00509	0.00144	0.00538	0.00469	0.00488	0.18875
2	0.00963	0.00830	0.01249	0.19074	0.18128	0.00892	0.01026	0.01337	0.09886	0.01552	0.01962	0.30063	0.02042	0.01023	0.00599	0.00192	0.00494	0.07693	0.00389	0.00605
3	0.01146	0.01092	0.01920	0.11482	0.43243	0.01125	0.10966	0.01449	0.01114	0.01566	0.01096	0.01540	0.00939	0.03477	0.15238	0.00301	0.00814	0.00517	0.00265	0.00710
4	0.08948	0.18179	0.01303	0.00838	0.01046	0.01156	0.00710	0.01137	0.01051	0.01440	0.02787	0.02816	0.35133	0.00967	0.00806	0.00176	0.19913	0.00699	0.00355	0.00540
5	0.01207	0.12580	0.52705	0.01388	0.02003	0.01423	0.01636	0.08706	0.01205	0.01730	0.00922	0.01101	0.00695	0.00557	0.00626	0.00167	0.09945	0.00393	0.00254	0.00756
6	0.01354	0.37238	0.18708	0.01197	0.01600	0.11720	0.01200	0.01604	0.01081	0.01349	0.00783	0.00986	0.00680	0.00577	0.00692	0.00153	0.17824	0.00352	0.00233	0.00671
7	0.01177	0.01848	0.28612	0.01916	0.02492	0.01323	0.45009	0.01653	0.01168	0.01653	0.00998	0.01299	0.00749	0.00503	0.00672	0.00179	0.07243	0.00532	0.00250	0.00725
8	0.01112	0.02256	0.52877	0.01643	0.02272	0.01301	0.17483	0.01627	0.01104	0.01627	0.00941	0.01187	0.00701	0.00545	0.00686	0.00178	0.11037	0.00449	0.00234	0.00741
9	0.01248	0.01426	0.03119	0.02228	0.02763	0.01337	0.76203	0.01693	0.01248	0.01693	0.01070	0.01426	0.00802	0.00446	0.00624	0.00178	0.00891	0.00624	0.00267	0.00713
10	0.00769	0.00513	0.00577	0.00577	0.00577	0.00513	0.00320	0.00769	0.00769	0.01025	0.01666	0.03460	0.01922	0.81421	0.02691	0.00513	0.00513	0.00769	0.00320	0.00320
11	0.01336	0.45894	0.02874	0.01466	0.01936	0.01765	0.31877	0.01618	0.01136	0.01430	0.00871	0.01097	0.00730	0.00466	0.00505	0.00144	0.03495	0.00429	0.00243	0.00689
12	0.00711	0.00527	0.00679	0.00775	0.00868	0.00494	0.00596	0.00864	0.01123	0.01446	0.03388	0.39295	0.19007	0.01522	0.00683	0.00217	0.00360	0.26501	0.00489	0.00453
13	0.01279	0.51762	0.31573	0.01133	0.01710	0.01764	0.01302	0.01618	0.01090	0.01407	0.00816	0.00950	0.00675	0.00471	0.00401	0.00134	0.00647	0.00324	0.00225	0.00717
14	0.00639	0.00478	0.00594	0.00687	0.00754	0.00434	0.00469	0.00742	0.01059	0.01369	0.03510	0.62532	0.21655	0.01579	0.00663	0.00206	0.00297	0.01408	0.00491	0.00434

[dist]
# distance from previous block
# <min> <max>
0	174

# created by:
# /st0/software/busco_prod/Augustus/scripts/msa2prfl.pl ./align_prep/70593.fa
