[name]
unknown

[dist]
# distance from previous block
# <min> <max>
6	497

[block]
# block no. 0 follows, 49 sequences, length 17
# corresponding to MSA columns:
# 570-586
name=unknown_A
#
# <colnr> <probs for GDERKNQSTAVLIFYWHMCP>
#	G	D	E	R	K	N	Q	S	T	A	V	L	I	F	Y	W	H	M	C	P
0	0.03286	0.12991	0.19296	0.08352	0.01804	0.07720	0.04306	0.11698	0.18977	0.04883	0.01215	0.01284	0.00909	0.00546	0.00472	0.00153	0.00604	0.00430	0.00346	0.00728
1	0.27043	0.01303	0.11374	0.01498	0.22251	0.06473	0.01034	0.05746	0.02947	0.01911	0.07371	0.04535	0.03337	0.00594	0.00454	0.00156	0.00519	0.00475	0.00325	0.00653
2	0.01289	0.01302	0.01690	0.26853	0.33606	0.13995	0.01329	0.04595	0.07467	0.01570	0.01008	0.01277	0.00800	0.00504	0.00496	0.00154	0.00656	0.00440	0.00275	0.00694
3	0.01261	0.56212	0.21546	0.01021	0.01519	0.01737	0.01108	0.01630	0.07262	0.01366	0.00863	0.00961	0.00719	0.00465	0.00378	0.00126	0.00580	0.00320	0.00240	0.00685
4	0.00666	0.00474	0.00638	0.00751	0.00799	0.00453	0.00543	0.00784	0.01005	0.01331	0.02722	0.61809	0.03194	0.04251	0.00722	0.00221	0.00339	0.18413	0.00463	0.00420
5	0.01411	0.01104	0.01322	0.01093	0.01374	0.01240	0.04013	0.21960	0.28015	0.07427	0.07002	0.04292	0.01445	0.00719	0.00677	0.00168	0.11588	0.00562	0.00462	0.04126
6	0.01115	0.01320	0.12847	0.20217	0.04927	0.01133	0.35370	0.01529	0.03245	0.04759	0.01187	0.07844	0.00979	0.00562	0.00555	0.00170	0.00714	0.00591	0.00282	0.00656
7	0.00626	0.00507	0.00557	0.00559	0.00704	0.00437	0.00413	0.00776	0.01199	0.01511	0.21777	0.11856	0.54803	0.01253	0.00602	0.00171	0.00256	0.01067	0.00489	0.00437
8	0.00668	0.00482	0.00552	0.00584	0.00635	0.00452	0.00371	0.00724	0.00903	0.01162	0.02799	0.25650	0.21294	0.39695	0.01547	0.00332	0.00377	0.01014	0.00392	0.00365
9	0.01159	0.17357	0.12746	0.09386	0.05486	0.01356	0.39058	0.01528	0.01117	0.01491	0.00995	0.04188	0.00815	0.00486	0.00517	0.00157	0.00729	0.00514	0.00247	0.00667
10	0.00811	0.00822	0.07315	0.03363	0.18218	0.00691	0.00832	0.01007	0.01042	0.01407	0.04831	0.28548	0.16351	0.06034	0.06184	0.00239	0.00484	0.00919	0.00373	0.00530
11	0.00878	0.00439	0.00659	0.00659	0.00659	0.00439	0.00439	0.00659	0.00659	0.00878	0.00878	0.01537	0.00878	0.01757	0.01976	0.85288	0.00439	0.00439	0.00220	0.00220
12	0.01068	0.15433	0.67266	0.01349	0.02046	0.01307	0.01707	0.01587	0.01061	0.01535	0.00875	0.01026	0.00642	0.00473	0.00455	0.00152	0.00714	0.00357	0.00214	0.00732
13	0.01286	0.01740	0.28961	0.04924	0.02248	0.01238	0.30626	0.11368	0.04156	0.06824	0.01103	0.01284	0.00791	0.00494	0.00533	0.00164	0.00727	0.00489	0.00305	0.00738
14	0.01239	0.01374	0.09442	0.16397	0.32965	0.03822	0.17892	0.07660	0.01236	0.01686	0.00969	0.01262	0.00756	0.00473	0.00519	0.00158	0.00689	0.00471	0.00264	0.00725
15	0.01077	0.01098	0.01835	0.01474	0.01624	0.01350	0.21583	0.01282	0.00893	0.01320	0.00856	0.01297	0.00774	0.01162	0.12193	0.00289	0.48586	0.00498	0.00237	0.00574
16	0.01354	0.01158	0.01300	0.01109	0.01411	0.03604	0.05703	0.17483	0.49459	0.02207	0.01843	0.08146	0.01475	0.00721	0.00527	0.00169	0.00467	0.00612	0.00485	0.00767

[dist]
# distance from previous block
# <min> <max>
0	1

[block]
# block no. 1 follows, 49 sequences, length 108
# corresponding to MSA columns:
# 588-695
name=unknown_B
#
# <colnr> <probs for GDERKNQSTAVLIFYWHMCP>
#	G	D	E	R	K	N	Q	S	T	A	V	L	I	F	Y	W	H	M	C	P
0	0.01099	0.01045	0.01782	0.10648	0.01948	0.01062	0.30335	0.04263	0.17288	0.03268	0.10469	0.02172	0.10948	0.00673	0.00564	0.00168	0.00577	0.00661	0.00382	0.00648
1	0.01745	0.01453	0.01327	0.01066	0.01435	0.20674	0.00849	0.27427	0.06634	0.13581	0.01213	0.01224	0.00888	0.00546	0.00468	0.00133	0.00579	0.00407	0.00422	0.17930
2	0.75035	0.01162	0.00832	0.00747	0.01053	0.11278	0.00603	0.01555	0.00934	0.02136	0.00714	0.00833	0.00561	0.00476	0.00331	0.00153	0.00458	0.00280	0.00306	0.00553
3	0.00727	0.00522	0.00712	0.00712	0.00768	0.00578	0.00507	0.00839	0.00783	0.01100	0.01446	0.02495	0.01485	0.33924	0.50395	0.00689	0.01022	0.00616	0.00285	0.00396
4	0.01373	0.79388	0.02602	0.00882	0.01308	0.05071	0.00870	0.01534	0.01043	0.01192	0.00706	0.00815	0.00649	0.00436	0.00330	0.00109	0.00555	0.00273	0.00218	0.00646
5	0.01049	0.00899	0.01049	0.00749	0.01198	0.00674	0.00599	0.01273	0.01049	0.01648	0.00899	0.01049	0.00749	0.00374	0.00374	0.00075	0.00374	0.00300	0.00300	0.85320
6	0.00890	0.01366	0.32200	0.00967	0.01346	0.00763	0.01041	0.01259	0.01267	0.04859	0.40813	0.04864	0.04670	0.00818	0.00548	0.00161	0.00451	0.00701	0.00418	0.00597
7	0.01049	0.00899	0.01049	0.00749	0.01198	0.00674	0.00599	0.01273	0.01049	0.01648	0.00899	0.01049	0.00749	0.00374	0.00374	0.00075	0.00374	0.00300	0.00300	0.85320
8	0.00905	0.00731	0.00802	0.00748	0.00947	0.00760	0.00571	0.01525	0.29331	0.03367	0.14634	0.03315	0.30384	0.03973	0.05533	0.00220	0.00386	0.00807	0.00485	0.00578
9	0.00657	0.00471	0.00623	0.00676	0.00742	0.00438	0.00473	0.00806	0.01157	0.01591	0.33783	0.50046	0.03926	0.01360	0.00625	0.00186	0.00271	0.01224	0.00505	0.00438
10	0.01184	0.01062	0.01627	0.28757	0.32568	0.01175	0.01297	0.01765	0.19670	0.03972	0.01232	0.01451	0.00951	0.00531	0.00506	0.00162	0.00572	0.00481	0.00317	0.00722
11	0.01277	0.01076	0.01518	0.51815	0.02773	0.01285	0.01248	0.26134	0.01448	0.01908	0.00992	0.01295	0.00734	0.00554	0.00551	0.00165	0.03801	0.00451	0.00316	0.00659
12	0.00623	0.00445	0.00593	0.00700	0.00735	0.00415	0.00470	0.00720	0.00998	0.01339	0.07764	0.76784	0.03438	0.01548	0.00642	0.00202	0.00290	0.01403	0.00475	0.00415
13	0.02205	0.00862	0.01156	0.00891	0.01271	0.00758	0.00734	0.04715	0.01460	0.73985	0.01957	0.01712	0.01241	0.00624	0.00502	0.00155	0.00426	0.00505	0.03994	0.00845
14	0.01014	0.02616	0.79609	0.01441	0.02189	0.01174	0.01868	0.01601	0.01068	0.01601	0.00907	0.01068	0.00641	0.00480	0.00480	0.00160	0.00747	0.00374	0.00214	0.00747
15	0.00623	0.00512	0.00576	0.03362	0.00806	0.00454	0.00455	0.00753	0.01107	0.01352	0.04359	0.21960	0.56330	0.01326	0.00609	0.00181	0.00287	0.04057	0.00461	0.00429
16	0.00724	0.00486	0.00555	0.00566	0.00569	0.00483	0.00322	0.00732	0.00757	0.01010	0.01705	0.10662	0.01979	0.74684	0.02393	0.00464	0.00472	0.00801	0.00322	0.00316
17	0.01014	0.02616	0.79609	0.01441	0.02189	0.01174	0.01868	0.01601	0.01068	0.01601	0.00907	0.01068	0.00641	0.00480	0.00480	0.00160	0.00747	0.00374	0.00214	0.00747
18	0.01252	0.01364	0.16900	0.27704	0.20476	0.03485	0.01382	0.01704	0.08027	0.11091	0.01147	0.01351	0.00845	0.00519	0.00499	0.00160	0.00624	0.00449	0.00305	0.00713
19	0.01020	0.02575	0.77093	0.01464	0.02204	0.01178	0.04343	0.01602	0.01072	0.01602	0.00911	0.01077	0.00645	0.00479	0.00484	0.00160	0.00751	0.00381	0.00215	0.00745
20	0.01236	0.01061	0.01501	0.01960	0.38310	0.02734	0.01120	0.01807	0.21700	0.06627	0.03295	0.02108	0.07527	0.00673	0.00528	0.00164	0.00499	0.06031	0.00384	0.00739
21	0.01204	0.30849	0.38587	0.01212	0.04732	0.01394	0.01329	0.01575	0.01095	0.06563	0.04441	0.03003	0.00937	0.00522	0.00436	0.00142	0.00614	0.00397	0.00264	0.00702
22	0.01292	0.00714	0.00935	0.00790	0.01037	0.00653	0.03239	0.04944	0.03689	0.27778	0.24871	0.07421	0.18664	0.00929	0.00563	0.00164	0.00350	0.00798	0.00543	0.00625
23	0.00722	0.00542	0.00813	0.00813	0.00903	0.00632	0.00632	0.00903	0.00813	0.01174	0.01354	0.01987	0.01264	0.03792	0.80225	0.00813	0.01354	0.00542	0.00271	0.00451
24	0.00924	0.00765	0.01197	0.20420	0.15152	0.00819	0.01083	0.01193	0.01125	0.01485	0.01954	0.03893	0.02011	0.01020	0.00618	0.00203	0.00539	0.44682	0.00371	0.00547
25	0.00934	0.00851	0.01450	0.52432	0.02742	0.00991	0.07707	0.01249	0.01058	0.01370	0.01354	0.02424	0.01241	0.00816	0.03010	0.00204	0.00660	0.18675	0.00287	0.00545
26	0.01264	0.01225	0.02040	0.03068	0.77536	0.02769	0.01540	0.01561	0.01157	0.01644	0.00948	0.01245	0.00798	0.00452	0.00500	0.00150	0.00607	0.00448	0.00251	0.00797
27	0.01369	0.80048	0.02612	0.00879	0.01306	0.04426	0.00869	0.01530	0.01040	0.01191	0.00705	0.00814	0.00649	0.00435	0.00329	0.00109	0.00552	0.00272	0.00218	0.00647
28	0.01055	0.00923	0.01107	0.00816	0.01213	0.00776	0.00658	0.01267	0.01017	0.01598	0.00871	0.01055	0.00739	0.00434	0.00524	0.00092	0.09782	0.00316	0.00290	0.75466
29	0.01352	0.82533	0.02650	0.00865	0.01298	0.02001	0.00865	0.01514	0.01027	0.01190	0.00703	0.00811	0.00649	0.00433	0.00324	0.00108	0.00541	0.00270	0.00216	0.00649
30	0.01049	0.00899	0.01049	0.00749	0.01198	0.00674	0.00599	0.01273	0.01049	0.01648	0.00899	0.01049	0.00749	0.00374	0.00374	0.00075	0.00374	0.00300	0.00300	0.85320
31	0.00696	0.00474	0.00563	0.00601	0.00611	0.00464	0.00360	0.00725	0.00811	0.01082	0.01983	0.28968	0.02330	0.55899	0.01944	0.00397	0.00426	0.00965	0.00360	0.00340
32	0.01313	0.73243	0.11596	0.00932	0.01401	0.01905	0.00982	0.01524	0.01032	0.01238	0.00727	0.00841	0.00648	0.00438	0.00343	0.00114	0.00565	0.00282	0.00216	0.00660
33	0.01240	0.11363	0.41743	0.01226	0.01772	0.01302	0.01367	0.18476	0.06425	0.01916	0.01179	0.07622	0.00967	0.00605	0.00483	0.00157	0.00621	0.00478	0.00319	0.00737
34	0.00955	0.00899	0.01517	0.81013	0.03483	0.01123	0.01404	0.01292	0.01011	0.01292	0.00899	0.01348	0.00674	0.00506	0.00506	0.00169	0.00674	0.00449	0.00225	0.00562
35	0.01106	0.01106	0.01549	0.01328	0.01328	0.01549	0.01106	0.01217	0.00774	0.01217	0.00664	0.01106	0.00664	0.00885	0.01659	0.00221	0.81303	0.00443	0.00221	0.00553
36	0.01049	0.00899	0.01049	0.00749	0.01198	0.00674	0.00599	0.01273	0.01049	0.01648	0.00899	0.01049	0.00749	0.00374	0.00374	0.00075	0.00374	0.00300	0.00300	0.85320
37	0.01248	0.00925	0.01122	0.00966	0.01195	0.01043	0.00776	0.34439	0.01499	0.02057	0.01293	0.01648	0.01087	0.02396	0.45271	0.00523	0.01005	0.00504	0.00374	0.00631
38	0.00955	0.00899	0.01517	0.81013	0.03483	0.01123	0.01404	0.01292	0.01011	0.01292	0.00899	0.01348	0.00674	0.00506	0.00506	0.00169	0.00674	0.00449	0.00225	0.00562
39	0.01494	0.01014	0.01133	0.00979	0.01289	0.01104	0.00773	0.04065	0.54673	0.21133	0.02148	0.01951	0.04547	0.00693	0.00516	0.00167	0.00405	0.00574	0.00540	0.00801
40	0.01352	0.82533	0.02650	0.00865	0.01298	0.02001	0.00865	0.01514	0.01027	0.01190	0.00703	0.00811	0.00649	0.00433	0.00324	0.00108	0.00541	0.00270	0.00216	0.00649
41	0.01049	0.00899	0.01049	0.00749	0.01198	0.00674	0.00599	0.01273	0.01049	0.01648	0.00899	0.01049	0.00749	0.00374	0.00374	0.00075	0.00374	0.00300	0.00300	0.85320
42	0.01763	0.01737	0.06430	0.01429	0.10589	0.25838	0.01074	0.36223	0.01808	0.04922	0.02695	0.01187	0.00871	0.00564	0.00490	0.00146	0.00673	0.00421	0.00387	0.00753
43	0.01125	0.00647	0.00666	0.00600	0.00771	0.00675	0.00466	0.15344	0.01305	0.02127	0.01569	0.01760	0.01215	0.00592	0.00382	0.00124	0.00295	0.00468	0.69324	0.00544
44	0.01150	0.01863	0.31544	0.01747	0.02297	0.06184	0.38909	0.01596	0.01138	0.01563	0.01000	0.03506	0.00782	0.00504	0.00588	0.00167	0.04014	0.00514	0.00245	0.00688
45	0.00678	0.00487	0.00663	0.00714	0.00760	0.00507	0.00497	0.00783	0.00866	0.01187	0.02029	0.37283	0.02288	0.18127	0.30182	0.00483	0.00721	0.00972	0.00365	0.00405
46	0.85801	0.00978	0.00743	0.00665	0.00978	0.01134	0.00548	0.01486	0.00861	0.02269	0.00704	0.00821	0.00548	0.00469	0.00313	0.00156	0.00391	0.00274	0.00313	0.00548
47	0.00826	0.00693	0.01068	0.25897	0.11617	0.00749	0.00880	0.01023	0.01022	0.01371	0.09119	0.29735	0.02148	0.10632	0.00808	0.00216	0.00469	0.00871	0.00354	0.00502
48	0.00843	0.00742	0.00767	0.00847	0.00940	0.10704	0.00644	0.00986	0.01099	0.01360	0.02587	0.43604	0.05874	0.01375	0.00636	0.00203	0.00427	0.25469	0.00441	0.00452
49	0.00616	0.00440	0.00587	0.00704	0.00733	0.00411	0.00469	0.00704	0.00968	0.01291	0.02787	0.81899	0.03344	0.01584	0.00645	0.00205	0.00293	0.01438	0.00469	0.00411
50	0.01243	0.01193	0.02037	0.05321	0.76923	0.01199	0.01548	0.01545	0.01147	0.01642	0.00950	0.01254	0.00797	0.00452	0.00501	0.00151	0.00603	0.00451	0.00250	0.00794
51	0.00954	0.00779	0.01317	0.01126	0.01334	0.00747	0.20751	0.02653	0.06776	0.06881	0.02184	0.47717	0.02341	0.01128	0.00611	0.00189	0.00463	0.01069	0.00428	0.00550
52	0.00618	0.00447	0.00585	0.00690	0.00731	0.00414	0.00464	0.00713	0.00994	0.01318	0.05270	0.74658	0.08133	0.01548	0.00641	0.00202	0.00289	0.01398	0.00472	0.00414
53	0.00735	0.00490	0.00552	0.00552	0.00552	0.00490	0.00306	0.00735	0.00735	0.00980	0.01593	0.03309	0.01838	0.82229	0.02574	0.00490	0.00490	0.00735	0.00306	0.00306
54	0.00993	0.00938	0.01585	0.71018	0.13181	0.01133	0.01423	0.01325	0.01029	0.01338	0.00905	0.01336	0.00690	0.00499	0.00505	0.00166	0.00665	0.00450	0.00228	0.00592
55	0.01229	0.01178	0.02011	0.09119	0.73238	0.01195	0.01541	0.01532	0.01141	0.01624	0.00947	0.01259	0.00791	0.00455	0.00501	0.00152	0.00606	0.00450	0.00248	0.00783
56	0.01309	0.72280	0.12523	0.00939	0.01412	0.01895	0.00994	0.01525	0.01033	0.01243	0.00729	0.00844	0.00648	0.00439	0.00344	0.00115	0.00567	0.00284	0.00216	0.00662
57	0.01137	0.01034	0.01467	0.01207	0.01425	0.02946	0.13997	0.04569	0.17885	0.04114	0.11977	0.06662	0.04712	0.00803	0.00847	0.00181	0.21732	0.00642	0.00387	0.02277
58	0.00735	0.00490	0.00552	0.00552	0.00552	0.00490	0.00306	0.00735	0.00735	0.00980	0.01593	0.03309	0.01838	0.82229	0.02574	0.00490	0.00490	0.00735	0.00306	0.00306
59	0.00784	0.00570	0.00771	0.00865	0.00988	0.00558	0.00745	0.01005	0.01178	0.01525	0.07230	0.05497	0.11960	0.01363	0.00681	0.00221	0.00428	0.62697	0.00471	0.00462
60	0.16802	0.01352	0.01297	0.01278	0.10579	0.13663	0.00903	0.16659	0.28342	0.02157	0.01318	0.01335	0.01003	0.00578	0.00465	0.00156	0.00533	0.00442	0.00405	0.00733
61	0.01121	0.01069	0.01818	0.37264	0.45930	0.01167	0.01487	0.01438	0.01090	0.01494	0.00928	0.01294	0.00745	0.00475	0.00503	0.00158	0.00633	0.00450	0.00239	0.00696
62	0.00616	0.00440	0.00587	0.00704	0.00733	0.00411	0.00469	0.00704	0.00968	0.01291	0.02787	0.81899	0.03344	0.01584	0.00645	0.00205	0.00293	0.01438	0.00469	0.00411
63	0.00694	0.00505	0.00656	0.00675	0.00764	0.00475	0.00484	0.00911	0.03610	0.01745	0.47051	0.33930	0.04120	0.01236	0.00613	0.00177	0.00265	0.01106	0.00522	0.00461
64	0.05230	0.02251	0.01425	0.01305	0.03182	0.69368	0.00971	0.07739	0.01476	0.01436	0.00815	0.00939	0.00666	0.00524	0.00455	0.00133	0.00857	0.00336	0.00281	0.00610
65	0.01338	0.79341	0.05724	0.00888	0.01333	0.01968	0.00905	0.01518	0.01029	0.01206	0.00711	0.00821	0.00649	0.00435	0.00331	0.00110	0.00549	0.00275	0.00216	0.00653
66	0.00722	0.00542	0.00813	0.00813	0.00903	0.00632	0.00632	0.00903	0.00813	0.01174	0.01354	0.01987	0.01264	0.03792	0.80225	0.00813	0.01354	0.00542	0.00271	0.00451
67	0.00638	0.00456	0.00612	0.00729	0.00768	0.00429	0.00507	0.00742	0.00990	0.01315	0.02775	0.73582	0.03297	0.01564	0.00651	0.00208	0.00312	0.09540	0.00469	0.00417
68	0.00949	0.00895	0.01524	0.75498	0.03350	0.01100	0.03639	0.01279	0.01015	0.01302	0.00977	0.04511	0.00782	0.00546	0.00514	0.00170	0.00664	0.00493	0.00235	0.00559
69	0.01257	0.60071	0.24281	0.01027	0.01548	0.01769	0.01147	0.01539	0.01039	0.01305	0.00760	0.00883	0.00647	0.00446	0.00368	0.00123	0.00599	0.00299	0.00216	0.00677
70	0.01870	0.02370	0.01424	0.01295	0.01556	0.77831	0.00972	0.02039	0.03735	0.01264	0.00820	0.00941	0.00678	0.00526	0.00458	0.00132	0.00897	0.00333	0.00268	0.00593
71	0.00730	0.00512	0.00663	0.00663	0.00701	0.00551	0.00445	0.00807	0.00768	0.01063	0.01492	0.02747	0.01594	0.48888	0.35580	0.00627	0.00858	0.00653	0.00291	0.00368
72	0.00735	0.00493	0.00563	0.00563	0.00567	0.00497	0.00321	0.00743	0.00739	0.00989	0.01582	0.03249	0.01812	0.78666	0.06101	0.00505	0.00530	0.00727	0.00305	0.00313
73	0.01435	0.01167	0.01241	0.01065	0.01380	0.01329	0.00846	0.23808	0.54752	0.02404	0.01835	0.01792	0.01384	0.00682	0.00517	0.00167	0.00446	0.02431	0.00511	0.00809
74	0.00955	0.00899	0.01517	0.81013	0.03483	0.01123	0.01404	0.01292	0.01011	0.01292	0.00899	0.01348	0.00674	0.00506	0.00506	0.00169	0.00674	0.00449	0.00225	0.00562
75	0.01194	0.01364	0.02984	0.02131	0.02643	0.01279	0.77238	0.01620	0.01194	0.01620	0.01023	0.01364	0.00767	0.00426	0.00597	0.00171	0.00853	0.00597	0.00256	0.00682
76	0.03753	0.02018	0.01423	0.06764	0.01670	0.54114	0.00984	0.16051	0.05553	0.01675	0.00935	0.01047	0.00736	0.00543	0.00468	0.00140	0.00790	0.00370	0.00318	0.00646
77	0.00650	0.00516	0.00587	0.00585	0.00731	0.00452	0.00444	0.00819	0.01238	0.01588	0.28853	0.07093	0.47586	0.01218	0.00605	0.00172	0.00265	0.05656	0.00498	0.00445
78	0.01491	0.04132	0.03739	0.01668	0.02115	0.06574	0.40032	0.27855	0.01601	0.02113	0.01052	0.01252	0.00783	0.00508	0.00572	0.00160	0.02769	0.00511	0.00340	0.00734
79	0.01118	0.01123	0.02071	0.33202	0.28201	0.01199	0.20896	0.01460	0.01099	0.01493	0.00943	0.01315	0.00740	0.00476	0.00554	0.00164	0.02547	0.00487	0.00241	0.00671
80	0.01865	0.01371	0.01467	0.01133	0.01524	0.01518	0.00933	0.72241	0.04663	0.03105	0.01256	0.01260	0.00897	0.00609	0.00500	0.00151	0.00540	0.00459	0.03664	0.00844
81	0.01922	0.01416	0.01518	0.01163	0.01568	0.01568	0.00961	0.77388	0.02378	0.03187	0.01214	0.01214	0.00860	0.00607	0.00506	0.00152	0.00556	0.00455	0.00506	0.00860
82	0.00745	0.00605	0.00884	0.00867	0.00923	0.00646	0.05764	0.00849	0.00915	0.01251	0.02140	0.50288	0.02494	0.13972	0.04000	0.00272	0.11462	0.01103	0.00388	0.00434
83	0.01374	0.01977	0.48388	0.01292	0.01893	0.01096	0.04091	0.06646	0.01235	0.19761	0.01176	0.01239	0.00806	0.00529	0.00525	0.00158	0.03133	0.00417	0.00333	0.03932
84	0.00616	0.00440	0.00587	0.00704	0.00733	0.00411	0.00469	0.00704	0.00968	0.01291	0.02787	0.81899	0.03344	0.01584	0.00645	0.00205	0.00293	0.01438	0.00469	0.00411
85	0.01889	0.02410	0.01433	0.01303	0.01563	0.80199	0.00977	0.02019	0.01433	0.01238	0.00782	0.00912	0.00651	0.00521	0.00456	0.00130	0.00912	0.00326	0.00261	0.00586
86	0.00638	0.00514	0.00568	0.00554	0.00708	0.00444	0.00416	0.00804	0.01247	0.01591	0.30204	0.04496	0.53647	0.01197	0.00597	0.00167	0.00250	0.01015	0.00499	0.00444
87	0.01317	0.00667	0.00861	0.00792	0.00992	0.00612	0.00597	0.06383	0.01254	0.30565	0.02576	0.40518	0.08473	0.01138	0.00581	0.00181	0.00359	0.00997	0.00530	0.00609
88	0.02242	0.00903	0.01200	0.00920	0.01312	0.00806	0.00760	0.08182	0.01518	0.73607	0.01935	0.01682	0.01222	0.00624	0.00508	0.00156	0.00440	0.00504	0.00617	0.00861
89	0.00972	0.00533	0.00557	0.00547	0.00674	0.00540	0.00409	0.06396	0.01141	0.01905	0.01755	0.11344	0.01509	0.00709	0.00399	0.00131	0.00265	0.00585	0.69140	0.00491
90	0.00955	0.00899	0.01517	0.81013	0.03483	0.01123	0.01404	0.01292	0.01011	0.01292	0.00899	0.01348	0.00674	0.00506	0.00506	0.00169	0.00674	0.00449	0.00225	0.00562
91	0.00616	0.00440	0.00587	0.00704	0.00733	0.00411	0.00469	0.00704	0.00968	0.01291	0.02787	0.81899	0.03344	0.01584	0.00645	0.00205	0.00293	0.01438	0.00469	0.00411
92	0.00610	0.00515	0.00529	0.00533	0.00700	0.00435	0.00404	0.00745	0.01161	0.01391	0.07122	0.04869	0.73726	0.01278	0.00602	0.00173	0.00264	0.04043	0.00472	0.00430
93	0.00623	0.00443	0.00585	0.00696	0.00723	0.00415	0.00460	0.00706	0.00955	0.01273	0.02720	0.77496	0.03260	0.06102	0.00753	0.00221	0.00304	0.01398	0.00460	0.00405
94	0.02329	0.01039	0.20067	0.00812	0.01097	0.00649	0.00802	0.01069	0.01260	0.01769	0.40786	0.05679	0.18794	0.00955	0.00564	0.00163	0.00372	0.00817	0.00447	0.00533
95	0.00615	0.00511	0.00538	0.00535	0.00695	0.00434	0.00400	0.00758	0.01189	0.01461	0.15800	0.06503	0.66318	0.01252	0.00599	0.00170	0.00254	0.01054	0.00482	0.00434
96	0.00944	0.00617	0.00844	0.00918	0.01062	0.00610	0.00792	0.01205	0.03572	0.08165	0.02654	0.06842	0.04339	0.01311	0.00673	0.00223	0.00453	0.63788	0.00481	0.00508
97	0.01049	0.00899	0.01049	0.00749	0.01198	0.00674	0.00599	0.01273	0.01049	0.01648	0.00899	0.01049	0.00749	0.00374	0.00374	0.00075	0.00374	0.00300	0.00300	0.85320
98	0.85801	0.00978	0.00743	0.00665	0.00978	0.01134	0.00548	0.01486	0.00861	0.02269	0.00704	0.00821	0.00548	0.00469	0.00313	0.00156	0.00391	0.00274	0.00313	0.00548
99	0.00646	0.00461	0.00621	0.00738	0.00780	0.00436	0.00521	0.00755	0.00997	0.01324	0.02771	0.70562	0.03280	0.01556	0.00653	0.00209	0.00319	0.12482	0.00469	0.00419
100	0.01096	0.21963	0.60978	0.01302	0.01973	0.01374	0.01625	0.01580	0.01058	0.01502	0.00858	0.01006	0.00643	0.00469	0.00443	0.00148	0.00697	0.00349	0.00214	0.00724
101	0.01258	0.01086	0.01143	0.01029	0.01315	0.01258	0.00800	0.02687	0.78161	0.02115	0.02058	0.01887	0.01544	0.00686	0.00515	0.00172	0.00400	0.00572	0.00515	0.00800
102	0.01818	0.01285	0.01400	0.01106	0.01484	0.01412	0.00903	0.53264	0.18453	0.11279	0.01479	0.01413	0.01049	0.00626	0.00508	0.00156	0.00509	0.00486	0.00521	0.00847
103	0.02188	0.00843	0.01148	0.00886	0.01263	0.00729	0.00729	0.02386	0.01446	0.75418	0.05971	0.01828	0.01434	0.00647	0.00513	0.00157	0.00420	0.00530	0.00622	0.00841
104	0.00716	0.00517	0.00676	0.00636	0.00755	0.00477	0.00477	0.00954	0.01431	0.02028	0.78808	0.03777	0.04771	0.01034	0.00596	0.00159	0.00239	0.00914	0.00557	0.00477
105	0.00735	0.00490	0.00552	0.00552	0.00552	0.00490	0.00306	0.00735	0.00735	0.00980	0.01593	0.03309	0.01838	0.82229	0.02574	0.00490	0.00490	0.00735	0.00306	0.00306
106	0.01194	0.01364	0.02984	0.02131	0.02643	0.01279	0.77238	0.01620	0.01194	0.01620	0.01023	0.01364	0.00767	0.00426	0.00597	0.00171	0.00853	0.00597	0.00256	0.00682
107	0.10933	0.00848	0.00919	0.00825	0.01035	0.03239	0.00642	0.03246	0.22600	0.07129	0.34950	0.03997	0.02761	0.00825	0.00572	0.00164	0.03524	0.00682	0.00496	0.00613

[dist]
# distance from previous block
# <min> <max>
2	5

[block]
# block no. 2 follows, 49 sequences, length 67
# corresponding to MSA columns:
# 702-768
name=unknown_C
#
# <colnr> <probs for GDERKNQSTAVLIFYWHMCP>
#	G	D	E	R	K	N	Q	S	T	A	V	L	I	F	Y	W	H	M	C	P
0	0.01312	0.61604	0.18425	0.01008	0.01496	0.06199	0.01078	0.01560	0.01058	0.01277	0.00749	0.00870	0.00647	0.00447	0.00364	0.00120	0.00604	0.00295	0.00218	0.00666
1	0.25778	0.01302	0.01593	0.01284	0.01556	0.12440	0.18524	0.05729	0.01081	0.01725	0.00840	0.01106	0.00693	0.00737	0.04706	0.00204	0.19406	0.00419	0.00280	0.00598
2	0.00754	0.00585	0.00701	0.00752	0.00851	0.00592	0.00532	0.01132	0.17030	0.01512	0.07319	0.54367	0.09243	0.01340	0.00611	0.00193	0.00309	0.01197	0.00484	0.00497
3	0.00599	0.00508	0.00517	0.00524	0.00686	0.00426	0.00389	0.00724	0.01142	0.01362	0.04985	0.09419	0.74406	0.01299	0.00600	0.00173	0.00258	0.01089	0.00470	0.00426
4	0.01535	0.01781	0.01648	0.06111	0.15084	0.40671	0.05368	0.03085	0.02612	0.01380	0.00840	0.01078	0.00707	0.00573	0.00694	0.00156	0.15391	0.00397	0.00258	0.00630
5	0.00955	0.00899	0.01517	0.81013	0.03483	0.01123	0.01404	0.01292	0.01011	0.01292	0.00899	0.01348	0.00674	0.00506	0.00506	0.00169	0.00674	0.00449	0.00225	0.00562
6	0.00608	0.00471	0.00555	0.00623	0.00712	0.00418	0.00433	0.00713	0.01046	0.01323	0.03776	0.49296	0.35309	0.01456	0.00625	0.00191	0.00278	0.01281	0.00469	0.00418
7	0.00724	0.00535	0.00779	0.00779	0.00858	0.00614	0.00591	0.00882	0.00803	0.01149	0.01385	0.02155	0.01337	0.13790	0.70327	0.00772	0.01244	0.00566	0.00275	0.00433
8	0.26723	0.04700	0.07344	0.01105	0.03730	0.19566	0.00915	0.21772	0.04678	0.03637	0.00962	0.01040	0.00728	0.00529	0.00428	0.00148	0.00596	0.00364	0.00353	0.00683
9	0.00878	0.00439	0.00659	0.00659	0.00659	0.00439	0.00439	0.00659	0.00659	0.00878	0.00878	0.01537	0.00878	0.01757	0.01976	0.85288	0.00439	0.00439	0.00220	0.00220
10	0.02269	0.00861	0.01174	0.00900	0.01291	0.00743	0.00743	0.02464	0.01447	0.79425	0.01995	0.01721	0.01252	0.00626	0.00509	0.00156	0.00430	0.00509	0.00626	0.00861
11	0.01029	0.06088	0.76265	0.01416	0.02150	0.01210	0.01825	0.01598	0.01066	0.01584	0.00899	0.01056	0.00641	0.00478	0.00474	0.00158	0.00738	0.00369	0.00214	0.00743
12	0.01510	0.43728	0.02068	0.01082	0.04294	0.11938	0.00915	0.15632	0.11286	0.01699	0.00991	0.01053	0.00809	0.00509	0.00406	0.00129	0.00576	0.00357	0.00315	0.00705
13	0.08526	0.01337	0.01429	0.01103	0.01499	0.01467	0.00911	0.65379	0.02183	0.09280	0.01237	0.01224	0.00867	0.00598	0.00491	0.00153	0.00533	0.00445	0.00500	0.00836
14	0.00809	0.04447	0.12496	0.00727	0.01024	0.00653	0.00674	0.01027	0.01137	0.03433	0.10109	0.06369	0.40222	0.02714	0.00580	0.00160	0.00367	0.00806	0.00406	0.11841
15	0.01014	0.02616	0.79609	0.01441	0.02189	0.01174	0.01868	0.01601	0.01068	0.01601	0.00907	0.01068	0.00641	0.00480	0.00480	0.00160	0.00747	0.00374	0.00214	0.00747
16	0.01049	0.00899	0.01049	0.00749	0.01198	0.00674	0.00599	0.01273	0.01049	0.01648	0.00899	0.01049	0.00749	0.00374	0.00374	0.00075	0.00374	0.00300	0.00300	0.85320
17	0.00616	0.00440	0.00587	0.00704	0.00733	0.00411	0.00469	0.00704	0.00968	0.01291	0.02787	0.81899	0.03344	0.01584	0.00645	0.00205	0.00293	0.01438	0.00469	0.00411
18	0.01156	0.01248	0.02606	0.11246	0.08232	0.01210	0.58621	0.01552	0.01162	0.01599	0.01038	0.01383	0.00788	0.00446	0.00566	0.00166	0.00779	0.00562	0.04974	0.00665
19	0.01922	0.01416	0.01518	0.01163	0.01568	0.01568	0.00961	0.77388	0.02378	0.03187	0.01214	0.01214	0.00860	0.00607	0.00506	0.00152	0.00556	0.00455	0.00506	0.00860
20	0.00722	0.00542	0.00813	0.00813	0.00903	0.00632	0.00632	0.00903	0.00813	0.01174	0.01354	0.01987	0.01264	0.03792	0.80225	0.00813	0.01354	0.00542	0.00271	0.00451
21	0.02269	0.00861	0.01174	0.00900	0.01291	0.00743	0.00743	0.02464	0.01447	0.79425	0.01995	0.01721	0.01252	0.00626	0.00509	0.00156	0.00430	0.00509	0.00626	0.00861
22	0.01231	0.01063	0.01118	0.01008	0.01290	0.01225	0.00784	0.02609	0.75087	0.02085	0.02180	0.02006	0.04630	0.00710	0.00518	0.00171	0.00394	0.00591	0.00513	0.00785
23	0.81636	0.00972	0.00765	0.00677	0.00994	0.01115	0.00557	0.01535	0.00890	0.06116	0.00768	0.00866	0.00583	0.00477	0.00323	0.00156	0.00393	0.00286	0.00329	0.00563
24	0.00616	0.00440	0.00587	0.00704	0.00733	0.00411	0.00469	0.00704	0.00968	0.01291	0.02787	0.81899	0.03344	0.01584	0.00645	0.00205	0.00293	0.01438	0.00469	0.00411
25	0.00616	0.00440	0.00587	0.00704	0.00733	0.00411	0.00469	0.00704	0.00968	0.01291	0.02787	0.81899	0.03344	0.01584	0.00645	0.00205	0.00293	0.01438	0.00469	0.00411
26	0.48021	0.00925	0.00938	0.00771	0.01119	0.00957	0.00636	0.01929	0.01126	0.37165	0.01288	0.01228	0.00866	0.00540	0.00401	0.00156	0.00409	0.00380	0.00454	0.00689
27	0.01967	0.03042	0.14522	0.01014	0.01462	0.00916	0.00956	0.08145	0.02886	0.55839	0.01732	0.01615	0.01135	0.00608	0.00502	0.00157	0.00496	0.01641	0.00533	0.00829
28	0.02269	0.00861	0.01174	0.00900	0.01291	0.00743	0.00743	0.02464	0.01447	0.79425	0.01995	0.01721	0.01252	0.00626	0.00509	0.00156	0.00430	0.00509	0.00626	0.00861
29	0.00815	0.00582	0.00815	0.00931	0.01048	0.00582	0.00815	0.01048	0.01164	0.01513	0.02677	0.05704	0.02910	0.01397	0.00698	0.00233	0.00466	0.75671	0.00466	0.00466
30	0.01076	0.17145	0.65617	0.01337	0.02027	0.01325	0.01686	0.01586	0.01060	0.01527	0.00870	0.01021	0.00642	0.00472	0.00452	0.00151	0.00710	0.00355	0.00214	0.00729
31	0.00736	0.00776	0.10393	0.00721	0.00926	0.00557	0.00640	0.01000	0.01337	0.01860	0.56001	0.03653	0.16027	0.01012	0.00584	0.00162	0.00308	0.02303	0.00499	0.00502
32	0.01389	0.01314	0.02117	0.01579	0.02011	0.02820	0.37471	0.20332	0.16724	0.02095	0.01263	0.01404	0.00940	0.00521	0.00542	0.00160	0.00663	0.00534	0.00371	0.05749
33	0.01231	0.53856	0.30265	0.01072	0.01617	0.01704	0.01225	0.01545	0.01042	0.01337	0.00776	0.00903	0.00646	0.00450	0.00380	0.00127	0.00615	0.00307	0.00215	0.00684
34	0.00598	0.00512	0.00512	0.00512	0.00683	0.00427	0.00384	0.00726	0.01153	0.01366	0.05123	0.04866	0.78869	0.01281	0.00598	0.00171	0.00256	0.01067	0.00470	0.00427
35	0.02154	0.00845	0.01143	0.00887	0.01260	0.00739	0.00729	0.02380	0.03176	0.73108	0.06535	0.01846	0.01466	0.00651	0.00514	0.00157	0.00418	0.00534	0.00619	0.00837
36	0.00704	0.00547	0.00635	0.00608	0.00750	0.00505	0.00451	0.00958	0.05821	0.01723	0.42014	0.04052	0.32518	0.05643	0.00703	0.00183	0.00269	0.00942	0.00507	0.00468
37	0.01828	0.01483	0.01353	0.01120	0.01461	0.20258	0.00890	0.29300	0.18891	0.16015	0.01437	0.01381	0.01032	0.00607	0.00496	0.00152	0.00585	0.00460	0.00470	0.00781
38	0.00758	0.00498	0.00591	0.00591	0.00622	0.00515	0.00373	0.00820	0.00789	0.01125	0.01555	0.02892	0.01666	0.57812	0.16836	0.00506	0.00622	0.00668	0.10412	0.00353
39	0.00993	0.00937	0.01585	0.71083	0.13118	0.01133	0.01423	0.01325	0.01029	0.01338	0.00905	0.01336	0.00690	0.00499	0.00505	0.00166	0.00665	0.00450	0.00228	0.00592
40	0.01138	0.28585	0.50148	0.01231	0.01850	0.01448	0.01482	0.01633	0.05349	0.01496	0.00905	0.01030	0.00694	0.00476	0.00431	0.00144	0.00661	0.00351	0.00231	0.00718
41	0.01158	0.01282	0.02443	0.03686	0.02255	0.05604	0.54385	0.01498	0.01140	0.01519	0.01170	0.07910	0.01032	0.00609	0.00705	0.00179	0.09169	0.03349	0.00276	0.00631
42	0.01889	0.02410	0.01433	0.01303	0.01563	0.80199	0.00977	0.02019	0.01433	0.01238	0.00782	0.00912	0.00651	0.00521	0.00456	0.00130	0.00912	0.00326	0.00261	0.00586
43	0.00888	0.00675	0.00731	0.00719	0.00897	0.03557	0.00571	0.01197	0.09197	0.05926	0.12263	0.04112	0.34119	0.01110	0.00586	0.00177	0.00347	0.16934	0.05482	0.00513
44	0.00977	0.00926	0.01578	0.74980	0.07675	0.01131	0.03041	0.01314	0.01023	0.01319	0.00904	0.01343	0.00683	0.00501	0.00507	0.00168	0.00674	0.00453	0.00227	0.00578
45	0.00640	0.00458	0.00613	0.00718	0.00761	0.00430	0.00499	0.00752	0.01020	0.01365	0.08549	0.69617	0.03417	0.01527	0.00646	0.00204	0.00304	0.07586	0.00476	0.00420
46	0.00673	0.00494	0.00634	0.00666	0.00760	0.00455	0.00487	0.00844	0.01214	0.01647	0.37201	0.31504	0.13580	0.01285	0.00621	0.00182	0.00276	0.06522	0.00508	0.00447
47	0.01049	0.00899	0.01049	0.00749	0.01198	0.00674	0.00599	0.01273	0.01049	0.01648	0.00899	0.01049	0.00749	0.00374	0.00374	0.00075	0.00374	0.00300	0.00300	0.85320
48	0.00986	0.01003	0.05778	0.05427	0.41710	0.00905	0.01129	0.01245	0.01155	0.01571	0.07934	0.05421	0.22123	0.00763	0.00538	0.00160	0.00481	0.00683	0.00337	0.00649
49	0.00795	0.00571	0.00780	0.00886	0.00990	0.00571	0.00745	0.01028	0.03045	0.01475	0.02630	0.15981	0.02889	0.04917	0.00768	0.00239	0.00441	0.60329	0.00460	0.00460
50	0.00608	0.00473	0.00553	0.00617	0.00711	0.00418	0.00431	0.00714	0.01052	0.01325	0.03843	0.47059	0.37503	0.01447	0.00624	0.00190	0.00277	0.01270	0.00469	0.00418
51	0.01372	0.01437	0.01845	0.15715	0.37798	0.19811	0.07472	0.01676	0.03227	0.03449	0.00963	0.01225	0.00772	0.00485	0.00499	0.00151	0.00697	0.00437	0.00265	0.00702
52	0.00971	0.00916	0.01547	0.76674	0.07693	0.01128	0.01413	0.01306	0.01019	0.01312	0.00902	0.01343	0.00681	0.00502	0.00505	0.00167	0.00670	0.00449	0.00226	0.00575
53	0.00616	0.00440	0.00587	0.00704	0.00733	0.00411	0.00469	0.00704	0.00968	0.01291	0.02787	0.81899	0.03344	0.01584	0.00645	0.00205	0.00293	0.01438	0.00469	0.00411
54	0.01096	0.05596	0.01579	0.18427	0.01789	0.01465	0.01139	0.01337	0.05412	0.01285	0.00799	0.01188	0.00717	0.00766	0.01269	0.00201	0.54678	0.00442	0.00239	0.00575
55	0.02410	0.00731	0.00980	0.07520	0.05586	0.00755	0.00822	0.05192	0.07463	0.06694	0.09171	0.09147	0.06933	0.01082	0.00610	0.00196	0.00442	0.33248	0.00456	0.00561
56	0.00621	0.00451	0.00576	0.00673	0.00717	0.00417	0.00450	0.00708	0.00976	0.01281	0.02987	0.68333	0.12003	0.06315	0.00754	0.00218	0.00301	0.01353	0.00460	0.00406
57	0.01030	0.01092	0.02210	0.01675	0.02011	0.01067	0.49823	0.01337	0.01096	0.01496	0.01469	0.23136	0.01456	0.00780	0.00703	0.00184	0.07717	0.00811	0.00311	0.00597
58	0.01673	0.01138	0.06219	0.04421	0.06613	0.03067	0.15302	0.02037	0.07496	0.37519	0.01579	0.04392	0.01129	0.00612	0.00580	0.00165	0.04305	0.00542	0.00450	0.00763
59	0.01027	0.00855	0.05442	0.01148	0.13465	0.00726	0.05180	0.03053	0.02538	0.10194	0.11274	0.03029	0.31386	0.00873	0.00542	0.00159	0.00398	0.00753	0.07365	0.00593
60	0.01302	0.05513	0.01250	0.00985	0.01188	0.01174	0.00799	0.27695	0.01398	0.03879	0.01251	0.01750	0.01101	0.10293	0.15440	0.00320	0.15124	0.02974	0.05944	0.00619
61	0.01154	0.01019	0.01539	0.09863	0.40118	0.02870	0.01172	0.01515	0.08625	0.04687	0.01414	0.15280	0.01320	0.00695	0.00550	0.00163	0.02542	0.00629	0.01956	0.02890
62	0.03480	0.01214	0.01505	0.07743	0.04662	0.08950	0.11651	0.24979	0.06908	0.02032	0.01484	0.12787	0.01358	0.00766	0.00563	0.00170	0.01916	0.06763	0.00397	0.00670
63	0.13698	0.02832	0.01157	0.06227	0.05889	0.00958	0.02662	0.09336	0.03663	0.17547	0.03569	0.01797	0.06543	0.07220	0.00679	0.00178	0.03562	0.00508	0.04952	0.07023
64	0.19054	0.08195	0.01261	0.03074	0.07630	0.04993	0.00805	0.10505	0.18134	0.08614	0.03310	0.05577	0.05497	0.00658	0.00463	0.00157	0.00462	0.00518	0.00410	0.00682
65	0.01439	0.06297	0.05477	0.14797	0.09763	0.16777	0.10037	0.07388	0.03308	0.08931	0.01042	0.01214	0.00790	0.00497	0.00480	0.00142	0.00657	0.00420	0.00312	0.10232
66	0.01157	0.17537	0.04049	0.03422	0.05091	0.04655	0.04605	0.06551	0.11397	0.01668	0.04485	0.08004	0.07353	0.00669	0.00466	0.00140	0.00473	0.00555	0.06144	0.11579

[dist]
# distance from previous block
# <min> <max>
43	123

[block]
# block no. 3 follows, 49 sequences, length 55
# corresponding to MSA columns:
# 920-974
name=unknown_D
#
# <colnr> <probs for GDERKNQSTAVLIFYWHMCP>
#	G	D	E	R	K	N	Q	S	T	A	V	L	I	F	Y	W	H	M	C	P
0	0.09037	0.15452	0.04519	0.08531	0.01618	0.03044	0.00939	0.32467	0.04360	0.08600	0.01105	0.01166	0.00815	0.00539	0.00448	0.00142	0.00538	0.00400	0.00393	0.05889
1	0.06062	0.01023	0.01365	0.48017	0.02559	0.06840	0.01152	0.03435	0.05652	0.02896	0.00996	0.01340	0.00778	0.00774	0.06336	0.00210	0.05221	0.00438	0.00271	0.04635
2	0.09058	0.00769	0.01063	0.01035	0.06736	0.00815	0.05008	0.04537	0.05357	0.05257	0.07518	0.02027	0.06385	0.02089	0.36611	0.00453	0.00857	0.00563	0.00349	0.03513
3	0.08186	0.02683	0.01091	0.00932	0.01128	0.00836	0.07323	0.05249	0.04906	0.04422	0.04147	0.01920	0.04185	0.02500	0.47531	0.00545	0.01004	0.00546	0.00327	0.00539
4	0.04866	0.01228	0.01756	0.09330	0.43103	0.06935	0.04105	0.04800	0.06762	0.01693	0.01016	0.01267	0.00825	0.00511	0.00557	0.00154	0.05402	0.00444	0.02287	0.02958
5	0.01123	0.00986	0.01605	0.47628	0.24473	0.01119	0.01349	0.01512	0.06184	0.05628	0.02853	0.01433	0.00893	0.00521	0.00507	0.00163	0.00612	0.00472	0.00280	0.00659
6	0.00888	0.00792	0.00842	0.00878	0.01000	0.09511	0.00711	0.01055	0.01127	0.01388	0.02791	0.12531	0.18055	0.04259	0.00784	0.00214	0.06320	0.35967	0.00420	0.00466
7	0.00809	0.00610	0.00842	0.00869	0.00989	0.00673	0.00706	0.01137	0.08878	0.01418	0.04756	0.03318	0.01988	0.02550	0.41822	0.00524	0.00910	0.26333	0.00373	0.00493
8	0.00598	0.00512	0.00512	0.00512	0.00683	0.00427	0.00384	0.00726	0.01153	0.01366	0.05123	0.04866	0.78869	0.01281	0.00598	0.00171	0.00256	0.01067	0.00470	0.00427
9	0.01166	0.00887	0.01072	0.00831	0.02772	0.00700	0.00654	0.02713	0.01120	0.08997	0.01138	0.01457	0.00956	0.00478	0.00415	0.00097	0.00394	0.05793	0.00345	0.68014
10	0.00634	0.00483	0.00604	0.00663	0.00747	0.00457	0.00472	0.00750	0.00997	0.01291	0.03245	0.41515	0.26461	0.03724	0.14015	0.00303	0.00467	0.02319	0.00432	0.00421
11	0.01007	0.00923	0.01283	0.01132	0.01172	0.01230	0.00921	0.03973	0.00843	0.01266	0.00933	0.01485	0.00908	0.06329	0.23893	0.00401	0.51040	0.00488	0.00251	0.00522
12	0.01049	0.00899	0.01049	0.00749	0.01198	0.00674	0.00599	0.01273	0.01049	0.01648	0.00899	0.01049	0.00749	0.00374	0.00374	0.00075	0.00374	0.00300	0.00300	0.85320
13	0.01145	0.00801	0.00976	0.00748	0.01108	0.00636	0.00592	0.01362	0.01173	0.13064	0.15464	0.05481	0.01685	0.00590	0.00448	0.00108	0.00354	0.00497	0.00403	0.53365
14	0.01302	0.01108	0.01168	0.01038	0.01332	0.01278	0.00811	0.07648	0.73128	0.02186	0.02002	0.01842	0.01498	0.00681	0.00514	0.00170	0.00411	0.00564	0.00514	0.00804
15	0.01746	0.00978	0.01106	0.00920	0.01222	0.06590	0.00729	0.13959	0.05205	0.39240	0.05222	0.14484	0.04692	0.00813	0.00533	0.00163	0.00447	0.00676	0.00541	0.00733
16	0.01612	0.29524	0.22956	0.01035	0.01537	0.01294	0.01090	0.01902	0.01199	0.31317	0.01254	0.01230	0.00878	0.00520	0.00437	0.00141	0.00554	0.00390	0.00373	0.00757
17	0.01377	0.01124	0.01195	0.01043	0.01348	0.01284	0.00820	0.12701	0.65683	0.04589	0.01943	0.01791	0.01443	0.00674	0.00513	0.00168	0.00422	0.00554	0.00517	0.00810
18	0.01852	0.01326	0.01450	0.01125	0.01507	0.01460	0.00927	0.68225	0.02219	0.06717	0.01262	0.01295	0.00908	0.00839	0.06292	0.00200	0.00608	0.00464	0.00495	0.00830
19	0.01176	0.01330	0.02877	0.07856	0.02704	0.01268	0.71734	0.01596	0.01180	0.01596	0.01014	0.01363	0.00761	0.00432	0.00590	0.00170	0.00840	0.00586	0.00254	0.00673
20	0.00838	0.00618	0.00868	0.01018	0.04400	0.00621	0.00832	0.01103	0.03435	0.01528	0.02589	0.08606	0.02797	0.01343	0.00682	0.00226	0.00462	0.67088	0.00458	0.00488
21	0.00645	0.00451	0.00597	0.00708	0.00748	0.00425	0.00487	0.00750	0.00986	0.01334	0.02726	0.73003	0.03218	0.01525	0.00635	0.00203	0.00302	0.06363	0.04479	0.00417
22	0.00664	0.00560	0.00584	0.00586	0.00760	0.00501	0.00451	0.00896	0.06743	0.01433	0.04690	0.04722	0.66731	0.01247	0.00600	0.00176	0.00285	0.07441	0.00472	0.00457
23	0.00662	0.00473	0.00640	0.00757	0.00806	0.00450	0.00550	0.00784	0.01014	0.01342	0.02762	0.64211	0.03244	0.01541	0.00658	0.00212	0.00333	0.18670	0.00469	0.00423
24	0.03319	0.01100	0.01489	0.62043	0.02989	0.10604	0.01303	0.01377	0.01036	0.01304	0.00858	0.01260	0.00667	0.00541	0.00601	0.00168	0.08115	0.00429	0.00231	0.00563
25	0.00726	0.00529	0.00749	0.00749	0.00817	0.00597	0.00553	0.00862	0.00794	0.01127	0.01413	0.02309	0.01404	0.22931	0.61278	0.00734	0.01144	0.00589	0.00280	0.00416
26	0.00618	0.00442	0.00589	0.00703	0.00734	0.00412	0.00470	0.00709	0.00977	0.01305	0.04283	0.80362	0.03373	0.01573	0.00644	0.00204	0.00292	0.01427	0.00471	0.00412
27	0.01258	0.01086	0.01143	0.01029	0.01315	0.01258	0.00800	0.02687	0.78161	0.02115	0.02058	0.01887	0.01544	0.00686	0.00515	0.00172	0.00400	0.00572	0.00515	0.00800
28	0.01507	0.01141	0.01267	0.00966	0.01375	0.01127	0.00784	0.34296	0.10177	0.06113	0.01216	0.01245	0.00909	0.00521	0.00453	0.00123	0.00458	0.00407	0.00428	0.35485
29	0.00720	0.00514	0.00706	0.00822	0.00897	0.00500	0.00649	0.00883	0.01070	0.01407	0.02730	0.42222	0.03118	0.01487	0.00673	0.00220	0.00383	0.40093	0.00467	0.00439
30	0.85801	0.00978	0.00743	0.00665	0.00978	0.01134	0.00548	0.01486	0.00861	0.02269	0.00704	0.00821	0.00548	0.00469	0.00313	0.00156	0.00391	0.00274	0.00313	0.00548
31	0.01133	0.02540	0.69127	0.01416	0.02105	0.07983	0.01748	0.05292	0.01162	0.01647	0.00911	0.01061	0.00652	0.00490	0.00480	0.00157	0.00752	0.00373	0.00232	0.00739
32	0.00774	0.00618	0.00911	0.00882	0.00960	0.00755	0.00696	0.00945	0.00808	0.01180	0.01262	0.01868	0.01184	0.03403	0.69686	0.00733	0.12079	0.00528	0.00264	0.00465
33	0.01194	0.01364	0.02984	0.02131	0.02643	0.01279	0.77238	0.01620	0.01194	0.01620	0.01023	0.01364	0.00767	0.00426	0.00597	0.00171	0.00853	0.00597	0.00256	0.00682
34	0.01060	0.13336	0.69286	0.01364	0.02069	0.01285	0.01734	0.01590	0.01062	0.01546	0.00880	0.01033	0.00642	0.00474	0.00460	0.00153	0.00720	0.00360	0.00214	0.00734
35	0.00733	0.00498	0.00591	0.00591	0.00604	0.00511	0.00355	0.00760	0.00747	0.01009	0.01558	0.03111	0.01752	0.70479	0.14206	0.00539	0.00620	0.00706	0.00301	0.00328
36	0.00616	0.00440	0.00587	0.00704	0.00733	0.00411	0.00469	0.00704	0.00968	0.01291	0.02787	0.81899	0.03344	0.01584	0.00645	0.00205	0.00293	0.01438	0.00469	0.00411
37	0.21458	0.00900	0.00994	0.00781	0.01152	0.00823	0.00628	0.05229	0.01155	0.19874	0.01259	0.07026	0.01011	0.00554	0.00417	0.00126	0.00394	0.00432	0.00401	0.35385
38	0.00860	0.00720	0.00990	0.00969	0.01012	0.00872	0.00773	0.00991	0.00917	0.01281	0.01789	0.18569	0.01985	0.11180	0.06570	0.00293	0.28230	0.21184	0.00350	0.00465
39	0.01115	0.00608	0.00768	0.00676	0.00873	0.00540	0.00519	0.01303	0.01331	0.22913	0.37075	0.03421	0.19534	0.06207	0.00700	0.00182	0.00311	0.00825	0.00541	0.00560
40	0.00814	0.00554	0.00624	0.00606	0.00637	0.00563	0.00364	0.06297	0.00870	0.01161	0.01643	0.08220	0.01864	0.71109	0.02299	0.00447	0.00482	0.00760	0.00331	0.00353
41	0.05912	0.02385	0.67480	0.01433	0.02129	0.01168	0.07233	0.01619	0.01075	0.03679	0.00933	0.01092	0.00660	0.00480	0.00480	0.00161	0.00726	0.00388	0.00233	0.00734
42	0.01352	0.01588	0.04422	0.01325	0.01474	0.28885	0.04726	0.01508	0.01038	0.01255	0.00781	0.01113	0.00707	0.00932	0.06847	0.00228	0.40594	0.00414	0.00240	0.00571
43	0.01711	0.10118	0.01564	0.11952	0.01795	0.61871	0.01023	0.01872	0.01336	0.01240	0.00790	0.00960	0.00654	0.00510	0.00450	0.00133	0.00843	0.00337	0.00251	0.00589
44	0.01698	0.00734	0.00991	0.00803	0.01094	0.00645	0.00645	0.01910	0.01441	0.50997	0.30208	0.02476	0.02544	0.00776	0.00541	0.00157	0.00360	0.00658	0.00600	0.00720
45	0.00757	0.00555	0.00739	0.00836	0.00952	0.00537	0.00705	0.00956	0.01141	0.01465	0.03103	0.13747	0.15801	0.01397	0.00676	0.00219	0.00412	0.55081	0.00467	0.00453
46	0.01307	0.16560	0.02608	0.01809	0.07750	0.01414	0.45782	0.06103	0.03456	0.04354	0.01022	0.01263	0.00789	0.00468	0.00559	0.00157	0.03106	0.00508	0.00282	0.00701
