[name]
unknown

[dist]
# distance from previous block
# <min> <max>
0	145

[block]
# block no. 0 follows, 51 sequences, length 40
# corresponding to MSA columns:
# 156-195
name=unknown_A
#
# <colnr> <probs for GDERKNQSTAVLIFYWHMCP>
#	G	D	E	R	K	N	Q	S	T	A	V	L	I	F	Y	W	H	M	C	P
0	0.01767	0.00955	0.01587	0.01207	0.01591	0.00868	0.21493	0.04144	0.01337	0.48590	0.01732	0.01968	0.01247	0.00633	0.00536	0.00163	0.00536	0.08403	0.00492	0.00750
1	0.04873	0.00995	0.01451	0.01052	0.01488	0.00851	0.17438	0.05104	0.01146	0.10272	0.01023	0.01155	0.00782	0.00416	0.00429	0.00109	0.00480	0.00382	0.00327	0.50228
2	0.01122	0.01333	0.09849	0.01693	0.02172	0.01128	0.51468	0.03119	0.05492	0.01653	0.04764	0.01397	0.00961	0.00459	0.00536	0.00152	0.00702	0.00534	0.00283	0.11183
3	0.01182	0.01174	0.02227	0.01756	0.09532	0.01079	0.46097	0.01577	0.04833	0.05003	0.01049	0.01285	0.00801	0.00426	0.00515	0.00142	0.00662	0.00496	0.00285	0.19879
4	0.01167	0.01094	0.01749	0.02441	0.59916	0.01039	0.01275	0.01440	0.01094	0.01604	0.00912	0.01167	0.00766	0.00419	0.00456	0.00128	0.00529	0.00401	0.00255	0.22151
5	0.64821	0.01005	0.01042	0.01243	0.20752	0.01119	0.00778	0.01461	0.00907	0.02054	0.00745	0.00903	0.00594	0.00452	0.00350	0.00151	0.00431	0.00309	0.00289	0.00594
6	0.01216	0.01168	0.01995	0.03016	0.79664	0.01168	0.01508	0.01508	0.01119	0.01605	0.00924	0.01216	0.00778	0.00438	0.00487	0.00146	0.00584	0.00438	0.00243	0.00778
7	0.01130	0.01207	0.02457	0.02170	0.21787	0.01149	0.51236	0.01495	0.01172	0.01620	0.08502	0.01523	0.01127	0.00477	0.00556	0.00160	0.00710	0.00574	0.00275	0.00673
8	0.52835	0.00905	0.00888	0.00737	0.01071	0.00951	0.00608	0.01822	0.01063	0.33109	0.01183	0.01146	0.00804	0.00517	0.00380	0.00152	0.00395	0.00357	0.00425	0.00653
9	0.01222	0.01056	0.01111	0.01000	0.01278	0.01222	0.00778	0.02611	0.78776	0.02056	0.02000	0.01833	0.01500	0.00667	0.00500	0.00167	0.00389	0.00556	0.00500	0.00778
10	0.01216	0.01168	0.01995	0.03016	0.79664	0.01168	0.01508	0.01508	0.01119	0.01605	0.00924	0.01216	0.00778	0.00438	0.00487	0.00146	0.00584	0.00438	0.00243	0.00778
11	0.86201	0.00950	0.00722	0.00646	0.00950	0.01102	0.00532	0.01445	0.00836	0.02205	0.00684	0.00798	0.00532	0.00456	0.00304	0.00152	0.00380	0.00266	0.00304	0.00532
12	0.06675	0.01043	0.01215	0.00951	0.01321	0.02742	0.00780	0.23666	0.07060	0.46845	0.01634	0.01480	0.01079	0.00597	0.00482	0.00151	0.00459	0.00467	0.00543	0.00809
13	0.01216	0.01168	0.01995	0.03016	0.79664	0.01168	0.01508	0.01508	0.01119	0.01605	0.00924	0.01216	0.00778	0.00438	0.00487	0.00146	0.00584	0.00438	0.00243	0.00778
14	0.01162	0.01319	0.02861	0.02112	0.05875	0.01240	0.74604	0.01571	0.01158	0.01575	0.00991	0.01321	0.00747	0.00415	0.00576	0.00165	0.00818	0.00574	0.00248	0.00668
15	0.00581	0.00498	0.00498	0.00498	0.00664	0.00415	0.00373	0.00705	0.01120	0.01328	0.04978	0.04729	0.79464	0.01245	0.00581	0.00166	0.00249	0.01037	0.00456	0.00415
16	0.00696	0.00502	0.00657	0.00618	0.00734	0.00464	0.00464	0.00927	0.01391	0.01971	0.79405	0.03671	0.04637	0.01005	0.00580	0.00155	0.00232	0.00889	0.00541	0.00464
17	0.01015	0.09800	0.73184	0.01350	0.02049	0.01214	0.01728	0.01549	0.01034	0.01520	0.00864	0.01015	0.00623	0.00463	0.00453	0.00151	0.00708	0.00354	0.00208	0.00718
18	0.02976	0.04424	0.76484	0.01370	0.02079	0.01160	0.01763	0.01552	0.01032	0.01562	0.00873	0.01026	0.00621	0.00466	0.00459	0.00154	0.00713	0.00358	0.00210	0.00719
19	0.01836	0.02342	0.01393	0.01266	0.01519	0.80756	0.00950	0.01962	0.01393	0.01203	0.00760	0.00886	0.00633	0.00506	0.00443	0.00127	0.00886	0.00317	0.00253	0.00570
20	0.01042	0.00845	0.01317	0.01781	0.38828	0.00815	0.00976	0.01284	0.01218	0.07451	0.25230	0.04364	0.11307	0.00743	0.00530	0.00153	0.00419	0.00672	0.00390	0.00636
21	0.08171	0.00943	0.01130	0.00909	0.01260	0.00938	0.00739	0.08680	0.20139	0.48983	0.01797	0.01606	0.01203	0.00610	0.00481	0.00155	0.00418	0.00488	0.00550	0.00800
22	0.01222	0.01056	0.01111	0.01000	0.01278	0.01222	0.00778	0.02611	0.78776	0.02056	0.02000	0.01833	0.01500	0.00667	0.00500	0.00167	0.00389	0.00556	0.00500	0.00778
23	0.00620	0.00446	0.00588	0.00665	0.00716	0.00414	0.00456	0.00740	0.01047	0.01419	0.20149	0.62627	0.05463	0.01411	0.00615	0.00189	0.00272	0.01273	0.00475	0.00414
24	0.01424	0.01030	0.01580	0.02100	0.46942	0.02367	0.01153	0.03038	0.03469	0.20178	0.05950	0.01518	0.01160	0.00530	0.00486	0.00146	0.00502	0.00481	0.05193	0.00752
25	0.00715	0.00476	0.00536	0.00536	0.00536	0.00476	0.00298	0.00715	0.00715	0.00953	0.01548	0.03216	0.01787	0.82729	0.02501	0.00476	0.00476	0.00715	0.00298	0.00298
26	0.00702	0.00527	0.00790	0.00790	0.00878	0.00614	0.00614	0.00878	0.00790	0.01141	0.01316	0.01931	0.01229	0.03686	0.80782	0.00790	0.01316	0.00527	0.00263	0.00439
27	0.00941	0.00899	0.01554	0.77071	0.03339	0.01100	0.05675	0.01274	0.00993	0.01274	0.00880	0.01311	0.00660	0.00487	0.00496	0.00164	0.00665	0.00445	0.00220	0.00552
28	0.01772	0.02240	0.01359	0.01239	0.01483	0.76242	0.00931	0.01901	0.01359	0.01199	0.00791	0.00945	0.00667	0.00686	0.04969	0.00164	0.00910	0.00328	0.00254	0.00562
29	0.00792	0.00566	0.00792	0.00905	0.01018	0.00566	0.00792	0.01018	0.01131	0.01471	0.02602	0.05543	0.02828	0.01358	0.00679	0.00226	0.00453	0.76356	0.00453	0.00453
30	0.02070	0.01052	0.01274	0.00977	0.01362	0.01043	0.00807	0.32610	0.01768	0.49279	0.01636	0.01476	0.01064	0.00601	0.00493	0.00150	0.00467	0.00474	0.00562	0.00836
31	0.00749	0.00491	0.00584	0.00612	0.00719	0.00440	0.00431	0.00856	0.01027	0.07749	0.03281	0.38566	0.29203	0.08012	0.00741	0.00203	0.00297	0.01098	0.04505	0.00435
32	0.52766	0.00815	0.00681	0.00618	0.00879	0.00886	0.00497	0.04839	0.01004	0.01946	0.02183	0.02167	0.27666	0.00733	0.00408	0.00157	0.00343	0.00539	0.00365	0.00506
33	0.01671	0.00886	0.01023	0.00820	0.01117	0.00894	0.00666	0.26402	0.01575	0.29409	0.01583	0.01566	0.01108	0.00591	0.00444	0.00138	0.00395	0.00466	0.28535	0.00711
34	0.01650	0.00991	0.01238	0.00996	0.01328	0.01021	0.05848	0.14909	0.25617	0.30182	0.01736	0.01633	0.01214	0.00607	0.00487	0.00153	0.00439	0.00507	0.08675	0.00770
35	0.19374	0.00906	0.01038	0.00842	0.01171	0.00910	0.00685	0.09835	0.09375	0.40374	0.09076	0.01650	0.01394	0.00619	0.00463	0.00153	0.00402	0.00486	0.00515	0.00731
36	0.04069	0.00679	0.00824	0.00703	0.00952	0.00592	0.00543	0.01292	0.03673	0.16378	0.20879	0.13913	0.10927	0.00845	0.00505	0.00142	0.00319	0.00724	0.00461	0.21579
37	0.03782	0.01023	0.01494	0.01169	0.01470	0.04753	0.20100	0.10836	0.02846	0.19904	0.01468	0.01923	0.02367	0.13210	0.03458	0.00229	0.03346	0.04111	0.01876	0.00634
38	0.00648	0.00464	0.00573	0.00621	0.00672	0.00437	0.00416	0.00741	0.00972	0.01293	0.13839	0.38202	0.11660	0.23409	0.01124	0.00265	0.00330	0.03524	0.00426	0.00385
39	0.00607	0.00441	0.00574	0.00674	0.00720	0.00408	0.00461	0.00705	0.00977	0.01291	0.05379	0.70712	0.09703	0.01491	0.00624	0.00196	0.00286	0.03888	0.00459	0.00404

[dist]
# distance from previous block
# <min> <max>
5	6

[block]
# block no. 1 follows, 51 sequences, length 104
# corresponding to MSA columns:
# 202-305
name=unknown_B
#
# <colnr> <probs for GDERKNQSTAVLIFYWHMCP>
#	G	D	E	R	K	N	Q	S	T	A	V	L	I	F	Y	W	H	M	C	P
0	0.01182	0.06719	0.04637	0.00825	0.04513	0.00742	0.00602	0.02740	0.02590	0.19893	0.01554	0.02487	0.01476	0.43824	0.01542	0.00322	0.00481	0.02984	0.00371	0.00517
1	0.08682	0.02085	0.56476	0.01251	0.01863	0.01121	0.02549	0.04068	0.07668	0.04352	0.01005	0.01113	0.00722	0.00486	0.00454	0.00152	0.00635	0.00377	0.00268	0.04674
2	0.00644	0.00468	0.00574	0.00610	0.00673	0.00439	0.00412	0.00747	0.00997	0.01326	0.17033	0.33661	0.15947	0.20231	0.03745	0.00269	0.00348	0.01055	0.00429	0.00392
3	0.04728	0.01234	0.01303	0.01061	0.01406	0.01389	0.00858	0.45416	0.32452	0.02653	0.01485	0.01424	0.01087	0.00615	0.00488	0.00155	0.00475	0.00481	0.00488	0.00802
4	0.17324	0.01079	0.01440	0.01844	0.36799	0.01158	0.01061	0.01883	0.26175	0.04507	0.01261	0.01352	0.00980	0.00521	0.00457	0.00154	0.00477	0.00445	0.00350	0.00734
5	0.00866	0.00655	0.00774	0.00781	0.00915	0.00684	0.00568	0.01395	0.26184	0.04259	0.11955	0.42411	0.04269	0.01154	0.00575	0.00181	0.00316	0.01025	0.00486	0.00545
6	0.01514	0.00967	0.01175	0.00967	0.01282	0.01005	0.04317	0.11896	0.31658	0.25361	0.06688	0.02013	0.07525	0.00693	0.00512	0.00159	0.00417	0.00581	0.00519	0.00750
7	0.00697	0.00521	0.00640	0.00608	0.00738	0.00478	0.00456	0.02886	0.01338	0.01830	0.57923	0.06991	0.20935	0.01068	0.00579	0.00159	0.00246	0.00930	0.00518	0.00460
8	0.00746	0.00573	0.00642	0.00622	0.00735	0.00566	0.00435	0.01044	0.12708	0.01465	0.20427	0.07332	0.22798	0.26416	0.01167	0.00261	0.00338	0.00848	0.00433	0.00443
9	0.00792	0.00566	0.00792	0.00905	0.01018	0.00566	0.00792	0.01018	0.01131	0.01471	0.02602	0.05543	0.02828	0.01358	0.00679	0.00226	0.00453	0.76356	0.00453	0.00453
10	0.08797	0.00987	0.01107	0.00969	0.01191	0.01153	0.00772	0.13364	0.31352	0.03993	0.03620	0.06538	0.04963	0.00910	0.04829	0.00204	0.13597	0.00570	0.00422	0.00662
11	0.00748	0.00555	0.00612	0.00584	0.00741	0.00503	0.00433	0.03718	0.03125	0.04969	0.17427	0.07691	0.47901	0.07915	0.00733	0.00190	0.00288	0.00943	0.00467	0.00456
12	0.00606	0.00448	0.00568	0.00657	0.00716	0.00411	0.00454	0.00709	0.00995	0.01299	0.05507	0.62784	0.17188	0.01462	0.00619	0.00193	0.00283	0.04235	0.00459	0.00406
13	0.01612	0.00944	0.01066	0.00869	0.01168	0.00985	0.00701	0.25598	0.14200	0.23529	0.01628	0.01586	0.01155	0.00603	0.00456	0.00143	0.00403	0.00479	0.22144	0.00730
14	0.00692	0.00494	0.00622	0.00665	0.00742	0.00469	0.00465	0.00874	0.04676	0.02967	0.20978	0.45249	0.09006	0.07621	0.00750	0.00206	0.00295	0.02325	0.00469	0.00435
15	0.01000	0.00548	0.00716	0.00696	0.00841	0.00491	0.00512	0.01144	0.01162	0.20222	0.18107	0.38869	0.11388	0.01178	0.00581	0.00176	0.00302	0.01040	0.00509	0.00518
16	0.04538	0.00666	0.00763	0.00678	0.00910	0.00614	0.00529	0.02695	0.07696	0.23171	0.06234	0.09031	0.38559	0.00991	0.00541	0.00163	0.00320	0.00827	0.00500	0.00574
17	0.00824	0.00734	0.01013	0.00971	0.00986	0.00923	0.00749	0.00920	0.00852	0.01220	0.01731	0.43880	0.02016	0.01218	0.01094	0.00207	0.38914	0.00939	0.00342	0.00465
18	0.42863	0.00787	0.00757	0.00670	0.00926	0.00829	0.00531	0.01431	0.02363	0.16308	0.08698	0.05749	0.10597	0.04928	0.00529	0.00173	0.00359	0.00538	0.00410	0.00554
19	0.28367	0.00914	0.01012	0.00827	0.01160	0.00927	0.00681	0.10722	0.02958	0.38421	0.04507	0.01600	0.01171	0.00609	0.00446	0.00155	0.00414	0.03914	0.00487	0.00708
20	0.02005	0.01157	0.01339	0.01026	0.01414	0.01198	0.00848	0.47269	0.01943	0.34373	0.01488	0.01380	0.00991	0.00597	0.00493	0.00149	0.00491	0.00463	0.00539	0.00836
21	0.00734	0.00575	0.00775	0.00772	0.00861	0.03120	0.00589	0.00900	0.00865	0.01212	0.08332	0.05253	0.01621	0.07313	0.63952	0.00673	0.01123	0.00596	0.00297	0.00436
22	0.01012	0.01067	0.02217	0.01657	0.02021	0.01039	0.52879	0.01349	0.01040	0.01434	0.01098	0.01521	0.00902	0.01473	0.26530	0.00368	0.00986	0.00563	0.00253	0.00590
23	0.00715	0.00476	0.00536	0.00536	0.00536	0.00476	0.00298	0.00715	0.00715	0.00953	0.01548	0.03216	0.01787	0.82729	0.02501	0.00476	0.00476	0.00715	0.00298	0.00298
24	0.00792	0.00566	0.00792	0.00905	0.01018	0.00566	0.00792	0.01018	0.01131	0.01471	0.02602	0.05543	0.02828	0.01358	0.00679	0.00226	0.00453	0.76356	0.00453	0.00453
25	0.01636	0.00835	0.01132	0.01082	0.10269	0.00788	0.00760	0.04512	0.08598	0.42822	0.17203	0.02067	0.01879	0.03433	0.00578	0.00164	0.00404	0.00578	0.00528	0.00732
26	0.00711	0.00488	0.00599	0.00645	0.00675	0.00483	0.00436	0.00777	0.00848	0.01122	0.01990	0.17783	0.02279	0.50127	0.01761	0.00371	0.00437	0.17756	0.00360	0.00350
27	0.00738	0.00547	0.00717	0.00797	0.00923	0.00526	0.00680	0.00941	0.01139	0.01457	0.06324	0.05274	0.20980	0.01316	0.00652	0.00209	0.00395	0.55483	0.00457	0.00444
28	0.01901	0.01323	0.01442	0.01105	0.01497	0.01445	0.00913	0.70552	0.02221	0.10697	0.01255	0.01229	0.00873	0.00592	0.00492	0.00148	0.00529	0.00448	0.00503	0.00836
29	0.01078	0.01036	0.01790	0.40030	0.40141	0.01135	0.04936	0.01392	0.01057	0.01439	0.00904	0.01266	0.00719	0.00462	0.00493	0.00155	0.00629	0.00444	0.00232	0.00663
30	0.01446	0.00860	0.01063	0.00781	0.01197	0.00679	0.00633	0.01654	0.01159	0.29835	0.01257	0.01254	0.00904	0.00452	0.00411	0.00101	0.00383	0.00364	0.00405	0.55161
31	0.01206	0.01193	0.02127	0.02726	0.60425	0.01185	0.16490	0.01579	0.05166	0.01623	0.00994	0.01270	0.00810	0.00445	0.00506	0.00151	0.00622	0.00472	0.00258	0.00756
32	0.00666	0.00487	0.00690	0.00731	0.00790	0.00526	0.00531	0.00795	0.00837	0.01165	0.01830	0.30574	0.01993	0.09705	0.45649	0.00554	0.00879	0.00851	0.00335	0.00413
33	0.01679	0.01283	0.01368	0.01092	0.01452	0.01436	0.00888	0.55940	0.24704	0.02792	0.01420	0.01371	0.01030	0.00612	0.00494	0.00153	0.00496	0.00476	0.00494	0.00819
34	0.01013	0.09177	0.73785	0.01355	0.02056	0.01207	0.01735	0.01549	0.01034	0.01523	0.00866	0.01017	0.00623	0.00463	0.00454	0.00151	0.00710	0.00355	0.00208	0.00718
35	0.01474	0.01267	0.01495	0.01618	0.23091	0.05747	0.01043	0.27877	0.26980	0.02237	0.01354	0.01388	0.01026	0.00568	0.00490	0.00152	0.00522	0.00471	0.00412	0.00786
36	0.86201	0.00950	0.00722	0.00646	0.00950	0.01102	0.00532	0.01445	0.00836	0.02205	0.00684	0.00798	0.00532	0.00456	0.00304	0.00152	0.00380	0.00266	0.00304	0.00532
37	0.01837	0.21970	0.03307	0.00938	0.01334	0.01237	0.00824	0.18423	0.04739	0.38347	0.01435	0.01334	0.00984	0.00556	0.00448	0.00140	0.00477	0.00424	0.00468	0.00779
38	0.00596	0.00458	0.00546	0.00610	0.00695	0.00408	0.00425	0.00703	0.01030	0.01314	0.06990	0.49152	0.32504	0.01403	0.00607	0.00185	0.00269	0.01237	0.00460	0.00408
39	0.00664	0.00495	0.00617	0.00643	0.00755	0.00443	0.01673	0.00800	0.01097	0.03356	0.14703	0.35289	0.31555	0.01303	0.00601	0.00180	0.00284	0.04641	0.00469	0.00432
40	0.01223	0.60728	0.24076	0.00996	0.01501	0.01722	0.01111	0.01495	0.01009	0.01267	0.00738	0.00857	0.00628	0.00433	0.00357	0.00119	0.00581	0.00291	0.00209	0.00657
41	0.01689	0.01288	0.01374	0.01095	0.01456	0.01440	0.00891	0.57132	0.23495	0.02809	0.01407	0.01361	0.01020	0.00611	0.00494	0.00153	0.00499	0.00474	0.00494	0.00820
42	0.86201	0.00950	0.00722	0.00646	0.00950	0.01102	0.00532	0.01445	0.00836	0.02205	0.00684	0.00798	0.00532	0.00456	0.00304	0.00152	0.00380	0.00266	0.00304	0.00532
43	0.01576	0.01733	0.01277	0.01144	0.01416	0.41900	0.00875	0.06924	0.34507	0.01684	0.01315	0.01309	0.01016	0.00580	0.00470	0.00145	0.00652	0.00426	0.00373	0.00675
44	0.01314	0.83025	0.02575	0.00841	0.01261	0.01945	0.00841	0.01472	0.00999	0.01156	0.00683	0.00788	0.00631	0.00420	0.00315	0.00105	0.00526	0.00263	0.00210	0.00631
45	0.00599	0.00428	0.00570	0.00684	0.00713	0.00399	0.00456	0.00684	0.00941	0.01254	0.02709	0.82409	0.03250	0.01540	0.00627	0.00200	0.00285	0.01397	0.00456	0.00399
46	0.01823	0.04360	0.01422	0.01255	0.01513	0.78785	0.00947	0.01950	0.01383	0.01202	0.00758	0.00884	0.00633	0.00504	0.00440	0.00126	0.00877	0.00315	0.00252	0.00571
47	0.00709	0.00533	0.00680	0.00756	0.00880	0.00504	0.00631	0.00891	0.01113	0.01408	0.03378	0.11286	0.27609	0.01335	0.00643	0.00205	0.00374	0.46177	0.00454	0.00436
48	0.01001	0.06285	0.76573	0.01375	0.02087	0.01179	0.01770	0.01552	0.01036	0.01538	0.00873	0.01026	0.00623	0.00465	0.00460	0.00153	0.00717	0.00358	0.00208	0.00722
49	0.86201	0.00950	0.00722	0.00646	0.00950	0.01102	0.00532	0.01445	0.00836	0.02205	0.00684	0.00798	0.00532	0.00456	0.00304	0.00152	0.00380	0.00266	0.00304	0.00532
50	0.86201	0.00950	0.00722	0.00646	0.00950	0.01102	0.00532	0.01445	0.00836	0.02205	0.00684	0.00798	0.00532	0.00456	0.00304	0.00152	0.00380	0.00266	0.00304	0.00532
51	0.00598	0.00491	0.00527	0.00534	0.00678	0.00420	0.00394	0.00732	0.01136	0.01405	0.14568	0.13098	0.61225	0.01245	0.00586	0.00168	0.00251	0.01057	0.00468	0.00420
52	0.01920	0.00918	0.01145	0.00919	0.01271	0.00892	0.00746	0.05401	0.22876	0.55413	0.01926	0.01698	0.01280	0.00624	0.00496	0.00156	0.00415	0.00509	0.00574	0.00820
53	0.00986	0.02542	0.80183	0.01401	0.02127	0.01141	0.01816	0.01556	0.01038	0.01556	0.00882	0.01038	0.00623	0.00467	0.00467	0.00156	0.00726	0.00363	0.00208	0.00726
54	0.01445	0.03430	0.01474	0.01269	0.01400	0.39553	0.01010	0.01563	0.01065	0.01192	0.00701	0.00978	0.00639	0.00681	0.01024	0.00170	0.41247	0.00372	0.00233	0.00555
55	0.00691	0.00502	0.00651	0.00614	0.00731	0.00462	0.00460	0.00919	0.01381	0.01946	0.76506	0.03712	0.07552	0.01014	0.00580	0.00155	0.00233	0.00895	0.00538	0.00462
56	0.01216	0.01168	0.01995	0.03016	0.79664	0.01168	0.01508	0.01508	0.01119	0.01605	0.00924	0.01216	0.00778	0.00438	0.00487	0.00146	0.00584	0.00438	0.00243	0.00778
57	0.01314	0.83025	0.02575	0.00841	0.01261	0.01945	0.00841	0.01472	0.00999	0.01156	0.00683	0.00788	0.00631	0.00420	0.00315	0.00105	0.00526	0.00263	0.00210	0.00631
58	0.00598	0.00456	0.00549	0.00616	0.00697	0.00408	0.00428	0.00704	0.01027	0.01317	0.07490	0.51200	0.29925	0.01409	0.00609	0.00185	0.00270	0.01245	0.00461	0.00408
59	0.00625	0.00500	0.00558	0.00544	0.00691	0.00433	0.00408	0.00790	0.01223	0.01573	0.33359	0.04326	0.50931	0.01153	0.00580	0.00162	0.00242	0.00981	0.00489	0.00433
60	0.00581	0.00498	0.00498	0.00498	0.00664	0.00415	0.00373	0.00705	0.01120	0.01328	0.04978	0.04729	0.79464	0.01245	0.00581	0.00166	0.00249	0.01037	0.00456	0.00415
61	0.00599	0.00428	0.00570	0.00684	0.00713	0.00399	0.00456	0.00684	0.00941	0.01254	0.02709	0.82409	0.03250	0.01540	0.00627	0.00200	0.00285	0.01397	0.00456	0.00399
62	0.01264	0.01077	0.01135	0.01009	0.01294	0.01242	0.00788	0.07522	0.73797	0.02124	0.01947	0.01791	0.01457	0.00662	0.00499	0.00165	0.00399	0.00548	0.00499	0.00782
63	0.01883	0.01290	0.01414	0.01091	0.01477	0.01404	0.00899	0.64496	0.05747	0.13239	0.01319	0.01276	0.00917	0.00596	0.00492	0.00149	0.00517	0.00455	0.00507	0.00833
64	0.86201	0.00950	0.00722	0.00646	0.00950	0.01102	0.00532	0.01445	0.00836	0.02205	0.00684	0.00798	0.00532	0.00456	0.00304	0.00152	0.00380	0.00266	0.00304	0.00532
65	0.01236	0.01053	0.01114	0.00994	0.01272	0.01212	0.00775	0.06066	0.72772	0.02101	0.04410	0.01861	0.01568	0.00674	0.00502	0.00165	0.00391	0.00561	0.00501	0.00771
66	0.00896	0.00893	0.01751	0.01387	0.01665	0.00837	0.39184	0.01161	0.01078	0.01438	0.01967	0.30569	0.06170	0.00944	0.00606	0.00183	0.00570	0.07812	0.00352	0.00537
67	0.00610	0.00441	0.00577	0.00665	0.00713	0.00408	0.00452	0.00716	0.01007	0.01348	0.12355	0.68089	0.07889	0.01456	0.00619	0.00192	0.00276	0.01313	0.00467	0.00408
68	0.00723	0.00478	0.00636	0.00692	0.00764	0.00446	0.00493	0.00855	0.01074	0.05518	0.19880	0.51722	0.03374	0.04093	0.00677	0.00198	0.00300	0.07161	0.00478	0.00437
69	0.02004	0.01071	0.01276	0.00984	0.01363	0.01080	0.00811	0.35391	0.03719	0.42988	0.03106	0.01500	0.01123	0.00609	0.00495	0.00150	0.00467	0.00481	0.00553	0.00827
70	0.00601	0.00452	0.00559	0.00641	0.00711	0.00410	0.00446	0.00702	0.00997	0.01283	0.03329	0.58192	0.24185	0.01452	0.00616	0.00191	0.00281	0.04090	0.00456	0.00405
71	0.00594	0.00466	0.00538	0.00588	0.00689	0.00410	0.00415	0.00705	0.01049	0.01321	0.07051	0.40245	0.41447	0.01370	0.00602	0.00181	0.00265	0.01196	0.00460	0.00410
72	0.01835	0.01360	0.01456	0.01124	0.01511	0.01508	0.00926	0.74103	0.06287	0.03043	0.01223	0.01214	0.00870	0.00594	0.00492	0.00148	0.00533	0.00448	0.00492	0.00833
73	0.01601	0.02379	0.23223	0.01301	0.01688	0.57208	0.01189	0.03281	0.01312	0.01336	0.00801	0.00934	0.00634	0.00497	0.00451	0.00135	0.00835	0.00332	0.00245	0.00618
74	0.00720	0.00508	0.00734	0.00734	0.00799	0.00573	0.00545	0.00827	0.00762	0.01082	0.01305	0.02087	0.01277	0.15889	0.60319	0.09542	0.01092	0.00546	0.00264	0.00393
75	0.00715	0.00476	0.00536	0.00536	0.00536	0.00476	0.00298	0.00715	0.00715	0.00953	0.01548	0.03216	0.01787	0.82729	0.02501	0.00476	0.00476	0.00715	0.00298	0.00298
76	0.00854	0.00427	0.00640	0.00640	0.00640	0.00427	0.00427	0.00640	0.00640	0.00854	0.00854	0.01494	0.00854	0.01707	0.01921	0.85702	0.00427	0.00427	0.00213	0.00213
77	0.00633	0.00449	0.00590	0.00674	0.00705	0.00436	0.00451	0.00716	0.00892	0.01197	0.02376	0.59287	0.02799	0.15927	0.08279	0.00303	0.00417	0.03073	0.00411	0.00386
78	0.00654	0.00455	0.00604	0.00671	0.00729	0.00422	0.00463	0.00780	0.01068	0.02931	0.22817	0.60224	0.03576	0.01382	0.00612	0.00187	0.00274	0.01247	0.00481	0.00424
79	0.00658	0.00468	0.00630	0.00738	0.00788	0.00449	0.00541	0.00778	0.00982	0.01298	0.02617	0.56904	0.03056	0.05805	0.00741	0.00222	0.00342	0.22128	0.00447	0.00409
80	0.00599	0.00428	0.00570	0.00684	0.00713	0.00399	0.00456	0.00684	0.00941	0.01254	0.02709	0.82409	0.03250	0.01540	0.00627	0.00200	0.00285	0.01397	0.00456	0.00399
81	0.00604	0.00430	0.00569	0.00677	0.00704	0.00403	0.00449	0.00686	0.00930	0.01240	0.02654	0.78656	0.03181	0.05387	0.00716	0.00213	0.00294	0.01365	0.00449	0.00394
82	0.08127	0.00701	0.00900	0.00777	0.01031	0.00637	0.00607	0.01706	0.01223	0.44992	0.06639	0.24191	0.04562	0.00899	0.00524	0.00166	0.00362	0.00768	0.00534	0.00656
83	0.01019	0.00873	0.01019	0.00728	0.01165	0.00655	0.00582	0.01237	0.01019	0.01601	0.00873	0.01019	0.00728	0.00364	0.00364	0.00073	0.00364	0.00291	0.00291	0.85734
84	0.00737	0.00507	0.00602	0.00601	0.00734	0.00449	0.00443	0.00885	0.01160	0.06867	0.22800	0.20734	0.34907	0.02779	0.00619	0.00175	0.00271	0.02306	0.01971	0.00452
85	0.00942	0.00900	0.01557	0.76924	0.03337	0.01101	0.05817	0.01274	0.00993	0.01274	0.00880	0.01311	0.00660	0.00487	0.00496	0.00164	0.00665	0.00445	0.00220	0.00553
86	0.06482	0.00842	0.01119	0.00863	0.01239	0.00742	0.00713	0.02347	0.01378	0.76043	0.01875	0.01628	0.01182	0.00600	0.00485	0.00152	0.00416	0.00483	0.00593	0.00821
87	0.38284	0.00713	0.00697	0.00657	0.00864	0.00750	0.00506	0.01217	0.01019	0.09186	0.13444	0.19111	0.08752	0.02190	0.00492	0.00169	0.00331	0.00697	0.00414	0.00508
88	0.00837	0.00437	0.00656	0.00656	0.00666	0.00447	0.00447	0.00666	0.00656	0.00884	0.00903	0.01541	0.00894	0.01919	0.10370	0.76605	0.00522	0.00437	0.00219	0.00238
89	0.00740	0.00546	0.00774	0.00940	0.05473	0.00535	0.00701	0.00914	0.01055	0.01393	0.02547	0.35746	0.02876	0.01376	0.00647	0.00211	0.00394	0.42239	0.00442	0.00450
90	0.00599	0.00428	0.00570	0.00684	0.00713	0.00399	0.00456	0.00684	0.00941	0.01254	0.02709	0.82409	0.03250	0.01540	0.00627	0.00200	0.00285	0.01397	0.00456	0.00399
91	0.00854	0.00427	0.00640	0.00640	0.00640	0.00427	0.00427	0.00640	0.00640	0.00854	0.00854	0.01494	0.00854	0.01707	0.01921	0.85702	0.00427	0.00427	0.00213	0.00213
92	0.58717	0.01119	0.01357	0.01070	0.01425	0.04846	0.21980	0.01505	0.00952	0.01984	0.00774	0.00948	0.00596	0.00447	0.00387	0.00155	0.00528	0.00355	0.00286	0.00570
93	0.01629	0.01261	0.01326	0.01077	0.01423	0.03077	0.00869	0.45698	0.31485	0.04582	0.01503	0.01436	0.01095	0.00618	0.00494	0.00154	0.00487	0.00484	0.00493	0.00808
94	0.00692	0.00500	0.00638	0.00605	0.00713	0.00462	0.00444	0.00897	0.01316	0.01847	0.68694	0.03681	0.08020	0.08456	0.00755	0.00184	0.00255	0.00880	0.00515	0.00446
95	0.24301	0.00623	0.00560	0.00539	0.00743	0.00605	0.00417	0.00910	0.01041	0.01571	0.03789	0.03640	0.57597	0.01026	0.00504	0.00162	0.00285	0.00824	0.00414	0.00447
96	0.01192	0.01235	0.02381	0.02613	0.46766	0.01200	0.34097	0.01536	0.01136	0.01592	0.00954	0.01263	0.00764	0.00428	0.00526	0.00154	0.00688	0.00498	0.00246	0.00729
97	0.01058	0.00999	0.01540	0.01100	0.01554	0.00818	0.21997	0.01331	0.01058	0.01594	0.00907	0.01104	0.00733	0.00378	0.00424	0.00099	0.00493	0.00371	0.00279	0.62165
98	0.00815	0.00441	0.00611	0.00611	0.00611	0.00441	0.00391	0.00661	0.00661	0.00881	0.01046	0.01971	0.01112	0.24154	0.02081	0.62091	0.00441	0.00507	0.00237	0.00237
99	0.00645	0.00451	0.00577	0.00659	0.00686	0.00433	0.00437	0.00717	0.00892	0.01187	0.02379	0.54884	0.02814	0.24019	0.01150	0.00278	0.00350	0.06654	0.00412	0.00375
100	0.01550	0.02927	0.07530	0.01360	0.01786	0.01299	0.22270	0.38006	0.03633	0.08856	0.01252	0.05038	0.00952	0.00577	0.00518	0.00156	0.00608	0.00523	0.00407	0.00754
101	0.16302	0.01239	0.02324	0.01850	0.09864	0.01230	0.51166	0.04885	0.01138	0.01746	0.00931	0.01208	0.00712	0.00443	0.00545	0.00162	0.02831	0.00500	0.00268	0.00655
102	0.01094	0.23693	0.01886	0.43073	0.18450	0.01344	0.01249	0.01367	0.01015	0.01300	0.00831	0.01146	0.00674	0.00461	0.00442	0.00144	0.00605	0.00389	0.00221	0.00617
103	0.05632	0.01778	0.01277	0.01092	0.01404	0.47214	0.00842	0.09215	0.03139	0.07574	0.00936	0.01016	0.00729	0.00498	0.00432	0.00123	0.00689	0.00341	0.00318	0.15748

[dist]
# distance from previous block
# <min> <max>
1	5

[block]
# block no. 2 follows, 51 sequences, length 10
# corresponding to MSA columns:
# 311-320
name=unknown_C
#
# <colnr> <probs for GDERKNQSTAVLIFYWHMCP>
#	G	D	E	R	K	N	Q	S	T	A	V	L	I	F	Y	W	H	M	C	P
0	0.01277	0.04788	0.48009	0.01376	0.01938	0.21217	0.06412	0.06535	0.01215	0.01555	0.00871	0.01020	0.00647	0.00480	0.00465	0.00147	0.00755	0.00367	0.00240	0.00687
1	0.07105	0.00856	0.00972	0.00761	0.01075	0.00783	0.00588	0.11064	0.03330	0.13461	0.01237	0.01622	0.01053	0.18329	0.00863	0.00190	0.00421	0.00438	0.00372	0.35479
2	0.01074	0.01650	0.32728	0.01279	0.01806	0.01070	0.14083	0.01719	0.17935	0.01678	0.01142	0.01255	0.00857	0.00479	0.00471	0.00142	0.00591	0.00426	0.00296	0.19323
3	0.00777	0.00533	0.00702	0.00722	0.00848	0.00501	0.00580	0.00982	0.01237	0.05193	0.35071	0.10507	0.11816	0.01178	0.00614	0.00184	0.00323	0.27269	0.00497	0.00466
4	0.01724	0.32166	0.01790	0.01007	0.01366	0.25186	0.00858	0.10163	0.01348	0.18503	0.01033	0.01052	0.00781	0.00505	0.00412	0.00126	0.00612	0.00349	0.00340	0.00679
5	0.01108	0.32424	0.51368	0.01193	0.01806	0.01440	0.01454	0.01525	0.01023	0.01408	0.00808	0.00945	0.00626	0.00450	0.00411	0.00137	0.00652	0.00326	0.00209	0.00691
6	0.01082	0.01007	0.01685	0.02510	0.62520	0.01001	0.01280	0.01329	0.01080	0.01529	0.01312	0.18847	0.01315	0.00677	0.00517	0.00158	0.00519	0.00646	0.00289	0.00696
7	0.01278	0.19019	0.02081	0.02430	0.57538	0.06532	0.01327	0.01530	0.01111	0.01482	0.00861	0.01102	0.00737	0.00439	0.00447	0.00136	0.00591	0.00392	0.00237	0.00733
8	0.01182	0.19027	0.02679	0.06965	0.07370	0.01381	0.51255	0.01527	0.01111	0.01465	0.00914	0.01201	0.00717	0.00422	0.00511	0.00151	0.00736	0.00493	0.00238	0.00656
9	0.01041	0.00944	0.01519	0.16845	0.43347	0.00971	0.01159	0.01272	0.01000	0.01399	0.01047	0.01655	0.00971	0.18312	0.00917	0.00216	0.00560	0.00488	0.00254	0.06082

[dist]
# distance from previous block
# <min> <max>
0	14

[block]
# block no. 3 follows, 51 sequences, length 6
# corresponding to MSA columns:
# 335-340
name=unknown_D
#
# <colnr> <probs for GDERKNQSTAVLIFYWHMCP>
#	G	D	E	R	K	N	Q	S	T	A	V	L	I	F	Y	W	H	M	C	P
0	0.01103	0.06388	0.27879	0.01091	0.01504	0.01044	0.04297	0.17240	0.01404	0.01951	0.21171	0.02175	0.01913	0.00711	0.00517	0.00158	0.00527	0.07903	0.00377	0.00647
1	0.01015	0.01267	0.17748	0.44298	0.02585	0.01135	0.01309	0.01665	0.20875	0.01523	0.01163	0.01387	0.00864	0.00531	0.00488	0.00163	0.00602	0.00452	0.00288	0.00643
2	0.01379	0.00992	0.01615	0.26870	0.35925	0.01030	0.01263	0.01656	0.01150	0.21532	0.01168	0.01362	0.00852	0.00498	0.00490	0.00153	0.00564	0.00452	0.00329	0.00721
3	0.00850	0.01039	0.20989	0.00906	0.01175	0.00676	0.00922	0.01157	0.01090	0.01576	0.05151	0.06070	0.04571	0.00955	0.00546	0.00179	0.00455	0.33103	0.18069	0.00521
4	0.01363	0.01526	0.21560	0.25246	0.10032	0.12097	0.01303	0.01693	0.01155	0.17735	0.01086	0.01248	0.00773	0.00506	0.00478	0.00152	0.00649	0.00413	0.00304	0.00679
5	0.01105	0.00770	0.01155	0.44060	0.02246	0.00842	0.00978	0.01352	0.01106	0.17649	0.02144	0.02259	0.20912	0.00708	0.00515	0.00162	0.00502	0.00602	0.00360	0.00573

[dist]
# distance from previous block
# <min> <max>
0	198

# created by:
# /st0/software/busco_prod/Augustus/scripts/msa2prfl.pl ./align_prep/70775.fa
