[name]
unknown

[dist]
# distance from previous block
# <min> <max>
0	71

[block]
# block no. 0 follows, 52 sequences, length 14
# corresponding to MSA columns:
# 71-84
name=unknown_A
#
# <colnr> <probs for GDERKNQSTAVLIFYWHMCP>
#	G	D	E	R	K	N	Q	S	T	A	V	L	I	F	Y	W	H	M	C	P
0	0.02768	0.24924	0.16002	0.01033	0.01415	0.01163	0.10096	0.01399	0.04991	0.03352	0.16923	0.01842	0.01631	0.00681	0.02286	0.00156	0.00527	0.04999	0.00320	0.03490
1	0.08682	0.19919	0.05619	0.01092	0.01380	0.01299	0.11108	0.05154	0.03765	0.05533	0.01193	0.07522	0.04365	0.00662	0.00698	0.00158	0.18701	0.00494	0.00296	0.02361
2	0.18673	0.01324	0.11812	0.01166	0.01571	0.01211	0.13533	0.25574	0.04114	0.06067	0.01057	0.02739	0.00798	0.00533	0.00498	0.00151	0.03704	0.00430	0.00357	0.04689
3	0.01208	0.48470	0.07898	0.01124	0.10816	0.01516	0.00936	0.01509	0.06776	0.01357	0.00842	0.00958	0.00717	0.00429	0.00363	0.00112	0.00505	0.00313	0.00245	0.13906
4	0.01057	0.01049	0.01458	0.01242	0.01266	0.01439	0.01034	0.01169	0.00756	0.01189	0.00648	0.01057	0.00641	0.00822	0.01523	0.00204	0.77632	0.00417	0.00216	0.05181
5	0.01043	0.01036	0.01481	0.11017	0.01522	0.01435	0.01095	0.01175	0.00770	0.01175	0.00663	0.01088	0.00637	0.00804	0.01457	0.00206	0.72229	0.00425	0.00212	0.00531
6	0.00686	0.00495	0.00648	0.00610	0.00724	0.00457	0.00457	0.00914	0.01372	0.01943	0.79691	0.03620	0.04572	0.00991	0.00572	0.00152	0.00229	0.00876	0.00533	0.00457
7	0.01060	0.01060	0.01484	0.01272	0.01272	0.01484	0.01060	0.01166	0.00742	0.01166	0.00636	0.01060	0.00636	0.00848	0.01590	0.00212	0.82082	0.00424	0.00212	0.00530
8	0.00705	0.00470	0.00529	0.00529	0.00529	0.00470	0.00294	0.00705	0.00705	0.00940	0.01527	0.03171	0.01762	0.82969	0.02467	0.00470	0.00470	0.00705	0.00294	0.00294
9	0.01296	0.83261	0.02539	0.00829	0.01244	0.01917	0.00829	0.01451	0.00985	0.01140	0.00674	0.00777	0.00622	0.00415	0.00311	0.00104	0.00518	0.00259	0.00207	0.00622
10	0.01547	0.01028	0.01539	0.01190	0.01536	0.01041	0.18505	0.10068	0.17949	0.28548	0.06471	0.01648	0.01298	0.00603	0.00568	0.00159	0.04571	0.00536	0.00460	0.00735
11	0.01533	0.11002	0.01246	0.00903	0.01213	0.09972	0.00733	0.02097	0.27265	0.27283	0.01972	0.01832	0.09541	0.00652	0.00471	0.00148	0.00449	0.00517	0.00462	0.00707
12	0.01196	0.01077	0.01095	0.01053	0.06350	0.10674	0.00761	0.10234	0.33420	0.01984	0.24371	0.02114	0.02161	0.00713	0.00507	0.00153	0.00427	0.00595	0.00458	0.00658
13	0.00677	0.09295	0.00767	0.00626	0.00750	0.00572	0.00468	0.00805	0.01062	0.01369	0.16300	0.37598	0.25526	0.01225	0.00564	0.00170	0.00287	0.01069	0.00438	0.00433

[dist]
# distance from previous block
# <min> <max>
6	9

[block]
# block no. 1 follows, 52 sequences, length 9
# corresponding to MSA columns:
# 94-102
name=unknown_B
#
# <colnr> <probs for GDERKNQSTAVLIFYWHMCP>
#	G	D	E	R	K	N	Q	S	T	A	V	L	I	F	Y	W	H	M	C	P
0	0.01738	0.01602	0.01434	0.01173	0.01474	0.24902	0.00942	0.46542	0.01827	0.02277	0.00978	0.01066	0.00743	0.00590	0.00604	0.00147	0.10469	0.00398	0.00383	0.00711
1	0.01402	0.01126	0.01113	0.00935	0.01158	0.10656	0.00750	0.30638	0.04202	0.02123	0.01201	0.01344	0.00931	0.00607	0.00590	0.00143	0.12130	0.00429	0.27895	0.00629
2	0.00740	0.00590	0.00701	0.00607	0.00817	0.00494	0.00465	0.00938	0.01206	0.01683	0.39579	0.03204	0.23081	0.00886	0.00516	0.00134	0.00267	0.00760	0.00447	0.22883
3	0.00883	0.00736	0.00800	0.00742	0.00941	0.00775	0.00568	0.01586	0.35730	0.01794	0.23239	0.03124	0.25325	0.00913	0.00537	0.00161	0.00302	0.00774	0.00491	0.00580
4	0.00661	0.00510	0.00692	0.00692	0.00795	0.00548	0.00530	0.00814	0.00861	0.01165	0.02256	0.02684	0.21853	0.06499	0.56459	0.00604	0.00985	0.00660	0.00311	0.00420
5	0.01133	0.11118	0.02564	0.13359	0.07307	0.01283	0.53099	0.01491	0.01097	0.01460	0.00922	0.01234	0.00711	0.00422	0.00522	0.00155	0.00742	0.00505	0.00236	0.00640
6	0.00921	0.00852	0.01404	0.33157	0.22631	0.00916	0.05009	0.01199	0.01101	0.01479	0.15469	0.02074	0.10493	0.00643	0.00513	0.00156	0.00515	0.00586	0.00307	0.00575
7	0.19179	0.00940	0.01022	0.00821	0.01142	0.00972	0.00672	0.23967	0.01471	0.28336	0.01552	0.01503	0.04942	0.00591	0.00434	0.00145	0.00409	0.00449	0.10756	0.00697
8	0.27826	0.10892	0.01367	0.00913	0.01295	0.01059	0.09911	0.05207	0.01101	0.17925	0.01025	0.01086	0.00752	0.00460	0.00393	0.00130	0.00457	0.00358	0.00350	0.17493

[dist]
# distance from previous block
# <min> <max>
1	4

[block]
# block no. 2 follows, 52 sequences, length 31
# corresponding to MSA columns:
# 107-137
name=unknown_C
#
# <colnr> <probs for GDERKNQSTAVLIFYWHMCP>
#	G	D	E	R	K	N	Q	S	T	A	V	L	I	F	Y	W	H	M	C	P
0	0.01280	0.01175	0.07106	0.01159	0.06490	0.01171	0.03459	0.22454	0.34294	0.02187	0.09657	0.01808	0.04269	0.00654	0.00501	0.00156	0.00454	0.00548	0.00447	0.00730
1	0.00588	0.00475	0.00522	0.00545	0.00672	0.00410	0.00396	0.00711	0.01089	0.01352	0.11467	0.22697	0.54838	0.01273	0.00583	0.00170	0.00252	0.01091	0.00458	0.00410
2	0.03829	0.06894	0.00987	0.00805	0.00993	0.05579	0.00639	0.01464	0.17506	0.06320	0.26835	0.02761	0.03974	0.07071	0.00705	0.00184	0.03290	0.09172	0.00439	0.00552
3	0.00662	0.00494	0.00614	0.00584	0.00709	0.00447	0.00438	0.00868	0.01315	0.01809	0.63826	0.03841	0.20521	0.01041	0.00572	0.00155	0.00232	0.00907	0.00516	0.00447
4	0.01389	0.01232	0.01608	0.01399	0.07431	0.03736	0.06739	0.29935	0.01389	0.01929	0.00882	0.01122	0.00723	0.00675	0.00986	0.00176	0.37225	0.00437	0.00319	0.00668
5	0.00590	0.00422	0.00562	0.00675	0.00703	0.00394	0.00450	0.00675	0.00928	0.01237	0.02671	0.82653	0.03205	0.01518	0.00619	0.00197	0.00281	0.01378	0.00450	0.00394
6	0.86392	0.00937	0.00712	0.00637	0.00937	0.01087	0.00525	0.01425	0.00825	0.02174	0.00675	0.00787	0.00525	0.00450	0.00300	0.00150	0.00375	0.00262	0.00300	0.00525
7	0.00705	0.00470	0.00529	0.00529	0.00529	0.00470	0.00294	0.00705	0.00705	0.00940	0.01527	0.03171	0.01762	0.82969	0.02467	0.00470	0.00470	0.00705	0.00294	0.00294
8	0.00590	0.00422	0.00562	0.00675	0.00703	0.00394	0.00450	0.00675	0.00928	0.01237	0.02671	0.82653	0.03205	0.01518	0.00619	0.00197	0.00281	0.01378	0.00450	0.00394
9	0.01144	0.01307	0.02859	0.02042	0.02533	0.01225	0.78186	0.01552	0.01144	0.01552	0.00980	0.01307	0.00735	0.00408	0.00572	0.00163	0.00817	0.00572	0.00245	0.00654
10	0.00678	0.00572	0.00641	0.00609	0.00757	0.00554	0.00467	0.00909	0.06494	0.01490	0.21164	0.03967	0.51663	0.01107	0.00642	0.00165	0.06301	0.00913	0.00454	0.00453
11	0.01585	0.01873	0.01562	0.05091	0.25806	0.51432	0.01123	0.03337	0.01292	0.01349	0.00812	0.00998	0.00674	0.00480	0.00453	0.00133	0.00765	0.00356	0.00250	0.00630
12	0.01054	0.01052	0.01483	0.04784	0.01362	0.01467	0.01073	0.01169	0.00752	0.01169	0.00646	0.01070	0.00637	0.00832	0.01542	0.00210	0.78531	0.00424	0.00212	0.00530
13	0.00915	0.00861	0.01453	0.81804	0.03338	0.01077	0.01346	0.01238	0.00969	0.01238	0.00861	0.01292	0.00646	0.00484	0.00484	0.00161	0.00646	0.00431	0.00215	0.00538
14	0.00692	0.00519	0.00779	0.00779	0.00865	0.00606	0.00606	0.00865	0.00779	0.01125	0.01298	0.01904	0.01211	0.03634	0.81049	0.00779	0.01298	0.00519	0.00260	0.00433
15	0.00853	0.00729	0.01113	0.40988	0.04446	0.00838	0.00972	0.04254	0.03877	0.01362	0.01629	0.29769	0.01683	0.00895	0.00540	0.00176	0.00493	0.04543	0.00330	0.00510
16	0.00590	0.00489	0.00516	0.00514	0.00666	0.00416	0.00384	0.00726	0.01137	0.01398	0.15624	0.07106	0.66359	0.01203	0.00574	0.00163	0.00244	0.01013	0.00462	0.00416
17	0.01105	0.35788	0.48345	0.01154	0.01746	0.01452	0.01394	0.01500	0.01007	0.01372	0.00789	0.00922	0.00617	0.00442	0.00399	0.00133	0.00635	0.00317	0.00206	0.00677
18	0.00590	0.00422	0.00562	0.00675	0.00703	0.00394	0.00450	0.00675	0.00928	0.01237	0.02671	0.82653	0.03205	0.01518	0.00619	0.00197	0.00281	0.01378	0.00450	0.00394
19	0.01433	0.01464	0.01693	0.02115	0.41862	0.21440	0.01224	0.12217	0.02869	0.01664	0.00906	0.01114	0.00744	0.00505	0.00552	0.00145	0.06666	0.00404	0.00279	0.00706
20	0.00626	0.00460	0.00589	0.00646	0.00722	0.00424	0.00463	0.00763	0.01082	0.01446	0.23021	0.45409	0.14710	0.01326	0.00603	0.00182	0.00274	0.06369	0.00471	0.00416
21	0.01067	0.00898	0.01038	0.00747	0.01175	0.00709	0.00600	0.06920	0.01099	0.01688	0.00884	0.01017	0.00726	0.00375	0.00368	0.00077	0.00372	0.00298	0.00302	0.79640
22	0.01442	0.00749	0.00934	0.00802	0.01053	0.00727	0.00635	0.04725	0.14601	0.34171	0.15600	0.09858	0.02075	0.00789	0.00511	0.00157	0.00355	0.03380	0.06768	0.00669
23	0.01379	0.15289	0.06787	0.01261	0.01639	0.13990	0.17909	0.17305	0.10540	0.01787	0.03682	0.04156	0.01011	0.00551	0.00474	0.00144	0.00622	0.00473	0.00332	0.00670
24	0.00874	0.00543	0.00696	0.00694	0.00827	0.00492	0.00501	0.01045	0.03585	0.12581	0.12674	0.47498	0.07871	0.01193	0.00569	0.00173	0.00299	0.01061	0.00472	0.06352
25	0.00661	0.00461	0.00545	0.00573	0.00605	0.00443	0.00358	0.00715	0.00861	0.01144	0.09247	0.25050	0.09064	0.46282	0.01628	0.00340	0.00377	0.00931	0.00371	0.00346
26	0.27758	0.10735	0.06154	0.04994	0.20872	0.01169	0.00955	0.08275	0.01101	0.06526	0.01008	0.06634	0.00859	0.00538	0.00413	0.00147	0.00484	0.00423	0.00309	0.00644
27	0.01401	0.35350	0.08341	0.01141	0.07323	0.21574	0.00954	0.07349	0.03442	0.01436	0.00868	0.00989	0.00719	0.00472	0.00388	0.00122	0.00604	0.00330	0.06566	0.00632
28	0.07978	0.00864	0.01119	0.00916	0.01198	0.03116	0.06388	0.01829	0.09710	0.36353	0.05788	0.04930	0.05593	0.03531	0.05395	0.00204	0.03384	0.00567	0.00468	0.00667
29	0.50550	0.00930	0.00884	0.02004	0.06051	0.01021	0.00632	0.07199	0.06941	0.02061	0.02464	0.01279	0.05916	0.00532	0.00371	0.00144	0.00387	0.00379	0.03371	0.06883
30	0.01233	0.03624	0.01044	0.00911	0.03039	0.06833	0.00670	0.06986	0.20333	0.12163	0.04124	0.07534	0.01524	0.21544	0.01061	0.00238	0.05545	0.00602	0.00403	0.00589

[dist]
# distance from previous block
# <min> <max>
4	10

[block]
# block no. 3 follows, 52 sequences, length 17
# corresponding to MSA columns:
# 148-164
name=unknown_D
#
# <colnr> <probs for GDERKNQSTAVLIFYWHMCP>
#	G	D	E	R	K	N	Q	S	T	A	V	L	I	F	Y	W	H	M	C	P
0	0.01010	0.20399	0.12846	0.03951	0.01572	0.01098	0.19396	0.01298	0.01116	0.03257	0.18508	0.10368	0.01812	0.00672	0.00495	0.00149	0.00530	0.00615	0.00323	0.00583
1	0.01050	0.27729	0.20244	0.00914	0.01287	0.09283	0.00931	0.01311	0.01132	0.01434	0.18435	0.01939	0.11161	0.00659	0.00448	0.00136	0.00505	0.00516	0.00312	0.00576
2	0.01431	0.11244	0.01419	0.01113	0.06245	0.09152	0.00853	0.30080	0.16116	0.02161	0.11589	0.01655	0.01448	0.00633	0.00477	0.00145	0.00497	0.02623	0.00419	0.00700
3	0.01697	0.03241	0.01218	0.01013	0.05512	0.00946	0.00778	0.13741	0.09913	0.39119	0.09542	0.01694	0.01434	0.00629	0.00528	0.00149	0.03591	0.00506	0.00505	0.04242
4	0.00989	0.00863	0.00865	0.00801	0.00981	0.09314	0.00607	0.01552	0.25666	0.03376	0.38772	0.07057	0.05461	0.00862	0.00534	0.00156	0.00353	0.00737	0.00485	0.00568
5	0.00986	0.00818	0.00949	0.00693	0.01084	0.00626	0.00547	0.01193	0.00993	0.01567	0.00936	0.01148	0.00796	0.03859	0.00447	0.00091	0.00355	0.00315	0.05821	0.76776
6	0.01780	0.02096	0.01350	0.01198	0.01463	0.66068	0.00911	0.13265	0.01494	0.01488	0.00843	0.00953	0.00678	0.00514	0.00440	0.00127	0.00798	0.00336	0.03602	0.00597
7	0.00774	0.08979	0.00888	0.00705	0.00852	0.00671	0.00537	0.02465	0.01061	0.01436	0.16737	0.36431	0.10894	0.01097	0.00596	0.00162	0.04759	0.00945	0.00411	0.09601
8	0.01361	0.01569	0.01362	0.01211	0.01333	0.37305	0.00958	0.01483	0.01031	0.01171	0.00755	0.01062	0.00689	0.00974	0.09161	0.00230	0.37193	0.00383	0.00234	0.00534
9	0.00903	0.00452	0.00452	0.00452	0.00565	0.00452	0.00339	0.01129	0.01016	0.01807	0.01581	0.01807	0.01242	0.00565	0.00339	0.00113	0.00226	0.00452	0.85659	0.00452
10	0.01066	0.00996	0.01620	0.44086	0.31988	0.01125	0.01345	0.03260	0.06964	0.01471	0.00972	0.01293	0.00759	0.00480	0.00483	0.00155	0.00597	0.00440	0.00252	0.00649
11	0.00583	0.00453	0.00530	0.00593	0.00681	0.00401	0.00413	0.00684	0.01007	0.01269	0.03671	0.47799	0.37413	0.01388	0.00598	0.00182	0.00265	0.01219	0.00450	0.00401
12	0.01123	0.00788	0.00989	0.00969	0.05540	0.00813	0.02244	0.09738	0.19962	0.11531	0.09082	0.29509	0.03734	0.00960	0.00544	0.00169	0.00371	0.00845	0.00474	0.00616
13	0.01109	0.20128	0.44927	0.01162	0.01710	0.01310	0.01339	0.05003	0.13185	0.01602	0.03432	0.01176	0.00881	0.00502	0.00437	0.00144	0.00598	0.00385	0.00272	0.00700
14	0.00725	0.00468	0.00521	0.00521	0.00532	0.00468	0.00298	0.00748	0.00736	0.01028	0.01532	0.03032	0.01709	0.74578	0.02250	0.00433	0.00445	0.00679	0.08986	0.00310
15	0.01468	0.01095	0.04875	0.01097	0.08369	0.04219	0.00833	0.17846	0.07133	0.19143	0.09263	0.01517	0.01290	0.00562	0.00464	0.00132	0.00453	0.00459	0.00428	0.19356
16	0.45243	0.01141	0.00991	0.00849	0.01159	0.07235	0.00684	0.16896	0.15915	0.04087	0.01051	0.01081	0.00787	0.00522	0.00388	0.00150	0.00446	0.00360	0.00376	0.00639

[dist]
# distance from previous block
# <min> <max>
3	19

[block]
# block no. 4 follows, 52 sequences, length 33
# corresponding to MSA columns:
# 184-216
name=unknown_E
#
# <colnr> <probs for GDERKNQSTAVLIFYWHMCP>
#	G	D	E	R	K	N	Q	S	T	A	V	L	I	F	Y	W	H	M	C	P
0	0.04474	0.32444	0.09459	0.01599	0.27105	0.02481	0.02581	0.01440	0.01037	0.01421	0.00875	0.01173	0.00769	0.00462	0.00406	0.00127	0.00545	0.03650	0.00240	0.07711
1	0.28517	0.06778	0.32164	0.01297	0.08425	0.01157	0.09770	0.01474	0.00987	0.01733	0.03056	0.01053	0.00725	0.00461	0.00417	0.00149	0.00579	0.00366	0.00252	0.00639
2	0.01250	0.01101	0.05214	0.01305	0.08145	0.01178	0.07333	0.18745	0.01310	0.06886	0.12685	0.04679	0.01415	0.00728	0.00847	0.00171	0.25464	0.00544	0.00360	0.00639
3	0.01205	0.40372	0.19132	0.01425	0.11867	0.03795	0.13063	0.01503	0.01044	0.01347	0.00796	0.00969	0.00657	0.00428	0.00409	0.00129	0.00624	0.00353	0.00218	0.00664
4	0.00879	0.00768	0.00923	0.00854	0.00888	0.05449	0.00636	0.00960	0.00786	0.01094	0.01211	0.05558	0.01291	0.32396	0.16031	0.00403	0.26383	0.00583	0.02489	0.00417
5	0.00688	0.00484	0.00630	0.00641	0.00678	0.00515	0.00432	0.00764	0.00757	0.01043	0.01558	0.11043	0.01700	0.43518	0.32858	0.00561	0.00772	0.00703	0.00297	0.00358
6	0.01236	0.04918	0.43078	0.01141	0.01663	0.01055	0.01281	0.05301	0.11207	0.15194	0.08026	0.01453	0.01179	0.00559	0.00474	0.00152	0.00563	0.00449	0.00351	0.00720
7	0.00991	0.00580	0.00775	0.00767	0.00930	0.00540	0.00632	0.01194	0.01225	0.16337	0.23121	0.07540	0.09651	0.01106	0.00599	0.00184	0.00358	0.32457	0.00499	0.00515
8	0.01161	0.01339	0.15763	0.01960	0.34629	0.01119	0.07629	0.01761	0.19765	0.04116	0.04949	0.01452	0.01102	0.00521	0.00492	0.00153	0.00553	0.00481	0.00320	0.00736
9	0.00616	0.00490	0.00541	0.00532	0.00667	0.00427	0.00391	0.00761	0.01154	0.01471	0.26887	0.05601	0.50756	0.06723	0.00702	0.00182	0.00256	0.00964	0.00464	0.00415
10	0.00972	0.02507	0.80458	0.01381	0.02097	0.01125	0.01790	0.01535	0.01023	0.01535	0.00870	0.01023	0.00614	0.00460	0.00460	0.00153	0.00716	0.00358	0.00205	0.00716
11	0.00703	0.00475	0.00556	0.00556	0.00566	0.00485	0.00328	0.00723	0.00713	0.00960	0.01501	0.03030	0.01700	0.74117	0.11235	0.00504	0.00562	0.00684	0.00290	0.00309
12	0.00705	0.00470	0.00529	0.00529	0.00529	0.00470	0.00294	0.00705	0.00705	0.00940	0.01527	0.03171	0.01762	0.82969	0.02467	0.00470	0.00470	0.00705	0.00294	0.00294
13	0.02174	0.00825	0.01125	0.00862	0.01237	0.00712	0.00712	0.02362	0.01387	0.80282	0.01912	0.01649	0.01200	0.00600	0.00487	0.00150	0.00412	0.00487	0.00600	0.00825
14	0.00889	0.00809	0.01156	0.01043	0.01083	0.01076	0.00849	0.01026	0.00759	0.01147	0.00944	0.01452	0.00904	0.02143	0.38519	0.00475	0.44537	0.00468	0.00234	0.00485
15	0.01200	0.01142	0.01891	0.02802	0.73128	0.01156	0.01425	0.01582	0.07859	0.01622	0.01003	0.01252	0.00829	0.00451	0.00481	0.00146	0.00559	0.00442	0.00262	0.00768
16	0.00972	0.02507	0.80458	0.01381	0.02097	0.01125	0.01790	0.01535	0.01023	0.01535	0.00870	0.01023	0.00614	0.00460	0.00460	0.00153	0.00716	0.00358	0.00205	0.00716
17	0.01303	0.01347	0.01867	0.02682	0.66671	0.14668	0.01394	0.01563	0.01149	0.01516	0.00884	0.01144	0.00743	0.00443	0.00473	0.00141	0.00626	0.00412	0.00242	0.00733
18	0.00589	0.00428	0.00556	0.00659	0.00699	0.00395	0.00443	0.00677	0.00943	0.01243	0.02865	0.75895	0.09838	0.01493	0.00615	0.00194	0.00278	0.01347	0.00450	0.00395
19	0.00605	0.00433	0.00577	0.00674	0.00713	0.00405	0.00459	0.00709	0.00979	0.01317	0.10774	0.72325	0.03338	0.01458	0.00615	0.00193	0.00280	0.03286	0.00459	0.00402
20	0.01051	0.01000	0.01699	0.44191	0.39891	0.01112	0.01413	0.01357	0.01033	0.01403	0.00885	0.01248	0.00704	0.00459	0.00482	0.00153	0.00612	0.00431	0.00227	0.00648
21	0.00972	0.02507	0.80458	0.01381	0.02097	0.01125	0.01790	0.01535	0.01023	0.01535	0.00870	0.01023	0.00614	0.00460	0.00460	0.00153	0.00716	0.00358	0.00205	0.00716
22	0.00929	0.01219	0.20685	0.02631	0.01378	0.00992	0.03492	0.01321	0.08246	0.01569	0.19376	0.02129	0.01832	0.00850	0.02795	0.00189	0.20561	0.06829	0.02403	0.00574
23	0.00598	0.00428	0.00569	0.00669	0.00705	0.00399	0.00450	0.00695	0.00964	0.01295	0.09031	0.76127	0.03318	0.01475	0.00615	0.00193	0.00277	0.01336	0.00457	0.00399
24	0.01155	0.01148	0.03857	0.01665	0.19932	0.01397	0.01171	0.07624	0.00963	0.01431	0.00752	0.01101	0.00682	0.00717	0.01204	0.00189	0.53732	0.00425	0.00241	0.00616
25	0.00608	0.00469	0.00559	0.00611	0.00711	0.00420	0.00445	0.00733	0.01056	0.01346	0.10235	0.36622	0.35213	0.01336	0.00600	0.00181	0.00276	0.07712	0.00457	0.00410
26	0.00765	0.00510	0.00646	0.00609	0.00739	0.00480	0.03298	0.00981	0.01181	0.01758	0.34614	0.06158	0.11992	0.00885	0.00497	0.00145	0.00263	0.04043	0.29982	0.00454
27	0.31012	0.01505	0.01115	0.00978	0.01269	0.29788	0.00766	0.12983	0.12969	0.01926	0.00967	0.01026	0.00747	0.00518	0.00405	0.00142	0.00578	0.00348	0.00338	0.00618
28	0.01672	0.01215	0.01532	0.03523	0.24555	0.04183	0.01056	0.35250	0.03895	0.16386	0.01225	0.01272	0.00882	0.00538	0.00482	0.00146	0.00535	0.00443	0.00419	0.00790
29	0.01346	0.13128	0.30085	0.01448	0.12048	0.20933	0.01296	0.09432	0.03118	0.01568	0.00875	0.01009	0.00680	0.00477	0.00440	0.00138	0.00683	0.00356	0.00256	0.00684
30	0.01388	0.25768	0.22194	0.01229	0.01667	0.30659	0.07749	0.01659	0.01151	0.01294	0.00778	0.00921	0.00630	0.00457	0.00418	0.00129	0.00725	0.00331	0.00225	0.00627
31	0.01686	0.06830	0.01548	0.01336	0.13180	0.01257	0.02649	0.32664	0.01606	0.21387	0.01218	0.01252	0.00873	0.00566	0.00567	0.00148	0.07541	0.00434	0.00423	0.02835
32	0.06364	0.05462	0.03152	0.01780	0.31908	0.03978	0.04964	0.18146	0.01383	0.06749	0.07823	0.01367	0.01103	0.00523	0.00469	0.00142	0.00530	0.00453	0.00344	0.03360

[dist]
# distance from previous block
# <min> <max>
0	2

[block]
# block no. 5 follows, 52 sequences, length 30
# corresponding to MSA columns:
# 219-248
name=unknown_F
#
# <colnr> <probs for GDERKNQSTAVLIFYWHMCP>
#	G	D	E	R	K	N	Q	S	T	A	V	L	I	F	Y	W	H	M	C	P
0	0.00610	0.00445	0.00576	0.00649	0.00708	0.00410	0.00450	0.00728	0.01032	0.01380	0.17169	0.58399	0.11263	0.01387	0.00606	0.00186	0.00271	0.02856	0.00465	0.00408
1	0.01128	0.07110	0.18130	0.05712	0.32646	0.01228	0.20749	0.01487	0.01068	0.01503	0.00890	0.01160	0.00707	0.00450	0.00533	0.00152	0.03979	0.00440	0.00230	0.00699
2	0.00608	0.00432	0.00569	0.00673	0.00703	0.00407	0.00453	0.00692	0.00919	0.01224	0.02578	0.73072	0.03075	0.07804	0.00764	0.00219	0.00303	0.04682	0.00438	0.00388
3	0.00684	0.00517	0.00644	0.00646	0.00767	0.00488	0.00493	0.00918	0.04373	0.01645	0.40194	0.12454	0.19927	0.01236	0.03975	0.00195	0.00314	0.09598	0.00484	0.00450
4	0.00618	0.00471	0.00531	0.00564	0.00651	0.00426	0.00388	0.00705	0.00963	0.01207	0.03419	0.24314	0.38037	0.21077	0.01047	0.00249	0.00317	0.04224	0.00412	0.00379
5	0.01370	0.00783	0.00967	0.00808	0.01053	0.00781	0.00648	0.09874	0.06835	0.28964	0.19137	0.02539	0.16179	0.00820	0.00606	0.00158	0.06663	0.00663	0.00508	0.00642
6	0.02174	0.00825	0.01125	0.00862	0.01237	0.00712	0.00712	0.02362	0.01387	0.80282	0.01912	0.01649	0.01200	0.00600	0.00487	0.00150	0.00412	0.00487	0.00600	0.00825
7	0.00915	0.00861	0.01453	0.81804	0.03338	0.01077	0.01346	0.01238	0.00969	0.01238	0.00861	0.01292	0.00646	0.00484	0.00484	0.00161	0.00646	0.00431	0.00215	0.00538
8	0.00814	0.00524	0.00689	0.00631	0.00768	0.00479	0.00479	0.01039	0.01373	0.08695	0.72987	0.03450	0.04282	0.00957	0.00564	0.00152	0.00244	0.00843	0.00539	0.00489
9	0.00590	0.00422	0.00562	0.00675	0.00703	0.00394	0.00450	0.00675	0.00928	0.01237	0.02671	0.82653	0.03205	0.01518	0.00619	0.00197	0.00281	0.01378	0.00450	0.00394
10	0.86392	0.00937	0.00712	0.00637	0.00937	0.01087	0.00525	0.01425	0.00825	0.02174	0.00675	0.00787	0.00525	0.00450	0.00300	0.00150	0.00375	0.00262	0.00300	0.00525
11	0.01116	0.01066	0.01816	0.26223	0.57353	0.01129	0.01446	0.01414	0.01064	0.01481	0.00897	0.01227	0.00732	0.00447	0.00481	0.00149	0.00596	0.00431	0.00233	0.00700
12	0.86392	0.00937	0.00712	0.00637	0.00937	0.01087	0.00525	0.01425	0.00825	0.02174	0.00675	0.00787	0.00525	0.00450	0.00300	0.00150	0.00375	0.00262	0.00300	0.00525
13	0.01199	0.01151	0.01967	0.02974	0.79946	0.01151	0.01487	0.01487	0.01103	0.01583	0.00912	0.01199	0.00768	0.00432	0.00480	0.00144	0.00576	0.00432	0.00240	0.00768
14	0.86392	0.00937	0.00712	0.00637	0.00937	0.01087	0.00525	0.01425	0.00825	0.02174	0.00675	0.00787	0.00525	0.00450	0.00300	0.00150	0.00375	0.00262	0.00300	0.00525
15	0.01205	0.01041	0.01096	0.00986	0.01260	0.01205	0.00767	0.02575	0.79071	0.02027	0.01972	0.01808	0.01479	0.00657	0.00493	0.00164	0.00384	0.00548	0.00493	0.00767
16	0.01005	0.00861	0.01005	0.00718	0.01148	0.00646	0.00574	0.01220	0.01005	0.01579	0.00861	0.01005	0.00718	0.00359	0.00359	0.00072	0.00359	0.00287	0.00287	0.85932
17	0.00752	0.00535	0.00737	0.00841	0.00935	0.00531	0.00707	0.00943	0.01065	0.01390	0.02513	0.15224	0.02777	0.06543	0.00777	0.00235	0.00427	0.62199	0.00437	0.00430
18	0.00590	0.00422	0.00562	0.00675	0.00703	0.00394	0.00450	0.00675	0.00928	0.01237	0.02671	0.82653	0.03205	0.01518	0.00619	0.00197	0.00281	0.01378	0.00450	0.00394
19	0.00968	0.00915	0.01549	0.67197	0.17533	0.01091	0.01372	0.01284	0.00994	0.01302	0.00871	0.01275	0.00669	0.00475	0.00484	0.00158	0.00633	0.00431	0.00220	0.00581
20	0.01518	0.13645	0.04718	0.01101	0.01413	0.34840	0.00903	0.08629	0.25244	0.01613	0.01154	0.01178	0.00903	0.00541	0.00441	0.00137	0.00636	0.00389	0.00337	0.00663
21	0.86392	0.00937	0.00712	0.00637	0.00937	0.01087	0.00525	0.01425	0.00825	0.02174	0.00675	0.00787	0.00525	0.00450	0.00300	0.00150	0.00375	0.00262	0.00300	0.00525
22	0.00584	0.00491	0.00507	0.00503	0.00662	0.00414	0.00377	0.00718	0.01132	0.01374	0.12533	0.04557	0.72086	0.01203	0.00573	0.00162	0.00244	0.01008	0.00459	0.00414
23	0.01038	0.01023	0.01424	0.01225	0.01225	0.01420	0.01012	0.01137	0.00740	0.01152	0.00693	0.01194	0.00708	0.06061	0.01646	0.00228	0.76902	0.00442	0.00217	0.00515
24	0.00811	0.00443	0.00484	0.00517	0.00605	0.00435	0.00372	0.00995	0.00990	0.01639	0.01902	0.25650	0.01821	0.00846	0.00421	0.00138	0.00242	0.00725	0.60530	0.00435
25	0.00596	0.00474	0.00538	0.00580	0.00696	0.00416	0.00425	0.00716	0.01057	0.01314	0.06148	0.29148	0.48325	0.01320	0.00594	0.00178	0.00270	0.06347	0.00452	0.00408
26	0.77147	0.00947	0.00771	0.00672	0.00981	0.01078	0.00554	0.04617	0.00923	0.07595	0.00780	0.00862	0.00584	0.00466	0.00320	0.00150	0.00384	0.00285	0.00328	0.00558
27	0.00693	0.00671	0.07507	0.00670	0.00844	0.00515	0.00572	0.00928	0.01259	0.01740	0.53256	0.03577	0.17963	0.01111	0.03956	0.00183	0.00326	0.03284	0.00475	0.00469
28	0.00987	0.06188	0.76906	0.01356	0.02058	0.01162	0.01747	0.01531	0.01021	0.01517	0.00861	0.01012	0.00614	0.00458	0.00454	0.00151	0.00707	0.00354	0.00205	0.00712
29	0.01194	0.32387	0.01948	0.21128	0.19580	0.03656	0.01097	0.04631	0.01064	0.01362	0.00807	0.01044	0.00678	0.00470	0.00451	0.01513	0.01879	0.00356	0.00233	0.04523

[dist]
# distance from previous block
# <min> <max>
1	3

[block]
# block no. 6 follows, 52 sequences, length 11
# corresponding to MSA columns:
# 252-262
name=unknown_G
#
# <colnr> <probs for GDERKNQSTAVLIFYWHMCP>
#	G	D	E	R	K	N	Q	S	T	A	V	L	I	F	Y	W	H	M	C	P
0	0.01071	0.09680	0.49347	0.01812	0.25616	0.01208	0.01608	0.01512	0.01044	0.01512	0.00864	0.01053	0.00661	0.00447	0.00452	0.00146	0.00655	0.00371	0.00216	0.00723
1	0.01825	0.01352	0.12054	0.01074	0.01503	0.01212	0.00976	0.44901	0.01838	0.26259	0.01351	0.01292	0.00909	0.00571	0.00482	0.00148	0.00521	0.00441	0.00482	0.00810
2	0.01179	0.06483	0.41286	0.01194	0.01715	0.01246	0.01308	0.12246	0.24850	0.01867	0.01233	0.01266	0.00905	0.00534	0.00465	0.00153	0.00579	0.00421	0.00330	0.00741
3	0.01598	0.01482	0.11920	0.01078	0.01411	0.25126	0.02501	0.05722	0.01313	0.25772	0.01486	0.06961	0.01232	0.00691	0.00500	0.00154	0.00603	0.09394	0.00399	0.00655
4	0.01943	0.01196	0.01354	0.01038	0.01422	0.01263	0.00858	0.55301	0.02008	0.26465	0.01390	0.01311	0.00938	0.00587	0.00486	0.00147	0.00497	0.00452	0.00520	0.00824
5	0.01250	0.58417	0.02636	0.01197	0.01634	0.01708	0.24279	0.01482	0.01033	0.01265	0.00767	0.00938	0.00656	0.00413	0.00390	0.00122	0.00609	0.00354	0.00219	0.00632
6	0.00887	0.00637	0.00757	0.00719	0.00823	0.00687	0.00510	0.01292	0.24537	0.01392	0.12064	0.02320	0.01795	0.21911	0.06286	0.21522	0.00450	0.00599	0.00364	0.00447
7	0.01361	0.01036	0.01531	0.01169	0.01555	0.01001	0.19903	0.04536	0.24823	0.17418	0.01447	0.01457	0.01052	0.00517	0.00482	0.00141	0.00496	0.00482	0.00408	0.19185
8	0.48991	0.00992	0.01193	0.12338	0.25213	0.01105	0.00928	0.01418	0.00929	0.01868	0.00772	0.00981	0.00615	0.00449	0.00379	0.00150	0.00472	0.00337	0.00270	0.00600
9	0.01050	0.00739	0.00809	0.00706	0.00824	0.00783	0.00484	0.24236	0.01182	0.01581	0.01417	0.02563	0.01478	0.57994	0.01866	0.00371	0.00489	0.00623	0.00352	0.00454
10	0.09575	0.24245	0.30177	0.04891	0.01626	0.01307	0.01150	0.08127	0.01125	0.05686	0.02845	0.01053	0.00762	0.00473	0.00405	0.00134	0.00562	0.00347	0.00272	0.05237

[dist]
# distance from previous block
# <min> <max>
0	7

# created by:
# /st0/software/busco_prod/Augustus/scripts/msa2prfl.pl ./align_prep/70927.fa
