[name]
unknown

[dist]
# distance from previous block
# <min> <max>
0	46

[block]
# block no. 0 follows, 53 sequences, length 105
# corresponding to MSA columns:
# 51-155
name=unknown_A
#
# <colnr> <probs for GDERKNQSTAVLIFYWHMCP>
#	G	D	E	R	K	N	Q	S	T	A	V	L	I	F	Y	W	H	M	C	P
0	0.02519	0.11004	0.41266	0.01205	0.01725	0.01073	0.08028	0.01574	0.01081	0.14320	0.01211	0.01631	0.00968	0.00571	0.00474	0.00154	0.00607	0.09617	0.00299	0.00673
1	0.19347	0.00766	0.00947	0.00801	0.00988	0.00796	0.09289	0.10370	0.01044	0.02855	0.06513	0.07386	0.05528	0.30052	0.01163	0.00265	0.00450	0.00621	0.00346	0.00473
2	0.00878	0.00705	0.01193	0.00995	0.01212	0.00641	0.21153	0.01066	0.01062	0.09232	0.02693	0.32717	0.22367	0.01042	0.00573	0.00172	0.00421	0.00969	0.00405	0.00503
3	0.01084	0.01133	0.07321	0.15275	0.17475	0.01071	0.23372	0.08955	0.01158	0.01597	0.01158	0.09715	0.01021	0.00585	0.00535	0.00158	0.02384	0.01948	0.03426	0.00629
4	0.05697	0.04339	0.18632	0.38352	0.02326	0.01078	0.01207	0.09305	0.01106	0.01541	0.01144	0.01373	0.06179	0.00522	0.00456	0.00148	0.00578	0.00427	0.00262	0.05327
5	0.01154	0.01142	0.02055	0.08292	0.61603	0.01143	0.14592	0.01461	0.01086	0.01533	0.00907	0.01207	0.00743	0.00426	0.00489	0.00146	0.00613	0.00449	0.00236	0.00722
6	0.01373	0.01114	0.01561	0.01252	0.01451	0.06784	0.13260	0.05750	0.01083	0.18386	0.04242	0.01306	0.00931	0.00682	0.00995	0.00176	0.38242	0.00466	0.00327	0.00620
7	0.01321	0.01671	0.37157	0.01584	0.15470	0.01022	0.10838	0.01716	0.01129	0.21728	0.01141	0.01232	0.00794	0.00478	0.00478	0.00150	0.00618	0.00424	0.00312	0.00735
8	0.01018	0.00972	0.01755	0.39362	0.02533	0.01102	0.22593	0.01319	0.01000	0.04189	0.01028	0.01599	0.00854	0.00579	0.00664	0.00171	0.11679	0.06767	0.00253	0.00564
9	0.00986	0.00854	0.01101	0.27272	0.01796	0.00990	0.00877	0.01760	0.37161	0.01729	0.18283	0.02000	0.01844	0.00663	0.00500	0.00159	0.00430	0.00572	0.00406	0.00618
10	0.01060	0.00594	0.00800	0.00773	0.00927	0.00554	0.02249	0.03373	0.03360	0.21599	0.02433	0.46055	0.05792	0.01165	0.00571	0.00180	0.00343	0.07166	0.00479	0.00530
11	0.01457	0.01252	0.14260	0.01955	0.37821	0.00995	0.05484	0.01758	0.01169	0.27251	0.01217	0.01306	0.00870	0.00483	0.00478	0.00146	0.00550	0.00440	0.00347	0.00761
12	0.00584	0.00421	0.00553	0.00655	0.00691	0.00391	0.00440	0.00673	0.00935	0.01241	0.04700	0.76871	0.07140	0.01470	0.00607	0.00191	0.00274	0.01328	0.00446	0.00391
13	0.00903	0.00850	0.01434	0.82054	0.03292	0.01062	0.01327	0.01221	0.00956	0.01221	0.00850	0.01274	0.00637	0.00478	0.00478	0.00159	0.00637	0.00425	0.00212	0.00531
14	0.02562	0.01601	0.03549	0.01418	0.06020	0.32490	0.18919	0.05816	0.08083	0.13212	0.01098	0.01189	0.00815	0.00499	0.00478	0.00142	0.00697	0.00426	0.00328	0.00659
15	0.00981	0.02318	0.70585	0.01447	0.02125	0.01123	0.11752	0.01516	0.01025	0.01516	0.00872	0.01046	0.00621	0.00447	0.00468	0.00153	0.00719	0.00381	0.00207	0.00698
16	0.00687	0.00494	0.00678	0.00678	0.00732	0.00549	0.00485	0.00796	0.00741	0.01043	0.01363	0.02334	0.01393	0.32644	0.52520	0.00657	0.00982	0.00579	0.00268	0.00377
17	0.00670	0.00435	0.00600	0.00649	0.00687	0.00411	0.01478	0.00666	0.00837	0.01100	0.02233	0.46178	0.10163	0.02692	0.01041	0.28141	0.00328	0.00996	0.00362	0.00333
18	0.01079	0.01024	0.01705	0.32167	0.47322	0.01111	0.01376	0.01435	0.05369	0.01460	0.00939	0.01250	0.00751	0.00457	0.00476	0.00149	0.00583	0.00432	0.00241	0.00673
19	0.01224	0.01303	0.02067	0.01820	0.15322	0.09875	0.37069	0.01819	0.21143	0.01617	0.01181	0.01351	0.00906	0.00479	0.00514	0.00154	0.00662	0.00507	0.00304	0.00683
20	0.01213	0.00882	0.01015	0.00911	0.01142	0.00932	0.00751	0.35305	0.01591	0.03348	0.02165	0.11901	0.10113	0.00986	0.00561	0.00176	0.00439	0.25507	0.00460	0.00601
21	0.01439	0.01233	0.01237	0.01054	0.01337	0.09134	0.00844	0.29533	0.35027	0.02199	0.01504	0.01643	0.01177	0.00657	0.00548	0.00158	0.05016	0.05094	0.00442	0.00725
22	0.01692	0.17297	0.01567	0.01155	0.01431	0.66601	0.00904	0.01820	0.01284	0.01161	0.00725	0.00844	0.00615	0.00477	0.00408	0.00119	0.00797	0.00298	0.00239	0.00565
23	0.00991	0.00850	0.00991	0.00708	0.01133	0.00637	0.00566	0.01203	0.00991	0.01557	0.00850	0.00991	0.00708	0.00354	0.00354	0.00071	0.00354	0.00283	0.00283	0.86124
24	0.00837	0.00717	0.01023	0.01025	0.06448	0.00886	0.00740	0.00959	0.00764	0.01117	0.01090	0.01816	0.01092	0.18661	0.34024	0.00483	0.27105	0.00513	0.00246	0.00453
25	0.03247	0.01148	0.01396	0.53998	0.04346	0.15558	0.01177	0.06808	0.01138	0.05422	0.00900	0.01195	0.00673	0.00491	0.00465	0.00150	0.00650	0.00403	0.00259	0.00574
26	0.01015	0.01000	0.01404	0.01213	0.01220	0.01390	0.01007	0.01125	0.00735	0.01147	0.00683	0.01117	0.00676	0.01072	0.08411	0.00257	0.75373	0.00426	0.00213	0.00515
27	0.01526	0.00670	0.00913	0.00808	0.01049	0.00598	0.00647	0.01691	0.01210	0.47677	0.02180	0.22999	0.01938	0.00939	0.00542	0.00171	0.00379	0.12887	0.00530	0.00645
28	0.01127	0.00971	0.01159	0.15618	0.01588	0.01144	0.00868	0.08213	0.46591	0.01813	0.01641	0.08260	0.01336	0.00696	0.00576	0.00166	0.06581	0.00569	0.00412	0.00673
29	0.78242	0.00913	0.00743	0.00650	0.00954	0.01036	0.00536	0.01496	0.00868	0.09886	0.00786	0.00860	0.00583	0.00458	0.00314	0.00148	0.00373	0.00281	0.00325	0.00547
30	0.00959	0.02472	0.80726	0.01362	0.02069	0.01110	0.01766	0.01514	0.01009	0.01514	0.00858	0.01009	0.00605	0.00454	0.00454	0.00151	0.00706	0.00353	0.00202	0.00706
31	0.66076	0.01025	0.00880	0.00743	0.01059	0.01171	0.00612	0.20084	0.01160	0.02354	0.00782	0.00866	0.00589	0.00475	0.00340	0.00147	0.00408	0.00300	0.00340	0.00589
32	0.82907	0.00914	0.00713	0.00634	0.00929	0.01052	0.00522	0.01422	0.00837	0.04287	0.01955	0.00844	0.00599	0.00456	0.00305	0.00148	0.00368	0.00274	0.00308	0.00525
33	0.22934	0.00964	0.01067	0.00948	0.01133	0.01188	0.00764	0.01717	0.30508	0.01722	0.01190	0.01324	0.00961	0.00891	0.07396	0.00222	0.23697	0.00431	0.00340	0.00602
34	0.00652	0.00471	0.00615	0.00614	0.00708	0.00435	0.00447	0.00841	0.01242	0.01736	0.59820	0.22672	0.05740	0.01107	0.00575	0.00161	0.00238	0.00986	0.00505	0.00435
35	0.00695	0.00465	0.00527	0.00527	0.00529	0.00467	0.00297	0.00699	0.00697	0.00931	0.01501	0.03098	0.01725	0.81311	0.04307	0.00471	0.00483	0.00691	0.00289	0.00293
36	0.01278	0.83490	0.02505	0.00818	0.01227	0.01891	0.00818	0.01431	0.00971	0.01125	0.00664	0.00767	0.00613	0.00409	0.00307	0.00102	0.00511	0.00256	0.00204	0.00613
37	0.01480	0.00881	0.01054	0.00844	0.01190	0.00829	0.00675	0.02037	0.25752	0.31580	0.01628	0.03427	0.01182	0.00564	0.00450	0.00132	0.00380	0.00464	0.00468	0.24986
38	0.67732	0.00900	0.00793	0.00678	0.00990	0.00990	0.00559	0.01611	0.00937	0.19646	0.00938	0.00966	0.00666	0.00477	0.00337	0.00148	0.00378	0.00308	0.00362	0.00584
39	0.00608	0.00434	0.00563	0.00656	0.00692	0.00409	0.00445	0.00692	0.00910	0.01204	0.02593	0.64899	0.06305	0.10887	0.00822	0.00226	0.00309	0.06540	0.00426	0.00381
40	0.01715	0.00765	0.01034	0.00851	0.01143	0.00720	0.00698	0.06876	0.01278	0.53002	0.01753	0.01912	0.01271	0.01282	0.17787	0.00285	0.00604	0.05819	0.00502	0.00705
41	0.00903	0.00850	0.01434	0.82054	0.03292	0.01062	0.01327	0.01221	0.00956	0.01221	0.00850	0.01274	0.00637	0.00478	0.00478	0.00159	0.00637	0.00425	0.00212	0.00531
42	0.00724	0.00512	0.00604	0.00587	0.00589	0.00548	0.00358	0.00736	0.00700	0.00949	0.01429	0.02931	0.01635	0.74785	0.03985	0.00449	0.07218	0.00669	0.00282	0.00312
43	0.01161	0.01333	0.02680	0.01938	0.02388	0.05650	0.70832	0.01535	0.01123	0.01495	0.00940	0.01255	0.00715	0.00427	0.00600	0.00161	0.04348	0.00544	0.00241	0.00634
44	0.02144	0.00813	0.01109	0.00850	0.01220	0.00702	0.00702	0.02329	0.01368	0.80552	0.01886	0.01627	0.01183	0.00592	0.00481	0.00148	0.00407	0.00481	0.00592	0.00813
45	0.00770	0.00550	0.00770	0.00880	0.00990	0.00550	0.00770	0.00990	0.01100	0.01430	0.02531	0.05391	0.02751	0.01320	0.00660	0.00220	0.00440	0.77004	0.00440	0.00440
46	0.00940	0.00893	0.01411	0.75387	0.03129	0.02893	0.01284	0.01315	0.05636	0.01266	0.00912	0.01295	0.00686	0.00488	0.00477	0.00159	0.00627	0.00429	0.00229	0.00545
47	0.00881	0.00564	0.00724	0.00656	0.00809	0.00531	0.00501	0.01181	0.06792	0.10983	0.65533	0.03222	0.03914	0.00910	0.00549	0.00151	0.00257	0.00798	0.00531	0.00514
48	0.01737	0.01524	0.01375	0.01116	0.01454	0.20239	0.00894	0.51795	0.10922	0.02462	0.01143	0.01154	0.00841	0.00563	0.00468	0.00141	0.00588	0.00414	0.00424	0.00745
49	0.01356	0.01575	0.01562	0.01324	0.01483	0.34543	0.09910	0.01503	0.01037	0.01201	0.00725	0.01013	0.00644	0.00694	0.02428	0.00178	0.37656	0.00391	0.00229	0.00548
50	0.00737	0.00523	0.00703	0.00696	0.00762	0.00579	0.00502	0.00900	0.06215	0.01093	0.01383	0.02194	0.02361	0.24522	0.44256	0.10467	0.00884	0.00559	0.00278	0.00387
51	0.01043	0.23858	0.60079	0.01219	0.01846	0.01316	0.01516	0.01492	0.00999	0.01411	0.00807	0.00945	0.00608	0.00442	0.00415	0.00138	0.00655	0.00327	0.00203	0.00682
52	0.01062	0.01073	0.01392	0.01202	0.01216	0.05766	0.00986	0.01160	0.00764	0.01136	0.00695	0.01181	0.00704	0.06560	0.01566	0.00222	0.72159	0.00432	0.00217	0.00508
53	0.00695	0.00463	0.00521	0.00521	0.00521	0.00463	0.00290	0.00695	0.00695	0.00927	0.01506	0.03128	0.01738	0.83203	0.02433	0.00463	0.00463	0.00695	0.00290	0.00290
54	0.01130	0.01081	0.01844	0.17920	0.65650	0.01122	0.01440	0.01420	0.01063	0.01497	0.00890	0.01200	0.00734	0.00436	0.00474	0.00145	0.00581	0.00426	0.00232	0.00714
55	0.00991	0.00850	0.00991	0.00708	0.01133	0.00637	0.00566	0.01203	0.00991	0.01557	0.00850	0.00991	0.00708	0.00354	0.00354	0.00071	0.00354	0.00283	0.00283	0.86124
56	0.01215	0.01081	0.01093	0.00984	0.01253	0.04666	0.00764	0.02512	0.75971	0.01963	0.01893	0.01743	0.01422	0.00642	0.00484	0.00160	0.00399	0.00530	0.00476	0.00748
57	0.62323	0.00846	0.00739	0.00649	0.00924	0.00933	0.00523	0.01358	0.00881	0.06721	0.05166	0.01159	0.00880	0.04242	0.04900	0.00191	0.00417	0.00340	0.00323	0.06485
58	0.01019	0.00968	0.01563	0.32322	0.29870	0.01128	0.01259	0.01295	0.02229	0.01384	0.05803	0.01350	0.00933	0.00562	0.00690	0.00162	0.16157	0.00453	0.00244	0.00608
59	0.01761	0.01151	0.01285	0.01015	0.01371	0.01240	0.00829	0.44936	0.18233	0.20804	0.01486	0.01392	0.01034	0.00594	0.00480	0.00148	0.00467	0.00465	0.00506	0.00801
60	0.01034	0.00582	0.00688	0.00643	0.00720	0.00549	0.00409	0.01053	0.00881	0.15741	0.01700	0.07020	0.01766	0.62838	0.01987	0.00401	0.00468	0.00710	0.00378	0.00432
61	0.01082	0.00996	0.01631	0.41775	0.35913	0.01090	0.01338	0.01341	0.01041	0.01416	0.00990	0.01463	0.00835	0.06271	0.00643	0.00186	0.00618	0.00468	0.00254	0.00649
62	0.00862	0.00626	0.00742	0.00701	0.00865	0.00641	0.00538	0.01253	0.18256	0.06416	0.11146	0.02939	0.26625	0.01501	0.15584	0.07345	0.00492	0.02549	0.00417	0.00501
63	0.86579	0.00924	0.00702	0.00629	0.00924	0.01072	0.00518	0.01405	0.00813	0.02144	0.00666	0.00776	0.00518	0.00444	0.00296	0.00148	0.00370	0.00259	0.00296	0.00518
64	0.00656	0.00458	0.00585	0.00659	0.00694	0.00444	0.00456	0.00738	0.00878	0.01163	0.02240	0.41436	0.02609	0.28594	0.01225	0.00289	0.00371	0.15750	0.00392	0.00366
65	0.20824	0.00575	0.00599	0.00594	0.00675	0.00607	0.00396	0.02356	0.00782	0.01291	0.01418	0.16031	0.01574	0.38811	0.01517	0.10204	0.00405	0.00669	0.00312	0.00361
66	0.01287	0.00723	0.00866	0.00761	0.00979	0.00717	0.00581	0.03544	0.19284	0.26900	0.06917	0.12102	0.07247	0.10299	0.00726	0.00192	0.00361	0.00684	0.05214	0.00617
67	0.00697	0.00512	0.00656	0.00624	0.00740	0.00485	0.00466	0.00972	0.05329	0.01879	0.71289	0.08274	0.04272	0.00992	0.00563	0.00154	0.00236	0.00878	0.00519	0.00463
68	0.00738	0.00504	0.00647	0.00602	0.00732	0.00459	0.00455	0.00951	0.01329	0.05716	0.68958	0.03573	0.11563	0.00981	0.00560	0.00151	0.00236	0.00859	0.00521	0.00464
69	0.00688	0.00463	0.00566	0.00608	0.00681	0.00424	0.00412	0.00773	0.00947	0.05586	0.04619	0.44913	0.19439	0.16483	0.00929	0.00233	0.00310	0.01101	0.00425	0.00398
70	0.00991	0.00850	0.00991	0.00708	0.01133	0.00637	0.00566	0.01203	0.00991	0.01557	0.00850	0.00991	0.00708	0.00354	0.00354	0.00071	0.00354	0.00283	0.00283	0.86124
71	0.00566	0.00480	0.00488	0.00495	0.00648	0.00403	0.00368	0.00685	0.01079	0.01287	0.04708	0.09333	0.75380	0.01228	0.00568	0.00163	0.00244	0.01030	0.00444	0.00403
72	0.01162	0.00620	0.00772	0.00682	0.00887	0.00563	0.00524	0.01393	0.05938	0.27863	0.20158	0.10870	0.20854	0.04742	0.00623	0.00172	0.00315	0.00792	0.00507	0.00565
73	0.04515	0.00546	0.00664	0.00658	0.00791	0.00519	0.00483	0.01054	0.05845	0.09921	0.23582	0.33024	0.14325	0.01123	0.00556	0.00169	0.00282	0.00984	0.00478	0.00480
74	0.00763	0.00574	0.00800	0.00800	0.00907	0.00649	0.00629	0.04326	0.05229	0.01286	0.01550	0.07893	0.01509	0.02885	0.58410	0.00604	0.01031	0.09383	0.00313	0.00461
75	0.06904	0.00764	0.01022	0.00822	0.01135	0.00705	0.00672	0.02001	0.01224	0.61189	0.01701	0.01623	0.01146	0.01136	0.15417	0.00263	0.00566	0.00473	0.00512	0.00724
76	0.00867	0.00594	0.00902	0.01069	0.15047	0.00613	0.00646	0.00831	0.00784	0.01067	0.03144	0.01764	0.08604	0.01449	0.06245	0.50313	0.04960	0.00491	0.00246	0.00362
77	0.01381	0.00642	0.00878	0.00811	0.01025	0.00582	0.00655	0.01550	0.01181	0.39314	0.02248	0.23334	0.02104	0.01016	0.00561	0.00179	0.00383	0.21038	0.00514	0.00606
78	0.00675	0.00479	0.00642	0.00725	0.00790	0.00464	0.00552	0.00818	0.01013	0.01350	0.11395	0.36741	0.03022	0.09438	0.00804	0.00225	0.00351	0.29674	0.00437	0.00405
79	0.01190	0.01121	0.01787	0.02536	0.63564	0.02690	0.01336	0.06078	0.01119	0.01585	0.00921	0.01215	0.00780	0.00681	0.06175	0.00189	0.05631	0.00429	0.00251	0.00719
80	0.01520	0.01092	0.01290	0.05384	0.11911	0.08733	0.00904	0.15961	0.09956	0.21865	0.01329	0.01411	0.00983	0.00944	0.10690	0.00227	0.04249	0.00452	0.00400	0.00699
81	0.00971	0.02392	0.76320	0.01341	0.02023	0.01114	0.01710	0.01570	0.05344	0.01541	0.00918	0.01052	0.00653	0.00465	0.00456	0.00152	0.00688	0.00364	0.00218	0.00709
82	0.00903	0.00850	0.01434	0.82054	0.03292	0.01062	0.01327	0.01221	0.00956	0.01221	0.00850	0.01274	0.00637	0.00478	0.00478	0.00159	0.00637	0.00425	0.00212	0.00531
83	0.01334	0.54681	0.11870	0.00940	0.01370	0.03345	0.00943	0.11645	0.05496	0.03194	0.00851	0.00923	0.00698	0.00455	0.00364	0.00118	0.00535	0.00312	0.00265	0.00662
84	0.31675	0.01026	0.06754	0.00984	0.01335	0.00953	0.14720	0.02597	0.04473	0.18659	0.05505	0.01340	0.01018	0.00517	0.00423	0.00149	0.00464	0.00429	0.06359	0.00622
85	0.00947	0.00907	0.01569	0.68509	0.12112	0.01079	0.05612	0.01267	0.00981	0.01278	0.00862	0.01265	0.00656	0.00468	0.00482	0.00157	0.00638	0.00433	0.00217	0.00563
86	0.00959	0.02472	0.80726	0.01362	0.02069	0.01110	0.01766	0.01514	0.01009	0.01514	0.00858	0.01009	0.00605	0.00454	0.00454	0.00151	0.00706	0.00353	0.00202	0.00706
87	0.01085	0.01517	0.25771	0.07270	0.10859	0.01160	0.21988	0.01518	0.05687	0.04274	0.00996	0.02780	0.00780	0.00527	0.00642	0.00163	0.11604	0.00467	0.00254	0.00659
88	0.01128	0.01177	0.04272	0.02503	0.51471	0.01115	0.23473	0.01443	0.01088	0.01533	0.01012	0.05683	0.00875	0.00479	0.00506	0.00151	0.00624	0.00515	0.00248	0.00703
89	0.00685	0.00504	0.00727	0.00727	0.00798	0.00575	0.00546	0.00827	0.00756	0.01079	0.01318	0.02088	0.01286	0.16996	0.68022	0.00717	0.01143	0.00543	0.00262	0.00404
90	0.00903	0.00850	0.01434	0.82054	0.03292	0.01062	0.01327	0.01221	0.00956	0.01221	0.00850	0.01274	0.00637	0.00478	0.00478	0.00159	0.00637	0.00425	0.00212	0.00531
91	0.01333	0.01234	0.01165	0.01048	0.02361	0.12461	0.00804	0.09787	0.59906	0.01975	0.01685	0.01584	0.01269	0.00616	0.00478	0.00155	0.00463	0.00496	0.00448	0.00734
92	0.86579	0.00924	0.00702	0.00629	0.00924	0.01072	0.00518	0.01405	0.00813	0.02144	0.00666	0.00776	0.00518	0.00444	0.00296	0.00148	0.00370	0.00259	0.00296	0.00518
93	0.01090	0.01554	0.20236	0.01869	0.02402	0.01187	0.61335	0.01527	0.01102	0.01527	0.00943	0.01227	0.00698	0.00414	0.00539	0.00159	0.00784	0.00517	0.00233	0.00658
94	0.00676	0.00489	0.00639	0.00601	0.00714	0.00451	0.00451	0.00902	0.01353	0.01917	0.79969	0.03570	0.04510	0.00977	0.00564	0.00150	0.00225	0.00864	0.00526	0.00451
95	0.02095	0.00892	0.01158	0.00888	0.01259	0.00819	0.00733	0.13752	0.01500	0.68943	0.01775	0.01555	0.01128	0.00589	0.00480	0.00147	0.00425	0.00473	0.00575	0.00813
96	0.00683	0.00512	0.00768	0.00768	0.00853	0.00597	0.00597	0.00853	0.00768	0.01110	0.01280	0.01878	0.01195	0.03585	0.81308	0.00768	0.01280	0.00512	0.00256	0.00427
97	0.01319	0.01072	0.01821	0.08050	0.57132	0.01063	0.05987	0.01596	0.01128	0.14562	0.01062	0.01269	0.00817	0.00455	0.00480	0.00145	0.00560	0.00443	0.00294	0.00744
98	0.01278	0.83490	0.02505	0.00818	0.01227	0.01891	0.00818	0.01431	0.00971	0.01125	0.00664	0.00767	0.00613	0.00409	0.00307	0.00102	0.00511	0.00256	0.00204	0.00613
99	0.00903	0.00850	0.01434	0.82054	0.03292	0.01062	0.01327	0.01221	0.00956	0.01221	0.00850	0.01274	0.00637	0.00478	0.00478	0.00159	0.00637	0.00425	0.00212	0.00531
100	0.01056	0.01131	0.07191	0.30248	0.02329	0.04309	0.21274	0.07520	0.05422	0.01517	0.01200	0.08193	0.01040	0.00605	0.00518	0.00163	0.00632	0.04772	0.00288	0.00592
101	0.00695	0.00463	0.00521	0.00521	0.00521	0.00463	0.00290	0.00695	0.00695	0.00927	0.01506	0.03128	0.01738	0.83203	0.02433	0.00463	0.00463	0.00695	0.00290	0.00290
102	0.01183	0.01136	0.01940	0.02934	0.80221	0.01136	0.01467	0.01467	0.01088	0.01562	0.00899	0.01183	0.00757	0.00426	0.00473	0.00142	0.00568	0.00426	0.00237	0.00757
103	0.00695	0.00463	0.00521	0.00521	0.00521	0.00463	0.00290	0.00695	0.00695	0.00927	0.01506	0.03128	0.01738	0.83203	0.02433	0.00463	0.00463	0.00695	0.00290	0.00290
104	0.00592	0.00519	0.00507	0.00510	0.00666	0.02159	0.00380	0.00711	0.01086	0.01285	0.04632	0.08806	0.74093	0.01211	0.00564	0.00162	0.00257	0.01013	0.00440	0.00406

[dist]
# distance from previous block
# <min> <max>
0	0

# created by:
# /st0/software/busco_prod/Augustus/scripts/msa2prfl.pl ./align_prep/71034.fa
