[name]
unknown

[dist]
# distance from previous block
# <min> <max>
0	116

[block]
# block no. 0 follows, 44 sequences, length 6
# corresponding to MSA columns:
# 116-121
name=unknown_A
#
# <colnr> <probs for GDERKNQSTAVLIFYWHMCP>
#	G	D	E	R	K	N	Q	S	T	A	V	L	I	F	Y	W	H	M	C	P
0	0.01800	0.30670	0.01913	0.01039	0.01450	0.01542	0.00919	0.20749	0.05477	0.20407	0.01487	0.01721	0.01167	0.00665	0.00492	0.00156	0.00544	0.06540	0.00458	0.00805
1	0.01725	0.01359	0.01482	0.01203	0.01521	0.05384	0.00981	0.49720	0.02006	0.02688	0.01259	0.01449	0.00983	0.01371	0.16413	0.00313	0.08400	0.00501	0.00451	0.00792
2	0.00834	0.00545	0.00692	0.00737	0.00848	0.00493	0.00529	0.00973	0.01196	0.08038	0.12175	0.46445	0.18424	0.01475	0.00669	0.00205	0.00322	0.04369	0.00531	0.00499
3	0.00789	0.00542	0.00662	0.00662	0.00686	0.00565	0.00415	0.00836	0.00813	0.01107	0.01656	0.03226	0.01833	0.62426	0.20986	0.00612	0.00752	0.00743	0.00321	0.00368
4	0.51455	0.01419	0.12909	0.00990	0.01394	0.01343	0.00930	0.14672	0.01245	0.02432	0.00887	0.01022	0.00674	0.00565	0.00502	0.00173	0.05995	0.00359	0.00351	0.00683
5	0.01369	0.62058	0.21189	0.01084	0.01633	0.01940	0.01197	0.01655	0.01118	0.01391	0.00812	0.00942	0.00697	0.00479	0.00391	0.00130	0.00637	0.00319	0.00232	0.00726

[dist]
# distance from previous block
# <min> <max>
2	4

[block]
# block no. 1 follows, 44 sequences, length 7
# corresponding to MSA columns:
# 126-132
name=unknown_B
#
# <colnr> <probs for GDERKNQSTAVLIFYWHMCP>
#	G	D	E	R	K	N	Q	S	T	A	V	L	I	F	Y	W	H	M	C	P
0	0.13213	0.24321	0.31984	0.01342	0.01921	0.06426	0.10407	0.01713	0.01149	0.01683	0.00892	0.01064	0.00696	0.00497	0.00459	0.00156	0.00714	0.00382	0.00255	0.00726
1	0.08362	0.55699	0.11701	0.01047	0.01522	0.11014	0.01051	0.01706	0.01150	0.01439	0.00795	0.00922	0.00690	0.00487	0.00386	0.00131	0.00644	0.00312	0.00247	0.00696
2	0.00905	0.07817	0.31563	0.01081	0.01471	0.00915	0.01146	0.01230	0.01117	0.01533	0.02230	0.33308	0.08433	0.01101	0.00596	0.00192	0.00536	0.03842	0.00375	0.00611
3	0.01340	0.01503	0.01054	0.01020	0.01177	0.37740	0.00728	0.01443	0.01252	0.01309	0.01936	0.22572	0.07707	0.15647	0.00976	0.00236	0.00670	0.00808	0.00367	0.00514
4	0.01719	0.30408	0.11346	0.01244	0.01667	0.36034	0.01126	0.07699	0.01422	0.01529	0.00866	0.00991	0.00718	0.00530	0.00449	0.00138	0.00789	0.00347	0.00279	0.00700
5	0.54820	0.23140	0.07904	0.00847	0.01259	0.01482	0.00805	0.01621	0.00996	0.02067	0.00777	0.00905	0.00629	0.00496	0.00356	0.00155	0.00498	0.00303	0.00300	0.00639
6	0.01467	0.09102	0.20066	0.05373	0.01770	0.34898	0.01197	0.01756	0.01370	0.01542	0.10681	0.01665	0.05564	0.00657	0.00516	0.00155	0.00761	0.00490	0.00315	0.00654

[dist]
# distance from previous block
# <min> <max>
20	37

[block]
# block no. 2 follows, 44 sequences, length 9
# corresponding to MSA columns:
# 174-182
name=unknown_C
#
# <colnr> <probs for GDERKNQSTAVLIFYWHMCP>
#	G	D	E	R	K	N	Q	S	T	A	V	L	I	F	Y	W	H	M	C	P
0	0.07433	0.01418	0.08584	0.01168	0.01636	0.04719	0.06065	0.23145	0.04773	0.15052	0.01307	0.01343	0.00939	0.00564	0.00502	0.00148	0.00572	0.00450	0.00443	0.19739
1	0.05047	0.03275	0.06884	0.01357	0.01822	0.01203	0.19036	0.14720	0.04376	0.19409	0.03217	0.01502	0.01073	0.00580	0.00570	0.00161	0.02665	0.00516	0.00436	0.12149
2	0.04765	0.15752	0.06491	0.01712	0.22501	0.01323	0.05994	0.09020	0.03802	0.05234	0.13882	0.01731	0.01581	0.00619	0.00517	0.00156	0.00561	0.00534	0.00375	0.03450
3	0.22999	0.01006	0.01113	0.00857	0.01282	0.00926	0.00700	0.05588	0.01284	0.25600	0.01299	0.01302	0.00926	0.00527	0.00439	0.00135	0.00437	0.00394	0.00447	0.32740
4	0.00865	0.00807	0.04457	0.00930	0.01161	0.00697	0.09968	0.01221	0.05872	0.02005	0.48626	0.03681	0.15484	0.01026	0.00633	0.00176	0.00378	0.00921	0.00526	0.00567
5	0.01409	0.01252	0.02030	0.02689	0.53961	0.01234	0.05966	0.06007	0.04019	0.05815	0.01258	0.01487	0.02859	0.00529	0.00539	0.00159	0.00616	0.00508	0.00327	0.07334
6	0.00855	0.00571	0.00745	0.00704	0.00843	0.00523	0.00527	0.01091	0.01491	0.06471	0.63868	0.10492	0.07439	0.01149	0.00642	0.00176	0.00275	0.01015	0.00593	0.00530
7	0.01117	0.02654	0.68795	0.01646	0.02420	0.01280	0.11069	0.01729	0.01168	0.01729	0.00994	0.01190	0.00707	0.00511	0.00533	0.00174	0.00820	0.00433	0.00236	0.00797
8	0.01215	0.00906	0.01085	0.00835	0.01239	0.00739	0.00668	0.01534	0.05683	0.09411	0.11237	0.01884	0.01593	0.00597	0.00475	0.00116	0.00397	0.04002	0.00417	0.55966

[dist]
# distance from previous block
# <min> <max>
1	2

[block]
# block no. 3 follows, 44 sequences, length 100
# corresponding to MSA columns:
# 185-284
name=unknown_D
#
# <colnr> <probs for GDERKNQSTAVLIFYWHMCP>
#	G	D	E	R	K	N	Q	S	T	A	V	L	I	F	Y	W	H	M	C	P
0	0.01337	0.01294	0.02242	0.05603	0.71767	0.01297	0.05075	0.01668	0.01239	0.01768	0.01027	0.01358	0.00858	0.00486	0.00545	0.00164	0.00663	0.00493	0.00269	0.00850
1	0.01153	0.01095	0.01859	0.50066	0.32253	0.01244	0.01576	0.01501	0.01149	0.01543	0.00991	0.01413	0.00780	0.00522	0.00543	0.00174	0.00696	0.00485	0.00253	0.00705
2	0.01649	0.01024	0.01170	0.01008	0.01319	0.02899	0.00792	0.04400	0.35013	0.27451	0.08956	0.08236	0.01981	0.00821	0.00570	0.00179	0.00435	0.00690	0.00588	0.00817
3	0.00812	0.00579	0.00743	0.00695	0.00836	0.00538	0.00523	0.01094	0.03329	0.03640	0.70336	0.04038	0.08549	0.01110	0.00639	0.00172	0.00266	0.00977	0.00596	0.00528
4	0.01027	0.00957	0.01604	0.68789	0.08457	0.01163	0.01452	0.01372	0.01108	0.01436	0.02702	0.05491	0.00976	0.00612	0.00554	0.00182	0.00691	0.00549	0.00265	0.00613
5	0.01918	0.02401	0.01563	0.01408	0.01650	0.67826	0.01073	0.02055	0.01445	0.01331	0.00825	0.01013	0.00704	0.00617	0.00674	0.00154	0.12073	0.00369	0.00275	0.00627
6	0.01129	0.00965	0.01122	0.00810	0.01281	0.00736	0.00644	0.01393	0.02699	0.01773	0.01010	0.01197	0.00848	0.01992	0.00454	0.00092	0.00407	0.00338	0.00328	0.80783
7	0.01048	0.01004	0.01747	0.74085	0.03691	0.01223	0.06727	0.01418	0.01104	0.01418	0.00978	0.01455	0.00734	0.00539	0.00552	0.00182	0.00740	0.00496	0.00245	0.00615
8	0.01385	0.01479	0.01204	0.01014	0.01357	0.28658	0.00771	0.01568	0.01266	0.01559	0.01233	0.13137	0.01195	0.00659	0.00480	0.00124	0.00598	0.00520	0.00336	0.41458
9	0.00992	0.00865	0.01345	0.38666	0.09194	0.00989	0.01190	0.01373	0.06699	0.01539	0.01775	0.15595	0.01752	0.00933	0.00610	0.00200	0.00586	0.14735	0.00362	0.00601
10	0.00664	0.00474	0.00633	0.00759	0.00791	0.00443	0.00506	0.00759	0.01044	0.01392	0.03005	0.80485	0.03606	0.01708	0.00696	0.00221	0.00316	0.01550	0.00506	0.00443
11	0.01731	0.01855	0.01412	0.01257	0.01565	0.36716	0.00966	0.09093	0.35586	0.01952	0.01508	0.01489	0.01158	0.00651	0.00525	0.00163	0.00699	0.00484	0.00429	0.00763
12	0.01024	0.01224	0.22074	0.00963	0.01311	0.00750	0.00959	0.01366	0.01377	0.09231	0.39524	0.09803	0.03256	0.00935	0.00595	0.00173	0.00439	0.00810	0.00487	0.03700
13	0.01640	0.23840	0.21552	0.01231	0.01766	0.04258	0.07031	0.02016	0.04045	0.23229	0.01300	0.01325	0.00931	0.00550	0.00487	0.00153	0.00637	0.00436	0.00377	0.03196
14	0.01255	0.01118	0.01483	0.05379	0.25228	0.01219	0.01100	0.02185	0.40060	0.01994	0.03744	0.07727	0.03610	0.00749	0.00565	0.00180	0.00496	0.00662	0.00447	0.00801
15	0.00664	0.00474	0.00633	0.00759	0.00791	0.00443	0.00506	0.00759	0.01044	0.01392	0.03005	0.80485	0.03606	0.01708	0.00696	0.00221	0.00316	0.01550	0.00506	0.00443
16	0.01140	0.00841	0.01144	0.30593	0.02015	0.00961	0.02442	0.07275	0.07994	0.01916	0.01461	0.01745	0.01119	0.00608	0.00477	0.00157	0.00490	0.00510	0.36498	0.00614
17	0.84691	0.01054	0.00801	0.00717	0.01054	0.01223	0.00590	0.01603	0.00928	0.02446	0.00759	0.00886	0.00590	0.00506	0.00337	0.00169	0.00422	0.00295	0.00337	0.00590
18	0.01144	0.00979	0.01175	0.00852	0.01322	0.00758	0.02356	0.03316	0.01169	0.01807	0.01047	0.03724	0.00902	0.00454	0.00422	0.00090	0.00418	0.00375	0.00334	0.77358
19	0.01030	0.00969	0.01635	0.79530	0.03755	0.01211	0.01514	0.01393	0.01090	0.01393	0.00969	0.01453	0.00727	0.00545	0.00545	0.00182	0.00727	0.00484	0.00242	0.00606
20	0.84691	0.01054	0.00801	0.00717	0.01054	0.01223	0.00590	0.01603	0.00928	0.02446	0.00759	0.00886	0.00590	0.00506	0.00337	0.00169	0.00422	0.00295	0.00337	0.00590
21	0.00648	0.00539	0.00566	0.00587	0.00745	0.00457	0.00430	0.00779	0.01209	0.01459	0.05103	0.17804	0.64932	0.01435	0.00653	0.00190	0.00283	0.01217	0.00506	0.00457
22	0.01128	0.01025	0.01612	0.01299	0.01513	0.01143	0.17583	0.03896	0.01175	0.05116	0.05037	0.04834	0.20087	0.00943	0.01020	0.00200	0.27687	0.00738	0.03353	0.00610
23	0.01709	0.10702	0.01438	0.01045	0.01407	0.01279	0.00852	0.02670	0.43977	0.25791	0.02022	0.01839	0.01450	0.00687	0.00528	0.00172	0.00460	0.00556	0.00554	0.00864
24	0.00674	0.00528	0.00615	0.00677	0.00795	0.00469	0.00494	0.00805	0.01164	0.01455	0.04271	0.35397	0.40908	0.01523	0.00675	0.00205	0.00313	0.08067	0.00506	0.00457
25	0.01159	0.02346	0.54323	0.01918	0.16106	0.01307	0.06209	0.01689	0.01153	0.01708	0.00976	0.01209	0.00732	0.00539	0.00619	0.00176	0.06356	0.00437	0.00241	0.00797
26	0.04060	0.40113	0.18492	0.01183	0.01658	0.18843	0.01188	0.01778	0.01206	0.02753	0.00846	0.00987	0.00707	0.00522	0.00475	0.00141	0.03749	0.00340	0.00254	0.00704
27	0.00908	0.00775	0.01124	0.01050	0.01117	0.00991	0.00841	0.01079	0.00863	0.01280	0.01227	0.01845	0.01160	0.03108	0.54626	0.00677	0.25980	0.00551	0.00275	0.00521
28	0.00792	0.00531	0.00607	0.00607	0.00611	0.00535	0.00346	0.00801	0.00797	0.01066	0.01706	0.03504	0.01954	0.77423	0.06155	0.00544	0.00570	0.00784	0.00329	0.00337
29	0.01336	0.01293	0.02240	0.05776	0.71648	0.01296	0.05027	0.01667	0.01239	0.01767	0.01027	0.01358	0.00857	0.00486	0.00545	0.00164	0.00663	0.00493	0.00269	0.00849
30	0.05339	0.69236	0.02628	0.00973	0.01407	0.08071	0.00933	0.01665	0.01126	0.01341	0.00763	0.00892	0.00695	0.00489	0.00398	0.00124	0.02690	0.00301	0.00242	0.00687
31	0.00734	0.00552	0.00619	0.00626	0.00733	0.00507	0.00441	0.00847	0.01115	0.01417	0.11673	0.04605	0.35117	0.29890	0.01420	0.00313	0.00387	0.08129	0.00453	0.00424
32	0.05190	0.01342	0.04519	0.05209	0.60511	0.01326	0.01552	0.08330	0.03318	0.01960	0.01067	0.01339	0.00868	0.00511	0.00531	0.00164	0.00635	0.00478	0.00303	0.00847
33	0.00785	0.00537	0.00649	0.00654	0.00673	0.00554	0.00403	0.00825	0.00818	0.01109	0.01717	0.06145	0.01926	0.63501	0.16951	0.00582	0.00696	0.00782	0.00330	0.00364
34	0.01281	0.01255	0.01985	0.22336	0.48098	0.04453	0.01559	0.01586	0.01175	0.01618	0.00973	0.01345	0.00808	0.00551	0.00665	0.00174	0.08637	0.00479	0.00260	0.00762
35	0.84691	0.01054	0.00801	0.00717	0.01054	0.01223	0.00590	0.01603	0.00928	0.02446	0.00759	0.00886	0.00590	0.00506	0.00337	0.00169	0.00422	0.00295	0.00337	0.00590
36	0.01327	0.01272	0.02172	0.08678	0.72283	0.01289	0.01662	0.01654	0.01231	0.01754	0.01022	0.01357	0.00854	0.00490	0.00540	0.00163	0.00653	0.00486	0.00268	0.00846
37	0.84691	0.01054	0.00801	0.00717	0.01054	0.01223	0.00590	0.01603	0.00928	0.02446	0.00759	0.00886	0.00590	0.00506	0.00337	0.00169	0.00422	0.00295	0.00337	0.00590
38	0.01068	0.01014	0.01404	0.06740	0.01451	0.03340	0.01044	0.01229	0.00885	0.01303	0.00981	0.01517	0.00928	0.01943	0.26893	0.00441	0.46488	0.00509	0.00257	0.00562
39	0.01093	0.02820	0.78016	0.01554	0.02360	0.01266	0.02014	0.01727	0.01151	0.01727	0.00978	0.01151	0.00691	0.00518	0.00518	0.00173	0.00806	0.00403	0.00230	0.00806
40	0.01666	0.01126	0.01811	0.08119	0.44673	0.01101	0.01340	0.01949	0.01329	0.26754	0.01451	0.03900	0.01096	0.00589	0.00548	0.00167	0.00583	0.00538	0.00408	0.00853
41	0.01677	0.08011	0.09227	0.08294	0.01909	0.01382	0.08023	0.24278	0.11892	0.14855	0.01500	0.04050	0.01115	0.00647	0.00542	0.00170	0.00605	0.00540	0.00458	0.00825
42	0.01458	0.81168	0.02857	0.00933	0.01399	0.02157	0.00933	0.01632	0.01108	0.01283	0.00758	0.00875	0.00700	0.00466	0.00350	0.00117	0.00583	0.00292	0.00233	0.00700
43	0.00664	0.00474	0.00633	0.00759	0.00791	0.00443	0.00506	0.00759	0.01044	0.01392	0.03005	0.80485	0.03606	0.01708	0.00696	0.00221	0.00316	0.01550	0.00506	0.00443
44	0.01612	0.60239	0.02507	0.01058	0.01475	0.22534	0.00965	0.01778	0.01224	0.01296	0.00781	0.00903	0.00700	0.00492	0.00388	0.00123	0.00690	0.00307	0.00246	0.00682
45	0.01297	0.02046	0.44904	0.21278	0.02559	0.01221	0.01684	0.06095	0.01268	0.10880	0.01136	0.01322	0.00793	0.00552	0.00530	0.00174	0.00733	0.00446	0.00305	0.00777
46	0.00747	0.00558	0.00703	0.00726	0.00853	0.00513	0.00559	0.00953	0.01349	0.01805	0.36131	0.15693	0.20952	0.01334	0.00672	0.00197	0.00316	0.14903	0.00547	0.00489
47	0.00803	0.00573	0.00792	0.00917	0.01010	0.00562	0.00747	0.00998	0.01180	0.01547	0.02928	0.32450	0.03303	0.01577	0.00733	0.00241	0.00436	0.48218	0.00503	0.00481
48	0.01091	0.01039	0.01782	0.64401	0.15929	0.01231	0.03945	0.01451	0.01122	0.01469	0.00983	0.01437	0.00753	0.00532	0.00547	0.00178	0.00720	0.00490	0.00248	0.00653
49	0.01083	0.01046	0.01654	0.66833	0.05681	0.03298	0.01472	0.01413	0.01079	0.01394	0.00940	0.01410	0.00729	0.00587	0.00676	0.00186	0.09179	0.00480	0.00244	0.00613
50	0.00745	0.00541	0.00760	0.00847	0.00919	0.00556	0.00639	0.00904	0.01036	0.01403	0.02497	0.40380	0.02806	0.02410	0.25103	0.00432	0.00713	0.16401	0.00438	0.00469
51	0.01210	0.01706	0.20989	0.01897	0.02459	0.01288	0.45685	0.01794	0.08016	0.01820	0.06535	0.01627	0.01174	0.00545	0.00605	0.00180	0.00801	0.00607	0.00313	0.00748
52	0.01193	0.01193	0.01670	0.01431	0.01431	0.01670	0.01193	0.01312	0.00835	0.01312	0.00716	0.01193	0.00716	0.00954	0.01789	0.00239	0.79843	0.00477	0.00239	0.00596
53	0.00947	0.00473	0.00710	0.00710	0.00710	0.00473	0.00473	0.00710	0.00710	0.00947	0.00947	0.01657	0.00947	0.01894	0.02131	0.84138	0.00473	0.00473	0.00237	0.00237
54	0.37042	0.00981	0.01070	0.00864	0.01250	0.00979	0.00713	0.02213	0.01294	0.46112	0.01565	0.01448	0.01030	0.00604	0.00460	0.00169	0.00446	0.00442	0.00533	0.00786
55	0.01193	0.01193	0.01670	0.01431	0.01431	0.01670	0.01193	0.01312	0.00835	0.01312	0.00716	0.01193	0.00716	0.00954	0.01789	0.00239	0.79843	0.00477	0.00239	0.00596
56	0.01030	0.00969	0.01635	0.79530	0.03755	0.01211	0.01514	0.01393	0.01090	0.01393	0.00969	0.01453	0.00727	0.00545	0.00545	0.00182	0.00727	0.00484	0.00242	0.00606
57	0.00818	0.00584	0.00809	0.00934	0.01033	0.00575	0.00773	0.01024	0.01195	0.01563	0.02920	0.27268	0.03271	0.01563	0.00737	0.00243	0.00449	0.53252	0.00503	0.00485
58	0.00780	0.00578	0.00847	0.00847	0.00935	0.00666	0.00645	0.00955	0.00868	0.01244	0.01487	0.02288	0.01426	0.11968	0.70888	0.00840	0.01365	0.00606	0.00296	0.00471
59	0.01150	0.00980	0.01141	0.00817	0.01300	0.00746	0.00654	0.02893	0.01160	0.01810	0.00976	0.01134	0.00810	0.00409	0.00407	0.00082	0.00408	0.00326	0.00328	0.82468
60	0.01481	0.01493	0.01716	0.02133	0.34380	0.15870	0.01250	0.02232	0.29801	0.01886	0.01443	0.01540	0.01137	0.00596	0.00536	0.00167	0.00629	0.00510	0.00380	0.00820
61	0.00782	0.00570	0.00805	0.00805	0.00877	0.00643	0.00592	0.00928	0.00855	0.01213	0.01526	0.02504	0.01520	0.23590	0.59394	0.00788	0.01224	0.00637	0.00302	0.00447
62	0.07496	0.01265	0.01587	0.01731	0.19621	0.04998	0.01149	0.01979	0.25736	0.01826	0.01291	0.01473	0.01052	0.00720	0.00918	0.00193	0.25350	0.00506	0.00359	0.00749
63	0.00787	0.00526	0.00596	0.00602	0.00604	0.00525	0.00338	0.00791	0.00804	0.01073	0.01777	0.07119	0.02057	0.77187	0.02679	0.00514	0.00519	0.00828	0.00338	0.00336
64	0.01462	0.77185	0.04826	0.00961	0.01432	0.03981	0.00965	0.01648	0.01119	0.01296	0.00766	0.00885	0.00699	0.00470	0.00358	0.00119	0.00599	0.00296	0.00234	0.00701
65	0.01458	0.81168	0.02857	0.00933	0.01399	0.02157	0.00933	0.01632	0.01108	0.01283	0.00758	0.00875	0.00700	0.00466	0.00350	0.00117	0.00583	0.00292	0.00233	0.00700
66	0.00945	0.00611	0.00702	0.00653	0.00808	0.00595	0.00497	0.06609	0.01450	0.02163	0.38447	0.03235	0.09564	0.00931	0.00542	0.00156	0.00283	0.00792	0.30481	0.00538
67	0.00714	0.00511	0.00687	0.00797	0.00855	0.00484	0.00575	0.00854	0.01133	0.01516	0.10437	0.59157	0.03674	0.01611	0.00701	0.00222	0.00344	0.14751	0.00515	0.00461
68	0.02121	0.01582	0.01399	0.01166	0.01528	0.26480	0.00921	0.11595	0.11604	0.33522	0.01627	0.01526	0.01127	0.00644	0.00530	0.00161	0.00647	0.00486	0.00514	0.00822
69	0.01767	0.01892	0.01713	0.01986	0.26795	0.39095	0.01221	0.02121	0.09305	0.07236	0.01144	0.01280	0.00905	0.00564	0.00518	0.00154	0.00775	0.00438	0.00335	0.00755
70	0.00644	0.00552	0.00552	0.00552	0.00736	0.00460	0.00414	0.00782	0.01243	0.01473	0.05523	0.05247	0.77218	0.01381	0.00644	0.00184	0.00276	0.01151	0.00506	0.00460
71	0.01107	0.02725	0.72742	0.01606	0.02394	0.01274	0.07192	0.01728	0.01161	0.01728	0.00987	0.01174	0.00700	0.00514	0.00527	0.00173	0.00814	0.00420	0.00233	0.00801
72	0.01201	0.01189	0.01819	0.43821	0.26489	0.06936	0.03889	0.01533	0.01198	0.01558	0.04449	0.01506	0.00972	0.00551	0.00547	0.00172	0.00706	0.00503	0.00271	0.00688
73	0.00662	0.00481	0.00625	0.00741	0.00786	0.00444	0.00498	0.00761	0.01062	0.01399	0.03231	0.73734	0.10210	0.01679	0.00691	0.00218	0.00313	0.01514	0.00506	0.00444
74	0.84691	0.01054	0.00801	0.00717	0.01054	0.01223	0.00590	0.01603	0.00928	0.02446	0.00759	0.00886	0.00590	0.00506	0.00337	0.00169	0.00422	0.00295	0.00337	0.00590
75	0.01351	0.01313	0.01952	0.08315	0.46831	0.05123	0.01468	0.03821	0.06511	0.01727	0.01048	0.01358	0.00877	0.00603	0.00768	0.00178	0.15191	0.00487	0.00291	0.00786
76	0.01349	0.01295	0.02213	0.03346	0.77440	0.01295	0.01673	0.01673	0.01241	0.01781	0.01025	0.01349	0.00864	0.00486	0.00540	0.00162	0.00648	0.00486	0.00270	0.00864
77	0.01349	0.01295	0.02213	0.03346	0.77440	0.01295	0.01673	0.01673	0.01241	0.01781	0.01025	0.01349	0.00864	0.00486	0.00540	0.00162	0.00648	0.00486	0.00270	0.00864
78	0.01303	0.01191	0.01814	0.01336	0.01800	0.01097	0.23426	0.11942	0.07604	0.02043	0.03485	0.01541	0.03320	0.00533	0.00523	0.00138	0.00582	0.00512	0.00372	0.35436
79	0.00759	0.00559	0.00718	0.00773	0.00860	0.00541	0.00552	0.01019	0.06785	0.01717	0.26137	0.47349	0.03922	0.01441	0.00672	0.00204	0.00315	0.04639	0.00539	0.00499
80	0.01280	0.01451	0.03108	0.02237	0.02750	0.01399	0.70235	0.01716	0.01255	0.01716	0.01076	0.01451	0.00819	0.00494	0.00724	0.00188	0.06471	0.00632	0.00273	0.00726
81	0.00982	0.00712	0.00950	0.00882	0.01061	0.00700	0.03261	0.06715	0.04990	0.04392	0.44773	0.06788	0.03927	0.01132	0.00654	0.00191	0.00374	0.16379	0.00561	0.00576
82	0.01014	0.00929	0.01326	0.01191	0.01233	0.01242	0.00971	0.01165	0.00853	0.01292	0.01038	0.01604	0.00996	0.02311	0.35077	0.00515	0.45909	0.00523	0.00262	0.00549
83	0.00879	0.00628	0.00879	0.01004	0.01130	0.00628	0.00879	0.01130	0.01255	0.01632	0.02887	0.06150	0.03138	0.01506	0.00753	0.00251	0.00502	0.73770	0.00502	0.00502
84	0.01986	0.01846	0.01476	0.01255	0.01600	0.34827	0.00981	0.21145	0.14702	0.12687	0.01381	0.01369	0.01015	0.00632	0.00524	0.00158	0.00718	0.00460	0.00451	0.00788
85	0.01219	0.01127	0.01845	0.46401	0.30314	0.01276	0.01538	0.06728	0.01249	0.01678	0.01013	0.01406	0.00790	0.00531	0.00543	0.00173	0.00689	0.00485	0.00274	0.00722
86	0.00779	0.00584	0.00876	0.00876	0.00974	0.00681	0.00681	0.00974	0.00876	0.01266	0.01460	0.02142	0.01363	0.04089	0.78680	0.00876	0.01460	0.00584	0.00292	0.00487
87	0.01030	0.00969	0.01635	0.79530	0.03755	0.01211	0.01514	0.01393	0.01090	0.01393	0.00969	0.01453	0.00727	0.00545	0.00545	0.00182	0.00727	0.00484	0.00242	0.00606
88	0.00996	0.00754	0.00897	0.00911	0.01055	0.00790	0.00675	0.11154	0.14807	0.01846	0.02627	0.48929	0.02857	0.01375	0.00656	0.00210	0.00392	0.07961	0.00520	0.00588
89	0.81167	0.01120	0.00833	0.00746	0.01081	0.04524	0.00610	0.01627	0.00954	0.02399	0.00763	0.00890	0.00595	0.00508	0.00344	0.00167	0.00446	0.00298	0.00335	0.00592
90	0.01054	0.01028	0.01651	0.01400	0.01652	0.06366	0.25296	0.01358	0.03492	0.01593	0.02126	0.25119	0.02246	0.01119	0.00697	0.00210	0.02233	0.20366	0.00409	0.00584
91	0.00664	0.00474	0.00633	0.00759	0.00791	0.00443	0.00506	0.00759	0.01044	0.01392	0.03005	0.80485	0.03606	0.01708	0.00696	0.00221	0.00316	0.01550	0.00506	0.00443
92	0.01195	0.12506	0.44828	0.01653	0.02333	0.01393	0.22178	0.01707	0.01182	0.01676	0.00984	0.01203	0.00734	0.00491	0.00527	0.00165	0.00794	0.00452	0.00247	0.03751
93	0.01527	0.11455	0.14034	0.01640	0.10775	0.08277	0.15548	0.09353	0.01400	0.09290	0.01116	0.01270	0.00842	0.00516	0.00514	0.00151	0.00695	0.00454	0.00336	0.10807
94	0.00960	0.01352	0.25371	0.01172	0.01527	0.00843	0.06355	0.01322	0.02781	0.03631	0.05585	0.23204	0.03433	0.03701	0.00706	0.00215	0.00563	0.16261	0.00406	0.00612
95	0.01055	0.03869	0.01431	0.17120	0.17902	0.00949	0.03620	0.01298	0.01170	0.04357	0.05420	0.20130	0.07927	0.00919	0.00616	0.00180	0.02604	0.02723	0.00376	0.06335
96	0.03732	0.15353	0.13621	0.01150	0.01592	0.04466	0.05159	0.05046	0.11852	0.17478	0.01559	0.06436	0.01256	0.00679	0.00515	0.00163	0.00574	0.03235	0.00421	0.05714
97	0.04212	0.07527	0.18433	0.01342	0.01726	0.06768	0.08094	0.01710	0.06367	0.05925	0.01162	0.01539	0.00968	0.00778	0.02988	0.00200	0.18759	0.04313	0.00314	0.06873
98	0.15820	0.09353	0.21763	0.01301	0.05156	0.04036	0.06643	0.01922	0.01249	0.21553	0.01331	0.01551	0.00993	0.00599	0.00500	0.00169	0.00621	0.04291	0.00386	0.00765
99	0.09985	0.12794	0.07389	0.01027	0.01446	0.02779	0.02331	0.02153	0.01346	0.42491	0.03081	0.01595	0.02462	0.00640	0.00561	0.00163	0.04524	0.00484	0.00495	0.02253

[dist]
# distance from previous block
# <min> <max>
11	20

[block]
# block no. 4 follows, 44 sequences, length 21
# corresponding to MSA columns:
# 309-329
name=unknown_E
#
# <colnr> <probs for GDERKNQSTAVLIFYWHMCP>
#	G	D	E	R	K	N	Q	S	T	A	V	L	I	F	Y	W	H	M	C	P
0	0.04554	0.04788	0.04654	0.12338	0.01976	0.01046	0.15534	0.01912	0.03109	0.27478	0.04673	0.03312	0.03295	0.00627	0.00545	0.00165	0.00585	0.00567	0.00440	0.08404
1	0.14747	0.03029	0.04328	0.00918	0.01160	0.00812	0.03597	0.01432	0.02628	0.13971	0.05925	0.22319	0.02185	0.05011	0.04281	0.00240	0.00496	0.10193	0.00461	0.02267
2	0.05563	0.32458	0.03871	0.01151	0.01515	0.37208	0.00977	0.01898	0.01321	0.04952	0.00954	0.04053	0.00838	0.00571	0.00441	0.00138	0.00750	0.00383	0.00291	0.00667
3	0.01124	0.02145	0.45571	0.11508	0.02618	0.01264	0.21925	0.01659	0.01177	0.01679	0.01076	0.03816	0.00826	0.00544	0.00561	0.00178	0.00811	0.00515	0.00253	0.00750
4	0.01165	0.00990	0.01218	0.00891	0.01343	0.00798	0.03943	0.06123	0.01267	0.01919	0.07894	0.01423	0.01209	0.00487	0.00445	0.00099	0.00426	0.00408	0.00360	0.67594
5	0.00736	0.00512	0.00643	0.00698	0.00722	0.00509	0.00446	0.00799	0.00910	0.01225	0.02242	0.36479	0.02609	0.38032	0.10565	0.00436	0.00544	0.01094	0.00402	0.00397
6	0.01458	0.81168	0.02857	0.00933	0.01399	0.02157	0.00933	0.01632	0.01108	0.01283	0.00758	0.00875	0.00700	0.00466	0.00350	0.00117	0.00583	0.00292	0.00233	0.00700
7	0.01159	0.02023	0.44960	0.01239	0.01904	0.01037	0.01432	0.01622	0.01158	0.04595	0.01019	0.01169	0.00761	0.00479	0.00474	0.00136	0.00635	0.00377	0.00283	0.33537
8	0.00738	0.00505	0.00611	0.00665	0.00679	0.00492	0.00406	0.00778	0.00901	0.01201	0.02271	0.36642	0.02680	0.46813	0.01881	0.00396	0.00437	0.01118	0.00406	0.00379
9	0.01458	0.81168	0.02857	0.00933	0.01399	0.02157	0.00933	0.01632	0.01108	0.01283	0.00758	0.00875	0.00700	0.00466	0.00350	0.00117	0.00583	0.00292	0.00233	0.00700
10	0.02285	0.01185	0.01425	0.01092	0.01520	0.01184	0.00902	0.34032	0.01992	0.45833	0.01789	0.01621	0.01168	0.00666	0.00547	0.00167	0.00522	0.00524	0.00619	0.00928
11	0.00756	0.00540	0.00738	0.00864	0.00936	0.00522	0.00666	0.00918	0.01135	0.01495	0.02954	0.48520	0.03404	0.01621	0.00720	0.00234	0.00396	0.32605	0.00504	0.00468
12	0.00663	0.00478	0.00629	0.00749	0.00788	0.00444	0.00502	0.00760	0.01053	0.01396	0.03125	0.76881	0.07131	0.01692	0.00693	0.00220	0.00314	0.01531	0.00506	0.00444
13	0.36249	0.26574	0.22153	0.01009	0.01512	0.01527	0.01079	0.01645	0.01044	0.01889	0.00818	0.00953	0.00651	0.00497	0.00390	0.00153	0.00575	0.00323	0.00276	0.00682
14	0.01093	0.02820	0.78016	0.01554	0.02360	0.01266	0.02014	0.01727	0.01151	0.01727	0.00978	0.01151	0.00691	0.00518	0.00518	0.00173	0.00806	0.00403	0.00230	0.00806
15	0.01287	0.01471	0.03217	0.02298	0.02849	0.01379	0.75460	0.01746	0.01287	0.01746	0.01103	0.01471	0.00827	0.00460	0.00643	0.00184	0.00919	0.00643	0.00276	0.00735
16	0.00644	0.00552	0.00552	0.00552	0.00736	0.00460	0.00414	0.00782	0.01243	0.01473	0.05523	0.05247	0.77218	0.01381	0.00644	0.00184	0.00276	0.01151	0.00506	0.00460
17	0.02446	0.00928	0.01265	0.00970	0.01392	0.00801	0.00801	0.02657	0.01560	0.77817	0.02151	0.01856	0.01350	0.00675	0.00548	0.00169	0.00464	0.00548	0.00675	0.00928
18	0.00810	0.00674	0.00912	0.14747	0.04749	0.00675	0.00799	0.01025	0.01206	0.01511	0.03624	0.09487	0.34957	0.01250	0.00656	0.00204	0.00438	0.21313	0.00448	0.00514
19	0.02072	0.01527	0.01636	0.01254	0.01691	0.01691	0.01036	0.75622	0.02563	0.03436	0.01309	0.01309	0.00927	0.00654	0.00545	0.00164	0.00600	0.00491	0.00545	0.00927
20	0.01189	0.01132	0.01923	0.41563	0.40477	0.01253	0.01593	0.01533	0.01165	0.01586	0.00997	0.01402	0.00795	0.00516	0.00542	0.00172	0.00687	0.00485	0.00256	0.00734

[dist]
# distance from previous block
# <min> <max>
13	29

[block]
# block no. 5 follows, 44 sequences, length 10
# corresponding to MSA columns:
# 361-370
name=unknown_F
#
# <colnr> <probs for GDERKNQSTAVLIFYWHMCP>
#	G	D	E	R	K	N	Q	S	T	A	V	L	I	F	Y	W	H	M	C	P
0	0.01459	0.37501	0.08954	0.01073	0.01503	0.04088	0.01005	0.07175	0.23965	0.03743	0.03623	0.01405	0.01157	0.00594	0.00459	0.00149	0.00558	0.00443	0.00375	0.00772
1	0.01098	0.00983	0.01017	0.04637	0.04613	0.09689	0.00747	0.01624	0.22246	0.01638	0.02132	0.27066	0.02160	0.11741	0.00886	0.00236	0.00489	0.02646	0.03752	0.00597
2	0.01566	0.01218	0.01234	0.05002	0.01457	0.13017	0.00860	0.04093	0.25188	0.17901	0.15220	0.02180	0.03580	0.00776	0.00615	0.00174	0.04035	0.00622	0.00515	0.00747
3	0.01061	0.00834	0.00898	0.00839	0.00986	0.00922	0.00583	0.01793	0.36755	0.01639	0.01956	0.02839	0.01831	0.42769	0.01720	0.00365	0.00482	0.00709	0.00437	0.00583
4	0.01302	0.43050	0.02036	0.00873	0.01348	0.01477	0.00797	0.01509	0.01119	0.01517	0.00858	0.00996	0.00751	0.00437	0.00375	0.00100	0.00498	0.00306	0.00276	0.40374
5	0.02060	0.01263	0.01442	0.01124	0.01529	0.01328	0.00922	0.43878	0.07481	0.25938	0.06022	0.01687	0.01353	0.00693	0.00553	0.00167	0.00527	0.00546	0.00589	0.00899
6	0.00764	0.00544	0.00644	0.00651	0.00722	0.00518	0.00440	0.00871	0.01089	0.01448	0.19830	0.08038	0.15088	0.39113	0.01668	0.00352	0.00412	0.06948	0.00444	0.00414
7	0.01522	0.01318	0.01628	0.42338	0.02773	0.07473	0.01288	0.30916	0.01710	0.02199	0.01094	0.01359	0.00804	0.00590	0.00541	0.00171	0.00697	0.00477	0.00366	0.00735
8	0.01209	0.11623	0.02335	0.32784	0.11610	0.01421	0.23477	0.01557	0.01154	0.01524	0.00973	0.01356	0.00768	0.00527	0.00622	0.00175	0.05438	0.00506	0.00254	0.00686
9	0.27451	0.20196	0.15999	0.01047	0.01497	0.07284	0.01027	0.03367	0.07105	0.01890	0.00945	0.01065	0.00752	0.00533	0.00457	0.00153	0.03041	0.00356	0.00307	0.05529

[dist]
# distance from previous block
# <min> <max>
18	69

[block]
# block no. 6 follows, 44 sequences, length 29
# corresponding to MSA columns:
# 444-472
name=unknown_G
#
# <colnr> <probs for GDERKNQSTAVLIFYWHMCP>
#	G	D	E	R	K	N	Q	S	T	A	V	L	I	F	Y	W	H	M	C	P
0	0.00680	0.00501	0.00639	0.00727	0.00796	0.00459	0.00505	0.00805	0.01137	0.01500	0.11596	0.57959	0.15148	0.01585	0.00684	0.00211	0.00310	0.03788	0.00516	0.00455
1	0.01929	0.01550	0.01486	0.01215	0.01594	0.13674	0.00973	0.39038	0.20364	0.10172	0.01541	0.01489	0.01114	0.00663	0.00539	0.00166	0.00606	0.00505	0.00519	0.00865
2	0.01809	0.25044	0.12195	0.01136	0.01601	0.10739	0.01069	0.11810	0.06027	0.21511	0.01319	0.01306	0.00955	0.00580	0.00479	0.00151	0.00623	0.00426	0.00413	0.00805
3	0.01169	0.19112	0.62387	0.01425	0.02160	0.01451	0.01789	0.01707	0.01142	0.01634	0.00933	0.01094	0.00692	0.00507	0.00483	0.00161	0.00759	0.00380	0.00231	0.00784
4	0.01034	0.01072	0.02113	0.01616	0.01984	0.00996	0.43320	0.01359	0.01241	0.01631	0.02428	0.13544	0.17153	0.00910	0.00660	0.00195	0.00668	0.07082	0.00374	0.00618
5	0.00957	0.00792	0.01231	0.29942	0.06827	0.00879	0.01149	0.01251	0.01193	0.01549	0.02133	0.04106	0.03952	0.01087	0.00661	0.00218	0.00588	0.40529	0.00392	0.00561
6	0.02422	0.00967	0.01289	0.00988	0.01411	0.00859	0.00816	0.07379	0.01625	0.73004	0.02096	0.01820	0.01322	0.00673	0.00548	0.00168	0.00473	0.00545	0.00666	0.00928
7	0.01167	0.01109	0.01883	0.46850	0.35363	0.01247	0.01582	0.01513	0.01155	0.01559	0.00993	0.01409	0.00785	0.00520	0.00543	0.00173	0.00693	0.00485	0.00254	0.00716
8	0.00644	0.00552	0.00552	0.00552	0.00736	0.00460	0.00414	0.00782	0.01243	0.01473	0.05523	0.05247	0.77218	0.01381	0.00644	0.00184	0.00276	0.01151	0.00506	0.00460
9	0.01981	0.01579	0.27672	0.01171	0.01725	0.00961	0.01219	0.02337	0.01420	0.51638	0.01747	0.01613	0.01123	0.00621	0.00538	0.00170	0.00582	0.00498	0.00522	0.00886
10	0.01633	0.02065	0.47396	0.01321	0.01973	0.01081	0.01530	0.02098	0.01314	0.32083	0.01446	0.01432	0.00953	0.00581	0.00530	0.00171	0.00669	0.00461	0.00408	0.00854
11	0.02037	0.02598	0.01545	0.01404	0.01685	0.78652	0.01053	0.02177	0.01545	0.01334	0.00843	0.00983	0.00702	0.00562	0.00492	0.00140	0.00983	0.00351	0.00281	0.00632
12	0.01030	0.00969	0.01635	0.79530	0.03755	0.01211	0.01514	0.01393	0.01090	0.01393	0.00969	0.01453	0.00727	0.00545	0.00545	0.00182	0.00727	0.00484	0.00242	0.00606
13	0.00930	0.00845	0.01406	0.45904	0.04907	0.00964	0.05651	0.01209	0.01098	0.01428	0.01756	0.25551	0.04300	0.00920	0.00600	0.00193	0.00596	0.00841	0.00334	0.00567
14	0.00899	0.00775	0.01195	0.16791	0.19225	0.00799	0.00975	0.01109	0.01127	0.01498	0.02421	0.36240	0.10560	0.01154	0.00626	0.00196	0.00474	0.02961	0.00399	0.00576
15	0.02446	0.00928	0.01265	0.00970	0.01392	0.00801	0.00801	0.02657	0.01560	0.77817	0.02151	0.01856	0.01350	0.00675	0.00548	0.00169	0.00464	0.00548	0.00675	0.00928
16	0.00964	0.00954	0.01876	0.01499	0.01781	0.00893	0.36560	0.01234	0.01161	0.01562	0.02090	0.42478	0.02269	0.01107	0.00671	0.00203	0.00606	0.01114	0.00395	0.00584
17	0.01103	0.02754	0.74357	0.01590	0.02384	0.01272	0.05607	0.01727	0.01158	0.01727	0.00984	0.01167	0.00697	0.00515	0.00524	0.00173	0.00811	0.00415	0.00232	0.00802
18	0.00886	0.00780	0.01225	0.42105	0.05974	0.00887	0.01080	0.01137	0.01097	0.01419	0.02091	0.27985	0.09174	0.01009	0.00604	0.00194	0.00543	0.00902	0.00357	0.00550
19	0.00821	0.00687	0.01063	0.34549	0.02062	0.00772	0.00938	0.01031	0.01064	0.01392	0.02132	0.46583	0.02371	0.01209	0.00631	0.00204	0.00492	0.01093	0.00393	0.00513
20	0.01444	0.01203	0.01972	0.13681	0.48008	0.02893	0.05079	0.01752	0.01266	0.12411	0.01250	0.04420	0.01011	0.00567	0.00552	0.00169	0.00641	0.00539	0.00332	0.00809
21	0.02349	0.00960	0.01349	0.01180	0.08105	0.00845	0.00878	0.02570	0.01532	0.71105	0.02051	0.01811	0.01307	0.00658	0.00547	0.00168	0.00480	0.00543	0.00639	0.00922
22	0.01194	0.01137	0.01933	0.40260	0.41737	0.01255	0.01596	0.01537	0.01168	0.01593	0.00998	0.01400	0.00797	0.00514	0.00542	0.00171	0.00686	0.00485	0.00256	0.00739
23	0.01077	0.01019	0.01875	0.01917	0.19780	0.00985	0.24094	0.01381	0.01222	0.01658	0.01913	0.17464	0.01968	0.00977	0.00658	0.00203	0.00631	0.20152	0.00377	0.00649
24	0.01200	0.03301	0.14175	0.02750	0.01645	0.00894	0.15355	0.01494	0.01218	0.14519	0.02115	0.28166	0.03961	0.01016	0.00621	0.00195	0.00565	0.05720	0.00432	0.00656
25	0.01590	0.01291	0.10213	0.08476	0.02072	0.01090	0.21712	0.08592	0.01441	0.24803	0.03861	0.07976	0.01367	0.00697	0.00590	0.00180	0.00647	0.02185	0.00445	0.00772
26	0.01324	0.01280	0.14881	0.01321	0.01710	0.00971	0.17502	0.08244	0.01346	0.15418	0.01924	0.27894	0.01835	0.00943	0.00613	0.00190	0.00587	0.00874	0.00441	0.00702
27	0.01904	0.01467	0.01735	0.01362	0.01763	0.13304	0.13829	0.25485	0.06686	0.20242	0.01546	0.03661	0.01152	0.00667	0.00565	0.00170	0.00662	0.02494	0.00487	0.00820
28	0.02862	0.03089	0.08822	0.05608	0.03598	0.04605	0.33960	0.06337	0.03621	0.13706	0.03835	0.02903	0.01103	0.00570	0.00579	0.00173	0.00732	0.00580	0.00373	0.02943

[dist]
# distance from previous block
# <min> <max>
0	24

# created by:
# /st0/software/busco_prod/Augustus/scripts/msa2prfl.pl ./align_prep/71201.fa
