[name]
unknown

[dist]
# distance from previous block
# <min> <max>
0	17

[block]
# block no. 0 follows, 55 sequences, length 12
# corresponding to MSA columns:
# 17-28
name=unknown_A
#
# <colnr> <probs for GDERKNQSTAVLIFYWHMCP>
#	G	D	E	R	K	N	Q	S	T	A	V	L	I	F	Y	W	H	M	C	P
0	0.01191	0.59726	0.11357	0.00893	0.01283	0.07371	0.00906	0.01390	0.00990	0.01173	0.00866	0.01257	0.00816	0.00503	0.00360	0.00119	0.00537	0.08450	0.00226	0.00586
1	0.00645	0.00511	0.00595	0.00548	0.00710	0.00439	0.00415	0.00821	0.01172	0.01573	0.40268	0.03630	0.35962	0.00982	0.00528	0.00143	0.00239	0.00840	0.00453	0.09525
2	0.01160	0.01352	0.11934	0.02413	0.58789	0.07419	0.01394	0.01445	0.01045	0.01455	0.00839	0.01096	0.00698	0.00452	0.00532	0.00143	0.06515	0.00396	0.00225	0.00699
3	0.01101	0.01053	0.01640	0.31031	0.43926	0.04242	0.01311	0.04432	0.04054	0.01458	0.00900	0.01192	0.00718	0.00449	0.00461	0.00144	0.00579	0.00414	0.00241	0.00653
4	0.00669	0.00479	0.00651	0.00651	0.00701	0.00529	0.00461	0.00769	0.00719	0.01009	0.01334	0.02316	0.01375	0.35639	0.49947	0.00629	0.00927	0.00570	0.00262	0.00362
5	0.00664	0.00446	0.00511	0.00524	0.00527	0.00443	0.00299	0.00673	0.00701	0.00935	0.01593	0.12347	0.01852	0.74128	0.02162	0.00421	0.00430	0.00751	0.00299	0.00293
6	0.01317	0.11190	0.07716	0.01183	0.03109	0.33698	0.03570	0.01544	0.04845	0.01240	0.03843	0.01070	0.00806	0.00637	0.02544	0.00158	0.20355	0.00370	0.00245	0.00560
7	0.41315	0.08523	0.01094	0.00849	0.01139	0.24267	0.00684	0.04977	0.06511	0.05617	0.00832	0.00902	0.00647	0.00469	0.00356	0.00134	0.00518	0.00302	0.00301	0.00565
8	0.00574	0.00433	0.00534	0.00610	0.00680	0.00393	0.00430	0.00674	0.00952	0.01221	0.03184	0.55213	0.25637	0.01365	0.00584	0.00181	0.00270	0.06247	0.00432	0.00386
9	0.00638	0.00507	0.00753	0.11925	0.01095	0.00507	0.03863	0.00775	0.00944	0.01253	0.07982	0.58757	0.06772	0.01225	0.00569	0.00178	0.00334	0.01113	0.00398	0.00413
10	0.01184	0.01336	0.05031	0.01986	0.26738	0.11634	0.28713	0.01514	0.04387	0.01427	0.00887	0.01149	0.00716	0.00474	0.00617	0.00152	0.10724	0.00448	0.00239	0.00643
11	0.01060	0.01012	0.01724	0.29470	0.54847	0.01081	0.01382	0.01348	0.01016	0.01409	0.00859	0.01181	0.00698	0.00431	0.00462	0.00144	0.00575	0.00414	0.00222	0.00663

[dist]
# distance from previous block
# <min> <max>
0	27

[block]
# block no. 1 follows, 55 sequences, length 21
# corresponding to MSA columns:
# 56-76
name=unknown_B
#
# <colnr> <probs for GDERKNQSTAVLIFYWHMCP>
#	G	D	E	R	K	N	Q	S	T	A	V	L	I	F	Y	W	H	M	C	P
0	0.00639	0.00475	0.00595	0.00565	0.00683	0.00431	0.00424	0.00841	0.01272	0.01758	0.67155	0.03652	0.17805	0.00991	0.00549	0.00148	0.00222	0.00866	0.00498	0.00431
1	0.01736	0.01501	0.01317	0.01079	0.01393	0.25903	0.00861	0.40419	0.06734	0.10700	0.01109	0.01119	0.00807	0.00547	0.00479	0.00137	0.02658	0.00394	0.00402	0.00704
2	0.86937	0.00900	0.00684	0.00612	0.00900	0.01044	0.00504	0.01368	0.00792	0.02087	0.00648	0.00756	0.00504	0.00432	0.00288	0.00144	0.00360	0.00252	0.00288	0.00504
3	0.00565	0.00411	0.00534	0.00633	0.00671	0.00379	0.00425	0.00649	0.00905	0.01193	0.02748	0.76615	0.09691	0.01434	0.00590	0.00186	0.00267	0.01293	0.00432	0.00379
4	0.01020	0.01049	0.01130	0.04160	0.06171	0.18257	0.00834	0.01164	0.00899	0.01144	0.01036	0.08292	0.01010	0.01646	0.27720	0.00359	0.22881	0.00493	0.00248	0.00488
5	0.00785	0.00463	0.00535	0.00523	0.00639	0.00441	0.00391	0.00979	0.01084	0.04413	0.25310	0.08501	0.10668	0.00903	0.03327	0.00155	0.00266	0.00681	0.39500	0.00439
6	0.00564	0.00472	0.00491	0.00486	0.00637	0.00399	0.00365	0.00695	0.01094	0.01336	0.14592	0.04347	0.70630	0.01149	0.00550	0.00156	0.00234	0.00964	0.00442	0.00399
7	0.00917	0.00798	0.01406	0.01104	0.01388	0.00726	0.29821	0.01151	0.01095	0.08719	0.02749	0.05603	0.33269	0.00848	0.00552	0.00162	0.00475	0.08324	0.00371	0.00520
8	0.00578	0.00472	0.00511	0.00501	0.00646	0.00405	0.00376	0.00723	0.01128	0.01417	0.24626	0.04214	0.60546	0.01119	0.00550	0.00154	0.00231	0.00945	0.00453	0.00405
9	0.01239	0.01023	0.01085	0.00955	0.01231	0.01172	0.00749	0.09747	0.70517	0.04069	0.01818	0.01673	0.01354	0.00623	0.00472	0.00156	0.00383	0.00514	0.00475	0.00743
10	0.01244	0.83930	0.02438	0.00796	0.01194	0.01841	0.00796	0.01393	0.00945	0.01095	0.00647	0.00746	0.00597	0.00398	0.00299	0.00100	0.00498	0.00249	0.00199	0.00597
11	0.00879	0.00827	0.01395	0.82532	0.03204	0.01034	0.01292	0.01189	0.00930	0.01189	0.00827	0.01240	0.00620	0.00465	0.00465	0.00155	0.00620	0.00413	0.00207	0.00517
12	0.01244	0.83930	0.02438	0.00796	0.01194	0.01841	0.00796	0.01393	0.00945	0.01095	0.00647	0.00746	0.00597	0.00398	0.00299	0.00100	0.00498	0.00249	0.00199	0.00597
13	0.86937	0.00900	0.00684	0.00612	0.00900	0.01044	0.00504	0.01368	0.00792	0.02087	0.00648	0.00756	0.00504	0.00432	0.00288	0.00144	0.00360	0.00252	0.00288	0.00504
14	0.00900	0.00564	0.00722	0.00650	0.00808	0.00534	0.00498	0.01207	0.08027	0.12903	0.62838	0.03063	0.03685	0.00872	0.00531	0.00147	0.00257	0.00762	0.00518	0.00513
15	0.00938	0.00799	0.00937	0.00686	0.01074	0.00604	0.00543	0.01137	0.00960	0.01494	0.00941	0.06400	0.00847	0.00418	0.00361	0.00077	0.00340	0.00345	0.00286	0.80813
16	0.00586	0.00422	0.00556	0.00629	0.00678	0.00392	0.00431	0.00698	0.00989	0.01337	0.19584	0.63550	0.05743	0.01339	0.00583	0.00179	0.00258	0.01207	0.00449	0.00392
17	0.00669	0.00499	0.00639	0.00710	0.00799	0.00486	0.00546	0.00888	0.06210	0.01358	0.08031	0.38270	0.11902	0.01281	0.00593	0.00188	0.00320	0.25749	0.00439	0.00424
18	0.01159	0.01147	0.01580	0.31752	0.19101	0.11877	0.09238	0.10049	0.01193	0.01523	0.06124	0.01303	0.00919	0.00491	0.00472	0.00145	0.00614	0.00441	0.00268	0.00604
19	0.00847	0.00536	0.00685	0.00650	0.00776	0.00509	0.00483	0.01093	0.06372	0.10858	0.44297	0.15831	0.03317	0.08114	0.00702	0.00182	0.00285	0.03504	0.00481	0.00476
20	0.23653	0.01246	0.09061	0.01099	0.08083	0.01225	0.00887	0.39439	0.03603	0.02373	0.00984	0.01055	0.00726	0.00503	0.00411	0.00141	0.00477	0.00371	0.03978	0.00685

[dist]
# distance from previous block
# <min> <max>
1	5

[block]
# block no. 2 follows, 55 sequences, length 60
# corresponding to MSA columns:
# 82-141
name=unknown_C
#
# <colnr> <probs for GDERKNQSTAVLIFYWHMCP>
#	G	D	E	R	K	N	Q	S	T	A	V	L	I	F	Y	W	H	M	C	P
0	0.01093	0.01089	0.04364	0.07434	0.68687	0.01056	0.01369	0.01368	0.01039	0.01478	0.00973	0.06139	0.00867	0.00482	0.00468	0.00143	0.00544	0.00467	0.00240	0.00700
1	0.01370	0.01478	0.05959	0.00980	0.01226	0.32519	0.00779	0.18864	0.03478	0.01578	0.03670	0.04998	0.01101	0.16035	0.00804	0.00191	0.00609	0.00466	0.00320	0.03574
2	0.00832	0.03547	0.00801	0.00659	0.00864	0.00601	0.00507	0.04405	0.05292	0.03727	0.30872	0.14878	0.10777	0.00856	0.00493	0.00136	0.00291	0.00740	0.00426	0.19296
3	0.18190	0.30573	0.22574	0.00981	0.01426	0.05290	0.05007	0.01514	0.00985	0.08439	0.00819	0.00914	0.00631	0.00436	0.00368	0.00129	0.00543	0.00311	0.00253	0.00618
4	0.00658	0.00469	0.00576	0.00617	0.00674	0.00448	0.00431	0.00741	0.00859	0.01131	0.02251	0.25553	0.09701	0.34324	0.01303	0.00292	0.00373	0.16076	0.00366	0.03158
5	0.17402	0.00728	0.00841	0.00699	0.00978	0.00691	0.00564	0.01661	0.04687	0.39557	0.09635	0.02187	0.17044	0.00706	0.00458	0.00147	0.00340	0.00567	0.00483	0.00623
6	0.00808	0.00611	0.00751	0.00791	0.00907	0.00636	0.00610	0.06495	0.15075	0.01503	0.02315	0.40327	0.02508	0.01198	0.00578	0.00187	0.00350	0.23422	0.00441	0.00485
7	0.01019	0.00911	0.01443	0.04864	0.46048	0.00933	0.01150	0.01375	0.08470	0.01509	0.01457	0.02467	0.01393	0.00704	0.00518	0.00164	0.00500	0.24130	0.00313	0.00634
8	0.01040	0.00913	0.01307	0.00937	0.01358	0.00740	0.15176	0.02589	0.01022	0.04128	0.00886	0.01041	0.00709	0.00365	0.00389	0.00089	0.00431	0.00335	0.00281	0.66263
9	0.01718	0.01187	0.01304	0.01010	0.01373	0.01280	0.00829	0.58763	0.08847	0.12924	0.01265	0.01225	0.00888	0.00557	0.00461	0.00138	0.00476	0.00428	0.00471	0.04854
10	0.00672	0.00452	0.00506	0.00506	0.00511	0.00449	0.00284	0.00676	0.00689	0.00914	0.01572	0.03091	0.04262	0.80962	0.02309	0.00441	0.00444	0.00686	0.00287	0.00286
11	0.00649	0.00553	0.00687	0.00690	0.00764	0.00591	0.00516	0.00749	0.00924	0.01202	0.03040	0.35445	0.33664	0.01218	0.00761	0.00179	0.16568	0.01005	0.00387	0.00410
12	0.01425	0.01002	0.01205	0.00929	0.01295	0.00983	0.04571	0.22324	0.16964	0.16370	0.01303	0.01284	0.00945	0.00502	0.00434	0.00123	0.00425	0.00411	0.00417	0.27088
13	0.01157	0.00999	0.01052	0.00947	0.01210	0.01157	0.00736	0.02472	0.79908	0.01946	0.01893	0.01736	0.01420	0.00631	0.00473	0.00158	0.00368	0.00526	0.00473	0.00736
14	0.00676	0.00454	0.00522	0.00522	0.00527	0.00459	0.00300	0.00686	0.00681	0.00913	0.01452	0.02971	0.01659	0.78786	0.07189	0.00469	0.00499	0.00666	0.00280	0.00290
15	0.01332	0.01042	0.01118	0.00962	0.01252	0.01179	0.00760	0.16742	0.60250	0.07355	0.01745	0.01610	0.01285	0.00614	0.00472	0.00153	0.00397	0.00502	0.00479	0.00750
16	0.00943	0.00794	0.00841	0.00825	0.01004	0.05592	0.00653	0.01544	0.31044	0.03250	0.06432	0.10773	0.12686	0.00958	0.00539	0.00172	0.00378	0.20579	0.00442	0.00551
17	0.02087	0.00792	0.01080	0.00828	0.01188	0.00684	0.00684	0.02267	0.01332	0.81071	0.01835	0.01583	0.01152	0.00576	0.00468	0.00144	0.00396	0.00468	0.00576	0.00792
18	0.01345	0.00975	0.00998	0.00853	0.01112	0.05125	0.00674	0.19670	0.31616	0.09572	0.01559	0.01533	0.01154	0.00580	0.00433	0.00138	0.00391	0.00462	0.21139	0.00671
19	0.01030	0.39277	0.34450	0.00977	0.01458	0.01337	0.01120	0.01342	0.00993	0.01312	0.06268	0.01281	0.06372	0.00506	0.00391	0.00126	0.00539	0.00377	0.00235	0.00610
20	0.01098	0.01255	0.02745	0.01961	0.02431	0.01176	0.79059	0.01490	0.01098	0.01490	0.00941	0.01255	0.00706	0.00392	0.00549	0.00157	0.00784	0.00549	0.00235	0.00627
21	0.06288	0.01016	0.01195	0.00920	0.01282	0.01027	0.00760	0.35099	0.01670	0.43639	0.01468	0.01342	0.00964	0.00561	0.00458	0.00142	0.00444	0.00436	0.00514	0.00777
22	0.15389	0.01506	0.01259	0.01034	0.01354	0.24865	0.00828	0.44133	0.01710	0.02273	0.00926	0.00978	0.00689	0.00515	0.00424	0.00135	0.00583	0.00357	0.00371	0.00672
23	0.01151	0.01105	0.01888	0.02855	0.80748	0.01105	0.01428	0.01428	0.01059	0.01520	0.00875	0.01151	0.00737	0.00415	0.00461	0.00138	0.00553	0.00415	0.00230	0.00737
24	0.00603	0.00430	0.00578	0.00684	0.00725	0.00409	0.00488	0.00707	0.00920	0.01220	0.02522	0.67118	0.02973	0.03154	0.00640	0.00199	0.00303	0.15512	0.00428	0.00385
25	0.70892	0.00832	0.00696	0.00657	0.00912	0.00949	0.00550	0.01292	0.00844	0.01958	0.00986	0.01592	0.00908	0.00591	0.00354	0.00157	0.00373	0.14654	0.00314	0.00490
26	0.00567	0.00405	0.00540	0.00648	0.00675	0.00378	0.00432	0.00648	0.00891	0.01188	0.02564	0.83347	0.03077	0.01457	0.00594	0.00189	0.00270	0.01323	0.00432	0.00378
27	0.86937	0.00900	0.00684	0.00612	0.00900	0.01044	0.00504	0.01368	0.00792	0.02087	0.00648	0.00756	0.00504	0.00432	0.00288	0.00144	0.00360	0.00252	0.00288	0.00504
28	0.00981	0.00931	0.01580	0.52623	0.32312	0.01061	0.01343	0.01278	0.00979	0.01313	0.00845	0.01207	0.00664	0.00446	0.00463	0.00149	0.00595	0.00414	0.00216	0.00599
29	0.01738	0.02217	0.01318	0.01199	0.01438	0.81783	0.00899	0.01858	0.01318	0.01139	0.00719	0.00839	0.00599	0.00479	0.00419	0.00120	0.00839	0.00300	0.00240	0.00539
30	0.01061	0.01025	0.01783	0.28259	0.51220	0.01087	0.06096	0.01355	0.01020	0.01412	0.00864	0.01186	0.00698	0.00429	0.00467	0.00145	0.00588	0.00422	0.00223	0.00660
31	0.01427	0.01449	0.01288	0.01097	0.01376	0.28449	0.05961	0.15977	0.28863	0.01816	0.06484	0.01403	0.01178	0.00572	0.00464	0.00141	0.00571	0.00452	0.00380	0.00653
32	0.00550	0.00471	0.00471	0.00471	0.00628	0.00393	0.00353	0.00668	0.01060	0.01257	0.04713	0.04477	0.80560	0.01178	0.00550	0.00157	0.00236	0.00982	0.00432	0.00393
33	0.00564	0.00472	0.00491	0.00486	0.00637	0.00399	0.00365	0.00695	0.01094	0.01336	0.14552	0.04347	0.70671	0.01149	0.00550	0.00156	0.00234	0.00964	0.00442	0.00399
34	0.01452	0.01033	0.01115	0.00904	0.01184	0.01126	0.00727	0.55187	0.01804	0.02491	0.01381	0.12328	0.01169	0.00677	0.00459	0.00141	0.00429	0.00543	0.15176	0.00674
35	0.00719	0.00511	0.00675	0.00737	0.00850	0.00495	0.00621	0.00923	0.01108	0.01485	0.16748	0.04610	0.11589	0.01164	0.00594	0.00189	0.00355	0.50102	0.06099	0.00427
36	0.00665	0.00496	0.00733	0.00733	0.00811	0.00574	0.00563	0.00821	0.00743	0.01069	0.01259	0.01901	0.01195	0.08354	0.76986	0.00730	0.01198	0.00509	0.00251	0.00407
37	0.01563	0.01158	0.01390	0.01355	0.16136	0.01252	0.00937	0.42271	0.17257	0.09873	0.01293	0.01290	0.00939	0.00548	0.00466	0.00143	0.00480	0.00444	0.00434	0.00770
38	0.18496	0.09455	0.01369	0.01110	0.04824	0.38050	0.02476	0.16088	0.01325	0.01680	0.00784	0.00888	0.00624	0.00472	0.00395	0.00128	0.00637	0.00318	0.00287	0.00595
39	0.00805	0.00609	0.00813	0.00779	0.00904	0.00701	0.00609	0.06204	0.10372	0.01334	0.01327	0.01766	0.01171	0.02825	0.63147	0.00609	0.01048	0.00494	0.04003	0.00480
40	0.01055	0.01143	0.02306	0.01692	0.02099	0.01099	0.61064	0.01544	0.11729	0.01526	0.01316	0.05655	0.04371	0.00513	0.00541	0.00159	0.00678	0.00604	0.00286	0.00619
41	0.00633	0.00475	0.00586	0.00558	0.00679	0.00428	0.00419	0.00828	0.01256	0.01721	0.62504	0.03713	0.22479	0.01005	0.00549	0.00149	0.00223	0.00875	0.00493	0.00428
42	0.00647	0.00475	0.00606	0.00573	0.00688	0.00434	0.00430	0.00856	0.01290	0.01802	0.72631	0.03579	0.12301	0.00975	0.00549	0.00147	0.00221	0.00856	0.00504	0.00434
43	0.01098	0.01255	0.02745	0.01961	0.02431	0.01176	0.79059	0.01490	0.01098	0.01490	0.00941	0.01255	0.00706	0.00392	0.00549	0.00157	0.00784	0.00549	0.00235	0.00627
44	0.00714	0.00510	0.00709	0.00816	0.00907	0.00505	0.00687	0.00902	0.01036	0.01352	0.02483	0.20534	0.02756	0.01319	0.00633	0.00209	0.00397	0.62684	0.00429	0.00418
45	0.01699	0.02160	0.01291	0.01175	0.01412	0.79130	0.00881	0.01819	0.01310	0.01142	0.00849	0.00958	0.03206	0.00502	0.00424	0.00121	0.00819	0.00322	0.00246	0.00535
46	0.01151	0.01105	0.01888	0.02855	0.80748	0.01105	0.01428	0.01428	0.01059	0.01520	0.00875	0.01151	0.00737	0.00415	0.00461	0.00138	0.00553	0.00415	0.00230	0.00737
47	0.06700	0.00510	0.00629	0.00679	0.00763	0.00498	0.00477	0.04819	0.00979	0.06604	0.02310	0.68044	0.02655	0.01283	0.00558	0.00180	0.00297	0.01146	0.00433	0.00435
48	0.00937	0.00798	0.00935	0.00686	0.01073	0.00603	0.00543	0.01135	0.00960	0.01493	0.00947	0.06660	0.00854	0.00421	0.00362	0.00077	0.00339	0.00348	0.00286	0.80541
49	0.00584	0.00416	0.00553	0.00656	0.00688	0.00392	0.00447	0.00671	0.00894	0.01189	0.02510	0.74480	0.02989	0.04994	0.00674	0.00202	0.00289	0.06569	0.00425	0.00377
50	0.00563	0.00459	0.00499	0.00517	0.00644	0.00394	0.00377	0.00684	0.01051	0.01301	0.11465	0.19970	0.58033	0.01212	0.00558	0.00162	0.00241	0.01036	0.00440	0.00394
51	0.00610	0.00449	0.00571	0.00593	0.00679	0.00410	0.00425	0.00765	0.01125	0.01534	0.41551	0.33039	0.14192	0.01168	0.00565	0.00163	0.00240	0.01038	0.00472	0.00410
52	0.01157	0.00999	0.01052	0.00947	0.01210	0.01157	0.00736	0.02472	0.79908	0.01946	0.01893	0.01736	0.01420	0.00631	0.00473	0.00158	0.00368	0.00526	0.00473	0.00736
53	0.00677	0.00451	0.00507	0.00507	0.00507	0.00451	0.00282	0.00677	0.00677	0.00902	0.01466	0.03044	0.01691	0.83650	0.02368	0.00451	0.00451	0.00677	0.00282	0.00282
54	0.00609	0.00474	0.00553	0.00533	0.00665	0.00418	0.00400	0.00782	0.01200	0.01589	0.46037	0.03931	0.39028	0.01054	0.00549	0.00151	0.00227	0.00905	0.00476	0.00418
55	0.86937	0.00900	0.00684	0.00612	0.00900	0.01044	0.00504	0.01368	0.00792	0.02087	0.00648	0.00756	0.00504	0.00432	0.00288	0.00144	0.00360	0.00252	0.00288	0.00504
56	0.07249	0.01058	0.01093	0.00918	0.01224	0.08096	0.00731	0.09626	0.33476	0.29026	0.01614	0.01481	0.01135	0.00579	0.00454	0.00147	0.00432	0.00458	0.00475	0.00728
57	0.00951	0.02278	0.72505	0.01397	0.02060	0.01091	0.10325	0.01475	0.00995	0.01475	0.00847	0.01013	0.00602	0.00436	0.00454	0.00148	0.00698	0.00367	0.00201	0.00681
58	0.01635	0.08088	0.01403	0.01117	0.01380	0.49192	0.00879	0.19898	0.01444	0.01572	0.00823	0.00935	0.00662	0.00516	0.00491	0.00128	0.06131	0.00335	0.02774	0.00598
59	0.00886	0.00471	0.00474	0.00467	0.00586	0.00481	0.00352	0.01175	0.06178	0.01748	0.01542	0.01735	0.01207	0.00548	0.00335	0.00112	0.00227	0.00440	0.80581	0.00454

[dist]
# distance from previous block
# <min> <max>
0	1

[block]
# block no. 3 follows, 55 sequences, length 26
# corresponding to MSA columns:
# 143-168
name=unknown_D
#
# <colnr> <probs for GDERKNQSTAVLIFYWHMCP>
#	G	D	E	R	K	N	Q	S	T	A	V	L	I	F	Y	W	H	M	C	P
0	0.01738	0.02217	0.01318	0.01199	0.01438	0.81783	0.00899	0.01858	0.01318	0.01139	0.00719	0.00839	0.00599	0.00479	0.00419	0.00120	0.00839	0.00300	0.00240	0.00539
1	0.00863	0.00737	0.00774	0.00718	0.00925	0.00780	0.00552	0.01590	0.40730	0.01645	0.08498	0.03030	0.35533	0.00888	0.00511	0.00157	0.00301	0.00743	0.00458	0.00569
2	0.86937	0.00900	0.00684	0.00612	0.00900	0.01044	0.00504	0.01368	0.00792	0.02087	0.00648	0.00756	0.00504	0.00432	0.00288	0.00144	0.00360	0.00252	0.00288	0.00504
3	0.00989	0.00979	0.01369	0.01185	0.01187	0.01359	0.00981	0.01090	0.00724	0.01124	0.00734	0.06200	0.00766	0.00855	0.01468	0.00203	0.77604	0.00465	0.00218	0.00501
4	0.00562	0.00466	0.00492	0.00497	0.00639	0.00396	0.00368	0.00686	0.01071	0.01310	0.11857	0.11044	0.66650	0.01180	0.00553	0.00159	0.00237	0.00997	0.00440	0.00396
5	0.00567	0.00405	0.00540	0.00648	0.00675	0.00378	0.00432	0.00648	0.00891	0.01188	0.02564	0.83347	0.03077	0.01457	0.00594	0.00189	0.00270	0.01323	0.00432	0.00378
6	0.01976	0.00861	0.01110	0.00863	0.01215	0.00801	0.00709	0.10127	0.08058	0.66419	0.01767	0.01549	0.01138	0.00579	0.00468	0.00145	0.00405	0.00468	0.00556	0.00787
7	0.00593	0.00431	0.00573	0.00657	0.00708	0.00411	0.00464	0.00700	0.00925	0.01232	0.06350	0.61125	0.08266	0.01572	0.07455	0.00234	0.00360	0.07135	0.00420	0.00389
8	0.04823	0.28510	0.45582	0.01082	0.01631	0.01291	0.01281	0.01510	0.00992	0.08103	0.00851	0.00947	0.00636	0.00439	0.00391	0.00131	0.00588	0.00320	0.00233	0.00659
9	0.01250	0.08962	0.05107	0.01384	0.01653	0.18003	0.23229	0.05877	0.01064	0.01345	0.00769	0.01028	0.00644	0.00557	0.00803	0.00158	0.26944	0.00409	0.00234	0.00580
10	0.01067	0.01470	0.17380	0.01842	0.02353	0.01159	0.64639	0.01487	0.01076	0.01487	0.00921	0.01204	0.00684	0.00401	0.00529	0.00155	0.00766	0.00511	0.00228	0.00639
11	0.00601	0.00463	0.00550	0.00557	0.00672	0.00412	0.00411	0.00755	0.01132	0.01489	0.34292	0.18020	0.34719	0.01140	0.00560	0.00160	0.00240	0.02954	0.00464	0.00409
12	0.01178	0.66604	0.19185	0.00909	0.01368	0.01679	0.00992	0.01410	0.00953	0.01175	0.00687	0.00796	0.00595	0.00407	0.00329	0.00110	0.00538	0.00269	0.00198	0.00616
13	0.17192	0.02412	0.03167	0.01175	0.15920	0.00907	0.00798	0.07356	0.08163	0.19882	0.05398	0.10834	0.01353	0.00656	0.00453	0.00150	0.00412	0.02729	0.00400	0.00642
14	0.00760	0.00569	0.00806	0.00770	0.00864	0.00652	0.00609	0.00925	0.00883	0.04469	0.13154	0.02263	0.06748	0.02444	0.48602	0.00511	0.10738	0.03475	0.00314	0.00444
15	0.00567	0.00405	0.00540	0.00648	0.00675	0.00378	0.00432	0.00648	0.00891	0.01188	0.02564	0.83347	0.03077	0.01457	0.00594	0.00189	0.00270	0.01323	0.00432	0.00378
16	0.02849	0.22945	0.57663	0.01165	0.01763	0.01262	0.01435	0.01470	0.00977	0.03337	0.00808	0.00932	0.00603	0.00434	0.00403	0.00135	0.00625	0.00321	0.00208	0.00663
17	0.01102	0.46621	0.38501	0.01039	0.01569	0.01493	0.01218	0.01430	0.00962	0.01268	0.00733	0.00854	0.00593	0.00418	0.00364	0.00121	0.00584	0.00292	0.00198	0.00638
18	0.00616	0.00476	0.00587	0.00602	0.00714	0.00451	0.00458	0.00766	0.01025	0.01337	0.17800	0.11897	0.33884	0.03504	0.15755	0.00281	0.00449	0.08584	0.00409	0.00405
19	0.01117	0.01070	0.01816	0.07293	0.73836	0.01079	0.01386	0.01390	0.01052	0.01493	0.00993	0.01261	0.03241	0.00441	0.00464	0.00140	0.00547	0.00432	0.00235	0.00714
20	0.00860	0.00687	0.00978	0.00866	0.01045	0.00680	0.10848	0.04933	0.13493	0.04776	0.13513	0.32073	0.11317	0.01004	0.00546	0.00166	0.00359	0.00910	0.00431	0.00514
21	0.01850	0.00757	0.01015	0.00799	0.01120	0.00670	0.00652	0.02084	0.04702	0.66726	0.12712	0.01851	0.01611	0.00630	0.00479	0.00145	0.00370	0.00522	0.00563	0.00741
22	0.04687	0.00486	0.00613	0.00595	0.00702	0.00459	0.00441	0.00869	0.01233	0.01782	0.65989	0.14389	0.04026	0.00997	0.00543	0.00152	0.00233	0.00880	0.00491	0.00434
23	0.01207	0.05153	0.12264	0.01020	0.01353	0.07267	0.03336	0.06434	0.44251	0.04787	0.05364	0.01595	0.02718	0.00594	0.00463	0.00149	0.00467	0.00487	0.00401	0.00689
24	0.00978	0.12419	0.56687	0.01315	0.01905	0.01157	0.12233	0.01427	0.00989	0.01415	0.00907	0.04848	0.00723	0.00477	0.00446	0.00145	0.00657	0.00406	0.00213	0.00653
25	0.03649	0.01207	0.01166	0.00953	0.01278	0.16051	0.00760	0.18074	0.15866	0.27302	0.01381	0.01307	0.00971	0.00543	0.00445	0.00135	0.00493	0.00417	0.00441	0.07560

[dist]
# distance from previous block
# <min> <max>
0	352

# created by:
# /st0/software/busco_prod/Augustus/scripts/msa2prfl.pl ./align_prep/71287.fa
