[name]
unknown

[dist]
# distance from previous block
# <min> <max>
4	29

[block]
# block no. 0 follows, 49 sequences, length 28
# corresponding to MSA columns:
# 29-56
name=unknown_A
#
# <colnr> <probs for GDERKNQSTAVLIFYWHMCP>
#	G	D	E	R	K	N	Q	S	T	A	V	L	I	F	Y	W	H	M	C	P
0	0.07862	0.04058	0.21677	0.08800	0.01798	0.00981	0.12522	0.01386	0.01082	0.03990	0.01566	0.03050	0.11902	0.00590	0.00482	0.00146	0.00562	0.00510	0.00299	0.16735
1	0.03309	0.04109	0.11545	0.01450	0.04482	0.05217	0.23128	0.04659	0.01134	0.05655	0.03006	0.01382	0.00919	0.03509	0.05497	0.00210	0.12062	0.00483	0.00290	0.07955
2	0.07001	0.03034	0.08065	0.04202	0.01453	0.01135	0.00886	0.33070	0.01612	0.04796	0.04238	0.09871	0.01248	0.00672	0.00486	0.00147	0.00489	0.01813	0.00415	0.15367
3	0.11826	0.01475	0.21351	0.01154	0.06542	0.13734	0.01018	0.01362	0.01098	0.01568	0.08862	0.11416	0.02965	0.04535	0.05461	0.00217	0.02078	0.02439	0.00319	0.00578
4	0.03402	0.01145	0.17318	0.03558	0.03627	0.00833	0.06851	0.08244	0.01312	0.01815	0.23101	0.04153	0.20893	0.00851	0.00551	0.00163	0.00456	0.00734	0.00408	0.00586
5	0.01036	0.01558	0.29006	0.23802	0.08311	0.01096	0.04593	0.01427	0.01042	0.01505	0.00897	0.01172	0.00689	0.00488	0.00546	0.00150	0.05551	0.00401	0.00238	0.16494
6	0.01410	0.00978	0.01107	0.00914	0.01192	0.01039	0.00730	0.31706	0.12160	0.09060	0.27666	0.02245	0.02328	0.00763	0.00531	0.00156	0.00403	0.00632	0.04275	0.00705
7	0.00739	0.00540	0.00724	0.04667	0.00863	0.00592	0.00517	0.00834	0.00800	0.01103	0.01559	0.09986	0.01679	0.39450	0.31261	0.00562	0.02726	0.00707	0.00302	0.00389
8	0.00698	0.00503	0.00660	0.00648	0.00752	0.00466	0.00476	0.00911	0.01350	0.01899	0.65516	0.17436	0.04522	0.01130	0.00605	0.00167	0.00248	0.01006	0.00541	0.00466
9	0.00790	0.00607	0.00869	0.01017	0.09704	0.00600	0.03507	0.00969	0.03693	0.01396	0.02202	0.46838	0.02472	0.10926	0.00843	0.00223	0.01597	0.02977	0.08292	0.00476
10	0.00839	0.00579	0.00647	0.00614	0.00663	0.00592	0.00381	0.07880	0.00911	0.01211	0.01726	0.03151	0.05545	0.68267	0.04609	0.00453	0.00511	0.00720	0.00332	0.00368
11	0.00997	0.00809	0.02477	0.08316	0.10203	0.03553	0.00787	0.01252	0.03686	0.06799	0.21186	0.05775	0.07899	0.04702	0.08117	0.00237	0.05523	0.00679	0.06448	0.00555
12	0.01770	0.02227	0.01354	0.01247	0.01486	0.72767	0.00930	0.01897	0.01390	0.01243	0.00968	0.08455	0.00902	0.00620	0.00474	0.00137	0.00854	0.00429	0.00280	0.00570
13	0.01291	0.01120	0.01219	0.01111	0.03780	0.05113	0.02541	0.10768	0.49304	0.02042	0.01727	0.01727	0.01327	0.00990	0.09103	0.00235	0.02008	0.00534	0.03320	0.00741
14	0.01241	0.01055	0.01110	0.00990	0.01273	0.01201	0.00772	0.07496	0.65924	0.02117	0.02287	0.02119	0.08700	0.00736	0.00522	0.00170	0.00397	0.00610	0.00510	0.00770
15	0.01400	0.04589	0.13635	0.05335	0.04411	0.25100	0.10943	0.08756	0.05887	0.01609	0.01020	0.01223	0.00807	0.00751	0.05873	0.00195	0.04223	0.00428	0.03160	0.00656
16	0.00929	0.00864	0.01431	0.70507	0.03145	0.01073	0.01306	0.01234	0.00998	0.01289	0.01066	0.08842	0.00922	0.00620	0.00562	0.00174	0.03701	0.00541	0.00247	0.00547
17	0.01138	0.01056	0.05707	0.01083	0.01352	0.01077	0.06715	0.05247	0.33269	0.03814	0.06631	0.04703	0.03583	0.00971	0.06037	0.00217	0.08009	0.04488	0.01691	0.03213
18	0.00681	0.00501	0.00637	0.00634	0.00742	0.00457	0.00464	0.00875	0.01303	0.01795	0.54137	0.19617	0.13929	0.01176	0.00606	0.00170	0.00252	0.01039	0.00528	0.00457
19	0.01439	0.42402	0.13696	0.01185	0.04947	0.23567	0.01083	0.01661	0.01144	0.01285	0.00765	0.00905	0.00656	0.00478	0.00431	0.00127	0.03033	0.00314	0.00230	0.00650
20	0.00641	0.00472	0.00600	0.00657	0.00732	0.00431	0.00459	0.00776	0.01122	0.01504	0.23923	0.48985	0.15062	0.01388	0.00625	0.00188	0.00273	0.01239	0.00493	0.00431
21	0.00761	0.00593	0.00863	0.03642	0.00985	0.00704	0.00658	0.00918	0.00813	0.01164	0.01350	0.04430	0.01319	0.12019	0.59907	0.00687	0.07887	0.00578	0.00275	0.00447
22	0.00878	0.00439	0.00659	0.00659	0.00659	0.00439	0.00439	0.00659	0.00659	0.00878	0.00878	0.01537	0.00878	0.01757	0.01976	0.85288	0.00439	0.00439	0.00220	0.00220
23	0.00777	0.00562	0.00717	0.00735	0.02561	0.00539	0.00543	0.01021	0.04163	0.02907	0.39160	0.07484	0.12350	0.07338	0.03063	0.00216	0.00345	0.11683	0.03360	0.00478
24	0.05623	0.22155	0.01504	0.05065	0.01347	0.28418	0.00810	0.06586	0.01265	0.01547	0.03645	0.03542	0.00989	0.00561	0.00414	0.00130	0.00599	0.00401	0.14810	0.00589
25	0.00984	0.16517	0.09573	0.02932	0.01153	0.06998	0.00784	0.01155	0.00911	0.01181	0.01167	0.01885	0.01150	0.23009	0.25336	0.00436	0.03568	0.00501	0.00260	0.00499
26	0.06707	0.07851	0.01495	0.15189	0.05185	0.11321	0.02928	0.20794	0.01403	0.01860	0.01170	0.01461	0.03794	0.00773	0.04793	0.00189	0.05725	0.02912	0.00330	0.04120
27	0.26673	0.17597	0.10343	0.00996	0.01401	0.10593	0.00918	0.20315	0.01374	0.04252	0.00898	0.00980	0.00687	0.00508	0.00404	0.00143	0.00564	0.00342	0.00333	0.00681

[dist]
# distance from previous block
# <min> <max>
0	7

[block]
# block no. 1 follows, 49 sequences, length 48
# corresponding to MSA columns:
# 64-111
name=unknown_B
#
# <colnr> <probs for GDERKNQSTAVLIFYWHMCP>
#	G	D	E	R	K	N	Q	S	T	A	V	L	I	F	Y	W	H	M	C	P
0	0.01164	0.01478	0.19702	0.03852	0.01639	0.11089	0.11805	0.06736	0.06072	0.04324	0.01589	0.15305	0.04488	0.07614	0.00709	0.00194	0.00615	0.00664	0.00342	0.00619
1	0.01151	0.05443	0.04741	0.03553	0.11594	0.18157	0.02030	0.04099	0.06912	0.01525	0.06685	0.02461	0.24158	0.01905	0.03255	0.00180	0.00563	0.00637	0.00361	0.00590
2	0.00873	0.00762	0.01033	0.06507	0.01169	0.00915	0.00782	0.01008	0.00911	0.01266	0.01854	0.10633	0.10784	0.12261	0.06277	0.00279	0.28644	0.09857	0.00324	0.03862
3	0.00832	0.00735	0.02776	0.00964	0.01069	0.00819	0.06675	0.00994	0.00827	0.01188	0.01250	0.02029	0.01224	0.18249	0.44062	0.00587	0.14424	0.00564	0.00267	0.00465
4	0.01138	0.00957	0.01265	0.01312	0.12520	0.01022	0.05432	0.11697	0.26287	0.01906	0.03867	0.19703	0.03063	0.00978	0.03267	0.00197	0.00482	0.03793	0.00440	0.00675
5	0.01421	0.01144	0.01196	0.01104	0.04413	0.07472	0.00833	0.11709	0.42104	0.09596	0.05516	0.04773	0.01608	0.00728	0.00525	0.00167	0.00463	0.03988	0.00492	0.00752
6	0.00619	0.00448	0.00586	0.00695	0.00736	0.00415	0.00470	0.00712	0.00985	0.01301	0.02948	0.75007	0.08595	0.01559	0.00643	0.00204	0.00294	0.02900	0.00469	0.00413
7	0.01339	0.04434	0.06883	0.07578	0.34353	0.01113	0.10187	0.01702	0.05375	0.14113	0.01269	0.05654	0.01020	0.00553	0.00511	0.00157	0.00584	0.00521	0.00333	0.02322
8	0.01210	0.00902	0.01097	0.00872	0.04763	0.00715	0.00657	0.02724	0.01122	0.10654	0.01059	0.01167	0.00830	0.00418	0.00397	0.00091	0.00390	0.00339	0.03245	0.67349
9	0.37355	0.04783	0.01282	0.05568	0.09388	0.05649	0.08949	0.01471	0.02448	0.04330	0.00982	0.01383	0.00852	0.12794	0.00733	0.00205	0.00531	0.00422	0.00301	0.00575
10	0.04977	0.01507	0.26337	0.01249	0.01737	0.01027	0.10756	0.01962	0.02431	0.35211	0.01385	0.01393	0.00932	0.00567	0.00582	0.00164	0.06145	0.00464	0.00406	0.00767
11	0.15747	0.01595	0.23120	0.01375	0.04382	0.03851	0.14701	0.08149	0.09159	0.01845	0.01040	0.01259	0.00810	0.03422	0.00649	0.00177	0.07290	0.00443	0.00301	0.00681
12	0.00866	0.00567	0.00649	0.00611	0.00751	0.00549	0.00460	0.07125	0.01277	0.01851	0.28034	0.05777	0.16891	0.00984	0.00616	0.06079	0.00283	0.00760	0.25395	0.00477
13	0.01002	0.01008	0.06817	0.16408	0.23254	0.00936	0.01136	0.01286	0.01117	0.01574	0.10562	0.04967	0.01600	0.00710	0.00582	0.00162	0.04373	0.10514	0.00321	0.11672
14	0.00866	0.00628	0.00752	0.00694	0.00864	0.00612	0.00529	0.01281	0.14140	0.05924	0.49579	0.03542	0.16629	0.00997	0.00578	0.00163	0.00278	0.00862	0.00538	0.00542
15	0.01889	0.02410	0.01433	0.01303	0.01563	0.80199	0.00977	0.02019	0.01433	0.01238	0.00782	0.00912	0.00651	0.00521	0.00456	0.00130	0.00912	0.00326	0.00261	0.00586
16	0.01258	0.01086	0.01143	0.01029	0.01315	0.01258	0.00800	0.02687	0.78161	0.02115	0.02058	0.01887	0.01544	0.00686	0.00515	0.00172	0.00400	0.00572	0.00515	0.00800
17	0.00729	0.00517	0.00685	0.00685	0.00732	0.00563	0.00473	0.00821	0.00775	0.01080	0.01471	0.02632	0.01544	0.42060	0.42340	0.00655	0.00933	0.00636	0.00288	0.00381
18	0.01195	0.01054	0.01066	0.01042	0.06537	0.11134	0.00744	0.09013	0.23358	0.02024	0.27189	0.02280	0.02361	0.00748	0.00518	0.00154	0.00427	0.00625	0.07888	0.00642
19	0.01338	0.01187	0.01316	0.01275	0.08601	0.04512	0.00923	0.10187	0.52825	0.02065	0.01686	0.01646	0.01286	0.00668	0.00616	0.00170	0.07948	0.00526	0.00452	0.00775
20	0.01106	0.01106	0.01549	0.01328	0.01328	0.01549	0.01106	0.01217	0.00774	0.01217	0.00664	0.01106	0.00664	0.00885	0.01659	0.00221	0.81303	0.00443	0.00221	0.00553
21	0.04593	0.00953	0.01060	0.00803	0.01194	0.00844	0.00640	0.13799	0.05183	0.01905	0.01356	0.01483	0.06954	0.03212	0.00491	0.00117	0.00401	0.00413	0.00359	0.54242
22	0.00872	0.00442	0.00654	0.00654	0.00654	0.00442	0.00433	0.00662	0.00662	0.00883	0.00911	0.01618	0.00922	0.05444	0.02004	0.81402	0.00442	0.00453	0.00224	0.00224
23	0.00719	0.00529	0.00632	0.03446	0.00820	0.00490	0.00473	0.00858	0.01116	0.03559	0.17629	0.12607	0.33213	0.15330	0.00948	0.00232	0.00332	0.06179	0.00453	0.00433
24	0.00735	0.00490	0.00552	0.00552	0.00552	0.00490	0.00306	0.00735	0.00735	0.00980	0.01593	0.03309	0.01838	0.82229	0.02574	0.00490	0.00490	0.00735	0.00306	0.00306
25	0.00902	0.00763	0.01161	0.38267	0.11287	0.00852	0.00994	0.01157	0.01047	0.01427	0.01868	0.05949	0.14429	0.04010	0.00588	0.00174	0.00500	0.00618	0.13473	0.00535
26	0.01272	0.66045	0.04901	0.00819	0.01209	0.01716	0.00813	0.01461	0.01034	0.01320	0.00869	0.01000	0.00757	0.00461	0.00335	0.00112	0.00497	0.00308	0.14449	0.00622
27	0.01046	0.00906	0.01490	0.15896	0.22480	0.00949	0.07161	0.02672	0.01040	0.04059	0.01117	0.01520	0.00942	0.01576	0.27114	0.00370	0.00859	0.00481	0.00275	0.08046
28	0.00991	0.14486	0.04264	0.02671	0.07525	0.04777	0.09818	0.01207	0.01039	0.01376	0.08100	0.12093	0.01615	0.04663	0.19936	0.00330	0.02411	0.01838	0.00309	0.00552
29	0.01447	0.01180	0.01250	0.01067	0.01387	0.01346	0.00846	0.23955	0.56585	0.02420	0.01818	0.01695	0.01349	0.00664	0.00512	0.00166	0.00445	0.00539	0.00512	0.00817
30	0.62896	0.08083	0.01040	0.04033	0.01187	0.11154	0.00675	0.01542	0.00951	0.01986	0.00721	0.00859	0.00577	0.00483	0.00367	0.00151	0.02150	0.00291	0.00293	0.00562
31	0.00985	0.02469	0.74100	0.01377	0.02084	0.01122	0.01765	0.01540	0.01074	0.01585	0.01201	0.01332	0.06088	0.00536	0.00489	0.00161	0.00713	0.00422	0.00231	0.00725
32	0.00887	0.00819	0.01345	0.56561	0.02728	0.00976	0.03846	0.01164	0.01012	0.01306	0.01503	0.14976	0.06567	0.00749	0.00578	0.00177	0.03330	0.00662	0.00283	0.00531
33	0.00775	0.00554	0.00769	0.00886	0.00985	0.00548	0.00745	0.00979	0.01125	0.01469	0.02699	0.21011	0.02997	0.01435	0.00688	0.00227	0.00431	0.60757	0.00466	0.00455
34	0.01085	0.01007	0.01489	0.03982	0.01410	0.01285	0.09020	0.03875	0.00932	0.01425	0.00985	0.05479	0.00918	0.00855	0.02465	0.00206	0.50660	0.00517	0.11846	0.00558
35	0.00710	0.00517	0.00668	0.00630	0.00752	0.00475	0.00473	0.00943	0.01418	0.01996	0.75292	0.03829	0.08307	0.01046	0.00596	0.00160	0.00239	0.00922	0.00552	0.00475
36	0.01307	0.06935	0.01692	0.32681	0.19296	0.12320	0.01259	0.10517	0.03454	0.01602	0.00942	0.01220	0.00743	0.00521	0.00525	0.00155	0.03465	0.00424	0.00276	0.00666
37	0.03152	0.01520	0.01506	0.04040	0.04622	0.22591	0.01046	0.19873	0.01378	0.03447	0.00878	0.01102	0.00724	0.00676	0.00922	0.00173	0.30973	0.00413	0.00312	0.00653
38	0.01278	0.01308	0.02007	0.11771	0.23817	0.10663	0.23666	0.08218	0.01285	0.01672	0.03368	0.06430	0.01040	0.00561	0.00537	0.00160	0.00687	0.00555	0.00295	0.00682
39	0.01074	0.10365	0.16320	0.20539	0.07681	0.01098	0.01150	0.02667	0.03783	0.01521	0.00950	0.01190	0.00757	0.00616	0.04247	0.00163	0.00604	0.00382	0.00262	0.24631
40	0.00690	0.00542	0.00693	0.08048	0.00983	0.00514	0.00533	0.00886	0.01253	0.01669	0.39939	0.12763	0.27381	0.01124	0.00594	0.00169	0.00291	0.00979	0.00489	0.00462
41	0.00723	0.00501	0.00628	0.00636	0.00664	0.00525	0.00410	0.00781	0.00774	0.01057	0.01609	0.08407	0.01780	0.54362	0.24467	0.00562	0.00722	0.00729	0.00308	0.00355
42	0.00833	0.00613	0.00969	0.00897	0.00989	0.01651	0.09772	0.00874	0.00890	0.01195	0.03856	0.24400	0.01841	0.04601	0.09064	0.29845	0.02287	0.04711	0.00325	0.00387
43	0.01146	0.00896	0.01059	0.00761	0.01206	0.00680	0.00611	0.01369	0.01081	0.07879	0.00987	0.01102	0.00789	0.00395	0.00385	0.00081	0.00379	0.00316	0.00326	0.78553
44	0.01032	0.03173	0.24016	0.01574	0.16390	0.05563	0.12217	0.01382	0.01180	0.01592	0.10851	0.02139	0.15362	0.00678	0.00531	0.00159	0.00591	0.00605	0.00316	0.00647
45	0.01070	0.00893	0.01180	0.19689	0.01730	0.02097	0.03047	0.03858	0.04276	0.04760	0.09955	0.05674	0.01377	0.00577	0.00468	0.00127	0.00457	0.00497	0.00347	0.37921
46	0.00879	0.00615	0.00910	0.00843	0.02062	0.00623	0.05879	0.05449	0.00991	0.01334	0.09410	0.02334	0.11909	0.01878	0.18473	0.33351	0.00632	0.01699	0.00322	0.00407
47	0.00939	0.00840	0.01344	0.32390	0.06980	0.00973	0.06617	0.01262	0.06312	0.01321	0.01180	0.01801	0.01048	0.13884	0.16800	0.00349	0.04618	0.00531	0.00271	0.00540

[dist]
# distance from previous block
# <min> <max>
4	10

[block]
# block no. 2 follows, 49 sequences, length 15
# corresponding to MSA columns:
# 122-136
name=unknown_C
#
# <colnr> <probs for GDERKNQSTAVLIFYWHMCP>
#	G	D	E	R	K	N	Q	S	T	A	V	L	I	F	Y	W	H	M	C	P
0	0.14912	0.00785	0.08656	0.02420	0.00986	0.00649	0.00655	0.00993	0.01014	0.01561	0.14274	0.24426	0.07461	0.01170	0.00759	0.12707	0.00384	0.05340	0.00389	0.00458
1	0.01073	0.00863	0.01208	0.10050	0.06464	0.00899	0.08497	0.13467	0.06511	0.01891	0.09703	0.07178	0.12091	0.00801	0.00532	0.00162	0.00451	0.04395	0.13166	0.00599
2	0.01143	0.18609	0.01308	0.00793	0.01108	0.00966	0.00655	0.07482	0.01227	0.06897	0.13766	0.14955	0.01847	0.00730	0.00464	0.00129	0.00394	0.00608	0.00390	0.26527
3	0.04732	0.01051	0.10299	0.00953	0.01238	0.03765	0.08464	0.06537	0.07193	0.05948	0.18268	0.02097	0.01885	0.05362	0.02612	0.00186	0.00477	0.00581	0.17754	0.00596
4	0.00954	0.00856	0.01411	0.72869	0.03190	0.01058	0.01298	0.01280	0.01016	0.01352	0.00975	0.01402	0.00737	0.00514	0.00490	0.00163	0.00630	0.00452	0.08800	0.00553
5	0.01315	0.01387	0.11030	0.02063	0.32750	0.01281	0.09672	0.18032	0.01376	0.01918	0.01201	0.01409	0.04871	0.00573	0.00632	0.00162	0.08778	0.00490	0.00311	0.00750
6	0.00992	0.05193	0.38080	0.11148	0.07279	0.01088	0.11339	0.01405	0.01064	0.01499	0.01238	0.15011	0.01136	0.00662	0.00522	0.00167	0.00656	0.00595	0.00267	0.00658
7	0.00964	0.00579	0.00714	0.00644	0.00831	0.00510	0.00496	0.01159	0.01343	0.16114	0.40576	0.03753	0.28293	0.01039	0.00581	0.00162	0.00280	0.00889	0.00541	0.00532
8	0.01288	0.01094	0.01371	0.12933	0.12631	0.12579	0.06847	0.03048	0.03489	0.12442	0.01548	0.14164	0.03053	0.08973	0.00758	0.00198	0.01963	0.00651	0.00359	0.00612
9	0.00598	0.00512	0.00512	0.00512	0.00683	0.00427	0.00384	0.00726	0.01153	0.01366	0.05123	0.04866	0.78869	0.01281	0.00598	0.00171	0.00256	0.01067	0.00470	0.00427
10	0.01107	0.01102	0.01610	0.01353	0.01392	0.01494	0.06278	0.01243	0.00813	0.01267	0.00722	0.01150	0.00692	0.00844	0.01542	0.00214	0.73053	0.00454	0.03109	0.00559
11	0.00707	0.00528	0.00693	0.00691	0.00767	0.00514	0.02751	0.00799	0.00891	0.01193	0.02277	0.26261	0.11175	0.30183	0.14931	0.00400	0.00560	0.00928	0.00366	0.03387
12	0.01143	0.00896	0.01058	0.00761	0.01206	0.00679	0.00610	0.01366	0.01080	0.07688	0.00984	0.01101	0.00788	0.00394	0.00385	0.00081	0.00379	0.00316	0.00325	0.78760
13	0.00668	0.00488	0.00633	0.00693	0.00774	0.00453	0.00506	0.00822	0.01146	0.01539	0.24911	0.41606	0.11709	0.01370	0.00633	0.00192	0.00295	0.10628	0.00494	0.00438
14	0.01065	0.01026	0.01765	0.50537	0.20469	0.01165	0.09070	0.01468	0.05665	0.01456	0.00992	0.01360	0.00764	0.00496	0.00514	0.00165	0.00659	0.00472	0.00251	0.00643

[dist]
# distance from previous block
# <min> <max>
0	1

[block]
# block no. 3 follows, 49 sequences, length 16
# corresponding to MSA columns:
# 138-153
name=unknown_D
#
# <colnr> <probs for GDERKNQSTAVLIFYWHMCP>
#	G	D	E	R	K	N	Q	S	T	A	V	L	I	F	Y	W	H	M	C	P
0	0.01692	0.01331	0.01405	0.01226	0.05913	0.06425	0.00933	0.40311	0.26103	0.07061	0.01483	0.01439	0.01082	0.00619	0.00505	0.00157	0.00525	0.00487	0.00485	0.00820
1	0.00616	0.00440	0.00587	0.00704	0.00733	0.00411	0.00469	0.00704	0.00968	0.01291	0.02787	0.81899	0.03344	0.01584	0.00645	0.00205	0.00293	0.01438	0.00469	0.00411
2	0.01098	0.01072	0.03583	0.39218	0.34860	0.01154	0.01423	0.01497	0.06327	0.01511	0.01041	0.01438	0.00837	0.00515	0.00508	0.00162	0.00622	0.02193	0.00260	0.00680
3	0.05674	0.25157	0.32047	0.01126	0.01637	0.01433	0.01229	0.10049	0.09278	0.01724	0.01017	0.01134	0.00792	0.00684	0.04819	0.00181	0.00645	0.00378	0.00287	0.00710
4	0.01259	0.01328	0.01153	0.06724	0.07740	0.26417	0.00841	0.06619	0.08914	0.01573	0.05661	0.02491	0.23045	0.00803	0.00527	0.00156	0.00566	0.03216	0.00378	0.00588
5	0.01081	0.00548	0.00574	0.00537	0.00688	0.00549	0.00412	0.05452	0.01158	0.06910	0.01648	0.01838	0.01269	0.00592	0.00372	0.00122	0.00266	0.00473	0.74995	0.00518
6	0.00744	0.00514	0.00660	0.00741	0.00808	0.00498	0.00510	0.00952	0.07648	0.04782	0.02690	0.71487	0.03098	0.01465	0.00628	0.00200	0.00309	0.01322	0.00480	0.00464
7	0.00889	0.00469	0.00692	0.05306	0.00816	0.00482	0.00488	0.00742	0.00715	0.00992	0.00948	0.01557	0.00904	0.01580	0.01747	0.72783	0.00435	0.00443	0.07753	0.00262
8	0.01131	0.00977	0.01376	0.25180	0.20710	0.05327	0.01093	0.06215	0.04281	0.04801	0.03626	0.17227	0.01424	0.00782	0.00583	0.03109	0.00545	0.00658	0.00337	0.00618
9	0.00643	0.00506	0.00594	0.00603	0.00727	0.00464	0.00443	0.00787	0.01111	0.01428	0.16910	0.14920	0.41714	0.04960	0.11606	0.00275	0.00419	0.01006	0.00451	0.00432
10	0.01389	0.00702	0.00889	0.00760	0.00988	0.00649	0.00584	0.04702	0.04124	0.32652	0.20456	0.08283	0.09060	0.11459	0.00815	0.00205	0.00372	0.00748	0.00534	0.00626
11	0.01362	0.01323	0.12478	0.15850	0.09984	0.05402	0.04296	0.16289	0.04679	0.10270	0.01290	0.06101	0.01049	0.04774	0.02461	0.00192	0.00620	0.00525	0.00359	0.00696
12	0.00946	0.00799	0.01277	0.03851	0.01345	0.00829	0.16034	0.03791	0.10622	0.01504	0.06203	0.25226	0.01939	0.01175	0.02718	0.13213	0.04454	0.03181	0.00375	0.00518
13	0.00634	0.00480	0.00588	0.00648	0.00738	0.00434	0.00463	0.00763	0.01097	0.01425	0.13817	0.43864	0.26480	0.01407	0.00627	0.00190	0.00284	0.05152	0.00481	0.00428
14	0.01205	0.01080	0.01299	0.16189	0.03867	0.13856	0.07443	0.02534	0.01136	0.09192	0.03563	0.01929	0.08546	0.07731	0.10675	0.00264	0.03288	0.00546	0.00327	0.05331
15	0.13362	0.08684	0.11065	0.18454	0.02053	0.04438	0.10485	0.15308	0.03719	0.01887	0.00959	0.01152	0.00726	0.00499	0.00461	0.00151	0.00616	0.00409	0.00305	0.05266

[dist]
# distance from previous block
# <min> <max>
1	7

[block]
# block no. 4 follows, 49 sequences, length 6
# corresponding to MSA columns:
# 161-166
name=unknown_E
#
# <colnr> <probs for GDERKNQSTAVLIFYWHMCP>
#	G	D	E	R	K	N	Q	S	T	A	V	L	I	F	Y	W	H	M	C	P
0	0.04553	0.10802	0.14340	0.17081	0.06364	0.06882	0.05937	0.09501	0.03426	0.01666	0.05309	0.04163	0.01038	0.00594	0.00565	0.00159	0.06197	0.00474	0.00296	0.00652
1	0.04823	0.10045	0.01050	0.00784	0.01010	0.06332	0.00621	0.07458	0.05647	0.08584	0.14221	0.11727	0.18090	0.03456	0.03759	0.00195	0.00440	0.00752	0.00440	0.00566
2	0.00627	0.00482	0.00555	0.00598	0.00692	0.00431	0.00414	0.00731	0.01051	0.01332	0.08015	0.34432	0.36836	0.10422	0.00837	0.00219	0.00296	0.01165	0.00456	0.00410
3	0.01219	0.18809	0.10513	0.07061	0.01509	0.10747	0.03110	0.06858	0.01152	0.03884	0.01398	0.10733	0.06347	0.00838	0.02248	0.04475	0.07652	0.00551	0.00305	0.00592
4	0.13052	0.06730	0.21443	0.10737	0.04332	0.17985	0.04108	0.06961	0.01217	0.01677	0.04288	0.01189	0.00858	0.00608	0.02635	0.00168	0.00691	0.00397	0.00279	0.00645
5	0.00714	0.00636	0.05112	0.06527	0.01068	0.00585	0.00673	0.00878	0.00929	0.01268	0.02046	0.38180	0.02272	0.07582	0.23714	0.00397	0.00677	0.05926	0.00369	0.00448

[dist]
# distance from previous block
# <min> <max>
0	1

[block]
# block no. 5 follows, 49 sequences, length 19
# corresponding to MSA columns:
# 168-186
name=unknown_F
#
# <colnr> <probs for GDERKNQSTAVLIFYWHMCP>
#	G	D	E	R	K	N	Q	S	T	A	V	L	I	F	Y	W	H	M	C	P
0	0.01176	0.12744	0.22547	0.01150	0.01534	0.04963	0.04866	0.08097	0.01175	0.04147	0.01439	0.06002	0.06559	0.02557	0.00692	0.00171	0.10924	0.05334	0.00312	0.03612
1	0.00600	0.00501	0.00524	0.00542	0.00691	0.00424	0.00397	0.00722	0.01124	0.01354	0.04764	0.16694	0.67273	0.01327	0.00605	0.00176	0.00262	0.01124	0.00470	0.00424
2	0.01049	0.00899	0.01049	0.00749	0.01198	0.00674	0.00599	0.01273	0.01049	0.01648	0.00899	0.01049	0.00749	0.00374	0.00374	0.00075	0.00374	0.00300	0.00300	0.85320
3	0.01305	0.01163	0.01510	0.25700	0.06238	0.09411	0.06470	0.07806	0.07116	0.07825	0.03042	0.01381	0.00932	0.00625	0.02027	0.00169	0.07981	0.00460	0.00325	0.08514
4	0.01173	0.00961	0.01041	0.00928	0.01185	0.01065	0.00728	0.11670	0.45708	0.02137	0.14059	0.02550	0.10121	0.00819	0.00542	0.00169	0.00383	0.03542	0.00513	0.00706
5	0.00667	0.00506	0.00681	0.00758	0.00790	0.00520	0.00529	0.00766	0.00976	0.01326	0.06905	0.69965	0.03177	0.01488	0.00737	0.00204	0.07809	0.01315	0.00451	0.00428
6	0.01024	0.00946	0.01512	0.07765	0.44937	0.00961	0.01157	0.01274	0.01137	0.01569	0.09065	0.04538	0.14671	0.00828	0.03614	0.00185	0.03208	0.00633	0.00321	0.00656
7	0.01363	0.05284	0.05867	0.12257	0.04095	0.17373	0.24475	0.03499	0.03897	0.06441	0.03023	0.01346	0.00908	0.00522	0.00536	0.00155	0.02724	0.00478	0.05106	0.00650
8	0.01194	0.29847	0.28259	0.01554	0.09120	0.01487	0.18730	0.01571	0.01090	0.01468	0.00867	0.01064	0.00687	0.00449	0.00455	0.00144	0.00686	0.00396	0.00228	0.00703
9	0.00691	0.00522	0.00740	0.00938	0.08024	0.00497	0.00591	0.00813	0.01015	0.01366	0.05513	0.66843	0.03137	0.01447	0.00633	0.00200	0.00330	0.05795	0.00452	0.00453
10	0.01155	0.00929	0.04107	0.08674	0.18440	0.03455	0.02700	0.03142	0.01143	0.13281	0.01980	0.22073	0.08783	0.04978	0.00681	0.00188	0.02512	0.00776	0.00388	0.00614
11	0.01232	0.02728	0.04425	0.06228	0.05200	0.02932	0.00891	0.16005	0.04376	0.07955	0.12166	0.08252	0.08174	0.00923	0.03226	0.00192	0.13408	0.00645	0.00409	0.00634
12	0.00962	0.00655	0.00925	0.21104	0.04024	0.00674	0.00745	0.01166	0.01119	0.10785	0.09719	0.18974	0.14509	0.03500	0.00609	0.00179	0.00406	0.00817	0.08599	0.00527
13	0.00757	0.00609	0.00862	0.09358	0.05296	0.00663	0.00670	0.00880	0.00924	0.01250	0.02085	0.40934	0.04945	0.13831	0.06853	0.00287	0.07976	0.01001	0.00369	0.00449
14	0.01327	0.04651	0.04034	0.13795	0.07751	0.14832	0.03810	0.14196	0.12143	0.01798	0.05735	0.01749	0.03514	0.02629	0.03067	0.00185	0.00628	0.03137	0.00358	0.00660
15	0.01234	0.01021	0.01109	0.09841	0.01428	0.13486	0.03595	0.01594	0.12130	0.11460	0.01830	0.21884	0.01739	0.00898	0.00581	0.00174	0.03298	0.06042	0.06063	0.00591
16	0.00967	0.00836	0.01113	0.01215	0.15221	0.00850	0.02595	0.07901	0.03246	0.01580	0.02650	0.02953	0.29769	0.07882	0.02833	0.00210	0.07950	0.03841	0.00376	0.06012
17	0.01112	0.01632	0.29740	0.01100	0.01484	0.12472	0.01109	0.03417	0.08086	0.04489	0.12047	0.17710	0.01856	0.00810	0.00530	0.00165	0.00564	0.00678	0.00368	0.00631
18	0.05139	0.01079	0.01439	0.14399	0.20625	0.04381	0.02781	0.15741	0.02577	0.09387	0.01621	0.01959	0.08239	0.00662	0.00516	0.00162	0.00545	0.06029	0.02031	0.00690

[dist]
# distance from previous block
# <min> <max>
0	27

# created by:
# /st0/software/busco_prod/Augustus/scripts/msa2prfl.pl ./align_prep/71329.fa
