[name]
unknown

[dist]
# distance from previous block
# <min> <max>
0	73

[block]
# block no. 0 follows, 51 sequences, length 20
# corresponding to MSA columns:
# 83-102
name=unknown_A
#
# <colnr> <probs for GDERKNQSTAVLIFYWHMCP>
#	G	D	E	R	K	N	Q	S	T	A	V	L	I	F	Y	W	H	M	C	P
0	0.01885	0.01295	0.01418	0.01093	0.01480	0.01411	0.00901	0.65451	0.05255	0.12774	0.01309	0.01268	0.00910	0.00595	0.00492	0.00149	0.00519	0.00454	0.00507	0.00833
1	0.00644	0.00491	0.00592	0.00585	0.00707	0.00439	0.00432	0.00821	0.01242	0.01660	0.44290	0.13983	0.30021	0.01154	0.00586	0.00164	0.00244	0.01004	0.00501	0.00439
2	0.01618	0.01090	0.01277	0.08058	0.05206	0.03117	0.00882	0.23598	0.22171	0.21985	0.01691	0.01624	0.04174	0.00623	0.00497	0.00155	0.00478	0.00505	0.00481	0.00770
3	0.01308	0.43681	0.30317	0.01047	0.01572	0.01501	0.01177	0.01619	0.01064	0.11264	0.00913	0.00990	0.00702	0.00461	0.00392	0.00129	0.00584	0.00328	0.00260	0.00691
4	0.00903	0.00522	0.00612	0.00579	0.00627	0.00508	0.00351	0.00927	0.00802	0.10943	0.01598	0.03021	0.01715	0.72351	0.02248	0.00435	0.00469	0.00687	0.00337	0.00366
5	0.00669	0.00552	0.00719	0.00898	0.10669	0.00503	0.00553	0.00798	0.01041	0.01331	0.03468	0.38425	0.36025	0.01272	0.00589	0.00178	0.00307	0.01120	0.00429	0.00454
6	0.01198	0.01156	0.01933	0.02798	0.69759	0.01210	0.01453	0.01467	0.01073	0.01552	0.00889	0.01198	0.00762	0.00491	0.00629	0.00155	0.10851	0.00437	0.00240	0.00748
7	0.38184	0.44698	0.01731	0.00771	0.01135	0.04212	0.00710	0.01476	0.00941	0.01613	0.00686	0.00796	0.00588	0.00439	0.00315	0.00126	0.00474	0.00266	0.00252	0.00586
8	0.00599	0.00428	0.00570	0.00684	0.00713	0.00399	0.00456	0.00684	0.00941	0.01254	0.02709	0.82409	0.03250	0.01540	0.00627	0.00200	0.00285	0.01397	0.00456	0.00399
9	0.01023	0.00990	0.06316	0.00781	0.01232	0.00704	0.00671	0.01299	0.03308	0.01612	0.00907	0.01044	0.00744	0.00380	0.00375	0.00081	0.00389	0.00304	0.00292	0.77549
10	0.01002	0.00688	0.00732	0.00649	0.00843	0.00694	0.00506	0.17580	0.03237	0.01985	0.13317	0.02774	0.23943	0.00830	0.00480	0.00143	0.00306	0.00682	0.29072	0.00535
11	0.01017	0.01009	0.01472	0.01248	0.01300	0.01342	0.06127	0.01152	0.00808	0.01216	0.01021	0.01412	0.06137	0.01081	0.07750	0.00254	0.64399	0.00490	0.00238	0.00530
12	0.01561	0.35125	0.01812	0.01039	0.01351	0.43241	0.00865	0.01707	0.01208	0.01226	0.00785	0.00910	0.00674	0.00476	0.00384	0.00117	0.00695	0.00304	0.05934	0.00587
13	0.01425	0.01622	0.29205	0.01184	0.01667	0.01165	0.04655	0.26426	0.06730	0.12065	0.07810	0.01452	0.01169	0.00581	0.00495	0.00154	0.00568	0.00472	0.00400	0.00754
14	0.01279	0.04539	0.31348	0.01604	0.08090	0.14460	0.18982	0.08183	0.03864	0.01641	0.00948	0.01124	0.00713	0.00475	0.00489	0.00150	0.00732	0.00421	0.00262	0.00698
15	0.01836	0.02342	0.01393	0.01266	0.01519	0.80756	0.00950	0.01962	0.01393	0.01203	0.00760	0.00886	0.00633	0.00506	0.00443	0.00127	0.00886	0.00317	0.00253	0.00570
16	0.00715	0.00476	0.00536	0.00536	0.00536	0.00476	0.00298	0.00715	0.00715	0.00953	0.01548	0.03216	0.01787	0.82729	0.02501	0.00476	0.00476	0.00715	0.00298	0.00298
17	0.01715	0.01226	0.01334	0.01066	0.01424	0.01352	0.00866	0.48062	0.24514	0.10900	0.01499	0.01422	0.01070	0.00614	0.00494	0.00154	0.00484	0.00481	0.00506	0.00819
18	0.00893	0.00866	0.01496	0.01249	0.01402	0.00953	0.22556	0.01078	0.00949	0.01325	0.01636	0.36323	0.01800	0.01028	0.00894	0.00194	0.23624	0.00891	0.00329	0.00513
19	0.00676	0.00464	0.00565	0.00602	0.00617	0.00461	0.00371	0.00716	0.00793	0.01064	0.01908	0.28753	0.02221	0.50905	0.07393	0.00409	0.00474	0.00922	0.00347	0.00340

[dist]
# distance from previous block
# <min> <max>
6	9

[block]
# block no. 1 follows, 51 sequences, length 14
# corresponding to MSA columns:
# 112-125
name=unknown_B
#
# <colnr> <probs for GDERKNQSTAVLIFYWHMCP>
#	G	D	E	R	K	N	Q	S	T	A	V	L	I	F	Y	W	H	M	C	P
0	0.01372	0.01280	0.02192	0.04812	0.02125	0.01302	0.42237	0.26517	0.06255	0.02083	0.01170	0.01464	0.00894	0.00525	0.00546	0.00162	0.00687	0.03314	0.00349	0.00714
1	0.01199	0.01150	0.01963	0.07744	0.75071	0.01163	0.01500	0.01493	0.01111	0.01584	0.00921	0.01222	0.00771	0.00441	0.00487	0.00147	0.00588	0.00438	0.00242	0.00764
2	0.00928	0.00873	0.01474	0.81548	0.03385	0.01092	0.01365	0.01256	0.00983	0.01256	0.00873	0.01310	0.00655	0.00491	0.00491	0.00164	0.00655	0.00437	0.00218	0.00546
3	0.01432	0.00861	0.01061	0.00779	0.01196	0.00679	0.00631	0.01641	0.01154	0.28924	0.01245	0.01247	0.00898	0.00449	0.00409	0.00100	0.00383	0.00362	0.00402	0.56148
4	0.01813	0.01344	0.01445	0.01105	0.01501	0.01468	0.00911	0.73071	0.02227	0.03001	0.01160	0.01169	0.00829	0.00575	0.00483	0.00143	0.00529	0.00433	0.00479	0.06313
5	0.00732	0.06271	0.00781	0.00626	0.00767	0.00564	0.00485	0.00952	0.01347	0.01875	0.69367	0.03534	0.08915	0.00978	0.00561	0.00152	0.00253	0.00854	0.00513	0.00472
6	0.00694	0.00525	0.00769	0.00769	0.00863	0.00600	0.00597	0.00865	0.00813	0.01154	0.01572	0.02126	0.06698	0.03515	0.75175	0.00746	0.01242	0.00562	0.00277	0.00437
7	0.00600	0.00444	0.00561	0.00647	0.00705	0.00405	0.00441	0.00699	0.00995	0.01301	0.06699	0.64338	0.17449	0.01460	0.00616	0.00191	0.00276	0.01307	0.00460	0.00405
8	0.01019	0.00873	0.01019	0.00728	0.01165	0.00655	0.00582	0.01237	0.01019	0.01601	0.00873	0.01019	0.00728	0.00364	0.00364	0.00073	0.00364	0.00291	0.00291	0.85734
9	0.01222	0.01056	0.01111	0.01000	0.01278	0.01222	0.00778	0.02611	0.78776	0.02056	0.02000	0.01833	0.01500	0.00667	0.00500	0.00167	0.00389	0.00556	0.00500	0.00778
10	0.00888	0.03595	0.44687	0.01071	0.01539	0.00905	0.01231	0.01352	0.04767	0.01685	0.25912	0.04035	0.04895	0.00700	0.00509	0.00156	0.00521	0.00586	0.00342	0.00624
11	0.01283	0.75349	0.09977	0.00894	0.01344	0.01868	0.00934	0.01480	0.01002	0.01194	0.00702	0.00812	0.00630	0.00425	0.00330	0.00110	0.00545	0.00272	0.00210	0.00640
12	0.03902	0.00837	0.12641	0.00739	0.00970	0.00609	0.00677	0.01000	0.01126	0.03375	0.26294	0.03116	0.25481	0.01459	0.15321	0.00275	0.00521	0.00755	0.00407	0.00495
13	0.01219	0.00927	0.01176	0.00874	0.01256	0.00813	0.03526	0.04444	0.01097	0.11874	0.01005	0.01128	0.00788	0.00461	0.00530	0.00105	0.09285	0.00350	0.00331	0.58812

[dist]
# distance from previous block
# <min> <max>
0	1

[block]
# block no. 2 follows, 51 sequences, length 25
# corresponding to MSA columns:
# 127-151
name=unknown_C
#
# <colnr> <probs for GDERKNQSTAVLIFYWHMCP>
#	G	D	E	R	K	N	Q	S	T	A	V	L	I	F	Y	W	H	M	C	P
0	0.01841	0.01297	0.01512	0.01148	0.01548	0.01390	0.05680	0.62403	0.02099	0.11937	0.01249	0.01242	0.00872	0.00575	0.00494	0.00147	0.00540	0.00453	0.00485	0.03088
1	0.03386	0.02348	0.71028	0.01334	0.02018	0.01103	0.01684	0.01628	0.01065	0.08539	0.00970	0.01087	0.00673	0.00479	0.00465	0.00155	0.00690	0.00372	0.00246	0.00731
2	0.01160	0.01326	0.02900	0.02071	0.02568	0.01243	0.77879	0.01574	0.01160	0.01574	0.00994	0.01326	0.00746	0.00414	0.00580	0.00166	0.00829	0.00580	0.00249	0.00663
3	0.00739	0.00617	0.00812	0.00788	0.00853	0.00690	0.00598	0.00876	0.01043	0.01442	0.23403	0.29849	0.13981	0.01185	0.00849	0.00186	0.20246	0.00970	0.00420	0.00453
4	0.00581	0.00498	0.00498	0.00498	0.00664	0.00415	0.00373	0.00705	0.01120	0.01328	0.04978	0.04729	0.79464	0.01245	0.00581	0.00166	0.00249	0.01037	0.00456	0.00415
5	0.00869	0.00639	0.00769	0.00730	0.00867	0.00570	0.00534	0.01031	0.01456	0.02032	0.66625	0.04000	0.15496	0.01145	0.00654	0.00189	0.00302	0.00956	0.00583	0.00553
6	0.00975	0.00768	0.00918	0.00931	0.01109	0.00835	0.00764	0.03978	0.31088	0.01729	0.02335	0.10231	0.02289	0.01082	0.00600	0.00199	0.00417	0.38695	0.00472	0.00585
7	0.01219	0.59845	0.24928	0.01002	0.01511	0.01713	0.01122	0.01496	0.01010	0.01271	0.00740	0.00860	0.00628	0.00434	0.00359	0.00120	0.00583	0.00292	0.00209	0.00658
8	0.01216	0.01168	0.01995	0.03016	0.79664	0.01168	0.01508	0.01508	0.01119	0.01605	0.00924	0.01216	0.00778	0.00438	0.00487	0.00146	0.00584	0.00438	0.00243	0.00778
9	0.01055	0.01009	0.01731	0.46603	0.35121	0.01128	0.03588	0.01370	0.01044	0.01410	0.00898	0.01272	0.00709	0.00467	0.00492	0.00156	0.00630	0.00441	0.00230	0.00646
10	0.01384	0.01338	0.00960	0.00876	0.01074	0.34001	0.00664	0.09578	0.01312	0.01676	0.01260	0.05233	0.01049	0.00593	0.00414	0.00127	0.00538	0.00442	0.36938	0.00542
11	0.00648	0.00500	0.00591	0.00568	0.00705	0.00443	0.00426	0.00835	0.01278	0.01703	0.48416	0.04112	0.35792	0.01105	0.00580	0.00159	0.00239	0.00951	0.00506	0.00443
12	0.00599	0.00428	0.00570	0.00684	0.00713	0.00399	0.00456	0.00684	0.00941	0.01254	0.02709	0.82409	0.03250	0.01540	0.00627	0.00200	0.00285	0.01397	0.00456	0.00399
13	0.00599	0.00428	0.00570	0.00684	0.00713	0.00399	0.00456	0.00684	0.00941	0.01254	0.02709	0.82409	0.03250	0.01540	0.00627	0.00200	0.00285	0.01397	0.00456	0.00399
14	0.00912	0.00852	0.01431	0.77671	0.03257	0.01059	0.01321	0.01228	0.00981	0.01256	0.00961	0.05199	0.00780	0.00542	0.00498	0.00165	0.00637	0.00483	0.00230	0.00539
15	0.00702	0.00527	0.00790	0.00790	0.00878	0.00614	0.00614	0.00878	0.00790	0.01141	0.01316	0.01931	0.01229	0.03686	0.80782	0.00790	0.01316	0.00527	0.00263	0.00439
16	0.00599	0.00428	0.00570	0.00684	0.00713	0.00399	0.00456	0.00684	0.00941	0.01254	0.02709	0.82409	0.03250	0.01540	0.00627	0.00200	0.00285	0.01397	0.00456	0.00399
17	0.01164	0.01085	0.01420	0.01341	0.08516	0.01323	0.04489	0.01933	0.39201	0.01669	0.01354	0.01473	0.01083	0.00706	0.00915	0.00183	0.30603	0.00499	0.00359	0.00684
18	0.01156	0.01314	0.02836	0.02035	0.02510	0.01255	0.74359	0.01556	0.01141	0.01556	0.00978	0.01314	0.00741	0.00435	0.00627	0.00168	0.04541	0.00573	0.00247	0.00657
19	0.01186	0.01301	0.02686	0.01941	0.02414	0.01249	0.68215	0.03894	0.08672	0.01665	0.01097	0.01370	0.00821	0.00444	0.00570	0.00165	0.00778	0.00574	0.00280	0.00679
20	0.00854	0.00427	0.00640	0.00640	0.00640	0.00427	0.00427	0.00640	0.00640	0.00854	0.00854	0.01494	0.00854	0.01707	0.01921	0.85702	0.00427	0.00427	0.00213	0.00213
21	0.01275	0.73517	0.11744	0.00907	0.01364	0.01850	0.00956	0.01482	0.01003	0.01203	0.00707	0.00818	0.00630	0.00426	0.00333	0.00111	0.00549	0.00275	0.00210	0.00642
22	0.01216	0.01168	0.01995	0.03016	0.79664	0.01168	0.01508	0.01508	0.01119	0.01605	0.00924	0.01216	0.00778	0.00438	0.00487	0.00146	0.00584	0.00438	0.00243	0.00778
23	0.01216	0.01168	0.01995	0.03016	0.79664	0.01168	0.01508	0.01508	0.01119	0.01605	0.00924	0.01216	0.00778	0.00438	0.00487	0.00146	0.00584	0.00438	0.00243	0.00778
24	0.01431	0.01501	0.01167	0.01056	0.01317	0.32063	0.00807	0.02185	0.39704	0.03805	0.01779	0.01716	0.08035	0.00654	0.00485	0.00151	0.00571	0.00503	0.00403	0.00666

[dist]
# distance from previous block
# <min> <max>
0	1

[block]
# block no. 3 follows, 51 sequences, length 10
# corresponding to MSA columns:
# 153-162
name=unknown_D
#
# <colnr> <probs for GDERKNQSTAVLIFYWHMCP>
#	G	D	E	R	K	N	Q	S	T	A	V	L	I	F	Y	W	H	M	C	P
0	0.01036	0.00698	0.00999	0.00874	0.01094	0.00627	0.07905	0.01268	0.05489	0.14779	0.02047	0.41884	0.02117	0.01015	0.00546	0.00164	0.00379	0.00921	0.00435	0.15723
1	0.01050	0.00954	0.01411	0.01026	0.01442	0.00798	0.17483	0.04237	0.01137	0.01691	0.08908	0.01362	0.01134	0.00449	0.00438	0.00104	0.00459	0.00421	0.00315	0.55183
2	0.01086	0.01034	0.01759	0.38609	0.45092	0.01133	0.01443	0.01394	0.01057	0.01447	0.00901	0.01259	0.00723	0.00462	0.00489	0.00154	0.00616	0.00437	0.00232	0.00673
3	0.01216	0.01168	0.01995	0.03016	0.79664	0.01168	0.01508	0.01508	0.01119	0.01605	0.00924	0.01216	0.00778	0.00438	0.00487	0.00146	0.00584	0.00438	0.00243	0.00778
4	0.00909	0.00845	0.01417	0.74880	0.03178	0.01052	0.01303	0.01224	0.00967	0.01246	0.00910	0.01361	0.00702	0.00755	0.07121	0.00215	0.00710	0.00444	0.00222	0.00537
5	0.01097	0.29756	0.53942	0.01211	0.01834	0.01413	0.01486	0.01528	0.01024	0.01421	0.00815	0.00953	0.00625	0.00451	0.00416	0.00139	0.00658	0.00329	0.00208	0.00694
6	0.01136	0.07687	0.01415	0.01114	0.01226	0.01198	0.04336	0.01273	0.00919	0.10627	0.01271	0.15819	0.01276	0.00917	0.01110	0.00194	0.43696	0.03913	0.00316	0.00558
7	0.29380	0.04584	0.17432	0.00953	0.01341	0.08663	0.00910	0.03779	0.11156	0.10962	0.05546	0.01265	0.01011	0.00541	0.00420	0.00150	0.00507	0.00395	0.00355	0.00651
8	0.16875	0.05685	0.05085	0.01103	0.01428	0.38854	0.00902	0.18894	0.03738	0.01847	0.00879	0.00967	0.00685	0.00515	0.00426	0.00137	0.00679	0.00342	0.00319	0.00639
9	0.09223	0.22951	0.23054	0.01005	0.01473	0.01274	0.01041	0.04143	0.10387	0.15596	0.01142	0.01162	0.00838	0.00502	0.00417	0.00139	0.00525	0.00373	0.00336	0.04418

[dist]
# distance from previous block
# <min> <max>
3	17

[block]
# block no. 4 follows, 51 sequences, length 11
# corresponding to MSA columns:
# 180-190
name=unknown_E
#
# <colnr> <probs for GDERKNQSTAVLIFYWHMCP>
#	G	D	E	R	K	N	Q	S	T	A	V	L	I	F	Y	W	H	M	C	P
0	0.01312	0.01192	0.01043	0.00944	0.01155	0.19776	0.00717	0.21066	0.09201	0.01872	0.04083	0.24120	0.01691	0.00856	0.00508	0.00156	0.00496	0.00707	0.08507	0.00597
1	0.01053	0.00783	0.00916	0.07337	0.01152	0.03008	0.00668	0.19784	0.01272	0.01769	0.01666	0.24280	0.01656	0.05290	0.10779	0.00256	0.02419	0.00733	0.14643	0.00536
2	0.01178	0.01020	0.01711	0.35200	0.41888	0.01100	0.01385	0.01476	0.01086	0.07807	0.00986	0.01292	0.00763	0.00474	0.00489	0.00154	0.00600	0.00442	0.00263	0.00687
3	0.01216	0.01168	0.01995	0.03016	0.79664	0.01168	0.01508	0.01508	0.01119	0.01605	0.00924	0.01216	0.00778	0.00438	0.00487	0.00146	0.00584	0.00438	0.00243	0.00778
4	0.00942	0.00893	0.01477	0.73917	0.03185	0.01131	0.01337	0.01249	0.00961	0.01249	0.00852	0.01288	0.00654	0.00526	0.00598	0.00169	0.08374	0.00436	0.00218	0.00545
5	0.00963	0.00816	0.00956	0.00711	0.01098	0.00622	0.00561	0.01172	0.01040	0.01595	0.05580	0.05327	0.04142	0.00493	0.00398	0.00087	0.00348	0.00409	0.00320	0.73364
6	0.00928	0.00873	0.01474	0.81548	0.03385	0.01092	0.01365	0.01256	0.00983	0.01256	0.00873	0.01310	0.00655	0.00491	0.00491	0.00164	0.00655	0.00437	0.00218	0.00546
7	0.00741	0.00535	0.00669	0.00729	0.00803	0.00525	0.00517	0.08068	0.01081	0.01433	0.02577	0.60959	0.05857	0.06030	0.00723	0.00211	0.00332	0.07321	0.00450	0.00440
8	0.01118	0.34962	0.48922	0.01175	0.01778	0.01465	0.01423	0.01522	0.01022	0.01395	0.00802	0.00937	0.00626	0.00448	0.00406	0.00135	0.00645	0.00323	0.00209	0.00688
9	0.01057	0.00855	0.01120	0.21289	0.01693	0.02454	0.02685	0.01504	0.14925	0.07445	0.12190	0.05726	0.04884	0.00654	0.00488	0.00143	0.00441	0.00565	0.00381	0.19501
10	0.01357	0.08340	0.17517	0.16552	0.01926	0.24038	0.01153	0.12644	0.01309	0.01579	0.01002	0.02902	0.02464	0.00533	0.00457	0.00141	0.00678	0.00401	0.00279	0.04728

[dist]
# distance from previous block
# <min> <max>
0	13

# created by:
# /st0/software/busco_prod/Augustus/scripts/msa2prfl.pl ./align_prep/71477.fa
