[name]
unknown

[dist]
# distance from previous block
# <min> <max>
0	181

[block]
# block no. 0 follows, 52 sequences, length 104
# corresponding to MSA columns:
# 181-284
name=unknown_A
#
# <colnr> <probs for GDERKNQSTAVLIFYWHMCP>
#	G	D	E	R	K	N	Q	S	T	A	V	L	I	F	Y	W	H	M	C	P
0	0.04342	0.00860	0.00988	0.00904	0.01124	0.03259	0.00731	0.23181	0.01441	0.13292	0.01973	0.20872	0.01947	0.01000	0.00559	0.00179	0.00439	0.21837	0.00469	0.00603
1	0.01246	0.01095	0.01256	0.01115	0.03620	0.07903	0.01935	0.21569	0.08611	0.01743	0.01118	0.01442	0.00955	0.05079	0.19644	0.00324	0.19940	0.00467	0.00330	0.00608
2	0.01199	0.01151	0.01967	0.02974	0.79946	0.01151	0.01487	0.01487	0.01103	0.01583	0.00912	0.01199	0.00768	0.00432	0.00480	0.00144	0.00576	0.00432	0.00240	0.00768
3	0.00692	0.00519	0.00779	0.00779	0.00865	0.00606	0.00606	0.00865	0.00779	0.01125	0.01298	0.01904	0.01211	0.03634	0.81049	0.00779	0.01298	0.00519	0.00260	0.00433
4	0.01367	0.01295	0.01421	0.01580	0.23189	0.13312	0.01002	0.11929	0.31262	0.01884	0.01325	0.01368	0.01024	0.00544	0.00472	0.00145	0.00529	0.00451	0.00373	0.05526
5	0.01192	0.24331	0.41388	0.01364	0.09129	0.11912	0.01387	0.01560	0.01067	0.01386	0.00804	0.00953	0.00632	0.00450	0.00418	0.00135	0.00670	0.00332	0.00215	0.00675
6	0.00589	0.00428	0.00556	0.00657	0.00698	0.00395	0.00442	0.00677	0.00944	0.01244	0.02882	0.75297	0.10425	0.01491	0.00614	0.00194	0.00278	0.01344	0.00450	0.00395
7	0.00785	0.00619	0.00679	0.00638	0.00819	0.00600	0.00486	0.01202	0.17756	0.04021	0.23348	0.03698	0.41471	0.01027	0.00553	0.00161	0.00276	0.00868	0.00485	0.00510
8	0.01345	0.01362	0.01872	0.02530	0.58573	0.15956	0.05277	0.01605	0.01166	0.04372	0.00921	0.01161	0.00755	0.00449	0.00477	0.00142	0.00637	0.00419	0.00255	0.00726
9	0.00730	0.00543	0.00731	0.00765	0.00845	0.00529	0.03323	0.08035	0.01070	0.01431	0.03630	0.70813	0.02911	0.01382	0.00604	0.00190	0.00324	0.01252	0.00447	0.00445
10	0.43462	0.01009	0.01049	0.00882	0.01200	0.01121	0.06534	0.04853	0.25720	0.03286	0.01158	0.01191	0.00876	0.00515	0.00395	0.00151	0.00417	0.00388	0.00368	0.05424
11	0.01265	0.01071	0.01130	0.00998	0.01283	0.01233	0.00782	0.09720	0.71828	0.02124	0.01896	0.01747	0.01417	0.00650	0.00492	0.00163	0.00398	0.00537	0.00492	0.00772
12	0.01124	0.01303	0.09543	0.01572	0.02027	0.01138	0.43548	0.01740	0.18761	0.01662	0.01179	0.01355	0.00890	0.00463	0.00516	0.00151	0.00651	0.00510	0.00303	0.11565
13	0.00692	0.00519	0.00779	0.00779	0.00865	0.00606	0.00606	0.00865	0.00779	0.01125	0.01298	0.01904	0.01211	0.03634	0.81049	0.00779	0.01298	0.00519	0.00260	0.00433
14	0.06863	0.00897	0.01142	0.00881	0.01253	0.00831	0.00728	0.11704	0.01466	0.66345	0.01750	0.01541	0.01115	0.00589	0.00476	0.00149	0.00425	0.00468	0.00569	0.00808
15	0.00979	0.00923	0.01524	0.63745	0.13279	0.01125	0.01335	0.02460	0.00989	0.01306	0.00855	0.01259	0.00664	0.00508	0.00572	0.00163	0.07089	0.00430	0.00222	0.00572
16	0.00915	0.00861	0.01453	0.81804	0.03338	0.01077	0.01346	0.01238	0.00969	0.01238	0.00861	0.01292	0.00646	0.00484	0.00484	0.00161	0.00646	0.00431	0.00215	0.00538
17	0.00781	0.00558	0.00781	0.00892	0.01004	0.00558	0.00781	0.01004	0.01116	0.01450	0.02566	0.05466	0.02789	0.01339	0.00669	0.00223	0.00446	0.76685	0.00446	0.00446
18	0.01609	0.05344	0.01750	0.01540	0.09077	0.55577	0.15177	0.01803	0.01290	0.01289	0.00804	0.00980	0.00658	0.00473	0.00461	0.00133	0.00821	0.00369	0.00246	0.00601
19	0.00742	0.00589	0.00861	0.00832	0.00903	0.00717	0.00651	0.00898	0.00770	0.01121	0.01221	0.01854	0.01162	0.07213	0.66487	0.00687	0.12081	0.00516	0.00255	0.00439
20	0.00590	0.00422	0.00562	0.00675	0.00703	0.00394	0.00450	0.00675	0.00928	0.01237	0.02671	0.82653	0.03205	0.01518	0.00619	0.00197	0.00281	0.01378	0.00450	0.00394
21	0.01855	0.01336	0.01441	0.01105	0.01492	0.01471	0.00913	0.75313	0.02243	0.06122	0.01193	0.01183	0.00839	0.00582	0.00485	0.00146	0.00528	0.00438	0.00489	0.00824
22	0.01781	0.06856	0.01439	0.01225	0.01484	0.76581	0.00930	0.01908	0.01351	0.01183	0.00745	0.00868	0.00624	0.00495	0.00430	0.00124	0.00854	0.00309	0.00247	0.00565
23	0.00915	0.00861	0.01453	0.81804	0.03338	0.01077	0.01346	0.01238	0.00969	0.01238	0.00861	0.01292	0.00646	0.00484	0.00484	0.00161	0.00646	0.00431	0.00215	0.00538
24	0.00573	0.00491	0.00491	0.00491	0.00655	0.00409	0.00368	0.00695	0.01105	0.01309	0.04909	0.04664	0.79750	0.01227	0.00573	0.00164	0.00245	0.01023	0.00450	0.00409
25	0.00705	0.00470	0.00529	0.00529	0.00529	0.00470	0.00294	0.00705	0.00705	0.00940	0.01527	0.03171	0.01762	0.82969	0.02467	0.00470	0.00470	0.00705	0.00294	0.00294
26	0.84926	0.02355	0.00744	0.00641	0.00942	0.01101	0.00530	0.01425	0.00827	0.02156	0.00675	0.00787	0.00526	0.00449	0.00300	0.00149	0.00377	0.00262	0.00298	0.00526
27	0.00972	0.02507	0.80458	0.01381	0.02097	0.01125	0.01790	0.01535	0.01023	0.01535	0.00870	0.01023	0.00614	0.00460	0.00460	0.00153	0.00716	0.00358	0.00205	0.00716
28	0.00686	0.00495	0.00648	0.00610	0.00724	0.00457	0.00457	0.00914	0.01372	0.01943	0.79691	0.03620	0.04572	0.00991	0.00572	0.00152	0.00229	0.00876	0.00533	0.00457
29	0.02044	0.00854	0.01121	0.00879	0.01240	0.00778	0.00720	0.02390	0.11796	0.69796	0.01920	0.01671	0.01237	0.00608	0.00488	0.00152	0.00408	0.00495	0.00585	0.00817
30	0.00915	0.00861	0.01453	0.81804	0.03338	0.01077	0.01346	0.01238	0.00969	0.01238	0.00861	0.01292	0.00646	0.00484	0.00484	0.00161	0.00646	0.00431	0.00215	0.00538
31	0.01167	0.00985	0.01061	0.00855	0.01211	0.03689	0.00673	0.01860	0.33601	0.05168	0.01367	0.01363	0.01053	0.00499	0.00423	0.00116	0.00389	0.00405	0.00385	0.43728
32	0.01205	0.01041	0.01096	0.00986	0.01260	0.01205	0.00767	0.02575	0.79071	0.02027	0.01972	0.01808	0.01479	0.00657	0.00493	0.00164	0.00384	0.00548	0.00493	0.00767
33	0.01711	0.02120	0.01353	0.01225	0.01463	0.69028	0.00927	0.01952	0.08666	0.01264	0.00858	0.00972	0.00706	0.00534	0.00507	0.00133	0.05388	0.00341	0.00271	0.00579
34	0.01374	0.14150	0.22314	0.01084	0.01549	0.05786	0.01076	0.24111	0.08771	0.03586	0.01044	0.01103	0.00783	0.00500	0.00435	0.00133	0.00561	0.00375	0.00335	0.10929
35	0.01182	0.01201	0.02253	0.02676	0.55115	0.01175	0.26090	0.01508	0.01116	0.01573	0.00934	0.01234	0.00757	0.00424	0.00509	0.00150	0.00653	0.00477	0.00242	0.00731
36	0.01842	0.01357	0.01454	0.01115	0.01503	0.01503	0.00921	0.78330	0.02278	0.03054	0.01163	0.01163	0.00824	0.00582	0.00485	0.00145	0.00533	0.00436	0.00485	0.00824
37	0.00776	0.00554	0.00775	0.00887	0.00996	0.00554	0.00772	0.00995	0.01111	0.01445	0.02569	0.07471	0.02800	0.01343	0.00668	0.00222	0.00442	0.74729	0.00446	0.00445
38	0.01199	0.01151	0.01967	0.02974	0.79946	0.01151	0.01487	0.01487	0.01103	0.01583	0.00912	0.01199	0.00768	0.00432	0.00480	0.00144	0.00576	0.00432	0.00240	0.00768
39	0.00686	0.00495	0.00648	0.00610	0.00724	0.00457	0.00457	0.00914	0.01372	0.01943	0.79691	0.03620	0.04572	0.00991	0.00572	0.00152	0.00229	0.00876	0.00533	0.00457
40	0.00676	0.00496	0.00634	0.00604	0.00724	0.00455	0.00456	0.00893	0.01336	0.01860	0.69427	0.03783	0.12831	0.01026	0.00574	0.00155	0.00236	0.02861	0.00522	0.00452
41	0.01049	0.01018	0.01788	0.43258	0.33411	0.01120	0.08649	0.01366	0.01038	0.01404	0.00892	0.01257	0.00702	0.00457	0.00491	0.00155	0.00634	0.00444	0.00228	0.00639
42	0.00752	0.00537	0.00748	0.00860	0.00959	0.00533	0.00731	0.00954	0.01087	0.01418	0.02582	0.17081	0.02852	0.01366	0.00662	0.00219	0.00421	0.65353	0.00447	0.00438
43	0.00689	0.00467	0.00553	0.00568	0.00578	0.00471	0.00339	0.00713	0.00740	0.00994	0.01660	0.13584	0.01909	0.65908	0.08450	0.00458	0.00510	0.00779	0.00312	0.00318
44	0.01780	0.01424	0.11851	0.01110	0.01539	0.01326	0.01003	0.55982	0.01969	0.15246	0.01245	0.01223	0.00857	0.00569	0.00482	0.00147	0.00538	0.00434	0.00466	0.00810
45	0.01021	0.02288	0.70632	0.01322	0.01983	0.01068	0.02902	0.01543	0.01063	0.05611	0.05351	0.01206	0.00868	0.00497	0.00470	0.00153	0.00675	0.00397	0.00244	0.00706
46	0.00984	0.02437	0.76419	0.01463	0.06104	0.01127	0.01775	0.01532	0.01027	0.01537	0.00872	0.01032	0.00622	0.00459	0.00461	0.00153	0.00709	0.00362	0.00206	0.00719
47	0.01005	0.00861	0.01005	0.00718	0.01148	0.00646	0.00574	0.01220	0.01005	0.01579	0.00861	0.01005	0.00718	0.00359	0.00359	0.00072	0.00359	0.00287	0.00287	0.85932
48	0.00631	0.00487	0.00577	0.00574	0.00693	0.00443	0.00421	0.00785	0.01135	0.01492	0.30718	0.11356	0.35548	0.05945	0.06808	0.00227	0.00336	0.00948	0.00456	0.00420
49	0.03266	0.03648	0.07072	0.01317	0.01471	0.02541	0.12430	0.01247	0.00843	0.01270	0.00769	0.01155	0.00700	0.00991	0.08767	0.00248	0.51047	0.00439	0.00224	0.00555
50	0.01125	0.01068	0.01853	0.02576	0.62543	0.01059	0.08061	0.01402	0.01087	0.01557	0.01110	0.08916	0.01014	0.00537	0.00495	0.00149	0.00555	0.00534	0.03649	0.00710
51	0.00961	0.00936	0.01449	0.77659	0.03243	0.05191	0.01325	0.01274	0.00990	0.01235	0.00856	0.01270	0.00645	0.00485	0.00482	0.00160	0.00658	0.00425	0.00217	0.00540
52	0.01260	0.75489	0.02437	0.08467	0.01441	0.01838	0.00878	0.01431	0.00983	0.01149	0.00691	0.00826	0.00624	0.00421	0.00327	0.00109	0.00530	0.00275	0.00208	0.00614
53	0.00832	0.08383	0.00992	0.00809	0.00949	0.00791	0.00653	0.06344	0.00910	0.01268	0.01256	0.01820	0.01162	0.03069	0.66112	0.00659	0.01153	0.02085	0.00274	0.00478
54	0.00667	0.00489	0.00632	0.00613	0.00723	0.00454	0.00456	0.00869	0.01275	0.01776	0.61483	0.10818	0.11483	0.01197	0.04718	0.00190	0.00290	0.00918	0.00504	0.00446
55	0.00837	0.00677	0.00696	0.00648	0.00803	0.07783	0.00490	0.01025	0.01298	0.05944	0.47418	0.03555	0.25020	0.00991	0.00555	0.00153	0.00302	0.00845	0.00488	0.00473
56	0.01753	0.02200	0.01429	0.01411	0.08897	0.73490	0.00988	0.01893	0.01348	0.01223	0.00764	0.00905	0.00638	0.00493	0.00441	0.00127	0.00846	0.00323	0.00249	0.00581
57	0.00820	0.00435	0.00653	0.00653	0.00665	0.00448	0.00448	0.00665	0.00653	0.00883	0.00908	0.01536	0.00896	0.01968	0.13434	0.73491	0.00549	0.00435	0.00218	0.00243
58	0.00692	0.00519	0.00779	0.00779	0.00865	0.00606	0.00606	0.00865	0.00779	0.01125	0.01298	0.01904	0.01211	0.03634	0.81049	0.00779	0.01298	0.00519	0.00260	0.00433
59	0.01005	0.00861	0.01005	0.00718	0.01148	0.00646	0.00574	0.01220	0.01005	0.01579	0.00861	0.01005	0.00718	0.00359	0.00359	0.00072	0.00359	0.00287	0.00287	0.85932
60	0.00915	0.00861	0.01453	0.81804	0.03338	0.01077	0.01346	0.01238	0.00969	0.01238	0.00861	0.01292	0.00646	0.00484	0.00484	0.00161	0.00646	0.00431	0.00215	0.00538
61	0.01060	0.01060	0.01484	0.01272	0.01272	0.01484	0.01060	0.01166	0.00742	0.01166	0.00636	0.01060	0.00636	0.00848	0.01590	0.00212	0.82082	0.00424	0.00212	0.00530
62	0.00686	0.00495	0.00648	0.00610	0.00724	0.00457	0.00457	0.00914	0.01372	0.01943	0.79691	0.03620	0.04572	0.00991	0.00572	0.00152	0.00229	0.00876	0.00533	0.00457
63	0.00985	0.02415	0.74552	0.01432	0.02131	0.01133	0.07605	0.01536	0.01032	0.01536	0.00878	0.01045	0.00623	0.00456	0.00469	0.00154	0.00724	0.00374	0.00208	0.00711
64	0.01179	0.01013	0.01073	0.00967	0.01233	0.01167	0.00751	0.02490	0.75072	0.02023	0.05972	0.01901	0.01638	0.00675	0.00497	0.00164	0.00376	0.00565	0.00495	0.00751
65	0.13500	0.01042	0.01372	0.01180	0.01223	0.01426	0.00982	0.01204	0.00754	0.01313	0.00642	0.01020	0.00620	0.00790	0.01402	0.00203	0.70171	0.00401	0.00225	0.00529
66	0.00662	0.00502	0.00693	0.00863	0.08168	0.00471	0.00536	0.00762	0.00970	0.01288	0.05866	0.57477	0.12789	0.01365	0.00663	0.04596	0.00309	0.01173	0.00421	0.00424
67	0.00590	0.00422	0.00562	0.00675	0.00703	0.00394	0.00450	0.00675	0.00928	0.01237	0.02671	0.82653	0.03205	0.01518	0.00619	0.00197	0.00281	0.01378	0.00450	0.00394
68	0.01153	0.00682	0.00900	0.00898	0.01091	0.00678	0.00764	0.01519	0.11488	0.19378	0.02339	0.04118	0.02256	0.01081	0.00605	0.00199	0.00430	0.49359	0.00487	0.00574
69	0.01001	0.00875	0.01438	0.18147	0.36900	0.00919	0.01185	0.01240	0.01044	0.01421	0.01347	0.02403	0.01300	0.00785	0.00640	0.06696	0.00543	0.21236	0.00289	0.00591
70	0.01570	0.01881	0.01473	0.01605	0.19207	0.54319	0.01041	0.01737	0.01280	0.01317	0.05213	0.01111	0.00879	0.00530	0.00514	0.00135	0.04950	0.00377	0.00261	0.00601
71	0.00590	0.00422	0.00562	0.00675	0.00703	0.00394	0.00450	0.00675	0.00928	0.01237	0.02671	0.82653	0.03205	0.01518	0.00619	0.00197	0.00281	0.01378	0.00450	0.00394
72	0.00915	0.00861	0.01453	0.81804	0.03338	0.01077	0.01346	0.01238	0.00969	0.01238	0.00861	0.01292	0.00646	0.00484	0.00484	0.00161	0.00646	0.00431	0.00215	0.00538
73	0.01276	0.30345	0.28316	0.01072	0.01541	0.07409	0.02374	0.05496	0.01128	0.08585	0.01046	0.07464	0.00889	0.00549	0.00424	0.00137	0.00589	0.00420	0.00279	0.00660
74	0.00693	0.00515	0.00755	0.00755	0.00834	0.00593	0.00576	0.00850	0.00772	0.01107	0.01320	0.02023	0.01263	0.11117	0.73637	0.00750	0.01220	0.00537	0.00263	0.00420
75	0.86392	0.00937	0.00712	0.00637	0.00937	0.01087	0.00525	0.01425	0.00825	0.02174	0.00675	0.00787	0.00525	0.00450	0.00300	0.00150	0.00375	0.00262	0.00300	0.00525
76	0.00590	0.00422	0.00562	0.00675	0.00703	0.00394	0.00450	0.00675	0.00928	0.01237	0.02671	0.82653	0.03205	0.01518	0.00619	0.00197	0.00281	0.01378	0.00450	0.00394
77	0.00704	0.00474	0.00548	0.00548	0.00554	0.00480	0.00317	0.00717	0.00710	0.00954	0.01509	0.03075	0.01720	0.76915	0.08463	0.00493	0.00533	0.00691	0.00291	0.00304
78	0.00915	0.00861	0.01453	0.81804	0.03338	0.01077	0.01346	0.01238	0.00969	0.01238	0.00861	0.01292	0.00646	0.00484	0.00484	0.00161	0.00646	0.00431	0.00215	0.00538
79	0.01296	0.83261	0.02539	0.00829	0.01244	0.01917	0.00829	0.01451	0.00985	0.01140	0.00674	0.00777	0.00622	0.00415	0.00311	0.00104	0.00518	0.00259	0.00207	0.00622
80	0.00972	0.02507	0.80458	0.01381	0.02097	0.01125	0.01790	0.01535	0.01023	0.01535	0.00870	0.01023	0.00614	0.00460	0.00460	0.00153	0.00716	0.00358	0.00205	0.00716
81	0.01060	0.01060	0.01484	0.01272	0.01272	0.01484	0.01060	0.01166	0.00742	0.01166	0.00636	0.01060	0.00636	0.00848	0.01590	0.00212	0.82082	0.00424	0.00212	0.00530
82	0.01161	0.01495	0.19807	0.06261	0.02350	0.01141	0.49655	0.01577	0.01122	0.07517	0.01050	0.02721	0.00783	0.00459	0.00537	0.00161	0.00745	0.00525	0.00265	0.00669
83	0.01296	0.83261	0.02539	0.00829	0.01244	0.01917	0.00829	0.01451	0.00985	0.01140	0.00674	0.00777	0.00622	0.00415	0.00311	0.00104	0.00518	0.00259	0.00207	0.00622
84	0.00715	0.00466	0.00536	0.00536	0.00536	0.00466	0.00303	0.00699	0.00699	0.00932	0.01475	0.03042	0.01692	0.76782	0.02423	0.06972	0.00466	0.00683	0.00287	0.00287
85	0.01228	0.01215	0.01941	0.04133	0.72923	0.05637	0.02822	0.01510	0.01117	0.01555	0.00903	0.01185	0.00757	0.00436	0.00479	0.00143	0.00598	0.00428	0.00240	0.00750
86	0.01007	0.11213	0.72058	0.01322	0.02005	0.01211	0.01687	0.01526	0.01019	0.01492	0.00849	0.00997	0.00615	0.00455	0.00444	0.00148	0.00695	0.00347	0.00205	0.00706
87	0.00972	0.02507	0.80458	0.01381	0.02097	0.01125	0.01790	0.01535	0.01023	0.01535	0.00870	0.01023	0.00614	0.00460	0.00460	0.00153	0.00716	0.00358	0.00205	0.00716
88	0.00781	0.00558	0.00781	0.00892	0.01004	0.00558	0.00781	0.01004	0.01116	0.01450	0.02566	0.05466	0.02789	0.01339	0.00669	0.00223	0.00446	0.76685	0.00446	0.00446
89	0.01257	0.01180	0.01969	0.02747	0.68200	0.01189	0.05741	0.08739	0.01217	0.01720	0.00939	0.01202	0.00771	0.00445	0.00485	0.00145	0.00585	0.00440	0.00263	0.00767
90	0.00915	0.00861	0.01453	0.81804	0.03338	0.01077	0.01346	0.01238	0.00969	0.01238	0.00861	0.01292	0.00646	0.00484	0.00484	0.00161	0.00646	0.00431	0.00215	0.00538
91	0.00616	0.00440	0.00590	0.00697	0.00738	0.00415	0.00488	0.00721	0.00965	0.01287	0.05420	0.70962	0.03206	0.01479	0.00623	0.00198	0.00298	0.10002	0.00452	0.00402
92	0.00915	0.00861	0.01453	0.81804	0.03338	0.01077	0.01346	0.01238	0.00969	0.01238	0.00861	0.01292	0.00646	0.00484	0.00484	0.00161	0.00646	0.00431	0.00215	0.00538
93	0.01356	0.01076	0.08922	0.09105	0.33290	0.00943	0.01159	0.01623	0.01117	0.23351	0.01241	0.01460	0.00943	0.04061	0.08016	0.00220	0.00613	0.00459	0.00338	0.00708
94	0.00590	0.00422	0.00562	0.00675	0.00703	0.00394	0.00450	0.00675	0.00928	0.01237	0.02671	0.82653	0.03205	0.01518	0.00619	0.00197	0.00281	0.01378	0.00450	0.00394
95	0.00915	0.00861	0.01453	0.81804	0.03338	0.01077	0.01346	0.01238	0.00969	0.01238	0.00861	0.01292	0.00646	0.00484	0.00484	0.00161	0.00646	0.00431	0.00215	0.00538
96	0.86392	0.00937	0.00712	0.00637	0.00937	0.01087	0.00525	0.01425	0.00825	0.02174	0.00675	0.00787	0.00525	0.00450	0.00300	0.00150	0.00375	0.00262	0.00300	0.00525
97	0.01199	0.01151	0.01967	0.02974	0.79946	0.01151	0.01487	0.01487	0.01103	0.01583	0.00912	0.01199	0.00768	0.00432	0.00480	0.00144	0.00576	0.00432	0.00240	0.00768
98	0.09902	0.00813	0.01063	0.06974	0.01325	0.00753	0.00717	0.02064	0.01281	0.61011	0.01939	0.01766	0.06950	0.00624	0.00476	0.00152	0.00414	0.00502	0.00531	0.00744
99	0.01180	0.00856	0.01066	0.08389	0.01369	0.00697	0.00669	0.01401	0.01062	0.13914	0.01026	0.01133	0.00787	0.00409	0.00391	0.00093	0.00394	0.00332	0.00329	0.64503
100	0.01005	0.00861	0.01005	0.00718	0.01148	0.00646	0.00574	0.01220	0.01005	0.01579	0.00861	0.01005	0.00718	0.00359	0.00359	0.00072	0.00359	0.00287	0.00287	0.85932
101	0.01156	0.01087	0.01754	0.02474	0.62461	0.01039	0.01285	0.01428	0.01082	0.01582	0.00900	0.01156	0.00757	0.00416	0.00453	0.00128	0.00528	0.00400	0.00250	0.19665
102	0.01185	0.01136	0.01941	0.07031	0.76004	0.01148	0.01480	0.01474	0.01097	0.01565	0.00909	0.01204	0.00761	0.00434	0.00480	0.00145	0.00579	0.00432	0.00239	0.00756
103	0.78357	0.00957	0.00831	0.00858	0.08389	0.01093	0.00616	0.01430	0.00851	0.02118	0.00697	0.00826	0.00548	0.00448	0.00317	0.00149	0.00394	0.00278	0.00294	0.00548

[dist]
# distance from previous block
# <min> <max>
0	3

[block]
# block no. 1 follows, 52 sequences, length 7
# corresponding to MSA columns:
# 288-294
name=unknown_B
#
# <colnr> <probs for GDERKNQSTAVLIFYWHMCP>
#	G	D	E	R	K	N	Q	S	T	A	V	L	I	F	Y	W	H	M	C	P
0	0.00995	0.02343	0.69874	0.01471	0.02157	0.01139	0.12211	0.01537	0.01040	0.01537	0.00885	0.01062	0.00630	0.00453	0.00476	0.00155	0.00730	0.00387	0.00210	0.00708
1	0.79190	0.00973	0.00775	0.00678	0.00985	0.01123	0.00559	0.07975	0.00949	0.02249	0.00716	0.00819	0.00550	0.00461	0.00316	0.00150	0.00388	0.00277	0.00316	0.00550
2	0.01199	0.01151	0.01967	0.02974	0.79946	0.01151	0.01487	0.01487	0.01103	0.01583	0.00912	0.01199	0.00768	0.00432	0.00480	0.00144	0.00576	0.00432	0.00240	0.00768
3	0.00915	0.00861	0.01453	0.81804	0.03338	0.01077	0.01346	0.01238	0.00969	0.01238	0.00861	0.01292	0.00646	0.00484	0.00484	0.00161	0.00646	0.00431	0.00215	0.00538
4	0.01994	0.00965	0.01197	0.00926	0.01283	0.00938	0.00759	0.25574	0.01616	0.51939	0.01620	0.01490	0.01063	0.00658	0.00569	0.05160	0.00450	0.00468	0.00542	0.00789
5	0.07993	0.01151	0.01616	0.02029	0.42767	0.01200	0.01161	0.20596	0.06421	0.08685	0.01109	0.01236	0.00845	0.00499	0.00469	0.00147	0.00524	0.00432	0.00352	0.00768
6	0.01250	0.01246	0.01918	0.02833	0.73510	0.07704	0.01442	0.01524	0.01126	0.01551	0.00898	0.01173	0.00756	0.00437	0.00476	0.00142	0.00600	0.00422	0.00241	0.00751

[dist]
# distance from previous block
# <min> <max>
0	16

# created by:
# /st0/software/busco_prod/Augustus/scripts/msa2prfl.pl ./align_prep/71479.fa
