[name]
unknown

[dist]
# distance from previous block
# <min> <max>
0	109

[block]
# block no. 0 follows, 48 sequences, length 20
# corresponding to MSA columns:
# 111-115,117-131
name=unknown_A
#
# <colnr> <probs for GDERKNQSTAVLIFYWHMCP>
#	G	D	E	R	K	N	Q	S	T	A	V	L	I	F	Y	W	H	M	C	P
0	0.00827	0.00591	0.00827	0.00945	0.01063	0.00591	0.00827	0.01063	0.01181	0.01536	0.02717	0.05788	0.02953	0.01417	0.00709	0.00236	0.00472	0.75313	0.00472	0.00472
1	0.01064	0.00912	0.01064	0.00760	0.01216	0.00684	0.00608	0.01292	0.01064	0.01672	0.00912	0.01064	0.00760	0.00380	0.00380	0.00076	0.00380	0.00304	0.00304	0.85104
2	0.00642	0.00491	0.00594	0.00668	0.00763	0.00444	0.00485	0.00764	0.01077	0.01365	0.03711	0.43616	0.31771	0.01468	0.00643	0.00198	0.00304	0.10088	0.00476	0.00430
3	0.00746	0.00497	0.00560	0.00560	0.00560	0.00497	0.00311	0.00746	0.00746	0.00995	0.01617	0.03358	0.01865	0.81967	0.02612	0.00497	0.00497	0.00746	0.00311	0.00311
4	0.01719	0.01663	0.01726	0.01390	0.01749	0.30334	0.17729	0.09964	0.13595	0.13049	0.01278	0.01335	0.00941	0.00559	0.00517	0.00154	0.00721	0.00472	0.00384	0.00720
5	0.01270	0.01219	0.02083	0.03149	0.78767	0.01219	0.01575	0.01575	0.01168	0.01676	0.00965	0.01270	0.00813	0.00457	0.00508	0.00152	0.00610	0.00457	0.00254	0.00813
6	0.01270	0.01219	0.02083	0.03149	0.78767	0.01219	0.01575	0.01575	0.01168	0.01676	0.00965	0.01270	0.00813	0.00457	0.00508	0.00152	0.00610	0.00457	0.00254	0.00813
7	0.00745	0.00502	0.00582	0.00582	0.00590	0.00510	0.00339	0.00761	0.00753	0.01012	0.01596	0.03244	0.01816	0.75317	0.09195	0.00525	0.00572	0.00729	0.00308	0.00323
8	0.01495	0.05765	0.40554	0.01203	0.01771	0.01098	0.01341	0.02040	0.10325	0.27200	0.01413	0.01388	0.00964	0.00559	0.00493	0.00160	0.00600	0.00443	0.00391	0.00798
9	0.01494	0.01124	0.01346	0.01231	0.10538	0.01133	0.00881	0.35373	0.01693	0.06463	0.01437	0.04835	0.04777	0.00798	0.04913	0.00177	0.00539	0.00505	0.00424	0.20319
10	0.01193	0.01127	0.01906	0.02860	0.69500	0.01124	0.01444	0.01473	0.01146	0.01633	0.01186	0.10815	0.01119	0.00594	0.00525	0.00159	0.00573	0.00576	0.00280	0.00766
11	0.01030	0.00892	0.01202	0.00922	0.01280	0.00772	0.09656	0.05497	0.04969	0.01803	0.14048	0.04962	0.08400	0.00650	0.00488	0.00124	0.00413	0.00575	0.00385	0.41932
12	0.01127	0.00635	0.00747	0.00676	0.00902	0.00555	0.00521	0.01319	0.03949	0.24102	0.03880	0.13008	0.44338	0.01121	0.00583	0.00173	0.00321	0.00944	0.00524	0.00573
13	0.01069	0.00928	0.01165	0.01042	0.10406	0.00736	0.00717	0.01300	0.01073	0.01657	0.01002	0.04600	0.00881	0.00443	0.00407	0.00091	0.00404	0.00373	0.00306	0.71401
14	0.01218	0.00869	0.01040	0.00789	0.01173	0.00714	0.00628	0.05048	0.02855	0.12172	0.12556	0.03285	0.01507	0.00556	0.00446	0.00108	0.00375	0.00462	0.00405	0.53794
15	0.00969	0.00912	0.01539	0.80734	0.03534	0.01140	0.01425	0.01311	0.01026	0.01311	0.00912	0.01368	0.00684	0.00513	0.00513	0.00171	0.00684	0.00456	0.00228	0.00570
16	0.01392	0.01359	0.10820	0.01289	0.01685	0.05526	0.16395	0.09470	0.23941	0.11207	0.05332	0.03921	0.03967	0.00655	0.00540	0.00167	0.00574	0.00586	0.00430	0.00743
17	0.16781	0.01257	0.01556	0.08718	0.05508	0.10717	0.14318	0.12901	0.02882	0.09830	0.03248	0.05913	0.01053	0.00609	0.00526	0.00163	0.02464	0.00514	0.00369	0.00673
18	0.00969	0.00912	0.01539	0.80734	0.03534	0.01140	0.01425	0.01311	0.01026	0.01311	0.00912	0.01368	0.00684	0.00513	0.00513	0.00171	0.00684	0.00456	0.00228	0.00570
19	0.00797	0.00467	0.00541	0.00592	0.00672	0.00451	0.00418	0.00971	0.01056	0.01655	0.06459	0.37203	0.02429	0.01069	0.00503	0.00161	0.00265	0.00936	0.42904	0.00451

[dist]
# distance from previous block
# <min> <max>
0	2

[block]
# block no. 1 follows, 48 sequences, length 6
# corresponding to MSA columns:
# 134-139
name=unknown_B
#
# <colnr> <probs for GDERKNQSTAVLIFYWHMCP>
#	G	D	E	R	K	N	Q	S	T	A	V	L	I	F	Y	W	H	M	C	P
0	0.01185	0.01020	0.00975	0.00848	0.01112	0.07437	0.00665	0.21831	0.13691	0.01996	0.03267	0.03124	0.38880	0.00955	0.00556	0.00165	0.00421	0.00773	0.00476	0.00626
1	0.52824	0.06893	0.01074	0.00815	0.01156	0.01258	0.00678	0.11489	0.10281	0.07748	0.01037	0.01077	0.00775	0.00529	0.00382	0.00156	0.00433	0.00354	0.00383	0.00657
2	0.07874	0.00662	0.00752	0.00681	0.00821	0.00721	0.00526	0.01305	0.01030	0.10896	0.01663	0.02016	0.05017	0.10394	0.00844	0.00190	0.11801	0.00524	0.41763	0.00521
3	0.01064	0.00912	0.01064	0.00760	0.01216	0.00684	0.00608	0.01292	0.01064	0.01672	0.00912	0.01064	0.00760	0.00380	0.00380	0.00076	0.00380	0.00304	0.00304	0.85104
4	0.01086	0.00829	0.01224	0.06885	0.10561	0.00768	0.06864	0.01360	0.03377	0.10281	0.15375	0.09217	0.09614	0.00791	0.00539	0.00153	0.00435	0.03233	0.00416	0.16990
5	0.00953	0.00651	0.00858	0.00752	0.00950	0.00590	0.02931	0.01151	0.01272	0.11083	0.33214	0.12530	0.16312	0.01008	0.00617	0.00162	0.03446	0.00869	0.00495	0.10156

[dist]
# distance from previous block
# <min> <max>
0	2

[block]
# block no. 2 follows, 48 sequences, length 15
# corresponding to MSA columns:
# 142-156
name=unknown_C
#
# <colnr> <probs for GDERKNQSTAVLIFYWHMCP>
#	G	D	E	R	K	N	Q	S	T	A	V	L	I	F	Y	W	H	M	C	P
0	0.05244	0.01294	0.01664	0.01321	0.01669	0.10608	0.18749	0.06722	0.22450	0.16047	0.02821	0.01535	0.01133	0.00607	0.00599	0.00167	0.05686	0.00522	0.00423	0.00740
1	0.01053	0.08155	0.74016	0.01422	0.02158	0.01250	0.01825	0.01619	0.01080	0.01596	0.00906	0.01065	0.00651	0.00484	0.00477	0.00159	0.00744	0.00372	0.00217	0.00751
2	0.01319	0.48750	0.14909	0.01472	0.17851	0.05137	0.01195	0.01581	0.01094	0.01376	0.00804	0.00964	0.00690	0.00455	0.00398	0.00128	0.00612	0.00332	0.00228	0.00704
3	0.00718	0.00491	0.00614	0.00663	0.00734	0.00453	0.00451	0.00824	0.01052	0.04401	0.12400	0.46135	0.14119	0.13366	0.00926	0.00238	0.00320	0.01196	0.00469	0.00430
4	0.01295	0.66701	0.14793	0.00969	0.01446	0.01847	0.01031	0.01528	0.01041	0.01273	0.00770	0.00907	0.00679	0.00569	0.03206	0.00144	0.00612	0.00301	0.00221	0.00667
5	0.01324	0.64127	0.17610	0.01002	0.01502	0.01852	0.01080	0.03988	0.01095	0.01354	0.00771	0.00887	0.00664	0.00454	0.00366	0.00121	0.00590	0.00301	0.00228	0.00685
6	0.00723	0.00509	0.00597	0.00597	0.00637	0.00511	0.00376	0.00772	0.00822	0.01085	0.02108	0.03373	0.13138	0.57290	0.14906	0.00503	0.00605	0.00764	0.00330	0.00353
7	0.01082	0.01061	0.01899	0.49205	0.22689	0.01184	0.12650	0.01428	0.01090	0.01454	0.00944	0.01345	0.00731	0.00487	0.00525	0.00167	0.00692	0.00478	0.00239	0.00650
8	0.01438	0.01444	0.01706	0.06059	0.01829	0.16006	0.17031	0.11418	0.28498	0.01901	0.01357	0.01449	0.01035	0.00601	0.00602	0.00167	0.05846	0.00508	0.00381	0.00723
9	0.00614	0.00509	0.00537	0.00553	0.00703	0.00433	0.00406	0.00742	0.01153	0.01400	0.07634	0.16263	0.64615	0.01336	0.00614	0.00178	0.00265	0.01133	0.00480	0.00433
10	0.01550	0.01372	0.06254	0.05702	0.01823	0.01417	0.12279	0.35753	0.17379	0.03999	0.01323	0.01396	0.00973	0.00610	0.00601	0.00167	0.05680	0.00502	0.00429	0.00790
11	0.00622	0.00457	0.00584	0.00686	0.00737	0.00419	0.00463	0.00718	0.01010	0.01321	0.03179	0.70265	0.14534	0.01562	0.00648	0.00203	0.00292	0.01403	0.00476	0.00419
12	0.01767	0.02033	0.01568	0.01434	0.06170	0.51932	0.05803	0.11271	0.10059	0.01647	0.01017	0.01123	0.00804	0.00548	0.00487	0.00143	0.00801	0.00399	0.00323	0.00672
13	0.00625	0.00447	0.00595	0.00714	0.00744	0.00417	0.00476	0.00714	0.00982	0.01310	0.02828	0.81633	0.03394	0.01608	0.00655	0.00208	0.00298	0.01459	0.00476	0.00417
14	0.39179	0.06239	0.01004	0.00808	0.01072	0.12716	0.00645	0.05874	0.01203	0.02033	0.19355	0.04977	0.01736	0.00674	0.00434	0.00154	0.00454	0.00501	0.00380	0.00564

[dist]
# distance from previous block
# <min> <max>
0	1

[block]
# block no. 3 follows, 48 sequences, length 18
# corresponding to MSA columns:
# 158-175
name=unknown_D
#
# <colnr> <probs for GDERKNQSTAVLIFYWHMCP>
#	G	D	E	R	K	N	Q	S	T	A	V	L	I	F	Y	W	H	M	C	P
0	0.01500	0.33441	0.13756	0.01322	0.08369	0.24283	0.01137	0.06433	0.01260	0.01453	0.00822	0.00963	0.00685	0.00494	0.00445	0.00133	0.02233	0.00338	0.00254	0.00680
1	0.13985	0.01165	0.01848	0.07682	0.62264	0.01204	0.01411	0.01548	0.01115	0.01748	0.00924	0.01210	0.00766	0.00464	0.00480	0.00155	0.00582	0.00430	0.00262	0.00759
2	0.13952	0.01729	0.27769	0.01763	0.11852	0.01251	0.25658	0.06844	0.01196	0.01851	0.00955	0.01176	0.00713	0.00473	0.00504	0.00163	0.00706	0.00452	0.00271	0.00721
3	0.00641	0.00462	0.00630	0.00731	0.00770	0.00451	0.00501	0.00745	0.00959	0.01292	0.02609	0.69609	0.03075	0.01946	0.12627	0.00301	0.00460	0.01321	0.00446	0.00423
4	0.01059	0.00842	0.01163	0.30581	0.08731	0.00965	0.00961	0.01609	0.17988	0.01721	0.01420	0.01655	0.01092	0.00576	0.00465	0.00154	0.00473	0.00491	0.27439	0.00615
5	0.00746	0.00497	0.00560	0.00560	0.00560	0.00497	0.00311	0.00746	0.00746	0.00995	0.01617	0.03358	0.01865	0.81967	0.02612	0.00497	0.00497	0.00746	0.00311	0.00311
6	0.01445	0.00689	0.00884	0.00741	0.01006	0.00600	0.00589	0.01638	0.01390	0.38465	0.24092	0.03116	0.21363	0.00914	0.00563	0.00163	0.00339	0.00771	0.00576	0.00656
7	0.01492	0.64677	0.02417	0.00976	0.01376	0.19198	0.00903	0.01649	0.01133	0.01218	0.00731	0.00846	0.00659	0.00459	0.00359	0.00115	0.00632	0.00287	0.00229	0.00644
8	0.85592	0.00992	0.00754	0.00675	0.00992	0.01151	0.00556	0.01508	0.00873	0.02302	0.00714	0.00834	0.00556	0.00476	0.00318	0.00159	0.00397	0.00278	0.00318	0.00556
9	0.00856	0.00654	0.00743	0.00684	0.00861	0.00626	0.00521	0.12347	0.01447	0.01910	0.31867	0.10717	0.32574	0.01129	0.00596	0.00169	0.00303	0.00964	0.00515	0.00517
10	0.00891	0.00446	0.00668	0.00668	0.00668	0.00446	0.00446	0.00668	0.00668	0.00891	0.00891	0.01560	0.00891	0.01783	0.02005	0.85071	0.00446	0.00446	0.00223	0.00223
11	0.00803	0.00629	0.00756	0.00803	0.00953	0.00625	0.00650	0.01173	0.12730	0.01555	0.03386	0.14206	0.25666	0.01296	0.00643	0.00204	0.00377	0.32558	0.00482	0.00505
12	0.01525	0.01561	0.01449	0.01240	0.01427	0.26368	0.00992	0.18427	0.01421	0.01761	0.07689	0.01323	0.01081	0.00731	0.00939	0.00174	0.30470	0.00456	0.00332	0.00635
13	0.22548	0.01312	0.01180	0.01001	0.01321	0.13109	0.00796	0.24222	0.12999	0.08842	0.01343	0.06815	0.01075	0.00651	0.00468	0.00159	0.00524	0.00488	0.00436	0.00711
14	0.01325	0.01031	0.01313	0.01460	0.18287	0.04732	0.00939	0.11711	0.10221	0.11001	0.01736	0.23447	0.01653	0.00886	0.00653	0.00177	0.07570	0.00748	0.00424	0.00687
15	0.01285	0.01270	0.01736	0.33296	0.19052	0.13074	0.07957	0.01650	0.06006	0.05051	0.01033	0.01324	0.00799	0.00528	0.00559	0.00163	0.03811	0.00461	0.00279	0.00666
16	0.03507	0.01084	0.01440	0.06724	0.30065	0.06407	0.01029	0.01530	0.01162	0.07422	0.02852	0.01333	0.00943	0.00483	0.00453	0.00128	0.00511	0.00417	0.07751	0.24758
17	0.40727	0.01073	0.06426	0.12881	0.01525	0.01071	0.00823	0.04920	0.05733	0.07083	0.05613	0.01343	0.02460	0.00556	0.00419	0.00157	0.00463	0.00409	0.00356	0.05963

[dist]
# distance from previous block
# <min> <max>
1	26

[block]
# block no. 4 follows, 48 sequences, length 35
# corresponding to MSA columns:
# 202-236
name=unknown_E
#
# <colnr> <probs for GDERKNQSTAVLIFYWHMCP>
#	G	D	E	R	K	N	Q	S	T	A	V	L	I	F	Y	W	H	M	C	P
0	0.01032	0.00778	0.00910	0.00838	0.01048	0.00798	0.00657	0.07889	0.20502	0.04551	0.25009	0.10030	0.08533	0.00989	0.00579	0.00174	0.00358	0.09879	0.00513	0.04933
1	0.01494	0.65516	0.04895	0.00925	0.01368	0.01851	0.00907	0.08021	0.01198	0.08456	0.00883	0.00950	0.00732	0.00473	0.00367	0.00120	0.00547	0.00315	0.00282	0.00699
2	0.01383	0.66692	0.11001	0.00968	0.01439	0.01901	0.00998	0.07940	0.01163	0.01425	0.00780	0.00886	0.00676	0.00459	0.00362	0.00119	0.00573	0.00302	0.00244	0.00688
3	0.07905	0.00566	0.00694	0.00736	0.00860	0.00551	0.00578	0.00960	0.01189	0.01683	0.24548	0.21012	0.12394	0.01259	0.00622	0.00195	0.00337	0.22957	0.00487	0.00466
4	0.00929	0.00753	0.01001	0.00929	0.01100	0.00772	0.07055	0.08128	0.16207	0.01736	0.08201	0.42490	0.06228	0.01183	0.00606	0.00189	0.00385	0.01067	0.00477	0.00565
5	0.00988	0.00929	0.01540	0.60125	0.16209	0.01090	0.01357	0.01304	0.01063	0.01381	0.01310	0.01675	0.07767	0.00575	0.00521	0.00168	0.00633	0.00513	0.00255	0.00599
6	0.00733	0.00548	0.00698	0.00786	0.00874	0.00539	0.00589	0.00983	0.07756	0.01449	0.02949	0.47913	0.09934	0.01450	0.00653	0.00209	0.00349	0.20640	0.00479	0.00467
7	0.01462	0.01639	0.01657	0.05730	0.34858	0.33481	0.01221	0.01674	0.01253	0.01444	0.01047	0.08140	0.00966	0.00600	0.00532	0.00152	0.02706	0.00492	0.00276	0.00671
8	0.01158	0.01298	0.08292	0.41628	0.27677	0.08312	0.01474	0.01490	0.01116	0.01451	0.00919	0.01272	0.00721	0.00494	0.00505	0.00161	0.00688	0.00438	0.00239	0.00667
9	0.01132	0.07932	0.01868	0.40863	0.35452	0.01249	0.01443	0.01443	0.01088	0.01458	0.00918	0.01280	0.00737	0.00483	0.00495	0.00158	0.00641	0.00441	0.00238	0.00681
10	0.00791	0.00670	0.00674	0.00704	0.00794	0.07397	0.00497	0.00896	0.01059	0.01318	0.08106	0.25007	0.19596	0.21385	0.01116	0.00265	0.00407	0.08475	0.00422	0.00420
11	0.01175	0.01152	0.02019	0.24680	0.37455	0.01216	0.14869	0.01610	0.07627	0.01607	0.01058	0.01372	0.00834	0.00489	0.00528	0.00163	0.00659	0.00494	0.00270	0.00723
12	0.01644	0.01136	0.01456	0.01574	0.21681	0.03376	0.01013	0.13221	0.20916	0.22717	0.04719	0.01650	0.01294	0.00615	0.00517	0.00160	0.00499	0.00520	0.00475	0.00818
13	0.00632	0.00452	0.00601	0.00710	0.00746	0.00421	0.00477	0.00731	0.01013	0.01358	0.07724	0.76599	0.03487	0.01571	0.00652	0.00205	0.00294	0.01424	0.00482	0.00421
14	0.01123	0.02440	0.66070	0.01500	0.02208	0.01235	0.08361	0.08013	0.01207	0.01763	0.00957	0.01122	0.00680	0.00494	0.00500	0.00163	0.00751	0.00406	0.00246	0.00762
15	0.01077	0.02322	0.59383	0.01645	0.02341	0.01219	0.21489	0.01630	0.01117	0.01630	0.00951	0.01162	0.00684	0.00473	0.00518	0.00165	0.00786	0.00438	0.00228	0.00741
16	0.01063	0.02436	0.66897	0.01649	0.07968	0.01203	0.08415	0.01623	0.01101	0.01630	0.00934	0.01123	0.00673	0.00480	0.00499	0.00163	0.00757	0.00405	0.00223	0.00757
17	0.01846	0.02269	0.01384	0.01255	0.01513	0.71698	0.00944	0.04176	0.01454	0.01363	0.00872	0.01008	0.00716	0.00536	0.00456	0.00132	0.00864	0.00345	0.06576	0.00594
18	0.01802	0.02277	0.01373	0.01252	0.01508	0.72975	0.00939	0.01934	0.01429	0.01267	0.01177	0.01275	0.07456	0.00596	0.00475	0.00136	0.00867	0.00396	0.00283	0.00581
19	0.00766	0.00547	0.00757	0.00876	0.00967	0.00538	0.00722	0.00958	0.01121	0.01468	0.02750	0.28567	0.03085	0.01475	0.00693	0.00228	0.00420	0.53132	0.00474	0.00456
20	0.00936	0.00654	0.00859	0.06874	0.08064	0.00678	0.00662	0.07764	0.01151	0.01696	0.01940	0.32279	0.01977	0.01130	0.04511	0.00199	0.00414	0.00852	0.26831	0.00526
21	0.01485	0.05776	0.07987	0.01667	0.02084	0.33725	0.34188	0.01788	0.01293	0.01458	0.00961	0.01271	0.00777	0.00505	0.00527	0.00154	0.00856	0.02588	0.00262	0.00649
22	0.00812	0.00515	0.00684	0.00704	0.00802	0.00473	0.00504	0.00972	0.01213	0.08397	0.33016	0.43554	0.03787	0.01299	0.00623	0.00185	0.00288	0.01164	0.00526	0.00484
23	0.01270	0.01219	0.02083	0.03149	0.78767	0.01219	0.01575	0.01575	0.01168	0.01676	0.00965	0.01270	0.00813	0.00457	0.00508	0.00152	0.00610	0.00457	0.00254	0.00813
24	0.00659	0.00511	0.00605	0.00647	0.00768	0.00458	0.00487	0.00808	0.01161	0.01478	0.14189	0.24941	0.38299	0.01362	0.00633	0.00190	0.00297	0.11577	0.00488	0.00441
25	0.01150	0.30672	0.52347	0.01257	0.01903	0.01487	0.01538	0.01594	0.01069	0.01478	0.00848	0.00992	0.00653	0.00470	0.00432	0.00144	0.00685	0.00342	0.00218	0.00723
26	0.00683	0.00522	0.00620	0.00596	0.00731	0.00466	0.00442	0.00874	0.01320	0.01768	0.48443	0.04220	0.31802	0.04430	0.00687	0.00179	0.00259	0.00977	0.00522	0.00458
27	0.00688	0.00488	0.00649	0.00756	0.00804	0.00468	0.00546	0.00805	0.01007	0.01333	0.02673	0.54554	0.03124	0.09983	0.00873	0.00246	0.00362	0.19763	0.00458	0.00420
28	0.00655	0.00470	0.00622	0.00694	0.00751	0.00437	0.00479	0.00789	0.01121	0.01531	0.25197	0.58634	0.03822	0.01442	0.00640	0.00194	0.00281	0.01302	0.00502	0.00437
29	0.01372	0.82276	0.02689	0.00878	0.01317	0.02030	0.00878	0.01536	0.01043	0.01207	0.00713	0.00823	0.00658	0.00439	0.00329	0.00110	0.00549	0.00274	0.00219	0.00658
30	0.00643	0.00460	0.00616	0.00735	0.00773	0.00433	0.00508	0.00746	0.01000	0.01330	0.02818	0.74756	0.03354	0.01590	0.00660	0.00211	0.00314	0.08155	0.00476	0.00422
31	0.00625	0.00447	0.00595	0.00714	0.00744	0.00417	0.00476	0.00714	0.00982	0.01310	0.02828	0.81633	0.03394	0.01608	0.00655	0.00208	0.00298	0.01459	0.00476	0.00417
32	0.01749	0.01041	0.01207	0.01004	0.01348	0.01095	0.00804	0.09375	0.40326	0.33163	0.01985	0.01785	0.01384	0.00664	0.00519	0.00166	0.00433	0.00544	0.00567	0.00842
33	0.01029	0.02654	0.79309	0.01462	0.02221	0.01192	0.01896	0.01625	0.01083	0.01625	0.00921	0.01083	0.00650	0.00487	0.00487	0.00162	0.00758	0.00379	0.00217	0.00758
34	0.01495	0.01544	0.01654	0.01375	0.01597	0.28457	0.12920	0.01680	0.01157	0.09190	0.00973	0.01240	0.00801	0.00938	0.08068	0.00232	0.25326	0.00449	0.00290	0.00616

[dist]
# distance from previous block
# <min> <max>
0	1

[block]
# block no. 5 follows, 48 sequences, length 7
# corresponding to MSA columns:
# 238-244
name=unknown_F
#
# <colnr> <probs for GDERKNQSTAVLIFYWHMCP>
#	G	D	E	R	K	N	Q	S	T	A	V	L	I	F	Y	W	H	M	C	P
0	0.01115	0.00835	0.00900	0.00811	0.01046	0.00889	0.00630	0.06084	0.34255	0.05802	0.11645	0.02736	0.18222	0.00845	0.00527	0.00163	0.00344	0.00704	0.11792	0.00655
1	0.00996	0.02418	0.70591	0.01372	0.02060	0.01113	0.01739	0.01552	0.01124	0.01673	0.09523	0.01388	0.01115	0.00550	0.00501	0.00162	0.00701	0.00440	0.00255	0.00728
2	0.00941	0.00916	0.01139	0.01221	0.10259	0.11240	0.08605	0.01108	0.01120	0.01399	0.02409	0.41237	0.10768	0.01163	0.00604	0.00185	0.00481	0.04284	0.00399	0.00520
3	0.13837	0.01957	0.11727	0.01181	0.01545	0.39938	0.01015	0.07723	0.05219	0.09726	0.01025	0.01091	0.00769	0.00542	0.00457	0.00147	0.00723	0.00371	0.00336	0.00672
4	0.03469	0.03812	0.20649	0.00992	0.01355	0.00989	0.00958	0.11642	0.10241	0.09451	0.11312	0.07195	0.04443	0.10313	0.00768	0.00203	0.00501	0.00628	0.00417	0.00662
5	0.00838	0.00860	0.09058	0.11728	0.10451	0.00708	0.00855	0.01046	0.01062	0.03214	0.04654	0.27175	0.17116	0.07997	0.00755	0.00207	0.00445	0.00922	0.00382	0.00526
6	0.01175	0.10665	0.02015	0.09660	0.44327	0.01217	0.09144	0.01472	0.01183	0.01635	0.11304	0.01581	0.01318	0.00537	0.00510	0.00152	0.00587	0.00514	0.00290	0.00716

[dist]
# distance from previous block
# <min> <max>
0	21

# created by:
# /st0/software/busco_prod/Augustus/scripts/msa2prfl.pl ./align_prep/71486.fa
