[name]
unknown

[dist]
# distance from previous block
# <min> <max>
5	23

[block]
# block no. 0 follows, 49 sequences, length 6
# corresponding to MSA columns:
# 239-244
name=unknown_A
#
# <colnr> <probs for GDERKNQSTAVLIFYWHMCP>
#	G	D	E	R	K	N	Q	S	T	A	V	L	I	F	Y	W	H	M	C	P
0	0.09503	0.01150	0.01284	0.40464	0.02332	0.14370	0.01065	0.04132	0.07926	0.01558	0.05088	0.01624	0.06266	0.00603	0.00490	0.00160	0.00608	0.00487	0.00308	0.00582
1	0.08256	0.00710	0.00905	0.02818	0.01092	0.00704	0.03569	0.02905	0.05364	0.12661	0.08935	0.05711	0.14148	0.07773	0.00746	0.00211	0.00418	0.22069	0.00460	0.00546
2	0.00876	0.00548	0.00748	0.00728	0.00834	0.00555	0.00536	0.01029	0.01028	0.09957	0.18348	0.15077	0.02430	0.14303	0.30158	0.00456	0.00716	0.00788	0.00408	0.00474
3	0.01512	0.01127	0.01485	0.37717	0.02419	0.01287	0.01144	0.35499	0.01664	0.09473	0.01143	0.01323	0.00812	0.00562	0.00506	0.00160	0.00598	0.00458	0.00388	0.00723
4	0.01660	0.01524	0.04197	0.01159	0.01441	0.28360	0.03881	0.05870	0.07763	0.19351	0.08509	0.01509	0.01266	0.00651	0.00642	0.00157	0.10509	0.00476	0.00399	0.00676
5	0.01717	0.01154	0.15596	0.00990	0.01395	0.00831	0.00937	0.02094	0.07736	0.46507	0.08598	0.02066	0.01585	0.00692	0.00524	0.00164	0.00472	0.05642	0.00523	0.00774

[dist]
# distance from previous block
# <min> <max>
2	8

[block]
# block no. 1 follows, 49 sequences, length 59
# corresponding to MSA columns:
# 253-311
name=unknown_B
#
# <colnr> <probs for GDERKNQSTAVLIFYWHMCP>
#	G	D	E	R	K	N	Q	S	T	A	V	L	I	F	Y	W	H	M	C	P
0	0.11284	0.01362	0.12169	0.01087	0.01516	0.01218	0.02946	0.34021	0.03931	0.20698	0.03884	0.01377	0.01033	0.00590	0.00487	0.00156	0.00527	0.00458	0.00467	0.00790
1	0.40593	0.01140	0.01071	0.07244	0.01383	0.07656	0.00753	0.13685	0.02816	0.13504	0.01033	0.01098	0.00749	0.00521	0.00406	0.00151	0.00488	0.00362	0.00381	0.04965
2	0.01853	0.00900	0.01119	0.00899	0.01237	0.02190	0.00724	0.08669	0.07577	0.49821	0.06658	0.08391	0.01593	0.00718	0.00517	0.00157	0.00421	0.00596	0.00565	0.05394
3	0.01132	0.15078	0.55284	0.01403	0.06277	0.01270	0.02845	0.01602	0.01081	0.04398	0.00919	0.01065	0.00680	0.00471	0.00455	0.00147	0.00679	0.00367	0.00236	0.04611
4	0.01299	0.01298	0.01907	0.02729	0.64874	0.09073	0.01416	0.01576	0.01171	0.01610	0.00930	0.01201	0.00782	0.00451	0.00486	0.00142	0.00613	0.00426	0.00255	0.07762
5	0.00633	0.00452	0.00606	0.00723	0.00759	0.00425	0.00498	0.00732	0.00984	0.01309	0.02778	0.75604	0.03309	0.01569	0.00650	0.00208	0.00308	0.07571	0.00469	0.00415
6	0.00996	0.00829	0.01040	0.01038	0.07279	0.00879	0.02692	0.01734	0.32985	0.02015	0.37777	0.02766	0.02993	0.00834	0.00557	0.00165	0.00354	0.01923	0.00506	0.00641
7	0.00850	0.00712	0.00818	0.00674	0.00976	0.00567	0.00534	0.01044	0.01124	0.01573	0.08902	0.02933	0.27609	0.00816	0.00494	0.00127	0.00331	0.06614	0.00391	0.42909
8	0.01049	0.00899	0.01049	0.00749	0.01198	0.00674	0.00599	0.01273	0.01049	0.01648	0.00899	0.01049	0.00749	0.00374	0.00374	0.00075	0.00374	0.00300	0.00300	0.85320
9	0.01099	0.00770	0.00927	0.00771	0.01048	0.00705	0.00602	0.01539	0.14926	0.11439	0.33279	0.02402	0.02606	0.00732	0.00507	0.00137	0.00330	0.00626	0.00483	0.25070
10	0.01127	0.00896	0.01057	0.00759	0.01204	0.00679	0.00608	0.01350	0.01074	0.06650	0.00969	0.01092	0.00781	0.00391	0.00383	0.00080	0.00378	0.00313	0.00321	0.79888
11	0.01042	0.09218	0.73250	0.01394	0.02115	0.01243	0.01785	0.01594	0.01064	0.01567	0.00891	0.01046	0.00641	0.00476	0.00468	0.00156	0.00730	0.00365	0.00214	0.00739
12	0.85801	0.00978	0.00743	0.00665	0.00978	0.01134	0.00548	0.01486	0.00861	0.02269	0.00704	0.00821	0.00548	0.00469	0.00313	0.00156	0.00391	0.00274	0.00313	0.00548
13	0.01264	0.00785	0.00985	0.00873	0.01081	0.00819	0.00688	0.03232	0.17831	0.20895	0.24407	0.10577	0.02570	0.00910	0.00653	0.00174	0.07040	0.04046	0.00523	0.00647
14	0.08454	0.22736	0.13756	0.00960	0.01404	0.02721	0.00936	0.01968	0.01230	0.37707	0.02598	0.01325	0.00986	0.00544	0.00440	0.00144	0.00512	0.00409	0.00420	0.00751
15	0.08066	0.01150	0.01865	0.04218	0.64980	0.01157	0.01402	0.01617	0.01150	0.08120	0.01017	0.01258	0.00816	0.00468	0.00486	0.00152	0.00571	0.00441	0.00286	0.00781
16	0.01017	0.00865	0.01012	0.00751	0.01162	0.00665	0.00593	0.01257	0.02694	0.01628	0.01080	0.07746	0.00980	0.00481	0.00400	0.00088	0.00368	0.00399	0.00318	0.76494
17	0.01451	0.07358	0.01186	0.00799	0.01200	0.00786	0.00658	0.01662	0.01212	0.27532	0.07855	0.01485	0.01249	0.00519	0.00434	0.00112	0.00395	0.00419	0.00423	0.43266
18	0.01770	0.20219	0.01703	0.01205	0.01504	0.62818	0.00952	0.01907	0.01343	0.01227	0.00764	0.00890	0.00651	0.00501	0.00427	0.00125	0.00829	0.00313	0.00251	0.00600
19	0.01101	0.00897	0.01054	0.00755	0.01202	0.00677	0.00605	0.01324	0.01066	0.04969	0.00946	0.01077	0.00770	0.00385	0.00380	0.00078	0.00377	0.00309	0.00314	0.81713
20	0.01252	0.01201	0.02053	0.03104	0.79074	0.01201	0.01552	0.01552	0.01151	0.01652	0.00951	0.01252	0.00801	0.00451	0.00501	0.00150	0.00601	0.00451	0.00250	0.00801
21	0.00616	0.00442	0.00584	0.00698	0.00732	0.00411	0.00467	0.00705	0.00974	0.01293	0.02861	0.79468	0.05727	0.01575	0.00644	0.00204	0.00292	0.01426	0.00469	0.00411
22	0.01114	0.35309	0.10022	0.01038	0.07635	0.03652	0.00890	0.01348	0.01171	0.03062	0.20344	0.03217	0.07959	0.00679	0.00457	0.00138	0.00476	0.00543	0.00336	0.00611
23	0.04292	0.01407	0.01477	0.01283	0.07685	0.08793	0.00968	0.50910	0.05596	0.10631	0.01258	0.01261	0.00899	0.00588	0.00496	0.00151	0.00568	0.00448	0.00470	0.00818
24	0.00600	0.00503	0.00522	0.00538	0.00690	0.00425	0.00396	0.00723	0.01128	0.01356	0.04809	0.15202	0.68736	0.01321	0.00604	0.00175	0.00261	0.01117	0.00470	0.00425
25	0.00848	0.00546	0.00716	0.00657	0.00797	0.00500	0.00496	0.01078	0.01419	0.08572	0.70817	0.03594	0.04417	0.02552	0.00627	0.00165	0.00260	0.00877	0.00558	0.00506
26	0.01660	0.35039	0.01926	0.01116	0.01451	0.44892	0.00928	0.03780	0.02629	0.01284	0.00783	0.00896	0.00671	0.00490	0.00405	0.00123	0.00742	0.00311	0.00253	0.00623
27	0.01749	0.08587	0.07883	0.01268	0.01654	0.31286	0.05307	0.32338	0.01738	0.02071	0.00973	0.01063	0.00741	0.00540	0.00475	0.00142	0.00721	0.00392	0.00352	0.00720
28	0.00598	0.00512	0.00512	0.00512	0.00683	0.00427	0.00384	0.00726	0.01153	0.01366	0.05123	0.04866	0.78869	0.01281	0.00598	0.00171	0.00256	0.01067	0.00470	0.00427
29	0.02241	0.00905	0.01201	0.00921	0.01313	0.00809	0.00761	0.08434	0.01521	0.73351	0.01933	0.01681	0.01221	0.00624	0.00508	0.00156	0.00440	0.00504	0.00616	0.00861
30	0.06407	0.00982	0.01420	0.01494	0.20858	0.00937	0.03513	0.02136	0.07816	0.44553	0.01652	0.01657	0.01150	0.00591	0.00504	0.00159	0.00484	0.02390	0.00489	0.00807
31	0.00616	0.00440	0.00587	0.00704	0.00733	0.00411	0.00469	0.00704	0.00968	0.01291	0.02787	0.81899	0.03344	0.01584	0.00645	0.00205	0.00293	0.01438	0.00469	0.00411
32	0.01876	0.02382	0.01427	0.01297	0.01558	0.78540	0.00973	0.02033	0.03045	0.01256	0.00808	0.00932	0.00670	0.00525	0.00457	0.00131	0.00901	0.00331	0.00266	0.00591
33	0.00616	0.00440	0.00587	0.00704	0.00733	0.00411	0.00469	0.00704	0.00968	0.01291	0.02787	0.81899	0.03344	0.01584	0.00645	0.00205	0.00293	0.01438	0.00469	0.00411
34	0.00615	0.00446	0.00581	0.00689	0.00729	0.00412	0.00463	0.00706	0.00983	0.01297	0.02973	0.75761	0.09362	0.01560	0.00642	0.00203	0.00290	0.01408	0.00469	0.00412
35	0.01014	0.02616	0.79609	0.01441	0.02189	0.01174	0.01868	0.01601	0.01068	0.01601	0.00907	0.01068	0.00641	0.00480	0.00480	0.00160	0.00747	0.00374	0.00214	0.00747
36	0.00716	0.00517	0.00676	0.00636	0.00755	0.00477	0.00477	0.00954	0.01431	0.02028	0.78808	0.03777	0.04771	0.01034	0.00596	0.00159	0.00239	0.00914	0.00557	0.00477
37	0.02016	0.01265	0.01424	0.01092	0.01493	0.01344	0.00902	0.57021	0.02125	0.23911	0.01426	0.01352	0.00966	0.00612	0.00507	0.00153	0.00522	0.00470	0.00538	0.00860
38	0.01014	0.02616	0.79609	0.01441	0.02189	0.01174	0.01868	0.01601	0.01068	0.01601	0.00907	0.01068	0.00641	0.00480	0.00480	0.00160	0.00747	0.00374	0.00214	0.00747
39	0.00616	0.00440	0.00587	0.00704	0.00733	0.00411	0.00469	0.00704	0.00968	0.01291	0.02787	0.81899	0.03344	0.01584	0.00645	0.00205	0.00293	0.01438	0.00469	0.00411
40	0.01908	0.01409	0.01509	0.01161	0.01563	0.01561	0.00958	0.75745	0.04045	0.03163	0.01233	0.01229	0.00875	0.00609	0.00506	0.00152	0.00553	0.00458	0.00506	0.00859
41	0.15116	0.01112	0.01173	0.00982	0.01318	0.01231	0.00789	0.20306	0.35548	0.14619	0.01630	0.01529	0.01175	0.00623	0.00479	0.00162	0.00441	0.00486	0.00498	0.00784
42	0.00632	0.00451	0.00605	0.00722	0.00758	0.00424	0.00497	0.00731	0.00984	0.01309	0.02778	0.75828	0.03310	0.01569	0.00650	0.00208	0.00307	0.07352	0.00469	0.00415
43	0.00616	0.00440	0.00587	0.00704	0.00733	0.00411	0.00469	0.00704	0.00968	0.01291	0.02787	0.81899	0.03344	0.01584	0.00645	0.00205	0.00293	0.01438	0.00469	0.00411
44	0.01252	0.01201	0.02053	0.03104	0.79074	0.01201	0.01552	0.01552	0.01151	0.01652	0.00951	0.01252	0.00801	0.00451	0.00501	0.00150	0.00601	0.00451	0.00250	0.00801
45	0.01205	0.01197	0.02193	0.20010	0.34212	0.01229	0.24980	0.05757	0.01202	0.01648	0.00977	0.01306	0.00766	0.00464	0.00532	0.00161	0.00693	0.00496	0.00261	0.00714
46	0.01245	0.01185	0.01965	0.04751	0.70885	0.01204	0.01486	0.01640	0.07511	0.01682	0.01041	0.01306	0.00859	0.00471	0.00502	0.00152	0.00586	0.00461	0.00272	0.00795
47	0.00616	0.00440	0.00587	0.00704	0.00733	0.00411	0.00469	0.00704	0.00968	0.01291	0.02787	0.81899	0.03344	0.01584	0.00645	0.00205	0.00293	0.01438	0.00469	0.00411
48	0.01889	0.02410	0.01433	0.01303	0.01563	0.80199	0.00977	0.02019	0.01433	0.01238	0.00782	0.00912	0.00651	0.00521	0.00456	0.00130	0.00912	0.00326	0.00261	0.00586
49	0.00616	0.00440	0.00587	0.00704	0.00733	0.00411	0.00469	0.00704	0.00968	0.01291	0.02787	0.81899	0.03344	0.01584	0.00645	0.00205	0.00293	0.01438	0.00469	0.00411
50	0.01049	0.00899	0.01049	0.00749	0.01198	0.00674	0.00599	0.01273	0.01049	0.01648	0.00899	0.01049	0.00749	0.00374	0.00374	0.00075	0.00374	0.00300	0.00300	0.85320
51	0.01187	0.43587	0.40154	0.01146	0.01732	0.01598	0.01354	0.01557	0.01047	0.01390	0.00803	0.00936	0.00645	0.00456	0.00400	0.00133	0.00641	0.00321	0.00215	0.00697
52	0.01542	0.01023	0.01152	0.00993	0.01308	0.01113	0.00784	0.02624	0.56557	0.23887	0.02040	0.01840	0.01461	0.00669	0.00513	0.00167	0.00409	0.00554	0.00546	0.00817
53	0.02098	0.00976	0.01233	0.00941	0.01339	0.00905	0.00776	0.17564	0.01603	0.57534	0.01746	0.01563	0.01131	0.00601	0.00497	0.00149	0.00451	0.00480	0.00575	0.07838
54	0.00760	0.00523	0.00652	0.00701	0.00746	0.00521	0.00505	0.00852	0.00907	0.01195	0.02053	0.07632	0.02307	0.48288	0.01784	0.00381	0.00472	0.28976	0.00373	0.00371
55	0.01262	0.00657	0.00898	0.00850	0.01057	0.00609	0.00711	0.01485	0.01320	0.26895	0.20670	0.03952	0.02818	0.01060	0.00612	0.00190	0.00400	0.33419	0.00539	0.00596
56	0.01173	0.00885	0.01055	0.00771	0.01204	0.00679	0.00621	0.01395	0.01095	0.10037	0.01071	0.01261	0.00868	0.00432	0.00399	0.00088	0.00383	0.02592	0.00340	0.73651
57	0.01450	0.01065	0.02017	0.01507	0.01913	0.00987	0.39009	0.01764	0.01233	0.25482	0.01477	0.01861	0.01127	0.00841	0.07150	0.00221	0.00719	0.06537	0.00389	0.03249
58	0.31731	0.00711	0.00692	0.00665	0.00826	0.00764	0.00499	0.03374	0.00967	0.01692	0.07763	0.02784	0.06320	0.28131	0.01168	0.00279	0.00419	0.10396	0.00365	0.00453

[dist]
# distance from previous block
# <min> <max>
7	15

[block]
# block no. 2 follows, 49 sequences, length 84
# corresponding to MSA columns:
# 328-411
name=unknown_C
#
# <colnr> <probs for GDERKNQSTAVLIFYWHMCP>
#	G	D	E	R	K	N	Q	S	T	A	V	L	I	F	Y	W	H	M	C	P
0	0.03334	0.01058	0.11625	0.00920	0.01328	0.00768	0.00843	0.02020	0.01344	0.50000	0.11517	0.01813	0.01556	0.00631	0.00499	0.00149	0.00442	0.00517	0.00524	0.09112
1	0.01334	0.08535	0.44068	0.01163	0.01722	0.01053	0.01338	0.01746	0.01203	0.21815	0.09874	0.01519	0.01261	0.00576	0.00488	0.00155	0.00591	0.00461	0.00359	0.00738
2	0.01232	0.54093	0.30037	0.01070	0.01615	0.01707	0.01222	0.01545	0.01042	0.01336	0.00776	0.00902	0.00646	0.00450	0.00380	0.00127	0.00614	0.00307	0.00215	0.00684
3	0.01021	0.04273	0.78013	0.01429	0.02170	0.01192	0.01848	0.01600	0.01067	0.01593	0.00903	0.01062	0.00641	0.00479	0.00477	0.00159	0.00743	0.00372	0.00214	0.00745
4	0.01014	0.02616	0.79609	0.01441	0.02189	0.01174	0.01868	0.01601	0.01068	0.01601	0.00907	0.01068	0.00641	0.00480	0.00480	0.00160	0.00747	0.00374	0.00214	0.00747
5	0.01179	0.02385	0.69295	0.01370	0.02071	0.01118	0.01720	0.01715	0.01118	0.11834	0.01050	0.01154	0.00721	0.00500	0.00484	0.00160	0.00706	0.00391	0.00268	0.00762
6	0.02164	0.00952	0.05094	0.00926	0.01330	0.00776	0.00798	0.03943	0.01447	0.72220	0.03640	0.01724	0.01292	0.00627	0.00509	0.00157	0.00444	0.00510	0.00601	0.00846
7	0.11452	0.00883	0.01125	0.00879	0.01257	0.00808	0.00724	0.02366	0.04672	0.67588	0.01855	0.01629	0.01186	0.00611	0.00487	0.00157	0.00425	0.00485	0.00587	0.00823
8	0.01049	0.00899	0.01049	0.00749	0.01198	0.00674	0.00599	0.01273	0.01049	0.01648	0.00899	0.01049	0.00749	0.00374	0.00374	0.00075	0.00374	0.00300	0.00300	0.85320
9	0.01364	0.01164	0.01955	0.02860	0.70483	0.01151	0.01463	0.01653	0.01184	0.10243	0.01066	0.01303	0.00851	0.00470	0.00501	0.00151	0.00582	0.00457	0.00292	0.00808
10	0.01095	0.00913	0.01412	0.01841	0.36786	0.00905	0.02297	0.01469	0.08095	0.05728	0.31156	0.02308	0.02421	0.00705	0.00541	0.00156	0.00439	0.00646	0.00411	0.00677
11	0.00695	0.00516	0.00647	0.00614	0.00743	0.00468	0.00461	0.00913	0.01382	0.01910	0.65658	0.03972	0.17994	0.01078	0.00597	0.00161	0.00242	0.00942	0.00541	0.00468
12	0.01215	0.01304	0.02638	0.02492	0.31019	0.01250	0.49138	0.01595	0.01178	0.01632	0.00996	0.01322	0.00780	0.00435	0.00561	0.00163	0.00759	0.00542	0.00254	0.00726
13	0.01321	0.01118	0.01179	0.01042	0.01339	0.01287	0.00816	0.09837	0.70907	0.02218	0.01977	0.01822	0.01478	0.00678	0.00514	0.00170	0.00415	0.00561	0.00514	0.00806
14	0.01846	0.01176	0.01325	0.01055	0.01425	0.01258	0.00859	0.37165	0.21828	0.24070	0.01650	0.01530	0.01146	0.00633	0.00509	0.00158	0.00481	0.00500	0.00541	0.00845
15	0.00735	0.00490	0.00552	0.00552	0.00552	0.00490	0.00306	0.00735	0.00735	0.00980	0.01593	0.03309	0.01838	0.82229	0.02574	0.00490	0.00490	0.00735	0.00306	0.00306
16	0.01252	0.01194	0.01992	0.02965	0.73872	0.01205	0.01502	0.01628	0.06303	0.01683	0.01025	0.01294	0.00851	0.00466	0.00502	0.00152	0.00587	0.00459	0.00268	0.00801
17	0.00716	0.00517	0.00676	0.00636	0.00755	0.00477	0.00477	0.00954	0.01431	0.02028	0.78808	0.03777	0.04771	0.01034	0.00596	0.00159	0.00239	0.00914	0.00557	0.00477
18	0.01252	0.01201	0.02053	0.03104	0.79074	0.01201	0.01552	0.01552	0.01151	0.01652	0.00951	0.01252	0.00801	0.00451	0.00501	0.00150	0.00601	0.00451	0.00250	0.00801
19	0.00652	0.00465	0.00628	0.00745	0.00790	0.00441	0.00531	0.00766	0.01003	0.01331	0.02767	0.68257	0.03267	0.01551	0.00655	0.00210	0.00324	0.14728	0.00469	0.00421
20	0.00745	0.00568	0.00693	0.00671	0.00808	0.00543	0.00507	0.01068	0.08684	0.01850	0.50386	0.09784	0.16385	0.01098	0.00597	0.00169	0.00271	0.04151	0.00528	0.00494
21	0.01326	0.01225	0.01993	0.02889	0.70513	0.01242	0.01487	0.09929	0.01287	0.01822	0.00980	0.01247	0.00807	0.00468	0.00501	0.00150	0.00596	0.00451	0.00279	0.00807
22	0.00735	0.00493	0.00565	0.00565	0.00569	0.00497	0.00323	0.00744	0.00739	0.00990	0.01581	0.03243	0.01810	0.78305	0.06459	0.00506	0.00533	0.00726	0.00305	0.00314
23	0.01352	0.82533	0.02650	0.00865	0.01298	0.02001	0.00865	0.01514	0.01027	0.01190	0.00703	0.00811	0.00649	0.00433	0.00324	0.00108	0.00541	0.00270	0.00216	0.00649
24	0.01091	0.20862	0.62038	0.01310	0.01985	0.01363	0.01639	0.01581	0.01058	0.01507	0.00861	0.01009	0.00642	0.00470	0.00445	0.00148	0.00700	0.00350	0.00214	0.00725
25	0.01326	0.01225	0.01993	0.02889	0.70513	0.01242	0.01487	0.09929	0.01287	0.01822	0.00980	0.01247	0.00807	0.00468	0.00501	0.00150	0.00596	0.00451	0.00279	0.00807
26	0.01200	0.01346	0.02881	0.02239	0.11085	0.01270	0.68878	0.01612	0.01189	0.01623	0.01015	0.01352	0.00771	0.00429	0.00586	0.00168	0.00825	0.00581	0.00255	0.00695
27	0.01252	0.01201	0.02053	0.03104	0.79074	0.01201	0.01552	0.01552	0.01151	0.01652	0.00951	0.01252	0.00801	0.00451	0.00501	0.00150	0.00601	0.00451	0.00250	0.00801
28	0.00703	0.00516	0.00658	0.00622	0.00747	0.00472	0.00467	0.00929	0.01401	0.01955	0.70669	0.03898	0.12956	0.01061	0.00597	0.00160	0.00241	0.00931	0.00547	0.00472
29	0.02269	0.00861	0.01174	0.00900	0.01291	0.00743	0.00743	0.02464	0.01447	0.79425	0.01995	0.01721	0.01252	0.00626	0.00509	0.00156	0.00430	0.00509	0.00626	0.00861
30	0.00616	0.00440	0.00587	0.00704	0.00733	0.00411	0.00469	0.00704	0.00968	0.01291	0.02787	0.81899	0.03344	0.01584	0.00645	0.00205	0.00293	0.01438	0.00469	0.00411
31	0.00598	0.00512	0.00512	0.00512	0.00683	0.00427	0.00384	0.00726	0.01153	0.01366	0.05123	0.04866	0.78869	0.01281	0.00598	0.00171	0.00256	0.01067	0.00470	0.00427
32	0.01252	0.01201	0.02053	0.03104	0.79074	0.01201	0.01552	0.01552	0.01151	0.01652	0.00951	0.01252	0.00801	0.00451	0.00501	0.00150	0.00601	0.00451	0.00250	0.00801
33	0.01014	0.02616	0.79609	0.01441	0.02189	0.01174	0.01868	0.01601	0.01068	0.01601	0.00907	0.01068	0.00641	0.00480	0.00480	0.00160	0.00747	0.00374	0.00214	0.00747
34	0.00694	0.00508	0.00651	0.00632	0.00746	0.00465	0.00468	0.00905	0.01354	0.01885	0.63565	0.12508	0.11498	0.01118	0.00602	0.00165	0.00246	0.00986	0.00539	0.00465
35	0.01252	0.01201	0.02053	0.03104	0.79074	0.01201	0.01552	0.01552	0.01151	0.01652	0.00951	0.01252	0.00801	0.00451	0.00501	0.00150	0.00601	0.00451	0.00250	0.00801
36	0.06071	0.02305	0.01391	0.01264	0.01528	0.74275	0.00951	0.02009	0.03317	0.01311	0.00810	0.00932	0.00668	0.00523	0.00450	0.00133	0.00873	0.00329	0.00269	0.00590
37	0.00680	0.00542	0.00852	0.00862	0.00944	0.00507	0.08949	0.00805	0.00993	0.01327	0.02592	0.73003	0.03060	0.01456	0.00640	0.00202	0.00355	0.01345	0.00446	0.00441
38	0.00664	0.00448	0.00571	0.00664	0.00700	0.00425	0.00441	0.00759	0.00956	0.01327	0.02547	0.65538	0.02974	0.09193	0.00798	0.00223	0.00306	0.01264	0.09795	0.00407
39	0.01047	0.10265	0.72242	0.01386	0.02103	0.01253	0.01772	0.01593	0.01064	0.01562	0.00888	0.01043	0.00641	0.00476	0.00465	0.00155	0.00728	0.00364	0.00214	0.00738
40	0.85801	0.00978	0.00743	0.00665	0.00978	0.01134	0.00548	0.01486	0.00861	0.02269	0.00704	0.00821	0.00548	0.00469	0.00313	0.00156	0.00391	0.00274	0.00313	0.00548
41	0.00815	0.00582	0.00815	0.00931	0.01048	0.00582	0.00815	0.01048	0.01164	0.01513	0.02677	0.05704	0.02910	0.01397	0.00698	0.00233	0.00466	0.75671	0.00466	0.00466
42	0.01889	0.02410	0.01433	0.01303	0.01563	0.80199	0.00977	0.02019	0.01433	0.01238	0.00782	0.00912	0.00651	0.00521	0.00456	0.00130	0.00912	0.00326	0.00261	0.00586
43	0.00616	0.00440	0.00587	0.00704	0.00733	0.00411	0.00469	0.00704	0.00968	0.01291	0.02787	0.81899	0.03344	0.01584	0.00645	0.00205	0.00293	0.01438	0.00469	0.00411
44	0.00716	0.00517	0.00676	0.00636	0.00755	0.00477	0.00477	0.00954	0.01431	0.02028	0.78808	0.03777	0.04771	0.01034	0.00596	0.00159	0.00239	0.00914	0.00557	0.00477
45	0.01274	0.01370	0.02822	0.02024	0.02524	0.01311	0.68813	0.09989	0.01324	0.01793	0.01044	0.01347	0.00778	0.00446	0.00587	0.00168	0.00820	0.00581	0.00283	0.00702
46	0.02269	0.00861	0.01174	0.00900	0.01291	0.00743	0.00743	0.02464	0.01447	0.79425	0.01995	0.01721	0.01252	0.00626	0.00509	0.00156	0.00430	0.00509	0.00626	0.00861
47	0.01252	0.01201	0.02053	0.03104	0.79074	0.01201	0.01552	0.01552	0.01151	0.01652	0.00951	0.01252	0.00801	0.00451	0.00501	0.00150	0.00601	0.00451	0.00250	0.00801
48	0.01252	0.01201	0.02053	0.03104	0.79074	0.01201	0.01552	0.01552	0.01151	0.01652	0.00951	0.01252	0.00801	0.00451	0.00501	0.00150	0.00601	0.00451	0.00250	0.00801
49	0.00735	0.00490	0.00552	0.00552	0.00552	0.00490	0.00306	0.00735	0.00735	0.00980	0.01593	0.03309	0.01838	0.82229	0.02574	0.00490	0.00490	0.00735	0.00306	0.00306
50	0.00716	0.00517	0.00676	0.00636	0.00755	0.00477	0.00477	0.00954	0.01431	0.02028	0.78808	0.03777	0.04771	0.01034	0.00596	0.00159	0.00239	0.00914	0.00557	0.00477
51	0.01014	0.02616	0.79609	0.01441	0.02189	0.01174	0.01868	0.01601	0.01068	0.01601	0.00907	0.01068	0.00641	0.00480	0.00480	0.00160	0.00747	0.00374	0.00214	0.00747
52	0.01922	0.01416	0.01518	0.01163	0.01568	0.01568	0.00961	0.77388	0.02378	0.03187	0.01214	0.01214	0.00860	0.00607	0.00506	0.00152	0.00556	0.00455	0.00506	0.00860
53	0.02120	0.00828	0.01126	0.00874	0.01240	0.00718	0.00718	0.02320	0.01446	0.72016	0.09347	0.01918	0.01589	0.00665	0.00517	0.00157	0.00412	0.00547	0.00619	0.00824
54	0.01049	0.00899	0.01049	0.00749	0.01198	0.00674	0.00599	0.01273	0.01049	0.01648	0.00899	0.01049	0.00749	0.00374	0.00374	0.00075	0.00374	0.00300	0.00300	0.85320
55	0.01413	0.01052	0.01148	0.01009	0.01311	0.01179	0.00792	0.02653	0.66398	0.13969	0.02048	0.01861	0.01499	0.00677	0.00514	0.00169	0.00405	0.00562	0.00532	0.00810
56	0.00659	0.00512	0.00573	0.00566	0.00694	0.00456	0.00411	0.00800	0.01162	0.01489	0.24474	0.04349	0.43847	0.14209	0.00918	0.00221	0.00296	0.03476	0.00467	0.00422
57	0.00710	0.00517	0.00668	0.00631	0.00752	0.00475	0.00473	0.00944	0.01419	0.01998	0.75441	0.03827	0.08157	0.01045	0.00596	0.00160	0.00239	0.00921	0.00553	0.00475
58	0.01252	0.01201	0.02053	0.03104	0.79074	0.01201	0.01552	0.01552	0.01151	0.01652	0.00951	0.01252	0.00801	0.00451	0.00501	0.00150	0.00601	0.00451	0.00250	0.00801
59	0.03147	0.05376	0.71679	0.01430	0.02146	0.01207	0.04963	0.01596	0.01066	0.01604	0.00900	0.01065	0.00644	0.00476	0.00476	0.00159	0.00735	0.00377	0.00218	0.00736
60	0.01352	0.82533	0.02650	0.00865	0.01298	0.02001	0.00865	0.01514	0.01027	0.01190	0.00703	0.00811	0.00649	0.00433	0.00324	0.00108	0.00541	0.00270	0.00216	0.00649
61	0.00621	0.00508	0.00548	0.00548	0.00700	0.00435	0.00407	0.00767	0.01192	0.01485	0.18722	0.09803	0.59998	0.01255	0.00601	0.00171	0.00255	0.01063	0.00486	0.00435
62	0.01270	0.01033	0.01167	0.00864	0.01294	0.00920	0.00697	0.19680	0.05455	0.02043	0.01036	0.01133	0.00818	0.00447	0.00414	0.00099	0.00420	0.00352	0.00361	0.60500
63	0.01252	0.01201	0.02053	0.03104	0.79074	0.01201	0.01552	0.01552	0.01151	0.01652	0.00951	0.01252	0.00801	0.00451	0.00501	0.00150	0.00601	0.00451	0.00250	0.00801
64	0.01133	0.30664	0.52599	0.01239	0.01876	0.01464	0.01516	0.01571	0.01054	0.01457	0.00836	0.00978	0.00643	0.00464	0.00426	0.00142	0.00675	0.00337	0.00214	0.00713
65	0.01052	0.11443	0.71108	0.01378	0.02090	0.01266	0.01758	0.01592	0.01063	0.01556	0.00885	0.01039	0.00641	0.00475	0.00463	0.00154	0.00725	0.00362	0.00214	0.00736
66	0.02269	0.00861	0.01174	0.00900	0.01291	0.00743	0.00743	0.02464	0.01447	0.79425	0.01995	0.01721	0.01252	0.00626	0.00509	0.00156	0.00430	0.00509	0.00626	0.00861
67	0.01034	0.02477	0.71145	0.01517	0.02239	0.01186	0.10193	0.01603	0.01082	0.01603	0.00920	0.01100	0.00655	0.00474	0.00493	0.00161	0.00759	0.00398	0.00218	0.00740
68	0.01364	0.01164	0.01955	0.02860	0.70483	0.01151	0.01463	0.01653	0.01184	0.10243	0.01066	0.01303	0.00851	0.00470	0.00501	0.00151	0.00582	0.00457	0.00292	0.00808
69	0.00616	0.00440	0.00587	0.00704	0.00733	0.00411	0.00469	0.00704	0.00968	0.01291	0.02787	0.81899	0.03344	0.01584	0.00645	0.00205	0.00293	0.01438	0.00469	0.00411
70	0.01239	0.01188	0.02030	0.06444	0.75833	0.01198	0.01546	0.01541	0.01145	0.01637	0.00949	0.01256	0.00796	0.00453	0.00501	0.00151	0.00604	0.00451	0.00249	0.00791
71	0.01021	0.04303	0.77984	0.01429	0.02170	0.01192	0.01847	0.01600	0.01067	0.01593	0.00903	0.01062	0.00641	0.00479	0.00477	0.00159	0.00743	0.00371	0.00214	0.00745
72	0.02253	0.00886	0.01189	0.00912	0.01304	0.00781	0.00753	0.05887	0.01490	0.75941	0.01959	0.01698	0.01234	0.00625	0.00508	0.00156	0.00436	0.00506	0.00620	0.00861
73	0.00649	0.00454	0.00577	0.00662	0.00683	0.00433	0.00424	0.00713	0.00904	0.01205	0.02458	0.60244	0.02929	0.23806	0.01177	0.00284	0.00348	0.01244	0.00424	0.00382
74	0.01599	0.01266	0.09890	0.01070	0.01455	0.01187	0.00936	0.16983	0.36829	0.20546	0.01753	0.01627	0.01242	0.00634	0.00508	0.00163	0.00476	0.00512	0.00506	0.00820
75	0.01252	0.01201	0.02053	0.03104	0.79074	0.01201	0.01552	0.01552	0.01151	0.01652	0.00951	0.01252	0.00801	0.00451	0.00501	0.00150	0.00601	0.00451	0.00250	0.00801
76	0.01432	0.00671	0.00887	0.00757	0.01001	0.00591	0.00594	0.01623	0.01361	0.38678	0.26841	0.11533	0.10033	0.00924	0.00560	0.00164	0.00337	0.00794	0.00572	0.00647
77	0.85801	0.00978	0.00743	0.00665	0.00978	0.01134	0.00548	0.01486	0.00861	0.02269	0.00704	0.00821	0.00548	0.00469	0.00313	0.00156	0.00391	0.00274	0.00313	0.00548
78	0.02269	0.00861	0.01174	0.00900	0.01291	0.00743	0.00743	0.02464	0.01447	0.79425	0.01995	0.01721	0.01252	0.00626	0.00509	0.00156	0.00430	0.00509	0.00626	0.00861
79	0.00735	0.04058	0.00736	0.00629	0.00784	0.00564	0.00483	0.00994	0.04842	0.01812	0.51443	0.03867	0.25071	0.01061	0.00581	0.00161	0.00264	0.00914	0.00516	0.00485
80	0.00622	0.00513	0.00546	0.00538	0.00698	0.00437	0.00403	0.00772	0.01210	0.01501	0.20188	0.04644	0.63719	0.01230	0.00597	0.00168	0.00253	0.01036	0.00487	0.00437
81	0.01001	0.02526	0.76224	0.01407	0.02127	0.01144	0.01809	0.01574	0.01083	0.01620	0.04247	0.01184	0.00818	0.00504	0.00485	0.00160	0.00726	0.00397	0.00228	0.00736
82	0.00619	0.00513	0.00542	0.00535	0.00696	0.00436	0.00401	0.00767	0.01203	0.01485	0.18353	0.04671	0.65564	0.01236	0.00597	0.00169	0.00253	0.01040	0.00485	0.00436
83	0.00981	0.02384	0.70890	0.01352	0.02030	0.01097	0.01715	0.01530	0.01108	0.01649	0.09512	0.01367	0.01097	0.00542	0.00493	0.00160	0.00691	0.00433	0.00251	0.00717

[dist]
# distance from previous block
# <min> <max>
0	0

# created by:
# /st0/software/busco_prod/Augustus/scripts/msa2prfl.pl ./align_prep/71518.fa
