[name]
unknown

[dist]
# distance from previous block
# <min> <max>
4	30

[block]
# block no. 0 follows, 50 sequences, length 6
# corresponding to MSA columns:
# 37-42
name=unknown_A
#
# <colnr> <probs for GDERKNQSTAVLIFYWHMCP>
#	G	D	E	R	K	N	Q	S	T	A	V	L	I	F	Y	W	H	M	C	P
0	0.16281	0.00747	0.00946	0.00820	0.01039	0.00755	0.06595	0.01393	0.10062	0.10553	0.24167	0.08795	0.07644	0.00902	0.00626	0.06612	0.00370	0.00696	0.00447	0.00550
1	0.07709	0.02472	0.01010	0.00873	0.02584	0.03204	0.00679	0.20288	0.05104	0.10652	0.16584	0.08393	0.01982	0.00778	0.00498	0.00155	0.00399	0.04337	0.11667	0.00631
2	0.16994	0.00937	0.01042	0.00854	0.01156	0.00973	0.00686	0.20085	0.05422	0.25709	0.06537	0.01801	0.04506	0.06444	0.04487	0.00209	0.00475	0.00515	0.00477	0.00690
3	0.09660	0.01030	0.01885	0.05305	0.01870	0.01005	0.37923	0.01378	0.01057	0.05167	0.01241	0.13199	0.01128	0.00692	0.00657	0.04957	0.03653	0.00630	0.00304	0.07258
4	0.08267	0.01083	0.01154	0.00968	0.01267	0.11367	0.03753	0.09666	0.08790	0.28290	0.08578	0.05526	0.03445	0.00723	0.00509	0.00159	0.00485	0.04794	0.00483	0.00690
5	0.01171	0.06025	0.01101	0.01000	0.08686	0.00857	0.00693	0.10332	0.07474	0.11665	0.03935	0.15893	0.12727	0.08518	0.00707	0.00186	0.00409	0.00729	0.00427	0.07465

[dist]
# distance from previous block
# <min> <max>
3	17

[block]
# block no. 1 follows, 50 sequences, length 6
# corresponding to MSA columns:
# 60-65
name=unknown_B
#
# <colnr> <probs for GDERKNQSTAVLIFYWHMCP>
#	G	D	E	R	K	N	Q	S	T	A	V	L	I	F	Y	W	H	M	C	P
0	0.01278	0.15940	0.01287	0.02822	0.01192	0.11258	0.00723	0.05720	0.11199	0.11066	0.08887	0.18234	0.04702	0.00822	0.00498	0.00153	0.00461	0.00680	0.00415	0.02663
1	0.01309	0.40822	0.17923	0.06125	0.01559	0.04858	0.01046	0.01562	0.01082	0.10701	0.01078	0.07947	0.00938	0.00564	0.00417	0.00136	0.00565	0.00427	0.00285	0.00656
2	0.11793	0.28201	0.08644	0.01298	0.09277	0.01400	0.12736	0.01658	0.10366	0.04290	0.05063	0.01259	0.00997	0.00503	0.00433	0.00142	0.00549	0.00420	0.00301	0.00672
3	0.00978	0.00574	0.00731	0.00655	0.00833	0.00512	0.00504	0.01185	0.01364	0.16761	0.50984	0.03529	0.17470	0.00986	0.00572	0.00158	0.00274	0.00852	0.00546	0.00534
4	0.01103	0.06705	0.24888	0.01752	0.26727	0.01167	0.01328	0.01436	0.01032	0.01548	0.00947	0.01196	0.00769	0.00528	0.00623	0.00151	0.12641	0.00405	0.10436	0.04615
5	0.00857	0.00527	0.00661	0.00643	0.00754	0.00483	0.00456	0.00992	0.01136	0.10875	0.27832	0.21895	0.11900	0.17555	0.00982	0.00234	0.00323	0.00956	0.00477	0.00461

[dist]
# distance from previous block
# <min> <max>
7	40

[block]
# block no. 2 follows, 50 sequences, length 7
# corresponding to MSA columns:
# 110-116
name=unknown_C
#
# <colnr> <probs for GDERKNQSTAVLIFYWHMCP>
#	G	D	E	R	K	N	Q	S	T	A	V	L	I	F	Y	W	H	M	C	P
0	0.00897	0.00793	0.00791	0.00745	0.00910	0.08521	0.00531	0.01135	0.08520	0.01387	0.04572	0.26627	0.09320	0.15881	0.00896	0.00214	0.00406	0.00834	0.00388	0.16633
1	0.09490	0.01007	0.01468	0.21861	0.01984	0.02783	0.12584	0.01637	0.07642	0.14385	0.01280	0.01441	0.03471	0.00555	0.00563	0.00156	0.06348	0.00468	0.00341	0.10536
2	0.17235	0.06442	0.07624	0.09221	0.01858	0.01122	0.23509	0.01421	0.01024	0.01639	0.00909	0.03070	0.00743	0.00477	0.00500	0.00144	0.04000	0.00428	0.00267	0.18369
3	0.01000	0.09068	0.01662	0.01211	0.01397	0.01134	0.19908	0.01188	0.00946	0.01320	0.08056	0.01849	0.01314	0.16492	0.07998	0.00289	0.23805	0.00562	0.00276	0.00525
4	0.01107	0.00836	0.01074	0.14519	0.01517	0.00758	0.00740	0.06196	0.01133	0.08646	0.01329	0.15323	0.01224	0.00637	0.00458	0.00124	0.00422	0.00545	0.00354	0.43057
5	0.17446	0.00965	0.00983	0.00838	0.01124	0.05257	0.00669	0.15251	0.04613	0.11604	0.09360	0.07985	0.06358	0.00746	0.00481	0.00152	0.00420	0.04822	0.00438	0.10487
6	0.00835	0.00541	0.00744	0.00731	0.00828	0.00573	0.00540	0.00967	0.00876	0.08228	0.01785	0.10084	0.05962	0.18706	0.45625	0.00586	0.00922	0.00683	0.00335	0.00448

[dist]
# distance from previous block
# <min> <max>
5	37

[block]
# block no. 3 follows, 50 sequences, length 14
# corresponding to MSA columns:
# 157-170
name=unknown_D
#
# <colnr> <probs for GDERKNQSTAVLIFYWHMCP>
#	G	D	E	R	K	N	Q	S	T	A	V	L	I	F	Y	W	H	M	C	P
0	0.00953	0.01316	0.30450	0.00942	0.01320	0.00747	0.01002	0.01295	0.01230	0.09480	0.31363	0.06338	0.09878	0.00823	0.00539	0.00160	0.00447	0.00700	0.00416	0.00600
1	0.01034	0.00886	0.01034	0.00738	0.01181	0.00664	0.00591	0.01255	0.01034	0.01624	0.00886	0.01034	0.00738	0.00369	0.00369	0.00074	0.00369	0.00295	0.00295	0.85530
2	0.01324	0.01238	0.01910	0.11142	0.02050	0.03297	0.27243	0.20855	0.10912	0.01950	0.01277	0.01461	0.03777	0.00584	0.00644	0.00167	0.08600	0.00528	0.00347	0.00692
3	0.00866	0.00433	0.00649	0.00649	0.00649	0.00433	0.00433	0.00649	0.00649	0.00866	0.00866	0.01515	0.00866	0.01732	0.01948	0.85498	0.00433	0.00433	0.00216	0.00216
4	0.01156	0.01225	0.02446	0.09919	0.27005	0.01198	0.44023	0.01520	0.01140	0.01567	0.01022	0.03545	0.00828	0.00467	0.00551	0.00162	0.00730	0.00552	0.00253	0.00691
5	0.02012	0.00799	0.01085	0.00849	0.01195	0.00694	0.00694	0.02211	0.01424	0.68308	0.13293	0.01994	0.01743	0.00676	0.00514	0.00155	0.00396	0.00560	0.00607	0.00793
6	0.56480	0.00932	0.00829	0.00721	0.00990	0.01049	0.00572	0.11942	0.01048	0.04826	0.00906	0.01185	0.00754	0.08446	0.00685	0.06970	0.00423	0.00359	0.00338	0.00545
7	0.02186	0.00929	0.01206	0.00925	0.01312	0.00852	0.00764	0.13457	0.01561	0.68501	0.01854	0.01623	0.01177	0.00614	0.00501	0.00154	0.00442	0.00494	0.00600	0.00848
8	0.01181	0.01050	0.01510	0.03522	0.38333	0.01106	0.01132	0.05615	0.23639	0.01837	0.06486	0.02001	0.03124	0.00649	0.00521	0.00162	0.00493	0.06530	0.00375	0.00733
9	0.00614	0.00449	0.00581	0.00683	0.00732	0.00415	0.00469	0.00713	0.00984	0.01291	0.03008	0.69602	0.12034	0.01518	0.00633	0.00200	0.00293	0.04910	0.00463	0.00409
10	0.00949	0.00765	0.00842	0.00798	0.00964	0.05005	0.00623	0.05727	0.15030	0.01805	0.31125	0.03323	0.10225	0.01043	0.00685	0.06955	0.00371	0.12763	0.00474	0.00528
11	0.54479	0.05700	0.00991	0.00752	0.01092	0.01081	0.00629	0.05038	0.01081	0.23453	0.01065	0.01069	0.00749	0.00509	0.00370	0.00151	0.00412	0.00341	0.00396	0.00644
12	0.14955	0.45774	0.25194	0.00989	0.01488	0.01593	0.01095	0.01514	0.00998	0.01465	0.00753	0.00876	0.00621	0.00446	0.00364	0.00130	0.00569	0.00297	0.00228	0.00652
13	0.51196	0.01563	0.07254	0.00926	0.01251	0.27578	0.00784	0.01649	0.01053	0.01845	0.00735	0.00859	0.00581	0.00481	0.00369	0.00146	0.00585	0.00295	0.00283	0.00568

[dist]
# distance from previous block
# <min> <max>
0	11

[block]
# block no. 4 follows, 50 sequences, length 13
# corresponding to MSA columns:
# 182-194
name=unknown_E
#
# <colnr> <probs for GDERKNQSTAVLIFYWHMCP>
#	G	D	E	R	K	N	Q	S	T	A	V	L	I	F	Y	W	H	M	C	P
0	0.00812	0.00604	0.00743	0.00760	0.06120	0.00528	0.00526	0.00996	0.01235	0.06739	0.27795	0.03721	0.39039	0.01019	0.00560	0.00155	0.00290	0.00869	0.00473	0.07016
1	0.01480	0.13051	0.08920	0.00970	0.01300	0.06574	0.00876	0.06429	0.07120	0.24013	0.01655	0.02301	0.01404	0.06280	0.00644	0.00184	0.00520	0.15184	0.00426	0.00671
2	0.86003	0.00964	0.00733	0.00655	0.00964	0.01118	0.00540	0.01465	0.00848	0.02236	0.00694	0.00810	0.00540	0.00463	0.00308	0.00154	0.00386	0.00270	0.00308	0.00540
3	0.00965	0.00966	0.12523	0.00964	0.01209	0.00780	0.00886	0.01474	0.17316	0.05555	0.07583	0.12955	0.02354	0.01056	0.00596	0.00194	0.00449	0.31145	0.00447	0.00583
4	0.00634	0.00509	0.00568	0.00561	0.00711	0.00443	0.00425	0.00799	0.01222	0.01556	0.28000	0.04498	0.52747	0.01191	0.00593	0.00167	0.00256	0.04192	0.00489	0.00438
5	0.01615	0.01227	0.01283	0.01052	0.01383	0.05018	0.00844	0.37721	0.27631	0.08513	0.07113	0.01625	0.01370	0.00652	0.00506	0.00156	0.00481	0.00518	0.00503	0.00788
6	0.00725	0.00483	0.00544	0.00544	0.00544	0.00483	0.00302	0.00725	0.00725	0.00966	0.01571	0.03262	0.01812	0.82483	0.02537	0.00483	0.00483	0.00725	0.00302	0.00302
7	0.01035	0.01064	0.02058	0.27745	0.10938	0.01093	0.34297	0.01378	0.01116	0.01493	0.05209	0.04291	0.04851	0.00558	0.00550	0.00166	0.00678	0.00592	0.00274	0.00615
8	0.01151	0.01263	0.02603	0.01860	0.02353	0.01155	0.63935	0.01536	0.01151	0.01602	0.00987	0.01289	0.00753	0.00411	0.00549	0.00151	0.00757	0.00536	0.00260	0.15696
9	0.00698	0.00456	0.00589	0.00639	0.00680	0.00432	0.00430	0.00701	0.00873	0.01136	0.02415	0.34508	0.14029	0.13122	0.01260	0.23491	0.00356	0.03469	0.00373	0.00343
10	0.01348	0.01033	0.01107	0.00849	0.01240	0.07127	0.00677	0.06784	0.07168	0.13906	0.04250	0.01307	0.01032	0.00484	0.00424	0.00106	0.00429	0.00384	0.00382	0.49961
11	0.00839	0.06935	0.00970	0.00753	0.00969	0.00716	0.00599	0.01017	0.00905	0.01295	0.01467	0.01894	0.07287	0.05640	0.42535	0.00483	0.00884	0.00497	0.00288	0.24027
12	0.19268	0.01594	0.01151	0.01017	0.01278	0.36331	0.00779	0.13270	0.05242	0.01802	0.06265	0.01347	0.01062	0.06844	0.00600	0.00168	0.00636	0.00412	0.00340	0.00593

[dist]
# distance from previous block
# <min> <max>
0	2

[block]
# block no. 5 follows, 50 sequences, length 89
# corresponding to MSA columns:
# 197-285
name=unknown_F
#
# <colnr> <probs for GDERKNQSTAVLIFYWHMCP>
#	G	D	E	R	K	N	Q	S	T	A	V	L	I	F	Y	W	H	M	C	P
0	0.03318	0.36565	0.01884	0.00976	0.01291	0.05136	0.02157	0.01389	0.00973	0.01319	0.00737	0.00940	0.00666	0.00529	0.00669	0.00130	0.20675	0.00323	0.00238	0.20086
1	0.00640	0.00503	0.00579	0.00569	0.00707	0.00441	0.00423	0.00811	0.01243	0.01623	0.36811	0.09097	0.42421	0.01176	0.00591	0.00165	0.00247	0.01010	0.00500	0.00441
2	0.01043	0.01222	0.12341	0.18226	0.27301	0.01058	0.14077	0.01385	0.01107	0.01534	0.05279	0.06605	0.01214	0.00606	0.00532	0.00165	0.00623	0.04747	0.00279	0.00656
3	0.00835	0.00646	0.00778	0.00721	0.00878	0.00657	0.00548	0.01355	0.20105	0.02020	0.60412	0.03271	0.03931	0.00936	0.00568	0.00160	0.00274	0.00819	0.00539	0.00548
4	0.01414	0.01003	0.01078	0.00962	0.02691	0.05864	0.00734	0.06120	0.34810	0.19237	0.02089	0.02077	0.08646	0.05433	0.05362	0.00217	0.00491	0.00579	0.00481	0.00710
5	0.00601	0.00493	0.00530	0.00547	0.00687	0.00422	0.00400	0.00729	0.01126	0.01384	0.10374	0.18194	0.60193	0.01296	0.00597	0.00173	0.00258	0.01104	0.00469	0.00422
6	0.01862	0.02376	0.01413	0.01284	0.01541	0.80482	0.00963	0.01990	0.01413	0.01220	0.00770	0.00899	0.00642	0.00514	0.00449	0.00128	0.00899	0.00321	0.00257	0.00578
7	0.01224	0.00630	0.00811	0.00703	0.00925	0.00556	0.00555	0.01422	0.01353	0.29197	0.34572	0.03288	0.18466	0.00938	0.00561	0.00161	0.00312	0.03183	0.00553	0.00593
8	0.01279	0.01090	0.01149	0.01022	0.01311	0.01258	0.00798	0.07096	0.73962	0.02148	0.01979	0.01820	0.01482	0.00672	0.00507	0.00168	0.00404	0.00557	0.00507	0.00792
9	0.86003	0.00964	0.00733	0.00655	0.00964	0.01118	0.00540	0.01465	0.00848	0.02236	0.00694	0.00810	0.00540	0.00463	0.00308	0.00154	0.00386	0.00270	0.00308	0.00540
10	0.00606	0.00438	0.00574	0.00684	0.00720	0.00406	0.00458	0.00695	0.00964	0.01276	0.02871	0.77996	0.07378	0.01545	0.00634	0.00201	0.00287	0.01397	0.00463	0.00406
11	0.01056	0.00913	0.01097	0.00890	0.05820	0.00726	0.00657	0.01345	0.05140	0.01649	0.00950	0.01089	0.00783	0.00390	0.00384	0.00083	0.00384	0.00318	0.00304	0.76022
12	0.01196	0.00975	0.03153	0.00943	0.05506	0.05650	0.00715	0.05944	0.03933	0.10119	0.18904	0.01891	0.02999	0.00614	0.00469	0.00123	0.00410	0.01733	0.00404	0.34320
13	0.86003	0.00964	0.00733	0.00655	0.00964	0.01118	0.00540	0.01465	0.00848	0.02236	0.00694	0.00810	0.00540	0.00463	0.00308	0.00154	0.00386	0.00270	0.00308	0.00540
14	0.01206	0.01156	0.01974	0.10406	0.72241	0.01177	0.01516	0.01506	0.01122	0.01595	0.00933	0.01243	0.00778	0.00449	0.00494	0.00150	0.00599	0.00444	0.00244	0.00767
15	0.01091	0.01091	0.01527	0.01309	0.01309	0.01527	0.01091	0.01200	0.00763	0.01200	0.00654	0.01091	0.00654	0.00872	0.01636	0.00218	0.81570	0.00436	0.00218	0.00545
16	0.06653	0.00885	0.01153	0.00889	0.01271	0.00798	0.00734	0.06567	0.01447	0.71355	0.01856	0.01622	0.01176	0.00608	0.00491	0.00154	0.00429	0.00486	0.00594	0.00832
17	0.00645	0.00470	0.00607	0.00652	0.00727	0.00432	0.00459	0.00794	0.01150	0.01567	0.33210	0.44656	0.10139	0.01322	0.00613	0.00182	0.00265	0.01182	0.00497	0.00432
18	0.01091	0.01091	0.01527	0.01309	0.01309	0.01527	0.01091	0.01200	0.00763	0.01200	0.00654	0.01091	0.00654	0.00872	0.01636	0.00218	0.81570	0.00436	0.00218	0.00545
19	0.00617	0.00506	0.00544	0.00535	0.00691	0.00433	0.00401	0.00770	0.01203	0.01505	0.23015	0.04537	0.61106	0.01203	0.00589	0.00166	0.00248	0.01015	0.00484	0.00433
20	0.01091	0.01091	0.01527	0.01309	0.01309	0.01527	0.01091	0.01200	0.00763	0.01200	0.00654	0.01091	0.00654	0.00872	0.01636	0.00218	0.81570	0.00436	0.00218	0.00545
21	0.01604	0.01011	0.01240	0.01029	0.01361	0.01065	0.04837	0.03785	0.45549	0.29829	0.01938	0.01763	0.01367	0.00640	0.00509	0.00163	0.00431	0.00541	0.00533	0.00805
22	0.00720	0.00503	0.00642	0.00642	0.00676	0.00537	0.00425	0.00788	0.00754	0.01040	0.01480	0.02762	0.01595	0.52305	0.32418	0.00605	0.00810	0.00652	0.00289	0.00357
23	0.86003	0.00964	0.00733	0.00655	0.00964	0.01118	0.00540	0.01465	0.00848	0.02236	0.00694	0.00810	0.00540	0.00463	0.00308	0.00154	0.00386	0.00270	0.00308	0.00540
24	0.01333	0.82783	0.02612	0.00853	0.01279	0.01972	0.00853	0.01493	0.01013	0.01173	0.00693	0.00800	0.00640	0.00426	0.00320	0.00107	0.00533	0.00267	0.00213	0.00640
25	0.00697	0.00505	0.00672	0.00741	0.00830	0.00480	0.00574	0.00873	0.01148	0.01538	0.22528	0.31378	0.08203	0.01341	0.00638	0.00198	0.00330	0.26401	0.00484	0.00441
26	0.03426	0.01134	0.01401	0.27911	0.03744	0.01309	0.01058	0.30927	0.19902	0.02213	0.01273	0.01390	0.00938	0.00577	0.00496	0.00160	0.00548	0.00470	0.00398	0.00727
27	0.01180	0.46001	0.38056	0.01113	0.01682	0.01599	0.01306	0.01532	0.01031	0.01359	0.00785	0.00915	0.00636	0.00448	0.00390	0.00130	0.00626	0.00313	0.00212	0.00684
28	0.77995	0.03151	0.00822	0.00686	0.01000	0.01154	0.00569	0.05495	0.00940	0.02252	0.01923	0.00875	0.00623	0.00477	0.00323	0.00153	0.00396	0.00289	0.00320	0.00558
29	0.00929	0.00465	0.00465	0.00465	0.00581	0.00465	0.00348	0.01161	0.01045	0.01858	0.01626	0.01858	0.01278	0.00581	0.00348	0.00116	0.00232	0.00465	0.85250	0.00465
30	0.01241	0.01153	0.01932	0.04044	0.68394	0.01160	0.03110	0.01598	0.05449	0.03586	0.02842	0.01342	0.00930	0.00475	0.00499	0.00150	0.00575	0.00466	0.00277	0.00777
31	0.01890	0.01375	0.01479	0.01137	0.01533	0.01518	0.00938	0.74130	0.03926	0.05151	0.01235	0.01224	0.00872	0.00600	0.00499	0.00150	0.00542	0.00453	0.00502	0.00846
32	0.01240	0.01071	0.01127	0.01014	0.01296	0.01240	0.00789	0.02649	0.78473	0.02085	0.02029	0.01860	0.01522	0.00676	0.00507	0.00169	0.00394	0.00564	0.00507	0.00789
33	0.86003	0.00964	0.00733	0.00655	0.00964	0.01118	0.00540	0.01465	0.00848	0.02236	0.00694	0.00810	0.00540	0.00463	0.00308	0.00154	0.00386	0.00270	0.00308	0.00540
34	0.36408	0.01100	0.08336	0.00792	0.01197	0.00949	0.00707	0.06070	0.01037	0.01961	0.00860	0.02434	0.00699	0.00454	0.00367	0.00122	0.00420	0.00322	0.00308	0.35457
35	0.01136	0.01225	0.02274	0.01727	0.01993	0.01386	0.41469	0.01409	0.00981	0.01409	0.00841	0.01225	0.00708	0.00634	0.01083	0.00192	0.38944	0.00516	0.00236	0.00612
36	0.00724	0.00485	0.00551	0.00549	0.00556	0.00482	0.00312	0.00738	0.00767	0.01030	0.06344	0.03290	0.01990	0.77467	0.02417	0.00463	0.00468	0.00736	0.00317	0.00312
37	0.01044	0.00901	0.01283	0.34618	0.06268	0.00880	0.00977	0.01314	0.01036	0.03947	0.00923	0.01189	0.00726	0.00435	0.00434	0.00119	0.00506	0.00372	0.00272	0.42756
38	0.06957	0.01842	0.01407	0.05442	0.01593	0.43174	0.00962	0.24455	0.01595	0.01857	0.00892	0.01016	0.00699	0.00556	0.00528	0.00144	0.05530	0.00369	0.00328	0.00653
39	0.01797	0.01858	0.01391	0.01180	0.01489	0.43155	0.00921	0.32990	0.01778	0.02016	0.01209	0.01261	0.05561	0.00595	0.00478	0.00140	0.00715	0.00418	0.00369	0.00679
40	0.00663	0.00485	0.00534	0.00547	0.00611	0.00452	0.00348	0.00718	0.00898	0.01137	0.02949	0.12845	0.29636	0.44181	0.01623	0.00339	0.00379	0.00921	0.00378	0.00356
41	0.00605	0.00471	0.00549	0.00602	0.00701	0.00416	0.00424	0.00719	0.01066	0.01350	0.08341	0.41578	0.38622	0.01390	0.00611	0.00184	0.00269	0.01217	0.00468	0.00416
42	0.86003	0.00964	0.00733	0.00655	0.00964	0.01118	0.00540	0.01465	0.00848	0.02236	0.00694	0.00810	0.00540	0.00463	0.00308	0.00154	0.00386	0.00270	0.00308	0.00540
43	0.01862	0.02376	0.01413	0.01284	0.01541	0.80482	0.00963	0.01990	0.01413	0.01220	0.00770	0.00899	0.00642	0.00514	0.00449	0.00128	0.00899	0.00321	0.00257	0.00578
44	0.00636	0.00501	0.00575	0.00569	0.00706	0.00439	0.00422	0.00802	0.01228	0.01596	0.33887	0.11085	0.43394	0.01193	0.00593	0.00167	0.00249	0.01025	0.00497	0.00439
45	0.01226	0.42088	0.36164	0.01131	0.01680	0.07268	0.01291	0.01566	0.01059	0.01353	0.00786	0.00917	0.00636	0.00453	0.00396	0.00130	0.00648	0.00315	0.00215	0.00677
46	0.01257	0.00772	0.00937	0.00810	0.01045	0.00776	0.00634	0.05969	0.19951	0.20215	0.38288	0.02663	0.02916	0.00820	0.00543	0.00159	0.00335	0.00702	0.00552	0.00656
47	0.01259	0.01237	0.01926	0.02811	0.69948	0.05851	0.01438	0.01540	0.01145	0.01604	0.00924	0.01202	0.00778	0.00444	0.00483	0.00142	0.00597	0.00428	0.00250	0.05994
48	0.01134	0.29246	0.49624	0.01195	0.01810	0.01403	0.01443	0.01553	0.01045	0.02856	0.00846	0.00979	0.00649	0.00456	0.00419	0.00137	0.00649	0.00334	0.00222	0.03998
49	0.05488	0.66493	0.06993	0.00909	0.01341	0.04339	0.00906	0.06204	0.01102	0.01371	0.00738	0.00843	0.00647	0.00444	0.00343	0.00115	0.00550	0.00286	0.00237	0.00651
50	0.81274	0.01054	0.05138	0.00698	0.01030	0.01120	0.00612	0.01472	0.00860	0.02200	0.00705	0.00823	0.00545	0.00463	0.00318	0.00154	0.00405	0.00275	0.00303	0.00551
51	0.01667	0.01608	0.07728	0.01318	0.07783	0.20507	0.01038	0.32892	0.07172	0.06513	0.01239	0.01463	0.00969	0.00610	0.00497	0.00152	0.00629	0.05074	0.00401	0.00741
52	0.01100	0.00599	0.00737	0.00663	0.00870	0.00520	0.00510	0.01262	0.01253	0.24623	0.17894	0.12745	0.33142	0.01061	0.00568	0.00166	0.00304	0.00903	0.00525	0.00555
53	0.01509	0.11141	0.05819	0.01072	0.01417	0.05182	0.00945	0.41976	0.01780	0.02333	0.02914	0.02163	0.01326	0.00749	0.00517	0.00162	0.00548	0.17308	0.00428	0.00709
54	0.02611	0.00652	0.00803	0.00704	0.00921	0.00594	0.00548	0.05211	0.01349	0.24061	0.27422	0.09561	0.21603	0.00977	0.00558	0.00162	0.00316	0.00832	0.00534	0.00581
55	0.01302	0.20768	0.05585	0.00972	0.05790	0.01073	0.00796	0.06251	0.05627	0.16794	0.27374	0.02076	0.02188	0.00690	0.00485	0.00144	0.00420	0.00568	0.00439	0.00658
56	0.00745	0.00517	0.00598	0.00586	0.00586	0.00541	0.00346	0.00751	0.00727	0.00979	0.01520	0.03141	0.01748	0.77942	0.02487	0.00468	0.04995	0.00709	0.00297	0.00316
57	0.01127	0.00977	0.01428	0.06499	0.01530	0.05668	0.14908	0.01344	0.01088	0.09889	0.03736	0.02348	0.12845	0.00990	0.05708	0.00217	0.17632	0.08404	0.00345	0.03317
58	0.01820	0.01359	0.01454	0.01132	0.01517	0.01511	0.00929	0.69087	0.11090	0.03020	0.01292	0.01273	0.00925	0.00607	0.00500	0.00152	0.00531	0.00462	0.00500	0.00841
59	0.00984	0.00741	0.00850	0.00710	0.00992	0.00638	0.00553	0.08409	0.01216	0.06389	0.04286	0.12825	0.25623	0.00873	0.00504	0.00137	0.00342	0.02313	0.00417	0.31198
60	0.05573	0.00606	0.00839	0.00805	0.00910	0.00700	0.00624	0.01017	0.00831	0.05857	0.01317	0.01948	0.01223	0.10590	0.59126	0.00661	0.06088	0.00529	0.00290	0.00467
61	0.00604	0.00457	0.00557	0.00634	0.00708	0.00411	0.00437	0.00706	0.01020	0.01311	0.05071	0.56504	0.26865	0.01457	0.00621	0.00191	0.00277	0.01293	0.00465	0.00411
62	0.01577	0.01790	0.01933	0.01530	0.01893	0.36683	0.27666	0.11307	0.07636	0.01659	0.01007	0.01168	0.00778	0.00505	0.00509	0.00148	0.00794	0.00450	0.00305	0.00661
63	0.00607	0.00434	0.00578	0.00694	0.00723	0.00405	0.00463	0.00694	0.00954	0.01272	0.02747	0.82157	0.03297	0.01562	0.00636	0.00202	0.00289	0.01417	0.00463	0.00405
64	0.00736	0.00482	0.00539	0.00539	0.00546	0.00482	0.00304	0.00748	0.00742	0.01014	0.01573	0.03188	0.01784	0.78146	0.02421	0.00464	0.00470	0.00711	0.04800	0.00311
65	0.86003	0.00964	0.00733	0.00655	0.00964	0.01118	0.00540	0.01465	0.00848	0.02236	0.00694	0.00810	0.00540	0.00463	0.00308	0.00154	0.00386	0.00270	0.00308	0.00540
66	0.00729	0.00541	0.00651	0.00640	0.00694	0.00549	0.00425	0.00790	0.00833	0.01122	0.02045	0.14891	0.10983	0.45100	0.08116	0.00392	0.05481	0.00811	0.00337	0.04871
67	0.01818	0.01661	0.01372	0.06096	0.01567	0.38625	0.00941	0.10688	0.02545	0.20497	0.01124	0.01185	0.00824	0.00584	0.00583	0.00148	0.08298	0.00401	0.00370	0.00673
68	0.86003	0.00964	0.00733	0.00655	0.00964	0.01118	0.00540	0.01465	0.00848	0.02236	0.00694	0.00810	0.00540	0.00463	0.00308	0.00154	0.00386	0.00270	0.00308	0.00540
69	0.00589	0.00505	0.00505	0.00505	0.00673	0.00421	0.00379	0.00715	0.01136	0.01347	0.05049	0.04797	0.79171	0.01262	0.00589	0.00168	0.00252	0.01052	0.00463	0.00421
70	0.00670	0.00495	0.00625	0.00620	0.00730	0.00451	0.00455	0.00862	0.01287	0.01768	0.54022	0.17732	0.16132	0.01153	0.00597	0.00167	0.00247	0.01016	0.00520	0.00451
71	0.86003	0.00964	0.00733	0.00655	0.00964	0.01118	0.00540	0.01465	0.00848	0.02236	0.00694	0.00810	0.00540	0.00463	0.00308	0.00154	0.00386	0.00270	0.00308	0.00540
72	0.00941	0.00886	0.01495	0.81285	0.03433	0.01107	0.01384	0.01274	0.00997	0.01274	0.00886	0.01329	0.00664	0.00498	0.00498	0.00166	0.00664	0.00443	0.00221	0.00554
73	0.01926	0.01345	0.01464	0.01123	0.01520	0.01470	0.00927	0.70725	0.02258	0.10247	0.01268	0.01243	0.00884	0.00600	0.00499	0.00150	0.00537	0.00454	0.00510	0.00848
74	0.00615	0.00502	0.00543	0.00541	0.00691	0.00431	0.00403	0.00762	0.01185	0.01482	0.20778	0.08664	0.59216	0.01226	0.00591	0.00168	0.00251	0.01039	0.00481	0.00431
75	0.00697	0.00509	0.00655	0.00618	0.00740	0.00467	0.00464	0.00924	0.01391	0.01952	0.73780	0.03801	0.10063	0.01037	0.00588	0.00158	0.00236	0.00912	0.00543	0.00467
76	0.00598	0.00505	0.00517	0.00514	0.00679	0.00425	0.00386	0.00733	0.01157	0.01397	0.10729	0.04715	0.73460	0.01244	0.00589	0.00167	0.00251	0.01040	0.00469	0.00425
77	0.01091	0.01091	0.01527	0.01309	0.01309	0.01527	0.01091	0.01200	0.00763	0.01200	0.00654	0.01091	0.00654	0.00872	0.01636	0.00218	0.81570	0.00436	0.00218	0.00545
78	0.01257	0.02239	0.57378	0.01342	0.01982	0.01269	0.01585	0.23448	0.01423	0.02027	0.00981	0.01094	0.00694	0.00509	0.00481	0.00155	0.00683	0.00391	0.00293	0.00769
79	0.01224	0.01175	0.02006	0.05533	0.76972	0.01182	0.01525	0.01522	0.01131	0.01617	0.00936	0.01237	0.00786	0.00446	0.00494	0.00149	0.00594	0.00444	0.00246	0.00782
80	0.01254	0.00879	0.01056	0.00766	0.01198	0.00677	0.00617	0.01471	0.01106	0.15963	0.01084	0.01155	0.00829	0.00415	0.00393	0.00089	0.00379	0.00333	0.00354	0.69982
81	0.01056	0.00824	0.00859	0.00734	0.00985	0.00823	0.00582	0.28240	0.01568	0.01988	0.03672	0.03510	0.51172	0.01025	0.00557	0.00162	0.00358	0.00836	0.00476	0.00573
82	0.01176	0.44927	0.39091	0.01121	0.01694	0.01588	0.01320	0.01533	0.01031	0.01364	0.00788	0.00919	0.00636	0.00449	0.00392	0.00131	0.00629	0.00315	0.00212	0.00685
83	0.00643	0.00474	0.00597	0.00644	0.00713	0.00450	0.00446	0.00757	0.01006	0.01336	0.13322	0.39009	0.16990	0.11445	0.09524	0.00289	0.00412	0.01100	0.00434	0.00409
84	0.01406	0.01630	0.01156	0.01079	0.01275	0.47034	0.00813	0.01629	0.05981	0.01304	0.05461	0.06187	0.01226	0.01396	0.19893	0.00300	0.00901	0.00485	0.00303	0.00542
85	0.01104	0.00974	0.01290	0.38883	0.02288	0.01153	0.01058	0.06266	0.33537	0.01726	0.01595	0.01720	0.05034	0.00618	0.00507	0.00166	0.00524	0.00525	0.00370	0.00663
86	0.01441	0.00706	0.00898	0.00758	0.00975	0.00668	0.00575	0.06227	0.01183	0.35358	0.03644	0.02426	0.07068	0.25224	0.10303	0.00327	0.00537	0.00616	0.00464	0.00601
87	0.00809	0.00647	0.00793	0.00715	0.00939	0.00527	0.00523	0.00959	0.00992	0.01438	0.01869	0.43867	0.02089	0.00999	0.00510	0.00142	0.00327	0.00888	0.00384	0.40583
88	0.01612	0.40327	0.01979	0.01081	0.01417	0.43426	0.00911	0.01755	0.01224	0.01198	0.00734	0.00852	0.00641	0.00472	0.00388	0.00118	0.00726	0.00295	0.00236	0.00607

[dist]
# distance from previous block
# <min> <max>
2	11

[block]
# block no. 6 follows, 50 sequences, length 29
# corresponding to MSA columns:
# 297-325
name=unknown_G
#
# <colnr> <probs for GDERKNQSTAVLIFYWHMCP>
#	G	D	E	R	K	N	Q	S	T	A	V	L	I	F	Y	W	H	M	C	P
0	0.00793	0.00693	0.06221	0.00760	0.00948	0.00547	0.00655	0.00998	0.01158	0.05077	0.13681	0.14187	0.24299	0.01181	0.00604	0.00184	0.00363	0.23336	0.00456	0.03860
1	0.01311	0.16416	0.01416	0.00909	0.01283	0.18854	0.00744	0.05474	0.05926	0.01544	0.01100	0.01191	0.04334	0.00484	0.00403	0.00106	0.00524	0.00355	0.00303	0.37324
2	0.05864	0.18002	0.01602	0.01140	0.01424	0.48906	0.04366	0.01721	0.01264	0.01314	0.04002	0.06270	0.00975	0.00577	0.00441	0.00133	0.00732	0.00414	0.00276	0.00577
3	0.06973	0.01050	0.05066	0.00849	0.01256	0.06002	0.00718	0.01708	0.01189	0.27217	0.03784	0.01316	0.01006	0.00492	0.00426	0.00116	0.00437	0.00386	0.00403	0.39606
4	0.00830	0.00615	0.00875	0.00816	0.00965	0.00581	0.07443	0.01078	0.06521	0.06573	0.16315	0.35116	0.13859	0.03845	0.00662	0.00191	0.00350	0.02402	0.00467	0.00496
5	0.01930	0.01017	0.01227	0.00963	0.01318	0.01012	0.00786	0.31241	0.01746	0.41662	0.04789	0.07203	0.01367	0.00692	0.00513	0.00156	0.00455	0.00561	0.00558	0.00802
6	0.00858	0.00630	0.00806	0.00751	0.00868	0.00675	0.00552	0.08623	0.00949	0.01330	0.01364	0.02227	0.01349	0.27991	0.42269	0.00584	0.00920	0.00569	0.00303	0.06382
7	0.01176	0.01345	0.02941	0.02101	0.02605	0.01261	0.77563	0.01597	0.01176	0.01597	0.01008	0.01345	0.00756	0.00420	0.00588	0.00168	0.00840	0.00588	0.00252	0.00672
8	0.17397	0.01746	0.01217	0.01094	0.01372	0.42717	0.00840	0.04898	0.20796	0.01700	0.01090	0.01136	0.00853	0.00548	0.00440	0.00144	0.00663	0.00378	0.00339	0.00634
9	0.01000	0.02578	0.79900	0.01421	0.02157	0.01158	0.01842	0.01579	0.01052	0.01579	0.00895	0.01052	0.00631	0.00474	0.00474	0.00158	0.00737	0.00368	0.00210	0.00737
10	0.01000	0.02578	0.79900	0.01421	0.02157	0.01158	0.01842	0.01579	0.01052	0.01579	0.00895	0.01052	0.00631	0.00474	0.00474	0.00158	0.00737	0.00368	0.00210	0.00737
11	0.01429	0.29244	0.01902	0.01316	0.09313	0.30038	0.06300	0.01616	0.01198	0.01302	0.01082	0.01514	0.03007	0.00578	0.00448	0.00137	0.00678	0.08020	0.00267	0.00611
12	0.01692	0.01235	0.01394	0.01217	0.06882	0.01354	0.00922	0.43462	0.24153	0.10110	0.01493	0.01439	0.01075	0.00612	0.00501	0.00156	0.00495	0.00487	0.00495	0.00827
13	0.00697	0.00503	0.00658	0.00633	0.00743	0.00464	0.00470	0.00919	0.01370	0.01934	0.72288	0.10731	0.04577	0.01067	0.00592	0.00161	0.00240	0.00947	0.00541	0.00464
14	0.86003	0.00964	0.00733	0.00655	0.00964	0.01118	0.00540	0.01465	0.00848	0.02236	0.00694	0.00810	0.00540	0.00463	0.00308	0.00154	0.00386	0.00270	0.00308	0.00540
15	0.04702	0.01237	0.09473	0.00951	0.01368	0.10013	0.00839	0.03357	0.03269	0.36133	0.01379	0.01329	0.00950	0.00522	0.00452	0.00131	0.00498	0.00406	0.00434	0.22556
16	0.03444	0.00867	0.01193	0.28126	0.01936	0.00880	0.00904	0.06806	0.01243	0.26381	0.01726	0.01785	0.09932	0.00613	0.00488	0.00149	0.00486	0.00508	0.00406	0.12129
17	0.00602	0.00497	0.00528	0.00538	0.00685	0.00423	0.00397	0.00733	0.01140	0.01397	0.11475	0.13633	0.63681	0.01275	0.00594	0.00171	0.00255	0.01081	0.00471	0.00423
18	0.02236	0.00848	0.01157	0.00887	0.01272	0.00733	0.00733	0.02429	0.01427	0.79719	0.01966	0.01697	0.01234	0.00617	0.00501	0.00154	0.00424	0.00501	0.00617	0.00848
19	0.00929	0.00465	0.00465	0.00465	0.00581	0.00465	0.00348	0.01161	0.01045	0.01858	0.01626	0.01858	0.01278	0.00581	0.00348	0.00116	0.00232	0.00465	0.85250	0.00465
20	0.86003	0.00964	0.00733	0.00655	0.00964	0.01118	0.00540	0.01465	0.00848	0.02236	0.00694	0.00810	0.00540	0.00463	0.00308	0.00154	0.00386	0.00270	0.00308	0.00540
21	0.00737	0.00530	0.00627	0.00610	0.00754	0.00476	0.00454	0.00939	0.03319	0.05582	0.33135	0.14167	0.34518	0.01159	0.00588	0.00168	0.00263	0.01000	0.00505	0.00469
22	0.00589	0.00505	0.00505	0.00505	0.00673	0.00421	0.00379	0.00715	0.01136	0.01347	0.05049	0.04797	0.79171	0.01262	0.00589	0.00168	0.00252	0.01052	0.00463	0.00421
23	0.01629	0.01264	0.01346	0.01093	0.01444	0.01421	0.00883	0.47203	0.33285	0.02712	0.01535	0.01466	0.01122	0.00630	0.00502	0.00158	0.00486	0.00495	0.00502	0.00824
24	0.00624	0.00513	0.00598	0.05791	0.00869	0.00465	0.00470	0.00762	0.01102	0.01369	0.09280	0.23072	0.50789	0.01268	0.00594	0.00176	0.00287	0.01090	0.00453	0.00429
25	0.00800	0.00617	0.00816	0.00847	0.00968	0.00624	0.03148	0.01143	0.12132	0.01498	0.06075	0.27027	0.06616	0.06531	0.00754	0.00221	0.00394	0.28851	0.00454	0.00486
26	0.03747	0.23252	0.01927	0.01316	0.08847	0.01524	0.08695	0.35342	0.01637	0.02182	0.01098	0.01385	0.00900	0.00566	0.00466	0.00145	0.00568	0.05303	0.00366	0.00735
27	0.01517	0.01536	0.01488	0.01339	0.06570	0.26615	0.08652	0.12508	0.24943	0.03538	0.05222	0.01458	0.01177	0.00589	0.00499	0.00151	0.00628	0.00480	0.00388	0.00703
28	0.01288	0.00904	0.01271	0.01185	0.10259	0.02952	0.08496	0.06409	0.03551	0.18433	0.19037	0.07308	0.05909	0.00731	0.00526	0.00150	0.00440	0.00651	0.00448	0.10051

[dist]
# distance from previous block
# <min> <max>
0	21

# created by:
# /st0/software/busco_prod/Augustus/scripts/msa2prfl.pl ./align_prep/71529.fa
