[name]
unknown

[dist]
# distance from previous block
# <min> <max>
0	0

[block]
# block no. 0 follows, 51 sequences, length 232
# corresponding to MSA columns:
# 0-231
name=unknown_A
#
# <colnr> <probs for GDERKNQSTAVLIFYWHMCP>
#	G	D	E	R	K	N	Q	S	T	A	V	L	I	F	Y	W	H	M	C	P
0	0.00792	0.00566	0.00792	0.00905	0.01018	0.00566	0.00792	0.01018	0.01131	0.01471	0.02602	0.05543	0.02828	0.01358	0.00679	0.00226	0.00453	0.76356	0.00453	0.00453
1	0.01216	0.01168	0.01995	0.03016	0.79664	0.01168	0.01508	0.01508	0.01119	0.01605	0.00924	0.01216	0.00778	0.00438	0.00487	0.00146	0.00584	0.00438	0.00243	0.00778
2	0.00715	0.00476	0.00536	0.00536	0.00536	0.00476	0.00298	0.00715	0.00715	0.00953	0.01548	0.03216	0.01787	0.82729	0.02501	0.00476	0.00476	0.00715	0.00298	0.00298
3	0.02033	0.01112	0.01311	0.01005	0.01392	0.01131	0.00830	0.40932	0.01867	0.40817	0.01552	0.01422	0.01022	0.00599	0.00493	0.00150	0.00481	0.00468	0.00549	0.00836
4	0.00702	0.00527	0.00790	0.00790	0.00878	0.00614	0.00614	0.00878	0.00790	0.01141	0.01316	0.01931	0.01229	0.03686	0.80782	0.00790	0.01316	0.00527	0.00263	0.00439
5	0.01212	0.01163	0.01987	0.04245	0.78471	0.01166	0.01506	0.01504	0.01117	0.01600	0.00924	0.01218	0.00776	0.00439	0.00487	0.00146	0.00585	0.00438	0.00243	0.00775
6	0.00715	0.00476	0.00536	0.00536	0.00536	0.00476	0.00298	0.00715	0.00715	0.00953	0.01548	0.03216	0.01787	0.82729	0.02501	0.00476	0.00476	0.00715	0.00298	0.00298
7	0.01827	0.01623	0.01479	0.01260	0.05381	0.22611	0.00967	0.53987	0.02007	0.02519	0.01055	0.01103	0.00779	0.00560	0.00478	0.00142	0.00635	0.00409	0.00416	0.00762
8	0.01836	0.02342	0.01393	0.01266	0.01519	0.80756	0.00950	0.01962	0.01393	0.01203	0.00760	0.00886	0.00633	0.00506	0.00443	0.00127	0.00886	0.00317	0.00253	0.00570
9	0.00599	0.00428	0.00570	0.00684	0.00713	0.00399	0.00456	0.00684	0.00941	0.01254	0.02709	0.82409	0.03250	0.01540	0.00627	0.00200	0.00285	0.01397	0.00456	0.00399
10	0.00614	0.00439	0.00588	0.00702	0.00738	0.00413	0.00483	0.00711	0.00956	0.01272	0.02700	0.76175	0.03216	0.01525	0.00631	0.00202	0.00299	0.07476	0.00456	0.00403
11	0.86201	0.00950	0.00722	0.00646	0.00950	0.01102	0.00532	0.01445	0.00836	0.02205	0.00684	0.00798	0.00532	0.00456	0.00304	0.00152	0.00380	0.00266	0.00304	0.00532
12	0.01600	0.01007	0.01149	0.00968	0.01289	0.01078	0.00771	0.08253	0.47080	0.28231	0.01917	0.01730	0.01355	0.00641	0.00497	0.00160	0.00410	0.00526	0.00536	0.00802
13	0.00658	0.00519	0.00587	0.00563	0.00713	0.00460	0.00424	0.02512	0.01262	0.01642	0.36703	0.04198	0.45743	0.01128	0.00578	0.00161	0.00248	0.00961	0.00493	0.00445
14	0.00706	0.00512	0.00714	0.00714	0.00775	0.00573	0.00520	0.00829	0.00767	0.01085	0.01386	0.02315	0.01395	0.27316	0.57379	0.00696	0.01065	0.00583	0.00274	0.00397
15	0.00928	0.00873	0.01474	0.81548	0.03385	0.01092	0.01365	0.01256	0.00983	0.01256	0.00873	0.01310	0.00655	0.00491	0.00491	0.00164	0.00655	0.00437	0.00218	0.00546
16	0.01392	0.01523	0.01571	0.22057	0.22089	0.31418	0.03122	0.04780	0.01235	0.01434	0.00889	0.01141	0.00713	0.00489	0.00468	0.00142	0.00707	0.00396	0.03807	0.00626
17	0.86201	0.00950	0.00722	0.00646	0.00950	0.01102	0.00532	0.01445	0.00836	0.02205	0.00684	0.00798	0.00532	0.00456	0.00304	0.00152	0.00380	0.00266	0.00304	0.00532
18	0.01840	0.02233	0.01373	0.01239	0.01500	0.74704	0.00934	0.02000	0.03253	0.05300	0.00850	0.00950	0.00684	0.00516	0.00447	0.00129	0.00850	0.00331	0.00278	0.00589
19	0.00603	0.00433	0.00572	0.00677	0.00713	0.00402	0.00455	0.00696	0.00966	0.01289	0.06281	0.76937	0.05139	0.01508	0.00624	0.00197	0.00282	0.01365	0.00460	0.00402
20	0.00691	0.00564	0.00829	0.00763	0.00902	0.00514	0.08422	0.00875	0.01176	0.01582	0.32884	0.27388	0.19214	0.01154	0.00594	0.00172	0.00313	0.01041	0.00468	0.00455
21	0.00715	0.00476	0.00536	0.00536	0.00536	0.00476	0.00298	0.00715	0.00715	0.00953	0.01548	0.03216	0.01787	0.82729	0.02501	0.00476	0.00476	0.00715	0.00298	0.00298
22	0.01388	0.01174	0.01202	0.01039	0.01341	0.04168	0.00819	0.19397	0.58932	0.02257	0.01772	0.01654	0.01321	0.00644	0.00496	0.00161	0.00441	0.00522	0.00489	0.00783
23	0.01165	0.00969	0.01123	0.00927	0.06475	0.04004	0.00680	0.04132	0.01110	0.06197	0.00945	0.01071	0.00760	0.00397	0.00388	0.00087	0.00410	0.00319	0.00312	0.68529
24	0.01314	0.83025	0.02575	0.00841	0.01261	0.01945	0.00841	0.01472	0.00999	0.01156	0.00683	0.00788	0.00631	0.00420	0.00315	0.00105	0.00526	0.00263	0.00210	0.00631
25	0.86201	0.00950	0.00722	0.00646	0.00950	0.01102	0.00532	0.01445	0.00836	0.02205	0.00684	0.00798	0.00532	0.00456	0.00304	0.00152	0.00380	0.00266	0.00304	0.00532
26	0.01573	0.01921	0.01253	0.01156	0.01371	0.62185	0.00872	0.01711	0.01253	0.01188	0.00889	0.01128	0.00771	0.01243	0.19060	0.00280	0.00986	0.00365	0.00256	0.00539
27	0.01855	0.01370	0.01468	0.01128	0.01519	0.01518	0.00931	0.76553	0.03803	0.03077	0.01196	0.01193	0.00849	0.00591	0.00492	0.00148	0.00538	0.00445	0.00492	0.00835
28	0.00668	0.00501	0.00618	0.00589	0.00717	0.00452	0.00442	0.00874	0.01325	0.01815	0.61385	0.03927	0.22754	0.01063	0.00580	0.00157	0.00236	0.00925	0.00520	0.00452
29	0.00587	0.00498	0.00507	0.00505	0.00668	0.00418	0.00379	0.00718	0.01136	0.01365	0.09304	0.04668	0.75116	0.01231	0.00581	0.00165	0.00248	0.01029	0.00461	0.00418
30	0.01839	0.01362	0.01458	0.01125	0.01513	0.01510	0.00927	0.74570	0.05814	0.03049	0.01217	0.01210	0.00866	0.00593	0.00492	0.00148	0.00534	0.00448	0.00492	0.00833
31	0.01017	0.00863	0.01006	0.00721	0.01150	0.00650	0.00577	0.01235	0.01019	0.01607	0.00891	0.01039	0.00741	0.00369	0.00363	0.00074	0.00361	0.00295	0.02336	0.83687
32	0.00696	0.00502	0.00657	0.00618	0.00734	0.00464	0.00464	0.00927	0.01391	0.01971	0.79405	0.03671	0.04637	0.01005	0.00580	0.00155	0.00232	0.00889	0.00541	0.00464
33	0.86201	0.00950	0.00722	0.00646	0.00950	0.01102	0.00532	0.01445	0.00836	0.02205	0.00684	0.00798	0.00532	0.00456	0.00304	0.00152	0.00380	0.00266	0.00304	0.00532
34	0.01836	0.02342	0.01393	0.01266	0.01519	0.80756	0.00950	0.01962	0.01393	0.01203	0.00760	0.00886	0.00633	0.00506	0.00443	0.00127	0.00886	0.00317	0.00253	0.00570
35	0.00933	0.00879	0.01484	0.80084	0.04807	0.01093	0.01367	0.01260	0.00985	0.01262	0.00874	0.01308	0.00657	0.00490	0.00491	0.00163	0.00654	0.00437	0.00219	0.00550
36	0.00594	0.00473	0.00533	0.00571	0.00685	0.00412	0.00408	0.00711	0.01073	0.01340	0.08596	0.32257	0.47947	0.01335	0.00597	0.00177	0.00261	0.01156	0.00461	0.00412
37	0.01289	0.01089	0.01149	0.01014	0.01303	0.01253	0.00794	0.10384	0.70895	0.02163	0.01916	0.01766	0.01432	0.00659	0.00499	0.00165	0.00405	0.00544	0.00499	0.00784
38	0.00628	0.00493	0.00568	0.00569	0.00701	0.00433	0.00422	0.00788	0.01198	0.01553	0.31482	0.13055	0.42688	0.01193	0.00587	0.00167	0.00250	0.02306	0.00487	0.00431
39	0.00717	0.00521	0.00706	0.00700	0.00750	0.00582	0.00498	0.00820	0.00758	0.01066	0.01393	0.02430	0.01440	0.35721	0.46863	0.00647	0.03129	0.00600	0.00276	0.00384
40	0.01314	0.83025	0.02575	0.00841	0.01261	0.01945	0.00841	0.01472	0.00999	0.01156	0.00683	0.00788	0.00631	0.00420	0.00315	0.00105	0.00526	0.00263	0.00210	0.00631
41	0.00603	0.00431	0.00575	0.00689	0.00720	0.00403	0.00464	0.00692	0.00945	0.01259	0.02706	0.80707	0.03241	0.01536	0.00628	0.00200	0.00289	0.03057	0.00456	0.00400
42	0.01187	0.01137	0.01941	0.11110	0.71802	0.01160	0.01493	0.01482	0.01105	0.01569	0.00919	0.01226	0.00766	0.00443	0.00487	0.00148	0.00591	0.00438	0.00241	0.00754
43	0.01836	0.02342	0.01393	0.01266	0.01519	0.80756	0.00950	0.01962	0.01393	0.01203	0.00760	0.00886	0.00633	0.00506	0.00443	0.00127	0.00886	0.00317	0.00253	0.00570
44	0.01743	0.02187	0.01406	0.01269	0.01491	0.71042	0.00965	0.01867	0.01314	0.01200	0.00746	0.00909	0.00634	0.00550	0.00586	0.00137	0.10808	0.00330	0.00249	0.00566
45	0.01216	0.01168	0.01995	0.03016	0.79664	0.01168	0.01508	0.01508	0.01119	0.01605	0.00924	0.01216	0.00778	0.00438	0.00487	0.00146	0.00584	0.00438	0.00243	0.00778
46	0.01912	0.01306	0.01431	0.01097	0.01489	0.01419	0.00906	0.68169	0.02193	0.13120	0.01279	0.01244	0.00885	0.00592	0.00492	0.00148	0.00525	0.00449	0.00507	0.00836
47	0.01224	0.01274	0.01568	0.40474	0.05665	0.17402	0.06355	0.06276	0.03207	0.01409	0.00884	0.01200	0.00694	0.00539	0.00613	0.00160	0.09785	0.00425	0.00253	0.00592
48	0.01222	0.01056	0.01111	0.01000	0.01278	0.01222	0.00778	0.02611	0.78776	0.02056	0.02000	0.01833	0.01500	0.00667	0.00500	0.00167	0.00389	0.00556	0.00500	0.00778
49	0.00599	0.00428	0.00570	0.00684	0.00713	0.00399	0.00456	0.00684	0.00941	0.01254	0.02709	0.82409	0.03250	0.01540	0.00627	0.00200	0.00285	0.01397	0.00456	0.00399
50	0.06152	0.07564	0.01357	0.00965	0.01327	0.01312	0.00803	0.49990	0.01848	0.06677	0.01180	0.01216	0.00863	0.00553	0.00442	0.00136	0.00477	0.00413	0.09961	0.06763
51	0.00609	0.00458	0.00565	0.00625	0.00703	0.00413	0.00436	0.00727	0.01058	0.01384	0.15157	0.49758	0.23563	0.01379	0.00608	0.00184	0.00267	0.01224	0.00469	0.00413
52	0.01057	0.07127	0.62854	0.01451	0.02119	0.01194	0.12537	0.01572	0.01061	0.03251	0.00909	0.01077	0.00653	0.00460	0.00475	0.00154	0.00722	0.00391	0.00222	0.00714
53	0.01867	0.01395	0.01473	0.01133	0.01524	0.03002	0.00934	0.76607	0.02293	0.03062	0.01172	0.01174	0.00832	0.00588	0.00491	0.00147	0.00547	0.00440	0.00487	0.00831
54	0.01157	0.01215	0.07646	0.36453	0.03739	0.05493	0.15899	0.12827	0.01237	0.01625	0.01013	0.03130	0.00796	0.01806	0.01700	0.00172	0.00676	0.00481	0.02315	0.00619
55	0.00722	0.00551	0.00807	0.00797	0.00874	0.00649	0.00615	0.00881	0.00782	0.01129	0.01299	0.01981	0.01240	0.09268	0.71120	0.00738	0.05315	0.00535	0.00263	0.00434
56	0.01836	0.02342	0.01393	0.01266	0.01519	0.80756	0.00950	0.01962	0.01393	0.01203	0.00760	0.00886	0.00633	0.00506	0.00443	0.00127	0.00886	0.00317	0.00253	0.00570
57	0.00685	0.00522	0.00748	0.00748	0.00847	0.00586	0.00580	0.00853	0.00837	0.01167	0.01836	0.02328	0.12340	0.03339	0.69391	0.00701	0.01165	0.00599	0.00291	0.00435
58	0.01153	0.00996	0.01121	0.04675	0.01348	0.01139	0.02513	0.02352	0.65484	0.01999	0.09903	0.01987	0.01768	0.00688	0.00510	0.00165	0.00395	0.00585	0.00486	0.00732
59	0.01941	0.01264	0.01187	0.00974	0.01299	0.21653	0.00776	0.10781	0.03327	0.42440	0.01519	0.01429	0.01032	0.00578	0.00468	0.00142	0.00538	0.00441	0.07477	0.00734
60	0.00588	0.00468	0.00529	0.00577	0.00685	0.00408	0.00409	0.00696	0.01044	0.01296	0.04012	0.37791	0.47026	0.01370	0.00601	0.00180	0.00264	0.01190	0.00456	0.00408
61	0.08973	0.34458	0.01691	0.00844	0.01232	0.01264	0.00756	0.01941	0.02748	0.39569	0.01320	0.01240	0.00924	0.00520	0.00405	0.00133	0.00458	0.00381	0.00417	0.00725
62	0.00599	0.00428	0.00570	0.00684	0.00713	0.00399	0.00456	0.00684	0.00941	0.01254	0.02709	0.82409	0.03250	0.01540	0.00627	0.00200	0.00285	0.01397	0.00456	0.00399
63	0.01875	0.01366	0.01468	0.01126	0.01519	0.01508	0.00930	0.76512	0.02292	0.04636	0.01195	0.01190	0.00843	0.00590	0.00492	0.00148	0.00538	0.00443	0.00494	0.00836
64	0.01060	0.00872	0.01023	0.00733	0.01168	0.00657	0.00587	0.01277	0.01032	0.04306	0.00910	0.01042	0.00745	0.00372	0.00368	0.00076	0.00366	0.00298	0.00302	0.82805
65	0.01570	0.43453	0.01995	0.01049	0.01388	0.40599	0.00894	0.01712	0.01192	0.01179	0.00721	0.00836	0.00632	0.00463	0.00378	0.00116	0.00702	0.00289	0.00231	0.00601
66	0.86201	0.00950	0.00722	0.00646	0.00950	0.01102	0.00532	0.01445	0.00836	0.02205	0.00684	0.00798	0.00532	0.00456	0.00304	0.00152	0.00380	0.00266	0.00304	0.00532
67	0.01383	0.00908	0.00956	0.00788	0.01039	0.00980	0.00633	0.38818	0.01658	0.02452	0.01396	0.01512	0.01052	0.00581	0.00416	0.00131	0.00382	0.00450	0.43822	0.00643
68	0.00614	0.00448	0.00581	0.00683	0.00725	0.00422	0.00461	0.00736	0.03004	0.01279	0.02802	0.76447	0.06967	0.01502	0.00622	0.00197	0.00286	0.01357	0.00457	0.00410
69	0.00612	0.00443	0.00582	0.00687	0.00732	0.00413	0.00476	0.00711	0.00969	0.01276	0.02870	0.70753	0.08919	0.01504	0.00628	0.00199	0.00295	0.07070	0.00456	0.00404
70	0.00640	0.00489	0.00587	0.00586	0.00706	0.00436	0.00431	0.00811	0.01225	0.01632	0.41125	0.16394	0.30811	0.01173	0.00588	0.00166	0.00246	0.01021	0.00498	0.00436
71	0.01916	0.00772	0.01048	0.00825	0.01155	0.00673	0.00673	0.02114	0.01404	0.65056	0.16778	0.02055	0.01872	0.00684	0.00511	0.00153	0.00382	0.00570	0.00595	0.00765
72	0.00956	0.00647	0.00803	0.00707	0.00879	0.00630	0.00547	0.11969	0.01523	0.06964	0.63497	0.03193	0.03885	0.00921	0.00562	0.00153	0.00287	0.00801	0.00538	0.00540
73	0.01836	0.02342	0.01393	0.01266	0.01519	0.80756	0.00950	0.01962	0.01393	0.01203	0.00760	0.00886	0.00633	0.00506	0.00443	0.00127	0.00886	0.00317	0.00253	0.00570
74	0.00986	0.02542	0.80183	0.01401	0.02127	0.01141	0.01816	0.01556	0.01038	0.01556	0.00882	0.01038	0.00623	0.00467	0.00467	0.00156	0.00726	0.00363	0.00208	0.00726
75	0.01122	0.03057	0.01390	0.04356	0.10678	0.12340	0.11540	0.03929	0.08046	0.03625	0.10031	0.02297	0.18905	0.00809	0.02492	0.00171	0.03627	0.00631	0.00362	0.00592
76	0.82301	0.00956	0.00758	0.00676	0.00966	0.01121	0.00557	0.01433	0.00832	0.02158	0.00682	0.00811	0.00537	0.00475	0.00364	0.00155	0.04112	0.00274	0.00300	0.00532
77	0.01074	0.10116	0.56388	0.01463	0.02105	0.03599	0.15414	0.01563	0.01066	0.01510	0.00879	0.01061	0.00646	0.00454	0.00472	0.00152	0.00730	0.00391	0.00217	0.00701
78	0.02057	0.00880	0.01144	0.00898	0.01264	0.00813	0.00735	0.04241	0.12417	0.67087	0.01929	0.01684	0.01248	0.00616	0.00495	0.00154	0.00417	0.00502	0.00590	0.00828
79	0.01094	0.01200	0.02533	0.01840	0.02255	0.01147	0.64620	0.01447	0.01088	0.01482	0.01054	0.01537	0.00869	0.09067	0.03906	0.00223	0.03186	0.00587	0.00253	0.00613
80	0.00693	0.00495	0.00679	0.00793	0.00863	0.00481	0.00621	0.00848	0.01034	0.01361	0.02656	0.44709	0.03043	0.01450	0.00653	0.00213	0.00367	0.38161	0.00454	0.00425
81	0.00586	0.00498	0.00505	0.00503	0.00667	0.00417	0.00377	0.00715	0.01132	0.01356	0.08220	0.04683	0.76205	0.01234	0.00581	0.00165	0.00248	0.01031	0.00460	0.00417
82	0.01868	0.01376	0.01475	0.01131	0.01524	0.01524	0.00934	0.78025	0.02311	0.03097	0.01180	0.01180	0.00836	0.00590	0.00492	0.00147	0.00541	0.00442	0.00492	0.00836
83	0.00804	0.00588	0.00792	0.00889	0.01005	0.00597	0.00755	0.01102	0.06919	0.01491	0.02568	0.13426	0.02774	0.01325	0.00660	0.00219	0.00430	0.62728	0.00456	0.00471
84	0.00639	0.00501	0.00584	0.00603	0.00735	0.00445	0.00462	0.00799	0.01166	0.01492	0.22046	0.13089	0.42826	0.01236	0.00599	0.00175	0.00277	0.11421	0.00476	0.00430
85	0.01868	0.01376	0.01475	0.01131	0.01524	0.01524	0.00934	0.78025	0.02311	0.03097	0.01180	0.01180	0.00836	0.00590	0.00492	0.00147	0.00541	0.00442	0.00492	0.00836
86	0.01013	0.00896	0.04656	0.04355	0.01469	0.00853	0.26365	0.01312	0.01051	0.01662	0.01269	0.01552	0.00991	0.00534	0.00530	0.00143	0.06649	0.00492	0.43661	0.00547
87	0.01230	0.01028	0.01100	0.00994	0.01267	0.01178	0.00781	0.04115	0.70725	0.03666	0.02019	0.02046	0.01562	0.00707	0.00511	0.00170	0.00397	0.05247	0.00499	0.00760
88	0.00801	0.00616	0.00747	0.00694	0.00844	0.00618	0.00526	0.01268	0.17262	0.01974	0.61859	0.03318	0.05667	0.00941	0.00563	0.00157	0.00264	0.00824	0.00531	0.00527
89	0.00586	0.00498	0.00505	0.00503	0.00667	0.00417	0.00377	0.00715	0.01132	0.01355	0.08151	0.04684	0.76275	0.01234	0.00581	0.00165	0.00248	0.01031	0.00460	0.00417
90	0.01052	0.01042	0.01462	0.01260	0.01265	0.01451	0.01047	0.01164	0.00755	0.01180	0.00686	0.01127	0.00681	0.01033	0.06444	0.00250	0.76917	0.00436	0.00218	0.00532
91	0.01009	0.00989	0.03409	0.56414	0.02854	0.01132	0.07717	0.01567	0.16934	0.01454	0.01115	0.01412	0.00835	0.00520	0.00500	0.00164	0.00617	0.00471	0.00278	0.00608
92	0.00907	0.00829	0.01184	0.01065	0.01105	0.01105	0.00868	0.01046	0.00769	0.01164	0.00947	0.01460	0.00907	0.02130	0.37201	0.00473	0.45637	0.00473	0.00237	0.00493
93	0.01216	0.01168	0.01995	0.03016	0.79664	0.01168	0.01508	0.01508	0.01119	0.01605	0.00924	0.01216	0.00778	0.00438	0.00487	0.00146	0.00584	0.00438	0.00243	0.00778
94	0.00710	0.00474	0.00537	0.00542	0.00544	0.00473	0.00305	0.00713	0.00725	0.00966	0.01599	0.06667	0.01850	0.79192	0.02420	0.00464	0.00468	0.00744	0.00305	0.00302
95	0.01170	0.01179	0.02158	0.22174	0.15867	0.03793	0.33982	0.01499	0.01095	0.04668	0.00957	0.01284	0.00736	0.00482	0.00611	0.00164	0.06787	0.00496	0.00252	0.00648
96	0.20078	0.07911	0.04486	0.07020	0.02876	0.07783	0.00863	0.09073	0.20206	0.03939	0.01171	0.01284	0.00910	0.00571	0.00507	0.00154	0.06057	0.01323	0.03138	0.00651
97	0.24671	0.07086	0.33215	0.01391	0.14472	0.04427	0.01258	0.01569	0.01025	0.05462	0.00867	0.01009	0.00653	0.00464	0.00416	0.00148	0.00586	0.00346	0.00261	0.00674
98	0.00782	0.00603	0.00750	0.00649	0.00848	0.00523	0.00496	0.01029	0.02736	0.01865	0.56740	0.03015	0.05605	0.00848	0.00525	0.00135	0.00268	0.00740	0.00477	0.21367
99	0.01201	0.01253	0.02265	0.10229	0.33868	0.04456	0.33111	0.02890	0.02874	0.01577	0.00970	0.01270	0.00764	0.00444	0.00524	0.00156	0.00700	0.00494	0.00253	0.00700
100	0.00927	0.00546	0.00648	0.00617	0.00708	0.00602	0.00469	0.01096	0.00939	0.03630	0.01427	0.01833	0.01201	0.06823	0.09778	0.04671	0.09722	0.00480	0.53433	0.00451
101	0.00614	0.00478	0.00558	0.00582	0.00696	0.00422	0.00420	0.00753	0.01133	0.01463	0.22511	0.27466	0.38600	0.01273	0.00594	0.00173	0.00255	0.01107	0.00477	0.00422
102	0.01091	0.00831	0.01209	0.26081	0.11086	0.03102	0.04064	0.03388	0.02336	0.08250	0.12876	0.03408	0.01508	0.00612	0.00479	0.00148	0.00475	0.00537	0.17939	0.00581
103	0.00715	0.00476	0.00536	0.00536	0.00536	0.00476	0.00298	0.00715	0.00715	0.00953	0.01548	0.03216	0.01787	0.82729	0.02501	0.00476	0.00476	0.00715	0.00298	0.00298
104	0.01868	0.01376	0.01475	0.01131	0.01524	0.01524	0.00934	0.78025	0.02311	0.03097	0.01180	0.01180	0.00836	0.00590	0.00492	0.00147	0.00541	0.00442	0.00492	0.00836
105	0.01019	0.00873	0.01019	0.00728	0.01165	0.00655	0.00582	0.01237	0.01019	0.01601	0.00873	0.01019	0.00728	0.00364	0.00364	0.00073	0.00364	0.00291	0.00291	0.85734
106	0.01519	0.46672	0.02019	0.00992	0.01345	0.27907	0.00867	0.08033	0.01240	0.01357	0.00782	0.00889	0.00670	0.00468	0.00373	0.00116	0.00636	0.00302	0.03189	0.00622
107	0.86201	0.00950	0.00722	0.00646	0.00950	0.01102	0.00532	0.01445	0.00836	0.02205	0.00684	0.00798	0.00532	0.00456	0.00304	0.00152	0.00380	0.00266	0.00304	0.00532
108	0.01474	0.01084	0.04692	0.18025	0.25233	0.02589	0.04392	0.02952	0.02806	0.26284	0.01246	0.01377	0.00891	0.00530	0.00543	0.00156	0.04179	0.00458	0.00360	0.00729
109	0.00761	0.00579	0.00780	0.00761	0.00810	0.00666	0.00555	0.02398	0.00809	0.01137	0.01464	0.11025	0.01554	0.28313	0.36433	0.00547	0.10037	0.00669	0.00295	0.00409
110	0.00712	0.00475	0.00537	0.00540	0.00541	0.00474	0.00302	0.00714	0.00721	0.00961	0.01579	0.05319	0.01825	0.80573	0.02451	0.00469	0.00471	0.00733	0.00302	0.00300
111	0.02205	0.00836	0.01140	0.00874	0.01254	0.00722	0.00722	0.02395	0.01407	0.80004	0.01939	0.01673	0.01216	0.00608	0.00494	0.00152	0.00418	0.00494	0.00608	0.00836
112	0.01150	0.00607	0.00793	0.00693	0.00896	0.00541	0.00544	0.01357	0.01358	0.25879	0.44936	0.03233	0.11704	0.00921	0.00557	0.00157	0.00298	0.03254	0.00550	0.00573
113	0.08030	0.00755	0.00890	0.00728	0.01007	0.00727	0.00589	0.08696	0.01308	0.38615	0.01653	0.01621	0.01146	0.00582	0.00425	0.00138	0.00357	0.00459	0.31600	0.00675
114	0.00761	0.00596	0.00815	0.13751	0.01226	0.00612	0.00666	0.01050	0.05146	0.01702	0.41937	0.06604	0.09944	0.00999	0.00578	0.00170	0.00345	0.12151	0.00463	0.00484
115	0.06906	0.15913	0.25816	0.01339	0.01840	0.07610	0.19880	0.03473	0.01139	0.08848	0.00986	0.02372	0.00750	0.00481	0.00461	0.00147	0.00666	0.00419	0.00276	0.00677
116	0.01565	0.01987	0.09866	0.01251	0.01562	0.47786	0.03666	0.04027	0.17221	0.01478	0.01042	0.01128	0.00820	0.00549	0.00511	0.00143	0.04069	0.00388	0.00304	0.00638
117	0.01094	0.00590	0.00739	0.00700	0.00866	0.00542	0.00521	0.03265	0.02718	0.21966	0.07527	0.33276	0.13697	0.03053	0.00600	0.00178	0.00320	0.00948	0.06858	0.00541
118	0.00690	0.00502	0.00649	0.00613	0.00731	0.00461	0.00459	0.00917	0.01378	0.01941	0.75936	0.03720	0.08124	0.01016	0.00580	0.00155	0.00233	0.00896	0.00537	0.00461
119	0.00682	0.00490	0.00634	0.00692	0.00745	0.00488	0.00475	0.03887	0.00959	0.01290	0.03896	0.53559	0.04710	0.12514	0.12252	0.00316	0.00465	0.01124	0.00411	0.00411
120	0.00638	0.00500	0.00578	0.00558	0.00699	0.00439	0.00419	0.00817	0.01256	0.01650	0.42277	0.04199	0.41965	0.01124	0.00580	0.00160	0.00240	0.00963	0.00499	0.00439
121	0.00714	0.00478	0.00546	0.00546	0.00550	0.00482	0.00311	0.00721	0.00718	0.00961	0.01539	0.03163	0.01764	0.79494	0.05705	0.00489	0.00511	0.00707	0.00296	0.00304
122	0.01059	0.00793	0.01141	0.10665	0.22579	0.00814	0.00867	0.07113	0.01221	0.05067	0.14349	0.06246	0.04888	0.00679	0.00481	0.00146	0.00411	0.00595	0.20287	0.00596
123	0.01754	0.01029	0.01198	0.00969	0.01310	0.01072	0.00783	0.21891	0.25476	0.32976	0.04933	0.01677	0.01346	0.00638	0.00499	0.00155	0.00433	0.00516	0.00542	0.00803
124	0.01019	0.00873	0.01019	0.00728	0.01165	0.00655	0.00582	0.01237	0.01019	0.01601	0.00873	0.01019	0.00728	0.00364	0.00364	0.00073	0.00364	0.00291	0.00291	0.85734
125	0.86201	0.00950	0.00722	0.00646	0.00950	0.01102	0.00532	0.01445	0.00836	0.02205	0.00684	0.00798	0.00532	0.00456	0.00304	0.00152	0.00380	0.00266	0.00304	0.00532
126	0.01023	0.02220	0.66798	0.01285	0.01928	0.01043	0.01608	0.01526	0.01069	0.06326	0.01309	0.01500	0.06628	0.00563	0.00484	0.00158	0.00663	0.02909	0.00259	0.00701
127	0.00893	0.00615	0.00703	0.00674	0.00844	0.00578	0.00504	0.08093	0.04522	0.09136	0.06099	0.27047	0.36062	0.01177	0.00575	0.00173	0.00308	0.01011	0.00479	0.00507
128	0.01483	0.01160	0.01239	0.01041	0.01363	0.01309	0.00830	0.28880	0.49333	0.05240	0.01712	0.01600	0.01258	0.00638	0.00497	0.00159	0.00443	0.00514	0.00501	0.00800
129	0.84520	0.00948	0.00731	0.00651	0.00956	0.01095	0.00536	0.01464	0.00848	0.03762	0.00709	0.00816	0.00546	0.00459	0.00308	0.00152	0.00381	0.00271	0.00310	0.00538
130	0.01221	0.01948	0.41677	0.01361	0.01898	0.04499	0.09511	0.14329	0.12342	0.01856	0.01089	0.01200	0.00797	0.00526	0.00528	0.00158	0.03600	0.00427	0.00303	0.00732
131	0.00704	0.00519	0.00754	0.00754	0.00829	0.00595	0.00569	0.00854	0.00779	0.01114	0.01349	0.02113	0.01308	0.14912	0.69664	0.00745	0.01197	0.00553	0.00268	0.00419
132	0.24842	0.01863	0.01218	0.01083	0.01365	0.50872	0.00834	0.09660	0.01336	0.01671	0.00782	0.00893	0.00626	0.00501	0.00410	0.00136	0.00713	0.00316	0.00292	0.00587
133	0.01443	0.01145	0.01230	0.00924	0.01334	0.04303	0.00750	0.33789	0.01591	0.04287	0.01027	0.01099	0.00783	0.00472	0.00425	0.00109	0.00462	0.00362	0.00383	0.44084
134	0.00715	0.00476	0.00536	0.00536	0.00536	0.00476	0.00298	0.00715	0.00715	0.00953	0.01548	0.03216	0.01787	0.82729	0.02501	0.00476	0.00476	0.00715	0.00298	0.00298
135	0.00742	0.00536	0.00708	0.00721	0.03977	0.00494	0.00511	0.00959	0.01330	0.03831	0.62270	0.07090	0.11311	0.01025	0.00578	0.00159	0.00260	0.02505	0.00517	0.00478
136	0.00688	0.00479	0.00604	0.00638	0.00732	0.00434	0.00453	0.00827	0.01121	0.04694	0.24751	0.42022	0.18144	0.01294	0.00599	0.00178	0.00269	0.01148	0.00486	0.00438
137	0.01131	0.04394	0.20334	0.12125	0.21466	0.01246	0.07192	0.01451	0.01007	0.04581	0.00880	0.01164	0.00704	0.00554	0.00746	0.00167	0.19525	0.00425	0.00239	0.00668
138	0.00928	0.00873	0.01474	0.81548	0.03385	0.01092	0.01365	0.01256	0.00983	0.01256	0.00873	0.01310	0.00655	0.00491	0.00491	0.00164	0.00655	0.00437	0.00218	0.00546
139	0.01436	0.00920	0.01244	0.17197	0.06194	0.00992	0.00915	0.10882	0.06094	0.25765	0.01869	0.01893	0.12101	0.00694	0.00628	0.00163	0.09364	0.00547	0.00424	0.00679
140	0.00704	0.00483	0.00560	0.00560	0.00581	0.00486	0.00336	0.00731	0.00751	0.00999	0.01767	0.03189	0.07229	0.68692	0.10553	0.00487	0.00548	0.00718	0.00305	0.00321
141	0.00817	0.01207	0.25258	0.01138	0.07115	0.00806	0.01018	0.01073	0.00978	0.01382	0.03408	0.38600	0.04285	0.01034	0.00672	0.00182	0.09261	0.00882	0.00339	0.00545
142	0.47843	0.12469	0.00953	0.00656	0.00923	0.01022	0.00548	0.01273	0.01009	0.01935	0.19251	0.01760	0.07478	0.00638	0.00391	0.00147	0.00356	0.00468	0.00357	0.00521
143	0.61009	0.00951	0.00857	0.00733	0.01052	0.01054	0.00600	0.04354	0.06825	0.16975	0.01038	0.01055	0.00745	0.00505	0.00361	0.00153	0.00394	0.00337	0.00383	0.00619
144	0.00783	0.00622	0.00848	0.00805	0.00843	0.00749	0.00598	0.00882	0.00759	0.01086	0.01280	0.03602	0.01335	0.30438	0.35677	0.00551	0.17877	0.00587	0.00268	0.00410
145	0.07641	0.71475	0.07654	0.00864	0.01296	0.01828	0.00883	0.01475	0.00989	0.01262	0.00697	0.00806	0.00623	0.00426	0.00325	0.00112	0.00528	0.00270	0.00217	0.00630
146	0.01208	0.48252	0.32748	0.01077	0.01609	0.04982	0.01225	0.01525	0.01030	0.01314	0.00764	0.00890	0.00628	0.00442	0.00380	0.00126	0.00619	0.00304	0.00211	0.00665
147	0.00906	0.00766	0.00952	0.01050	0.12096	0.00786	0.00689	0.01479	0.25088	0.01803	0.28066	0.02990	0.19603	0.00873	0.00542	0.00160	0.00334	0.00755	0.00467	0.00594
148	0.01074	0.00888	0.00967	0.00875	0.01106	0.00982	0.00676	0.06695	0.48239	0.02015	0.19077	0.05641	0.08045	0.00814	0.00528	0.00164	0.00349	0.00691	0.00503	0.00671
149	0.00826	0.00503	0.00671	0.00655	0.00688	0.00537	0.00451	0.02316	0.00758	0.01073	0.01181	0.02034	0.01193	0.23543	0.14823	0.36286	0.03713	0.00523	0.07905	0.00320
150	0.00618	0.00454	0.00581	0.00654	0.00718	0.00417	0.00456	0.00737	0.01046	0.01390	0.15750	0.56150	0.14202	0.01404	0.00614	0.00188	0.00276	0.03460	0.00470	0.00414
151	0.01314	0.83025	0.02575	0.00841	0.01261	0.01945	0.00841	0.01472	0.00999	0.01156	0.00683	0.00788	0.00631	0.00420	0.00315	0.00105	0.00526	0.00263	0.00210	0.00631
152	0.00854	0.00427	0.00640	0.00640	0.00640	0.00427	0.00427	0.00640	0.00640	0.00854	0.00854	0.01494	0.00854	0.01707	0.01921	0.85702	0.00427	0.00427	0.00213	0.00213
153	0.01965	0.01221	0.01379	0.01057	0.01447	0.01294	0.00873	0.56283	0.02051	0.25207	0.01398	0.01322	0.00945	0.00595	0.00492	0.00149	0.00506	0.00457	0.00525	0.00836
154	0.01385	0.01030	0.01147	0.00923	0.01230	0.01087	0.00737	0.30628	0.14754	0.05337	0.01334	0.01492	0.01048	0.06211	0.03733	0.00183	0.03420	0.00457	0.06865	0.16998
155	0.01464	0.59830	0.02235	0.00963	0.01335	0.24602	0.00872	0.01613	0.01112	0.01170	0.00705	0.00816	0.00631	0.00445	0.00352	0.00111	0.00629	0.00278	0.00223	0.00613
156	0.01868	0.01376	0.01475	0.01131	0.01524	0.01524	0.00934	0.78025	0.02311	0.03097	0.01180	0.01180	0.00836	0.00590	0.00492	0.00147	0.00541	0.00442	0.00492	0.00836
157	0.00980	0.00923	0.01559	0.62920	0.19322	0.01089	0.01371	0.01293	0.01010	0.01329	0.00933	0.03444	0.00750	0.00508	0.00494	0.00161	0.00630	0.00462	0.00230	0.00591
158	0.00668	0.00469	0.00567	0.00592	0.00635	0.00448	0.00381	0.00747	0.00941	0.01267	0.17529	0.26047	0.08159	0.37692	0.01452	0.00312	0.00358	0.00967	0.00402	0.00368
159	0.00602	0.00440	0.00567	0.00667	0.00715	0.00406	0.00455	0.00696	0.00968	0.01269	0.02990	0.70653	0.12783	0.01498	0.00623	0.00196	0.00285	0.03331	0.00456	0.00403
160	0.01738	0.00730	0.00977	0.00794	0.01092	0.00636	0.00638	0.01920	0.01342	0.56663	0.12670	0.09111	0.07891	0.00791	0.00524	0.00158	0.00369	0.00667	0.00574	0.00716
161	0.00633	0.00499	0.00564	0.00548	0.00687	0.00437	0.00407	0.00795	0.01213	0.01572	0.34875	0.04240	0.46086	0.04483	0.00659	0.00174	0.00251	0.00964	0.00484	0.00430
162	0.86201	0.00950	0.00722	0.00646	0.00950	0.01102	0.00532	0.01445	0.00836	0.02205	0.00684	0.00798	0.00532	0.00456	0.00304	0.00152	0.00380	0.00266	0.00304	0.00532
163	0.01416	0.00940	0.00992	0.00811	0.01072	0.01018	0.00654	0.41510	0.01703	0.02496	0.01381	0.01490	0.01037	0.00582	0.00421	0.00132	0.00393	0.00450	0.40848	0.00656
164	0.00998	0.00945	0.01601	0.62372	0.22011	0.01110	0.01400	0.01317	0.01016	0.01341	0.00886	0.01287	0.00685	0.00478	0.00490	0.00159	0.00638	0.00437	0.00224	0.00603
165	0.01314	0.83025	0.02575	0.00841	0.01261	0.01945	0.00841	0.01472	0.00999	0.01156	0.00683	0.00788	0.00631	0.00420	0.00315	0.00105	0.00526	0.00263	0.00210	0.00631
166	0.10541	0.01891	0.01350	0.01159	0.01462	0.47306	0.00902	0.26140	0.01628	0.01910	0.00886	0.00971	0.00687	0.00528	0.00444	0.00136	0.00724	0.00351	0.00334	0.00651
167	0.01511	0.01189	0.01263	0.01043	0.01373	0.01336	0.00837	0.39301	0.38317	0.02534	0.01722	0.01633	0.04367	0.00653	0.00499	0.00157	0.00457	0.00520	0.00494	0.00791
168	0.01122	0.00858	0.00965	0.00863	0.01095	0.00935	0.00670	0.03720	0.45252	0.07290	0.28580	0.02439	0.02544	0.00777	0.00527	0.00161	0.00340	0.00663	0.00521	0.00675
169	0.01117	0.01066	0.01814	0.30197	0.53263	0.01141	0.01459	0.01421	0.01072	0.01484	0.00907	0.01249	0.00736	0.00456	0.00488	0.00152	0.00608	0.00437	0.00235	0.00698
170	0.00619	0.00483	0.00561	0.00576	0.00696	0.00425	0.00419	0.00765	0.01158	0.01499	0.26213	0.22420	0.39926	0.01243	0.00591	0.00170	0.00252	0.01077	0.00481	0.00425
171	0.00883	0.00734	0.01224	0.00989	0.01201	0.00723	0.21149	0.01130	0.01079	0.01586	0.12587	0.02355	0.11771	0.03719	0.09384	0.00230	0.03797	0.00641	0.24314	0.00504
172	0.26121	0.03413	0.01143	0.00913	0.01248	0.17362	0.00738	0.09321	0.01317	0.32034	0.01231	0.01190	0.00848	0.00537	0.00424	0.00145	0.00518	0.00381	0.00426	0.00689
173	0.00679	0.00519	0.00673	0.05643	0.00908	0.00492	0.00531	0.00870	0.01211	0.01625	0.38844	0.16475	0.20047	0.01144	0.00592	0.00172	0.00292	0.08356	0.00481	0.00447
174	0.01234	0.01563	0.13758	0.19165	0.06736	0.21877	0.02713	0.01687	0.13104	0.01432	0.01101	0.01304	0.02152	0.00696	0.04232	0.00184	0.05730	0.00429	0.00277	0.00625
175	0.00769	0.00560	0.00786	0.08699	0.01021	0.00622	0.00594	0.02526	0.00842	0.01148	0.01552	0.21712	0.01679	0.17282	0.20988	0.12876	0.04898	0.00745	0.00308	0.00394
176	0.00785	0.00600	0.00747	0.00803	0.00908	0.00625	0.00607	0.01186	0.17559	0.01479	0.03948	0.40793	0.02693	0.03080	0.03931	0.00228	0.00392	0.18688	0.00455	0.00493
177	0.01159	0.01571	0.23456	0.12032	0.22853	0.05067	0.10026	0.04883	0.09777	0.01632	0.01062	0.02421	0.00827	0.00501	0.00494	0.00155	0.00647	0.00454	0.00273	0.00708
178	0.01633	0.01919	0.01360	0.01249	0.03215	0.53847	0.00937	0.04040	0.17233	0.01435	0.01019	0.01112	0.00821	0.00570	0.00556	0.00143	0.07602	0.00381	0.00307	0.00621
179	0.00715	0.00476	0.00536	0.00536	0.00536	0.00476	0.00298	0.00715	0.00715	0.00953	0.01548	0.03216	0.01787	0.82729	0.02501	0.00476	0.00476	0.00715	0.00298	0.00298
180	0.00939	0.00885	0.01494	0.78516	0.06330	0.01095	0.01370	0.01265	0.00988	0.01269	0.00875	0.01307	0.00660	0.00489	0.00491	0.00163	0.00652	0.00437	0.00219	0.00555
181	0.01186	0.01004	0.01100	0.00897	0.01249	0.01009	0.00708	0.07681	0.40736	0.01945	0.01470	0.01446	0.01129	0.00535	0.00443	0.00126	0.00390	0.00437	0.00413	0.36095
182	0.00751	0.00529	0.00669	0.00654	0.00708	0.00563	0.00446	0.03585	0.00843	0.01163	0.06431	0.02708	0.01733	0.46029	0.30531	0.00557	0.00766	0.00648	0.00308	0.00379
183	0.00998	0.01041	0.00910	0.00828	0.01008	0.22655	0.03744	0.01178	0.01303	0.01564	0.33923	0.04818	0.22299	0.00916	0.00543	0.00151	0.00442	0.00767	0.00426	0.00487
184	0.00598	0.00429	0.00569	0.00681	0.00712	0.00399	0.00455	0.00685	0.00944	0.01256	0.02744	0.81211	0.04426	0.01535	0.00627	0.00199	0.00285	0.01391	0.00456	0.00399
185	0.35617	0.01166	0.01133	0.00912	0.01264	0.02816	0.00750	0.37184	0.02656	0.10522	0.01062	0.01081	0.00758	0.00538	0.00416	0.00150	0.00469	0.00376	0.00424	0.00708
186	0.86201	0.00950	0.00722	0.00646	0.00950	0.01102	0.00532	0.01445	0.00836	0.02205	0.00684	0.00798	0.00532	0.00456	0.00304	0.00152	0.00380	0.00266	0.00304	0.00532
187	0.01075	0.01075	0.01505	0.01290	0.01290	0.01505	0.01075	0.01183	0.00753	0.01183	0.00645	0.01075	0.00645	0.00860	0.01613	0.00215	0.81830	0.00430	0.00215	0.00538
188	0.03528	0.01067	0.01277	0.23646	0.01911	0.01244	0.00968	0.17504	0.39333	0.02046	0.01482	0.01526	0.01102	0.00596	0.00491	0.00162	0.00494	0.00492	0.00414	0.00718
189	0.01271	0.72612	0.12616	0.00913	0.01373	0.01841	0.00967	0.01482	0.01004	0.01208	0.00709	0.00821	0.00630	0.00426	0.00335	0.00112	0.00552	0.00276	0.00210	0.00643
190	0.09427	0.01057	0.06477	0.00935	0.01334	0.00926	0.00817	0.15656	0.01492	0.54282	0.01623	0.01466	0.01049	0.00582	0.00475	0.00151	0.00457	0.00456	0.00534	0.00802
191	0.00590	0.00500	0.00511	0.00512	0.00674	0.00420	0.00386	0.00721	0.01131	0.01356	0.07798	0.04707	0.74845	0.01238	0.00583	0.00167	0.00253	0.02732	0.00460	0.00418
192	0.00687	0.00501	0.00641	0.00607	0.00724	0.00460	0.00453	0.00905	0.01354	0.01896	0.71657	0.03746	0.10611	0.02852	0.00623	0.00163	0.00239	0.00897	0.00529	0.00456
193	0.33127	0.01042	0.01080	0.00868	0.01220	0.01112	0.00715	0.23701	0.04442	0.26214	0.01260	0.01215	0.00865	0.00549	0.00423	0.00151	0.00438	0.00397	0.00458	0.00721
194	0.01014	0.00553	0.00563	0.00527	0.00671	0.00568	0.00404	0.09069	0.01162	0.01963	0.01559	0.01765	0.01216	0.00574	0.00359	0.00118	0.00261	0.00456	0.76701	0.00497
195	0.00915	0.00546	0.00633	0.00593	0.00647	0.00539	0.00365	0.03562	0.00844	0.09527	0.01578	0.02980	0.01693	0.71065	0.02216	0.00430	0.00472	0.00682	0.00338	0.00374
196	0.00715	0.00476	0.00536	0.00536	0.00536	0.00476	0.00298	0.00715	0.00715	0.00953	0.01548	0.03216	0.01787	0.82729	0.02501	0.00476	0.00476	0.00715	0.00298	0.00298
197	0.00986	0.02542	0.80183	0.01401	0.02127	0.01141	0.01816	0.01556	0.01038	0.01556	0.00882	0.01038	0.00623	0.00467	0.00467	0.00156	0.00726	0.00363	0.00208	0.00726
198	0.01401	0.13281	0.25923	0.09406	0.01778	0.06547	0.03790	0.02638	0.01162	0.22278	0.01247	0.06319	0.00958	0.00570	0.00468	0.00149	0.00593	0.00461	0.00339	0.00691
199	0.01634	0.05306	0.01617	0.01683	0.20298	0.54489	0.03025	0.01839	0.03164	0.01327	0.00832	0.00995	0.00692	0.00488	0.00453	0.00132	0.00785	0.00356	0.00255	0.00630
200	0.01670	0.01278	0.01363	0.01091	0.01448	0.01431	0.00886	0.54836	0.25823	0.02777	0.01432	0.01381	0.01040	0.00614	0.00494	0.00153	0.00494	0.00477	0.00494	0.00818
201	0.00625	0.00445	0.00595	0.00704	0.00742	0.00421	0.00489	0.00724	0.00955	0.01269	0.02656	0.70808	0.03151	0.04355	0.00699	0.00212	0.00311	0.09988	0.00450	0.00402
202	0.01284	0.35920	0.01942	0.01097	0.01310	0.12947	0.00958	0.01416	0.00948	0.01174	0.00677	0.00927	0.00637	0.00624	0.00898	0.00156	0.35941	0.00343	0.00218	0.00582
203	0.00950	0.00543	0.00713	0.00693	0.00834	0.00492	0.00517	0.01113	0.01204	0.16817	0.28464	0.31059	0.09366	0.01148	0.00584	0.00174	0.00297	0.04010	0.00514	0.00509
204	0.01667	0.02065	0.01274	0.01160	0.01396	0.68150	0.00868	0.02944	0.01364	0.01260	0.03946	0.01349	0.06582	0.03271	0.00526	0.00142	0.00797	0.00405	0.00284	0.00550
205	0.01157	0.00983	0.01047	0.00947	0.01204	0.01119	0.00734	0.04359	0.65729	0.02023	0.07588	0.04695	0.04772	0.00739	0.00513	0.00166	0.00373	0.00622	0.00500	0.00731
206	0.00616	0.00488	0.00554	0.00562	0.00692	0.00426	0.00412	0.00764	0.01167	0.01497	0.25591	0.17063	0.45976	0.01225	0.00588	0.00168	0.00250	0.01054	0.00480	0.00426
207	0.05551	0.01345	0.01434	0.01103	0.01493	0.01486	0.00911	0.72877	0.02225	0.04900	0.01176	0.01175	0.00832	0.00585	0.00483	0.00148	0.00531	0.00436	0.00486	0.00823
208	0.01000	0.00946	0.01603	0.62074	0.22300	0.01111	0.01400	0.01318	0.01016	0.01342	0.00886	0.01287	0.00686	0.00478	0.00490	0.00159	0.00637	0.00437	0.00225	0.00604
209	0.01625	0.18098	0.10457	0.01234	0.03285	0.53001	0.01037	0.03396	0.01289	0.01282	0.00771	0.00898	0.00639	0.00485	0.00423	0.00127	0.00784	0.00317	0.00244	0.00609
210	0.86201	0.00950	0.00722	0.00646	0.00950	0.01102	0.00532	0.01445	0.00836	0.02205	0.00684	0.00798	0.00532	0.00456	0.00304	0.00152	0.00380	0.00266	0.00304	0.00532
211	0.01033	0.01114	0.02296	0.01715	0.02075	0.01082	0.55537	0.01354	0.01082	0.01476	0.01336	0.18689	0.01275	0.00689	0.00667	0.00177	0.06771	0.00744	0.00291	0.00597
212	0.00599	0.00428	0.00570	0.00684	0.00713	0.00399	0.00456	0.00684	0.00941	0.01254	0.02709	0.82409	0.03250	0.01540	0.00627	0.00200	0.00285	0.01397	0.00456	0.00399
213	0.00993	0.00619	0.00696	0.00687	0.00840	0.00645	0.00557	0.08430	0.06994	0.01866	0.01874	0.02814	0.01679	0.00802	0.00463	0.00153	0.00333	0.21787	0.47253	0.00516
214	0.00683	0.00517	0.00689	0.03705	0.03891	0.00500	0.00549	0.03418	0.01021	0.01346	0.02746	0.63191	0.10645	0.01391	0.00609	0.00192	0.00321	0.03710	0.00440	0.00438
215	0.00854	0.00427	0.00640	0.00640	0.00640	0.00427	0.00427	0.00640	0.00640	0.00854	0.00854	0.01494	0.00854	0.01707	0.01921	0.85702	0.00427	0.00427	0.00213	0.00213
216	0.00986	0.02542	0.80183	0.01401	0.02127	0.01141	0.01816	0.01556	0.01038	0.01556	0.00882	0.01038	0.00623	0.00467	0.00467	0.00156	0.00726	0.00363	0.00208	0.00726
217	0.00947	0.00488	0.00491	0.00480	0.00604	0.00493	0.00363	0.03661	0.01072	0.01874	0.01589	0.01811	0.01246	0.00573	0.00348	0.00116	0.00239	0.00458	0.82676	0.00470
218	0.17482	0.01326	0.01325	0.01041	0.01412	0.04673	0.00856	0.59219	0.01982	0.04399	0.01086	0.01107	0.00779	0.00562	0.00455	0.00148	0.00523	0.00406	0.00449	0.00769
219	0.00768	0.00568	0.00812	0.04522	0.01044	0.00567	0.03807	0.00995	0.03051	0.01488	0.09064	0.27631	0.02765	0.01221	0.00610	0.00196	0.00388	0.32651	0.07393	0.00459
220	0.03203	0.08787	0.30396	0.01466	0.12795	0.09782	0.04431	0.03796	0.04130	0.14990	0.01089	0.01174	0.00790	0.00496	0.00462	0.00147	0.00632	0.00399	0.00309	0.00725
221	0.00973	0.00717	0.00871	0.00734	0.01008	0.00600	0.00569	0.04089	0.01127	0.07002	0.09685	0.20342	0.05033	0.00820	0.00488	0.00132	0.00344	0.05331	0.00401	0.39736
222	0.04889	0.16735	0.17894	0.01183	0.04765	0.01471	0.01099	0.38906	0.03310	0.03681	0.01027	0.01087	0.00760	0.00524	0.00446	0.00142	0.00566	0.00389	0.00365	0.00759
223	0.01290	0.67255	0.14125	0.00938	0.01403	0.01805	0.00991	0.04991	0.01064	0.01305	0.00736	0.00844	0.00639	0.00435	0.00346	0.00115	0.00556	0.00286	0.00223	0.00654
224	0.00614	0.00456	0.00562	0.00630	0.00697	0.00416	0.00433	0.00715	0.01002	0.01305	0.08498	0.51614	0.21004	0.07167	0.00747	0.00209	0.00290	0.02792	0.00451	0.00401
225	0.02556	0.15940	0.32111	0.01096	0.01550	0.06119	0.02699	0.05308	0.08992	0.01564	0.03995	0.01576	0.05820	0.03668	0.03632	0.00184	0.00617	0.01632	0.00293	0.00647
226	0.01199	0.20291	0.27173	0.08562	0.16592	0.02348	0.01319	0.03569	0.02956	0.05142	0.00921	0.01089	0.00716	0.00472	0.00459	0.00140	0.02246	0.00371	0.00253	0.04181
227	0.09654	0.03397	0.04011	0.02765	0.05749	0.00839	0.00741	0.01593	0.14348	0.15172	0.14706	0.08030	0.03626	0.02493	0.00548	0.00167	0.00397	0.07277	0.00443	0.04043
228	0.01015	0.08773	0.26148	0.19819	0.05072	0.01145	0.01247	0.02668	0.11828	0.01513	0.03829	0.01530	0.05204	0.00729	0.04480	0.00188	0.03421	0.00466	0.00284	0.00641
229	0.03327	0.04481	0.17060	0.12200	0.19469	0.01009	0.05035	0.01394	0.01021	0.06236	0.01036	0.01366	0.00845	0.04283	0.11954	0.00249	0.00698	0.00434	0.00265	0.07640
230	0.01084	0.01356	0.20414	0.01156	0.01568	0.04391	0.12913	0.01470	0.05477	0.05956	0.12213	0.03695	0.01401	0.00653	0.02351	0.00157	0.04284	0.00506	0.00328	0.18627
231	0.04588	0.01265	0.18507	0.04518	0.15622	0.00955	0.07663	0.06153	0.03887	0.08054	0.01948	0.07080	0.16252	0.00703	0.00512	0.00159	0.00523	0.00613	0.00347	0.00652

[dist]
# distance from previous block
# <min> <max>
27	56

[block]
# block no. 1 follows, 51 sequences, length 11
# corresponding to MSA columns:
# 290-300
name=unknown_B
#
# <colnr> <probs for GDERKNQSTAVLIFYWHMCP>
#	G	D	E	R	K	N	Q	S	T	A	V	L	I	F	Y	W	H	M	C	P
0	0.06061	0.07043	0.15086	0.01554	0.19617	0.06855	0.06489	0.01800	0.05413	0.20387	0.01267	0.01331	0.02521	0.00515	0.00467	0.00147	0.00571	0.00435	0.00346	0.02096
1	0.14031	0.13881	0.10579	0.01086	0.08207	0.06531	0.00891	0.03872	0.04249	0.17602	0.05384	0.05879	0.04590	0.00619	0.00446	0.00147	0.00490	0.00486	0.00372	0.00659
2	0.04157	0.08432	0.06429	0.00870	0.01188	0.00958	0.00763	0.11189	0.06882	0.16421	0.12137	0.02189	0.09631	0.00726	0.00528	0.00149	0.03304	0.04881	0.00435	0.08733
3	0.07372	0.03681	0.19904	0.00952	0.01270	0.02386	0.03175	0.07929	0.03957	0.06267	0.14994	0.11506	0.01856	0.10382	0.00755	0.00197	0.01825	0.00637	0.00374	0.00584
4	0.03999	0.45215	0.07173	0.01124	0.08375	0.01476	0.06472	0.01430	0.04264	0.01382	0.04367	0.01535	0.08057	0.00561	0.00412	0.00132	0.00516	0.02614	0.00273	0.00624
5	0.01067	0.19780	0.23665	0.01164	0.05486	0.01113	0.08229	0.01390	0.01139	0.05293	0.18962	0.04416	0.01686	0.00612	0.00473	0.00142	0.00526	0.00524	0.00321	0.04012
6	0.15409	0.20093	0.01518	0.01034	0.01340	0.40767	0.00835	0.01836	0.07485	0.04248	0.00873	0.00955	0.00707	0.00496	0.00398	0.00130	0.00666	0.00322	0.00285	0.00604
7	0.01233	0.12926	0.42890	0.01313	0.01854	0.07441	0.06242	0.12082	0.01224	0.01664	0.00879	0.01033	0.00663	0.00503	0.00531	0.00150	0.06042	0.00375	0.00254	0.00700
8	0.07973	0.06879	0.20378	0.00881	0.01193	0.00890	0.00871	0.05917	0.01135	0.01627	0.12857	0.13507	0.17809	0.00877	0.00568	0.00163	0.04844	0.00713	0.00366	0.00554
