[name]
unknown

[dist]
# distance from previous block
# <min> <max>
1	79

[block]
# block no. 0 follows, 44 sequences, length 59
# corresponding to MSA columns:
# 79-137
name=unknown_A
#
# <colnr> <probs for GDERKNQSTAVLIFYWHMCP>
#	G	D	E	R	K	N	Q	S	T	A	V	L	I	F	Y	W	H	M	C	P
0	0.01729	0.01322	0.03391	0.01211	0.03944	0.01394	0.00966	0.48421	0.07112	0.05329	0.01650	0.09593	0.03156	0.00778	0.00585	0.00170	0.02522	0.00620	0.03192	0.02914
1	0.00994	0.00906	0.01506	0.63171	0.06948	0.01094	0.01360	0.01305	0.01082	0.01401	0.01245	0.12075	0.01126	0.00732	0.00605	0.02295	0.00661	0.00627	0.00279	0.00587
2	0.02038	0.02568	0.01548	0.01400	0.01686	0.76484	0.01053	0.04246	0.01574	0.01393	0.00856	0.00992	0.00709	0.00564	0.00493	0.00141	0.00972	0.00355	0.00288	0.00640
3	0.01087	0.00586	0.00594	0.00569	0.00719	0.00601	0.00433	0.05582	0.03473	0.02120	0.01765	0.01991	0.01378	0.00639	0.00396	0.00131	0.00279	0.00510	0.76602	0.00543
4	0.00685	0.00503	0.00690	0.05239	0.00959	0.00487	0.00563	0.00795	0.01046	0.01392	0.02889	0.75990	0.03442	0.01642	0.00687	0.00219	0.00340	0.01489	0.00491	0.00452
5	0.01035	0.00976	0.01636	0.77162	0.03684	0.01225	0.01504	0.01390	0.01082	0.01390	0.00961	0.01446	0.00726	0.00557	0.00583	0.00183	0.03125	0.00484	0.00242	0.00605
6	0.01030	0.00969	0.01635	0.79530	0.03755	0.01211	0.01514	0.01393	0.01090	0.01393	0.00969	0.01453	0.00727	0.00545	0.00545	0.00182	0.00727	0.00484	0.00242	0.00606
7	0.00644	0.00552	0.00552	0.00552	0.00736	0.00460	0.00414	0.00782	0.01243	0.01473	0.05523	0.05247	0.77218	0.01381	0.00644	0.00184	0.00276	0.01151	0.00506	0.00460
8	0.02394	0.00916	0.01248	0.00961	0.01374	0.00792	0.00792	0.02606	0.01560	0.75456	0.04492	0.01925	0.01468	0.00688	0.00551	0.00169	0.00457	0.00562	0.00672	0.00915
9	0.01029	0.00943	0.01571	0.75036	0.03577	0.01171	0.01450	0.01386	0.01093	0.01429	0.01015	0.01486	0.00765	0.00550	0.00536	0.00179	0.00700	0.00486	0.04998	0.00600
10	0.01193	0.01193	0.01670	0.01431	0.01431	0.01670	0.01193	0.01312	0.00835	0.01312	0.00716	0.01193	0.00716	0.00954	0.01789	0.00239	0.79843	0.00477	0.00239	0.00596
11	0.01458	0.81168	0.02857	0.00933	0.01399	0.02157	0.00933	0.01632	0.01108	0.01283	0.00758	0.00875	0.00700	0.00466	0.00350	0.00117	0.00583	0.00292	0.00233	0.00700
12	0.01221	0.30319	0.51636	0.01336	0.02023	0.01579	0.01635	0.01694	0.01136	0.01571	0.00901	0.01054	0.00694	0.00500	0.00459	0.00153	0.00728	0.00364	0.00231	0.00768
13	0.01215	0.01308	0.02647	0.01911	0.02415	0.01192	0.56204	0.01609	0.01241	0.01728	0.01206	0.06724	0.01010	0.00533	0.00601	0.00167	0.00781	0.00644	0.00300	0.16565
14	0.01219	0.01944	0.29470	0.02037	0.02677	0.01339	0.49681	0.01739	0.01239	0.01739	0.01059	0.01358	0.00779	0.00480	0.00599	0.00180	0.00879	0.00559	0.00260	0.00760
15	0.00793	0.00529	0.00595	0.00595	0.00595	0.00529	0.00330	0.00793	0.00793	0.01057	0.01718	0.03568	0.01982	0.80840	0.02775	0.00529	0.00529	0.00793	0.00330	0.00330
16	0.02072	0.01527	0.01636	0.01254	0.01691	0.01691	0.01036	0.75622	0.02563	0.03436	0.01309	0.01309	0.00927	0.00654	0.00545	0.00164	0.00600	0.00491	0.00545	0.00927
17	0.01568	0.01709	0.02001	0.02729	0.53362	0.25882	0.01476	0.01833	0.01338	0.01639	0.00967	0.01233	0.00812	0.00510	0.00524	0.00155	0.00754	0.00443	0.00273	0.00790
18	0.01398	0.53195	0.02983	0.01412	0.01908	0.01884	0.27091	0.01672	0.01171	0.01445	0.00879	0.01084	0.00744	0.00464	0.00453	0.00140	0.00701	0.00415	0.00248	0.00712
19	0.02018	0.01475	0.01578	0.01216	0.01636	0.01630	0.01002	0.71791	0.02490	0.03364	0.01333	0.01346	0.00951	0.00653	0.00537	0.00162	0.00582	0.00492	0.04838	0.00906
20	0.00644	0.00552	0.00552	0.00552	0.00736	0.00460	0.00414	0.00782	0.01243	0.01473	0.05523	0.05247	0.77218	0.01381	0.00644	0.00184	0.00276	0.01151	0.00506	0.00460
21	0.00729	0.00531	0.00687	0.00701	0.00802	0.00488	0.00505	0.00927	0.01365	0.01888	0.48972	0.28512	0.09219	0.01321	0.00660	0.00188	0.00277	0.01176	0.00564	0.00488
22	0.02037	0.02598	0.01545	0.01404	0.01685	0.78652	0.01053	0.02177	0.01545	0.01334	0.00843	0.00983	0.00702	0.00562	0.00492	0.00140	0.00983	0.00351	0.00281	0.00632
23	0.01303	0.00674	0.00898	0.00778	0.00998	0.00604	0.00606	0.01542	0.01538	0.26285	0.51604	0.05048	0.03900	0.00987	0.00614	0.00172	0.00324	0.00859	0.00622	0.00645
24	0.00879	0.00628	0.00879	0.01004	0.01130	0.00628	0.00879	0.01130	0.01255	0.01632	0.02887	0.06150	0.03138	0.01506	0.00753	0.00251	0.00502	0.73770	0.00502	0.00502
25	0.01117	0.07867	0.73174	0.01514	0.02298	0.01324	0.01945	0.01720	0.01148	0.01698	0.00964	0.01133	0.00691	0.00515	0.00507	0.00169	0.00791	0.00396	0.00230	0.00799
26	0.01323	0.01265	0.02137	0.09599	0.69190	0.01290	0.01637	0.01684	0.03347	0.01763	0.01054	0.01377	0.00875	0.00498	0.00541	0.00164	0.00648	0.00489	0.00276	0.00842
27	0.00793	0.00529	0.00595	0.00595	0.00595	0.00529	0.00330	0.00793	0.00793	0.01057	0.01718	0.03568	0.01982	0.80840	0.02775	0.00529	0.00529	0.00793	0.00330	0.00330
28	0.00772	0.00557	0.00729	0.00686	0.00814	0.00514	0.00514	0.01029	0.01543	0.02186	0.77152	0.04072	0.05144	0.01115	0.00643	0.00171	0.00257	0.00986	0.00600	0.00514
29	0.01329	0.01274	0.02176	0.08254	0.72693	0.01290	0.01663	0.01655	0.01232	0.01756	0.01022	0.01356	0.00855	0.00490	0.00540	0.00163	0.00653	0.00486	0.00268	0.00847
30	0.01453	0.03437	0.03870	0.01157	0.01489	0.09508	0.00931	0.05962	0.60899	0.02188	0.01956	0.01833	0.01474	0.00703	0.00541	0.00177	0.00513	0.00568	0.00507	0.00835
31	0.00772	0.00557	0.00729	0.00686	0.00814	0.00514	0.00514	0.01029	0.01543	0.02186	0.77152	0.04072	0.05144	0.01115	0.00643	0.00171	0.00257	0.00986	0.00600	0.00514
32	0.01946	0.02403	0.01635	0.01658	0.11706	0.66744	0.01135	0.03709	0.01527	0.01439	0.00877	0.01039	0.00728	0.00554	0.00499	0.00144	0.00930	0.00372	0.00285	0.00669
33	0.01168	0.00744	0.00859	0.00768	0.01007	0.00705	0.00598	0.04035	0.11553	0.16425	0.16220	0.03802	0.33261	0.03501	0.00678	0.00191	0.00355	0.02947	0.00557	0.00627
34	0.00879	0.00628	0.00879	0.01004	0.01130	0.00628	0.00879	0.01130	0.01255	0.01632	0.02887	0.06150	0.03138	0.01506	0.00753	0.00251	0.00502	0.73770	0.00502	0.00502
35	0.01458	0.81168	0.02857	0.00933	0.01399	0.02157	0.00933	0.01632	0.01108	0.01283	0.00758	0.00875	0.00700	0.00466	0.00350	0.00117	0.00583	0.00292	0.00233	0.00700
36	0.01320	0.51462	0.31354	0.01168	0.01763	0.01819	0.01343	0.01668	0.01124	0.01451	0.00842	0.00979	0.00696	0.00486	0.00414	0.00138	0.00667	0.00334	0.00232	0.00740
37	0.01356	0.01171	0.01233	0.01109	0.01418	0.01356	0.00863	0.02897	0.76455	0.02281	0.02219	0.02034	0.01664	0.00740	0.00555	0.00185	0.00431	0.00616	0.00555	0.00863
38	0.00644	0.00552	0.00552	0.00552	0.00736	0.00460	0.00414	0.00782	0.01243	0.01473	0.05523	0.05247	0.77218	0.01381	0.00644	0.00184	0.00276	0.01151	0.00506	0.00460
39	0.00664	0.00474	0.00633	0.00759	0.00791	0.00443	0.00506	0.00759	0.01044	0.01392	0.03005	0.80485	0.03606	0.01708	0.00696	0.00221	0.00316	0.01550	0.00506	0.00443
40	0.00772	0.00557	0.00729	0.00686	0.00814	0.00514	0.00514	0.01029	0.01543	0.02186	0.77152	0.04072	0.05144	0.01115	0.00643	0.00171	0.00257	0.00986	0.00600	0.00514
41	0.01130	0.00969	0.01130	0.00807	0.01292	0.00727	0.00646	0.01373	0.01130	0.01776	0.00969	0.01130	0.00807	0.00404	0.00404	0.00081	0.00404	0.00323	0.00323	0.84173
42	0.01050	0.00541	0.00544	0.00532	0.00669	0.00546	0.00402	0.03659	0.01189	0.02078	0.01763	0.02009	0.01382	0.00636	0.00386	0.00128	0.00265	0.00508	0.81190	0.00522
43	0.00992	0.00919	0.01533	0.71498	0.03453	0.01133	0.01411	0.01328	0.01085	0.01393	0.01177	0.09512	0.01020	0.00664	0.00560	0.00186	0.00685	0.00593	0.00269	0.00589
44	0.00664	0.00474	0.00633	0.00759	0.00791	0.00443	0.00506	0.00759	0.01044	0.01392	0.03005	0.80485	0.03606	0.01708	0.00696	0.00221	0.00316	0.01550	0.00506	0.00443
45	0.00879	0.00628	0.00879	0.01004	0.01130	0.00628	0.00879	0.01130	0.01255	0.01632	0.02887	0.06150	0.03138	0.01506	0.00753	0.00251	0.00502	0.73770	0.00502	0.00502
46	0.01458	0.81168	0.02857	0.00933	0.01399	0.02157	0.00933	0.01632	0.01108	0.01283	0.00758	0.00875	0.00700	0.00466	0.00350	0.00117	0.00583	0.00292	0.00233	0.00700
47	0.01030	0.00969	0.01635	0.79530	0.03755	0.01211	0.01514	0.01393	0.01090	0.01393	0.00969	0.01453	0.00727	0.00545	0.00545	0.00182	0.00727	0.00484	0.00242	0.00606
48	0.01307	0.01415	0.02897	0.02632	0.26634	0.01352	0.51932	0.01723	0.01272	0.01757	0.01078	0.01432	0.00839	0.00468	0.00610	0.00177	0.00833	0.00593	0.00274	0.00776
49	0.00722	0.00555	0.00660	0.00634	0.00784	0.00493	0.00475	0.00932	0.01425	0.01907	0.49091	0.04532	0.33379	0.01219	0.00644	0.00176	0.00265	0.01050	0.00563	0.00493
50	0.82039	0.01104	0.00825	0.00739	0.01075	0.03708	0.00605	0.01621	0.00948	0.02410	0.00762	0.00889	0.00594	0.00508	0.00342	0.00168	0.00440	0.00297	0.00336	0.00592
51	0.01458	0.81168	0.02857	0.00933	0.01399	0.02157	0.00933	0.01632	0.01108	0.01283	0.00758	0.00875	0.00700	0.00466	0.00350	0.00117	0.00583	0.00292	0.00233	0.00700
52	0.02102	0.01381	0.01506	0.01176	0.01592	0.03910	0.00963	0.48745	0.08722	0.21801	0.01583	0.01498	0.01089	0.00664	0.00545	0.00166	0.00564	0.00512	0.00570	0.00912
53	0.01395	0.01214	0.01253	0.01121	0.01433	0.03051	0.00873	0.05364	0.72300	0.02299	0.02158	0.01986	0.01618	0.00733	0.00553	0.00183	0.00449	0.00606	0.00548	0.00860
54	0.01458	0.81168	0.02857	0.00933	0.01399	0.02157	0.00933	0.01632	0.01108	0.01283	0.00758	0.00875	0.00700	0.00466	0.00350	0.00117	0.00583	0.00292	0.00233	0.00700
55	0.00878	0.00751	0.00779	0.00744	0.00966	0.00750	0.00572	0.01464	0.25074	0.01734	0.04386	0.04260	0.50750	0.01182	0.00620	0.00187	0.00333	0.03461	0.00521	0.00589
56	0.00711	0.00564	0.00645	0.00650	0.00811	0.00498	0.00504	0.00898	0.01329	0.01694	0.25258	0.05038	0.47098	0.01323	0.00658	0.00190	0.00301	0.10817	0.00532	0.00481
57	0.01163	0.00968	0.01134	0.00811	0.01294	0.00729	0.00650	0.01404	0.01141	0.03643	0.00998	0.01148	0.00821	0.00410	0.00407	0.00083	0.00405	0.00329	0.00332	0.82130
58	0.01854	0.00842	0.01107	0.00899	0.01232	0.00754	0.00720	0.02159	0.06548	0.48705	0.18045	0.06729	0.02276	0.00817	0.00570	0.00169	0.00407	0.00691	0.00624	0.04851

[dist]
# distance from previous block
# <min> <max>
8	21

[block]
# block no. 1 follows, 44 sequences, length 48
# corresponding to MSA columns:
# 160-207
name=unknown_B
#
# <colnr> <probs for GDERKNQSTAVLIFYWHMCP>
#	G	D	E	R	K	N	Q	S	T	A	V	L	I	F	Y	W	H	M	C	P
0	0.29718	0.01282	0.01593	0.04391	0.33332	0.03467	0.01168	0.15185	0.01381	0.02285	0.00980	0.01178	0.00774	0.00527	0.00471	0.00165	0.00574	0.00418	0.00343	0.00768
1	0.03637	0.01135	0.01541	0.05875	0.19843	0.02991	0.01075	0.09119	0.06399	0.38457	0.01656	0.01616	0.01137	0.00613	0.00537	0.00166	0.00544	0.00514	0.00510	0.02637
2	0.04858	0.01100	0.03740	0.01228	0.07729	0.01050	0.03358	0.16793	0.07016	0.27640	0.17476	0.02110	0.01975	0.00733	0.00562	0.00169	0.00485	0.00617	0.00551	0.00808
3	0.09185	0.01653	0.01654	0.03979	0.07958	0.26698	0.04664	0.01722	0.03383	0.01515	0.00858	0.01155	0.00746	0.00703	0.00998	0.00188	0.31591	0.00432	0.00275	0.00645
4	0.01690	0.01337	0.01689	0.25150	0.09300	0.01509	0.01240	0.46326	0.01995	0.02665	0.01180	0.01356	0.00861	0.00606	0.00545	0.00169	0.00643	0.00488	0.00428	0.00824
5	0.01625	0.06157	0.01931	0.02405	0.47397	0.01205	0.01334	0.01960	0.04502	0.20993	0.01342	0.01469	0.01008	0.00540	0.00526	0.00159	0.00579	0.00489	0.00384	0.03996
6	0.01978	0.02139	0.01540	0.01331	0.01660	0.48217	0.01029	0.23825	0.09429	0.02047	0.01119	0.01185	0.00866	0.00607	0.00514	0.00152	0.00815	0.00419	0.00386	0.00742
7	0.00764	0.00580	0.00706	0.00670	0.00819	0.00534	0.00504	0.01043	0.04394	0.02019	0.57103	0.04274	0.22240	0.01164	0.00640	0.00175	0.00269	0.01011	0.00576	0.00515
8	0.01145	0.01143	0.01908	0.30383	0.02526	0.01417	0.14785	0.01420	0.01019	0.01440	0.00907	0.01361	0.00758	0.00705	0.01085	0.00205	0.34237	0.00511	0.02423	0.00623
9	0.01195	0.24756	0.56973	0.01380	0.02091	0.01516	0.01711	0.01700	0.01139	0.01602	0.00917	0.01074	0.00693	0.00504	0.00471	0.00157	0.00743	0.00372	0.00231	0.00776
10	0.00861	0.00570	0.00688	0.00669	0.00730	0.00566	0.00434	0.00989	0.03253	0.04256	0.18872	0.06484	0.02690	0.49528	0.06786	0.00434	0.00511	0.00839	0.00416	0.00424
11	0.00664	0.00474	0.00633	0.00759	0.00791	0.00443	0.00506	0.00759	0.01044	0.01392	0.03005	0.80485	0.03606	0.01708	0.00696	0.00221	0.00316	0.01550	0.00506	0.00443
12	0.01930	0.01999	0.01597	0.01352	0.01651	0.38972	0.01067	0.29512	0.01825	0.02117	0.00999	0.01135	0.00788	0.00652	0.00696	0.00163	0.12013	0.00421	0.00374	0.00737
13	0.01972	0.01187	0.01365	0.01101	0.01489	0.01250	0.00892	0.24437	0.26781	0.30559	0.01923	0.01752	0.01329	0.00690	0.00550	0.00173	0.00494	0.00554	0.00596	0.00906
14	0.02112	0.01464	0.01597	0.01225	0.01659	0.01598	0.01012	0.67983	0.02458	0.11223	0.01397	0.01366	0.00971	0.00657	0.00546	0.00164	0.00586	0.00497	0.00559	0.00927
15	0.01150	0.14921	0.66407	0.01458	0.02211	0.01404	0.01847	0.01712	0.01144	0.01658	0.00944	0.01108	0.00692	0.00510	0.00492	0.00164	0.00771	0.00386	0.00231	0.00789
16	0.00664	0.00474	0.00633	0.00759	0.00791	0.00443	0.00506	0.00759	0.01044	0.01392	0.03005	0.80485	0.03606	0.01708	0.00696	0.00221	0.00316	0.01550	0.00506	0.00443
17	0.00852	0.00577	0.00651	0.00639	0.00664	0.00584	0.00378	0.04696	0.00901	0.01202	0.01777	0.08237	0.02028	0.71730	0.02529	0.00490	0.00519	0.00824	0.00352	0.00368
18	0.01784	0.02110	0.01992	0.01880	0.13622	0.48097	0.16833	0.02023	0.01444	0.03761	0.00965	0.01168	0.00773	0.00532	0.00533	0.00154	0.00902	0.00439	0.00290	0.00698
19	0.00663	0.00478	0.00629	0.00750	0.00788	0.00444	0.00502	0.00760	0.01052	0.01395	0.03112	0.77291	0.06730	0.01694	0.00694	0.00220	0.00315	0.01533	0.00506	0.00444
20	0.00779	0.00584	0.00876	0.00876	0.00974	0.00681	0.00681	0.00974	0.00876	0.01266	0.01460	0.02142	0.01363	0.04089	0.78680	0.00876	0.01460	0.00584	0.00292	0.00487
21	0.01974	0.02400	0.01521	0.01368	0.01660	0.66813	0.01034	0.06561	0.08695	0.01547	0.01000	0.01102	0.00807	0.00584	0.00501	0.00146	0.00908	0.00384	0.00322	0.00671
22	0.00885	0.00641	0.00875	0.00971	0.01104	0.00643	0.00836	0.01187	0.04222	0.01721	0.11453	0.05749	0.03312	0.01431	0.00733	0.00239	0.00471	0.62495	0.00515	0.00518
23	0.00664	0.00474	0.00633	0.00759	0.00791	0.00443	0.00506	0.00759	0.01044	0.01392	0.03005	0.80485	0.03606	0.01708	0.00696	0.00221	0.00316	0.01550	0.00506	0.00443
24	0.01845	0.02235	0.01731	0.01946	0.22796	0.57095	0.01226	0.02037	0.01460	0.01459	0.00894	0.01085	0.00747	0.00541	0.00505	0.00146	0.00890	0.00389	0.00278	0.00697
25	0.01640	0.00922	0.01131	0.00949	0.01233	0.00915	0.00751	0.20175	0.01676	0.27553	0.13586	0.17774	0.05472	0.00978	0.00624	0.00181	0.02297	0.00823	0.00580	0.00741
26	0.00707	0.00507	0.00671	0.00730	0.00800	0.00471	0.00509	0.00866	0.01241	0.01706	0.32294	0.50300	0.04213	0.01474	0.00675	0.00202	0.00293	0.01327	0.00543	0.00471
27	0.01349	0.01295	0.02213	0.03346	0.77440	0.01295	0.01673	0.01673	0.01241	0.01781	0.01025	0.01349	0.00864	0.00486	0.00540	0.00162	0.00648	0.00486	0.00270	0.00864
28	0.01314	0.01333	0.01471	0.01800	0.27266	0.18604	0.01067	0.01693	0.08808	0.01864	0.26434	0.02240	0.02330	0.00737	0.00565	0.00162	0.00573	0.00634	0.00410	0.00695
29	0.01458	0.81168	0.02857	0.00933	0.01399	0.02157	0.00933	0.01632	0.01108	0.01283	0.00758	0.00875	0.00700	0.00466	0.00350	0.00117	0.00583	0.00292	0.00233	0.00700
30	0.00664	0.00474	0.00633	0.00759	0.00791	0.00443	0.00506	0.00759	0.01044	0.01392	0.03005	0.80485	0.03606	0.01708	0.00696	0.00221	0.00316	0.01550	0.00506	0.00443
31	0.00664	0.00474	0.00633	0.00759	0.00791	0.00443	0.00506	0.00759	0.01044	0.01392	0.03005	0.80485	0.03606	0.01708	0.00696	0.00221	0.00316	0.01550	0.00506	0.00443
32	0.00947	0.00473	0.00710	0.00710	0.00710	0.00473	0.00473	0.00710	0.00710	0.00947	0.00947	0.01657	0.00947	0.01894	0.02131	0.84138	0.00473	0.00473	0.00237	0.00237
33	0.29156	0.01117	0.01091	0.00970	0.01295	0.01277	0.00768	0.02451	0.46660	0.07037	0.01729	0.01641	0.01287	0.00658	0.00482	0.00179	0.00430	0.00505	0.00490	0.00776
34	0.21157	0.01142	0.01328	0.31989	0.02275	0.08591	0.01059	0.01870	0.03319	0.20410	0.01232	0.01389	0.00871	0.00575	0.00492	0.00172	0.00607	0.00446	0.00383	0.00691
35	0.01601	0.01879	0.02314	0.02188	0.19925	0.32197	0.28414	0.01901	0.01379	0.01590	0.00981	0.01248	0.00786	0.00507	0.00558	0.00161	0.00881	0.00490	0.00276	0.00724
36	0.01388	0.51739	0.05458	0.01413	0.01919	0.01866	0.26071	0.01674	0.01169	0.01453	0.00881	0.01084	0.00742	0.00466	0.00454	0.00141	0.00704	0.00414	0.00247	0.00715
37	0.01647	0.19125	0.29160	0.01184	0.01743	0.01314	0.01271	0.02121	0.08071	0.27001	0.01432	0.01405	0.01000	0.00579	0.00495	0.00160	0.00610	0.00446	0.00408	0.00828
38	0.01484	0.36530	0.19624	0.01162	0.01667	0.06616	0.01186	0.14448	0.06102	0.01853	0.03866	0.01212	0.00964	0.00558	0.00455	0.00145	0.00641	0.00401	0.00323	0.00762
39	0.01344	0.46699	0.31140	0.01174	0.01762	0.01756	0.01335	0.01738	0.03623	0.03624	0.00928	0.01045	0.00746	0.00501	0.00426	0.00141	0.00659	0.00351	0.00255	0.00751
40	0.06969	0.26965	0.25526	0.01208	0.01725	0.06836	0.02495	0.08314	0.01293	0.07201	0.01055	0.03576	0.00850	0.00578	0.00505	0.00155	0.03274	0.00418	0.00311	0.00746
41	0.01195	0.16878	0.10127	0.01213	0.01573	0.03761	0.13130	0.01599	0.07538	0.04617	0.18593	0.06109	0.02141	0.00800	0.00605	0.00173	0.03228	0.05656	0.00400	0.00666
42	0.06406	0.13788	0.36917	0.02728	0.01925	0.01306	0.07680	0.01637	0.01156	0.05649	0.03983	0.05796	0.01072	0.00620	0.00563	0.00168	0.04281	0.00497	0.00298	0.03532
43	0.01271	0.10059	0.30660	0.01572	0.06691	0.02981	0.12315	0.06949	0.03595	0.01790	0.01085	0.02913	0.00864	0.00579	0.00622	0.00167	0.07281	0.00474	0.03309	0.04822
44	0.01375	0.03075	0.11431	0.01386	0.01843	0.02826	0.20470	0.17644	0.01545	0.05444	0.05910	0.04551	0.07478	0.00689	0.00569	0.00165	0.00631	0.02037	0.00400	0.10533
45	0.02690	0.03049	0.13050	0.03528	0.01773	0.05961	0.19090	0.01548	0.06078	0.01856	0.24440	0.03920	0.02278	0.00765	0.00629	0.00175	0.03123	0.02701	0.00396	0.02949
46	0.07508	0.01156	0.04822	0.01444	0.09626	0.04130	0.16758	0.09299	0.01473	0.02109	0.26473	0.02428	0.03931	0.00759	0.00580	0.00171	0.00550	0.02484	0.02164	0.02135
47	0.01394	0.04701	0.06829	0.03117	0.03383	0.08073	0.16244	0.17665	0.03138	0.02026	0.03658	0.03855	0.01514	0.00812	0.00647	0.00187	0.03665	0.16641	0.00397	0.02053

[dist]
# distance from previous block
# <min> <max>
14	74

[block]
# block no. 2 follows, 44 sequences, length 22
# corresponding to MSA columns:
# 284-305
name=unknown_C
#
# <colnr> <probs for GDERKNQSTAVLIFYWHMCP>
#	G	D	E	R	K	N	Q	S	T	A	V	L	I	F	Y	W	H	M	C	P
0	0.06924	0.01217	0.01373	0.01212	0.06237	0.01292	0.00911	0.26197	0.23638	0.10988	0.01627	0.03871	0.01230	0.00664	0.00523	0.00163	0.00496	0.00533	0.00505	0.10398
1	0.12574	0.01441	0.08915	0.04124	0.01597	0.09000	0.00992	0.10906	0.24977	0.13104	0.01588	0.01654	0.01183	0.00656	0.00516	0.00171	0.00560	0.02642	0.00463	0.02936
2	0.09241	0.01366	0.06134	0.01113	0.01492	0.09400	0.02958	0.13210	0.18736	0.15481	0.06624	0.01808	0.01437	0.00681	0.00528	0.00166	0.00546	0.02675	0.00484	0.05920
3	0.09363	0.01283	0.01324	0.01172	0.05015	0.07670	0.00891	0.25452	0.15833	0.08852	0.10479	0.01859	0.01595	0.00706	0.00533	0.00166	0.00523	0.02239	0.00499	0.04548
4	0.18125	0.01262	0.06029	0.01018	0.01387	0.03112	0.00868	0.24005	0.10873	0.10101	0.14078	0.01810	0.01677	0.00698	0.00515	0.00167	0.00491	0.00543	0.00496	0.02747
5	0.06939	0.01283	0.01466	0.03045	0.06331	0.01420	0.00986	0.37690	0.14158	0.09606	0.03659	0.01642	0.03410	0.00699	0.00610	0.00173	0.05002	0.00536	0.00505	0.00841
6	0.05448	0.00833	0.00918	0.00807	0.01045	0.02918	0.00626	0.06805	0.10309	0.07169	0.36977	0.03199	0.13350	0.00950	0.00583	0.00167	0.00357	0.00802	0.00542	0.06194
7	0.01349	0.01295	0.02213	0.03346	0.77440	0.01295	0.01673	0.01673	0.01241	0.01781	0.01025	0.01349	0.00864	0.00486	0.00540	0.00162	0.00648	0.00486	0.00270	0.00864
8	0.84691	0.01054	0.00801	0.00717	0.01054	0.01223	0.00590	0.01603	0.00928	0.02446	0.00759	0.00886	0.00590	0.00506	0.00337	0.00169	0.00422	0.00295	0.00337	0.00590
9	0.01193	0.01193	0.01670	0.01431	0.01431	0.01670	0.01193	0.01312	0.00835	0.01312	0.00716	0.01193	0.00716	0.00954	0.01789	0.00239	0.79843	0.00477	0.00239	0.00596
10	0.01055	0.00979	0.00877	0.00816	0.01009	0.14789	0.00616	0.01342	0.06458	0.04094	0.35939	0.03637	0.24197	0.01050	0.00607	0.00170	0.00412	0.00879	0.00515	0.00556
11	0.01030	0.00969	0.01635	0.79530	0.03755	0.01211	0.01514	0.01393	0.01090	0.01393	0.00969	0.01453	0.00727	0.00545	0.00545	0.00182	0.00727	0.00484	0.00242	0.00606
12	0.01028	0.00910	0.01492	0.69500	0.03359	0.01122	0.01370	0.01377	0.01097	0.01474	0.01072	0.01527	0.00812	0.00556	0.00524	0.00175	0.00667	0.00487	0.10856	0.00593
13	0.01211	0.01041	0.01167	0.00915	0.01337	0.00950	0.00723	0.01914	0.27859	0.01955	0.01413	0.01451	0.01111	0.00523	0.00457	0.00118	0.00414	0.00427	0.00405	0.54611
14	0.02072	0.01527	0.01636	0.01254	0.01691	0.01691	0.01036	0.75622	0.02563	0.03436	0.01309	0.01309	0.00927	0.00654	0.00545	0.00164	0.00600	0.00491	0.00545	0.00927
15	0.01356	0.01171	0.01233	0.01109	0.01418	0.01356	0.00863	0.02897	0.76455	0.02281	0.02219	0.02034	0.01664	0.00740	0.00555	0.00185	0.00431	0.00616	0.00555	0.00863
16	0.01923	0.00813	0.01089	0.00874	0.01209	0.00710	0.00707	0.02140	0.01536	0.54488	0.20729	0.02612	0.07058	0.00827	0.00578	0.00170	0.00401	0.00693	0.00646	0.00797
17	0.02072	0.01527	0.01636	0.01254	0.01691	0.01691	0.01036	0.75622	0.02563	0.03436	0.01309	0.01309	0.00927	0.00654	0.00545	0.00164	0.00600	0.00491	0.00545	0.00927
18	0.00875	0.00641	0.00851	0.00899	0.01039	0.00639	0.00749	0.01219	0.06655	0.01873	0.28989	0.05128	0.03740	0.01314	0.00700	0.00218	0.00411	0.42988	0.00540	0.00532
19	0.01824	0.00868	0.01150	0.01005	0.01319	0.00817	0.00846	0.06721	0.04421	0.43167	0.02361	0.03352	0.01970	0.00971	0.00621	0.00198	0.00485	0.26530	0.00601	0.00774
20	0.02072	0.01527	0.01636	0.01254	0.01691	0.01691	0.01036	0.75622	0.02563	0.03436	0.01309	0.01309	0.00927	0.00654	0.00545	0.00164	0.00600	0.00491	0.00545	0.00927
21	0.01389	0.01108	0.01167	0.00992	0.01307	0.01202	0.00788	0.27318	0.28386	0.02436	0.02899	0.02750	0.24123	0.00903	0.00578	0.00177	0.00443	0.00734	0.00537	0.00764

[dist]
# distance from previous block
# <min> <max>
1	4

[block]
# block no. 3 follows, 44 sequences, length 26
# corresponding to MSA columns:
# 310,311,313-322,325-338
name=unknown_D
#
# <colnr> <probs for GDERKNQSTAVLIFYWHMCP>
#	G	D	E	R	K	N	Q	S	T	A	V	L	I	F	Y	W	H	M	C	P
0	0.02072	0.01527	0.01636	0.01254	0.01691	0.01691	0.01036	0.75622	0.02563	0.03436	0.01309	0.01309	0.00927	0.00654	0.00545	0.00164	0.00600	0.00491	0.00545	0.00927
1	0.06254	0.00712	0.00915	0.00784	0.01024	0.00653	0.00616	0.01614	0.01513	0.27843	0.47250	0.03134	0.03591	0.00930	0.00593	0.00170	0.00337	0.00797	0.00610	0.00659
2	0.06439	0.01426	0.01507	0.01170	0.01578	0.01578	0.00963	0.66108	0.02370	0.03278	0.01314	0.01340	0.00944	0.00645	0.00522	0.00161	0.00565	0.00482	0.06733	0.00878
3	0.01694	0.01951	0.01704	0.01447	0.01780	0.41039	0.12654	0.02347	0.26217	0.01711	0.01338	0.01406	0.01039	0.00604	0.00536	0.00162	0.00791	0.00484	0.00370	0.00724
4	0.00736	0.00526	0.00715	0.00842	0.00905	0.00505	0.00631	0.00884	0.01115	0.01472	0.02965	0.55468	0.03448	0.01640	0.00715	0.00231	0.00379	0.25855	0.00505	0.00463
5	0.02072	0.01527	0.01636	0.01254	0.01691	0.01691	0.01036	0.75622	0.02563	0.03436	0.01309	0.01309	0.00927	0.00654	0.00545	0.00164	0.00600	0.00491	0.00545	0.00927
6	0.01458	0.81168	0.02857	0.00933	0.01399	0.02157	0.00933	0.01632	0.01108	0.01283	0.00758	0.00875	0.00700	0.00466	0.00350	0.00117	0.00583	0.00292	0.00233	0.00700
7	0.02072	0.01527	0.01636	0.01254	0.01691	0.01691	0.01036	0.75622	0.02563	0.03436	0.01309	0.01309	0.00927	0.00654	0.00545	0.00164	0.00600	0.00491	0.00545	0.00927
8	0.01268	0.40284	0.42077	0.01257	0.01900	0.01692	0.01497	0.01682	0.01130	0.01514	0.00873	0.01019	0.00695	0.00493	0.00438	0.00146	0.00699	0.00350	0.00232	0.00755
9	0.02072	0.01527	0.01636	0.01254	0.01691	0.01691	0.01036	0.75622	0.02563	0.03436	0.01309	0.01309	0.00927	0.00654	0.00545	0.00164	0.00600	0.00491	0.00545	0.00927
10	0.01291	0.45277	0.37287	0.01217	0.01839	0.01749	0.01428	0.01676	0.01128	0.01486	0.00859	0.01001	0.00695	0.00490	0.00427	0.00142	0.00685	0.00343	0.00232	0.00748
11	0.00864	0.00674	0.00720	0.00695	0.00906	0.00631	0.00540	0.01236	0.13146	0.05390	0.04633	0.04640	0.55885	0.01254	0.00634	0.00189	0.00327	0.06564	0.00522	0.00550
12	0.02072	0.01527	0.01636	0.01254	0.01691	0.01691	0.01036	0.75622	0.02563	0.03436	0.01309	0.01309	0.00927	0.00654	0.00545	0.00164	0.00600	0.00491	0.00545	0.00927
13	0.01940	0.01782	0.01946	0.01535	0.01936	0.33445	0.22492	0.02193	0.01475	0.23917	0.01302	0.01380	0.00928	0.00565	0.00552	0.00161	0.00812	0.00494	0.00395	0.00749
14	0.01093	0.02820	0.78016	0.01554	0.02360	0.01266	0.02014	0.01727	0.01151	0.01727	0.00978	0.01151	0.00691	0.00518	0.00518	0.00173	0.00806	0.00403	0.00230	0.00806
15	0.01899	0.02397	0.01447	0.01321	0.01592	0.70948	0.00990	0.02040	0.01515	0.01348	0.01304	0.01403	0.08241	0.00642	0.00507	0.00145	0.00913	0.00430	0.00303	0.00615
16	0.01458	0.81168	0.02857	0.00933	0.01399	0.02157	0.00933	0.01632	0.01108	0.01283	0.00758	0.00875	0.00700	0.00466	0.00350	0.00117	0.00583	0.00292	0.00233	0.00700
17	0.02072	0.01527	0.01636	0.01254	0.01691	0.01691	0.01036	0.75622	0.02563	0.03436	0.01309	0.01309	0.00927	0.00654	0.00545	0.00164	0.00600	0.00491	0.00545	0.00927
18	0.84691	0.01054	0.00801	0.00717	0.01054	0.01223	0.00590	0.01603	0.00928	0.02446	0.00759	0.00886	0.00590	0.00506	0.00337	0.00169	0.00422	0.00295	0.00337	0.00590
19	0.00702	0.00533	0.00653	0.00711	0.00820	0.00483	0.00525	0.00857	0.01215	0.01574	0.15443	0.34156	0.28071	0.01481	0.00678	0.00205	0.00318	0.10588	0.00520	0.00467
20	0.01093	0.02820	0.78016	0.01554	0.02360	0.01266	0.02014	0.01727	0.01151	0.01727	0.00978	0.01151	0.00691	0.00518	0.00518	0.00173	0.00806	0.00403	0.00230	0.00806
21	0.02072	0.01527	0.01636	0.01254	0.01691	0.01691	0.01036	0.75622	0.02563	0.03436	0.01309	0.01309	0.00927	0.00654	0.00545	0.00164	0.00600	0.00491	0.00545	0.00927
22	0.01234	0.32996	0.49068	0.01315	0.01990	0.01609	0.01598	0.01690	0.01134	0.01556	0.00893	0.01045	0.00694	0.00498	0.00453	0.00151	0.00720	0.00360	0.00231	0.00765
23	0.56944	0.01152	0.01015	0.00855	0.01203	0.01309	0.00699	0.21897	0.01380	0.02664	0.00970	0.01117	0.00749	0.02947	0.00469	0.00177	0.00469	0.00370	0.02944	0.00673
24	0.01821	0.02209	0.01577	0.04233	0.01706	0.57273	0.01099	0.03970	0.01404	0.01389	0.00833	0.01054	0.00712	0.00648	0.00773	0.00164	0.17839	0.00387	0.00278	0.00632
25	0.01321	0.01267	0.02287	0.05664	0.52706	0.01250	0.16887	0.01668	0.01272	0.03885	0.05529	0.01552	0.01115	0.00525	0.00568	0.00168	0.00679	0.00549	0.00301	0.00809

[dist]
# distance from previous block
# <min> <max>
0	29

[block]
# block no. 4 follows, 44 sequences, length 44
# corresponding to MSA columns:
# 368-411
name=unknown_E
#
# <colnr> <probs for GDERKNQSTAVLIFYWHMCP>
#	G	D	E	R	K	N	Q	S	T	A	V	L	I	F	Y	W	H	M	C	P
0	0.01726	0.10421	0.21485	0.01365	0.01861	0.22448	0.03162	0.27131	0.01740	0.02160	0.01035	0.01139	0.00779	0.00570	0.00506	0.00155	0.00763	0.00413	0.00353	0.00787
1	0.20603	0.01170	0.03313	0.01353	0.01756	0.01136	0.25723	0.08749	0.01382	0.14324	0.09525	0.05759	0.01474	0.00660	0.00549	0.00176	0.00596	0.00613	0.00426	0.00714
2	0.01458	0.81168	0.02857	0.00933	0.01399	0.02157	0.00933	0.01632	0.01108	0.01283	0.00758	0.00875	0.00700	0.00466	0.00350	0.00117	0.00583	0.00292	0.00233	0.00700
3	0.01267	0.01211	0.02064	0.23003	0.58428	0.01274	0.01632	0.01601	0.01202	0.01681	0.01011	0.01376	0.00828	0.00501	0.00541	0.00167	0.00668	0.00485	0.00263	0.00797
4	0.02311	0.01145	0.01399	0.01073	0.01500	0.01123	0.00886	0.29061	0.01923	0.50901	0.01846	0.01658	0.01197	0.00667	0.00547	0.00167	0.00513	0.00527	0.00628	0.00928
5	0.01601	0.01124	0.01294	0.01110	0.01451	0.01231	0.02894	0.02811	0.57413	0.19393	0.02173	0.01978	0.01570	0.00717	0.00556	0.00181	0.00452	0.00602	0.00574	0.00874
6	0.01093	0.02820	0.78016	0.01554	0.02360	0.01266	0.02014	0.01727	0.01151	0.01727	0.00978	0.01151	0.00691	0.00518	0.00518	0.00173	0.00806	0.00403	0.00230	0.00806
7	0.00671	0.00479	0.00641	0.00767	0.00802	0.00449	0.00518	0.00771	0.01051	0.01400	0.03001	0.78040	0.03590	0.01701	0.00698	0.00222	0.00322	0.03924	0.00506	0.00445
8	0.02446	0.00928	0.01265	0.00970	0.01392	0.00801	0.00801	0.02657	0.01560	0.77817	0.02151	0.01856	0.01350	0.00675	0.00548	0.00169	0.00464	0.00548	0.00675	0.00928
9	0.01338	0.01321	0.02379	0.06632	0.56978	0.01317	0.16799	0.03351	0.01274	0.01793	0.01045	0.01378	0.00851	0.00487	0.00561	0.00167	0.00706	0.00518	0.00276	0.00827
10	0.01123	0.01151	0.02208	0.51582	0.03427	0.01272	0.28273	0.01521	0.01161	0.01521	0.01017	0.01460	0.00763	0.00514	0.00581	0.00182	0.00796	0.00542	0.00254	0.00653
11	0.00935	0.00516	0.00539	0.00539	0.00620	0.00516	0.00363	0.01098	0.01016	0.01680	0.01756	0.02588	0.01609	0.29659	0.01247	0.00272	0.00353	0.00611	0.53637	0.00444
12	0.01066	0.01006	0.01701	0.70849	0.12151	0.01221	0.01532	0.01425	0.01107	0.01437	0.00975	0.01442	0.00742	0.00538	0.00544	0.00179	0.00718	0.00485	0.00245	0.00635
13	0.01122	0.01013	0.01470	0.51146	0.02894	0.01224	0.01279	0.01842	0.24310	0.01679	0.01457	0.01885	0.01145	0.00657	0.00559	0.00186	0.00624	0.04475	0.00352	0.00679
14	0.01193	0.01193	0.01670	0.01431	0.01431	0.01670	0.01193	0.01312	0.00835	0.01312	0.00716	0.01193	0.00716	0.00954	0.01789	0.00239	0.79843	0.00477	0.00239	0.00596
15	0.00664	0.00474	0.00633	0.00759	0.00791	0.00443	0.00506	0.00759	0.01044	0.01392	0.03005	0.80485	0.03606	0.01708	0.00696	0.00221	0.00316	0.01550	0.00506	0.00443
16	0.01536	0.01843	0.01201	0.01134	0.01352	0.50353	0.00839	0.01668	0.01399	0.01369	0.02069	0.16475	0.14744	0.00919	0.00556	0.00163	0.00735	0.00714	0.00362	0.00567
17	0.84691	0.01054	0.00801	0.00717	0.01054	0.01223	0.00590	0.01603	0.00928	0.02446	0.00759	0.00886	0.00590	0.00506	0.00337	0.00169	0.00422	0.00295	0.00337	0.00590
18	0.00664	0.00474	0.00633	0.00759	0.00791	0.00443	0.00506	0.00759	0.01044	0.01392	0.03005	0.80485	0.03606	0.01708	0.00696	0.00221	0.00316	0.01550	0.00506	0.00443
19	0.00779	0.00584	0.00876	0.00876	0.00974	0.00681	0.00681	0.00974	0.00876	0.01266	0.01460	0.02142	0.01363	0.04089	0.78680	0.00876	0.01460	0.00584	0.00292	0.00487
20	0.01186	0.01316	0.05400	0.30253	0.08428	0.01321	0.37211	0.01593	0.01187	0.01600	0.01027	0.01431	0.00783	0.00517	0.00647	0.00184	0.04405	0.00558	0.00260	0.00694
21	0.01398	0.00877	0.00916	0.00778	0.01017	0.00936	0.00618	0.28176	0.01657	0.02540	0.01609	0.01771	0.01227	0.00642	0.00441	0.00140	0.00379	0.00502	0.53715	0.00660
22	0.00664	0.00474	0.00633	0.00759	0.00791	0.00443	0.00506	0.00759	0.01044	0.01392	0.03005	0.80485	0.03606	0.01708	0.00696	0.00221	0.00316	0.01550	0.00506	0.00443
23	0.01093	0.02820	0.78016	0.01554	0.02360	0.01266	0.02014	0.01727	0.01151	0.01727	0.00978	0.01151	0.00691	0.00518	0.00518	0.00173	0.00806	0.00403	0.00230	0.00806
24	0.01287	0.01471	0.03217	0.02298	0.02849	0.01379	0.75460	0.01746	0.01287	0.01746	0.01103	0.01471	0.00827	0.00460	0.00643	0.00184	0.00919	0.00643	0.00276	0.00735
25	0.00879	0.00628	0.00879	0.01004	0.01130	0.00628	0.00879	0.01130	0.01255	0.01632	0.02887	0.06150	0.03138	0.01506	0.00753	0.00251	0.00502	0.73770	0.00502	0.00502
26	0.01541	0.01263	0.01337	0.01147	0.01488	0.01442	0.00908	0.21661	0.57390	0.02579	0.01984	0.01847	0.01474	0.00718	0.00552	0.00179	0.00475	0.00584	0.00552	0.00879
27	0.01093	0.02820	0.78016	0.01554	0.02360	0.01266	0.02014	0.01727	0.01151	0.01727	0.00978	0.01151	0.00691	0.00518	0.00518	0.00173	0.00806	0.00403	0.00230	0.00806
28	0.02446	0.00928	0.01265	0.00970	0.01392	0.00801	0.00801	0.02657	0.01560	0.77817	0.02151	0.01856	0.01350	0.00675	0.00548	0.00169	0.00464	0.00548	0.00675	0.00928
29	0.02446	0.00928	0.01265	0.00970	0.01392	0.00801	0.00801	0.02657	0.01560	0.77817	0.02151	0.01856	0.01350	0.00675	0.00548	0.00169	0.00464	0.00548	0.00675	0.00928
30	0.01946	0.02448	0.01558	0.01407	0.01658	0.70405	0.01068	0.02084	0.01469	0.01332	0.00829	0.01006	0.00704	0.00604	0.00631	0.00151	0.09431	0.00365	0.00276	0.00628
31	0.00779	0.00584	0.00876	0.00876	0.00974	0.00681	0.00681	0.00974	0.00876	0.01266	0.01460	0.02142	0.01363	0.04089	0.78680	0.00876	0.01460	0.00584	0.00292	0.00487
32	0.00664	0.00474	0.00633	0.00759	0.00791	0.00443	0.00506	0.00759	0.01044	0.01392	0.03005	0.80485	0.03606	0.01708	0.00696	0.00221	0.00316	0.01550	0.00506	0.00443
33	0.01434	0.01154	0.01235	0.01099	0.01416	0.01316	0.00859	0.02880	0.71099	0.07682	0.02214	0.02021	0.01642	0.00735	0.00554	0.00184	0.00434	0.00611	0.00563	0.00868
34	0.02207	0.00901	0.01206	0.00947	0.01331	0.00801	0.00774	0.02496	0.05654	0.65585	0.10189	0.02103	0.01773	0.00725	0.00559	0.00170	0.00440	0.00599	0.00660	0.00880
35	0.01030	0.00969	0.01635	0.79530	0.03755	0.01211	0.01514	0.01393	0.01090	0.01393	0.00969	0.01453	0.00727	0.00545	0.00545	0.00182	0.00727	0.00484	0.00242	0.00606
36	0.00961	0.00715	0.01001	0.00994	0.01106	0.00785	0.00756	0.01104	0.00991	0.01434	0.01620	0.02354	0.01512	0.04107	0.76611	0.00888	0.01492	0.00636	0.00352	0.00580
37	0.01455	0.01577	0.03278	0.02376	0.02930	0.01463	0.73484	0.01856	0.01391	0.01902	0.01273	0.01702	0.00991	0.00577	0.00714	0.00215	0.00966	0.00694	0.00336	0.00821
38	0.02218	0.01665	0.01738	0.01366	0.01803	0.04148	0.01102	0.71433	0.02601	0.03480	0.01459	0.01534	0.01081	0.00763	0.00617	0.00195	0.00667	0.00541	0.00590	0.00999
39	0.01621	0.79090	0.02928	0.01049	0.01520	0.02220	0.01001	0.01745	0.01217	0.01451	0.00937	0.01122	0.00867	0.00583	0.00428	0.00150	0.00639	0.00352	0.00294	0.00787
40	0.04763	0.00709	0.00749	0.00725	0.00912	0.00621	0.00533	0.01027	0.01420	0.01886	0.25987	0.04834	0.50971	0.01355	0.00700	0.00211	0.00342	0.01100	0.00579	0.00576
41	0.78683	0.01150	0.00925	0.00837	0.01173	0.01279	0.00664	0.01689	0.01070	0.02570	0.04480	0.01280	0.00972	0.00650	0.00430	0.00200	0.00474	0.00387	0.00408	0.00677
42	0.15098	0.03645	0.01367	0.01007	0.01469	0.01013	0.04210	0.03368	0.01276	0.07525	0.01201	0.01395	0.00976	0.00569	0.00493	0.00143	0.00506	0.00412	0.00409	0.53920
43	0.01133	0.00827	0.00984	0.00894	0.01095	0.00783	0.00669	0.03146	0.11871	0.04715	0.57083	0.03673	0.04280	0.01102	0.00684	0.00200	0.00367	0.00918	0.00632	0.04942

[dist]
# distance from previous block
# <min> <max>
0	216

# created by:
# /st0/software/busco_prod/Augustus/scripts/msa2prfl.pl ./align_prep/71677.fa
