[name]
unknown

[dist]
# distance from previous block
# <min> <max>
0	30

[block]
# block no. 0 follows, 45 sequences, length 6
# corresponding to MSA columns:
# 30-35
name=unknown_A
#
# <colnr> <probs for GDERKNQSTAVLIFYWHMCP>
#	G	D	E	R	K	N	Q	S	T	A	V	L	I	F	Y	W	H	M	C	P
0	0.33305	0.00764	0.00802	0.00807	0.01012	0.00819	0.00673	0.01269	0.01176	0.02042	0.19182	0.03584	0.02575	0.01014	0.00559	0.00198	0.00408	0.28826	0.00454	0.00531
1	0.29563	0.04167	0.00857	0.00762	0.00975	0.00837	0.00628	0.01243	0.01216	0.02046	0.27743	0.03324	0.06041	0.00966	0.00543	0.00184	0.00378	0.17531	0.00461	0.00535
2	0.00957	0.01356	0.19300	0.01351	0.01787	0.00939	0.25727	0.01320	0.01244	0.01660	0.09507	0.02905	0.27945	0.00841	0.00605	0.00177	0.00599	0.00784	0.00369	0.00626
3	0.01163	0.27504	0.01618	0.00880	0.01270	0.01159	0.00782	0.01381	0.01134	0.01556	0.01319	0.02165	0.01287	0.00667	0.00459	0.00130	0.00478	0.17272	0.00329	0.37447
4	0.01187	0.54678	0.02098	0.00855	0.01182	0.01573	0.00780	0.01349	0.01117	0.01374	0.08689	0.19869	0.01782	0.00807	0.00452	0.00144	0.00482	0.00643	0.00327	0.00612
5	0.01091	0.19484	0.01994	0.01248	0.01624	0.01216	0.25514	0.01465	0.08064	0.01568	0.02626	0.02660	0.27636	0.00795	0.00559	0.00166	0.00565	0.00726	0.00366	0.00633

[dist]
# distance from previous block
# <min> <max>
0	1

[block]
# block no. 1 follows, 45 sequences, length 95
# corresponding to MSA columns:
# 37-131
name=unknown_B
#
# <colnr> <probs for GDERKNQSTAVLIFYWHMCP>
#	G	D	E	R	K	N	Q	S	T	A	V	L	I	F	Y	W	H	M	C	P
0	0.01137	0.01120	0.01589	0.46386	0.02734	0.05487	0.01327	0.01487	0.06080	0.01402	0.00953	0.01366	0.00773	0.00674	0.00910	0.00194	0.25032	0.00476	0.00260	0.00612
1	0.00901	0.00796	0.01376	0.01177	0.01380	0.00775	0.19375	0.01162	0.01266	0.01736	0.25193	0.20368	0.03120	0.01127	0.00715	0.00200	0.04088	0.14243	0.00457	0.00547
2	0.00678	0.00490	0.00643	0.00744	0.00793	0.00451	0.00498	0.00774	0.01023	0.01375	0.02829	0.74695	0.03377	0.04387	0.00744	0.00223	0.00322	0.01448	0.00485	0.04022
3	0.00727	0.00547	0.00672	0.00641	0.00782	0.00492	0.00481	0.00949	0.01442	0.01968	0.58583	0.04313	0.24100	0.01166	0.00633	0.00172	0.00258	0.01013	0.00567	0.00492
4	0.01388	0.01319	0.02092	0.01608	0.02028	0.01383	0.32835	0.10815	0.36033	0.02153	0.01613	0.01684	0.01203	0.00601	0.00582	0.00179	0.00649	0.00604	0.00428	0.00803
5	0.00809	0.00503	0.00606	0.00638	0.00730	0.00479	0.00456	0.01005	0.01205	0.01823	0.24045	0.30299	0.03206	0.01133	0.00559	0.00170	0.00273	0.00997	0.30584	0.00479
6	0.01315	0.54985	0.28230	0.01124	0.01696	0.01829	0.01277	0.01639	0.01105	0.01410	0.00819	0.00953	0.00686	0.00476	0.00400	0.00133	0.00648	0.00324	0.00229	0.00724
7	0.00781	0.00520	0.00585	0.00585	0.00585	0.00520	0.00325	0.00781	0.00781	0.01041	0.01691	0.03513	0.01952	0.81135	0.02732	0.00520	0.00520	0.00781	0.00325	0.00325
8	0.01077	0.02777	0.78354	0.01530	0.02323	0.01247	0.01983	0.01700	0.01133	0.01700	0.00963	0.01133	0.00680	0.00510	0.00510	0.00170	0.00793	0.00397	0.00227	0.00793
9	0.00721	0.00547	0.00664	0.00635	0.00778	0.00490	0.00476	0.00939	0.01429	0.01937	0.55438	0.04364	0.27264	0.01178	0.00634	0.00173	0.00259	0.01020	0.00563	0.00490
10	0.00775	0.00544	0.00707	0.00707	0.00749	0.00587	0.00477	0.00859	0.00817	0.01131	0.01580	0.02896	0.01684	0.47284	0.36217	0.00671	0.00923	0.00690	0.00309	0.00393
11	0.84927	0.01038	0.00789	0.00706	0.01038	0.01204	0.00581	0.01578	0.00914	0.02408	0.00747	0.00872	0.00581	0.00498	0.00332	0.00166	0.00415	0.00291	0.00332	0.00581
12	0.01206	0.01246	0.02030	0.01623	0.01779	0.01555	0.20959	0.01469	0.04056	0.01444	0.00866	0.01281	0.00772	0.00802	0.01413	0.00218	0.55869	0.00519	0.00257	0.00634
13	0.00760	0.00549	0.00718	0.00675	0.00802	0.00506	0.00506	0.01013	0.01519	0.02153	0.77503	0.04010	0.05065	0.01097	0.00633	0.00169	0.00253	0.00971	0.00591	0.00506
14	0.01267	0.01448	0.03167	0.02262	0.02805	0.01357	0.75837	0.01719	0.01267	0.01719	0.01086	0.01448	0.00814	0.00452	0.00633	0.00181	0.00905	0.00633	0.00271	0.00724
15	0.84927	0.01038	0.00789	0.00706	0.01038	0.01204	0.00581	0.01578	0.00914	0.02408	0.00747	0.00872	0.00581	0.00498	0.00332	0.00166	0.00415	0.00291	0.00332	0.00581
16	0.00852	0.00504	0.00595	0.03087	0.00791	0.00497	0.00465	0.01044	0.01107	0.01742	0.06238	0.33007	0.02405	0.01062	0.00516	0.00166	0.00289	0.00927	0.44227	0.00478
17	0.31507	0.01520	0.01095	0.01010	0.01262	0.31593	0.00782	0.01646	0.01139	0.01690	0.00951	0.01217	0.00813	0.01395	0.19910	0.00328	0.00886	0.00383	0.00299	0.00572
18	0.00743	0.00504	0.00597	0.00634	0.00643	0.00495	0.00377	0.00771	0.00855	0.01139	0.02070	0.26618	0.02430	0.57377	0.02120	0.00430	0.00458	0.01003	0.00377	0.00358
19	0.01335	0.01153	0.01214	0.01092	0.01396	0.01335	0.00850	0.02852	0.76817	0.02245	0.02185	0.02003	0.01639	0.00728	0.00546	0.00182	0.00425	0.00607	0.00546	0.00850
20	0.01329	0.01275	0.02179	0.03295	0.77787	0.01275	0.01647	0.01647	0.01222	0.01754	0.01010	0.01329	0.00850	0.00478	0.00531	0.00159	0.00638	0.00478	0.00266	0.00850
21	0.01168	0.30915	0.03285	0.00992	0.01215	0.01461	0.00873	0.02964	0.00992	0.01359	0.01030	0.01477	0.00969	0.07473	0.15892	0.00321	0.20255	0.00447	0.06324	0.00589
22	0.01233	0.00953	0.00995	0.00911	0.01160	0.01080	0.00704	0.02362	0.53642	0.02171	0.02052	0.02002	0.01558	0.00697	0.00494	0.00165	0.00371	0.00574	0.26133	0.00743
23	0.01030	0.00971	0.01640	0.75764	0.07647	0.01197	0.01499	0.01386	0.01081	0.01392	0.00957	0.01426	0.00723	0.00534	0.00536	0.00178	0.00711	0.00477	0.00240	0.00610
24	0.01415	0.77099	0.06998	0.00952	0.01430	0.02075	0.00977	0.01612	0.01093	0.01287	0.00758	0.00876	0.00688	0.00462	0.00354	0.00118	0.00586	0.00293	0.00229	0.00695
25	0.01331	0.01467	0.01442	0.32191	0.07392	0.29029	0.01166	0.01562	0.01241	0.01381	0.01274	0.13991	0.01220	0.00742	0.00546	0.00171	0.00732	0.02227	0.00301	0.00595
26	0.01001	0.00500	0.00500	0.00500	0.00625	0.00500	0.00375	0.01251	0.01126	0.02001	0.01751	0.02001	0.01376	0.00625	0.00375	0.00125	0.00250	0.00500	0.84115	0.00500
27	0.01103	0.00858	0.00994	0.01006	0.04573	0.00923	0.00716	0.05574	0.32315	0.03712	0.05690	0.27107	0.05540	0.01049	0.00585	0.00187	0.00382	0.00915	0.06102	0.00668
28	0.03304	0.01336	0.06937	0.02354	0.45284	0.05275	0.01370	0.01953	0.01316	0.23628	0.01309	0.01430	0.00962	0.00538	0.00526	0.00161	0.00609	0.00480	0.00379	0.00847
29	0.01652	0.00746	0.01014	0.00928	0.02905	0.00668	0.00692	0.01841	0.02738	0.43846	0.02434	0.33809	0.02224	0.01073	0.00599	0.00187	0.00401	0.00939	0.00586	0.00717
30	0.76163	0.06428	0.00956	0.00740	0.01085	0.01283	0.00621	0.04441	0.00987	0.02369	0.00768	0.00887	0.00601	0.00501	0.00341	0.00162	0.00433	0.00298	0.00333	0.00601
31	0.00634	0.00544	0.00544	0.00544	0.00725	0.00453	0.00408	0.00770	0.01224	0.01450	0.05438	0.05166	0.77569	0.01359	0.00634	0.00181	0.00272	0.01133	0.00498	0.00453
32	0.01285	0.01168	0.01639	0.11426	0.32100	0.01281	0.01245	0.02162	0.36182	0.01933	0.01581	0.01742	0.01241	0.00620	0.00543	0.00174	0.00546	0.01924	0.00397	0.00813
33	0.84927	0.01038	0.00789	0.00706	0.01038	0.01204	0.00581	0.01578	0.00914	0.02408	0.00747	0.00872	0.00581	0.00498	0.00332	0.00166	0.00415	0.00291	0.00332	0.00581
34	0.00932	0.00466	0.00699	0.00699	0.00699	0.00466	0.00466	0.00699	0.00699	0.00932	0.00932	0.01632	0.00932	0.01865	0.02098	0.84382	0.00466	0.00466	0.00233	0.00233
35	0.00760	0.00549	0.00718	0.00675	0.00802	0.00506	0.00506	0.01013	0.01519	0.02153	0.77503	0.04010	0.05065	0.01097	0.00633	0.00169	0.00253	0.00971	0.00591	0.00506
36	0.01329	0.01275	0.02179	0.03295	0.77787	0.01275	0.01647	0.01647	0.01222	0.01754	0.01010	0.01329	0.00850	0.00478	0.00531	0.00159	0.00638	0.00478	0.00266	0.00850
37	0.02005	0.02558	0.01521	0.01383	0.01659	0.78980	0.01037	0.02143	0.01521	0.01314	0.00830	0.00968	0.00691	0.00553	0.00484	0.00138	0.00968	0.00346	0.00277	0.00622
38	0.02023	0.01495	0.01601	0.01232	0.01658	0.01657	0.01016	0.74216	0.04333	0.03355	0.01311	0.01306	0.00931	0.00646	0.00537	0.00162	0.00587	0.00486	0.00537	0.00911
39	0.01329	0.01275	0.02179	0.03295	0.77787	0.01275	0.01647	0.01647	0.01222	0.01754	0.01010	0.01329	0.00850	0.00478	0.00531	0.00159	0.00638	0.00478	0.00266	0.00850
40	0.01370	0.01432	0.02834	0.05515	0.06685	0.03381	0.59124	0.06704	0.01356	0.04461	0.01119	0.01431	0.00833	0.00480	0.00610	0.00177	0.00848	0.00598	0.00301	0.00742
41	0.84927	0.01038	0.00789	0.00706	0.01038	0.01204	0.00581	0.01578	0.00914	0.02408	0.00747	0.00872	0.00581	0.00498	0.00332	0.00166	0.00415	0.00291	0.00332	0.00581
42	0.01357	0.01164	0.01226	0.01097	0.01404	0.01345	0.00855	0.05139	0.74494	0.02281	0.02157	0.01980	0.01616	0.00726	0.00546	0.00181	0.00430	0.00603	0.00546	0.00852
43	0.00634	0.00544	0.00544	0.00544	0.00725	0.00453	0.00408	0.00770	0.01224	0.01450	0.05438	0.05166	0.77569	0.01359	0.00634	0.00181	0.00272	0.01133	0.00498	0.00453
44	0.00777	0.00564	0.00745	0.00767	0.00890	0.00532	0.00609	0.01010	0.01380	0.01887	0.44908	0.09840	0.09144	0.01272	0.00670	0.00197	0.00332	0.23432	0.00549	0.00495
45	0.84927	0.01038	0.00789	0.00706	0.01038	0.01204	0.00581	0.01578	0.00914	0.02408	0.00747	0.00872	0.00581	0.00498	0.00332	0.00166	0.00415	0.00291	0.00332	0.00581
46	0.01329	0.01275	0.02179	0.03295	0.77787	0.01275	0.01647	0.01647	0.01222	0.01754	0.01010	0.01329	0.00850	0.00478	0.00531	0.00159	0.00638	0.00478	0.00266	0.00850
47	0.00865	0.00618	0.00865	0.00989	0.01112	0.00618	0.00865	0.01112	0.01236	0.01606	0.02842	0.06055	0.03089	0.01483	0.00741	0.00247	0.00494	0.74174	0.00494	0.00494
48	0.01267	0.01448	0.03167	0.02262	0.02805	0.01357	0.75837	0.01719	0.01267	0.01719	0.01086	0.01448	0.00814	0.00452	0.00633	0.00181	0.00905	0.00633	0.00271	0.00724
49	0.84927	0.01038	0.00789	0.00706	0.01038	0.01204	0.00581	0.01578	0.00914	0.02408	0.00747	0.00872	0.00581	0.00498	0.00332	0.00166	0.00415	0.00291	0.00332	0.00581
50	0.01501	0.00887	0.01094	0.00831	0.01243	0.00708	0.00666	0.01714	0.01261	0.27894	0.01759	0.05876	0.06253	0.00622	0.00477	0.00123	0.00405	0.00513	0.00458	0.45715
51	0.01329	0.01275	0.02179	0.03295	0.77787	0.01275	0.01647	0.01647	0.01222	0.01754	0.01010	0.01329	0.00850	0.00478	0.00531	0.00159	0.00638	0.00478	0.00266	0.00850
52	0.23345	0.12743	0.28761	0.01063	0.01582	0.01234	0.01151	0.01710	0.02512	0.10225	0.03928	0.01321	0.02783	0.00557	0.00446	0.00157	0.00566	0.00408	0.00333	0.05176
53	0.01248	0.26853	0.50093	0.01333	0.01989	0.06707	0.01594	0.01701	0.01146	0.01540	0.00888	0.01039	0.00683	0.00497	0.00458	0.00151	0.00738	0.00360	0.00231	0.00750
54	0.00760	0.00549	0.00718	0.00675	0.00802	0.00506	0.00506	0.01013	0.01519	0.02153	0.77503	0.04010	0.05065	0.01097	0.00633	0.00169	0.00253	0.00971	0.00591	0.00506
55	0.23430	0.51636	0.07278	0.00923	0.01364	0.05108	0.00906	0.01629	0.01065	0.01596	0.00765	0.00887	0.00660	0.00477	0.00358	0.00133	0.00564	0.00298	0.00258	0.00665
56	0.01280	0.01216	0.02061	0.05779	0.70071	0.01221	0.01566	0.01595	0.01237	0.01767	0.06117	0.01511	0.01127	0.00522	0.00538	0.00161	0.00615	0.00511	0.00286	0.00818
57	0.00859	0.00614	0.00858	0.00978	0.01100	0.00612	0.00851	0.01103	0.01237	0.01612	0.04286	0.07447	0.03136	0.01479	0.00738	0.00245	0.00486	0.71369	0.00496	0.00493
58	0.00688	0.00546	0.00618	0.00600	0.00758	0.00476	0.00450	0.00874	0.01350	0.01750	0.36166	0.04673	0.46654	0.01248	0.00634	0.00176	0.00264	0.01064	0.00538	0.00476
59	0.01376	0.18279	0.18583	0.01330	0.06720	0.07890	0.01190	0.02148	0.28993	0.03658	0.01380	0.01414	0.01063	0.00598	0.00528	0.00162	0.03089	0.00458	0.00363	0.00779
60	0.00932	0.00466	0.00699	0.00699	0.00699	0.00466	0.00466	0.00699	0.00699	0.00932	0.00932	0.01632	0.00932	0.01865	0.02098	0.84382	0.00466	0.00466	0.00233	0.00233
61	0.00653	0.00470	0.00620	0.00741	0.00777	0.00437	0.00495	0.00748	0.01034	0.01373	0.03038	0.78351	0.05933	0.01671	0.00684	0.00217	0.00310	0.01513	0.00498	0.00437
62	0.01917	0.01438	0.01611	0.10677	0.01909	0.01608	0.01077	0.67034	0.02350	0.03141	0.01249	0.01306	0.00889	0.00631	0.00537	0.00163	0.00606	0.00483	0.00501	0.00875
63	0.01507	0.01314	0.01723	0.02027	0.31899	0.02893	0.01229	0.19901	0.23306	0.02255	0.01396	0.01498	0.01082	0.00616	0.00602	0.00170	0.04810	0.00514	0.00410	0.00847
64	0.01155	0.02027	0.43801	0.01501	0.08677	0.01234	0.01522	0.01999	0.24319	0.01858	0.01580	0.01632	0.05088	0.00619	0.00530	0.00173	0.00639	0.00508	0.00342	0.00798
65	0.84927	0.01038	0.00789	0.00706	0.01038	0.01204	0.00581	0.01578	0.00914	0.02408	0.00747	0.00872	0.00581	0.00498	0.00332	0.00166	0.00415	0.00291	0.00332	0.00581
66	0.02012	0.01444	0.01566	0.01197	0.01629	0.01569	0.00988	0.68204	0.02398	0.07284	0.01316	0.01308	0.00929	0.00633	0.00530	0.00157	0.00574	0.00478	0.00532	0.05254
67	0.01113	0.00954	0.01113	0.00795	0.01272	0.00716	0.00636	0.01352	0.01113	0.01749	0.00954	0.01113	0.00795	0.00398	0.00398	0.00080	0.00398	0.00318	0.00318	0.84417
68	0.82012	0.01035	0.00817	0.03455	0.01130	0.01204	0.00613	0.01571	0.00919	0.02372	0.00755	0.00891	0.00586	0.00500	0.00339	0.00167	0.00426	0.00297	0.00329	0.00582
69	0.01119	0.00615	0.00627	0.00584	0.00744	0.00633	0.00449	0.09778	0.01285	0.02159	0.01698	0.01920	0.01323	0.00628	0.00394	0.00129	0.00289	0.00498	0.74580	0.00547
70	0.01282	0.01449	0.07366	0.02510	0.29636	0.01320	0.39557	0.01768	0.06289	0.01766	0.01124	0.01422	0.00874	0.00484	0.00583	0.00173	0.00770	0.00561	0.00285	0.00782
71	0.00634	0.00544	0.00544	0.00544	0.00725	0.00453	0.00408	0.00770	0.01224	0.01450	0.05438	0.05166	0.77569	0.01359	0.00634	0.00181	0.00272	0.01133	0.00498	0.00453
72	0.01263	0.42085	0.37713	0.01252	0.01869	0.01690	0.04253	0.01654	0.01117	0.01482	0.00859	0.01009	0.00690	0.00482	0.00432	0.00143	0.00688	0.00351	0.00230	0.00738
73	0.01233	0.01218	0.01881	0.37288	0.39677	0.06429	0.01537	0.01558	0.01176	0.01554	0.00973	0.01350	0.00780	0.00509	0.00531	0.00167	0.00694	0.00469	0.00254	0.00722
74	0.01401	0.00636	0.00744	0.00662	0.00870	0.00602	0.00515	0.03109	0.01265	0.23775	0.01927	0.07199	0.01498	0.00707	0.00446	0.00144	0.00320	0.00580	0.52976	0.00623
75	0.01097	0.13359	0.60838	0.01367	0.02053	0.01299	0.01701	0.01624	0.01163	0.01682	0.07991	0.01361	0.01086	0.00557	0.00499	0.00162	0.00713	0.00435	0.00261	0.00753
76	0.00706	0.00495	0.00613	0.00676	0.00708	0.00472	0.00433	0.00778	0.00981	0.01309	0.07693	0.44567	0.06214	0.30191	0.01415	0.00322	0.00381	0.01204	0.00442	0.00402
77	0.01137	0.01153	0.05672	0.37185	0.02601	0.01241	0.08108	0.01892	0.26441	0.01715	0.01544	0.01745	0.03978	0.00633	0.00581	0.00181	0.02586	0.00556	0.00354	0.00698
78	0.01973	0.02492	0.01488	0.01354	0.01626	0.76454	0.01016	0.02115	0.01508	0.01336	0.00859	0.01001	0.00713	0.00555	0.00481	0.00138	0.00945	0.00351	0.02975	0.00618
79	0.01072	0.00917	0.01687	0.01339	0.01593	0.00895	0.28839	0.01342	0.08054	0.01523	0.09333	0.02145	0.01535	0.01123	0.01159	0.30454	0.00607	0.05532	0.00332	0.00521
80	0.52776	0.01211	0.01085	0.01028	0.06322	0.05424	0.00766	0.14623	0.06265	0.02440	0.01081	0.01167	0.02750	0.00563	0.00411	0.00165	0.00487	0.00383	0.00379	0.00674
81	0.01643	0.01798	0.01355	0.01226	0.01517	0.36991	0.00936	0.02527	0.42240	0.01818	0.01563	0.01528	0.01204	0.00648	0.00518	0.00162	0.00674	0.00487	0.00422	0.00745
82	0.00737	0.00481	0.00587	0.00671	0.00737	0.00453	0.00461	0.00872	0.01067	0.01530	0.02862	0.55601	0.08907	0.01399	0.00606	0.00192	0.00293	0.01245	0.20846	0.00453
83	0.01941	0.01871	0.01515	0.01258	0.01605	0.33177	0.00993	0.40813	0.02047	0.02455	0.06192	0.01339	0.01100	0.00637	0.00522	0.00152	0.00722	0.00460	0.00434	0.00767
84	0.01014	0.00954	0.01610	0.79845	0.03697	0.01193	0.01491	0.01371	0.01073	0.01371	0.00954	0.01431	0.00716	0.00537	0.00537	0.00179	0.00716	0.00477	0.00239	0.00596
85	0.00686	0.00485	0.00632	0.00723	0.00753	0.00468	0.00476	0.00768	0.00968	0.01298	0.02609	0.60424	0.03090	0.17370	0.06317	0.00320	0.00428	0.01317	0.00450	0.00417
86	0.01733	0.56797	0.02333	0.00930	0.01375	0.01715	0.00879	0.01916	0.01227	0.24807	0.01166	0.01157	0.00885	0.00522	0.00404	0.00131	0.00538	0.00364	0.00363	0.00758
87	0.00771	0.00558	0.00778	0.00778	0.00844	0.00625	0.00565	0.00904	0.00838	0.01183	0.01515	0.02539	0.01529	0.27635	0.55654	0.00758	0.01157	0.00638	0.00299	0.00432
88	0.01331	0.01238	0.01883	0.02620	0.54397	0.01294	0.01403	0.02016	0.24368	0.01904	0.01369	0.01535	0.01092	0.00555	0.00536	0.00166	0.00573	0.00518	0.00352	0.00850
89	0.01420	0.74136	0.04572	0.00945	0.01402	0.02049	0.00940	0.01693	0.06163	0.01340	0.00848	0.00944	0.00752	0.00479	0.00362	0.00121	0.00569	0.00311	0.00251	0.00702
90	0.00781	0.00520	0.00585	0.00585	0.00585	0.00520	0.00325	0.00781	0.00781	0.01041	0.01691	0.03513	0.01952	0.81135	0.02732	0.00520	0.00520	0.00781	0.00325	0.00325
91	0.02240	0.04737	0.07127	0.01015	0.01462	0.00942	0.00900	0.07403	0.01552	0.63947	0.01914	0.01695	0.01223	0.00642	0.00529	0.00164	0.00496	0.00514	0.00603	0.00894
92	0.00634	0.00544	0.00544	0.00544	0.00725	0.00453	0.00408	0.00770	0.01224	0.01450	0.05438	0.05166	0.77569	0.01359	0.00634	0.00181	0.00272	0.01133	0.00498	0.00453
93	0.01014	0.00954	0.01610	0.79845	0.03697	0.01193	0.01491	0.01371	0.01073	0.01371	0.00954	0.01431	0.00716	0.00537	0.00537	0.00179	0.00716	0.00477	0.00239	0.00596
94	0.00781	0.00520	0.00585	0.00585	0.00585	0.00520	0.00325	0.00781	0.00781	0.01041	0.01691	0.03513	0.01952	0.81135	0.02732	0.00520	0.00520	0.00781	0.00325	0.00325

[dist]
# distance from previous block
# <min> <max>
0	0

# created by:
# /st0/software/busco_prod/Augustus/scripts/msa2prfl.pl ./align_prep/71691.fa
