[name]
unknown

[dist]
# distance from previous block
# <min> <max>
10	460

[block]
# block no. 0 follows, 49 sequences, length 30
# corresponding to MSA columns:
# 474-487,489-504
name=unknown_A
#
# <colnr> <probs for GDERKNQSTAVLIFYWHMCP>
#	G	D	E	R	K	N	Q	S	T	A	V	L	I	F	Y	W	H	M	C	P
0	0.00754	0.00506	0.00593	0.00602	0.00679	0.00475	0.00400	0.00834	0.00960	0.04987	0.06401	0.19818	0.20750	0.33996	0.04210	0.00327	0.00404	0.00946	0.01957	0.00400
1	0.05880	0.01274	0.11223	0.01056	0.01369	0.10166	0.06985	0.08001	0.04729	0.12337	0.13215	0.01890	0.03068	0.06153	0.00704	0.00180	0.04997	0.00545	0.05592	0.00635
2	0.07129	0.00729	0.00837	0.03647	0.01028	0.04891	0.00640	0.05957	0.02380	0.03288	0.03568	0.24931	0.02007	0.08191	0.20976	0.00370	0.00669	0.07889	0.00383	0.00490
3	0.05507	0.00836	0.01016	0.00847	0.01133	0.00825	0.00676	0.06943	0.15108	0.33028	0.25710	0.02312	0.02336	0.00754	0.00527	0.00160	0.00372	0.00631	0.00562	0.00716
4	0.03520	0.15168	0.01228	0.00819	0.01061	0.00938	0.02023	0.08398	0.02654	0.18229	0.12667	0.17193	0.02057	0.10889	0.00766	0.00199	0.00422	0.00720	0.00447	0.00602
5	0.44135	0.01030	0.01021	0.00835	0.01186	0.01109	0.00687	0.16035	0.03429	0.24248	0.01202	0.01179	0.00833	0.00545	0.00410	0.00156	0.00433	0.00382	0.00443	0.00702
6	0.00811	0.00538	0.00706	0.00652	0.00788	0.00493	0.00493	0.01047	0.01432	0.06778	0.74093	0.03651	0.04555	0.01009	0.00591	0.00159	0.00250	0.00890	0.00561	0.00501
7	0.01352	0.82533	0.02650	0.00865	0.01298	0.02001	0.00865	0.01514	0.01027	0.01190	0.00703	0.00811	0.00649	0.00433	0.00324	0.00108	0.00541	0.00270	0.00216	0.00649
8	0.01037	0.00960	0.01421	0.30777	0.05580	0.00999	0.04728	0.01303	0.01013	0.01463	0.00879	0.01191	0.00714	0.00491	0.00594	0.00135	0.10270	0.00394	0.00258	0.35794
9	0.13128	0.01790	0.01307	0.01142	0.01443	0.40161	0.00886	0.17240	0.14684	0.01920	0.01077	0.01127	0.00832	0.00560	0.00457	0.00145	0.00682	0.00387	0.00361	0.00673
10	0.01707	0.02117	0.01343	0.01268	0.03623	0.67249	0.00925	0.01847	0.01396	0.01310	0.06627	0.06102	0.01123	0.00622	0.00479	0.00138	0.00816	0.00441	0.00295	0.00573
11	0.00735	0.00490	0.00552	0.00552	0.00552	0.00490	0.00306	0.00735	0.00735	0.00980	0.01593	0.03309	0.01838	0.82229	0.02574	0.00490	0.00490	0.00735	0.00306	0.00306
12	0.01252	0.01201	0.02053	0.03104	0.79074	0.01201	0.01552	0.01552	0.01151	0.01652	0.00951	0.01252	0.00801	0.00451	0.00501	0.00150	0.00601	0.00451	0.00250	0.00801
13	0.01257	0.01096	0.01220	0.01204	0.07872	0.01253	0.00864	0.02591	0.71667	0.02076	0.01965	0.01833	0.01481	0.00666	0.00513	0.00170	0.00417	0.00561	0.00492	0.00800
14	0.00943	0.00471	0.00471	0.00471	0.00589	0.00471	0.00353	0.01178	0.01060	0.01885	0.01650	0.01885	0.01296	0.00589	0.00353	0.00118	0.00236	0.00471	0.85036	0.00471
15	0.06374	0.17543	0.54426	0.01245	0.01880	0.01297	0.01515	0.01641	0.01075	0.07267	0.00936	0.01052	0.00681	0.00481	0.00443	0.00150	0.00663	0.00358	0.00250	0.00725
16	0.01194	0.01364	0.02984	0.02131	0.02643	0.01279	0.77238	0.01620	0.01194	0.01620	0.01023	0.01364	0.00767	0.00426	0.00597	0.00171	0.00853	0.00597	0.00256	0.00682
17	0.01941	0.01387	0.01499	0.01149	0.01553	0.01524	0.00950	0.73421	0.02328	0.07224	0.01255	0.01241	0.00881	0.00608	0.00506	0.00152	0.00550	0.00458	0.00512	0.00860
18	0.08069	0.01384	0.01461	0.01127	0.01525	0.01536	0.00931	0.71826	0.02266	0.03120	0.01177	0.01185	0.00837	0.00597	0.00492	0.00152	0.00544	0.00442	0.00492	0.00837
19	0.00735	0.00490	0.00552	0.00552	0.00552	0.00490	0.00306	0.00735	0.00735	0.00980	0.01593	0.03309	0.01838	0.82229	0.02574	0.00490	0.00490	0.00735	0.00306	0.00306
20	0.00943	0.00471	0.00471	0.00471	0.00589	0.00471	0.00353	0.01178	0.01060	0.01885	0.01650	0.01885	0.01296	0.00589	0.00353	0.00118	0.00236	0.00471	0.85036	0.00471
21	0.00977	0.00921	0.01556	0.75240	0.09084	0.01129	0.01415	0.01311	0.01022	0.01319	0.00903	0.01341	0.00683	0.00501	0.00505	0.00167	0.00669	0.00449	0.00227	0.00579
22	0.00955	0.00899	0.01517	0.81013	0.03483	0.01123	0.01404	0.01292	0.01011	0.01292	0.00899	0.01348	0.00674	0.00506	0.00506	0.00169	0.00674	0.00449	0.00225	0.00562
23	0.01296	0.00954	0.00954	0.00842	0.01055	0.06703	0.00650	0.29193	0.01551	0.02178	0.01691	0.20261	0.01567	0.00823	0.00485	0.00152	0.00417	0.00680	0.27938	0.00609
24	0.00955	0.00899	0.01517	0.81013	0.03483	0.01123	0.01404	0.01292	0.01011	0.01292	0.00899	0.01348	0.00674	0.00506	0.00506	0.00169	0.00674	0.00449	0.00225	0.00562
25	0.01493	0.01421	0.01888	0.02248	0.41191	0.11566	0.06859	0.20658	0.01486	0.01966	0.00990	0.01201	0.00789	0.00513	0.00544	0.00152	0.03501	0.00446	0.00315	0.00770
26	0.00696	0.00519	0.00637	0.00635	0.00743	0.00484	0.00458	0.00909	0.03952	0.01691	0.42346	0.19359	0.17249	0.07124	0.00748	0.00195	0.00277	0.01020	0.00504	0.00454
27	0.01289	0.03923	0.27849	0.01753	0.09544	0.05406	0.27916	0.06320	0.01241	0.06494	0.01026	0.01223	0.00755	0.00474	0.00518	0.00157	0.00734	0.00465	0.00280	0.02633
28	0.10042	0.01100	0.03156	0.00932	0.01331	0.01030	0.02426	0.19663	0.01332	0.02049	0.00940	0.01077	0.00746	0.00483	0.00505	0.00117	0.06599	0.00354	0.00342	0.45777
29	0.16368	0.06840	0.05903	0.01282	0.01706	0.05294	0.21592	0.14175	0.06352	0.08927	0.01105	0.01214	0.00816	0.00503	0.00473	0.00151	0.00602	0.00441	0.00355	0.05902

[dist]
# distance from previous block
# <min> <max>
0	2

[block]
# block no. 1 follows, 49 sequences, length 38
# corresponding to MSA columns:
# 507-544
name=unknown_B
#
# <colnr> <probs for GDERKNQSTAVLIFYWHMCP>
#	G	D	E	R	K	N	Q	S	T	A	V	L	I	F	Y	W	H	M	C	P
0	0.01877	0.01391	0.01493	0.01147	0.01550	0.01531	0.00945	0.73076	0.04179	0.03110	0.01224	0.01225	0.00873	0.00601	0.00502	0.00150	0.00547	0.00453	0.00499	0.03626
1	0.01354	0.05892	0.18066	0.01958	0.34627	0.06082	0.01328	0.01674	0.01171	0.11620	0.01046	0.01204	0.00802	0.00474	0.00470	0.00141	0.00599	0.00406	0.00296	0.10789
2	0.00731	0.00509	0.00648	0.00648	0.00681	0.00543	0.00427	0.00797	0.00764	0.01052	0.01505	0.02820	0.01626	0.53245	0.31267	0.00609	0.00810	0.00664	0.00293	0.00360
3	0.01416	0.01206	0.21580	0.00950	0.01345	0.00766	0.00947	0.01725	0.01335	0.33032	0.25460	0.02269	0.04295	0.00731	0.00531	0.00159	0.00450	0.00613	0.00492	0.00701
4	0.00815	0.00519	0.00669	0.00670	0.00778	0.00474	0.00481	0.00971	0.01199	0.08798	0.33432	0.31954	0.09650	0.06318	0.00730	0.00197	0.00293	0.01067	0.00509	0.00474
5	0.00819	0.11169	0.01097	0.00804	0.00991	0.00743	0.07254	0.02862	0.01199	0.01579	0.24469	0.24691	0.18224	0.01092	0.00573	0.00168	0.00358	0.00966	0.00444	0.00499
6	0.01139	0.01107	0.01266	0.05281	0.01468	0.10992	0.07397	0.01367	0.01104	0.01552	0.01007	0.05876	0.00888	0.00477	0.00428	0.00103	0.00497	0.00405	0.00297	0.57351
7	0.45413	0.01348	0.04776	0.01172	0.03116	0.13137	0.17187	0.01650	0.01062	0.05685	0.00861	0.01015	0.00654	0.00476	0.00416	0.00156	0.00591	0.00371	0.00302	0.00611
8	0.01544	0.01228	0.01304	0.01087	0.01424	0.01391	0.00870	0.34823	0.45559	0.02576	0.01695	0.01597	0.01250	0.00652	0.00511	0.00163	0.00467	0.00522	0.00511	0.00826
9	0.00636	0.00465	0.00602	0.00699	0.00758	0.00431	0.00492	0.00748	0.01026	0.01346	0.05557	0.62155	0.13090	0.01509	0.00643	0.00202	0.00303	0.08447	0.00472	0.00420
10	0.01592	0.12253	0.02086	0.01582	0.06446	0.36222	0.24374	0.01832	0.01291	0.06287	0.00932	0.01109	0.00733	0.00483	0.00488	0.00143	0.00797	0.00421	0.00276	0.00654
11	0.01124	0.01040	0.01508	0.01212	0.01532	0.01085	0.20868	0.05481	0.36147	0.01900	0.07099	0.02352	0.14890	0.00739	0.00555	0.00169	0.00492	0.00680	0.00441	0.00687
12	0.00823	0.05767	0.00949	0.11086	0.01162	0.02538	0.00649	0.00963	0.00841	0.01129	0.01319	0.02233	0.01321	0.28420	0.38033	0.00566	0.00926	0.00570	0.00273	0.00434
13	0.01500	0.01118	0.01585	0.01809	0.30077	0.01168	0.01120	0.15230	0.03703	0.15548	0.01233	0.01465	0.00964	0.00599	0.00649	0.00158	0.10941	0.03042	0.00378	0.07711
14	0.01481	0.31151	0.02350	0.01398	0.01798	0.27628	0.24328	0.01714	0.01212	0.01337	0.00827	0.01014	0.00686	0.00460	0.00451	0.00135	0.00759	0.00389	0.00243	0.00638
15	0.01342	0.00961	0.01165	0.00979	0.01203	0.01079	0.00787	0.30880	0.01541	0.07658	0.11269	0.01853	0.01515	0.04664	0.21699	0.00347	0.09437	0.00550	0.00421	0.00649
16	0.00734	0.00522	0.00606	0.00601	0.00748	0.00456	0.00444	0.00886	0.01205	0.06417	0.22167	0.18312	0.42598	0.01235	0.00600	0.00173	0.00270	0.01062	0.00500	0.00463
17	0.01218	0.01044	0.01110	0.01012	0.01282	0.01202	0.00787	0.02555	0.72650	0.02063	0.02107	0.05443	0.01660	0.00745	0.00525	0.00175	0.00397	0.02739	0.00511	0.00774
18	0.04131	0.00630	0.00826	0.00778	0.00967	0.00578	0.00605	0.01393	0.01230	0.27024	0.15242	0.27369	0.05321	0.01106	0.00586	0.00182	0.00353	0.10567	0.00529	0.00581
19	0.01372	0.53064	0.10085	0.00991	0.01423	0.06011	0.00970	0.06871	0.12069	0.01501	0.00955	0.01022	0.00789	0.00490	0.00387	0.00127	0.00563	0.00339	0.00280	0.00691
20	0.00652	0.00476	0.00619	0.00703	0.00771	0.00443	0.00505	0.00783	0.01073	0.01422	0.12699	0.53497	0.11944	0.01456	0.00641	0.00199	0.00304	0.10903	0.00480	0.00428
21	0.00942	0.00804	0.01297	0.01063	0.01275	0.00807	0.17659	0.01186	0.02657	0.06342	0.21260	0.11406	0.18770	0.00960	0.00732	0.00177	0.10854	0.00841	0.00422	0.00544
22	0.01519	0.12243	0.01634	0.01256	0.01439	0.39946	0.01012	0.01646	0.01128	0.01223	0.00726	0.00973	0.00656	0.00649	0.00901	0.00162	0.31700	0.00363	0.00240	0.00582
23	0.01266	0.01230	0.02086	0.02332	0.39400	0.01249	0.21324	0.05074	0.17243	0.01806	0.01212	0.01412	0.00949	0.00500	0.00529	0.00160	0.00623	0.00515	0.00318	0.00772
24	0.01296	0.16492	0.22570	0.18058	0.06307	0.05947	0.07259	0.01638	0.01135	0.11475	0.01095	0.01262	0.02290	0.00508	0.00472	0.00151	0.00654	0.00420	0.00283	0.00687
25	0.01684	0.01934	0.01342	0.01207	0.01482	0.50974	0.00919	0.05486	0.26586	0.01609	0.01218	0.01244	0.00952	0.00579	0.00477	0.00145	0.00729	0.00412	0.00354	0.00668
26	0.05393	0.01387	0.06458	0.03319	0.25333	0.11425	0.13835	0.01497	0.01067	0.01480	0.00905	0.01295	0.00788	0.05691	0.00875	0.00189	0.17701	0.00462	0.00250	0.00650
27	0.01062	0.01049	0.01539	0.01309	0.01351	0.01415	0.05566	0.01200	0.00804	0.01235	0.00774	0.01235	0.00747	0.01233	0.11729	0.00295	0.66215	0.00464	0.00230	0.00548
28	0.00874	0.01206	0.21898	0.01150	0.01478	0.00792	0.15810	0.01135	0.01050	0.01448	0.07905	0.22049	0.08080	0.01021	0.00756	0.11153	0.00534	0.00793	0.00335	0.00534
29	0.00730	0.00513	0.00664	0.00664	0.00703	0.00552	0.00447	0.00808	0.00769	0.01064	0.01490	0.02737	0.01590	0.48319	0.36144	0.00630	0.00864	0.00652	0.00291	0.00369
30	0.01269	0.01007	0.01138	0.00975	0.01242	0.05676	0.04846	0.07468	0.32747	0.09775	0.21218	0.02375	0.06519	0.00771	0.00539	0.00163	0.00421	0.00657	0.00504	0.00690
31	0.00646	0.00456	0.00590	0.00679	0.00710	0.00431	0.00449	0.00731	0.00960	0.01287	0.07139	0.62594	0.03169	0.15120	0.00968	0.00251	0.00326	0.02650	0.00447	0.00398
32	0.01338	0.01229	0.01984	0.02854	0.69079	0.01249	0.01476	0.11332	0.01310	0.01850	0.00985	0.01247	0.00809	0.00471	0.00501	0.00150	0.00595	0.00451	0.00283	0.00809
33	0.00637	0.00462	0.00580	0.00654	0.00705	0.00428	0.00438	0.00731	0.00999	0.01320	0.09031	0.55516	0.13053	0.11901	0.00884	0.00234	0.00310	0.01257	0.00455	0.00405
34	0.01555	0.01723	0.35884	0.01174	0.01709	0.01076	0.01267	0.16365	0.01457	0.25802	0.05925	0.01457	0.01115	0.00582	0.00501	0.00157	0.00583	0.00463	0.00416	0.00788
35	0.18679	0.00853	0.00946	0.00774	0.01079	0.00857	0.00629	0.11591	0.01347	0.33628	0.01544	0.01518	0.01071	0.00582	0.00428	0.00146	0.00387	0.00445	0.22801	0.00695
36	0.00652	0.00472	0.00618	0.00681	0.00748	0.00438	0.00479	0.00794	0.01127	0.01531	0.26536	0.51415	0.07482	0.01392	0.00630	0.00190	0.00280	0.03606	0.00496	0.00434
37	0.01073	0.01120	0.10944	0.05176	0.28241	0.00996	0.01177	0.01356	0.01153	0.05149	0.17335	0.04650	0.01844	0.00749	0.00688	0.00171	0.10927	0.06256	0.00345	0.00650

[dist]
# distance from previous block
# <min> <max>
1	4

[block]
# block no. 2 follows, 49 sequences, length 24
# corresponding to MSA columns:
# 549-572
name=unknown_C
#
# <colnr> <probs for GDERKNQSTAVLIFYWHMCP>
#	G	D	E	R	K	N	Q	S	T	A	V	L	I	F	Y	W	H	M	C	P
0	0.17356	0.06304	0.01392	0.01129	0.01442	0.43187	0.00888	0.19276	0.01523	0.01875	0.00863	0.00959	0.00680	0.00527	0.00434	0.00139	0.00713	0.00343	0.00324	0.00646
1	0.01344	0.01100	0.01250	0.04267	0.06843	0.01224	0.00883	0.22611	0.38361	0.02245	0.02015	0.02097	0.08368	0.00730	0.00527	0.00167	0.00458	0.04275	0.00476	0.00757
2	0.00734	0.00494	0.00570	0.00570	0.00576	0.00500	0.00329	0.00747	0.00741	0.00994	0.01577	0.03217	0.01798	0.76744	0.08004	0.00513	0.00551	0.00722	0.00304	0.00317
3	0.01015	0.00981	0.01529	0.49293	0.02625	0.01293	0.01286	0.01262	0.00917	0.01262	0.00805	0.01252	0.00670	0.00657	0.00965	0.00190	0.32770	0.00447	0.00223	0.00558
4	0.00666	0.00474	0.00609	0.00684	0.00732	0.00449	0.00471	0.00772	0.01007	0.01347	0.11510	0.49129	0.06144	0.15418	0.00976	0.00250	0.00336	0.08169	0.00451	0.00406
5	0.00995	0.01336	0.16221	0.01581	0.02012	0.01014	0.41697	0.01358	0.01124	0.01530	0.01729	0.16797	0.08752	0.00736	0.00585	0.00175	0.00671	0.00760	0.00309	0.00618
6	0.00648	0.00518	0.00582	0.00576	0.00728	0.00452	0.00439	0.00817	0.01241	0.01583	0.28167	0.04574	0.50988	0.01210	0.00603	0.00171	0.00263	0.05499	0.00497	0.00445
7	0.01380	0.78360	0.02586	0.00888	0.01312	0.06073	0.00871	0.01540	0.01049	0.01192	0.00707	0.00816	0.00649	0.00437	0.00331	0.00109	0.00560	0.00273	0.00219	0.00646
8	0.01014	0.02616	0.79609	0.01441	0.02189	0.01174	0.01868	0.01601	0.01068	0.01601	0.00907	0.01068	0.00641	0.00480	0.00480	0.00160	0.00747	0.00374	0.00214	0.00747
9	0.01221	0.01170	0.01997	0.11142	0.71276	0.01193	0.01537	0.01525	0.01137	0.01615	0.00946	0.01262	0.00788	0.00456	0.00501	0.00152	0.00608	0.00450	0.00248	0.00776
10	0.01314	0.01397	0.09972	0.01498	0.01923	0.03756	0.29747	0.11406	0.22929	0.04252	0.01364	0.01490	0.01020	0.00712	0.04690	0.00199	0.00693	0.00535	0.00367	0.00735
11	0.01049	0.00899	0.01049	0.00749	0.01198	0.00674	0.00599	0.01273	0.01049	0.01648	0.00899	0.01049	0.00749	0.00374	0.00374	0.00075	0.00374	0.00300	0.00300	0.85320
12	0.00616	0.00440	0.00587	0.00704	0.00733	0.00411	0.00469	0.00704	0.00968	0.01291	0.02787	0.81899	0.03344	0.01584	0.00645	0.00205	0.00293	0.01438	0.00469	0.00411
13	0.01364	0.01159	0.01663	0.31310	0.23243	0.01304	0.01289	0.26961	0.01504	0.02025	0.01014	0.01272	0.00771	0.00533	0.00530	0.00159	0.02396	0.00452	0.00326	0.00727
14	0.01079	0.05169	0.04138	0.00784	0.01181	0.00768	0.00661	0.04640	0.01189	0.04180	0.15120	0.01562	0.01492	0.00520	0.00426	0.00101	0.00383	0.00426	0.00358	0.55822
15	0.00955	0.00899	0.01517	0.81013	0.03483	0.01123	0.01404	0.01292	0.01011	0.01292	0.00899	0.01348	0.00674	0.00506	0.00506	0.00169	0.00674	0.00449	0.00225	0.00562
16	0.00723	0.00539	0.00797	0.00797	0.00882	0.00624	0.00613	0.00893	0.00808	0.01162	0.01369	0.02066	0.01299	0.08502	0.75562	0.00793	0.01303	0.00553	0.00273	0.00443
17	0.01021	0.00966	0.01636	0.63670	0.20310	0.01141	0.01437	0.01350	0.01042	0.01372	0.00910	0.01327	0.00702	0.00493	0.00504	0.00164	0.00658	0.00450	0.00230	0.00615
18	0.00716	0.00517	0.00676	0.00636	0.00755	0.00477	0.00477	0.00954	0.01431	0.02028	0.78808	0.03777	0.04771	0.01034	0.00596	0.00159	0.00239	0.00914	0.00557	0.00477
19	0.01125	0.01589	0.28131	0.01343	0.01811	0.01131	0.16268	0.01899	0.26148	0.03845	0.07023	0.04743	0.01378	0.00623	0.00530	0.00167	0.00593	0.00566	0.00365	0.00722
20	0.01233	0.40049	0.08894	0.01117	0.01394	0.03474	0.01055	0.01410	0.00935	0.01238	0.00706	0.00958	0.00654	0.00626	0.00894	0.00160	0.34015	0.00352	0.00219	0.00616
21	0.02083	0.00870	0.01150	0.00894	0.01259	0.00782	0.00734	0.08325	0.01520	0.65428	0.09749	0.01890	0.01578	0.00666	0.00517	0.00156	0.00421	0.00546	0.00609	0.00821
22	0.00616	0.00440	0.00587	0.00704	0.00733	0.00411	0.00469	0.00704	0.00968	0.01291	0.02787	0.81899	0.03344	0.01584	0.00645	0.00205	0.00293	0.01438	0.00469	0.00411
23	0.01033	0.00882	0.01411	0.01688	0.29392	0.00867	0.07119	0.01346	0.04264	0.04815	0.32887	0.02506	0.06321	0.00752	0.00579	0.00159	0.02240	0.00688	0.00410	0.00638

[dist]
# distance from previous block
# <min> <max>
0	1

[block]
# block no. 3 follows, 49 sequences, length 12
# corresponding to MSA columns:
# 574-585
name=unknown_D
#
# <colnr> <probs for GDERKNQSTAVLIFYWHMCP>
#	G	D	E	R	K	N	Q	S	T	A	V	L	I	F	Y	W	H	M	C	P
0	0.35345	0.02744	0.04766	0.02562	0.08014	0.06938	0.13246	0.06467	0.02859	0.09367	0.00983	0.01110	0.00733	0.00491	0.00432	0.00154	0.00558	0.00393	0.00333	0.02503
1	0.01105	0.01883	0.42523	0.01510	0.08349	0.01079	0.12277	0.01586	0.03308	0.04319	0.01100	0.01261	0.02655	0.00483	0.00486	0.00147	0.00656	0.00427	0.00266	0.14578
2	0.01013	0.00858	0.01003	0.00755	0.01151	0.00676	0.00595	0.01289	0.04947	0.01662	0.04478	0.07114	0.01153	0.00507	0.00411	0.00093	0.00364	0.00423	0.00334	0.71174
3	0.01180	0.01374	0.11911	0.03389	0.18612	0.01169	0.34653	0.03351	0.06881	0.03545	0.03756	0.01607	0.05069	0.00532	0.00550	0.00164	0.00682	0.00563	0.00303	0.00711
4	0.01237	0.00846	0.01031	0.00867	0.01160	0.00829	0.00685	0.05752	0.16950	0.14562	0.01547	0.05833	0.01265	0.01401	0.20189	0.00302	0.00637	0.00518	0.00411	0.23976
5	0.29742	0.06919	0.26550	0.06856	0.01632	0.01186	0.01102	0.04481	0.06675	0.06450	0.03377	0.01175	0.00849	0.00521	0.00424	0.00156	0.00542	0.00381	0.00316	0.00666
6	0.07607	0.01303	0.01412	0.16751	0.01854	0.15788	0.05755	0.12314	0.09157	0.07249	0.01140	0.03098	0.00889	0.00575	0.00544	0.00153	0.05036	0.00449	0.00349	0.08577
7	0.00723	0.00601	0.00644	0.00629	0.00800	0.00568	0.00472	0.01075	0.13761	0.01572	0.14391	0.10573	0.49997	0.01175	0.00588	0.00172	0.00280	0.00996	0.00489	0.00493
8	0.01193	0.05409	0.01598	0.25645	0.23836	0.06739	0.01199	0.06525	0.08635	0.01604	0.03020	0.07237	0.01096	0.00616	0.00545	0.00161	0.03442	0.00527	0.00306	0.00665
9	0.00691	0.00516	0.00642	0.00610	0.00740	0.00467	0.00458	0.00907	0.01373	0.01890	0.63499	0.04004	0.20165	0.01085	0.00597	0.00161	0.00242	0.00946	0.00539	0.00467
10	0.01126	0.01741	0.33198	0.01518	0.02033	0.01178	0.24470	0.01729	0.12699	0.04032	0.03951	0.03683	0.01057	0.00570	0.00590	0.00169	0.04714	0.00528	0.00304	0.00710
11	0.07148	0.01503	0.19689	0.11198	0.20267	0.01241	0.02783	0.21944	0.01427	0.02038	0.01210	0.01373	0.04860	0.00551	0.00492	0.00157	0.00604	0.00457	0.00324	0.00736

[dist]
# distance from previous block
# <min> <max>
2	5

[block]
# block no. 4 follows, 49 sequences, length 7
# corresponding to MSA columns:
# 591-597
name=unknown_E
#
# <colnr> <probs for GDERKNQSTAVLIFYWHMCP>
#	G	D	E	R	K	N	Q	S	T	A	V	L	I	F	Y	W	H	M	C	P
0	0.01180	0.01766	0.42532	0.01214	0.01728	0.00993	0.04568	0.05379	0.04337	0.12642	0.05533	0.13097	0.01392	0.00703	0.00522	0.00167	0.00591	0.00598	0.00356	0.00705
1	0.00628	0.00502	0.00552	0.00561	0.00693	0.00437	0.00406	0.00761	0.01148	0.01441	0.16763	0.14769	0.51707	0.06466	0.00730	0.00194	0.00273	0.01070	0.00473	0.00425
2	0.01075	0.00856	0.00965	0.00877	0.01099	0.00925	0.00691	0.10292	0.32621	0.02105	0.27132	0.02974	0.07133	0.00895	0.00563	0.00171	0.00363	0.08097	0.00520	0.00647
3	0.00643	0.00505	0.00581	0.00582	0.00716	0.00443	0.00429	0.00806	0.01230	0.01597	0.31599	0.14429	0.42177	0.01230	0.00603	0.00171	0.00255	0.01060	0.00501	0.00443
4	0.01448	0.01067	0.01286	0.09598	0.05433	0.04497	0.03136	0.07006	0.34252	0.17302	0.08046	0.01821	0.01517	0.00652	0.00518	0.00163	0.00477	0.00551	0.00477	0.00752
5	0.01517	0.05872	0.01159	0.00867	0.01160	0.01096	0.00709	0.34202	0.05020	0.09786	0.05518	0.01616	0.01259	0.00619	0.00452	0.00140	0.00418	0.00484	0.27408	0.00701
6	0.47706	0.10024	0.09483	0.01019	0.07555	0.05943	0.00840	0.01565	0.00992	0.04975	0.00812	0.00935	0.00634	0.00469	0.00367	0.00145	0.00494	0.00312	0.00295	0.05433

[dist]
# distance from previous block
# <min> <max>
1	5

[block]
# block no. 5 follows, 49 sequences, length 40
# corresponding to MSA columns:
# 603-635,637-643
name=unknown_F
#
# <colnr> <probs for GDERKNQSTAVLIFYWHMCP>
#	G	D	E	R	K	N	Q	S	T	A	V	L	I	F	Y	W	H	M	C	P
0	0.03693	0.01747	0.01316	0.01241	0.06325	0.44305	0.00899	0.10636	0.02925	0.07249	0.10513	0.01538	0.04204	0.00627	0.00488	0.00142	0.00688	0.00464	0.00364	0.00635
1	0.01178	0.01126	0.01919	0.22453	0.60300	0.01182	0.01515	0.01487	0.01117	0.01563	0.00938	0.01276	0.00769	0.00464	0.00502	0.00155	0.00619	0.00450	0.00244	0.00742
2	0.02210	0.00848	0.01155	0.00890	0.01271	0.00733	0.00733	0.02407	0.01447	0.76490	0.04907	0.01799	0.01385	0.00641	0.00512	0.00157	0.00423	0.00524	0.00623	0.00846
3	0.02660	0.00749	0.05798	0.00753	0.00963	0.00631	0.00626	0.01335	0.07591	0.11705	0.56491	0.03136	0.03724	0.00908	0.00566	0.00160	0.00311	0.00789	0.00535	0.00570
4	0.00634	0.00512	0.00563	0.00554	0.00706	0.00442	0.00414	0.00794	0.01232	0.01564	0.27299	0.06306	0.54781	0.01213	0.00598	0.00168	0.00252	0.01030	0.00496	0.00442
5	0.01154	0.01086	0.01787	0.01434	0.03298	0.01200	0.25136	0.06202	0.10213	0.03466	0.09395	0.01748	0.02725	0.02720	0.04909	0.00220	0.21753	0.00582	0.00339	0.00633
6	0.22275	0.00779	0.00893	0.00852	0.04854	0.00786	0.00626	0.02875	0.05112	0.18743	0.24790	0.08200	0.05640	0.00803	0.00500	0.00162	0.00355	0.00664	0.00482	0.00610
7	0.01717	0.36436	0.01920	0.01069	0.06284	0.01460	0.00882	0.13139	0.04222	0.26316	0.01254	0.01227	0.00914	0.00530	0.00428	0.00135	0.00507	0.00396	0.00402	0.00763
8	0.01049	0.00899	0.01049	0.00749	0.01198	0.00674	0.00599	0.01273	0.01049	0.01648	0.00899	0.01049	0.00749	0.00374	0.00374	0.00075	0.00374	0.00300	0.00300	0.85320
9	0.00722	0.00485	0.00555	0.00569	0.00572	0.00481	0.00325	0.00732	0.00761	0.01015	0.01726	0.12078	0.02006	0.73230	0.02359	0.00458	0.00468	0.00814	0.00325	0.00318
10	0.01110	0.01060	0.01783	0.37897	0.40600	0.01187	0.01459	0.01416	0.01066	0.01465	0.00911	0.01286	0.00736	0.00501	0.00572	0.00163	0.05424	0.00450	0.00237	0.00679
11	0.00652	0.00517	0.00587	0.00578	0.00728	0.00453	0.00440	0.00825	0.01255	0.01614	0.31832	0.04512	0.48063	0.01197	0.00602	0.00170	0.00260	0.04767	0.00501	0.00447
12	0.01327	0.76656	0.08309	0.00908	0.01363	0.01940	0.00939	0.01521	0.01030	0.01220	0.00718	0.00830	0.00648	0.00436	0.00336	0.00112	0.00556	0.00278	0.00216	0.00656
13	0.00735	0.00490	0.00552	0.00552	0.00552	0.00490	0.00306	0.00735	0.00735	0.00980	0.01593	0.03309	0.01838	0.82229	0.02574	0.00490	0.00490	0.00735	0.00306	0.00306
14	0.00725	0.00533	0.00766	0.00766	0.00841	0.00607	0.00574	0.00873	0.00799	0.01140	0.01397	0.02221	0.01366	0.17675	0.66481	0.00756	0.01202	0.00576	0.00277	0.00426
15	0.01178	0.07027	0.30492	0.11082	0.02353	0.09233	0.26501	0.01598	0.01130	0.01499	0.00913	0.01168	0.00688	0.00476	0.00536	0.00160	0.02609	0.00446	0.00234	0.00677
16	0.17210	0.06912	0.01596	0.01262	0.01537	0.37387	0.10464	0.03027	0.01188	0.01504	0.00782	0.00980	0.00652	0.00551	0.00622	0.00153	0.12947	0.00366	0.00265	0.00595
17	0.18377	0.47281	0.08522	0.00931	0.01348	0.08723	0.00901	0.06254	0.01117	0.01569	0.00759	0.00869	0.00641	0.00463	0.00358	0.00127	0.00562	0.00296	0.00257	0.00644
18	0.00912	0.00735	0.01037	0.07013	0.14726	0.00744	0.00773	0.01302	0.10090	0.03178	0.48176	0.02927	0.04647	0.00851	0.00562	0.00160	0.00356	0.00756	0.00474	0.00582
19	0.00671	0.00515	0.00695	0.00775	0.00801	0.00539	0.00541	0.00762	0.00946	0.01282	0.02547	0.72767	0.03041	0.01505	0.00760	0.00207	0.09450	0.01325	0.00441	0.00427
20	0.00995	0.00672	0.00831	0.00755	0.00932	0.00666	0.00585	0.05167	0.11577	0.09026	0.50990	0.03323	0.03636	0.03056	0.00631	0.00173	0.00314	0.05560	0.00543	0.00569
21	0.00734	0.00538	0.00691	0.00662	0.00782	0.00510	0.00493	0.01018	0.05251	0.01964	0.67869	0.10952	0.04476	0.01067	0.00597	0.00164	0.00252	0.00946	0.00546	0.00487
22	0.01743	0.01279	0.01381	0.01105	0.01473	0.01419	0.00898	0.49712	0.25355	0.07915	0.01522	0.01452	0.01094	0.00632	0.00509	0.00158	0.00501	0.00494	0.00516	0.00842
23	0.01614	0.00754	0.00986	0.00805	0.01080	0.00688	0.00640	0.06603	0.01465	0.42952	0.29444	0.02504	0.02517	0.04823	0.00642	0.00174	0.00373	0.00662	0.00578	0.00696
24	0.01889	0.02410	0.01433	0.01303	0.01563	0.80199	0.00977	0.02019	0.01433	0.01238	0.00782	0.00912	0.00651	0.00521	0.00456	0.00130	0.00912	0.00326	0.00261	0.00586
25	0.28388	0.00973	0.01086	0.00862	0.01231	0.00979	0.00712	0.12423	0.01391	0.44811	0.01484	0.01370	0.00977	0.00574	0.00447	0.00156	0.00435	0.00428	0.00511	0.00762
26	0.01276	0.01255	0.02009	0.04812	0.73482	0.05122	0.01520	0.01569	0.01162	0.01623	0.00942	0.01237	0.00791	0.00455	0.00499	0.00150	0.00618	0.00444	0.00250	0.00785
27	0.59744	0.01361	0.00963	0.00854	0.01160	0.20824	0.00680	0.06313	0.01097	0.02069	0.00755	0.00868	0.00593	0.00491	0.00360	0.00150	0.00531	0.00298	0.00312	0.00577
28	0.00791	0.00537	0.00776	0.00922	0.05672	0.00528	0.00652	0.00867	0.00972	0.01290	0.02160	0.29853	0.02420	0.01490	0.00986	0.21371	0.00410	0.27504	0.00392	0.00407
29	0.00741	0.00528	0.00725	0.00839	0.00921	0.00518	0.00677	0.00915	0.01082	0.01419	0.02689	0.33221	0.03040	0.03558	0.00728	0.00230	0.00404	0.46861	0.00463	0.00442
30	0.01124	0.01213	0.05317	0.23136	0.12035	0.14149	0.01123	0.01459	0.06453	0.01369	0.01067	0.01431	0.00892	0.01353	0.20393	0.00323	0.05844	0.00456	0.00265	0.00595
31	0.00735	0.00493	0.00565	0.00565	0.00569	0.00497	0.00323	0.00744	0.00739	0.00990	0.01581	0.03242	0.01809	0.78267	0.06495	0.00507	0.00534	0.00726	0.00305	0.00314
32	0.00989	0.02477	0.74582	0.01394	0.02096	0.01126	0.01779	0.01544	0.01061	0.01582	0.01027	0.06209	0.00813	0.00551	0.00491	0.00163	0.00718	0.00441	0.00230	0.00726
33	0.01098	0.01182	0.05482	0.01363	0.01428	0.01497	0.04979	0.01250	0.00811	0.01255	0.00709	0.01136	0.00681	0.00904	0.03216	0.00228	0.71542	0.00449	0.00224	0.00567
34	0.00713	0.00527	0.00682	0.04208	0.00903	0.00516	0.00536	0.05609	0.01071	0.01416	0.02749	0.68506	0.07742	0.01456	0.00628	0.00198	0.00324	0.01309	0.00461	0.00447
35	0.00955	0.00899	0.01517	0.81013	0.03483	0.01123	0.01404	0.01292	0.01011	0.01292	0.00899	0.01348	0.00674	0.00506	0.00506	0.00169	0.00674	0.00449	0.00225	0.00562
36	0.01193	0.01201	0.01917	0.12819	0.11828	0.04333	0.24864	0.01782	0.19468	0.01655	0.01199	0.01413	0.00930	0.00534	0.00604	0.00163	0.06217	0.00508	0.00313	0.07058
37	0.01233	0.01183	0.02019	0.07922	0.74399	0.01197	0.01543	0.01536	0.01143	0.01630	0.00948	0.01258	0.00793	0.00454	0.00501	0.00151	0.00605	0.00450	0.00249	0.00786
38	0.01368	0.01206	0.08582	0.00962	0.01414	0.05749	0.03818	0.07015	0.02580	0.14416	0.01119	0.01190	0.00837	0.00459	0.00432	0.00111	0.00484	0.00370	0.00359	0.47532
39	0.01271	0.01566	0.23044	0.01566	0.04652	0.02519	0.28610	0.06502	0.05146	0.09652	0.05907	0.01551	0.01114	0.03849	0.00621	0.00176	0.00680	0.00532	0.00331	0.00710

[dist]
# distance from previous block
# <min> <max>
0	37

[block]
# block no. 6 follows, 49 sequences, length 54
# corresponding to MSA columns:
# 681-734
name=unknown_G
#
# <colnr> <probs for GDERKNQSTAVLIFYWHMCP>
#	G	D	E	R	K	N	Q	S	T	A	V	L	I	F	Y	W	H	M	C	P
0	0.02388	0.13374	0.06073	0.00909	0.03404	0.00939	0.03137	0.07373	0.01260	0.16138	0.04176	0.10176	0.25613	0.00882	0.00539	0.00159	0.01685	0.00729	0.00430	0.00618
1	0.01303	0.44937	0.16311	0.01038	0.01511	0.05549	0.02980	0.04962	0.06366	0.01473	0.00886	0.00991	0.00730	0.00465	0.00392	0.00123	0.00580	0.00332	0.00260	0.08810
2	0.01303	0.65441	0.11535	0.01147	0.08866	0.01828	0.01048	0.01528	0.01044	0.01282	0.00751	0.00883	0.00663	0.00440	0.00359	0.00118	0.00571	0.00300	0.00219	0.00675
3	0.01068	0.01052	0.08585	0.00821	0.01287	0.00723	0.00726	0.01325	0.01054	0.03664	0.00941	0.01095	0.00767	0.00490	0.02684	0.00106	0.00440	0.00319	0.00299	0.72553
4	0.79109	0.07440	0.00894	0.00681	0.01003	0.01203	0.00573	0.01489	0.00874	0.02183	0.00704	0.00821	0.00556	0.00466	0.00314	0.00153	0.00403	0.00274	0.00305	0.00556
5	0.02031	0.01131	0.10732	0.00994	0.01423	0.00890	0.00900	0.08309	0.05843	0.59524	0.01805	0.01611	0.01163	0.00610	0.00505	0.00157	0.00477	0.00492	0.00560	0.00843
6	0.00878	0.00439	0.00659	0.00659	0.00659	0.00439	0.00439	0.00659	0.00659	0.00878	0.00878	0.01537	0.00878	0.01757	0.01976	0.85288	0.00439	0.00439	0.00220	0.00220
7	0.01014	0.02616	0.79609	0.01441	0.02189	0.01174	0.01868	0.01601	0.01068	0.01601	0.00907	0.01068	0.00641	0.00480	0.00480	0.00160	0.00747	0.00374	0.00214	0.00747
8	0.01014	0.02616	0.79609	0.01441	0.02189	0.01174	0.01868	0.01601	0.01068	0.01601	0.00907	0.01068	0.00641	0.00480	0.00480	0.00160	0.00747	0.00374	0.00214	0.00747
9	0.01719	0.04942	0.08971	0.01332	0.03824	0.61500	0.01061	0.02002	0.07456	0.01352	0.00897	0.01011	0.00725	0.00525	0.00460	0.00136	0.00834	0.00352	0.00274	0.00627
10	0.00735	0.00490	0.00552	0.00552	0.00552	0.00490	0.00306	0.00735	0.00735	0.00980	0.01593	0.03309	0.01838	0.82229	0.02574	0.00490	0.00490	0.00735	0.00306	0.00306
11	0.01336	0.01378	0.01839	0.02596	0.58444	0.15877	0.01386	0.01599	0.01205	0.01564	0.01056	0.01541	0.00940	0.00539	0.00508	0.00153	0.00648	0.06388	0.00269	0.00734
12	0.17151	0.07748	0.01456	0.01042	0.01431	0.01500	0.00872	0.55409	0.01968	0.05054	0.01103	0.01125	0.00798	0.00569	0.00456	0.00149	0.00521	0.00409	0.00451	0.00786
13	0.01063	0.01167	0.07638	0.01262	0.01321	0.01418	0.01090	0.01201	0.00794	0.01225	0.00772	0.01315	0.00775	0.08660	0.01654	0.00242	0.67164	0.00465	0.00229	0.00545
14	0.01038	0.01003	0.01396	0.01206	0.01227	0.01361	0.00996	0.01171	0.00890	0.01359	0.14355	0.01574	0.01383	0.00911	0.01473	0.00210	0.67100	0.00525	0.00280	0.00540
15	0.01352	0.82533	0.02650	0.00865	0.01298	0.02001	0.00865	0.01514	0.01027	0.01190	0.00703	0.00811	0.00649	0.00433	0.00324	0.00108	0.00541	0.00270	0.00216	0.00649
16	0.01917	0.01390	0.01497	0.01151	0.01553	0.01533	0.00950	0.73006	0.04278	0.05682	0.01261	0.01248	0.00890	0.00610	0.00506	0.00152	0.00548	0.00460	0.00510	0.00858
17	0.01252	0.01201	0.02053	0.03104	0.79074	0.01201	0.01552	0.01552	0.01151	0.01652	0.00951	0.01252	0.00801	0.00451	0.00501	0.00150	0.00601	0.00451	0.00250	0.00801
18	0.01065	0.00910	0.01070	0.02810	0.01265	0.00704	0.00627	0.02871	0.01075	0.01671	0.00905	0.01060	0.00749	0.00383	0.00381	0.00079	0.00386	0.00307	0.00302	0.81381
19	0.01066	0.01053	0.01304	0.15380	0.15163	0.13326	0.01017	0.01282	0.01001	0.01291	0.01064	0.01514	0.00940	0.01908	0.34088	0.00434	0.06887	0.00469	0.00254	0.00560
20	0.85801	0.00978	0.00743	0.00665	0.00978	0.01134	0.00548	0.01486	0.00861	0.02269	0.00704	0.00821	0.00548	0.00469	0.00313	0.00156	0.00391	0.00274	0.00313	0.00548
21	0.01049	0.00899	0.01049	0.00749	0.01198	0.00674	0.00599	0.01273	0.01049	0.01648	0.00899	0.01049	0.00749	0.00374	0.00374	0.00075	0.00374	0.00300	0.00300	0.85320
22	0.01077	0.02474	0.70644	0.01466	0.02180	0.01203	0.06251	0.05928	0.01150	0.01693	0.00932	0.01093	0.00661	0.00484	0.00489	0.00160	0.00743	0.00391	0.00233	0.00750
23	0.23013	0.00943	0.01099	0.00867	0.01240	0.00920	0.00715	0.09412	0.01391	0.52916	0.01599	0.01449	0.01039	0.00585	0.00460	0.00156	0.00433	0.00445	0.00537	0.00783
24	0.00669	0.00490	0.00628	0.00647	0.00740	0.00449	0.00465	0.00844	0.01243	0.01705	0.44985	0.30819	0.11939	0.01249	0.00613	0.00176	0.00259	0.01111	0.00518	0.00449
25	0.10285	0.00872	0.01132	0.00877	0.01261	0.00781	0.00724	0.02371	0.01391	0.72020	0.01871	0.01635	0.01184	0.00611	0.00490	0.00156	0.00427	0.00486	0.00596	0.00831
26	0.00655	0.00469	0.00630	0.00735	0.00785	0.00443	0.00525	0.00778	0.01036	0.01384	0.08793	0.63670	0.03389	0.01511	0.00650	0.00206	0.00316	0.13125	0.00476	0.00425
27	0.01352	0.82533	0.02650	0.00865	0.01298	0.02001	0.00865	0.01514	0.01027	0.01190	0.00703	0.00811	0.00649	0.00433	0.00324	0.00108	0.00541	0.00270	0.00216	0.00649
28	0.00735	0.00490	0.00552	0.00552	0.00552	0.00490	0.00306	0.00735	0.00735	0.00980	0.01593	0.03309	0.01838	0.82229	0.02574	0.00490	0.00490	0.00735	0.00306	0.00306
29	0.01550	0.01174	0.01279	0.01063	0.01390	0.01316	0.00853	0.34587	0.35767	0.06279	0.01637	0.01598	0.01214	0.00895	0.06827	0.00213	0.00544	0.00516	0.00497	0.00801
30	0.00735	0.00490	0.00552	0.00552	0.00552	0.00490	0.00306	0.00735	0.00735	0.00980	0.01593	0.03309	0.01838	0.82229	0.02574	0.00490	0.00490	0.00735	0.00306	0.00306
31	0.01057	0.00931	0.01125	0.00838	0.01218	0.00808	0.00677	0.01265	0.01007	0.01582	0.00863	0.01057	0.00736	0.00453	0.00571	0.00097	0.12760	0.00321	0.00288	0.72347
32	0.01399	0.01642	0.29925	0.01457	0.01965	0.01112	0.21095	0.01788	0.01175	0.22208	0.01235	0.01407	0.00879	0.00561	0.00635	0.00169	0.08416	0.01855	0.00339	0.00737
33	0.02210	0.00927	0.01211	0.00931	0.01322	0.00845	0.00768	0.10762	0.03100	0.69424	0.01910	0.01668	0.01214	0.00625	0.00508	0.00156	0.00444	0.00504	0.00610	0.00859
34	0.01291	0.05676	0.41283	0.01785	0.22096	0.08303	0.01552	0.01705	0.01157	0.09032	0.01003	0.01153	0.00742	0.00488	0.00479	0.00152	0.00684	0.00398	0.00267	0.00753
35	0.00794	0.00539	0.00684	0.00646	0.00789	0.00488	0.00493	0.01008	0.01365	0.06653	0.56831	0.05429	0.16895	0.01077	0.00597	0.00165	0.00265	0.04252	0.00541	0.00491
36	0.00639	0.00457	0.00612	0.00723	0.00764	0.00430	0.00503	0.00746	0.01004	0.01340	0.05608	0.71676	0.03356	0.01546	0.00649	0.00206	0.00308	0.08542	0.00472	0.00418
37	0.00735	0.00492	0.00559	0.00559	0.00562	0.00494	0.00316	0.00740	0.00738	0.00986	0.01586	0.03271	0.01822	0.79959	0.04820	0.00500	0.00515	0.00730	0.00305	0.00311
38	0.85801	0.00978	0.00743	0.00665	0.00978	0.01134	0.00548	0.01486	0.00861	0.02269	0.00704	0.00821	0.00548	0.00469	0.00313	0.00156	0.00391	0.00274	0.00313	0.00548
39	0.00608	0.00511	0.00528	0.00528	0.00691	0.00431	0.00394	0.00745	0.01172	0.01421	0.11395	0.06788	0.70524	0.01267	0.00599	0.00171	0.00256	0.01064	0.00477	0.00431
40	0.01049	0.00899	0.01049	0.00749	0.01198	0.00674	0.00599	0.01273	0.01049	0.01648	0.00899	0.01049	0.00749	0.00374	0.00374	0.00075	0.00374	0.00300	0.00300	0.85320
41	0.01020	0.02574	0.77072	0.01464	0.02204	0.01178	0.04363	0.01602	0.01072	0.01602	0.00911	0.01077	0.00645	0.00479	0.00484	0.00160	0.00751	0.00381	0.00215	0.00745
42	0.01106	0.01106	0.01549	0.01328	0.01328	0.01549	0.01106	0.01217	0.00774	0.01217	0.00664	0.01106	0.00664	0.00885	0.01659	0.00221	0.81303	0.00443	0.00221	0.00553
43	0.02164	0.00830	0.01118	0.00866	0.01235	0.00722	0.00712	0.02362	0.01417	0.73281	0.01968	0.01734	0.01255	0.00623	0.00496	0.00153	0.00415	0.00506	0.07314	0.00830
44	0.01352	0.82533	0.02650	0.00865	0.01298	0.02001	0.00865	0.01514	0.01027	0.01190	0.00703	0.00811	0.00649	0.00433	0.00324	0.00108	0.00541	0.00270	0.00216	0.00649
45	0.03251	0.09155	0.01555	0.01105	0.01493	0.02825	0.00919	0.56137	0.12324	0.04254	0.01277	0.01263	0.00930	0.00597	0.00485	0.00150	0.00535	0.00449	0.00474	0.00822
46	0.00735	0.00490	0.00552	0.00552	0.00552	0.00490	0.00306	0.00735	0.00735	0.00980	0.01593	0.03309	0.01838	0.82229	0.02574	0.00490	0.00490	0.00735	0.00306	0.00306
47	0.01519	0.00726	0.00981	0.00799	0.01086	0.00633	0.03322	0.01716	0.01368	0.42356	0.19208	0.02862	0.19531	0.00855	0.00551	0.00161	0.00365	0.00725	0.00563	0.00674
48	0.00616	0.00440	0.00587	0.00704	0.00733	0.00411	0.00469	0.00704	0.00968	0.01291	0.02787	0.81899	0.03344	0.01584	0.00645	0.00205	0.00293	0.01438	0.00469	0.00411
49	0.01177	0.01125	0.01917	0.22804	0.59960	0.01182	0.01515	0.01486	0.01116	0.01561	0.00938	0.01276	0.00769	0.00464	0.00502	0.00155	0.00619	0.00450	0.00244	0.00740
50	0.01526	0.01400	0.08961	0.01205	0.01527	0.01468	0.01056	0.39663	0.12160	0.02372	0.01157	0.01262	0.00881	0.00671	0.00789	0.00171	0.20635	0.00457	0.00405	0.02233
51	0.01258	0.01086	0.01143	0.01029	0.01315	0.01258	0.00800	0.02687	0.78161	0.02115	0.02058	0.01887	0.01544	0.00686	0.00515	0.00172	0.00400	0.00572	0.00515	0.00800
52	0.01622	0.01002	0.01154	0.00941	0.01250	0.01030	0.00754	0.34931	0.03730	0.21619	0.06694	0.12329	0.09020	0.00831	0.00539	0.00163	0.00439	0.00685	0.00531	0.00736
53	0.59089	0.01014	0.00909	0.00809	0.01086	0.01201	0.00657	0.01724	0.17843	0.02134	0.00998	0.01083	0.00778	0.00557	0.00486	0.00166	0.08158	0.00355	0.00348	0.00604

[dist]
# distance from previous block
# <min> <max>
0	2

[block]
# block no. 7 follows, 49 sequences, length 35
# corresponding to MSA columns:
# 737-771
name=unknown_H
#
# <colnr> <probs for GDERKNQSTAVLIFYWHMCP>
#	G	D	E	R	K	N	Q	S	T	A	V	L	I	F	Y	W	H	M	C	P
0	0.05891	0.09381	0.01312	0.01006	0.01320	0.01358	0.00809	0.09998	0.58562	0.02137	0.01763	0.01653	0.01331	0.00641	0.00484	0.00162	0.00430	0.00513	0.00473	0.00777
1	0.01250	0.58360	0.25928	0.01039	0.01567	0.01751	0.01169	0.01541	0.01040	0.01314	0.00765	0.00889	0.00646	0.00447	0.00372	0.00124	0.00603	0.00302	0.00215	0.00679
2	0.01049	0.00899	0.01049	0.00749	0.01198	0.00674	0.00599	0.01273	0.01049	0.01648	0.00899	0.01049	0.00749	0.00374	0.00374	0.00075	0.00374	0.00300	0.00300	0.85320
3	0.00722	0.00542	0.00813	0.00813	0.00903	0.00632	0.00632	0.00903	0.00813	0.01174	0.01354	0.01987	0.01264	0.03792	0.80225	0.00813	0.01354	0.00542	0.00271	0.00451
4	0.00955	0.00899	0.01517	0.81013	0.03483	0.01123	0.01404	0.01292	0.01011	0.01292	0.00899	0.01348	0.00674	0.00506	0.00506	0.00169	0.00674	0.00449	0.00225	0.00562
5	0.00616	0.00440	0.00587	0.00704	0.00733	0.00411	0.00469	0.00704	0.00968	0.01291	0.02787	0.81899	0.03344	0.01584	0.00645	0.00205	0.00293	0.01438	0.00469	0.00411
6	0.00722	0.00542	0.00813	0.00813	0.00903	0.00632	0.00632	0.00903	0.00813	0.01174	0.01354	0.01987	0.01264	0.03792	0.80225	0.00813	0.01354	0.00542	0.00271	0.00451
7	0.01825	0.02276	0.01404	0.01275	0.01538	0.72186	0.00959	0.02087	0.09221	0.01327	0.00911	0.01011	0.00742	0.00538	0.00462	0.00134	0.00860	0.00351	0.00286	0.00608
8	0.00653	0.00476	0.00618	0.00720	0.00765	0.00457	0.00487	0.00815	0.05073	0.01352	0.04595	0.75758	0.03284	0.01523	0.00637	0.00202	0.00298	0.01379	0.00474	0.00433
9	0.01352	0.82533	0.02650	0.00865	0.01298	0.02001	0.00865	0.01514	0.01027	0.01190	0.00703	0.00811	0.00649	0.00433	0.00324	0.00108	0.00541	0.00270	0.00216	0.00649
10	0.00716	0.00517	0.00676	0.00636	0.00755	0.00477	0.00477	0.00954	0.01431	0.02028	0.78808	0.03777	0.04771	0.01034	0.00596	0.00159	0.00239	0.00914	0.00557	0.00477
11	0.00788	0.00551	0.00612	0.00600	0.00629	0.00568	0.00357	0.00933	0.08594	0.01096	0.01640	0.03165	0.01808	0.73952	0.02365	0.00458	0.00481	0.00719	0.00328	0.00357
12	0.09620	0.02449	0.71604	0.01362	0.02066	0.01170	0.01734	0.01590	0.01047	0.01669	0.00887	0.01043	0.00631	0.00479	0.00463	0.00160	0.00711	0.00364	0.00224	0.00727
13	0.00722	0.00542	0.00813	0.00813	0.00903	0.00632	0.00632	0.00903	0.00813	0.01174	0.01354	0.01987	0.01264	0.03792	0.80225	0.00813	0.01354	0.00542	0.00271	0.00451
14	0.00801	0.01477	0.37029	0.00969	0.01388	0.00775	0.01085	0.01147	0.01120	0.01523	0.09126	0.10061	0.29676	0.00919	0.00548	0.00168	0.00485	0.00768	0.00359	0.00577
15	0.00647	0.00485	0.00601	0.00643	0.00737	0.00440	0.00461	0.00793	0.01155	0.01530	0.25318	0.37245	0.22932	0.01342	0.00621	0.00184	0.00274	0.03660	0.00495	0.00436
16	0.01460	0.60077	0.04197	0.00982	0.01379	0.19316	0.00912	0.01668	0.03702	0.01241	0.00771	0.00876	0.00679	0.00462	0.00364	0.00116	0.00623	0.00295	0.00236	0.00642
17	0.01915	0.01643	0.01498	0.01195	0.01567	0.19538	0.00965	0.60164	0.02162	0.02741	0.01115	0.01145	0.00812	0.00587	0.00494	0.00147	0.00638	0.00426	0.00450	0.00797
18	0.20556	0.01110	0.01617	0.11857	0.45066	0.01179	0.01238	0.04058	0.03686	0.01816	0.00933	0.01180	0.00753	0.00473	0.00456	0.00153	0.00548	0.00411	0.00280	0.02630
19	0.00815	0.00582	0.00815	0.00931	0.01048	0.00582	0.00815	0.01048	0.01164	0.01513	0.02677	0.05704	0.02910	0.01397	0.00698	0.00233	0.00466	0.75671	0.00466	0.00466
20	0.02145	0.00864	0.01161	0.00884	0.01281	0.00736	0.00729	0.02343	0.01407	0.71530	0.01884	0.01653	0.01201	0.00600	0.00495	0.00148	0.00425	0.00487	0.00593	0.09433
21	0.00614	0.00447	0.00579	0.00685	0.00728	0.00412	0.00461	0.00706	0.00987	0.01298	0.03024	0.74080	0.11010	0.01553	0.00641	0.00202	0.00290	0.01400	0.00469	0.00412
22	0.00722	0.00542	0.00813	0.00813	0.00903	0.00632	0.00632	0.00903	0.00813	0.01174	0.01354	0.01987	0.01264	0.03792	0.80225	0.00813	0.01354	0.00542	0.00271	0.00451
23	0.85801	0.00978	0.00743	0.00665	0.00978	0.01134	0.00548	0.01486	0.00861	0.02269	0.00704	0.00821	0.00548	0.00469	0.00313	0.00156	0.00391	0.00274	0.00313	0.00548
24	0.01953	0.01288	0.01429	0.01104	0.01499	0.01388	0.00909	0.58430	0.06452	0.18147	0.01415	0.01352	0.00976	0.00615	0.00507	0.00154	0.00523	0.00472	0.00530	0.00857
25	0.00695	0.00516	0.00647	0.00614	0.00743	0.00468	0.00461	0.00914	0.01382	0.01911	0.65807	0.03969	0.17845	0.01077	0.00597	0.00161	0.00242	0.00941	0.00541	0.00468
26	0.01049	0.00899	0.01049	0.00749	0.01198	0.00674	0.00599	0.01273	0.01049	0.01648	0.00899	0.01049	0.00749	0.00374	0.00374	0.00075	0.00374	0.00300	0.00300	0.85320
27	0.00713	0.00515	0.00673	0.00638	0.00755	0.00475	0.00477	0.00947	0.01417	0.02006	0.76514	0.06134	0.04728	0.01050	0.00598	0.00160	0.00240	0.00930	0.00554	0.00475
