[name]
unknown

[dist]
# distance from previous block
# <min> <max>
0	121

[block]
# block no. 0 follows, 51 sequences, length 9
# corresponding to MSA columns:
# 121-129
name=unknown_A
#
# <colnr> <probs for GDERKNQSTAVLIFYWHMCP>
#	G	D	E	R	K	N	Q	S	T	A	V	L	I	F	Y	W	H	M	C	P
0	0.00949	0.00596	0.00831	0.00902	0.01044	0.00583	0.00784	0.01172	0.01162	0.10220	0.02528	0.05112	0.02649	0.01274	0.00658	0.00218	0.00449	0.67904	0.00470	0.00495
1	0.01936	0.01268	0.01408	0.01079	0.01470	0.01363	0.00891	0.62820	0.02129	0.18559	0.01332	0.01279	0.00912	0.00594	0.00492	0.00148	0.00516	0.00453	0.00515	0.00836
2	0.04724	0.00821	0.01001	0.00853	0.01128	0.00805	0.00678	0.11319	0.10006	0.35424	0.04136	0.17040	0.05315	0.00849	0.00526	0.00166	0.00393	0.03597	0.00527	0.00693
3	0.00594	0.00445	0.00552	0.00637	0.00700	0.00403	0.00435	0.00690	0.00986	0.01273	0.03279	0.62892	0.22399	0.01465	0.00616	0.00191	0.00276	0.01307	0.00456	0.00403
4	0.00827	0.00624	0.00711	0.00663	0.00791	0.00623	0.00468	0.04752	0.11762	0.01555	0.21557	0.08140	0.11149	0.28792	0.01212	0.00266	0.00363	0.00783	0.00423	0.04541
5	0.00954	0.00900	0.01522	0.74378	0.10349	0.01099	0.01378	0.01279	0.00995	0.01288	0.00878	0.01302	0.00666	0.00486	0.00491	0.00162	0.00649	0.00437	0.00221	0.00567
6	0.00659	0.00448	0.00558	0.00632	0.00677	0.00425	0.00425	0.00757	0.00942	0.01301	0.04522	0.53315	0.06442	0.13837	0.00881	0.00231	0.00310	0.03339	0.09904	0.00394
7	0.22683	0.01327	0.01107	0.00960	0.01256	0.20347	0.00756	0.10799	0.19671	0.10657	0.04837	0.01338	0.01086	0.00576	0.00440	0.00149	0.00520	0.00421	0.00405	0.00665
8	0.03736	0.01572	0.01461	0.21351	0.09443	0.31803	0.01084	0.17613	0.01442	0.04568	0.00933	0.01111	0.00714	0.00516	0.00468	0.00144	0.00698	0.00390	0.00308	0.00648

[dist]
# distance from previous block
# <min> <max>
8	21

[block]
# block no. 1 follows, 51 sequences, length 16
# corresponding to MSA columns:
# 152-167
name=unknown_B
#
# <colnr> <probs for GDERKNQSTAVLIFYWHMCP>
#	G	D	E	R	K	N	Q	S	T	A	V	L	I	F	Y	W	H	M	C	P
0	0.01480	0.03128	0.01213	0.00983	0.01255	0.14868	0.03727	0.23169	0.01580	0.13791	0.17046	0.07640	0.03422	0.02332	0.00554	0.00158	0.00505	0.02049	0.00454	0.00646
1	0.01284	0.00846	0.00917	0.00788	0.01007	0.05854	0.00610	0.13618	0.06033	0.16459	0.26547	0.04048	0.04150	0.06649	0.00652	0.00172	0.00385	0.00648	0.08730	0.00602
2	0.00928	0.00873	0.01474	0.81548	0.03385	0.01092	0.01365	0.01256	0.00983	0.01256	0.00873	0.01310	0.00655	0.00491	0.00491	0.00164	0.00655	0.00437	0.00218	0.00546
3	0.05459	0.00782	0.00927	0.00845	0.01055	0.00799	0.00654	0.14937	0.08971	0.18064	0.02050	0.29114	0.01995	0.04496	0.00632	0.00189	0.00396	0.07540	0.00484	0.00611
4	0.00590	0.00494	0.00514	0.00519	0.00672	0.00417	0.00385	0.00720	0.01128	0.01369	0.10168	0.09714	0.69133	0.01247	0.00584	0.00167	0.00250	0.01050	0.00462	0.00417
5	0.01621	0.01415	0.01659	0.01850	0.30672	0.10925	0.01150	0.40330	0.01756	0.02313	0.01034	0.01158	0.00790	0.00523	0.00484	0.00144	0.00598	0.00426	0.00370	0.00782
6	0.01374	0.01131	0.01196	0.01031	0.01336	0.01293	0.00814	0.20297	0.60844	0.02300	0.01808	0.01680	0.01344	0.00649	0.00498	0.00162	0.00425	0.00529	0.00498	0.00791
7	0.01868	0.01376	0.01475	0.01131	0.01524	0.01524	0.00934	0.78025	0.02311	0.03097	0.01180	0.01180	0.00836	0.00590	0.00492	0.00147	0.00541	0.00442	0.00492	0.00836
8	0.03675	0.01049	0.01621	0.01167	0.01616	0.00908	0.24465	0.06500	0.01144	0.01711	0.00926	0.01118	0.00735	0.00397	0.00437	0.00109	0.00520	0.00390	0.00292	0.51220
9	0.01216	0.01168	0.01995	0.03016	0.79664	0.01168	0.01508	0.01508	0.01119	0.01605	0.00924	0.01216	0.00778	0.00438	0.00487	0.00146	0.00584	0.00438	0.00243	0.00778
10	0.01426	0.01565	0.01791	0.02424	0.53221	0.28099	0.01319	0.01662	0.01212	0.01469	0.00869	0.01105	0.00729	0.00461	0.00472	0.00139	0.00686	0.00397	0.00247	0.00708
11	0.01326	0.41606	0.02104	0.19918	0.01898	0.07293	0.06003	0.11818	0.01211	0.01473	0.00821	0.01006	0.00672	0.00466	0.00407	0.00130	0.00604	0.00352	0.00256	0.00636
12	0.01137	0.39671	0.44380	0.01142	0.01728	0.01512	0.01366	0.01517	0.01020	0.01372	0.00790	0.00923	0.00626	0.00445	0.00397	0.00132	0.00634	0.00317	0.00209	0.00682
13	0.01453	0.01004	0.01118	0.00971	0.01272	0.01105	0.00765	0.02561	0.60632	0.20336	0.01986	0.01796	0.01434	0.00653	0.00499	0.00163	0.00396	0.00541	0.00525	0.00792
14	0.07055	0.00868	0.04025	0.00813	0.01124	0.00780	0.00681	0.07271	0.08126	0.36405	0.12036	0.02340	0.14851	0.00755	0.00507	0.00156	0.00382	0.00618	0.00521	0.00689
15	0.01413	0.00880	0.01027	0.00864	0.01167	0.00884	0.00684	0.02118	0.34416	0.26085	0.08838	0.02067	0.07197	0.00688	0.00497	0.00151	0.00372	0.00573	0.00512	0.09566

[dist]
# distance from previous block
# <min> <max>
0	1

[block]
# block no. 2 follows, 51 sequences, length 8
# corresponding to MSA columns:
# 169-174,181,182
name=unknown_C
#
# <colnr> <probs for GDERKNQSTAVLIFYWHMCP>
#	G	D	E	R	K	N	Q	S	T	A	V	L	I	F	Y	W	H	M	C	P
0	0.01394	0.15282	0.07227	0.01108	0.08216	0.01163	0.00886	0.14265	0.13190	0.15149	0.12479	0.01775	0.04498	0.00636	0.00476	0.00146	0.00457	0.00517	0.00427	0.00710
1	0.01014	0.00840	0.00931	0.04921	0.01167	0.04928	0.00625	0.01317	0.07992	0.05927	0.09243	0.04506	0.15014	0.00706	0.00472	0.00127	0.00381	0.03726	0.00385	0.35778
2	0.04110	0.01184	0.12932	0.00968	0.01341	0.00993	0.00868	0.07846	0.28003	0.12546	0.01589	0.08606	0.01271	0.00642	0.00475	0.00148	0.00442	0.00530	0.00425	0.15081
3	0.01268	0.01167	0.04881	0.01664	0.28242	0.01111	0.01052	0.14477	0.16757	0.01942	0.01167	0.01277	0.00913	0.00492	0.00459	0.00133	0.00490	0.00423	0.00346	0.21742
4	0.01142	0.00986	0.01320	0.01578	0.28044	0.03013	0.00940	0.12095	0.08848	0.01900	0.18357	0.06429	0.03544	0.00679	0.00506	0.00146	0.00444	0.00598	0.00389	0.09040
5	0.01410	0.04054	0.08959	0.01066	0.01435	0.01089	0.07675	0.10174	0.29505	0.18436	0.01949	0.01856	0.08856	0.00653	0.00503	0.00158	0.00474	0.00551	0.00457	0.00740
6	0.01560	0.09031	0.01413	0.01308	0.16399	0.01060	0.00888	0.02117	0.23786	0.30285	0.05763	0.01651	0.01339	0.00595	0.00481	0.00151	0.00442	0.00499	0.00463	0.00768
7	0.01296	0.01676	0.38237	0.01131	0.01631	0.01027	0.01232	0.08558	0.11658	0.16858	0.10380	0.01584	0.01339	0.00594	0.00492	0.00156	0.00548	0.00482	0.00387	0.00733

[dist]
# distance from previous block
# <min> <max>
1	8

[block]
# block no. 3 follows, 51 sequences, length 101
# corresponding to MSA columns:
# 191-291
name=unknown_D
#
# <colnr> <probs for GDERKNQSTAVLIFYWHMCP>
#	G	D	E	R	K	N	Q	S	T	A	V	L	I	F	Y	W	H	M	C	P
0	0.01218	0.00887	0.07173	0.00801	0.01013	0.00791	0.00639	0.11509	0.09460	0.16196	0.01608	0.05045	0.01481	0.38400	0.01420	0.00304	0.00478	0.00616	0.00401	0.00559
1	0.01925	0.06938	0.01390	0.01177	0.11107	0.00988	0.00857	0.11184	0.05470	0.51285	0.01634	0.01501	0.01089	0.00574	0.00480	0.00148	0.00460	0.00467	0.00514	0.00811
2	0.01579	0.01558	0.04241	0.01098	0.03834	0.37539	0.00845	0.01833	0.05680	0.16526	0.15522	0.01623	0.01537	0.00617	0.00480	0.00139	0.00613	0.00474	0.00387	0.03875
3	0.09636	0.01173	0.11252	0.07297	0.01475	0.03922	0.00846	0.06013	0.03775	0.07109	0.03507	0.01185	0.00877	0.00463	0.00412	0.00116	0.00466	0.00362	0.00323	0.39789
4	0.01529	0.01519	0.06421	0.01453	0.15030	0.19550	0.01036	0.26373	0.10797	0.03470	0.01243	0.07111	0.01028	0.00615	0.00489	0.00149	0.00601	0.00492	0.00376	0.00719
5	0.13069	0.01193	0.01179	0.01031	0.06963	0.11693	0.00757	0.14487	0.03159	0.01897	0.00915	0.01032	0.00729	0.00447	0.00400	0.00111	0.00483	0.00334	0.00324	0.39797
6	0.01188	0.01138	0.01943	0.10824	0.72080	0.01160	0.01494	0.01483	0.01105	0.01571	0.00919	0.01226	0.00766	0.00443	0.00487	0.00148	0.00591	0.00438	0.00241	0.00755
7	0.01807	0.06848	0.01459	0.01242	0.01505	0.76355	0.00943	0.01935	0.01371	0.01200	0.00755	0.00881	0.00633	0.00502	0.00436	0.00125	0.00866	0.00314	0.00251	0.00573
8	0.00854	0.00427	0.00640	0.00640	0.00640	0.00427	0.00427	0.00640	0.00640	0.00854	0.00854	0.01494	0.00854	0.01707	0.01921	0.85702	0.00427	0.00427	0.00213	0.00213
9	0.00793	0.00671	0.01105	0.00932	0.01124	0.00626	0.15623	0.01056	0.01305	0.01810	0.52165	0.03475	0.06448	0.00940	0.00592	0.00166	0.00375	0.09825	0.00470	0.00499
10	0.01758	0.01297	0.01410	0.01099	0.01463	0.01438	0.00904	0.70774	0.02168	0.02913	0.01193	0.01250	0.00873	0.00881	0.08039	0.00208	0.00614	0.00450	0.00470	0.00798
11	0.00729	0.00508	0.00759	0.00759	0.00830	0.00579	0.00576	0.00833	0.00762	0.01087	0.01240	0.01878	0.01173	0.04786	0.65547	0.15645	0.01145	0.00513	0.00255	0.00397
12	0.86201	0.00950	0.00722	0.00646	0.00950	0.01102	0.00532	0.01445	0.00836	0.02205	0.00684	0.00798	0.00532	0.00456	0.00304	0.00152	0.00380	0.00266	0.00304	0.00532
13	0.00723	0.00473	0.00543	0.00543	0.00543	0.00473	0.00306	0.00710	0.00710	0.00947	0.01504	0.03107	0.01727	0.77593	0.02464	0.05880	0.00473	0.00696	0.00292	0.00292
14	0.01298	0.61769	0.16720	0.00967	0.01441	0.01764	0.01027	0.07578	0.01110	0.01384	0.00759	0.00865	0.00645	0.00442	0.00357	0.00118	0.00564	0.00295	0.00232	0.00665
15	0.00943	0.00693	0.01003	0.14625	0.01407	0.00780	0.02287	0.01274	0.09212	0.08732	0.01647	0.01988	0.07365	0.02228	0.41811	0.00486	0.02104	0.00552	0.00328	0.00535
16	0.01157	0.01338	0.12540	0.05583	0.55626	0.01199	0.03884	0.01473	0.01066	0.01540	0.00890	0.01184	0.00738	0.00487	0.00605	0.00156	0.09135	0.00431	0.00235	0.00734
17	0.01422	0.57448	0.04414	0.00946	0.01346	0.09996	0.00887	0.11051	0.05815	0.01465	0.00836	0.00916	0.00708	0.00466	0.00366	0.00118	0.00562	0.00311	0.00267	0.00661
18	0.01066	0.02024	0.49056	0.01852	0.17183	0.01167	0.17540	0.01551	0.01079	0.01569	0.00913	0.01132	0.00678	0.00450	0.00494	0.00156	0.00720	0.00423	0.00223	0.00723
19	0.01407	0.01039	0.07494	0.01281	0.14329	0.00945	0.00925	0.02000	0.24016	0.24934	0.08718	0.01794	0.01492	0.00846	0.06346	0.00202	0.00510	0.00531	0.00452	0.00738
20	0.01339	0.11619	0.31700	0.01296	0.01761	0.23360	0.06856	0.01741	0.06069	0.04419	0.00932	0.01064	0.00715	0.00506	0.00510	0.00146	0.04671	0.00375	0.00258	0.00665
21	0.01314	0.83025	0.02575	0.00841	0.01261	0.01945	0.00841	0.01472	0.00999	0.01156	0.00683	0.00788	0.00631	0.00420	0.00315	0.00105	0.00526	0.00263	0.00210	0.00631
22	0.00941	0.05448	0.01509	0.73960	0.03170	0.01121	0.01307	0.01253	0.00976	0.01246	0.00880	0.01305	0.00676	0.00609	0.03545	0.00184	0.00673	0.00430	0.00220	0.00547
23	0.01553	0.08026	0.01663	0.08041	0.22965	0.20445	0.01110	0.21815	0.03985	0.04301	0.00995	0.01135	0.00774	0.00510	0.00465	0.00141	0.00635	0.00401	0.00326	0.00715
24	0.01652	0.01176	0.12512	0.01036	0.01422	0.00978	0.03544	0.10083	0.14027	0.36906	0.06964	0.01659	0.01335	0.00626	0.00543	0.00158	0.03616	0.00508	0.00489	0.00768
25	0.01080	0.00895	0.01004	0.00965	0.01188	0.01008	0.00776	0.02092	0.53778	0.01863	0.02196	0.04551	0.01936	0.00893	0.00557	0.00185	0.00406	0.23471	0.00485	0.00672
26	0.01298	0.01387	0.01700	0.14203	0.37810	0.20026	0.01289	0.01528	0.01108	0.01393	0.00835	0.01131	0.00705	0.00526	0.00647	0.00155	0.12956	0.00408	0.00238	0.00658
27	0.01957	0.01043	0.01251	0.00978	0.01342	0.01047	0.00806	0.34471	0.01766	0.41850	0.01665	0.04403	0.01180	0.00658	0.00504	0.00154	0.00467	0.03102	0.00548	0.00808
28	0.01513	0.01177	0.01262	0.01037	0.01361	0.01317	0.00833	0.41302	0.33253	0.02585	0.07737	0.01643	0.01408	0.00654	0.00502	0.00156	0.00455	0.00524	0.00499	0.00783
29	0.00715	0.00476	0.00536	0.00536	0.00536	0.00476	0.00298	0.00715	0.00715	0.00953	0.01548	0.03216	0.01787	0.82729	0.02501	0.00476	0.00476	0.00715	0.00298	0.00298
30	0.00712	0.00475	0.00537	0.00540	0.00540	0.00475	0.00302	0.00714	0.00720	0.00960	0.01577	0.05138	0.01822	0.80758	0.02456	0.00470	0.00472	0.00731	0.00302	0.00300
31	0.00753	0.00527	0.00614	0.00609	0.00654	0.00533	0.00394	0.00901	0.06235	0.01218	0.12999	0.03372	0.02265	0.58692	0.01938	0.00388	0.00433	0.06748	0.00359	0.00367
32	0.20463	0.01032	0.01082	0.00914	0.01235	0.01135	0.00734	0.13016	0.34543	0.18354	0.01578	0.01477	0.01131	0.00597	0.00454	0.00158	0.00415	0.00462	0.00478	0.00743
33	0.00669	0.00496	0.00624	0.00602	0.00721	0.00451	0.00448	0.00873	0.01314	0.01812	0.61419	0.09355	0.17232	0.01083	0.00583	0.00160	0.00238	0.00949	0.00521	0.00451
34	0.01310	0.01099	0.01160	0.01018	0.01311	0.01263	0.00799	0.12824	0.68421	0.02197	0.01889	0.01745	0.01410	0.00656	0.00499	0.00164	0.00409	0.00540	0.00499	0.00786
35	0.00619	0.00442	0.00588	0.00687	0.00726	0.00415	0.00470	0.00722	0.00981	0.01315	0.08778	0.70226	0.03303	0.03459	0.00672	0.00204	0.00294	0.05235	0.00459	0.00405
36	0.00916	0.00458	0.00458	0.00458	0.00573	0.00458	0.00344	0.01145	0.01031	0.01832	0.01603	0.01832	0.01260	0.00573	0.00344	0.00115	0.00229	0.00458	0.85457	0.00458
37	0.00594	0.00447	0.00550	0.00632	0.00699	0.00404	0.00433	0.00690	0.00991	0.01275	0.03340	0.60803	0.24448	0.01458	0.00614	0.00190	0.00275	0.01297	0.00456	0.00404
38	0.00763	0.00510	0.00657	0.00614	0.00739	0.00472	0.00463	0.00994	0.01363	0.04561	0.70632	0.03458	0.04254	0.00957	0.00558	0.00151	0.00238	0.00841	0.07300	0.00476
39	0.15604	0.00523	0.00630	0.00639	0.00697	0.00544	0.00437	0.00796	0.00739	0.01175	0.01249	0.16974	0.01351	0.09811	0.01453	0.45769	0.00397	0.00614	0.00284	0.00313
40	0.74642	0.00920	0.00726	0.00654	0.00946	0.01054	0.00533	0.01451	0.05211	0.02127	0.01099	0.01169	0.06867	0.00531	0.00337	0.00154	0.00370	0.00344	0.00327	0.00537
41	0.02859	0.01106	0.01165	0.00993	0.01298	0.01247	0.00789	0.25210	0.48139	0.02315	0.01966	0.01848	0.07486	0.00686	0.00500	0.00161	0.00423	0.00555	0.00491	0.00762
42	0.00943	0.00533	0.00640	0.00599	0.00667	0.00512	0.00380	0.00991	0.00875	0.13410	0.06798	0.05478	0.01932	0.61925	0.02001	0.00396	0.00445	0.00713	0.00367	0.00396
43	0.00799	0.00534	0.00740	0.00725	0.00837	0.00559	0.00551	0.00960	0.00948	0.07525	0.10232	0.09703	0.10120	0.06699	0.46126	0.00536	0.00880	0.00705	0.00360	0.00460
44	0.00814	0.00439	0.00636	0.00643	0.00651	0.00444	0.00429	0.00667	0.00675	0.00907	0.01062	0.06220	0.01110	0.10107	0.07613	0.66089	0.00488	0.00518	0.00239	0.00249
45	0.01977	0.00946	0.01185	0.00923	0.01276	0.00915	0.00755	0.21893	0.01581	0.52605	0.01692	0.01618	0.01140	0.03908	0.05054	0.00199	0.00502	0.00491	0.00547	0.00793
46	0.00702	0.00527	0.00790	0.00790	0.00878	0.00614	0.00614	0.00878	0.00790	0.01141	0.01316	0.01931	0.01229	0.03686	0.80782	0.00790	0.01316	0.00527	0.00263	0.00439
47	0.00834	0.00629	0.00910	0.00859	0.00994	0.00610	0.07800	0.06277	0.03660	0.04029	0.15663	0.47473	0.02952	0.01212	0.00599	0.00183	0.00359	0.04006	0.00460	0.00493
48	0.01019	0.00873	0.01019	0.00728	0.01165	0.00655	0.00582	0.01237	0.01019	0.01601	0.00873	0.01019	0.00728	0.00364	0.00364	0.00073	0.00364	0.00291	0.00291	0.85734
49	0.01314	0.83025	0.02575	0.00841	0.01261	0.01945	0.00841	0.01472	0.00999	0.01156	0.00683	0.00788	0.00631	0.00420	0.00315	0.00105	0.00526	0.00263	0.00210	0.00631
50	0.01099	0.00975	0.01017	0.00855	0.01151	0.05935	0.00658	0.01745	0.31391	0.01659	0.01402	0.01602	0.01160	0.08475	0.06479	0.00203	0.00487	0.00453	0.00369	0.32886
51	0.01024	0.01089	0.02248	0.07550	0.03538	0.01044	0.53369	0.01349	0.01082	0.01460	0.01300	0.14732	0.01216	0.05823	0.00701	0.00190	0.00700	0.00710	0.00283	0.00590
52	0.05460	0.00513	0.00634	0.00707	0.00776	0.00506	0.00513	0.02117	0.00971	0.01341	0.02456	0.44318	0.05811	0.14137	0.00910	0.00244	0.00359	0.17394	0.00423	0.00410
53	0.01054	0.01094	0.01796	0.56855	0.03048	0.07465	0.18954	0.01385	0.01056	0.01325	0.00892	0.01280	0.00674	0.00475	0.00508	0.00161	0.00713	0.00460	0.00228	0.00575
54	0.01324	0.71094	0.08672	0.00911	0.01348	0.05094	0.00925	0.03585	0.01054	0.01243	0.00716	0.00823	0.00636	0.00432	0.00337	0.00111	0.00557	0.00278	0.00219	0.00641
55	0.00854	0.00427	0.00640	0.00640	0.00640	0.00427	0.00427	0.00640	0.00640	0.00854	0.00854	0.01494	0.00854	0.01707	0.01921	0.85702	0.00427	0.00427	0.00213	0.00213
56	0.02036	0.01031	0.01252	0.00968	0.01347	0.01021	0.00797	0.27985	0.06033	0.49642	0.01686	0.01515	0.01104	0.00605	0.00494	0.00151	0.00458	0.00480	0.00563	0.00833
57	0.01160	0.01326	0.02900	0.02071	0.02568	0.01243	0.77879	0.01574	0.01160	0.01574	0.00994	0.01326	0.00746	0.00414	0.00580	0.00166	0.00829	0.00580	0.00249	0.00663
58	0.00928	0.00873	0.01474	0.81548	0.03385	0.01092	0.01365	0.01256	0.00983	0.01256	0.00873	0.01310	0.00655	0.00491	0.00491	0.00164	0.00655	0.00437	0.00218	0.00546
59	0.00986	0.02542	0.80183	0.01401	0.02127	0.01141	0.01816	0.01556	0.01038	0.01556	0.00882	0.01038	0.00623	0.00467	0.00467	0.00156	0.00726	0.00363	0.00208	0.00726
60	0.31007	0.00875	0.00997	0.00796	0.01150	0.00853	0.00657	0.02069	0.01211	0.53327	0.01509	0.01373	0.00982	0.00556	0.00429	0.00152	0.00405	0.00416	0.00504	0.00732
61	0.00708	0.00502	0.00665	0.00665	0.00710	0.00547	0.00459	0.00798	0.00753	0.01049	0.01430	0.02562	0.01503	0.42491	0.42351	0.00636	0.00904	0.00619	0.00280	0.00370
62	0.00597	0.00433	0.00564	0.00669	0.00709	0.00400	0.00450	0.00686	0.00955	0.01260	0.02889	0.76228	0.09315	0.01516	0.00624	0.00197	0.00282	0.01368	0.00456	0.00400
63	0.00957	0.02339	0.72281	0.01323	0.01989	0.01074	0.01681	0.01494	0.01073	0.01597	0.08684	0.01299	0.01021	0.00520	0.00478	0.00156	0.00677	0.00415	0.00241	0.00700
64	0.00597	0.00433	0.00565	0.00671	0.00709	0.00400	0.00450	0.00686	0.00954	0.01260	0.02874	0.76752	0.08800	0.01518	0.00624	0.00197	0.00282	0.01371	0.00456	0.00400
65	0.00928	0.00873	0.01474	0.81548	0.03385	0.01092	0.01365	0.01256	0.00983	0.01256	0.00873	0.01310	0.00655	0.00491	0.00491	0.00164	0.00655	0.00437	0.00218	0.00546
66	0.00959	0.07410	0.01562	0.75126	0.03216	0.01160	0.01323	0.01273	0.00984	0.01248	0.00858	0.01269	0.00653	0.00486	0.00477	0.00159	0.00645	0.00423	0.00218	0.00553
67	0.00928	0.00873	0.01474	0.81548	0.03385	0.01092	0.01365	0.01256	0.00983	0.01256	0.00873	0.01310	0.00655	0.00491	0.00491	0.00164	0.00655	0.00437	0.00218	0.00546
68	0.00986	0.02542	0.80183	0.01401	0.02127	0.01141	0.01816	0.01556	0.01038	0.01556	0.00882	0.01038	0.00623	0.00467	0.00467	0.00156	0.00726	0.00363	0.00208	0.00726
69	0.01704	0.01141	0.08234	0.01358	0.05246	0.00946	0.22690	0.04925	0.01315	0.42530	0.01530	0.03779	0.01057	0.00560	0.00520	0.00157	0.00568	0.00529	0.00448	0.00763
70	0.02035	0.03946	0.01153	0.00862	0.01216	0.00755	0.00708	0.02239	0.02824	0.69784	0.01948	0.07521	0.01348	0.00670	0.00497	0.00154	0.00412	0.00552	0.00580	0.00796
71	0.86201	0.00950	0.00722	0.00646	0.00950	0.01102	0.00532	0.01445	0.00836	0.02205	0.00684	0.00798	0.00532	0.00456	0.00304	0.00152	0.00380	0.00266	0.00304	0.00532
72	0.02065	0.00494	0.00671	0.00703	0.00786	0.00461	0.02005	0.00865	0.01089	0.05393	0.23367	0.54179	0.03432	0.01309	0.00602	0.00184	0.00290	0.01180	0.00480	0.00446
73	0.01159	0.44758	0.36356	0.01081	0.01635	0.01544	0.01256	0.01499	0.01016	0.01348	0.00777	0.00906	0.00631	0.00439	0.00383	0.00126	0.00607	0.00308	0.00212	0.03959
74	0.00830	0.00683	0.00848	0.00749	0.00966	0.00599	0.00560	0.00979	0.00964	0.01411	0.01701	0.38454	0.01882	0.00941	0.00576	0.00141	0.06260	0.00810	0.00362	0.40284
75	0.00637	0.00500	0.00576	0.00557	0.00698	0.00439	0.00418	0.00814	0.01253	0.01642	0.41398	0.04211	0.42848	0.01127	0.00580	0.00160	0.00241	0.00965	0.00498	0.00439
76	0.01777	0.04269	0.01464	0.01108	0.01486	0.13021	0.00905	0.58208	0.02029	0.02636	0.01077	0.01111	0.00791	0.00554	0.00468	0.00137	0.00577	0.00406	0.00431	0.07545
77	0.01181	0.00967	0.01357	0.05953	0.25097	0.00854	0.00923	0.02602	0.01098	0.07845	0.00978	0.01150	0.00780	0.00416	0.00421	0.00108	0.00454	0.00362	0.00301	0.47153
78	0.01557	0.45457	0.02025	0.01039	0.01381	0.38641	0.00891	0.01700	0.01182	0.01178	0.00719	0.00834	0.00632	0.00460	0.00375	0.00115	0.00693	0.00288	0.00230	0.00602
79	0.00705	0.00516	0.00736	0.00736	0.00806	0.00585	0.00548	0.00843	0.00774	0.01101	0.01365	0.02201	0.01346	0.20326	0.64302	0.00724	0.01139	0.00566	0.00271	0.00409
80	0.00663	0.00501	0.00611	0.00584	0.00714	0.00450	0.00438	0.00864	0.01313	0.01786	0.58088	0.03974	0.26068	0.01073	0.00580	0.00158	0.00237	0.00931	0.00517	0.00450
81	0.01324	0.81405	0.02551	0.00849	0.01266	0.03527	0.00843	0.01481	0.01006	0.01157	0.00685	0.00790	0.00631	0.00422	0.00318	0.00106	0.00533	0.00264	0.00211	0.00629
82	0.01019	0.00873	0.01019	0.00728	0.01165	0.00655	0.00582	0.01237	0.01019	0.01601	0.00873	0.01019	0.00728	0.00364	0.00364	0.00073	0.00364	0.00291	0.00291	0.85734
83	0.02101	0.04545	0.01268	0.00923	0.01307	0.00931	0.00768	0.16997	0.01564	0.61657	0.01737	0.01538	0.01117	0.00596	0.00486	0.00149	0.00447	0.00474	0.00568	0.00827
84	0.01371	0.01280	0.01644	0.01425	0.07742	0.11349	0.18607	0.23984	0.09442	0.01971	0.01404	0.14858	0.01257	0.00694	0.00529	0.00160	0.00596	0.00629	0.00381	0.00678
85	0.00623	0.00503	0.00546	0.00551	0.00695	0.00438	0.00417	0.00760	0.01125	0.01391	0.13324	0.04573	0.58358	0.06851	0.00722	0.00191	0.00281	0.07779	0.00455	0.00416
86	0.01007	0.01300	0.22388	0.00957	0.01292	0.05046	0.00938	0.06829	0.11457	0.03059	0.30626	0.02394	0.07771	0.00767	0.00541	0.00156	0.01804	0.00638	0.00416	0.00611
87	0.00599	0.00428	0.00570	0.00684	0.00713	0.00399	0.00456	0.00684	0.00941	0.01254	0.02709	0.82409	0.03250	0.01540	0.00627	0.00200	0.00285	0.01397	0.00456	0.00399
88	0.01019	0.00873	0.01019	0.00728	0.01165	0.00655	0.00582	0.01237	0.01019	0.01601	0.00873	0.01019	0.00728	0.00364	0.00364	0.00073	0.00364	0.00291	0.00291	0.85734
89	0.01855	0.01370	0.01468	0.01128	0.01519	0.01518	0.00931	0.76510	0.03846	0.03076	0.01196	0.01193	0.00849	0.00591	0.00492	0.00148	0.00538	0.00445	0.00492	0.00835
90	0.01288	0.76581	0.08789	0.00886	0.01331	0.01880	0.00919	0.01478	0.01002	0.01188	0.00699	0.00808	0.00630	0.00424	0.00327	0.00109	0.00542	0.00271	0.00210	0.00638
91	0.01045	0.17073	0.66172	0.01300	0.01971	0.01286	0.01640	0.01541	0.01030	0.01484	0.00846	0.00993	0.00624	0.00459	0.00440	0.00147	0.00690	0.00345	0.00208	0.00709
92	0.01092	0.28524	0.55130	0.01220	0.01847	0.01401	0.01501	0.01529	0.01025	0.01427	0.00818	0.00957	0.00625	0.00452	0.00418	0.00139	0.00661	0.00331	0.00208	0.00695
93	0.00599	0.00428	0.00570	0.00684	0.00713	0.00399	0.00456	0.00684	0.00941	0.01254	0.02709	0.82409	0.03250	0.01540	0.00627	0.00200	0.00285	0.01397	0.00456	0.00399
94	0.73840	0.00962	0.02102	0.00689	0.01010	0.01054	0.00578	0.01570	0.00914	0.12327	0.00851	0.00916	0.00623	0.00476	0.00332	0.00152	0.00391	0.00297	0.00342	0.00575
95	0.01413	0.51271	0.04899	0.01123	0.02931	0.21008	0.08384	0.01604	0.01114	0.01230	0.00743	0.00880	0.00645	0.00443	0.00380	0.00119	0.00650	0.00313	0.00225	0.00625
96	0.01168	0.01006	0.01112	0.00989	0.01253	0.01147	0.02911	0.02405	0.68739	0.02001	0.07300	0.01990	0.01705	0.03323	0.00572	0.00176	0.00393	0.00584	0.00489	0.00737
97	0.01012	0.08946	0.74008	0.01356	0.02058	0.01205	0.01738	0.01550	0.01034	0.01524	0.00866	0.01018	0.00623	0.00463	0.00455	0.00152	0.00710	0.00355	0.00208	0.00719
98	0.00581	0.00498	0.00498	0.00498	0.00664	0.00415	0.00373	0.00705	0.01120	0.01328	0.04978	0.04729	0.79464	0.01245	0.00581	0.00166	0.00249	0.01037	0.00456	0.00415
99	0.00599	0.00499	0.00522	0.00516	0.00675	0.00422	0.00387	0.00740	0.01162	0.01427	0.16474	0.04566	0.67907	0.01208	0.00581	0.00164	0.00246	0.01014	0.00469	0.00422
100	0.00581	0.00498	0.00498	0.00498	0.00664	0.00415	0.00373	0.00705	0.01120	0.01328	0.04978	0.04729	0.79464	0.01245	0.00581	0.00166	0.00249	0.01037	0.00456	0.00415

[dist]
# distance from previous block
# <min> <max>
0	0

# created by:
# /st0/software/busco_prod/Augustus/scripts/msa2prfl.pl ./align_prep/71796.fa
