[name]
unknown

[dist]
# distance from previous block
# <min> <max>
0	27

[block]
# block no. 0 follows, 51 sequences, length 8
# corresponding to MSA columns:
# 30-37
name=unknown_A
#
# <colnr> <probs for GDERKNQSTAVLIFYWHMCP>
#	G	D	E	R	K	N	Q	S	T	A	V	L	I	F	Y	W	H	M	C	P
0	0.01001	0.00769	0.00906	0.00888	0.01084	0.00808	0.00741	0.13130	0.15558	0.01805	0.02674	0.04052	0.15219	0.01093	0.00601	0.00193	0.00420	0.38025	0.00468	0.00565
1	0.23387	0.14866	0.01534	0.01498	0.27631	0.01163	0.00926	0.01422	0.01002	0.01685	0.00809	0.00989	0.00677	0.00423	0.00381	0.00124	0.00470	0.00329	0.00265	0.20419
2	0.01377	0.14805	0.01659	0.16299	0.25318	0.01124	0.01076	0.03415	0.01164	0.20093	0.01385	0.04201	0.04858	0.00567	0.00470	0.00147	0.00520	0.00484	0.00344	0.00695
3	0.00608	0.00468	0.00556	0.00600	0.00697	0.00416	0.00425	0.00734	0.01087	0.01404	0.16550	0.38660	0.33362	0.01334	0.00601	0.00179	0.00262	0.01170	0.00471	0.00416
4	0.01788	0.01001	0.01181	0.00961	0.01305	0.01032	0.00776	0.14136	0.30316	0.39161	0.01845	0.01656	0.01263	0.00627	0.00496	0.00157	0.00426	0.00509	0.00550	0.00814
5	0.00892	0.01590	0.39935	0.01057	0.01497	0.00907	0.01166	0.01444	0.14166	0.01552	0.02104	0.14395	0.15642	0.00809	0.00518	0.00166	0.00514	0.00679	0.00341	0.00627
6	0.00722	0.00571	0.00840	0.01105	0.15201	0.00547	0.00650	0.00860	0.01019	0.01392	0.10161	0.59524	0.02937	0.01283	0.00597	0.00185	0.00335	0.01169	0.00426	0.00475
7	0.01721	0.01234	0.13663	0.01198	0.01645	0.00965	0.15063	0.05685	0.08305	0.42899	0.01572	0.01502	0.01046	0.00555	0.00506	0.00156	0.00544	0.00493	0.00465	0.00782

[dist]
# distance from previous block
# <min> <max>
4	5

[block]
# block no. 1 follows, 51 sequences, length 53
# corresponding to MSA columns:
# 43-95
name=unknown_B
#
# <colnr> <probs for GDERKNQSTAVLIFYWHMCP>
#	G	D	E	R	K	N	Q	S	T	A	V	L	I	F	Y	W	H	M	C	P
0	0.49783	0.01111	0.00985	0.00841	0.01155	0.04534	0.00690	0.23133	0.04877	0.02364	0.01003	0.01243	0.00805	0.00560	0.00394	0.00155	0.00452	0.04914	0.00373	0.00626
1	0.01097	0.29738	0.53958	0.01212	0.01834	0.01413	0.01486	0.01528	0.01024	0.01421	0.00815	0.00953	0.00625	0.00451	0.00416	0.00139	0.00658	0.00329	0.00208	0.00694
2	0.39526	0.08925	0.01379	0.00993	0.01335	0.06096	0.09361	0.19664	0.01272	0.02150	0.00856	0.00979	0.00660	0.00497	0.00429	0.00148	0.02933	0.00354	0.01815	0.00629
3	0.01804	0.01521	0.01397	0.01118	0.01466	0.17821	0.00902	0.57688	0.02044	0.02630	0.01119	0.01159	0.00819	0.00572	0.00473	0.00141	0.00593	0.00417	0.05560	0.00758
4	0.00871	0.00790	0.01297	0.64842	0.02835	0.00956	0.01178	0.01165	0.01024	0.01336	0.09846	0.09235	0.01346	0.00648	0.00514	0.00166	0.00573	0.00578	0.00277	0.00523
5	0.01222	0.01056	0.01111	0.01000	0.01278	0.01222	0.00778	0.02611	0.78776	0.02056	0.02000	0.01833	0.01500	0.00667	0.00500	0.00167	0.00389	0.00556	0.00500	0.00778
6	0.00715	0.00476	0.00536	0.00536	0.00536	0.00476	0.00298	0.00715	0.00715	0.00953	0.01548	0.03216	0.01787	0.82729	0.02501	0.00476	0.00476	0.00715	0.00298	0.00298
7	0.00728	0.00731	0.09568	0.00706	0.00890	0.00540	0.00615	0.00998	0.01351	0.01924	0.70606	0.03376	0.04187	0.00944	0.00567	0.00155	0.00287	0.00830	0.00504	0.00493
8	0.00681	0.00482	0.00526	0.00526	0.00568	0.00461	0.00317	0.00712	0.00817	0.01047	0.02414	0.03598	0.21398	0.62157	0.02016	0.00398	0.00419	0.00796	0.00338	0.00327
9	0.01082	0.01606	0.28893	0.01579	0.09262	0.02313	0.21769	0.04781	0.08648	0.01639	0.01364	0.05063	0.04290	0.01792	0.00553	0.00168	0.00649	0.03580	0.00295	0.00677
10	0.01577	0.42334	0.01979	0.01055	0.01391	0.41692	0.00896	0.01719	0.01197	0.01180	0.00722	0.00838	0.00632	0.00464	0.00380	0.00116	0.00707	0.00290	0.00232	0.00600
11	0.00986	0.02542	0.80183	0.01401	0.02127	0.01141	0.01816	0.01556	0.01038	0.01556	0.00882	0.01038	0.00623	0.00467	0.00467	0.00156	0.00726	0.00363	0.00208	0.00726
12	0.73070	0.13646	0.01009	0.00676	0.00998	0.01233	0.00580	0.01449	0.00861	0.02043	0.00684	0.00797	0.00547	0.00451	0.00306	0.00145	0.00403	0.00266	0.00290	0.00547
13	0.01075	0.01075	0.01505	0.01290	0.01290	0.01505	0.01075	0.01183	0.00753	0.01183	0.00645	0.01075	0.00645	0.00860	0.01613	0.00215	0.81830	0.00430	0.00215	0.00538
14	0.01222	0.01056	0.01111	0.01000	0.01278	0.01222	0.00778	0.02611	0.78776	0.02056	0.02000	0.01833	0.01500	0.00667	0.00500	0.00167	0.00389	0.00556	0.00500	0.00778
15	0.00598	0.00431	0.00567	0.00676	0.00711	0.00400	0.00452	0.00685	0.00949	0.01258	0.02813	0.78838	0.06754	0.01526	0.00625	0.00198	0.00283	0.01381	0.00456	0.00400
16	0.86201	0.00950	0.00722	0.00646	0.00950	0.01102	0.00532	0.01445	0.00836	0.02205	0.00684	0.00798	0.00532	0.00456	0.00304	0.00152	0.00380	0.00266	0.00304	0.00532
17	0.01836	0.02342	0.01393	0.01266	0.01519	0.80756	0.00950	0.01962	0.01393	0.01203	0.00760	0.00886	0.00633	0.00506	0.00443	0.00127	0.00886	0.00317	0.00253	0.00570
18	0.01818	0.00786	0.01042	0.00826	0.01143	0.00705	0.00671	0.06320	0.01454	0.56635	0.20771	0.02132	0.02028	0.00704	0.00515	0.00152	0.00380	0.00587	0.00585	0.00745
19	0.00599	0.00428	0.00570	0.00684	0.00713	0.00399	0.00456	0.00684	0.00941	0.01254	0.02709	0.82409	0.03250	0.01540	0.00627	0.00200	0.00285	0.01397	0.00456	0.00399
20	0.01193	0.01168	0.02065	0.07641	0.66431	0.01171	0.10057	0.01500	0.01115	0.01581	0.00929	0.01234	0.00767	0.00438	0.00497	0.00149	0.00616	0.00454	0.00242	0.00751
21	0.01517	0.01316	0.01292	0.01090	0.01394	0.10256	0.00867	0.29622	0.38991	0.02295	0.01504	0.01457	0.01124	0.00630	0.00542	0.00158	0.04243	0.00482	0.00456	0.00764
22	0.00581	0.00498	0.00498	0.00498	0.00664	0.00415	0.00373	0.00705	0.01120	0.01328	0.04978	0.04729	0.79464	0.01245	0.00581	0.00166	0.00249	0.01037	0.00456	0.00415
23	0.00587	0.00498	0.00507	0.00505	0.00668	0.00418	0.00379	0.00718	0.01136	0.01365	0.09318	0.04668	0.75101	0.01231	0.00581	0.00165	0.00248	0.01028	0.00461	0.00418
24	0.05505	0.00936	0.01049	0.00847	0.01145	0.00972	0.00687	0.29364	0.04861	0.21947	0.06195	0.01619	0.01275	0.00612	0.00454	0.00142	0.00403	0.00483	0.20796	0.00707
25	0.01060	0.01057	0.01747	0.51374	0.20282	0.04788	0.09951	0.01380	0.01052	0.01367	0.00893	0.01271	0.00692	0.00471	0.00498	0.00158	0.00669	0.00448	0.00229	0.00612
26	0.00809	0.00698	0.00847	0.00835	0.00938	0.08184	0.00646	0.00980	0.00847	0.01147	0.01264	0.01832	0.01172	0.03385	0.73194	0.00727	0.01276	0.00507	0.00262	0.00451
27	0.01061	0.00899	0.01042	0.00748	0.01183	0.00698	0.00600	0.05071	0.01084	0.01676	0.00889	0.01027	0.00733	0.00375	0.00370	0.00077	0.00373	0.00299	0.00301	0.81495
28	0.01203	0.55867	0.28763	0.01030	0.01553	0.01673	0.01170	0.01500	0.01012	0.01291	0.00750	0.00872	0.00628	0.00436	0.00366	0.00122	0.00593	0.00297	0.00209	0.00663
29	0.00696	0.00502	0.00657	0.00618	0.00734	0.00464	0.00464	0.00927	0.01391	0.01971	0.79405	0.03671	0.04637	0.01005	0.00580	0.00155	0.00232	0.00889	0.00541	0.00464
30	0.10989	0.38179	0.01811	0.00954	0.01293	0.24156	0.00823	0.08806	0.01240	0.01519	0.05493	0.01028	0.00881	0.00500	0.00383	0.00123	0.00596	0.00333	0.00279	0.00612
31	0.00715	0.00476	0.00536	0.00536	0.00536	0.00476	0.00298	0.00715	0.00715	0.00953	0.01548	0.03216	0.01787	0.82729	0.02501	0.00476	0.00476	0.00715	0.00298	0.00298
32	0.00899	0.00461	0.00473	0.00470	0.00585	0.00458	0.00353	0.01128	0.01058	0.01843	0.07627	0.01974	0.01521	0.00606	0.00362	0.00118	0.00229	0.00491	0.78883	0.00458
33	0.86201	0.00950	0.00722	0.00646	0.00950	0.01102	0.00532	0.01445	0.00836	0.02205	0.00684	0.00798	0.00532	0.00456	0.00304	0.00152	0.00380	0.00266	0.00304	0.00532
34	0.00702	0.00527	0.00790	0.00790	0.00878	0.00614	0.00614	0.00878	0.00790	0.01141	0.01316	0.01931	0.01229	0.03686	0.80782	0.00790	0.01316	0.00527	0.00263	0.00439
35	0.01295	0.01092	0.01152	0.01015	0.01305	0.01256	0.00795	0.11061	0.70208	0.02172	0.01908	0.01760	0.01426	0.00658	0.00499	0.00165	0.00406	0.00543	0.00499	0.00784
36	0.00619	0.00499	0.00551	0.00538	0.00687	0.00431	0.00403	0.00779	0.01210	0.01542	0.29773	0.04377	0.54536	0.01165	0.00580	0.00162	0.00243	0.00988	0.00485	0.00431
37	0.01019	0.00873	0.01019	0.00728	0.01165	0.00655	0.00582	0.01237	0.01019	0.01601	0.00873	0.01019	0.00728	0.00364	0.00364	0.00073	0.00364	0.00291	0.00291	0.85734
38	0.01164	0.01109	0.01502	0.01272	0.01316	0.01507	0.01059	0.09793	0.00927	0.01397	0.00705	0.01087	0.00666	0.00830	0.01487	0.00207	0.72722	0.00431	0.00246	0.00571
39	0.00985	0.00829	0.00965	0.00706	0.01094	0.00635	0.00550	0.01179	0.00985	0.01529	0.00949	0.01265	0.00847	0.09593	0.00603	0.00118	0.00377	0.00339	0.00292	0.76161
40	0.01479	0.00948	0.01312	0.01072	0.01388	0.00963	0.11550	0.02176	0.32784	0.28467	0.01917	0.10736	0.01494	0.00709	0.00524	0.00165	0.00449	0.00632	0.00497	0.00739
41	0.01106	0.11450	0.64053	0.01312	0.01973	0.01267	0.01623	0.08769	0.01153	0.01657	0.00888	0.01023	0.00644	0.00473	0.00452	0.00149	0.00686	0.00359	0.00235	0.00726
42	0.01652	0.01948	0.01820	0.01473	0.01811	0.49503	0.22273	0.10698	0.01435	0.01526	0.00874	0.01042	0.00688	0.00491	0.00487	0.00140	0.00830	0.00404	0.00280	0.00626
43	0.01140	0.01228	0.09163	0.02431	0.56295	0.02350	0.01373	0.01508	0.05756	0.01567	0.01053	0.01381	0.00888	0.00834	0.09485	0.00221	0.00670	0.01668	0.00261	0.00727
44	0.00666	0.00484	0.00643	0.00745	0.00817	0.00460	0.00568	0.00805	0.01026	0.01339	0.02885	0.47623	0.10298	0.01447	0.00641	0.00206	0.00341	0.28131	0.00455	0.00420
45	0.01278	0.01413	0.01475	0.01284	0.01351	0.22644	0.01042	0.01391	0.00923	0.01188	0.00676	0.01025	0.00642	0.00766	0.01301	0.00191	0.60240	0.00400	0.00225	0.00546
46	0.00704	0.00472	0.00539	0.00550	0.00553	0.00469	0.00313	0.00712	0.00736	0.00981	0.01658	0.10696	0.01925	0.75061	0.02324	0.00450	0.00458	0.00779	0.00313	0.00307
47	0.00988	0.00934	0.01581	0.65331	0.19136	0.01107	0.01394	0.01308	0.01011	0.01328	0.00884	0.01291	0.00681	0.00480	0.00490	0.00160	0.00640	0.00437	0.00224	0.00594
48	0.00592	0.00498	0.00513	0.00509	0.00670	0.00419	0.00382	0.00726	0.01146	0.01388	0.12008	0.04629	0.72397	0.01222	0.00581	0.00165	0.00247	0.01023	0.00464	0.00419
49	0.01160	0.01326	0.02900	0.02071	0.02568	0.01243	0.77879	0.01574	0.01160	0.01574	0.00994	0.01326	0.00746	0.00414	0.00580	0.00166	0.00829	0.00580	0.00249	0.00663
50	0.01797	0.01129	0.01278	0.01019	0.01378	0.01204	0.00829	0.35276	0.22436	0.25836	0.01626	0.01502	0.01127	0.00616	0.00495	0.00154	0.00464	0.00488	0.00529	0.00820
51	0.01466	0.03754	0.01440	0.11022	0.10349	0.14191	0.01011	0.06562	0.07235	0.16347	0.02458	0.01358	0.02164	0.00626	0.00718	0.00162	0.17678	0.00448	0.00348	0.00665
52	0.11842	0.01190	0.01652	0.28517	0.15038	0.10049	0.13160	0.04978	0.01124	0.01581	0.00878	0.01162	0.00684	0.00465	0.00468	0.00149	0.00639	0.00416	0.00259	0.05748

[dist]
# distance from previous block
# <min> <max>
0	1

[block]
# block no. 2 follows, 51 sequences, length 30
# corresponding to MSA columns:
# 97-126
name=unknown_C
#
# <colnr> <probs for GDERKNQSTAVLIFYWHMCP>
#	G	D	E	R	K	N	Q	S	T	A	V	L	I	F	Y	W	H	M	C	P
0	0.04162	0.15100	0.10163	0.00856	0.01162	0.07029	0.00780	0.04470	0.01304	0.14005	0.33072	0.02155	0.02362	0.00708	0.00485	0.00143	0.00435	0.00577	0.00425	0.00606
1	0.00997	0.00944	0.01599	0.62761	0.21633	0.01110	0.01399	0.01316	0.01015	0.01339	0.00886	0.01288	0.00685	0.00479	0.00490	0.00160	0.00638	0.00437	0.00224	0.00602
2	0.02172	0.00890	0.01173	0.00900	0.01281	0.00801	0.00743	0.09847	0.01496	0.72426	0.01864	0.01624	0.01179	0.00606	0.00494	0.00152	0.00430	0.00489	0.00597	0.00836
3	0.00700	0.00577	0.00625	0.00599	0.00768	0.00541	0.00453	0.01030	0.12114	0.01593	0.23465	0.04053	0.49488	0.01102	0.00569	0.00163	0.00264	0.00932	0.00484	0.00478
4	0.01314	0.83025	0.02575	0.00841	0.01261	0.01945	0.00841	0.01472	0.00999	0.01156	0.00683	0.00788	0.00631	0.00420	0.00315	0.00105	0.00526	0.00263	0.00210	0.00631
5	0.00634	0.00490	0.00579	0.00577	0.00702	0.00435	0.00425	0.00802	0.01217	0.01605	0.37900	0.14784	0.35727	0.01177	0.00587	0.00165	0.00246	0.01020	0.00494	0.00435
6	0.00615	0.00435	0.00565	0.00663	0.00688	0.00410	0.00434	0.00689	0.00909	0.01212	0.02545	0.71267	0.03044	0.12962	0.00891	0.00239	0.00312	0.01301	0.00434	0.00385
7	0.01127	0.01071	0.01817	0.18934	0.60157	0.01114	0.01427	0.01416	0.01082	0.01517	0.01003	0.05280	0.00876	0.00504	0.00495	0.00152	0.00583	0.00485	0.00249	0.00712
8	0.00969	0.00915	0.01547	0.70500	0.14116	0.01102	0.01385	0.01291	0.01002	0.01305	0.00881	0.01297	0.00672	0.00484	0.00491	0.00161	0.00645	0.00437	0.00222	0.00579
9	0.86201	0.00950	0.00722	0.00646	0.00950	0.01102	0.00532	0.01445	0.00836	0.02205	0.00684	0.00798	0.00532	0.00456	0.00304	0.00152	0.00380	0.00266	0.00304	0.00532
10	0.00599	0.00428	0.00570	0.00684	0.00713	0.00399	0.00456	0.00684	0.00941	0.01254	0.02709	0.82409	0.03250	0.01540	0.00627	0.00200	0.00285	0.01397	0.00456	0.00399
11	0.01059	0.07205	0.60974	0.01449	0.02108	0.01199	0.13067	0.01589	0.02510	0.03006	0.00927	0.01092	0.00669	0.00463	0.00476	0.00154	0.00717	0.00395	0.00227	0.00714
12	0.01314	0.83025	0.02575	0.00841	0.01261	0.01945	0.00841	0.01472	0.00999	0.01156	0.00683	0.00788	0.00631	0.00420	0.00315	0.00105	0.00526	0.00263	0.00210	0.00631
13	0.00599	0.00428	0.00570	0.00684	0.00713	0.00399	0.00456	0.00684	0.00941	0.01254	0.02709	0.82409	0.03250	0.01540	0.00627	0.00200	0.00285	0.01397	0.00456	0.00399
14	0.01070	0.02177	0.61258	0.01274	0.01898	0.01124	0.01550	0.12231	0.01225	0.01751	0.01327	0.01421	0.08421	0.00561	0.00482	0.00155	0.00653	0.00441	0.00272	0.00711
15	0.10211	0.00902	0.03642	0.20211	0.09978	0.00914	0.00888	0.07330	0.01108	0.17417	0.01260	0.01757	0.01053	0.20186	0.00952	0.00232	0.00521	0.00495	0.00349	0.00597
16	0.00628	0.00458	0.00574	0.00630	0.00705	0.00418	0.00440	0.00758	0.01077	0.01449	0.20586	0.48468	0.16664	0.01336	0.00599	0.00181	0.00265	0.01189	0.03157	0.00418
17	0.00916	0.00458	0.00458	0.00458	0.00573	0.00458	0.00344	0.01145	0.01031	0.01832	0.01603	0.01832	0.01260	0.00573	0.00344	0.00115	0.00229	0.00458	0.85457	0.00458
18	0.01282	0.75094	0.10223	0.00896	0.01347	0.01865	0.00937	0.01480	0.01002	0.01196	0.00703	0.00813	0.00630	0.00425	0.00330	0.00110	0.00545	0.00273	0.00210	0.00640
19	0.00993	0.00961	0.01339	0.01178	0.01186	0.01307	0.00963	0.01102	0.00805	0.01225	0.04128	0.12623	0.01173	0.00962	0.01432	0.00210	0.67050	0.00585	0.00262	0.00515
20	0.01064	0.00898	0.00971	0.00892	0.01128	0.01003	0.00694	0.02107	0.56369	0.01943	0.13213	0.02562	0.09690	0.00806	0.00528	0.00168	0.00356	0.04426	0.00499	0.00682
21	0.00606	0.00485	0.00546	0.00589	0.00711	0.00425	0.00436	0.00729	0.01071	0.01321	0.04117	0.26539	0.50834	0.01338	0.00603	0.00181	0.00278	0.08321	0.00456	0.00414
22	0.01132	0.22329	0.35729	0.01097	0.01584	0.06024	0.01213	0.02917	0.06800	0.02949	0.10939	0.01390	0.01226	0.00605	0.01940	0.00153	0.00600	0.00423	0.00288	0.00662
23	0.01213	0.01109	0.01486	0.01431	0.12361	0.01218	0.11727	0.02312	0.57056	0.01925	0.01709	0.01676	0.01294	0.00599	0.00509	0.00164	0.00478	0.00543	0.00429	0.00762
24	0.00974	0.00584	0.00678	0.00629	0.00710	0.00585	0.00405	0.01138	0.08504	0.12183	0.01648	0.02863	0.01678	0.63090	0.02022	0.00400	0.00460	0.00668	0.00361	0.00421
25	0.04313	0.06767	0.51400	0.01481	0.09574	0.12379	0.02893	0.01590	0.01094	0.01520	0.02156	0.01060	0.00705	0.00475	0.00455	0.00148	0.00704	0.00367	0.00227	0.00691
26	0.04844	0.03998	0.06650	0.03076	0.16363	0.15035	0.02260	0.17270	0.05065	0.18851	0.01198	0.01242	0.00866	0.00531	0.00470	0.00145	0.00588	0.00421	0.00385	0.00742
27	0.01516	0.01652	0.36907	0.01413	0.12679	0.00974	0.01326	0.01892	0.01200	0.33596	0.01319	0.01322	0.00887	0.00521	0.00481	0.00153	0.00580	0.00427	0.00376	0.00779
28	0.00736	0.00539	0.00714	0.00769	0.00890	0.00517	0.00643	0.00950	0.01203	0.01593	0.24599	0.04905	0.13665	0.01243	0.00638	0.00198	0.00363	0.44908	0.00478	0.00451
29	0.01596	0.04286	0.01678	0.01895	0.34348	0.10935	0.04231	0.07222	0.05149	0.21928	0.01231	0.01310	0.00907	0.00511	0.00482	0.00146	0.00573	0.00443	0.00368	0.00761

[dist]
# distance from previous block
# <min> <max>
0	16

# created by:
# /st0/software/busco_prod/Augustus/scripts/msa2prfl.pl ./align_prep/71842.fa
