[name]
unknown

[dist]
# distance from previous block
# <min> <max>
17	64

[block]
# block no. 0 follows, 50 sequences, length 6
# corresponding to MSA columns:
# 72-77
name=unknown_A
#
# <colnr> <probs for GDERKNQSTAVLIFYWHMCP>
#	G	D	E	R	K	N	Q	S	T	A	V	L	I	F	Y	W	H	M	C	P
0	0.01311	0.01200	0.08304	0.01331	0.01740	0.01045	0.27369	0.11049	0.07533	0.12406	0.04348	0.01762	0.05557	0.05314	0.00645	0.00174	0.00590	0.00561	0.00378	0.07383
1	0.01099	0.00977	0.01343	0.19386	0.07411	0.04422	0.06350	0.11847	0.03857	0.01681	0.08463	0.04835	0.06614	0.02993	0.04103	0.00202	0.08356	0.02200	0.03270	0.00590
2	0.01031	0.00908	0.01410	0.55892	0.05804	0.01115	0.01220	0.06381	0.01073	0.01467	0.00964	0.01348	0.00746	0.00551	0.00600	0.00164	0.09015	0.00445	0.09293	0.00572
3	0.01014	0.00714	0.00936	0.02720	0.01031	0.00784	0.02520	0.08021	0.08635	0.04063	0.01604	0.07621	0.04242	0.07298	0.09398	0.19147	0.07316	0.06518	0.05937	0.00483
4	0.00942	0.00722	0.00776	0.00802	0.00906	0.09857	0.00578	0.01061	0.01029	0.09397	0.02180	0.49835	0.02402	0.01733	0.14986	0.00297	0.00563	0.01034	0.00419	0.00478
5	0.04731	0.00919	0.01047	0.00873	0.01164	0.00952	0.00697	0.19576	0.15073	0.25439	0.01758	0.08339	0.01349	0.00690	0.00480	0.00153	0.00402	0.00562	0.15073	0.00723

[dist]
# distance from previous block
# <min> <max>
4	18

[block]
# block no. 1 follows, 50 sequences, length 10
# corresponding to MSA columns:
# 96-105
name=unknown_B
#
# <colnr> <probs for GDERKNQSTAVLIFYWHMCP>
#	G	D	E	R	K	N	Q	S	T	A	V	L	I	F	Y	W	H	M	C	P
0	0.01624	0.15191	0.17979	0.01202	0.05011	0.10306	0.01100	0.20638	0.04031	0.16474	0.01161	0.01184	0.00836	0.00533	0.00459	0.00143	0.00599	0.00401	0.00375	0.00755
1	0.07807	0.12414	0.27793	0.01071	0.01528	0.04086	0.03065	0.05444	0.10706	0.05774	0.06804	0.01578	0.06308	0.00593	0.00462	0.00149	0.00545	0.00467	0.00336	0.03070
2	0.09010	0.15427	0.13982	0.01178	0.05804	0.13147	0.03054	0.11482	0.04006	0.05301	0.09775	0.01361	0.01185	0.00569	0.00482	0.00145	0.02664	0.00430	0.00334	0.00666
3	0.10479	0.10417	0.19430	0.01049	0.01440	0.07474	0.02542	0.06832	0.01171	0.13044	0.01236	0.11157	0.01066	0.00652	0.00529	0.00153	0.05376	0.00502	0.00341	0.05109
4	0.09296	0.13607	0.03285	0.00832	0.01064	0.06562	0.00680	0.01405	0.02975	0.16446	0.01867	0.32785	0.01898	0.00964	0.00511	0.00168	0.00429	0.04234	0.00418	0.00573
5	0.01158	0.08978	0.04873	0.03157	0.09429	0.07549	0.24064	0.03571	0.02763	0.03235	0.07335	0.01861	0.06340	0.09623	0.00783	0.00192	0.03607	0.00568	0.00307	0.00607
6	0.01024	0.00928	0.01514	0.56219	0.17652	0.01085	0.01312	0.04504	0.01080	0.01447	0.01013	0.04361	0.00823	0.00536	0.00496	0.00161	0.00612	0.00481	0.04152	0.00601
7	0.00659	0.00508	0.00603	0.00579	0.00716	0.00451	0.00434	0.00852	0.01302	0.01741	0.49849	0.04147	0.34125	0.01115	0.00588	0.00161	0.00242	0.00961	0.00515	0.00451
8	0.00712	0.00534	0.00801	0.00801	0.00890	0.00623	0.00623	0.00890	0.00801	0.01157	0.01335	0.01958	0.01246	0.03738	0.80507	0.00801	0.01335	0.00534	0.00267	0.00445
9	0.00863	0.00693	0.00853	0.00822	0.00927	0.05437	0.00635	0.03959	0.00913	0.01291	0.01304	0.01888	0.01202	0.07231	0.57934	0.00633	0.04685	0.00518	0.07745	0.00467

[dist]
# distance from previous block
# <min> <max>
0	21

[block]
# block no. 2 follows, 50 sequences, length 37
# corresponding to MSA columns:
# 127-163
name=unknown_C
#
# <colnr> <probs for GDERKNQSTAVLIFYWHMCP>
#	G	D	E	R	K	N	Q	S	T	A	V	L	I	F	Y	W	H	M	C	P
0	0.86003	0.00964	0.00733	0.00655	0.00964	0.01118	0.00540	0.01465	0.00848	0.02236	0.00694	0.00810	0.00540	0.00463	0.00308	0.00154	0.00386	0.00270	0.00308	0.00540
1	0.03570	0.01151	0.01225	0.01012	0.01346	0.01269	0.00811	0.32261	0.35894	0.04133	0.01760	0.01677	0.05376	0.00652	0.00495	0.00155	0.00447	0.00520	0.00486	0.05759
2	0.00607	0.00434	0.00578	0.00694	0.00723	0.00405	0.00463	0.00694	0.00954	0.01272	0.02747	0.82157	0.03297	0.01562	0.00636	0.00202	0.00289	0.01417	0.00463	0.00405
3	0.01734	0.01095	0.01177	0.00988	0.01316	0.07377	0.00785	0.05462	0.36958	0.34655	0.01869	0.01688	0.01304	0.00635	0.00500	0.00159	0.00453	0.00513	0.00533	0.00799
4	0.06023	0.00970	0.03810	0.00819	0.01267	0.00735	0.04146	0.01294	0.01030	0.01657	0.00881	0.01035	0.00724	0.00381	0.00379	0.00086	0.00404	0.00310	0.00291	0.73759
5	0.01131	0.01208	0.01982	0.42818	0.07422	0.09531	0.25825	0.01468	0.01106	0.01393	0.00916	0.01283	0.00699	0.00472	0.00522	0.00162	0.00741	0.00477	0.00237	0.00608
6	0.00712	0.00544	0.00676	0.00742	0.00879	0.00508	0.00622	0.00897	0.01143	0.01430	0.03668	0.05270	0.35431	0.01328	0.00646	0.00203	0.00371	0.44026	0.00461	0.00443
7	0.01110	0.01053	0.01759	0.36114	0.43720	0.01154	0.01435	0.01471	0.04520	0.01498	0.00964	0.01302	0.00769	0.00477	0.00496	0.00157	0.00614	0.00449	0.00248	0.00690
8	0.01729	0.00806	0.01051	0.00880	0.01180	0.00748	0.00724	0.09896	0.01440	0.47251	0.06673	0.07171	0.04381	0.00838	0.00547	0.00169	0.00418	0.12813	0.00561	0.00723
9	0.00705	0.00510	0.00666	0.00627	0.00745	0.00470	0.00470	0.00941	0.01411	0.01999	0.79110	0.03723	0.04703	0.01019	0.00588	0.00157	0.00235	0.00901	0.00549	0.00470
10	0.01234	0.01184	0.02023	0.03059	0.79373	0.01184	0.01530	0.01530	0.01135	0.01628	0.00938	0.01234	0.00790	0.00444	0.00493	0.00148	0.00592	0.00444	0.00247	0.00790
11	0.00685	0.00493	0.00610	0.00605	0.00689	0.00459	0.00422	0.00836	0.01166	0.01601	0.43735	0.14455	0.11381	0.19453	0.01033	0.00238	0.00300	0.00947	0.00473	0.00418
12	0.00719	0.00481	0.00545	0.00551	0.00552	0.00480	0.00309	0.00723	0.00735	0.00980	0.01624	0.06865	0.01880	0.78787	0.02450	0.00470	0.00474	0.00756	0.00309	0.00307
13	0.01895	0.01396	0.01496	0.01147	0.01546	0.01546	0.00947	0.77711	0.02344	0.03141	0.01197	0.01197	0.00848	0.00598	0.00499	0.00150	0.00548	0.00449	0.00499	0.00848
14	0.00607	0.00434	0.00578	0.00694	0.00723	0.00405	0.00463	0.00694	0.00954	0.01272	0.02747	0.82157	0.03297	0.01562	0.00636	0.00202	0.00289	0.01417	0.00463	0.00405
15	0.01649	0.01078	0.01214	0.01004	0.01338	0.01163	0.00805	0.20712	0.37972	0.22841	0.03548	0.01698	0.01354	0.00649	0.00505	0.00160	0.00436	0.00527	0.00535	0.00812
16	0.01240	0.01071	0.01127	0.01014	0.01296	0.01240	0.00789	0.02649	0.78473	0.02085	0.02029	0.01860	0.01522	0.00676	0.00507	0.00169	0.00394	0.00564	0.00507	0.00789
17	0.01895	0.01396	0.01496	0.01147	0.01546	0.01546	0.00947	0.77711	0.02344	0.03141	0.01197	0.01197	0.00848	0.00598	0.00499	0.00150	0.00548	0.00449	0.00499	0.00848
18	0.00600	0.00462	0.00549	0.00619	0.00703	0.00411	0.00430	0.00702	0.01026	0.01302	0.03657	0.51600	0.33267	0.01443	0.00618	0.00189	0.00275	0.01273	0.00463	0.00411
19	0.23966	0.00819	0.00932	0.00773	0.01076	0.00806	0.00625	0.01859	0.05781	0.37949	0.15647	0.01946	0.04422	0.00675	0.00469	0.00156	0.00372	0.00535	0.00511	0.00680
20	0.86003	0.00964	0.00733	0.00655	0.00964	0.01118	0.00540	0.01465	0.00848	0.02236	0.00694	0.00810	0.00540	0.00463	0.00308	0.00154	0.00386	0.00270	0.00308	0.00540
21	0.00618	0.00477	0.00566	0.00613	0.00713	0.00424	0.00438	0.00745	0.01096	0.01409	0.14347	0.38022	0.34238	0.01360	0.00612	0.00183	0.00271	0.02969	0.00475	0.00422
22	0.01543	0.00699	0.00912	0.00750	0.01028	0.00608	0.00600	0.01734	0.01369	0.45489	0.22076	0.02785	0.16579	0.00839	0.00540	0.00157	0.00344	0.00705	0.00571	0.00673
23	0.02236	0.00848	0.01157	0.00887	0.01272	0.00733	0.00733	0.02429	0.01427	0.79719	0.01966	0.01697	0.01234	0.00617	0.00501	0.00154	0.00424	0.00501	0.00617	0.00848
24	0.01176	0.01345	0.02941	0.02101	0.02605	0.01261	0.77563	0.01597	0.01176	0.01597	0.01008	0.01345	0.00756	0.00420	0.00588	0.00168	0.00840	0.00588	0.00252	0.00672
25	0.01034	0.00886	0.01034	0.00738	0.01181	0.00664	0.00591	0.01255	0.01034	0.01624	0.00886	0.01034	0.00738	0.00369	0.00369	0.00074	0.00369	0.00295	0.00295	0.85530
26	0.00610	0.00505	0.00528	0.00523	0.00678	0.00430	0.00389	0.00746	0.01159	0.01422	0.15032	0.04597	0.66303	0.04073	0.00657	0.00178	0.00258	0.01020	0.00469	0.00423
27	0.00613	0.00438	0.00584	0.00690	0.00724	0.00409	0.00463	0.00709	0.00981	0.01315	0.07227	0.77556	0.03379	0.01530	0.00633	0.00200	0.00286	0.01387	0.00468	0.00409
28	0.00662	0.00482	0.00655	0.00745	0.00809	0.00475	0.00552	0.00795	0.00979	0.01302	0.02631	0.49321	0.07329	0.01861	0.13636	0.00303	0.00491	0.16119	0.00430	0.00423
29	0.01052	0.02566	0.75118	0.01412	0.02120	0.05990	0.01788	0.01604	0.01074	0.01557	0.00887	0.01043	0.00632	0.00476	0.00472	0.00156	0.00747	0.00365	0.00213	0.00727
30	0.01176	0.01345	0.02941	0.02101	0.02605	0.01261	0.77563	0.01597	0.01176	0.01597	0.01008	0.01345	0.00756	0.00420	0.00588	0.00168	0.00840	0.00588	0.00252	0.00672
31	0.38615	0.00942	0.01000	0.00807	0.01160	0.00965	0.00666	0.08032	0.01249	0.39919	0.01352	0.01271	0.00901	0.00548	0.00417	0.00154	0.00417	0.00397	0.00473	0.00714
32	0.01364	0.04592	0.01146	0.00961	0.01213	0.03889	0.00796	0.27516	0.01579	0.10362	0.04600	0.11659	0.03419	0.00961	0.00567	0.00178	0.00475	0.23607	0.00475	0.00640
33	0.01302	0.01335	0.01993	0.02744	0.63387	0.10753	0.06083	0.01581	0.01162	0.01567	0.00915	0.01197	0.00766	0.00462	0.00522	0.00149	0.02647	0.00438	0.00248	0.00751
34	0.00648	0.00499	0.00599	0.00644	0.00760	0.00451	0.00488	0.00798	0.01131	0.01447	0.14668	0.24623	0.35596	0.01324	0.00618	0.00186	0.00296	0.14319	0.00474	0.00431
35	0.80879	0.00990	0.00779	0.00685	0.00999	0.01144	0.00565	0.06110	0.00939	0.02291	0.00725	0.00833	0.00559	0.00471	0.00320	0.00154	0.00396	0.00281	0.00320	0.00559
36	0.72245	0.00996	0.00813	0.00720	0.01029	0.01152	0.00587	0.05000	0.10085	0.02259	0.00874	0.00951	0.00670	0.00494	0.00340	0.00156	0.00394	0.00313	0.00340	0.00583

[dist]
# distance from previous block
# <min> <max>
0	1

[block]
# block no. 3 follows, 50 sequences, length 80
# corresponding to MSA columns:
# 165-244
name=unknown_D
#
# <colnr> <probs for GDERKNQSTAVLIFYWHMCP>
#	G	D	E	R	K	N	Q	S	T	A	V	L	I	F	Y	W	H	M	C	P
0	0.01158	0.00986	0.01130	0.01142	0.06817	0.01111	0.00844	0.02266	0.58484	0.01941	0.02065	0.02519	0.01721	0.00791	0.00540	0.00179	0.00421	0.14676	0.00480	0.00727
1	0.30054	0.00911	0.00937	0.00718	0.01112	0.00823	0.00581	0.01388	0.00991	0.05884	0.00877	0.00992	0.00696	0.00414	0.00355	0.00105	0.00378	0.00297	0.00316	0.52172
2	0.00822	0.00560	0.00774	0.00855	0.00970	0.00548	0.00720	0.01036	0.01171	0.04437	0.12608	0.13540	0.03094	0.01322	0.00663	0.00214	0.00410	0.55310	0.00477	0.00469
3	0.03263	0.00674	0.00820	0.00692	0.00960	0.00583	0.00551	0.01536	0.01279	0.37593	0.07729	0.03215	0.37204	0.00933	0.00542	0.00161	0.00334	0.00772	0.00535	0.00624
4	0.00761	0.00520	0.00667	0.00632	0.00761	0.00473	0.00473	0.00971	0.01348	0.05690	0.61681	0.09861	0.12144	0.01067	0.00588	0.00161	0.00250	0.00938	0.00536	0.00479
5	0.06238	0.00677	0.00816	0.00707	0.00882	0.00649	0.00506	0.04515	0.01064	0.29552	0.01714	0.06946	0.01575	0.40291	0.01483	0.00316	0.00448	0.00646	0.00433	0.00541
6	0.00640	0.00479	0.00596	0.00642	0.00734	0.00436	0.00463	0.00784	0.01131	0.01496	0.23537	0.37995	0.22323	0.01334	0.00615	0.00183	0.00275	0.05421	0.00485	0.00429
7	0.00984	0.00517	0.00523	0.00503	0.00635	0.00526	0.00382	0.05503	0.01119	0.01931	0.01602	0.01821	0.01253	0.00582	0.00357	0.00118	0.00250	0.00464	0.80443	0.00486
8	0.58501	0.01036	0.00904	0.00788	0.01101	0.01193	0.00639	0.10550	0.17281	0.02310	0.01032	0.01074	0.00781	0.00523	0.00372	0.00157	0.00406	0.00352	0.00372	0.00628
9	0.00702	0.00491	0.00558	0.00551	0.00594	0.00472	0.00340	0.00758	0.00893	0.01185	0.14388	0.03557	0.13443	0.57814	0.01946	0.00386	0.00411	0.00800	0.00364	0.00346
10	0.25120	0.00804	0.00920	0.00757	0.01064	0.00778	0.00615	0.01815	0.01247	0.40753	0.14642	0.01967	0.06122	0.00678	0.00467	0.00155	0.00372	0.00536	0.00511	0.00675
11	0.86003	0.00964	0.00733	0.00655	0.00964	0.01118	0.00540	0.01465	0.00848	0.02236	0.00694	0.00810	0.00540	0.00463	0.00308	0.00154	0.00386	0.00270	0.00308	0.00540
12	0.00722	0.00484	0.00543	0.00543	0.00546	0.00482	0.00304	0.00725	0.00733	0.00974	0.01643	0.03294	0.03424	0.80790	0.02496	0.00477	0.00478	0.00732	0.00305	0.00304
13	0.00725	0.00483	0.00544	0.00544	0.00544	0.00483	0.00302	0.00725	0.00725	0.00966	0.01571	0.03262	0.01812	0.82483	0.02537	0.00483	0.00483	0.00725	0.00302	0.00302
14	0.01240	0.01071	0.01127	0.01014	0.01296	0.01240	0.00789	0.02649	0.78473	0.02085	0.02029	0.01860	0.01522	0.00676	0.00507	0.00169	0.00394	0.00564	0.00507	0.00789
15	0.00725	0.00483	0.00544	0.00544	0.00544	0.00483	0.00302	0.00725	0.00725	0.00966	0.01571	0.03262	0.01812	0.82483	0.02537	0.00483	0.00483	0.00725	0.00302	0.00302
16	0.00699	0.00509	0.00657	0.00620	0.00741	0.00467	0.00465	0.00928	0.01395	0.01961	0.74831	0.03785	0.09006	0.01033	0.00588	0.00157	0.00236	0.00910	0.00544	0.00467
17	0.01240	0.01071	0.01127	0.01014	0.01296	0.01240	0.00789	0.02649	0.78473	0.02085	0.02029	0.01860	0.01522	0.00676	0.00507	0.00169	0.00394	0.00564	0.00507	0.00789
18	0.01034	0.00886	0.01034	0.00738	0.01181	0.00664	0.00591	0.01255	0.01034	0.01624	0.00886	0.01034	0.00738	0.00369	0.00369	0.00074	0.00369	0.00295	0.00295	0.85530
19	0.00640	0.00466	0.00564	0.00616	0.00674	0.00432	0.00410	0.00728	0.00978	0.01282	0.09864	0.41723	0.17767	0.20252	0.01064	0.00257	0.00322	0.01139	0.00433	0.00390
20	0.00607	0.00434	0.00578	0.00694	0.00723	0.00405	0.00463	0.00694	0.00954	0.01272	0.02747	0.82157	0.03297	0.01562	0.00636	0.00202	0.00289	0.01417	0.00463	0.00405
21	0.00605	0.00441	0.00571	0.00675	0.00718	0.00406	0.00454	0.00696	0.00972	0.01280	0.02974	0.74538	0.10770	0.01532	0.00632	0.00199	0.00286	0.01381	0.00463	0.00406
22	0.01091	0.01091	0.01527	0.01309	0.01309	0.01527	0.01091	0.01200	0.00763	0.01200	0.00654	0.01091	0.00654	0.00872	0.01636	0.00218	0.81570	0.00436	0.00218	0.00545
23	0.00712	0.00494	0.00594	0.00627	0.00664	0.00485	0.00405	0.00802	0.03736	0.01168	0.04619	0.26313	0.06786	0.40669	0.01624	0.05172	0.00398	0.03994	0.00375	0.00364
24	0.00629	0.00506	0.00560	0.00546	0.00698	0.00438	0.00410	0.00792	0.01230	0.01568	0.30245	0.04432	0.53837	0.01180	0.00589	0.00164	0.00247	0.01001	0.00492	0.00438
25	0.01297	0.01058	0.01129	0.01007	0.01295	0.01210	0.00786	0.02636	0.74021	0.06571	0.02025	0.01850	0.01505	0.00673	0.00507	0.00168	0.00396	0.00560	0.00514	0.00792
26	0.01289	0.01196	0.01954	0.05377	0.69275	0.01217	0.01468	0.09025	0.01250	0.01766	0.00961	0.01233	0.00791	0.00461	0.00494	0.00149	0.00590	0.00445	0.00271	0.00788
27	0.01128	0.01077	0.01833	0.31276	0.51981	0.01157	0.01477	0.01437	0.01085	0.01500	0.00919	0.01268	0.00744	0.00464	0.00495	0.00155	0.00618	0.00444	0.00238	0.00704
28	0.00712	0.00534	0.00801	0.00801	0.00890	0.00623	0.00623	0.00890	0.00801	0.01157	0.01335	0.01958	0.01246	0.03738	0.80507	0.00801	0.01335	0.00534	0.00267	0.00445
29	0.00692	0.00509	0.00647	0.00613	0.00736	0.00464	0.00459	0.00914	0.01378	0.01921	0.70309	0.03851	0.13553	0.01048	0.00588	0.00158	0.00237	0.00919	0.00538	0.00464
30	0.01240	0.01071	0.01127	0.01014	0.01296	0.01240	0.00789	0.02649	0.78473	0.02085	0.02029	0.01860	0.01522	0.00676	0.00507	0.00169	0.00394	0.00564	0.00507	0.00789
31	0.01105	0.09322	0.65941	0.01367	0.02048	0.01207	0.04504	0.01620	0.01075	0.05976	0.00942	0.01078	0.00671	0.00476	0.00466	0.00154	0.00705	0.00375	0.00235	0.00732
32	0.00622	0.00462	0.00584	0.00676	0.00742	0.00424	0.00477	0.00730	0.01010	0.01308	0.03213	0.58984	0.18942	0.01482	0.00631	0.00198	0.00298	0.08341	0.00462	0.00413
33	0.01077	0.04079	0.01454	0.01213	0.01261	0.02967	0.01005	0.01271	0.05197	0.01244	0.00819	0.01225	0.00775	0.01186	0.11087	0.00280	0.62623	0.00447	0.00241	0.00551
34	0.00729	0.00551	0.00802	0.00794	0.00869	0.00645	0.00607	0.00885	0.00791	0.01138	0.01333	0.02065	0.01284	0.12226	0.68777	0.00743	0.04509	0.00551	0.00269	0.00433
35	0.01688	0.28803	0.01807	0.01142	0.01455	0.54678	0.00927	0.01827	0.01281	0.01204	0.00745	0.00866	0.00641	0.00485	0.00407	0.00121	0.00779	0.00303	0.00242	0.00598
36	0.01197	0.02511	0.02660	0.00835	0.01265	0.00822	0.02029	0.10165	0.02945	0.05718	0.03025	0.01175	0.00892	0.00436	0.00404	0.00095	0.00408	0.00351	0.00342	0.62725
37	0.04523	0.01268	0.03470	0.02901	0.19658	0.11807	0.13841	0.06392	0.02658	0.18815	0.04088	0.02691	0.01130	0.00580	0.00513	0.00156	0.00607	0.03816	0.00374	0.00713
38	0.01367	0.01275	0.04518	0.01351	0.12389	0.07063	0.00965	0.10702	0.48794	0.03611	0.01643	0.01591	0.01237	0.00614	0.00499	0.00160	0.00491	0.00507	0.00441	0.00779
39	0.02495	0.13661	0.33315	0.01609	0.07000	0.09118	0.22765	0.01607	0.01119	0.01503	0.00885	0.01090	0.00677	0.00454	0.00480	0.00150	0.00738	0.00414	0.00231	0.00689
40	0.01040	0.02297	0.62369	0.01576	0.02259	0.01181	0.19091	0.01583	0.01081	0.01583	0.00920	0.01119	0.00660	0.00461	0.00500	0.00160	0.00760	0.00418	0.00220	0.00722
41	0.00712	0.00534	0.00801	0.00801	0.00890	0.00623	0.00623	0.00890	0.00801	0.01157	0.01335	0.01958	0.01246	0.03738	0.80507	0.00801	0.01335	0.00534	0.00267	0.00445
42	0.01128	0.00971	0.00994	0.00905	0.01151	0.03583	0.00699	0.02194	0.56884	0.01961	0.08938	0.02293	0.09773	0.00756	0.00512	0.00164	0.00373	0.00630	0.05395	0.00698
43	0.02236	0.00848	0.01157	0.00887	0.01272	0.00733	0.00733	0.02429	0.01427	0.79719	0.01966	0.01697	0.01234	0.00617	0.00501	0.00154	0.00424	0.00501	0.00617	0.00848
44	0.01276	0.01071	0.01138	0.01005	0.01289	0.01225	0.00786	0.10388	0.65874	0.02190	0.06588	0.01903	0.01643	0.00689	0.00511	0.00166	0.00401	0.00572	0.00509	0.00776
45	0.01240	0.01071	0.01127	0.01014	0.01296	0.01240	0.00789	0.02649	0.78473	0.02085	0.02029	0.01860	0.01522	0.00676	0.00507	0.00169	0.00394	0.00564	0.00507	0.00789
46	0.00592	0.00505	0.00510	0.00508	0.00675	0.00422	0.00381	0.00722	0.01144	0.01365	0.07189	0.04766	0.77019	0.01255	0.00589	0.00168	0.00252	0.01048	0.00465	0.00422
47	0.01703	0.01328	0.01386	0.01112	0.01473	0.03641	0.00902	0.53730	0.24514	0.02780	0.01427	0.01382	0.01038	0.00619	0.00500	0.00155	0.00513	0.00479	0.00494	0.00823
48	0.00673	0.00477	0.00556	0.00589	0.00631	0.00454	0.00375	0.00729	0.00883	0.01150	0.04241	0.24054	0.15730	0.43240	0.01609	0.00341	0.00387	0.03141	0.00382	0.00358
49	0.00661	0.00466	0.00553	0.00599	0.00631	0.00444	0.00376	0.00711	0.00867	0.01135	0.02469	0.34890	0.11956	0.40208	0.01539	0.00332	0.00377	0.01041	0.00386	0.00358
50	0.00637	0.00455	0.00612	0.00728	0.00770	0.00430	0.00514	0.00745	0.00983	0.01305	0.02731	0.70649	0.03232	0.01534	0.00644	0.00206	0.00315	0.12635	0.00462	0.00413
51	0.01087	0.01109	0.02091	0.06414	0.02070	0.01108	0.44276	0.01629	0.15587	0.01597	0.01394	0.06073	0.01191	0.04990	0.03807	0.00214	0.00702	0.03705	0.00321	0.00636
52	0.01155	0.01103	0.01865	0.20728	0.56099	0.01139	0.02969	0.01457	0.01099	0.01547	0.00924	0.01246	0.00757	0.00452	0.00489	0.00148	0.00601	0.00438	0.00244	0.05539
53	0.00868	0.01174	0.19029	0.01216	0.11471	0.00833	0.05840	0.01218	0.05511	0.01536	0.08346	0.02877	0.33330	0.00857	0.00584	0.00164	0.03469	0.00726	0.00363	0.00586
54	0.01182	0.01173	0.01991	0.07981	0.52034	0.04079	0.13150	0.01485	0.01124	0.01552	0.01026	0.01452	0.00875	0.00669	0.05052	0.00192	0.00684	0.03329	0.00255	0.00715
55	0.01089	0.00936	0.00985	0.00903	0.01153	0.01048	0.00696	0.02197	0.60449	0.01910	0.02647	0.05415	0.16796	0.00824	0.00528	0.00170	0.00363	0.00691	0.00497	0.00703
56	0.01263	0.01231	0.01837	0.02344	0.48101	0.06695	0.07693	0.01704	0.12436	0.03047	0.01227	0.01426	0.03396	0.00533	0.00563	0.00156	0.04824	0.00485	0.00298	0.00741
57	0.00725	0.00483	0.00544	0.00544	0.00544	0.00483	0.00302	0.00725	0.00725	0.00966	0.01571	0.03262	0.01812	0.82483	0.02537	0.00483	0.00483	0.00725	0.00302	0.00302
58	0.01088	0.01040	0.01779	0.41629	0.40529	0.01148	0.02829	0.01405	0.01067	0.01453	0.00913	0.01283	0.00727	0.00470	0.00498	0.00157	0.00632	0.00446	0.00234	0.00671
59	0.00968	0.00769	0.00968	0.00934	0.08712	0.00658	0.00639	0.01227	0.04912	0.05363	0.12576	0.10505	0.12841	0.00745	0.00484	0.00128	0.00351	0.00642	0.00393	0.36185
60	0.03612	0.06779	0.36879	0.01231	0.03124	0.06643	0.01300	0.18872	0.03002	0.07914	0.03399	0.01286	0.02669	0.00550	0.00473	0.00151	0.00624	0.00421	0.00335	0.00736
61	0.01358	0.76477	0.02521	0.00887	0.01295	0.06499	0.00864	0.01515	0.01031	0.01176	0.00697	0.00811	0.00640	0.00441	0.00354	0.00110	0.02201	0.00273	0.00216	0.00634
62	0.00705	0.00510	0.00666	0.00627	0.00745	0.00470	0.00470	0.00941	0.01411	0.01999	0.79110	0.03723	0.04703	0.01019	0.00588	0.00157	0.00235	0.00901	0.00549	0.00470
63	0.01077	0.02244	0.01212	0.01376	0.20186	0.00972	0.00861	0.01777	0.31298	0.03387	0.24260	0.02347	0.05409	0.00738	0.00527	0.00159	0.00394	0.00646	0.00451	0.00680
64	0.00702	0.00509	0.00662	0.00624	0.00743	0.00469	0.00468	0.00934	0.01403	0.01981	0.77061	0.03753	0.06764	0.01026	0.00588	0.00157	0.00236	0.00906	0.00546	0.00469
65	0.01034	0.00886	0.01034	0.00738	0.01181	0.00664	0.00591	0.01255	0.01034	0.01624	0.00886	0.01034	0.00738	0.00369	0.00369	0.00074	0.00369	0.00295	0.00295	0.85530
66	0.01019	0.07127	0.75517	0.01388	0.02108	0.01204	0.01786	0.01574	0.01050	0.01556	0.00883	0.01038	0.00632	0.00471	0.00465	0.00155	0.00725	0.00363	0.00211	0.00731
67	0.00702	0.00509	0.00662	0.00624	0.00743	0.00469	0.00468	0.00935	0.01404	0.01982	0.77194	0.03751	0.06630	0.01025	0.00588	0.00157	0.00236	0.00905	0.00546	0.00469
68	0.20396	0.00910	0.00968	0.00728	0.01135	0.00786	0.00585	0.01348	0.03472	0.01778	0.00879	0.01009	0.00718	0.00400	0.00360	0.00095	0.00374	0.00298	0.00305	0.63454
69	0.86003	0.00964	0.00733	0.00655	0.00964	0.01118	0.00540	0.01465	0.00848	0.02236	0.00694	0.00810	0.00540	0.00463	0.00308	0.00154	0.00386	0.00270	0.00308	0.00540
70	0.00747	0.00534	0.00739	0.00854	0.00945	0.00526	0.00706	0.00936	0.01092	0.01429	0.02670	0.27397	0.02990	0.01429	0.00674	0.00222	0.00411	0.54794	0.00460	0.00444
71	0.00725	0.00483	0.00544	0.00544	0.00544	0.00483	0.00302	0.00725	0.00725	0.00966	0.01571	0.03262	0.01812	0.82483	0.02537	0.00483	0.00483	0.00725	0.00302	0.00302
72	0.01240	0.01071	0.01127	0.01014	0.01296	0.01240	0.00789	0.02649	0.78473	0.02085	0.02029	0.01860	0.01522	0.00676	0.00507	0.00169	0.00394	0.00564	0.00507	0.00789
73	0.01642	0.01271	0.01354	0.01096	0.01450	0.01428	0.00886	0.48784	0.31682	0.02734	0.01517	0.01452	0.01107	0.00628	0.00502	0.00157	0.00489	0.00493	0.00502	0.00825
74	0.00725	0.00483	0.00544	0.00544	0.00544	0.00483	0.00302	0.00725	0.00725	0.00966	0.01571	0.03262	0.01812	0.82483	0.02537	0.00483	0.00483	0.00725	0.00302	0.00302
75	0.00764	0.00585	0.00703	0.00781	0.00843	0.02716	0.00548	0.00853	0.01071	0.01419	0.08692	0.59574	0.06689	0.03348	0.00725	0.00219	0.01902	0.07620	0.00481	0.00465
76	0.00705	0.00510	0.00666	0.00627	0.00745	0.00470	0.00470	0.00941	0.01411	0.01999	0.79110	0.03723	0.04703	0.01019	0.00588	0.00157	0.00235	0.00901	0.00549	0.00470
77	0.21145	0.01377	0.01546	0.08895	0.29129	0.19096	0.04228	0.01580	0.01099	0.01621	0.00825	0.01064	0.00678	0.00493	0.00510	0.00151	0.05281	0.00381	0.00260	0.00644
78	0.04340	0.09305	0.04646	0.01915	0.33270	0.27238	0.01180	0.04763	0.01245	0.01532	0.00857	0.01049	0.00712	0.00469	0.00449	0.00134	0.00671	0.00370	0.00261	0.05594
79	0.01131	0.01174	0.06362	0.26827	0.51747	0.01159	0.01503	0.01454	0.01088	0.01517	0.00919	0.01252	0.00742	0.00462	0.00494	0.00154	0.00623	0.00439	0.00237	0.00715

[dist]
# distance from previous block
# <min> <max>
0	6

[block]
# block no. 4 follows, 50 sequences, length 35
# corresponding to MSA columns:
# 251-285
name=unknown_E
#
# <colnr> <probs for GDERKNQSTAVLIFYWHMCP>
#	G	D	E	R	K	N	Q	S	T	A	V	L	I	F	Y	W	H	M	C	P
0	0.01642	0.00901	0.01119	0.00832	0.01246	0.00751	0.00678	0.06613	0.01297	0.37676	0.01403	0.01349	0.00973	0.00498	0.00438	0.00116	0.00406	0.00400	0.00456	0.41205
1	0.00629	0.00447	0.00589	0.00694	0.00726	0.00422	0.00469	0.00717	0.00946	0.01259	0.02638	0.70615	0.03141	0.08635	0.00806	0.00229	0.00316	0.05874	0.00448	0.00399
2	0.00725	0.00483	0.00544	0.00544	0.00544	0.00483	0.00302	0.00725	0.00725	0.00966	0.01571	0.03262	0.01812	0.82483	0.02537	0.00483	0.00483	0.00725	0.00302	0.00302
3	0.00699	0.00509	0.00657	0.00620	0.00740	0.00467	0.00465	0.00927	0.01395	0.01960	0.74692	0.03787	0.09146	0.01034	0.00588	0.00157	0.00236	0.00910	0.00544	0.00467
4	0.01333	0.82783	0.02612	0.00853	0.01279	0.01972	0.00853	0.01493	0.01013	0.01173	0.00693	0.00800	0.00640	0.00426	0.00320	0.00107	0.00533	0.00267	0.00213	0.00640
5	0.01034	0.00886	0.01034	0.00738	0.01181	0.00664	0.00591	0.01255	0.01034	0.01624	0.00886	0.01034	0.00738	0.00369	0.00369	0.00074	0.00369	0.00295	0.00295	0.85530
6	0.01636	0.01019	0.01663	0.07880	0.13130	0.00982	0.16853	0.07757	0.01352	0.34127	0.03917	0.01559	0.01107	0.00551	0.00514	0.00155	0.00550	0.00513	0.03983	0.00751
7	0.00642	0.00534	0.03776	0.00745	0.00811	0.00452	0.00552	0.00763	0.00977	0.01306	0.02662	0.71296	0.03147	0.01500	0.00635	0.00203	0.00324	0.08798	0.00452	0.00424
8	0.00725	0.00483	0.00544	0.00544	0.00544	0.00483	0.00302	0.00725	0.00725	0.00966	0.01571	0.03262	0.01812	0.82483	0.02537	0.00483	0.00483	0.00725	0.00302	0.00302
9	0.01214	0.43414	0.13511	0.00916	0.01371	0.01436	0.00925	0.01501	0.04127	0.03703	0.00884	0.01007	0.00739	0.00575	0.03720	0.00140	0.00551	0.00318	0.00257	0.19691
10	0.01337	0.77133	0.02533	0.00884	0.01288	0.04134	0.00866	0.01494	0.01013	0.01175	0.00693	0.00814	0.00640	0.00448	0.00378	0.00112	0.03932	0.00275	0.00215	0.00634
11	0.01071	0.00875	0.01026	0.00750	0.01170	0.00681	0.00598	0.01340	0.04164	0.04482	0.04398	0.01208	0.00961	0.00419	0.00389	0.00084	0.00366	0.00340	0.00327	0.75350
12	0.01193	0.06118	0.39428	0.01278	0.01780	0.07306	0.03543	0.05189	0.20778	0.01704	0.01164	0.01250	0.00873	0.00554	0.00549	0.00160	0.05681	0.00423	0.00304	0.00724
13	0.01091	0.01091	0.01527	0.01309	0.01309	0.01527	0.01091	0.01200	0.00763	0.01200	0.00654	0.01091	0.00654	0.00872	0.01636	0.00218	0.81570	0.00436	0.00218	0.00545
14	0.00712	0.00534	0.00801	0.00801	0.00890	0.00623	0.00623	0.00890	0.00801	0.01157	0.01335	0.01958	0.01246	0.03738	0.80507	0.00801	0.01335	0.00534	0.00267	0.00445
15	0.00774	0.00596	0.03163	0.00624	0.00798	0.00491	0.00497	0.00976	0.01297	0.06941	0.43632	0.03906	0.32318	0.01066	0.00579	0.00161	0.00270	0.00914	0.00510	0.00485
16	0.01113	0.01061	0.01805	0.35309	0.48065	0.01153	0.01470	0.01424	0.01078	0.01482	0.00916	0.01273	0.00738	0.00466	0.00495	0.00155	0.00622	0.00444	0.00236	0.00692
17	0.00592	0.00493	0.00517	0.00536	0.00681	0.00418	0.00393	0.00712	0.01106	0.01334	0.04669	0.17575	0.66638	0.01312	0.00597	0.00174	0.00259	0.01112	0.00463	0.00418
18	0.00803	0.00574	0.00803	0.00918	0.01033	0.00574	0.00803	0.01033	0.01147	0.01492	0.02639	0.05622	0.02869	0.01377	0.00688	0.00229	0.00459	0.76018	0.00459	0.00459
19	0.82317	0.01026	0.00762	0.00683	0.00989	0.04595	0.00558	0.01488	0.00873	0.02192	0.00697	0.00814	0.00544	0.00465	0.00315	0.00153	0.00408	0.00272	0.00306	0.00541
20	0.00713	0.00530	0.00780	0.00780	0.00861	0.00611	0.00596	0.00876	0.00795	0.01141	0.01355	0.02067	0.01293	0.10320	0.73990	0.00775	0.01264	0.00550	0.00270	0.00433
21	0.01333	0.82783	0.02612	0.00853	0.01279	0.01972	0.00853	0.01493	0.01013	0.01173	0.00693	0.00800	0.00640	0.00426	0.00320	0.00107	0.00533	0.00267	0.00213	0.00640
22	0.01234	0.01184	0.02023	0.03059	0.79373	0.01184	0.01530	0.01530	0.01135	0.01628	0.00938	0.01234	0.00790	0.00444	0.00493	0.00148	0.00592	0.00444	0.00247	0.00790
23	0.01034	0.00886	0.01034	0.00738	0.01181	0.00664	0.00591	0.01255	0.01034	0.01624	0.00886	0.01034	0.00738	0.00369	0.00369	0.00074	0.00369	0.00295	0.00295	0.85530
24	0.00623	0.00506	0.00553	0.00549	0.00700	0.00436	0.00413	0.00776	0.01198	0.01506	0.22923	0.06773	0.57232	0.01214	0.00592	0.00168	0.00254	0.02668	0.00484	0.00433
25	0.01350	0.80188	0.02573	0.00867	0.01288	0.04505	0.00856	0.01509	0.01026	0.01174	0.00695	0.00803	0.00640	0.00429	0.00324	0.00107	0.00545	0.00268	0.00215	0.00638
26	0.00714	0.00481	0.00555	0.00565	0.00570	0.00481	0.00326	0.00727	0.00747	0.00999	0.01665	0.10043	0.01922	0.72976	0.04857	0.00469	0.00494	0.00779	0.00315	0.00315
27	0.01215	0.01166	0.01990	0.07931	0.74644	0.01180	0.01521	0.01514	0.01126	0.01606	0.00934	0.01240	0.00782	0.00447	0.00494	0.00149	0.00597	0.00444	0.00245	0.00775
28	0.00649	0.00455	0.00584	0.00670	0.00697	0.00435	0.00443	0.00723	0.00908	0.01208	0.02442	0.57358	0.02893	0.22097	0.01122	0.00275	0.00349	0.05887	0.00422	0.00382
29	0.01264	0.37622	0.29229	0.01120	0.01609	0.13430	0.01211	0.01569	0.01095	0.01341	0.00896	0.01203	0.00776	0.00515	0.00416	0.00135	0.00654	0.05028	0.00234	0.00653
30	0.00885	0.01200	0.20918	0.00979	0.01252	0.05688	0.04063	0.03877	0.02577	0.01446	0.03442	0.37469	0.04917	0.06505	0.00694	0.00197	0.00487	0.00905	0.00367	0.02131
31	0.03058	0.01235	0.08390	0.01196	0.06588	0.04423	0.04132	0.15673	0.19402	0.21798	0.01717	0.04525	0.04285	0.00648	0.00506	0.00159	0.00504	0.00538	0.00461	0.00763
32	0.02398	0.04869	0.21107	0.18828	0.10021	0.02667	0.10425	0.06494	0.01164	0.03109	0.03345	0.03854	0.00912	0.00521	0.00487	0.00150	0.00627	0.00463	0.00277	0.08280
33	0.03065	0.07866	0.17390	0.05193	0.10096	0.15630	0.15532	0.06598	0.05364	0.01614	0.02563	0.04850	0.00935	0.00544	0.00492	0.00152	0.00684	0.00476	0.00286	0.00671
34	0.01417	0.05261	0.07238	0.01205	0.07468	0.04493	0.03699	0.24283	0.10912	0.04961	0.01195	0.03079	0.00931	0.00535	0.00462	0.00133	0.00517	0.00434	0.00380	0.21396

[dist]
# distance from previous block
# <min> <max>
0	13

# created by:
# /st0/software/busco_prod/Augustus/scripts/msa2prfl.pl ./align_prep/72060.fa
