[name]
unknown

[dist]
# distance from previous block
# <min> <max>
0	3

[block]
# block no. 0 follows, 48 sequences, length 46
# corresponding to MSA columns:
# 27-72
name=unknown_A
#
# <colnr> <probs for GDERKNQSTAVLIFYWHMCP>
#	G	D	E	R	K	N	Q	S	T	A	V	L	I	F	Y	W	H	M	C	P
0	0.11570	0.01084	0.01369	0.13675	0.14865	0.03373	0.01042	0.19418	0.01441	0.09073	0.01380	0.02025	0.01178	0.00686	0.00517	0.00169	0.00549	0.13247	0.00393	0.02946
1	0.08654	0.00774	0.00935	0.00793	0.01068	0.00739	0.00630	0.01822	0.10418	0.33746	0.21433	0.04306	0.10868	0.00828	0.00535	0.00164	0.00358	0.00691	0.00556	0.00682
2	0.01208	0.00668	0.00877	0.00776	0.00996	0.00601	0.00595	0.02712	0.01247	0.23580	0.19021	0.21936	0.03819	0.01253	0.08108	0.00225	0.00441	0.00827	0.00502	0.10607
3	0.01020	0.00955	0.01497	0.63743	0.03065	0.01197	0.01324	0.01471	0.10104	0.01403	0.01029	0.01409	0.00788	0.00571	0.00625	0.00176	0.08291	0.00470	0.00263	0.00598
4	0.00969	0.00912	0.01539	0.80734	0.03534	0.01140	0.01425	0.01311	0.01026	0.01311	0.00912	0.01368	0.00684	0.00513	0.00513	0.00171	0.00684	0.00456	0.00228	0.00570
5	0.01372	0.82276	0.02689	0.00878	0.01317	0.02030	0.00878	0.01536	0.01043	0.01207	0.00713	0.00823	0.00658	0.00439	0.00329	0.00110	0.00549	0.00274	0.00219	0.00658
6	0.00649	0.00513	0.00585	0.00585	0.00724	0.00449	0.00432	0.00812	0.01243	0.01605	0.29764	0.13650	0.44664	0.01251	0.00612	0.00173	0.00258	0.01075	0.00506	0.00449
7	0.05580	0.01230	0.01369	0.01072	0.01461	0.01315	0.00880	0.45439	0.11035	0.22958	0.01519	0.01430	0.01045	0.00624	0.00507	0.00158	0.00505	0.00482	0.00538	0.00852
8	0.01086	0.00932	0.01074	0.00789	0.01228	0.00745	0.00629	0.01440	0.08978	0.01721	0.01033	0.01152	0.00843	0.00413	0.00395	0.00086	0.00383	0.00332	0.00326	0.76416
9	0.00710	0.00507	0.00615	0.00668	0.00727	0.00486	0.00467	0.00800	0.00960	0.01244	0.02715	0.23303	0.14910	0.33058	0.01426	0.00322	0.00405	0.15878	0.00411	0.00389
10	0.00654	0.00475	0.00612	0.00709	0.00765	0.00444	0.00497	0.00760	0.01014	0.01326	0.03021	0.58748	0.12158	0.06484	0.00776	0.00225	0.00326	0.10120	0.00466	0.00419
11	0.01175	0.01315	0.02809	0.13719	0.02807	0.01274	0.65802	0.01595	0.01184	0.01595	0.01020	0.01382	0.00765	0.00444	0.00592	0.00173	0.00838	0.00584	0.00255	0.00674
12	0.00962	0.01074	0.09961	0.55674	0.09781	0.01067	0.01377	0.01298	0.01040	0.01378	0.01145	0.10838	0.01013	0.00635	0.00527	0.00173	0.00640	0.00567	0.00259	0.00594
13	0.00672	0.00502	0.00607	0.00642	0.00736	0.00459	0.00460	0.00807	0.01127	0.01477	0.20124	0.27351	0.25148	0.10902	0.00866	0.00224	0.00311	0.06681	0.00476	0.00428
14	0.00969	0.00912	0.01539	0.80734	0.03534	0.01140	0.01425	0.01311	0.01026	0.01311	0.00912	0.01368	0.00684	0.00513	0.00513	0.00171	0.00684	0.00456	0.00228	0.00570
15	0.02175	0.01352	0.01283	0.01043	0.01402	0.23614	0.00833	0.05789	0.01508	0.53192	0.01633	0.01486	0.01076	0.00604	0.00500	0.00151	0.00583	0.00460	0.00523	0.00793
16	0.00730	0.00500	0.00555	0.00555	0.00575	0.00490	0.00320	0.00745	0.00796	0.01041	0.02041	0.03545	0.10952	0.72410	0.02374	0.00459	0.00469	0.00786	0.00331	0.00325
17	0.00625	0.00447	0.00595	0.00714	0.00744	0.00417	0.00476	0.00714	0.00982	0.01310	0.02828	0.81633	0.03394	0.01608	0.00655	0.00208	0.00298	0.01459	0.00476	0.00417
18	0.00625	0.00447	0.00595	0.00714	0.00744	0.00417	0.00476	0.00714	0.00982	0.01310	0.02828	0.81633	0.03394	0.01608	0.00655	0.00208	0.00298	0.01459	0.00476	0.00417
19	0.85592	0.00992	0.00754	0.00675	0.00992	0.01151	0.00556	0.01508	0.00873	0.02302	0.00714	0.00834	0.00556	0.00476	0.00318	0.00159	0.00397	0.00278	0.00318	0.00556
20	0.00969	0.00912	0.01539	0.80734	0.03534	0.01140	0.01425	0.01311	0.01026	0.01311	0.00912	0.01368	0.00684	0.00513	0.00513	0.00171	0.00684	0.00456	0.00228	0.00570
21	0.01147	0.02426	0.60347	0.01662	0.10531	0.08684	0.04855	0.01661	0.01133	0.01596	0.00918	0.01101	0.00674	0.00486	0.00492	0.00159	0.00762	0.00392	0.00227	0.00746
22	0.01160	0.01085	0.01506	0.01283	0.01325	0.01464	0.01065	0.01282	0.00835	0.04698	0.00795	0.03014	0.00767	0.00877	0.01542	0.00214	0.71489	0.00468	0.00253	0.04878
23	0.01394	0.01380	0.01202	0.01093	0.01366	0.19173	0.00838	0.02483	0.57024	0.01906	0.01826	0.05209	0.01440	0.00698	0.00514	0.00166	0.00520	0.00562	0.00461	0.00745
24	0.01150	0.01223	0.00968	0.00927	0.01103	0.28734	0.00676	0.01291	0.01221	0.01431	0.11711	0.33267	0.02298	0.01006	0.00547	0.00159	0.00523	0.00852	0.00392	0.10522
25	0.02302	0.00873	0.01191	0.00913	0.01310	0.00754	0.00754	0.02501	0.01469	0.79122	0.02024	0.01746	0.01270	0.00635	0.00516	0.00159	0.00437	0.00516	0.00635	0.00873
26	0.00628	0.00449	0.00598	0.00713	0.00745	0.00419	0.00477	0.00721	0.00995	0.01330	0.04915	0.79487	0.03434	0.01592	0.00654	0.00207	0.00296	0.01444	0.00479	0.00419
27	0.00969	0.00912	0.01539	0.80734	0.03534	0.01140	0.01425	0.01311	0.01026	0.01311	0.00912	0.01368	0.00684	0.00513	0.00513	0.00171	0.00684	0.00456	0.00228	0.00570
28	0.00934	0.00541	0.00637	0.00604	0.00651	0.00527	0.00367	0.00952	0.00830	0.10249	0.01647	0.03121	0.01770	0.70300	0.02348	0.02600	0.00489	0.00711	0.00347	0.00375
29	0.01033	0.02448	0.70039	0.01379	0.02102	0.01131	0.01743	0.01586	0.01081	0.01631	0.00920	0.01081	0.00663	0.00475	0.00475	0.00152	0.00713	0.00370	0.00227	0.10751
30	0.01367	0.75557	0.07070	0.00923	0.01376	0.04062	0.00940	0.01555	0.01056	0.01233	0.00727	0.00841	0.00658	0.00444	0.00342	0.00113	0.00571	0.00282	0.00221	0.00663
31	0.62300	0.14281	0.04549	0.00761	0.01109	0.01260	0.00685	0.01514	0.00937	0.03461	0.00849	0.01112	0.00712	0.00522	0.00351	0.00155	0.00442	0.04108	0.00311	0.00583
32	0.00685	0.00488	0.00586	0.00622	0.00720	0.00445	0.00443	0.00840	0.01156	0.01586	0.22116	0.34016	0.21930	0.01273	0.00596	0.00178	0.00268	0.01118	0.10491	0.00445
33	0.02243	0.00969	0.01250	0.00958	0.01358	0.00896	0.00792	0.15132	0.01629	0.66265	0.01890	0.01659	0.01203	0.00632	0.00516	0.00158	0.00458	0.00507	0.00614	0.00873
34	0.01528	0.39990	0.14975	0.00974	0.01457	0.01429	0.00990	0.01779	0.01162	0.21628	0.01109	0.01130	0.00826	0.00493	0.00409	0.00128	0.00539	0.00358	0.00335	0.08761
35	0.00969	0.00912	0.01539	0.80734	0.03534	0.01140	0.01425	0.01311	0.01026	0.01311	0.00912	0.01368	0.00684	0.00513	0.00513	0.00171	0.00684	0.00456	0.00228	0.00570
36	0.01288	0.10720	0.01341	0.01025	0.01332	0.01366	0.00820	0.02586	0.68741	0.02035	0.01925	0.01785	0.01459	0.00666	0.00499	0.00166	0.00423	0.00544	0.00486	0.00794
37	0.01211	0.01384	0.03028	0.02163	0.02682	0.01298	0.76903	0.01644	0.01211	0.01644	0.01038	0.01384	0.00779	0.00433	0.00606	0.00173	0.00865	0.00606	0.00260	0.00692
38	0.01109	0.00939	0.01088	0.00781	0.01235	0.00730	0.00627	0.05151	0.01133	0.01752	0.00928	0.01073	0.00766	0.00392	0.00387	0.00080	0.00389	0.00312	0.00315	0.80813
39	0.01101	0.01031	0.01558	0.01113	0.01585	0.00838	0.19798	0.01380	0.01101	0.01665	0.00944	0.01145	0.00765	0.00393	0.00437	0.00100	0.00502	0.00380	0.00293	0.63873
40	0.01064	0.00912	0.01064	0.00760	0.01216	0.00684	0.00608	0.01292	0.01064	0.01672	0.00912	0.01064	0.00760	0.00380	0.00380	0.00076	0.00380	0.00304	0.00304	0.85104
41	0.01431	0.14159	0.23776	0.03499	0.07025	0.31302	0.01252	0.01780	0.04629	0.01460	0.04424	0.01166	0.00899	0.00529	0.00463	0.00143	0.00739	0.00386	0.00267	0.00670
42	0.00635	0.00477	0.00589	0.00655	0.00734	0.00431	0.00455	0.00757	0.01099	0.01440	0.14593	0.50585	0.22790	0.01447	0.00635	0.00192	0.00280	0.01285	0.00489	0.00431
43	0.01064	0.00912	0.01064	0.00760	0.01216	0.00684	0.00608	0.01292	0.01064	0.01672	0.00912	0.01064	0.00760	0.00380	0.00380	0.00076	0.00380	0.00304	0.00304	0.85104
44	0.31427	0.44178	0.06820	0.00840	0.01240	0.01595	0.00817	0.01502	0.00974	0.01625	0.00759	0.00901	0.00651	0.00620	0.04168	0.00165	0.00548	0.00296	0.00257	0.00618
45	0.81522	0.00988	0.00769	0.00679	0.01003	0.01129	0.00558	0.01498	0.00882	0.02272	0.00724	0.00845	0.00566	0.00472	0.00321	0.00155	0.00396	0.00279	0.00317	0.04627

[dist]
# distance from previous block
# <min> <max>
0	2

[block]
# block no. 1 follows, 48 sequences, length 29
# corresponding to MSA columns:
# 75-103
name=unknown_B
#
# <colnr> <probs for GDERKNQSTAVLIFYWHMCP>
#	G	D	E	R	K	N	Q	S	T	A	V	L	I	F	Y	W	H	M	C	P
0	0.01113	0.01067	0.01528	0.01297	0.01337	0.01435	0.03798	0.01252	0.00883	0.03102	0.08460	0.01416	0.01106	0.00890	0.01511	0.00215	0.68253	0.00504	0.00269	0.00565
1	0.00887	0.00774	0.01216	0.01667	0.31026	0.00749	0.02455	0.01074	0.01088	0.01482	0.03863	0.39454	0.10002	0.01095	0.00591	0.00181	0.00425	0.01004	0.00388	0.00579
2	0.00740	0.00556	0.00771	0.08706	0.01080	0.00580	0.00620	0.00872	0.00991	0.03447	0.02573	0.52491	0.09453	0.01635	0.08686	0.00263	0.04501	0.01157	0.00423	0.00458
3	0.02006	0.01347	0.01484	0.01138	0.01546	0.01458	0.00940	0.65192	0.02262	0.15310	0.01358	0.01314	0.00936	0.00619	0.00514	0.00155	0.00544	0.00471	0.00533	0.00873
4	0.02156	0.13704	0.01427	0.00907	0.01311	0.00955	0.00774	0.02349	0.01401	0.66842	0.01818	0.01601	0.01174	0.00604	0.00487	0.00151	0.00454	0.00478	0.00570	0.00839
5	0.01821	0.02250	0.01357	0.01238	0.01488	0.72005	0.00928	0.01964	0.01416	0.01321	0.00881	0.01024	0.00726	0.00536	0.00452	0.00131	0.00857	0.00345	0.08676	0.00583
6	0.00820	0.00657	0.00950	0.00908	0.00968	0.00809	0.00708	0.00952	0.00810	0.01178	0.01270	0.05095	0.01247	0.06854	0.52006	0.05555	0.17916	0.00569	0.00271	0.00457
7	0.00733	0.00550	0.00825	0.00825	0.00916	0.00641	0.00641	0.00916	0.00825	0.01191	0.01374	0.02016	0.01283	0.03848	0.79934	0.00825	0.01374	0.00550	0.00275	0.00458
8	0.00870	0.00578	0.00712	0.00679	0.00775	0.00626	0.00520	0.01079	0.01135	0.01787	0.25413	0.08622	0.02484	0.01015	0.04538	0.00188	0.10865	0.00694	0.36935	0.00485
9	0.18086	0.01120	0.01407	0.01334	0.10738	0.08902	0.14351	0.03078	0.07405	0.04588	0.05022	0.08279	0.12124	0.00728	0.00514	0.00165	0.00531	0.00635	0.00372	0.00623
10	0.00969	0.00912	0.01539	0.80734	0.03534	0.01140	0.01425	0.01311	0.01026	0.01311	0.00912	0.01368	0.00684	0.00513	0.00513	0.00171	0.00684	0.00456	0.00228	0.00570
11	0.01372	0.82276	0.02689	0.00878	0.01317	0.02030	0.00878	0.01536	0.01043	0.01207	0.00713	0.00823	0.00658	0.00439	0.00329	0.00110	0.00549	0.00274	0.00219	0.00658
12	0.15018	0.00906	0.01075	0.00818	0.01225	0.00791	0.00668	0.01894	0.01224	0.38179	0.01404	0.01348	0.00967	0.00515	0.00434	0.00128	0.00409	0.00400	0.00462	0.32133
13	0.00969	0.00912	0.01539	0.80734	0.03534	0.01140	0.01425	0.01311	0.01026	0.01311	0.00912	0.01368	0.00684	0.00513	0.00513	0.00171	0.00684	0.00456	0.00228	0.00570
14	0.00974	0.00918	0.01540	0.78350	0.03468	0.01153	0.01416	0.01309	0.01019	0.01309	0.00905	0.01361	0.00684	0.00525	0.00548	0.00173	0.03097	0.00456	0.00228	0.00570
15	0.00957	0.06381	0.57913	0.01256	0.01845	0.01066	0.01524	0.01421	0.01069	0.01538	0.01464	0.14485	0.05499	0.00714	0.00513	0.00168	0.00644	0.00590	0.00274	0.00679
16	0.00719	0.00524	0.00676	0.00638	0.00762	0.00481	0.00479	0.00955	0.01436	0.02019	0.74235	0.03897	0.09127	0.01064	0.00605	0.00162	0.00243	0.00937	0.00560	0.00481
17	0.01524	0.01152	0.03125	0.01388	0.07434	0.07743	0.19096	0.01899	0.09315	0.25239	0.02858	0.04707	0.04337	0.06964	0.00705	0.00190	0.00587	0.00602	0.00426	0.00709
18	0.01067	0.00921	0.01086	0.00786	0.01222	0.00723	0.00630	0.01289	0.01052	0.01653	0.00902	0.01067	0.00756	0.00403	0.00437	0.00082	0.03898	0.00310	0.00301	0.81416
19	0.01064	0.00912	0.01064	0.00760	0.01216	0.00684	0.00608	0.01292	0.01064	0.01672	0.00912	0.01064	0.00760	0.00380	0.00380	0.00076	0.00380	0.00304	0.00304	0.85104
20	0.00756	0.00572	0.00627	0.00602	0.00779	0.00506	0.00459	0.04069	0.01272	0.04659	0.16302	0.07434	0.55728	0.01220	0.00603	0.00173	0.00284	0.02981	0.00498	0.00478
21	0.01452	0.70468	0.02506	0.00944	0.01357	0.13549	0.00895	0.01612	0.01103	0.01214	0.00725	0.00838	0.00659	0.00452	0.00349	0.00113	0.00604	0.00283	0.00226	0.00649
22	0.00653	0.00458	0.00603	0.00695	0.00741	0.00428	0.00472	0.00769	0.01050	0.01436	0.12999	0.67763	0.03502	0.01490	0.00636	0.00198	0.00288	0.01346	0.04045	0.00428
23	0.00993	0.00783	0.00961	0.00855	0.01057	0.00816	0.03016	0.07756	0.21772	0.02145	0.46405	0.03110	0.03442	0.00915	0.00580	0.00167	0.00341	0.03742	0.00536	0.00609
24	0.01383	0.01448	0.12306	0.05169	0.13027	0.03186	0.29020	0.08903	0.07056	0.10034	0.01233	0.02761	0.00925	0.00528	0.00545	0.00165	0.00691	0.00531	0.00339	0.00751
25	0.01203	0.01341	0.08879	0.05386	0.08341	0.01164	0.49554	0.01603	0.01228	0.06046	0.08842	0.01616	0.01202	0.00516	0.00579	0.00168	0.00742	0.00596	0.00306	0.00691
26	0.01207	0.01223	0.02156	0.01999	0.20103	0.05558	0.35530	0.01600	0.05676	0.03706	0.07589	0.08563	0.01399	0.00617	0.00572	0.00168	0.00670	0.00652	0.00328	0.00686
27	0.00827	0.00704	0.01095	0.01441	0.23014	0.00676	0.03373	0.00993	0.01058	0.01431	0.02422	0.50060	0.08428	0.01216	0.00608	0.00189	0.00403	0.01115	0.00406	0.00540
28	0.07557	0.00848	0.01355	0.01303	0.09019	0.00841	0.17043	0.01324	0.08774	0.04028	0.03406	0.38164	0.02132	0.01020	0.00585	0.00185	0.00472	0.00956	0.00406	0.00581

[dist]
# distance from previous block
# <min> <max>
5	17

[block]
# block no. 2 follows, 48 sequences, length 13
# corresponding to MSA columns:
# 121-133
name=unknown_C
#
# <colnr> <probs for GDERKNQSTAVLIFYWHMCP>
#	G	D	E	R	K	N	Q	S	T	A	V	L	I	F	Y	W	H	M	C	P
0	0.07266	0.01212	0.06631	0.01048	0.02446	0.07779	0.02695	0.14118	0.07257	0.27099	0.14119	0.01816	0.01644	0.00671	0.00531	0.00159	0.01738	0.00539	0.00493	0.00742
1	0.07104	0.00925	0.01453	0.07380	0.35102	0.00939	0.04774	0.01287	0.01118	0.01644	0.15378	0.04009	0.01761	0.13971	0.00866	0.00215	0.00518	0.00610	0.00329	0.00619
2	0.01000	0.00887	0.13619	0.00874	0.01091	0.00606	0.00760	0.01193	0.01088	0.15692	0.02367	0.53705	0.02552	0.01245	0.00602	0.00192	0.00399	0.01108	0.00463	0.00557
3	0.16616	0.00927	0.01085	0.13865	0.01555	0.00845	0.00732	0.01335	0.01023	0.01729	0.00876	0.01071	0.00710	0.00420	0.00390	0.00107	0.00433	0.00324	0.00294	0.55664
4	0.01327	0.01095	0.01162	0.01013	0.01309	0.01237	0.00797	0.16191	0.54904	0.02288	0.05690	0.02095	0.07123	0.00741	0.00530	0.00170	0.00417	0.00611	0.00519	0.00781
5	0.14915	0.00925	0.01101	0.15475	0.01606	0.00845	0.00750	0.01331	0.01026	0.01709	0.00880	0.01082	0.00712	0.00420	0.00394	0.00107	0.00439	0.00328	0.00292	0.55664
6	0.56516	0.01240	0.00955	0.00833	0.01154	0.15590	0.00668	0.01771	0.01078	0.14713	0.00944	0.01000	0.00692	0.00512	0.00377	0.00154	0.00501	0.00327	0.00360	0.00615
7	0.15043	0.01049	0.01457	0.01673	0.27127	0.01066	0.07054	0.07028	0.08416	0.03780	0.01858	0.01943	0.15170	0.00648	0.00499	0.00158	0.00493	0.00561	0.00362	0.04614
8	0.04824	0.00752	0.00993	0.00859	0.01076	0.00724	0.07718	0.09098	0.03298	0.01846	0.22475	0.17486	0.15935	0.02487	0.00612	0.00174	0.00378	0.02190	0.00462	0.06613
9	0.00739	0.00524	0.00696	0.00696	0.00743	0.00571	0.00481	0.00834	0.00786	0.01096	0.01492	0.02669	0.01566	0.41853	0.42317	0.00665	0.00948	0.00645	0.00292	0.00387
10	0.10377	0.21886	0.01521	0.03101	0.04485	0.01221	0.00809	0.05447	0.04666	0.13951	0.01198	0.02682	0.00974	0.01158	0.15109	0.00267	0.03646	0.00429	0.00348	0.06728
11	0.00761	0.00484	0.00609	0.00609	0.00682	0.00454	0.00423	0.00713	0.00879	0.01108	0.02665	0.03043	0.31615	0.07453	0.05209	0.41494	0.00420	0.00724	0.00332	0.00323
12	0.16929	0.42605	0.01889	0.00851	0.01266	0.01547	0.00778	0.08627	0.01163	0.05275	0.00855	0.00946	0.00705	0.00462	0.00361	0.00120	0.00489	0.00309	0.00298	0.14524

[dist]
# distance from previous block
# <min> <max>
0	300

# created by:
# /st0/software/busco_prod/Augustus/scripts/msa2prfl.pl ./align_prep/72128.fa
