[name]
unknown

[dist]
# distance from previous block
# <min> <max>
0	184

[block]
# block no. 0 follows, 47 sequences, length 9
# corresponding to MSA columns:
# 195-203
name=unknown_A
#
# <colnr> <probs for GDERKNQSTAVLIFYWHMCP>
#	G	D	E	R	K	N	Q	S	T	A	V	L	I	F	Y	W	H	M	C	P
0	0.01417	0.07297	0.29928	0.01525	0.12090	0.06679	0.01373	0.17683	0.08414	0.03964	0.01121	0.01222	0.00836	0.00537	0.00491	0.00154	0.00650	0.00422	0.00335	0.03863
1	0.33344	0.04136	0.07503	0.01031	0.01412	0.14855	0.00893	0.22863	0.03621	0.04435	0.00979	0.01052	0.00733	0.00543	0.00429	0.00154	0.00579	0.00367	0.00372	0.00698
2	0.00720	0.00489	0.00579	0.00615	0.00624	0.00480	0.00366	0.00748	0.00829	0.01106	0.02010	0.26794	0.02359	0.57678	0.02055	0.00417	0.00444	0.00974	0.00366	0.00348
3	0.01262	0.12615	0.20190	0.01265	0.07756	0.09074	0.01122	0.05695	0.09968	0.01696	0.01172	0.06320	0.00996	0.00571	0.00466	0.00139	0.00584	0.00454	0.00315	0.18342
4	0.01283	0.01182	0.01841	0.02600	0.58101	0.01206	0.01371	0.06834	0.09980	0.01841	0.01474	0.01661	0.07153	0.00572	0.00526	0.00159	0.00563	0.00530	0.00325	0.00798
5	0.00971	0.00485	0.00485	0.00485	0.00607	0.00485	0.00364	0.01213	0.01092	0.01942	0.01699	0.01942	0.01335	0.00607	0.00364	0.00121	0.00243	0.00485	0.84589	0.00485
6	0.01349	0.01253	0.01963	0.02491	0.48448	0.01369	0.04271	0.11819	0.01277	0.01820	0.00956	0.01256	0.00801	0.00581	0.00777	0.00171	0.17867	0.00469	0.00288	0.00774
7	0.00983	0.00926	0.01562	0.80447	0.03587	0.01157	0.01446	0.01331	0.01041	0.01331	0.00926	0.01388	0.00694	0.00521	0.00521	0.00174	0.00694	0.00463	0.00231	0.00579
8	0.01671	0.43529	0.02164	0.01049	0.01469	0.07868	0.00940	0.31775	0.01649	0.02055	0.00942	0.01010	0.00756	0.00525	0.00420	0.00131	0.00593	0.00359	0.00346	0.00751

[dist]
# distance from previous block
# <min> <max>
0	1

[block]
# block no. 1 follows, 47 sequences, length 43
# corresponding to MSA columns:
# 205-247
name=unknown_B
#
# <colnr> <probs for GDERKNQSTAVLIFYWHMCP>
#	G	D	E	R	K	N	Q	S	T	A	V	L	I	F	Y	W	H	M	C	P
0	0.01731	0.02633	0.03650	0.01138	0.09229	0.00874	0.00850	0.05006	0.02771	0.37576	0.01487	0.01442	0.01032	0.00534	0.00474	0.00132	0.00459	0.00438	0.00468	0.28076
1	0.01678	0.24192	0.02074	0.01316	0.01693	0.32949	0.14741	0.03112	0.01323	0.09300	0.01000	0.02540	0.00809	0.00526	0.00468	0.00140	0.00753	0.00413	0.00301	0.00670
2	0.00756	0.00511	0.00601	0.00601	0.00613	0.00523	0.00357	0.00779	0.00767	0.01034	0.01611	0.03240	0.01820	0.72120	0.12129	0.00546	0.00614	0.00733	0.00311	0.00334
3	0.01520	0.51613	0.02264	0.01065	0.01416	0.23585	0.00948	0.01673	0.01148	0.01242	0.00742	0.00895	0.00671	0.00519	0.00512	0.00130	0.08868	0.00312	0.00236	0.00640
4	0.04419	0.09478	0.02175	0.02426	0.45800	0.01274	0.13761	0.01719	0.01207	0.11164	0.01089	0.01305	0.00851	0.00481	0.00507	0.00155	0.00626	0.00471	0.00305	0.00787
5	0.00971	0.00485	0.00485	0.00485	0.00607	0.00485	0.00364	0.01213	0.01092	0.01942	0.01699	0.01942	0.01335	0.00607	0.00364	0.00121	0.00243	0.00485	0.84589	0.00485
6	0.00660	0.00471	0.00633	0.00754	0.00795	0.00445	0.00527	0.00769	0.01022	0.01358	0.02856	0.72064	0.03389	0.01608	0.00671	0.00215	0.00324	0.10526	0.00483	0.00430
7	0.09862	0.00806	0.01049	0.16775	0.01543	0.00841	0.00785	0.07728	0.01412	0.17005	0.33499	0.02444	0.02580	0.00777	0.00540	0.00164	0.00418	0.00657	0.00488	0.00626
8	0.01454	0.33627	0.03891	0.01730	0.21428	0.07846	0.10431	0.10745	0.01315	0.01664	0.00905	0.01086	0.00750	0.00479	0.00452	0.00139	0.00649	0.00397	0.00277	0.00736
9	0.02336	0.00886	0.01209	0.00927	0.01329	0.00765	0.00765	0.02538	0.01491	0.78810	0.02055	0.01773	0.01289	0.00645	0.00524	0.00161	0.00443	0.00524	0.00645	0.00886
10	0.00706	0.00531	0.00653	0.00622	0.00759	0.00478	0.00467	0.00922	0.01400	0.01913	0.59412	0.04179	0.23786	0.01130	0.00615	0.00167	0.00250	0.00982	0.00550	0.00478
11	0.01603	0.02563	0.30974	0.01396	0.01855	0.49777	0.01355	0.01916	0.01333	0.01417	0.00854	0.01000	0.00667	0.00521	0.00479	0.00146	0.00875	0.00354	0.00250	0.00667
12	0.19192	0.01783	0.23575	0.01324	0.06868	0.17435	0.04159	0.01602	0.01161	0.01733	0.08431	0.01384	0.02529	0.00596	0.00556	0.00162	0.06131	0.00439	0.00296	0.00646
13	0.02263	0.01004	0.01282	0.00983	0.01388	0.00941	0.00812	0.17857	0.01688	0.63212	0.01888	0.01665	0.01206	0.00641	0.00523	0.00160	0.00470	0.00512	0.00619	0.00886
14	0.00632	0.00501	0.00556	0.00596	0.00711	0.00439	0.00419	0.00741	0.01093	0.01353	0.04220	0.30132	0.48045	0.07182	0.00778	0.00211	0.00294	0.01201	0.00471	0.00425
15	0.01091	0.01107	0.02140	0.12728	0.18052	0.01092	0.34204	0.01434	0.01203	0.01650	0.10826	0.09194	0.01549	0.00645	0.00586	0.00173	0.00666	0.00685	0.00317	0.00658
16	0.01003	0.00725	0.01022	0.00920	0.01100	0.00711	0.08602	0.01367	0.12970	0.09466	0.09176	0.27499	0.08480	0.11038	0.00862	0.00227	0.00417	0.03385	0.00471	0.00558
17	0.00662	0.00465	0.00596	0.00690	0.00713	0.00441	0.00446	0.00732	0.00943	0.01257	0.02593	0.63785	0.03095	0.19682	0.01112	0.00278	0.00348	0.01317	0.00446	0.00399
18	0.01258	0.01206	0.02059	0.10886	0.70998	0.01229	0.01583	0.01572	0.01171	0.01664	0.00974	0.01299	0.00812	0.00470	0.00516	0.00157	0.00626	0.00464	0.00255	0.00800
19	0.03106	0.45785	0.02073	0.00957	0.01368	0.10891	0.00859	0.06220	0.05403	0.07888	0.00974	0.01039	0.00793	0.00492	0.00393	0.00121	0.00563	0.00337	0.00309	0.10428
20	0.85377	0.01007	0.00765	0.00685	0.01007	0.01168	0.00564	0.01531	0.00886	0.02336	0.00725	0.00846	0.00564	0.00483	0.00322	0.00161	0.00403	0.00282	0.00322	0.00564
21	0.01682	0.02075	0.01301	0.01218	0.01438	0.63710	0.00901	0.01808	0.01380	0.01286	0.01220	0.17084	0.01228	0.00756	0.00509	0.00150	0.00811	0.00565	0.00312	0.00567
22	0.01227	0.01259	0.06610	0.03822	0.57098	0.01125	0.01419	0.01540	0.01157	0.01691	0.00965	0.01237	0.00802	0.00451	0.00488	0.00140	0.00582	0.00428	0.00265	0.17693
23	0.01214	0.09362	0.54593	0.01309	0.01938	0.01169	0.01578	0.01692	0.01154	0.11102	0.01240	0.01647	0.00977	0.00605	0.00507	0.00167	0.00681	0.08021	0.00299	0.00745
24	0.00740	0.00498	0.00573	0.00590	0.00594	0.00493	0.00339	0.00753	0.00791	0.01055	0.01814	0.14399	0.02112	0.70409	0.02371	0.00464	0.00476	0.00859	0.00339	0.00331
25	0.68245	0.01235	0.04073	0.00826	0.01142	0.09222	0.00700	0.01575	0.00950	0.02133	0.00739	0.00884	0.00586	0.00516	0.00429	0.00163	0.05397	0.00302	0.00307	0.00577
26	0.00660	0.00532	0.00593	0.00611	0.00763	0.00465	0.00469	0.00816	0.01211	0.01506	0.14002	0.10447	0.54353	0.01324	0.00632	0.00185	0.00291	0.10199	0.00494	0.00450
27	0.00943	0.00778	0.00934	0.00765	0.01091	0.00613	0.00586	0.01134	0.01060	0.01586	0.01551	0.24387	0.01621	0.00782	0.00478	0.00122	0.00365	0.03310	0.00365	0.57529
28	0.01053	0.00867	0.01017	0.00750	0.01166	0.00663	0.00597	0.01279	0.01129	0.03563	0.07662	0.01572	0.05877	0.00506	0.00422	0.00092	0.00368	0.00415	0.00349	0.70652
29	0.00627	0.00481	0.00575	0.00650	0.00736	0.00429	0.00450	0.00734	0.01069	0.01359	0.03785	0.52309	0.31903	0.01513	0.00646	0.00198	0.00288	0.01335	0.00483	0.00429
30	0.01195	0.36973	0.46038	0.01228	0.01857	0.01577	0.01478	0.01610	0.01082	0.01466	0.00844	0.00985	0.00663	0.00473	0.00425	0.00142	0.00678	0.00339	0.00221	0.00726
31	0.01080	0.00926	0.01080	0.00771	0.01234	0.00694	0.00617	0.01311	0.01080	0.01697	0.00926	0.01080	0.00771	0.00386	0.00386	0.00077	0.00386	0.00309	0.00309	0.84882
32	0.00678	0.00485	0.00651	0.00726	0.00766	0.00487	0.00495	0.00776	0.00924	0.01253	0.02347	0.51391	0.02721	0.14559	0.18776	0.00398	0.00580	0.01160	0.00411	0.00416
33	0.01496	0.00978	0.01285	0.01187	0.06787	0.01067	0.02122	0.10150	0.11659	0.22568	0.01689	0.11513	0.01446	0.07566	0.00942	0.00210	0.15526	0.00648	0.00456	0.00706
34	0.00688	0.00530	0.00629	0.00604	0.00748	0.00471	0.00453	0.00888	0.01359	0.01815	0.48985	0.04339	0.34274	0.01166	0.00615	0.00169	0.00253	0.01005	0.00537	0.00471
35	0.01307	0.24273	0.11545	0.01908	0.33682	0.01358	0.01264	0.01598	0.01190	0.07125	0.08877	0.01437	0.01212	0.00537	0.00472	0.00145	0.00569	0.00455	0.00303	0.00744
36	0.01564	0.01272	0.01763	0.01738	0.19713	0.01374	0.08834	0.34536	0.04421	0.04891	0.01196	0.01376	0.00920	0.00866	0.07213	0.00221	0.06418	0.00495	0.00396	0.00793
37	0.01001	0.00648	0.00789	0.00786	0.00933	0.00629	0.00573	0.07435	0.06688	0.11104	0.02913	0.48652	0.13154	0.01317	0.00619	0.00193	0.00345	0.01162	0.00510	0.00550
38	0.01148	0.09328	0.13182	0.00891	0.01206	0.00898	0.00832	0.06254	0.04151	0.11458	0.41257	0.02645	0.02997	0.00820	0.00547	0.00158	0.00410	0.00693	0.00486	0.00638
39	0.01094	0.00782	0.00848	0.00746	0.00993	0.00764	0.00584	0.12973	0.10828	0.09754	0.08401	0.03650	0.44440	0.01051	0.00581	0.00171	0.00347	0.00870	0.00517	0.00605
40	0.01368	0.38996	0.25131	0.01153	0.01655	0.14058	0.01212	0.01769	0.07513	0.01439	0.00916	0.01023	0.00743	0.00496	0.00420	0.00136	0.00669	0.00345	0.00255	0.00701
41	0.01660	0.01121	0.01688	0.01319	0.01640	0.01201	0.16090	0.06929	0.13131	0.29049	0.01502	0.01548	0.01073	0.00672	0.00810	0.00181	0.18637	0.00533	0.00448	0.00768
42	0.53424	0.00967	0.00871	0.00752	0.01080	0.01051	0.00609	0.01712	0.10420	0.10022	0.01376	0.01394	0.06348	0.00579	0.00395	0.00157	0.00397	0.00405	0.00391	0.07652

[dist]
# distance from previous block
# <min> <max>
0	2

[block]
# block no. 2 follows, 47 sequences, length 18
# corresponding to MSA columns:
# 250-267
name=unknown_C
#
# <colnr> <probs for GDERKNQSTAVLIFYWHMCP>
#	G	D	E	R	K	N	Q	S	T	A	V	L	I	F	Y	W	H	M	C	P
0	0.08240	0.01865	0.01393	0.01205	0.01521	0.39613	0.00937	0.21724	0.14822	0.02038	0.01143	0.01187	0.00878	0.00585	0.00482	0.00149	0.00711	0.00410	0.00384	0.00713
1	0.01873	0.01262	0.09026	0.01215	0.07406	0.01083	0.00990	0.23695	0.01656	0.34101	0.01492	0.01434	0.01012	0.00579	0.00503	0.00149	0.00519	0.00464	0.00497	0.11043
2	0.01339	0.01392	0.01199	0.00942	0.01347	0.24360	0.00734	0.01542	0.01199	0.01570	0.00889	0.01038	0.00741	0.00431	0.00411	0.00094	0.00552	0.00317	0.00296	0.59608
3	0.00658	0.00521	0.00540	0.00540	0.00663	0.00459	0.00372	0.00750	0.01058	0.01288	0.04186	0.04531	0.55343	0.25424	0.01226	0.00275	0.00336	0.00997	0.00433	0.00402
4	0.01496	0.01664	0.01435	0.01595	0.18402	0.36944	0.01015	0.01856	0.12453	0.01470	0.01164	0.01492	0.01009	0.08797	0.06775	0.00235	0.00783	0.00460	0.00310	0.00646
5	0.00645	0.00460	0.00616	0.00737	0.00771	0.00432	0.00501	0.00743	0.01007	0.01341	0.02865	0.77642	0.03422	0.01622	0.00667	0.00213	0.00311	0.05097	0.00483	0.00426
6	0.01096	0.01041	0.01765	0.51960	0.31193	0.01187	0.01502	0.01429	0.01095	0.01467	0.00946	0.01352	0.00742	0.00500	0.00519	0.00167	0.00666	0.00463	0.00241	0.00669
7	0.01454	0.01421	0.02620	0.01896	0.02390	0.01406	0.53896	0.24173	0.01595	0.02152	0.01113	0.01358	0.00819	0.00495	0.00586	0.00170	0.00787	0.00571	0.00341	0.00757
8	0.01728	0.01101	0.01362	0.01117	0.01393	0.01244	0.00914	0.14628	0.18637	0.28568	0.01576	0.01558	0.01131	0.00725	0.00835	0.00181	0.21512	0.00511	0.00489	0.00789
9	0.00691	0.00480	0.00604	0.00681	0.00705	0.00463	0.00442	0.00757	0.00920	0.01225	0.02412	0.48428	0.02849	0.31068	0.01398	0.00321	0.00387	0.05362	0.00421	0.00387
10	0.01254	0.01177	0.01681	0.09965	0.41225	0.04062	0.01272	0.01898	0.23643	0.01811	0.05655	0.01625	0.01262	0.00577	0.00524	0.00163	0.00556	0.00523	0.00353	0.00774
11	0.14202	0.02265	0.01371	0.01245	0.01521	0.68084	0.00941	0.01999	0.01389	0.01431	0.00793	0.00925	0.00655	0.00529	0.00448	0.00138	0.00860	0.00328	0.00276	0.00598
12	0.00890	0.00751	0.00807	0.00783	0.00928	0.06023	0.00579	0.01305	0.14678	0.01856	0.40294	0.20131	0.06741	0.01099	0.00601	0.00175	0.00335	0.00961	0.00522	0.00540
13	0.01091	0.17293	0.01903	0.12459	0.20606	0.01195	0.12316	0.01353	0.01143	0.01500	0.05380	0.09711	0.08900	0.00714	0.00528	0.00162	0.00568	0.02225	0.00313	0.00640
14	0.00700	0.00509	0.00647	0.00655	0.00750	0.00469	0.00468	0.00877	0.01272	0.01749	0.46021	0.24279	0.11543	0.06750	0.00767	0.00201	0.00280	0.01086	0.00523	0.00456
15	0.01487	0.01397	0.01441	0.01231	0.01434	0.14013	0.00989	0.21397	0.14320	0.01949	0.01218	0.05794	0.01043	0.00782	0.00940	0.00184	0.28792	0.00520	0.00377	0.00693
16	0.22795	0.34786	0.01822	0.05934	0.01383	0.01614	0.00888	0.01444	0.00946	0.01522	0.00756	0.00990	0.00673	0.00706	0.03913	0.00184	0.18446	0.00342	0.00252	0.00606
17	0.00708	0.00511	0.00685	0.00797	0.00869	0.00488	0.00607	0.00855	0.01083	0.01418	0.02985	0.49012	0.08125	0.01541	0.00681	0.00219	0.00364	0.28126	0.00482	0.00445

[dist]
# distance from previous block
# <min> <max>
0	1

[block]
# block no. 3 follows, 47 sequences, length 14
# corresponding to MSA columns:
# 269-282
name=unknown_D
#
# <colnr> <probs for GDERKNQSTAVLIFYWHMCP>
#	G	D	E	R	K	N	Q	S	T	A	V	L	I	F	Y	W	H	M	C	P
0	0.01748	0.01344	0.01432	0.01151	0.01527	0.01507	0.00934	0.51683	0.27856	0.02908	0.01545	0.01485	0.01124	0.00653	0.00524	0.00163	0.00519	0.00509	0.00524	0.00865
1	0.01252	0.01444	0.15417	0.01410	0.08606	0.03315	0.06089	0.04355	0.42607	0.01973	0.01715	0.01909	0.01348	0.00670	0.00538	0.00175	0.00549	0.05427	0.00421	0.00780
2	0.01535	0.01162	0.01280	0.01028	0.01381	0.01223	0.00842	0.44567	0.06902	0.02631	0.06728	0.02113	0.06465	0.00746	0.00533	0.00156	0.00486	0.07293	0.00489	0.12440
3	0.01243	0.01192	0.01668	0.02208	0.42007	0.06625	0.01266	0.01682	0.12528	0.01675	0.01461	0.02075	0.03098	0.00702	0.00654	0.00175	0.07862	0.10819	0.00333	0.00729
4	0.00660	0.00529	0.00590	0.00575	0.00731	0.00459	0.00431	0.00835	0.01293	0.01659	0.32266	0.04596	0.51091	0.01225	0.00615	0.00171	0.00257	0.01041	0.00517	0.00459
5	0.01095	0.01029	0.01829	0.01718	0.15437	0.01011	0.26593	0.08137	0.01276	0.01748	0.07736	0.24717	0.01901	0.00865	0.00625	0.00181	0.02242	0.00848	0.00374	0.00640
6	0.01047	0.00990	0.01676	0.64469	0.19071	0.01174	0.01478	0.01386	0.01071	0.01407	0.00937	0.01368	0.00721	0.00509	0.00520	0.00170	0.00679	0.00463	0.00237	0.00629
7	0.00801	0.00615	0.00837	0.00834	0.00948	0.00690	0.00636	0.01148	0.11011	0.01433	0.08670	0.13201	0.01965	0.02911	0.51088	0.00602	0.01010	0.00725	0.00367	0.00509
8	0.01333	0.00967	0.01572	0.50404	0.15052	0.01083	0.01319	0.01642	0.01164	0.18629	0.01185	0.01458	0.00847	0.00539	0.00521	0.00168	0.00626	0.00477	0.00328	0.00686
9	0.01221	0.01034	0.01093	0.00992	0.01245	0.01186	0.00754	0.02488	0.66863	0.02016	0.02053	0.02146	0.01632	0.11940	0.00824	0.00222	0.00425	0.00612	0.00500	0.00754
10	0.01348	0.47558	0.02467	0.01874	0.34228	0.01709	0.01193	0.01576	0.01113	0.01428	0.00833	0.01029	0.00735	0.00453	0.00412	0.00130	0.00583	0.00358	0.00238	0.00735
11	0.00679	0.00472	0.00591	0.00668	0.00688	0.00453	0.00423	0.00737	0.00910	0.01214	0.02426	0.53202	0.02884	0.30552	0.01382	0.00317	0.00375	0.01219	0.00423	0.00384
12	0.01448	0.37386	0.10579	0.01533	0.17445	0.18244	0.01172	0.01724	0.03454	0.01409	0.00858	0.01013	0.00728	0.00482	0.00424	0.00133	0.00670	0.00350	0.00249	0.00703
13	0.01379	0.12586	0.02125	0.02661	0.58837	0.10446	0.01431	0.01649	0.01202	0.01586	0.00924	0.01185	0.00785	0.00470	0.00485	0.00146	0.00647	0.00423	0.00254	0.00778

[dist]
# distance from previous block
# <min> <max>
0	1

[block]
# block no. 4 follows, 47 sequences, length 56
# corresponding to MSA columns:
# 284-339
name=unknown_E
#
# <colnr> <probs for GDERKNQSTAVLIFYWHMCP>
#	G	D	E	R	K	N	Q	S	T	A	V	L	I	F	Y	W	H	M	C	P
0	0.00849	0.00699	0.00927	0.00883	0.00898	0.00845	0.00647	0.00923	0.00833	0.01179	0.01600	0.20641	0.01815	0.30334	0.08973	0.00379	0.26005	0.00811	0.00323	0.00435
1	0.22238	0.00656	0.00691	0.00690	0.00868	0.00652	0.00513	0.01126	0.01065	0.09804	0.02799	0.34869	0.19834	0.01164	0.00552	0.00185	0.00334	0.00988	0.00460	0.00512
2	0.00802	0.00547	0.00619	0.00620	0.00783	0.00470	0.00457	0.00931	0.01171	0.09581	0.04326	0.23974	0.51180	0.01327	0.00618	0.00183	0.00292	0.01135	0.00501	0.00483
3	0.00990	0.00914	0.01419	0.10291	0.38704	0.00906	0.01097	0.01240	0.01193	0.01594	0.08298	0.02738	0.26903	0.00801	0.00557	0.00164	0.00480	0.00712	0.00354	0.00645
4	0.01169	0.00585	0.00701	0.00653	0.00811	0.00555	0.00485	0.01381	0.02737	0.18022	0.10046	0.14080	0.02081	0.09258	0.00710	0.00189	0.00325	0.00720	0.34940	0.00551
5	0.01179	0.33353	0.49518	0.01255	0.01899	0.01538	0.01525	0.01614	0.01083	0.01485	0.00853	0.00997	0.00663	0.00476	0.00433	0.00144	0.00687	0.00344	0.00221	0.00730
6	0.23169	0.01115	0.01187	0.00948	0.01307	0.01187	0.00777	0.32484	0.01727	0.20433	0.09310	0.01543	0.01317	0.00639	0.00481	0.00159	0.00466	0.00483	0.00504	0.00763
7	0.00944	0.00860	0.01322	0.13087	0.26430	0.00900	0.01970	0.01161	0.01107	0.01484	0.04595	0.15342	0.19319	0.02379	0.00696	0.00184	0.06477	0.00798	0.00352	0.00594
8	0.01066	0.00904	0.00949	0.00873	0.01106	0.00995	0.00662	0.02044	0.50085	0.01860	0.02867	0.02874	0.21003	0.09435	0.00776	0.00211	0.00384	0.00736	0.00495	0.00673
9	0.02878	0.40141	0.02078	0.01284	0.13922	0.09802	0.00949	0.01563	0.01125	0.01438	0.00821	0.00977	0.00716	0.00445	0.00390	0.00114	0.00565	0.00322	0.00255	0.20216
10	0.01045	0.01199	0.09903	0.39877	0.10069	0.01133	0.17321	0.01424	0.01147	0.01551	0.09136	0.01617	0.01170	0.00553	0.00547	0.00170	0.00686	0.00538	0.00276	0.00639
11	0.00731	0.00579	0.00639	0.00633	0.00770	0.00546	0.00455	0.00999	0.09098	0.01542	0.17164	0.12335	0.37896	0.13201	0.00914	0.00227	0.00316	0.01007	0.00479	0.00469
12	0.01278	0.01868	0.31237	0.01661	0.02239	0.01319	0.29333	0.12940	0.09301	0.01954	0.01149	0.01323	0.00838	0.00516	0.00547	0.00169	0.00743	0.00504	0.00313	0.00768
13	0.00757	0.00541	0.00677	0.00739	0.00817	0.00525	0.00560	0.00884	0.01027	0.01327	0.02769	0.12908	0.13868	0.28409	0.01347	0.00316	0.00437	0.31254	0.00425	0.00413
14	0.00807	0.00587	0.00683	0.00653	0.00818	0.00540	0.00491	0.01083	0.07004	0.05911	0.32261	0.10075	0.34821	0.01164	0.00607	0.00173	0.00281	0.01000	0.00530	0.00511
15	0.85377	0.01007	0.00765	0.00685	0.01007	0.01168	0.00564	0.01531	0.00886	0.02336	0.00725	0.00846	0.00564	0.00483	0.00322	0.00161	0.00403	0.00282	0.00322	0.00564
16	0.01525	0.51325	0.06044	0.01050	0.01449	0.25945	0.00964	0.01703	0.01193	0.01266	0.00882	0.00993	0.02755	0.00500	0.00391	0.00123	0.00678	0.00323	0.00244	0.00647
17	0.00744	0.00558	0.00837	0.00837	0.00930	0.00651	0.00651	0.00930	0.00837	0.01209	0.01395	0.02046	0.01302	0.03906	0.79635	0.00837	0.01395	0.00558	0.00279	0.00465
18	0.01233	0.01792	0.33128	0.01401	0.07503	0.01275	0.01342	0.06584	0.36096	0.01991	0.01498	0.01508	0.01110	0.00597	0.00514	0.00169	0.00583	0.00489	0.00382	0.00806
19	0.00839	0.00599	0.00839	0.00959	0.01079	0.00599	0.00839	0.01079	0.01199	0.01558	0.02757	0.05874	0.02997	0.01439	0.00719	0.00240	0.00480	0.74945	0.00480	0.00480
20	0.01790	0.26454	0.01896	0.01145	0.01528	0.23897	0.00964	0.32472	0.01746	0.02081	0.00962	0.01035	0.00758	0.00545	0.00449	0.00136	0.00672	0.00373	0.00358	0.00739
21	0.85377	0.01007	0.00765	0.00685	0.01007	0.01168	0.00564	0.01531	0.00886	0.02336	0.00725	0.00846	0.00564	0.00483	0.00322	0.00161	0.00403	0.00282	0.00322	0.00564
22	0.01093	0.01037	0.01760	0.52735	0.30442	0.01186	0.01501	0.01427	0.01093	0.01464	0.00945	0.01353	0.00741	0.00500	0.00519	0.00167	0.00667	0.00463	0.00241	0.00667
23	0.00653	0.00536	0.00579	0.00587	0.00751	0.00462	0.00453	0.00809	0.01221	0.01501	0.13413	0.04972	0.61958	0.01302	0.00626	0.00181	0.00284	0.08767	0.00494	0.00450
24	0.00666	0.00473	0.00617	0.00696	0.00740	0.00444	0.00467	0.00775	0.01057	0.01431	0.16209	0.59251	0.03543	0.10006	0.00866	0.00234	0.00313	0.01308	0.00482	0.00424
25	0.00685	0.00492	0.00650	0.00690	0.00767	0.00457	0.00487	0.00853	0.01234	0.01706	0.40263	0.42891	0.04174	0.01350	0.00640	0.00188	0.00274	0.01213	0.00528	0.00457
26	0.00634	0.00453	0.00604	0.00725	0.00755	0.00423	0.00483	0.00725	0.00997	0.01329	0.02870	0.81358	0.03444	0.01632	0.00665	0.00211	0.00302	0.01480	0.00483	0.00423
27	0.01173	0.00923	0.01089	0.00783	0.01241	0.00699	0.00628	0.01402	0.01110	0.07404	0.01009	0.01131	0.00810	0.00405	0.00396	0.00083	0.00390	0.00324	0.00333	0.78666
28	0.00615	0.00528	0.00528	0.00528	0.00703	0.00440	0.00396	0.00747	0.01187	0.01407	0.05276	0.05012	0.78238	0.01319	0.00615	0.00176	0.00264	0.01099	0.00484	0.00440
29	0.01397	0.07468	0.09457	0.01127	0.01493	0.07173	0.00975	0.10337	0.50267	0.02102	0.01703	0.01625	0.01281	0.00644	0.00506	0.00165	0.00516	0.00513	0.00454	0.00797
30	0.85377	0.01007	0.00765	0.00685	0.01007	0.01168	0.00564	0.01531	0.00886	0.02336	0.00725	0.00846	0.00564	0.00483	0.00322	0.00161	0.00403	0.00282	0.00322	0.00564
31	0.10042	0.01507	0.13060	0.01566	0.14623	0.10774	0.04484	0.07089	0.02223	0.01773	0.09070	0.01426	0.01169	0.00655	0.00763	0.00173	0.18146	0.00475	0.00310	0.00671
32	0.85377	0.01007	0.00765	0.00685	0.01007	0.01168	0.00564	0.01531	0.00886	0.02336	0.00725	0.00846	0.00564	0.00483	0.00322	0.00161	0.00403	0.00282	0.00322	0.00564
33	0.01074	0.01004	0.01624	0.25436	0.38803	0.02159	0.01306	0.01356	0.01140	0.01551	0.05577	0.11258	0.04132	0.00687	0.00543	0.00168	0.00574	0.00634	0.00303	0.00668
34	0.04772	0.00851	0.01030	0.00838	0.01156	0.00821	0.00677	0.07194	0.09345	0.43479	0.01870	0.01766	0.01279	0.00634	0.00476	0.00152	0.00396	0.00509	0.21988	0.00766
35	0.01877	0.02352	0.01542	0.01535	0.09608	0.71450	0.01068	0.02029	0.01446	0.01319	0.00823	0.00976	0.00687	0.00529	0.00474	0.00136	0.00906	0.00349	0.00267	0.00627
36	0.00663	0.00524	0.00599	0.00601	0.00744	0.00460	0.00449	0.00831	0.01261	0.01623	0.28362	0.12140	0.45016	0.01272	0.00623	0.00177	0.00269	0.03417	0.00512	0.00456
37	0.01278	0.01075	0.01147	0.01035	0.01311	0.01228	0.00801	0.08084	0.63932	0.02173	0.02133	0.10157	0.01730	0.00797	0.00543	0.00179	0.00413	0.00673	0.00524	0.00787
38	0.00687	0.00490	0.00664	0.00785	0.00838	0.00468	0.00574	0.00815	0.01048	0.01388	0.02841	0.62138	0.03330	0.01582	0.00679	0.00219	0.00347	0.20187	0.00482	0.00437
39	0.00982	0.00925	0.01100	0.01146	0.09085	0.06722	0.00798	0.01246	0.06860	0.01574	0.17092	0.11059	0.18573	0.01015	0.00846	0.00184	0.19027	0.00799	0.00406	0.00559
40	0.01607	0.18655	0.01756	0.19594	0.02012	0.45291	0.01084	0.01798	0.01288	0.01277	0.00816	0.01022	0.00676	0.00514	0.00453	0.00139	0.00803	0.00353	0.00250	0.00611
41	0.01072	0.00807	0.00930	0.00873	0.01071	0.00862	0.00660	0.02960	0.34757	0.06506	0.21643	0.20836	0.02838	0.01007	0.00582	0.00180	0.00349	0.00880	0.00537	0.00651
42	0.07505	0.01147	0.01815	0.06585	0.48975	0.01186	0.05766	0.01638	0.09231	0.01748	0.01396	0.01610	0.06604	0.00564	0.00537	0.00163	0.01953	0.00519	0.00307	0.00752
43	0.09801	0.00760	0.00795	0.00722	0.00963	0.00759	0.00562	0.02989	0.17402	0.09949	0.09106	0.03427	0.38791	0.00998	0.00555	0.00172	0.00334	0.00821	0.00501	0.00594
44	0.00927	0.01535	0.32933	0.01180	0.01512	0.01022	0.01226	0.01245	0.01028	0.01499	0.07143	0.24166	0.01773	0.00957	0.00834	0.00193	0.19145	0.00754	0.00323	0.00604
45	0.01235	0.00971	0.01336	0.01143	0.01216	0.01241	0.00929	0.01364	0.00968	0.12855	0.09190	0.01761	0.01347	0.09297	0.01515	0.00240	0.51925	0.00549	0.00336	0.00582
46	0.01118	0.24492	0.25643	0.33640	0.02539	0.01430	0.01435	0.01493	0.01064	0.01398	0.00871	0.01143	0.00676	0.00491	0.00460	0.00153	0.00678	0.00387	0.00225	0.00663
47	0.13264	0.00551	0.00653	0.00744	0.00827	0.00553	0.00533	0.00882	0.01002	0.01503	0.02539	0.61389	0.02968	0.01440	0.00620	0.00207	0.00336	0.09079	0.00459	0.00450
48	0.00751	0.00670	0.00900	0.29197	0.01734	0.00699	0.00770	0.00957	0.01123	0.01369	0.03617	0.03669	0.48368	0.03194	0.00636	0.00184	0.00425	0.00862	0.00389	0.00486
49	0.85377	0.01007	0.00765	0.00685	0.01007	0.01168	0.00564	0.01531	0.00886	0.02336	0.00725	0.00846	0.00564	0.00483	0.00322	0.00161	0.00403	0.00282	0.00322	0.00564
50	0.01126	0.11691	0.50273	0.01593	0.13373	0.01260	0.01615	0.01595	0.01105	0.01612	0.00915	0.01094	0.00697	0.00473	0.00467	0.00148	0.00681	0.00376	0.00235	0.09670
51	0.00862	0.00682	0.00859	0.00761	0.00983	0.00604	0.00571	0.01028	0.00969	0.01421	0.01568	0.18632	0.01634	0.10030	0.20867	0.00347	0.00639	0.02203	0.00342	0.34998
52	0.00750	0.00525	0.00662	0.00652	0.00709	0.00528	0.00442	0.00866	0.01007	0.01397	0.25778	0.03374	0.02767	0.40750	0.15544	0.00450	0.00579	0.02424	0.00394	0.00401
53	0.01057	0.02380	0.65277	0.01402	0.02076	0.01176	0.01732	0.01728	0.09195	0.01699	0.01188	0.01524	0.00922	0.00583	0.00514	0.00171	0.00711	0.05639	0.00271	0.00755
54	0.01157	0.01284	0.09940	0.29704	0.43500	0.01208	0.02711	0.01512	0.01128	0.01567	0.00957	0.01305	0.00762	0.00486	0.00517	0.00163	0.00664	0.00458	0.00245	0.00732
55	0.01640	0.36506	0.02080	0.01341	0.09491	0.38148	0.01018	0.01806	0.01266	0.01298	0.00788	0.00931	0.00686	0.00490	0.00416	0.00127	0.00742	0.00324	0.00248	0.00654

[dist]
# distance from previous block
# <min> <max>
0	1

[block]
# block no. 5 follows, 47 sequences, length 28
# corresponding to MSA columns:
# 341-354,356-369
name=unknown_F
#
# <colnr> <probs for GDERKNQSTAVLIFYWHMCP>
#	G	D	E	R	K	N	Q	S	T	A	V	L	I	F	Y	W	H	M	C	P
0	0.76935	0.01047	0.00997	0.00836	0.01179	0.01183	0.08187	0.01545	0.00921	0.02269	0.00758	0.00902	0.00587	0.00479	0.00352	0.00163	0.00451	0.00315	0.00316	0.00578
1	0.01017	0.01678	0.33375	0.12012	0.01857	0.08816	0.01266	0.01411	0.01253	0.01705	0.26058	0.02119	0.03867	0.00707	0.00537	0.00163	0.00595	0.00588	0.00347	0.00629
2	0.01252	0.01229	0.02088	0.06150	0.35383	0.01262	0.20225	0.01841	0.17739	0.01768	0.01235	0.01456	0.00971	0.00522	0.00569	0.00166	0.02551	0.00525	0.00317	0.02751
3	0.00747	0.00547	0.00781	0.00781	0.00855	0.00621	0.00581	0.00894	0.00820	0.01168	0.01446	0.02328	0.01424	0.20032	0.63676	0.00768	0.01210	0.00599	0.00287	0.00434
4	0.00767	0.00573	0.00739	0.00809	0.00945	0.00544	0.00682	0.00978	0.01223	0.01570	0.11019	0.05437	0.23980	0.01368	0.00680	0.00214	0.00396	0.47116	0.00490	0.00470
5	0.01088	0.06419	0.09460	0.34785	0.11369	0.01335	0.01372	0.01377	0.00993	0.01375	0.00867	0.01262	0.00718	0.00703	0.02935	0.00199	0.22442	0.00444	0.00233	0.00627
6	0.00643	0.00478	0.00599	0.00677	0.00747	0.00434	0.00467	0.00760	0.01091	0.01434	0.12145	0.56817	0.18803	0.01502	0.00649	0.00199	0.00288	0.01340	0.00494	0.00434
7	0.01213	0.08828	0.01866	0.18113	0.34211	0.01365	0.01334	0.01620	0.09985	0.01563	0.01029	0.01318	0.00849	0.00576	0.00698	0.00169	0.13812	0.00459	0.00276	0.00718
8	0.01322	0.18561	0.18120	0.01798	0.26192	0.01412	0.01327	0.13919	0.01316	0.01804	0.01000	0.01219	0.00813	0.00821	0.08000	0.00213	0.00704	0.00418	0.00288	0.00756
9	0.00729	0.00529	0.00742	0.00762	0.00824	0.00582	0.00552	0.00860	0.00846	0.01187	0.01690	0.15408	0.01780	0.20008	0.50312	0.00664	0.01026	0.00752	0.00320	0.00426
10	0.01046	0.00964	0.01529	0.29118	0.18436	0.01060	0.06637	0.01526	0.13686	0.01575	0.01601	0.15705	0.03388	0.00751	0.00556	0.00177	0.00564	0.00692	0.00340	0.00649
11	0.00728	0.00535	0.00666	0.00652	0.00769	0.00494	0.00487	0.00925	0.01315	0.01794	0.49459	0.04217	0.17064	0.10552	0.00862	0.00213	0.00301	0.07987	0.00519	0.00461
12	0.01426	0.06203	0.01701	0.09131	0.16353	0.05211	0.02591	0.11520	0.07616	0.08095	0.02104	0.01338	0.00919	0.00658	0.00836	0.00176	0.22596	0.00469	0.00339	0.00717
13	0.00712	0.00501	0.00611	0.00667	0.00710	0.00483	0.00447	0.00786	0.00936	0.01226	0.02549	0.30586	0.09827	0.36482	0.01533	0.00340	0.00409	0.10402	0.00410	0.00385
14	0.01373	0.21030	0.30631	0.01594	0.14450	0.19401	0.01417	0.01718	0.01190	0.01472	0.00863	0.01032	0.00691	0.00488	0.00455	0.00144	0.00734	0.00362	0.00238	0.00717
15	0.01080	0.00926	0.01080	0.00771	0.01234	0.00694	0.00617	0.01311	0.01080	0.01697	0.00926	0.01080	0.00771	0.00386	0.00386	0.00077	0.00386	0.00309	0.00309	0.84882
16	0.01419	0.01367	0.02057	0.04893	0.55217	0.10356	0.08602	0.01714	0.01239	0.06613	0.01034	0.01293	0.00830	0.00483	0.00520	0.00155	0.00672	0.00467	0.00284	0.00785
17	0.00977	0.00904	0.01399	0.41975	0.02431	0.01073	0.03099	0.01228	0.00994	0.01362	0.01168	0.12441	0.01108	0.02278	0.00787	0.00184	0.15330	0.00594	0.00277	0.10390
18	0.01042	0.00662	0.00838	0.00738	0.00922	0.00630	0.00571	0.08368	0.01569	0.11154	0.61976	0.03392	0.04108	0.00974	0.00595	0.00163	0.00300	0.00848	0.00577	0.00575
19	0.01045	0.00823	0.00993	0.00919	0.01100	0.00940	0.00708	0.09103	0.25506	0.01708	0.01635	0.02063	0.01408	0.09954	0.39082	0.00526	0.00914	0.00578	0.00387	0.00608
20	0.00768	0.00538	0.00702	0.00749	0.00807	0.00550	0.00551	0.00886	0.00941	0.01260	0.03345	0.11370	0.02334	0.35154	0.14521	0.00444	0.00620	0.23673	0.00380	0.00404
21	0.01295	0.03684	0.07518	0.02887	0.11211	0.20735	0.14095	0.01549	0.01130	0.01407	0.00976	0.01323	0.00834	0.01213	0.16052	0.00296	0.12445	0.00464	0.00257	0.00630
22	0.00757	0.00505	0.00568	0.00568	0.00568	0.00505	0.00316	0.00757	0.00757	0.01010	0.01641	0.03408	0.01893	0.81698	0.02651	0.00505	0.00505	0.00757	0.00316	0.00316
23	0.16007	0.20570	0.46292	0.01220	0.01832	0.01399	0.02829	0.01608	0.01055	0.01674	0.00851	0.01000	0.00647	0.00480	0.00430	0.00152	0.00658	0.00347	0.00239	0.00709
24	0.01881	0.11761	0.01622	0.01289	0.01578	0.70560	0.00993	0.02019	0.01427	0.01269	0.00796	0.00927	0.00671	0.00526	0.00454	0.00132	0.00895	0.00329	0.00263	0.00611
25	0.00630	0.00469	0.00588	0.00683	0.00744	0.00427	0.00465	0.00730	0.01037	0.01346	0.03380	0.65188	0.19286	0.01565	0.00654	0.00204	0.00294	0.01400	0.00483	0.00427
26	0.00757	0.00505	0.00568	0.00568	0.00568	0.00505	0.00316	0.00757	0.00757	0.01010	0.01641	0.03408	0.01893	0.81698	0.02651	0.00505	0.00505	0.00757	0.00316	0.00316
27	0.01761	0.02132	0.01655	0.01864	0.23241	0.57546	0.01173	0.01944	0.01394	0.01395	0.00854	0.01038	0.00714	0.00516	0.00483	0.00140	0.00849	0.00372	0.00265	0.00666

[dist]
# distance from previous block
# <min> <max>
0	1

[block]
# block no. 6 follows, 47 sequences, length 54
# corresponding to MSA columns:
# 371-424
name=unknown_G
#
# <colnr> <probs for GDERKNQSTAVLIFYWHMCP>
#	G	D	E	R	K	N	Q	S	T	A	V	L	I	F	Y	W	H	M	C	P
0	0.01439	0.75239	0.02622	0.00929	0.01360	0.08665	0.00901	0.01604	0.01094	0.01229	0.00731	0.00844	0.00669	0.00453	0.00346	0.00113	0.00589	0.00283	0.00227	0.00663
1	0.01411	0.01364	0.14660	0.09598	0.38986	0.01100	0.01417	0.01747	0.01211	0.16669	0.01173	0.01348	0.00872	0.00505	0.00506	0.00155	0.00603	0.00453	0.00327	0.05895
2	0.01123	0.01095	0.07851	0.20148	0.05871	0.01090	0.01048	0.01921	0.33559	0.04241	0.01796	0.14900	0.01555	0.00783	0.00546	0.00179	0.00504	0.00681	0.00414	0.00696
3	0.00634	0.00453	0.00604	0.00725	0.00755	0.00423	0.00483	0.00725	0.00997	0.01329	0.02870	0.81358	0.03444	0.01632	0.00665	0.00211	0.00302	0.01480	0.00483	0.00423
4	0.20285	0.01360	0.01388	0.01086	0.01482	0.01517	0.00896	0.60211	0.02106	0.03074	0.01135	0.01162	0.00815	0.00594	0.00477	0.00157	0.00536	0.00428	0.00477	0.00815
5	0.01260	0.30358	0.11130	0.08549	0.20172	0.01539	0.16908	0.01582	0.01127	0.01486	0.00894	0.01138	0.00732	0.00460	0.00469	0.00146	0.00674	0.00420	0.00240	0.00716
6	0.23296	0.01114	0.01230	0.01058	0.01379	0.01264	0.07175	0.02350	0.50990	0.02177	0.01664	0.01610	0.01253	0.00625	0.00483	0.00172	0.00449	0.00511	0.00453	0.00746
7	0.00775	0.00572	0.00754	0.00849	0.00973	0.00551	0.00716	0.00979	0.01179	0.01507	0.03293	0.12122	0.18768	0.01430	0.00693	0.00224	0.00419	0.53247	0.00481	0.00466
8	0.01843	0.02311	0.01491	0.01345	0.01579	0.69659	0.01023	0.01974	0.01389	0.01272	0.00789	0.00965	0.00672	0.00584	0.00628	0.00146	0.11116	0.00351	0.00263	0.00599
9	0.01110	0.08008	0.04501	0.38587	0.02770	0.01242	0.22098	0.05319	0.01166	0.01527	0.01126	0.08107	0.00960	0.00590	0.00542	0.00171	0.00696	0.00573	0.00276	0.00629
10	0.00753	0.00511	0.00598	0.00589	0.00618	0.00502	0.00357	0.00811	0.00927	0.01265	0.19757	0.03522	0.02608	0.62612	0.02169	0.00424	0.00444	0.00801	0.00377	0.00357
11	0.00699	0.00500	0.00679	0.00799	0.00858	0.00479	0.00596	0.00837	0.01061	0.01402	0.02834	0.57400	0.03302	0.01570	0.00682	0.00220	0.00358	0.24798	0.00482	0.00441
12	0.01945	0.02482	0.01476	0.01342	0.01610	0.79608	0.01006	0.02079	0.01476	0.01275	0.00805	0.00939	0.00671	0.00537	0.00470	0.00134	0.00939	0.00335	0.00268	0.00604
13	0.01234	0.39247	0.41338	0.01206	0.01810	0.04136	0.01418	0.01622	0.01093	0.01442	0.00833	0.00973	0.00664	0.00473	0.00420	0.00139	0.00677	0.00334	0.00223	0.00718
14	0.01884	0.02390	0.01612	0.01414	0.01705	0.72940	0.07440	0.02044	0.01455	0.01308	0.00826	0.00979	0.00681	0.00528	0.00482	0.00138	0.00934	0.00359	0.00268	0.00612
15	0.00924	0.00511	0.00756	0.00737	0.00737	0.00549	0.00511	0.00727	0.00689	0.00934	0.00886	0.01545	0.00886	0.01733	0.02008	0.77677	0.07257	0.00453	0.00226	0.00255
16	0.01054	0.04782	0.76992	0.01469	0.02230	0.01232	0.01897	0.01647	0.01098	0.01638	0.00929	0.01093	0.00660	0.00493	0.00491	0.00164	0.00764	0.00382	0.00220	0.00767
17	0.00992	0.00775	0.00895	0.00850	0.01033	0.00828	0.00639	0.01730	0.33981	0.03744	0.28021	0.19236	0.03096	0.01020	0.00587	0.00179	0.00333	0.00894	0.00537	0.00629
18	0.00737	0.00532	0.00696	0.00655	0.00778	0.00491	0.00491	0.00983	0.01474	0.02088	0.78175	0.03890	0.04914	0.01065	0.00614	0.00164	0.00246	0.00942	0.00573	0.00491
19	0.00933	0.00619	0.00695	0.00658	0.00742	0.00627	0.00425	0.01161	0.11371	0.06835	0.02044	0.03225	0.08278	0.57913	0.02033	0.00407	0.00467	0.00746	0.00383	0.00437
20	0.01687	0.01871	0.08136	0.17494	0.02082	0.36914	0.03594	0.12222	0.01483	0.08179	0.01016	0.01173	0.00761	0.00548	0.00499	0.00152	0.00780	0.00409	0.00323	0.00679
21	0.01283	0.02400	0.56143	0.01388	0.02022	0.11934	0.01621	0.01867	0.07655	0.07228	0.01098	0.01198	0.00786	0.00529	0.00496	0.00161	0.00739	0.00405	0.00284	0.00760
22	0.00649	0.00464	0.00621	0.00742	0.00779	0.00436	0.00509	0.00751	0.01012	0.01346	0.02862	0.75895	0.03412	0.01618	0.00669	0.00214	0.00315	0.06798	0.00483	0.00427
23	0.01021	0.00943	0.01528	0.20728	0.37860	0.00981	0.01222	0.01281	0.01122	0.01515	0.01853	0.14405	0.11820	0.00778	0.00554	0.00171	0.00538	0.00711	0.00318	0.00651
24	0.05325	0.00928	0.01047	0.00837	0.01158	0.00889	0.00666	0.20059	0.03449	0.03537	0.25026	0.02186	0.05565	0.00713	0.00503	0.00136	0.00386	0.00588	0.00463	0.26538
25	0.65661	0.01074	0.00929	0.00787	0.01131	0.01215	0.00649	0.14154	0.01189	0.07828	0.00906	0.00978	0.00668	0.00518	0.00369	0.00160	0.00434	0.00330	0.00378	0.00640
26	0.00744	0.00558	0.00837	0.00837	0.00930	0.00651	0.00651	0.00930	0.00837	0.01209	0.01395	0.02046	0.01302	0.03906	0.79635	0.00837	0.01395	0.00558	0.00279	0.00465
27	0.01569	0.01732	0.35916	0.01194	0.01731	0.01047	0.01288	0.11771	0.01401	0.27852	0.01518	0.08149	0.01138	0.00659	0.00522	0.00166	0.00594	0.00536	0.00425	0.00795
28	0.01273	0.27407	0.14324	0.07924	0.30563	0.01501	0.01359	0.02987	0.05109	0.01565	0.00950	0.01154	0.00779	0.00483	0.00455	0.00145	0.00617	0.00398	0.00257	0.00748
29	0.01647	0.01424	0.01412	0.01273	0.07037	0.12107	0.00947	0.37100	0.19884	0.02472	0.01717	0.01693	0.07574	0.00679	0.00524	0.00160	0.00562	0.00532	0.00466	0.00790
30	0.00755	0.00509	0.00594	0.00613	0.00625	0.00507	0.00372	0.00782	0.00812	0.01079	0.01824	0.09259	0.02099	0.69100	0.02343	0.00461	0.00488	0.07097	0.00342	0.00337
31	0.85377	0.01007	0.00765	0.00685	0.01007	0.01168	0.00564	0.01531	0.00886	0.02336	0.00725	0.00846	0.00564	0.00483	0.00322	0.00161	0.00403	0.00282	0.00322	0.00564
32	0.01029	0.01075	0.06856	0.09397	0.14991	0.07541	0.02386	0.04911	0.01154	0.01516	0.03841	0.11594	0.10187	0.01555	0.19273	0.00327	0.00762	0.00681	0.00333	0.00591
33	0.00744	0.00628	0.00744	0.00841	0.07369	0.00580	0.00566	0.00998	0.06716	0.01537	0.09508	0.10941	0.50660	0.01217	0.00610	0.00180	0.00318	0.04867	0.00474	0.00504
34	0.00757	0.00505	0.00568	0.00568	0.00568	0.00505	0.00316	0.00757	0.00757	0.01010	0.01641	0.03408	0.01893	0.81698	0.02651	0.00505	0.00505	0.00757	0.00316	0.00316
35	0.01091	0.01010	0.01692	0.37434	0.34364	0.01114	0.01426	0.01407	0.01123	0.01516	0.01199	0.01962	0.01064	0.00623	0.00546	0.00175	0.00633	0.10676	0.00276	0.00667
36	0.02665	0.26009	0.30021	0.01844	0.26482	0.01473	0.01486	0.01604	0.01111	0.01550	0.00882	0.01077	0.00714	0.00470	0.00450	0.00145	0.00651	0.00377	0.00235	0.00753
37	0.00621	0.00506	0.00549	0.00584	0.00718	0.00435	0.00421	0.00741	0.01133	0.01385	0.04590	0.26761	0.56932	0.01408	0.00629	0.00186	0.00275	0.01208	0.00484	0.00435
38	0.02009	0.01307	0.01456	0.01128	0.01533	0.01403	0.00928	0.54903	0.07669	0.19960	0.01492	0.01416	0.01026	0.00635	0.00522	0.00159	0.00533	0.00490	0.00549	0.00881
39	0.01945	0.02482	0.01476	0.01342	0.01610	0.79608	0.01006	0.02079	0.01476	0.01275	0.00805	0.00939	0.00671	0.00537	0.00470	0.00134	0.00939	0.00335	0.00268	0.00604
40	0.01329	0.01327	0.02139	0.07497	0.39844	0.06916	0.19183	0.07956	0.01306	0.01755	0.01096	0.05208	0.00930	0.00538	0.00544	0.00162	0.00689	0.00540	0.00292	0.00750
41	0.00623	0.00497	0.00559	0.00609	0.00725	0.00433	0.00432	0.00738	0.01109	0.01375	0.04283	0.36517	0.47374	0.01448	0.00636	0.00191	0.00280	0.01256	0.00484	0.00433
42	0.00757	0.00505	0.00568	0.00568	0.00568	0.00505	0.00316	0.00757	0.00757	0.01010	0.01641	0.03408	0.01893	0.81698	0.02651	0.00505	0.00505	0.00757	0.00316	0.00316
43	0.01113	0.08651	0.37718	0.01190	0.01665	0.05206	0.01287	0.06974	0.07696	0.01681	0.01492	0.20149	0.01416	0.00789	0.00525	0.00170	0.00605	0.00656	0.00333	0.00683
44	0.01334	0.01523	0.09229	0.08373	0.55317	0.11975	0.01537	0.01650	0.01207	0.01611	0.00947	0.01230	0.00779	0.00481	0.00508	0.00154	0.00682	0.00439	0.00254	0.00772
45	0.00711	0.00531	0.00659	0.00627	0.00762	0.00480	0.00470	0.00931	0.01411	0.01940	0.62264	0.04135	0.20918	0.01120	0.00614	0.00166	0.00250	0.00976	0.00554	0.00480
46	0.01080	0.00926	0.01080	0.00771	0.01234	0.00694	0.00617	0.01311	0.01080	0.01697	0.00926	0.01080	0.00771	0.00386	0.00386	0.00077	0.00386	0.00309	0.00309	0.84882
47	0.00845	0.00605	0.00757	0.00808	0.00894	0.00620	0.00624	0.01092	0.07517	0.01387	0.02248	0.04533	0.02427	0.34113	0.01491	0.00343	0.00484	0.38353	0.00417	0.00442
48	0.01602	0.43811	0.02183	0.01264	0.07980	0.32564	0.00996	0.01768	0.01234	0.01285	0.00778	0.00915	0.00683	0.00483	0.00403	0.00124	0.00713	0.00317	0.00244	0.00656
49	0.01392	0.01658	0.14679	0.01842	0.25359	0.15939	0.02574	0.11223	0.05066	0.01755	0.01125	0.03390	0.00964	0.07443	0.00728	0.00188	0.03162	0.00486	0.00310	0.00718
50	0.00624	0.00529	0.00539	0.00541	0.00714	0.00445	0.00409	0.00761	0.01194	0.01426	0.06870	0.05008	0.74697	0.01316	0.00618	0.00177	0.00269	0.02935	0.00486	0.00442
51	0.00757	0.00505	0.00568	0.00568	0.00568	0.00505	0.00316	0.00757	0.00757	0.01010	0.01641	0.03408	0.01893	0.81698	0.02651	0.00505	0.00505	0.00757	0.00316	0.00316
52	0.00810	0.00653	0.00872	0.11670	0.01281	0.00601	0.00654	0.00976	0.01027	0.01435	0.02046	0.47382	0.02301	0.01122	0.00565	0.00168	0.00380	0.01005	0.00399	0.24653
53	0.01409	0.02044	0.41000	0.07548	0.02118	0.01366	0.03172	0.30976	0.01625	0.02263	0.01060	0.01188	0.00754	0.00547	0.00510	0.00162	0.00689	0.00429	0.00339	0.00799

[dist]
# distance from previous block
# <min> <max>
0	1

# created by:
# /st0/software/busco_prod/Augustus/scripts/msa2prfl.pl ./align_prep/72200.fa
