[name]
unknown

[dist]
# distance from previous block
# <min> <max>
0	192

[block]
# block no. 0 follows, 48 sequences, length 93
# corresponding to MSA columns:
# 193-285
name=unknown_A
#
# <colnr> <probs for GDERKNQSTAVLIFYWHMCP>
#	G	D	E	R	K	N	Q	S	T	A	V	L	I	F	Y	W	H	M	C	P
0	0.01112	0.23226	0.21098	0.01088	0.01524	0.01184	0.07870	0.01420	0.01131	0.05447	0.05123	0.02145	0.10280	0.00796	0.03122	0.00176	0.00588	0.07889	0.00320	0.04462
1	0.06192	0.33477	0.15524	0.03913	0.01516	0.01449	0.01025	0.03345	0.01072	0.04083	0.01942	0.02048	0.00787	0.00518	0.00512	0.00134	0.07790	0.00357	0.00268	0.14048
2	0.08565	0.15819	0.36336	0.01129	0.01690	0.01275	0.01260	0.07821	0.03500	0.01776	0.02231	0.01097	0.00778	0.00487	0.00433	0.00139	0.00594	0.00362	0.00280	0.14430
3	0.01148	0.13159	0.38578	0.01119	0.01697	0.01109	0.01263	0.01535	0.01091	0.06215	0.01029	0.04186	0.00825	0.00502	0.00443	0.00132	0.00584	0.00393	0.00277	0.24715
4	0.01355	0.01511	0.12844	0.01040	0.01494	0.13388	0.00933	0.14356	0.05697	0.01891	0.01015	0.01122	0.00793	0.00477	0.00440	0.00116	0.00555	0.00362	0.00333	0.40279
5	0.07929	0.04338	0.18550	0.07571	0.18032	0.05886	0.01280	0.14130	0.03676	0.09487	0.01086	0.01223	0.00806	0.00538	0.00521	0.00158	0.03278	0.00423	0.00335	0.00752
6	0.01136	0.01093	0.01874	0.31260	0.37583	0.01149	0.08018	0.01459	0.01111	0.01539	0.00947	0.01297	0.00758	0.00469	0.00507	0.00154	0.00638	0.00456	0.00249	0.08302
7	0.21371	0.01385	0.07359	0.05756	0.01605	0.01430	0.00980	0.46338	0.01809	0.02706	0.01048	0.01131	0.00763	0.00578	0.00508	0.00159	0.03487	0.00412	0.00417	0.00760
8	0.00667	0.00470	0.00588	0.00656	0.00690	0.00446	0.00425	0.00743	0.00956	0.01276	0.08029	0.49876	0.06459	0.24843	0.01216	0.00287	0.00350	0.01197	0.00435	0.00392
9	0.00835	0.00636	0.00816	0.02280	0.05482	0.00642	0.00596	0.02626	0.06932	0.01621	0.26888	0.03507	0.09373	0.21180	0.06231	0.00297	0.00453	0.08681	0.00437	0.00488
10	0.00621	0.00500	0.00553	0.00582	0.00713	0.00433	0.00420	0.00748	0.01141	0.01417	0.10215	0.25573	0.52562	0.01363	0.00619	0.00182	0.00269	0.01172	0.00483	0.00433
11	0.00746	0.00499	0.00565	0.00565	0.00567	0.00500	0.00318	0.00750	0.00748	0.00999	0.01612	0.03330	0.01853	0.80335	0.04227	0.00504	0.00516	0.00742	0.00310	0.00314
12	0.85592	0.00992	0.00754	0.00675	0.00992	0.01151	0.00556	0.01508	0.00873	0.02302	0.00714	0.00834	0.00556	0.00476	0.00318	0.00159	0.00397	0.00278	0.00318	0.00556
13	0.01009	0.00943	0.01530	0.70254	0.06749	0.01155	0.01378	0.01447	0.07747	0.01401	0.01017	0.01411	0.00767	0.00526	0.00514	0.00170	0.00656	0.00467	0.00255	0.00602
14	0.01372	0.82276	0.02689	0.00878	0.01317	0.02030	0.00878	0.01536	0.01043	0.01207	0.00713	0.00823	0.00658	0.00439	0.00329	0.00110	0.00549	0.00274	0.00219	0.00658
15	0.00710	0.00518	0.00667	0.00643	0.00760	0.00475	0.00477	0.00931	0.01394	0.01950	0.67245	0.10358	0.09728	0.01112	0.00609	0.00166	0.00248	0.00982	0.00551	0.00475
16	0.09328	0.01293	0.01406	0.01087	0.01486	0.01397	0.00897	0.56568	0.02102	0.17284	0.01334	0.01293	0.00919	0.00607	0.00497	0.00155	0.00526	0.00456	0.00519	0.00845
17	0.01221	0.04387	0.10071	0.02052	0.16820	0.01296	0.40045	0.01801	0.13631	0.01714	0.01171	0.01398	0.00896	0.00486	0.00552	0.00166	0.00720	0.00539	0.00295	0.00740
18	0.00615	0.00522	0.00531	0.00536	0.00707	0.00439	0.00406	0.00749	0.01170	0.01392	0.05105	0.04970	0.75714	0.01304	0.00610	0.00176	0.00268	0.03875	0.00476	0.00435
19	0.01064	0.00912	0.01064	0.00760	0.01216	0.00684	0.00608	0.01292	0.01064	0.01672	0.00912	0.01064	0.00760	0.00380	0.00380	0.00076	0.00380	0.00304	0.00304	0.85104
20	0.00956	0.00478	0.00478	0.00478	0.00598	0.00478	0.00359	0.01196	0.01076	0.01913	0.01674	0.01913	0.01315	0.00598	0.00359	0.00120	0.00239	0.00478	0.84816	0.00478
21	0.00746	0.00497	0.00560	0.00560	0.00560	0.00497	0.00311	0.00746	0.00746	0.00995	0.01617	0.03358	0.01865	0.81967	0.02612	0.00497	0.00497	0.00746	0.00311	0.00311
22	0.00969	0.00912	0.01539	0.80734	0.03534	0.01140	0.01425	0.01311	0.01026	0.01311	0.00912	0.01368	0.00684	0.00513	0.00513	0.00171	0.00684	0.00456	0.00228	0.00570
23	0.01820	0.02301	0.08323	0.01344	0.01679	0.60504	0.03580	0.11500	0.01535	0.01551	0.00868	0.00993	0.00691	0.00533	0.00476	0.00139	0.00863	0.00360	0.00292	0.00648
24	0.01951	0.01437	0.01540	0.01181	0.01591	0.01591	0.00975	0.77056	0.02412	0.03234	0.01232	0.01232	0.00873	0.00616	0.00513	0.00154	0.00565	0.00462	0.00513	0.00873
25	0.00746	0.00499	0.00569	0.00569	0.00572	0.00503	0.00323	0.00752	0.00749	0.01002	0.01608	0.03310	0.01845	0.79174	0.05377	0.00509	0.00529	0.00739	0.00310	0.00316
26	0.00631	0.00459	0.00598	0.00706	0.00752	0.00425	0.00482	0.00730	0.01006	0.01325	0.03031	0.71988	0.09947	0.01573	0.00653	0.00206	0.00301	0.04288	0.00476	0.00420
27	0.00885	0.00765	0.00910	0.00888	0.01012	0.07628	0.00687	0.01178	0.07813	0.01283	0.01388	0.01911	0.01254	0.03274	0.65837	0.00706	0.01248	0.00533	0.00296	0.00502
28	0.85592	0.00992	0.00754	0.00675	0.00992	0.01151	0.00556	0.01508	0.00873	0.02302	0.00714	0.00834	0.00556	0.00476	0.00318	0.00159	0.00397	0.00278	0.00318	0.00556
29	0.05591	0.00548	0.00534	0.00529	0.00711	0.00475	0.00400	0.00782	0.01152	0.01440	0.04935	0.04697	0.73984	0.01251	0.00589	0.00172	0.00268	0.01036	0.00467	0.00440
30	0.19593	0.01182	0.01218	0.00983	0.01324	0.01310	0.00804	0.47389	0.01832	0.02689	0.01481	0.01541	0.07633	0.00937	0.07630	0.00217	0.00575	0.00485	0.00447	0.00729
31	0.59842	0.00899	0.00747	0.00675	0.00951	0.01002	0.00540	0.05749	0.01015	0.02116	0.01633	0.04695	0.14254	0.03464	0.00470	0.00174	0.00383	0.00489	0.00362	0.00539
32	0.80686	0.01018	0.00800	0.00704	0.01027	0.01177	0.00580	0.05939	0.00964	0.02357	0.00745	0.00857	0.00574	0.00484	0.00329	0.00158	0.00407	0.00289	0.00329	0.00574
33	0.00676	0.00530	0.00607	0.00616	0.00759	0.00473	0.00474	0.00839	0.01210	0.01538	0.21157	0.04726	0.45810	0.05992	0.00739	0.00199	0.00302	0.12423	0.00486	0.00444
34	0.56876	0.00898	0.00830	0.00741	0.01037	0.00976	0.00604	0.01607	0.01017	0.17220	0.01273	0.08366	0.01084	0.00661	0.00409	0.00168	0.00400	0.04829	0.00403	0.00601
35	0.03465	0.00649	0.00733	0.00690	0.00872	0.00639	0.00531	0.01314	0.14020	0.05925	0.28151	0.05117	0.23652	0.01004	0.00561	0.00166	0.00299	0.03558	0.08110	0.00545
36	0.85592	0.00992	0.00754	0.00675	0.00992	0.01151	0.00556	0.01508	0.00873	0.02302	0.00714	0.00834	0.00556	0.00476	0.00318	0.00159	0.00397	0.00278	0.00318	0.00556
37	0.00682	0.00497	0.00589	0.00607	0.00681	0.00461	0.00408	0.00789	0.01062	0.01405	0.20741	0.21892	0.20238	0.26219	0.01236	0.00279	0.00338	0.01029	0.00446	0.00404
38	0.11549	0.00617	0.00758	0.00751	0.00907	0.00590	0.00551	0.01240	0.01109	0.19423	0.06819	0.48630	0.02637	0.01210	0.00578	0.00188	0.00339	0.01064	0.00498	0.00543
39	0.01711	0.01049	0.01206	0.01009	0.01348	0.01114	0.00806	0.09336	0.43203	0.30311	0.01988	0.01792	0.01396	0.00667	0.00519	0.00167	0.00431	0.00546	0.00563	0.00840
40	0.00746	0.00497	0.00560	0.00560	0.00560	0.00497	0.00311	0.00746	0.00746	0.00995	0.01617	0.03358	0.01865	0.81967	0.02612	0.00497	0.00497	0.00746	0.00311	0.00311
41	0.00667	0.00476	0.00643	0.00762	0.00810	0.00453	0.00549	0.00787	0.01024	0.01357	0.02805	0.65944	0.03303	0.01568	0.00666	0.00214	0.00334	0.16735	0.00476	0.00428
42	0.29822	0.01012	0.01293	0.01557	0.26918	0.01048	0.00930	0.04678	0.01141	0.16644	0.01195	0.03796	0.00967	0.06214	0.00597	0.00182	0.00486	0.00459	0.00369	0.00693
43	0.01289	0.01108	0.01167	0.01047	0.01339	0.01282	0.00815	0.04111	0.76435	0.02167	0.02072	0.01902	0.01553	0.00695	0.00522	0.00174	0.00409	0.00578	0.00522	0.00813
44	0.01951	0.01437	0.01540	0.01181	0.01591	0.01591	0.00975	0.77056	0.02412	0.03234	0.01232	0.01232	0.00873	0.00616	0.00513	0.00154	0.00565	0.00462	0.00513	0.00873
45	0.00995	0.00932	0.01569	0.72620	0.10062	0.01136	0.01420	0.01332	0.01039	0.01353	0.00929	0.01368	0.00706	0.00510	0.00510	0.00169	0.00670	0.00456	0.01634	0.00590
46	0.01282	0.00985	0.01116	0.00891	0.01274	0.00931	0.00706	0.02002	0.32171	0.10138	0.01507	0.01481	0.01141	0.00535	0.00452	0.00125	0.00397	0.00438	0.00428	0.42001
47	0.01279	0.01125	0.01957	0.19700	0.05484	0.01255	0.24182	0.01636	0.05460	0.11304	0.01102	0.01388	0.00840	0.00606	0.00826	0.00182	0.20186	0.00514	0.00306	0.00667
48	0.00708	0.00549	0.00827	0.00830	0.00911	0.00518	0.07352	0.00837	0.01025	0.01378	0.09139	0.55799	0.03093	0.10639	0.00872	0.00235	0.00373	0.04032	0.00445	0.00437
49	0.01965	0.01414	0.01525	0.01169	0.01579	0.01556	0.00966	0.73924	0.02373	0.06422	0.01265	0.01254	0.00889	0.00617	0.00513	0.00154	0.00559	0.00464	0.00518	0.00873
50	0.01303	0.01047	0.01102	0.00976	0.01255	0.01194	0.00764	0.10584	0.58427	0.02231	0.01935	0.01840	0.01454	0.00673	0.00497	0.00164	0.00399	0.00552	0.12834	0.00770
51	0.01203	0.01256	0.01560	0.01345	0.01371	0.09459	0.01109	0.01317	0.00853	0.01237	0.00686	0.01103	0.00672	0.00861	0.01561	0.00215	0.72963	0.00437	0.00229	0.00565
52	0.00744	0.00529	0.00610	0.00585	0.00726	0.00473	0.00431	0.00916	0.01252	0.04227	0.34263	0.04069	0.34907	0.08187	0.00764	0.00193	0.00278	0.00936	0.05450	0.00460
53	0.72263	0.01024	0.00855	0.00737	0.01068	0.01163	0.00607	0.08379	0.01053	0.07734	0.00852	0.00933	0.00634	0.00500	0.00349	0.00158	0.00415	0.00311	0.00357	0.00606
54	0.00746	0.00511	0.00618	0.00634	0.00668	0.00507	0.00415	0.00815	0.00901	0.01215	0.11274	0.08244	0.02428	0.54953	0.04850	0.00420	0.00483	0.09584	0.00370	0.00363
55	0.67784	0.00936	0.00801	0.00701	0.01011	0.01043	0.00573	0.01581	0.00998	0.11658	0.07877	0.01215	0.01029	0.00547	0.00368	0.00159	0.00388	0.00365	0.00379	0.00588
56	0.06531	0.01168	0.01251	0.01043	0.01375	0.01300	0.00835	0.29566	0.35318	0.09231	0.01686	0.01704	0.01263	0.03351	0.00579	0.00176	0.00470	0.01841	0.00509	0.00802
57	0.00745	0.00502	0.00583	0.00583	0.00591	0.00510	0.00340	0.00761	0.00753	0.01012	0.01596	0.03240	0.01815	0.75138	0.09371	0.00526	0.00574	0.00729	0.00308	0.00324
58	0.00817	0.00563	0.00664	0.00679	0.00751	0.00572	0.00476	0.01043	0.07882	0.01416	0.09351	0.10354	0.02375	0.37907	0.01505	0.00327	0.00415	0.12893	0.09582	0.00426
59	0.08249	0.00723	0.00796	0.00703	0.00910	0.00738	0.00541	0.08103	0.07173	0.14535	0.10157	0.04497	0.01727	0.07959	0.00645	0.00177	0.00351	0.00578	0.30845	0.00593
60	0.33171	0.00930	0.00872	0.00790	0.01063	0.01039	0.00624	0.03354	0.28945	0.02088	0.06582	0.02139	0.15022	0.00739	0.00464	0.00167	0.00370	0.00572	0.00439	0.00629
61	0.01251	0.01076	0.01139	0.01026	0.01309	0.01240	0.00797	0.02647	0.74380	0.02142	0.05549	0.02001	0.01715	0.00712	0.00526	0.00173	0.00399	0.00596	0.00524	0.00797
62	0.00666	0.00493	0.00593	0.00648	0.00725	0.00455	0.00453	0.00771	0.01032	0.01332	0.07335	0.35133	0.23721	0.16554	0.01011	0.00253	0.00337	0.07629	0.00450	0.00410
63	0.31966	0.00914	0.00918	0.00808	0.01069	0.00941	0.00622	0.05491	0.04203	0.15200	0.11924	0.02062	0.02956	0.07837	0.00678	0.00209	0.00426	0.00551	0.10561	0.00662
64	0.00734	0.00545	0.00801	0.00801	0.00884	0.00628	0.00612	0.00901	0.00818	0.01173	0.01396	0.02137	0.01335	0.10881	0.72973	0.00795	0.01295	0.00567	0.00278	0.00445
65	0.00877	0.00455	0.00682	0.00682	0.00690	0.00463	0.00463	0.00690	0.00682	0.00917	0.00933	0.01600	0.00925	0.01963	0.08818	0.77707	0.00527	0.00455	0.00227	0.00243
66	0.02461	0.00733	0.00852	0.00805	0.00945	0.00759	0.00608	0.17047	0.01270	0.03315	0.03682	0.09366	0.04998	0.31530	0.01363	0.00308	0.00473	0.18562	0.00424	0.00501
67	0.02744	0.01023	0.01128	0.00925	0.01208	0.07970	0.03203	0.07867	0.10335	0.10923	0.07241	0.01719	0.01336	0.07822	0.00851	0.08557	0.02923	0.00492	0.00392	0.21341
68	0.00956	0.00478	0.00478	0.00478	0.00598	0.00478	0.00359	0.01196	0.01076	0.01913	0.01674	0.01913	0.01315	0.00598	0.00359	0.00120	0.00239	0.00478	0.84816	0.00478
69	0.00969	0.00912	0.01539	0.80734	0.03534	0.01140	0.01425	0.01311	0.01026	0.01311	0.00912	0.01368	0.00684	0.00513	0.00513	0.00171	0.00684	0.00456	0.00228	0.00570
70	0.00754	0.00582	0.00889	0.08019	0.01152	0.00686	0.00712	0.00952	0.00843	0.01202	0.01333	0.01957	0.01229	0.03548	0.72784	0.00766	0.01312	0.00541	0.00271	0.00468
71	0.01490	0.06477	0.02319	0.01779	0.05589	0.29092	0.38205	0.01803	0.02603	0.02804	0.00957	0.01194	0.00752	0.00485	0.00552	0.00155	0.02334	0.00477	0.00269	0.00664
72	0.00862	0.00465	0.00697	0.00697	0.00714	0.00481	0.00481	0.00714	0.00697	0.00946	0.00979	0.01643	0.00963	0.02160	0.16235	0.69688	0.00615	0.00465	0.00232	0.00266
73	0.01982	0.01386	0.01508	0.01156	0.01566	0.01516	0.00955	0.70344	0.02328	0.10066	0.01303	0.01278	0.00908	0.00618	0.00514	0.00154	0.00553	0.00467	0.00524	0.00873
74	0.01312	0.01059	0.01693	0.09014	0.38386	0.01070	0.05648	0.07492	0.02746	0.10253	0.10544	0.04290	0.01477	0.00624	0.00536	0.00161	0.00548	0.02045	0.00368	0.00737
75	0.01240	0.12226	0.02013	0.22897	0.12434	0.08229	0.16340	0.01674	0.10371	0.01503	0.01035	0.01298	0.00820	0.00525	0.00569	0.00161	0.05255	0.00465	0.00275	0.00669
76	0.01073	0.01092	0.05258	0.37659	0.31653	0.01133	0.04272	0.01402	0.01071	0.01465	0.00979	0.01377	0.00789	0.00788	0.07663	0.00222	0.00728	0.00467	0.00243	0.00665
77	0.00797	0.00573	0.00720	0.03750	0.04281	0.00595	0.00480	0.00847	0.00815	0.01092	0.01628	0.03333	0.01832	0.65711	0.02243	0.00438	0.02950	0.07232	0.00317	0.00365
78	0.01120	0.15203	0.45527	0.01281	0.04582	0.08308	0.01413	0.01518	0.01101	0.01468	0.01292	0.01504	0.07540	0.05332	0.00595	0.00171	0.00675	0.00444	0.00251	0.00675
79	0.01246	0.00861	0.01461	0.01198	0.01477	0.00854	0.19209	0.01571	0.05369	0.18979	0.01669	0.02332	0.01410	0.01775	0.27135	0.00397	0.00858	0.11173	0.00394	0.00630
80	0.01721	0.04369	0.05445	0.01558	0.08767	0.08329	0.23469	0.04775	0.03173	0.31024	0.01397	0.01441	0.00969	0.00536	0.00529	0.00158	0.00647	0.00504	0.00414	0.00774
81	0.01139	0.01248	0.02644	0.01994	0.05466	0.01174	0.62615	0.01528	0.01204	0.01638	0.04722	0.06842	0.01215	0.00574	0.00609	0.00176	0.00775	0.03479	0.00295	0.00661
82	0.00792	0.00504	0.00663	0.00736	0.00819	0.00464	0.00525	0.00908	0.01060	0.08342	0.02953	0.61024	0.09734	0.01476	0.00643	0.00203	0.00322	0.07877	0.00490	0.00464
83	0.01145	0.01426	0.13794	0.19909	0.21881	0.01227	0.29958	0.01549	0.01140	0.01575	0.00974	0.01307	0.00747	0.00465	0.00543	0.00166	0.00745	0.00501	0.00245	0.00705
84	0.01128	0.09118	0.36618	0.13231	0.07776	0.01272	0.09859	0.04290	0.01128	0.01594	0.00919	0.01154	0.00697	0.00492	0.00531	0.00156	0.03720	0.00413	0.00242	0.05662
85	0.16394	0.00909	0.01098	0.00880	0.01234	0.00870	0.00717	0.08895	0.01411	0.52685	0.01795	0.08167	0.01288	0.00687	0.00493	0.00162	0.00430	0.00549	0.00557	0.00781
86	0.00779	0.00553	0.00756	0.00864	0.00953	0.00547	0.00709	0.00964	0.01102	0.01441	0.02640	0.20936	0.02944	0.08708	0.00869	0.00254	0.00439	0.53636	0.00459	0.00447
87	0.01059	0.01064	0.01967	0.47651	0.04636	0.01149	0.24659	0.01417	0.01090	0.01454	0.00952	0.01344	0.00723	0.00475	0.00529	0.00163	0.00711	0.00489	0.00245	0.08223
88	0.01116	0.01397	0.13924	0.20273	0.17843	0.04311	0.23100	0.01485	0.01130	0.01526	0.01123	0.08308	0.00968	0.00571	0.00545	0.00168	0.00708	0.00570	0.00264	0.00670
89	0.01240	0.01549	0.09602	0.01997	0.05503	0.08143	0.55665	0.01638	0.01193	0.01582	0.01003	0.01325	0.00772	0.00574	0.03236	0.00191	0.03299	0.00549	0.00255	0.00683
90	0.06766	0.00837	0.01082	0.00855	0.01212	0.00746	0.00699	0.02221	0.03005	0.62679	0.05700	0.02080	0.08356	0.00706	0.00517	0.00161	0.00409	0.00574	0.00597	0.00797
91	0.00707	0.00701	0.07746	0.00810	0.00957	0.00536	0.01644	0.00884	0.01071	0.01403	0.03069	0.43067	0.17549	0.01393	0.00641	0.00203	0.00375	0.16330	0.00449	0.00466
92	0.00883	0.00587	0.00855	0.00825	0.00936	0.00661	0.00639	0.01054	0.00876	0.08194	0.01435	0.02065	0.01309	0.08869	0.65853	0.00730	0.02873	0.00558	0.00309	0.00488

[dist]
# distance from previous block
# <min> <max>
0	1

[block]
# block no. 1 follows, 48 sequences, length 13
# corresponding to MSA columns:
# 287-299
name=unknown_B
#
# <colnr> <probs for GDERKNQSTAVLIFYWHMCP>
#	G	D	E	R	K	N	Q	S	T	A	V	L	I	F	Y	W	H	M	C	P
0	0.01075	0.02366	0.63301	0.01749	0.13194	0.01202	0.06734	0.01619	0.01104	0.01634	0.00935	0.01130	0.00682	0.00480	0.00498	0.00162	0.00744	0.00405	0.00225	0.00762
1	0.73685	0.00975	0.00817	0.00709	0.01038	0.01094	0.00584	0.01650	0.00958	0.13284	0.00902	0.00964	0.00658	0.00499	0.00346	0.00159	0.00403	0.00312	0.00363	0.00601
2	0.01264	0.01091	0.01232	0.12443	0.01661	0.01272	0.00908	0.06049	0.63281	0.02079	0.01880	0.01804	0.01407	0.00666	0.00520	0.00173	0.00453	0.00557	0.00480	0.00780
3	0.01337	0.25792	0.24296	0.01539	0.14405	0.08743	0.05280	0.01738	0.05693	0.05182	0.00982	0.01119	0.00771	0.00488	0.00451	0.00143	0.00657	0.00387	0.00268	0.00728
4	0.00829	0.00705	0.01024	0.03238	0.21900	0.00673	0.00776	0.01032	0.01202	0.01620	0.22249	0.18311	0.22356	0.01048	0.00587	0.00171	0.00367	0.00931	0.00433	0.00549
5	0.01103	0.02309	0.63910	0.01332	0.02028	0.01095	0.01650	0.01625	0.01101	0.05811	0.00979	0.01116	0.00699	0.00480	0.00474	0.00150	0.00687	0.00376	0.00252	0.12822
6	0.01061	0.01159	0.08548	0.51076	0.23233	0.01170	0.03662	0.01418	0.01074	0.01444	0.00930	0.01318	0.00718	0.00494	0.00512	0.00165	0.00676	0.00454	0.00235	0.00654
7	0.01129	0.12176	0.52772	0.01560	0.04606	0.03002	0.14519	0.01625	0.01111	0.01570	0.00914	0.01105	0.00678	0.00472	0.00488	0.00157	0.00750	0.00406	0.00227	0.00733
8	0.00875	0.00712	0.01164	0.01091	0.04836	0.00666	0.14837	0.01095	0.03049	0.05540	0.08586	0.41397	0.11682	0.01179	0.00618	0.00188	0.00420	0.01094	0.00442	0.00528
9	0.01145	0.28660	0.06736	0.06303	0.04280	0.01321	0.08350	0.01572	0.13344	0.03097	0.01611	0.14724	0.05354	0.00730	0.00488	0.00156	0.00522	0.00624	0.00338	0.00645
10	0.01016	0.08576	0.09626	0.02600	0.14174	0.00892	0.06425	0.01251	0.01122	0.06940	0.02319	0.22860	0.15416	0.00954	0.00560	0.00173	0.00479	0.03636	0.00379	0.00601
11	0.01296	0.02975	0.10840	0.08543	0.38707	0.01208	0.14133	0.05552	0.01244	0.06606	0.03236	0.01367	0.00921	0.00497	0.00522	0.00158	0.00650	0.00487	0.00294	0.00762
12	0.10424	0.01120	0.01408	0.01476	0.19460	0.01167	0.00964	0.22941	0.08176	0.20002	0.01397	0.01516	0.01042	0.05873	0.00630	0.00179	0.00510	0.00483	0.00448	0.00784

[dist]
# distance from previous block
# <min> <max>
0	7

# created by:
# /st0/software/busco_prod/Augustus/scripts/msa2prfl.pl ./align_prep/72245.fa
