[name]
unknown

[dist]
# distance from previous block
# <min> <max>
0	45

[block]
# block no. 0 follows, 49 sequences, length 136
# corresponding to MSA columns:
# 45-180
name=unknown_A
#
# <colnr> <probs for GDERKNQSTAVLIFYWHMCP>
#	G	D	E	R	K	N	Q	S	T	A	V	L	I	F	Y	W	H	M	C	P
0	0.01289	0.01093	0.01158	0.01035	0.01324	0.01257	0.00812	0.07721	0.70555	0.02169	0.02020	0.01962	0.01540	0.00703	0.00520	0.00172	0.00413	0.02949	0.00512	0.00794
1	0.01332	0.79927	0.02583	0.00855	0.01274	0.01953	0.00847	0.01489	0.01018	0.01183	0.00731	0.00891	0.00687	0.03031	0.00396	0.00120	0.00539	0.00285	0.00219	0.00638
2	0.00872	0.00688	0.00800	0.00820	0.00947	0.00732	0.00589	0.03092	0.27578	0.01625	0.04323	0.48159	0.02657	0.03802	0.00657	0.00200	0.00341	0.01083	0.00483	0.00553
3	0.01175	0.01337	0.02905	0.02080	0.02581	0.01252	0.74797	0.01591	0.01192	0.01612	0.01153	0.01475	0.03248	0.00453	0.00597	0.00171	0.00834	0.00612	0.00263	0.00674
4	0.01244	0.01246	0.04516	0.03051	0.76632	0.01201	0.01562	0.01553	0.01149	0.01650	0.00950	0.01246	0.00796	0.00452	0.00500	0.00151	0.00605	0.00448	0.00249	0.00799
5	0.00598	0.00512	0.00512	0.00512	0.00683	0.00427	0.00384	0.00726	0.01153	0.01366	0.05123	0.04866	0.78869	0.01281	0.00598	0.00171	0.00256	0.01067	0.00470	0.00427
6	0.85801	0.00978	0.00743	0.00665	0.00978	0.01134	0.00548	0.01486	0.00861	0.02269	0.00704	0.00821	0.00548	0.00469	0.00313	0.00156	0.00391	0.00274	0.00313	0.00548
7	0.00640	0.00506	0.00577	0.00575	0.00713	0.00442	0.00425	0.00802	0.01229	0.01586	0.30240	0.12731	0.45281	0.01228	0.00602	0.00170	0.00254	0.01054	0.00500	0.00442
8	0.85801	0.00978	0.00743	0.00665	0.00978	0.01134	0.00548	0.01486	0.00861	0.02269	0.00704	0.00821	0.00548	0.00469	0.00313	0.00156	0.00391	0.00274	0.00313	0.00548
9	0.00616	0.00440	0.00587	0.00704	0.00733	0.00411	0.00469	0.00704	0.00968	0.01291	0.02787	0.81899	0.03344	0.01584	0.00645	0.00205	0.00293	0.01438	0.00469	0.00411
10	0.02245	0.00898	0.01197	0.00918	0.01310	0.00799	0.00758	0.07570	0.01511	0.74230	0.01942	0.01687	0.01225	0.00625	0.00508	0.00156	0.00439	0.00505	0.00618	0.00861
11	0.84160	0.00986	0.00758	0.00675	0.00989	0.01143	0.00556	0.02971	0.00890	0.02287	0.00714	0.00829	0.00554	0.00472	0.00317	0.00156	0.00394	0.00277	0.00317	0.00554
12	0.00741	0.00496	0.00569	0.00577	0.00585	0.00496	0.00341	0.00757	0.00765	0.01017	0.01667	0.03472	0.01911	0.76721	0.02446	0.00473	0.00489	0.05842	0.00317	0.00317
13	0.85801	0.00978	0.00743	0.00665	0.00978	0.01134	0.00548	0.01486	0.00861	0.02269	0.00704	0.00821	0.00548	0.00469	0.00313	0.00156	0.00391	0.00274	0.00313	0.00548
14	0.00646	0.00524	0.00574	0.00559	0.00717	0.00458	0.00420	0.00832	0.02691	0.01580	0.27279	0.04482	0.55070	0.01195	0.00596	0.00167	0.00254	0.01012	0.00497	0.00449
15	0.08859	0.01191	0.01312	0.01035	0.01412	0.01277	0.00848	0.41217	0.12930	0.22421	0.01493	0.01408	0.01033	0.00612	0.00492	0.00156	0.00488	0.00471	0.00522	0.00826
16	0.00735	0.00490	0.00552	0.00552	0.00552	0.00490	0.00306	0.00735	0.00735	0.00980	0.01593	0.03309	0.01838	0.82229	0.02574	0.00490	0.00490	0.00735	0.00306	0.00306
17	0.00620	0.00443	0.00590	0.00702	0.00734	0.00413	0.00470	0.00713	0.00984	0.01317	0.05442	0.79170	0.03394	0.01565	0.00644	0.00204	0.00291	0.01419	0.00472	0.00413
18	0.00727	0.00490	0.00550	0.00553	0.00561	0.00486	0.00313	0.00734	0.00759	0.01004	0.01778	0.04865	0.05406	0.76987	0.02447	0.00470	0.00476	0.00764	0.00317	0.00314
19	0.00616	0.00440	0.00587	0.00704	0.00733	0.00411	0.00469	0.00704	0.00968	0.01291	0.02787	0.81899	0.03344	0.01584	0.00645	0.00205	0.00293	0.01438	0.00469	0.00411
20	0.85801	0.00978	0.00743	0.00665	0.00978	0.01134	0.00548	0.01486	0.00861	0.02269	0.00704	0.00821	0.00548	0.00469	0.00313	0.00156	0.00391	0.00274	0.00313	0.00548
21	0.00780	0.00572	0.00751	0.00775	0.00903	0.00558	0.00632	0.01071	0.05121	0.01791	0.40286	0.04533	0.06590	0.01178	0.00635	0.00191	0.00343	0.32289	0.00513	0.00486
22	0.00622	0.00445	0.00592	0.00700	0.00735	0.00415	0.00470	0.00719	0.00996	0.01336	0.07426	0.77132	0.03432	0.01551	0.00642	0.00203	0.00290	0.01406	0.00475	0.00415
23	0.00677	0.00474	0.00609	0.00694	0.00727	0.00457	0.00473	0.00761	0.00931	0.01236	0.02441	0.49410	0.02866	0.23911	0.01187	0.00288	0.00372	0.11672	0.00424	0.00390
24	0.00613	0.00451	0.00576	0.00676	0.00726	0.00413	0.00457	0.00707	0.00995	0.01302	0.03133	0.70502	0.14518	0.01539	0.00638	0.00200	0.00288	0.01383	0.00469	0.00413
25	0.00735	0.00490	0.00552	0.00552	0.00552	0.00490	0.00306	0.00735	0.00735	0.00980	0.01593	0.03309	0.01838	0.82229	0.02574	0.00490	0.00490	0.00735	0.00306	0.00306
26	0.01352	0.82533	0.02650	0.00865	0.01298	0.02001	0.00865	0.01514	0.01027	0.01190	0.00703	0.00811	0.00649	0.00433	0.00324	0.00108	0.00541	0.00270	0.00216	0.00649
27	0.01208	0.01154	0.01955	0.14588	0.66319	0.01191	0.01515	0.01536	0.02688	0.01608	0.00966	0.01279	0.00797	0.00463	0.00502	0.00153	0.00608	0.00453	0.00252	0.00766
28	0.85801	0.00978	0.00743	0.00665	0.00978	0.01134	0.00548	0.01486	0.00861	0.02269	0.00704	0.00821	0.00548	0.00469	0.00313	0.00156	0.00391	0.00274	0.00313	0.00548
29	0.00616	0.00440	0.00587	0.00704	0.00733	0.00411	0.00469	0.00704	0.00968	0.01291	0.02787	0.81899	0.03344	0.01584	0.00645	0.00205	0.00293	0.01438	0.00469	0.00411
30	0.00616	0.00440	0.00587	0.00704	0.00733	0.00411	0.00469	0.00704	0.00968	0.01291	0.02787	0.81899	0.03344	0.01584	0.00645	0.00205	0.00293	0.01438	0.00469	0.00411
31	0.02269	0.00861	0.01174	0.00900	0.01291	0.00743	0.00743	0.02464	0.01447	0.79425	0.01995	0.01721	0.01252	0.00626	0.00509	0.00156	0.00430	0.00509	0.00626	0.00861
32	0.00598	0.00512	0.00512	0.00512	0.00683	0.00427	0.00384	0.00726	0.01153	0.01366	0.05123	0.04866	0.78869	0.01281	0.00598	0.00171	0.00256	0.01067	0.00470	0.00427
33	0.85801	0.00978	0.00743	0.00665	0.00978	0.01134	0.00548	0.01486	0.00861	0.02269	0.00704	0.00821	0.00548	0.00469	0.00313	0.00156	0.00391	0.00274	0.00313	0.00548
34	0.01889	0.02410	0.01433	0.01303	0.01563	0.80199	0.00977	0.02019	0.01433	0.01238	0.00782	0.00912	0.00651	0.00521	0.00456	0.00130	0.00912	0.00326	0.00261	0.00586
35	0.00600	0.00505	0.00520	0.00532	0.00688	0.00425	0.00393	0.00723	0.01134	0.01358	0.04883	0.12786	0.71105	0.01312	0.00603	0.00174	0.00260	0.01105	0.00470	0.00425
36	0.00620	0.00442	0.00585	0.00699	0.00727	0.00414	0.00464	0.00705	0.00960	0.01280	0.02744	0.79083	0.03291	0.04473	0.00715	0.00216	0.00300	0.01412	0.00464	0.00407
37	0.00735	0.00490	0.00552	0.00552	0.00552	0.00490	0.00306	0.00735	0.00735	0.00980	0.01593	0.03309	0.01838	0.82229	0.02574	0.00490	0.00490	0.00735	0.00306	0.00306
38	0.00627	0.00490	0.00568	0.00597	0.00713	0.00432	0.00429	0.00764	0.01150	0.01473	0.18974	0.28872	0.40454	0.01327	0.00612	0.00179	0.00264	0.01153	0.00487	0.00432
39	0.01569	0.01076	0.01141	0.00914	0.01216	0.01173	0.00742	0.49943	0.01903	0.02718	0.01371	0.01456	0.01017	0.00601	0.00451	0.00140	0.00441	0.00461	0.30948	0.00720
40	0.85801	0.00978	0.00743	0.00665	0.00978	0.01134	0.00548	0.01486	0.00861	0.02269	0.00704	0.00821	0.00548	0.00469	0.00313	0.00156	0.00391	0.00274	0.00313	0.00548
41	0.00615	0.00444	0.00582	0.00692	0.00730	0.00412	0.00464	0.00705	0.00979	0.01295	0.02930	0.77198	0.07953	0.01566	0.00643	0.00203	0.00291	0.01415	0.00469	0.00412
42	0.39371	0.00946	0.00977	0.00814	0.01155	0.00994	0.00664	0.02061	0.12535	0.33579	0.01429	0.01344	0.00981	0.00565	0.00422	0.00159	0.00408	0.00413	0.00470	0.00712
43	0.00943	0.00471	0.00471	0.00471	0.00589	0.00471	0.00353	0.01178	0.01060	0.01885	0.01650	0.01885	0.01296	0.00589	0.00353	0.00118	0.00236	0.00471	0.85036	0.00471
44	0.00694	0.00516	0.00646	0.00614	0.00742	0.00468	0.00460	0.00912	0.01380	0.01907	0.65333	0.03976	0.18322	0.01079	0.00597	0.00161	0.00242	0.00942	0.00541	0.00468
45	0.00678	0.00582	0.00589	0.00575	0.00760	0.00528	0.00435	0.00965	0.10566	0.01458	0.04748	0.04502	0.69417	0.01208	0.00587	0.00171	0.00274	0.01007	0.00475	0.00473
46	0.85801	0.00978	0.00743	0.00665	0.00978	0.01134	0.00548	0.01486	0.00861	0.02269	0.00704	0.00821	0.00548	0.00469	0.00313	0.00156	0.00391	0.00274	0.00313	0.00548
47	0.00671	0.00476	0.00615	0.00656	0.00715	0.00447	0.00448	0.00802	0.01107	0.01521	0.31072	0.41024	0.03656	0.13309	0.00912	0.00230	0.00302	0.01138	0.00478	0.00420
48	0.01035	0.02253	0.60225	0.01599	0.06876	0.01157	0.12618	0.01561	0.01095	0.01596	0.01120	0.01296	0.04263	0.00508	0.00504	0.00162	0.00731	0.00442	0.00234	0.00726
49	0.00973	0.00917	0.01549	0.76259	0.08096	0.01128	0.01413	0.01308	0.01020	0.01314	0.00902	0.01342	0.00682	0.00502	0.00505	0.00167	0.00670	0.00449	0.00226	0.00576
50	0.01258	0.01086	0.01143	0.01029	0.01315	0.01258	0.00800	0.02687	0.78161	0.02115	0.02058	0.01887	0.01544	0.00686	0.00515	0.00172	0.00400	0.00572	0.00515	0.00800
51	0.00703	0.00485	0.00599	0.00629	0.00650	0.00491	0.00396	0.00752	0.00806	0.01088	0.01863	0.23199	0.02138	0.50014	0.13569	0.00465	0.00568	0.00886	0.00343	0.00355
52	0.01094	0.01082	0.01508	0.69215	0.03199	0.09600	0.01340	0.04488	0.01112	0.01364	0.00899	0.01296	0.00679	0.00511	0.00500	0.00164	0.00695	0.00436	0.00240	0.00577
53	0.00728	0.00487	0.00554	0.00561	0.00563	0.00485	0.00316	0.00733	0.00750	0.00999	0.01666	0.08105	0.01930	0.77308	0.02456	0.00473	0.00478	0.00778	0.00316	0.00313
54	0.00735	0.00490	0.00552	0.00552	0.00552	0.00490	0.00306	0.00735	0.00735	0.00980	0.01593	0.03309	0.01838	0.82229	0.02574	0.00490	0.00490	0.00735	0.00306	0.00306
55	0.00735	0.00491	0.00556	0.00554	0.00559	0.00490	0.00312	0.00743	0.00760	0.01017	0.04290	0.03325	0.01941	0.79393	0.02505	0.00479	0.00481	0.00742	0.00315	0.00312
56	0.01194	0.01364	0.02984	0.02131	0.02643	0.01279	0.77238	0.01620	0.01194	0.01620	0.01023	0.01364	0.00767	0.00426	0.00597	0.00171	0.00853	0.00597	0.00256	0.00682
57	0.01047	0.00992	0.01682	0.56913	0.26866	0.01148	0.01450	0.01372	0.01055	0.01403	0.00915	0.01318	0.00713	0.00489	0.00504	0.00163	0.00651	0.00450	0.00233	0.00636
58	0.01111	0.01110	0.01566	0.01390	0.04043	0.01537	0.01122	0.01229	0.00788	0.01232	0.00674	0.01111	0.00669	0.00870	0.01619	0.00219	0.78485	0.00443	0.00222	0.00562
59	0.01252	0.01201	0.02053	0.03104	0.79074	0.01201	0.01552	0.01552	0.01151	0.01652	0.00951	0.01252	0.00801	0.00451	0.00501	0.00150	0.00601	0.00451	0.00250	0.00801
60	0.00707	0.00515	0.00648	0.00628	0.00739	0.00476	0.00465	0.00904	0.01302	0.01798	0.56572	0.05481	0.13152	0.09718	0.00813	0.00200	0.00280	0.04638	0.00513	0.00451
61	0.01252	0.01201	0.02053	0.03104	0.79074	0.01201	0.01552	0.01552	0.01151	0.01652	0.00951	0.01252	0.00801	0.00451	0.00501	0.00150	0.00601	0.00451	0.00250	0.00801
62	0.48096	0.00944	0.00949	0.00780	0.01129	0.00987	0.00643	0.04545	0.01158	0.34421	0.01259	0.01210	0.00852	0.00539	0.00401	0.00156	0.00413	0.00378	0.00450	0.00689
63	0.01505	0.01209	0.01282	0.01079	0.01409	0.01373	0.00860	0.30433	0.50012	0.02513	0.01745	0.01637	0.01290	0.00657	0.00511	0.00164	0.00458	0.00528	0.00511	0.00823
64	0.01011	0.00827	0.00883	0.00797	0.01028	0.00870	0.00617	0.11038	0.28706	0.01928	0.11344	0.05924	0.31055	0.00969	0.00558	0.00169	0.00344	0.00811	0.00499	0.00619
65	0.02208	0.00874	0.01167	0.00898	0.01281	0.00774	0.00741	0.06048	0.01479	0.73134	0.01946	0.01702	0.01234	0.00624	0.00503	0.00155	0.00430	0.00505	0.03450	0.00847
66	0.00735	0.00490	0.00552	0.00552	0.00552	0.00490	0.00306	0.00735	0.00735	0.00980	0.01593	0.03309	0.01838	0.82229	0.02574	0.00490	0.00490	0.00735	0.00306	0.00306
67	0.00731	0.00488	0.00553	0.00557	0.00558	0.00487	0.00313	0.00734	0.00744	0.00992	0.01639	0.06308	0.01896	0.79152	0.02500	0.00479	0.00483	0.00762	0.00313	0.00310
68	0.73332	0.00965	0.00792	0.00696	0.01004	0.01098	0.00570	0.04981	0.00989	0.05458	0.05546	0.01057	0.00849	0.00517	0.00347	0.00156	0.00391	0.00331	0.00349	0.00571
69	0.85801	0.00978	0.00743	0.00665	0.00978	0.01134	0.00548	0.01486	0.00861	0.02269	0.00704	0.00821	0.00548	0.00469	0.00313	0.00156	0.00391	0.00274	0.00313	0.00548
70	0.00598	0.00512	0.00512	0.00512	0.00683	0.00427	0.00384	0.00726	0.01153	0.01366	0.05123	0.04866	0.78869	0.01281	0.00598	0.00171	0.00256	0.01067	0.00470	0.00427
71	0.01056	0.00623	0.00766	0.00697	0.00829	0.00601	0.00495	0.06962	0.01204	0.14205	0.23963	0.12125	0.02686	0.30052	0.01288	0.00282	0.00390	0.00810	0.00464	0.00500
72	0.00642	0.00513	0.00571	0.00557	0.00706	0.00446	0.00416	0.00807	0.01243	0.01592	0.31135	0.04449	0.51082	0.02830	0.00637	0.00173	0.00255	0.01006	0.00497	0.00442
73	0.00716	0.00517	0.00676	0.00636	0.00755	0.00477	0.00477	0.00954	0.01431	0.02028	0.78808	0.03777	0.04771	0.01034	0.00596	0.00159	0.00239	0.00914	0.00557	0.00477
74	0.00616	0.00440	0.00587	0.00704	0.00733	0.00411	0.00469	0.00704	0.00968	0.01291	0.02787	0.81899	0.03344	0.01584	0.00645	0.00205	0.00293	0.01438	0.00469	0.00411
75	0.00668	0.00477	0.00616	0.00705	0.00764	0.00451	0.00504	0.00785	0.01018	0.01350	0.05685	0.51730	0.09727	0.07848	0.00794	0.00226	0.00331	0.13604	0.02299	0.00417
76	0.85801	0.00978	0.00743	0.00665	0.00978	0.01134	0.00548	0.01486	0.00861	0.02269	0.00704	0.00821	0.00548	0.00469	0.00313	0.00156	0.00391	0.00274	0.00313	0.00548
77	0.00747	0.00505	0.00673	0.00673	0.00711	0.00543	0.00458	0.00796	0.00758	0.01048	0.01407	0.02543	0.01483	0.39796	0.34805	0.10953	0.00844	0.00619	0.00281	0.00356
78	0.01049	0.00899	0.01049	0.00749	0.01198	0.00674	0.00599	0.01273	0.01049	0.01648	0.00899	0.01049	0.00749	0.00374	0.00374	0.00075	0.00374	0.00300	0.00300	0.85320
79	0.00630	0.00479	0.00585	0.00662	0.00749	0.00434	0.00476	0.00747	0.01051	0.01339	0.03569	0.47895	0.28957	0.01462	0.00635	0.00196	0.00298	0.08944	0.00469	0.00422
80	0.00607	0.00512	0.00523	0.00520	0.00685	0.00431	0.00389	0.00740	0.01163	0.01400	0.09562	0.04775	0.73110	0.02566	0.00629	0.00175	0.00259	0.01053	0.00472	0.00428
81	0.85801	0.00978	0.00743	0.00665	0.00978	0.01134	0.00548	0.01486	0.00861	0.02269	0.00704	0.00821	0.00548	0.00469	0.00313	0.00156	0.00391	0.00274	0.00313	0.00548
82	0.00815	0.00582	0.00815	0.00931	0.01048	0.00582	0.00815	0.01048	0.01164	0.01513	0.02677	0.05704	0.02910	0.01397	0.00698	0.00233	0.00466	0.75671	0.00466	0.00466
83	0.00661	0.00507	0.00573	0.00582	0.00720	0.00440	0.00427	0.00804	0.01177	0.03191	0.18990	0.19628	0.47946	0.01277	0.00605	0.00175	0.00264	0.01097	0.00490	0.00443
84	0.00613	0.00510	0.00535	0.00535	0.00694	0.00432	0.00399	0.00753	0.01180	0.01444	0.14043	0.07603	0.66998	0.01262	0.00599	0.00171	0.00255	0.01062	0.00480	0.00432
85	0.01014	0.02616	0.79609	0.01441	0.02189	0.01174	0.01868	0.01601	0.01068	0.01601	0.00907	0.01068	0.00641	0.00480	0.00480	0.00160	0.00747	0.00374	0.00214	0.00747
86	0.01447	0.01086	0.01206	0.01031	0.01320	0.01185	0.00841	0.42593	0.12303	0.02474	0.01902	0.10553	0.04487	0.00887	0.00560	0.00175	0.00480	0.14257	0.00495	0.00718
87	0.00722	0.00542	0.00813	0.00813	0.00903	0.00632	0.00632	0.00903	0.00813	0.01174	0.01354	0.01987	0.01264	0.03792	0.80225	0.00813	0.01354	0.00542	0.00271	0.00451
88	0.85801	0.00978	0.00743	0.00665	0.00978	0.01134	0.00548	0.01486	0.00861	0.02269	0.00704	0.00821	0.00548	0.00469	0.00313	0.00156	0.00391	0.00274	0.00313	0.00548
89	0.00735	0.00490	0.00552	0.00552	0.00552	0.00490	0.00306	0.00735	0.00735	0.00980	0.01593	0.03309	0.01838	0.82229	0.02574	0.00490	0.00490	0.00735	0.00306	0.00306
90	0.00687	0.00500	0.00548	0.00545	0.00612	0.00468	0.00346	0.00749	0.00931	0.01193	0.08827	0.03872	0.28110	0.48510	0.01751	0.00356	0.00391	0.00862	0.00381	0.00360
91	0.01363	0.00635	0.00858	0.00784	0.00984	0.00566	0.00592	0.01515	0.01229	0.36211	0.10249	0.38111	0.02558	0.01100	0.00579	0.00179	0.00349	0.00969	0.00548	0.00618
92	0.00616	0.00440	0.00587	0.00704	0.00733	0.00411	0.00469	0.00704	0.00968	0.01291	0.02787	0.81899	0.03344	0.01584	0.00645	0.00205	0.00293	0.01438	0.00469	0.00411
93	0.00735	0.00490	0.00552	0.00552	0.00552	0.00490	0.00306	0.00735	0.00735	0.00980	0.01593	0.03309	0.01838	0.82229	0.02574	0.00490	0.00490	0.00735	0.00306	0.00306
94	0.14331	0.01352	0.01403	0.01090	0.01481	0.01504	0.00900	0.66159	0.02153	0.03051	0.01139	0.01156	0.00814	0.00587	0.00477	0.00152	0.00532	0.00428	0.00477	0.00814
95	0.85801	0.00978	0.00743	0.00665	0.00978	0.01134	0.00548	0.01486	0.00861	0.02269	0.00704	0.00821	0.00548	0.00469	0.00313	0.00156	0.00391	0.00274	0.00313	0.00548
96	0.00735	0.00490	0.00552	0.00552	0.00552	0.00490	0.00306	0.00735	0.00735	0.00980	0.01593	0.03309	0.01838	0.82229	0.02574	0.00490	0.00490	0.00735	0.00306	0.00306
97	0.00717	0.00486	0.00554	0.00566	0.00576	0.00479	0.00327	0.00732	0.00777	0.01029	0.01866	0.11779	0.05156	0.70286	0.02287	0.00447	0.00460	0.00824	0.00331	0.00322
98	0.01057	0.00927	0.01167	0.00833	0.01287	0.00711	0.05276	0.01294	0.01057	0.01646	0.00906	0.01068	0.00750	0.00378	0.00388	0.00081	0.00404	0.00318	0.00297	0.80155
99	0.00851	0.00547	0.00719	0.00659	0.00802	0.00500	0.00500	0.01086	0.01433	0.08755	0.72131	0.03599	0.04465	0.00998	0.00589	0.00159	0.00255	0.00879	0.00563	0.00510
100	0.02119	0.00894	0.01169	0.00919	0.01294	0.00819	0.00752	0.02497	0.12797	0.67987	0.02004	0.01746	0.01295	0.00635	0.00509	0.00159	0.00426	0.00518	0.00609	0.00852
101	0.00610	0.00513	0.00530	0.00526	0.00691	0.00432	0.00394	0.00750	0.01183	0.01437	0.13060	0.04749	0.70887	0.01254	0.00598	0.00169	0.00254	0.01051	0.00479	0.00432
102	0.10683	0.02169	0.09791	0.01274	0.01613	0.54755	0.04151	0.07037	0.01388	0.01535	0.00826	0.00958	0.00658	0.00513	0.00453	0.00139	0.00812	0.00345	0.00278	0.00622
103	0.00735	0.00490	0.00552	0.00552	0.00552	0.00490	0.00306	0.00735	0.00735	0.00980	0.01593	0.03309	0.01838	0.82229	0.02574	0.00490	0.00490	0.00735	0.00306	0.00306
104	0.00616	0.00440	0.00587	0.00704	0.00733	0.00411	0.00469	0.00704	0.00968	0.01291	0.02787	0.81899	0.03344	0.01584	0.00645	0.00205	0.00293	0.01438	0.00469	0.00411
105	0.32889	0.01019	0.01227	0.37008	0.02211	0.01205	0.01006	0.14634	0.01193	0.01988	0.00881	0.01128	0.00659	0.00510	0.00433	0.00161	0.00548	0.00385	0.00307	0.00608
106	0.00955	0.00899	0.01517	0.81013	0.03483	0.01123	0.01404	0.01292	0.01011	0.01292	0.00899	0.01348	0.00674	0.00506	0.00506	0.00169	0.00674	0.00449	0.00225	0.00562
107	0.00708	0.00517	0.00666	0.00628	0.00751	0.00474	0.00471	0.00940	0.01414	0.01987	0.74221	0.03845	0.09383	0.01049	0.00596	0.00160	0.00240	0.00924	0.00551	0.00474
108	0.01049	0.00899	0.01049	0.00749	0.01198	0.00674	0.00599	0.01273	0.01049	0.01648	0.00899	0.01049	0.00749	0.00374	0.00374	0.00075	0.00374	0.00300	0.00300	0.85320
109	0.00681	0.00514	0.00629	0.00603	0.00735	0.00462	0.00451	0.00885	0.01344	0.01828	0.56690	0.05809	0.25288	0.01114	0.00598	0.00163	0.00245	0.00968	0.00531	0.00462
110	0.00613	0.00451	0.00576	0.00676	0.00726	0.00413	0.00457	0.00707	0.00995	0.01302	0.03133	0.70502	0.14518	0.01539	0.00638	0.00200	0.00288	0.01383	0.00469	0.00413
111	0.85801	0.00978	0.00743	0.00665	0.00978	0.01134	0.00548	0.01486	0.00861	0.02269	0.00704	0.00821	0.00548	0.00469	0.00313	0.00156	0.00391	0.00274	0.00313	0.00548
112	0.01827	0.01610	0.01468	0.03970	0.01613	0.20485	0.00964	0.51079	0.05912	0.02562	0.01135	0.01176	0.00835	0.00582	0.00491	0.00146	0.00634	0.00426	0.00433	0.02651
113	0.00656	0.00478	0.00564	0.00606	0.00666	0.00444	0.00399	0.00736	0.00969	0.01260	0.07980	0.33919	0.20802	0.26754	0.01235	0.00283	0.00343	0.01095	0.00424	0.00386
114	0.00636	0.00457	0.00572	0.00656	0.00695	0.00427	0.00431	0.00712	0.00946	0.01243	0.02819	0.59461	0.11095	0.16179	0.00990	0.00253	0.00325	0.01271	0.00440	0.00394
115	0.01890	0.02389	0.01435	0.01300	0.01563	0.78530	0.00977	0.03618	0.01453	0.01279	0.00791	0.00918	0.00656	0.00523	0.00457	0.00131	0.00904	0.00328	0.00266	0.00592
116	0.00899	0.00620	0.00843	0.09337	0.01206	0.00635	0.00711	0.01180	0.07805	0.07964	0.02479	0.37496	0.04284	0.01254	0.00621	0.00201	0.00400	0.21093	0.00459	0.00514
117	0.01049	0.00899	0.01049	0.00749	0.01198	0.00674	0.00599	0.01273	0.01049	0.01648	0.00899	0.01049	0.00749	0.00374	0.00374	0.00075	0.00374	0.00300	0.00300	0.85320
118	0.26516	0.00640	0.00606	0.00584	0.00700	0.00676	0.00392	0.00961	0.00829	0.01424	0.01780	0.04248	0.10937	0.45948	0.01608	0.00344	0.00428	0.00650	0.00332	0.00396
119	0.00704	0.00542	0.00661	0.00709	0.00848	0.00499	0.00581	0.00888	0.01184	0.01499	0.11862	0.06300	0.37130	0.01309	0.00642	0.00197	0.00345	0.33176	0.00477	0.00449
120	0.01518	0.01418	0.04197	0.01678	0.02147	0.01407	0.40975	0.35809	0.01725	0.02326	0.01106	0.01289	0.00806	0.00509	0.00553	0.00162	0.00716	0.00527	0.00368	0.00764
121	0.01168	0.01088	0.01755	0.32590	0.37600	0.01195	0.02927	0.05047	0.08544	0.01629	0.01051	0.01350	0.00826	0.00501	0.00506	0.00160	0.00613	0.00465	0.00278	0.00710
122	0.00793	0.00669	0.00713	0.00718	0.00863	0.03327	0.00526	0.01180	0.16383	0.01569	0.12897	0.28418	0.27623	0.01202	0.00591	0.00179	0.00317	0.01042	0.00482	0.00507
123	0.00699	0.00516	0.00653	0.00619	0.00745	0.00470	0.00464	0.00922	0.01392	0.01935	0.68521	0.03929	0.15115	0.01068	0.00597	0.00161	0.00241	0.00936	0.00544	0.00470
124	0.01326	0.29326	0.04287	0.01574	0.04631	0.01553	0.36034	0.09720	0.03794	0.01656	0.00962	0.01165	0.00760	0.00458	0.00485	0.00146	0.00688	0.00459	0.00276	0.00699
125	0.01131	0.00997	0.01677	0.10900	0.52771	0.01021	0.01291	0.01330	0.01039	0.01456	0.00990	0.01471	0.00875	0.00747	0.00800	0.17008	0.00572	0.03026	0.00249	0.00649
126	0.00656	0.00513	0.00607	0.00703	0.00755	0.03040	0.00477	0.00750	0.01003	0.01297	0.02971	0.70992	0.11334	0.01517	0.00634	0.00199	0.00310	0.01361	0.00463	0.00418
127	0.42236	0.04521	0.09437	0.00876	0.01248	0.03797	0.00796	0.01814	0.03764	0.22784	0.01121	0.01138	0.00793	0.00534	0.00440	0.00157	0.03129	0.00365	0.00385	0.00667
128	0.67585	0.13011	0.01011	0.00686	0.01001	0.01217	0.00581	0.01440	0.00891	0.02035	0.00880	0.01038	0.03186	0.03293	0.00402	0.00161	0.00412	0.00315	0.00304	0.00550
129	0.04754	0.51891	0.17703	0.01221	0.09790	0.01701	0.01128	0.04135	0.01088	0.01433	0.00788	0.00923	0.00667	0.00451	0.00380	0.00126	0.00582	0.00317	0.00233	0.00688
130	0.25950	0.01077	0.01204	0.12785	0.01603	0.01207	0.00868	0.24652	0.04699	0.13965	0.01203	0.01370	0.00891	0.00594	0.00497	0.00162	0.03265	0.02892	0.00416	0.00700
131	0.05515	0.20722	0.01666	0.01191	0.03982	0.41345	0.00928	0.01933	0.12631	0.01417	0.00950	0.01046	0.00783	0.00533	0.00470	0.00136	0.03471	0.00355	0.00289	0.00637
132	0.03906	0.00900	0.01479	0.75621	0.03325	0.01111	0.01353	0.01337	0.01020	0.03899	0.00928	0.01342	0.00689	0.00508	0.00499	0.00168	0.00656	0.00445	0.00241	0.00571
133	0.01285	0.13199	0.04068	0.01023	0.01351	0.01375	0.00852	0.04937	0.61611	0.01996	0.01790	0.01677	0.01358	0.00639	0.00485	0.00161	0.00438	0.00517	0.00460	0.00778
134	0.01231	0.15898	0.01461	0.10798	0.01574	0.01357	0.00880	0.02256	0.52106	0.01830	0.01631	0.01597	0.01248	0.00607	0.00474	0.00156	0.00459	0.00493	0.00418	0.03527
135	0.00975	0.17570	0.01235	0.00813	0.00993	0.06803	0.00666	0.01174	0.01257	0.01681	0.45982	0.02609	0.03060	0.00951	0.03373	0.00176	0.09060	0.00675	0.00419	0.00528

[dist]
# distance from previous block
# <min> <max>
0	51

# created by:
# /st0/software/busco_prod/Augustus/scripts/msa2prfl.pl ./align_prep/72254.fa
