[name]
unknown

[dist]
# distance from previous block
# <min> <max>
0	38

[block]
# block no. 0 follows, 55 sequences, length 22
# corresponding to MSA columns:
# 38-59
name=unknown_A
#
# <colnr> <probs for GDERKNQSTAVLIFYWHMCP>
#	G	D	E	R	K	N	Q	S	T	A	V	L	I	F	Y	W	H	M	C	P
0	0.00661	0.00476	0.00629	0.00620	0.00723	0.00445	0.00472	0.00868	0.01255	0.01758	0.65515	0.10255	0.04093	0.01029	0.00563	0.00157	0.00247	0.09305	0.00496	0.00433
1	0.01244	0.83930	0.02438	0.00796	0.01194	0.01841	0.00796	0.01393	0.00945	0.01095	0.00647	0.00746	0.00597	0.00398	0.00299	0.00100	0.00498	0.00249	0.00199	0.00597
2	0.01151	0.01105	0.01888	0.02855	0.80748	0.01105	0.01428	0.01428	0.01059	0.01520	0.00875	0.01151	0.00737	0.00415	0.00461	0.00138	0.00553	0.00415	0.00230	0.00737
3	0.00550	0.00471	0.00471	0.00471	0.00628	0.00393	0.00353	0.00668	0.01060	0.01257	0.04713	0.04477	0.80560	0.01178	0.00550	0.00157	0.00236	0.00982	0.00432	0.00393
4	0.00989	0.17125	0.67012	0.01230	0.01866	0.01218	0.01552	0.01459	0.00976	0.01405	0.00801	0.00940	0.00591	0.00434	0.00416	0.00139	0.00653	0.00327	0.00197	0.00671
5	0.00750	0.00535	0.00750	0.00857	0.00964	0.00535	0.00750	0.00964	0.01071	0.01392	0.02463	0.05248	0.02677	0.01285	0.00643	0.00214	0.00428	0.77617	0.00428	0.00428
6	0.01768	0.01303	0.01396	0.01070	0.01443	0.01443	0.00884	0.79197	0.02187	0.02932	0.01117	0.01117	0.00791	0.00558	0.00465	0.00140	0.00512	0.00419	0.00465	0.00791
7	0.00567	0.00405	0.00540	0.00648	0.00675	0.00378	0.00432	0.00648	0.00891	0.01188	0.02564	0.83347	0.03077	0.01457	0.00594	0.00189	0.00270	0.01323	0.00432	0.00378
8	0.01224	0.78623	0.07568	0.00831	0.01247	0.01791	0.00856	0.01398	0.00948	0.01119	0.00659	0.00762	0.00597	0.00401	0.00308	0.00103	0.00510	0.00255	0.00199	0.00603
9	0.01145	0.58090	0.27415	0.00964	0.01454	0.01600	0.01089	0.01418	0.00957	0.01215	0.00706	0.00821	0.00595	0.00412	0.00344	0.00115	0.00558	0.00279	0.00198	0.00626
10	0.00550	0.00471	0.00471	0.00471	0.00628	0.00393	0.00353	0.00668	0.01060	0.01257	0.04713	0.04477	0.80560	0.01178	0.00550	0.00157	0.00236	0.00982	0.00432	0.00393
11	0.00550	0.00471	0.00471	0.00471	0.00628	0.00393	0.00353	0.00668	0.01060	0.01257	0.04713	0.04477	0.80560	0.01178	0.00550	0.00157	0.00236	0.00982	0.00432	0.00393
12	0.01174	0.01179	0.05688	0.02686	0.72685	0.01122	0.01413	0.05614	0.01116	0.01594	0.00886	0.01141	0.00733	0.00424	0.00460	0.00139	0.00557	0.00411	0.00241	0.00737
13	0.01705	0.01253	0.01440	0.01104	0.01475	0.01367	0.05671	0.65284	0.07135	0.06983	0.01195	0.01191	0.00846	0.00554	0.00471	0.00142	0.00513	0.00436	0.00458	0.00778
14	0.01363	0.01528	0.01697	0.01366	0.01676	0.30246	0.24834	0.04604	0.20837	0.01510	0.01089	0.01208	0.00844	0.00509	0.00528	0.00145	0.04646	0.00442	0.00303	0.00623
15	0.01035	0.00987	0.01678	0.36796	0.47716	0.01075	0.01370	0.01326	0.01004	0.01379	0.00855	0.01189	0.00687	0.00436	0.00463	0.00145	0.00581	0.00414	0.00220	0.00643
16	0.06592	0.01048	0.01309	0.03510	0.10515	0.01080	0.06112	0.28608	0.10108	0.02072	0.02752	0.01413	0.06066	0.00536	0.00445	0.00132	0.00459	0.00447	0.00369	0.16426
17	0.06800	0.01109	0.01712	0.05404	0.10868	0.02673	0.25972	0.15820	0.12209	0.03099	0.01334	0.01581	0.04776	0.00547	0.00492	0.00152	0.00567	0.03898	0.00336	0.00653
18	0.04942	0.00991	0.01406	0.26652	0.27018	0.04317	0.01091	0.07618	0.02886	0.06289	0.00980	0.01297	0.00789	0.05875	0.00571	0.00160	0.00540	0.00417	0.00277	0.05885
19	0.26296	0.00923	0.01242	0.10231	0.31314	0.00954	0.00936	0.01288	0.00946	0.01628	0.00996	0.04755	0.03358	0.00486	0.00402	0.00135	0.00450	0.00405	0.00267	0.12988
20	0.15492	0.00886	0.01147	0.21678	0.09778	0.00900	0.00849	0.06587	0.01056	0.07041	0.03491	0.01153	0.00805	0.00447	0.00401	0.00123	0.00449	0.00362	0.00297	0.27059
21	0.36604	0.01081	0.01359	0.03855	0.01454	0.07548	0.21519	0.05605	0.03612	0.01827	0.08484	0.01229	0.00992	0.00487	0.00416	0.00145	0.00515	0.00416	0.00304	0.02547

[dist]
# distance from previous block
# <min> <max>
18	49

[block]
# block no. 1 follows, 55 sequences, length 6
# corresponding to MSA columns:
# 114-119
name=unknown_B
#
# <colnr> <probs for GDERKNQSTAVLIFYWHMCP>
#	G	D	E	R	K	N	Q	S	T	A	V	L	I	F	Y	W	H	M	C	P
0	0.51057	0.00955	0.00953	0.11950	0.01345	0.01082	0.00700	0.15970	0.01123	0.09727	0.00874	0.00969	0.00636	0.00474	0.00363	0.00145	0.00427	0.00326	0.00338	0.00587
1	0.00919	0.00615	0.00779	0.00762	0.04897	0.00589	0.00547	0.01260	0.11198	0.12173	0.45263	0.03033	0.14374	0.00867	0.00524	0.00149	0.00281	0.00751	0.00490	0.00531
2	0.00875	0.00552	0.00810	0.03255	0.00960	0.00513	0.05971	0.01005	0.00992	0.14499	0.02402	0.50125	0.08412	0.03952	0.00624	0.00185	0.00346	0.03624	0.00430	0.00468
3	0.01236	0.01132	0.01821	0.02611	0.69875	0.01152	0.01353	0.12090	0.01214	0.01713	0.00908	0.01147	0.00744	0.00434	0.00461	0.00138	0.00547	0.00415	0.00263	0.00744
4	0.79349	0.01017	0.00740	0.00664	0.00948	0.08234	0.00539	0.01411	0.00839	0.02003	0.00654	0.00763	0.00512	0.00436	0.00300	0.00142	0.00403	0.00256	0.00284	0.00507
5	0.00895	0.00827	0.01315	0.67243	0.02812	0.00956	0.01154	0.01185	0.00937	0.01250	0.00827	0.01189	0.00633	0.00443	0.00443	0.00139	0.00569	0.00388	0.00220	0.16579

[dist]
# distance from previous block
# <min> <max>
3	17

[block]
# block no. 2 follows, 55 sequences, length 8
# corresponding to MSA columns:
# 141-148
name=unknown_C
#
# <colnr> <probs for GDERKNQSTAVLIFYWHMCP>
#	G	D	E	R	K	N	Q	S	T	A	V	L	I	F	Y	W	H	M	C	P
0	0.05083	0.00852	0.01073	0.07839	0.01337	0.00829	0.00725	0.08857	0.10584	0.41602	0.01574	0.05947	0.01135	0.00589	0.00454	0.00141	0.00408	0.00483	0.00470	0.10018
1	0.01077	0.01006	0.01633	0.32444	0.39969	0.01127	0.01308	0.06267	0.01054	0.01452	0.00850	0.01171	0.00686	0.00476	0.00552	0.00150	0.07490	0.00414	0.00234	0.00639
2	0.00772	0.00561	0.00697	0.00670	0.00725	0.00613	0.00465	0.07338	0.00847	0.01161	0.01453	0.11168	0.01573	0.42913	0.22052	0.00458	0.05187	0.00665	0.00301	0.00381
3	0.20640	0.00863	0.00972	0.00881	0.06117	0.00868	0.00644	0.08599	0.09896	0.17637	0.03781	0.03390	0.01093	0.07516	0.00572	0.00159	0.00392	0.00435	0.00386	0.15157
4	0.00879	0.00827	0.01395	0.82532	0.03204	0.01034	0.01292	0.01189	0.00930	0.01189	0.00827	0.01240	0.00620	0.00465	0.00465	0.00155	0.00620	0.00413	0.00207	0.00517
5	0.80725	0.00892	0.00713	0.00628	0.00921	0.01017	0.00517	0.01433	0.00831	0.07869	0.00735	0.00816	0.00551	0.00442	0.00301	0.00144	0.00363	0.00268	0.00309	0.00525
6	0.01244	0.83930	0.02438	0.00796	0.01194	0.01841	0.00796	0.01393	0.00945	0.01095	0.00647	0.00746	0.00597	0.00398	0.00299	0.00100	0.00498	0.00249	0.00199	0.00597
7	0.00658	0.00476	0.00622	0.00585	0.00695	0.00439	0.00439	0.00878	0.01317	0.01866	0.80503	0.03475	0.04390	0.00951	0.00549	0.00146	0.00219	0.00841	0.00512	0.00439

[dist]
# distance from previous block
# <min> <max>
0	1

[block]
# block no. 3 follows, 55 sequences, length 15
# corresponding to MSA columns:
# 150-164
name=unknown_D
#
# <colnr> <probs for GDERKNQSTAVLIFYWHMCP>
#	G	D	E	R	K	N	Q	S	T	A	V	L	I	F	Y	W	H	M	C	P
0	0.11796	0.01256	0.01312	0.01016	0.01379	0.01396	0.00839	0.70033	0.02023	0.02832	0.01062	0.01074	0.00757	0.00544	0.00444	0.00140	0.00494	0.00399	0.00444	0.00757
1	0.02054	0.00844	0.01112	0.00853	0.01214	0.00762	0.00704	0.10183	0.01420	0.73031	0.01761	0.01535	0.01115	0.00574	0.00468	0.00144	0.00408	0.00463	0.00564	0.00792
2	0.00808	0.00404	0.00606	0.00606	0.00606	0.00404	0.00404	0.00606	0.00606	0.00808	0.00808	0.01414	0.00808	0.01616	0.01818	0.86465	0.00404	0.00404	0.00202	0.00202
3	0.01151	0.01105	0.01888	0.02855	0.80748	0.01105	0.01428	0.01428	0.01059	0.01520	0.00875	0.01151	0.00737	0.00415	0.00461	0.00138	0.00553	0.00415	0.00230	0.00737
4	0.01018	0.01018	0.01425	0.01221	0.01221	0.01425	0.01018	0.01120	0.00712	0.01120	0.00611	0.01018	0.00611	0.00814	0.01527	0.00204	0.82799	0.00407	0.00204	0.00509
5	0.01244	0.83930	0.02438	0.00796	0.01194	0.01841	0.00796	0.01393	0.00945	0.01095	0.00647	0.00746	0.00597	0.00398	0.00299	0.00100	0.00498	0.00249	0.00199	0.00597
6	0.00753	0.00553	0.00791	0.00946	0.05335	0.00551	0.00754	0.00957	0.01052	0.01378	0.02386	0.13057	0.02611	0.01255	0.00628	0.00207	0.00419	0.65508	0.00418	0.00440
7	0.00667	0.00487	0.00689	0.00689	0.00752	0.00550	0.00509	0.00793	0.00730	0.01037	0.01299	0.02123	0.01291	0.22948	0.62523	0.00676	0.01053	0.00542	0.00257	0.00383
8	0.01071	0.38660	0.46197	0.01090	0.01649	0.01419	0.01308	0.01438	0.00966	0.01305	0.00751	0.00877	0.00593	0.00422	0.00378	0.00126	0.00603	0.00302	0.00198	0.00647
9	0.76541	0.00922	0.00747	0.00646	0.00947	0.01047	0.00532	0.06521	0.00894	0.02112	0.00689	0.00791	0.00533	0.00435	0.00303	0.00140	0.00369	0.00264	0.00299	0.05269
10	0.23466	0.00877	0.00934	0.00721	0.01085	0.00813	0.00583	0.05728	0.05388	0.11154	0.00974	0.01034	0.00742	0.00422	0.00358	0.00106	0.00365	0.00314	0.00336	0.44601
11	0.01019	0.00971	0.01650	0.41384	0.43251	0.01071	0.01362	0.01312	0.00997	0.01360	0.00852	0.01194	0.00680	0.00439	0.00463	0.00146	0.00585	0.00414	0.00219	0.00630
12	0.05826	0.00949	0.01564	0.44181	0.35924	0.01065	0.01305	0.01300	0.00977	0.01379	0.00837	0.01175	0.00663	0.00442	0.00453	0.00147	0.00577	0.00405	0.00221	0.00609
13	0.37910	0.01257	0.01150	0.02752	0.12703	0.21609	0.04795	0.03311	0.01048	0.01702	0.05181	0.02968	0.00856	0.00496	0.00389	0.00139	0.00531	0.00368	0.00283	0.00553
14	0.19895	0.00848	0.00914	0.14007	0.01332	0.06167	0.00696	0.06537	0.01124	0.14851	0.06124	0.06232	0.13797	0.00719	0.00458	0.00152	0.00422	0.04799	0.00382	0.00544

[dist]
# distance from previous block
# <min> <max>
3	19

[block]
# block no. 4 follows, 55 sequences, length 89
# corresponding to MSA columns:
# 184-272
name=unknown_E
#
# <colnr> <probs for GDERKNQSTAVLIFYWHMCP>
#	G	D	E	R	K	N	Q	S	T	A	V	L	I	F	Y	W	H	M	C	P
0	0.56032	0.12396	0.13164	0.00768	0.01135	0.01154	0.00745	0.02896	0.02322	0.04758	0.00751	0.00844	0.00575	0.00440	0.00326	0.00139	0.00433	0.00281	0.00279	0.00564
1	0.06960	0.00870	0.00994	0.00786	0.01108	0.00832	0.00632	0.16577	0.07985	0.17567	0.11040	0.02868	0.04179	0.00582	0.00435	0.00124	0.00370	0.00471	0.00426	0.25195
2	0.07246	0.00930	0.01068	0.00885	0.01199	0.00974	0.00711	0.08638	0.35216	0.35343	0.01723	0.01556	0.01195	0.00589	0.00458	0.00150	0.00391	0.00475	0.00504	0.00749
3	0.01058	0.01006	0.01708	0.23833	0.57301	0.01060	0.01355	0.01336	0.01019	0.01420	0.00925	0.04205	0.00792	0.00466	0.00467	0.00144	0.00560	0.00448	0.00231	0.00665
4	0.00567	0.00405	0.00540	0.00648	0.00675	0.00378	0.00432	0.00648	0.00891	0.01188	0.02564	0.83347	0.03077	0.01457	0.00594	0.00189	0.00270	0.01323	0.00432	0.00378
5	0.00605	0.00456	0.00566	0.00627	0.00717	0.00418	0.00468	0.00735	0.01017	0.01313	0.10785	0.37276	0.26466	0.01292	0.00585	0.00180	0.00284	0.15374	0.00439	0.00398
6	0.00658	0.00476	0.00622	0.00585	0.00695	0.00439	0.00439	0.00878	0.01317	0.01866	0.80503	0.03475	0.04390	0.00951	0.00549	0.00146	0.00219	0.00841	0.00512	0.00439
7	0.24299	0.01196	0.01184	0.00938	0.01282	0.04249	0.00771	0.50711	0.01730	0.07787	0.01026	0.01042	0.00732	0.00523	0.00417	0.00140	0.00476	0.00374	0.00417	0.00706
8	0.01738	0.02217	0.01318	0.01199	0.01438	0.81783	0.00899	0.01858	0.01318	0.01139	0.00719	0.00839	0.00599	0.00479	0.00419	0.00120	0.00839	0.00300	0.00240	0.00539
9	0.00567	0.00405	0.00540	0.00648	0.00675	0.00378	0.00432	0.00648	0.00891	0.01188	0.02564	0.83347	0.03077	0.01457	0.00594	0.00189	0.00270	0.01323	0.00432	0.00378
10	0.01244	0.83930	0.02438	0.00796	0.01194	0.01841	0.00796	0.01393	0.00945	0.01095	0.00647	0.00746	0.00597	0.00398	0.00299	0.00100	0.00498	0.00249	0.00199	0.00597
11	0.00742	0.00534	0.00700	0.00679	0.00750	0.00589	0.00489	0.05932	0.00816	0.01135	0.01320	0.02237	0.01337	0.33341	0.46677	0.00596	0.00900	0.00560	0.00276	0.00390
12	0.78640	0.00939	0.00753	0.00656	0.00953	0.01083	0.00541	0.08949	0.00928	0.02170	0.00693	0.00791	0.00532	0.00444	0.00305	0.00144	0.00375	0.00268	0.00305	0.00532
13	0.00658	0.00476	0.00622	0.00585	0.00695	0.00439	0.00439	0.00878	0.01317	0.01866	0.80503	0.03475	0.04390	0.00951	0.00549	0.00146	0.00219	0.00841	0.00512	0.00439
14	0.01754	0.01296	0.01388	0.01067	0.01437	0.01436	0.00881	0.77334	0.04075	0.02908	0.01136	0.01132	0.00806	0.00560	0.00466	0.00140	0.00508	0.00421	0.00466	0.00790
15	0.01282	0.30316	0.30137	0.01106	0.01559	0.25646	0.01155	0.01562	0.01071	0.01243	0.00735	0.00858	0.00595	0.00438	0.00386	0.00123	0.00668	0.00298	0.00210	0.00612
16	0.01453	0.01124	0.01205	0.00999	0.01311	0.01264	0.00803	0.37499	0.40941	0.04439	0.01547	0.01512	0.01148	0.00608	0.00473	0.00150	0.00436	0.01859	0.00472	0.00757
17	0.01244	0.83930	0.02438	0.00796	0.01194	0.01841	0.00796	0.01393	0.00945	0.01095	0.00647	0.00746	0.00597	0.00398	0.00299	0.00100	0.00498	0.00249	0.00199	0.00597
18	0.00557	0.00472	0.00481	0.00479	0.00633	0.00396	0.00359	0.00681	0.01077	0.01297	0.09702	0.04411	0.75545	0.01163	0.00550	0.00156	0.00235	0.00973	0.00437	0.00396
19	0.01356	0.01511	0.01647	0.03841	0.35111	0.30976	0.07035	0.01674	0.08211	0.01400	0.00908	0.01096	0.00740	0.00465	0.00472	0.00136	0.02128	0.00392	0.00255	0.00646
20	0.00948	0.02314	0.75961	0.01301	0.01961	0.01085	0.01654	0.01539	0.06178	0.01504	0.00905	0.01032	0.00644	0.00454	0.00444	0.00148	0.00667	0.00356	0.00215	0.00691
21	0.00567	0.00405	0.00540	0.00648	0.00675	0.00378	0.00432	0.00648	0.00891	0.01188	0.02564	0.83347	0.03077	0.01457	0.00594	0.00189	0.00270	0.01323	0.00432	0.00378
22	0.00677	0.00451	0.00507	0.00507	0.00507	0.00451	0.00282	0.00677	0.00677	0.00902	0.01466	0.03044	0.01691	0.83650	0.02368	0.00451	0.00451	0.00677	0.00282	0.00282
23	0.01610	0.01374	0.06475	0.01032	0.01355	0.25235	0.04553	0.02020	0.16257	0.29186	0.01535	0.01467	0.04651	0.00568	0.00460	0.00141	0.00554	0.00448	0.00407	0.00672
24	0.01062	0.36255	0.48521	0.01106	0.01673	0.01396	0.01336	0.01440	0.00967	0.01316	0.00757	0.00884	0.00593	0.00424	0.00382	0.00127	0.00609	0.00304	0.00198	0.00650
25	0.00668	0.00452	0.00505	0.00505	0.00515	0.00447	0.00287	0.00676	0.00702	0.00925	0.01680	0.03139	0.06884	0.78221	0.02248	0.00432	0.00437	0.00697	0.00292	0.00289
26	0.86937	0.00900	0.00684	0.00612	0.00900	0.01044	0.00504	0.01368	0.00792	0.02087	0.00648	0.00756	0.00504	0.00432	0.00288	0.00144	0.00360	0.00252	0.00288	0.00504
27	0.00969	0.00831	0.00967	0.00695	0.01105	0.00632	0.00555	0.01199	0.02638	0.01525	0.00849	0.00981	0.00705	0.00351	0.00347	0.00071	0.00345	0.00281	0.00280	0.84677
28	0.00614	0.00443	0.00591	0.00689	0.00745	0.00420	0.00507	0.00734	0.00956	0.01261	0.04775	0.57608	0.07017	0.01386	0.00602	0.00192	0.00306	0.20327	0.00433	0.00393
29	0.01121	0.01074	0.01834	0.11687	0.72153	0.01097	0.01413	0.01401	0.01045	0.01483	0.00870	0.01161	0.00724	0.00420	0.00461	0.00140	0.00560	0.00414	0.00228	0.00713
30	0.01428	0.01209	0.01661	0.02018	0.42889	0.04932	0.03184	0.27475	0.03333	0.05780	0.01020	0.01163	0.00784	0.00478	0.00463	0.00139	0.00546	0.00419	0.00332	0.00746
31	0.01993	0.00771	0.01049	0.00812	0.01155	0.00668	0.00668	0.02176	0.01331	0.75856	0.07014	0.01708	0.01365	0.00601	0.00473	0.00144	0.00384	0.00492	0.00572	0.00768
32	0.01964	0.00989	0.01202	0.00921	0.01286	0.00976	0.00761	0.31939	0.01662	0.50932	0.01558	0.01404	0.01013	0.00569	0.00467	0.00142	0.00441	0.00449	0.00533	0.00792
33	0.00652	0.00471	0.00616	0.00589	0.00694	0.00435	0.00438	0.00863	0.01289	0.01821	0.75372	0.08733	0.04303	0.00984	0.00552	0.00149	0.00223	0.00873	0.00507	0.00435
34	0.01018	0.01018	0.01425	0.01221	0.01221	0.01425	0.01018	0.01120	0.00712	0.01120	0.00611	0.01018	0.00611	0.00814	0.01527	0.00204	0.82799	0.00407	0.00204	0.00509
35	0.00665	0.00498	0.00748	0.00748	0.00831	0.00582	0.00582	0.00831	0.00748	0.01080	0.01246	0.01828	0.01163	0.03489	0.81807	0.00748	0.01246	0.00498	0.00249	0.00415
36	0.01244	0.83930	0.02438	0.00796	0.01194	0.01841	0.00796	0.01393	0.00945	0.01095	0.00647	0.00746	0.00597	0.00398	0.00299	0.00100	0.00498	0.00249	0.00199	0.00597
37	0.00879	0.00827	0.01395	0.82532	0.03204	0.01034	0.01292	0.01189	0.00930	0.01189	0.00827	0.01240	0.00620	0.00465	0.00465	0.00155	0.00620	0.00413	0.00207	0.00517
38	0.01768	0.01303	0.01396	0.01070	0.01443	0.01443	0.00884	0.79197	0.02187	0.02932	0.01117	0.01117	0.00791	0.00558	0.00465	0.00140	0.00512	0.00419	0.00465	0.00791
39	0.79290	0.00890	0.00719	0.00631	0.00926	0.01011	0.00520	0.01449	0.00840	0.09205	0.00755	0.00830	0.00562	0.00445	0.00304	0.00144	0.00363	0.00271	0.00314	0.00530
40	0.00879	0.00827	0.01395	0.82532	0.03204	0.01034	0.01292	0.01189	0.00930	0.01189	0.00827	0.01240	0.00620	0.00465	0.00465	0.00155	0.00620	0.00413	0.00207	0.00517
41	0.01768	0.01303	0.01396	0.01070	0.01443	0.01443	0.00884	0.79197	0.02187	0.02932	0.01117	0.01117	0.00791	0.00558	0.00465	0.00140	0.00512	0.00419	0.00465	0.00791
42	0.00567	0.00405	0.00540	0.00648	0.00675	0.00378	0.00432	0.00648	0.00891	0.01188	0.02564	0.83347	0.03077	0.01457	0.00594	0.00189	0.00270	0.01323	0.00432	0.00378
43	0.86937	0.00900	0.00684	0.00612	0.00900	0.01044	0.00504	0.01368	0.00792	0.02087	0.00648	0.00756	0.00504	0.00432	0.00288	0.00144	0.00360	0.00252	0.00288	0.00504
44	0.01157	0.00999	0.01052	0.00947	0.01210	0.01157	0.00736	0.02472	0.79908	0.01946	0.01893	0.01736	0.01420	0.00631	0.00473	0.00158	0.00368	0.00526	0.00473	0.00736
45	0.02087	0.00792	0.01080	0.00828	0.01188	0.00684	0.00684	0.02267	0.01332	0.81071	0.01835	0.01583	0.01152	0.00576	0.00468	0.00144	0.00396	0.00468	0.00576	0.00792
46	0.01244	0.83930	0.02438	0.00796	0.01194	0.01841	0.00796	0.01393	0.00945	0.01095	0.00647	0.00746	0.00597	0.00398	0.00299	0.00100	0.00498	0.00249	0.00199	0.00597
47	0.00658	0.00476	0.00622	0.00585	0.00695	0.00439	0.00439	0.00878	0.01317	0.01866	0.80503	0.03475	0.04390	0.00951	0.00549	0.00146	0.00219	0.00841	0.00512	0.00439
48	0.00612	0.00474	0.00557	0.00536	0.00666	0.00419	0.00402	0.00787	0.01206	0.01603	0.47858	0.03907	0.37198	0.01049	0.00549	0.00151	0.00226	0.00902	0.00478	0.00419
49	0.00676	0.00454	0.00523	0.00523	0.00528	0.00459	0.00301	0.00686	0.00681	0.00913	0.01452	0.02967	0.01658	0.78539	0.07434	0.00470	0.00502	0.00665	0.00280	0.00290
50	0.00933	0.02406	0.81240	0.01326	0.02014	0.01080	0.01719	0.01473	0.00982	0.01473	0.00835	0.00982	0.00589	0.00442	0.00442	0.00147	0.00688	0.00344	0.00196	0.00688
51	0.00879	0.00827	0.01395	0.82532	0.03204	0.01034	0.01292	0.01189	0.00930	0.01189	0.00827	0.01240	0.00620	0.00465	0.00465	0.00155	0.00620	0.00413	0.00207	0.00517
52	0.00884	0.00833	0.01405	0.80896	0.04797	0.01035	0.01295	0.01194	0.00933	0.01195	0.00828	0.01238	0.00623	0.00464	0.00465	0.00155	0.00619	0.00413	0.00207	0.00521
53	0.05947	0.01195	0.01245	0.00986	0.01331	0.06953	0.00803	0.43618	0.09568	0.21584	0.01317	0.01254	0.00913	0.00558	0.00455	0.00141	0.00485	0.00425	0.00468	0.00754
54	0.01244	0.83930	0.02438	0.00796	0.01194	0.01841	0.00796	0.01393	0.00945	0.01095	0.00647	0.00746	0.00597	0.00398	0.00299	0.00100	0.00498	0.00249	0.00199	0.00597
55	0.02087	0.00792	0.01080	0.00828	0.01188	0.00684	0.00684	0.02267	0.01332	0.81071	0.01835	0.01583	0.01152	0.00576	0.00468	0.00144	0.00396	0.00468	0.00576	0.00792
56	0.00590	0.00448	0.00548	0.00606	0.00692	0.00406	0.00440	0.00711	0.01009	0.01302	0.11386	0.41185	0.28384	0.01296	0.00580	0.00177	0.00270	0.09136	0.00440	0.00394
57	0.01151	0.01105	0.01888	0.02855	0.80748	0.01105	0.01428	0.01428	0.01059	0.01520	0.00875	0.01151	0.00737	0.00415	0.00461	0.00138	0.00553	0.00415	0.00230	0.00737
58	0.02087	0.00792	0.01080	0.00828	0.01188	0.00684	0.00684	0.02267	0.01332	0.81071	0.01835	0.01583	0.01152	0.00576	0.00468	0.00144	0.00396	0.00468	0.00576	0.00792
59	0.00649	0.00502	0.00609	0.00659	0.00791	0.00462	0.00545	0.00816	0.01073	0.01340	0.05987	0.04814	0.41012	0.01222	0.00594	0.00184	0.00327	0.37570	0.00433	0.00411
60	0.01143	0.01093	0.01863	0.02812	0.78996	0.01093	0.01413	0.01418	0.01060	0.01517	0.00910	0.01241	0.00780	0.00434	0.00465	0.00140	0.00550	0.02110	0.00235	0.00730
61	0.01101	0.01243	0.02664	0.01912	0.02373	0.01176	0.75320	0.01537	0.04860	0.01512	0.00987	0.01278	0.00740	0.00404	0.00545	0.00157	0.00764	0.00548	0.00247	0.00633
62	0.00665	0.00498	0.00748	0.00748	0.00831	0.00582	0.00582	0.00831	0.00748	0.01080	0.01246	0.01828	0.01163	0.03489	0.81807	0.00748	0.01246	0.00498	0.00249	0.00415
63	0.01548	0.01900	0.01347	0.01205	0.01381	0.60544	0.00930	0.01663	0.01158	0.01134	0.00690	0.00886	0.00602	0.00568	0.00712	0.00142	0.22502	0.00328	0.00230	0.00531
64	0.86937	0.00900	0.00684	0.00612	0.00900	0.01044	0.00504	0.01368	0.00792	0.02087	0.00648	0.00756	0.00504	0.00432	0.00288	0.00144	0.00360	0.00252	0.00288	0.00504
65	0.00658	0.00476	0.00622	0.00585	0.00695	0.00439	0.00439	0.00878	0.01317	0.01866	0.80503	0.03475	0.04390	0.00951	0.00549	0.00146	0.00219	0.00841	0.00512	0.00439
66	0.00965	0.00827	0.00965	0.00689	0.01102	0.00620	0.00551	0.01171	0.00965	0.01516	0.00827	0.00965	0.00689	0.00345	0.00345	0.00069	0.00345	0.00276	0.00276	0.86494
67	0.00567	0.00405	0.00540	0.00648	0.00675	0.00378	0.00432	0.00648	0.00891	0.01188	0.02564	0.83347	0.03077	0.01457	0.00594	0.00189	0.00270	0.01323	0.00432	0.00378
68	0.01244	0.83930	0.02438	0.00796	0.01194	0.01841	0.00796	0.01393	0.00945	0.01095	0.00647	0.00746	0.00597	0.00398	0.00299	0.00100	0.00498	0.00249	0.00199	0.00597
69	0.86937	0.00900	0.00684	0.00612	0.00900	0.01044	0.00504	0.01368	0.00792	0.02087	0.00648	0.00756	0.00504	0.00432	0.00288	0.00144	0.00360	0.00252	0.00288	0.00504
70	0.00879	0.00827	0.01395	0.82532	0.03204	0.01034	0.01292	0.01189	0.00930	0.01189	0.00827	0.01240	0.00620	0.00465	0.00465	0.00155	0.00620	0.00413	0.00207	0.00517
71	0.00959	0.00827	0.00993	0.06077	0.01241	0.00647	0.00600	0.01173	0.00962	0.01494	0.00827	0.00983	0.00685	0.00352	0.00352	0.00075	0.00363	0.00285	0.00271	0.80834
72	0.00750	0.00535	0.00750	0.00857	0.00964	0.00535	0.00750	0.00964	0.01071	0.01392	0.02463	0.05248	0.02677	0.01285	0.00643	0.00214	0.00428	0.77617	0.00428	0.00428
73	0.01577	0.01443	0.01273	0.01066	0.01371	0.21729	0.00843	0.36479	0.25374	0.02180	0.01250	0.01233	0.00932	0.00560	0.00456	0.00140	0.00552	0.00421	0.00411	0.00711
74	0.00550	0.00471	0.00471	0.00471	0.00628	0.00393	0.00353	0.00668	0.01060	0.01257	0.04713	0.04477	0.80560	0.01178	0.00550	0.00157	0.00236	0.00982	0.00432	0.00393
75	0.01053	0.01183	0.02559	0.01850	0.02283	0.01109	0.72435	0.01419	0.01081	0.01465	0.01078	0.08170	0.00906	0.00482	0.00553	0.00160	0.00741	0.00614	0.00252	0.00606
76	0.00618	0.00437	0.00576	0.00668	0.00707	0.00419	0.00472	0.00714	0.00895	0.01186	0.02384	0.56413	0.02797	0.13397	0.00862	0.00232	0.00327	0.16112	0.00409	0.00374
77	0.01795	0.00751	0.00999	0.00811	0.01115	0.00675	0.00651	0.02047	0.07214	0.63446	0.01946	0.13505	0.01452	0.00708	0.00487	0.00152	0.00375	0.00597	0.00547	0.00727
78	0.01078	0.00826	0.00925	0.00829	0.01053	0.00905	0.00643	0.01976	0.50278	0.07924	0.25564	0.02248	0.02294	0.00723	0.00496	0.00153	0.00325	0.00617	0.00493	0.00651
79	0.01731	0.07091	0.01467	0.01054	0.01425	0.03187	0.00878	0.72113	0.02082	0.02765	0.01076	0.01085	0.00774	0.00546	0.00453	0.00136	0.00518	0.00404	0.00442	0.00772
80	0.01139	0.34421	0.38384	0.01033	0.01563	0.01319	0.01193	0.01474	0.00991	0.06883	0.00830	0.00930	0.00639	0.00427	0.00380	0.00122	0.00566	0.00310	0.00230	0.07168
81	0.00731	0.00666	0.06738	0.00635	0.00821	0.00526	0.00536	0.04523	0.01253	0.03554	0.45645	0.03440	0.27265	0.00955	0.00535	0.00149	0.00278	0.00818	0.00463	0.00468
82	0.01385	0.00903	0.01071	0.00818	0.01170	0.03736	0.02498	0.11264	0.02693	0.24262	0.09869	0.01449	0.01247	0.00514	0.00427	0.00113	0.00395	0.00422	0.00411	0.35352
83	0.01665	0.00829	0.01107	0.00874	0.01189	0.00784	0.04563	0.09433	0.09000	0.48066	0.13680	0.01890	0.03471	0.00641	0.00486	0.00146	0.00393	0.00541	0.00525	0.00715
84	0.03219	0.00654	0.00810	0.02651	0.00984	0.00585	0.00551	0.01224	0.06506	0.14352	0.03301	0.35249	0.01867	0.00879	0.00482	0.00142	0.00328	0.00771	0.00406	0.25040
85	0.07637	0.00902	0.01143	0.29997	0.01878	0.01044	0.00904	0.06954	0.29945	0.07194	0.06538	0.01547	0.01200	0.00569	0.00460	0.00153	0.00459	0.00475	0.00373	0.00628
86	0.00899	0.00748	0.01086	0.38487	0.01984	0.00797	0.00882	0.03173	0.03181	0.03837	0.11407	0.11162	0.01454	0.00630	0.00466	0.00139	0.00453	0.00552	0.00312	0.18351
87	0.01050	0.00870	0.01023	0.03010	0.01165	0.06780	0.04498	0.01263	0.01109	0.08168	0.19260	0.01607	0.01572	0.00519	0.00421	0.00104	0.00387	0.00441	0.00348	0.46405
88	0.07441	0.00709	0.01005	0.33446	0.01797	0.00760	0.00817	0.01193	0.01078	0.09529	0.23867	0.03223	0.04731	0.00644	0.00471	0.00144	0.00420	0.00552	0.00355	0.07818

[dist]
# distance from previous block
# <min> <max>
26	61

[block]
# block no. 5 follows, 55 sequences, length 9
# corresponding to MSA columns:
# 346-354
name=unknown_F
#
# <colnr> <probs for GDERKNQSTAVLIFYWHMCP>
#	G	D	E	R	K	N	Q	S	T	A	V	L	I	F	Y	W	H	M	C	P
0	0.48468	0.00882	0.00860	0.00705	0.01030	0.00919	0.00578	0.04713	0.03536	0.22129	0.01031	0.01038	0.00732	0.00469	0.00354	0.00135	0.00373	0.00325	0.00373	0.11351
1	0.53517	0.03152	0.01102	0.01099	0.13402	0.06788	0.04370	0.04017	0.02874	0.04790	0.00791	0.00912	0.00614	0.00444	0.00353	0.00141	0.00453	0.00314	0.00292	0.00576
2	0.41235	0.01000	0.01073	0.13641	0.10429	0.07966	0.03232	0.01399	0.00968	0.05779	0.06425	0.01138	0.00875	0.00480	0.00384	0.00142	0.00468	0.00362	0.00293	0.02712
3	0.33026	0.01007	0.01173	0.13528	0.01538	0.06934	0.10617	0.01409	0.04562	0.03210	0.03475	0.01087	0.00770	0.00449	0.00389	0.00133	0.00483	0.00358	0.00284	0.15567
4	0.21823	0.00981	0.01136	0.44236	0.02170	0.10373	0.00956	0.01275	0.00926	0.01395	0.00814	0.01185	0.00664	0.06026	0.00539	0.00164	0.00559	0.00373	0.00238	0.04164
5	0.10753	0.00889	0.01295	0.65770	0.02768	0.04250	0.01155	0.01291	0.00951	0.05393	0.00854	0.01187	0.00633	0.00468	0.00443	0.00152	0.00588	0.00393	0.00236	0.00530
6	0.13950	0.01378	0.15634	0.01204	0.01604	0.09661	0.20404	0.01657	0.12045	0.07568	0.04681	0.01264	0.00944	0.00486	0.00449	0.00143	0.00572	0.00430	0.00310	0.05617
7	0.04929	0.01084	0.01511	0.16132	0.31756	0.08558	0.04889	0.01470	0.01064	0.09432	0.00934	0.01140	0.00726	0.00434	0.00437	0.00130	0.00546	0.00387	0.00272	0.14172
8	0.07026	0.00961	0.01536	0.18765	0.45329	0.00998	0.01192	0.01441	0.01061	0.10841	0.05587	0.01328	0.00958	0.00476	0.00456	0.00143	0.00516	0.00434	0.00286	0.00665

[dist]
# distance from previous block
# <min> <max>
0	5

[block]
# block no. 6 follows, 55 sequences, length 19
# corresponding to MSA columns:
# 360-378
name=unknown_G
#
# <colnr> <probs for GDERKNQSTAVLIFYWHMCP>
#	G	D	E	R	K	N	Q	S	T	A	V	L	I	F	Y	W	H	M	C	P
0	0.01240	0.01204	0.20650	0.06292	0.05880	0.00813	0.00965	0.01575	0.04467	0.22278	0.02804	0.01390	0.04330	0.00500	0.00433	0.00126	0.00465	0.00411	0.00347	0.23829
1	0.01265	0.01364	0.25110	0.01010	0.01461	0.00943	0.02616	0.05724	0.18641	0.17535	0.01284	0.01278	0.00919	0.00495	0.00437	0.00133	0.00480	0.00403	0.00364	0.18534
2	0.00942	0.00822	0.01173	0.01369	0.27033	0.00729	0.00807	0.01175	0.01091	0.01612	0.22533	0.01709	0.01712	0.00533	0.00438	0.00113	0.00379	0.00475	0.00325	0.35028
3	0.01191	0.01016	0.01071	0.00954	0.01223	0.01173	0.00745	0.06731	0.75594	0.02001	0.01850	0.01701	0.01385	0.00627	0.00473	0.00157	0.00376	0.00520	0.00473	0.00739
4	0.01761	0.00723	0.00958	0.00758	0.01071	0.00624	0.00618	0.01934	0.01289	0.63812	0.07359	0.02146	0.13438	0.00692	0.00486	0.00146	0.00360	0.00570	0.00550	0.00708
5	0.01080	0.15868	0.61462	0.01196	0.01808	0.01174	0.01479	0.01526	0.01005	0.08000	0.00886	0.00993	0.00637	0.00446	0.00420	0.00139	0.00632	0.00338	0.00228	0.00681
6	0.00988	0.10847	0.62183	0.01357	0.01984	0.01174	0.12209	0.01467	0.00994	0.01436	0.00830	0.00995	0.00606	0.00431	0.00442	0.00144	0.00681	0.00362	0.00202	0.00670
7	0.00567	0.00405	0.00540	0.00648	0.00675	0.00378	0.00432	0.00648	0.00891	0.01188	0.02564	0.83347	0.03077	0.01457	0.00594	0.00189	0.00270	0.01323	0.00432	0.00378
8	0.01351	0.66221	0.02195	0.00883	0.01247	0.19167	0.00818	0.01494	0.01026	0.01104	0.00662	0.00766	0.00597	0.00416	0.00325	0.00104	0.00572	0.00260	0.00208	0.00585
9	0.02087	0.00792	0.01080	0.00828	0.01188	0.00684	0.00684	0.02267	0.01332	0.81071	0.01835	0.01583	0.01152	0.00576	0.00468	0.00144	0.00396	0.00468	0.00576	0.00792
10	0.00933	0.02406	0.81240	0.01326	0.02014	0.01080	0.01719	0.01473	0.00982	0.01473	0.00835	0.00982	0.00589	0.00442	0.00442	0.00147	0.00688	0.00344	0.00196	0.00688
11	0.00567	0.00405	0.00540	0.00648	0.00675	0.00378	0.00432	0.00648	0.00891	0.01188	0.02564	0.83347	0.03077	0.01457	0.00594	0.00189	0.00270	0.01323	0.00432	0.00378
12	0.01244	0.83930	0.02438	0.00796	0.01194	0.01841	0.00796	0.01393	0.00945	0.01095	0.00647	0.00746	0.00597	0.00398	0.00299	0.00100	0.00498	0.00249	0.00199	0.00597
13	0.02004	0.00925	0.01162	0.00891	0.01254	0.00882	0.00736	0.22362	0.01555	0.60661	0.01648	0.01462	0.01057	0.00571	0.00467	0.00143	0.00426	0.00455	0.00547	0.00792
14	0.00665	0.00498	0.00748	0.00748	0.00831	0.00582	0.00582	0.00831	0.00748	0.01080	0.01246	0.01828	0.01163	0.03489	0.81807	0.00748	0.01246	0.00498	0.00249	0.00415
15	0.00823	0.00689	0.00743	0.00692	0.00882	0.00717	0.00530	0.01455	0.33468	0.01675	0.20411	0.03130	0.31150	0.00903	0.00518	0.00155	0.00286	0.00764	0.00467	0.00544
16	0.01390	0.01599	0.01325	0.01503	0.19445	0.45752	0.00987	0.01566	0.01206	0.01281	0.01133	0.01866	0.01081	0.00639	0.00477	0.00144	0.00685	0.17083	0.00278	0.00560
17	0.01196	0.61887	0.06492	0.01075	0.01504	0.01658	0.17805	0.01418	0.00980	0.01199	0.00720	0.00868	0.00620	0.00399	0.00360	0.00114	0.00569	0.00319	0.00207	0.00608
18	0.10800	0.00669	0.00825	0.00849	0.01017	0.00694	0.00732	0.09065	0.01166	0.05661	0.02086	0.04126	0.02158	0.01077	0.00575	0.00195	0.00427	0.56963	0.00424	0.00492

[dist]
# distance from previous block
# <min> <max>
0	231

# created by:
# /st0/software/busco_prod/Augustus/scripts/msa2prfl.pl ./align_prep/72346.fa
