[name]
unknown

[dist]
# distance from previous block
# <min> <max>
3	96

[block]
# block no. 0 follows, 46 sequences, length 6
# corresponding to MSA columns:
# 111-116
name=unknown_A
#
# <colnr> <probs for GDERKNQSTAVLIFYWHMCP>
#	G	D	E	R	K	N	Q	S	T	A	V	L	I	F	Y	W	H	M	C	P
0	0.00662	0.00481	0.00619	0.00715	0.00769	0.00447	0.00491	0.00770	0.01057	0.01395	0.07005	0.62308	0.11344	0.04985	0.00755	0.00222	0.00317	0.04737	0.00488	0.00433
1	0.00739	0.00542	0.00678	0.00722	0.00813	0.00513	0.00510	0.04887	0.01224	0.01640	0.20021	0.50296	0.12569	0.01433	0.00649	0.00196	0.00304	0.01278	0.00513	0.00472
2	0.01308	0.00687	0.00833	0.00727	0.00961	0.00614	0.00556	0.01517	0.04621	0.29006	0.08914	0.06474	0.29254	0.11102	0.00849	0.00216	0.00370	0.00844	0.00537	0.00613
3	0.06023	0.00856	0.01101	0.00889	0.01239	0.00779	0.00727	0.02238	0.05993	0.56156	0.07654	0.02321	0.07154	0.00762	0.00543	0.00169	0.00420	0.03564	0.00608	0.00802
4	0.05418	0.00679	0.00809	0.00715	0.00942	0.00651	0.00559	0.01702	0.03785	0.28325	0.01931	0.10216	0.01536	0.00858	0.03328	0.00177	0.00379	0.00609	0.36739	0.00641
5	0.01207	0.00679	0.00855	0.00815	0.00988	0.00654	0.00599	0.01516	0.11945	0.21456	0.04774	0.36107	0.05518	0.06355	0.00794	0.03236	0.00375	0.01006	0.00522	0.00598

[dist]
# distance from previous block
# <min> <max>
0	1

[block]
# block no. 1 follows, 46 sequences, length 7
# corresponding to MSA columns:
# 118-124
name=unknown_B
#
# <colnr> <probs for GDERKNQSTAVLIFYWHMCP>
#	G	D	E	R	K	N	Q	S	T	A	V	L	I	F	Y	W	H	M	C	P
0	0.01524	0.01029	0.01168	0.00977	0.01267	0.01120	0.00784	0.30043	0.14061	0.10413	0.04365	0.01777	0.01346	0.01236	0.14058	0.00276	0.00624	0.00537	0.12652	0.00742
1	0.00881	0.00542	0.00701	0.00737	0.00849	0.00508	0.00553	0.01056	0.01199	0.08022	0.17201	0.35014	0.06592	0.01290	0.00622	0.00193	0.00326	0.12384	0.10833	0.00499
2	0.01230	0.00708	0.00871	0.00756	0.00972	0.00678	0.00590	0.07826	0.04177	0.17662	0.41104	0.03012	0.06069	0.00895	0.00562	0.00161	0.00325	0.00765	0.11013	0.00623
3	0.01115	0.03902	0.06651	0.01164	0.01426	0.03904	0.13794	0.14077	0.01323	0.01763	0.04209	0.30632	0.02003	0.06477	0.02902	0.00225	0.02536	0.00895	0.00403	0.00598
4	0.02337	0.00956	0.01262	0.00967	0.01378	0.00861	0.00799	0.09764	0.01608	0.71168	0.02006	0.01748	0.01269	0.00652	0.00531	0.00163	0.00463	0.00526	0.00642	0.00900
5	0.01989	0.00911	0.01247	0.10343	0.01606	0.00812	0.00833	0.02216	0.01387	0.56109	0.01752	0.01632	0.01146	0.00594	0.00507	0.00150	0.00470	0.00487	0.00546	0.15262
6	0.01122	0.01023	0.01444	0.01031	0.01512	0.00813	0.13620	0.01393	0.01122	0.01718	0.00962	0.01153	0.00786	0.00401	0.00431	0.00095	0.00477	0.00367	0.00305	0.70221

[dist]
# distance from previous block
# <min> <max>
2	7

[block]
# block no. 2 follows, 46 sequences, length 41
# corresponding to MSA columns:
# 132-172
name=unknown_C
#
# <colnr> <probs for GDERKNQSTAVLIFYWHMCP>
#	G	D	E	R	K	N	Q	S	T	A	V	L	I	F	Y	W	H	M	C	P
0	0.04793	0.05878	0.33538	0.01092	0.01683	0.01018	0.01196	0.01531	0.01106	0.03788	0.00955	0.01100	0.00735	0.00452	0.00436	0.00123	0.00565	0.00349	0.00281	0.39380
1	0.01373	0.00690	0.00839	0.00715	0.00988	0.00590	0.00567	0.01544	0.01354	0.34112	0.08630	0.03622	0.40777	0.01032	0.00585	0.00171	0.00344	0.00858	0.00566	0.00642
2	0.03897	0.01595	0.28596	0.01159	0.01710	0.00990	0.03222	0.05251	0.01335	0.33591	0.01430	0.01405	0.00961	0.00554	0.00499	0.00154	0.00576	0.00446	0.00431	0.12198
3	0.00625	0.00536	0.00536	0.00536	0.00714	0.00446	0.00402	0.00759	0.01205	0.01428	0.05355	0.05088	0.77909	0.01339	0.00625	0.00179	0.00268	0.01116	0.00491	0.00446
4	0.00653	0.00520	0.00586	0.00605	0.00740	0.00453	0.00440	0.00801	0.01220	0.01547	0.19072	0.21479	0.47303	0.01358	0.00635	0.00184	0.00273	0.01169	0.00509	0.00453
5	0.01759	0.01406	0.01940	0.01511	0.04368	0.01487	0.19772	0.46152	0.07951	0.06219	0.01317	0.01389	0.00948	0.00590	0.00553	0.00165	0.00642	0.00525	0.00461	0.00846
6	0.01248	0.01426	0.03119	0.02228	0.02763	0.01337	0.76203	0.01693	0.01248	0.01693	0.01070	0.01426	0.00802	0.00446	0.00624	0.00178	0.00891	0.00624	0.00267	0.00713
7	0.01246	0.20465	0.52661	0.01355	0.02003	0.10486	0.01609	0.01704	0.01151	0.01533	0.00885	0.01037	0.00673	0.00496	0.00463	0.00152	0.00753	0.00361	0.00230	0.00739
8	0.02000	0.01774	0.01562	0.01257	0.01638	0.23545	0.01010	0.55417	0.02207	0.02757	0.01142	0.01180	0.00838	0.00609	0.00514	0.00152	0.00687	0.00438	0.00457	0.00818
9	0.01939	0.07612	0.01580	0.01333	0.01616	0.74336	0.01014	0.02077	0.01471	0.01291	0.00812	0.00947	0.00681	0.00539	0.00468	0.00135	0.00928	0.00337	0.00269	0.00617
10	0.00739	0.00691	0.00989	0.00840	0.01078	0.00604	0.13440	0.00930	0.01213	0.01479	0.04538	0.04486	0.62300	0.01189	0.00628	0.00181	0.00382	0.03347	0.00452	0.00493
11	0.01105	0.12809	0.69002	0.01430	0.02169	0.01338	0.01820	0.01663	0.01111	0.01619	0.00921	0.01082	0.00671	0.00496	0.00481	0.00160	0.00754	0.00377	0.00224	0.00768
12	0.01244	0.00935	0.01111	0.00801	0.01264	0.00713	0.00644	0.01476	0.01145	0.10635	0.01073	0.01178	0.00844	0.00422	0.00408	0.00088	0.00398	0.00339	0.00353	0.74929
13	0.01413	0.81739	0.02770	0.00905	0.01357	0.02092	0.00905	0.01583	0.01074	0.01244	0.00735	0.00848	0.00678	0.00452	0.00339	0.00113	0.00565	0.00283	0.00226	0.00678
14	0.85155	0.01022	0.00777	0.00695	0.01022	0.01186	0.00573	0.01554	0.00900	0.02372	0.00736	0.00859	0.00573	0.00491	0.00327	0.00164	0.00409	0.00286	0.00327	0.00573
15	0.01829	0.01553	0.09764	0.01294	0.01749	0.03240	0.06952	0.48704	0.07790	0.09709	0.01350	0.01359	0.00954	0.00612	0.00533	0.00163	0.00611	0.00490	0.00482	0.00861
16	0.00755	0.00566	0.00850	0.00850	0.00944	0.00661	0.00661	0.00944	0.00850	0.01227	0.01416	0.02077	0.01322	0.03965	0.79326	0.00850	0.01416	0.00566	0.00283	0.00472
17	0.01647	0.02057	0.04503	0.06110	0.06516	0.45909	0.22310	0.01908	0.01374	0.01447	0.00910	0.01138	0.00725	0.00510	0.00525	0.00153	0.00898	0.00437	0.00267	0.00658
18	0.00774	0.00554	0.00831	0.00831	0.00914	0.00637	0.00637	0.00914	0.00831	0.01191	0.01358	0.02022	0.01275	0.03718	0.70356	0.10575	0.01305	0.00554	0.00277	0.00444
19	0.02118	0.01550	0.01448	0.01163	0.01544	0.20597	0.00935	0.34045	0.01926	0.27195	0.01422	0.01363	0.00978	0.00619	0.00517	0.00155	0.00631	0.00460	0.00506	0.00828
20	0.00755	0.00566	0.00850	0.00850	0.00944	0.00661	0.00661	0.00944	0.00850	0.01227	0.01416	0.02077	0.01322	0.03965	0.79326	0.00850	0.01416	0.00566	0.00283	0.00472
21	0.01060	0.02735	0.78682	0.01507	0.02288	0.01228	0.01953	0.01674	0.01116	0.01674	0.00949	0.01116	0.00670	0.00502	0.00502	0.00167	0.00781	0.00391	0.00223	0.00781
22	0.01315	0.01136	0.01195	0.01076	0.01375	0.01315	0.00837	0.02809	0.77168	0.02211	0.02152	0.01972	0.01614	0.00717	0.00538	0.00179	0.00418	0.00598	0.00538	0.00837
23	0.13534	0.01006	0.03256	0.00942	0.01351	0.00905	0.00797	0.07629	0.01488	0.60811	0.01815	0.01616	0.01163	0.00627	0.00503	0.00163	0.00462	0.00491	0.00590	0.00852
24	0.01975	0.02520	0.01498	0.01362	0.01634	0.79299	0.01021	0.02111	0.01498	0.01294	0.00817	0.00953	0.00681	0.00545	0.00477	0.00136	0.00953	0.00340	0.00272	0.00613
25	0.85155	0.01022	0.00777	0.00695	0.01022	0.01186	0.00573	0.01554	0.00900	0.02372	0.00736	0.00859	0.00573	0.00491	0.00327	0.00164	0.00409	0.00286	0.00327	0.00573
26	0.00625	0.00536	0.00536	0.00536	0.00714	0.00446	0.00402	0.00759	0.01205	0.01428	0.05355	0.05088	0.77909	0.01339	0.00625	0.00179	0.00268	0.01116	0.00491	0.00446
27	0.01163	0.01108	0.01883	0.39312	0.43193	0.01218	0.01550	0.01495	0.01135	0.01551	0.00969	0.01356	0.00775	0.00498	0.00526	0.00166	0.00664	0.00470	0.00249	0.00720
28	0.50474	0.00971	0.00965	0.00798	0.01159	0.01015	0.00658	0.01982	0.01157	0.34260	0.01301	0.01253	0.00881	0.00559	0.00413	0.00164	0.00426	0.00389	0.00464	0.00710
29	0.01132	0.02242	0.50517	0.01806	0.04761	0.01266	0.27327	0.01679	0.01164	0.01682	0.00991	0.01228	0.00720	0.00482	0.00544	0.00171	0.00814	0.00473	0.00239	0.00760
30	0.01060	0.02735	0.78682	0.01507	0.02288	0.01228	0.01953	0.01674	0.01116	0.01674	0.00949	0.01116	0.00670	0.00502	0.00502	0.00167	0.00781	0.00391	0.00223	0.00781
31	0.01389	0.01195	0.01376	0.01173	0.01503	0.01353	0.06192	0.11024	0.63371	0.02301	0.01976	0.01854	0.01476	0.00689	0.00543	0.00177	0.00470	0.00586	0.00518	0.00835
32	0.85155	0.01022	0.00777	0.00695	0.01022	0.01186	0.00573	0.01554	0.00900	0.02372	0.00736	0.00859	0.00573	0.00491	0.00327	0.00164	0.00409	0.00286	0.00327	0.00573
33	0.01314	0.01115	0.01184	0.01057	0.01351	0.01279	0.00824	0.06504	0.68434	0.02264	0.06972	0.02063	0.01794	0.00736	0.00543	0.00177	0.00416	0.00614	0.00540	0.00818
34	0.00652	0.00466	0.00620	0.00731	0.00768	0.00435	0.00491	0.00756	0.01048	0.01407	0.08522	0.75304	0.03608	0.01613	0.00671	0.00211	0.00302	0.01462	0.00498	0.00435
35	0.01308	0.01256	0.02146	0.03245	0.78123	0.01256	0.01622	0.01622	0.01204	0.01727	0.00994	0.01308	0.00837	0.00471	0.00523	0.00157	0.00628	0.00471	0.00262	0.00837
36	0.01183	0.01128	0.01919	0.34368	0.47981	0.01223	0.01560	0.01512	0.01144	0.01575	0.00972	0.01349	0.00784	0.00494	0.00525	0.00165	0.00659	0.00471	0.00251	0.00736
37	0.02355	0.00926	0.01243	0.00953	0.01363	0.00816	0.00787	0.05950	0.01558	0.75053	0.02048	0.01775	0.01290	0.00653	0.00532	0.00163	0.00456	0.00529	0.00649	0.00900
38	0.01599	0.01453	0.01344	0.01159	0.01484	0.14434	0.00910	0.21108	0.45818	0.02339	0.01708	0.01626	0.01279	0.00668	0.00525	0.00167	0.00549	0.00524	0.00491	0.00815
39	0.04309	0.01544	0.01558	0.01213	0.01622	0.07309	0.00994	0.68857	0.02369	0.03156	0.01221	0.01235	0.00874	0.00624	0.00519	0.00157	0.00604	0.00461	0.00505	0.00869
40	0.01460	0.00928	0.01133	0.00828	0.01280	0.00725	0.00669	0.01686	0.01215	0.23583	0.01266	0.01296	0.00933	0.00466	0.00431	0.00103	0.00408	0.00375	0.00410	0.60802

[dist]
# distance from previous block
# <min> <max>
0	1

[block]
# block no. 3 follows, 46 sequences, length 46
# corresponding to MSA columns:
# 184-229
name=unknown_D
#
# <colnr> <probs for GDERKNQSTAVLIFYWHMCP>
#	G	D	E	R	K	N	Q	S	T	A	V	L	I	F	Y	W	H	M	C	P
0	0.01401	0.78986	0.05416	0.00926	0.01389	0.02062	0.00941	0.01586	0.01076	0.01259	0.00742	0.00857	0.00678	0.00454	0.00345	0.00115	0.00573	0.00286	0.00226	0.00682
1	0.01600	0.01277	0.01333	0.01125	0.01468	0.03497	0.00895	0.26946	0.47787	0.05390	0.01823	0.01708	0.01343	0.00683	0.00533	0.00171	0.00488	0.00548	0.00532	0.00854
2	0.01932	0.01690	0.01527	0.01237	0.01612	0.19859	0.00992	0.51553	0.09723	0.02741	0.01251	0.01265	0.00919	0.00622	0.00517	0.00155	0.00653	0.00456	0.00469	0.00826
3	0.01413	0.81739	0.02770	0.00905	0.01357	0.02092	0.00905	0.01583	0.01074	0.01244	0.00735	0.00848	0.00678	0.00452	0.00339	0.00113	0.00565	0.00283	0.00226	0.00678
4	0.00964	0.00588	0.00776	0.00702	0.00864	0.00536	0.00536	0.01207	0.01499	0.12246	0.67799	0.03664	0.04500	0.01024	0.00611	0.00166	0.00276	0.00900	0.00592	0.00552
5	0.00641	0.00536	0.00558	0.00553	0.00724	0.00453	0.00415	0.00790	0.01244	0.01520	0.14967	0.04937	0.68240	0.01305	0.00625	0.00177	0.00265	0.01095	0.00503	0.00453
6	0.00692	0.00538	0.00628	0.00606	0.00755	0.00475	0.00454	0.00888	0.01363	0.01802	0.44548	0.04472	0.38482	0.01199	0.00624	0.00172	0.00258	0.01029	0.00540	0.00475
7	0.02185	0.00903	0.01199	0.00932	0.01313	0.00808	0.00765	0.07413	0.01577	0.65763	0.09607	0.01978	0.01649	0.00696	0.00541	0.00164	0.00439	0.00570	0.00639	0.00860
8	0.01493	0.01132	0.01893	0.28321	0.13443	0.01185	0.16068	0.09921	0.01369	0.18015	0.01252	0.01465	0.00892	0.00542	0.00547	0.00169	0.00663	0.00514	0.00366	0.00748
9	0.85155	0.01022	0.00777	0.00695	0.01022	0.01186	0.00573	0.01554	0.00900	0.02372	0.00736	0.00859	0.00573	0.00491	0.00327	0.00164	0.00409	0.00286	0.00327	0.00573
10	0.06981	0.01453	0.01538	0.01185	0.01603	0.01612	0.00979	0.71888	0.02391	0.03274	0.01237	0.01245	0.00880	0.00626	0.00517	0.00159	0.00571	0.00465	0.00517	0.00880
11	0.00735	0.00535	0.00663	0.00642	0.00741	0.00511	0.00456	0.00898	0.01204	0.01650	0.39896	0.03811	0.15097	0.21390	0.09200	0.00324	0.00437	0.00894	0.00472	0.00444
12	0.01933	0.01443	0.01544	0.01201	0.01610	0.01604	0.00986	0.68297	0.10673	0.03209	0.01366	0.01346	0.00977	0.00644	0.00530	0.00161	0.00564	0.00489	0.00530	0.00892
13	0.00755	0.00566	0.00850	0.00850	0.00944	0.00661	0.00661	0.00944	0.00850	0.01227	0.01416	0.02077	0.01322	0.03965	0.79326	0.00850	0.01416	0.00566	0.00283	0.00472
14	0.01315	0.01136	0.01195	0.01076	0.01375	0.01315	0.00837	0.02809	0.77168	0.02211	0.02152	0.01972	0.01614	0.00717	0.00538	0.00179	0.00418	0.00598	0.00538	0.00837
15	0.02113	0.01315	0.01484	0.01137	0.01557	0.01393	0.00940	0.55261	0.02207	0.24824	0.01503	0.01421	0.01016	0.00640	0.00530	0.00160	0.00544	0.00492	0.00565	0.00899
16	0.01096	0.00940	0.01096	0.00783	0.01253	0.00705	0.00626	0.01331	0.01096	0.01723	0.00940	0.01096	0.00783	0.00392	0.00392	0.00078	0.00392	0.00313	0.00313	0.84653
17	0.01161	0.25327	0.56974	0.01335	0.02022	0.01475	0.01653	0.01648	0.01104	0.01551	0.00888	0.01039	0.00672	0.00488	0.00456	0.00152	0.00720	0.00360	0.00224	0.00752
18	0.85155	0.01022	0.00777	0.00695	0.01022	0.01186	0.00573	0.01554	0.00900	0.02372	0.00736	0.00859	0.00573	0.00491	0.00327	0.00164	0.00409	0.00286	0.00327	0.00573
19	0.01542	0.02095	0.21839	0.01508	0.01983	0.26410	0.14893	0.12007	0.09214	0.01834	0.01094	0.01228	0.00825	0.00545	0.00523	0.00159	0.00793	0.00450	0.00320	0.00736
20	0.00712	0.00541	0.00787	0.00799	0.00889	0.00504	0.04848	0.00875	0.01181	0.01617	0.26851	0.51747	0.03820	0.01402	0.00655	0.00197	0.00322	0.01277	0.00507	0.00468
21	0.00651	0.00537	0.00572	0.00563	0.00730	0.00457	0.00422	0.00809	0.01267	0.01575	0.20697	0.04847	0.62476	0.01284	0.00625	0.00176	0.00264	0.01082	0.00510	0.00457
22	0.01298	0.03389	0.17366	0.01286	0.01719	0.01336	0.08798	0.06663	0.47705	0.02090	0.01710	0.01674	0.01274	0.00634	0.00534	0.00174	0.00554	0.00544	0.00438	0.00813
23	0.00642	0.00468	0.00605	0.00716	0.00761	0.00431	0.00482	0.00738	0.01032	0.01358	0.03164	0.73292	0.11119	0.01624	0.00670	0.00211	0.00303	0.01463	0.00491	0.00431
24	0.01792	0.01911	0.01548	0.01317	0.01645	0.39694	0.05472	0.19029	0.18575	0.01983	0.01232	0.01280	0.00945	0.00598	0.00511	0.00153	0.00746	0.00445	0.00389	0.00733
25	0.00755	0.00566	0.00850	0.00850	0.00944	0.00661	0.00661	0.00944	0.00850	0.01227	0.01416	0.02077	0.01322	0.03965	0.79326	0.00850	0.01416	0.00566	0.00283	0.00472
26	0.01907	0.01121	0.01360	0.01090	0.01470	0.01160	0.03475	0.18560	0.26617	0.34471	0.01896	0.01729	0.01303	0.00663	0.00536	0.00168	0.00483	0.00545	0.00575	0.00872
27	0.02372	0.00900	0.01227	0.00941	0.01350	0.00777	0.00777	0.02576	0.01513	0.78489	0.02086	0.01799	0.01309	0.00654	0.00532	0.00164	0.00450	0.00532	0.00654	0.00900
28	0.01413	0.81739	0.02770	0.00905	0.01357	0.02092	0.00905	0.01583	0.01074	0.01244	0.00735	0.00848	0.00678	0.00452	0.00339	0.00113	0.00565	0.00283	0.00226	0.00678
29	0.01413	0.81739	0.02770	0.00905	0.01357	0.02092	0.00905	0.01583	0.01074	0.01244	0.00735	0.00848	0.00678	0.00452	0.00339	0.00113	0.00565	0.00283	0.00226	0.00678
30	0.01021	0.02254	0.60385	0.01334	0.01971	0.01105	0.01632	0.01624	0.05730	0.01784	0.14496	0.01664	0.01483	0.00616	0.00526	0.00168	0.00666	0.00502	0.00305	0.00735
31	0.23553	0.02131	0.01311	0.01189	0.01476	0.59035	0.00905	0.01967	0.01343	0.01573	0.00796	0.00929	0.00653	0.00531	0.00438	0.00143	0.00812	0.00326	0.00287	0.00602
32	0.85155	0.01022	0.00777	0.00695	0.01022	0.01186	0.00573	0.01554	0.00900	0.02372	0.00736	0.00859	0.00573	0.00491	0.00327	0.00164	0.00409	0.00286	0.00327	0.00573
33	0.00769	0.00513	0.00577	0.00577	0.00577	0.00513	0.00320	0.00769	0.00769	0.01025	0.01666	0.03460	0.01922	0.81421	0.02691	0.00513	0.00513	0.00769	0.00320	0.00320
34	0.01248	0.01426	0.03119	0.02228	0.02763	0.01337	0.76203	0.01693	0.01248	0.01693	0.01070	0.01426	0.00802	0.00446	0.00624	0.00178	0.00891	0.00624	0.00267	0.00713
35	0.01227	0.00936	0.01110	0.00799	0.01263	0.00712	0.00642	0.01459	0.01139	0.09587	0.01057	0.01168	0.00837	0.00418	0.00406	0.00087	0.00397	0.00336	0.00348	0.76073
36	0.01439	0.01393	0.02557	0.01868	0.02352	0.01381	0.51059	0.16927	0.09507	0.04116	0.01251	0.01462	0.00921	0.00518	0.00593	0.00174	0.00767	0.00589	0.00359	0.00769
37	0.74018	0.01040	0.00889	0.00787	0.01071	0.01243	0.00650	0.01517	0.00888	0.02226	0.00731	0.00898	0.00589	0.00548	0.00514	0.00173	0.11022	0.00310	0.00314	0.00573
38	0.01835	0.30817	0.04297	0.01056	0.01474	0.11857	0.00937	0.15958	0.03325	0.21746	0.01237	0.01223	0.00906	0.00559	0.00453	0.00141	0.00593	0.00402	0.00408	0.00776
39	0.01089	0.01064	0.01486	0.01302	0.01306	0.01461	0.01068	0.01201	0.00836	0.01283	0.00988	0.11753	0.01066	0.01022	0.01594	0.00229	0.69827	0.00601	0.00266	0.00559
40	0.00659	0.00475	0.00601	0.00694	0.00736	0.00442	0.00459	0.00743	0.01000	0.01315	0.02998	0.63001	0.10911	0.12200	0.00937	0.00250	0.00330	0.01366	0.00468	0.00417
41	0.12242	0.00951	0.01054	0.00771	0.01222	0.00769	0.00619	0.01361	0.01070	0.01809	0.00913	0.01065	0.00755	0.00405	0.00383	0.00090	0.00394	0.00310	0.00315	0.73505
42	0.01273	0.01110	0.01247	0.11560	0.01675	0.01296	0.00920	0.02616	0.67077	0.02097	0.01991	0.01898	0.01493	0.00692	0.00537	0.00179	0.00456	0.00581	0.00498	0.00804
43	0.01217	0.01011	0.01161	0.00840	0.01304	0.00829	0.00677	0.11279	0.01280	0.01936	0.00983	0.01119	0.00798	0.00424	0.00410	0.00089	0.00417	0.00335	0.00342	0.73548
44	0.01217	0.01011	0.01161	0.00840	0.01304	0.00829	0.00677	0.11279	0.01280	0.01936	0.00983	0.01119	0.00798	0.00424	0.00410	0.00089	0.00417	0.00335	0.00342	0.73548
45	0.01125	0.00966	0.01109	0.00822	0.01269	0.00786	0.00654	0.01527	0.11183	0.01787	0.01100	0.01212	0.00893	0.00435	0.00411	0.00092	0.00395	0.00351	0.00343	0.73540

[dist]
# distance from previous block
# <min> <max>
0	6

[block]
# block no. 4 follows, 46 sequences, length 6
# corresponding to MSA columns:
# 236-241
name=unknown_E
#
# <colnr> <probs for GDERKNQSTAVLIFYWHMCP>
#	G	D	E	R	K	N	Q	S	T	A	V	L	I	F	Y	W	H	M	C	P
0	0.00647	0.00536	0.00567	0.00559	0.00728	0.00456	0.00419	0.00802	0.01258	0.01554	0.18494	0.04881	0.64692	0.01292	0.00625	0.00176	0.00264	0.01087	0.00507	0.00456
1	0.01162	0.01037	0.01420	0.01543	0.24986	0.00875	0.00934	0.01421	0.01129	0.01724	0.00957	0.01162	0.00800	0.00416	0.00432	0.00103	0.00465	0.00362	0.00297	0.58775
2	0.01241	0.01123	0.09220	0.00877	0.01372	0.00768	0.00783	0.01512	0.01147	0.10641	0.01074	0.01180	0.00832	0.00434	0.00419	0.00098	0.00439	0.00347	0.00343	0.66152
3	0.02040	0.01182	0.01708	0.01278	0.01716	0.01153	0.15607	0.25184	0.01761	0.40258	0.01635	0.01563	0.01083	0.00607	0.00549	0.00165	0.00577	0.00532	0.00540	0.00863
4	0.01052	0.00827	0.00860	0.00746	0.01000	0.00815	0.00588	0.24100	0.01600	0.02016	0.04094	0.03909	0.54133	0.01121	0.00595	0.00172	0.00365	0.00918	0.00503	0.00586
5	0.01055	0.01151	0.02322	0.01706	0.02130	0.01062	0.52800	0.01405	0.01235	0.01612	0.02393	0.02557	0.24608	0.00721	0.00624	0.00178	0.00699	0.00776	0.00336	0.00631

[dist]
# distance from previous block
# <min> <max>
0	6

[block]
# block no. 5 follows, 46 sequences, length 14
# corresponding to MSA columns:
# 248-261
name=unknown_F
#
# <colnr> <probs for GDERKNQSTAVLIFYWHMCP>
#	G	D	E	R	K	N	Q	S	T	A	V	L	I	F	Y	W	H	M	C	P
0	0.01295	0.01242	0.02121	0.06633	0.74841	0.01252	0.01616	0.01610	0.01197	0.01711	0.00992	0.01313	0.00832	0.00474	0.00524	0.00158	0.00631	0.00471	0.00261	0.00826
1	0.02280	0.01048	0.01318	0.01011	0.01423	0.00997	0.00835	0.21376	0.01761	0.59339	0.01878	0.01664	0.01204	0.00649	0.00531	0.00162	0.00483	0.00517	0.00622	0.00900
2	0.00815	0.00632	0.00762	0.00823	0.00922	0.00655	0.00579	0.01264	0.20417	0.01569	0.02720	0.60920	0.03017	0.01417	0.00640	0.00206	0.00335	0.01272	0.00503	0.00533
3	0.01384	0.75175	0.09077	0.00955	0.01434	0.02020	0.00992	0.01591	0.01078	0.01280	0.00753	0.00870	0.00678	0.00456	0.00353	0.00118	0.00583	0.00292	0.00226	0.00687
4	0.00753	0.00560	0.00813	0.00803	0.00905	0.00620	0.00620	0.00958	0.01014	0.01455	0.20890	0.02554	0.02256	0.03230	0.59273	0.00676	0.01119	0.00666	0.00359	0.00479
5	0.00991	0.00724	0.00857	0.00847	0.00986	0.00739	0.00617	0.20006	0.01398	0.01859	0.02630	0.56520	0.06969	0.01378	0.00635	0.00198	0.00375	0.01220	0.00500	0.00550
6	0.01564	0.00869	0.01070	0.00934	0.01191	0.00858	0.00728	0.20619	0.01559	0.27067	0.02220	0.32127	0.02103	0.01062	0.00593	0.00185	0.00430	0.03562	0.00554	0.00705
7	0.01667	0.01283	0.01364	0.01104	0.01466	0.01420	0.00893	0.47803	0.23017	0.02815	0.01957	0.01878	0.09450	0.00734	0.00542	0.00167	0.00502	0.00579	0.00527	0.00833
8	0.00671	0.00481	0.00637	0.00718	0.00773	0.00447	0.00493	0.00803	0.01136	0.01546	0.22006	0.61424	0.03877	0.01510	0.00662	0.00202	0.00292	0.01364	0.00514	0.00447
9	0.01070	0.00904	0.01070	0.00804	0.01236	0.00694	0.00651	0.01306	0.01109	0.01707	0.01141	0.01624	0.01028	0.00507	0.00428	0.00096	0.00402	0.08367	0.00332	0.75524
10	0.01291	0.01034	0.01179	0.00881	0.01301	0.00921	0.00709	0.20412	0.01494	0.02176	0.09365	0.01450	0.01269	0.00528	0.00452	0.00108	0.00425	0.00424	0.00397	0.54185
11	0.01828	0.01510	0.21029	0.01151	0.01642	0.01126	0.01127	0.19668	0.07132	0.33480	0.03817	0.01576	0.01179	0.00628	0.00527	0.00165	0.00557	0.00500	0.00504	0.00853
12	0.01512	0.01330	0.01790	0.01852	0.22634	0.09985	0.12777	0.02144	0.22852	0.12247	0.01461	0.01534	0.01097	0.00567	0.00534	0.00162	0.00613	0.00518	0.00398	0.03994
13	0.01085	0.01010	0.01470	0.40766	0.02537	0.03272	0.06703	0.01710	0.20523	0.01677	0.09663	0.04492	0.01501	0.00669	0.00552	0.00176	0.00590	0.00598	0.00362	0.00646

[dist]
# distance from previous block
# <min> <max>
0	329

# created by:
# /st0/software/busco_prod/Augustus/scripts/msa2prfl.pl ./align_prep/72354.fa
