[name]
unknown

[dist]
# distance from previous block
# <min> <max>
4	50

[block]
# block no. 0 follows, 50 sequences, length 88
# corresponding to MSA columns:
# 58-145
name=unknown_A
#
# <colnr> <probs for GDERKNQSTAVLIFYWHMCP>
#	G	D	E	R	K	N	Q	S	T	A	V	L	I	F	Y	W	H	M	C	P
0	0.01012	0.00877	0.01302	0.01086	0.02321	0.00881	0.17543	0.09443	0.12498	0.02860	0.03865	0.15204	0.17909	0.08740	0.00775	0.00202	0.01684	0.00812	0.00409	0.00576
1	0.05190	0.04923	0.01108	0.00869	0.01109	0.02794	0.08876	0.02305	0.03406	0.13867	0.21117	0.12692	0.13686	0.01988	0.01741	0.00174	0.00410	0.00778	0.00453	0.02517
2	0.01365	0.01391	0.12397	0.01049	0.01375	0.11124	0.02383	0.30026	0.02932	0.02103	0.07041	0.08074	0.02854	0.06297	0.00645	0.00177	0.00550	0.02458	0.05103	0.00655
3	0.01206	0.01222	0.01849	0.11773	0.05827	0.07981	0.23794	0.07699	0.01190	0.01606	0.05690	0.01351	0.00965	0.00569	0.00723	0.00160	0.15678	0.00487	0.00285	0.09944
4	0.01078	0.00966	0.01457	0.19268	0.01911	0.00963	0.14349	0.06383	0.07357	0.01660	0.01223	0.03480	0.02922	0.00573	0.01687	0.00146	0.01922	0.00477	0.05513	0.26668
5	0.01366	0.06178	0.01067	0.00810	0.01067	0.00919	0.00648	0.16817	0.10117	0.16945	0.18729	0.02166	0.03083	0.05716	0.00614	0.00168	0.00386	0.00587	0.11961	0.00653
6	0.06739	0.28379	0.42804	0.01196	0.03725	0.01394	0.01360	0.01594	0.01051	0.06278	0.00883	0.00999	0.00669	0.00466	0.00415	0.00141	0.00625	0.00339	0.00244	0.00700
7	0.32872	0.05902	0.01043	0.00775	0.01111	0.00965	0.00645	0.04564	0.02563	0.35728	0.01365	0.01314	0.00937	0.00546	0.00406	0.00148	0.00404	0.00398	0.07624	0.00688
8	0.17628	0.00737	0.00739	0.00688	0.00827	0.00807	0.00478	0.03725	0.17961	0.01540	0.01570	0.02442	0.03304	0.43808	0.01541	0.00331	0.00441	0.00599	0.00359	0.00476
9	0.00673	0.00531	0.00616	0.00579	0.00739	0.00460	0.00437	0.00859	0.01264	0.01683	0.41060	0.04041	0.37900	0.01088	0.00575	0.00157	0.00251	0.00932	0.00495	0.05659
10	0.00700	0.00555	0.00796	0.00762	0.00882	0.00540	0.05519	0.00889	0.02255	0.01467	0.21643	0.25100	0.15256	0.03665	0.17284	0.00314	0.00530	0.00963	0.00426	0.00453
11	0.01091	0.01126	0.06587	0.60324	0.02963	0.05181	0.01319	0.07873	0.05882	0.01498	0.00977	0.01310	0.00729	0.00517	0.00495	0.00162	0.00655	0.00440	0.00263	0.00606
12	0.00618	0.00446	0.00567	0.00659	0.00699	0.00415	0.00437	0.00699	0.00948	0.01248	0.02854	0.66112	0.10749	0.10033	0.00831	0.00229	0.00306	0.01308	0.00446	0.00396
13	0.00610	0.00485	0.00527	0.00555	0.00669	0.00425	0.00389	0.00711	0.01042	0.01282	0.04072	0.23027	0.51570	0.11345	0.00840	0.00215	0.00290	0.01099	0.00443	0.00402
14	0.01316	0.01091	0.01282	0.13157	0.05612	0.01249	0.00937	0.13358	0.49814	0.04108	0.01679	0.01647	0.01250	0.00625	0.00504	0.00164	0.00468	0.00521	0.00453	0.00764
15	0.01151	0.32540	0.40893	0.01139	0.01693	0.06275	0.01321	0.01515	0.01065	0.01389	0.01083	0.01193	0.05763	0.00510	0.00422	0.00137	0.00639	0.00372	0.00231	0.00670
16	0.01040	0.00750	0.00853	0.00809	0.00979	0.00797	0.00593	0.02843	0.31623	0.08443	0.04405	0.23286	0.06023	0.14179	0.00875	0.00227	0.00375	0.00840	0.00471	0.00588
17	0.00603	0.00458	0.00557	0.00632	0.00707	0.00411	0.00436	0.00706	0.01021	0.01310	0.04952	0.55904	0.27594	0.01455	0.00620	0.00191	0.00276	0.01290	0.00464	0.00411
18	0.01187	0.01409	0.06863	0.02039	0.02553	0.01263	0.71536	0.03710	0.01203	0.01639	0.01008	0.01325	0.00752	0.00428	0.00580	0.00167	0.00827	0.00573	0.00257	0.00680
19	0.01693	0.07363	0.01388	0.01170	0.01403	0.64532	0.00884	0.01777	0.01283	0.01169	0.00778	0.00976	0.00672	0.00673	0.00644	0.11670	0.00812	0.00333	0.00249	0.00533
20	0.01862	0.02376	0.01413	0.01284	0.01541	0.80482	0.00963	0.01990	0.01413	0.01220	0.00770	0.00899	0.00642	0.00514	0.00449	0.00128	0.00899	0.00321	0.00257	0.00578
21	0.00690	0.00501	0.00651	0.00630	0.00740	0.00461	0.00466	0.00905	0.01350	0.01894	0.67908	0.12545	0.07211	0.01088	0.00593	0.00162	0.00242	0.00965	0.00536	0.00461
22	0.02137	0.00823	0.01121	0.00875	0.01239	0.00713	0.00716	0.02323	0.01398	0.74912	0.02014	0.06626	0.01360	0.00675	0.00510	0.00157	0.00416	0.00557	0.00607	0.00821
23	0.86003	0.00964	0.00733	0.00655	0.00964	0.01118	0.00540	0.01465	0.00848	0.02236	0.00694	0.00810	0.00540	0.00463	0.00308	0.00154	0.00386	0.00270	0.00308	0.00540
24	0.01091	0.01588	0.37375	0.01039	0.01517	0.00909	0.01153	0.06137	0.05128	0.11059	0.02368	0.02322	0.24725	0.00749	0.00515	0.00161	0.00522	0.00608	0.00369	0.00663
25	0.01034	0.00886	0.01034	0.00738	0.01181	0.00664	0.00591	0.01255	0.01034	0.01624	0.00886	0.01034	0.00738	0.00369	0.00369	0.00074	0.00369	0.00295	0.00295	0.85530
26	0.00674	0.00534	0.00593	0.00595	0.00737	0.00480	0.00438	0.04558	0.01194	0.01510	0.14654	0.21535	0.48191	0.01262	0.00595	0.00173	0.00273	0.01082	0.00477	0.00445
27	0.00805	0.00654	0.00718	0.00708	0.00859	0.00668	0.00516	0.01295	0.23839	0.01549	0.07835	0.20981	0.27054	0.09286	0.00771	0.00207	0.00325	0.00948	0.00465	0.00517
28	0.01091	0.01091	0.01527	0.01309	0.01309	0.01527	0.01091	0.01200	0.00763	0.01200	0.00654	0.01091	0.00654	0.00872	0.01636	0.00218	0.81570	0.00436	0.00218	0.00545
29	0.01072	0.01535	0.24663	0.05911	0.23198	0.01107	0.21781	0.01478	0.01149	0.01633	0.10411	0.01517	0.01203	0.00519	0.00525	0.00158	0.00661	0.00516	0.00273	0.00693
30	0.01085	0.01115	0.05266	0.35378	0.04208	0.08303	0.01089	0.01688	0.22035	0.01610	0.11713	0.01739	0.01439	0.00615	0.00507	0.00161	0.00557	0.00522	0.00346	0.00624
31	0.01197	0.01418	0.18626	0.01168	0.01565	0.01212	0.06031	0.06091	0.49794	0.01992	0.04362	0.01679	0.01352	0.00623	0.00507	0.00165	0.00501	0.00528	0.00426	0.00762
32	0.01199	0.08905	0.41024	0.01577	0.09453	0.04722	0.12308	0.07887	0.05182	0.01690	0.00975	0.01137	0.00729	0.00482	0.00481	0.00153	0.00694	0.00413	0.00261	0.00729
33	0.00823	0.00456	0.00661	0.00661	0.00675	0.00470	0.00447	0.00698	0.00683	0.00925	0.01029	0.01804	0.01045	0.12075	0.14734	0.61244	0.00585	0.00485	0.00235	0.00264
34	0.01364	0.56895	0.13327	0.01004	0.01444	0.13827	0.01008	0.01613	0.03218	0.01263	0.00770	0.00880	0.00663	0.00453	0.00367	0.00119	0.00614	0.00297	0.00228	0.00648
35	0.00725	0.00483	0.00544	0.00544	0.00544	0.00483	0.00302	0.00725	0.00725	0.00966	0.01571	0.03262	0.01812	0.82483	0.02537	0.00483	0.00483	0.00725	0.00302	0.00302
36	0.01327	0.80737	0.02585	0.00864	0.01280	0.01961	0.00859	0.01485	0.01007	0.01173	0.00692	0.00807	0.00640	0.00438	0.00353	0.00109	0.02562	0.00271	0.00213	0.00637
37	0.01121	0.00947	0.01094	0.00799	0.01245	0.00717	0.00629	0.01317	0.01089	0.01704	0.00974	0.01155	0.00821	0.00429	0.00408	0.00091	0.00400	0.00325	0.00325	0.84409
38	0.01055	0.15866	0.67095	0.01327	0.02012	0.01293	0.01678	0.01564	0.01046	0.01511	0.00861	0.01010	0.00633	0.00466	0.00448	0.00149	0.00703	0.00351	0.00211	0.00721
39	0.01229	0.00663	0.00831	0.00710	0.00939	0.00600	0.00559	0.05473	0.01406	0.26550	0.34247	0.03181	0.19727	0.00922	0.00556	0.00158	0.00316	0.00783	0.00549	0.00599
40	0.04215	0.01163	0.01338	0.01029	0.01420	0.01205	0.00850	0.45182	0.01933	0.34195	0.01496	0.01390	0.00996	0.00602	0.00495	0.00152	0.00494	0.00465	0.00542	0.00840
41	0.01140	0.01128	0.02045	0.05858	0.48102	0.01112	0.19344	0.01452	0.01140	0.01580	0.01315	0.01769	0.05714	0.00552	0.00535	0.00160	0.00624	0.05449	0.00274	0.00708
42	0.01189	0.01164	0.01831	0.15484	0.58800	0.05525	0.01421	0.01471	0.01119	0.01530	0.01012	0.05334	0.00888	0.00513	0.00499	0.00153	0.00605	0.00486	0.00254	0.00720
43	0.01412	0.00887	0.01379	0.51505	0.02640	0.00991	0.01149	0.03793	0.01181	0.28209	0.01265	0.01451	0.00865	0.00542	0.00499	0.00162	0.00579	0.00463	0.00365	0.00663
44	0.00941	0.00886	0.01495	0.81285	0.03433	0.01107	0.01384	0.01274	0.00997	0.01274	0.00886	0.01329	0.00664	0.00498	0.00498	0.00166	0.00664	0.00443	0.00221	0.00554
45	0.01556	0.05688	0.30346	0.01212	0.01733	0.01156	0.06203	0.17582	0.02572	0.23684	0.02607	0.01326	0.00935	0.00546	0.00489	0.00153	0.00594	0.00443	0.00396	0.00778
46	0.00725	0.00632	0.01045	0.00949	0.01097	0.00584	0.15913	0.00887	0.01029	0.01350	0.02745	0.50743	0.14824	0.02459	0.00648	0.00195	0.00401	0.02897	0.00418	0.00461
47	0.00717	0.00514	0.00702	0.00702	0.00756	0.00569	0.00499	0.00826	0.00772	0.01084	0.01426	0.02461	0.01464	0.34118	0.50426	0.00678	0.01006	0.00608	0.00281	0.00390
48	0.00741	0.00580	0.00912	0.00861	0.00969	0.00651	0.05312	0.00921	0.00818	0.01169	0.01333	0.02021	0.01259	0.09573	0.69632	0.00738	0.01239	0.00552	0.00269	0.00448
49	0.01031	0.06468	0.71298	0.01493	0.06845	0.01200	0.01774	0.01571	0.01055	0.01561	0.00887	0.01051	0.00642	0.00469	0.00467	0.00155	0.00718	0.00368	0.00213	0.00735
50	0.01023	0.00888	0.01318	0.01604	0.25767	0.00912	0.05416	0.01522	0.20099	0.03003	0.01884	0.30723	0.01884	0.00908	0.00554	0.00174	0.00445	0.00835	0.00396	0.00644
51	0.01448	0.01660	0.01476	0.01294	0.01416	0.36012	0.01031	0.03517	0.01088	0.01259	0.00719	0.01010	0.00654	0.00709	0.01088	0.00177	0.44247	0.00386	0.00242	0.00567
52	0.86003	0.00964	0.00733	0.00655	0.00964	0.01118	0.00540	0.01465	0.00848	0.02236	0.00694	0.00810	0.00540	0.00463	0.00308	0.00154	0.00386	0.00270	0.00308	0.00540
53	0.00717	0.00515	0.00702	0.00702	0.00757	0.00569	0.00500	0.00827	0.00772	0.01084	0.01425	0.02458	0.01463	0.33958	0.50585	0.00679	0.01008	0.00607	0.00280	0.00390
54	0.00960	0.00905	0.01530	0.76177	0.08391	0.01112	0.01394	0.01290	0.01006	0.01297	0.00889	0.01323	0.00673	0.00495	0.00498	0.00165	0.00660	0.00443	0.00223	0.00569
55	0.31788	0.01062	0.01113	0.00887	0.01249	0.01125	0.00732	0.25809	0.01511	0.28155	0.01273	0.01225	0.00866	0.00556	0.00432	0.00153	0.00450	0.00403	0.00470	0.00739
56	0.04621	0.06887	0.28996	0.01101	0.01612	0.01090	0.01154	0.12514	0.01375	0.33725	0.01354	0.01311	0.00905	0.00546	0.00473	0.00152	0.00557	0.00424	0.00420	0.00785
57	0.01234	0.01184	0.02023	0.03059	0.79373	0.01184	0.01530	0.01530	0.01135	0.01628	0.00938	0.01234	0.00790	0.00444	0.00493	0.00148	0.00592	0.00444	0.00247	0.00790
58	0.00785	0.00505	0.00636	0.00637	0.00694	0.00496	0.00423	0.00872	0.00932	0.05846	0.14353	0.19038	0.02482	0.39219	0.10548	0.00390	0.00497	0.00859	0.00389	0.00398
59	0.00591	0.00499	0.00511	0.00521	0.00678	0.00419	0.00386	0.00714	0.01121	0.01340	0.04852	0.11423	0.72673	0.01288	0.00593	0.00171	0.00256	0.01083	0.00463	0.00419
60	0.01033	0.10621	0.72150	0.01364	0.02069	0.01239	0.01742	0.01570	0.01048	0.01538	0.00874	0.01027	0.00632	0.00469	0.00458	0.00153	0.00716	0.00358	0.00211	0.00727
61	0.00958	0.00913	0.01494	0.79816	0.03398	0.02564	0.01377	0.01287	0.01004	0.01273	0.00884	0.01321	0.00664	0.00499	0.00497	0.00165	0.00669	0.00441	0.00222	0.00554
62	0.00599	0.00466	0.00545	0.00608	0.00700	0.00412	0.00425	0.00704	0.01037	0.01306	0.03791	0.47095	0.37685	0.01426	0.00615	0.00187	0.00273	0.01252	0.00463	0.00412
63	0.86003	0.00964	0.00733	0.00655	0.00964	0.01118	0.00540	0.01465	0.00848	0.02236	0.00694	0.00810	0.00540	0.00463	0.00308	0.00154	0.00386	0.00270	0.00308	0.00540
64	0.00780	0.00556	0.00782	0.00769	0.00881	0.00527	0.04405	0.01002	0.04977	0.05458	0.26966	0.45040	0.03426	0.01240	0.00605	0.00182	0.00312	0.01123	0.00489	0.00480
65	0.86003	0.00964	0.00733	0.00655	0.00964	0.01118	0.00540	0.01465	0.00848	0.02236	0.00694	0.00810	0.00540	0.00463	0.00308	0.00154	0.00386	0.00270	0.00308	0.00540
66	0.00688	0.00652	0.05023	0.00692	0.00848	0.00538	0.01816	0.00926	0.07042	0.01391	0.05307	0.30834	0.35679	0.05375	0.00691	0.00195	0.00324	0.01074	0.00443	0.00461
67	0.01333	0.82783	0.02612	0.00853	0.01279	0.01972	0.00853	0.01493	0.01013	0.01173	0.00693	0.00800	0.00640	0.00426	0.00320	0.00107	0.00533	0.00267	0.00213	0.00640
68	0.86003	0.00964	0.00733	0.00655	0.00964	0.01118	0.00540	0.01465	0.00848	0.02236	0.00694	0.00810	0.00540	0.00463	0.00308	0.00154	0.00386	0.00270	0.00308	0.00540
69	0.01061	0.01008	0.01719	0.22885	0.35126	0.01098	0.07496	0.01323	0.01032	0.01432	0.01084	0.09145	0.00995	0.00690	0.01926	0.02390	0.08144	0.00551	0.00258	0.00638
70	0.01198	0.01380	0.13156	0.01368	0.01560	0.05310	0.08079	0.01411	0.00919	0.06419	0.00813	0.01138	0.00697	0.00738	0.01237	0.00196	0.53089	0.00438	0.00248	0.00606
71	0.01156	0.06305	0.36623	0.17866	0.02157	0.06081	0.02589	0.01535	0.01044	0.06516	0.00910	0.01138	0.00684	0.00546	0.00645	0.00164	0.12736	0.00397	0.00244	0.00662
72	0.01023	0.07713	0.68627	0.01448	0.06035	0.01192	0.01723	0.01546	0.01051	0.01546	0.00935	0.03284	0.00714	0.00499	0.00469	0.00155	0.00703	0.00394	0.00219	0.00724
73	0.00941	0.00886	0.01495	0.81285	0.03433	0.01107	0.01384	0.01274	0.00997	0.01274	0.00886	0.01329	0.00664	0.00498	0.00498	0.00166	0.00664	0.00443	0.00221	0.00554
74	0.05231	0.00853	0.05153	0.42469	0.02277	0.00882	0.01046	0.01288	0.01033	0.10866	0.01493	0.22399	0.01412	0.00787	0.00524	0.00173	0.00527	0.00692	0.00336	0.00559
75	0.01541	0.00928	0.06130	0.01051	0.03778	0.00788	0.07673	0.03742	0.02580	0.38562	0.09767	0.04839	0.03579	0.01100	0.11341	0.00245	0.00583	0.00592	0.00478	0.00702
76	0.01113	0.01741	0.35461	0.01379	0.01851	0.05010	0.17368	0.01491	0.01069	0.06338	0.01273	0.01566	0.05612	0.06909	0.02306	0.00202	0.07895	0.00499	0.00271	0.00647
77	0.01150	0.01295	0.02786	0.02009	0.02475	0.01238	0.71078	0.01548	0.01143	0.01561	0.01012	0.01366	0.00777	0.00600	0.04586	0.00201	0.03685	0.00580	0.00252	0.00657
78	0.11369	0.01020	0.03926	0.37891	0.02486	0.01074	0.15546	0.01523	0.01081	0.13128	0.02334	0.01399	0.01970	0.00525	0.00523	0.00164	0.02644	0.00472	0.00305	0.00620
79	0.01067	0.01218	0.17913	0.01221	0.02700	0.00922	0.15919	0.01351	0.01095	0.11038	0.03349	0.13557	0.14906	0.00832	0.00686	0.00175	0.10369	0.00716	0.00356	0.00608
80	0.00941	0.00886	0.01495	0.81285	0.03433	0.01107	0.01384	0.01274	0.00997	0.01274	0.00886	0.01329	0.00664	0.00498	0.00498	0.00166	0.00664	0.00443	0.00221	0.00554
81	0.01333	0.82783	0.02612	0.00853	0.01279	0.01972	0.00853	0.01493	0.01013	0.01173	0.00693	0.00800	0.00640	0.00426	0.00320	0.00107	0.00533	0.00267	0.00213	0.00640
82	0.00927	0.06717	0.34625	0.01142	0.01581	0.00962	0.08814	0.01338	0.03485	0.01605	0.17901	0.04550	0.06419	0.03058	0.02785	0.00186	0.00578	0.02386	0.00328	0.00613
83	0.84551	0.00956	0.00729	0.00654	0.00957	0.01107	0.00536	0.01453	0.00846	0.02215	0.00709	0.00851	0.00561	0.01859	0.00346	0.00160	0.00387	0.00278	0.00308	0.00536
84	0.00987	0.00940	0.01493	0.47889	0.09253	0.01185	0.01261	0.01240	0.00943	0.01284	0.00942	0.06208	0.00834	0.00660	0.00815	0.00181	0.22586	0.00501	0.00238	0.00563
85	0.00784	0.00566	0.00703	0.00781	0.00845	0.00535	0.00533	0.05792	0.01106	0.01481	0.02761	0.74102	0.04929	0.01535	0.00662	0.00214	0.00337	0.01360	0.00493	0.00482
86	0.08737	0.03838	0.01777	0.01409	0.01739	0.43013	0.23637	0.01762	0.01260	0.01459	0.00889	0.01084	0.00709	0.00484	0.00469	0.00141	0.00785	0.00404	0.05808	0.00597
87	0.80534	0.00956	0.00760	0.00671	0.00984	0.01093	0.00552	0.01528	0.00886	0.07295	0.00777	0.00868	0.00585	0.00473	0.00321	0.00154	0.00388	0.00285	0.00329	0.00560

[dist]
# distance from previous block
# <min> <max>
6	64

# created by:
# /st0/software/busco_prod/Augustus/scripts/msa2prfl.pl ./align_prep/72435.fa
