[name]
unknown

[dist]
# distance from previous block
# <min> <max>
0	114

[block]
# block no. 0 follows, 52 sequences, length 11
# corresponding to MSA columns:
# 114-124
name=unknown_A
#
# <colnr> <probs for GDERKNQSTAVLIFYWHMCP>
#	G	D	E	R	K	N	Q	S	T	A	V	L	I	F	Y	W	H	M	C	P
0	0.00743	0.00531	0.00737	0.00849	0.00944	0.00525	0.00715	0.00938	0.01078	0.01408	0.02587	0.20860	0.02872	0.01374	0.00659	0.00218	0.00413	0.61666	0.00447	0.00436
1	0.01613	0.01190	0.01320	0.01048	0.01376	0.01324	0.00858	0.62881	0.01979	0.02669	0.01190	0.01311	0.00901	0.01191	0.16552	0.00272	0.00686	0.00453	0.00440	0.00746
2	0.00967	0.00933	0.01300	0.01153	0.01159	0.01267	0.00938	0.01068	0.00779	0.01180	0.01042	0.17333	0.01148	0.00982	0.01397	0.00209	0.65768	0.00614	0.00259	0.00503
3	0.01944	0.01193	0.01353	0.01037	0.01421	0.01259	0.00857	0.54925	0.02004	0.26847	0.01394	0.01313	0.00940	0.00587	0.00486	0.00147	0.00496	0.00452	0.00520	0.00824
4	0.00663	0.00494	0.00616	0.00586	0.00710	0.00448	0.00439	0.00871	0.01318	0.01817	0.64777	0.03828	0.19565	0.01038	0.00572	0.00155	0.00232	0.00906	0.00517	0.00448
5	0.01057	0.00886	0.00968	0.00879	0.01108	0.00992	0.00679	0.02102	0.56955	0.02003	0.24094	0.02324	0.02360	0.00752	0.00515	0.00161	0.00339	0.00641	0.00505	0.00679
6	0.00573	0.00491	0.00491	0.00491	0.00655	0.00409	0.00368	0.00695	0.01105	0.01309	0.04909	0.04664	0.79750	0.01227	0.00573	0.00164	0.00245	0.01023	0.00450	0.00409
7	0.01205	0.01041	0.01096	0.00986	0.01260	0.01205	0.00767	0.02575	0.79071	0.02027	0.01972	0.01808	0.01479	0.00657	0.00493	0.00164	0.00384	0.00548	0.00493	0.00767
8	0.00915	0.00861	0.01453	0.81804	0.03338	0.01077	0.01346	0.01238	0.00969	0.01238	0.00861	0.01292	0.00646	0.00484	0.00484	0.00161	0.00646	0.00431	0.00215	0.00538
9	0.01205	0.01041	0.01096	0.00986	0.01260	0.01205	0.00767	0.02575	0.79071	0.02027	0.01972	0.01808	0.01479	0.00657	0.00493	0.00164	0.00384	0.00548	0.00493	0.00767
10	0.01205	0.01041	0.01096	0.00986	0.01260	0.01205	0.00767	0.02575	0.79071	0.02027	0.01972	0.01808	0.01479	0.00657	0.00493	0.00164	0.00384	0.00548	0.00493	0.00767

[dist]
# distance from previous block
# <min> <max>
0	1

[block]
# block no. 1 follows, 52 sequences, length 45
# corresponding to MSA columns:
# 126-170
name=unknown_B
#
# <colnr> <probs for GDERKNQSTAVLIFYWHMCP>
#	G	D	E	R	K	N	Q	S	T	A	V	L	I	F	Y	W	H	M	C	P
0	0.01205	0.01041	0.01096	0.00986	0.01260	0.01205	0.00767	0.02575	0.79071	0.02027	0.01972	0.01808	0.01479	0.00657	0.00493	0.00164	0.00384	0.00548	0.00493	0.00767
1	0.01613	0.01243	0.01325	0.01069	0.01415	0.01396	0.00866	0.51024	0.29958	0.02684	0.01455	0.01396	0.01060	0.00609	0.00488	0.00152	0.00479	0.00477	0.00488	0.00804
2	0.01277	0.01076	0.01136	0.01001	0.01287	0.01239	0.00784	0.11046	0.70484	0.02142	0.01882	0.01736	0.01406	0.00649	0.00492	0.00162	0.00400	0.00535	0.00492	0.00773
3	0.01237	0.01108	0.01110	0.01000	0.01273	0.05425	0.00776	0.02541	0.74964	0.01983	0.01908	0.01759	0.01434	0.00649	0.00490	0.00162	0.00409	0.00535	0.00480	0.00756
4	0.08221	0.01813	0.01357	0.01147	0.01458	0.42209	0.00899	0.33378	0.01705	0.02031	0.00914	0.00987	0.00699	0.00530	0.00446	0.00135	0.00696	0.00360	0.00350	0.00667
5	0.01253	0.01050	0.01112	0.00989	0.01270	0.01208	0.00773	0.05853	0.74143	0.03684	0.01936	0.01777	0.01445	0.00653	0.00493	0.00163	0.00391	0.00542	0.00495	0.00771
6	0.01842	0.01357	0.01454	0.01115	0.01503	0.01503	0.00921	0.78330	0.02278	0.03054	0.01163	0.01163	0.00824	0.00582	0.00485	0.00145	0.00533	0.00436	0.00485	0.00824
7	0.01086	0.00728	0.01041	0.00931	0.01051	0.00868	0.00752	0.01244	0.00889	0.16771	0.01237	0.01622	0.01051	0.02270	0.43305	0.00499	0.23319	0.00487	0.00314	0.00537
8	0.00593	0.00474	0.00530	0.00553	0.00676	0.00412	0.00401	0.00720	0.01097	0.01378	0.14625	0.23955	0.50347	0.01267	0.00584	0.00170	0.00252	0.01091	0.00461	0.00412
9	0.00675	0.00496	0.00633	0.00603	0.00723	0.00454	0.00455	0.00892	0.01336	0.01861	0.69563	0.03779	0.12938	0.01025	0.00574	0.00155	0.00235	0.02628	0.00522	0.00452
10	0.00588	0.00432	0.00552	0.00648	0.00696	0.00396	0.00438	0.00678	0.00953	0.01247	0.02995	0.71372	0.14277	0.01476	0.00612	0.00192	0.00276	0.01326	0.00450	0.00396
11	0.01810	0.02310	0.01373	0.01248	0.01498	0.81024	0.00936	0.01935	0.01373	0.01186	0.00749	0.00874	0.00624	0.00499	0.00437	0.00125	0.00874	0.00312	0.00250	0.00562
12	0.01260	0.01068	0.01126	0.00997	0.01281	0.01231	0.00780	0.09067	0.72490	0.02115	0.01903	0.01753	0.01423	0.00651	0.00492	0.00163	0.00396	0.00538	0.00492	0.00772
13	0.86392	0.00937	0.00712	0.00637	0.00937	0.01087	0.00525	0.01425	0.00825	0.02174	0.00675	0.00787	0.00525	0.00450	0.00300	0.00150	0.00375	0.00262	0.00300	0.00525
14	0.00692	0.00519	0.00779	0.00779	0.00865	0.00606	0.00606	0.00865	0.00779	0.01125	0.01298	0.01904	0.01211	0.03634	0.81049	0.00779	0.01298	0.00519	0.00260	0.00433
15	0.00589	0.00427	0.00557	0.00661	0.00699	0.00395	0.00444	0.00676	0.00941	0.01242	0.02838	0.76822	0.08928	0.01496	0.00615	0.00194	0.00278	0.01351	0.00450	0.00395
16	0.01132	0.01083	0.01846	0.21579	0.61866	0.01134	0.01454	0.01428	0.01072	0.01502	0.00900	0.01221	0.00739	0.00444	0.00481	0.00148	0.00592	0.00432	0.00234	0.00713
17	0.01330	0.01103	0.01166	0.01011	0.01307	0.01263	0.00797	0.17351	0.64093	0.02227	0.01815	0.01682	0.01352	0.00643	0.00491	0.00161	0.00413	0.00526	0.00491	0.00778
18	0.00824	0.00628	0.00690	0.00664	0.00761	0.00662	0.00448	0.01229	0.22322	0.01345	0.06608	0.07153	0.08609	0.44210	0.01553	0.00327	0.00403	0.00735	0.00384	0.00449
19	0.01188	0.00944	0.01083	0.00795	0.01211	0.00802	0.00640	0.13432	0.03780	0.04876	0.00986	0.01081	0.00778	0.00413	0.00388	0.00089	0.00389	0.00327	0.00337	0.66461
20	0.86392	0.00937	0.00712	0.00637	0.00937	0.01087	0.00525	0.01425	0.00825	0.02174	0.00675	0.00787	0.00525	0.00450	0.00300	0.00150	0.00375	0.00262	0.00300	0.00525
21	0.00584	0.00446	0.00538	0.00612	0.00686	0.00399	0.00422	0.00682	0.00989	0.01262	0.03441	0.55832	0.29529	0.01418	0.00603	0.00185	0.00269	0.01256	0.00450	0.00399
22	0.00590	0.00422	0.00562	0.00675	0.00703	0.00394	0.00450	0.00675	0.00928	0.01237	0.02671	0.82653	0.03205	0.01518	0.00619	0.00197	0.00281	0.01378	0.00450	0.00394
23	0.01199	0.01151	0.01967	0.02974	0.79946	0.01151	0.01487	0.01487	0.01103	0.01583	0.00912	0.01199	0.00768	0.00432	0.00480	0.00144	0.00576	0.00432	0.00240	0.00768
24	0.00594	0.00423	0.00561	0.00671	0.00698	0.00396	0.00445	0.00676	0.00921	0.01229	0.02638	0.80389	0.03164	0.03839	0.00671	0.00205	0.00287	0.01358	0.00445	0.00391
25	0.01390	0.00636	0.00809	0.00686	0.00863	0.00583	0.00493	0.01482	0.01038	0.37965	0.03480	0.02472	0.01563	0.42695	0.01501	0.00313	0.00438	0.00607	0.00442	0.00545
26	0.01058	0.01903	0.41379	0.01714	0.02317	0.01176	0.40264	0.01544	0.01084	0.01544	0.00925	0.01166	0.00675	0.00434	0.00517	0.00158	0.00767	0.00466	0.00225	0.00685
27	0.00601	0.00429	0.00574	0.00687	0.00719	0.00403	0.00468	0.00693	0.00938	0.01249	0.02665	0.78440	0.03182	0.01508	0.00621	0.00198	0.00290	0.05488	0.00450	0.00396
28	0.00586	0.00471	0.00523	0.00553	0.00674	0.00408	0.00399	0.00706	0.01073	0.01335	0.09797	0.27246	0.51942	0.01294	0.00586	0.00172	0.00255	0.01115	0.00456	0.00408
29	0.00574	0.00487	0.00495	0.00501	0.00657	0.00408	0.00373	0.00694	0.01095	0.01305	0.04787	0.08908	0.75584	0.01243	0.00575	0.00165	0.00247	0.01042	0.00450	0.00408
30	0.86392	0.00937	0.00712	0.00637	0.00937	0.01087	0.00525	0.01425	0.00825	0.02174	0.00675	0.00787	0.00525	0.00450	0.00300	0.00150	0.00375	0.00262	0.00300	0.00525
31	0.13645	0.00801	0.00970	0.00778	0.01101	0.00744	0.00635	0.05149	0.01305	0.51441	0.05508	0.02023	0.12423	0.00684	0.00477	0.00152	0.00380	0.00547	0.00529	0.00708
32	0.01454	0.00677	0.00880	0.00729	0.00980	0.00601	0.00576	0.02993	0.01326	0.41778	0.25424	0.02665	0.11264	0.05644	0.00639	0.00171	0.00344	0.00677	0.00543	0.00636
33	0.01082	0.01063	0.00834	0.00796	0.00975	0.23674	0.00610	0.01360	0.08387	0.01506	0.08949	0.02736	0.20336	0.00825	0.00489	0.00147	0.00453	0.08039	0.17233	0.00502
34	0.00796	0.00538	0.00695	0.00641	0.00777	0.00504	0.00485	0.01070	0.04664	0.06565	0.71813	0.03427	0.04243	0.00954	0.00563	0.00153	0.00246	0.00840	0.00536	0.00492
35	0.64841	0.00919	0.00767	0.00685	0.00955	0.01055	0.00545	0.04808	0.09332	0.02071	0.00923	0.01155	0.00766	0.08839	0.00548	0.00184	0.00392	0.00346	0.00328	0.00541
36	0.00590	0.00461	0.00525	0.00571	0.00668	0.00407	0.00399	0.00691	0.01012	0.01268	0.05063	0.36870	0.42151	0.06163	0.00703	0.00195	0.00273	0.01149	0.00442	0.00397
37	0.00682	0.00483	0.00620	0.00634	0.00707	0.00459	0.00454	0.00833	0.01114	0.01537	0.39740	0.18613	0.03506	0.19168	0.01008	0.00238	0.00315	0.09027	0.00456	0.00408
38	0.19867	0.00862	0.01038	0.00824	0.01169	0.00830	0.00679	0.06350	0.01286	0.55262	0.01576	0.01453	0.01037	0.00728	0.04706	0.00183	0.00458	0.00439	0.00512	0.00741
39	0.00737	0.00531	0.00769	0.00765	0.00834	0.00605	0.00587	0.00838	0.00786	0.01102	0.01437	0.02199	0.04604	0.06593	0.51793	0.14359	0.05288	0.05508	0.00271	0.00396
40	0.01126	0.01210	0.01068	0.03263	0.01194	0.29257	0.00782	0.01281	0.00992	0.01153	0.01035	0.01450	0.00939	0.02199	0.43507	0.00482	0.07885	0.00435	0.00251	0.00490
41	0.00729	0.00569	0.00842	0.00768	0.00882	0.00568	0.08043	0.00837	0.00869	0.01150	0.02137	0.04442	0.18348	0.21645	0.24797	0.08338	0.00689	0.03638	0.00314	0.00395
42	0.02946	0.03495	0.03661	0.25833	0.06930	0.10677	0.12387	0.06407	0.05209	0.01425	0.00929	0.01244	0.00744	0.00668	0.00717	0.12557	0.02921	0.00432	0.00258	0.00562
43	0.13335	0.25368	0.05845	0.18003	0.01727	0.02759	0.02063	0.07977	0.02759	0.01522	0.00808	0.01028	0.00665	0.00586	0.02248	0.00160	0.11937	0.00356	0.00255	0.00599
44	0.07519	0.00806	0.00923	0.00854	0.01014	0.05727	0.00672	0.11214	0.04817	0.01542	0.04614	0.01711	0.01219	0.02483	0.50363	0.00539	0.02661	0.00491	0.00314	0.00518

[dist]
# distance from previous block
# <min> <max>
1	65

[block]
# block no. 2 follows, 52 sequences, length 7
# corresponding to MSA columns:
# 236-242
name=unknown_C
#
# <colnr> <probs for GDERKNQSTAVLIFYWHMCP>
#	G	D	E	R	K	N	Q	S	T	A	V	L	I	F	Y	W	H	M	C	P
0	0.26464	0.01045	0.01142	0.02910	0.04156	0.07581	0.05548	0.06854	0.10891	0.10716	0.01240	0.01549	0.01002	0.00875	0.07981	0.00216	0.03036	0.05815	0.00363	0.00616
1	0.03979	0.09065	0.08735	0.01337	0.01733	0.08751	0.22257	0.24616	0.01452	0.03970	0.01084	0.06171	0.00886	0.00563	0.00524	0.00151	0.03221	0.00493	0.00333	0.00679
2	0.15358	0.01129	0.04452	0.01197	0.01583	0.04785	0.22965	0.04557	0.05035	0.18557	0.01179	0.01290	0.00859	0.00676	0.05452	0.00184	0.00608	0.00444	0.00355	0.09333
3	0.01007	0.26944	0.38412	0.01047	0.01533	0.01228	0.01202	0.01366	0.01053	0.01455	0.13763	0.01428	0.01303	0.00730	0.05429	0.00177	0.00611	0.00423	0.00263	0.00627
4	0.00621	0.00449	0.00563	0.00621	0.00675	0.00417	0.00418	0.00721	0.00988	0.01317	0.15396	0.48847	0.12176	0.13403	0.00878	0.00226	0.00296	0.01155	0.00441	0.00391
5	0.00705	0.00470	0.00529	0.00529	0.00529	0.00470	0.00294	0.00705	0.00705	0.00940	0.01527	0.03171	0.01762	0.82969	0.02467	0.00470	0.00470	0.00705	0.00294	0.00294
6	0.01122	0.00811	0.01061	0.00920	0.01041	0.00929	0.03329	0.06064	0.08238	0.11586	0.01422	0.04282	0.01359	0.29052	0.01474	0.00283	0.21965	0.04187	0.00352	0.00524

[dist]
# distance from previous block
# <min> <max>
0	5

[block]
# block no. 3 follows, 52 sequences, length 58
# corresponding to MSA columns:
# 248-305
name=unknown_D
#
# <colnr> <probs for GDERKNQSTAVLIFYWHMCP>
#	G	D	E	R	K	N	Q	S	T	A	V	L	I	F	Y	W	H	M	C	P
0	0.00670	0.00613	0.06699	0.00710	0.00794	0.00511	0.00541	0.00786	0.00846	0.01158	0.01960	0.39431	0.02233	0.23668	0.16735	0.00380	0.00563	0.00953	0.00352	0.00399
1	0.00641	0.00427	0.00544	0.00639	0.00681	0.00403	0.00432	0.00748	0.00942	0.01329	0.02495	0.69621	0.02889	0.01364	0.00573	0.00183	0.00272	0.01228	0.14185	0.00403
2	0.00747	0.00547	0.00734	0.00828	0.00948	0.00534	0.00714	0.00954	0.01114	0.01427	0.02944	0.05337	0.15194	0.01321	0.00654	0.00214	0.00414	0.64488	0.00447	0.00440
3	0.05896	0.00873	0.01122	0.00869	0.01231	0.00802	0.00716	0.10188	0.01454	0.65638	0.04805	0.01636	0.01261	0.00606	0.00482	0.00150	0.00416	0.00487	0.00572	0.00797
4	0.00823	0.00639	0.00766	0.00709	0.00865	0.00654	0.00539	0.01352	0.21846	0.01965	0.59211	0.03142	0.03757	0.00903	0.00551	0.00156	0.00269	0.00790	0.00523	0.00539
5	0.01643	0.01002	0.01152	0.00957	0.01283	0.01062	0.00767	0.12230	0.40667	0.30906	0.01846	0.01667	0.01292	0.00627	0.00490	0.00157	0.00413	0.00511	0.00531	0.00796
6	0.00730	0.00468	0.00519	0.00519	0.00533	0.00468	0.00299	0.00758	0.00744	0.01048	0.01534	0.03001	0.01697	0.72687	0.02201	0.00425	0.00439	0.00673	0.10945	0.00313
7	0.00687	0.00487	0.00653	0.00746	0.00809	0.00473	0.00570	0.00826	0.01001	0.01324	0.06002	0.38101	0.02932	0.10609	0.00846	0.00236	0.00368	0.32491	0.00435	0.00407
8	0.00591	0.00489	0.00518	0.00516	0.00667	0.00416	0.00385	0.00729	0.01140	0.01406	0.16522	0.07341	0.65206	0.01201	0.00574	0.00163	0.00244	0.01013	0.00463	0.00416
9	0.79861	0.00900	0.00692	0.00623	0.00909	0.01039	0.00511	0.01402	0.00839	0.02146	0.00744	0.00865	0.00580	0.00459	0.00303	0.00147	0.00363	0.00277	0.06821	0.00519
10	0.01205	0.01041	0.01096	0.00986	0.01260	0.01205	0.00767	0.02575	0.79071	0.02027	0.01972	0.01808	0.01479	0.00657	0.00493	0.00164	0.00384	0.00548	0.00493	0.00767
11	0.00795	0.00540	0.00602	0.00575	0.00606	0.00552	0.00343	0.06860	0.00830	0.01107	0.01498	0.03012	0.01687	0.76437	0.02309	0.00444	0.00475	0.00683	0.00309	0.00336
12	0.00903	0.00452	0.00452	0.00452	0.00565	0.00452	0.00339	0.01129	0.01016	0.01807	0.01581	0.01807	0.01242	0.00565	0.00339	0.00113	0.00226	0.00452	0.85659	0.00452
13	0.00590	0.00422	0.00562	0.00675	0.00703	0.00394	0.00450	0.00675	0.00928	0.01237	0.02671	0.82653	0.03205	0.01518	0.00619	0.00197	0.00281	0.01378	0.00450	0.00394
14	0.00599	0.00425	0.00560	0.00664	0.00689	0.00399	0.00438	0.00677	0.00911	0.01214	0.02583	0.76531	0.03094	0.07792	0.00761	0.00218	0.00296	0.01326	0.00438	0.00386
15	0.00953	0.00522	0.00695	0.00702	0.00822	0.00472	0.00506	0.01079	0.01087	0.18914	0.11439	0.52697	0.05704	0.01243	0.00582	0.00180	0.00303	0.01109	0.00493	0.00497
16	0.01956	0.01175	0.01341	0.01028	0.01412	0.01232	0.00850	0.52333	0.01973	0.29482	0.01420	0.01330	0.00953	0.00588	0.00486	0.00147	0.00492	0.00454	0.00524	0.00824
17	0.00903	0.00452	0.00452	0.00452	0.00565	0.00452	0.00339	0.01129	0.01016	0.01807	0.01581	0.01807	0.01242	0.00565	0.00339	0.00113	0.00226	0.00452	0.85659	0.00452
18	0.00589	0.00429	0.00555	0.00656	0.00698	0.00395	0.00442	0.00677	0.00946	0.01244	0.02897	0.74772	0.10940	0.01489	0.00614	0.00193	0.00278	0.01342	0.00450	0.00395
19	0.00924	0.00755	0.00837	0.00778	0.00962	0.00814	0.00586	0.01672	0.38994	0.01813	0.25159	0.06403	0.10161	0.07139	0.00680	0.00186	0.00326	0.00741	0.00484	0.00588
20	0.01842	0.01357	0.01454	0.01115	0.01503	0.01503	0.00921	0.78330	0.02278	0.03054	0.01163	0.01163	0.00824	0.00582	0.00485	0.00145	0.00533	0.00436	0.00485	0.00824
21	0.00599	0.00426	0.00560	0.00663	0.00689	0.00400	0.00437	0.00677	0.00910	0.01213	0.02580	0.76351	0.03091	0.07976	0.00765	0.00218	0.00296	0.01324	0.00437	0.00386
22	0.01792	0.01332	0.01426	0.01105	0.01484	0.01479	0.00909	0.72324	0.08367	0.02973	0.01228	0.01215	0.00876	0.00588	0.00485	0.00147	0.00521	0.00445	0.00485	0.00820
23	0.01205	0.01041	0.01096	0.00986	0.01260	0.01205	0.00767	0.02575	0.79071	0.02027	0.01972	0.01808	0.01479	0.00657	0.00493	0.00164	0.00384	0.00548	0.00493	0.00767
24	0.86392	0.00937	0.00712	0.00637	0.00937	0.01087	0.00525	0.01425	0.00825	0.02174	0.00675	0.00787	0.00525	0.00450	0.00300	0.00150	0.00375	0.00262	0.00300	0.00525
25	0.86392	0.00937	0.00712	0.00637	0.00937	0.01087	0.00525	0.01425	0.00825	0.02174	0.00675	0.00787	0.00525	0.00450	0.00300	0.00150	0.00375	0.00262	0.00300	0.00525
26	0.00584	0.00481	0.00514	0.00529	0.00667	0.00411	0.00388	0.00710	0.01099	0.01348	0.10495	0.16546	0.62045	0.01253	0.00580	0.00168	0.00250	0.01066	0.00457	0.00411
27	0.00573	0.00491	0.00491	0.00491	0.00655	0.00409	0.00368	0.00695	0.01105	0.01309	0.04909	0.04664	0.79750	0.01227	0.00573	0.00164	0.00245	0.01023	0.00450	0.00409
28	0.01970	0.01153	0.01328	0.01018	0.01401	0.01199	0.00841	0.49140	0.01936	0.32729	0.01451	0.01350	0.00968	0.00589	0.00486	0.00147	0.00487	0.00456	0.00529	0.00824
29	0.01199	0.01151	0.01967	0.02974	0.79946	0.01151	0.01487	0.01487	0.01103	0.01583	0.00912	0.01199	0.00768	0.00432	0.00480	0.00144	0.00576	0.00432	0.00240	0.00768
30	0.01205	0.01041	0.01096	0.00986	0.01260	0.01205	0.00767	0.02575	0.79071	0.02027	0.01972	0.01808	0.01479	0.00657	0.00493	0.00164	0.00384	0.00548	0.00493	0.00767
31	0.00574	0.00486	0.00496	0.00505	0.00658	0.00408	0.00374	0.00694	0.01091	0.01304	0.04738	0.10622	0.73902	0.01250	0.00576	0.00166	0.00248	0.01050	0.00450	0.00408
32	0.00693	0.00515	0.00759	0.00759	0.00839	0.00595	0.00581	0.00853	0.00773	0.01110	0.01316	0.02004	0.01255	0.09925	0.74818	0.00754	0.01232	0.00534	0.00262	0.00422
33	0.00972	0.02507	0.80458	0.01381	0.02097	0.01125	0.01790	0.01535	0.01023	0.01535	0.00870	0.01023	0.00614	0.00460	0.00460	0.00153	0.00716	0.00358	0.00205	0.00716
34	0.00604	0.00428	0.00558	0.00657	0.00682	0.00403	0.00431	0.00678	0.00901	0.01201	0.02532	0.72966	0.03029	0.11445	0.00844	0.00230	0.00304	0.01296	0.00431	0.00381
35	0.00600	0.00492	0.00528	0.00519	0.00671	0.00421	0.00390	0.00748	0.01169	0.01461	0.22825	0.04414	0.61739	0.01171	0.00572	0.00161	0.00241	0.00988	0.00470	0.00421
36	0.00692	0.00519	0.00779	0.00779	0.00865	0.00606	0.00606	0.00865	0.00779	0.01125	0.01298	0.01904	0.01211	0.03634	0.81049	0.00779	0.01298	0.00519	0.00260	0.00433
37	0.01060	0.01060	0.01484	0.01272	0.01272	0.01484	0.01060	0.01166	0.00742	0.01166	0.00636	0.01060	0.00636	0.00848	0.01590	0.00212	0.82082	0.00424	0.00212	0.00530
38	0.01596	0.01180	0.01279	0.01037	0.01367	0.01306	0.00836	0.49379	0.22093	0.06035	0.01522	0.07578	0.01193	0.00674	0.00497	0.00154	0.00470	0.00539	0.00489	0.00776
39	0.00719	0.00560	0.00649	0.00616	0.00756	0.00538	0.00457	0.01042	0.10938	0.01692	0.42202	0.03664	0.25907	0.07281	0.00707	0.00181	0.00271	0.00865	0.00486	0.00469
40	0.10580	0.00836	0.01083	0.00840	0.01207	0.00750	0.00694	0.02268	0.01331	0.72486	0.01788	0.01563	0.01132	0.00585	0.00469	0.00150	0.00409	0.00465	0.00570	0.00795
41	0.03264	0.00643	0.00808	0.00686	0.00866	0.00594	0.00494	0.01484	0.01036	0.37290	0.03611	0.02434	0.01547	0.41448	0.01467	0.00309	0.00435	0.00600	0.00440	0.00546
42	0.00577	0.00476	0.00506	0.00530	0.00665	0.00406	0.00386	0.00691	0.01067	0.01294	0.04429	0.21384	0.63339	0.01290	0.00583	0.00171	0.00253	0.01099	0.00450	0.00406
43	0.00590	0.00422	0.00562	0.00675	0.00703	0.00394	0.00450	0.00675	0.00928	0.01237	0.02671	0.82653	0.03205	0.01518	0.00619	0.00197	0.00281	0.01378	0.00450	0.00394
44	0.00626	0.00474	0.00632	0.00678	0.00756	0.00479	0.00494	0.00753	0.00906	0.01208	0.02592	0.35383	0.18002	0.02282	0.31889	0.00416	0.00669	0.00972	0.00376	0.00412
45	0.00588	0.00430	0.00553	0.00652	0.00697	0.00396	0.00440	0.00677	0.00950	0.01246	0.02950	0.72922	0.12756	0.01482	0.00613	0.00193	0.00277	0.01333	0.00450	0.00396
46	0.01174	0.00643	0.00771	0.00670	0.00901	0.00581	0.00526	0.01439	0.07484	0.27175	0.16178	0.03185	0.32699	0.00916	0.00531	0.00156	0.00307	0.00767	0.03314	0.00582
47	0.02014	0.01002	0.01220	0.00939	0.01310	0.00985	0.00774	0.29386	0.01692	0.50192	0.01634	0.01481	0.01067	0.00592	0.00482	0.00147	0.00449	0.00468	0.03351	0.00812
48	0.01842	0.01357	0.01454	0.01115	0.01503	0.01503	0.00921	0.78330	0.02278	0.03054	0.01163	0.01163	0.00824	0.00582	0.00485	0.00145	0.00533	0.00436	0.00485	0.00824
49	0.00773	0.00599	0.00644	0.00622	0.00800	0.00567	0.00469	0.01122	0.15056	0.05472	0.06472	0.12312	0.51062	0.01117	0.00559	0.00166	0.00282	0.00944	0.00468	0.00494
50	0.00855	0.00716	0.00741	0.00736	0.00860	0.09387	0.03065	0.01037	0.02614	0.01435	0.07658	0.20071	0.13570	0.06937	0.00671	0.00187	0.00384	0.11752	0.16878	0.00446
51	0.00601	0.00430	0.00572	0.00667	0.00705	0.00401	0.00451	0.00702	0.00978	0.01316	0.11306	0.73792	0.03358	0.01459	0.00613	0.00192	0.00275	0.01321	0.00459	0.00401
52	0.00614	0.00447	0.00590	0.00659	0.00716	0.00422	0.00458	0.00733	0.01007	0.01359	0.16460	0.57369	0.08210	0.01567	0.06752	0.00231	0.00347	0.01200	0.00450	0.00409
53	0.00716	0.00567	0.00638	0.00621	0.00774	0.00534	0.00470	0.04310	0.07163	0.01603	0.23631	0.12350	0.39823	0.01129	0.00571	0.00166	0.00275	0.03716	0.00476	0.00467
54	0.01159	0.22396	0.07597	0.14636	0.32004	0.01338	0.03736	0.02897	0.03627	0.01451	0.02610	0.01166	0.00804	0.00468	0.00463	0.00140	0.02187	0.00400	0.00244	0.00676
55	0.00901	0.00726	0.00772	0.00759	0.00882	0.10281	0.02086	0.01047	0.01155	0.07704	0.23791	0.38654	0.07076	0.01138	0.00570	0.00170	0.00358	0.01004	0.00456	0.00472
56	0.04092	0.01401	0.07370	0.25920	0.03584	0.18219	0.01082	0.09949	0.20276	0.01673	0.01136	0.01276	0.00860	0.00536	0.00468	0.00151	0.00614	0.00424	0.00322	0.00647
57	0.01522	0.49418	0.03624	0.00971	0.01342	0.23618	0.00873	0.05027	0.01180	0.07291	0.00814	0.00892	0.00675	0.00460	0.00370	0.00116	0.00613	0.00301	0.00261	0.00632

[dist]
# distance from previous block
# <min> <max>
2	8

[block]
# block no. 4 follows, 52 sequences, length 31
# corresponding to MSA columns:
# 314-344
name=unknown_E
#
# <colnr> <probs for GDERKNQSTAVLIFYWHMCP>
#	G	D	E	R	K	N	Q	S	T	A	V	L	I	F	Y	W	H	M	C	P
0	0.01165	0.01098	0.01435	0.01631	0.24745	0.08329	0.01041	0.09647	0.01089	0.01497	0.00950	0.01298	0.00835	0.01323	0.20130	0.00310	0.20229	0.00437	0.00267	0.02545
1	0.01271	0.56544	0.08185	0.01046	0.01448	0.03136	0.08190	0.05150	0.01049	0.01304	0.00738	0.00892	0.00643	0.00467	0.00476	0.00125	0.08157	0.00321	0.00225	0.00632
2	0.07305	0.00946	0.01202	0.01063	0.08629	0.00891	0.00783	0.12037	0.04299	0.43642	0.01493	0.01402	0.01008	0.00540	0.00456	0.00138	0.00432	0.00435	0.00483	0.12813
3	0.00693	0.00515	0.00757	0.00757	0.00836	0.00594	0.00579	0.00851	0.00772	0.01109	0.01318	0.02013	0.01259	0.10497	0.74251	0.00752	0.01226	0.00535	0.00263	0.00421
4	0.00781	0.00573	0.00816	0.00973	0.05236	0.00570	0.00772	0.00987	0.01085	0.01423	0.02465	0.13679	0.02703	0.03078	0.00692	0.00221	0.00436	0.62622	0.00432	0.00455
5	0.01461	0.00683	0.00879	0.00742	0.01001	0.00607	0.00587	0.01680	0.04500	0.43072	0.13186	0.10792	0.16985	0.00870	0.00529	0.00158	0.00341	0.00737	0.00542	0.00648
6	0.05344	0.00829	0.01109	0.00854	0.01226	0.00726	0.00705	0.02326	0.01366	0.77342	0.01865	0.01617	0.01174	0.00594	0.00480	0.00150	0.00411	0.00479	0.00589	0.00813
7	0.42243	0.01069	0.01043	0.00842	0.01187	0.01171	0.00694	0.28955	0.01428	0.13768	0.01032	0.01051	0.00733	0.00517	0.00394	0.00147	0.00436	0.00357	0.00409	0.02525
8	0.00607	0.00492	0.00539	0.00527	0.00676	0.00424	0.00395	0.00762	0.01186	0.01502	0.27625	0.04347	0.56914	0.01155	0.00572	0.00160	0.00240	0.00978	0.00475	0.00424
9	0.00623	0.00447	0.00590	0.00693	0.00737	0.00422	0.00488	0.00725	0.00951	0.01257	0.02685	0.64545	0.05955	0.05402	0.00713	0.00213	0.00313	0.12402	0.00442	0.00397
10	0.78487	0.00927	0.00751	0.00658	0.00965	0.01052	0.00542	0.01512	0.00877	0.09506	0.00791	0.00868	0.00588	0.00464	0.00317	0.00150	0.00378	0.00284	0.00328	0.00553
11	0.00610	0.00442	0.00563	0.00646	0.00693	0.00411	0.00438	0.00702	0.00954	0.01258	0.06507	0.60430	0.11307	0.09102	0.00787	0.00218	0.00298	0.03806	0.00439	0.00391
12	0.00629	0.00493	0.00568	0.00550	0.00689	0.00433	0.00412	0.00804	0.01236	0.01622	0.41812	0.04149	0.42651	0.01111	0.00572	0.00158	0.00237	0.00951	0.00491	0.00433
13	0.01460	0.01748	0.01146	0.01056	0.01259	0.56264	0.00789	0.01608	0.01349	0.01380	0.20835	0.05998	0.01763	0.00679	0.00481	0.00136	0.00678	0.00513	0.00332	0.00526
14	0.01827	0.01117	0.01270	0.00998	0.01358	0.01180	0.00817	0.40678	0.13693	0.27418	0.01535	0.01432	0.01054	0.00599	0.00483	0.00149	0.00464	0.00470	0.02652	0.00806
15	0.01245	0.00663	0.00859	0.00727	0.00945	0.00615	0.00572	0.07021	0.01443	0.27029	0.49140	0.02812	0.03223	0.00836	0.00538	0.00151	0.00309	0.00720	0.00551	0.00601
16	0.00590	0.00422	0.00562	0.00675	0.00703	0.00394	0.00450	0.00675	0.00928	0.01237	0.02671	0.82653	0.03205	0.01518	0.00619	0.00197	0.00281	0.01378	0.00450	0.00394
17	0.00692	0.00519	0.00779	0.00779	0.00865	0.00606	0.00606	0.00865	0.00779	0.01125	0.01298	0.01904	0.01211	0.03634	0.81049	0.00779	0.01298	0.00519	0.00260	0.00433
18	0.00654	0.00449	0.00543	0.00593	0.00605	0.00436	0.00362	0.00692	0.00803	0.01071	0.02031	0.38162	0.02397	0.47112	0.01653	0.00350	0.00387	0.01001	0.00362	0.00338
19	0.00617	0.00485	0.00508	0.00507	0.00620	0.00429	0.00349	0.00707	0.00995	0.01223	0.06805	0.04177	0.53504	0.25663	0.01139	0.00255	0.00312	0.00922	0.00406	0.00376
20	0.01842	0.01357	0.01454	0.01115	0.01503	0.01503	0.00921	0.78330	0.02278	0.03054	0.01163	0.01163	0.00824	0.00582	0.00485	0.00145	0.00533	0.00436	0.00485	0.00824
21	0.02022	0.00859	0.01120	0.00882	0.01241	0.00790	0.00721	0.02395	0.13613	0.67967	0.01921	0.01674	0.01244	0.00609	0.00488	0.00152	0.00408	0.00497	0.00583	0.00816
22	0.00658	0.00455	0.00545	0.00582	0.00605	0.00440	0.00360	0.00705	0.00837	0.01114	0.06313	0.30843	0.05997	0.46512	0.01636	0.00344	0.00381	0.00962	0.00368	0.00342
23	0.00614	0.00441	0.00586	0.00666	0.00708	0.00423	0.00454	0.00716	0.00948	0.01279	0.09769	0.62177	0.04775	0.06058	0.07713	0.00257	0.00374	0.01212	0.00433	0.00398
24	0.02174	0.00825	0.01125	0.00862	0.01237	0.00712	0.00712	0.02362	0.01387	0.80282	0.01912	0.01649	0.01200	0.00600	0.00487	0.00150	0.00412	0.00487	0.00600	0.00825
25	0.01049	0.01082	0.01879	0.05352	0.01747	0.01278	0.28244	0.01263	0.00891	0.01285	0.00852	0.01357	0.00777	0.08384	0.01260	0.00217	0.41797	0.00503	0.00232	0.00552
26	0.00915	0.00861	0.01453	0.81804	0.03338	0.01077	0.01346	0.01238	0.00969	0.01238	0.00861	0.01292	0.00646	0.00484	0.00484	0.00161	0.00646	0.00431	0.00215	0.00538
27	0.01731	0.01454	0.08872	0.01146	0.01550	0.01467	0.01008	0.68227	0.02103	0.02841	0.01116	0.01146	0.00797	0.00580	0.00524	0.00149	0.03609	0.00429	0.00448	0.00803
28	0.00692	0.00519	0.00779	0.00779	0.00865	0.00606	0.00606	0.00865	0.00779	0.01125	0.01298	0.01904	0.01211	0.03634	0.81049	0.00779	0.01298	0.00519	0.00260	0.00433
29	0.00915	0.00861	0.01453	0.81804	0.03338	0.01077	0.01346	0.01238	0.00969	0.01238	0.00861	0.01292	0.00646	0.00484	0.00484	0.00161	0.00646	0.00431	0.00215	0.00538
30	0.78452	0.01066	0.00774	0.00695	0.00990	0.08591	0.00563	0.01472	0.00876	0.02081	0.00682	0.00795	0.00534	0.00454	0.00313	0.00148	0.00422	0.00267	0.00295	0.00528

[dist]
# distance from previous block
# <min> <max>
0	1

# created by:
# /st0/software/busco_prod/Augustus/scripts/msa2prfl.pl ./align_prep/72619.fa
