[name]
unknown

[dist]
# distance from previous block
# <min> <max>
0	1

[block]
# block no. 0 follows, 52 sequences, length 40
# corresponding to MSA columns:
# 13-52
name=unknown_A
#
# <colnr> <probs for GDERKNQSTAVLIFYWHMCP>
#	G	D	E	R	K	N	Q	S	T	A	V	L	I	F	Y	W	H	M	C	P
0	0.00781	0.00558	0.00781	0.00892	0.01004	0.00558	0.00781	0.01004	0.01116	0.01450	0.02566	0.05466	0.02789	0.01339	0.00669	0.00223	0.00446	0.76685	0.00446	0.00446
1	0.00590	0.00422	0.00562	0.00675	0.00703	0.00394	0.00450	0.00675	0.00928	0.01237	0.02671	0.82653	0.03205	0.01518	0.00619	0.00197	0.00281	0.01378	0.00450	0.00394
2	0.01184	0.01196	0.02221	0.02710	0.57944	0.01172	0.23286	0.01506	0.01115	0.01574	0.00931	0.01230	0.00758	0.00425	0.00506	0.00149	0.00644	0.00472	0.00241	0.00735
3	0.01005	0.00861	0.01005	0.00718	0.01148	0.00646	0.00574	0.01220	0.01005	0.01579	0.00861	0.01005	0.00718	0.00359	0.00359	0.00072	0.00359	0.00287	0.00287	0.85932
4	0.01199	0.01151	0.01967	0.02974	0.79946	0.01151	0.01487	0.01487	0.01103	0.01583	0.00912	0.01199	0.00768	0.00432	0.00480	0.00144	0.00576	0.00432	0.00240	0.00768
5	0.01482	0.00669	0.00900	0.00749	0.00999	0.00591	0.00594	0.01682	0.01359	0.44061	0.34123	0.06374	0.02692	0.00806	0.00529	0.00153	0.00330	0.00691	0.00565	0.00652
6	0.00590	0.00422	0.00562	0.00675	0.00703	0.00394	0.00450	0.00675	0.00928	0.01237	0.02671	0.82653	0.03205	0.01518	0.00619	0.00197	0.00281	0.01378	0.00450	0.00394
7	0.01205	0.01041	0.01096	0.00986	0.01260	0.01205	0.00767	0.02575	0.79071	0.02027	0.01972	0.01808	0.01479	0.00657	0.00493	0.00164	0.00384	0.00548	0.00493	0.00767
8	0.01423	0.01473	0.03965	0.01646	0.02071	0.11637	0.42987	0.23415	0.01485	0.01924	0.00993	0.01199	0.00741	0.00479	0.00548	0.00154	0.02366	0.00492	0.00312	0.00689
9	0.00686	0.00495	0.00648	0.00610	0.00724	0.00457	0.00457	0.00914	0.01372	0.01943	0.79691	0.03620	0.04572	0.00991	0.00572	0.00152	0.00229	0.00876	0.00533	0.00457
10	0.00590	0.00422	0.00562	0.00675	0.00703	0.00394	0.00450	0.00675	0.00928	0.01237	0.02671	0.82653	0.03205	0.01518	0.00619	0.00197	0.00281	0.01378	0.00450	0.00394
11	0.10616	0.01300	0.01346	0.01048	0.01421	0.04141	0.00862	0.60993	0.02018	0.09749	0.01165	0.01158	0.00820	0.00567	0.00464	0.00146	0.00518	0.00419	0.00468	0.00784
12	0.01144	0.01307	0.02859	0.02042	0.02533	0.01225	0.78186	0.01552	0.01144	0.01552	0.00980	0.01307	0.00735	0.00408	0.00572	0.00163	0.00817	0.00572	0.00245	0.00654
13	0.02174	0.00825	0.01125	0.00862	0.01237	0.00712	0.00712	0.02362	0.01387	0.80282	0.01912	0.01649	0.01200	0.00600	0.00487	0.00150	0.00412	0.00487	0.00600	0.00825
14	0.01757	0.02200	0.01319	0.01202	0.01443	0.76287	0.00901	0.01888	0.01352	0.01223	0.00798	0.00929	0.00661	0.00503	0.00431	0.00124	0.00836	0.00320	0.05271	0.00555
15	0.01243	0.01060	0.01117	0.00994	0.01274	0.01223	0.00776	0.07028	0.74557	0.02088	0.01925	0.01770	0.01441	0.00653	0.00493	0.00163	0.00392	0.00541	0.00493	0.00770
16	0.86392	0.00937	0.00712	0.00637	0.00937	0.01087	0.00525	0.01425	0.00825	0.02174	0.00675	0.00787	0.00525	0.00450	0.00300	0.00150	0.00375	0.00262	0.00300	0.00525
17	0.86392	0.00937	0.00712	0.00637	0.00937	0.01087	0.00525	0.01425	0.00825	0.02174	0.00675	0.00787	0.00525	0.00450	0.00300	0.00150	0.00375	0.00262	0.00300	0.00525
18	0.00686	0.00495	0.00648	0.00610	0.00724	0.00457	0.00457	0.00914	0.01372	0.01943	0.79691	0.03620	0.04572	0.00991	0.00572	0.00152	0.00229	0.00876	0.00533	0.00457
19	0.00992	0.02368	0.71473	0.01458	0.02148	0.01137	0.10637	0.01537	0.01037	0.01537	0.00882	0.01056	0.00628	0.00454	0.00473	0.00155	0.00728	0.00383	0.00209	0.00709
20	0.01784	0.02266	0.01377	0.01249	0.01490	0.78272	0.00941	0.01908	0.01351	0.01185	0.00745	0.00880	0.00625	0.00511	0.00477	0.00128	0.03684	0.00316	0.00248	0.00561
21	0.01205	0.01041	0.01096	0.00986	0.01260	0.01205	0.00767	0.02575	0.79071	0.02027	0.01972	0.01808	0.01479	0.00657	0.00493	0.00164	0.00384	0.00548	0.00493	0.00767
22	0.00585	0.00441	0.00542	0.00623	0.00689	0.00398	0.00427	0.00681	0.00978	0.01258	0.03307	0.60487	0.24960	0.01436	0.00606	0.00187	0.00271	0.01277	0.00450	0.00398
23	0.00590	0.00422	0.00562	0.00675	0.00703	0.00394	0.00450	0.00675	0.00928	0.01237	0.02671	0.82653	0.03205	0.01518	0.00619	0.00197	0.00281	0.01378	0.00450	0.00394
24	0.00590	0.00422	0.00562	0.00675	0.00703	0.00394	0.00450	0.00675	0.00928	0.01237	0.02671	0.82653	0.03205	0.01518	0.00619	0.00197	0.00281	0.01378	0.00450	0.00394
25	0.01654	0.01470	0.01335	0.01107	0.01433	0.18301	0.00881	0.40580	0.23912	0.02366	0.01305	0.01285	0.00968	0.00586	0.00477	0.00146	0.00563	0.00442	0.00437	0.00752
26	0.01206	0.01229	0.02206	0.01658	0.01967	0.01350	0.41727	0.11358	0.01153	0.01614	0.00886	0.01204	0.00713	0.00582	0.00910	0.00178	0.28658	0.00504	0.00265	0.00633
27	0.01006	0.11111	0.72156	0.01322	0.02006	0.01210	0.01688	0.01526	0.01019	0.01493	0.00849	0.00997	0.00615	0.00456	0.00444	0.00148	0.00695	0.00348	0.00205	0.00706
28	0.86392	0.00937	0.00712	0.00637	0.00937	0.01087	0.00525	0.01425	0.00825	0.02174	0.00675	0.00787	0.00525	0.00450	0.00300	0.00150	0.00375	0.00262	0.00300	0.00525
29	0.02070	0.02620	0.01169	0.00883	0.01252	0.00811	0.00729	0.06024	0.06983	0.69268	0.01854	0.01619	0.01189	0.00599	0.00484	0.00150	0.00418	0.00484	0.00578	0.00816
30	0.00590	0.00422	0.00562	0.00675	0.00703	0.00394	0.00450	0.00675	0.00928	0.01237	0.02671	0.82653	0.03205	0.01518	0.00619	0.00197	0.00281	0.01378	0.00450	0.00394
31	0.00590	0.00422	0.00562	0.00675	0.00703	0.00394	0.00450	0.00675	0.00928	0.01237	0.02671	0.82653	0.03205	0.01518	0.00619	0.00197	0.00281	0.01378	0.00450	0.00394
32	0.02174	0.00825	0.01125	0.00862	0.01237	0.00712	0.00712	0.02362	0.01387	0.80282	0.01912	0.01649	0.01200	0.00600	0.00487	0.00150	0.00412	0.00487	0.00600	0.00825
33	0.00697	0.00499	0.00675	0.00675	0.00726	0.00550	0.00477	0.00799	0.00748	0.01048	0.01393	0.02428	0.01439	0.36452	0.48542	0.00651	0.00955	0.00596	0.00274	0.00375
34	0.01849	0.01299	0.01413	0.01088	0.01471	0.01422	0.00897	0.68943	0.04884	0.09869	0.01258	0.01229	0.00880	0.00586	0.00485	0.00146	0.00517	0.00445	0.00495	0.00822
35	0.86392	0.00937	0.00712	0.00637	0.00937	0.01087	0.00525	0.01425	0.00825	0.02174	0.00675	0.00787	0.00525	0.00450	0.00300	0.00150	0.00375	0.00262	0.00300	0.00525
36	0.00697	0.00502	0.00689	0.00689	0.00745	0.00557	0.00494	0.00808	0.00752	0.01059	0.01380	0.02358	0.01409	0.32076	0.52877	0.00668	0.01001	0.00586	0.00272	0.00383
37	0.75346	0.00953	0.00812	0.00719	0.00981	0.01139	0.00594	0.01391	0.00814	0.02044	0.00670	0.00823	0.00539	0.00501	0.00467	0.00158	0.10951	0.00283	0.00289	0.00526
38	0.01332	0.77465	0.02456	0.00859	0.01262	0.07581	0.00837	0.01486	0.01012	0.01143	0.00679	0.00784	0.00622	0.00421	0.00320	0.00105	0.00544	0.00263	0.00210	0.00618
39	0.01092	0.01041	0.01772	0.32849	0.50913	0.01123	0.01434	0.01393	0.01052	0.01452	0.00893	0.01234	0.00722	0.00452	0.00482	0.00151	0.00602	0.00431	0.00231	0.00681

[dist]
# distance from previous block
# <min> <max>
0	2

[block]
# block no. 1 follows, 52 sequences, length 25
# corresponding to MSA columns:
# 55-79
name=unknown_B
#
# <colnr> <probs for GDERKNQSTAVLIFYWHMCP>
#	G	D	E	R	K	N	Q	S	T	A	V	L	I	F	Y	W	H	M	C	P
0	0.01296	0.83261	0.02539	0.00829	0.01244	0.01917	0.00829	0.01451	0.00985	0.01140	0.00674	0.00777	0.00622	0.00415	0.00311	0.00104	0.00518	0.00259	0.00207	0.00622
1	0.02058	0.00865	0.01165	0.00945	0.04140	0.00764	0.00744	0.06057	0.01400	0.69227	0.01780	0.01573	0.01139	0.00580	0.00480	0.00145	0.00421	0.00472	0.00564	0.05482
2	0.00992	0.00901	0.01318	0.55002	0.02629	0.01092	0.01143	0.01620	0.24000	0.01497	0.04087	0.01530	0.01036	0.00554	0.00490	0.00162	0.00553	0.00482	0.00309	0.00603
3	0.00630	0.00493	0.00571	0.00552	0.00690	0.00434	0.00414	0.00807	0.01241	0.01633	0.43089	0.04131	0.41368	0.01107	0.00572	0.00158	0.00237	0.00948	0.00493	0.00434
4	0.01205	0.01041	0.01096	0.00986	0.01260	0.01205	0.00767	0.02575	0.79071	0.02027	0.01972	0.01808	0.01479	0.00657	0.00493	0.00164	0.00384	0.00548	0.00493	0.00767
5	0.02063	0.00930	0.01181	0.00913	0.01285	0.00878	0.00752	0.15669	0.05796	0.62482	0.01784	0.01573	0.01149	0.00600	0.00487	0.00150	0.00432	0.00482	0.00574	0.00821
6	0.02174	0.00825	0.01125	0.00862	0.01237	0.00712	0.00712	0.02362	0.01387	0.80282	0.01912	0.01649	0.01200	0.00600	0.00487	0.00150	0.00412	0.00487	0.00600	0.00825
7	0.00573	0.00491	0.00491	0.00491	0.00655	0.00409	0.00368	0.00695	0.01105	0.01309	0.04909	0.04664	0.79750	0.01227	0.00573	0.00164	0.00245	0.01023	0.00450	0.00409
8	0.02174	0.00825	0.01125	0.00862	0.01237	0.00712	0.00712	0.02362	0.01387	0.80282	0.01912	0.01649	0.01200	0.00600	0.00487	0.00150	0.00412	0.00487	0.00600	0.00825
9	0.01842	0.01357	0.01454	0.01115	0.01503	0.01503	0.00921	0.78330	0.02278	0.03054	0.01163	0.01163	0.00824	0.00582	0.00485	0.00145	0.00533	0.00436	0.00485	0.00824
10	0.01813	0.02226	0.01380	0.01237	0.01499	0.74026	0.00935	0.08658	0.01453	0.01350	0.00786	0.00899	0.00642	0.00507	0.00441	0.00127	0.00844	0.00323	0.00270	0.00585
11	0.00663	0.00535	0.00576	0.00550	0.00713	0.00475	0.00417	0.04621	0.01226	0.01546	0.22421	0.04242	0.58019	0.01139	0.00568	0.00160	0.00256	0.00959	0.00471	0.00441
12	0.00842	0.00421	0.00631	0.00631	0.00631	0.00421	0.00421	0.00631	0.00631	0.00842	0.00842	0.01473	0.00842	0.01684	0.01894	0.85901	0.00421	0.00421	0.00210	0.00210
13	0.01881	0.00984	0.01175	0.00923	0.01273	0.00988	0.00755	0.25767	0.09515	0.42773	0.01663	0.01527	0.01115	0.00597	0.00476	0.00147	0.00433	0.00475	0.06742	0.00792
14	0.01826	0.00748	0.01013	0.00803	0.01117	0.00653	0.00653	0.02023	0.01383	0.61946	0.20117	0.02111	0.01989	0.00691	0.00507	0.00151	0.00369	0.00578	0.00584	0.00739
15	0.00692	0.00519	0.00779	0.00779	0.00865	0.00606	0.00606	0.00865	0.00779	0.01125	0.01298	0.01904	0.01211	0.03634	0.81049	0.00779	0.01298	0.00519	0.00260	0.00433
16	0.00980	0.02448	0.76672	0.01413	0.02119	0.01130	0.05518	0.01536	0.01029	0.01536	0.00875	0.01037	0.00620	0.00458	0.00466	0.00154	0.00721	0.00369	0.00207	0.00713
17	0.01199	0.01151	0.01967	0.02974	0.79946	0.01151	0.01487	0.01487	0.01103	0.01583	0.00912	0.01199	0.00768	0.00432	0.00480	0.00144	0.00576	0.00432	0.00240	0.00768
18	0.01285	0.01439	0.01511	0.01298	0.01393	0.24914	0.04329	0.01409	0.00945	0.01189	0.00684	0.01016	0.00637	0.00727	0.01207	0.00184	0.54668	0.00397	0.00225	0.00545
19	0.86392	0.00937	0.00712	0.00637	0.00937	0.01087	0.00525	0.01425	0.00825	0.02174	0.00675	0.00787	0.00525	0.00450	0.00300	0.00150	0.00375	0.00262	0.00300	0.00525
20	0.00998	0.00986	0.01475	0.67792	0.06830	0.06547	0.01308	0.01294	0.00990	0.01247	0.00843	0.01246	0.00650	0.00504	0.00545	0.00161	0.05392	0.00422	0.00219	0.00551
21	0.01793	0.02234	0.01419	0.01264	0.01528	0.74802	0.03118	0.05736	0.01412	0.01290	0.00776	0.00901	0.00637	0.00501	0.00443	0.00127	0.00855	0.00326	0.00261	0.00577
22	0.02088	0.00902	0.01165	0.00900	0.01272	0.00835	0.00741	0.11960	0.05059	0.66948	0.01820	0.01595	0.01165	0.00600	0.00487	0.00150	0.00426	0.00484	0.00580	0.00822
23	0.00705	0.00470	0.00529	0.00529	0.00529	0.00470	0.00294	0.00705	0.00705	0.00940	0.01527	0.03171	0.01762	0.82969	0.02467	0.00470	0.00470	0.00705	0.00294	0.00294
24	0.00915	0.00861	0.01453	0.81804	0.03338	0.01077	0.01346	0.01238	0.00969	0.01238	0.00861	0.01292	0.00646	0.00484	0.00484	0.00161	0.00646	0.00431	0.00215	0.00538

[dist]
# distance from previous block
# <min> <max>
0	2

[block]
# block no. 2 follows, 52 sequences, length 33
# corresponding to MSA columns:
# 82-114
name=unknown_C
#
# <colnr> <probs for GDERKNQSTAVLIFYWHMCP>
#	G	D	E	R	K	N	Q	S	T	A	V	L	I	F	Y	W	H	M	C	P
0	0.00998	0.08914	0.74276	0.01337	0.02030	0.01188	0.01714	0.01528	0.01020	0.01503	0.00854	0.01004	0.00615	0.00457	0.00449	0.00150	0.00700	0.00350	0.00205	0.00709
1	0.01339	0.76763	0.02453	0.00852	0.01264	0.01885	0.00836	0.07551	0.01087	0.01292	0.00713	0.00808	0.00638	0.00428	0.00325	0.00107	0.00519	0.00273	0.00229	0.00638
2	0.00928	0.00870	0.01424	0.72702	0.03097	0.01065	0.01280	0.01234	0.00962	0.01259	0.00852	0.01262	0.00651	0.00492	0.00524	0.00157	0.04161	0.00420	0.00220	0.06443
3	0.00590	0.00422	0.00562	0.00675	0.00703	0.00394	0.00450	0.00675	0.00928	0.01237	0.02671	0.82653	0.03205	0.01518	0.00619	0.00197	0.00281	0.01378	0.00450	0.00394
4	0.01272	0.01295	0.01958	0.01669	0.10522	0.08457	0.32469	0.06439	0.27078	0.01768	0.01292	0.01414	0.00981	0.00512	0.00518	0.00157	0.00635	0.00517	0.00341	0.00706
5	0.00700	0.00485	0.00606	0.00604	0.00634	0.00508	0.00391	0.00760	0.00755	0.01037	0.04853	0.02825	0.01725	0.56529	0.25050	0.00545	0.00698	0.00659	0.00294	0.00341
6	0.00659	0.00481	0.00619	0.00613	0.00714	0.00441	0.00449	0.00852	0.01267	0.01759	0.59193	0.18648	0.10278	0.01109	0.00581	0.00162	0.00240	0.00983	0.00511	0.00441
7	0.00620	0.00445	0.00550	0.00614	0.00657	0.00416	0.00403	0.00696	0.00920	0.01211	0.06418	0.50365	0.12624	0.20503	0.01043	0.00254	0.00318	0.01151	0.00417	0.00375
8	0.00589	0.00454	0.00539	0.00597	0.00685	0.00404	0.00417	0.00697	0.01025	0.01308	0.08103	0.46683	0.34023	0.01370	0.00597	0.00181	0.00264	0.01206	0.00455	0.00404
9	0.01316	0.37700	0.02400	0.01329	0.01734	0.15479	0.28422	0.01558	0.01120	0.01316	0.02866	0.01058	0.00766	0.00442	0.00433	0.00130	0.00679	0.00396	0.00237	0.00618
10	0.00903	0.00452	0.00452	0.00452	0.00565	0.00452	0.00339	0.01129	0.01016	0.01807	0.01581	0.01807	0.01242	0.00565	0.00339	0.00113	0.00226	0.00452	0.85659	0.00452
11	0.00985	0.05812	0.77269	0.01359	0.02062	0.01158	0.01751	0.01531	0.01022	0.01519	0.00862	0.01013	0.00614	0.00459	0.00454	0.00151	0.00708	0.00354	0.00205	0.00712
12	0.15065	0.01455	0.01068	0.00939	0.01193	0.32717	0.00729	0.15954	0.04024	0.01860	0.01042	0.01155	0.00813	0.00527	0.00404	0.00131	0.00569	0.00367	0.19403	0.00587
13	0.86392	0.00937	0.00712	0.00637	0.00937	0.01087	0.00525	0.01425	0.00825	0.02174	0.00675	0.00787	0.00525	0.00450	0.00300	0.00150	0.00375	0.00262	0.00300	0.00525
14	0.01313	0.01471	0.01455	0.01415	0.09656	0.28950	0.01036	0.01449	0.01001	0.01215	0.00743	0.01060	0.00680	0.00847	0.05750	0.00208	0.40567	0.00392	0.00231	0.00560
15	0.00686	0.00495	0.00648	0.00610	0.00724	0.00457	0.00457	0.00914	0.01372	0.01943	0.79691	0.03620	0.04572	0.00991	0.00572	0.00152	0.00229	0.00876	0.00533	0.00457
16	0.01423	0.00663	0.00857	0.00713	0.00971	0.00577	0.00568	0.01607	0.01321	0.41896	0.23364	0.02842	0.19454	0.00843	0.00529	0.00154	0.00326	0.00710	0.00549	0.00635
17	0.00593	0.00492	0.00518	0.00512	0.00667	0.00418	0.00384	0.00734	0.01151	0.01420	0.17998	0.04481	0.66591	0.01186	0.00573	0.00162	0.00243	0.00997	0.00465	0.00418
18	0.01273	0.01074	0.01134	0.01000	0.01286	0.01237	0.00783	0.10596	0.70940	0.02136	0.01887	0.01740	0.01410	0.00649	0.00492	0.00162	0.00399	0.00536	0.00492	0.00773
19	0.01147	0.01298	0.02809	0.02095	0.06894	0.01221	0.73866	0.01549	0.01142	0.01554	0.00977	0.01301	0.00737	0.00410	0.00567	0.00162	0.00803	0.00564	0.00245	0.00660
20	0.00686	0.00495	0.00648	0.00610	0.00724	0.00457	0.00457	0.00914	0.01372	0.01943	0.79691	0.03620	0.04572	0.00991	0.00572	0.00152	0.00229	0.00876	0.00533	0.00457
21	0.02056	0.00799	0.01087	0.00842	0.01196	0.00692	0.00692	0.02247	0.01386	0.74067	0.08083	0.01806	0.01467	0.00631	0.00494	0.00150	0.00398	0.00518	0.00595	0.00796
22	0.05797	0.01844	0.01376	0.01163	0.01474	0.43758	0.00911	0.34104	0.01729	0.02020	0.00920	0.00992	0.00704	0.00532	0.00451	0.00135	0.00707	0.00362	0.00351	0.00671
23	0.00616	0.00455	0.00576	0.00624	0.00701	0.00415	0.00438	0.00750	0.01091	0.01461	0.26113	0.45812	0.16545	0.01311	0.00597	0.00178	0.00259	0.01168	0.00475	0.00415
24	0.00590	0.00422	0.00562	0.00675	0.00703	0.00394	0.00450	0.00675	0.00928	0.01237	0.02671	0.82653	0.03205	0.01518	0.00619	0.00197	0.00281	0.01378	0.00450	0.00394
25	0.00597	0.00425	0.00560	0.00666	0.00693	0.00398	0.00441	0.00677	0.00915	0.01220	0.02604	0.77974	0.03120	0.06313	0.00727	0.00213	0.00292	0.01338	0.00441	0.00388
26	0.00903	0.00452	0.00452	0.00452	0.00565	0.00452	0.00339	0.01129	0.01016	0.01807	0.01581	0.01807	0.01242	0.00565	0.00339	0.00113	0.00226	0.00452	0.85659	0.00452
27	0.00590	0.00422	0.00562	0.00675	0.00703	0.00394	0.00450	0.00675	0.00928	0.01237	0.02671	0.82653	0.03205	0.01518	0.00619	0.00197	0.00281	0.01378	0.00450	0.00394
28	0.00785	0.00587	0.00833	0.00806	0.00917	0.00678	0.00631	0.07087	0.00899	0.01280	0.01287	0.01844	0.01180	0.03389	0.74579	0.00728	0.01237	0.00513	0.00278	0.00464
29	0.07011	0.00831	0.01101	0.00849	0.01220	0.00734	0.00701	0.02308	0.01355	0.75796	0.01841	0.01600	0.01161	0.00591	0.00477	0.00150	0.00410	0.00474	0.00583	0.00807
30	0.01185	0.01155	0.01781	0.23695	0.39531	0.05746	0.07426	0.05249	0.06535	0.01567	0.00980	0.01254	0.00776	0.00471	0.00487	0.00151	0.00615	0.00444	0.00264	0.00688
31	0.01202	0.19754	0.30226	0.01470	0.10085	0.07673	0.11599	0.04236	0.06507	0.01514	0.00923	0.01073	0.00716	0.00461	0.00446	0.00141	0.00655	0.00385	0.00247	0.00688
32	0.01353	0.10092	0.01425	0.01113	0.01343	0.23985	0.02495	0.04992	0.24146	0.01523	0.01211	0.01459	0.01016	0.00711	0.02339	0.00170	0.15205	0.04464	0.00330	0.00627

[dist]
# distance from previous block
# <min> <max>
1	3

[block]
# block no. 3 follows, 52 sequences, length 23
# corresponding to MSA columns:
# 118-140
name=unknown_D
#
# <colnr> <probs for GDERKNQSTAVLIFYWHMCP>
#	G	D	E	R	K	N	Q	S	T	A	V	L	I	F	Y	W	H	M	C	P
0	0.00614	0.00438	0.00586	0.00683	0.00717	0.00422	0.00466	0.00706	0.00910	0.01219	0.02489	0.67957	0.02943	0.07056	0.06695	0.00259	0.00376	0.04647	0.00425	0.00392
1	0.86392	0.00937	0.00712	0.00637	0.00937	0.01087	0.00525	0.01425	0.00825	0.02174	0.00675	0.00787	0.00525	0.00450	0.00300	0.00150	0.00375	0.00262	0.00300	0.00525
2	0.00669	0.00493	0.00642	0.00733	0.00823	0.00467	0.00576	0.00820	0.01042	0.01342	0.03051	0.34737	0.17566	0.01386	0.00632	0.00202	0.00345	0.33606	0.00448	0.00419
3	0.00607	0.00434	0.00582	0.00694	0.00729	0.00408	0.00479	0.00704	0.00944	0.01256	0.02662	0.75838	0.03168	0.01502	0.00623	0.00199	0.00296	0.08027	0.00450	0.00398
4	0.01273	0.01173	0.01906	0.06218	0.62812	0.01199	0.04250	0.12082	0.01261	0.01770	0.00947	0.01203	0.00769	0.00454	0.00484	0.00146	0.00582	0.00438	0.00273	0.00761
5	0.01272	0.01375	0.13448	0.01641	0.02118	0.01137	0.46017	0.01801	0.11641	0.12649	0.01229	0.01382	0.00883	0.00476	0.00534	0.00160	0.00688	0.00526	0.00322	0.00702
6	0.01199	0.01151	0.01967	0.02974	0.79946	0.01151	0.01487	0.01487	0.01103	0.01583	0.00912	0.01199	0.00768	0.00432	0.00480	0.00144	0.00576	0.00432	0.00240	0.00768
7	0.01622	0.00758	0.00947	0.00775	0.01080	0.00686	0.00624	0.01929	0.10342	0.49493	0.02742	0.02496	0.22806	0.00779	0.00511	0.00155	0.00363	0.00641	0.00546	0.00704
8	0.01092	0.00859	0.01375	0.01378	0.13177	0.00844	0.14570	0.01480	0.10514	0.10293	0.02100	0.04577	0.08590	0.00867	0.00573	0.00180	0.00499	0.26022	0.00403	0.00608
9	0.01827	0.01041	0.01434	0.01502	0.22918	0.01021	0.00975	0.20196	0.01521	0.40293	0.01459	0.01410	0.00992	0.00549	0.00485	0.00147	0.00486	0.00460	0.00474	0.00809
10	0.00598	0.00427	0.00571	0.00684	0.00715	0.00400	0.00463	0.00688	0.00935	0.01246	0.02667	0.79551	0.03188	0.01511	0.00621	0.00198	0.00288	0.04404	0.00450	0.00396
11	0.01820	0.00878	0.01297	0.07264	0.17164	0.00816	0.00903	0.02039	0.01299	0.55197	0.05053	0.01619	0.01220	0.00575	0.00489	0.00150	0.00454	0.00489	0.00496	0.00776
12	0.01466	0.01634	0.23085	0.01356	0.10615	0.11761	0.01166	0.12573	0.15101	0.14504	0.01262	0.01283	0.00910	0.00536	0.00473	0.00149	0.00588	0.00426	0.00368	0.00743
13	0.00991	0.00689	0.00916	0.00844	0.01005	0.00774	0.00667	0.11507	0.06206	0.07301	0.01370	0.01779	0.01176	0.02802	0.58922	0.00606	0.01069	0.00508	0.00331	0.00536
14	0.00590	0.00422	0.00562	0.00675	0.00703	0.00394	0.00450	0.00675	0.00928	0.01237	0.02671	0.82653	0.03205	0.01518	0.00619	0.00197	0.00281	0.01378	0.00450	0.00394
15	0.01001	0.09637	0.73578	0.01332	0.02022	0.01195	0.01706	0.01527	0.01020	0.01500	0.00852	0.01001	0.00615	0.00456	0.00447	0.00149	0.00699	0.00349	0.00205	0.00708
16	0.31875	0.01070	0.01328	0.19945	0.01832	0.04789	0.11669	0.09396	0.01101	0.01845	0.00837	0.01047	0.00641	0.00458	0.00414	0.00144	0.00538	0.00368	0.00288	0.10416
17	0.01101	0.00918	0.01057	0.00764	0.01189	0.00745	0.00614	0.10102	0.01152	0.01749	0.00896	0.01023	0.00730	0.00385	0.00373	0.00080	0.00379	0.00304	0.00310	0.76129
18	0.00588	0.00433	0.00551	0.00645	0.00695	0.00396	0.00437	0.00678	0.00956	0.01249	0.03029	0.70172	0.15455	0.01472	0.00611	0.00191	0.00275	0.01321	0.00450	0.00396
19	0.01201	0.00981	0.01618	0.13025	0.49490	0.00995	0.01255	0.01462	0.01106	0.10567	0.01260	0.07573	0.01115	0.00599	0.00504	0.00156	0.00536	0.05554	0.00307	0.00694
20	0.01133	0.01703	0.32843	0.10794	0.02249	0.01181	0.25440	0.12249	0.01234	0.01716	0.01013	0.01341	0.00772	0.00499	0.00510	0.00159	0.00703	0.03512	0.00267	0.00680
21	0.00586	0.00491	0.00509	0.00505	0.00663	0.00415	0.00378	0.00721	0.01135	0.01382	0.13523	0.04543	0.71090	0.01200	0.00573	0.00162	0.00244	0.01006	0.00460	0.00415
22	0.01878	0.01022	0.01196	0.00929	0.01279	0.01039	0.00763	0.36461	0.01746	0.36434	0.01536	0.01449	0.01035	0.00588	0.00469	0.00144	0.00445	0.00460	0.10345	0.00781

[dist]
# distance from previous block
# <min> <max>
0	4

# created by:
# /st0/software/busco_prod/Augustus/scripts/msa2prfl.pl ./align_prep/72689.fa
