[name]
unknown

[dist]
# distance from previous block
# <min> <max>
5	403

[block]
# block no. 0 follows, 40 sequences, length 33
# corresponding to MSA columns:
# 451-483
name=unknown_A
#
# <colnr> <probs for GDERKNQSTAVLIFYWHMCP>
#	G	D	E	R	K	N	Q	S	T	A	V	L	I	F	Y	W	H	M	C	P
0	0.01373	0.01569	0.03431	0.02451	0.03039	0.01471	0.73824	0.01863	0.01373	0.01863	0.01176	0.01569	0.00882	0.00490	0.00686	0.00196	0.00980	0.00686	0.00294	0.00784
1	0.01686	0.01265	0.01411	0.01097	0.01550	0.01254	0.00885	0.24760	0.18123	0.08438	0.01544	0.01541	0.01150	0.00617	0.00526	0.00146	0.00508	0.00489	0.00504	0.32504
2	0.02098	0.02616	0.01614	0.01466	0.01768	0.69464	0.01103	0.02401	0.09152	0.01527	0.01049	0.01164	0.00854	0.00619	0.00531	0.00155	0.00988	0.00404	0.00330	0.00699
3	0.00979	0.00833	0.00907	0.00999	0.01129	0.08444	0.00803	0.01178	0.01308	0.01623	0.03149	0.25632	0.09888	0.01549	0.00747	0.00240	0.00512	0.39038	0.00513	0.00528
4	0.01233	0.01223	0.01789	0.01519	0.01563	0.01655	0.05354	0.01389	0.00923	0.01421	0.00868	0.01393	0.00841	0.01330	0.09559	0.00321	0.66194	0.00531	0.00263	0.00633
5	0.00709	0.00506	0.00675	0.00810	0.00843	0.00472	0.00540	0.00810	0.01113	0.01484	0.03205	0.79184	0.03846	0.01822	0.00742	0.00236	0.00337	0.01653	0.00540	0.00472
6	0.01555	0.79913	0.03047	0.00995	0.01493	0.02301	0.00995	0.01741	0.01182	0.01368	0.00808	0.00933	0.00746	0.00498	0.00373	0.00124	0.00622	0.00311	0.00249	0.00746
7	0.00687	0.00589	0.00589	0.00589	0.00785	0.00491	0.00442	0.00835	0.01325	0.01571	0.05891	0.05596	0.75700	0.01473	0.00687	0.00196	0.00295	0.01227	0.00540	0.00491
8	0.02211	0.01629	0.01745	0.01338	0.01803	0.01803	0.01105	0.73997	0.02734	0.03665	0.01396	0.01396	0.00989	0.00698	0.00582	0.00175	0.00640	0.00524	0.00582	0.00989
9	0.02609	0.00990	0.01350	0.01035	0.01484	0.00855	0.00855	0.02834	0.01664	0.76338	0.02294	0.01979	0.01439	0.00720	0.00585	0.00180	0.00495	0.00585	0.00720	0.00990
10	0.01368	0.01309	0.01777	0.01507	0.01555	0.01783	0.01255	0.08838	0.01079	0.01632	0.00828	0.01285	0.00786	0.00985	0.01772	0.00246	0.70521	0.00510	0.00288	0.00672
11	0.00724	0.00518	0.00689	0.00799	0.00847	0.00483	0.00541	0.00848	0.01185	0.01598	0.12943	0.69121	0.04067	0.01737	0.00735	0.00229	0.00329	0.01572	0.00553	0.00483
12	0.00803	0.00594	0.00749	0.00710	0.00856	0.00540	0.00533	0.01058	0.01598	0.02218	0.65183	0.04531	0.16004	0.01231	0.00686	0.00185	0.00277	0.01078	0.00625	0.00540
13	0.01312	0.01189	0.01896	0.50810	0.21503	0.01374	0.01598	0.10000	0.01386	0.01842	0.01091	0.01505	0.00836	0.00579	0.00580	0.00186	0.00739	0.00518	0.00303	0.00754
14	0.05230	0.01741	0.01562	0.01275	0.01683	0.22259	0.02831	0.24771	0.11481	0.06760	0.01353	0.01392	0.01015	0.00631	0.00538	0.00158	0.00689	0.00471	0.00460	0.13700
15	0.01627	0.01248	0.01468	0.01384	0.08364	0.01376	0.01007	0.25925	0.26380	0.05967	0.07109	0.02010	0.01649	0.01212	0.10303	0.00279	0.00668	0.00621	0.00534	0.00869
16	0.00775	0.00593	0.00711	0.00682	0.00840	0.00528	0.00511	0.01005	0.01534	0.02065	0.51171	0.04783	0.30111	0.01288	0.00686	0.00188	0.00281	0.01113	0.00605	0.00528
17	0.02056	0.01402	0.01568	0.01189	0.01663	0.01436	0.00977	0.47402	0.02240	0.14484	0.01456	0.01445	0.01031	0.00644	0.00550	0.00156	0.00572	0.00494	0.00552	0.18684
18	0.01220	0.01252	0.02383	0.40138	0.03369	0.01317	0.30998	0.01638	0.01252	0.01677	0.01092	0.01526	0.00827	0.00530	0.00610	0.00185	0.00827	0.00570	0.00281	0.08308
19	0.01555	0.79913	0.03047	0.00995	0.01493	0.02301	0.00995	0.01741	0.01182	0.01368	0.00808	0.00933	0.00746	0.00498	0.00373	0.00124	0.00622	0.00311	0.00249	0.00746
20	0.02168	0.01397	0.01560	0.01210	0.01629	0.01491	0.00983	0.52375	0.02336	0.18623	0.01624	0.01740	0.01187	0.07975	0.00802	0.00212	0.00603	0.00566	0.00589	0.00930
21	0.01206	0.01034	0.01206	0.00861	0.01378	0.00775	0.00689	0.01464	0.01206	0.01895	0.01034	0.01206	0.00861	0.00431	0.00431	0.00086	0.00431	0.00345	0.00345	0.83118
22	0.00823	0.00594	0.00777	0.00732	0.00869	0.00549	0.00549	0.01097	0.01646	0.02332	0.75629	0.04344	0.05487	0.01189	0.00686	0.00183	0.00274	0.01052	0.00640	0.00549
23	0.00714	0.00510	0.00679	0.00806	0.00845	0.00476	0.00540	0.00823	0.01137	0.01523	0.06460	0.75820	0.03920	0.01793	0.00740	0.00234	0.00335	0.01626	0.00544	0.00476
24	0.01098	0.01034	0.01744	0.78165	0.04005	0.01292	0.01615	0.01486	0.01163	0.01486	0.01034	0.01550	0.00775	0.00581	0.00581	0.00194	0.00775	0.00517	0.00258	0.00646
25	0.00823	0.00594	0.00777	0.00732	0.00869	0.00549	0.00549	0.01097	0.01646	0.02332	0.75629	0.04344	0.05487	0.01189	0.00686	0.00183	0.00274	0.01052	0.00640	0.00549
26	0.00709	0.00506	0.00675	0.00810	0.00843	0.00472	0.00540	0.00810	0.01113	0.01484	0.03205	0.79184	0.03846	0.01822	0.00742	0.00236	0.00337	0.01653	0.00540	0.00472
27	0.00846	0.00564	0.00634	0.00634	0.00634	0.00564	0.00352	0.00846	0.00846	0.01128	0.01832	0.03805	0.02114	0.79563	0.02960	0.00564	0.00564	0.00846	0.00352	0.00352
28	0.01272	0.01272	0.01781	0.01527	0.01527	0.01781	0.01272	0.01399	0.00891	0.01399	0.00763	0.01272	0.00763	0.01018	0.01908	0.00254	0.78499	0.00509	0.00254	0.00636
29	0.10915	0.01003	0.01299	0.01007	0.01448	0.00901	0.00832	0.02719	0.01595	0.68784	0.02142	0.01873	0.01357	0.00701	0.00562	0.00180	0.00490	0.00557	0.00683	0.00953
30	0.75365	0.01111	0.00905	0.00792	0.01161	0.01258	0.00653	0.01825	0.01059	0.10164	0.00962	0.01051	0.00713	0.00558	0.00383	0.00180	0.00454	0.00343	0.00397	0.00667
31	0.02316	0.01055	0.01341	0.01072	0.01491	0.01004	0.00871	0.02899	0.20134	0.57696	0.02313	0.02027	0.01524	0.00737	0.00587	0.00184	0.00486	0.00603	0.00687	0.00972
32	0.01555	0.79913	0.03047	0.00995	0.01493	0.02301	0.00995	0.01741	0.01182	0.01368	0.00808	0.00933	0.00746	0.00498	0.00373	0.00124	0.00622	0.00311	0.00249	0.00746

[dist]
# distance from previous block
# <min> <max>
5	7

[block]
# block no. 1 follows, 40 sequences, length 51
# corresponding to MSA columns:
# 491-541
name=unknown_B
#
# <colnr> <probs for GDERKNQSTAVLIFYWHMCP>
#	G	D	E	R	K	N	Q	S	T	A	V	L	I	F	Y	W	H	M	C	P
0	0.01109	0.01045	0.01764	0.75745	0.06339	0.01295	0.01620	0.01495	0.01168	0.01499	0.01036	0.01547	0.00780	0.00579	0.00581	0.00193	0.00772	0.00517	0.00259	0.00655
1	0.01346	0.01517	0.03268	0.09788	0.03133	0.01453	0.66826	0.01826	0.01352	0.01826	0.01163	0.01567	0.00872	0.00499	0.00676	0.00196	0.00961	0.00670	0.00291	0.00771
2	0.01406	0.01348	0.02300	0.10825	0.68939	0.01373	0.01768	0.01756	0.01308	0.01860	0.01088	0.01450	0.00907	0.00524	0.00576	0.00175	0.00699	0.00518	0.00285	0.00894
3	0.00739	0.00591	0.00660	0.00643	0.00817	0.00513	0.00482	0.00934	0.01447	0.01858	0.32227	0.05123	0.49184	0.01366	0.00687	0.00191	0.00287	0.01161	0.00578	0.00513
4	0.01084	0.00542	0.00542	0.00542	0.00678	0.00542	0.00407	0.01355	0.01220	0.02168	0.01897	0.02168	0.01491	0.00678	0.00407	0.00136	0.00271	0.00542	0.82791	0.00542
5	0.00810	0.00594	0.00759	0.00718	0.00861	0.00543	0.00538	0.01072	0.01615	0.02258	0.68871	0.04465	0.12291	0.01216	0.00686	0.00184	0.00276	0.01069	0.00630	0.00543
6	0.00709	0.00506	0.00675	0.00810	0.00843	0.00472	0.00540	0.00810	0.01113	0.01484	0.03205	0.79184	0.03846	0.01822	0.00742	0.00236	0.00337	0.01653	0.00540	0.00472
7	0.00709	0.00506	0.00675	0.00810	0.00843	0.00472	0.00540	0.00810	0.01113	0.01484	0.03205	0.79184	0.03846	0.01822	0.00742	0.00236	0.00337	0.01653	0.00540	0.00472
8	0.01272	0.01272	0.01781	0.01527	0.01527	0.01781	0.01272	0.01399	0.00891	0.01399	0.00763	0.01272	0.00763	0.01018	0.01908	0.00254	0.78499	0.00509	0.00254	0.00636
9	0.01083	0.00656	0.00838	0.00757	0.00953	0.00588	0.00580	0.01329	0.01598	0.13872	0.52996	0.04170	0.16003	0.01160	0.00670	0.00185	0.00312	0.01006	0.00637	0.00609
10	0.02219	0.01300	0.01510	0.01171	0.01599	0.01343	0.00962	0.41494	0.02246	0.29514	0.08911	0.01890	0.01586	0.00753	0.00593	0.00177	0.00553	0.00597	0.00637	0.00947
11	0.00974	0.00707	0.00928	0.00997	0.01135	0.00718	0.00813	0.07632	0.01374	0.01810	0.02958	0.24285	0.06214	0.01795	0.06887	0.00302	0.00566	0.38827	0.00523	0.00557
12	0.49976	0.08844	0.01302	0.00947	0.01341	0.03522	0.02676	0.06379	0.07148	0.08482	0.01113	0.01183	0.00840	0.00577	0.00428	0.00172	0.00513	0.00389	0.00407	0.03761
13	0.02092	0.02215	0.01630	0.01403	0.01754	0.44229	0.01087	0.26361	0.07563	0.02253	0.01236	0.03251	0.00987	0.00678	0.00554	0.00164	0.00849	0.00479	0.00423	0.00793
14	0.01253	0.01981	0.30453	0.10570	0.10220	0.01451	0.18390	0.01723	0.01204	0.01734	0.01029	0.01372	0.00798	0.00620	0.00829	0.00199	0.14604	0.00522	0.00264	0.00785
15	0.01225	0.01163	0.02016	0.01723	0.09080	0.01134	0.28448	0.01808	0.14220	0.03898	0.15821	0.02750	0.12422	0.00818	0.00657	0.00191	0.00623	0.00806	0.00455	0.00742
16	0.01206	0.01034	0.01206	0.00861	0.01378	0.00775	0.00689	0.01464	0.01206	0.01895	0.01034	0.01206	0.00861	0.00431	0.00431	0.00086	0.00431	0.00345	0.00345	0.83118
17	0.00708	0.00510	0.00671	0.00800	0.00841	0.00473	0.00536	0.00811	0.01122	0.01488	0.03318	0.76083	0.06874	0.01807	0.00740	0.00234	0.00336	0.01635	0.00540	0.00473
18	0.01406	0.01348	0.02301	0.10798	0.68965	0.01373	0.01768	0.01756	0.01308	0.01860	0.01088	0.01450	0.00907	0.00524	0.00576	0.00175	0.00699	0.00518	0.00285	0.00894
19	0.83671	0.01125	0.00855	0.00765	0.01125	0.01305	0.00630	0.01709	0.00990	0.02609	0.00810	0.00945	0.00630	0.00540	0.00360	0.00180	0.00450	0.00315	0.00360	0.00630
20	0.01108	0.01044	0.01762	0.75992	0.06101	0.01295	0.01620	0.01494	0.01167	0.01498	0.01035	0.01547	0.00779	0.00580	0.00581	0.00193	0.00773	0.00517	0.00259	0.00654
21	0.01084	0.00542	0.00542	0.00542	0.00678	0.00542	0.00407	0.01355	0.01220	0.02168	0.01897	0.02168	0.01491	0.00678	0.00407	0.00136	0.00271	0.00542	0.82791	0.00542
22	0.00915	0.00662	0.00907	0.01029	0.01168	0.00654	0.00894	0.01173	0.01338	0.01726	0.03323	0.06476	0.09626	0.01595	0.00793	0.00262	0.00515	0.65877	0.00536	0.00532
23	0.01206	0.01034	0.01206	0.00861	0.01378	0.00775	0.00689	0.01464	0.01206	0.01895	0.01034	0.01206	0.00861	0.00431	0.00431	0.00086	0.00431	0.00345	0.00345	0.83118
24	0.01268	0.02874	0.69301	0.01626	0.02448	0.01394	0.02047	0.08834	0.01374	0.02018	0.01078	0.01244	0.00761	0.00567	0.00555	0.00183	0.00838	0.00439	0.00278	0.00872
25	0.83671	0.01125	0.00855	0.00765	0.01125	0.01305	0.00630	0.01709	0.00990	0.02609	0.00810	0.00945	0.00630	0.00540	0.00360	0.00180	0.00450	0.00315	0.00360	0.00630
26	0.01204	0.10461	0.69427	0.01593	0.02418	0.01443	0.02037	0.01832	0.01223	0.01796	0.01021	0.01199	0.00738	0.00547	0.00535	0.00178	0.00836	0.00418	0.00246	0.00848
27	0.01555	0.79913	0.03047	0.00995	0.01493	0.02301	0.00995	0.01741	0.01182	0.01368	0.00808	0.00933	0.00746	0.00498	0.00373	0.00124	0.00622	0.00311	0.00249	0.00746
28	0.62827	0.01546	0.01058	0.00952	0.01297	0.20723	0.00756	0.01866	0.01158	0.02306	0.00833	0.00971	0.00660	0.00555	0.00402	0.00172	0.00603	0.00330	0.00344	0.00641
29	0.00823	0.00594	0.00777	0.00732	0.00869	0.00549	0.00549	0.01097	0.01646	0.02332	0.75629	0.04344	0.05487	0.01189	0.00686	0.00183	0.00274	0.01052	0.00640	0.00549
30	0.01084	0.00542	0.00542	0.00542	0.00678	0.00542	0.00407	0.01355	0.01220	0.02168	0.01897	0.02168	0.01491	0.00678	0.00407	0.00136	0.00271	0.00542	0.82791	0.00542
31	0.00823	0.00594	0.00777	0.00732	0.00869	0.00549	0.00549	0.01097	0.01646	0.02332	0.75629	0.04344	0.05487	0.01189	0.00686	0.00183	0.00274	0.01052	0.00640	0.00549
32	0.02496	0.01015	0.01346	0.01049	0.01487	0.00912	0.00861	0.02859	0.08760	0.69176	0.02301	0.01998	0.01472	0.00726	0.00585	0.00182	0.00491	0.00592	0.00707	0.00983
33	0.01166	0.03008	0.76550	0.01657	0.02517	0.01351	0.02149	0.01842	0.01228	0.01842	0.01044	0.01228	0.00737	0.00552	0.00552	0.00184	0.00859	0.00430	0.00246	0.00859
34	0.00823	0.00594	0.00777	0.00732	0.00869	0.00549	0.00549	0.01097	0.01646	0.02332	0.75629	0.04344	0.05487	0.01189	0.00686	0.00183	0.00274	0.01052	0.00640	0.00549
35	0.00791	0.00593	0.00733	0.00698	0.00849	0.00535	0.00523	0.01035	0.01570	0.02152	0.59175	0.04639	0.22053	0.01256	0.00686	0.00186	0.00279	0.01093	0.00617	0.00535
36	0.00733	0.00591	0.00653	0.00637	0.00814	0.00511	0.00478	0.00924	0.01434	0.01829	0.29553	0.05171	0.51877	0.01376	0.00687	0.00192	0.00288	0.01168	0.00574	0.00511
37	0.01206	0.01034	0.01206	0.00861	0.01378	0.00775	0.00689	0.01464	0.01206	0.01895	0.01034	0.01206	0.00861	0.00431	0.00431	0.00086	0.00431	0.00345	0.00345	0.83118
38	0.01534	0.00982	0.01148	0.01009	0.01252	0.01012	0.00763	0.27107	0.01736	0.13059	0.02263	0.31151	0.02271	0.10766	0.00933	0.00246	0.00495	0.00998	0.00558	0.00716
39	0.18956	0.10938	0.01503	0.01096	0.01457	0.20425	0.00890	0.19213	0.01676	0.03816	0.03970	0.01800	0.10529	0.00731	0.00513	0.00167	0.00642	0.00525	0.00424	0.00729
40	0.01010	0.00505	0.00758	0.00758	0.00758	0.00505	0.00505	0.00758	0.00758	0.01010	0.01010	0.01768	0.01010	0.02020	0.02273	0.83081	0.00505	0.00505	0.00253	0.00253
41	0.00987	0.00513	0.00740	0.00740	0.00740	0.00513	0.00484	0.00770	0.00770	0.01027	0.01126	0.02054	0.01165	0.12924	0.02369	0.71477	0.00513	0.00553	0.00267	0.00267
42	0.01214	0.01063	0.01276	0.00943	0.01396	0.00898	0.00760	0.01456	0.01167	0.01834	0.01001	0.01214	0.00849	0.00502	0.00611	0.00107	0.09974	0.00365	0.00334	0.73035
43	0.14766	0.01239	0.01706	0.01462	0.08894	0.01199	0.12150	0.13595	0.01540	0.16151	0.01374	0.03384	0.01037	0.00598	0.00534	0.00162	0.00587	0.00516	0.00447	0.18659
44	0.00796	0.00614	0.00765	0.00854	0.00928	0.02843	0.00613	0.00943	0.01178	0.01559	0.08827	0.51553	0.06540	0.02028	0.10583	0.00320	0.00526	0.07523	0.00511	0.00497
45	0.01426	0.01127	0.01345	0.00977	0.01485	0.00940	0.02600	0.11634	0.01447	0.06186	0.01156	0.01284	0.00911	0.00485	0.00466	0.00106	0.00477	0.00391	0.00397	0.65159
46	0.01773	0.00951	0.01199	0.00954	0.01351	0.00814	0.00757	0.04475	0.03813	0.34290	0.02012	0.15042	0.01662	0.00817	0.00562	0.00159	0.00451	0.00691	0.00558	0.27669
47	0.01114	0.00945	0.01099	0.00820	0.01267	0.00723	0.00649	0.01362	0.01260	0.01900	0.08463	0.01972	0.09406	0.00614	0.00482	0.00107	0.00401	0.00506	0.00393	0.66516
48	0.04789	0.11360	0.15903	0.09887	0.01969	0.04324	0.04268	0.06276	0.15565	0.01944	0.03808	0.01962	0.01350	0.01072	0.08252	0.00259	0.00756	0.05119	0.00381	0.00756
49	0.14373	0.01296	0.01985	0.16402	0.16647	0.04546	0.16508	0.01631	0.01210	0.01817	0.01389	0.01704	0.06802	0.00670	0.00740	0.00194	0.10490	0.00571	0.00312	0.00713
50	0.01671	0.44757	0.02553	0.03932	0.13859	0.03916	0.01169	0.16760	0.03025	0.01958	0.01018	0.01159	0.00847	0.00554	0.00464	0.00147	0.00649	0.00404	0.00333	0.00824

[dist]
# distance from previous block
# <min> <max>
2	17

[block]
# block no. 2 follows, 40 sequences, length 83
# corresponding to MSA columns:
# 559-641
name=unknown_C
#
# <colnr> <probs for GDERKNQSTAVLIFYWHMCP>
#	G	D	E	R	K	N	Q	S	T	A	V	L	I	F	Y	W	H	M	C	P
0	0.01469	0.01038	0.01114	0.00995	0.01287	0.04999	0.00767	0.02186	0.28508	0.17178	0.05223	0.13419	0.13683	0.01014	0.00619	0.00191	0.00448	0.00856	0.00578	0.04429
1	0.01420	0.01098	0.01263	0.00950	0.01419	0.00949	0.00761	0.12047	0.05769	0.06790	0.01454	0.04150	0.03180	0.00585	0.00489	0.00119	0.00459	0.00474	0.00429	0.56194
2	0.01166	0.01088	0.01705	0.01268	0.01703	0.00944	0.19462	0.01474	0.01304	0.01914	0.12615	0.03927	0.03683	0.00650	0.00609	0.00143	0.03665	0.00605	0.00383	0.41694
3	0.01439	0.01382	0.02360	0.03569	0.75936	0.01382	0.01785	0.01785	0.01324	0.01900	0.01094	0.01439	0.00921	0.00518	0.00576	0.00173	0.00691	0.00518	0.00288	0.00921
4	0.01097	0.00841	0.00984	0.00908	0.01105	0.00879	0.00685	0.09099	0.18770	0.02331	0.37812	0.14261	0.03798	0.03863	0.00740	0.00206	0.00375	0.00984	0.00598	0.00664
5	0.01206	0.01034	0.01206	0.00861	0.01378	0.00775	0.00689	0.01464	0.01206	0.01895	0.01034	0.01206	0.00861	0.00431	0.00431	0.00086	0.00431	0.00345	0.00345	0.83118
6	0.01355	0.01516	0.03137	0.02286	0.02769	0.01526	0.60877	0.01780	0.01287	0.01780	0.01103	0.01516	0.00861	0.00584	0.00904	0.00206	0.14813	0.00655	0.00287	0.00758
7	0.01116	0.01045	0.01733	0.71193	0.06210	0.01265	0.01566	0.01494	0.01171	0.01523	0.01036	0.01527	0.00785	0.00570	0.00572	0.00187	0.00752	0.00507	0.00264	0.05484
8	0.00837	0.00651	0.00885	0.00873	0.00976	0.00711	0.00667	0.01023	0.01132	0.01568	0.15494	0.09818	0.12340	0.07177	0.34661	0.00550	0.06811	0.02884	0.00425	0.00516
9	0.01533	0.00759	0.01009	0.00880	0.01145	0.00680	0.00706	0.01779	0.01598	0.31488	0.33860	0.03741	0.08270	0.01069	0.00659	0.00192	0.00392	0.08868	0.00653	0.00718
10	0.01373	0.01569	0.03431	0.02451	0.03039	0.01471	0.73824	0.01863	0.01373	0.01863	0.01176	0.01569	0.00882	0.00490	0.00686	0.00196	0.00980	0.00686	0.00294	0.00784
11	0.01137	0.00665	0.00873	0.00781	0.00976	0.00601	0.00600	0.01399	0.01639	0.15513	0.60255	0.03963	0.07067	0.01114	0.00668	0.00183	0.00314	0.00974	0.00651	0.00625
12	0.02211	0.01629	0.01745	0.01338	0.01803	0.01803	0.01105	0.73997	0.02734	0.03665	0.01396	0.01396	0.00989	0.00698	0.00582	0.00175	0.00640	0.00524	0.00582	0.00989
13	0.00831	0.00623	0.00935	0.00935	0.01038	0.00727	0.00727	0.01038	0.00935	0.01350	0.01558	0.02285	0.01454	0.04361	0.77259	0.00935	0.01558	0.00623	0.00312	0.00519
14	0.02211	0.01629	0.01745	0.01338	0.01803	0.01803	0.01105	0.73997	0.02734	0.03665	0.01396	0.01396	0.00989	0.00698	0.00582	0.00175	0.00640	0.00524	0.00582	0.00989
15	0.00823	0.00594	0.00777	0.00732	0.00869	0.00549	0.00549	0.01097	0.01646	0.02332	0.75629	0.04344	0.05487	0.01189	0.00686	0.00183	0.00274	0.01052	0.00640	0.00549
16	0.00846	0.00564	0.00634	0.00634	0.00634	0.00564	0.00352	0.00846	0.00846	0.01128	0.01832	0.03805	0.02114	0.79563	0.02960	0.00564	0.00564	0.00846	0.00352	0.00352
17	0.01166	0.03008	0.76550	0.01657	0.02517	0.01351	0.02149	0.01842	0.01228	0.01842	0.01044	0.01228	0.00737	0.00552	0.00552	0.00184	0.00859	0.00430	0.00246	0.00859
18	0.01206	0.01034	0.01206	0.00861	0.01378	0.00775	0.00689	0.01464	0.01206	0.01895	0.01034	0.01206	0.00861	0.00431	0.00431	0.00086	0.00431	0.00345	0.00345	0.83118
19	0.01385	0.01140	0.01302	0.00946	0.01454	0.00959	0.00763	0.14408	0.01479	0.02211	0.01098	0.01240	0.00884	0.00478	0.00458	0.00102	0.00468	0.00376	0.00387	0.68462
20	0.01489	0.00822	0.01045	0.00925	0.01189	0.00753	0.00705	0.06801	0.03541	0.24968	0.09796	0.31712	0.02684	0.01159	0.00639	0.00192	0.00415	0.01013	0.00589	0.09564
21	0.01138	0.01074	0.01816	0.69447	0.12412	0.01302	0.01635	0.01521	0.01182	0.01534	0.01041	0.01537	0.00792	0.00574	0.00581	0.00191	0.00765	0.00517	0.00262	0.00678
22	0.02180	0.02556	0.01666	0.01468	0.01799	0.62973	0.01120	0.15868	0.01853	0.01847	0.00993	0.01114	0.00794	0.00618	0.00535	0.00154	0.00971	0.00403	0.00353	0.00734
23	0.01330	0.01100	0.01270	0.00930	0.01423	0.00916	0.00748	0.11489	0.01407	0.02118	0.01105	0.01275	0.00903	0.00625	0.03525	0.00132	0.00505	0.00380	0.00376	0.68443
24	0.01166	0.03008	0.76550	0.01657	0.02517	0.01351	0.02149	0.01842	0.01228	0.01842	0.01044	0.01228	0.00737	0.00552	0.00552	0.00184	0.00859	0.00430	0.00246	0.00859
25	0.01238	0.01346	0.02808	0.02083	0.02532	0.01293	0.55738	0.01634	0.01297	0.01765	0.01549	0.16633	0.01452	0.00777	0.00762	0.00207	0.04966	0.00865	0.00340	0.00716
26	0.01084	0.00542	0.00542	0.00542	0.00678	0.00542	0.00407	0.01355	0.01220	0.02168	0.01897	0.02168	0.01491	0.00678	0.00407	0.00136	0.00271	0.00542	0.82791	0.00542
27	0.01166	0.03008	0.76550	0.01657	0.02517	0.01351	0.02149	0.01842	0.01228	0.01842	0.01044	0.01228	0.00737	0.00552	0.00552	0.00184	0.00859	0.00430	0.00246	0.00859
28	0.01206	0.01034	0.01206	0.00861	0.01378	0.00775	0.00689	0.01464	0.01206	0.01895	0.01034	0.01206	0.00861	0.00431	0.00431	0.00086	0.00431	0.00345	0.00345	0.83118
29	0.01439	0.01382	0.02360	0.03569	0.75936	0.01382	0.01785	0.01785	0.01324	0.01900	0.01094	0.01439	0.00921	0.00518	0.00576	0.00173	0.00691	0.00518	0.00288	0.00921
30	0.00823	0.00594	0.00777	0.00732	0.00869	0.00549	0.00549	0.01097	0.01646	0.02332	0.75629	0.04344	0.05487	0.01189	0.00686	0.00183	0.00274	0.01052	0.00640	0.00549
31	0.01373	0.01569	0.03431	0.02451	0.03039	0.01471	0.73824	0.01863	0.01373	0.01863	0.01176	0.01569	0.00882	0.00490	0.00686	0.00196	0.00980	0.00686	0.00294	0.00784
32	0.00687	0.00589	0.00589	0.00589	0.00785	0.00491	0.00442	0.00835	0.01325	0.01571	0.05891	0.05596	0.75700	0.01473	0.00687	0.00196	0.00295	0.01227	0.00540	0.00491
33	0.01373	0.01569	0.03431	0.02451	0.03039	0.01471	0.73824	0.01863	0.01373	0.01863	0.01176	0.01569	0.00882	0.00490	0.00686	0.00196	0.00980	0.00686	0.00294	0.00784
34	0.01206	0.01034	0.01206	0.00861	0.01378	0.00775	0.00689	0.01464	0.01206	0.01895	0.01034	0.01206	0.00861	0.00431	0.00431	0.00086	0.00431	0.00345	0.00345	0.83118
35	0.00820	0.00534	0.00714	0.00823	0.00881	0.00495	0.00558	0.00928	0.01146	0.05867	0.03152	0.74663	0.03705	0.01757	0.00733	0.00233	0.00347	0.01591	0.00550	0.00503
36	0.01446	0.01249	0.01315	0.01183	0.01512	0.01446	0.00920	0.03090	0.74885	0.02433	0.02367	0.02170	0.01775	0.00789	0.00592	0.00197	0.00460	0.00657	0.00592	0.00920
37	0.01468	0.01296	0.01290	0.01096	0.01460	0.07007	0.00859	0.12048	0.36772	0.02317	0.02297	0.02211	0.10326	0.00777	0.00566	0.00169	0.00504	0.00627	0.00515	0.16394
38	0.00846	0.00564	0.00634	0.00634	0.00634	0.00564	0.00352	0.00846	0.00846	0.01128	0.01832	0.03805	0.02114	0.79563	0.02960	0.00564	0.00564	0.00846	0.00352	0.00352
39	0.02528	0.00972	0.01324	0.01021	0.01457	0.00841	0.00841	0.02756	0.01664	0.72999	0.05603	0.02086	0.01622	0.00741	0.00589	0.00180	0.00485	0.00606	0.00716	0.00970
40	0.01355	0.01445	0.02805	0.06554	0.19307	0.01496	0.40755	0.01742	0.01264	0.01768	0.01076	0.01486	0.00864	0.00596	0.00874	0.00201	0.14737	0.00608	0.00284	0.00781
41	0.00771	0.00592	0.00706	0.00677	0.00837	0.00527	0.00508	0.00997	0.01524	0.02042	0.49078	0.04821	0.32218	0.01297	0.00686	0.00188	0.00282	0.01119	0.00602	0.00527
42	0.01237	0.01052	0.01222	0.00876	0.01391	0.00807	0.00702	0.03696	0.01253	0.01949	0.01045	0.01212	0.00865	0.00439	0.00435	0.00089	0.00437	0.00350	0.00352	0.80591
43	0.00709	0.00506	0.00675	0.00810	0.00843	0.00472	0.00540	0.00810	0.01113	0.01484	0.03205	0.79184	0.03846	0.01822	0.00742	0.00236	0.00337	0.01653	0.00540	0.00472
44	0.00888	0.00664	0.00825	0.00826	0.00966	0.00649	0.00618	0.03425	0.07770	0.02057	0.37301	0.24307	0.09274	0.01360	0.00699	0.00206	0.00340	0.06663	0.00592	0.00569
45	0.01989	0.01129	0.01777	0.01307	0.01804	0.00972	0.17044	0.02281	0.01487	0.41463	0.01736	0.01698	0.01173	0.00598	0.00569	0.00160	0.00587	0.00548	0.00533	0.21145
46	0.02256	0.01119	0.01396	0.01058	0.01524	0.01018	0.00869	0.16013	0.01776	0.47875	0.01875	0.01716	0.01240	0.00658	0.00554	0.00160	0.00510	0.00526	0.00619	0.17238
47	0.01312	0.01170	0.01892	0.16818	0.18301	0.01229	0.12934	0.11947	0.03497	0.02037	0.04972	0.11323	0.01698	0.00845	0.00642	0.00198	0.00665	0.07367	0.00402	0.00749
48	0.01191	0.01027	0.04475	0.01036	0.01296	0.01027	0.00840	0.02120	0.36673	0.04577	0.21089	0.11322	0.03013	0.01055	0.00647	0.00202	0.00425	0.06657	0.00582	0.00746
49	0.01529	0.01136	0.01566	0.01150	0.01651	0.00967	0.10850	0.04558	0.06131	0.15135	0.01376	0.01462	0.01030	0.00523	0.00509	0.00128	0.00528	0.00461	0.00429	0.48883
50	0.00837	0.00596	0.00799	0.00799	0.00856	0.00653	0.00558	0.00952	0.00895	0.01250	0.01681	0.02969	0.01751	0.38228	0.43799	0.00768	0.01110	0.00723	0.00330	0.00444
51	0.01336	0.01277	0.02174	0.26105	0.54205	0.01355	0.01733	0.01694	0.01275	0.01775	0.01076	0.01473	0.00877	0.00537	0.00577	0.00179	0.00716	0.00518	0.00279	0.00838
52	0.01141	0.07015	0.56223	0.01494	0.02179	0.01262	0.01824	0.01701	0.01249	0.01792	0.01461	0.02340	0.01290	0.00773	0.00595	0.00198	0.00777	0.15594	0.00307	0.00784
53	0.00711	0.00523	0.00658	0.00762	0.00824	0.00480	0.00514	0.00816	0.01139	0.01484	0.03622	0.62651	0.16590	0.05268	0.00833	0.00244	0.00340	0.01541	0.00531	0.00470
54	0.01141	0.01089	0.01876	0.68004	0.10466	0.01308	0.04889	0.01530	0.01187	0.01540	0.01045	0.01541	0.00793	0.00572	0.00586	0.00192	0.00777	0.00525	0.00263	0.00677
55	0.01923	0.00870	0.01120	0.00896	0.01268	0.00742	0.00724	0.02137	0.01552	0.47747	0.09169	0.02928	0.18339	0.00906	0.00605	0.00177	0.00427	0.00749	0.00644	0.07077
56	0.01555	0.79913	0.03047	0.00995	0.01493	0.02301	0.00995	0.01741	0.01182	0.01368	0.00808	0.00933	0.00746	0.00498	0.00373	0.00124	0.00622	0.00311	0.00249	0.00746
57	0.01547	0.50403	0.20708	0.01227	0.01784	0.12586	0.01293	0.01847	0.01258	0.01491	0.00878	0.01021	0.00744	0.00525	0.00438	0.00142	0.00739	0.00349	0.00255	0.00764
58	0.01809	0.01284	0.01756	0.01383	0.01789	0.01328	0.13928	0.24884	0.15720	0.16957	0.01938	0.11271	0.01558	0.00821	0.00623	0.00191	0.00601	0.00729	0.00554	0.00876
59	0.00750	0.00538	0.00712	0.00781	0.00853	0.00500	0.00543	0.00914	0.01307	0.01792	0.29477	0.52035	0.04441	0.01592	0.00722	0.00217	0.00315	0.01435	0.00576	0.00500
60	0.01398	0.01196	0.01276	0.01159	0.01471	0.01375	0.00904	0.02925	0.68638	0.02400	0.05701	0.02443	0.02006	0.00840	0.00604	0.00199	0.00455	0.03530	0.00592	0.00888
61	0.00847	0.00594	0.00715	0.00757	0.00820	0.00581	0.00534	0.00943	0.01052	0.01366	0.02724	0.07663	0.11432	0.45384	0.01998	0.00424	0.00515	0.20794	0.00433	0.00425
62	0.00759	0.00542	0.00733	0.00867	0.00923	0.00516	0.00628	0.00897	0.01163	0.01541	0.03177	0.63143	0.03736	0.01774	0.00756	0.00243	0.00381	0.17195	0.00539	0.00486
63	0.00728	0.00535	0.00682	0.00763	0.00840	0.00490	0.00527	0.00869	0.01247	0.01661	0.17597	0.54088	0.14537	0.01649	0.00723	0.00220	0.00319	0.01475	0.00559	0.00490
64	0.01206	0.01034	0.01206	0.00861	0.01378	0.00775	0.00689	0.01464	0.01206	0.01895	0.01034	0.01206	0.00861	0.00431	0.00431	0.00086	0.00431	0.00345	0.00345	0.83118
65	0.01406	0.01608	0.03215	0.02333	0.02875	0.05897	0.65516	0.01859	0.01373	0.01819	0.01192	0.01648	0.00930	0.00540	0.00719	0.00197	0.03444	0.02364	0.00299	0.00767
66	0.01450	0.01634	0.02417	0.01881	0.02196	0.15050	0.32525	0.01740	0.01247	0.01607	0.01124	0.01502	0.02865	0.00807	0.02898	0.00225	0.27259	0.00584	0.00289	0.00700
67	0.01412	0.01036	0.01230	0.00898	0.01398	0.00812	0.00721	0.01718	0.04077	0.12364	0.01261	0.01351	0.00977	0.00485	0.00458	0.00104	0.00441	0.00390	0.00407	0.68460
68	0.00709	0.00506	0.00675	0.00810	0.00843	0.00472	0.00540	0.00810	0.01113	0.01484	0.03205	0.79184	0.03846	0.01822	0.00742	0.00236	0.00337	0.01653	0.00540	0.00472
69	0.00831	0.00623	0.00935	0.00935	0.01038	0.00727	0.00727	0.01038	0.00935	0.01350	0.01558	0.02285	0.01454	0.04361	0.77259	0.00935	0.01558	0.00623	0.00312	0.00519
70	0.01206	0.01034	0.01206	0.00861	0.01378	0.00775	0.00689	0.01464	0.01206	0.01895	0.01034	0.01206	0.00861	0.00431	0.00431	0.00086	0.00431	0.00345	0.00345	0.83118
71	0.00824	0.00588	0.00807	0.00941	0.01025	0.00572	0.00740	0.01009	0.01227	0.01613	0.03142	0.42627	0.03595	0.01713	0.00773	0.00252	0.00437	0.37075	0.00538	0.00504
72	0.02211	0.01629	0.01745	0.01338	0.01803	0.01803	0.01105	0.73997	0.02734	0.03665	0.01396	0.01396	0.00989	0.00698	0.00582	0.00175	0.00640	0.00524	0.00582	0.00989
73	0.01367	0.01308	0.02230	0.19377	0.60693	0.01363	0.01749	0.01721	0.01290	0.01812	0.01081	0.01463	0.00890	0.00532	0.00577	0.00177	0.00709	0.00518	0.00282	0.00863
74	0.00768	0.00595	0.00682	0.00731	0.00847	0.00555	0.00514	0.00971	0.05493	0.01540	0.04058	0.33661	0.32190	0.11025	0.00982	0.00259	0.00362	0.03753	0.00520	0.00494
75	0.01193	0.01156	0.01630	0.01421	0.01440	0.01593	0.01175	0.01335	0.00898	0.01391	0.00905	0.01453	0.00887	0.01614	0.15355	0.00376	0.64769	0.00529	0.00265	0.00615
76	0.00815	0.00594	0.00766	0.00723	0.00864	0.00545	0.00542	0.01082	0.01627	0.02287	0.71545	0.04417	0.09598	0.01205	0.00686	0.00184	0.00276	0.01062	0.00634	0.00545
77	0.01206	0.01034	0.01206	0.00861	0.01378	0.00775	0.00689	0.01464	0.01206	0.01895	0.01034	0.01206	0.00861	0.00431	0.00431	0.00086	0.00431	0.00345	0.00345	0.83118
78	0.00823	0.00594	0.00777	0.00732	0.00869	0.00549	0.00549	0.01097	0.01646	0.02332	0.75629	0.04344	0.05487	0.01189	0.00686	0.00183	0.00274	0.01052	0.00640	0.00549
79	0.00830	0.00577	0.00689	0.00684	0.00727	0.00580	0.00432	0.00899	0.00979	0.01321	0.10140	0.03777	0.07480	0.55141	0.12884	0.00548	0.00652	0.00864	0.00391	0.00407
80	0.00727	0.00521	0.00662	0.00767	0.00808	0.00487	0.00505	0.00817	0.01090	0.01438	0.03207	0.62487	0.09047	0.13253	0.01065	0.00281	0.00367	0.01502	0.00512	0.00456
81	0.01299	0.01352	0.02226	0.01776	0.01935	0.01697	0.20847	0.01524	0.01021	0.01524	0.00875	0.01352	0.00795	0.00875	0.01579	0.00239	0.57584	0.00557	0.00265	0.00676
82	0.01335	0.01360	0.02515	0.01826	0.02353	0.01253	0.43307	0.04296	0.05658	0.01945	0.01231	0.01529	0.00958	0.00673	0.04061	0.00198	0.00811	0.00581	0.00336	0.23774

[dist]
# distance from previous block
# <min> <max>
2	5

[block]
# block no. 3 follows, 40 sequences, length 55
# corresponding to MSA columns:
# 647-701
name=unknown_D
#
# <colnr> <probs for GDERKNQSTAVLIFYWHMCP>
#	G	D	E	R	K	N	Q	S	T	A	V	L	I	F	Y	W	H	M	C	P
0	0.01304	0.01374	0.02737	0.16130	0.02911	0.01367	0.48850	0.04403	0.03932	0.01829	0.01385	0.01833	0.03312	0.05031	0.00789	0.00216	0.00867	0.00674	0.00320	0.00738
1	0.01705	0.01726	0.01617	0.29631	0.02538	0.28880	0.01249	0.09841	0.06488	0.06086	0.01357	0.01560	0.03523	0.00654	0.00565	0.00175	0.00806	0.00504	0.00367	0.00726
2	0.00762	0.00592	0.00693	0.00668	0.00832	0.00523	0.00501	0.00980	0.01503	0.01993	0.44525	0.04903	0.36803	0.01315	0.00687	0.00189	0.00283	0.01130	0.00595	0.00523
3	0.02515	0.01140	0.01442	0.01106	0.01559	0.01078	0.00914	0.19554	0.01916	0.59264	0.02083	0.01842	0.01334	0.00715	0.00584	0.00179	0.00529	0.00570	0.00687	0.00989
4	0.01982	0.01041	0.01273	0.01015	0.01383	0.01008	0.00823	0.20716	0.01912	0.36173	0.17999	0.02603	0.07710	0.00870	0.00613	0.00180	0.00470	0.00716	0.00654	0.00858
5	0.00836	0.00563	0.00634	0.00638	0.00646	0.00558	0.00361	0.00844	0.00871	0.01154	0.02023	0.06113	0.04875	0.74376	0.02810	0.00541	0.00547	0.00884	0.00365	0.00361
6	0.01382	0.01190	0.01210	0.01077	0.01382	0.04343	0.00838	0.10236	0.45884	0.02369	0.08259	0.02794	0.14704	0.00919	0.00611	0.00192	0.00461	0.00759	0.00573	0.00816
7	0.00792	0.00593	0.00734	0.00699	0.00849	0.00535	0.00524	0.01036	0.01572	0.02156	0.59462	0.04634	0.21764	0.01255	0.00686	0.00186	0.00279	0.01092	0.00617	0.00535
8	0.01180	0.01117	0.01892	0.60224	0.21306	0.01314	0.01656	0.01558	0.01202	0.01585	0.01048	0.01524	0.00810	0.00566	0.00580	0.00189	0.00755	0.00517	0.00265	0.00712
9	0.02609	0.00990	0.01350	0.01035	0.01484	0.00855	0.00855	0.02834	0.01664	0.76338	0.02294	0.01979	0.01439	0.00720	0.00585	0.00180	0.00495	0.00585	0.00720	0.00990
10	0.01098	0.01034	0.01744	0.78165	0.04005	0.01292	0.01615	0.01486	0.01163	0.01486	0.01034	0.01550	0.00775	0.00581	0.00581	0.00194	0.00775	0.00517	0.00258	0.00646
11	0.00956	0.00624	0.00820	0.00754	0.00915	0.00571	0.00571	0.01227	0.01647	0.07835	0.70175	0.04168	0.05186	0.01154	0.00678	0.00183	0.00291	0.01017	0.00646	0.00581
12	0.01439	0.01382	0.02360	0.03569	0.75936	0.01382	0.01785	0.01785	0.01324	0.01900	0.01094	0.01439	0.00921	0.00518	0.00576	0.00173	0.00691	0.00518	0.00288	0.00921
13	0.08855	0.01211	0.01441	0.01114	0.01561	0.01203	0.00920	0.26242	0.01965	0.46542	0.01881	0.01705	0.01227	0.00698	0.00566	0.00178	0.00539	0.00543	0.00646	0.00961
14	0.83671	0.01125	0.00855	0.00765	0.01125	0.01305	0.00630	0.01709	0.00990	0.02609	0.00810	0.00945	0.00630	0.00540	0.00360	0.00180	0.00450	0.00315	0.00360	0.00630
15	0.00772	0.00577	0.00728	0.00798	0.00911	0.00532	0.00603	0.00951	0.01307	0.01710	0.16610	0.32677	0.21390	0.01580	0.00732	0.00224	0.00358	0.16479	0.00557	0.00504
16	0.01233	0.01171	0.01987	0.48712	0.32406	0.01327	0.01682	0.01604	0.01226	0.01649	0.01057	0.01507	0.00833	0.00556	0.00579	0.00185	0.00742	0.00517	0.00270	0.00755
17	0.00712	0.00590	0.00624	0.00615	0.00801	0.00502	0.00461	0.00883	0.01384	0.01711	0.18717	0.05366	0.62786	0.01421	0.00687	0.00194	0.00291	0.01195	0.00558	0.00502
18	0.00727	0.00522	0.00694	0.00825	0.00872	0.00489	0.00570	0.00843	0.01138	0.01508	0.03274	0.70931	0.05941	0.01793	0.00746	0.00238	0.00353	0.07516	0.00539	0.00478
19	0.74808	0.01179	0.00952	0.00827	0.01198	0.01359	0.00682	0.09575	0.01179	0.02724	0.00874	0.00994	0.00669	0.00557	0.00384	0.00179	0.00471	0.00338	0.00384	0.00669
20	0.02609	0.00990	0.01350	0.01035	0.01484	0.00855	0.00855	0.02834	0.01664	0.76338	0.02294	0.01979	0.01439	0.00720	0.00585	0.00180	0.00495	0.00585	0.00720	0.00990
21	0.01493	0.01232	0.01409	0.01226	0.01559	0.01378	0.03908	0.15694	0.46618	0.02554	0.06289	0.02602	0.01972	0.00871	0.00622	0.00200	0.00512	0.08421	0.00574	0.00865
22	0.02274	0.01032	0.01314	0.01036	0.01453	0.00957	0.00845	0.08019	0.09275	0.55562	0.04428	0.02210	0.05743	0.00775	0.00591	0.00181	0.00484	0.00632	0.00677	0.02512
23	0.02001	0.01461	0.01586	0.01261	0.01669	0.01606	0.01023	0.58837	0.07894	0.05301	0.01689	0.09933	0.01370	0.00828	0.00600	0.00183	0.00590	0.00658	0.00582	0.00928
24	0.01815	0.01432	0.01523	0.01258	0.01653	0.01619	0.01010	0.37316	0.40059	0.03027	0.01898	0.01796	0.01396	0.00745	0.00587	0.00186	0.00547	0.00593	0.00587	0.00954
25	0.01544	0.77856	0.05013	0.01013	0.01520	0.02276	0.01026	0.01744	0.01183	0.01381	0.00815	0.00941	0.00746	0.00499	0.00378	0.00126	0.00628	0.00314	0.00249	0.00749
26	0.01093	0.10813	0.08789	0.01444	0.01793	0.01118	0.24275	0.01388	0.01214	0.01619	0.01960	0.26993	0.02076	0.06399	0.00818	0.00230	0.00656	0.06298	0.00385	0.00638
27	0.01010	0.00505	0.00758	0.00758	0.00758	0.00505	0.00505	0.00758	0.00758	0.01010	0.01010	0.01768	0.01010	0.02020	0.02273	0.83081	0.00505	0.00505	0.00253	0.00253
28	0.02170	0.02198	0.01684	0.01415	0.01793	0.40036	0.01109	0.35708	0.04165	0.02494	0.01171	0.01241	0.00889	0.00650	0.00553	0.00163	0.00842	0.00452	0.00439	0.00827
29	0.00747	0.00591	0.00672	0.00652	0.00822	0.00516	0.00489	0.00951	0.01467	0.01907	0.36711	0.05043	0.44669	0.01347	0.00687	0.00190	0.00286	0.01150	0.00584	0.00516
30	0.02149	0.01583	0.01702	0.01316	0.01764	0.01749	0.01082	0.71012	0.02668	0.03576	0.01470	0.04568	0.01105	0.00744	0.00588	0.00177	0.00628	0.00570	0.00580	0.00968
31	0.00754	0.00589	0.00669	0.00650	0.00808	0.00520	0.00479	0.00942	0.01420	0.01847	0.33893	0.04955	0.41731	0.07165	0.00856	0.00218	0.00306	0.01128	0.00567	0.00504
32	0.01166	0.03008	0.76550	0.01657	0.02517	0.01351	0.02149	0.01842	0.01228	0.01842	0.01044	0.01228	0.00737	0.00552	0.00552	0.00184	0.00859	0.00430	0.00246	0.00859
33	0.01471	0.01374	0.02268	0.09007	0.65020	0.01406	0.01721	0.07132	0.01417	0.02000	0.01112	0.01444	0.00915	0.00536	0.00577	0.00174	0.00693	0.00518	0.00307	0.00906
34	0.01196	0.08785	0.71029	0.01608	0.02440	0.01422	0.02062	0.01834	0.01224	0.01806	0.01026	0.01206	0.00737	0.00548	0.00539	0.00180	0.00842	0.00421	0.00246	0.00851
35	0.02172	0.02772	0.01648	0.01498	0.01798	0.77228	0.01124	0.02322	0.01648	0.01423	0.00899	0.01049	0.00749	0.00599	0.00524	0.00150	0.01049	0.00375	0.00300	0.00674
36	0.01405	0.01191	0.01385	0.01078	0.01531	0.01134	0.03504	0.10402	0.24831	0.02270	0.01505	0.01548	0.01168	0.00578	0.00509	0.00136	0.00485	0.00477	0.00449	0.44417
37	0.01439	0.01382	0.02360	0.03569	0.75936	0.01382	0.01785	0.01785	0.01324	0.01900	0.01094	0.01439	0.00921	0.00518	0.00576	0.00173	0.00691	0.00518	0.00288	0.00921
38	0.01272	0.01272	0.01781	0.01527	0.01527	0.01781	0.01272	0.01399	0.00891	0.01399	0.00763	0.01272	0.00763	0.01018	0.01908	0.00254	0.78499	0.00509	0.00254	0.00636
39	0.01504	0.01278	0.01347	0.01195	0.01534	0.01473	0.00934	0.08416	0.69465	0.02525	0.02294	0.02112	0.01716	0.00782	0.00591	0.00196	0.00474	0.00647	0.00591	0.00926
40	0.01285	0.01151	0.01146	0.01046	0.01317	0.06786	0.00804	0.02362	0.45787	0.02242	0.18295	0.02924	0.10535	0.00935	0.00617	0.00191	0.00446	0.00783	0.00575	0.00776
41	0.02281	0.00917	0.01244	0.00979	0.01371	0.00798	0.00798	0.02515	0.01661	0.62727	0.15782	0.02414	0.02184	0.00806	0.00603	0.00180	0.00454	0.00671	0.00705	0.00909
42	0.01098	0.01034	0.01744	0.78165	0.04005	0.01292	0.01615	0.01486	0.01163	0.01486	0.01034	0.01550	0.00775	0.00581	0.00581	0.00194	0.00775	0.00517	0.00258	0.00646
43	0.00823	0.00594	0.00777	0.00732	0.00869	0.00549	0.00549	0.01097	0.01646	0.02332	0.75629	0.04344	0.05487	0.01189	0.00686	0.00183	0.00274	0.01052	0.00640	0.00549
44	0.01416	0.01218	0.01318	0.01242	0.04503	0.01385	0.00926	0.05355	0.63829	0.02389	0.02546	0.02370	0.07266	0.00826	0.00598	0.00195	0.00463	0.00690	0.00575	0.00891
45	0.02466	0.00960	0.01293	0.01002	0.01432	0.00828	0.00824	0.02685	0.01639	0.70778	0.02562	0.02248	0.06962	0.00776	0.00592	0.00181	0.00480	0.00633	0.00706	0.00953
46	0.00819	0.00558	0.00668	0.00693	0.00708	0.00561	0.00420	0.00856	0.00903	0.01213	0.02061	0.17535	0.02375	0.58652	0.09085	0.00536	0.00610	0.00975	0.00383	0.00389
47	0.01146	0.01083	0.01831	0.67608	0.14186	0.01305	0.01639	0.01528	0.01186	0.01544	0.01042	0.01535	0.00796	0.00572	0.00581	0.00191	0.00763	0.00517	0.00263	0.00685
48	0.01494	0.01485	0.02307	0.03415	0.70422	0.07022	0.01736	0.01825	0.01348	0.01864	0.01079	0.01410	0.00908	0.00524	0.00572	0.00171	0.00717	0.00507	0.00289	0.00903
49	0.01281	0.21605	0.53086	0.01640	0.07782	0.01584	0.01840	0.01813	0.01224	0.01731	0.00990	0.01172	0.00753	0.00537	0.00511	0.00169	0.00789	0.00407	0.00250	0.00837
50	0.01623	0.01405	0.02530	0.01854	0.02363	0.01356	0.41573	0.12674	0.06207	0.11752	0.05247	0.01757	0.01261	0.00602	0.00639	0.00184	0.00770	0.00648	0.00430	0.05123
51	0.01342	0.24312	0.50189	0.01509	0.04410	0.01618	0.01760	0.03784	0.01268	0.03355	0.01016	0.01173	0.00767	0.00544	0.00505	0.00167	0.00774	0.00405	0.00267	0.00836
52	0.01590	0.03439	0.01465	0.09495	0.01769	0.06985	0.00971	0.24531	0.10652	0.04086	0.13242	0.01918	0.01742	0.00716	0.00564	0.00162	0.00566	0.00577	0.00489	0.15042
53	0.03306	0.18231	0.08936	0.01132	0.01586	0.01538	0.01037	0.29951	0.01803	0.04455	0.01727	0.01799	0.09073	0.00980	0.06291	0.00219	0.00667	0.00539	0.00437	0.06294
54	0.03694	0.01183	0.01380	0.01116	0.01494	0.01214	0.00902	0.32072	0.04795	0.27432	0.04522	0.11429	0.03052	0.00890	0.00608	0.00187	0.00523	0.02004	0.00619	0.00884

[dist]
# distance from previous block
# <min> <max>
3	23

[block]
# block no. 4 follows, 40 sequences, length 46
# corresponding to MSA columns:
# 725-770
name=unknown_E
#
# <colnr> <probs for GDERKNQSTAVLIFYWHMCP>
#	G	D	E	R	K	N	Q	S	T	A	V	L	I	F	Y	W	H	M	C	P
0	0.14950	0.20215	0.01889	0.01330	0.08071	0.01564	0.05481	0.13524	0.12110	0.04287	0.08348	0.03082	0.01464	0.00676	0.00516	0.00170	0.00560	0.00540	0.00431	0.00792
1	0.03695	0.01512	0.01370	0.01201	0.01512	0.18321	0.00952	0.24108	0.10298	0.06132	0.06484	0.07837	0.03729	0.00922	0.00612	0.00189	0.00634	0.09205	0.00515	0.00771
2	0.01389	0.08988	0.01295	0.01036	0.01263	0.17333	0.00796	0.10932	0.03987	0.02972	0.02244	0.18516	0.08921	0.11131	0.02004	0.00246	0.00618	0.05262	0.00443	0.00625
3	0.09281	0.11438	0.27679	0.01325	0.01876	0.06538	0.01364	0.10935	0.19872	0.02200	0.01358	0.01410	0.01019	0.00625	0.00524	0.00176	0.00678	0.00469	0.00388	0.00843
4	0.04754	0.04969	0.06228	0.01595	0.08310	0.44741	0.01197	0.09636	0.08610	0.02966	0.01130	0.01242	0.00891	0.00614	0.00533	0.00162	0.00865	0.00432	0.00358	0.00768
5	0.03836	0.04702	0.31288	0.10583	0.19435	0.01443	0.01704	0.13977	0.01502	0.04477	0.01138	0.01347	0.00846	0.00575	0.00555	0.00179	0.00742	0.00473	0.00332	0.00865
6	0.01072	0.00795	0.00936	0.00827	0.01037	0.00784	0.00640	0.15219	0.01808	0.02473	0.50425	0.03965	0.15469	0.01137	0.00666	0.00183	0.00348	0.00976	0.00613	0.00625
7	0.00889	0.05728	0.07586	0.00875	0.01043	0.00758	0.00722	0.01093	0.01235	0.01704	0.24732	0.22685	0.03343	0.14940	0.05908	0.00310	0.02517	0.02927	0.00473	0.00535
8	0.01204	0.10552	0.69339	0.01592	0.02416	0.01444	0.02035	0.01832	0.01223	0.01795	0.01021	0.01199	0.00738	0.00547	0.00535	0.00178	0.00836	0.00418	0.00246	0.00848
9	0.00771	0.00592	0.00705	0.00677	0.00837	0.00526	0.00508	0.00996	0.01523	0.02039	0.48828	0.04825	0.32470	0.01298	0.00686	0.00188	0.00282	0.01119	0.00602	0.00526
10	0.00846	0.00564	0.00634	0.00634	0.00634	0.00564	0.00352	0.00846	0.00846	0.01128	0.01832	0.03805	0.02114	0.79563	0.02960	0.00564	0.00564	0.00846	0.00352	0.00352
11	0.02163	0.01605	0.01718	0.01328	0.01785	0.01781	0.01094	0.69592	0.07216	0.03588	0.01456	0.01444	0.01038	0.00704	0.00582	0.00176	0.00629	0.00532	0.00582	0.00985
12	0.01010	0.00505	0.00758	0.00758	0.00758	0.00505	0.00505	0.00758	0.00758	0.01010	0.01010	0.01768	0.01010	0.02020	0.02273	0.83081	0.00505	0.00505	0.00253	0.00253
13	0.00720	0.00514	0.00688	0.00823	0.00862	0.00482	0.00560	0.00830	0.01125	0.01497	0.03199	0.75526	0.03821	0.01811	0.00745	0.00238	0.00347	0.05197	0.00540	0.00476
14	0.00724	0.00522	0.00661	0.00766	0.00811	0.00486	0.00506	0.00817	0.01100	0.01447	0.03293	0.62308	0.10673	0.11747	0.01021	0.00274	0.00362	0.01508	0.00516	0.00459
