[name]
unknown

[dist]
# distance from previous block
# <min> <max>
0	184

[block]
# block no. 0 follows, 48 sequences, length 15
# corresponding to MSA columns:
# 184-198
name=unknown_A
#
# <colnr> <probs for GDERKNQSTAVLIFYWHMCP>
#	G	D	E	R	K	N	Q	S	T	A	V	L	I	F	Y	W	H	M	C	P
0	0.00726	0.00522	0.00698	0.00733	0.00832	0.00493	0.00564	0.00931	0.01277	0.01757	0.42633	0.22696	0.04051	0.01268	0.00641	0.00190	0.00310	0.18690	0.00522	0.00465
1	0.03411	0.18131	0.34620	0.01116	0.01655	0.01191	0.01242	0.01811	0.01204	0.23627	0.06209	0.01391	0.01097	0.00556	0.00467	0.00151	0.00582	0.00430	0.00361	0.00748
2	0.17622	0.02886	0.01197	0.00999	0.01288	0.15740	0.00796	0.25118	0.01502	0.07105	0.01218	0.06349	0.01022	0.01164	0.13495	0.00264	0.00707	0.00480	0.00391	0.00660
3	0.00692	0.00528	0.00688	0.00766	0.00834	0.00525	0.00569	0.00816	0.01038	0.01360	0.03056	0.49819	0.15358	0.01477	0.00722	0.00209	0.05442	0.15202	0.00460	0.00439
4	0.00835	0.00783	0.00728	0.00792	0.00877	0.13453	0.00551	0.00936	0.01081	0.01310	0.02760	0.59801	0.11373	0.01396	0.00618	0.00192	0.00396	0.01232	0.00442	0.00448
5	0.13269	0.11837	0.25571	0.01406	0.12259	0.06356	0.01241	0.09817	0.05832	0.04571	0.01021	0.01137	0.00775	0.00512	0.00448	0.00151	0.00607	0.00387	0.02073	0.00728
6	0.06576	0.06786	0.04744	0.06910	0.01538	0.06820	0.13260	0.08719	0.01364	0.01881	0.28232	0.07191	0.02333	0.00760	0.00539	0.00160	0.00516	0.00673	0.00402	0.00595
7	0.00633	0.00479	0.00585	0.00647	0.00732	0.00431	0.00451	0.00755	0.01101	0.01432	0.13542	0.48259	0.26216	0.01441	0.00634	0.00192	0.00279	0.01275	0.00488	0.00431
8	0.01433	0.07236	0.03644	0.18538	0.25896	0.07385	0.07291	0.13996	0.01376	0.06797	0.01039	0.01261	0.00796	0.00509	0.00501	0.00154	0.00650	0.00448	0.00314	0.00737
9	0.07223	0.01107	0.01519	0.01929	0.35571	0.01176	0.01113	0.05699	0.26298	0.04744	0.01503	0.07342	0.01250	0.00635	0.00511	0.00164	0.00497	0.00560	0.00389	0.00771
10	0.07614	0.01236	0.06925	0.01004	0.01377	0.01208	0.00871	0.38766	0.05908	0.13999	0.01409	0.01418	0.01003	0.00601	0.00473	0.00151	0.00486	0.00460	0.14319	0.00774
11	0.01511	0.01449	0.01432	0.01442	0.14118	0.18148	0.00982	0.15681	0.26561	0.02021	0.01338	0.01377	0.01032	0.00571	0.00489	0.00147	0.00577	0.00454	0.00397	0.10273
12	0.01398	0.69268	0.07959	0.00960	0.01405	0.09203	0.00960	0.01590	0.01084	0.01241	0.00735	0.00851	0.00658	0.00451	0.00353	0.00116	0.00598	0.00287	0.00223	0.00660
13	0.01223	0.14445	0.02067	0.19205	0.50138	0.01335	0.01429	0.01513	0.01118	0.01522	0.00913	0.01217	0.00760	0.00466	0.00480	0.00149	0.00615	0.00427	0.00243	0.00736
14	0.08165	0.01310	0.01382	0.06946	0.08732	0.12173	0.00976	0.15228	0.20431	0.11482	0.01352	0.01396	0.01006	0.00614	0.00579	0.00163	0.06443	0.00463	0.00415	0.00745

[dist]
# distance from previous block
# <min> <max>
0	1

[block]
# block no. 1 follows, 48 sequences, length 36
# corresponding to MSA columns:
# 200-235
name=unknown_B
#
# <colnr> <probs for GDERKNQSTAVLIFYWHMCP>
#	G	D	E	R	K	N	Q	S	T	A	V	L	I	F	Y	W	H	M	C	P
0	0.00638	0.00511	0.00571	0.00578	0.00718	0.00443	0.00425	0.00789	0.01212	0.01538	0.22601	0.15450	0.50156	0.01282	0.00613	0.00175	0.00261	0.01098	0.00498	0.00443
1	0.00718	0.00540	0.00765	0.00765	0.00860	0.00597	0.00583	0.00887	0.00899	0.01259	0.06845	0.04195	0.09387	0.07857	0.60618	0.00684	0.01115	0.00659	0.00321	0.00448
2	0.01183	0.01177	0.01779	0.39000	0.37536	0.07628	0.01457	0.01491	0.01126	0.01472	0.00926	0.01287	0.00741	0.00489	0.00507	0.00159	0.00670	0.00446	0.00243	0.00682
3	0.12534	0.01214	0.01202	0.07419	0.05943	0.20853	0.07007	0.01534	0.01167	0.05838	0.01328	0.11029	0.01174	0.00660	0.00465	0.00151	0.00560	0.00542	0.18803	0.00576
4	0.00625	0.00447	0.00595	0.00714	0.00744	0.00417	0.00476	0.00714	0.00982	0.01310	0.02828	0.81633	0.03394	0.01608	0.00655	0.00208	0.00298	0.01459	0.00476	0.00417
5	0.00741	0.00543	0.00707	0.00676	0.00790	0.00529	0.00503	0.00992	0.03691	0.01844	0.57517	0.04961	0.05589	0.06575	0.11795	0.00277	0.00423	0.00866	0.00503	0.00477
6	0.01444	0.01143	0.01828	0.08744	0.53209	0.01157	0.01368	0.05159	0.04804	0.14283	0.01196	0.01383	0.00914	0.00509	0.00511	0.00156	0.00576	0.00473	0.00338	0.00806
7	0.00624	0.00490	0.00564	0.00609	0.00720	0.00431	0.00432	0.00746	0.01116	0.01408	0.10039	0.35995	0.42199	0.01405	0.00626	0.00187	0.00274	0.01223	0.00483	0.00431
8	0.00969	0.00912	0.01539	0.80734	0.03534	0.01140	0.01425	0.01311	0.01026	0.01311	0.00912	0.01368	0.00684	0.00513	0.00513	0.00171	0.00684	0.00456	0.00228	0.00570
9	0.01370	0.01111	0.01187	0.01048	0.01350	0.01268	0.00823	0.08779	0.66994	0.05687	0.02025	0.01913	0.01518	0.00698	0.00524	0.00173	0.00422	0.01770	0.00526	0.00814
10	0.01346	0.39278	0.14775	0.01240	0.01669	0.10983	0.10281	0.03218	0.01119	0.01380	0.00802	0.00988	0.00678	0.00512	0.00561	0.00142	0.09765	0.00362	0.00236	0.00665
11	0.00717	0.00506	0.00654	0.00668	0.00741	0.00508	0.00472	0.00856	0.01018	0.01424	0.19772	0.18803	0.07183	0.19075	0.20307	0.00402	0.00584	0.00888	0.04997	0.00424
12	0.00687	0.00523	0.00632	0.00604	0.00743	0.00468	0.00453	0.00893	0.01360	0.01838	0.54571	0.04194	0.28903	0.01131	0.00606	0.00165	0.00248	0.00979	0.00536	0.00468
13	0.06250	0.01238	0.01565	0.02032	0.39062	0.10514	0.01150	0.01794	0.15792	0.03589	0.10546	0.01647	0.01421	0.00588	0.00506	0.00156	0.00548	0.00513	0.00356	0.00733
14	0.01521	0.31708	0.01947	0.01309	0.10776	0.17406	0.00985	0.10949	0.15477	0.01691	0.01076	0.01148	0.00871	0.00528	0.00435	0.00137	0.00607	0.00387	0.00324	0.00718
15	0.01190	0.17397	0.26582	0.09542	0.21492	0.02736	0.01438	0.01647	0.07375	0.01548	0.00975	0.01175	0.00772	0.00506	0.00511	0.00153	0.03574	0.00404	0.00254	0.00729
16	0.19838	0.21554	0.07916	0.00965	0.01365	0.11682	0.00877	0.04723	0.03151	0.21745	0.01134	0.01142	0.00825	0.00527	0.00417	0.00144	0.00551	0.00368	0.00372	0.00704
17	0.75383	0.05776	0.05846	0.00736	0.01089	0.01204	0.00659	0.01517	0.00896	0.02196	0.00727	0.00849	0.00568	0.00475	0.00329	0.00156	0.00429	0.00284	0.00305	0.00574
18	0.00666	0.00566	0.00580	0.00569	0.00748	0.00503	0.00429	0.00908	0.07256	0.01486	0.09249	0.04634	0.68141	0.01237	0.00600	0.00173	0.00270	0.01034	0.00485	0.00466
19	0.01036	0.01323	0.17260	0.12798	0.06622	0.07385	0.07085	0.04735	0.01282	0.01712	0.22135	0.05608	0.07370	0.00749	0.00548	0.00163	0.00558	0.00656	0.00364	0.00610
20	0.00884	0.00772	0.00921	0.01045	0.07312	0.05721	0.00697	0.01156	0.09943	0.01428	0.02261	0.50287	0.02536	0.02947	0.00739	0.00203	0.06777	0.03429	0.00426	0.00517
21	0.00726	0.00489	0.00566	0.00585	0.00590	0.00484	0.00338	0.00741	0.00785	0.01047	0.01818	0.16371	0.02120	0.68607	0.02286	0.00449	0.00464	0.00865	0.00338	0.00329
22	0.01189	0.00915	0.01258	0.33322	0.02121	0.01042	0.01001	0.13812	0.09404	0.06997	0.13564	0.01940	0.01592	0.04178	0.05271	0.00218	0.00581	0.00567	0.00392	0.00634
23	0.01559	0.01363	0.15658	0.01176	0.01603	0.01123	0.07233	0.14327	0.20340	0.22033	0.04146	0.04429	0.01316	0.00651	0.00527	0.00165	0.00533	0.00552	0.00472	0.00793
24	0.01555	0.01024	0.01499	0.01297	0.06379	0.05444	0.14890	0.04550	0.03429	0.30232	0.01799	0.19115	0.01551	0.00805	0.00606	0.00173	0.03763	0.00722	0.00461	0.00705
25	0.47422	0.32383	0.03715	0.00801	0.01176	0.04690	0.00735	0.01544	0.00968	0.01819	0.00723	0.00840	0.00602	0.00464	0.00333	0.00139	0.00487	0.00281	0.00275	0.00602
26	0.85592	0.00992	0.00754	0.00675	0.00992	0.01151	0.00556	0.01508	0.00873	0.02302	0.00714	0.00834	0.00556	0.00476	0.00318	0.00159	0.00397	0.00278	0.00318	0.00556
27	0.00655	0.00513	0.00593	0.00592	0.00728	0.00451	0.00437	0.00824	0.01257	0.01637	0.33334	0.13786	0.40882	0.01240	0.00612	0.00173	0.00258	0.01068	0.00511	0.00451
28	0.01249	0.01146	0.01802	0.12720	0.21022	0.02970	0.14509	0.02796	0.07428	0.05694	0.01084	0.01323	0.00851	0.00517	0.00603	0.00153	0.07411	0.00465	0.00304	0.15954
29	0.00849	0.00712	0.01014	0.10727	0.13221	0.00684	0.00768	0.01075	0.01210	0.01673	0.28154	0.13687	0.12746	0.00926	0.00560	0.00159	0.00378	0.00820	0.00422	0.10213
30	0.00702	0.00509	0.00679	0.00783	0.00860	0.00485	0.00601	0.00855	0.01087	0.01424	0.05358	0.44489	0.09431	0.01494	0.00670	0.00214	0.00358	0.29082	0.00478	0.00441
31	0.00878	0.00608	0.00746	0.00683	0.00848	0.00574	0.00521	0.03521	0.05836	0.06882	0.55469	0.03680	0.15720	0.01028	0.00592	0.00164	0.00277	0.00891	0.00552	0.00532
32	0.19006	0.06013	0.14105	0.34131	0.04748	0.01159	0.01210	0.01569	0.01062	0.10988	0.00996	0.01219	0.00725	0.00510	0.00457	0.00161	0.00595	0.00403	0.00295	0.00647
33	0.00756	0.00537	0.00666	0.00724	0.00779	0.00528	0.00486	0.06974	0.01055	0.01408	0.02470	0.60377	0.02901	0.16587	0.01010	0.00258	0.00357	0.01243	0.00448	0.00434
34	0.00633	0.00471	0.00592	0.00685	0.00752	0.00431	0.00478	0.00740	0.01035	0.01340	0.03340	0.60415	0.19804	0.01529	0.00647	0.00202	0.00300	0.05706	0.00476	0.00424
35	0.01841	0.01400	0.01381	0.06167	0.01606	0.15267	0.00929	0.29398	0.15260	0.19242	0.01459	0.01419	0.01033	0.00612	0.00506	0.00156	0.00580	0.00471	0.00479	0.00793

[dist]
# distance from previous block
# <min> <max>
0	9

[block]
# block no. 2 follows, 48 sequences, length 20
# corresponding to MSA columns:
# 245-264
name=unknown_C
#
# <colnr> <probs for GDERKNQSTAVLIFYWHMCP>
#	G	D	E	R	K	N	Q	S	T	A	V	L	I	F	Y	W	H	M	C	P
0	0.01037	0.01154	0.14535	0.00963	0.03056	0.00802	0.00854	0.08137	0.01173	0.01718	0.01411	0.20717	0.01394	0.00721	0.00481	0.00132	0.00447	0.00616	0.00349	0.40305
1	0.09101	0.01564	0.01279	0.01158	0.01324	0.35710	0.00906	0.01546	0.01096	0.01332	0.00886	0.01209	0.00793	0.01355	0.18457	0.00312	0.20756	0.00404	0.00262	0.00553
2	0.01120	0.23685	0.59071	0.01308	0.01982	0.01413	0.01627	0.01602	0.01073	0.01515	0.00866	0.01015	0.00652	0.00475	0.00446	0.00149	0.00703	0.00351	0.00217	0.00732
3	0.01234	0.01211	0.02150	0.10358	0.62079	0.01222	0.11042	0.01558	0.01160	0.01638	0.00969	0.01294	0.00796	0.00459	0.00521	0.00157	0.00649	0.00476	0.00252	0.00775
4	0.00635	0.00521	0.00560	0.00550	0.00711	0.00445	0.00413	0.00792	0.01238	0.01549	0.22931	0.04671	0.60724	0.01239	0.00606	0.00170	0.00256	0.01045	0.00498	0.00445
5	0.00670	0.00518	0.00623	0.00688	0.00806	0.00470	0.00531	0.00817	0.01119	0.01404	0.03862	0.27014	0.37021	0.01419	0.00647	0.00200	0.00327	0.20947	0.00475	0.00439
6	0.01029	0.02654	0.79309	0.01462	0.02221	0.01192	0.01896	0.01625	0.01083	0.01625	0.00921	0.01083	0.00650	0.00487	0.00487	0.00162	0.00758	0.00379	0.00217	0.00758
7	0.00717	0.00524	0.00673	0.00636	0.00761	0.00480	0.00477	0.00950	0.01430	0.02005	0.72760	0.03919	0.10610	0.01069	0.00605	0.00162	0.00243	0.00940	0.00558	0.00480
8	0.00957	0.00568	0.00738	0.00690	0.00845	0.00512	0.00519	0.01156	0.01348	0.14554	0.46137	0.17032	0.10738	0.01100	0.00599	0.00170	0.00285	0.00966	0.00553	0.00532
9	0.00625	0.00447	0.00595	0.00714	0.00744	0.00417	0.00476	0.00714	0.00982	0.01310	0.02828	0.81633	0.03394	0.01608	0.00655	0.00208	0.00298	0.01459	0.00476	0.00417
10	0.01951	0.01437	0.01540	0.01181	0.01591	0.01591	0.00975	0.77056	0.02412	0.03234	0.01232	0.01232	0.00873	0.00616	0.00513	0.00154	0.00565	0.00462	0.00513	0.00873
11	0.00611	0.00520	0.00526	0.00525	0.00696	0.00435	0.00394	0.00746	0.01181	0.01413	0.08083	0.04895	0.75657	0.01290	0.00606	0.00173	0.00259	0.01077	0.00480	0.00435
12	0.00654	0.00467	0.00629	0.00748	0.00790	0.00442	0.00527	0.00765	0.01011	0.01342	0.02812	0.70732	0.03330	0.01580	0.00663	0.00212	0.00323	0.12074	0.00476	0.00425
13	0.85592	0.00992	0.00754	0.00675	0.00992	0.01151	0.00556	0.01508	0.00873	0.02302	0.00714	0.00834	0.00556	0.00476	0.00318	0.00159	0.00397	0.00278	0.00318	0.00556
14	0.01917	0.02445	0.01454	0.01322	0.01586	0.79907	0.00991	0.02049	0.01454	0.01256	0.00793	0.00925	0.00661	0.00529	0.00463	0.00132	0.00925	0.00330	0.00264	0.00595
15	0.00937	0.00480	0.00486	0.00486	0.00594	0.00480	0.00354	0.01153	0.01045	0.01826	0.01668	0.02050	0.01367	0.08289	0.00572	0.00155	0.00264	0.00504	0.76829	0.00462
16	0.01041	0.00643	0.00658	0.00628	0.00792	0.00689	0.00478	0.01600	0.21352	0.01975	0.01783	0.01913	0.01381	0.00624	0.00402	0.00134	0.00283	0.00505	0.62551	0.00566
17	0.01129	0.00916	0.01000	0.00928	0.01151	0.01043	0.00716	0.02166	0.53135	0.01910	0.01982	0.02258	0.01619	0.07386	0.08187	0.00259	0.00493	0.04850	0.08180	0.00690
18	0.01255	0.41220	0.02050	0.09572	0.12142	0.08700	0.01000	0.01458	0.01058	0.01284	0.00890	0.01157	0.00790	0.01046	0.14139	0.00248	0.00748	0.00371	0.00239	0.00630
19	0.01208	0.06583	0.28826	0.02031	0.33729	0.01230	0.01496	0.08434	0.01269	0.01805	0.07581	0.01393	0.01096	0.00532	0.00499	0.00154	0.00622	0.00460	0.00289	0.00762

[dist]
# distance from previous block
# <min> <max>
5	27

[block]
# block no. 3 follows, 48 sequences, length 37
# corresponding to MSA columns:
# 293-329
name=unknown_D
#
# <colnr> <probs for GDERKNQSTAVLIFYWHMCP>
#	G	D	E	R	K	N	Q	S	T	A	V	L	I	F	Y	W	H	M	C	P
0	0.02253	0.00862	0.01175	0.00905	0.01293	0.00746	0.00746	0.02453	0.01468	0.76742	0.04386	0.01811	0.01380	0.00648	0.00519	0.00159	0.00431	0.00529	0.00633	0.00861
1	0.00752	0.00566	0.00741	0.00731	0.00784	0.00605	0.00520	0.00875	0.01016	0.01420	0.24144	0.19886	0.02867	0.23490	0.10652	0.00348	0.08871	0.00898	0.00407	0.00428
2	0.01166	0.24981	0.51327	0.01307	0.01935	0.04485	0.03368	0.01609	0.01083	0.01486	0.00855	0.01012	0.00656	0.00482	0.00469	0.00148	0.02335	0.00355	0.00220	0.00718
3	0.01426	0.00934	0.03991	0.00782	0.01016	0.09742	0.00639	0.03865	0.01244	0.21447	0.01643	0.05266	0.01267	0.00707	0.01911	0.00153	0.02234	0.00511	0.40608	0.00614
4	0.21614	0.01369	0.01659	0.02251	0.47227	0.14330	0.01233	0.01638	0.01145	0.01756	0.00876	0.01108	0.00726	0.00474	0.00455	0.00151	0.00611	0.00393	0.00271	0.00715
5	0.00654	0.00522	0.00585	0.00569	0.00722	0.00453	0.00427	0.00828	0.01281	0.01651	0.34095	0.04502	0.49496	0.01201	0.00606	0.00169	0.00253	0.01022	0.00511	0.00453
6	0.00918	0.00571	0.00690	0.00670	0.00829	0.00510	0.00495	0.02646	0.01218	0.13282	0.14376	0.27144	0.30625	0.02803	0.00644	0.00186	0.00307	0.01068	0.00511	0.00509
7	0.02471	0.01500	0.21123	0.01335	0.11545	0.05489	0.01118	0.11534	0.03995	0.07634	0.01363	0.01607	0.04923	0.08306	0.00706	0.00180	0.01890	0.00475	0.00342	0.12464
8	0.01102	0.01011	0.01246	0.00954	0.01291	0.02747	0.02460	0.01303	0.01006	0.01551	0.00851	0.01083	0.00736	0.00516	0.00719	0.00117	0.20916	0.00348	0.00282	0.59762
9	0.00641	0.00466	0.00604	0.00686	0.00744	0.00430	0.00470	0.00759	0.01078	0.01443	0.15836	0.61939	0.10035	0.01487	0.00642	0.00197	0.00285	0.01337	0.00491	0.00430
10	0.00852	0.00638	0.00729	0.00700	0.00881	0.00613	0.00542	0.01237	0.13739	0.05691	0.22416	0.06450	0.34817	0.01125	0.00598	0.00176	0.00308	0.07442	0.00514	0.00533
11	0.01565	0.01098	0.01219	0.01023	0.01347	0.01202	0.00815	0.20386	0.40903	0.15241	0.07969	0.01876	0.01612	0.00695	0.00526	0.00166	0.00436	0.00569	0.00542	0.00811
12	0.00610	0.00508	0.00532	0.00552	0.00702	0.00430	0.00404	0.00733	0.01138	0.01373	0.04803	0.17732	0.66019	0.01351	0.00615	0.00179	0.00266	0.01146	0.00476	0.00430
13	0.00618	0.00476	0.00565	0.00635	0.00723	0.00423	0.00441	0.00723	0.01059	0.01341	0.03792	0.50433	0.33971	0.01482	0.00635	0.00194	0.00282	0.01306	0.00476	0.00423
14	0.01564	0.08548	0.01887	0.02163	0.40581	0.14473	0.01264	0.16783	0.01466	0.04974	0.01010	0.01185	0.00804	0.00506	0.00486	0.00146	0.00641	0.00423	0.00320	0.00777
15	0.01630	0.01633	0.01492	0.01516	0.14389	0.27086	0.01033	0.18248	0.23862	0.02009	0.01293	0.01337	0.00995	0.00584	0.00498	0.00152	0.00644	0.00453	0.00391	0.00754
16	0.00925	0.00675	0.00721	0.00657	0.00877	0.00629	0.00508	0.07304	0.07830	0.08425	0.06494	0.04066	0.56718	0.01127	0.00584	0.00170	0.00312	0.00935	0.00500	0.00541
17	0.01190	0.14619	0.01369	0.00829	0.01265	0.07842	0.00687	0.01399	0.01095	0.01558	0.00868	0.01012	0.00734	0.00403	0.00379	0.00087	0.00456	0.00301	0.00286	0.63620
18	0.01878	0.08795	0.01570	0.01261	0.01565	0.60024	0.00979	0.14955	0.01586	0.01593	0.00862	0.00970	0.00697	0.00536	0.00460	0.00134	0.00832	0.00349	0.00304	0.00648
19	0.01284	0.01176	0.01144	0.00869	0.01289	0.13921	0.00686	0.02909	0.01174	0.05430	0.00953	0.01077	0.00771	0.00422	0.00403	0.00091	0.00477	0.00322	0.00318	0.65283
20	0.01205	0.00881	0.01109	0.00934	0.01180	0.00901	0.05471	0.21377	0.08114	0.07019	0.27107	0.12634	0.08033	0.00928	0.00575	0.00168	0.00401	0.00807	0.00515	0.00640
21	0.00606	0.00520	0.00520	0.00520	0.00693	0.00433	0.00390	0.00736	0.01170	0.01386	0.05198	0.04938	0.78558	0.01299	0.00606	0.00173	0.00260	0.01083	0.00476	0.00433
22	0.01178	0.01281	0.02665	0.02194	0.15207	0.01213	0.57648	0.01573	0.01225	0.01685	0.07805	0.01579	0.01140	0.00491	0.00589	0.00169	0.00768	0.00609	0.00285	0.00694
23	0.01268	0.00628	0.00690	0.00612	0.00804	0.00622	0.00479	0.08053	0.01258	0.14909	0.01694	0.01826	0.01269	0.00606	0.00398	0.00129	0.00301	0.00483	0.63394	0.00579
24	0.01046	0.00990	0.01677	0.61001	0.22669	0.01160	0.01463	0.01378	0.01062	0.01404	0.00926	0.01343	0.00717	0.00499	0.00512	0.00166	0.00665	0.00456	0.00235	0.00632
25	0.22232	0.00996	0.01144	0.00900	0.01281	0.00989	0.00743	0.14700	0.01483	0.48027	0.01578	0.01442	0.01032	0.00594	0.00468	0.00158	0.00448	0.00450	0.00539	0.00797
26	0.00956	0.00478	0.00478	0.00478	0.00598	0.00478	0.00359	0.01196	0.01076	0.01913	0.01674	0.01913	0.01315	0.00598	0.00359	0.00120	0.00239	0.00478	0.84816	0.00478
27	0.00969	0.00912	0.01539	0.80734	0.03534	0.01140	0.01425	0.01311	0.01026	0.01311	0.00912	0.01368	0.00684	0.00513	0.00513	0.00171	0.00684	0.00456	0.00228	0.00570
28	0.00679	0.00485	0.00657	0.00776	0.00829	0.00463	0.00570	0.00807	0.01035	0.01370	0.02798	0.61393	0.03276	0.01557	0.00669	0.00216	0.00344	0.21167	0.00475	0.00432
29	0.00624	0.00453	0.00589	0.00697	0.00740	0.00418	0.00469	0.00716	0.00999	0.01317	0.03035	0.74920	0.09972	0.01581	0.00651	0.00205	0.00294	0.01426	0.00476	0.00418
30	0.85592	0.00992	0.00754	0.00675	0.00992	0.01151	0.00556	0.01508	0.00873	0.02302	0.00714	0.00834	0.00556	0.00476	0.00318	0.00159	0.00397	0.00278	0.00318	0.00556
31	0.01917	0.02445	0.01454	0.01322	0.01586	0.79907	0.00991	0.02049	0.01454	0.01256	0.00793	0.00925	0.00661	0.00529	0.00463	0.00132	0.00925	0.00330	0.00264	0.00595
32	0.00632	0.00456	0.00601	0.00711	0.00752	0.00424	0.00483	0.00731	0.01005	0.01334	0.04361	0.74502	0.06762	0.01578	0.00653	0.00207	0.00300	0.03611	0.00478	0.00420
33	0.02302	0.00873	0.01191	0.00913	0.01310	0.00754	0.00754	0.02501	0.01469	0.79122	0.02024	0.01746	0.01270	0.00635	0.00516	0.00159	0.00437	0.00516	0.00635	0.00873
34	0.01241	0.01301	0.02550	0.02662	0.41156	0.01258	0.38811	0.01609	0.01189	0.01660	0.01001	0.01326	0.00796	0.00445	0.00556	0.00163	0.00736	0.00531	0.00257	0.00753
35	0.08210	0.00957	0.01055	0.00905	0.01063	0.03370	0.00692	0.20940	0.01314	0.01879	0.11343	0.02185	0.01640	0.26478	0.01380	0.00276	0.14785	0.00592	0.00381	0.00554
36	0.01139	0.12292	0.28657	0.01826	0.24247	0.01233	0.08029	0.01511	0.01087	0.01542	0.00968	0.01285	0.00804	0.05347	0.02518	0.00184	0.00673	0.00429	0.00244	0.05987

[dist]
# distance from previous block
# <min> <max>
1	3

[block]
# block no. 4 follows, 48 sequences, length 6
# corresponding to MSA columns:
# 333-338
name=unknown_E
#
# <colnr> <probs for GDERKNQSTAVLIFYWHMCP>
#	G	D	E	R	K	N	Q	S	T	A	V	L	I	F	Y	W	H	M	C	P
0	0.01053	0.01016	0.01814	0.01420	0.01701	0.01056	0.31464	0.07614	0.01154	0.01579	0.01605	0.10179	0.07439	0.01406	0.17210	0.00317	0.10369	0.00691	0.00320	0.00593
1	0.01019	0.00983	0.10921	0.01446	0.21705	0.00792	0.00956	0.01249	0.01060	0.07241	0.05208	0.18350	0.01759	0.12022	0.08776	0.00278	0.00578	0.00729	0.04333	0.00595
2	0.00632	0.00480	0.00582	0.00642	0.00730	0.00431	0.00449	0.00754	0.01104	0.01430	0.13273	0.46638	0.28130	0.01436	0.00633	0.00191	0.00278	0.01268	0.00488	0.00431
3	0.09075	0.01296	0.01579	0.01237	0.01613	0.12819	0.16682	0.11483	0.08117	0.24016	0.01604	0.01597	0.05314	0.00603	0.00515	0.00159	0.00599	0.00517	0.00440	0.00736
4	0.01275	0.01025	0.01476	0.14664	0.11109	0.04029	0.08936	0.07704	0.08114	0.10836	0.20195	0.02017	0.01888	0.00683	0.00589	0.00165	0.03609	0.00601	0.00415	0.00673
5	0.01184	0.22827	0.06489	0.07608	0.01577	0.01536	0.04061	0.05302	0.00993	0.01364	0.00837	0.01226	0.00768	0.05047	0.03949	0.00216	0.33740	0.00425	0.00246	0.00604

[dist]
# distance from previous block
# <min> <max>
1	4

[block]
# block no. 5 follows, 48 sequences, length 61
# corresponding to MSA columns:
# 343-403
name=unknown_F
#
# <colnr> <probs for GDERKNQSTAVLIFYWHMCP>
#	G	D	E	R	K	N	Q	S	T	A	V	L	I	F	Y	W	H	M	C	P
0	0.01029	0.00753	0.00820	0.00758	0.00986	0.00756	0.00582	0.01614	0.27332	0.10497	0.03602	0.09180	0.37977	0.01041	0.00571	0.00174	0.00333	0.00874	0.00510	0.00611
1	0.12089	0.00922	0.01149	0.00903	0.01283	0.00866	0.00742	0.04914	0.06764	0.62082	0.01847	0.01633	0.01193	0.00620	0.00493	0.00160	0.00434	0.00490	0.00585	0.00831
2	0.00917	0.00810	0.01297	0.01177	0.06972	0.00764	0.13034	0.01145	0.01000	0.01443	0.01414	0.14919	0.01385	0.01782	0.27597	0.00375	0.00801	0.00641	0.00312	0.22215
3	0.02008	0.00854	0.01109	0.00886	0.01232	0.00783	0.00728	0.06460	0.04632	0.58755	0.01979	0.01958	0.01355	0.00674	0.00508	0.00159	0.00422	0.04489	0.10206	0.00804
4	0.00627	0.00481	0.00575	0.00635	0.00727	0.00429	0.00445	0.00745	0.01094	0.01404	0.10374	0.46040	0.31695	0.01443	0.00632	0.00191	0.00279	0.01271	0.00484	0.00429
5	0.01385	0.00932	0.00984	0.00826	0.01081	0.01011	0.00659	0.32034	0.09578	0.02475	0.03676	0.01691	0.01260	0.00628	0.00445	0.00140	0.00388	0.00495	0.39639	0.00673
6	0.01448	0.01407	0.01703	0.07270	0.01798	0.14516	0.13276	0.13236	0.13221	0.04383	0.01120	0.01311	0.00878	0.00650	0.00821	0.00176	0.21281	0.00480	0.00341	0.00685
7	0.00665	0.00513	0.00513	0.00513	0.00677	0.00441	0.00385	0.00813	0.01154	0.01474	0.04609	0.04433	0.65650	0.01182	0.00565	0.00164	0.00256	0.00982	0.14570	0.00441
8	0.00618	0.00483	0.00561	0.00621	0.00720	0.00426	0.00435	0.00729	0.01079	0.01358	0.05170	0.43887	0.39186	0.01452	0.00631	0.00191	0.00279	0.01271	0.00478	0.00426
9	0.01422	0.03576	0.31413	0.01374	0.05096	0.14552	0.01334	0.17007	0.13601	0.01953	0.01139	0.01223	0.00850	0.00561	0.00522	0.00158	0.02704	0.00423	0.00335	0.00758
10	0.01379	0.28726	0.33983	0.01197	0.01760	0.01572	0.01323	0.20933	0.01411	0.01899	0.00932	0.01035	0.00710	0.00504	0.00442	0.00143	0.00639	0.00366	0.00294	0.00755
11	0.01558	0.05729	0.10304	0.01136	0.01540	0.01424	0.01005	0.33339	0.31861	0.04391	0.01526	0.01475	0.01119	0.00624	0.00504	0.00161	0.00520	0.00490	0.00470	0.00824
12	0.01828	0.17443	0.04854	0.01113	0.01525	0.09670	0.00967	0.41508	0.02915	0.11540	0.01177	0.01184	0.00856	0.00570	0.00471	0.00144	0.00589	0.00416	0.00432	0.00796
13	0.01830	0.25001	0.01764	0.01084	0.01448	0.28245	0.00904	0.13048	0.02965	0.17406	0.01111	0.01127	0.00833	0.00541	0.00444	0.00135	0.00654	0.00376	0.00369	0.00715
14	0.00967	0.00761	0.00922	0.00877	0.03821	0.00761	0.00643	0.01542	0.22926	0.03472	0.38067	0.07023	0.03117	0.00882	0.00556	0.00159	0.00329	0.02436	0.00506	0.10234
15	0.01680	0.01293	0.02113	0.01571	0.01995	0.08057	0.36537	0.05962	0.01363	0.28092	0.01345	0.01446	0.00936	0.00542	0.00610	0.00166	0.04607	0.00536	0.00400	0.00749
16	0.00985	0.00800	0.00909	0.00849	0.01043	0.00866	0.00645	0.01804	0.38975	0.02016	0.32288	0.11753	0.03065	0.00939	0.00570	0.00173	0.00329	0.00817	0.00534	0.00638
17	0.00815	0.00695	0.01065	0.37283	0.03525	0.00782	0.00933	0.02245	0.01041	0.01354	0.02046	0.37137	0.06974	0.01050	0.00582	0.00187	0.00482	0.00941	0.00359	0.00503
18	0.00736	0.00615	0.00797	0.00765	0.00940	0.00568	0.05509	0.00982	0.05257	0.01518	0.09793	0.11373	0.42177	0.01241	0.00626	0.00188	0.00351	0.15612	0.00471	0.00480
19	0.00827	0.00591	0.00827	0.00945	0.01063	0.00591	0.00827	0.01063	0.01181	0.01536	0.02717	0.05788	0.02953	0.01417	0.00709	0.00236	0.00472	0.75313	0.00472	0.00472
20	0.01903	0.00830	0.01095	0.00868	0.01201	0.00749	0.00705	0.07344	0.01531	0.55527	0.20123	0.02206	0.02090	0.00732	0.00537	0.00159	0.00399	0.00610	0.00610	0.00781
21	0.00791	0.00534	0.00598	0.00576	0.00682	0.00488	0.00389	0.00880	0.01032	0.06359	0.10895	0.03924	0.32358	0.36610	0.01480	0.00313	0.00374	0.00882	0.00423	0.00413
22	0.00969	0.00912	0.01539	0.80734	0.03534	0.01140	0.01425	0.01311	0.01026	0.01311	0.00912	0.01368	0.00684	0.00513	0.00513	0.00171	0.00684	0.00456	0.00228	0.00570
23	0.01891	0.00796	0.01069	0.00850	0.01177	0.00703	0.00690	0.03713	0.01485	0.57732	0.21611	0.02270	0.02177	0.00741	0.00539	0.00159	0.00389	0.00620	0.00614	0.00773
24	0.00795	0.00500	0.00522	0.00516	0.00656	0.00462	0.00387	0.00994	0.01162	0.01736	0.13370	0.03301	0.30599	0.00920	0.00484	0.00145	0.00247	0.00765	0.41977	0.00462
25	0.00969	0.00912	0.01539	0.80734	0.03534	0.01140	0.01425	0.01311	0.01026	0.01311	0.00912	0.01368	0.00684	0.00513	0.00513	0.00171	0.00684	0.00456	0.00228	0.00570
26	0.00907	0.00829	0.01424	0.01147	0.01334	0.02280	0.26467	0.01072	0.00958	0.01274	0.01606	0.15719	0.01727	0.39175	0.01559	0.00332	0.00598	0.00809	0.00320	0.00464
27	0.00638	0.00456	0.00610	0.00730	0.00765	0.00428	0.00499	0.00737	0.00995	0.01325	0.02821	0.76680	0.03365	0.01595	0.00658	0.00210	0.00309	0.06281	0.00476	0.00420
28	0.00760	0.00446	0.00633	0.00691	0.00706	0.00431	0.00461	0.00691	0.00823	0.01097	0.01844	0.40949	0.02122	0.01696	0.01341	0.43325	0.00373	0.00944	0.00348	0.00318
29	0.01473	0.01215	0.01307	0.19938	0.01858	0.13412	0.00950	0.18191	0.04547	0.10883	0.12267	0.01661	0.01427	0.00625	0.00507	0.00150	0.00566	0.00504	0.00410	0.08110
30	0.01630	0.02029	0.28042	0.01302	0.01805	0.15219	0.01292	0.38154	0.01791	0.02338	0.01049	0.01127	0.00759	0.00557	0.00496	0.00153	0.00694	0.00411	0.00368	0.00785
31	0.01400	0.01272	0.01869	0.02214	0.40841	0.03583	0.07908	0.17264	0.04761	0.02004	0.01064	0.01264	0.00844	0.00491	0.00501	0.00145	0.00595	0.00454	0.00326	0.11199
32	0.01265	0.01223	0.02162	0.06006	0.10886	0.01195	0.36198	0.12953	0.04067	0.01870	0.01186	0.06343	0.00981	0.00544	0.00549	0.00158	0.00671	0.00575	0.00324	0.10844
33	0.00710	0.00492	0.00571	0.00589	0.00619	0.00476	0.00360	0.00755	0.00877	0.01162	0.07538	0.17394	0.09563	0.54499	0.01936	0.00392	0.00422	0.00917	0.00374	0.00353
34	0.00983	0.00743	0.01161	0.41394	0.02234	0.00844	0.01003	0.01235	0.01085	0.08761	0.08790	0.16990	0.01764	0.02511	0.06225	0.00230	0.00586	0.02559	0.00356	0.00547
35	0.01247	0.01252	0.01707	0.04602	0.30197	0.10734	0.08746	0.01680	0.13125	0.01574	0.01202	0.03290	0.01033	0.04750	0.05902	0.00224	0.07223	0.00518	0.00304	0.00689
36	0.01133	0.01291	0.14279	0.01160	0.01401	0.04369	0.01052	0.01608	0.16108	0.04655	0.01348	0.07153	0.01197	0.01095	0.08487	0.00249	0.26474	0.03062	0.00334	0.03545
37	0.00702	0.00499	0.00589	0.00630	0.00678	0.00477	0.00417	0.00770	0.00918	0.01191	0.02617	0.22456	0.15157	0.41067	0.01615	0.00348	0.00408	0.08695	0.00395	0.00373
38	0.00663	0.00482	0.00633	0.00740	0.00802	0.00453	0.00536	0.00785	0.01041	0.01362	0.03052	0.58749	0.11092	0.01538	0.00660	0.00210	0.00328	0.15967	0.00476	0.00429
39	0.07319	0.01450	0.19976	0.01245	0.01697	0.01112	0.12276	0.18266	0.01480	0.14185	0.07909	0.01863	0.02282	0.00654	0.00530	0.00167	0.00586	0.05861	0.00412	0.00730
40	0.01493	0.01058	0.01728	0.01302	0.01647	0.01028	0.26652	0.15143	0.01376	0.20311	0.01448	0.01918	0.01175	0.20131	0.01050	0.00244	0.00620	0.00592	0.00407	0.00676
41	0.42297	0.01557	0.01137	0.01032	0.03240	0.28330	0.00790	0.11348	0.02827	0.02042	0.00841	0.00949	0.00659	0.00516	0.00401	0.00149	0.00606	0.00330	0.00327	0.00621
42	0.42756	0.00891	0.00791	0.00692	0.00958	0.00995	0.00559	0.14026	0.01200	0.02325	0.01128	0.01268	0.00868	0.00541	0.00364	0.00145	0.00371	0.00377	0.29162	0.00582
43	0.00676	0.00504	0.00560	0.00568	0.00653	0.00462	0.00377	0.00762	0.01014	0.01295	0.11234	0.11636	0.33256	0.33162	0.01403	0.00303	0.00356	0.00970	0.00420	0.00389
44	0.17798	0.00926	0.01076	0.01102	0.09135	0.06631	0.04217	0.01454	0.04700	0.10783	0.11105	0.15415	0.05697	0.01008	0.04743	0.00204	0.00496	0.02497	0.00417	0.00595
45	0.01198	0.01178	0.02043	0.06074	0.37396	0.01191	0.20680	0.01712	0.13528	0.01709	0.01407	0.01705	0.04576	0.00558	0.00546	0.00165	0.00626	0.02652	0.00314	0.00743
46	0.00669	0.00536	0.00606	0.00647	0.00776	0.00490	0.00476	0.00873	0.05695	0.01418	0.04046	0.30059	0.43533	0.01374	0.00625	0.00190	0.00297	0.06758	0.00479	0.00453
47	0.00851	0.00562	0.00737	0.00754	0.00884	0.00529	0.00589	0.01071	0.02728	0.07551	0.30159	0.20365	0.09720	0.01242	0.00634	0.00191	0.00332	0.20082	0.00520	0.00499
48	0.03983	0.06682	0.01612	0.36821	0.05076	0.01263	0.05196	0.09940	0.01173	0.01609	0.05054	0.01426	0.00961	0.00775	0.04970	0.00206	0.11878	0.00475	0.00285	0.00613
49	0.00652	0.00492	0.00539	0.00577	0.00699	0.00433	0.00414	0.00782	0.01099	0.01422	0.04042	0.29018	0.45820	0.01318	0.00594	0.00178	0.00270	0.01134	0.10086	0.00433
50	0.00663	0.00462	0.00584	0.00667	0.00687	0.00442	0.00425	0.00724	0.00909	0.01212	0.02453	0.57404	0.02921	0.26481	0.01261	0.00298	0.00360	0.01238	0.00425	0.00384
51	0.00969	0.00786	0.00881	0.00889	0.04712	0.05846	0.00623	0.04748	0.09558	0.03915	0.29685	0.13626	0.09185	0.07108	0.04948	0.00227	0.00431	0.00847	0.00472	0.00544
52	0.04509	0.01080	0.01485	0.20271	0.14038	0.01139	0.01090	0.20465	0.01530	0.27200	0.01355	0.01424	0.00937	0.00568	0.00507	0.00159	0.00553	0.00471	0.00438	0.00781
53	0.00780	0.00590	0.00703	0.00679	0.00804	0.00585	0.00501	0.02916	0.06788	0.01601	0.25983	0.03675	0.20115	0.17570	0.10215	0.00313	0.00461	0.04801	0.00451	0.00468
54	0.01296	0.00663	0.00912	0.00896	0.01094	0.00617	0.00743	0.01495	0.01246	0.27952	0.02499	0.17084	0.02453	0.01182	0.00634	0.00205	0.00431	0.37468	0.00529	0.00600
55	0.01225	0.01226	0.02251	0.10951	0.52912	0.01230	0.19442	0.01564	0.01164	0.01631	0.00977	0.01307	0.00791	0.00457	0.00532	0.00159	0.00678	0.00492	0.00253	0.00759
56	0.01495	0.01723	0.01346	0.01431	0.13808	0.44179	0.00946	0.02663	0.04497	0.01500	0.11960	0.01791	0.07396	0.02411	0.00550	0.00153	0.00693	0.00513	0.00335	0.00608
57	0.01445	0.24486	0.21162	0.01316	0.06685	0.20374	0.01205	0.07345	0.08448	0.01590	0.00967	0.01074	0.00768	0.00511	0.00444	0.00140	0.00683	0.00368	0.00282	0.00708
58	0.01549	0.05646	0.29438	0.01231	0.01737	0.05502	0.01262	0.28071	0.04553	0.10197	0.03351	0.01293	0.00947	0.00580	0.00521	0.00157	0.02351	0.00439	0.00388	0.00787
59	0.01645	0.15465	0.08515	0.01209	0.09399	0.08935	0.00964	0.03505	0.02262	0.28705	0.04759	0.02743	0.01157	0.00667	0.02683	0.00162	0.00566	0.00458	0.00409	0.05793
60	0.01462	0.10111	0.01361	0.06786	0.01467	0.04901	0.00805	0.06383	0.16481	0.17039	0.03515	0.01443	0.01119	0.00549	0.00457	0.00132	0.00471	0.00436	0.00415	0.24664

[dist]
# distance from previous block
# <min> <max>
6	28

[block]
# block no. 6 follows, 48 sequences, length 14
# corresponding to MSA columns:
# 433-446
name=unknown_G
#
# <colnr> <probs for GDERKNQSTAVLIFYWHMCP>
#	G	D	E	R	K	N	Q	S	T	A	V	L	I	F	Y	W	H	M	C	P
0	0.01378	0.19162	0.21471	0.01204	0.01644	0.04339	0.09828	0.01680	0.01162	0.16286	0.05880	0.01461	0.01102	0.04408	0.00669	0.00171	0.06670	0.00463	0.00330	0.00692
1	0.07526	0.24749	0.10923	0.01004	0.01366	0.14014	0.00933	0.07678	0.01303	0.05773	0.14105	0.01636	0.01486	0.00633	0.00482	0.00145	0.02306	0.02949	0.00346	0.00643
2	0.08691	0.01391	0.13767	0.01178	0.01590	0.01225	0.07161	0.29601	0.08474	0.03599	0.01519	0.01959	0.03579	0.00694	0.00524	0.00168	0.00561	0.10200	0.00418	0.03702
3	0.04084	0.01457	0.28335	0.04817	0.01577	0.00975	0.01117	0.06380	0.11334	0.07457	0.20622	0.06187	0.02018	0.00734	0.00529	0.00166	0.00507	0.00614	0.00410	0.00678
4	0.00974	0.00815	0.01226	0.03455	0.30491	0.00799	0.00928	0.01240	0.04768	0.04305	0.09415	0.23522	0.14035	0.00968	0.00573	0.00173	0.00424	0.00873	0.00402	0.00614
5	0.00702	0.00517	0.00635	0.00623	0.00733	0.00475	0.00453	0.00881	0.01267	0.01723	0.46853	0.08899	0.18889	0.11664	0.00873	0.00213	0.00290	0.03356	0.00506	0.00447
6	0.39562	0.00788	0.00807	0.11054	0.01220	0.00868	0.00627	0.01231	0.01097	0.01989	0.23681	0.02278	0.11544	0.00749	0.00462	0.00163	0.00373	0.00589	0.00397	0.00522
7	0.00668	0.00514	0.00711	0.11099	0.01102	0.00512	0.00592	0.00794	0.01005	0.01317	0.02792	0.64320	0.09783	0.01438	0.00632	0.00200	0.00345	0.01295	0.00444	0.00438
8	0.01321	0.01209	0.01944	0.12580	0.59342	0.01258	0.01478	0.11353	0.01312	0.01833	0.00993	0.01277	0.00804	0.00485	0.00509	0.00155	0.00613	0.00458	0.00284	0.00790
9	0.01255	0.01367	0.01523	0.43608	0.02576	0.22455	0.01248	0.01495	0.01094	0.01281	0.00833	0.01200	0.00676	0.00594	0.00731	0.00171	0.16662	0.00421	0.00237	0.00575
10	0.01570	0.01538	0.01349	0.01159	0.01409	0.31104	0.05513	0.21859	0.01506	0.01753	0.01125	0.05804	0.01001	0.00885	0.00810	0.16971	0.00679	0.03035	0.00342	0.00588
11	0.01323	0.01303	0.02232	0.01688	0.02005	0.01450	0.35757	0.16081	0.01295	0.01808	0.00948	0.01263	0.00760	0.00631	0.00964	0.00187	0.28804	0.00523	0.00296	0.00681
12	0.01438	0.01441	0.21272	0.01252	0.01559	0.01240	0.01214	0.01698	0.01058	0.23746	0.01125	0.01292	0.00839	0.00718	0.01043	0.00190	0.37383	0.00450	0.00341	0.00701
13	0.01021	0.00912	0.01281	0.37342	0.02276	0.00893	0.00982	0.01301	0.01047	0.01507	0.00912	0.01203	0.00725	0.00441	0.00441	0.00119	0.00519	0.00374	0.00269	0.46437

[dist]
# distance from previous block
# <min> <max>
0	5

[block]
# block no. 7 follows, 48 sequences, length 18
# corresponding to MSA columns:
# 455-472
name=unknown_H
#
# <colnr> <probs for GDERKNQSTAVLIFYWHMCP>
#	G	D	E	R	K	N	Q	S	T	A	V	L	I	F	Y	W	H	M	C	P
0	0.01179	0.01650	0.26124	0.06643	0.51012	0.01206	0.01667	0.01577	0.01134	0.01641	0.00949	0.01217	0.00755	0.00470	0.00502	0.00157	0.00660	0.00433	0.00241	0.00783
1	0.01104	0.02207	0.55239	0.01988	0.26079	0.01200	0.01796	0.01609	0.01110	0.01641	0.00935	0.01141	0.00701	0.00478	0.00494	0.00159	0.00712	0.00403	0.00228	0.00775
2	0.01103	0.01011	0.01691	0.02425	0.54502	0.01039	0.01284	0.01369	0.01061	0.01525	0.01093	0.01502	0.00959	0.01514	0.25263	0.00362	0.00848	0.00486	0.00260	0.00702
3	0.00704	0.00480	0.00572	0.00614	0.00624	0.00469	0.00369	0.00735	0.00828	0.01105	0.02039	0.30639	0.02398	0.53960	0.01930	0.00397	0.00428	0.00995	0.00369	0.00348
4	0.01476	0.02004	0.26023	0.01667	0.11235	0.18553	0.11437	0.17971	0.01478	0.01899	0.00981	0.01143	0.00737	0.00513	0.00506	0.00154	0.00749	0.00426	0.00301	0.00745
5	0.01564	0.02115	0.25700	0.01299	0.01752	0.28037	0.01246	0.18368	0.11507	0.01918	0.01098	0.01170	0.00822	0.00557	0.00489	0.00152	0.00727	0.00407	0.00337	0.00735
6	0.00646	0.00512	0.00582	0.00585	0.00723	0.00447	0.00431	0.00806	0.01233	0.01585	0.27728	0.14795	0.45585	0.01262	0.00612	0.00174	0.00259	0.01085	0.00504	0.00447
7	0.01176	0.00632	0.00785	0.00685	0.00910	0.00551	0.00535	0.01365	0.01359	0.25843	0.29115	0.03568	0.29421	0.01007	0.00578	0.00165	0.00309	0.00854	0.00556	0.00588
8	0.00990	0.01519	0.28644	0.53106	0.03076	0.01158	0.01589	0.01420	0.01046	0.01420	0.00915	0.01269	0.00672	0.00504	0.00504	0.00168	0.00710	0.00429	0.00224	0.00636
9	0.01556	0.01818	0.01615	0.12281	0.18450	0.43028	0.01191	0.01750	0.01255	0.01351	0.00832	0.01082	0.00698	0.00556	0.00626	0.00153	0.10482	0.00389	0.00252	0.00634
10	0.00764	0.00546	0.00755	0.00873	0.00964	0.00536	0.00718	0.00954	0.01119	0.01465	0.02751	0.29427	0.03090	0.01477	0.00692	0.00228	0.00418	0.52294	0.00474	0.00455
11	0.01053	0.02489	0.69363	0.01554	0.02281	0.01205	0.11675	0.01627	0.01100	0.01627	0.00936	0.01123	0.00667	0.00480	0.00503	0.00164	0.00772	0.00409	0.00222	0.00750
12	0.27597	0.01275	0.01481	0.01763	0.28248	0.10761	0.01088	0.01537	0.01027	0.01724	0.00802	0.01060	0.00684	0.00568	0.00701	0.00168	0.18212	0.00384	0.00269	0.00651
13	0.01280	0.01043	0.01285	0.01072	0.01249	0.01239	0.00874	0.26915	0.01546	0.02171	0.25119	0.02004	0.02040	0.00849	0.00950	0.00181	0.28508	0.00603	0.00429	0.00643
14	0.01106	0.12029	0.18984	0.26233	0.02508	0.01354	0.17968	0.01473	0.01052	0.01430	0.00887	0.01209	0.00693	0.00527	0.00645	0.00168	0.10408	0.00447	0.00231	0.00648
15	0.01134	0.00867	0.01057	0.00935	0.01108	0.00966	0.00733	0.24653	0.01486	0.02048	0.18388	0.19515	0.02321	0.01383	0.11060	0.00263	0.10241	0.00792	0.00451	0.00596
16	0.01124	0.26382	0.11927	0.11425	0.08076	0.01206	0.00968	0.01406	0.01068	0.01556	0.01115	0.01337	0.00897	0.00511	0.00399	0.00132	0.00494	0.00397	0.28969	0.00612
17	0.00882	0.28301	0.01279	0.00658	0.00915	0.00983	0.00568	0.01039	0.01164	0.01415	0.13423	0.03393	0.42284	0.00974	0.00512	0.00150	0.00356	0.00788	0.00401	0.00517

[dist]
# distance from previous block
# <min> <max>
0	2

[block]
# block no. 8 follows, 48 sequences, length 11
# corresponding to MSA columns:
# 479-489
name=unknown_I
#
# <colnr> <probs for GDERKNQSTAVLIFYWHMCP>
#	G	D	E	R	K	N	Q	S	T	A	V	L	I	F	Y	W	H	M	C	P
0	0.25023	0.49870	0.02010	0.00857	0.01259	0.01732	0.00799	0.10540	0.01159	0.01756	0.00776	0.00875	0.00655	0.00471	0.00348	0.00129	0.00508	0.00298	0.00282	0.00655
1	0.00834	0.00699	0.01019	0.00960	0.01028	0.00883	0.00766	0.00999	0.00815	0.01202	0.01192	0.01784	0.01124	0.03081	0.59593	0.00669	0.22080	0.00524	0.00262	0.00485
2	0.01132	0.01938	0.36271	0.01858	0.02481	0.01251	0.44215	0.01635	0.01155	0.01635	0.00987	0.01253	0.00723	0.00456	0.00554	0.00168	0.00819	0.00507	0.00241	0.00721
3	0.00737	0.00544	0.00704	0.00740	0.00864	0.00511	0.00596	0.00947	0.01271	0.01695	0.32210	0.09436	0.17232	0.01267	0.00648	0.00195	0.00336	0.29091	0.00509	0.00467
4	0.00698	0.00545	0.00642	0.00699	0.00800	0.00524	0.00492	0.00961	0.10206	0.01431	0.03403	0.50645	0.24222	0.01413	0.00625	0.00194	0.00300	0.01249	0.00482	0.00469
5	0.01258	0.01252	0.02272	0.02952	0.63531	0.01235	0.16659	0.01589	0.01177	0.01670	0.00980	0.01293	0.00806	0.00452	0.00528	0.00157	0.00661	0.00487	0.00255	0.00789
6	0.01706	0.01992	0.01375	0.01196	0.01493	0.54662	0.00915	0.07836	0.01421	0.01485	0.00864	0.01014	0.00715	0.00622	0.02921	0.00148	0.03264	0.00347	0.00290	0.15734
7	0.01330	0.01339	0.15339	0.01191	0.01568	0.01149	0.08121	0.26449	0.05276	0.05498	0.01284	0.01544	0.01013	0.03328	0.22804	0.00354	0.00839	0.00500	0.00371	0.00704
8	0.01207	0.01022	0.01406	0.35261	0.08079	0.01155	0.01120	0.06290	0.24446	0.04944	0.01338	0.01505	0.01004	0.00563	0.00503	0.00160	0.00548	0.00482	0.00360	0.08606
9	0.00983	0.00818	0.01360	0.49057	0.11709	0.00955	0.01169	0.01163	0.00943	0.01237	0.00913	0.01410	0.00757	0.00862	0.00930	0.23941	0.00608	0.00453	0.00230	0.00502
10	0.01667	0.01580	0.01614	0.01846	0.27731	0.26211	0.01138	0.15284	0.03753	0.09069	0.01167	0.04527	0.00946	0.00579	0.00502	0.00150	0.00667	0.00468	0.00356	0.00744

[dist]
# distance from previous block
# <min> <max>
1	3

[block]
# block no. 9 follows, 48 sequences, length 8
# corresponding to MSA columns:
# 493-500
name=unknown_J
#
# <colnr> <probs for GDERKNQSTAVLIFYWHMCP>
#	G	D	E	R	K	N	Q	S	T	A	V	L	I	F	Y	W	H	M	C	P
0	0.01390	0.45123	0.17920	0.01020	0.01496	0.01603	0.01060	0.05471	0.07084	0.08988	0.03706	0.01173	0.00941	0.00517	0.00413	0.00134	0.00560	0.00374	0.00309	0.00716
1	0.00739	0.00528	0.00714	0.00714	0.00767	0.00581	0.00503	0.00845	0.00792	0.01109	0.01476	0.02577	0.01526	0.36515	0.47601	0.00688	0.01008	0.00632	0.00290	0.00397
2	0.01420	0.01037	0.07655	0.08684	0.11073	0.00884	0.06351	0.05477	0.01330	0.26575	0.07330	0.02301	0.16164	0.00730	0.00542	0.00163	0.00497	0.00632	0.00448	0.00705
3	0.00690	0.00501	0.00663	0.00763	0.00837	0.00474	0.00575	0.00835	0.01083	0.01422	0.06646	0.47475	0.10537	0.01493	0.00664	0.00211	0.00345	0.23868	0.00479	0.00439
4	0.01064	0.00912	0.01064	0.00760	0.01216	0.00684	0.00608	0.01292	0.01064	0.01672	0.00912	0.01064	0.00760	0.00380	0.00380	0.00076	0.00380	0.00304	0.00304	0.85104
5	0.01173	0.04154	0.29449	0.01941	0.28458	0.01204	0.05093	0.05397	0.08389	0.01765	0.03986	0.01493	0.04111	0.00552	0.00509	0.00159	0.00625	0.00485	0.00298	0.00759
6	0.01365	0.07175	0.36135	0.01449	0.05074	0.01281	0.10770	0.12627	0.07736	0.09690	0.01177	0.01269	0.00844	0.00527	0.00502	0.00159	0.00662	0.00446	0.00334	0.00778
7	0.01451	0.13940	0.05513	0.09613	0.24478	0.21737	0.06622	0.03673	0.01239	0.03621	0.00909	0.01130	0.00738	0.00499	0.00507	0.00147	0.02822	0.00405	0.00264	0.00695

[dist]
# distance from previous block
# <min> <max>
1	2

[block]
# block no. 10 follows, 48 sequences, length 29
# corresponding to MSA columns:
# 503-531
name=unknown_K
#
# <colnr> <probs for GDERKNQSTAVLIFYWHMCP>
#	G	D	E	R	K	N	Q	S	T	A	V	L	I	F	Y	W	H	M	C	P
0	0.01891	0.01081	0.01223	0.01004	0.01356	0.05233	0.00810	0.10264	0.25413	0.41266	0.01912	0.01793	0.01327	0.00664	0.00519	0.00163	0.00467	0.02219	0.00564	0.00830
1	0.02924	0.00594	0.00709	0.00696	0.00828	0.00572	0.00512	0.07863	0.01326	0.01816	0.32456	0.28799	0.16538	0.01218	0.00606	0.00178	0.00297	0.01066	0.00510	0.00491
