[name]
unknown

[dist]
# distance from previous block
# <min> <max>
12	18

[block]
# block no. 0 follows, 53 sequences, length 6
# corresponding to MSA columns:
# 19-24
name=unknown_A
#
# <colnr> <probs for GDERKNQSTAVLIFYWHMCP>
#	G	D	E	R	K	N	Q	S	T	A	V	L	I	F	Y	W	H	M	C	P
0	0.01359	0.00844	0.01142	0.00941	0.01211	0.00834	0.08050	0.15083	0.08642	0.23818	0.11417	0.14859	0.05407	0.00819	0.00529	0.00160	0.00414	0.03334	0.00486	0.00650
1	0.14564	0.01072	0.01052	0.00889	0.01170	0.08736	0.00705	0.25296	0.07201	0.14722	0.04177	0.11795	0.05170	0.00716	0.00470	0.00152	0.00449	0.00569	0.00442	0.00653
2	0.15279	0.00741	0.00834	0.00746	0.00938	0.00776	0.00579	0.14630	0.01225	0.10379	0.14913	0.08373	0.01942	0.13914	0.06145	0.00248	0.00450	0.06935	0.00418	0.00532
3	0.04142	0.00773	0.00981	0.08492	0.01249	0.00768	0.00683	0.10996	0.03915	0.30620	0.21728	0.02128	0.04797	0.00695	0.00490	0.00148	0.00377	0.00579	0.05794	0.00645
4	0.01028	0.00661	0.01006	0.04308	0.01125	0.00653	0.08643	0.01199	0.01026	0.17713	0.08617	0.13612	0.08251	0.10779	0.16596	0.00317	0.02843	0.00716	0.00390	0.00516
5	0.24265	0.00881	0.01011	0.00816	0.01140	0.00889	0.00670	0.11613	0.01276	0.42469	0.01412	0.01365	0.00962	0.00835	0.08112	0.00206	0.00495	0.00419	0.00467	0.00698

[dist]
# distance from previous block
# <min> <max>
6	11

[block]
# block no. 1 follows, 53 sequences, length 28
# corresponding to MSA columns:
# 36-63
name=unknown_B
#
# <colnr> <probs for GDERKNQSTAVLIFYWHMCP>
#	G	D	E	R	K	N	Q	S	T	A	V	L	I	F	Y	W	H	M	C	P
0	0.01538	0.01369	0.01371	0.01303	0.10913	0.14288	0.00931	0.32976	0.26179	0.02220	0.01302	0.01305	0.00977	0.00566	0.00472	0.00146	0.00539	0.00444	0.00414	0.00746
1	0.01358	0.00933	0.01067	0.00882	0.01116	0.01013	0.00689	0.39499	0.01530	0.07961	0.01312	0.01785	0.01130	0.20212	0.16994	0.00342	0.00653	0.00511	0.00399	0.00616
2	0.00813	0.00610	0.00706	0.00679	0.00762	0.00666	0.00463	0.01175	0.19869	0.01224	0.01569	0.02557	0.01564	0.47596	0.17314	0.00449	0.00602	0.00622	0.00331	0.00430
3	0.01633	0.01248	0.01331	0.01063	0.01412	0.01396	0.00864	0.56395	0.24778	0.02716	0.01381	0.01333	0.01002	0.00596	0.00481	0.00149	0.00483	0.00462	0.00481	0.00796
4	0.01258	0.06003	0.10145	0.01036	0.01369	0.07198	0.00897	0.07801	0.54738	0.01906	0.01603	0.01524	0.01206	0.00596	0.00468	0.00153	0.00469	0.00478	0.00420	0.00732
5	0.01232	0.21351	0.06508	0.01422	0.01828	0.02822	0.32889	0.08812	0.09542	0.01586	0.00981	0.01161	0.00769	0.00482	0.00549	0.00148	0.06536	0.00447	0.00277	0.00658
6	0.01254	0.77465	0.08322	0.00858	0.01289	0.01833	0.00888	0.01437	0.00974	0.01153	0.00679	0.00785	0.00613	0.00412	0.00318	0.00106	0.00526	0.00263	0.00204	0.00620
7	0.01764	0.00717	0.00974	0.00805	0.01092	0.00626	0.00639	0.01924	0.01258	0.61230	0.02068	0.21420	0.01665	0.00812	0.00512	0.00159	0.00375	0.00695	0.00556	0.00710
8	0.01064	0.00896	0.00973	0.00882	0.01114	0.01009	0.00682	0.02141	0.60359	0.01979	0.20949	0.02219	0.02202	0.00729	0.00505	0.00159	0.00341	0.00619	0.00496	0.00682
9	0.00565	0.00484	0.00484	0.00484	0.00646	0.00403	0.00363	0.00686	0.01089	0.01291	0.04842	0.04600	0.80027	0.01210	0.00565	0.00161	0.00242	0.01009	0.00444	0.00403
10	0.00988	0.00532	0.00712	0.00693	0.00827	0.00482	0.00509	0.01134	0.01142	0.20728	0.23099	0.41921	0.03039	0.01138	0.00566	0.00171	0.00295	0.01013	0.00502	0.00509
11	0.01491	0.01403	0.01234	0.01067	0.01358	0.20759	0.00838	0.22662	0.37830	0.02054	0.01453	0.01479	0.01113	0.00607	0.00475	0.00149	0.00537	0.02352	0.00425	0.00714
12	0.01128	0.01289	0.02820	0.02015	0.02498	0.01209	0.78485	0.01531	0.01128	0.01531	0.00967	0.01289	0.00725	0.00403	0.00564	0.00161	0.00806	0.00564	0.00242	0.00645
13	0.00597	0.00454	0.00549	0.00591	0.00682	0.00407	0.00418	0.00723	0.01068	0.01394	0.20041	0.39614	0.29156	0.01289	0.00585	0.00174	0.00254	0.01135	0.00462	0.00407
14	0.42471	0.00866	0.00915	0.00744	0.01079	0.00879	0.00614	0.01888	0.01103	0.43104	0.01303	0.01221	0.00865	0.00521	0.00392	0.00148	0.00389	0.00375	0.00450	0.00672
15	0.00838	0.00719	0.00977	0.00890	0.00911	0.00915	0.00683	0.00925	0.00729	0.01066	0.01082	0.01944	0.01137	0.28757	0.21955	0.00434	0.34835	0.00533	0.00248	0.00422
16	0.00627	0.00487	0.00570	0.00549	0.00684	0.00430	0.00412	0.00806	0.01236	0.01638	0.46512	0.04029	0.38140	0.01081	0.00564	0.00155	0.00233	0.00929	0.00489	0.00430
17	0.27199	0.00966	0.00997	0.00849	0.01158	0.01058	0.00682	0.07277	0.32027	0.20699	0.01492	0.01400	0.01066	0.00568	0.00427	0.00153	0.00392	0.00434	0.00453	0.00702
18	0.00895	0.02078	0.64798	0.01203	0.01795	0.00976	0.01499	0.01378	0.01060	0.01552	0.11517	0.01588	0.06472	0.00574	0.00476	0.00152	0.00612	0.00465	0.00261	0.00652
19	0.00688	0.00462	0.00522	0.00526	0.00531	0.00459	0.00298	0.00694	0.00713	0.00947	0.01625	0.06430	0.03503	0.78065	0.02317	0.00446	0.00451	0.00729	0.00299	0.00296
20	0.01347	0.01212	0.05145	0.01249	0.10211	0.02742	0.00927	0.21647	0.45766	0.02168	0.01550	0.01500	0.01159	0.00592	0.00480	0.00154	0.00462	0.00486	0.00438	0.00765
21	0.00581	0.00421	0.00550	0.00652	0.00690	0.00389	0.00438	0.00667	0.00928	0.01225	0.02794	0.77245	0.08704	0.01477	0.00607	0.00192	0.00275	0.01334	0.00444	0.00389
22	0.01226	0.01473	0.12188	0.02077	0.33957	0.11660	0.18675	0.05843	0.01187	0.01565	0.01094	0.01306	0.04570	0.00480	0.00490	0.00146	0.00660	0.00461	0.00258	0.00684
23	0.00891	0.00445	0.00445	0.00445	0.00557	0.00445	0.00334	0.01114	0.01002	0.01782	0.01559	0.01782	0.01225	0.00557	0.00334	0.00111	0.00223	0.00445	0.85856	0.00445
24	0.11253	0.05305	0.01521	0.01489	0.20584	0.07126	0.00997	0.41785	0.01676	0.02336	0.00979	0.01075	0.00742	0.00509	0.00444	0.00140	0.00542	0.00392	0.00369	0.00737
25	0.17204	0.01794	0.01233	0.01111	0.03316	0.49864	0.00835	0.10364	0.01323	0.01592	0.00783	0.00896	0.00630	0.00481	0.00407	0.00127	0.00690	0.00314	0.00284	0.06752
26	0.05184	0.01366	0.14672	0.01288	0.07266	0.05654	0.11184	0.17181	0.01384	0.21436	0.02545	0.01264	0.00888	0.00508	0.00469	0.00143	0.00562	0.00431	0.00379	0.06198
27	0.18503	0.04824	0.02921	0.00732	0.01018	0.00808	0.00613	0.07061	0.01246	0.26457	0.16646	0.02184	0.13656	0.00715	0.00463	0.00148	0.00361	0.00571	0.00461	0.00611

[dist]
# distance from previous block
# <min> <max>
0	2

[block]
# block no. 2 follows, 53 sequences, length 8
# corresponding to MSA columns:
# 66-73
name=unknown_C
#
# <colnr> <probs for GDERKNQSTAVLIFYWHMCP>
#	G	D	E	R	K	N	Q	S	T	A	V	L	I	F	Y	W	H	M	C	P
0	0.01215	0.01214	0.07374	0.05750	0.28115	0.01111	0.11889	0.14102	0.06146	0.01801	0.01000	0.01187	0.00780	0.00452	0.00465	0.00135	0.00557	0.00422	0.00297	0.15986
1	0.01039	0.00674	0.00812	0.00695	0.00943	0.00578	0.00533	0.05343	0.01143	0.15357	0.06141	0.22070	0.17061	0.00886	0.00497	0.00140	0.00326	0.00760	0.00430	0.24571
2	0.01410	0.01239	0.01206	0.00938	0.01313	0.12534	0.00751	0.28841	0.06377	0.02045	0.01008	0.01077	0.00779	0.00470	0.00417	0.00110	0.00489	0.00355	0.00360	0.38280
3	0.00581	0.00422	0.00548	0.00648	0.00689	0.00390	0.00436	0.00667	0.00932	0.01227	0.02845	0.75431	0.10485	0.01470	0.00606	0.00191	0.00274	0.01325	0.00444	0.00390
4	0.00695	0.00463	0.00521	0.00521	0.00521	0.00463	0.00290	0.00695	0.00695	0.00927	0.01506	0.03128	0.01738	0.83203	0.02433	0.00463	0.00463	0.00695	0.00290	0.00290
5	0.11569	0.00826	0.01064	0.00826	0.01187	0.00744	0.00682	0.02226	0.01306	0.71800	0.01749	0.01532	0.01109	0.00575	0.00460	0.00148	0.00403	0.00456	0.00559	0.00780
6	0.00959	0.02472	0.80726	0.01362	0.02069	0.01110	0.01766	0.01514	0.01009	0.01514	0.00858	0.01009	0.00605	0.00454	0.00454	0.00151	0.00706	0.00353	0.00202	0.00706
7	0.00676	0.00472	0.00570	0.00560	0.00615	0.00452	0.00368	0.00779	0.00996	0.01368	0.34297	0.07388	0.06277	0.41462	0.01486	0.00307	0.00346	0.00812	0.00402	0.00366

[dist]
# distance from previous block
# <min> <max>
0	1

[block]
# block no. 3 follows, 53 sequences, length 12
# corresponding to MSA columns:
# 75-86
name=unknown_D
#
# <colnr> <probs for GDERKNQSTAVLIFYWHMCP>
#	G	D	E	R	K	N	Q	S	T	A	V	L	I	F	Y	W	H	M	C	P
0	0.04051	0.13439	0.01039	0.00742	0.00935	0.14221	0.02445	0.04403	0.01101	0.01556	0.03735	0.13635	0.01366	0.00671	0.00405	0.00129	0.00413	0.00539	0.34673	0.00503
1	0.86579	0.00924	0.00702	0.00629	0.00924	0.01072	0.00518	0.01405	0.00813	0.02144	0.00666	0.00776	0.00518	0.00444	0.00296	0.00148	0.00370	0.00259	0.00296	0.00518
2	0.01185	0.01196	0.01908	0.06563	0.57961	0.07219	0.09995	0.01469	0.01119	0.01528	0.04565	0.01286	0.00911	0.00457	0.00485	0.00144	0.00604	0.00453	0.00250	0.00703
3	0.00610	0.00465	0.00561	0.00582	0.00685	0.00416	0.00419	0.00757	0.01130	0.01493	0.30991	0.28247	0.29484	0.01215	0.00578	0.00167	0.00247	0.01065	0.00473	0.00416
4	0.01234	0.00767	0.01039	0.00855	0.01094	0.00748	0.06531	0.10302	0.07960	0.20743	0.34612	0.04182	0.02597	0.04403	0.00611	0.00166	0.00372	0.00676	0.00499	0.00611
5	0.00991	0.00850	0.00991	0.00708	0.01133	0.00637	0.00566	0.01203	0.00991	0.01557	0.00850	0.00991	0.00708	0.00354	0.00354	0.00071	0.00354	0.00283	0.00283	0.86124
6	0.00676	0.00489	0.00639	0.00601	0.00714	0.00451	0.00451	0.00902	0.01353	0.01917	0.79969	0.03570	0.04510	0.00977	0.00564	0.00150	0.00225	0.00864	0.00526	0.00451
7	0.01552	0.00677	0.00899	0.00736	0.00983	0.00603	0.00574	0.01716	0.01252	0.48491	0.20472	0.02341	0.02070	0.14461	0.00826	0.00201	0.00373	0.00608	0.00526	0.00639
8	0.00981	0.00923	0.01567	0.43660	0.27259	0.01025	0.05308	0.01277	0.01020	0.01372	0.01149	0.01567	0.04752	0.00525	0.00487	0.00155	0.00585	0.03056	0.02735	0.00596
9	0.00665	0.00519	0.00608	0.00589	0.00724	0.00480	0.00440	0.00920	0.06525	0.01652	0.42606	0.09131	0.31238	0.01073	0.00562	0.00158	0.00245	0.00927	0.00488	0.00451
10	0.62568	0.00948	0.00969	0.04351	0.14268	0.01055	0.00723	0.01476	0.00906	0.07835	0.00803	0.00928	0.00612	0.00453	0.00347	0.00147	0.00416	0.00310	0.00304	0.00580
11	0.01206	0.57714	0.19313	0.00942	0.01411	0.04190	0.01010	0.01449	0.00993	0.01240	0.00721	0.00838	0.00618	0.00418	0.00346	0.00111	0.00554	0.00280	0.00211	0.06437

[dist]
# distance from previous block
# <min> <max>
0	1

[block]
# block no. 4 follows, 53 sequences, length 11
# corresponding to MSA columns:
# 88-98
name=unknown_E
#
# <colnr> <probs for GDERKNQSTAVLIFYWHMCP>
#	G	D	E	R	K	N	Q	S	T	A	V	L	I	F	Y	W	H	M	C	P
0	0.01179	0.09831	0.02172	0.02364	0.47629	0.01237	0.20828	0.01542	0.05678	0.01534	0.00953	0.01201	0.00775	0.00431	0.00479	0.00144	0.00611	0.00450	0.00249	0.00714
1	0.00684	0.00508	0.00749	0.00749	0.00828	0.00587	0.00574	0.00841	0.00763	0.01096	0.01297	0.01973	0.01236	0.09668	0.75282	0.00745	0.01218	0.00526	0.00259	0.00416
2	0.01128	0.01289	0.02820	0.02015	0.02498	0.01209	0.78485	0.01531	0.01128	0.01531	0.00967	0.01289	0.00725	0.00403	0.00564	0.00161	0.00806	0.00564	0.00242	0.00645
3	0.00680	0.00483	0.00615	0.00585	0.00675	0.00453	0.00418	0.00860	0.01220	0.01717	0.64147	0.03481	0.03951	0.17558	0.00941	0.00213	0.00273	0.00830	0.00478	0.00418
4	0.01817	0.01339	0.01434	0.01100	0.01482	0.01482	0.00908	0.78627	0.02247	0.03012	0.01148	0.01148	0.00813	0.00574	0.00478	0.00143	0.00526	0.00430	0.00478	0.00813
5	0.00809	0.00423	0.00606	0.00606	0.00606	0.00423	0.00395	0.00634	0.00634	0.00846	0.00939	0.01722	0.00976	0.14751	0.01959	0.72346	0.00423	0.00460	0.00221	0.00221
6	0.01129	0.01121	0.00967	0.00885	0.01096	0.19663	0.00674	0.01768	0.32379	0.01712	0.22850	0.02328	0.09935	0.00756	0.00502	0.00150	0.00437	0.00620	0.00437	0.00592
7	0.00997	0.02229	0.65639	0.01582	0.10148	0.01121	0.08610	0.01510	0.01028	0.01520	0.00872	0.01052	0.00632	0.00447	0.00466	0.00151	0.00701	0.00380	0.00209	0.00706
8	0.01124	0.44402	0.40243	0.01081	0.01633	0.01514	0.01275	0.01471	0.00989	0.01312	0.00758	0.00884	0.00610	0.00431	0.00378	0.00126	0.00605	0.00303	0.00203	0.00658
9	0.00716	0.00613	0.00817	0.01015	0.16710	0.00561	0.00610	0.00892	0.01140	0.01485	0.21145	0.08033	0.42452	0.01015	0.00549	0.00157	0.00306	0.00878	0.00421	0.00485
10	0.01248	0.01229	0.01962	0.02643	0.63721	0.05864	0.08833	0.05794	0.01172	0.01616	0.00910	0.01172	0.00749	0.00436	0.00480	0.00143	0.00606	0.00433	0.00251	0.00737

[dist]
# distance from previous block
# <min> <max>
0	2

[block]
# block no. 5 follows, 53 sequences, length 26
# corresponding to MSA columns:
# 101,102,104-127
name=unknown_F
#
# <colnr> <probs for GDERKNQSTAVLIFYWHMCP>
#	G	D	E	R	K	N	Q	S	T	A	V	L	I	F	Y	W	H	M	C	P
0	0.09868	0.01173	0.01403	0.14538	0.11553	0.01311	0.00999	0.43841	0.06693	0.02387	0.01071	0.01177	0.00790	0.00532	0.00460	0.00147	0.00525	0.00419	0.00387	0.00727
1	0.13904	0.01236	0.01304	0.04421	0.01461	0.01384	0.00859	0.58759	0.07592	0.02739	0.01124	0.01146	0.00810	0.00556	0.00453	0.00146	0.00497	0.00413	0.00441	0.00755
2	0.86579	0.00924	0.00702	0.00629	0.00924	0.01072	0.00518	0.01405	0.00813	0.02144	0.00666	0.00776	0.00518	0.00444	0.00296	0.00148	0.00370	0.00259	0.00296	0.00518
3	0.01660	0.13046	0.01569	0.01275	0.07695	0.44703	0.00945	0.18546	0.03396	0.01617	0.00860	0.00959	0.00690	0.00497	0.00429	0.00127	0.00705	0.00342	0.00296	0.00640
4	0.00713	0.00564	0.00800	0.10854	0.01096	0.00611	0.00623	0.00919	0.01074	0.01495	0.36085	0.02741	0.09197	0.01735	0.25566	0.00346	0.04051	0.00694	0.00383	0.00453
5	0.01173	0.01307	0.16920	0.01237	0.01613	0.04668	0.19532	0.07208	0.08080	0.09316	0.16779	0.03023	0.01628	0.00629	0.00552	0.00156	0.03304	0.01867	0.00368	0.00641
6	0.00637	0.00480	0.00590	0.00577	0.00694	0.00432	0.00427	0.00821	0.01239	0.01681	0.52263	0.11945	0.24279	0.01092	0.00569	0.00158	0.00235	0.00953	0.00496	0.00432
7	0.00929	0.00877	0.01482	0.74566	0.10572	0.01069	0.01341	0.01244	0.00968	0.01253	0.00854	0.01266	0.00648	0.00473	0.00477	0.00158	0.00631	0.00425	0.00215	0.00552
8	0.00582	0.00418	0.00552	0.00659	0.00692	0.00389	0.00441	0.00666	0.00921	0.01223	0.02709	0.80259	0.05745	0.01488	0.00609	0.00193	0.00276	0.01347	0.00444	0.00389
9	0.00694	0.00468	0.00545	0.00545	0.00553	0.00476	0.00319	0.00710	0.00702	0.00944	0.01485	0.03009	0.01686	0.75668	0.09897	0.00492	0.00541	0.00678	0.00286	0.00303
10	0.01278	0.83490	0.02505	0.00818	0.01227	0.01891	0.00818	0.01431	0.00971	0.01125	0.00664	0.00767	0.00613	0.00409	0.00307	0.00102	0.00511	0.00256	0.00204	0.00613
11	0.00959	0.02472	0.80726	0.01362	0.02069	0.01110	0.01766	0.01514	0.01009	0.01514	0.00858	0.01009	0.00605	0.00454	0.00454	0.00151	0.00706	0.00353	0.00202	0.00706
12	0.01064	0.29221	0.54900	0.01183	0.01791	0.01368	0.01453	0.01486	0.00997	0.01385	0.00794	0.00929	0.00608	0.00439	0.00405	0.00135	0.00642	0.00321	0.00203	0.00676
13	0.57704	0.01059	0.01124	0.00903	0.01241	0.01177	0.10349	0.17994	0.01160	0.02254	0.00807	0.00920	0.00607	0.00467	0.00368	0.00149	0.00458	0.00334	0.00328	0.00597
14	0.00686	0.00499	0.00701	0.00701	0.00763	0.00561	0.00514	0.00810	0.00748	0.01060	0.01342	0.02217	0.01342	0.25198	0.59897	0.00685	0.01058	0.00562	0.00265	0.00390
15	0.06166	0.00881	0.01117	0.00871	0.01231	0.00825	0.00716	0.09227	0.06818	0.64252	0.01763	0.01553	0.01136	0.00587	0.00472	0.00148	0.00414	0.00469	0.00560	0.00795
16	0.01796	0.01441	0.01217	0.01031	0.01327	0.32306	0.00809	0.10940	0.07092	0.29322	0.01314	0.01301	0.00939	0.00762	0.06055	0.00182	0.00657	0.00414	0.00413	0.00681
17	0.00659	0.00476	0.00631	0.00627	0.00718	0.00453	0.00459	0.00845	0.01193	0.01676	0.55171	0.18748	0.03851	0.03782	0.08311	0.00227	0.00343	0.00921	0.00477	0.00432
18	0.00903	0.00850	0.01434	0.82054	0.03292	0.01062	0.01327	0.01221	0.00956	0.01221	0.00850	0.01274	0.00637	0.00478	0.00478	0.00159	0.00637	0.00425	0.00212	0.00531
19	0.01183	0.01136	0.01940	0.02934	0.80221	0.01136	0.01467	0.01467	0.01088	0.01562	0.00899	0.01183	0.00757	0.00426	0.00473	0.00142	0.00568	0.00426	0.00237	0.00757
20	0.01929	0.00843	0.01206	0.00929	0.01286	0.00756	0.06346	0.02205	0.06246	0.65500	0.06169	0.01720	0.01352	0.00603	0.00492	0.00150	0.00424	0.00512	0.00556	0.00777
21	0.01089	0.01234	0.02659	0.01909	0.02370	0.01153	0.73079	0.01473	0.01125	0.01514	0.01235	0.01518	0.06213	0.00459	0.00564	0.00161	0.00767	0.00595	0.00256	0.00628
22	0.00903	0.00850	0.01434	0.82054	0.03292	0.01062	0.01327	0.01221	0.00956	0.01221	0.00850	0.01274	0.00637	0.00478	0.00478	0.00159	0.00637	0.00425	0.00212	0.00531
23	0.01681	0.38566	0.01805	0.00896	0.01277	0.06926	0.00798	0.12315	0.01307	0.28363	0.01150	0.01117	0.00834	0.00499	0.00398	0.00125	0.00502	0.00360	0.00376	0.00704
24	0.86579	0.00924	0.00702	0.00629	0.00924	0.01072	0.00518	0.01405	0.00813	0.02144	0.00666	0.00776	0.00518	0.00444	0.00296	0.00148	0.00370	0.00259	0.00296	0.00518
25	0.10189	0.33170	0.36176	0.01037	0.01560	0.01373	0.01189	0.01534	0.01002	0.07590	0.00844	0.00940	0.00644	0.00446	0.00383	0.00132	0.00573	0.00316	0.00243	0.00659

[dist]
# distance from previous block
# <min> <max>
1	3

[block]
# block no. 6 follows, 53 sequences, length 19
# corresponding to MSA columns:
# 131-149
name=unknown_G
#
# <colnr> <probs for GDERKNQSTAVLIFYWHMCP>
#	G	D	E	R	K	N	Q	S	T	A	V	L	I	F	Y	W	H	M	C	P
0	0.01494	0.01276	0.01580	0.01189	0.01587	0.09654	0.16630	0.31035	0.01562	0.07152	0.01042	0.01139	0.00772	0.00478	0.00461	0.00128	0.00569	0.00412	0.00365	0.21474
1	0.01766	0.01494	0.01425	0.01206	0.05320	0.17304	0.00929	0.55467	0.04532	0.04198	0.01096	0.01124	0.00800	0.00553	0.00469	0.00140	0.00587	0.00410	0.00423	0.00757
2	0.00676	0.00489	0.00639	0.00601	0.00714	0.00451	0.00451	0.00902	0.01353	0.01917	0.79969	0.03570	0.04510	0.00977	0.00564	0.00150	0.00225	0.00864	0.00526	0.00451
3	0.01185	0.01235	0.06542	0.02670	0.68462	0.03062	0.01424	0.01551	0.06276	0.01578	0.00962	0.01205	0.00791	0.00444	0.00472	0.00143	0.00571	0.00426	0.00251	0.00749
4	0.01367	0.01034	0.01166	0.00865	0.01270	0.00962	0.00704	0.30734	0.01489	0.06332	0.01018	0.01085	0.00773	0.00450	0.00408	0.00103	0.00422	0.00350	0.00374	0.49093
5	0.00581	0.00420	0.00550	0.00654	0.00690	0.00389	0.00439	0.00667	0.00926	0.01225	0.02774	0.77939	0.08023	0.01479	0.00607	0.00192	0.00275	0.01337	0.00444	0.00389
6	0.01337	0.00724	0.00894	0.00787	0.01023	0.00703	0.00610	0.01770	0.19299	0.32254	0.09966	0.18223	0.08594	0.00874	0.00523	0.00162	0.00343	0.00751	0.00519	0.00646
7	0.01339	0.32535	0.06944	0.00947	0.01319	0.01457	0.00862	0.11082	0.30538	0.06413	0.01287	0.01260	0.00987	0.00532	0.00415	0.00136	0.00470	0.00403	0.00365	0.00709
8	0.00624	0.00485	0.00558	0.00540	0.00670	0.00429	0.00399	0.00786	0.01189	0.01559	0.39253	0.04044	0.40889	0.05671	0.00668	0.00173	0.00247	0.00925	0.00473	0.00419
9	0.02458	0.01009	0.01255	0.01045	0.01314	0.01127	0.07641	0.15721	0.36071	0.05287	0.09599	0.01746	0.01496	0.00838	0.05616	0.00198	0.05914	0.00540	0.00436	0.00688
10	0.00700	0.00522	0.00654	0.00615	0.00742	0.00493	0.00463	0.00987	0.06204	0.01872	0.69148	0.03540	0.10298	0.00975	0.00559	0.00152	0.00236	0.00856	0.00517	0.00466
11	0.01374	0.01291	0.01417	0.07865	0.20638	0.18105	0.01002	0.11019	0.04696	0.06279	0.02618	0.01180	0.00843	0.00503	0.00506	0.00133	0.04897	0.00394	0.00311	0.14929
12	0.00913	0.00751	0.00881	0.00813	0.00923	0.00876	0.00601	0.01424	0.28184	0.01367	0.01610	0.02255	0.03883	0.30441	0.10889	0.00348	0.12399	0.00589	0.00348	0.00506
13	0.01334	0.01118	0.01497	0.01683	0.31351	0.01103	0.01021	0.26576	0.01438	0.02034	0.00966	0.01115	0.00761	0.00453	0.00440	0.00122	0.00492	0.00386	0.00329	0.25784
14	0.57036	0.01037	0.00954	0.10895	0.01344	0.03678	0.00706	0.16140	0.01122	0.02164	0.00783	0.00912	0.00592	0.00474	0.00358	0.00148	0.00448	0.00314	0.00319	0.00577
15	0.07555	0.00940	0.01149	0.00894	0.01256	0.00912	0.00736	0.18100	0.05329	0.55500	0.01656	0.01479	0.01076	0.00581	0.00468	0.00148	0.00428	0.00459	0.00544	0.00791
16	0.00684	0.00506	0.00736	0.00736	0.00810	0.00580	0.00557	0.00833	0.00759	0.01085	0.01310	0.02042	0.01266	0.14070	0.70921	0.00728	0.01173	0.00536	0.00260	0.00409
17	0.16673	0.01177	0.01579	0.02136	0.49552	0.06460	0.01169	0.06389	0.07297	0.01766	0.00944	0.01133	0.00763	0.00460	0.00440	0.00143	0.00534	0.00397	0.00283	0.00704
18	0.66009	0.01043	0.00855	0.00734	0.01042	0.05566	0.00600	0.10897	0.01054	0.07327	0.00808	0.00882	0.00603	0.00472	0.00338	0.00146	0.00419	0.00297	0.00335	0.00575

[dist]
# distance from previous block
# <min> <max>
0	2

[block]
# block no. 7 follows, 53 sequences, length 29
# corresponding to MSA columns:
# 152-180
name=unknown_H
#
# <colnr> <probs for GDERKNQSTAVLIFYWHMCP>
#	G	D	E	R	K	N	Q	S	T	A	V	L	I	F	Y	W	H	M	C	P
0	0.00905	0.00758	0.00899	0.00699	0.01040	0.00585	0.00541	0.01090	0.00975	0.01486	0.01226	0.18247	0.01225	0.00595	0.00408	0.00097	0.00338	0.00510	0.00317	0.68060
1	0.00786	0.00426	0.00607	0.00615	0.00620	0.00427	0.00404	0.00645	0.00661	0.00884	0.01086	0.07763	0.01159	0.14596	0.04543	0.63326	0.00442	0.00532	0.00240	0.00241
2	0.00638	0.00479	0.00565	0.00554	0.00660	0.00434	0.00396	0.00785	0.01137	0.01516	0.38633	0.08225	0.28592	0.14266	0.00866	0.00207	0.00272	0.00912	0.00457	0.00406
3	0.01511	0.01664	0.01677	0.01943	0.33162	0.36144	0.05328	0.10000	0.01332	0.01546	0.00860	0.01045	0.00700	0.00470	0.00460	0.00135	0.00704	0.00382	0.00267	0.00668
4	0.01970	0.01093	0.01282	0.00983	0.01359	0.01117	0.00812	0.42890	0.01835	0.39331	0.01493	0.01372	0.00986	0.00582	0.00479	0.00146	0.00470	0.00454	0.00531	0.00813
5	0.00959	0.02472	0.80726	0.01362	0.02069	0.01110	0.01766	0.01514	0.01009	0.01514	0.00858	0.01009	0.00605	0.00454	0.00454	0.00151	0.00706	0.00353	0.00202	0.00706
6	0.00594	0.00447	0.00525	0.00579	0.00650	0.00405	0.00391	0.00677	0.00942	0.01200	0.03238	0.42885	0.30052	0.14089	0.00877	0.00224	0.00294	0.01132	0.00420	0.00378
7	0.00612	0.00447	0.00575	0.00625	0.00695	0.00411	0.00438	0.00747	0.01079	0.01460	0.28663	0.48390	0.11501	0.01294	0.00590	0.00176	0.00256	0.01158	0.00471	0.00411
8	0.01835	0.00745	0.01010	0.00798	0.01113	0.00650	0.00650	0.02029	0.01365	0.63984	0.18338	0.02036	0.01884	0.00673	0.00498	0.00148	0.00369	0.00562	0.00578	0.00737
9	0.01630	0.00771	0.00987	0.00835	0.01114	0.00731	0.00658	0.02020	0.16405	0.48595	0.02055	0.18779	0.01653	0.00793	0.00509	0.00160	0.00374	0.00677	0.00540	0.00713
10	0.26023	0.00739	0.00749	0.00682	0.00857	0.00792	0.00506	0.13072	0.01099	0.03981	0.09605	0.14778	0.02939	0.21104	0.00938	0.00233	0.00387	0.00648	0.00380	0.00486
11	0.00796	0.00484	0.00645	0.00696	0.00784	0.00446	0.00502	0.00916	0.01025	0.10983	0.08503	0.57700	0.05382	0.01323	0.00594	0.00186	0.00302	0.07816	0.00468	0.00450
12	0.00973	0.00703	0.00824	0.00714	0.00904	0.00703	0.00557	0.19904	0.01539	0.03821	0.49603	0.03065	0.12980	0.00899	0.00541	0.00150	0.00305	0.00768	0.00506	0.00541
13	0.44270	0.00764	0.00727	0.00654	0.00891	0.00812	0.00509	0.01372	0.02225	0.15867	0.01565	0.10396	0.07887	0.09453	0.00616	0.00188	0.00366	0.00533	0.00380	0.00526
14	0.39132	0.00676	0.00619	0.00583	0.00728	0.00738	0.00410	0.01052	0.00789	0.03195	0.03517	0.04748	0.01311	0.39234	0.01319	0.00297	0.00407	0.00523	0.00311	0.00411
15	0.00660	0.00487	0.00602	0.00579	0.00688	0.00446	0.00426	0.00844	0.01232	0.01692	0.56648	0.03752	0.17760	0.09434	0.00757	0.00186	0.00258	0.02638	0.00485	0.00426
16	0.02144	0.00813	0.01109	0.00850	0.01220	0.00702	0.00702	0.02329	0.01368	0.80552	0.01886	0.01627	0.01183	0.00592	0.00481	0.00148	0.00407	0.00481	0.00592	0.00813
17	0.00683	0.00512	0.00768	0.00768	0.00853	0.00597	0.00597	0.00853	0.00768	0.01110	0.01280	0.01878	0.01195	0.03585	0.81308	0.00768	0.01280	0.00512	0.00256	0.00427
18	0.00665	0.00467	0.00552	0.00553	0.00603	0.00446	0.00356	0.00746	0.00933	0.01257	0.22635	0.11591	0.11073	0.44313	0.01552	0.00321	0.00358	0.00842	0.00384	0.00355
19	0.02144	0.00813	0.01109	0.00850	0.01220	0.00702	0.00702	0.02329	0.01368	0.80552	0.01886	0.01627	0.01183	0.00592	0.00481	0.00148	0.00407	0.00481	0.00592	0.00813
20	0.00685	0.00467	0.00530	0.00526	0.00548	0.00458	0.00310	0.00714	0.00785	0.01047	0.09277	0.03270	0.07280	0.69769	0.02127	0.00413	0.00426	0.00732	0.00323	0.00313
21	0.01217	0.01061	0.01359	0.01119	0.01423	0.01166	0.12825	0.12226	0.50251	0.02052	0.08523	0.01780	0.01527	0.00629	0.00504	0.00158	0.00451	0.00558	0.00451	0.00720
22	0.01422	0.01298	0.01148	0.01021	0.01296	0.19873	0.00790	0.02372	0.53469	0.09506	0.01657	0.01552	0.01235	0.00606	0.00473	0.00152	0.00494	0.00480	0.00441	0.00715
23	0.01043	0.00993	0.01688	0.42327	0.41919	0.01099	0.01397	0.01345	0.01022	0.01392	0.00874	0.01228	0.00697	0.00452	0.00476	0.00151	0.00602	0.00425	0.00225	0.00645
24	0.13583	0.01198	0.01205	0.00998	0.01313	0.06626	0.00823	0.46423	0.03526	0.04913	0.01308	0.01765	0.01085	0.00668	0.00478	0.00155	0.00506	0.12298	0.00435	0.00695
25	0.01183	0.01136	0.01940	0.02934	0.80221	0.01136	0.01467	0.01467	0.01088	0.01562	0.00899	0.01183	0.00757	0.00426	0.00473	0.00142	0.00568	0.00426	0.00237	0.00757
26	0.00625	0.00454	0.00590	0.00625	0.00700	0.00418	0.00442	0.00777	0.01130	0.01550	0.38984	0.41221	0.08228	0.01237	0.00586	0.00172	0.00251	0.01107	0.00482	0.00418
27	0.00888	0.00862	0.01667	0.01308	0.01583	0.00811	0.37042	0.01177	0.01157	0.01581	0.22658	0.13151	0.02329	0.00821	0.00583	0.00170	0.00532	0.10775	0.00371	0.00532
28	0.09032	0.01156	0.01241	0.00982	0.01323	0.07035	0.02389	0.37024	0.01703	0.25199	0.04542	0.03883	0.01103	0.00604	0.00469	0.00146	0.00489	0.00471	0.00474	0.00737

[dist]
# distance from previous block
# <min> <max>
0	1

# created by:
# /st0/software/busco_prod/Augustus/scripts/msa2prfl.pl ./align_prep/72866.fa
