[name]
unknown

[dist]
# distance from previous block
# <min> <max>
0	0

[block]
# block no. 0 follows, 50 sequences, length 10
# corresponding to MSA columns:
# 0-9
name=unknown_A
#
# <colnr> <probs for GDERKNQSTAVLIFYWHMCP>
#	G	D	E	R	K	N	Q	S	T	A	V	L	I	F	Y	W	H	M	C	P
0	0.00803	0.00574	0.00803	0.00918	0.01033	0.00574	0.00803	0.01033	0.01147	0.01492	0.02639	0.05622	0.02869	0.01377	0.00688	0.00229	0.00459	0.76018	0.00459	0.00459
1	0.01548	0.63300	0.02266	0.00861	0.01278	0.01678	0.00824	0.01715	0.01111	0.19850	0.00996	0.01013	0.00781	0.00472	0.00363	0.00118	0.00507	0.00322	0.00309	0.00689
2	0.01504	0.01263	0.01711	0.01937	0.32605	0.01398	0.01203	0.35192	0.01611	0.02230	0.01008	0.01195	0.00794	0.00580	0.00676	0.00160	0.13358	0.00445	0.00354	0.00777
3	0.01513	0.01332	0.01794	0.02255	0.46293	0.05993	0.01283	0.29445	0.01594	0.02158	0.01023	0.01200	0.00802	0.00505	0.00493	0.00147	0.00594	0.00439	0.00340	0.00798
4	0.01354	0.01295	0.01443	0.01727	0.28211	0.17313	0.01036	0.17598	0.01405	0.01781	0.01389	0.20400	0.01368	0.00757	0.00519	0.00157	0.00574	0.00651	0.00354	0.00667
5	0.01543	0.01264	0.01682	0.01245	0.01676	0.01278	0.16551	0.43945	0.01793	0.02464	0.01084	0.01188	0.00803	0.00507	0.00486	0.00135	0.00566	0.00441	0.00400	0.20948
6	0.01075	0.00947	0.01236	0.01214	0.17192	0.00771	0.00783	0.01311	0.01054	0.01625	0.00897	0.01075	0.00749	0.00384	0.00395	0.00089	0.00415	0.00326	0.00285	0.68178
7	0.01035	0.00589	0.00735	0.00653	0.00849	0.00518	0.00506	0.01228	0.01334	0.20287	0.38932	0.03558	0.25833	0.00995	0.00568	0.00160	0.00285	0.00851	0.00540	0.00546
8	0.01228	0.01068	0.01603	0.46211	0.18534	0.01227	0.01310	0.19502	0.01345	0.01790	0.00970	0.01278	0.00734	0.00511	0.00497	0.00158	0.00622	0.00445	0.00293	0.00672
9	0.01168	0.01007	0.01495	0.62229	0.02984	0.01212	0.01280	0.19449	0.01317	0.01718	0.00960	0.01297	0.00708	0.00522	0.00498	0.00162	0.00637	0.00444	0.00287	0.00624

[dist]
# distance from previous block
# <min> <max>
12	16

[block]
# block no. 1 follows, 50 sequences, length 23
# corresponding to MSA columns:
# 26-48
name=unknown_B
#
# <colnr> <probs for GDERKNQSTAVLIFYWHMCP>
#	G	D	E	R	K	N	Q	S	T	A	V	L	I	F	Y	W	H	M	C	P
0	0.01265	0.47528	0.02754	0.01393	0.01853	0.01664	0.34061	0.01538	0.01084	0.01356	0.00830	0.01035	0.00690	0.00424	0.00436	0.00133	0.00666	0.00406	0.00230	0.00654
1	0.01036	0.00846	0.01537	0.01173	0.01457	0.00809	0.33775	0.01350	0.01102	0.01745	0.01359	0.01636	0.01052	0.00511	0.00452	0.00139	0.00496	0.00518	0.48454	0.00554
2	0.01482	0.01175	0.01496	0.35838	0.02363	0.01356	0.01137	0.44621	0.01760	0.02333	0.01062	0.01254	0.00768	0.00555	0.00499	0.00157	0.00599	0.00446	0.00379	0.00720
3	0.00872	0.00761	0.01039	0.00922	0.00989	0.00928	0.00739	0.01053	0.01131	0.01653	0.45147	0.02584	0.02950	0.00956	0.01042	0.00183	0.35445	0.00700	0.00406	0.00503
4	0.00835	0.00495	0.00610	0.00610	0.00715	0.00533	0.00467	0.01044	0.00940	0.01555	0.01500	0.01902	0.01264	0.01948	0.35049	0.00413	0.00710	0.00495	0.48461	0.00456
5	0.01671	0.00974	0.01140	0.00959	0.01286	0.01020	0.00765	0.02554	0.45120	0.35692	0.02002	0.01789	0.01397	0.00651	0.00505	0.00163	0.00407	0.00537	0.00555	0.00815
6	0.01211	0.01327	0.01043	0.00987	0.01141	0.35181	0.00741	0.01352	0.01059	0.01167	0.01112	0.01617	0.01036	0.09438	0.38824	0.00481	0.01070	0.00459	0.00266	0.00490
7	0.00941	0.00886	0.01495	0.81285	0.03433	0.01107	0.01384	0.01274	0.00997	0.01274	0.00886	0.01329	0.00664	0.00498	0.00498	0.00166	0.00664	0.00443	0.00221	0.00554
8	0.01364	0.01578	0.01148	0.01075	0.01259	0.45911	0.00816	0.01514	0.01148	0.01193	0.01015	0.01357	0.00904	0.01910	0.35106	0.00420	0.01088	0.00413	0.00261	0.00520
9	0.01387	0.01276	0.02011	0.01520	0.01929	0.01330	0.34067	0.22205	0.24716	0.02155	0.01365	0.01460	0.01011	0.00545	0.00540	0.00163	0.00629	0.00544	0.00394	0.00754
10	0.01616	0.00729	0.01004	0.00900	0.01169	0.00664	0.00763	0.01825	0.01306	0.45854	0.02258	0.03396	0.01942	0.00946	0.00582	0.00187	0.00439	0.33192	0.00549	0.00680
11	0.01039	0.01934	0.45972	0.01372	0.01790	0.01317	0.01516	0.01414	0.00927	0.01414	0.00791	0.01069	0.00641	0.00646	0.00977	0.00184	0.35729	0.00398	0.00214	0.00654
12	0.01716	0.00865	0.01103	0.00823	0.01233	0.00703	0.00671	0.01921	0.01256	0.45912	0.01499	0.01410	0.01019	0.00510	0.00444	0.00119	0.00400	0.00412	0.00478	0.37507
13	0.00666	0.00493	0.00527	0.00527	0.00600	0.00456	0.00335	0.00721	0.00903	0.01131	0.03077	0.03926	0.35301	0.47322	0.01694	0.00347	0.00383	0.00866	0.00372	0.00353
14	0.01147	0.01055	0.01595	0.02055	0.45524	0.00959	0.01123	0.01411	0.01091	0.01627	0.00915	0.01147	0.00767	0.00412	0.00440	0.00116	0.00496	0.00380	0.00268	0.37473
15	0.01347	0.00868	0.00911	0.00760	0.00998	0.00933	0.00608	0.34300	0.01607	0.02414	0.01440	0.01572	0.01091	0.00588	0.00413	0.00131	0.00369	0.00458	0.48561	0.00630
16	0.01045	0.00904	0.01172	0.29214	0.01955	0.01055	0.00946	0.04541	0.34577	0.01692	0.01725	0.16009	0.01513	0.00769	0.00527	0.00173	0.00476	0.00670	0.00398	0.00640
17	0.00711	0.00544	0.00674	0.00739	0.00877	0.00508	0.00619	0.00895	0.01143	0.01429	0.03683	0.05265	0.35900	0.01327	0.00645	0.00203	0.00370	0.43566	0.00461	0.00442
18	0.00929	0.00465	0.00465	0.00465	0.00581	0.00465	0.00348	0.01161	0.01045	0.01858	0.01626	0.01858	0.01278	0.00581	0.00348	0.00116	0.00232	0.00465	0.85250	0.00465
19	0.01724	0.47313	0.01982	0.00868	0.01276	0.01436	0.00801	0.01898	0.01192	0.35175	0.01244	0.01188	0.00897	0.00509	0.00398	0.00127	0.00486	0.00368	0.00388	0.00730
20	0.00663	0.00477	0.00628	0.00656	0.00735	0.00442	0.00467	0.00834	0.01213	0.01684	0.46053	0.37677	0.04094	0.01254	0.00609	0.00177	0.00259	0.01125	0.00511	0.00442
21	0.01111	0.36339	0.01979	0.46466	0.02501	0.01482	0.01154	0.01368	0.01004	0.01230	0.00802	0.01100	0.00654	0.00467	0.00421	0.00140	0.00608	0.00367	0.00218	0.00591
22	0.01005	0.00892	0.01436	0.02006	0.45335	0.00875	0.01071	0.01275	0.01254	0.01789	0.34778	0.02311	0.02484	0.00693	0.00534	0.00152	0.00438	0.00642	0.00377	0.00651

[dist]
# distance from previous block
# <min> <max>
0	48

[block]
# block no. 2 follows, 50 sequences, length 18
# corresponding to MSA columns:
# 98-115
name=unknown_C
#
# <colnr> <probs for GDERKNQSTAVLIFYWHMCP>
#	G	D	E	R	K	N	Q	S	T	A	V	L	I	F	Y	W	H	M	C	P
0	0.82140	0.00984	0.00768	0.00678	0.00991	0.01138	0.00559	0.04968	0.00917	0.02278	0.00717	0.00827	0.00554	0.00469	0.00317	0.00154	0.00393	0.00278	0.00317	0.00554
1	0.01240	0.01071	0.01127	0.01014	0.01296	0.01240	0.00789	0.02649	0.78473	0.02085	0.02029	0.01860	0.01522	0.00676	0.00507	0.00169	0.00394	0.00564	0.00507	0.00789
2	0.01895	0.01396	0.01496	0.01147	0.01546	0.01546	0.00947	0.77711	0.02344	0.03141	0.01197	0.01197	0.00848	0.00598	0.00499	0.00150	0.00548	0.00449	0.00499	0.00848
3	0.01240	0.01071	0.01127	0.01014	0.01296	0.01240	0.00789	0.02649	0.78473	0.02085	0.02029	0.01860	0.01522	0.00676	0.00507	0.00169	0.00394	0.00564	0.00507	0.00789
4	0.00941	0.00886	0.01495	0.81285	0.03433	0.01107	0.01384	0.01274	0.00997	0.01274	0.00886	0.01329	0.00664	0.00498	0.00498	0.00166	0.00664	0.00443	0.00221	0.00554
5	0.01234	0.01184	0.02023	0.03059	0.79373	0.01184	0.01530	0.01530	0.01135	0.01628	0.00938	0.01234	0.00790	0.00444	0.00493	0.00148	0.00592	0.00444	0.00247	0.00790
6	0.01034	0.00886	0.01034	0.00738	0.01181	0.00664	0.00591	0.01255	0.01034	0.01624	0.00886	0.01034	0.00738	0.00369	0.00369	0.00074	0.00369	0.00295	0.00295	0.85530
7	0.00941	0.00886	0.01495	0.81285	0.03433	0.01107	0.01384	0.01274	0.00997	0.01274	0.00886	0.01329	0.00664	0.00498	0.00498	0.00166	0.00664	0.00443	0.00221	0.00554
8	0.00607	0.00434	0.00578	0.00694	0.00723	0.00405	0.00463	0.00694	0.00954	0.01272	0.02747	0.82157	0.03297	0.01562	0.00636	0.00202	0.00289	0.01417	0.00463	0.00405
9	0.01835	0.02318	0.01400	0.01272	0.01530	0.76985	0.00955	0.02019	0.04813	0.01258	0.00826	0.00941	0.00681	0.00521	0.00452	0.00130	0.00877	0.00332	0.00268	0.00587
10	0.01895	0.01396	0.01496	0.01147	0.01546	0.01546	0.00947	0.77711	0.02344	0.03141	0.01197	0.01197	0.00848	0.00598	0.00499	0.00150	0.00548	0.00449	0.00499	0.00848
11	0.02236	0.00848	0.01157	0.00887	0.01272	0.00733	0.00733	0.02429	0.01427	0.79719	0.01966	0.01697	0.01234	0.00617	0.00501	0.00154	0.00424	0.00501	0.00617	0.00848
12	0.00607	0.00434	0.00578	0.00694	0.00723	0.00405	0.00463	0.00694	0.00954	0.01272	0.02747	0.82157	0.03297	0.01562	0.00636	0.00202	0.00289	0.01417	0.00463	0.00405
13	0.01063	0.00589	0.00781	0.00688	0.00868	0.00531	0.00531	0.01288	0.01415	0.20125	0.61119	0.03251	0.03894	0.00925	0.00568	0.00156	0.00279	0.00808	0.00565	0.00558
14	0.02198	0.00911	0.01195	0.00916	0.01303	0.00825	0.00757	0.10988	0.01531	0.71012	0.01879	0.01640	0.01190	0.00615	0.00501	0.00154	0.00438	0.00495	0.00603	0.00848
15	0.01297	0.01288	0.02738	0.01963	0.02454	0.01200	0.68828	0.01691	0.01205	0.10478	0.01117	0.01385	0.00811	0.00443	0.00578	0.00166	0.00793	0.00578	0.00294	0.00692
16	0.01176	0.01345	0.02941	0.02101	0.02605	0.01261	0.77563	0.01597	0.01176	0.01597	0.01008	0.01345	0.00756	0.00420	0.00588	0.00168	0.00840	0.00588	0.00252	0.00672
17	0.02116	0.00905	0.01360	0.01025	0.01424	0.00793	0.09468	0.02334	0.01398	0.70837	0.01858	0.01657	0.01180	0.00595	0.00511	0.00156	0.00471	0.00511	0.00575	0.00828

[dist]
# distance from previous block
# <min> <max>
1	6

[block]
# block no. 3 follows, 50 sequences, length 6
# corresponding to MSA columns:
# 122-127
name=unknown_D
#
# <colnr> <probs for GDERKNQSTAVLIFYWHMCP>
#	G	D	E	R	K	N	Q	S	T	A	V	L	I	F	Y	W	H	M	C	P
0	0.00657	0.00455	0.00564	0.00631	0.00648	0.00438	0.00395	0.00707	0.00858	0.01144	0.02252	0.48964	0.02672	0.35607	0.01436	0.00321	0.00371	0.01126	0.00395	0.00362
1	0.01034	0.00886	0.01034	0.00738	0.01181	0.00664	0.00591	0.01255	0.01034	0.01624	0.00886	0.01034	0.00738	0.00369	0.00369	0.00074	0.00369	0.00295	0.00295	0.85530
2	0.76536	0.01013	0.00819	0.00711	0.01029	0.01166	0.00586	0.10047	0.01017	0.02338	0.00751	0.00853	0.00574	0.00478	0.00330	0.00154	0.00404	0.00290	0.00330	0.00574
3	0.02179	0.00941	0.01214	0.00931	0.01318	0.00869	0.00769	0.15103	0.01581	0.66826	0.01837	0.01612	0.01169	0.00614	0.00501	0.00153	0.00445	0.00492	0.00597	0.00848
4	0.01895	0.01396	0.01496	0.01147	0.01546	0.01546	0.00947	0.77711	0.02344	0.03141	0.01197	0.01197	0.00848	0.00598	0.00499	0.00150	0.00548	0.00449	0.00499	0.00848
5	0.52766	0.01185	0.00936	0.00814	0.01119	0.14417	0.00653	0.05167	0.01116	0.12529	0.04508	0.01096	0.00856	0.00524	0.00380	0.00150	0.00478	0.00347	0.00361	0.00599

[dist]
# distance from previous block
# <min> <max>
5	18

[block]
# block no. 4 follows, 50 sequences, length 13
# corresponding to MSA columns:
# 146-158
name=unknown_E
#
# <colnr> <probs for GDERKNQSTAVLIFYWHMCP>
#	G	D	E	R	K	N	Q	S	T	A	V	L	I	F	Y	W	H	M	C	P
0	0.17619	0.01144	0.01317	0.29160	0.02050	0.08072	0.01020	0.15989	0.01272	0.08240	0.00964	0.01174	0.00719	0.00559	0.00571	0.00162	0.08605	0.00404	0.00326	0.00632
1	0.03899	0.01274	0.01418	0.01321	0.07764	0.10457	0.00990	0.13112	0.19600	0.04613	0.01147	0.01293	0.00917	0.00687	0.00888	0.00176	0.28957	0.00453	0.00353	0.00683
2	0.27230	0.01097	0.01452	0.01873	0.37764	0.01166	0.01083	0.12421	0.01222	0.02021	0.01040	0.01459	0.00892	0.00549	0.00454	0.00157	0.00512	0.06595	0.00319	0.00694
3	0.03690	0.01121	0.01250	0.00995	0.01344	0.01183	0.00808	0.42123	0.09359	0.18277	0.01709	0.06649	0.05180	0.00695	0.00505	0.00154	0.00467	0.00554	0.00509	0.03428
4	0.39540	0.01043	0.01009	0.00845	0.01158	0.01149	0.00682	0.28210	0.01415	0.05216	0.01179	0.11097	0.01023	0.00649	0.00425	0.00156	0.00432	0.00485	0.00405	0.03882
5	0.01008	0.00978	0.01509	0.45317	0.02478	0.01296	0.01252	0.01240	0.00892	0.01240	0.00782	0.01222	0.00660	0.00667	0.01010	0.00189	0.37050	0.00440	0.00220	0.00550
6	0.04665	0.33854	0.06066	0.01044	0.01435	0.16485	0.00936	0.21697	0.06304	0.01817	0.00935	0.01003	0.00746	0.00508	0.00411	0.00130	0.00603	0.00349	0.00318	0.00694
7	0.01156	0.01105	0.01882	0.23937	0.59106	0.01164	0.01491	0.01461	0.01098	0.01534	0.00924	0.01259	0.00756	0.00459	0.00495	0.00153	0.00611	0.00444	0.00240	0.00727
8	0.10584	0.01494	0.01787	0.01410	0.01719	0.18918	0.21383	0.17535	0.01358	0.01828	0.00892	0.01108	0.00707	0.00571	0.00712	0.00164	0.16440	0.00436	0.00304	0.00649
9	0.01156	0.01105	0.01882	0.23937	0.59106	0.01164	0.01491	0.01461	0.01098	0.01534	0.00924	0.01259	0.00756	0.00459	0.00495	0.00153	0.00611	0.00444	0.00240	0.00727
10	0.01021	0.00995	0.01512	0.38753	0.02303	0.01330	0.01228	0.01234	0.00873	0.01234	0.00763	0.01202	0.00659	0.00697	0.01103	0.00194	0.43691	0.00439	0.00220	0.00549
11	0.01544	0.01274	0.01703	0.01996	0.36526	0.01358	0.01196	0.37289	0.08049	0.02374	0.01148	0.01268	0.00877	0.00535	0.00497	0.00150	0.00555	0.00456	0.00386	0.00817
12	0.01156	0.01105	0.01882	0.23937	0.59106	0.01164	0.01491	0.01461	0.01098	0.01534	0.00924	0.01259	0.00756	0.00459	0.00495	0.00153	0.00611	0.00444	0.00240	0.00727

[dist]
# distance from previous block
# <min> <max>
0	1

[block]
# block no. 5 follows, 50 sequences, length 34
# corresponding to MSA columns:
# 160-193
name=unknown_F
#
# <colnr> <probs for GDERKNQSTAVLIFYWHMCP>
#	G	D	E	R	K	N	Q	S	T	A	V	L	I	F	Y	W	H	M	C	P
0	0.00963	0.00806	0.00975	0.00745	0.01107	0.00651	0.00589	0.01170	0.00980	0.01515	0.00992	0.01274	0.00866	0.03246	0.16043	0.00227	0.00560	0.00353	0.00290	0.66646
1	0.01899	0.00783	0.01057	0.00831	0.01167	0.00679	0.00677	0.02101	0.01411	0.62061	0.16963	0.02070	0.01894	0.00687	0.00514	0.00152	0.00386	0.00573	0.00593	0.03501
2	0.00941	0.00886	0.01495	0.81285	0.03433	0.01107	0.01384	0.01274	0.00997	0.01274	0.00886	0.01329	0.00664	0.00498	0.00498	0.00166	0.00664	0.00443	0.00221	0.00554
3	0.00607	0.00434	0.00578	0.00694	0.00723	0.00405	0.00463	0.00694	0.00954	0.01272	0.02747	0.82157	0.03297	0.01562	0.00636	0.00202	0.00289	0.01417	0.00463	0.00405
4	0.01234	0.01184	0.02023	0.03059	0.79373	0.01184	0.01530	0.01530	0.01135	0.01628	0.00938	0.01234	0.00790	0.00444	0.00493	0.00148	0.00592	0.00444	0.00247	0.00790
5	0.01862	0.02376	0.01413	0.01284	0.01541	0.80482	0.00963	0.01990	0.01413	0.01220	0.00770	0.00899	0.00642	0.00514	0.00449	0.00128	0.00899	0.00321	0.00257	0.00578
6	0.00652	0.00507	0.00592	0.00571	0.00712	0.00447	0.00428	0.00837	0.01284	0.01697	0.44883	0.04219	0.39118	0.01131	0.00588	0.00162	0.00243	0.00971	0.00509	0.00447
7	0.01333	0.82783	0.02612	0.00853	0.01279	0.01972	0.00853	0.01493	0.01013	0.01173	0.00693	0.00800	0.00640	0.00426	0.00320	0.00107	0.00533	0.00267	0.00213	0.00640
8	0.00941	0.00886	0.01495	0.81285	0.03433	0.01107	0.01384	0.01274	0.00997	0.01274	0.00886	0.01329	0.00664	0.00498	0.00498	0.00166	0.00664	0.00443	0.00221	0.00554
9	0.01798	0.01348	0.01441	0.01127	0.01509	0.01501	0.00924	0.66625	0.13587	0.02985	0.01320	0.01295	0.00947	0.00610	0.00500	0.00152	0.00526	0.00466	0.00500	0.00839
10	0.01433	0.01167	0.01236	0.01053	0.01370	0.01330	0.00836	0.24742	0.56065	0.02396	0.01784	0.01665	0.01323	0.00653	0.00505	0.00163	0.00440	0.00530	0.00505	0.00806
11	0.40949	0.00902	0.00961	0.00780	0.01130	0.00911	0.00644	0.01984	0.01159	0.43910	0.01378	0.01287	0.00913	0.00546	0.00412	0.00154	0.00406	0.00394	0.00474	0.00706
12	0.01183	0.01326	0.02834	0.02213	0.11592	0.01252	0.68662	0.01589	0.01172	0.01600	0.01000	0.01332	0.00760	0.00423	0.00577	0.00166	0.00811	0.00571	0.00251	0.00686
13	0.01251	0.10636	0.01301	0.00995	0.01294	0.01326	0.00796	0.02513	0.69405	0.01978	0.01872	0.01736	0.01418	0.00647	0.00485	0.00162	0.00411	0.00529	0.00473	0.00771
14	0.00948	0.01084	0.10673	0.71936	0.03284	0.01113	0.01438	0.01309	0.01003	0.01309	0.00887	0.01297	0.00661	0.00495	0.00495	0.00165	0.00673	0.00434	0.00220	0.00575
15	0.01020	0.02434	0.70891	0.01500	0.02210	0.01170	0.10706	0.01581	0.01067	0.01581	0.00908	0.01087	0.00646	0.00467	0.00487	0.00159	0.00749	0.00394	0.00215	0.00729
16	0.00705	0.00510	0.00666	0.00627	0.00745	0.00470	0.00470	0.00941	0.01411	0.01999	0.79110	0.03723	0.04703	0.01019	0.00588	0.00157	0.00235	0.00901	0.00549	0.00470
17	0.01240	0.01071	0.01127	0.01014	0.01296	0.01240	0.00789	0.02649	0.78473	0.02085	0.02029	0.01860	0.01522	0.00676	0.00507	0.00169	0.00394	0.00564	0.00507	0.00789
18	0.00705	0.00510	0.00666	0.00627	0.00745	0.00470	0.00470	0.00941	0.01411	0.01999	0.79110	0.03723	0.04703	0.01019	0.00588	0.00157	0.00235	0.00901	0.00549	0.00470
19	0.01862	0.02376	0.01413	0.01284	0.01541	0.80482	0.00963	0.01990	0.01413	0.01220	0.00770	0.00899	0.00642	0.00514	0.00449	0.00128	0.00899	0.00321	0.00257	0.00578
20	0.01891	0.01511	0.01486	0.01163	0.01545	0.10786	0.00949	0.68847	0.02235	0.02916	0.01147	0.01162	0.00824	0.00588	0.00493	0.00147	0.00590	0.00434	0.00470	0.00816
21	0.00705	0.00510	0.00666	0.00627	0.00745	0.00470	0.00470	0.00941	0.01411	0.01999	0.79110	0.03723	0.04703	0.01019	0.00588	0.00157	0.00235	0.00901	0.00549	0.00470
22	0.01240	0.01071	0.01127	0.01014	0.01296	0.01240	0.00789	0.02649	0.78473	0.02085	0.02029	0.01860	0.01522	0.00676	0.00507	0.00169	0.00394	0.00564	0.00507	0.00789
23	0.00692	0.00509	0.00647	0.00613	0.00736	0.00465	0.00460	0.00914	0.01379	0.01922	0.70441	0.03849	0.13421	0.01047	0.00588	0.00158	0.00237	0.00919	0.00539	0.00465
24	0.00710	0.00496	0.00596	0.00579	0.00639	0.00475	0.00380	0.00820	0.01048	0.01442	0.36121	0.03537	0.06626	0.42643	0.01584	0.00324	0.00363	0.00818	0.00419	0.00382
25	0.00589	0.00505	0.00505	0.00505	0.00673	0.00421	0.00379	0.00715	0.01136	0.01347	0.05049	0.04797	0.79171	0.01262	0.00589	0.00168	0.00252	0.01052	0.00463	0.00421
26	0.01240	0.01071	0.01127	0.01014	0.01296	0.01240	0.00789	0.02649	0.78473	0.02085	0.02029	0.01860	0.01522	0.00676	0.00507	0.00169	0.00394	0.00564	0.00507	0.00789
27	0.01000	0.02578	0.79900	0.01421	0.02157	0.01158	0.01842	0.01579	0.01052	0.01579	0.00895	0.01052	0.00631	0.00474	0.00474	0.00158	0.00737	0.00368	0.00210	0.00737
28	0.00712	0.00534	0.00801	0.00801	0.00890	0.00623	0.00623	0.00890	0.00801	0.01157	0.01335	0.01958	0.01246	0.03738	0.80507	0.00801	0.01335	0.00534	0.00267	0.00445
29	0.01234	0.01184	0.02023	0.03059	0.79373	0.01184	0.01530	0.01530	0.01135	0.01628	0.00938	0.01234	0.00790	0.00444	0.00493	0.00148	0.00592	0.00444	0.00247	0.00790
30	0.01648	0.00867	0.01097	0.00814	0.01228	0.00699	0.00663	0.01855	0.01235	0.41542	0.01438	0.01372	0.00992	0.00496	0.00437	0.00115	0.00397	0.00401	0.00460	0.42244
31	0.01234	0.01184	0.02023	0.03059	0.79373	0.01184	0.01530	0.01530	0.01135	0.01628	0.00938	0.01234	0.00790	0.00444	0.00493	0.00148	0.00592	0.00444	0.00247	0.00790
32	0.00998	0.00842	0.00958	0.00717	0.01104	0.00669	0.00570	0.05667	0.01131	0.01660	0.01716	0.01777	0.16028	0.00557	0.00420	0.00097	0.00357	0.00452	0.00340	0.63943
33	0.00929	0.00698	0.00832	0.00732	0.00930	0.00677	0.00573	0.13101	0.03560	0.02063	0.47448	0.03250	0.10517	0.00931	0.00559	0.00154	0.00313	0.04655	0.00506	0.07570

[dist]
# distance from previous block
# <min> <max>
6	8

[block]
# block no. 6 follows, 50 sequences, length 12
# corresponding to MSA columns:
# 204-215
name=unknown_G
#
# <colnr> <probs for GDERKNQSTAVLIFYWHMCP>
#	G	D	E	R	K	N	Q	S	T	A	V	L	I	F	Y	W	H	M	C	P
0	0.01604	0.06862	0.23922	0.01206	0.01703	0.01462	0.01196	0.51200	0.01892	0.02572	0.01079	0.01131	0.00773	0.00552	0.00480	0.00149	0.00601	0.00414	0.00398	0.00803
1	0.01176	0.01997	0.43043	0.01622	0.02235	0.01243	0.28090	0.11357	0.01261	0.01785	0.00973	0.01173	0.00703	0.00471	0.00517	0.00160	0.00749	0.00455	0.00262	0.00728
2	0.01823	0.11843	0.01639	0.01109	0.01512	0.01600	0.00935	0.67928	0.02173	0.02889	0.01132	0.01146	0.00821	0.00576	0.00476	0.00144	0.00547	0.00425	0.00462	0.00821
3	0.00717	0.00483	0.00559	0.00567	0.00573	0.00486	0.00329	0.00732	0.00743	0.00996	0.01632	0.08165	0.01876	0.73250	0.06510	0.00482	0.00516	0.00758	0.00310	0.00316
4	0.01579	0.01180	0.01256	0.00991	0.01334	0.01273	0.00810	0.59062	0.02051	0.02707	0.02130	0.02069	0.19819	0.00759	0.00521	0.00154	0.00477	0.00595	0.00490	0.00744
5	0.00952	0.02093	0.60741	0.01299	0.01885	0.01016	0.01590	0.01446	0.01075	0.01557	0.01317	0.02159	0.01173	0.00692	0.00526	0.00175	0.00669	0.18692	0.00271	0.00669
6	0.01611	0.01175	0.01265	0.01001	0.01303	0.01288	0.00791	0.59064	0.01951	0.02615	0.01287	0.01697	0.01081	0.20432	0.00992	0.00230	0.00533	0.00516	0.00451	0.00716
7	0.01421	0.01643	0.01167	0.01118	0.01313	0.48303	0.00870	0.01582	0.01250	0.01276	0.01314	0.02213	0.01278	0.01241	0.13363	0.00261	0.00862	0.18690	0.00307	0.00528
8	0.01432	0.49724	0.01921	0.00805	0.01180	0.01423	0.00748	0.01595	0.01133	0.20226	0.01701	0.01659	0.13394	0.00607	0.00407	0.00128	0.00462	0.00450	0.00351	0.00655
9	0.01766	0.01347	0.01501	0.01173	0.01508	0.01543	0.00970	0.65425	0.02090	0.02830	0.01110	0.01180	0.00817	0.00642	0.00681	0.00161	0.13559	0.00447	0.00454	0.00799
10	0.01001	0.00960	0.01615	0.49059	0.02755	0.01025	0.13425	0.01321	0.01034	0.01410	0.00906	0.01260	0.00697	0.00454	0.00481	0.00144	0.00621	0.00431	0.00244	0.21155
11	0.01372	0.01026	0.01109	0.00919	0.01202	0.01090	0.00732	0.46694	0.01828	0.02406	0.02379	0.15070	0.20212	0.00914	0.00543	0.00163	0.00435	0.00750	0.00484	0.00673

[dist]
# distance from previous block
# <min> <max>
0	5

# created by:
# /st0/software/busco_prod/Augustus/scripts/msa2prfl.pl ./align_prep/73041.fa
