[name]
unknown

[dist]
# distance from previous block
# <min> <max>
0	58

[block]
# block no. 0 follows, 40 sequences, length 56
# corresponding to MSA columns:
# 58-113
name=unknown_A
#
# <colnr> <probs for GDERKNQSTAVLIFYWHMCP>
#	G	D	E	R	K	N	Q	S	T	A	V	L	I	F	Y	W	H	M	C	P
0	0.00937	0.00669	0.00937	0.01071	0.01205	0.00669	0.00937	0.01205	0.01339	0.01740	0.03079	0.06560	0.03347	0.01606	0.00803	0.00268	0.00535	0.72021	0.00535	0.00535
1	0.01110	0.01046	0.01765	0.75607	0.06472	0.01295	0.01621	0.01496	0.01168	0.01500	0.01036	0.01547	0.00780	0.00579	0.00581	0.00193	0.00772	0.00517	0.00259	0.00655
2	0.01439	0.01382	0.02360	0.03569	0.75936	0.01382	0.01785	0.01785	0.01324	0.01900	0.01094	0.01439	0.00921	0.00518	0.00576	0.00173	0.00691	0.00518	0.00288	0.00921
3	0.01272	0.01070	0.01189	0.01090	0.01353	0.01212	0.00853	0.02476	0.51638	0.02329	0.18138	0.02905	0.02647	0.00938	0.00671	0.00201	0.03060	0.05566	0.00587	0.00805
4	0.01010	0.00505	0.00758	0.00758	0.00758	0.00505	0.00505	0.00758	0.00758	0.01010	0.01010	0.01768	0.01010	0.02020	0.02273	0.83081	0.00505	0.00505	0.00253	0.00253
5	0.00787	0.00593	0.00727	0.00694	0.00847	0.00533	0.00520	0.01027	0.01561	0.02129	0.57073	0.04677	0.24169	0.01264	0.00686	0.00186	0.00280	0.01098	0.00614	0.00533
6	0.01408	0.01335	0.02205	0.03204	0.65875	0.01300	0.01637	0.01741	0.01308	0.01899	0.01086	0.01408	0.00913	0.00506	0.00556	0.00161	0.00656	0.00495	0.00296	0.12013
7	0.01189	0.01147	0.02005	0.56964	0.18501	0.01325	0.07456	0.01577	0.01212	0.01600	0.01057	0.01529	0.00813	0.00561	0.00589	0.00190	0.00775	0.00531	0.00267	0.00713
8	0.01434	0.32832	0.41843	0.01349	0.02034	0.01681	0.01595	0.01882	0.01245	0.07648	0.01052	0.01173	0.00797	0.00545	0.00485	0.00161	0.00737	0.00396	0.00285	0.00826
9	0.02156	0.08775	0.01745	0.01414	0.01751	0.60958	0.01093	0.06868	0.01681	0.06908	0.01023	0.01128	0.00813	0.00606	0.00520	0.00151	0.00949	0.00394	0.00343	0.00722
10	0.00692	0.00571	0.00608	0.00637	0.00798	0.00487	0.00463	0.00829	0.01280	0.01552	0.05313	0.21444	0.60226	0.01548	0.00699	0.00205	0.00304	0.01319	0.00540	0.00487
11	0.00809	0.00618	0.00882	0.00882	0.01000	0.00691	0.00684	0.01007	0.00994	0.01383	0.02215	0.02787	0.12724	0.03923	0.65636	0.00823	0.01366	0.00715	0.00346	0.00515
12	0.00990	0.00808	0.01122	0.01109	0.06170	0.00847	0.00789	0.01187	0.01005	0.01482	0.01382	0.02096	0.01314	0.11996	0.40566	0.00601	0.07322	0.00573	0.00317	0.18324
13	0.01418	0.01355	0.02306	0.03472	0.73361	0.01353	0.01742	0.01761	0.01335	0.01915	0.03650	0.01539	0.01078	0.00541	0.00579	0.00173	0.00677	0.00536	0.00300	0.00908
14	0.01206	0.01034	0.01206	0.00861	0.01378	0.00775	0.00689	0.01464	0.01206	0.01895	0.01034	0.01206	0.00861	0.00431	0.00431	0.00086	0.00431	0.00345	0.00345	0.83118
15	0.00839	0.00561	0.00636	0.00642	0.00644	0.00560	0.00361	0.00844	0.00858	0.01144	0.01896	0.07320	0.02195	0.75938	0.02856	0.00549	0.00553	0.00883	0.00361	0.00358
16	0.00831	0.00623	0.00935	0.00935	0.01038	0.00727	0.00727	0.01038	0.00935	0.01350	0.01558	0.02285	0.01454	0.04361	0.77259	0.00935	0.01558	0.00623	0.00312	0.00519
17	0.01427	0.01369	0.02338	0.06330	0.73274	0.01378	0.01778	0.01774	0.01318	0.01885	0.01092	0.01443	0.00916	0.00520	0.00576	0.00173	0.00694	0.00518	0.00287	0.00911
18	0.01333	0.01492	0.03188	0.13352	0.03178	0.01445	0.63427	0.01808	0.01342	0.01808	0.01156	0.01566	0.00867	0.00503	0.00671	0.00196	0.00951	0.00662	0.00289	0.00764
19	0.01439	0.01382	0.02360	0.03569	0.75936	0.01382	0.01785	0.01785	0.01324	0.01900	0.01094	0.01439	0.00921	0.00518	0.00576	0.00173	0.00691	0.00518	0.00288	0.00921
20	0.01235	0.00904	0.01052	0.00997	0.01184	0.00945	0.00740	0.25766	0.03187	0.02246	0.02572	0.51120	0.02831	0.01418	0.00685	0.00214	0.00443	0.01248	0.00555	0.00657
21	0.01288	0.01182	0.01947	0.07985	0.54852	0.01199	0.01465	0.01562	0.01210	0.01705	0.01249	0.01956	0.01168	0.17545	0.01090	0.00258	0.00669	0.00589	0.00300	0.00780
22	0.00846	0.00611	0.00816	0.00918	0.01026	0.00591	0.00738	0.01051	0.01285	0.01686	0.09549	0.24178	0.09416	0.05248	0.00869	0.00261	0.00446	0.39419	0.00537	0.00509
23	0.01081	0.00846	0.00928	0.00891	0.01035	0.00925	0.00619	0.01792	0.32251	0.01730	0.02249	0.13547	0.02210	0.35427	0.01650	0.00363	0.00489	0.00878	0.00480	0.00610
24	0.00754	0.00525	0.00661	0.00751	0.00774	0.00503	0.00478	0.00822	0.01025	0.01366	0.02749	0.54165	0.03271	0.27625	0.01478	0.00345	0.00413	0.01385	0.00478	0.00433
25	0.00741	0.00546	0.00641	0.00701	0.00804	0.00493	0.00489	0.00877	0.01220	0.01605	0.09155	0.39563	0.28675	0.05203	0.00800	0.00227	0.00324	0.01350	0.06104	0.00483
26	0.41629	0.00811	0.00764	0.00788	0.00982	0.00883	0.00584	0.01253	0.01052	0.02039	0.02024	0.40593	0.02260	0.01190	0.00554	0.00208	0.00393	0.00993	0.00451	0.00550
27	0.00770	0.00581	0.00711	0.00702	0.00842	0.00522	0.00518	0.00985	0.01485	0.02005	0.46394	0.14792	0.24860	0.01353	0.00694	0.00194	0.00288	0.01182	0.00599	0.00522
28	0.00785	0.00570	0.00657	0.00688	0.00763	0.00535	0.00460	0.00874	0.01093	0.01408	0.06687	0.17505	0.22392	0.35998	0.01708	0.00370	0.00437	0.06177	0.00461	0.00432
29	0.09181	0.00635	0.00775	0.00805	0.00927	0.00613	0.00569	0.01155	0.01218	0.09471	0.13499	0.46924	0.03396	0.07035	0.00838	0.00240	0.00372	0.01262	0.00542	0.00544
30	0.01018	0.00737	0.00915	0.00911	0.01065	0.00737	0.00714	0.10880	0.01527	0.02052	0.22033	0.18266	0.07122	0.07676	0.00899	0.00247	0.00435	0.21641	0.00556	0.00572
31	0.52015	0.01253	0.01159	0.00956	0.01355	0.01398	0.00788	0.22287	0.01555	0.10731	0.01133	0.01182	0.00817	0.00604	0.00447	0.00178	0.00508	0.00403	0.00461	0.00770
32	0.00724	0.00582	0.00628	0.00629	0.00787	0.00505	0.00456	0.00874	0.01315	0.01639	0.15979	0.09913	0.53423	0.08872	0.00907	0.00232	0.00320	0.01191	0.00537	0.00485
33	0.01189	0.00877	0.01022	0.00937	0.01149	0.00896	0.00724	0.22241	0.01762	0.02365	0.21493	0.23757	0.11640	0.01277	0.00679	0.00202	0.00419	0.06144	0.00577	0.00649
34	0.00845	0.00568	0.00655	0.00655	0.00662	0.00575	0.00378	0.00859	0.00852	0.01143	0.01814	0.03703	0.02069	0.74475	0.07987	0.00589	0.00631	0.00831	0.00350	0.00364
35	0.00752	0.00568	0.00618	0.00636	0.00734	0.00517	0.00420	0.00836	0.01110	0.01386	0.03944	0.14827	0.37283	0.31998	0.01582	0.00345	0.00405	0.01136	0.00467	0.00434
36	0.07593	0.00884	0.01053	0.00883	0.01199	0.00837	0.00705	0.06778	0.05193	0.30490	0.19095	0.03153	0.17778	0.00970	0.00612	0.00185	0.00409	0.00802	0.00623	0.00758
37	0.00831	0.00623	0.00935	0.00935	0.01038	0.00727	0.00727	0.01038	0.00935	0.01350	0.01558	0.02285	0.01454	0.04361	0.77259	0.00935	0.01558	0.00623	0.00312	0.00519
38	0.01373	0.01569	0.03431	0.02451	0.03039	0.01471	0.73824	0.01863	0.01373	0.01863	0.01176	0.01569	0.00882	0.00490	0.00686	0.00196	0.00980	0.00686	0.00294	0.00784
39	0.01320	0.00677	0.00876	0.00832	0.01016	0.00607	0.00607	0.01462	0.01306	0.24858	0.06616	0.35017	0.11082	0.09787	0.00923	0.00247	0.00403	0.01155	0.00581	0.00627
40	0.00878	0.00643	0.00856	0.00947	0.06821	0.00643	0.00583	0.01017	0.01137	0.01579	0.22776	0.07248	0.02972	0.36985	0.12039	0.00458	0.00615	0.00887	0.00433	0.00482
41	0.01270	0.00926	0.01123	0.01002	0.01198	0.01025	0.00775	0.23774	0.01497	0.02044	0.01641	0.02544	0.01543	0.19279	0.33590	0.00585	0.01007	0.04130	0.00416	0.00631
42	0.00821	0.00599	0.00692	0.00706	0.00871	0.00525	0.00529	0.00988	0.01345	0.05323	0.14409	0.19731	0.43624	0.01475	0.00701	0.00206	0.00326	0.06046	0.00562	0.00522
43	0.02016	0.02136	0.01655	0.01539	0.07077	0.41471	0.01115	0.22603	0.06849	0.02148	0.01199	0.01386	0.00966	0.04495	0.00668	0.00182	0.00843	0.00469	0.00401	0.00782
44	0.01388	0.01531	0.03243	0.02333	0.02894	0.01448	0.67450	0.05349	0.01429	0.01936	0.01265	0.04545	0.01002	0.00552	0.00683	0.00197	0.00939	0.00716	0.00318	0.00782
45	0.03903	0.00531	0.00681	0.00803	0.00848	0.00507	0.00538	0.00845	0.01101	0.01518	0.03075	0.74074	0.03674	0.03939	0.00789	0.00243	0.00348	0.01579	0.00528	0.00475
46	0.01504	0.01151	0.01596	0.01256	0.01634	0.04712	0.13475	0.07504	0.01425	0.14808	0.01746	0.17901	0.01597	0.00842	0.00651	0.00171	0.04099	0.00746	0.00455	0.22726
47	0.14685	0.10825	0.01655	0.06372	0.01741	0.14238	0.04503	0.07942	0.12644	0.04819	0.01235	0.01338	0.00958	0.00585	0.00494	0.00157	0.00635	0.00441	0.00391	0.14342
48	0.04589	0.09914	0.03900	0.01023	0.01330	0.01139	0.02102	0.13455	0.09508	0.10854	0.16431	0.18775	0.02570	0.01011	0.00607	0.00188	0.00471	0.00859	0.00539	0.00735
49	0.04725	0.01727	0.15582	0.01252	0.01762	0.07413	0.02799	0.20440	0.11580	0.02390	0.01456	0.01523	0.03503	0.00625	0.00533	0.00157	0.00627	0.00488	0.00423	0.20998
50	0.01779	0.01596	0.14174	0.07470	0.01948	0.01424	0.01222	0.27911	0.17725	0.12452	0.01619	0.01642	0.01160	0.00746	0.00655	0.03912	0.00624	0.00543	0.00505	0.00892
51	0.01360	0.12745	0.01469	0.00988	0.01376	0.04637	0.00831	0.05574	0.03061	0.05948	0.03431	0.02402	0.06137	0.00770	0.00576	0.00150	0.03143	0.11370	0.00413	0.33620
52	0.04782	0.00794	0.01109	0.01162	0.08631	0.00781	0.02406	0.03121	0.01056	0.01534	0.01549	0.20364	0.01635	0.01392	0.01262	0.30108	0.04120	0.00757	0.00355	0.13082
53	0.01821	0.01470	0.01423	0.11274	0.01821	0.19734	0.01008	0.15095	0.01699	0.18056	0.05331	0.08146	0.06765	0.00841	0.00630	0.00181	0.02791	0.00665	0.00487	0.00760
54	0.12345	0.00803	0.00880	0.00846	0.01055	0.00806	0.00629	0.05805	0.08560	0.04818	0.06262	0.32553	0.13431	0.02506	0.00664	0.00206	0.00390	0.01074	0.00519	0.05847
55	0.01261	0.01723	0.20766	0.01595	0.02115	0.03333	0.22585	0.03830	0.10091	0.01936	0.05078	0.02023	0.08739	0.00701	0.00669	0.00184	0.04345	0.00638	0.00369	0.08020

[dist]
# distance from previous block
# <min> <max>
11	79

[block]
# block no. 1 follows, 40 sequences, length 21
# corresponding to MSA columns:
# 204-215,229-237
name=unknown_B
#
# <colnr> <probs for GDERKNQSTAVLIFYWHMCP>
#	G	D	E	R	K	N	Q	S	T	A	V	L	I	F	Y	W	H	M	C	P
0	0.01341	0.01867	0.28713	0.05299	0.10068	0.01252	0.08712	0.07180	0.06105	0.04200	0.01250	0.01527	0.00972	0.04697	0.00681	0.00188	0.00710	0.00503	0.00339	0.14394
1	0.01036	0.00967	0.01515	0.43547	0.07727	0.01087	0.04669	0.01423	0.05094	0.01605	0.02493	0.02725	0.22105	0.00837	0.00617	0.00193	0.00626	0.00734	0.00359	0.00641
2	0.01331	0.01548	0.13725	0.09196	0.42519	0.01359	0.01666	0.01845	0.08618	0.01871	0.01298	0.01758	0.01088	0.00644	0.00662	0.00189	0.05094	0.04418	0.00321	0.00851
3	0.00726	0.00586	0.00615	0.00611	0.00770	0.00508	0.00438	0.00863	0.01281	0.01576	0.12208	0.05186	0.56949	0.13902	0.01050	0.00254	0.00335	0.01149	0.00520	0.00475
4	0.00745	0.00562	0.00667	0.00696	0.00807	0.00508	0.00488	0.00894	0.01289	0.01686	0.21983	0.27409	0.28419	0.10019	0.00951	0.00245	0.00332	0.01271	0.00544	0.00485
5	0.01078	0.01000	0.01671	0.66192	0.07739	0.01215	0.01517	0.01435	0.01167	0.01509	0.01255	0.09345	0.01092	0.00702	0.00597	0.00197	0.00726	0.00631	0.00288	0.00644
6	0.83671	0.01125	0.00855	0.00765	0.01125	0.01305	0.00630	0.01709	0.00990	0.02609	0.00810	0.00945	0.00630	0.00540	0.00360	0.00180	0.00450	0.00315	0.00360	0.00630
7	0.00835	0.00718	0.00730	0.00705	0.00927	0.00677	0.00535	0.01273	0.15640	0.01739	0.05205	0.04930	0.61314	0.01340	0.00669	0.00197	0.00327	0.01116	0.00550	0.00575
8	0.01098	0.01034	0.01744	0.78165	0.04005	0.01292	0.01615	0.01486	0.01163	0.01486	0.01034	0.01550	0.00775	0.00581	0.00581	0.00194	0.00775	0.00517	0.00258	0.00646
9	0.00862	0.00636	0.00774	0.00823	0.00932	0.00612	0.00581	0.08139	0.01339	0.01764	0.07542	0.55644	0.14920	0.01619	0.00714	0.00221	0.00357	0.01440	0.00550	0.00531
10	0.01080	0.00826	0.01194	0.26488	0.05458	0.00903	0.00946	0.04331	0.01257	0.05026	0.14732	0.06863	0.03772	0.21775	0.02689	0.00304	0.00590	0.00779	0.00409	0.00579
11	0.01555	0.79913	0.03047	0.00995	0.01493	0.02301	0.00995	0.01741	0.01182	0.01368	0.00808	0.00933	0.00746	0.00498	0.00373	0.00124	0.00622	0.00311	0.00249	0.00746
12	0.00894	0.00675	0.00849	0.00855	0.00991	0.00694	0.00637	0.08200	0.01263	0.01677	0.03068	0.29837	0.18510	0.02474	0.26044	0.00452	0.00762	0.01106	0.00468	0.00544
13	0.01502	0.64079	0.02867	0.01144	0.01568	0.02182	0.04322	0.01693	0.01145	0.01395	0.00818	0.01015	0.00755	0.00579	0.00627	0.00148	0.12820	0.00359	0.00252	0.00731
14	0.01938	0.01245	0.01490	0.10777	0.01805	0.06550	0.01029	0.16188	0.01614	0.28895	0.01590	0.01824	0.01187	0.08608	0.01013	0.00228	0.12147	0.00564	0.00500	0.00809
15	0.00831	0.00623	0.00935	0.00935	0.01038	0.00727	0.00727	0.01038	0.00935	0.01350	0.01558	0.02285	0.01454	0.04361	0.77259	0.00935	0.01558	0.00623	0.00312	0.00519
16	0.01629	0.01485	0.01907	0.02022	0.22824	0.08423	0.08639	0.20749	0.13596	0.02356	0.01580	0.09287	0.01349	0.00744	0.00603	0.00184	0.00668	0.00659	0.00440	0.00857
17	0.01190	0.04133	0.19245	0.05200	0.06020	0.01037	0.04774	0.01569	0.01263	0.01882	0.07765	0.01534	0.01245	0.00546	0.00509	0.00135	0.00584	0.00463	0.00335	0.40574
18	0.05950	0.01750	0.01551	0.09945	0.12519	0.30476	0.01121	0.09015	0.01564	0.01869	0.05060	0.01840	0.09052	0.00705	0.00555	0.00165	0.00744	0.00544	0.00369	0.05207
19	0.01217	0.01115	0.08632	0.01103	0.05462	0.00953	0.00851	0.10344	0.06216	0.03986	0.05057	0.02472	0.01650	0.27857	0.09077	0.00374	0.00669	0.00645	0.00401	0.11918
20	0.13837	0.07448	0.17285	0.12546	0.02061	0.04752	0.04300	0.09479	0.03898	0.04602	0.09100	0.01624	0.01334	0.00641	0.00532	0.00174	0.00648	0.00510	0.00380	0.04848

[dist]
# distance from previous block
# <min> <max>
0	3

[block]
# block no. 2 follows, 40 sequences, length 25
# corresponding to MSA columns:
# 241-265
name=unknown_C
#
# <colnr> <probs for GDERKNQSTAVLIFYWHMCP>
#	G	D	E	R	K	N	Q	S	T	A	V	L	I	F	Y	W	H	M	C	P
0	0.39040	0.01074	0.01358	0.03512	0.04732	0.01122	0.11088	0.01750	0.01262	0.12328	0.12300	0.03552	0.03244	0.00702	0.00517	0.00184	0.00520	0.00578	0.00442	0.00695
1	0.01570	0.01413	0.01881	0.02446	0.41191	0.09142	0.01376	0.06056	0.09716	0.06861	0.04122	0.03947	0.01351	0.00669	0.00583	0.00175	0.00648	0.02605	0.00397	0.03852
2	0.00846	0.00564	0.00634	0.00634	0.00634	0.00564	0.00352	0.00846	0.00846	0.01128	0.01832	0.03805	0.02114	0.79563	0.02960	0.00564	0.00564	0.00846	0.00352	0.00352
3	0.01137	0.01064	0.01787	0.64072	0.14303	0.01274	0.01586	0.01502	0.01173	0.01531	0.01076	0.01629	0.00853	0.03900	0.00681	0.00206	0.00754	0.00531	0.00267	0.00674
4	0.01084	0.00542	0.00542	0.00542	0.00678	0.00542	0.00407	0.01355	0.01220	0.02168	0.01897	0.02168	0.01491	0.00678	0.00407	0.00136	0.00271	0.00542	0.82791	0.00542
5	0.00714	0.00512	0.00670	0.00793	0.00832	0.00477	0.00528	0.00812	0.01110	0.01472	0.03252	0.72993	0.06617	0.05186	0.00836	0.00249	0.00346	0.01601	0.00532	0.00468
6	0.01774	0.39455	0.02490	0.01263	0.01739	0.04631	0.08953	0.17335	0.07237	0.08113	0.01218	0.01285	0.00948	0.00584	0.00491	0.00154	0.00658	0.00448	0.00391	0.00833
7	0.47343	0.01346	0.01211	0.01011	0.01401	0.03512	0.00826	0.25772	0.08044	0.02911	0.01142	0.01204	0.00852	0.00616	0.00458	0.00179	0.00530	0.00415	0.00452	0.00775
8	0.18216	0.01536	0.01500	0.09468	0.03947	0.11963	0.01055	0.30917	0.06174	0.02645	0.01285	0.04699	0.01025	0.00696	0.00566	0.00180	0.02363	0.00517	0.00447	0.00801
9	0.01346	0.01319	0.04615	0.23110	0.45254	0.01346	0.04426	0.01700	0.01261	0.03524	0.01111	0.01523	0.00906	0.02242	0.00684	0.00191	0.03805	0.00529	0.00289	0.00819
10	0.04699	0.05771	0.65627	0.01573	0.02353	0.01390	0.01972	0.01840	0.01214	0.03741	0.01045	0.01225	0.00752	0.00573	0.00592	0.00184	0.03919	0.00427	0.00263	0.00840
11	0.00711	0.00584	0.00626	0.00628	0.00803	0.00499	0.00466	0.00877	0.01365	0.01693	0.17396	0.10316	0.59122	0.01449	0.00691	0.00197	0.00294	0.01226	0.00557	0.00499
12	0.01654	0.01171	0.01428	0.04009	0.01626	0.01087	0.03104	0.21316	0.01686	0.13319	0.01464	0.06478	0.01173	0.00644	0.00528	0.00141	0.00521	0.00531	0.00472	0.37647
13	0.00923	0.00536	0.00693	0.00693	0.00693	0.00536	0.00425	0.00804	0.00804	0.01072	0.01444	0.02842	0.01592	0.42916	0.02635	0.39562	0.00536	0.00685	0.00305	0.00305
14	0.01523	0.32749	0.28030	0.03301	0.03948	0.03368	0.01435	0.06561	0.03582	0.06833	0.01090	0.01214	0.00843	0.00572	0.00523	0.00161	0.02719	0.00412	0.00314	0.00821
15	0.01172	0.01035	0.01638	0.32395	0.12714	0.01268	0.01324	0.01356	0.01033	0.01424	0.00968	0.01508	0.00841	0.00978	0.01265	0.17155	0.20550	0.00513	0.00260	0.00601
16	0.00772	0.00563	0.00727	0.00749	0.00853	0.00517	0.00537	0.00975	0.01432	0.01973	0.44600	0.31023	0.10243	0.01435	0.00706	0.00203	0.00298	0.01279	0.00597	0.00517
17	0.02172	0.02772	0.01648	0.01498	0.01798	0.77228	0.01124	0.02322	0.01648	0.01423	0.00899	0.01049	0.00749	0.00599	0.00524	0.00150	0.01049	0.00375	0.00300	0.00674
18	0.01555	0.79913	0.03047	0.00995	0.01493	0.02301	0.00995	0.01741	0.01182	0.01368	0.00808	0.00933	0.00746	0.00498	0.00373	0.00124	0.00622	0.00311	0.00249	0.00746
19	0.01751	0.55362	0.02602	0.01155	0.01590	0.26147	0.01036	0.01926	0.01330	0.01386	0.00837	0.00970	0.00747	0.00530	0.00421	0.00132	0.00758	0.00331	0.00265	0.00723
20	0.00833	0.00615	0.00892	0.00892	0.00982	0.00704	0.00674	0.01011	0.00922	0.01319	0.01596	0.02498	0.01546	0.14902	0.66844	0.00883	0.01418	0.00654	0.00317	0.00496
21	0.01084	0.00542	0.00542	0.00542	0.00678	0.00542	0.00407	0.01355	0.01220	0.02168	0.01897	0.02168	0.01491	0.00678	0.00407	0.00136	0.00271	0.00542	0.82791	0.00542
22	0.01555	0.79913	0.03047	0.00995	0.01493	0.02301	0.00995	0.01741	0.01182	0.01368	0.00808	0.00933	0.00746	0.00498	0.00373	0.00124	0.00622	0.00311	0.00249	0.00746
23	0.01084	0.00542	0.00542	0.00542	0.00678	0.00542	0.00407	0.01355	0.01220	0.02168	0.01897	0.02168	0.01491	0.00678	0.00407	0.00136	0.00271	0.00542	0.82791	0.00542
24	0.01087	0.01472	0.21385	0.01113	0.01596	0.00937	0.03123	0.01481	0.03519	0.01855	0.08526	0.07673	0.08914	0.00773	0.00603	0.00156	0.03504	0.00641	0.00381	0.31261

[dist]
# distance from previous block
# <min> <max>
0	1

[block]
# block no. 3 follows, 40 sequences, length 47
# corresponding to MSA columns:
# 267-313
name=unknown_D
#
# <colnr> <probs for GDERKNQSTAVLIFYWHMCP>
#	G	D	E	R	K	N	Q	S	T	A	V	L	I	F	Y	W	H	M	C	P
0	0.01555	0.79913	0.03047	0.00995	0.01493	0.02301	0.00995	0.01741	0.01182	0.01368	0.00808	0.00933	0.00746	0.00498	0.00373	0.00124	0.00622	0.00311	0.00249	0.00746
1	0.83671	0.01125	0.00855	0.00765	0.01125	0.01305	0.00630	0.01709	0.00990	0.02609	0.00810	0.00945	0.00630	0.00540	0.00360	0.00180	0.00450	0.00315	0.00360	0.00630
2	0.02211	0.01629	0.01745	0.01338	0.01803	0.01803	0.01105	0.73997	0.02734	0.03665	0.01396	0.01396	0.00989	0.00698	0.00582	0.00175	0.00640	0.00524	0.00582	0.00989
3	0.01555	0.79913	0.03047	0.00995	0.01493	0.02301	0.00995	0.01741	0.01182	0.01368	0.00808	0.00933	0.00746	0.00498	0.00373	0.00124	0.00622	0.00311	0.00249	0.00746
4	0.01166	0.03008	0.76550	0.01657	0.02517	0.01351	0.02149	0.01842	0.01228	0.01842	0.01044	0.01228	0.00737	0.00552	0.00552	0.00184	0.00859	0.00430	0.00246	0.00859
5	0.01239	0.01063	0.01221	0.00906	0.01397	0.00868	0.00721	0.01689	0.11370	0.01969	0.01218	0.01339	0.00987	0.00480	0.00453	0.00101	0.00435	0.00388	0.00379	0.71779
6	0.12502	0.01504	0.04152	0.01227	0.01628	0.01619	0.01027	0.52106	0.02199	0.03130	0.01310	0.01526	0.01015	0.07247	0.00823	0.00212	0.04884	0.00519	0.00504	0.00866
7	0.01446	0.01249	0.01315	0.01183	0.01512	0.01446	0.00920	0.03090	0.74885	0.02433	0.02367	0.02170	0.01775	0.00789	0.00592	0.00197	0.00460	0.00657	0.00592	0.00920
8	0.07143	0.02524	0.01612	0.01433	0.01757	0.62875	0.01091	0.11529	0.01748	0.01785	0.00958	0.01087	0.00773	0.00608	0.00522	0.00155	0.00959	0.00390	0.00340	0.00712
9	0.02609	0.00990	0.01350	0.01035	0.01484	0.00855	0.00855	0.02834	0.01664	0.76338	0.02294	0.01979	0.01439	0.00720	0.00585	0.00180	0.00495	0.00585	0.00720	0.00990
10	0.01084	0.00542	0.00542	0.00542	0.00678	0.00542	0.00407	0.01355	0.01220	0.02168	0.01897	0.02168	0.01491	0.00678	0.00407	0.00136	0.00271	0.00542	0.82791	0.00542
11	0.01854	0.04218	0.05249	0.01324	0.03212	0.04818	0.08351	0.15792	0.08552	0.21644	0.03284	0.01633	0.01215	0.00643	0.00587	0.00165	0.02187	0.00532	0.00499	0.14240
12	0.03393	0.01885	0.07244	0.19323	0.22254	0.26928	0.05702	0.01926	0.01392	0.03107	0.01033	0.01325	0.00819	0.00565	0.00560	0.00172	0.00850	0.00470	0.00293	0.00759
13	0.83671	0.01125	0.00855	0.00765	0.01125	0.01305	0.00630	0.01709	0.00990	0.02609	0.00810	0.00945	0.00630	0.00540	0.00360	0.00180	0.00450	0.00315	0.00360	0.00630
14	0.01107	0.01034	0.01702	0.54573	0.16155	0.01201	0.01489	0.01459	0.01224	0.01596	0.04139	0.02037	0.08536	0.00682	0.00595	0.00190	0.00694	0.00607	0.00305	0.00675
15	0.00844	0.00569	0.00659	0.00659	0.00668	0.00577	0.00384	0.00862	0.00853	0.01146	0.01809	0.03679	0.02059	0.73301	0.09147	0.00595	0.00647	0.00827	0.00349	0.00366
16	0.00831	0.00621	0.00923	0.00923	0.01023	0.00721	0.00712	0.01031	0.00931	0.01341	0.01568	0.02343	0.01479	0.07273	0.74382	0.00920	0.01519	0.00632	0.00313	0.00513
17	0.01084	0.00542	0.00542	0.00542	0.00678	0.00542	0.00407	0.01355	0.01220	0.02168	0.01897	0.02168	0.01491	0.00678	0.00407	0.00136	0.00271	0.00542	0.82791	0.00542
18	0.01220	0.01338	0.09416	0.45195	0.21308	0.01334	0.01648	0.01739	0.07824	0.01708	0.01169	0.01546	0.00897	0.00582	0.00578	0.00188	0.00735	0.00521	0.00294	0.00760
19	0.00982	0.00770	0.01061	0.01214	0.11272	0.00831	0.00757	0.01279	0.08428	0.01455	0.01675	0.02707	0.01652	0.30695	0.32036	0.00621	0.00967	0.00693	0.00351	0.00555
20	0.01356	0.01515	0.03206	0.02290	0.02871	0.01400	0.66434	0.01822	0.01356	0.01866	0.01162	0.01532	0.00880	0.00484	0.00660	0.00185	0.00925	0.00652	0.00299	0.09104
21	0.01333	0.01282	0.02230	0.05041	0.56338	0.01273	0.08904	0.01671	0.01314	0.01844	0.01475	0.06110	0.03684	0.00674	0.00611	0.00185	0.00682	0.04185	0.00322	0.00842
22	0.01070	0.00989	0.01646	0.70341	0.03688	0.01217	0.01507	0.01447	0.01212	0.01571	0.08571	0.01833	0.01251	0.00643	0.00592	0.00193	0.00725	0.00571	0.00297	0.00636
23	0.01272	0.01272	0.01781	0.01527	0.01527	0.01781	0.01272	0.01399	0.00891	0.01399	0.00763	0.01272	0.00763	0.01018	0.01908	0.00254	0.78499	0.00509	0.00254	0.00636
24	0.01148	0.01074	0.01374	0.05079	0.21116	0.07780	0.04393	0.01371	0.01336	0.04321	0.03349	0.06080	0.34227	0.03928	0.00720	0.00200	0.00541	0.00882	0.00426	0.00655
25	0.01524	0.01288	0.01358	0.01199	0.01542	0.01482	0.00939	0.10255	0.67594	0.02557	0.02269	0.02091	0.01696	0.00780	0.00591	0.00195	0.00478	0.00644	0.00591	0.00927
26	0.83671	0.01125	0.00855	0.00765	0.01125	0.01305	0.00630	0.01709	0.00990	0.02609	0.00810	0.00945	0.00630	0.00540	0.00360	0.00180	0.00450	0.00315	0.00360	0.00630
27	0.01133	0.01069	0.01806	0.70628	0.11273	0.01301	0.01632	0.01516	0.01179	0.01528	0.01040	0.01539	0.00790	0.00575	0.00581	0.00192	0.00767	0.00517	0.00261	0.00674
28	0.75362	0.01137	0.00901	0.00807	0.01164	0.01319	0.00659	0.01849	0.08456	0.02591	0.00967	0.01068	0.00746	0.00565	0.00383	0.00182	0.00451	0.00350	0.00383	0.00659
29	0.07938	0.00942	0.01414	0.12234	0.11289	0.00994	0.07386	0.04971	0.03179	0.01876	0.08827	0.19597	0.04003	0.01353	0.08377	0.00276	0.00653	0.03622	0.00421	0.00647
30	0.01557	0.65527	0.02730	0.01041	0.01486	0.09741	0.00986	0.01742	0.01208	0.01372	0.00880	0.01057	0.00805	0.00829	0.06780	0.00194	0.00743	0.00343	0.00259	0.00720
31	0.01015	0.00793	0.01096	0.04506	0.04105	0.00831	0.02639	0.01303	0.04058	0.05477	0.36385	0.08064	0.13376	0.01146	0.00829	0.00200	0.10222	0.02816	0.00532	0.00606
32	0.01059	0.00742	0.00930	0.00856	0.00974	0.00788	0.00618	0.10325	0.01193	0.01649	0.08998	0.02731	0.01915	0.26879	0.21551	0.11932	0.02400	0.00696	0.00384	0.03379
33	0.00824	0.00629	0.00760	0.00721	0.00884	0.00584	0.00543	0.01142	0.05581	0.02150	0.54433	0.04533	0.22580	0.01237	0.00681	0.00187	0.00290	0.01073	0.00613	0.00555
34	0.01639	0.01126	0.01362	0.01030	0.01466	0.01036	0.00839	0.12288	0.01500	0.17390	0.02908	0.01466	0.01087	0.00603	0.00637	0.00137	0.08237	0.00451	0.00453	0.44345
35	0.02131	0.01589	0.01700	0.01322	0.01773	0.01766	0.01086	0.66575	0.10285	0.03536	0.01498	0.01477	0.01071	0.00708	0.00583	0.00177	0.00621	0.00538	0.00583	0.00982
36	0.21383	0.01469	0.01510	0.01184	0.01623	0.01625	0.00977	0.52425	0.02255	0.08095	0.01316	0.01328	0.00934	0.00662	0.00530	0.00176	0.00586	0.00478	0.00538	0.00905
37	0.01072	0.00875	0.01447	0.54878	0.03028	0.01055	0.01281	0.01267	0.01041	0.01343	0.01027	0.01616	0.00846	0.01014	0.01090	0.25130	0.00694	0.00513	0.00257	0.00528
38	0.00825	0.00602	0.00714	0.00688	0.00855	0.00532	0.00515	0.01035	0.01485	0.04629	0.40158	0.08880	0.34315	0.01324	0.00686	0.00191	0.00294	0.01141	0.00596	0.00536
39	0.02172	0.02772	0.01648	0.01498	0.01798	0.77228	0.01124	0.02322	0.01648	0.01423	0.00899	0.01049	0.00749	0.00599	0.00524	0.00150	0.01049	0.00375	0.00300	0.00674
40	0.01555	0.79913	0.03047	0.00995	0.01493	0.02301	0.00995	0.01741	0.01182	0.01368	0.00808	0.00933	0.00746	0.00498	0.00373	0.00124	0.00622	0.00311	0.00249	0.00746
41	0.57838	0.01176	0.01174	0.01106	0.04960	0.01434	0.00857	0.01631	0.00980	0.02255	0.00812	0.01056	0.00680	0.00665	0.00779	0.00199	0.21049	0.00376	0.00328	0.00646
42	0.00763	0.00592	0.00695	0.00669	0.00832	0.00523	0.00502	0.00982	0.01505	0.01997	0.44966	0.04895	0.36358	0.01314	0.00686	0.00189	0.00283	0.01129	0.00596	0.00523
43	0.01084	0.00542	0.00542	0.00542	0.00678	0.00542	0.00407	0.01355	0.01220	0.02168	0.01897	0.02168	0.01491	0.00678	0.00407	0.00136	0.00271	0.00542	0.82791	0.00542
44	0.01555	0.79913	0.03047	0.00995	0.01493	0.02301	0.00995	0.01741	0.01182	0.01368	0.00808	0.00933	0.00746	0.00498	0.00373	0.00124	0.00622	0.00311	0.00249	0.00746
45	0.01084	0.00542	0.00542	0.00542	0.00678	0.00542	0.00407	0.01355	0.01220	0.02168	0.01897	0.02168	0.01491	0.00678	0.00407	0.00136	0.00271	0.00542	0.82791	0.00542
46	0.01133	0.00651	0.00741	0.00841	0.07350	0.00661	0.00554	0.01479	0.04901	0.02158	0.01850	0.02104	0.01455	0.00669	0.00431	0.00142	0.00317	0.00546	0.71425	0.00594

[dist]
# distance from previous block
# <min> <max>
0	1

[block]
# block no. 4 follows, 40 sequences, length 6
# corresponding to MSA columns:
# 315-320
name=unknown_E
#
# <colnr> <probs for GDERKNQSTAVLIFYWHMCP>
#	G	D	E	R	K	N	Q	S	T	A	V	L	I	F	Y	W	H	M	C	P
0	0.01555	0.79913	0.03047	0.00995	0.01493	0.02301	0.00995	0.01741	0.01182	0.01368	0.00808	0.00933	0.00746	0.00498	0.00373	0.00124	0.00622	0.00311	0.00249	0.00746
1	0.65777	0.00998	0.00787	0.00716	0.01028	0.01139	0.00581	0.01633	0.01039	0.02514	0.01045	0.01210	0.00816	0.00570	0.00370	0.00170	0.00411	0.00364	0.18220	0.00611
2	0.02211	0.01629	0.01745	0.01338	0.01803	0.01803	0.01105	0.73997	0.02734	0.03665	0.01396	0.01396	0.00989	0.00698	0.00582	0.00175	0.00640	0.00524	0.00582	0.00989
3	0.01555	0.79913	0.03047	0.00995	0.01493	0.02301	0.00995	0.01741	0.01182	0.01368	0.00808	0.00933	0.00746	0.00498	0.00373	0.00124	0.00622	0.00311	0.00249	0.00746
4	0.01166	0.03008	0.76550	0.01657	0.02517	0.01351	0.02149	0.01842	0.01228	0.01842	0.01044	0.01228	0.00737	0.00552	0.00552	0.00184	0.00859	0.00430	0.00246	0.00859
5	0.00974	0.00518	0.00731	0.00731	0.00731	0.00518	0.00472	0.00777	0.00777	0.01036	0.01188	0.02209	0.01249	0.18821	0.02422	0.65202	0.00518	0.00579	0.00274	0.00274

[dist]
# distance from previous block
# <min> <max>
0	23

# created by:
# /st0/software/busco_prod/Augustus/scripts/msa2prfl.pl ./align_prep/73065.fa
