[name]
unknown

[dist]
# distance from previous block
# <min> <max>
13	161

[block]
# block no. 0 follows, 53 sequences, length 45
# corresponding to MSA columns:
# 176-220
name=unknown_A
#
# <colnr> <probs for GDERKNQSTAVLIFYWHMCP>
#	G	D	E	R	K	N	Q	S	T	A	V	L	I	F	Y	W	H	M	C	P
0	0.02660	0.00800	0.00981	0.00826	0.01042	0.02578	0.06047	0.16339	0.02710	0.11883	0.01503	0.08434	0.01254	0.04403	0.06409	0.00199	0.02072	0.00543	0.28742	0.00576
1	0.00626	0.00491	0.00579	0.00588	0.00715	0.00426	0.00424	0.00759	0.01063	0.01394	0.16489	0.32405	0.32745	0.01202	0.00563	0.00164	0.00261	0.01050	0.00444	0.07610
2	0.01772	0.08243	0.01524	0.01076	0.01461	0.01517	0.00901	0.72140	0.02140	0.02854	0.01107	0.01116	0.00796	0.00560	0.00464	0.00140	0.00525	0.00416	0.00455	0.00796
3	0.01713	0.01261	0.01360	0.01063	0.01416	0.01390	0.00869	0.72075	0.02135	0.02862	0.01272	0.08017	0.01010	0.00651	0.00489	0.00148	0.00505	0.00508	0.00475	0.00777
4	0.01819	0.01311	0.01279	0.01103	0.04751	0.18658	0.00844	0.21830	0.11464	0.29857	0.01409	0.01337	0.00980	0.00565	0.00470	0.00143	0.00541	0.00435	0.00458	0.00747
5	0.01274	0.01043	0.01113	0.00974	0.01249	0.01185	0.00763	0.18880	0.56046	0.02154	0.01830	0.08462	0.01462	0.00704	0.00495	0.00161	0.00402	0.00585	0.00481	0.00738
6	0.01872	0.00915	0.01105	0.00875	0.01228	0.04251	0.00710	0.02252	0.14372	0.57362	0.01759	0.01567	0.01165	0.00577	0.00469	0.00143	0.00417	0.00467	0.00533	0.07962
7	0.05537	0.00912	0.01108	0.00864	0.01208	0.00886	0.00710	0.21120	0.01532	0.49862	0.03067	0.01520	0.01128	0.00585	0.00461	0.00144	0.00416	0.00463	0.07715	0.00763
8	0.00668	0.00518	0.00620	0.00574	0.00728	0.00452	0.00433	0.00860	0.01240	0.01690	0.49744	0.03677	0.27888	0.00998	0.00546	0.00147	0.00241	0.00861	0.00480	0.07636
9	0.01129	0.00935	0.01014	0.00902	0.01147	0.01052	0.00702	0.08575	0.55767	0.02066	0.18992	0.02122	0.02074	0.00714	0.00503	0.00158	0.00357	0.00602	0.00494	0.00694
10	0.01013	0.00948	0.01597	0.41039	0.36345	0.01051	0.01341	0.01308	0.01025	0.01386	0.01012	0.01581	0.00867	0.00526	0.00491	0.00157	0.00591	0.06861	0.00242	0.00621
11	0.00637	0.00476	0.00595	0.00631	0.00717	0.00445	0.00448	0.00827	0.04436	0.01495	0.28641	0.41896	0.14482	0.01247	0.00583	0.00174	0.00259	0.01110	0.00473	0.00427
12	0.01046	0.01046	0.01464	0.01255	0.01255	0.01464	0.01046	0.01150	0.00732	0.01150	0.00627	0.01046	0.00627	0.00837	0.01569	0.00209	0.82328	0.00418	0.00209	0.00523
13	0.00903	0.00850	0.01434	0.82054	0.03292	0.01062	0.01327	0.01221	0.00956	0.01221	0.00850	0.01274	0.00637	0.00478	0.00478	0.00159	0.00637	0.00425	0.00212	0.00531
14	0.01833	0.01215	0.01415	0.01077	0.01463	0.01287	0.04200	0.57477	0.01984	0.18914	0.01284	0.01248	0.00883	0.00564	0.00479	0.00143	0.00509	0.00443	0.00486	0.03097
15	0.00635	0.00487	0.00582	0.00558	0.00689	0.00433	0.00419	0.00822	0.01256	0.01685	0.52201	0.03951	0.32422	0.01063	0.00564	0.00154	0.00232	0.00918	0.00496	0.00433
16	0.00683	0.00512	0.00768	0.00768	0.00853	0.00597	0.00597	0.00853	0.00768	0.01110	0.01280	0.01878	0.01195	0.03585	0.81308	0.00768	0.01280	0.00512	0.00256	0.00427
17	0.01556	0.00716	0.00882	0.02324	0.01034	0.00686	0.00594	0.01915	0.11797	0.41051	0.01760	0.01695	0.01224	0.00585	0.00431	0.00137	0.00344	0.00475	0.30120	0.00673
18	0.00903	0.00850	0.01434	0.82054	0.03292	0.01062	0.01327	0.01221	0.00956	0.01221	0.00850	0.01274	0.00637	0.00478	0.00478	0.00159	0.00637	0.00425	0.00212	0.00531
19	0.00921	0.00841	0.01343	0.25672	0.01938	0.00918	0.14213	0.01409	0.17090	0.01471	0.02848	0.15092	0.03659	0.00790	0.00541	0.00173	0.00515	0.09660	0.00348	0.00559
20	0.00683	0.00512	0.00768	0.00768	0.00853	0.00597	0.00597	0.00853	0.00768	0.01110	0.01280	0.01878	0.01195	0.03585	0.81308	0.00768	0.01280	0.00512	0.00256	0.00427
21	0.00991	0.00850	0.00991	0.00708	0.01133	0.00637	0.00566	0.01203	0.00991	0.01557	0.00850	0.00991	0.00708	0.00354	0.00354	0.00071	0.00354	0.00283	0.00283	0.86124
22	0.01124	0.00962	0.01025	0.00940	0.01184	0.01104	0.00723	0.02341	0.71024	0.01917	0.02019	0.10400	0.01640	0.00739	0.00499	0.00166	0.00368	0.00627	0.00482	0.00717
23	0.00673	0.00488	0.00640	0.00643	0.00747	0.00455	0.00491	0.00876	0.01253	0.01737	0.56498	0.13547	0.07325	0.01099	0.00583	0.00166	0.00263	0.11576	0.00501	0.00440
24	0.00698	0.00506	0.00671	0.00691	0.00802	0.00479	0.00552	0.00911	0.01237	0.01695	0.47231	0.07644	0.07550	0.01125	0.00598	0.00176	0.00300	0.26203	0.00490	0.00442
25	0.00668	0.00488	0.00627	0.00592	0.00709	0.00447	0.00444	0.00885	0.01333	0.01869	0.74232	0.03649	0.10276	0.00995	0.00564	0.00151	0.00227	0.00875	0.00520	0.00447
26	0.00929	0.00954	0.01382	0.01173	0.01358	0.10984	0.23132	0.01111	0.01018	0.01298	0.01757	0.42566	0.01938	0.01002	0.00648	0.00177	0.06815	0.00923	0.00342	0.00494
27	0.01031	0.00873	0.01013	0.00727	0.01150	0.00678	0.00583	0.04980	0.01052	0.01628	0.00864	0.00999	0.00713	0.00365	0.00360	0.00074	0.00362	0.00290	0.00293	0.81964
28	0.01385	0.66321	0.02261	0.00905	0.01280	0.18675	0.00840	0.01532	0.01052	0.01134	0.00680	0.00787	0.00614	0.00427	0.00333	0.00107	0.00585	0.00267	0.00213	0.00601
29	0.86579	0.00924	0.00702	0.00629	0.00924	0.01072	0.00518	0.01405	0.00813	0.02144	0.00666	0.00776	0.00518	0.00444	0.00296	0.00148	0.00370	0.00259	0.00296	0.00518
30	0.01907	0.01195	0.01345	0.01031	0.01410	0.01269	0.00852	0.57744	0.02007	0.24235	0.01350	0.01279	0.00914	0.00579	0.00479	0.00145	0.00493	0.00444	0.00509	0.00813
31	0.01282	0.01073	0.01133	0.00992	0.01279	0.01233	0.00779	0.13873	0.67872	0.02150	0.01827	0.01689	0.01363	0.00637	0.00485	0.00159	0.00400	0.00524	0.00485	0.00765
32	0.00589	0.00483	0.00506	0.00505	0.00642	0.00421	0.00368	0.00700	0.01032	0.01253	0.06043	0.04265	0.64924	0.11239	0.04729	0.00227	0.00319	0.00943	0.00418	0.00392
33	0.01685	0.02056	0.01331	0.05145	0.01541	0.67676	0.00930	0.05156	0.05191	0.01299	0.00873	0.01072	0.00729	0.00527	0.00445	0.00131	0.00801	0.02571	0.00272	0.00571
34	0.00612	0.00498	0.00546	0.00558	0.00692	0.00445	0.00409	0.00799	0.04905	0.01388	0.13407	0.19604	0.52023	0.01211	0.00570	0.00166	0.00254	0.01037	0.00456	0.00424
35	0.01157	0.01065	0.01444	0.57564	0.05342	0.07447	0.01220	0.16130	0.01239	0.01572	0.00900	0.01215	0.00673	0.00496	0.00474	0.00153	0.00631	0.00417	0.00267	0.00594
36	0.00683	0.00512	0.00768	0.00768	0.00853	0.00597	0.00597	0.00853	0.00768	0.01110	0.01280	0.01878	0.01195	0.03585	0.81308	0.00768	0.01280	0.00512	0.00256	0.00427
37	0.04827	0.01081	0.03310	0.01216	0.01307	0.01382	0.03953	0.02609	0.08110	0.01338	0.00785	0.01111	0.00708	0.00759	0.01297	0.00194	0.62562	0.00423	0.00246	0.02780
38	0.00962	0.02446	0.79026	0.01377	0.02078	0.01112	0.03440	0.01514	0.01012	0.01514	0.00860	0.01015	0.00608	0.00453	0.00456	0.00152	0.00709	0.00358	0.00203	0.00705
39	0.00991	0.00850	0.00991	0.00708	0.01133	0.00637	0.00566	0.01203	0.00991	0.01557	0.00850	0.00991	0.00708	0.00354	0.00354	0.00071	0.00354	0.00283	0.00283	0.86124
40	0.00903	0.00850	0.01434	0.82054	0.03292	0.01062	0.01327	0.01221	0.00956	0.01221	0.00850	0.01274	0.00637	0.00478	0.00478	0.00159	0.00637	0.00425	0.00212	0.00531
41	0.01224	0.01079	0.05070	0.22774	0.47235	0.01061	0.01347	0.01516	0.01087	0.11506	0.01010	0.01255	0.00774	0.00461	0.00475	0.00148	0.00571	0.00429	0.00274	0.00704
42	0.00567	0.00484	0.00488	0.00487	0.00647	0.00405	0.00365	0.00691	0.01096	0.01306	0.06582	0.04576	0.78278	0.01205	0.00565	0.00161	0.00242	0.01005	0.00446	0.00405
43	0.00583	0.00487	0.00509	0.00509	0.00663	0.00413	0.00385	0.00718	0.01118	0.01362	0.12785	0.04514	0.69664	0.01189	0.00568	0.00162	0.00246	0.03264	0.00453	0.00410
44	0.01171	0.01120	0.01893	0.06286	0.74598	0.01134	0.01440	0.01488	0.03369	0.01560	0.00927	0.01204	0.00772	0.00435	0.00474	0.00143	0.00565	0.00429	0.00243	0.00747

[dist]
# distance from previous block
# <min> <max>
0	13

[block]
# block no. 1 follows, 53 sequences, length 47
# corresponding to MSA columns:
# 234-280
name=unknown_B
#
# <colnr> <probs for GDERKNQSTAVLIFYWHMCP>
#	G	D	E	R	K	N	Q	S	T	A	V	L	I	F	Y	W	H	M	C	P
0	0.00591	0.00423	0.00564	0.00666	0.00700	0.00395	0.00450	0.00686	0.00944	0.01265	0.07157	0.76768	0.03232	0.01464	0.00608	0.00192	0.00277	0.02776	0.00448	0.00393
1	0.00989	0.00944	0.05656	0.00746	0.01187	0.00665	0.00637	0.01222	0.00992	0.01555	0.00850	0.00992	0.00702	0.00360	0.00360	0.00076	0.00375	0.00287	0.00278	0.81127
2	0.00623	0.00463	0.00590	0.00656	0.00690	0.00458	0.00443	0.00697	0.00886	0.01175	0.02551	0.58395	0.09918	0.14732	0.00952	0.00236	0.04579	0.01169	0.00406	0.00381
3	0.01269	0.78680	0.02523	0.00888	0.01301	0.01851	0.05362	0.01437	0.00980	0.01148	0.00682	0.00797	0.00620	0.00409	0.00322	0.00106	0.00528	0.00274	0.00207	0.00615
4	0.00587	0.00425	0.00546	0.00640	0.00679	0.00394	0.00427	0.00669	0.00918	0.01209	0.02771	0.71019	0.10152	0.06252	0.00713	0.00207	0.00285	0.01288	0.00435	0.00384
5	0.06755	0.01371	0.01375	0.01078	0.01442	0.07081	0.00882	0.66400	0.04426	0.02801	0.01115	0.01125	0.00801	0.00563	0.00464	0.00143	0.00536	0.00415	0.00451	0.00776
6	0.01058	0.00926	0.01187	0.01036	0.01280	0.01013	0.10483	0.04115	0.49082	0.01788	0.01960	0.20574	0.01744	0.00813	0.00525	0.00169	0.00413	0.00731	0.00445	0.00658
7	0.00582	0.00416	0.00555	0.00666	0.00693	0.00388	0.00444	0.00666	0.00915	0.01220	0.02634	0.82891	0.03161	0.01497	0.00610	0.00194	0.00277	0.01359	0.00444	0.00388
8	0.01651	0.01256	0.01341	0.01066	0.01419	0.01405	0.00868	0.58514	0.22631	0.02745	0.01358	0.01316	0.00984	0.00594	0.00480	0.00148	0.00487	0.00459	0.00480	0.00798
9	0.01043	0.23975	0.59966	0.01218	0.01845	0.01317	0.01514	0.01492	0.00999	0.01410	0.00806	0.00945	0.00608	0.00442	0.00415	0.00138	0.00655	0.00327	0.00203	0.00682
10	0.01947	0.00954	0.05135	0.00901	0.01275	0.00824	0.00772	0.10954	0.05128	0.61224	0.01817	0.03025	0.02536	0.00612	0.00483	0.00149	0.00429	0.00496	0.00549	0.00791
11	0.00999	0.06660	0.75043	0.01324	0.02008	0.01142	0.01695	0.01526	0.01014	0.03090	0.00868	0.01009	0.00618	0.00455	0.00447	0.00149	0.00690	0.00351	0.00210	0.00704
12	0.00917	0.00864	0.01459	0.78068	0.07167	0.01066	0.01334	0.01234	0.00962	0.01238	0.00852	0.01270	0.00643	0.00475	0.00478	0.00158	0.00634	0.00425	0.00214	0.00542
13	0.01153	0.01105	0.01887	0.11281	0.72105	0.01128	0.01452	0.01441	0.01074	0.01526	0.00894	0.01193	0.00744	0.00431	0.00474	0.00144	0.00575	0.00426	0.00234	0.00733
14	0.01851	0.00852	0.01132	0.00976	0.05768	0.00787	0.00750	0.10934	0.01430	0.56194	0.05811	0.01941	0.04055	0.00658	0.00496	0.00151	0.00417	0.04496	0.00542	0.00758
15	0.00914	0.00861	0.01454	0.78817	0.06439	0.01065	0.01333	0.01231	0.00961	0.01235	0.00852	0.01271	0.00642	0.00476	0.00478	0.00159	0.00634	0.00425	0.00213	0.00540
16	0.00581	0.00434	0.00541	0.00626	0.00687	0.00395	0.00430	0.00676	0.00960	0.01241	0.03160	0.62907	0.21532	0.01426	0.00600	0.00187	0.00272	0.02510	0.00444	0.00393
17	0.01032	0.20979	0.62858	0.01238	0.01876	0.01288	0.01549	0.01495	0.01000	0.01425	0.00814	0.00954	0.00607	0.00444	0.00420	0.00140	0.00662	0.00331	0.00202	0.00685
18	0.01620	0.00969	0.01523	0.06077	0.39076	0.00928	0.01100	0.01859	0.01213	0.38676	0.01360	0.01396	0.00951	0.00506	0.00477	0.00146	0.00496	0.00452	0.00402	0.00772
19	0.00903	0.00850	0.01434	0.82054	0.03292	0.01062	0.01327	0.01221	0.00956	0.01221	0.00850	0.01274	0.00637	0.00478	0.00478	0.00159	0.00637	0.00425	0.00212	0.00531
20	0.01183	0.01136	0.01940	0.02934	0.80221	0.01136	0.01467	0.01467	0.01088	0.01562	0.00899	0.01183	0.00757	0.00426	0.00473	0.00142	0.00568	0.00426	0.00237	0.00757
21	0.00991	0.00850	0.00991	0.00708	0.01133	0.00637	0.00566	0.01203	0.00991	0.01557	0.00850	0.00991	0.00708	0.00354	0.00354	0.00071	0.00354	0.00283	0.00283	0.86124
22	0.01051	0.01001	0.01702	0.40127	0.44057	0.01101	0.01401	0.01351	0.01026	0.01402	0.00876	0.01226	0.00701	0.00450	0.00475	0.00150	0.00600	0.00425	0.00225	0.00651
23	0.01247	0.01132	0.01987	0.12029	0.36178	0.01145	0.21662	0.09579	0.01217	0.06232	0.01022	0.02558	0.00803	0.00468	0.00501	0.00150	0.00621	0.00481	0.00284	0.00703
24	0.01258	0.01061	0.01770	0.02563	0.66718	0.01047	0.01321	0.01528	0.01135	0.10272	0.05794	0.01376	0.01031	0.00477	0.00479	0.00143	0.00529	0.00458	0.00293	0.00745
25	0.00628	0.00482	0.00575	0.00561	0.00687	0.00429	0.00417	0.00804	0.01224	0.01633	0.46364	0.09254	0.33010	0.01100	0.00567	0.00157	0.00235	0.00952	0.00489	0.00429
26	0.01087	0.01055	0.01706	0.32250	0.44604	0.03355	0.01374	0.01368	0.01025	0.01399	0.00860	0.01200	0.00701	0.00472	0.00540	0.00152	0.05551	0.00422	0.00226	0.00653
27	0.00593	0.00485	0.00523	0.00513	0.00663	0.00415	0.00385	0.00740	0.01155	0.01448	0.23617	0.04343	0.61154	0.01152	0.00565	0.00159	0.00238	0.00973	0.00464	0.00415
28	0.00904	0.09372	0.36233	0.01061	0.01469	0.00925	0.02087	0.01262	0.01054	0.02407	0.08435	0.03573	0.02873	0.00915	0.04584	0.00197	0.00586	0.21173	0.00310	0.00580
29	0.01128	0.36886	0.37223	0.01099	0.01627	0.01400	0.04394	0.01475	0.01028	0.04066	0.04936	0.01072	0.00837	0.00465	0.00402	0.00131	0.00592	0.00351	0.00235	0.00654
30	0.01031	0.20892	0.62942	0.01239	0.01877	0.01288	0.01550	0.01495	0.01000	0.01425	0.00814	0.00954	0.00607	0.00444	0.00421	0.00140	0.00662	0.00331	0.00202	0.00685
31	0.00670	0.00487	0.00622	0.00589	0.00698	0.00449	0.00436	0.00876	0.01297	0.01818	0.70411	0.03613	0.09390	0.05754	0.00672	0.00169	0.00240	0.00864	0.00507	0.00438
32	0.01044	0.24220	0.59729	0.01216	0.01843	0.01320	0.01511	0.01492	0.00999	0.01409	0.00806	0.00944	0.00608	0.00442	0.00415	0.00138	0.00654	0.00327	0.00203	0.00681
33	0.01278	0.83490	0.02505	0.00818	0.01227	0.01891	0.00818	0.01431	0.00971	0.01125	0.00664	0.00767	0.00613	0.00409	0.00307	0.00102	0.00511	0.00256	0.00204	0.00613
34	0.01540	0.01677	0.01414	0.01484	0.16469	0.39355	0.00988	0.10273	0.18907	0.01630	0.01084	0.01161	0.00853	0.00524	0.00457	0.00138	0.00661	0.00396	0.00323	0.00666
35	0.00695	0.00463	0.00521	0.00521	0.00521	0.00463	0.00290	0.00695	0.00695	0.00927	0.01506	0.03128	0.01738	0.83203	0.02433	0.00463	0.00463	0.00695	0.00290	0.00290
36	0.01760	0.06871	0.01430	0.01192	0.01464	0.67349	0.00916	0.10858	0.01437	0.01383	0.00782	0.00890	0.00639	0.00497	0.00429	0.00124	0.00802	0.00319	0.00271	0.00588
37	0.01934	0.00867	0.01142	0.05570	0.01344	0.00814	0.00751	0.12596	0.01463	0.60341	0.06715	0.01665	0.01314	0.00607	0.00485	0.00148	0.00425	0.00495	0.00550	0.00774
38	0.01277	0.01267	0.01710	0.20248	0.30474	0.14705	0.09140	0.04229	0.06161	0.04724	0.00983	0.01216	0.00767	0.00473	0.00478	0.00146	0.00638	0.00429	0.00272	0.00664
39	0.01178	0.06387	0.01955	0.06035	0.72025	0.01181	0.01420	0.01455	0.01075	0.01520	0.00882	0.01160	0.00743	0.00427	0.00463	0.00140	0.00567	0.00415	0.00234	0.00739
40	0.00688	0.00515	0.00768	0.00775	0.00862	0.00594	0.00608	0.00862	0.00789	0.01130	0.01360	0.02102	0.01294	0.03440	0.76154	0.00733	0.01227	0.05401	0.00268	0.00428
41	0.00756	0.00533	0.00754	0.00904	0.05918	0.00515	0.00653	0.00916	0.01030	0.04161	0.04391	0.40854	0.02802	0.01311	0.00616	0.00199	0.00366	0.32435	0.00436	0.00450
42	0.01173	0.01165	0.01773	0.07228	0.64645	0.07228	0.01347	0.01437	0.01101	0.01494	0.01136	0.01382	0.05806	0.00484	0.00476	0.00143	0.00574	0.00454	0.00249	0.00706
43	0.00681	0.00505	0.00713	0.00719	0.00798	0.00563	0.00545	0.00826	0.00795	0.01110	0.01604	0.02415	0.06392	0.15168	0.60347	0.00656	0.01050	0.04424	0.00282	0.00406
44	0.00692	0.00544	0.00616	0.00627	0.00774	0.00501	0.00490	0.05735	0.01161	0.01456	0.08261	0.13541	0.46989	0.01210	0.00583	0.00175	0.00301	0.15458	0.00450	0.00438
45	0.01173	0.01125	0.01922	0.05741	0.77491	0.01133	0.01462	0.01458	0.01084	0.01549	0.00897	0.01186	0.00753	0.00428	0.00473	0.00143	0.00570	0.00426	0.00236	0.00749
46	0.01147	0.01110	0.01851	0.05014	0.65016	0.02993	0.05869	0.01416	0.01068	0.01497	0.00965	0.01382	0.00846	0.05734	0.00606	0.00165	0.00582	0.01791	0.00243	0.00703

[dist]
# distance from previous block
# <min> <max>
0	62

# created by:
# /st0/software/busco_prod/Augustus/scripts/msa2prfl.pl ./align_prep/73085.fa
