[name]
unknown

[dist]
# distance from previous block
# <min> <max>
13	42

[block]
# block no. 0 follows, 51 sequences, length 11
# corresponding to MSA columns:
# 60-70
name=unknown_A
#
# <colnr> <probs for GDERKNQSTAVLIFYWHMCP>
#	G	D	E	R	K	N	Q	S	T	A	V	L	I	F	Y	W	H	M	C	P
0	0.01255	0.00679	0.00821	0.00705	0.00923	0.00653	0.00555	0.07486	0.05695	0.22415	0.27869	0.02494	0.06114	0.00765	0.00494	0.00146	0.00314	0.00644	0.19370	0.00604
1	0.01334	0.01136	0.05085	0.15396	0.01715	0.03607	0.05596	0.34084	0.01561	0.02116	0.01277	0.07773	0.01081	0.06300	0.00628	0.00175	0.00541	0.00537	0.09411	0.00649
2	0.15575	0.00838	0.01046	0.00836	0.01173	0.00796	0.00686	0.04295	0.01276	0.56839	0.01648	0.01545	0.01096	0.00910	0.08987	0.00220	0.00511	0.00459	0.00519	0.00745
3	0.01311	0.01324	0.02500	0.01827	0.02256	0.06701	0.58354	0.01657	0.01170	0.09844	0.01051	0.01312	0.00780	0.00476	0.00642	0.00165	0.07138	0.00541	0.00284	0.00665
4	0.00741	0.00550	0.00681	0.00647	0.00691	0.00584	0.00443	0.00831	0.00936	0.01295	0.24068	0.03147	0.06129	0.43871	0.04485	0.00352	0.09061	0.00743	0.00365	0.00382
5	0.00658	0.00485	0.00571	0.00586	0.00653	0.00471	0.00393	0.00735	0.00875	0.01133	0.02670	0.13497	0.24807	0.35295	0.14654	0.00402	0.00524	0.00865	0.00359	0.00369
6	0.00725	0.00563	0.00820	0.00781	0.00871	0.00600	0.03750	0.00892	0.00992	0.01399	0.23976	0.14878	0.02523	0.10020	0.29950	0.00427	0.05239	0.00780	0.00373	0.00441
7	0.01349	0.01468	0.01872	0.01496	0.01726	0.22011	0.23725	0.01555	0.01069	0.04834	0.00836	0.01127	0.00697	0.00625	0.00953	0.00175	0.33186	0.00448	0.00252	0.00596
8	0.01225	0.01301	0.09848	0.01608	0.02087	0.01080	0.45601	0.01585	0.01135	0.09890	0.01050	0.01270	0.00777	0.00446	0.00556	0.00148	0.03477	0.00492	0.00289	0.16134
9	0.03223	0.00853	0.01038	0.03578	0.01212	0.00773	0.00664	0.08517	0.03031	0.15986	0.10075	0.07099	0.01449	0.00612	0.00487	0.00124	0.02920	0.00501	0.00407	0.37452
10	0.00878	0.00571	0.00698	0.00680	0.00822	0.00531	0.00502	0.06419	0.01224	0.10039	0.19153	0.33815	0.20390	0.01193	0.00583	0.00174	0.00298	0.01044	0.00493	0.00494

[dist]
# distance from previous block
# <min> <max>
3	27

[block]
# block no. 1 follows, 51 sequences, length 23
# corresponding to MSA columns:
# 98-120
name=unknown_B
#
# <colnr> <probs for GDERKNQSTAVLIFYWHMCP>
#	G	D	E	R	K	N	Q	S	T	A	V	L	I	F	Y	W	H	M	C	P
0	0.04954	0.01178	0.10987	0.01034	0.01451	0.00976	0.06944	0.05404	0.20541	0.19870	0.01416	0.01397	0.01018	0.00526	0.00461	0.00139	0.00473	0.00441	0.00412	0.20378
1	0.10360	0.01184	0.04904	0.01042	0.01428	0.03375	0.06566	0.29613	0.01613	0.21746	0.06110	0.01402	0.01105	0.00569	0.00473	0.00145	0.00501	0.00457	0.00452	0.06952
2	0.00823	0.18476	0.03623	0.00734	0.00925	0.00806	0.00596	0.00963	0.00968	0.01283	0.04204	0.37619	0.06902	0.04660	0.06328	0.00215	0.00437	0.00877	0.00360	0.09201
3	0.02068	0.00865	0.01143	0.00871	0.01258	0.00752	0.00718	0.05706	0.01408	0.68487	0.01795	0.01583	0.01149	0.00582	0.00481	0.00144	0.00418	0.00471	0.00570	0.09531
4	0.01075	0.01075	0.01505	0.01290	0.01290	0.01505	0.01075	0.01183	0.00753	0.01183	0.00645	0.01075	0.00645	0.00860	0.01613	0.00215	0.81830	0.00430	0.00215	0.00538
5	0.01028	0.00902	0.01136	0.00811	0.01252	0.00692	0.05379	0.01258	0.01028	0.01600	0.00881	0.01038	0.00729	0.00367	0.00377	0.00079	0.00393	0.00309	0.00289	0.80455
6	0.02058	0.01072	0.01286	0.00986	0.01372	0.01072	0.00815	0.35423	0.01801	0.46418	0.01607	0.01457	0.01050	0.00600	0.00493	0.00150	0.00472	0.00472	0.00557	0.00836
7	0.00696	0.00502	0.00657	0.00618	0.00734	0.00464	0.00464	0.00927	0.01391	0.01971	0.79405	0.03671	0.04637	0.01005	0.00580	0.00155	0.00232	0.00889	0.00541	0.00464
8	0.00677	0.00502	0.00631	0.00599	0.00723	0.00456	0.00449	0.00892	0.01347	0.01867	0.67386	0.03842	0.16720	0.01043	0.00580	0.00156	0.00235	0.00913	0.00527	0.00456
9	0.01254	0.12882	0.31822	0.15056	0.06058	0.01183	0.08220	0.01634	0.01100	0.14684	0.01044	0.01192	0.00748	0.00482	0.00466	0.00150	0.00636	0.00407	0.00283	0.00698
10	0.01759	0.02227	0.01564	0.01358	0.01638	0.71723	0.09690	0.01918	0.01366	0.01245	0.00786	0.00936	0.00646	0.00496	0.00459	0.00131	0.00880	0.00346	0.00253	0.00580
11	0.02005	0.00970	0.01196	0.00924	0.01295	0.00933	0.00761	0.24037	0.01648	0.52915	0.01913	0.01724	0.06053	0.00643	0.00499	0.00152	0.00443	0.00514	0.00565	0.00810
12	0.00859	0.00919	0.08756	0.01110	0.01362	0.00758	0.20022	0.01093	0.01051	0.03629	0.02372	0.25086	0.16467	0.03688	0.00697	0.00191	0.04147	0.06904	0.00369	0.00519
13	0.01111	0.00832	0.01139	0.22747	0.01636	0.05196	0.00876	0.01194	0.00918	0.09698	0.04888	0.01455	0.00975	0.00985	0.01168	0.26785	0.17196	0.00455	0.00277	0.00469
14	0.01032	0.13985	0.69149	0.01321	0.02004	0.01255	0.01677	0.01544	0.01032	0.01499	0.00854	0.01002	0.00624	0.00460	0.00445	0.00148	0.00698	0.00349	0.00208	0.00713
15	0.01887	0.01205	0.01516	0.01192	0.03827	0.01250	0.07650	0.46524	0.01905	0.25839	0.01382	0.01341	0.00940	0.00575	0.00500	0.00150	0.00531	0.00470	0.00498	0.00819
16	0.01167	0.01597	0.19304	0.01716	0.02193	0.06231	0.44743	0.05383	0.01174	0.01587	0.01035	0.05385	0.00840	0.00521	0.00597	0.00164	0.04898	0.00544	0.00261	0.00659
17	0.00625	0.00453	0.00627	0.00711	0.00755	0.00454	0.00497	0.00734	0.00902	0.01225	0.02352	0.61781	0.02732	0.02090	0.21172	0.00351	0.00549	0.01174	0.00407	0.00409
18	0.01019	0.00873	0.01019	0.00728	0.01165	0.00655	0.00582	0.01237	0.01019	0.01601	0.00873	0.01019	0.00728	0.00364	0.00364	0.00073	0.00364	0.00291	0.00291	0.85734
19	0.01469	0.15416	0.01382	0.00845	0.01242	0.01012	0.00715	0.07713	0.02862	0.23083	0.01172	0.01189	0.00866	0.00482	0.00447	0.00113	0.03253	0.00364	0.00381	0.35993
20	0.01016	0.02327	0.66540	0.01519	0.02205	0.01159	0.15243	0.01559	0.01059	0.01559	0.00902	0.01088	0.00644	0.00458	0.00487	0.00157	0.00744	0.00401	0.00215	0.00715
21	0.00626	0.00439	0.00562	0.00649	0.00671	0.00417	0.00419	0.00691	0.00888	0.01184	0.02436	0.63788	0.02906	0.20630	0.01068	0.00265	0.00330	0.01237	0.00419	0.00375
22	0.01367	0.01105	0.01495	0.22045	0.04547	0.01222	0.07850	0.38252	0.01638	0.02184	0.01285	0.12334	0.01109	0.00674	0.00518	0.00160	0.00562	0.00584	0.00386	0.00684

[dist]
# distance from previous block
# <min> <max>
0	2

[block]
# block no. 2 follows, 51 sequences, length 49
# corresponding to MSA columns:
# 123-163,166-173
name=unknown_C
#
# <colnr> <probs for GDERKNQSTAVLIFYWHMCP>
#	G	D	E	R	K	N	Q	S	T	A	V	L	I	F	Y	W	H	M	C	P
0	0.04672	0.06718	0.01368	0.09107	0.01550	0.26731	0.00892	0.03189	0.01277	0.31501	0.01214	0.01241	0.00860	0.00566	0.00547	0.00147	0.06959	0.00402	0.00386	0.00674
1	0.01203	0.01301	0.01500	0.50188	0.09652	0.22526	0.01256	0.01466	0.01097	0.01270	0.00840	0.01180	0.00660	0.00503	0.00516	0.00154	0.03480	0.00404	0.00230	0.00573
2	0.00708	0.00478	0.00538	0.00537	0.00549	0.00473	0.00307	0.00721	0.00756	0.01005	0.04361	0.03301	0.05432	0.76219	0.02348	0.00451	0.00458	0.00735	0.00313	0.00309
3	0.00698	0.00520	0.00769	0.00775	0.00856	0.00599	0.00594	0.00862	0.00794	0.01139	0.01392	0.05833	0.01347	0.06701	0.73858	0.00749	0.01234	0.00576	0.00274	0.00431
4	0.01661	0.07076	0.01648	0.01617	0.20600	0.27538	0.01073	0.29202	0.01630	0.01980	0.00946	0.01066	0.00741	0.00514	0.00463	0.00137	0.00664	0.00388	0.00334	0.00721
5	0.01687	0.25300	0.01729	0.01145	0.01446	0.58331	0.00919	0.01823	0.01280	0.01189	0.00738	0.00858	0.00632	0.00482	0.00407	0.00120	0.00784	0.00301	0.00241	0.00587
6	0.01019	0.00873	0.01019	0.00728	0.01165	0.00655	0.00582	0.01237	0.01019	0.01601	0.00873	0.01019	0.00728	0.00364	0.00364	0.00073	0.00364	0.00291	0.00291	0.85734
7	0.00949	0.00896	0.01276	0.15252	0.01528	0.02498	0.02870	0.01139	0.01001	0.01430	0.22977	0.01916	0.03179	0.00825	0.01059	0.00185	0.39613	0.00573	0.00313	0.00520
8	0.00701	0.00588	0.00620	0.00597	0.00773	0.00552	0.00452	0.01045	0.13648	0.01541	0.15705	0.04104	0.55662	0.01116	0.00568	0.00164	0.00269	0.00937	0.00476	0.00481
9	0.02205	0.00836	0.01140	0.00874	0.01254	0.00722	0.00722	0.02395	0.01407	0.80004	0.01939	0.01673	0.01216	0.00608	0.00494	0.00152	0.00418	0.00494	0.00608	0.00836
10	0.01786	0.13437	0.15882	0.00974	0.01417	0.01013	0.00944	0.02117	0.06159	0.48891	0.01561	0.01434	0.01038	0.00558	0.00463	0.00147	0.00489	0.00439	0.00468	0.00782
11	0.06056	0.01335	0.01262	0.06119	0.01465	0.24855	0.00862	0.04315	0.01311	0.37532	0.01307	0.01297	0.00905	0.00587	0.00578	0.00151	0.08530	0.00418	0.00420	0.00694
12	0.00599	0.00428	0.00570	0.00684	0.00713	0.00399	0.00456	0.00684	0.00941	0.01254	0.02709	0.82409	0.03250	0.01540	0.00627	0.00200	0.00285	0.01397	0.00456	0.00399
13	0.02143	0.00850	0.01139	0.00882	0.01256	0.00754	0.00726	0.02409	0.06288	0.75086	0.01943	0.01683	0.01234	0.00612	0.00495	0.00153	0.00416	0.00498	0.00601	0.00833
14	0.01206	0.01198	0.02168	0.02836	0.64935	0.01182	0.16098	0.01521	0.01127	0.01600	0.00938	0.01237	0.00772	0.00433	0.00504	0.00150	0.00631	0.00465	0.00244	0.00756
15	0.01155	0.05992	0.53073	0.01425	0.02040	0.01199	0.13255	0.05499	0.01134	0.06686	0.00966	0.01119	0.00692	0.00484	0.00516	0.00156	0.03230	0.00406	0.00255	0.00719
16	0.01868	0.01376	0.01475	0.01131	0.01524	0.01524	0.00934	0.78025	0.02311	0.03097	0.01180	0.01180	0.00836	0.00590	0.00492	0.00147	0.00541	0.00442	0.00492	0.00836
17	0.00752	0.00427	0.00612	0.00658	0.00669	0.00416	0.00439	0.00658	0.00760	0.01014	0.01595	0.33851	0.01812	0.01640	0.01403	0.51510	0.00370	0.00815	0.00310	0.00288
18	0.00658	0.00453	0.00553	0.00609	0.00623	0.00439	0.00376	0.00700	0.00826	0.01101	0.02118	0.42075	0.02505	0.42890	0.01582	0.00341	0.00383	0.01049	0.00376	0.00348
19	0.23086	0.00992	0.00981	0.00876	0.01160	0.01129	0.00691	0.03465	0.49859	0.04963	0.01826	0.01726	0.05951	0.00644	0.00454	0.00162	0.00382	0.00506	0.00451	0.00696
20	0.05359	0.41434	0.02008	0.08575	0.13443	0.06340	0.00966	0.05112	0.03778	0.01442	0.00825	0.00979	0.00698	0.00449	0.00383	0.00122	0.00545	0.00330	0.00252	0.06960
21	0.06392	0.01211	0.01889	0.02789	0.71157	0.04973	0.01422	0.01526	0.01115	0.01623	0.00902	0.01175	0.00757	0.00442	0.00473	0.00145	0.00586	0.00422	0.00247	0.00754
22	0.00986	0.02542	0.80183	0.01401	0.02127	0.01141	0.01816	0.01556	0.01038	0.01556	0.00882	0.01038	0.00623	0.00467	0.00467	0.00156	0.00726	0.00363	0.00208	0.00726
23	0.00942	0.00759	0.00919	0.00970	0.01091	0.06740	0.00830	0.01148	0.01121	0.03797	0.02246	0.04626	0.02394	0.01221	0.00749	0.00215	0.08642	0.60690	0.00418	0.00482
24	0.01434	0.00864	0.01101	0.00811	0.01222	0.00689	0.02572	0.01647	0.01167	0.29247	0.02928	0.01314	0.00984	0.00465	0.00420	0.00105	0.00392	0.00383	0.00407	0.51847
25	0.00696	0.00502	0.00657	0.00618	0.00734	0.00464	0.00464	0.00927	0.01391	0.01971	0.79405	0.03671	0.04637	0.01005	0.00580	0.00155	0.00232	0.00889	0.00541	0.00464
26	0.00702	0.00540	0.01925	0.00624	0.00707	0.00501	0.02040	0.00815	0.00976	0.01322	0.23094	0.05412	0.12328	0.38610	0.08023	0.00357	0.00457	0.00796	0.00383	0.00386
27	0.01150	0.30885	0.28097	0.01166	0.01565	0.03604	0.01235	0.01431	0.00952	0.01298	0.00741	0.00955	0.00632	0.00563	0.00737	0.00154	0.23645	0.00345	0.00212	0.00635
28	0.00928	0.00873	0.01474	0.81548	0.03385	0.01092	0.01365	0.01256	0.00983	0.01256	0.00873	0.01310	0.00655	0.00491	0.00491	0.00164	0.00655	0.00437	0.00218	0.00546
29	0.01083	0.02406	0.73876	0.01359	0.02057	0.01108	0.01728	0.01623	0.01067	0.07816	0.00966	0.01088	0.00670	0.00478	0.00469	0.00155	0.00702	0.00374	0.00239	0.00735
30	0.02205	0.00836	0.01140	0.00874	0.01254	0.00722	0.00722	0.02395	0.01407	0.80004	0.01939	0.01673	0.01216	0.00608	0.00494	0.00152	0.00418	0.00494	0.00608	0.00836
31	0.01109	0.32872	0.50937	0.01190	0.01801	0.01444	0.01448	0.01524	0.01023	0.01406	0.00807	0.00944	0.00626	0.00449	0.00410	0.00137	0.00651	0.00325	0.00209	0.00690
32	0.01216	0.01168	0.01995	0.03016	0.79664	0.01168	0.01508	0.01508	0.01119	0.01605	0.00924	0.01216	0.00778	0.00438	0.00487	0.00146	0.00584	0.00438	0.00243	0.00778
33	0.00581	0.00498	0.00498	0.00498	0.00664	0.00415	0.00373	0.00705	0.01120	0.01328	0.04978	0.04729	0.79464	0.01245	0.00581	0.00166	0.00249	0.01037	0.00456	0.00415
34	0.01096	0.22311	0.01425	0.00757	0.01190	0.00992	0.00650	0.01298	0.01014	0.01485	0.00824	0.00959	0.00703	0.00379	0.00351	0.00081	0.00406	0.00284	0.00270	0.63526
35	0.00928	0.00873	0.01474	0.81548	0.03385	0.01092	0.01365	0.01256	0.00983	0.01256	0.00873	0.01310	0.00655	0.00491	0.00491	0.00164	0.00655	0.00437	0.00218	0.00546
36	0.03028	0.26101	0.32502	0.01164	0.01651	0.08015	0.03555	0.07434	0.01127	0.01502	0.00854	0.01023	0.00683	0.00682	0.05532	0.00180	0.03711	0.00353	0.00241	0.00662
37	0.01091	0.01176	0.05681	0.22285	0.02509	0.01135	0.40878	0.06055	0.01175	0.01571	0.01162	0.01805	0.00972	0.00560	0.00559	0.00171	0.00717	0.09600	0.00278	0.00621
38	0.00631	0.00500	0.00567	0.00550	0.00694	0.00436	0.00413	0.00802	0.01238	0.01608	0.37439	0.04268	0.46829	0.01140	0.00580	0.00161	0.00241	0.00972	0.00493	0.00436
39	0.00804	0.00609	0.00793	0.00761	0.00882	0.00665	0.00578	0.03950	0.10646	0.01532	0.21563	0.06106	0.02256	0.08026	0.38018	0.00476	0.00787	0.00673	0.00384	0.00490
40	0.01216	0.01168	0.01995	0.03016	0.79664	0.01168	0.01508	0.01508	0.01119	0.01605	0.00924	0.01216	0.00778	0.00438	0.00487	0.00146	0.00584	0.00438	0.00243	0.00778
41	0.00588	0.00470	0.00526	0.00572	0.00683	0.00409	0.00406	0.00697	0.01049	0.01299	0.04081	0.35438	0.49335	0.01361	0.00599	0.00179	0.00263	0.01179	0.00456	0.00409
42	0.00702	0.00471	0.00540	0.00552	0.00555	0.00468	0.00315	0.00711	0.00739	0.00986	0.01675	0.11833	0.01946	0.73895	0.02297	0.00446	0.00456	0.00789	0.00315	0.00309
43	0.01224	0.01092	0.01783	0.07321	0.57400	0.01142	0.01347	0.01513	0.02989	0.06489	0.01134	0.01382	0.03726	0.00530	0.00604	0.00156	0.08697	0.00466	0.00276	0.00730
44	0.01836	0.02342	0.01393	0.01266	0.01519	0.80756	0.00950	0.01962	0.01393	0.01203	0.00760	0.00886	0.00633	0.00506	0.00443	0.00127	0.00886	0.00317	0.00253	0.00570
45	0.02184	0.00870	0.01162	0.00891	0.01271	0.00773	0.00736	0.07167	0.01464	0.75152	0.01891	0.01642	0.01192	0.00607	0.00494	0.00152	0.00426	0.00491	0.00601	0.00836
46	0.81092	0.01035	0.00763	0.00684	0.00985	0.05926	0.00557	0.01476	0.00870	0.02144	0.00689	0.00804	0.00538	0.00459	0.00313	0.00151	0.00411	0.00269	0.00301	0.00534
47	0.00725	0.00465	0.00631	0.00655	0.00682	0.00480	0.00440	0.00727	0.00759	0.01033	0.01546	0.18803	0.01706	0.25431	0.20544	0.23387	0.00623	0.00734	0.00300	0.00330
48	0.01073	0.00754	0.02177	0.00794	0.00952	0.05670	0.00615	0.01225	0.01154	0.17472	0.16464	0.26535	0.13019	0.01062	0.00667	0.00173	0.08310	0.00891	0.00462	0.00532

[dist]
# distance from previous block
# <min> <max>
0	160

# created by:
# /st0/software/busco_prod/Augustus/scripts/msa2prfl.pl ./align_prep/73357.fa
