[name]
unknown

[dist]
# distance from previous block
# <min> <max>
0	955

[block]
# block no. 0 follows, 51 sequences, length 23
# corresponding to MSA columns:
# 957-979
name=unknown_A
#
# <colnr> <probs for GDERKNQSTAVLIFYWHMCP>
#	G	D	E	R	K	N	Q	S	T	A	V	L	I	F	Y	W	H	M	C	P
0	0.00617	0.00441	0.00591	0.00705	0.00741	0.00415	0.00488	0.00716	0.00959	0.01275	0.02699	0.75197	0.03211	0.01523	0.00632	0.00202	0.00301	0.08430	0.00456	0.00404
1	0.01001	0.02435	0.73406	0.01459	0.02166	0.01150	0.08486	0.01558	0.01048	0.01558	0.00892	0.01063	0.00633	0.00462	0.00477	0.00157	0.00735	0.00382	0.00211	0.00721
2	0.04126	0.01099	0.01192	0.00927	0.01294	0.04125	0.00756	0.33332	0.01638	0.16453	0.01279	0.01368	0.00943	0.00551	0.00449	0.00129	0.00461	0.02438	0.06120	0.21319
3	0.01170	0.01280	0.02232	0.09359	0.09012	0.06973	0.39397	0.01469	0.01055	0.01423	0.00873	0.01221	0.00707	0.00541	0.00811	0.00173	0.20944	0.00498	0.00237	0.00624
4	0.00581	0.00498	0.00498	0.00498	0.00664	0.00415	0.00373	0.00705	0.01120	0.01328	0.04978	0.04729	0.79464	0.01245	0.00581	0.00166	0.00249	0.01037	0.00456	0.00415
5	0.00893	0.01001	0.18209	0.00862	0.01118	0.00675	0.00805	0.03279	0.04827	0.07265	0.26231	0.28031	0.02813	0.01002	0.00558	0.00169	0.00387	0.00880	0.00442	0.00552
6	0.01797	0.07027	0.01668	0.01254	0.01608	0.32526	0.14833	0.04930	0.01364	0.26430	0.01189	0.01221	0.00847	0.00520	0.00478	0.00141	0.00689	0.00422	0.00372	0.00686
7	0.02083	0.06471	0.01265	0.00915	0.01285	0.07851	0.00756	0.03974	0.03147	0.64367	0.01736	0.01537	0.01124	0.00588	0.00478	0.00147	0.00468	0.00463	0.00546	0.00798
8	0.00600	0.00480	0.00537	0.00562	0.00685	0.00417	0.00406	0.00727	0.01107	0.01388	0.13617	0.25051	0.50110	0.01292	0.00593	0.00173	0.00256	0.01113	0.00467	0.00417
9	0.01019	0.00873	0.01019	0.00728	0.01165	0.00655	0.00582	0.01237	0.01019	0.01601	0.00873	0.01019	0.00728	0.00364	0.00364	0.00073	0.00364	0.00291	0.00291	0.85734
10	0.01195	0.00978	0.01153	0.01006	0.01225	0.06617	0.07451	0.24864	0.05519	0.03574	0.01893	0.38432	0.01963	0.01008	0.00559	0.00173	0.00463	0.00890	0.00440	0.00598
11	0.01314	0.83025	0.02575	0.00841	0.01261	0.01945	0.00841	0.01472	0.00999	0.01156	0.00683	0.00788	0.00631	0.00420	0.00315	0.00105	0.00526	0.00263	0.00210	0.00631
12	0.01196	0.01040	0.01228	0.01097	0.03423	0.01167	0.05922	0.05162	0.61895	0.02043	0.08661	0.01920	0.01681	0.00671	0.00512	0.00164	0.00415	0.00579	0.00480	0.00745
13	0.01263	0.00631	0.00718	0.00623	0.00837	0.00596	0.00491	0.06892	0.01237	0.22414	0.02274	0.02269	0.15413	0.00705	0.00437	0.00136	0.00305	0.00572	0.41611	0.00577
14	0.00986	0.02542	0.80183	0.01401	0.02127	0.01141	0.01816	0.01556	0.01038	0.01556	0.00882	0.01038	0.00623	0.00467	0.00467	0.00156	0.00726	0.00363	0.00208	0.00726
15	0.00854	0.00427	0.00640	0.00640	0.00640	0.00427	0.00427	0.00640	0.00640	0.00854	0.00854	0.01494	0.00854	0.01707	0.01921	0.85702	0.00427	0.00427	0.00213	0.00213
16	0.01063	0.01011	0.01717	0.44877	0.39003	0.01127	0.01432	0.01374	0.01046	0.01419	0.00897	0.01266	0.00713	0.00466	0.00489	0.00155	0.00622	0.00437	0.00230	0.00654
17	0.00928	0.00873	0.01474	0.81548	0.03385	0.01092	0.01365	0.01256	0.00983	0.01256	0.00873	0.01310	0.00655	0.00491	0.00491	0.00164	0.00655	0.00437	0.00218	0.00546
18	0.01586	0.01263	0.01314	0.01077	0.01417	0.03500	0.00867	0.43202	0.35544	0.02594	0.01525	0.01456	0.01119	0.00621	0.00494	0.00155	0.00484	0.00488	0.00489	0.00803
19	0.00700	0.00505	0.00695	0.00702	0.00758	0.00557	0.00503	0.00814	0.00774	0.01086	0.01471	0.06929	0.01524	0.29165	0.50863	0.00655	0.00986	0.00637	0.00285	0.00391
20	0.46940	0.01091	0.01546	0.01202	0.01531	0.01201	0.26223	0.01453	0.00933	0.01863	0.00782	0.01009	0.00618	0.00495	0.00566	0.00165	0.11142	0.00391	0.00274	0.00576
21	0.00928	0.00873	0.01474	0.81548	0.03385	0.01092	0.01365	0.01256	0.00983	0.01256	0.00873	0.01310	0.00655	0.00491	0.00491	0.00164	0.00655	0.00437	0.00218	0.00546
22	0.08467	0.00851	0.00972	0.00737	0.01132	0.00686	0.00598	0.01235	0.01014	0.01642	0.01019	0.01424	0.00908	0.00465	0.00388	0.00094	0.00374	0.07426	0.00307	0.70261

[dist]
# distance from previous block
# <min> <max>
0	1

[block]
# block no. 1 follows, 51 sequences, length 15
# corresponding to MSA columns:
# 981-995
name=unknown_B
#
# <colnr> <probs for GDERKNQSTAVLIFYWHMCP>
#	G	D	E	R	K	N	Q	S	T	A	V	L	I	F	Y	W	H	M	C	P
0	0.01053	0.00778	0.00888	0.00795	0.01011	0.00817	0.00616	0.04733	0.31630	0.07985	0.32748	0.02805	0.10401	0.00849	0.00539	0.00160	0.00321	0.00725	0.00520	0.00625
1	0.01216	0.01168	0.01995	0.03016	0.79664	0.01168	0.01508	0.01508	0.01119	0.01605	0.00924	0.01216	0.00778	0.00438	0.00487	0.00146	0.00584	0.00438	0.00243	0.00778
2	0.01462	0.07328	0.01639	0.01307	0.01523	0.41175	0.09509	0.01620	0.01138	0.01232	0.00780	0.01035	0.00681	0.00755	0.05088	0.00189	0.22346	0.00384	0.00240	0.00569
3	0.00667	0.00501	0.00617	0.00588	0.00717	0.00451	0.00441	0.00872	0.01323	0.01810	0.60814	0.03935	0.23328	0.01065	0.00580	0.00157	0.00236	0.00926	0.00520	0.00451
4	0.00996	0.00958	0.01666	0.61867	0.17152	0.01116	0.06638	0.01323	0.01020	0.01341	0.00891	0.01294	0.00684	0.00476	0.00497	0.00161	0.00654	0.00447	0.00225	0.00596
5	0.00633	0.00454	0.00605	0.00685	0.00738	0.00425	0.00481	0.00761	0.01053	0.01428	0.19652	0.59749	0.03528	0.01409	0.00620	0.00191	0.00285	0.06412	0.00475	0.00417
6	0.01008	0.07970	0.74949	0.01363	0.02069	0.01195	0.01750	0.01551	0.01035	0.01529	0.00869	0.01021	0.00623	0.00464	0.00457	0.00152	0.00713	0.00356	0.00208	0.00720
7	0.01959	0.00814	0.01064	0.00833	0.01171	0.00734	0.00682	0.07352	0.01428	0.62033	0.06374	0.01772	0.01395	0.00626	0.00483	0.00148	0.00396	0.00510	0.09448	0.00775
8	0.01430	0.01276	0.01959	0.01485	0.01885	0.05778	0.33982	0.14369	0.21068	0.09482	0.01357	0.01439	0.00991	0.00531	0.00529	0.00159	0.00634	0.00528	0.00387	0.00731
9	0.00965	0.00650	0.00728	0.00675	0.00772	0.00680	0.00447	0.03841	0.16575	0.07036	0.01656	0.02755	0.01655	0.57370	0.01882	0.00379	0.00457	0.00657	0.00368	0.00452
10	0.01139	0.01185	0.02277	0.10198	0.30970	0.01199	0.35114	0.01471	0.01094	0.01520	0.00971	0.03095	0.00798	0.00487	0.00609	0.00162	0.06263	0.00521	0.00246	0.00679
11	0.01169	0.01091	0.01698	0.01242	0.01678	0.00993	0.26331	0.08879	0.09302	0.01784	0.01061	0.01221	0.00825	0.00434	0.00462	0.00121	0.00538	0.00429	0.00318	0.40426
12	0.00704	0.00476	0.00561	0.00586	0.00599	0.00472	0.00359	0.00734	0.00780	0.01037	0.01800	0.15040	0.02082	0.64534	0.02086	0.00416	0.00446	0.06631	0.00333	0.00325
13	0.01472	0.17284	0.26522	0.01223	0.01664	0.36828	0.01202	0.05754	0.01256	0.01406	0.00806	0.00931	0.00640	0.00482	0.00430	0.00133	0.00751	0.00328	0.00243	0.00645
14	0.01147	0.01120	0.10903	0.01103	0.01439	0.00958	0.14018	0.15320	0.09126	0.05928	0.29090	0.02241	0.03995	0.00715	0.00538	0.00157	0.00475	0.00642	0.00439	0.00646

[dist]
# distance from previous block
# <min> <max>
0	2

[block]
# block no. 2 follows, 51 sequences, length 14
# corresponding to MSA columns:
# 998-1011
name=unknown_C
#
# <colnr> <probs for GDERKNQSTAVLIFYWHMCP>
#	G	D	E	R	K	N	Q	S	T	A	V	L	I	F	Y	W	H	M	C	P
0	0.04902	0.06164	0.08076	0.01180	0.07359	0.10163	0.00941	0.13201	0.18966	0.12873	0.01291	0.01300	0.00956	0.00550	0.00485	0.00144	0.02571	0.00423	0.00392	0.08063
1	0.01535	0.00879	0.01341	0.01037	0.01379	0.00792	0.14046	0.06237	0.01317	0.36002	0.08765	0.10185	0.01610	0.00692	0.00519	0.00152	0.00460	0.02019	0.00477	0.10555
2	0.00618	0.00456	0.00584	0.00678	0.00740	0.00421	0.00481	0.00727	0.00994	0.01292	0.03090	0.59957	0.16415	0.01467	0.00625	0.00197	0.00298	0.10096	0.00456	0.00408
3	0.01047	0.16202	0.64351	0.01328	0.01995	0.01281	0.04228	0.01542	0.01035	0.01489	0.00852	0.01005	0.00628	0.00457	0.00445	0.00147	0.00696	0.00353	0.00209	0.00708
4	0.01333	0.01357	0.01707	0.20547	0.39450	0.17341	0.01312	0.08215	0.01247	0.01573	0.00901	0.01168	0.00726	0.00477	0.00479	0.00146	0.00658	0.00413	0.00261	0.00688
5	0.00703	0.00522	0.00767	0.00767	0.00847	0.00602	0.00586	0.00863	0.00783	0.01124	0.01337	0.02046	0.01279	0.10811	0.73726	0.00762	0.01241	0.00543	0.00266	0.00426
6	0.01375	0.01370	0.01784	0.09354	0.50318	0.15001	0.01332	0.10508	0.01294	0.01679	0.00921	0.01163	0.00749	0.00472	0.00480	0.00144	0.00637	0.00417	0.00272	0.00729
7	0.01294	0.20167	0.05123	0.03122	0.14517	0.01421	0.13560	0.11263	0.19622	0.01771	0.01158	0.01269	0.00906	0.00514	0.00488	0.00147	0.02168	0.00446	0.00326	0.00721
8	0.59293	0.01036	0.01254	0.03096	0.01373	0.01165	0.16386	0.01444	0.00899	0.01963	0.00749	0.00943	0.00589	0.00483	0.00478	0.00161	0.07497	0.00349	0.00283	0.00560
9	0.01386	0.22760	0.13118	0.10310	0.09090	0.24436	0.01123	0.04890	0.01208	0.03124	0.03663	0.01092	0.00813	0.00494	0.00431	0.00134	0.00667	0.00364	0.00259	0.00639
10	0.00812	0.00446	0.00632	0.00632	0.00640	0.00453	0.00417	0.00676	0.00668	0.00899	0.01035	0.01882	0.01076	0.18331	0.08916	0.60993	0.00514	0.00494	0.00235	0.00250
11	0.01735	0.01700	0.10644	0.01185	0.01585	0.17833	0.01035	0.50633	0.04755	0.02488	0.01088	0.01126	0.00793	0.00561	0.00479	0.00145	0.00628	0.00411	0.00409	0.00766
12	0.00581	0.00498	0.00498	0.00498	0.00664	0.00415	0.00373	0.00705	0.01120	0.01328	0.04978	0.04729	0.79464	0.01245	0.00581	0.00166	0.00249	0.01037	0.00456	0.00415
13	0.00781	0.00575	0.00700	0.00689	0.00810	0.00557	0.00505	0.09817	0.01291	0.01747	0.31566	0.34090	0.12608	0.01193	0.00588	0.00173	0.00291	0.01052	0.00492	0.00476

[dist]
# distance from previous block
# <min> <max>
0	1

[block]
# block no. 3 follows, 51 sequences, length 86
# corresponding to MSA columns:
# 1013-1065,1067-1099
name=unknown_D
#
# <colnr> <probs for GDERKNQSTAVLIFYWHMCP>
#	G	D	E	R	K	N	Q	S	T	A	V	L	I	F	Y	W	H	M	C	P
0	0.01102	0.10267	0.01625	0.01240	0.01287	0.01554	0.01049	0.01215	0.00780	0.01180	0.00649	0.01043	0.00643	0.00811	0.01467	0.00203	0.72710	0.00411	0.00214	0.00548
1	0.01019	0.00873	0.01019	0.00728	0.01165	0.00655	0.00582	0.01237	0.01019	0.01601	0.00873	0.01019	0.00728	0.00364	0.00364	0.00073	0.00364	0.00291	0.00291	0.85734
2	0.00631	0.00500	0.00567	0.00550	0.00695	0.00436	0.00413	0.00802	0.01239	0.01609	0.37519	0.04267	0.46749	0.01140	0.00580	0.00161	0.00241	0.00972	0.00493	0.00436
3	0.00603	0.00431	0.00575	0.00689	0.00719	0.00403	0.00463	0.00691	0.00945	0.01259	0.02706	0.80752	0.03241	0.01536	0.00628	0.00200	0.00289	0.03012	0.00456	0.00400
4	0.01075	0.01075	0.01505	0.01290	0.01290	0.01505	0.01075	0.01183	0.00753	0.01183	0.00645	0.01075	0.00645	0.00860	0.01613	0.00215	0.81830	0.00430	0.00215	0.00538
5	0.00590	0.00494	0.00515	0.00525	0.00677	0.00418	0.00391	0.00717	0.01115	0.01346	0.07290	0.11067	0.69224	0.01263	0.00586	0.00169	0.00255	0.02483	0.00459	0.00416
6	0.00708	0.00505	0.00680	0.00680	0.00729	0.00555	0.00477	0.00807	0.00757	0.01059	0.01417	0.02488	0.01470	0.37951	0.46847	0.00654	0.00952	0.00608	0.00278	0.00378
7	0.00703	0.00499	0.00629	0.00596	0.00716	0.00459	0.00447	0.00926	0.01341	0.01907	0.67300	0.03615	0.10501	0.00991	0.00561	0.00152	0.00233	0.00868	0.07096	0.00459
8	0.01288	0.01018	0.01091	0.00971	0.01251	0.01157	0.00758	0.02543	0.70084	0.08072	0.01982	0.01821	0.01470	0.00659	0.00494	0.00164	0.00386	0.00547	0.03472	0.00771
9	0.00986	0.02542	0.80183	0.01401	0.02127	0.01141	0.01816	0.01556	0.01038	0.01556	0.00882	0.01038	0.00623	0.00467	0.00467	0.00156	0.00726	0.00363	0.00208	0.00726
10	0.00916	0.00458	0.00458	0.00458	0.00573	0.00458	0.00344	0.01145	0.01031	0.01832	0.01603	0.01832	0.01260	0.00573	0.00344	0.00115	0.00229	0.00458	0.85457	0.00458
11	0.01786	0.02089	0.01355	0.01203	0.01471	0.63987	0.00915	0.13029	0.02868	0.01524	0.00883	0.00991	0.00708	0.00525	0.00446	0.00130	0.00796	0.00346	0.04342	0.00607
12	0.01314	0.83025	0.02575	0.00841	0.01261	0.01945	0.00841	0.01472	0.00999	0.01156	0.00683	0.00788	0.00631	0.00420	0.00315	0.00105	0.00526	0.00263	0.00210	0.00631
13	0.00637	0.00485	0.00586	0.00592	0.00706	0.00434	0.00432	0.00803	0.01208	0.01608	0.38749	0.20360	0.29225	0.01195	0.00590	0.00168	0.00249	0.01044	0.00495	0.00434
14	0.01158	0.44855	0.39381	0.01106	0.01672	0.01564	0.01303	0.01512	0.01017	0.01346	0.00777	0.00907	0.00627	0.00442	0.00387	0.00129	0.00621	0.00310	0.00209	0.00676
15	0.01501	0.00966	0.01073	0.00919	0.01214	0.02882	0.00727	0.05427	0.41176	0.25556	0.02052	0.01898	0.05663	0.00736	0.02238	0.00172	0.00422	0.00549	0.04078	0.00752
16	0.00702	0.00527	0.00790	0.00790	0.00878	0.00614	0.00614	0.00878	0.00790	0.01141	0.01316	0.01931	0.01229	0.03686	0.80782	0.00790	0.01316	0.00527	0.00263	0.00439
17	0.01134	0.01084	0.01846	0.25438	0.57885	0.01146	0.01467	0.01436	0.01080	0.01506	0.00910	0.01243	0.00743	0.00453	0.00488	0.00151	0.00604	0.00438	0.00236	0.00712
18	0.13389	0.00969	0.01240	0.01154	0.11324	0.00942	0.00827	0.12587	0.01417	0.48802	0.01534	0.01428	0.01015	0.00563	0.00467	0.00151	0.00451	0.00449	0.00504	0.00788
19	0.01474	0.01237	0.01243	0.01051	0.01362	0.06689	0.00834	0.29215	0.43718	0.02364	0.04364	0.01603	0.01317	0.00641	0.00496	0.00157	0.00471	0.00511	0.00482	0.00773
20	0.00921	0.00587	0.00713	0.00662	0.00834	0.00543	0.00502	0.01195	0.07571	0.13312	0.32892	0.12342	0.23929	0.01043	0.00566	0.00163	0.00283	0.00900	0.00515	0.00524
21	0.01119	0.01083	0.01798	0.21631	0.44552	0.01215	0.03202	0.01387	0.01018	0.01440	0.00861	0.01215	0.00723	0.00530	0.00703	0.00164	0.16015	0.00439	0.00232	0.00674
22	0.01036	0.14794	0.68368	0.01315	0.01995	0.01264	0.01667	0.01543	0.01032	0.01495	0.00852	0.01000	0.00624	0.00460	0.00444	0.00148	0.00696	0.00348	0.00208	0.00712
23	0.01086	0.06204	0.71062	0.01338	0.02026	0.01150	0.01694	0.01610	0.01061	0.06972	0.00946	0.01070	0.00664	0.00475	0.00462	0.00153	0.00696	0.00368	0.00235	0.00729
24	0.00586	0.00498	0.00505	0.00503	0.00667	0.00417	0.00378	0.00716	0.01133	0.01358	0.08474	0.04680	0.75950	0.01233	0.00581	0.00165	0.00248	0.01030	0.00460	0.00417
25	0.01286	0.71358	0.07076	0.01058	0.07968	0.01831	0.00955	0.01480	0.01011	0.01218	0.00715	0.00839	0.00643	0.00425	0.00339	0.00112	0.00542	0.00284	0.00213	0.00649
26	0.01451	0.01350	0.01732	0.01459	0.06993	0.16432	0.22854	0.12580	0.09692	0.09856	0.01457	0.05947	0.04677	0.00607	0.00520	0.00155	0.00636	0.00555	0.00369	0.00681
27	0.00854	0.00427	0.00640	0.00640	0.00640	0.00427	0.00427	0.00640	0.00640	0.00854	0.00854	0.01494	0.00854	0.01707	0.01921	0.85702	0.00427	0.00427	0.00213	0.00213
28	0.00599	0.00428	0.00570	0.00684	0.00713	0.00399	0.00456	0.00684	0.00941	0.01254	0.02709	0.82409	0.03250	0.01540	0.00627	0.00200	0.00285	0.01397	0.00456	0.00399
29	0.01200	0.01151	0.01965	0.07560	0.75250	0.01163	0.01500	0.01494	0.01111	0.01585	0.00921	0.01222	0.00771	0.00441	0.00487	0.00147	0.00588	0.00438	0.00242	0.00765
30	0.00849	0.00739	0.00999	0.00915	0.01080	0.03511	0.09818	0.01244	0.14835	0.01598	0.18698	0.31809	0.06203	0.01079	0.00583	0.00177	0.00385	0.04509	0.00450	0.00521
31	0.00603	0.00431	0.00574	0.00682	0.00714	0.00402	0.00456	0.00694	0.00960	0.01284	0.05922	0.79109	0.03308	0.01517	0.00625	0.00198	0.00283	0.01376	0.00460	0.00402
32	0.01561	0.01447	0.01319	0.01128	0.01422	0.26074	0.05096	0.09935	0.28247	0.11081	0.01421	0.01429	0.01068	0.00780	0.05592	0.00190	0.00647	0.00461	0.00406	0.00698
33	0.16398	0.01389	0.01264	0.01039	0.01376	0.14239	0.00835	0.38189	0.12902	0.05870	0.01178	0.01182	0.00863	0.00565	0.00453	0.00148	0.00542	0.00410	0.00427	0.00732
34	0.00703	0.00523	0.00770	0.00770	0.00851	0.00604	0.00590	0.00865	0.00784	0.01126	0.01334	0.02031	0.01272	0.09865	0.74662	0.00765	0.01251	0.00541	0.00266	0.00428
35	0.58764	0.07860	0.01035	0.00813	0.01114	0.20660	0.00659	0.01573	0.00985	0.01876	0.00703	0.00819	0.00565	0.00466	0.00339	0.00142	0.00516	0.00278	0.00284	0.00549
36	0.00636	0.00500	0.00575	0.00556	0.00698	0.00439	0.00417	0.00813	0.01252	0.01640	0.41109	0.04216	0.43139	0.01128	0.00580	0.00160	0.00241	0.00965	0.00497	0.00439
37	0.01424	0.01137	0.01214	0.01025	0.01333	0.01283	0.00815	0.30215	0.45684	0.02421	0.05346	0.03082	0.01434	0.00670	0.00503	0.00160	0.00436	0.00544	0.00498	0.00778
38	0.01314	0.83025	0.02575	0.00841	0.01261	0.01945	0.00841	0.01472	0.00999	0.01156	0.00683	0.00788	0.00631	0.00420	0.00315	0.00105	0.00526	0.00263	0.00210	0.00631
39	0.00854	0.00427	0.00640	0.00640	0.00640	0.00427	0.00427	0.00640	0.00640	0.00854	0.00854	0.01494	0.00854	0.01707	0.01921	0.85702	0.00427	0.00427	0.00213	0.00213
40	0.00784	0.00560	0.00783	0.00896	0.01005	0.00559	0.00778	0.01004	0.01123	0.01462	0.02606	0.08764	0.02846	0.01365	0.00677	0.00225	0.00445	0.73215	0.00453	0.00450
41	0.00581	0.00498	0.00498	0.00498	0.00664	0.00415	0.00373	0.00705	0.01120	0.01328	0.04978	0.04729	0.79464	0.01245	0.00581	0.00166	0.00249	0.01037	0.00456	0.00415
42	0.00599	0.00428	0.00570	0.00684	0.00713	0.00399	0.00456	0.00684	0.00941	0.01254	0.02709	0.82409	0.03250	0.01540	0.00627	0.00200	0.00285	0.01397	0.00456	0.00399
43	0.00605	0.00443	0.00569	0.00655	0.00709	0.00407	0.00446	0.00709	0.01003	0.01327	0.09809	0.65656	0.12945	0.01455	0.00617	0.00191	0.00276	0.01307	0.00464	0.00407
44	0.00696	0.00502	0.00657	0.00618	0.00734	0.00464	0.00464	0.00927	0.01391	0.01971	0.79405	0.03671	0.04637	0.01005	0.00580	0.00155	0.00232	0.00889	0.00541	0.00464
45	0.00986	0.02542	0.80183	0.01401	0.02127	0.01141	0.01816	0.01556	0.01038	0.01556	0.00882	0.01038	0.00623	0.00467	0.00467	0.00156	0.00726	0.00363	0.00208	0.00726
46	0.01222	0.01056	0.01111	0.01000	0.01278	0.01222	0.00778	0.02611	0.78776	0.02056	0.02000	0.01833	0.01500	0.00667	0.00500	0.00167	0.00389	0.00556	0.00500	0.00778
47	0.00608	0.00452	0.00565	0.00644	0.00709	0.00413	0.00446	0.00712	0.01002	0.01304	0.06775	0.57545	0.19858	0.03309	0.00660	0.00197	0.00284	0.03657	0.00456	0.00405
48	0.01314	0.83025	0.02575	0.00841	0.01261	0.01945	0.00841	0.01472	0.00999	0.01156	0.00683	0.00788	0.00631	0.00420	0.00315	0.00105	0.00526	0.00263	0.00210	0.00631
49	0.00744	0.00536	0.00688	0.00719	0.00853	0.00502	0.00590	0.00946	0.01212	0.03387	0.25877	0.04701	0.22158	0.01208	0.00621	0.00189	0.00336	0.33794	0.00483	0.00455
50	0.01072	0.01021	0.01734	0.42285	0.41521	0.01130	0.01436	0.01382	0.01051	0.01431	0.00899	0.01263	0.00717	0.00465	0.00489	0.00155	0.00619	0.00437	0.00231	0.00662
51	0.01216	0.01168	0.01995	0.03016	0.79664	0.01168	0.01508	0.01508	0.01119	0.01605	0.00924	0.01216	0.00778	0.00438	0.00487	0.00146	0.00584	0.00438	0.00243	0.00778
52	0.01490	0.01129	0.01218	0.01027	0.01346	0.01266	0.00818	0.24125	0.50376	0.08970	0.01761	0.01633	0.01286	0.00640	0.00497	0.00160	0.00435	0.00518	0.00507	0.00799
53	0.01216	0.01168	0.01995	0.03016	0.79664	0.01168	0.01508	0.01508	0.01119	0.01605	0.00924	0.01216	0.00778	0.00438	0.00487	0.00146	0.00584	0.00438	0.00243	0.00778
54	0.01836	0.02342	0.01393	0.01266	0.01519	0.80756	0.00950	0.01962	0.01393	0.01203	0.00760	0.00886	0.00633	0.00506	0.00443	0.00127	0.00886	0.00317	0.00253	0.00570
55	0.00613	0.00476	0.00524	0.00553	0.00649	0.00424	0.00378	0.00702	0.00990	0.01231	0.03692	0.23916	0.44102	0.18341	0.00994	0.00239	0.00306	0.01060	0.00423	0.00386
56	0.00639	0.00456	0.00617	0.00730	0.00777	0.00434	0.00526	0.00754	0.00981	0.01300	0.02686	0.66351	0.03162	0.01502	0.00638	0.00205	0.00320	0.17056	0.00455	0.00410
57	0.01047	0.00940	0.01265	0.00913	0.01350	0.00757	0.10522	0.01345	0.04689	0.01619	0.00942	0.01097	0.00766	0.00385	0.00398	0.00089	0.00425	0.00341	0.00295	0.70815
58	0.00928	0.00873	0.01474	0.81548	0.03385	0.01092	0.01365	0.01256	0.00983	0.01256	0.00873	0.01310	0.00655	0.00491	0.00491	0.00164	0.00655	0.00437	0.00218	0.00546
59	0.01215	0.01086	0.01312	0.01120	0.01423	0.01225	0.09426	0.02495	0.70070	0.02002	0.01887	0.01777	0.01415	0.00638	0.00509	0.00167	0.00438	0.00558	0.00472	0.00765
60	0.01295	0.01092	0.01152	0.01015	0.01305	0.01256	0.00795	0.11070	0.70199	0.02173	0.01908	0.01760	0.01426	0.00658	0.00499	0.00165	0.00406	0.00543	0.00499	0.00784
61	0.00696	0.00502	0.00657	0.00618	0.00734	0.00464	0.00464	0.00927	0.01391	0.01971	0.79405	0.03671	0.04637	0.01005	0.00580	0.00155	0.00232	0.00889	0.00541	0.00464
62	0.00599	0.00428	0.00570	0.00684	0.00713	0.00399	0.00456	0.00684	0.00941	0.01254	0.02709	0.82409	0.03250	0.01540	0.00627	0.00200	0.00285	0.01397	0.00456	0.00399
63	0.01314	0.83025	0.02575	0.00841	0.01261	0.01945	0.00841	0.01472	0.00999	0.01156	0.00683	0.00788	0.00631	0.00420	0.00315	0.00105	0.00526	0.00263	0.00210	0.00631
64	0.01203	0.01154	0.01970	0.06705	0.76081	0.01164	0.01501	0.01496	0.01113	0.01589	0.00922	0.01221	0.00773	0.00440	0.00487	0.00147	0.00587	0.00438	0.00242	0.00767
65	0.00588	0.00499	0.00508	0.00509	0.00672	0.00419	0.00384	0.00718	0.01129	0.01351	0.07297	0.04710	0.75717	0.01239	0.00583	0.00167	0.00252	0.02382	0.00459	0.00417
66	0.00928	0.00873	0.01474	0.81548	0.03385	0.01092	0.01365	0.01256	0.00983	0.01256	0.00873	0.01310	0.00655	0.00491	0.00491	0.00164	0.00655	0.00437	0.00218	0.00546
67	0.00739	0.00595	0.00852	0.00849	0.00965	0.00584	0.07097	0.01020	0.09613	0.01423	0.05218	0.51007	0.07060	0.01293	0.00611	0.00193	0.00358	0.09605	0.00446	0.00472
68	0.01290	0.77185	0.08206	0.00881	0.01324	0.01886	0.00912	0.01478	0.01001	0.01185	0.00698	0.00806	0.00630	0.00424	0.00326	0.00109	0.00540	0.00270	0.00210	0.00638
69	0.00715	0.00476	0.00536	0.00536	0.00536	0.00476	0.00298	0.00715	0.00715	0.00953	0.01548	0.03216	0.01787	0.82729	0.02501	0.00476	0.00476	0.00715	0.00298	0.00298
70	0.45329	0.00913	0.00937	0.00766	0.01107	0.00944	0.00632	0.04376	0.01143	0.37540	0.01270	0.01208	0.00853	0.00530	0.00396	0.00152	0.00403	0.00375	0.00448	0.00680
71	0.01810	0.01228	0.01353	0.01064	0.01434	0.01334	0.00870	0.51763	0.15803	0.15932	0.01455	0.01380	0.01019	0.00607	0.00494	0.00152	0.00493	0.00471	0.00513	0.00826
72	0.01216	0.01168	0.01995	0.03016	0.79664	0.01168	0.01508	0.01508	0.01119	0.01605	0.00924	0.01216	0.00778	0.00438	0.00487	0.00146	0.00584	0.00438	0.00243	0.00778
73	0.01825	0.02266	0.01378	0.01248	0.01505	0.76345	0.00939	0.01993	0.03848	0.03089	0.00827	0.00935	0.00674	0.00514	0.00446	0.00128	0.00859	0.00328	0.00269	0.00583
74	0.37255	0.40072	0.03523	0.00774	0.01150	0.01475	0.00724	0.01533	0.00962	0.07702	0.00785	0.00867	0.00634	0.00451	0.00328	0.00130	0.00461	0.00284	0.00281	0.00607
75	0.01314	0.83025	0.02575	0.00841	0.01261	0.01945	0.00841	0.01472	0.00999	0.01156	0.00683	0.00788	0.00631	0.00420	0.00315	0.00105	0.00526	0.00263	0.00210	0.00631
76	0.00928	0.00873	0.01474	0.81548	0.03385	0.01092	0.01365	0.01256	0.00983	0.01256	0.00873	0.01310	0.00655	0.00491	0.00491	0.00164	0.00655	0.00437	0.00218	0.00546
77	0.00916	0.00458	0.00458	0.00458	0.00573	0.00458	0.00344	0.01145	0.01031	0.01832	0.01603	0.01832	0.01260	0.00573	0.00344	0.00115	0.00229	0.00458	0.85457	0.00458
78	0.00594	0.00478	0.00530	0.00560	0.00683	0.00414	0.00403	0.00715	0.01088	0.01352	0.09560	0.26833	0.52446	0.01312	0.00594	0.00175	0.00258	0.01129	0.00462	0.00414
79	0.01868	0.01376	0.01475	0.01131	0.01524	0.01524	0.00934	0.78025	0.02311	0.03097	0.01180	0.01180	0.00836	0.00590	0.00492	0.00147	0.00541	0.00442	0.00492	0.00836
80	0.00654	0.00498	0.00600	0.00580	0.00710	0.00445	0.00433	0.00844	0.01284	0.01729	0.51676	0.06717	0.29834	0.01104	0.00582	0.00160	0.00239	0.00956	0.00510	0.00445
81	0.00599	0.00428	0.00570	0.00684	0.00713	0.00399	0.00456	0.00684	0.00941	0.01254	0.02709	0.82409	0.03250	0.01540	0.00627	0.00200	0.00285	0.01397	0.00456	0.00399
82	0.01764	0.02227	0.01354	0.01236	0.01478	0.75658	0.00928	0.01893	0.01354	0.01199	0.00795	0.00953	0.00671	0.00709	0.05554	0.00169	0.00914	0.00330	0.00254	0.00561
83	0.01075	0.00912	0.01065	0.00773	0.01192	0.00739	0.00622	0.06121	0.01092	0.01682	0.00885	0.01031	0.00732	0.00395	0.00415	0.00082	0.03158	0.00306	0.00301	0.77422
84	0.01808	0.00780	0.01024	0.00837	0.01146	0.00701	0.00670	0.04621	0.04475	0.57343	0.02206	0.14679	0.05867	0.00793	0.00520	0.00161	0.00391	0.00669	0.00567	0.00741
85	0.01205	0.01156	0.01973	0.06223	0.76549	0.01165	0.01502	0.01498	0.01113	0.01591	0.00922	0.01220	0.00773	0.00440	0.00487	0.00147	0.00587	0.00438	0.00242	0.00769

[dist]
# distance from previous block
# <min> <max>
0	2

[block]
# block no. 4 follows, 51 sequences, length 88
# corresponding to MSA columns:
# 1102-1189
name=unknown_E
#
# <colnr> <probs for GDERKNQSTAVLIFYWHMCP>
#	G	D	E	R	K	N	Q	S	T	A	V	L	I	F	Y	W	H	M	C	P
0	0.01115	0.01177	0.01863	0.01501	0.01797	0.11667	0.35361	0.01404	0.01155	0.01462	0.01508	0.02741	0.01460	0.00789	0.00664	0.00185	0.05955	0.27310	0.00319	0.00568
1	0.01216	0.01168	0.01995	0.03016	0.79664	0.01168	0.01508	0.01508	0.01119	0.01605	0.00924	0.01216	0.00778	0.00438	0.00487	0.00146	0.00584	0.00438	0.00243	0.00778
2	0.01943	0.01135	0.01316	0.01005	0.01396	0.01158	0.00829	0.43798	0.01877	0.32743	0.01453	0.01360	0.00976	0.00582	0.00484	0.00144	0.00482	0.00453	0.00524	0.06340
3	0.01294	0.01040	0.01113	0.00991	0.01276	0.01186	0.00774	0.02596	0.73150	0.07723	0.01996	0.01822	0.01480	0.00662	0.00500	0.00166	0.00391	0.00551	0.00508	0.00782
4	0.00986	0.02542	0.80183	0.01401	0.02127	0.01141	0.01816	0.01556	0.01038	0.01556	0.00882	0.01038	0.00623	0.00467	0.00467	0.00156	0.00726	0.00363	0.00208	0.00726
5	0.01868	0.01376	0.01475	0.01131	0.01524	0.01524	0.00934	0.78025	0.02311	0.03097	0.01180	0.01180	0.00836	0.00590	0.00492	0.00147	0.00541	0.00442	0.00492	0.00836
6	0.00714	0.00478	0.00546	0.00546	0.00549	0.00482	0.00310	0.00721	0.00718	0.00960	0.01539	0.03165	0.01765	0.79612	0.05589	0.00489	0.00510	0.00707	0.00296	0.00303
7	0.00928	0.00873	0.01474	0.81548	0.03385	0.01092	0.01365	0.01256	0.00983	0.01256	0.00873	0.01310	0.00655	0.00491	0.00491	0.00164	0.00655	0.00437	0.00218	0.00546
8	0.01044	0.00581	0.00594	0.00548	0.00700	0.00601	0.00423	0.11439	0.01202	0.02002	0.01546	0.01745	0.01203	0.00575	0.00363	0.00119	0.00271	0.00456	0.74081	0.00509
9	0.00629	0.00448	0.00599	0.00708	0.00747	0.00424	0.00495	0.00730	0.00957	0.01272	0.02649	0.68993	0.03136	0.04718	0.00708	0.00214	0.00315	0.11407	0.00449	0.00402
10	0.00651	0.00476	0.00611	0.00630	0.00720	0.00436	0.00453	0.00821	0.01207	0.01657	0.45330	0.31592	0.11159	0.01216	0.00597	0.00172	0.00252	0.01082	0.00503	0.00436
11	0.01158	0.01320	0.02869	0.02054	0.02541	0.01248	0.76208	0.01566	0.01151	0.01566	0.00987	0.01320	0.00743	0.00424	0.00602	0.00167	0.02591	0.00577	0.00248	0.00660
12	0.00928	0.00873	0.01474	0.81548	0.03385	0.01092	0.01365	0.01256	0.00983	0.01256	0.00873	0.01310	0.00655	0.00491	0.00491	0.00164	0.00655	0.00437	0.00218	0.00546
13	0.00591	0.00501	0.00512	0.00518	0.00681	0.00422	0.00394	0.00721	0.01121	0.01335	0.04860	0.04770	0.75658	0.01250	0.00586	0.00169	0.00259	0.04778	0.00456	0.00417
14	0.00928	0.00873	0.01474	0.81548	0.03385	0.01092	0.01365	0.01256	0.00983	0.01256	0.00873	0.01310	0.00655	0.00491	0.00491	0.00164	0.00655	0.00437	0.00218	0.00546
15	0.00890	0.00768	0.01008	0.00903	0.00903	0.00978	0.00677	0.00943	0.00733	0.01065	0.01108	0.02173	0.01230	0.42840	0.02068	0.00349	0.40115	0.00576	0.00257	0.00415
16	0.00604	0.00430	0.00569	0.00678	0.00705	0.00403	0.00449	0.00686	0.00931	0.01241	0.02656	0.78808	0.03184	0.05231	0.00712	0.00212	0.00294	0.01366	0.00449	0.00395
17	0.00760	0.00555	0.00747	0.00843	0.00965	0.00543	0.00729	0.00971	0.01130	0.01449	0.02962	0.05420	0.14431	0.01340	0.00664	0.00217	0.00422	0.64953	0.00453	0.00447
18	0.00599	0.00428	0.00570	0.00684	0.00713	0.00399	0.00456	0.00684	0.00941	0.01254	0.02709	0.82409	0.03250	0.01540	0.00627	0.00200	0.00285	0.01397	0.00456	0.00399
19	0.01445	0.01094	0.01183	0.01012	0.01322	0.01228	0.00802	0.16805	0.56399	0.10274	0.01839	0.01694	0.01346	0.00646	0.00498	0.00162	0.00421	0.00528	0.00510	0.00795
20	0.39258	0.01164	0.01127	0.00905	0.01258	0.01302	0.00747	0.40754	0.01617	0.06090	0.00994	0.01032	0.00718	0.00531	0.00409	0.00150	0.00464	0.00367	0.00414	0.00701
21	0.00703	0.00523	0.00774	0.00774	0.00857	0.00606	0.00595	0.00868	0.00785	0.01129	0.01330	0.02008	0.01262	0.08467	0.76047	0.00771	0.01266	0.00538	0.00265	0.00430
22	0.01836	0.02342	0.01393	0.01266	0.01519	0.80756	0.00950	0.01962	0.01393	0.01203	0.00760	0.00886	0.00633	0.00506	0.00443	0.00127	0.00886	0.00317	0.00253	0.00570
23	0.01011	0.00958	0.01624	0.58929	0.25355	0.01114	0.01406	0.01328	0.01022	0.01356	0.00888	0.01283	0.00691	0.00476	0.00490	0.00159	0.00635	0.00437	0.00226	0.00613
24	0.01703	0.02026	0.01334	0.01203	0.01467	0.60500	0.00911	0.04826	0.18376	0.01457	0.01046	0.01104	0.00830	0.00545	0.00457	0.00136	0.00765	0.00373	0.00316	0.00625
25	0.00581	0.00498	0.00498	0.00498	0.00664	0.00415	0.00373	0.00705	0.01120	0.01328	0.04978	0.04729	0.79464	0.01245	0.00581	0.00166	0.00249	0.01037	0.00456	0.00415
26	0.05425	0.00678	0.00774	0.00687	0.00884	0.03726	0.00532	0.01299	0.03045	0.17879	0.42945	0.03129	0.15253	0.00906	0.00541	0.00155	0.00310	0.00769	0.00517	0.00547
27	0.01216	0.01168	0.01995	0.03016	0.79664	0.01168	0.01508	0.01508	0.01119	0.01605	0.00924	0.01216	0.00778	0.00438	0.00487	0.00146	0.00584	0.00438	0.00243	0.00778
28	0.00704	0.00520	0.00756	0.00756	0.00832	0.00596	0.00572	0.00856	0.00780	0.01116	0.01347	0.02103	0.01303	0.14269	0.70301	0.00748	0.01204	0.00552	0.00268	0.00420
29	0.00986	0.02542	0.80183	0.01401	0.02127	0.01141	0.01816	0.01556	0.01038	0.01556	0.00882	0.01038	0.00623	0.00467	0.00467	0.00156	0.00726	0.00363	0.00208	0.00726
30	0.00997	0.05301	0.77522	0.01381	0.02097	0.01169	0.01782	0.01553	0.01036	0.01543	0.00875	0.01029	0.00623	0.00465	0.00462	0.00154	0.00719	0.00360	0.00208	0.00723
31	0.00596	0.00437	0.00561	0.00659	0.00706	0.00401	0.00445	0.00687	0.00965	0.01264	0.03012	0.72008	0.13455	0.01500	0.00621	0.00195	0.00280	0.01349	0.00456	0.00401
32	0.00586	0.00497	0.00507	0.00513	0.00673	0.00418	0.00386	0.00712	0.01114	0.01328	0.04847	0.07411	0.75124	0.01257	0.00585	0.00168	0.00255	0.02748	0.00456	0.00415
33	0.00928	0.00873	0.01474	0.81548	0.03385	0.01092	0.01365	0.01256	0.00983	0.01256	0.00873	0.01310	0.00655	0.00491	0.00491	0.00164	0.00655	0.00437	0.00218	0.00546
34	0.01760	0.01193	0.01319	0.01046	0.01406	0.01295	0.00853	0.46818	0.18601	0.16243	0.03305	0.01464	0.01133	0.00619	0.00496	0.00153	0.00480	0.00486	0.00515	0.00815
35	0.01376	0.01522	0.01674	0.18623	0.36292	0.29274	0.01281	0.01616	0.01188	0.01391	0.00856	0.01119	0.00702	0.00473	0.00472	0.00143	0.00705	0.00395	0.00242	0.00657
36	0.00928	0.00873	0.01474	0.81548	0.03385	0.01092	0.01365	0.01256	0.00983	0.01256	0.00873	0.01310	0.00655	0.00491	0.00491	0.00164	0.00655	0.00437	0.00218	0.00546
37	0.00986	0.02542	0.80183	0.01401	0.02127	0.01141	0.01816	0.01556	0.01038	0.01556	0.00882	0.01038	0.00623	0.00467	0.00467	0.00156	0.00726	0.00363	0.00208	0.00726
38	0.01338	0.01648	0.12241	0.06159	0.41418	0.22527	0.01363	0.01667	0.04238	0.01491	0.00914	0.01133	0.00741	0.00472	0.00473	0.00144	0.00680	0.00400	0.00250	0.00704
39	0.00928	0.00873	0.01474	0.81548	0.03385	0.01092	0.01365	0.01256	0.00983	0.01256	0.00873	0.01310	0.00655	0.00491	0.00491	0.00164	0.00655	0.00437	0.00218	0.00546
40	0.01499	0.01847	0.01152	0.01060	0.01290	0.59190	0.00795	0.01625	0.01319	0.01236	0.01892	0.01918	0.21794	0.00705	0.00480	0.00137	0.00715	0.00510	0.00308	0.00528
41	0.01069	0.01071	0.01872	0.01662	0.12106	0.01195	0.25863	0.01307	0.01002	0.02632	0.04846	0.06638	0.04585	0.00723	0.00953	0.00183	0.30829	0.00591	0.00277	0.00597
42	0.01143	0.41243	0.42864	0.01131	0.01711	0.01528	0.01347	0.01516	0.01019	0.01364	0.00786	0.00918	0.00626	0.00445	0.00394	0.00131	0.00630	0.00315	0.00209	0.00680
43	0.40961	0.17971	0.01319	0.00892	0.01203	0.27818	0.00734	0.01623	0.01054	0.01659	0.00709	0.00826	0.00586	0.00466	0.00353	0.00134	0.00578	0.00282	0.00268	0.00565
44	0.00854	0.00427	0.00640	0.00640	0.00640	0.00427	0.00427	0.00640	0.00640	0.00854	0.00854	0.01494	0.00854	0.01707	0.01921	0.85702	0.00427	0.00427	0.00213	0.00213
45	0.01496	0.50183	0.02083	0.00945	0.01329	0.09872	0.00857	0.21478	0.01383	0.01694	0.00857	0.00942	0.00709	0.00479	0.00376	0.00119	0.00555	0.00323	0.03650	0.00671
46	0.00714	0.00478	0.00542	0.00542	0.00544	0.00480	0.00305	0.00718	0.00716	0.00957	0.01543	0.03187	0.01774	0.80938	0.04275	0.00484	0.00495	0.00710	0.00297	0.00301
47	0.00808	0.00719	0.01057	0.40435	0.02046	0.00825	0.00914	0.01046	0.01052	0.01366	0.09814	0.02590	0.25129	0.00799	0.00594	0.00165	0.05735	0.00665	0.03747	0.00494
48	0.01241	0.23264	0.02509	0.01690	0.08601	0.04926	0.40399	0.01651	0.08097	0.01492	0.00985	0.01198	0.00780	0.00445	0.00488	0.00146	0.00689	0.00469	0.00261	0.00670
49	0.00702	0.00527	0.00790	0.00790	0.00878	0.00614	0.00614	0.00878	0.00790	0.01141	0.01316	0.01931	0.01229	0.03686	0.80782	0.00790	0.01316	0.00527	0.00263	0.00439
50	0.00715	0.00476	0.00536	0.00536	0.00536	0.00476	0.00298	0.00715	0.00715	0.00953	0.01548	0.03216	0.01787	0.82729	0.02501	0.00476	0.00476	0.00715	0.00298	0.00298
51	0.00676	0.00466	0.00568	0.00596	0.00626	0.00450	0.00376	0.00744	0.00906	0.01228	0.15888	0.27660	0.02749	0.43075	0.01580	0.00333	0.00374	0.00956	0.00390	0.00359
52	0.00683	0.00490	0.00666	0.00778	0.00846	0.00473	0.00602	0.00831	0.01028	0.01351	0.02703	0.47243	0.04443	0.01454	0.00649	0.00211	0.00358	0.34315	0.00455	0.00423
53	0.01160	0.01326	0.02900	0.02071	0.02568	0.01243	0.77879	0.01574	0.01160	0.01574	0.00994	0.01326	0.00746	0.00414	0.00580	0.00166	0.00829	0.00580	0.00249	0.00663
54	0.00986	0.02542	0.80183	0.01401	0.02127	0.01141	0.01816	0.01556	0.01038	0.01556	0.00882	0.01038	0.00623	0.00467	0.00467	0.00156	0.00726	0.00363	0.00208	0.00726
55	0.01218	0.43365	0.12078	0.01359	0.01845	0.01590	0.29179	0.01519	0.01062	0.01358	0.00821	0.01015	0.00672	0.00424	0.00431	0.00133	0.00661	0.00391	0.00224	0.00654
56	0.00599	0.00428	0.00570	0.00684	0.00713	0.00399	0.00456	0.00684	0.00941	0.01254	0.02709	0.82409	0.03250	0.01540	0.00627	0.00200	0.00285	0.01397	0.00456	0.00399
57	0.02205	0.00836	0.01140	0.00874	0.01254	0.00722	0.00722	0.02395	0.01407	0.80004	0.01939	0.01673	0.01216	0.00608	0.00494	0.00152	0.00418	0.00494	0.00608	0.00836
58	0.00655	0.00451	0.00554	0.00612	0.00627	0.00437	0.00379	0.00699	0.00831	0.01108	0.02143	0.43823	0.02537	0.41098	0.01540	0.00334	0.00378	0.01065	0.00379	0.00350
59	0.00662	0.00508	0.00607	0.00590	0.00721	0.00460	0.00439	0.00874	0.03023	0.01707	0.47271	0.09095	0.30020	0.01114	0.00581	0.00162	0.00245	0.00965	0.00506	0.00450
60	0.00658	0.00453	0.00553	0.00608	0.00622	0.00439	0.00375	0.00700	0.00825	0.01100	0.02114	0.41802	0.02500	0.43171	0.01588	0.00342	0.00383	0.01047	0.00375	0.00347
61	0.00993	0.02494	0.77135	0.01427	0.02144	0.01145	0.04816	0.01557	0.01042	0.01557	0.00886	0.01049	0.00627	0.00465	0.00471	0.00156	0.00730	0.00372	0.00209	0.00724
62	0.01031	0.00899	0.01425	0.01992	0.41358	0.00907	0.01158	0.01349	0.04981	0.01569	0.01712	0.03140	0.01711	0.00852	0.00571	0.00182	0.00517	0.33664	0.00348	0.00636
63	0.00599	0.00428	0.00570	0.00684	0.00713	0.00399	0.00456	0.00684	0.00941	0.01254	0.02709	0.82409	0.03250	0.01540	0.00627	0.00200	0.00285	0.01397	0.00456	0.00399
64	0.31182	0.01808	0.41549	0.01091	0.01618	0.01164	0.01236	0.08010	0.04934	0.01940	0.00893	0.01005	0.00652	0.00483	0.00413	0.00154	0.00572	0.00345	0.00280	0.00669
65	0.00749	0.00670	0.01194	0.01053	0.01210	0.00626	0.21237	0.00924	0.01003	0.01342	0.02296	0.58999	0.04191	0.01231	0.00614	0.00190	0.00430	0.01170	0.00400	0.00470
66	0.00937	0.00834	0.01117	0.00951	0.01101	0.00960	0.00765	0.01090	0.00838	0.01281	0.00943	0.01404	0.00888	0.05615	0.23267	0.00346	0.31796	0.00431	0.00255	0.25179
67	0.01397	0.01149	0.01212	0.00997	0.01338	0.02897	0.00794	0.25551	0.39649	0.02276	0.01519	0.01466	0.01139	0.00585	0.00472	0.00143	0.00442	0.00468	0.00455	0.16049
68	0.01030	0.13318	0.69792	0.01326	0.02011	0.01249	0.01685	0.01545	0.01032	0.01503	0.00855	0.01004	0.00624	0.00461	0.00447	0.00149	0.00699	0.00350	0.00208	0.00713
69	0.02205	0.00836	0.01140	0.00874	0.01254	0.00722	0.00722	0.02395	0.01407	0.80004	0.01939	0.01673	0.01216	0.00608	0.00494	0.00152	0.00418	0.00494	0.00608	0.00836
70	0.00599	0.00428	0.00570	0.00684	0.00713	0.00399	0.00456	0.00684	0.00941	0.01254	0.02709	0.82409	0.03250	0.01540	0.00627	0.00200	0.00285	0.01397	0.00456	0.00399
71	0.00627	0.00500	0.00562	0.00546	0.00692	0.00435	0.00410	0.00795	0.01229	0.01586	0.34922	0.04304	0.49359	0.01148	0.00580	0.00161	0.00242	0.00977	0.00490	0.00435
72	0.01160	0.01326	0.02900	0.02071	0.02568	0.01243	0.77879	0.01574	0.01160	0.01574	0.00994	0.01326	0.00746	0.00414	0.00580	0.00166	0.00829	0.00580	0.00249	0.00663
73	0.00702	0.00527	0.00790	0.00790	0.00878	0.00614	0.00614	0.00878	0.00790	0.01141	0.01316	0.01931	0.01229	0.03686	0.80782	0.00790	0.01316	0.00527	0.00263	0.00439
74	0.01314	0.83025	0.02575	0.00841	0.01261	0.01945	0.00841	0.01472	0.00999	0.01156	0.00683	0.00788	0.00631	0.00420	0.00315	0.00105	0.00526	0.00263	0.00210	0.00631
75	0.00986	0.02542	0.80183	0.01401	0.02127	0.01141	0.01816	0.01556	0.01038	0.01556	0.00882	0.01038	0.00623	0.00467	0.00467	0.00156	0.00726	0.00363	0.00208	0.00726
76	0.00599	0.00428	0.00570	0.00684	0.00713	0.00399	0.00456	0.00684	0.00941	0.01254	0.02709	0.82409	0.03250	0.01540	0.00627	0.00200	0.00285	0.01397	0.00456	0.00399
77	0.01314	0.83025	0.02575	0.00841	0.01261	0.01945	0.00841	0.01472	0.00999	0.01156	0.00683	0.00788	0.00631	0.00420	0.00315	0.00105	0.00526	0.00263	0.00210	0.00631
78	0.02205	0.00836	0.01140	0.00874	0.01254	0.00722	0.00722	0.02395	0.01407	0.80004	0.01939	0.01673	0.01216	0.00608	0.00494	0.00152	0.00418	0.00494	0.00608	0.00836
79	0.00735	0.00537	0.00718	0.00814	0.00924	0.00521	0.00684	0.00927	0.01104	0.01420	0.02973	0.15629	0.14406	0.01365	0.00657	0.00214	0.00400	0.55077	0.00454	0.00440
80	0.00705	0.00472	0.00539	0.00548	0.00551	0.00470	0.00311	0.00712	0.00734	0.00978	0.01646	0.09886	0.01910	0.75891	0.02343	0.00453	0.00460	0.00772	0.00311	0.00306
81	0.01864	0.01506	0.01464	0.01149	0.01523	0.12133	0.00936	0.67841	0.02188	0.02843	0.01124	0.01141	0.00809	0.00579	0.00485	0.00145	0.00587	0.00426	0.00460	0.00800
82	0.01085	0.01205	0.02588	0.01886	0.02320	0.01130	0.67513	0.01455	0.01131	0.01531	0.01224	0.12182	0.01081	0.00565	0.00586	0.00170	0.00756	0.00689	0.00276	0.00627
83	0.00706	0.00476	0.00551	0.00559	0.00566	0.00478	0.00325	0.00721	0.00734	0.00984	0.01619	0.08752	0.01862	0.72991	0.06326	0.00473	0.00505	0.00753	0.00307	0.00312
84	0.00599	0.00494	0.00527	0.00528	0.00678	0.00421	0.00393	0.00738	0.01150	0.01421	0.16201	0.09604	0.63093	0.01227	0.00584	0.00166	0.00249	0.01038	0.00469	0.00421
85	0.00972	0.00849	0.00910	0.00897	0.01049	0.06009	0.00681	0.01597	0.31785	0.01611	0.04818	0.30648	0.02263	0.01057	0.00618	0.00184	0.04430	0.08598	0.00451	0.00575
86	0.01552	0.01857	0.01459	0.01283	0.01473	0.49915	0.03612	0.01765	0.06216	0.01265	0.00815	0.01017	0.00697	0.00616	0.00790	0.00156	0.24301	0.00374	0.00258	0.00577
87	0.01603	0.01227	0.01353	0.01096	0.01442	0.02748	0.03495	0.38504	0.33268	0.07574	0.01549	0.01477	0.01124	0.00615	0.00497	0.00156	0.00487	0.00494	0.00490	0.00802

[dist]
# distance from previous block
# <min> <max>
0	8

[block]
# block no. 5 follows, 51 sequences, length 32
# corresponding to MSA columns:
# 1198-1229
name=unknown_F
#
# <colnr> <probs for GDERKNQSTAVLIFYWHMCP>
#	G	D	E	R	K	N	Q	S	T	A	V	L	I	F	Y	W	H	M	C	P
0	0.00667	0.00484	0.00642	0.00738	0.00801	0.00464	0.00538	0.00826	0.03257	0.01347	0.04589	0.60648	0.03102	0.01442	0.00628	0.00201	0.00323	0.16904	0.00456	0.01943
1	0.01325	0.04050	0.26112	0.01419	0.08175	0.09763	0.07293	0.09920	0.01223	0.09414	0.01069	0.04390	0.00851	0.00659	0.02602	0.00174	0.10120	0.00453	0.00302	0.00687
2	0.00913	0.00746	0.00889	0.00813	0.00969	0.00842	0.00641	0.06497	0.15609	0.01595	0.06827	0.02564	0.21691	0.01521	0.18471	0.00306	0.11760	0.00662	0.06145	0.00539
3	0.00715	0.00476	0.00536	0.00536	0.00536	0.00476	0.00298	0.00715	0.00715	0.00953	0.01548	0.03216	0.01787	0.82729	0.02501	0.00476	0.00476	0.00715	0.00298	0.00298
4	0.01110	0.21332	0.21062	0.21202	0.18698	0.01336	0.05800	0.01453	0.01039	0.01397	0.00847	0.01098	0.00673	0.00452	0.00447	0.00144	0.00636	0.00385	0.00221	0.00666
5	0.01109	0.01141	0.02191	0.21957	0.28723	0.01161	0.31540	0.01454	0.01098	0.01499	0.00979	0.03087	0.00790	0.00466	0.00528	0.00159	0.00691	0.00515	0.00244	0.00667
6	0.01082	0.00896	0.01126	0.00807	0.01245	0.00690	0.04764	0.01310	0.01045	0.05286	0.00930	0.01066	0.00752	0.00378	0.00382	0.00082	0.00392	0.00316	0.00304	0.77147
7	0.00604	0.00437	0.00562	0.00660	0.00698	0.00405	0.00440	0.00688	0.00943	0.01243	0.02837	0.71125	0.09745	0.06207	0.00732	0.00213	0.00293	0.01327	0.00447	0.00395
8	0.01342	0.14753	0.01423	0.01015	0.01267	0.16147	0.00830	0.15861	0.12430	0.01668	0.01132	0.01322	0.00938	0.01255	0.18069	0.00284	0.07309	0.00423	0.01908	0.00626
9	0.02010	0.01126	0.01238	0.00973	0.01333	0.08769	0.00791	0.24215	0.01648	0.46894	0.01651	0.01542	0.02508	0.02321	0.00532	0.00155	0.00498	0.00476	0.00530	0.00791
