[name]
unknown

[dist]
# distance from previous block
# <min> <max>
3	97

[block]
# block no. 0 follows, 43 sequences, length 6
# corresponding to MSA columns:
# 158-163
name=unknown_A
#
# <colnr> <probs for GDERKNQSTAVLIFYWHMCP>
#	G	D	E	R	K	N	Q	S	T	A	V	L	I	F	Y	W	H	M	C	P
0	0.01044	0.00870	0.01073	0.00841	0.01218	0.00725	0.00667	0.01276	0.01073	0.01653	0.01131	0.01449	0.00986	0.01507	0.23235	0.00319	0.00725	0.00406	0.00319	0.59488
1	0.01977	0.01487	0.01590	0.01248	0.01668	0.01657	0.01022	0.62442	0.15607	0.03283	0.01493	0.01460	0.01074	0.00680	0.00556	0.00170	0.00579	0.00521	0.00556	0.00930
2	0.00866	0.00703	0.01033	0.00990	0.01071	0.00870	0.00784	0.01050	0.00883	0.01294	0.01350	0.02005	0.01268	0.03590	0.64800	0.00775	0.15293	0.00574	0.00287	0.00514
3	0.01381	0.01165	0.01262	0.01051	0.01430	0.01223	0.00829	0.09491	0.47018	0.02280	0.01793	0.01726	0.01363	0.00643	0.00518	0.00155	0.00447	0.00527	0.00494	0.25205
4	0.01842	0.02164	0.01465	0.01328	0.01623	0.53078	0.01007	0.02451	0.26009	0.01671	0.01315	0.01349	0.01034	0.00630	0.00520	0.00157	0.00815	0.00445	0.00377	0.00719
5	0.01384	0.60420	0.22502	0.01113	0.01677	0.01954	0.01236	0.01683	0.01137	0.01421	0.00829	0.00962	0.00708	0.00488	0.00400	0.00133	0.00652	0.00326	0.00236	0.00739

[dist]
# distance from previous block
# <min> <max>
0	1

[block]
# block no. 1 follows, 43 sequences, length 6
# corresponding to MSA columns:
# 165-170
name=unknown_B
#
# <colnr> <probs for GDERKNQSTAVLIFYWHMCP>
#	G	D	E	R	K	N	Q	S	T	A	V	L	I	F	Y	W	H	M	C	P
0	0.02100	0.01699	0.01650	0.01295	0.01717	0.12109	0.01055	0.65328	0.02464	0.03201	0.01265	0.01285	0.00911	0.00652	0.00547	0.00163	0.00662	0.00479	0.00518	0.00901
1	0.00679	0.00500	0.00636	0.00732	0.00796	0.00458	0.00500	0.00793	0.01127	0.01482	0.08454	0.63032	0.15500	0.01641	0.00695	0.00215	0.00311	0.01471	0.00521	0.00458
2	0.02078	0.02356	0.01594	0.01387	0.01714	0.58372	0.01066	0.21222	0.01839	0.01911	0.00979	0.01085	0.00773	0.00595	0.00514	0.00149	0.00897	0.00394	0.00355	0.00720
3	0.06477	0.01556	0.01554	0.01236	0.01644	0.07262	0.01005	0.56074	0.12407	0.03120	0.01390	0.01382	0.01008	0.00661	0.00540	0.00168	0.00605	0.00495	0.00524	0.00892
4	0.01282	0.01420	0.02859	0.02105	0.02519	0.01478	0.55842	0.01659	0.01188	0.01659	0.01018	0.01420	0.00811	0.00598	0.00957	0.00201	0.21394	0.00610	0.00270	0.00710
5	0.00791	0.00593	0.00890	0.00890	0.00989	0.00692	0.00692	0.00989	0.00890	0.01286	0.01483	0.02176	0.01385	0.04154	0.78341	0.00890	0.01483	0.00593	0.00297	0.00494

[dist]
# distance from previous block
# <min> <max>
3	4

[block]
# block no. 2 follows, 43 sequences, length 6
# corresponding to MSA columns:
# 175-180
name=unknown_C
#
# <colnr> <probs for GDERKNQSTAVLIFYWHMCP>
#	G	D	E	R	K	N	Q	S	T	A	V	L	I	F	Y	W	H	M	C	P
0	0.01778	0.01272	0.01391	0.01155	0.01527	0.01407	0.00925	0.26586	0.41131	0.13680	0.01941	0.01799	0.01399	0.00713	0.00559	0.00178	0.00499	0.00574	0.00578	0.00908
1	0.00962	0.00481	0.00722	0.00722	0.00722	0.00481	0.00481	0.00722	0.00722	0.00962	0.00962	0.01684	0.00962	0.01924	0.02165	0.83886	0.00481	0.00481	0.00241	0.00241
2	0.84448	0.01071	0.00814	0.00728	0.01071	0.01242	0.00600	0.01628	0.00943	0.02485	0.00771	0.00900	0.00600	0.00514	0.00343	0.00171	0.00428	0.00300	0.00343	0.00600
3	0.00661	0.00537	0.00586	0.00625	0.00765	0.00462	0.00449	0.00788	0.01201	0.01471	0.04831	0.28143	0.54547	0.01504	0.00671	0.00199	0.00293	0.01292	0.00514	0.00462
4	0.00962	0.00481	0.00722	0.00722	0.00722	0.00481	0.00481	0.00722	0.00722	0.00962	0.00962	0.01684	0.00962	0.01924	0.02165	0.83886	0.00481	0.00481	0.00241	0.00241
5	0.01046	0.00984	0.01661	0.79205	0.03814	0.01230	0.01538	0.01415	0.01107	0.01415	0.00984	0.01477	0.00738	0.00554	0.00554	0.00185	0.00738	0.00492	0.00246	0.00615

[dist]
# distance from previous block
# <min> <max>
0	1

[block]
# block no. 3 follows, 43 sequences, length 14
# corresponding to MSA columns:
# 182-195
name=unknown_D
#
# <colnr> <probs for GDERKNQSTAVLIFYWHMCP>
#	G	D	E	R	K	N	Q	S	T	A	V	L	I	F	Y	W	H	M	C	P
0	0.01433	0.70801	0.12553	0.01029	0.01547	0.02075	0.01089	0.01671	0.01131	0.01361	0.00799	0.00925	0.00710	0.00481	0.00377	0.00126	0.00621	0.00311	0.00237	0.00725
1	0.44661	0.01187	0.01133	0.00940	0.01316	0.01320	0.00770	0.20420	0.09123	0.12399	0.01246	0.01254	0.00897	0.00598	0.00446	0.00172	0.00481	0.00416	0.00463	0.00758
2	0.01046	0.00984	0.01661	0.79205	0.03814	0.01230	0.01538	0.01415	0.01107	0.01415	0.00984	0.01477	0.00738	0.00554	0.00554	0.00185	0.00738	0.00492	0.00246	0.00615
3	0.02069	0.02640	0.01569	0.01427	0.01712	0.78313	0.01070	0.02212	0.01569	0.01355	0.00856	0.00999	0.00713	0.00571	0.00499	0.00143	0.00999	0.00357	0.00285	0.00642
4	0.00666	0.00518	0.00606	0.00676	0.00778	0.00458	0.00472	0.00782	0.01152	0.01451	0.04213	0.46213	0.36876	0.01584	0.00683	0.00208	0.00303	0.01390	0.00514	0.00458
5	0.02351	0.01158	0.01419	0.01088	0.01521	0.01134	0.00898	0.28362	0.01946	0.51293	0.01882	0.01689	0.01219	0.00678	0.00556	0.00170	0.00520	0.00536	0.00639	0.00942
6	0.01487	0.01185	0.01330	0.00981	0.01456	0.01085	0.00796	0.27519	0.01663	0.02401	0.01107	0.01213	0.00863	0.00500	0.00461	0.00112	0.00481	0.00388	0.00408	0.54564
7	0.02105	0.01551	0.01662	0.01274	0.01717	0.01717	0.01053	0.75235	0.02604	0.03490	0.01330	0.01330	0.00942	0.00665	0.00554	0.00166	0.00609	0.00499	0.00554	0.00942
8	0.01205	0.00943	0.01064	0.01020	0.01249	0.01041	0.00784	0.02201	0.45942	0.05672	0.02521	0.22136	0.02324	0.01075	0.00620	0.00203	0.00418	0.08295	0.00552	0.00735
9	0.00799	0.00564	0.00742	0.00742	0.00790	0.00612	0.00508	0.00894	0.00846	0.01176	0.01619	0.02925	0.01710	0.43653	0.39287	0.00707	0.00994	0.00703	0.00317	0.00412
10	0.10617	0.01349	0.01481	0.01146	0.01575	0.01442	0.00946	0.49462	0.02178	0.21999	0.01488	0.01425	0.01015	0.00655	0.00533	0.00168	0.00556	0.00493	0.00566	0.00907
11	0.01902	0.01134	0.01633	0.01871	0.28199	0.01111	0.01145	0.04771	0.13341	0.36323	0.01763	0.01714	0.01233	0.00627	0.00555	0.00171	0.00537	0.00544	0.00516	0.00909
12	0.01371	0.01316	0.02248	0.03399	0.77081	0.01316	0.01700	0.01700	0.01261	0.01809	0.01042	0.01371	0.00877	0.00493	0.00548	0.00164	0.00658	0.00493	0.00274	0.00877
13	0.01516	0.01270	0.01983	0.01524	0.01957	0.01289	0.27113	0.05911	0.31694	0.11850	0.01719	0.01746	0.01257	0.00616	0.00584	0.00178	0.00624	0.00602	0.00464	0.06104

[dist]
# distance from previous block
# <min> <max>
0	5

[block]
# block no. 4 follows, 43 sequences, length 167
# corresponding to MSA columns:
# 201-367
name=unknown_E
#
# <colnr> <probs for GDERKNQSTAVLIFYWHMCP>
#	G	D	E	R	K	N	Q	S	T	A	V	L	I	F	Y	W	H	M	C	P
0	0.01277	0.01260	0.02197	0.02210	0.28894	0.01149	0.24027	0.01621	0.01238	0.01797	0.01047	0.01335	0.00847	0.00457	0.00535	0.00144	0.00661	0.00488	0.00294	0.28523
1	0.01620	0.01789	0.02005	0.02694	0.50131	0.28848	0.01475	0.01883	0.01371	0.01647	0.00975	0.01238	0.00819	0.00521	0.00531	0.00157	0.00780	0.00445	0.00278	0.00793
2	0.01364	0.01474	0.01115	0.01008	0.01266	0.29214	0.00754	0.01750	0.14344	0.01579	0.02448	0.02588	0.21065	0.08344	0.00761	0.00193	0.00609	0.00657	0.00403	0.09065
3	0.01162	0.01103	0.01871	0.52155	0.29958	0.01261	0.01596	0.01517	0.01162	0.01556	0.01005	0.01439	0.00788	0.00532	0.00552	0.00177	0.00710	0.00493	0.00256	0.00709
4	0.02105	0.01551	0.01662	0.01274	0.01717	0.01717	0.01053	0.75235	0.02604	0.03490	0.01330	0.01330	0.00942	0.00665	0.00554	0.00166	0.00609	0.00499	0.00554	0.00942
5	0.00803	0.00540	0.00617	0.00613	0.00625	0.00536	0.00353	0.00828	0.00877	0.01182	0.08820	0.03673	0.02316	0.73050	0.02615	0.00503	0.00511	0.00824	0.00361	0.00353
6	0.02105	0.01551	0.01662	0.01274	0.01717	0.01717	0.01053	0.75235	0.02604	0.03490	0.01330	0.01330	0.00942	0.00665	0.00554	0.00166	0.00609	0.00499	0.00554	0.00942
7	0.00655	0.00561	0.00561	0.00561	0.00748	0.00468	0.00421	0.00795	0.01262	0.01496	0.05610	0.05330	0.76857	0.01403	0.00655	0.00187	0.00281	0.01169	0.00514	0.00468
8	0.00661	0.00535	0.00588	0.00630	0.00766	0.00462	0.00452	0.00787	0.01196	0.01469	0.04766	0.30030	0.52701	0.01512	0.00672	0.00200	0.00294	0.01303	0.00514	0.00462
9	0.00675	0.00482	0.00643	0.00771	0.00803	0.00450	0.00514	0.00771	0.01060	0.01414	0.03053	0.80175	0.03663	0.01735	0.00707	0.00225	0.00321	0.01574	0.00514	0.00450
10	0.01204	0.00992	0.01124	0.01089	0.01335	0.01113	0.00882	0.02301	0.49332	0.02081	0.02497	0.03561	0.02226	0.01030	0.00636	0.00212	0.00464	0.26632	0.00544	0.00746
11	0.01652	0.01326	0.01407	0.01183	0.01545	0.01506	0.00943	0.30203	0.48374	0.02759	0.01906	0.01789	0.01408	0.00719	0.00560	0.00180	0.00503	0.00578	0.00560	0.00901
12	0.02485	0.00943	0.01285	0.00985	0.01414	0.00814	0.00814	0.02699	0.01585	0.77465	0.02185	0.01885	0.01371	0.00685	0.00557	0.00171	0.00471	0.00557	0.00685	0.00943
13	0.02312	0.00904	0.01230	0.00956	0.01354	0.00784	0.00784	0.02531	0.01583	0.69824	0.09761	0.02114	0.01762	0.00731	0.00567	0.00172	0.00450	0.00602	0.00678	0.00900
14	0.00805	0.00537	0.00604	0.00604	0.00604	0.00537	0.00336	0.00805	0.00805	0.01074	0.01745	0.03624	0.02013	0.80536	0.02819	0.00537	0.00537	0.00805	0.00336	0.00336
15	0.00661	0.00561	0.00570	0.00568	0.00752	0.00470	0.00426	0.00807	0.01278	0.01532	0.09178	0.05270	0.73267	0.01389	0.00654	0.00186	0.00280	0.01160	0.00519	0.00470
16	0.00784	0.00566	0.00740	0.00697	0.00827	0.00523	0.00523	0.01045	0.01568	0.02221	0.76789	0.04137	0.05226	0.01132	0.00653	0.00174	0.00261	0.01002	0.00610	0.00523
17	0.00714	0.00512	0.00678	0.00745	0.00812	0.00476	0.00517	0.00869	0.01242	0.01702	0.29419	0.52986	0.04222	0.01520	0.00688	0.00207	0.00300	0.01370	0.00548	0.00476
18	0.00675	0.00482	0.00643	0.00771	0.00803	0.00450	0.00514	0.00771	0.01060	0.01414	0.03053	0.80175	0.03663	0.01735	0.00707	0.00225	0.00321	0.01574	0.00514	0.00450
19	0.02463	0.00947	0.01285	0.00988	0.01414	0.00825	0.00815	0.02704	0.03057	0.75980	0.02186	0.01889	0.01377	0.00687	0.00557	0.00172	0.00471	0.00558	0.00683	0.00941
20	0.00784	0.00566	0.00740	0.00697	0.00827	0.00523	0.00523	0.01045	0.01568	0.02221	0.76789	0.04137	0.05226	0.01132	0.00653	0.00174	0.00261	0.01002	0.00610	0.00523
21	0.00662	0.00533	0.00590	0.00636	0.00768	0.00461	0.00454	0.00786	0.01190	0.01467	0.04696	0.32092	0.50685	0.01522	0.00673	0.00201	0.00295	0.01314	0.00514	0.00461
22	0.01654	0.01147	0.01214	0.00989	0.01308	0.01256	0.00798	0.42033	0.08961	0.02871	0.01587	0.01661	0.01183	0.00666	0.00495	0.00155	0.00468	0.00517	0.30254	0.00784
23	0.00701	0.00563	0.00625	0.00610	0.00776	0.00487	0.00457	0.00884	0.01372	0.01755	0.31062	0.04903	0.51243	0.01306	0.00654	0.00182	0.00274	0.01109	0.00548	0.00487
24	0.02485	0.00943	0.01285	0.00985	0.01414	0.00814	0.00814	0.02699	0.01585	0.77465	0.02185	0.01885	0.01371	0.00685	0.00557	0.00171	0.00471	0.00557	0.00685	0.00943
25	0.69055	0.01047	0.00903	0.00777	0.01135	0.01162	0.00640	0.01829	0.01063	0.16567	0.01037	0.01085	0.00745	0.00546	0.00383	0.00171	0.00436	0.00348	0.00407	0.00664
26	0.00675	0.00482	0.00643	0.00771	0.00803	0.00450	0.00514	0.00771	0.01060	0.01414	0.03053	0.80175	0.03663	0.01735	0.00707	0.00225	0.00321	0.01574	0.00514	0.00450
27	0.02485	0.00943	0.01285	0.00985	0.01414	0.00814	0.00814	0.02699	0.01585	0.77465	0.02185	0.01885	0.01371	0.00685	0.00557	0.00171	0.00471	0.00557	0.00685	0.00943
28	0.00805	0.00537	0.00604	0.00604	0.00604	0.00537	0.00336	0.00805	0.00805	0.01074	0.01745	0.03624	0.02013	0.80536	0.02819	0.00537	0.00537	0.00805	0.00336	0.00336
29	0.00791	0.00593	0.00890	0.00890	0.00989	0.00692	0.00692	0.00989	0.00890	0.01286	0.01483	0.02176	0.01385	0.04154	0.78341	0.00890	0.01483	0.00593	0.00297	0.00494
30	0.00805	0.00537	0.00604	0.00604	0.00604	0.00537	0.00336	0.00805	0.00805	0.01074	0.01745	0.03624	0.02013	0.80536	0.02819	0.00537	0.00537	0.00805	0.00336	0.00336
31	0.02105	0.01551	0.01662	0.01274	0.01717	0.01717	0.01053	0.75235	0.02604	0.03490	0.01330	0.01330	0.00942	0.00665	0.00554	0.00166	0.00609	0.00499	0.00554	0.00942
32	0.01949	0.01399	0.01519	0.01208	0.01616	0.01543	0.00984	0.49362	0.21854	0.10156	0.01654	0.01576	0.01179	0.00690	0.00557	0.00172	0.00551	0.00538	0.00569	0.00925
33	0.00734	0.00553	0.00611	0.00603	0.00712	0.00503	0.00410	0.00847	0.01159	0.01487	0.18114	0.04487	0.36121	0.29646	0.01428	0.00310	0.00368	0.01006	0.00469	0.00431
34	0.01371	0.01316	0.02248	0.03399	0.77081	0.01316	0.01700	0.01700	0.01261	0.01809	0.01042	0.01371	0.00877	0.00493	0.00548	0.00164	0.00658	0.00493	0.00274	0.00877
35	0.08747	0.01048	0.01251	0.01017	0.01405	0.01047	0.00824	0.05343	0.23422	0.46673	0.02060	0.01839	0.01387	0.00690	0.00542	0.00176	0.00463	0.00554	0.00617	0.00896
36	0.09382	0.30085	0.01892	0.01111	0.01477	0.23662	0.00931	0.02151	0.20938	0.01695	0.01185	0.01231	0.00959	0.00578	0.00450	0.00149	0.00653	0.00401	0.00347	0.00724
37	0.00705	0.00508	0.00674	0.00796	0.00850	0.00477	0.00563	0.00826	0.01101	0.01453	0.03164	0.65882	0.07264	0.01689	0.00713	0.00227	0.00346	0.11790	0.00514	0.00459
38	0.01450	0.07901	0.45168	0.01416	0.02069	0.01485	0.01603	0.23762	0.06009	0.02274	0.01153	0.01250	0.00832	0.00577	0.00525	0.00169	0.00718	0.00441	0.00349	0.00851
39	0.01371	0.57632	0.25174	0.01136	0.01712	0.01922	0.01275	0.01687	0.01138	0.01437	0.00837	0.00972	0.00708	0.00489	0.00406	0.00135	0.00660	0.00330	0.00236	0.00743
40	0.01342	0.01113	0.01248	0.00953	0.01401	0.01019	0.00762	0.13024	0.16685	0.02168	0.01297	0.01364	0.01017	0.00519	0.00464	0.00117	0.00446	0.00415	0.00411	0.54237
41	0.00701	0.00563	0.00625	0.00610	0.00776	0.00487	0.00457	0.00884	0.01372	0.01755	0.31077	0.04903	0.51229	0.01306	0.00654	0.00182	0.00274	0.01109	0.00548	0.00487
42	0.00748	0.00534	0.00727	0.00855	0.00919	0.00513	0.00642	0.00898	0.01133	0.01496	0.03012	0.55222	0.03502	0.01666	0.00726	0.00235	0.00385	0.25802	0.00513	0.00470
43	0.54980	0.00990	0.00931	0.00793	0.01138	0.01062	0.00649	0.01855	0.01171	0.22202	0.08310	0.01464	0.01239	0.00618	0.00428	0.00172	0.00424	0.00434	0.00458	0.00683
44	0.00805	0.00537	0.00604	0.00604	0.00604	0.00537	0.00336	0.00805	0.00805	0.01074	0.01745	0.03624	0.02013	0.80536	0.02819	0.00537	0.00537	0.00805	0.00336	0.00336
45	0.01275	0.30750	0.48389	0.01348	0.02025	0.04185	0.01621	0.01735	0.01167	0.01579	0.00909	0.01063	0.00705	0.00509	0.00464	0.00154	0.00744	0.00367	0.00237	0.00774
46	0.54621	0.00873	0.00708	0.00652	0.00919	0.00983	0.00524	0.01507	0.01021	0.02335	0.01141	0.01316	0.00893	0.00561	0.00359	0.00156	0.00368	0.00377	0.30117	0.00570
47	0.01824	0.01412	0.01504	0.01217	0.01610	0.01586	0.00985	0.47307	0.30989	0.03037	0.01687	0.01614	0.01231	0.00698	0.00558	0.00175	0.00543	0.00548	0.00558	0.00917
48	0.00793	0.00532	0.00608	0.00620	0.00623	0.00529	0.00352	0.00802	0.00829	0.01106	0.01868	0.10841	0.02169	0.73107	0.02620	0.00508	0.00517	0.00878	0.00352	0.00346
49	0.01046	0.00984	0.01661	0.79205	0.03814	0.01230	0.01538	0.01415	0.01107	0.01415	0.00984	0.01477	0.00738	0.00554	0.00554	0.00185	0.00738	0.00492	0.00246	0.00615
50	0.00704	0.00563	0.00629	0.00613	0.00778	0.00488	0.00460	0.00890	0.01379	0.01772	0.32716	0.04876	0.49579	0.01300	0.00654	0.00182	0.00273	0.01105	0.00551	0.00488
51	0.02368	0.00986	0.01295	0.01008	0.01426	0.00897	0.00828	0.05147	0.08642	0.67908	0.02163	0.01884	0.01387	0.00691	0.00557	0.00173	0.00473	0.00562	0.00670	0.00936
52	0.01255	0.01197	0.02038	0.30505	0.50883	0.01285	0.01642	0.01598	0.01206	0.01668	0.01021	0.01409	0.00828	0.00515	0.00550	0.00172	0.00687	0.00493	0.00264	0.00784
53	0.84448	0.01071	0.00814	0.00728	0.01071	0.01242	0.00600	0.01628	0.00943	0.02485	0.00771	0.00900	0.00600	0.00514	0.00343	0.00171	0.00428	0.00300	0.00343	0.00600
54	0.01481	0.80869	0.02902	0.00948	0.01421	0.02191	0.00948	0.01658	0.01125	0.01303	0.00770	0.00888	0.00711	0.00474	0.00355	0.00118	0.00592	0.00296	0.00237	0.00711
55	0.00674	0.00515	0.00621	0.00703	0.00793	0.00462	0.00492	0.00790	0.01139	0.01450	0.03964	0.51287	0.29821	0.01610	0.00690	0.00212	0.00312	0.03493	0.00514	0.00458
56	0.00798	0.00568	0.00762	0.00762	0.00816	0.00623	0.00532	0.00907	0.00852	0.01191	0.01601	0.02826	0.01667	0.38436	0.44445	0.00732	0.01059	0.00689	0.00314	0.00423
57	0.01845	0.01422	0.01516	0.01222	0.01618	0.01596	0.00990	0.49385	0.28877	0.03071	0.01660	0.01593	0.01210	0.00696	0.00557	0.00174	0.00548	0.00544	0.00557	0.00919
58	0.01378	0.01190	0.01252	0.01127	0.01440	0.01378	0.00877	0.02943	0.76081	0.02317	0.02254	0.02066	0.01691	0.00751	0.00564	0.00188	0.00438	0.00626	0.00564	0.00877
59	0.84448	0.01071	0.00814	0.00728	0.01071	0.01242	0.00600	0.01628	0.00943	0.02485	0.00771	0.00900	0.00600	0.00514	0.00343	0.00171	0.00428	0.00300	0.00343	0.00600
60	0.00675	0.00482	0.00643	0.00771	0.00803	0.00450	0.00514	0.00771	0.01060	0.01414	0.03053	0.80175	0.03663	0.01735	0.00707	0.00225	0.00321	0.01574	0.00514	0.00450
61	0.01249	0.01191	0.02027	0.31917	0.49519	0.01284	0.01639	0.01593	0.01203	0.01661	0.01020	0.01411	0.00825	0.00516	0.00550	0.00172	0.00688	0.00493	0.00264	0.00779
62	0.01095	0.00847	0.01045	0.00967	0.01150	0.00966	0.00747	0.10868	0.18420	0.01784	0.01666	0.02178	0.01458	0.10070	0.43465	0.00603	0.01043	0.00609	0.00395	0.00625
63	0.02069	0.02640	0.01569	0.01427	0.01712	0.78313	0.01070	0.02212	0.01569	0.01355	0.00856	0.00999	0.00713	0.00571	0.00499	0.00143	0.00999	0.00357	0.00285	0.00642
64	0.01530	0.01369	0.01681	0.01395	0.01548	0.04228	0.01155	0.25352	0.01442	0.02034	0.00927	0.01243	0.00796	0.00857	0.01364	0.00214	0.51318	0.00485	0.00345	0.00716
65	0.01378	0.01190	0.01252	0.01127	0.01440	0.01378	0.00877	0.02943	0.76081	0.02317	0.02254	0.02066	0.01691	0.00751	0.00564	0.00188	0.00438	0.00626	0.00564	0.00877
66	0.01415	0.01153	0.01266	0.01031	0.01427	0.01174	0.00817	0.11095	0.38290	0.04435	0.01687	0.01644	0.01280	0.00617	0.00507	0.00147	0.00450	0.00502	0.00482	0.30581
67	0.01288	0.01029	0.01135	0.00994	0.01267	0.01129	0.00777	0.14840	0.36637	0.02463	0.26399	0.02718	0.05185	0.00881	0.00594	0.00180	0.00405	0.00744	0.00575	0.00760
68	0.00793	0.00588	0.00863	0.00863	0.00953	0.00678	0.00659	0.00972	0.00882	0.01266	0.01508	0.02312	0.01444	0.11355	0.71221	0.00857	0.01394	0.00613	0.00300	0.00480
69	0.01255	0.01197	0.02038	0.30505	0.50883	0.01285	0.01642	0.01598	0.01206	0.01668	0.01021	0.01409	0.00828	0.00515	0.00550	0.00172	0.00687	0.00493	0.00264	0.00784
70	0.01307	0.01494	0.03268	0.02334	0.02894	0.01401	0.75070	0.01774	0.01307	0.01774	0.01120	0.01494	0.00840	0.00467	0.00654	0.00187	0.00934	0.00654	0.00280	0.00747
71	0.01371	0.01316	0.02248	0.03399	0.77081	0.01316	0.01700	0.01700	0.01261	0.01809	0.01042	0.01371	0.00877	0.00493	0.00548	0.00164	0.00658	0.00493	0.00274	0.00877
72	0.01144	0.00869	0.00923	0.00824	0.01091	0.00878	0.00643	0.10201	0.21141	0.07328	0.03983	0.03759	0.42839	0.01094	0.00612	0.00184	0.00374	0.00904	0.00544	0.00664
73	0.01677	0.24750	0.28726	0.01188	0.01764	0.01396	0.01290	0.02071	0.03477	0.26505	0.01357	0.01349	0.00953	0.00570	0.00488	0.00158	0.00628	0.00431	0.00393	0.00830
74	0.00805	0.00537	0.00604	0.00604	0.00604	0.00537	0.00336	0.00805	0.00805	0.01074	0.01745	0.03624	0.02013	0.80536	0.02819	0.00537	0.00537	0.00805	0.00336	0.00336
75	0.00791	0.00593	0.00890	0.00890	0.00989	0.00692	0.00692	0.00989	0.00890	0.01286	0.01483	0.02176	0.01385	0.04154	0.78341	0.00890	0.01483	0.00593	0.00297	0.00494
76	0.01278	0.01870	0.29216	0.02748	0.50376	0.01305	0.01824	0.01719	0.01228	0.01790	0.01025	0.01299	0.00814	0.00505	0.00540	0.00168	0.00715	0.00463	0.00260	0.00856
77	0.01131	0.01072	0.01816	0.59246	0.23105	0.01253	0.01581	0.01490	0.01148	0.01519	0.00999	0.01449	0.00775	0.00538	0.00552	0.00179	0.00717	0.00493	0.00253	0.00684
78	0.00759	0.00517	0.00618	0.00664	0.00675	0.00506	0.00399	0.00793	0.00897	0.01195	0.02213	0.30997	0.02603	0.52359	0.02064	0.00425	0.00460	0.01080	0.00399	0.00376
79	0.00742	0.00566	0.00682	0.00659	0.00809	0.00507	0.00497	0.00961	0.01454	0.01955	0.50200	0.04606	0.29923	0.01236	0.00657	0.00181	0.00275	0.03012	0.00574	0.00503
80	0.01202	0.22045	0.59283	0.01423	0.02157	0.01509	0.01776	0.01730	0.01158	0.01643	0.00939	0.01100	0.00704	0.00513	0.00484	0.00161	0.00763	0.00381	0.00235	0.00792
81	0.01164	0.01058	0.01515	0.51287	0.02965	0.01283	0.01302	0.01961	0.27916	0.01737	0.01438	0.01687	0.01079	0.00624	0.00557	0.00186	0.00631	0.00540	0.00360	0.00709
82	0.02222	0.01365	0.01547	0.01186	0.01624	0.01441	0.00980	0.52999	0.02292	0.26167	0.01592	0.01500	0.01073	0.00671	0.00555	0.00168	0.00567	0.00517	0.00594	0.00942
83	0.00720	0.00515	0.00695	0.00823	0.00876	0.00489	0.00594	0.00850	0.01105	0.01465	0.03027	0.64660	0.03563	0.01692	0.00719	0.00231	0.00361	0.16638	0.00513	0.00462
84	0.01057	0.01531	0.28399	0.01207	0.01616	0.00996	0.01264	0.02942	0.13567	0.01881	0.09010	0.04832	0.02213	0.00995	0.00631	0.00206	0.00584	0.25952	0.00430	0.00688
85	0.01350	0.52353	0.02610	0.21683	0.02190	0.01864	0.08091	0.01605	0.01138	0.01377	0.00859	0.01100	0.00730	0.00494	0.00436	0.00142	0.00663	0.00381	0.00243	0.00689
86	0.02021	0.02158	0.01739	0.01445	0.01809	0.44731	0.07023	0.28287	0.01918	0.02153	0.01047	0.01157	0.00805	0.00596	0.00531	0.00155	0.00854	0.00431	0.00381	0.00758
87	0.84448	0.01071	0.00814	0.00728	0.01071	0.01242	0.00600	0.01628	0.00943	0.02485	0.00771	0.00900	0.00600	0.00514	0.00343	0.00171	0.00428	0.00300	0.00343	0.00600
88	0.00675	0.00482	0.00643	0.00771	0.00803	0.00450	0.00514	0.00771	0.01060	0.01414	0.03053	0.80175	0.03663	0.01735	0.00707	0.00225	0.00321	0.01574	0.00514	0.00450
89	0.01334	0.01380	0.02513	0.01882	0.02350	0.01392	0.47285	0.02212	0.29309	0.01977	0.01545	0.01708	0.01159	0.00573	0.00620	0.00187	0.00748	0.00643	0.00386	0.00796
90	0.01050	0.00854	0.01020	0.00791	0.01153	0.00694	0.00622	0.03738	0.01347	0.02010	0.28102	0.02223	0.02400	0.00677	0.00502	0.00118	0.00364	0.00575	0.00436	0.51327
91	0.01198	0.00874	0.01020	0.00961	0.01148	0.00914	0.00726	0.27419	0.01628	0.02171	0.02476	0.46495	0.04000	0.01335	0.00655	0.00205	0.00434	0.05183	0.00528	0.00629
92	0.01057	0.00995	0.01681	0.76671	0.06263	0.01233	0.01543	0.01425	0.01113	0.01428	0.00986	0.01473	0.00743	0.00552	0.00554	0.00184	0.00736	0.00492	0.00247	0.00624
93	0.01408	0.01106	0.01203	0.01072	0.01376	0.01244	0.00836	0.02730	0.62402	0.08472	0.09818	0.02262	0.02023	0.00785	0.00572	0.00185	0.00423	0.00659	0.00578	0.00846
94	0.01348	0.52977	0.29636	0.01173	0.01770	0.01868	0.01340	0.01693	0.01141	0.01464	0.00850	0.00989	0.00707	0.00493	0.00416	0.00139	0.00673	0.00337	0.00236	0.00749
95	0.00786	0.00627	0.00711	0.00679	0.00854	0.00585	0.00513	0.01125	0.08997	0.01904	0.37111	0.04465	0.37180	0.01216	0.00645	0.00181	0.00288	0.01039	0.00562	0.00534
96	0.00937	0.00537	0.00783	0.00828	0.00874	0.00537	0.00628	0.00874	0.00919	0.01211	0.01667	0.03315	0.01758	0.01783	0.01664	0.53982	0.00491	0.26538	0.00337	0.00337
97	0.54936	0.09007	0.01210	0.00933	0.01273	0.21624	0.00756	0.01785	0.01125	0.02076	0.00793	0.00925	0.00640	0.00525	0.00385	0.00159	0.00594	0.00314	0.00318	0.00621
98	0.00805	0.00537	0.00604	0.00604	0.00604	0.00537	0.00336	0.00805	0.00805	0.01074	0.01745	0.03624	0.02013	0.80536	0.02819	0.00537	0.00537	0.00805	0.00336	0.00336
99	0.84448	0.01071	0.00814	0.00728	0.01071	0.01242	0.00600	0.01628	0.00943	0.02485	0.00771	0.00900	0.00600	0.00514	0.00343	0.00171	0.00428	0.00300	0.00343	0.00600
100	0.01323	0.47593	0.34796	0.01217	0.01838	0.01805	0.01416	0.01699	0.01144	0.01495	0.00865	0.01008	0.00707	0.00496	0.00428	0.00143	0.00689	0.00344	0.00236	0.00757
101	0.84448	0.01071	0.00814	0.00728	0.01071	0.01242	0.00600	0.01628	0.00943	0.02485	0.00771	0.00900	0.00600	0.00514	0.00343	0.00171	0.00428	0.00300	0.00343	0.00600
102	0.01148	0.00984	0.01148	0.00820	0.01312	0.00738	0.00656	0.01395	0.01148	0.01805	0.00984	0.01148	0.00820	0.00410	0.00410	0.00082	0.00410	0.00328	0.00328	0.83922
103	0.00926	0.00735	0.00861	0.00898	0.01031	0.00782	0.00644	0.01548	0.27886	0.01737	0.02767	0.52245	0.02958	0.01383	0.00656	0.00212	0.00363	0.01235	0.00532	0.00602
104	0.00655	0.00561	0.00561	0.00561	0.00748	0.00468	0.00421	0.00795	0.01262	0.01496	0.05610	0.05330	0.76857	0.01403	0.00655	0.00187	0.00281	0.01169	0.00514	0.00468
105	0.01502	0.01124	0.01811	0.02485	0.49931	0.01089	0.01333	0.01791	0.01359	0.17297	0.09313	0.01959	0.05234	0.00644	0.00566	0.00168	0.00560	0.00593	0.00405	0.00834
106	0.00745	0.00536	0.00705	0.00723	0.00819	0.00497	0.00520	0.00947	0.01386	0.01932	0.50423	0.31326	0.04667	0.01348	0.00672	0.00192	0.00283	0.01206	0.00575	0.00497
107	0.01960	0.01684	0.01548	0.01256	0.01631	0.17187	0.01001	0.49605	0.09225	0.02817	0.01343	0.01454	0.01023	0.04919	0.00665	0.00183	0.00669	0.00498	0.00489	0.00842
108	0.00805	0.00537	0.00604	0.00604	0.00604	0.00537	0.00336	0.00805	0.00805	0.01074	0.01745	0.03624	0.02013	0.80536	0.02819	0.00537	0.00537	0.00805	0.00336	0.00336
109	0.01046	0.00984	0.01661	0.79205	0.03814	0.01230	0.01538	0.01415	0.01107	0.01415	0.00984	0.01477	0.00738	0.00554	0.00554	0.00185	0.00738	0.00492	0.00246	0.00615
110	0.00904	0.00666	0.00811	0.00764	0.00929	0.00652	0.00575	0.01341	0.12929	0.04273	0.51298	0.09291	0.11161	0.01129	0.00641	0.00181	0.00301	0.00988	0.00589	0.00579
111	0.00805	0.00537	0.00604	0.00604	0.00604	0.00537	0.00336	0.00805	0.00805	0.01074	0.01745	0.03624	0.02013	0.80536	0.02819	0.00537	0.00537	0.00805	0.00336	0.00336
112	0.00685	0.00486	0.00640	0.00758	0.00787	0.00457	0.00500	0.00774	0.01040	0.01386	0.02947	0.74010	0.03530	0.08081	0.00877	0.00250	0.00339	0.01513	0.00500	0.00441
113	0.01481	0.80869	0.02902	0.00948	0.01421	0.02191	0.00948	0.01658	0.01125	0.01303	0.00770	0.00888	0.00711	0.00474	0.00355	0.00118	0.00592	0.00296	0.00237	0.00711
114	0.00823	0.00592	0.00795	0.00812	0.00942	0.00564	0.00655	0.01082	0.01463	0.02019	0.50380	0.04892	0.04497	0.01274	0.00693	0.00203	0.00350	0.26873	0.00574	0.00518
115	0.01046	0.00984	0.01661	0.79205	0.03814	0.01230	0.01538	0.01415	0.01107	0.01415	0.00984	0.01477	0.00738	0.00554	0.00554	0.00185	0.00738	0.00492	0.00246	0.00615
116	0.01371	0.01316	0.02248	0.03399	0.77081	0.01316	0.01700	0.01700	0.01261	0.01809	0.01042	0.01371	0.00877	0.00493	0.00548	0.00164	0.00658	0.00493	0.00274	0.00877
117	0.00668	0.00510	0.00613	0.00696	0.00784	0.00456	0.00481	0.00780	0.01133	0.01443	0.03967	0.53412	0.29835	0.01616	0.00688	0.00211	0.00307	0.01429	0.00514	0.00456
118	0.01228	0.01103	0.01542	0.01743	0.28405	0.00945	0.01029	0.01504	0.01189	0.01806	0.01005	0.01228	0.00841	0.00440	0.00460	0.00112	0.00499	0.00387	0.00309	0.54227
119	0.01067	0.01206	0.04787	0.01675	0.02110	0.01063	0.45937	0.01423	0.01287	0.01674	0.02722	0.02855	0.28017	0.00803	0.00650	0.00186	0.00696	0.00830	0.00362	0.00649
120	0.01825	0.02019	0.01465	0.01305	0.01615	0.43639	0.00999	0.09303	0.28309	0.01899	0.01400	0.01411	0.01084	0.00644	0.00527	0.00161	0.00762	0.00466	0.00410	0.00754
121	0.00655	0.00561	0.00561	0.00561	0.00748	0.00468	0.00421	0.00795	0.01262	0.01496	0.05610	0.05330	0.76857	0.01403	0.00655	0.00187	0.00281	0.01169	0.00514	0.00468
122	0.01329	0.01484	0.01409	0.01269	0.01440	0.28608	0.07810	0.01483	0.01234	0.01415	0.01754	0.27458	0.04420	0.01049	0.00828	0.00194	0.15041	0.00840	0.00361	0.00575
123	0.02089	0.02028	0.01622	0.01341	0.01715	0.35274	0.01060	0.43243	0.02151	0.02555	0.01122	0.01185	0.00842	0.00624	0.00530	0.00156	0.00780	0.00436	0.00436	0.00811
124	0.00784	0.00566	0.00740	0.00697	0.00827	0.00523	0.00523	0.01045	0.01568	0.02221	0.76789	0.04137	0.05226	0.01132	0.00653	0.00174	0.00261	0.01002	0.00610	0.00523
125	0.01111	0.02865	0.77667	0.01579	0.02397	0.01286	0.02046	0.01754	0.01169	0.01754	0.00994	0.01169	0.00702	0.00526	0.00526	0.00175	0.00818	0.00409	0.00234	0.00818
126	0.01148	0.10786	0.70074	0.01514	0.02298	0.01378	0.01935	0.01744	0.01165	0.01708	0.00971	0.01141	0.00703	0.00521	0.00509	0.00170	0.00796	0.00398	0.00234	0.00808
127	0.00942	0.00813	0.01171	0.01085	0.01146	0.01047	0.00869	0.01107	0.00873	0.01297	0.01219	0.01867	0.01165	0.04909	0.49106	0.00650	0.29365	0.00560	0.00278	0.00530
128	0.00655	0.00561	0.00561	0.00561	0.00748	0.00468	0.00421	0.00795	0.01262	0.01496	0.05610	0.05330	0.76857	0.01403	0.00655	0.00187	0.00281	0.01169	0.00514	0.00468
129	0.01255	0.01197	0.02038	0.30505	0.50883	0.01285	0.01642	0.01598	0.01206	0.01668	0.01021	0.01409	0.00828	0.00515	0.00550	0.00172	0.00687	0.00493	0.00264	0.00784
130	0.01200	0.02294	0.50533	0.01531	0.02192	0.01321	0.08623	0.02069	0.20906	0.01904	0.01338	0.01436	0.00975	0.00580	0.00548	0.00180	0.00729	0.00489	0.00325	0.00827
131	0.02272	0.01285	0.01497	0.01148	0.01584	0.01322	0.00948	0.43457	0.02158	0.35899	0.01704	0.01573	0.01130	0.00674	0.00555	0.00168	0.00549	0.00524	0.00612	0.00942
132	0.00733	0.00517	0.00631	0.00684	0.00726	0.00491	0.00440	0.00812	0.01028	0.01369	0.09718	0.38170	0.09084	0.31307	0.01492	0.00335	0.00394	0.01198	0.00456	0.00415
133	0.00759	0.00517	0.00618	0.00664	0.00675	0.00506	0.00399	0.00793	0.00897	0.01195	0.02213	0.30997	0.02603	0.52359	0.02064	0.00425	0.00460	0.01080	0.00399	0.00376
134	0.01186	0.00864	0.01007	0.00951	0.01130	0.00903	0.00707	0.27397	0.01612	0.02156	0.02436	0.51982	0.02690	0.01352	0.00652	0.00204	0.00424	0.01190	0.00528	0.00626
135	0.01111	0.02865	0.77667	0.01579	0.02397	0.01286	0.02046	0.01754	0.01169	0.01754	0.00994	0.01169	0.00702	0.00526	0.00526	0.00175	0.00818	0.00409	0.00234	0.00818
136	0.01155	0.00959	0.01060	0.00980	0.01219	0.01065	0.00749	0.02238	0.49389	0.02206	0.21954	0.09975	0.02807	0.00944	0.00601	0.00188	0.00381	0.00814	0.00571	0.00743
137	0.01577	0.01092	0.01232	0.01064	0.01361	0.01174	0.00832	0.26389	0.22318	0.12119	0.02148	0.22364	0.01920	0.00973	0.00597	0.00188	0.00469	0.00825	0.00563	0.00794
138	0.02143	0.01597	0.01390	0.01168	0.01522	0.28622	0.00923	0.09220	0.05319	0.34917	0.04313	0.01723	0.01298	0.00684	0.00545	0.00164	0.00665	0.02464	0.00517	0.00805
139	0.04282	0.01021	0.01171	0.00931	0.01309	0.00968	0.00733	0.08586	0.16991	0.16506	0.03455	0.01795	0.01332	0.08073	0.00712	0.00177	0.00455	0.00510	0.00474	0.30521
140	0.01624	0.01689	0.02014	0.02680	0.50132	0.21790	0.01473	0.08612	0.01467	0.01844	0.01019	0.01268	0.00840	0.00530	0.00536	0.00159	0.00744	0.00458	0.00303	0.00821
141	0.02105	0.01551	0.01662	0.01274	0.01717	0.01717	0.01053	0.75235	0.02604	0.03490	0.01330	0.01330	0.00942	0.00665	0.00554	0.00166	0.00609	0.00499	0.00554	0.00942
142	0.01127	0.00619	0.00820	0.00825	0.00967	0.00570	0.00596	0.01312	0.03554	0.19186	0.09778	0.52398	0.03217	0.01404	0.00663	0.00207	0.00354	0.01255	0.00564	0.00584
143	0.00796	0.00575	0.00797	0.00797	0.00864	0.00642	0.00576	0.00929	0.00863	0.01217	0.01568	0.02646	0.01589	0.28949	0.53826	0.00775	0.01176	0.00662	0.00309	0.00443
144	0.01180	0.01121	0.01904	0.47874	0.34096	0.01266	0.01605	0.01533	0.01171	0.01578	0.01008	0.01433	0.00796	0.00529	0.00551	0.00176	0.00705	0.00493	0.00258	0.00724
145	0.01999	0.01765	0.01620	0.01313	0.01684	0.19675	0.01057	0.49342	0.06344	0.02786	0.01232	0.01286	0.00916	0.00667	0.00623	0.00167	0.05736	0.00472	0.00472	0.00846
146	0.00668	0.00510	0.00613	0.00696	0.00784	0.00456	0.00481	0.00780	0.01133	0.01443	0.03967	0.53412	0.29835	0.01616	0.00688	0.00211	0.00307	0.01429	0.00514	0.00456
147	0.01046	0.00984	0.01661	0.79205	0.03814	0.01230	0.01538	0.01415	0.01107	0.01415	0.00984	0.01477	0.00738	0.00554	0.00554	0.00185	0.00738	0.00492	0.00246	0.00615
148	0.00677	0.00536	0.00610	0.00647	0.00776	0.00468	0.00464	0.00817	0.01233	0.01557	0.13397	0.29896	0.44005	0.01480	0.00672	0.00198	0.00292	0.01282	0.00526	0.00468
149	0.01481	0.80869	0.02902	0.00948	0.01421	0.02191	0.00948	0.01658	0.01125	0.01303	0.00770	0.00888	0.00711	0.00474	0.00355	0.00118	0.00592	0.00296	0.00237	0.00711
150	0.03577	0.01142	0.01268	0.01015	0.01424	0.01138	0.00811	0.13062	0.28890	0.10007	0.01619	0.01581	0.01208	0.00604	0.00501	0.00145	0.00457	0.00485	0.00485	0.30581
151	0.01280	0.38597	0.43418	0.01290	0.01950	0.01701	0.01543	0.01710	0.01149	0.01547	0.00891	0.01041	0.00706	0.00502	0.00448	0.00149	0.00715	0.00357	0.00235	0.00769
152	0.02037	0.01517	0.01623	0.01260	0.01691	0.01685	0.01036	0.68419	0.09531	0.03380	0.01417	0.01399	0.01012	0.00673	0.00555	0.00168	0.00593	0.00511	0.00555	0.00936
153	0.00731	0.00559	0.00670	0.00653	0.00798	0.00499	0.00486	0.00939	0.01428	0.01913	0.46928	0.09111	0.30745	0.01265	0.00657	0.00182	0.00272	0.01096	0.00570	0.00499
154	0.01138	0.10111	0.68994	0.01500	0.02272	0.01354	0.01910	0.01730	0.01174	0.01722	0.02628	0.01208	0.00801	0.00535	0.00513	0.00170	0.00785	0.00412	0.00242	0.00802
155	0.00662	0.00561	0.00571	0.00569	0.00752	0.00471	0.00426	0.00809	0.01279	0.01537	0.09577	0.05263	0.72865	0.01388	0.00654	0.00186	0.00279	0.01160	0.00520	0.00471
156	0.01371	0.01316	0.02248	0.03399	0.77081	0.01316	0.01700	0.01700	0.01261	0.01809	0.01042	0.01371	0.00877	0.00493	0.00548	0.00164	0.00658	0.00493	0.00274	0.00877
157	0.01046	0.00984	0.01661	0.79205	0.03814	0.01230	0.01538	0.01415	0.01107	0.01415	0.00984	0.01477	0.00738	0.00554	0.00554	0.00185	0.00738	0.00492	0.00246	0.00615
158	0.00662	0.00533	0.00590	0.00636	0.00768	0.00461	0.00454	0.00786	0.01190	0.01467	0.04696	0.32092	0.50685	0.01522	0.00673	0.00201	0.00295	0.01314	0.00514	0.00461
159	0.00735	0.00525	0.00712	0.00840	0.00899	0.00502	0.00619	0.00876	0.01120	0.01481	0.03019	0.59666	0.03531	0.01678	0.00723	0.00233	0.00374	0.21488	0.00513	0.00467
160	0.01481	0.80869	0.02902	0.00948	0.01421	0.02191	0.00948	0.01658	0.01125	0.01303	0.00770	0.00888	0.00711	0.00474	0.00355	0.00118	0.00592	0.00296	0.00237	0.00711
161	0.01190	0.02279	0.49038	0.09081	0.02638	0.01299	0.21195	0.01750	0.01210	0.03585	0.01056	0.01301	0.00758	0.00517	0.00563	0.00179	0.00833	0.00485	0.00258	0.00784
162	0.01340	0.06587	0.25302	0.01919	0.02540	0.01445	0.41377	0.09221	0.01387	0.01915	0.01083	0.01345	0.00802	0.00505	0.00588	0.00177	0.00846	0.00544	0.00292	0.00786
163	0.00867	0.00631	0.00792	0.00738	0.00893	0.00606	0.00558	0.01245	0.08527	0.03607	0.66049	0.03941	0.07218	0.01097	0.00643	0.00176	0.00282	0.00964	0.00604	0.00562
164	0.00731	0.00543	0.00681	0.00691	0.00806	0.00493	0.00501	0.00926	0.01377	0.01872	0.44007	0.24381	0.18267	0.01342	0.00668	0.00190	0.00281	0.01184	0.00567	0.00493
165	0.01227	0.01178	0.02027	0.36334	0.42735	0.01282	0.04082	0.01578	0.01196	0.01637	0.01019	0.01421	0.00816	0.00519	0.00554	0.00174	0.00702	0.00498	0.00262	0.00759
166	0.01742	0.01319	0.01460	0.01198	0.01538	0.01498	0.00966	0.35483	0.28590	0.07380	0.01671	0.01693	0.01252	0.03395	0.00751	0.00194	0.07918	0.00557	0.00529	0.00867

[dist]
# distance from previous block
# <min> <max>
0	1

[block]
# block no. 5 follows, 43 sequences, length 7
# corresponding to MSA columns:
# 369-375
name=unknown_F
#
# <colnr> <probs for GDERKNQSTAVLIFYWHMCP>
#	G	D	E	R	K	N	Q	S	T	A	V	L	I	F	Y	W	H	M	C	P
0	0.04338	0.00939	0.01094	0.00961	0.01218	0.00969	0.00735	0.17230	0.12377	0.19227	0.02184	0.24985	0.02034	0.08101	0.00796	0.00221	0.00456	0.00868	0.00547	0.00722
1	0.00701	0.00525	0.00658	0.00753	0.00839	0.00482	0.00545	0.00832	0.01144	0.01471	0.03702	0.49933	0.22664	0.01619	0.00702	0.00219	0.00338	0.11897	0.00514	0.00463
2	0.01007	0.00851	0.00973	0.01090	0.07752	0.04780	0.00699	0.01463	0.19294	0.01594	0.02291	0.33977	0.02436	0.17913	0.01092	0.00272	0.00460	0.01023	0.00455	0.00578
3	0.01270	0.01213	0.02065	0.26972	0.54298	0.01289	0.01649	0.01611	0.01213	0.01687	0.01024	0.01404	0.00834	0.00512	0.00550	0.00171	0.00683	0.00493	0.00265	0.00796
4	0.01421	0.19136	0.39513	0.01403	0.01975	0.19750	0.01536	0.01818	0.01236	0.01540	0.00899	0.01072	0.00708	0.00551	0.00558	0.00160	0.05358	0.00377	0.00247	0.00742
5	0.01695	0.01613	0.30497	0.01182	0.01702	0.00942	0.01243	0.02056	0.01349	0.37368	0.01854	0.12985	0.01447	0.00777	0.00567	0.00181	0.00583	0.00648	0.00487	0.00823
6	0.01172	0.01094	0.01667	0.01265	0.01669	0.01016	0.18768	0.01605	0.09226	0.01849	0.08290	0.01824	0.01420	0.00616	0.00630	0.00147	0.06540	0.03522	0.00369	0.37313

[dist]
# distance from previous block
# <min> <max>
0	1

[block]
# block no. 6 follows, 43 sequences, length 6
# corresponding to MSA columns:
# 377-382
name=unknown_G
#
# <colnr> <probs for GDERKNQSTAVLIFYWHMCP>
#	G	D	E	R	K	N	Q	S	T	A	V	L	I	F	Y	W	H	M	C	P
0	0.01133	0.00919	0.01249	0.00940	0.01339	0.00748	0.07745	0.01403	0.01298	0.05724	0.21354	0.02019	0.02029	0.00623	0.00506	0.00121	0.00423	0.00551	0.00417	0.49459
1	0.01411	0.01140	0.01289	0.00945	0.01424	0.01007	0.00765	0.21658	0.01548	0.02267	0.01079	0.01198	0.00854	0.00480	0.00450	0.00105	0.00465	0.00375	0.00390	0.61150
2	0.01343	0.00893	0.01053	0.00928	0.01189	0.00930	0.00723	0.02135	0.32400	0.16128	0.32201	0.02865	0.03053	0.00892	0.00598	0.00179	0.00373	0.00764	0.00605	0.00746
3	0.01300	0.00950	0.01094	0.00957	0.01189	0.00996	0.00740	0.31663	0.01853	0.02518	0.24761	0.24432	0.03012	0.01109	0.00627	0.00185	0.00422	0.00955	0.00560	0.00676
4	0.01236	0.01251	0.02392	0.02461	0.32334	0.01205	0.31839	0.01610	0.01337	0.01871	0.15035	0.01932	0.01663	0.00600	0.00611	0.00175	0.00699	0.00653	0.00338	0.00758
5	0.01671	0.01271	0.01547	0.01541	0.15445	0.01340	0.01049	0.23519	0.25471	0.09864	0.01617	0.01606	0.01197	0.00635	0.00541	0.00164	0.00529	0.00525	0.00494	0.09975

[dist]
# distance from previous block
# <min> <max>
3	12

[block]
# block no. 7 follows, 43 sequences, length 11
# corresponding to MSA columns:
# 403-413
name=unknown_H
#
# <colnr> <probs for GDERKNQSTAVLIFYWHMCP>
#	G	D	E	R	K	N	Q	S	T	A	V	L	I	F	Y	W	H	M	C	P
0	0.01223	0.01147	0.01938	0.19158	0.51147	0.01213	0.01528	0.01542	0.01178	0.01654	0.01090	0.01503	0.00917	0.01005	0.11154	0.00268	0.00788	0.00507	0.00271	0.00769
1	0.12456	0.01051	0.01554	0.49614	0.02867	0.01345	0.01331	0.01424	0.01022	0.01541	0.00893	0.01334	0.00717	0.00649	0.00832	0.00197	0.19841	0.00464	0.00258	0.00611
2	0.00833	0.00584	0.00755	0.00774	0.00902	0.00517	0.00547	0.00983	0.01181	0.04744	0.15352	0.53159	0.03448	0.01408	0.00651	0.00195	0.00329	0.01265	0.00512	0.11862
3	0.01200	0.00791	0.01005	0.01010	0.01220	0.00808	0.00848	0.01724	0.17214	0.12144	0.05229	0.04660	0.05492	0.01231	0.00686	0.00224	0.00473	0.42846	0.00549	0.00646
4	0.01372	0.01299	0.02118	0.03102	0.67188	0.01324	0.01592	0.01862	0.11047	0.01876	0.01200	0.01462	0.00984	0.00527	0.00550	0.00168	0.00629	0.00511	0.00312	0.00877
5	0.01371	0.01316	0.02248	0.03399	0.77081	0.01316	0.01700	0.01700	0.01261	0.01809	0.01042	0.01371	0.00877	0.00493	0.00548	0.00164	0.00658	0.00493	0.00274	0.00877
6	0.32844	0.01139	0.01136	0.00944	0.01321	0.01228	0.00764	0.12099	0.19717	0.12312	0.01420	0.01401	0.01040	0.00604	0.00461	0.00165	0.00459	0.00444	0.00469	0.10032
7	0.40112	0.01542	0.01202	0.01037	0.01385	0.19981	0.00825	0.15222	0.07255	0.05171	0.01061	0.01129	0.00803	0.00580	0.00444	0.00165	0.00602	0.00384	0.00397	0.00706
8	0.01478	0.01173	0.01144	0.00988	0.01268	0.13568	0.00768	0.06741	0.15818	0.13707	0.28969	0.02510	0.02663	0.00823	0.00574	0.00165	0.00480	0.00681	0.00538	0.05945
9	0.03802	0.01034	0.00989	0.00826	0.01157	0.10806	0.00642	0.01446	0.01290	0.11367	0.02798	0.05318	0.27480	0.00860	0.00534	0.00146	0.00447	0.00695	0.00440	0.27924
10	0.04141	0.01730	0.27978	0.01269	0.01763	0.01234	0.01302	0.07412	0.06773	0.14835	0.01264	0.01365	0.00924	0.00635	0.00723	0.00173	0.13350	0.00455	0.00377	0.12298

[dist]
# distance from previous block
# <min> <max>
17	33

[block]
# block no. 8 follows, 43 sequences, length 19
# corresponding to MSA columns:
# 454-472
name=unknown_I
#
# <colnr> <probs for GDERKNQSTAVLIFYWHMCP>
#	G	D	E	R	K	N	Q	S	T	A	V	L	I	F	Y	W	H	M	C	P
0	0.01641	0.01271	0.01482	0.01171	0.01542	0.01362	0.05953	0.45557	0.08548	0.02850	0.09604	0.02276	0.12619	0.00814	0.00586	0.00173	0.00533	0.00670	0.00536	0.00811
1	0.01715	0.01024	0.07211	0.00942	0.01325	0.00806	0.00820	0.05960	0.01546	0.37526	0.21062	0.02418	0.04921	0.00782	0.00567	0.00163	0.00440	0.00653	0.00579	0.09540
2	0.01387	0.55352	0.13587	0.01019	0.01509	0.01792	0.01057	0.01643	0.01172	0.04481	0.05746	0.01228	0.01050	0.00645	0.02863	0.00155	0.00620	0.00379	0.00284	0.04031
3	0.07315	0.24497	0.28802	0.01167	0.01741	0.01405	0.01275	0.01993	0.01262	0.23701	0.01261	0.01279	0.00892	0.00557	0.00474	0.00158	0.00626	0.00412	0.00374	0.00809
4	0.01111	0.02865	0.77667	0.01579	0.02397	0.01286	0.02046	0.01754	0.01169	0.01754	0.00994	0.01169	0.00702	0.00526	0.00526	0.00175	0.00818	0.00409	0.00234	0.00818
5	0.01510	0.01199	0.01343	0.00992	0.01466	0.01109	0.00806	0.29325	0.01699	0.02442	0.01115	0.01217	0.00866	0.00506	0.00465	0.00114	0.00486	0.00393	0.00414	0.52534
6	0.01438	0.71943	0.11458	0.01020	0.01533	0.02088	0.01073	0.01669	0.01130	0.01355	0.00796	0.00921	0.00710	0.00480	0.00375	0.00125	0.00618	0.00309	0.00237	0.00723
7	0.00684	0.00562	0.00601	0.00591	0.00766	0.00480	0.00444	0.00851	0.01331	0.01659	0.21575	0.05062	0.60791	0.01342	0.00654	0.00184	0.00276	0.01131	0.00536	0.00480
