[name]
unknown

[dist]
# distance from previous block
# <min> <max>
0	3

[block]
# block no. 0 follows, 48 sequences, length 18
# corresponding to MSA columns:
# 3-20
name=unknown_A
#
# <colnr> <probs for GDERKNQSTAVLIFYWHMCP>
#	G	D	E	R	K	N	Q	S	T	A	V	L	I	F	Y	W	H	M	C	P
0	0.00794	0.00567	0.00789	0.00908	0.01012	0.00563	0.00770	0.01007	0.01149	0.01499	0.02735	0.18046	0.03024	0.01448	0.00700	0.00232	0.00444	0.63377	0.00473	0.00463
1	0.01951	0.01437	0.01540	0.01181	0.01591	0.01591	0.00975	0.77056	0.02412	0.03234	0.01232	0.01232	0.00873	0.00616	0.00513	0.00154	0.00565	0.00462	0.00513	0.00873
2	0.00625	0.00447	0.00595	0.00714	0.00744	0.00417	0.00476	0.00714	0.00982	0.01310	0.02828	0.81633	0.03394	0.01608	0.00655	0.00208	0.00298	0.01459	0.00476	0.00417
3	0.00726	0.00524	0.00686	0.00646	0.00767	0.00484	0.00484	0.00968	0.01452	0.02058	0.78496	0.03833	0.04841	0.01049	0.00605	0.00161	0.00242	0.00928	0.00565	0.00484
4	0.02121	0.01296	0.07645	0.01035	0.01440	0.13616	0.00895	0.05370	0.01473	0.57122	0.01703	0.01539	0.01105	0.00605	0.00505	0.00155	0.00547	0.00473	0.00536	0.00819
5	0.00733	0.00550	0.00825	0.00825	0.00916	0.00641	0.00641	0.00916	0.00825	0.01191	0.01374	0.02016	0.01283	0.03848	0.79934	0.00825	0.01374	0.00550	0.00275	0.00458
6	0.15190	0.26886	0.18833	0.00985	0.01462	0.01316	0.01013	0.01844	0.01153	0.25099	0.01157	0.01162	0.00825	0.00515	0.00419	0.00144	0.00536	0.00371	0.00361	0.00729
7	0.01662	0.04364	0.01243	0.00976	0.01278	0.05018	0.00794	0.20137	0.04251	0.27861	0.01527	0.01626	0.01132	0.01560	0.23769	0.00350	0.00771	0.00496	0.00460	0.00726
8	0.01951	0.01437	0.01540	0.01181	0.01591	0.01591	0.00975	0.77056	0.02412	0.03234	0.01232	0.01232	0.00873	0.00616	0.00513	0.00154	0.00565	0.00462	0.00513	0.00873
9	0.01857	0.14502	0.01726	0.01132	0.01547	0.01662	0.00960	0.64851	0.02191	0.02906	0.01148	0.01166	0.00838	0.00587	0.00484	0.00147	0.00562	0.00432	0.00466	0.00838
10	0.05755	0.50300	0.14738	0.01000	0.01478	0.01713	0.01029	0.10526	0.01230	0.06747	0.00895	0.00975	0.00718	0.00483	0.00388	0.00129	0.00569	0.00330	0.00286	0.00709
11	0.04539	0.07027	0.71792	0.01397	0.02120	0.01237	0.01784	0.01615	0.01072	0.01630	0.00901	0.01058	0.00647	0.00484	0.00472	0.00159	0.00732	0.00369	0.00221	0.00744
12	0.14026	0.29150	0.34783	0.01112	0.01665	0.01473	0.01261	0.05442	0.01119	0.04480	0.00875	0.00989	0.00672	0.00481	0.00411	0.00144	0.00611	0.00338	0.00263	0.00704
13	0.01804	0.11754	0.01616	0.01117	0.01498	0.08243	0.00929	0.56362	0.02072	0.02710	0.01185	0.03237	0.00908	0.00611	0.00484	0.00147	0.00575	0.00453	0.03499	0.00796
14	0.01268	0.29201	0.33418	0.01170	0.01690	0.08876	0.01281	0.01716	0.07635	0.03514	0.00990	0.01116	0.00780	0.00667	0.04472	0.00176	0.00696	0.00369	0.00262	0.00702
15	0.03570	0.05733	0.14317	0.01226	0.01572	0.18776	0.07606	0.11208	0.01301	0.03090	0.01401	0.01572	0.08729	0.00952	0.08142	0.00223	0.09142	0.00488	0.00313	0.00640
16	0.03665	0.11575	0.40430	0.01209	0.01748	0.07960	0.01345	0.08009	0.07096	0.03776	0.01085	0.01193	0.00809	0.00524	0.00457	0.00150	0.00643	0.00394	0.07211	0.00721
17	0.01145	0.26526	0.51007	0.01335	0.01981	0.01451	0.06749	0.01600	0.01080	0.01501	0.00866	0.01026	0.00661	0.00469	0.00448	0.00147	0.00703	0.00363	0.00220	0.00724

[dist]
# distance from previous block
# <min> <max>
25	88

[block]
# block no. 1 follows, 48 sequences, length 12
# corresponding to MSA columns:
# 123-134
name=unknown_B
#
# <colnr> <probs for GDERKNQSTAVLIFYWHMCP>
#	G	D	E	R	K	N	Q	S	T	A	V	L	I	F	Y	W	H	M	C	P
0	0.03767	0.00922	0.07399	0.00907	0.01157	0.00813	0.03950	0.07192	0.13773	0.06428	0.22426	0.16692	0.09133	0.00971	0.00571	0.00174	0.00394	0.02239	0.00484	0.00607
1	0.01359	0.03639	0.05610	0.01421	0.17845	0.01056	0.00974	0.06276	0.19935	0.12514	0.03326	0.05569	0.01267	0.00608	0.00492	0.00147	0.00472	0.00519	0.00412	0.16559
2	0.01239	0.01096	0.03811	0.01456	0.17897	0.03193	0.04519	0.14374	0.03795	0.03804	0.03468	0.14504	0.01432	0.00715	0.00516	0.00149	0.00499	0.03075	0.00379	0.20081
3	0.01671	0.01039	0.01200	0.01021	0.03139	0.06345	0.00798	0.07462	0.12193	0.32989	0.08251	0.01923	0.05819	0.00714	0.00630	0.00161	0.08161	0.00555	0.00503	0.05424
4	0.00947	0.00783	0.00937	0.00934	0.04596	0.03439	0.00628	0.04326	0.05081	0.01283	0.01546	0.12969	0.01689	0.41166	0.01798	0.00346	0.16007	0.00735	0.00332	0.00458
5	0.01502	0.00934	0.01020	0.00893	0.01143	0.07124	0.00689	0.15666	0.01460	0.26119	0.02355	0.27191	0.09705	0.00999	0.00564	0.00173	0.00438	0.00847	0.00516	0.00661
6	0.01292	0.01188	0.01764	0.02048	0.34838	0.05158	0.06919	0.01580	0.03611	0.06426	0.03398	0.01336	0.00947	0.00566	0.00714	0.00157	0.15242	0.00462	0.00298	0.12054
7	0.00625	0.00447	0.00595	0.00714	0.00744	0.00417	0.00476	0.00714	0.00982	0.01310	0.02828	0.81633	0.03394	0.01608	0.00655	0.00208	0.00298	0.01459	0.00476	0.00417
8	0.01064	0.00912	0.01064	0.00760	0.01216	0.00684	0.00608	0.01292	0.01064	0.01672	0.00912	0.01064	0.00760	0.00380	0.00380	0.00076	0.00380	0.00304	0.00304	0.85104
9	0.01405	0.00936	0.05366	0.00995	0.01319	0.00806	0.04445	0.01818	0.12012	0.26189	0.01995	0.07850	0.01730	0.00843	0.00557	0.00172	0.00462	0.18517	0.00484	0.12099
10	0.01097	0.00877	0.01038	0.00758	0.01182	0.00670	0.00605	0.01325	0.01117	0.05562	0.07581	0.01334	0.01133	0.00450	0.00406	0.00087	0.00371	0.00368	0.00343	0.73696
11	0.01188	0.01135	0.01935	0.24291	0.58266	0.01198	0.01534	0.01503	0.01130	0.01577	0.00951	0.01297	0.00778	0.00472	0.00509	0.00157	0.00630	0.00457	0.00247	0.00747

[dist]
# distance from previous block
# <min> <max>
3	7

[block]
# block no. 2 follows, 48 sequences, length 18
# corresponding to MSA columns:
# 142-159
name=unknown_C
#
# <colnr> <probs for GDERKNQSTAVLIFYWHMCP>
#	G	D	E	R	K	N	Q	S	T	A	V	L	I	F	Y	W	H	M	C	P
0	0.03169	0.02655	0.03167	0.01130	0.07737	0.09721	0.00819	0.07253	0.10187	0.18323	0.07124	0.21506	0.01889	0.00877	0.00562	0.00169	0.01838	0.00742	0.00463	0.00671
1	0.01122	0.09055	0.03264	0.01007	0.01303	0.06758	0.10909	0.11161	0.08063	0.01790	0.13216	0.02730	0.23817	0.02822	0.00595	0.00168	0.00486	0.00713	0.00417	0.00604
2	0.00813	0.00660	0.04255	0.00635	0.00848	0.00515	0.00520	0.01001	0.01260	0.08191	0.23319	0.04105	0.47539	0.01117	0.00587	0.00166	0.00296	0.00942	0.00496	0.02735
3	0.01003	0.01970	0.53428	0.01202	0.01766	0.00970	0.01441	0.01476	0.01195	0.05583	0.19946	0.01926	0.04587	0.00661	0.00522	0.00162	0.00599	0.00545	0.00332	0.00685
4	0.01029	0.02654	0.79309	0.01462	0.02221	0.01192	0.01896	0.01625	0.01083	0.01625	0.00921	0.01083	0.00650	0.00487	0.00487	0.00162	0.00758	0.00379	0.00217	0.00758
5	0.01093	0.05780	0.38438	0.01604	0.18398	0.01062	0.01420	0.01487	0.01127	0.06037	0.04111	0.10829	0.05069	0.00678	0.00515	0.00163	0.00601	0.00579	0.00304	0.00706
6	0.01372	0.82276	0.02689	0.00878	0.01317	0.02030	0.00878	0.01536	0.01043	0.01207	0.00713	0.00823	0.00658	0.00439	0.00329	0.00110	0.00549	0.00274	0.00219	0.00658
7	0.01372	0.82276	0.02689	0.00878	0.01317	0.02030	0.00878	0.01536	0.01043	0.01207	0.00713	0.00823	0.00658	0.00439	0.00329	0.00110	0.00549	0.00274	0.00219	0.00658
8	0.01029	0.02654	0.79309	0.01462	0.02221	0.01192	0.01896	0.01625	0.01083	0.01625	0.00921	0.01083	0.00650	0.00487	0.00487	0.00162	0.00758	0.00379	0.00217	0.00758
9	0.00745	0.00500	0.00574	0.00574	0.00579	0.00505	0.00329	0.00755	0.00750	0.01005	0.01604	0.03285	0.01834	0.77748	0.06788	0.00515	0.00545	0.00736	0.00309	0.00319
10	0.00625	0.00447	0.00595	0.00714	0.00744	0.00417	0.00476	0.00714	0.00982	0.01310	0.02828	0.81633	0.03394	0.01608	0.00655	0.00208	0.00298	0.01459	0.00476	0.00417
11	0.01093	0.01081	0.01543	0.09623	0.01561	0.01495	0.01138	0.01232	0.00812	0.01241	0.00722	0.01179	0.00695	0.00958	0.04216	0.00239	0.69932	0.00453	0.00227	0.00559
12	0.01230	0.01178	0.02010	0.13559	0.68672	0.01209	0.01555	0.01539	0.01149	0.01627	0.00958	0.01283	0.00795	0.00465	0.00509	0.00155	0.00620	0.00457	0.00251	0.00780
13	0.01270	0.01219	0.02083	0.03149	0.78767	0.01219	0.01575	0.01575	0.01168	0.01676	0.00965	0.01270	0.00813	0.00457	0.00508	0.00152	0.00610	0.00457	0.00254	0.00813
14	0.01919	0.14341	0.06753	0.00925	0.01351	0.00980	0.00833	0.02142	0.01338	0.52601	0.03641	0.01548	0.01178	0.00582	0.00474	0.00144	0.00467	0.00460	0.00509	0.07811
15	0.00933	0.00885	0.04859	0.01108	0.11725	0.04907	0.00755	0.06272	0.02916	0.01748	0.24190	0.20170	0.15430	0.01038	0.00581	0.00171	0.00395	0.00906	0.00450	0.00559
16	0.01074	0.00874	0.03180	0.00833	0.01175	0.00701	0.03449	0.03331	0.03047	0.06758	0.04204	0.13934	0.01460	0.07132	0.00636	0.00149	0.00409	0.00580	0.00370	0.46704
17	0.03261	0.00976	0.12193	0.00854	0.01164	0.00707	0.00767	0.01447	0.05268	0.16596	0.19693	0.15444	0.07338	0.00881	0.00540	0.00160	0.00394	0.00755	0.00467	0.11095

[dist]
# distance from previous block
# <min> <max>
4	20

[block]
# block no. 3 follows, 48 sequences, length 23
# corresponding to MSA columns:
# 180-202
name=unknown_D
#
# <colnr> <probs for GDERKNQSTAVLIFYWHMCP>
#	G	D	E	R	K	N	Q	S	T	A	V	L	I	F	Y	W	H	M	C	P
0	0.01398	0.04363	0.01419	0.01466	0.20581	0.05520	0.00935	0.01841	0.14772	0.14620	0.01406	0.05649	0.01131	0.00574	0.00477	0.00138	0.00485	0.00488	0.00389	0.22348
1	0.01030	0.00800	0.01102	0.05732	0.10353	0.00711	0.02297	0.01268	0.01210	0.07117	0.20209	0.05278	0.07345	0.00743	0.00515	0.00139	0.00399	0.04821	0.00406	0.28524
2	0.01126	0.00970	0.01195	0.23903	0.09116	0.09261	0.00942	0.02767	0.05972	0.05524	0.24196	0.02142	0.02072	0.00695	0.00522	0.00157	0.00501	0.00596	0.07745	0.00597
3	0.01418	0.01533	0.01724	0.10779	0.38681	0.25292	0.01281	0.01689	0.02700	0.01516	0.00924	0.01169	0.00762	0.00483	0.00484	0.00142	0.00691	0.00407	0.00264	0.08061
4	0.57921	0.01228	0.05317	0.03573	0.01376	0.07999	0.09403	0.01539	0.00983	0.02027	0.00861	0.04196	0.00714	0.00523	0.00392	0.00161	0.00521	0.00379	0.00304	0.00580
5	0.01159	0.01061	0.01628	0.20679	0.34984	0.01051	0.01227	0.03905	0.01144	0.01640	0.00945	0.01229	0.00768	0.00452	0.00471	0.00134	0.00556	0.00411	0.00272	0.26286
6	0.00726	0.00524	0.00686	0.00646	0.00767	0.00484	0.00484	0.00968	0.01452	0.02058	0.78496	0.03833	0.04841	0.01049	0.00605	0.00161	0.00242	0.00928	0.00565	0.00484
7	0.01242	0.01260	0.02355	0.05376	0.52985	0.01241	0.24667	0.01587	0.01177	0.01654	0.00986	0.01308	0.00798	0.00451	0.00538	0.00159	0.00690	0.00503	0.00255	0.00768
8	0.00606	0.00520	0.00520	0.00520	0.00693	0.00433	0.00390	0.00736	0.01170	0.01386	0.05198	0.04938	0.78558	0.01299	0.00606	0.00173	0.00260	0.01083	0.00476	0.00433
9	0.01422	0.01126	0.01225	0.01066	0.01365	0.01264	0.00857	0.27325	0.40057	0.02403	0.01908	0.04908	0.01576	0.00794	0.00548	0.00177	0.00464	0.10230	0.00511	0.00775
10	0.00616	0.00520	0.00534	0.00530	0.00699	0.00437	0.00398	0.00756	0.01193	0.01442	0.11307	0.04846	0.72414	0.01279	0.00606	0.00172	0.00258	0.01070	0.00484	0.00437
11	0.01064	0.00912	0.01064	0.00760	0.01216	0.00684	0.00608	0.01292	0.01064	0.01672	0.00912	0.01064	0.00760	0.00380	0.00380	0.00076	0.00380	0.00304	0.00304	0.85104
12	0.01890	0.01418	0.01588	0.01356	0.08483	0.01558	0.01029	0.70315	0.02301	0.03095	0.01208	0.01235	0.00867	0.00602	0.00513	0.00154	0.00569	0.00462	0.00490	0.00867
13	0.00681	0.00494	0.00654	0.00763	0.00830	0.00467	0.00568	0.00815	0.01055	0.01380	0.03003	0.53493	0.09816	0.01527	0.00666	0.00213	0.00344	0.22323	0.00475	0.00434
14	0.01261	0.01152	0.01852	0.26532	0.46535	0.01240	0.01457	0.10617	0.01275	0.01753	0.00981	0.01295	0.00781	0.00493	0.00510	0.00158	0.00627	0.00457	0.00277	0.00746
15	0.01289	0.54752	0.26025	0.01074	0.01604	0.04917	0.01193	0.01584	0.01072	0.01337	0.00780	0.00907	0.00656	0.00457	0.00383	0.00127	0.00628	0.00309	0.00220	0.00686
16	0.00745	0.00501	0.00576	0.00576	0.00581	0.00506	0.00331	0.00756	0.00751	0.01007	0.01602	0.03277	0.01830	0.77277	0.07254	0.00517	0.00550	0.00734	0.00309	0.00320
17	0.01573	0.17787	0.04639	0.01532	0.18805	0.03940	0.03134	0.22625	0.01536	0.11503	0.04019	0.04407	0.01089	0.00588	0.00484	0.00148	0.00561	0.00481	0.00385	0.00766
18	0.01394	0.78975	0.02638	0.00896	0.01328	0.05250	0.00883	0.01558	0.01060	0.01209	0.00717	0.00827	0.00659	0.00443	0.00335	0.00111	0.00564	0.00277	0.00221	0.00656
19	0.08604	0.15451	0.04375	0.00753	0.00982	0.04201	0.00642	0.01193	0.01311	0.01875	0.50918	0.02781	0.03348	0.00842	0.00518	0.00151	0.00362	0.00703	0.00453	0.00538
20	0.01389	0.51238	0.15826	0.01081	0.01554	0.09971	0.03147	0.05209	0.03784	0.01425	0.00838	0.00951	0.00702	0.00474	0.00394	0.00127	0.00629	0.00327	0.00249	0.00685
21	0.11633	0.16008	0.07263	0.06253	0.26737	0.01310	0.05412	0.04367	0.02982	0.11805	0.01061	0.01211	0.00812	0.00494	0.00458	0.00150	0.00573	0.00416	0.00317	0.00739
22	0.05775	0.15879	0.47566	0.03064	0.01814	0.01227	0.01419	0.01531	0.01078	0.04556	0.03821	0.06186	0.01017	0.02340	0.00513	0.00163	0.00636	0.00457	0.00270	0.00689

[dist]
# distance from previous block
# <min> <max>
5	9

[block]
# block no. 4 follows, 48 sequences, length 33
# corresponding to MSA columns:
# 212-244
name=unknown_E
#
# <colnr> <probs for GDERKNQSTAVLIFYWHMCP>
#	G	D	E	R	K	N	Q	S	T	A	V	L	I	F	Y	W	H	M	C	P
0	0.01162	0.03292	0.01441	0.06789	0.17389	0.09644	0.07470	0.09068	0.03891	0.01717	0.08756	0.06591	0.16543	0.00799	0.00550	0.00164	0.00537	0.03189	0.00378	0.00629
1	0.00956	0.03242	0.05101	0.01279	0.09775	0.03391	0.15894	0.01223	0.01234	0.01656	0.21358	0.02772	0.20631	0.00811	0.00584	0.00159	0.02207	0.00732	0.00387	0.06607
2	0.39534	0.09483	0.04637	0.00992	0.03373	0.04627	0.04516	0.08018	0.03834	0.04087	0.02408	0.02559	0.00825	0.00540	0.00452	0.00152	0.03765	0.00380	0.00332	0.05485
3	0.03699	0.00888	0.01285	0.01325	0.15763	0.00833	0.03495	0.01640	0.01211	0.26681	0.05776	0.13958	0.01593	0.00753	0.00581	0.00158	0.04545	0.02104	0.00440	0.13272
4	0.03966	0.01070	0.07633	0.01081	0.05927	0.00891	0.02565	0.03529	0.12709	0.26125	0.04661	0.06487	0.01357	0.00632	0.00492	0.00146	0.00451	0.00533	0.00455	0.19287
5	0.04040	0.04949	0.04412	0.03557	0.11360	0.14037	0.00894	0.06497	0.02485	0.11182	0.01757	0.26021	0.02699	0.00900	0.00539	0.00169	0.00529	0.02948	0.00400	0.00627
6	0.08552	0.03100	0.01198	0.02681	0.03787	0.00900	0.04400	0.09282	0.04941	0.05771	0.08310	0.08500	0.01476	0.00646	0.00472	0.00134	0.00430	0.02603	0.00390	0.32429
7	0.04765	0.01359	0.01756	0.01710	0.19393	0.12399	0.14642	0.09662	0.07683	0.04337	0.01089	0.01250	0.00848	0.00491	0.00489	0.00141	0.00622	0.00442	0.00330	0.16588
8	0.01306	0.01203	0.02041	0.07145	0.67210	0.01213	0.04191	0.03785	0.01208	0.04285	0.01008	0.01294	0.00822	0.00470	0.00512	0.00154	0.00616	0.00464	0.00273	0.00799
9	0.33441	0.01065	0.01235	0.05022	0.17576	0.01156	0.00893	0.09401	0.10141	0.08825	0.01140	0.01291	0.00879	0.03413	0.00510	0.00169	0.00480	0.00416	0.00371	0.02575
10	0.01548	0.01152	0.01203	0.00999	0.01311	0.02862	0.00800	0.34959	0.26823	0.04401	0.01606	0.01591	0.01189	0.00637	0.00486	0.00154	0.00455	0.00502	0.16548	0.00772
11	0.55761	0.01297	0.01022	0.00876	0.01205	0.12682	0.00708	0.17554	0.01283	0.02347	0.00835	0.00931	0.00638	0.00513	0.00380	0.00154	0.00509	0.00324	0.00351	0.00628
12	0.00625	0.00447	0.00595	0.00714	0.00744	0.00417	0.00476	0.00714	0.00982	0.01310	0.02828	0.81633	0.03394	0.01608	0.00655	0.00208	0.00298	0.01459	0.00476	0.00417
13	0.00625	0.00447	0.00595	0.00714	0.00744	0.00417	0.00476	0.00714	0.00982	0.01310	0.02828	0.81633	0.03394	0.01608	0.00655	0.00208	0.00298	0.01459	0.00476	0.00417
14	0.15986	0.01389	0.01406	0.01099	0.01491	0.03550	0.00905	0.62430	0.02129	0.03026	0.01134	0.01157	0.00814	0.00590	0.00479	0.00154	0.00546	0.00428	0.00474	0.00812
15	0.00713	0.00534	0.00681	0.00767	0.00877	0.00502	0.00614	0.00882	0.01126	0.01435	0.03437	0.25214	0.24127	0.01434	0.00666	0.00211	0.00368	0.35490	0.00475	0.00447
16	0.00625	0.00447	0.00595	0.00714	0.00744	0.00417	0.00476	0.00714	0.00982	0.01310	0.02828	0.81633	0.03394	0.01608	0.00655	0.00208	0.00298	0.01459	0.00476	0.00417
17	0.01064	0.00912	0.01064	0.00760	0.01216	0.00684	0.00608	0.01292	0.01064	0.01672	0.00912	0.01064	0.00760	0.00380	0.00380	0.00076	0.00380	0.00304	0.00304	0.85104
18	0.01219	0.01254	0.02405	0.04916	0.43586	0.01225	0.31946	0.01570	0.01176	0.01642	0.01048	0.03686	0.00871	0.00483	0.00552	0.00163	0.00706	0.00547	0.00262	0.00745
19	0.01670	0.00893	0.01126	0.00835	0.01262	0.00718	0.00679	0.01883	0.01262	0.39554	0.01456	0.01398	0.01010	0.00505	0.00447	0.00116	0.00408	0.00408	0.00466	0.43906
20	0.01285	0.01137	0.01878	0.21632	0.52801	0.01194	0.01466	0.05222	0.01210	0.05755	0.01021	0.01317	0.00809	0.00488	0.00510	0.00157	0.00616	0.00460	0.00280	0.00760
21	0.01709	0.01327	0.01454	0.01166	0.01506	0.01516	0.00952	0.51977	0.19899	0.02777	0.01376	0.01381	0.01015	0.00663	0.00634	0.00166	0.08682	0.00488	0.00486	0.00827
22	0.01400	0.02143	0.54399	0.01314	0.01958	0.01137	0.01554	0.09461	0.01302	0.18680	0.01193	0.01243	0.00808	0.00533	0.00496	0.00161	0.00669	0.00417	0.00338	0.00795
23	0.00907	0.00786	0.01300	0.30861	0.04121	0.00846	0.09683	0.01183	0.03025	0.03625	0.05807	0.27923	0.05949	0.00937	0.00580	0.00182	0.00518	0.00863	0.00363	0.00544
24	0.03053	0.11319	0.01244	0.00940	0.01159	0.28121	0.00714	0.05705	0.03703	0.05556	0.03733	0.05804	0.05394	0.20266	0.00990	0.00229	0.00617	0.00560	0.00343	0.00550
25	0.00970	0.11250	0.05408	0.00765	0.00936	0.00800	0.04558	0.01070	0.00884	0.05529	0.01420	0.02598	0.01498	0.54068	0.01867	0.00372	0.00529	0.00623	0.00309	0.04546
26	0.01778	0.01126	0.01333	0.01141	0.05921	0.01153	0.00870	0.25944	0.18395	0.25762	0.01611	0.01522	0.01130	0.00606	0.00502	0.00152	0.00475	0.00488	0.00515	0.09577
27	0.01264	0.01132	0.01780	0.06896	0.53163	0.01149	0.01330	0.04172	0.08990	0.03969	0.05311	0.01480	0.01112	0.00522	0.00508	0.00152	0.00553	0.00488	0.00319	0.05711
28	0.02485	0.01190	0.03895	0.01410	0.17253	0.04004	0.00959	0.20317	0.07667	0.05615	0.07222	0.01481	0.01212	0.00560	0.00480	0.00137	0.00495	0.00463	0.02848	0.20308
29	0.01598	0.04843	0.01334	0.01048	0.03063	0.01186	0.00833	0.31187	0.12820	0.13487	0.01558	0.06358	0.01253	0.01832	0.00534	0.00156	0.00477	0.03581	0.00477	0.12374
30	0.07861	0.01264	0.11462	0.01109	0.04021	0.03317	0.04594	0.10206	0.13170	0.14903	0.03137	0.03018	0.01141	0.02883	0.00539	0.00158	0.00507	0.00481	0.02688	0.13540
31	0.03420	0.01195	0.01338	0.03926	0.03210	0.07894	0.03054	0.23447	0.07523	0.13269	0.09123	0.01644	0.01358	0.00647	0.00574	0.00153	0.05299	0.01694	0.00445	0.10785
32	0.04413	0.01202	0.06698	0.01208	0.06719	0.07646	0.07001	0.09596	0.09785	0.15946	0.13091	0.06003	0.03168	0.00700	0.00526	0.00158	0.00513	0.00599	0.00445	0.04585

[dist]
# distance from previous block
# <min> <max>
5	21

[block]
# block no. 5 follows, 48 sequences, length 34
# corresponding to MSA columns:
# 267-300
name=unknown_F
#
# <colnr> <probs for GDERKNQSTAVLIFYWHMCP>
#	G	D	E	R	K	N	Q	S	T	A	V	L	I	F	Y	W	H	M	C	P
0	0.03526	0.01845	0.02455	0.01116	0.05053	0.06457	0.09761	0.02971	0.05467	0.22016	0.18598	0.03582	0.02882	0.00682	0.00521	0.00151	0.00477	0.00597	0.02549	0.09294
1	0.05218	0.02228	0.03559	0.05068	0.07490	0.01238	0.12770	0.19104	0.14334	0.09605	0.02911	0.01450	0.01049	0.00618	0.01527	0.00167	0.03925	0.00495	0.00406	0.06839
2	0.01485	0.01119	0.01415	0.04461	0.17302	0.02199	0.00963	0.20407	0.08835	0.11543	0.02253	0.03006	0.02554	0.00573	0.00488	0.00140	0.00496	0.00478	0.00413	0.19870
3	0.03366	0.01072	0.01268	0.10641	0.05425	0.03439	0.00889	0.20210	0.11960	0.06459	0.10613	0.04601	0.01498	0.00666	0.00545	0.00152	0.03256	0.00541	0.00427	0.12972
4	0.01353	0.00769	0.00913	0.00774	0.01005	0.00742	0.00583	0.07819	0.09163	0.24583	0.07920	0.02712	0.11797	0.23112	0.01106	0.00252	0.00421	0.00678	0.00486	0.03812
5	0.01638	0.01078	0.01281	0.01079	0.02860	0.03995	0.02051	0.22113	0.09059	0.23125	0.12209	0.04093	0.01687	0.00755	0.00652	0.00168	0.08479	0.02429	0.00505	0.00746
6	0.01508	0.01430	0.01437	0.01491	0.18705	0.22724	0.00966	0.06869	0.01322	0.08406	0.01038	0.02318	0.00835	0.00495	0.00456	0.00123	0.00598	0.00392	0.00328	0.28560
7	0.01643	0.00955	0.01323	0.27161	0.02050	0.00983	0.00982	0.12554	0.01422	0.32937	0.04642	0.01578	0.01126	0.00588	0.00507	0.00155	0.00523	0.00488	0.00453	0.07930
8	0.00795	0.00616	0.00847	0.00804	0.00889	0.00615	0.07093	0.01010	0.08538	0.01282	0.02059	0.31865	0.02304	0.37195	0.01509	0.00331	0.00447	0.00980	0.00388	0.00433
9	0.00798	0.00603	0.00712	0.00656	0.00817	0.00566	0.00499	0.07528	0.01454	0.01965	0.50436	0.03928	0.25948	0.01084	0.00598	0.00164	0.00275	0.00932	0.00535	0.00503
10	0.01098	0.00972	0.01245	0.00910	0.01355	0.00796	0.07273	0.01465	0.08710	0.01717	0.01040	0.01176	0.00842	0.00416	0.00414	0.00094	0.00425	0.00358	0.00322	0.69372
11	0.01412	0.67294	0.02596	0.01034	0.01463	0.09709	0.07511	0.01597	0.01098	0.01250	0.00750	0.00882	0.00669	0.00447	0.00367	0.00117	0.00614	0.00309	0.00227	0.00655
12	0.01529	0.01363	0.08280	0.01229	0.01629	0.01345	0.08522	0.27043	0.34316	0.06769	0.01596	0.01555	0.01162	0.00622	0.00524	0.00165	0.00536	0.00523	0.00473	0.00819
13	0.00751	0.00736	0.08496	0.00722	0.00908	0.00552	0.00621	0.01024	0.01404	0.01987	0.67725	0.03606	0.07500	0.01004	0.00594	0.00162	0.00294	0.00880	0.00527	0.00509
14	0.01593	0.01019	0.01580	0.01996	0.39504	0.00979	0.01135	0.01900	0.04505	0.30007	0.09107	0.01726	0.01412	0.00591	0.00521	0.00157	0.00501	0.00531	0.00435	0.00802
15	0.01415	0.01552	0.01798	0.05949	0.19397	0.26361	0.14217	0.04952	0.04111	0.01538	0.01067	0.04892	0.00919	0.00754	0.04958	0.00194	0.04476	0.00497	0.00288	0.00663
16	0.01107	0.00980	0.01645	0.58870	0.20589	0.01138	0.01424	0.01433	0.01082	0.05446	0.00982	0.01365	0.00744	0.00507	0.00512	0.00166	0.00654	0.00459	0.00255	0.00641
17	0.00942	0.00839	0.01215	0.40752	0.02285	0.00870	0.00984	0.01218	0.01089	0.01496	0.08096	0.01842	0.08812	0.00596	0.00489	0.00141	0.00508	0.00512	0.00306	0.27008
18	0.17077	0.00922	0.01185	0.25815	0.01923	0.00941	0.00890	0.01632	0.02608	0.18713	0.01143	0.01283	0.00826	0.00502	0.00443	0.00141	0.00491	0.00399	0.00360	0.22708
19	0.01872	0.01188	0.01170	0.00990	0.01291	0.17873	0.00775	0.09299	0.01466	0.40428	0.01831	0.16419	0.01496	0.00792	0.00530	0.00162	0.00529	0.00647	0.00514	0.00728
20	0.00907	0.00746	0.00946	0.00854	0.00966	0.00860	0.00677	0.05012	0.03073	0.01681	0.24416	0.04530	0.16599	0.01195	0.06423	0.00225	0.22577	0.00742	0.07048	0.00520
21	0.01493	0.01665	0.01380	0.01127	0.01487	0.37673	0.05634	0.04268	0.01295	0.01518	0.00888	0.01050	0.00732	0.00550	0.02490	0.00130	0.00697	0.00347	0.00289	0.35287
22	0.01148	0.00880	0.01049	0.00951	0.01191	0.00955	0.01994	0.01969	0.39483	0.07754	0.03537	0.09477	0.01723	0.01377	0.15348	0.00294	0.00584	0.03794	0.00461	0.06031
23	0.03915	0.04616	0.42410	0.01278	0.01847	0.01323	0.01413	0.18709	0.15690	0.02090	0.01195	0.01255	0.00868	0.00553	0.00489	0.00161	0.00631	0.00429	0.00343	0.00784
24	0.25885	0.03073	0.01110	0.02172	0.01240	0.09916	0.05004	0.03714	0.06856	0.13094	0.01484	0.16220	0.01333	0.00735	0.00470	0.00162	0.00479	0.00595	0.03109	0.03351
25	0.00945	0.00670	0.00922	0.00975	0.07875	0.00632	0.02371	0.01217	0.04170	0.08757	0.32606	0.03856	0.17031	0.01046	0.00605	0.00177	0.00359	0.14731	0.00502	0.00554
26	0.01397	0.46237	0.09994	0.01431	0.17040	0.04384	0.01124	0.05919	0.02892	0.04001	0.00890	0.01020	0.00741	0.00473	0.00406	0.00130	0.00589	0.00349	0.00265	0.00720
27	0.36568	0.03868	0.01245	0.02945	0.01316	0.01255	0.04553	0.11257	0.02425	0.04049	0.02823	0.01126	0.00804	0.00586	0.00638	0.00163	0.15488	0.00386	0.01266	0.07240
28	0.02954	0.05533	0.01321	0.05461	0.15896	0.06608	0.00897	0.15150	0.04290	0.01877	0.09605	0.10187	0.11904	0.00802	0.00528	0.00158	0.00485	0.01789	0.00399	0.04156
29	0.06175	0.03364	0.03781	0.05163	0.46545	0.11563	0.01347	0.07204	0.03427	0.01841	0.03718	0.01397	0.01003	0.00561	0.00524	0.00165	0.00647	0.00469	0.00320	0.00787
30	0.02844	0.01068	0.01370	0.11427	0.16403	0.04160	0.00987	0.12828	0.09017	0.13000	0.08633	0.04152	0.02477	0.00636	0.00510	0.00153	0.00505	0.00539	0.00416	0.08876
31	0.06907	0.01024	0.01241	0.15311	0.04627	0.04993	0.02184	0.04546	0.14494	0.12416	0.03784	0.04255	0.03412	0.00644	0.00530	0.00155	0.02992	0.02065	0.00397	0.14021
32	0.02717	0.08347	0.09343	0.03036	0.07696	0.03071	0.08970	0.15073	0.07253	0.08648	0.01562	0.03786	0.07534	0.00628	0.00529	0.00153	0.02491	0.00525	0.00377	0.08263
33	0.10543	0.01180	0.01505	0.01856	0.33063	0.08895	0.02164	0.04231	0.05424	0.09883	0.03211	0.08865	0.01199	0.00630	0.00516	0.00157	0.01825	0.00540	0.00356	0.03957

[dist]
# distance from previous block
# <min> <max>
12	42

[block]
# block no. 6 follows, 48 sequences, length 13
# corresponding to MSA columns:
# 348-360
name=unknown_G
#
# <colnr> <probs for GDERKNQSTAVLIFYWHMCP>
#	G	D	E	R	K	N	Q	S	T	A	V	L	I	F	Y	W	H	M	C	P
0	0.08418	0.36338	0.22075	0.01036	0.01514	0.03341	0.01094	0.03940	0.04737	0.06785	0.03728	0.01244	0.00940	0.00532	0.00418	0.00141	0.00573	0.02156	0.00297	0.00692
1	0.05516	0.36558	0.14497	0.01186	0.06693	0.10529	0.01076	0.05704	0.01222	0.11246	0.00965	0.01045	0.00751	0.00494	0.00415	0.00134	0.00609	0.00350	0.00299	0.00711
2	0.13789	0.10620	0.16453	0.01202	0.01631	0.11242	0.09379	0.11035	0.09871	0.03810	0.03695	0.02985	0.00997	0.00565	0.00470	0.00155	0.00616	0.00449	0.00341	0.00696
3	0.08917	0.09418	0.06554	0.01090	0.05787	0.04493	0.00889	0.15844	0.12532	0.06287	0.03238	0.02104	0.09679	0.00720	0.00498	0.00159	0.00494	0.06981	0.00414	0.03901
4	0.34476	0.01147	0.07493	0.00864	0.01171	0.06303	0.00743	0.05168	0.10734	0.06349	0.15306	0.05293	0.01663	0.00680	0.00455	0.00162	0.00441	0.00522	0.00410	0.00620
5	0.01329	0.70949	0.02463	0.00862	0.01303	0.01843	0.00840	0.01502	0.01046	0.01272	0.00741	0.00857	0.00673	0.00431	0.00336	0.00105	0.00525	0.00278	0.00231	0.12414
6	0.00746	0.00497	0.00560	0.00560	0.00560	0.00497	0.00311	0.00746	0.00746	0.00995	0.01617	0.03358	0.01865	0.81967	0.02612	0.00497	0.00497	0.00746	0.00311	0.00311
7	0.00746	0.00497	0.00560	0.00560	0.00560	0.00497	0.00311	0.00746	0.00746	0.00995	0.01617	0.03358	0.01865	0.81967	0.02612	0.00497	0.00497	0.00746	0.00311	0.00311
8	0.01894	0.01409	0.01508	0.01169	0.01570	0.01565	0.00962	0.70811	0.08750	0.03142	0.01304	0.01289	0.00931	0.00623	0.00514	0.00156	0.00551	0.00472	0.00514	0.00868
9	0.00667	0.00464	0.00583	0.00660	0.00680	0.00445	0.00419	0.00726	0.00900	0.01200	0.02405	0.54294	0.02860	0.29675	0.01338	0.00309	0.00367	0.01210	0.00419	0.00380
10	0.01719	0.06686	0.10154	0.01399	0.04018	0.53672	0.04663	0.06957	0.01418	0.01457	0.00846	0.00995	0.00684	0.00528	0.00501	0.00141	0.02885	0.00361	0.00272	0.00645
11	0.01598	0.01304	0.01530	0.07884	0.16913	0.06608	0.01084	0.35954	0.09290	0.04522	0.01311	0.01539	0.01019	0.00615	0.00514	0.00158	0.00574	0.03875	0.02924	0.00782
12	0.01237	0.16720	0.26323	0.01378	0.10801	0.16456	0.01233	0.01563	0.01226	0.01563	0.15244	0.01537	0.01450	0.00587	0.00478	0.00145	0.00639	0.00461	0.00295	0.00664

[dist]
# distance from previous block
# <min> <max>
0	2

[block]
# block no. 7 follows, 48 sequences, length 35
# corresponding to MSA columns:
# 363-397
name=unknown_H
#
# <colnr> <probs for GDERKNQSTAVLIFYWHMCP>
#	G	D	E	R	K	N	Q	S	T	A	V	L	I	F	Y	W	H	M	C	P
0	0.01166	0.28533	0.29172	0.01364	0.01893	0.01465	0.18049	0.01531	0.01078	0.01448	0.01010	0.01245	0.02915	0.03057	0.00580	0.00161	0.03986	0.00429	0.00238	0.00679
1	0.01386	0.14351	0.11547	0.03686	0.35573	0.03270	0.06445	0.08965	0.02411	0.06086	0.01021	0.01210	0.00802	0.00488	0.00484	0.00149	0.00627	0.00431	0.00295	0.00772
2	0.00629	0.00450	0.00599	0.00712	0.00745	0.00419	0.00477	0.00725	0.01001	0.01339	0.05823	0.78553	0.03451	0.01585	0.00653	0.00207	0.00295	0.01438	0.00480	0.00419
3	0.01064	0.00912	0.01064	0.00760	0.01216	0.00684	0.00608	0.01292	0.01064	0.01672	0.00912	0.01064	0.00760	0.00380	0.00380	0.00076	0.00380	0.00304	0.00304	0.85104
4	0.01189	0.06810	0.42439	0.01567	0.06913	0.01280	0.13566	0.04886	0.11622	0.03159	0.01122	0.01259	0.00827	0.00510	0.00504	0.00162	0.00692	0.00447	0.00287	0.00759
5	0.00714	0.00524	0.00668	0.00632	0.00759	0.00479	0.00474	0.00944	0.01423	0.01987	0.70795	0.03949	0.12586	0.01075	0.00605	0.00163	0.00244	0.00944	0.00556	0.00479
6	0.01821	0.01478	0.01393	0.01115	0.01466	0.13937	0.00901	0.55597	0.02092	0.02753	0.01217	0.01268	0.00894	0.00600	0.00486	0.00146	0.00581	0.00443	0.11033	0.00779
7	0.01503	0.01339	0.13722	0.01212	0.05888	0.01164	0.01043	0.24511	0.15809	0.13161	0.05822	0.01998	0.03161	0.00707	0.00534	0.00167	0.00519	0.06496	0.00469	0.00777
8	0.01830	0.15172	0.01651	0.01251	0.01543	0.67493	0.00973	0.01967	0.01388	0.01248	0.00780	0.00909	0.00661	0.00514	0.00441	0.00129	0.00865	0.00322	0.00257	0.00605
9	0.01029	0.02654	0.79309	0.01462	0.02221	0.01192	0.01896	0.01625	0.01083	0.01625	0.00921	0.01083	0.00650	0.00487	0.00487	0.00162	0.00758	0.00379	0.00217	0.00758
10	0.00606	0.00520	0.00520	0.00520	0.00693	0.00433	0.00390	0.00736	0.01170	0.01386	0.05198	0.04938	0.78558	0.01299	0.00606	0.00173	0.00260	0.01083	0.00476	0.00433
11	0.01736	0.06320	0.01622	0.08566	0.09471	0.29390	0.01073	0.30310	0.03160	0.02066	0.01007	0.01128	0.00775	0.00551	0.00484	0.00145	0.00704	0.00406	0.00357	0.00727
12	0.02161	0.05488	0.01254	0.00913	0.01296	0.00817	0.00766	0.02360	0.01427	0.70068	0.01991	0.01935	0.01336	0.00671	0.00517	0.00161	0.00445	0.04958	0.00602	0.00837
13	0.00745	0.00535	0.00731	0.00845	0.00933	0.00521	0.00682	0.00924	0.01108	0.01448	0.02851	0.33442	0.05956	0.01482	0.00685	0.00224	0.00401	0.45563	0.00474	0.00451
14	0.00719	0.00524	0.00676	0.00638	0.00762	0.00481	0.00479	0.00955	0.01436	0.02019	0.74326	0.03896	0.09035	0.01063	0.00605	0.00162	0.00243	0.00937	0.00560	0.00481
15	0.02130	0.08321	0.06750	0.00948	0.01374	0.00899	0.00845	0.02353	0.01404	0.66730	0.01830	0.01617	0.01172	0.00607	0.00497	0.00155	0.00469	0.00485	0.00569	0.00846
16	0.01193	0.01258	0.07028	0.18232	0.56167	0.01205	0.04397	0.01529	0.01136	0.01600	0.00955	0.01281	0.00776	0.00469	0.00511	0.00157	0.00643	0.00457	0.00247	0.00757
17	0.01060	0.01273	0.14085	0.46995	0.23787	0.01170	0.01541	0.01433	0.01074	0.01460	0.00928	0.01296	0.00714	0.00494	0.00508	0.00165	0.00676	0.00444	0.00233	0.00666
18	0.02210	0.00894	0.01188	0.00925	0.01312	0.00801	0.00759	0.02521	0.08340	0.72196	0.02030	0.01762	0.01297	0.00641	0.00517	0.00160	0.00434	0.00522	0.00625	0.00868
19	0.02107	0.01108	0.01199	0.00965	0.01319	0.13371	0.00776	0.02336	0.03809	0.59341	0.06798	0.01756	0.01414	0.00647	0.00513	0.00155	0.00501	0.00515	0.00568	0.00802
20	0.01188	0.01293	0.09223	0.18410	0.56631	0.01201	0.01575	0.01527	0.01132	0.01599	0.00950	0.01272	0.00772	0.00471	0.00507	0.00157	0.00638	0.00450	0.00245	0.00759
21	0.00726	0.00548	0.00693	0.00771	0.00897	0.00515	0.00634	0.00908	0.01152	0.01456	0.03573	0.15120	0.28678	0.01402	0.00667	0.00211	0.00378	0.40743	0.00474	0.00452
22	0.01404	0.01029	0.13460	0.00954	0.02600	0.00741	0.00866	0.03156	0.01392	0.30692	0.28643	0.02679	0.02542	0.00816	0.00558	0.00166	0.00428	0.06667	0.00522	0.00685
23	0.01085	0.05334	0.50318	0.01411	0.06246	0.09176	0.02533	0.01517	0.01110	0.01524	0.01208	0.13912	0.01100	0.00666	0.00508	0.00164	0.00687	0.00550	0.00266	0.00685
24	0.01826	0.01128	0.01281	0.13711	0.01698	0.10612	0.00902	0.09193	0.08877	0.38503	0.05713	0.01665	0.01284	0.00629	0.00514	0.00159	0.00534	0.00507	0.00499	0.00764
25	0.03428	0.01046	0.01347	0.01421	0.18013	0.01085	0.00936	0.21509	0.10717	0.13569	0.17882	0.02031	0.01880	0.00699	0.00532	0.00160	0.00462	0.02047	0.00482	0.00755
26	0.03403	0.02747	0.05888	0.15280	0.12318	0.13751	0.02762	0.08053	0.10742	0.03712	0.01380	0.02011	0.01196	0.00688	0.00549	0.00170	0.01955	0.12378	0.00349	0.00669
27	0.01286	0.01378	0.05145	0.02777	0.55694	0.05741	0.17172	0.01618	0.01190	0.01644	0.00969	0.01267	0.00791	0.00457	0.00525	0.00156	0.00686	0.00478	0.00254	0.00773
28	0.01018	0.00633	0.00858	0.00799	0.00899	0.00690	0.00593	0.01135	0.00908	0.13564	0.01568	0.06695	0.01521	0.27167	0.31574	0.00527	0.08369	0.00646	0.00350	0.00486
29	0.00986	0.05456	0.14903	0.00907	0.01164	0.00828	0.00814	0.04510	0.10716	0.05353	0.02021	0.36014	0.02089	0.05645	0.00671	0.00196	0.00435	0.00898	0.04783	0.01609
30	0.08892	0.03873	0.29543	0.10353	0.12245	0.14107	0.02682	0.02972	0.04890	0.04356	0.00984	0.01156	0.00741	0.00507	0.00475	0.00156	0.00690	0.00398	0.00275	0.00705
31	0.01305	0.07942	0.22784	0.11879	0.08530	0.02840	0.01263	0.18898	0.01390	0.01927	0.00975	0.01144	0.00740	0.00496	0.00466	0.00140	0.00610	0.00392	0.00307	0.15972
32	0.01062	0.03860	0.26706	0.01072	0.01447	0.00974	0.02711	0.01480	0.07455	0.07975	0.07263	0.03074	0.11036	0.03031	0.06198	0.00225	0.07828	0.03231	0.02737	0.00636
33	0.01330	0.01523	0.24575	0.01236	0.01678	0.03108	0.09144	0.02840	0.11200	0.16448	0.04615	0.01703	0.05999	0.00646	0.00625	0.00166	0.07817	0.00524	0.00381	0.04442
34	0.01295	0.01652	0.28866	0.01352	0.03468	0.03125	0.13331	0.10211	0.04758	0.10704	0.04577	0.04109	0.06475	0.00630	0.00529	0.00162	0.00622	0.00551	0.00363	0.03219

[dist]
# distance from previous block
# <min> <max>
9	22

[block]
# block no. 8 follows, 48 sequences, length 7
# corresponding to MSA columns:
# 420-426
name=unknown_I
#
# <colnr> <probs for GDERKNQSTAVLIFYWHMCP>
#	G	D	E	R	K	N	Q	S	T	A	V	L	I	F	Y	W	H	M	C	P
0	0.01232	0.05836	0.01467	0.01102	0.01418	0.01006	0.13354	0.06993	0.10977	0.10006	0.01736	0.13488	0.04824	0.00855	0.02926	0.00179	0.04621	0.02721	0.00403	0.14857
1	0.04635	0.01074	0.08646	0.04377	0.01544	0.00943	0.10212	0.03376	0.01174	0.24856	0.01583	0.06422	0.04382	0.01020	0.09073	0.00236	0.08689	0.00563	0.00399	0.06797
2	0.01143	0.01424	0.14208	0.07654	0.02196	0.01245	0.33484	0.04388	0.01119	0.01587	0.00960	0.01288	0.00759	0.00693	0.04524	0.00202	0.14653	0.00499	0.00259	0.07715
3	0.06441	0.01095	0.05164	0.01473	0.16737	0.01032	0.06793	0.04944	0.08010	0.16898	0.04627	0.05463	0.03402	0.00649	0.00595	0.00160	0.06496	0.00546	0.00398	0.09077
4	0.01324	0.06882	0.11008	0.21135	0.02194	0.06449	0.12389	0.11000	0.04197	0.06919	0.01100	0.01361	0.00843	0.03993	0.00588	0.00168	0.00654	0.00459	0.00317	0.07021
5	0.01334	0.10039	0.07819	0.01194	0.01556	0.04455	0.13775	0.05876	0.08781	0.12511	0.03461	0.01524	0.01100	0.01138	0.14475	0.00271	0.03905	0.00491	0.00357	0.05935
6	0.07149	0.14171	0.08869	0.04690	0.06307	0.09432	0.10625	0.01715	0.04040	0.11907	0.01053	0.01220	0.00815	0.00642	0.02813	0.00175	0.10221	0.00424	0.00310	0.03421

[dist]
# distance from previous block
# <min> <max>
0	3

[block]
# block no. 9 follows, 48 sequences, length 14
# corresponding to MSA columns:
# 430-443
name=unknown_J
#
# <colnr> <probs for GDERKNQSTAVLIFYWHMCP>
#	G	D	E	R	K	N	Q	S	T	A	V	L	I	F	Y	W	H	M	C	P
0	0.00992	0.07051	0.01616	0.01216	0.01475	0.00902	0.25406	0.03353	0.01152	0.04641	0.05491	0.33145	0.07614	0.01007	0.00621	0.00182	0.02230	0.00952	0.00392	0.00563
1	0.01170	0.10940	0.01017	0.00781	0.00958	0.00715	0.00593	0.01293	0.01108	0.21892	0.02290	0.46569	0.02413	0.04954	0.00668	0.00196	0.00376	0.01026	0.00478	0.00563
2	0.01700	0.27181	0.01817	0.01113	0.01458	0.33368	0.00924	0.11384	0.04032	0.06076	0.00941	0.01024	0.00757	0.00528	0.00463	0.00131	0.02871	0.00351	0.00312	0.03568
3	0.01330	0.01536	0.22151	0.04807	0.07447	0.04274	0.09237	0.10499	0.05901	0.09851	0.01379	0.01866	0.01122	0.00636	0.00530	0.00165	0.00624	0.09945	0.00361	0.06342
4	0.01194	0.03546	0.38473	0.08117	0.02060	0.03069	0.07183	0.04954	0.21042	0.03418	0.01260	0.01357	0.00923	0.00548	0.00505	0.00165	0.00654	0.00458	0.00322	0.00752
5	0.02302	0.00873	0.01191	0.00913	0.01310	0.00754	0.00754	0.02501	0.01469	0.79122	0.02024	0.01746	0.01270	0.00635	0.00516	0.00159	0.00437	0.00516	0.00635	0.00873
6	0.00732	0.00545	0.00701	0.00790	0.00889	0.00528	0.00616	0.00950	0.04748	0.01450	0.03120	0.36208	0.14893	0.01442	0.00662	0.00212	0.00365	0.30213	0.00477	0.00460
7	0.01508	0.23287	0.02304	0.01719	0.17428	0.01450	0.20801	0.11894	0.01352	0.11807	0.01089	0.01235	0.00829	0.00490	0.00487	0.00147	0.00631	0.00454	0.00331	0.00755
8	0.02272	0.00921	0.01220	0.00936	0.01334	0.00825	0.00773	0.08847	0.01549	0.72662	0.01957	0.01703	0.01236	0.00633	0.00516	0.00158	0.00448	0.00511	0.00625	0.00873
9	0.00625	0.00447	0.00595	0.00714	0.00744	0.00417	0.00476	0.00714	0.00982	0.01310	0.02828	0.81633	0.03394	0.01608	0.00655	0.00208	0.00298	0.01459	0.00476	0.00417
10	0.01184	0.00652	0.00812	0.00709	0.00933	0.00585	0.00553	0.01437	0.04773	0.24623	0.33125	0.03425	0.23168	0.00978	0.00576	0.00164	0.00311	0.00832	0.00560	0.00600
11	0.85592	0.00992	0.00754	0.00675	0.00992	0.01151	0.00556	0.01508	0.00873	0.02302	0.00714	0.00834	0.00556	0.00476	0.00318	0.00159	0.00397	0.00278	0.00318	0.00556
12	0.30289	0.01226	0.01420	0.01543	0.22372	0.01340	0.00995	0.30768	0.01549	0.02493	0.00983	0.01106	0.00748	0.00525	0.00445	0.00155	0.00520	0.00398	0.00376	0.00748
13	0.01819	0.01921	0.01454	0.04634	0.01644	0.43578	0.00986	0.25702	0.09816	0.01975	0.01073	0.01145	0.00824	0.00573	0.00487	0.00145	0.00747	0.00404	0.00368	0.00704

[dist]
# distance from previous block
# <min> <max>
9	12

[block]
# block no. 10 follows, 48 sequences, length 40
# corresponding to MSA columns:
# 456-495
name=unknown_K
#
# <colnr> <probs for GDERKNQSTAVLIFYWHMCP>
#	G	D	E	R	K	N	Q	S	T	A	V	L	I	F	Y	W	H	M	C	P
0	0.01321	0.20244	0.02787	0.01778	0.02252	0.09573	0.51453	0.01661	0.01197	0.01502	0.00938	0.01207	0.00739	0.00444	0.00527	0.00154	0.00798	0.00500	0.00251	0.00674
1	0.00673	0.00509	0.00625	0.00651	0.00765	0.00461	0.00484	0.00842	0.01224	0.01618	0.30320	0.23879	0.26821	0.01299	0.00627	0.00184	0.00282	0.07778	0.00507	0.00451
2	0.00695	0.00571	0.00619	0.00603	0.00770	0.00520	0.00453	0.00969	0.08104	0.01609	0.22055	0.06965	0.51836	0.01197	0.00600	0.00172	0.00270	0.01014	0.00501	0.00479
3	0.01306	0.66879	0.17505	0.00991	0.01492	0.01868	0.01075	0.01554	0.01050	0.01288	0.00753	0.00873	0.00657	0.00448	0.00360	0.00120	0.00589	0.00295	0.00219	0.00678
4	0.00610	0.00507	0.00533	0.00554	0.00702	0.00430	0.00405	0.00732	0.01136	0.01373	0.04777	0.18574	0.65195	0.01354	0.00615	0.00180	0.00267	0.01150	0.00476	0.00430
5	0.01626	0.01296	0.01324	0.01091	0.01426	0.06374	0.00873	0.38887	0.27444	0.04593	0.08236	0.01680	0.01447	0.00675	0.00521	0.00160	0.00503	0.00535	0.00508	0.00801
6	0.28005	0.12602	0.01455	0.00980	0.01366	0.01515	0.00831	0.42889	0.01740	0.02659	0.00998	0.01050	0.00744	0.00548	0.00426	0.00149	0.00510	0.00378	0.00411	0.00744
7	0.01850	0.06124	0.10162	0.01160	0.01596	0.06448	0.06504	0.19322	0.06851	0.32462	0.01494	0.01431	0.01018	0.00585	0.00505	0.00156	0.00570	0.00473	0.00477	0.00812
8	0.01263	0.38225	0.11687	0.01499	0.02009	0.01618	0.33751	0.01593	0.01120	0.01443	0.00877	0.01095	0.00709	0.00442	0.00467	0.00143	0.00709	0.00429	0.00236	0.00684
9	0.00685	0.00523	0.00629	0.00603	0.00741	0.00467	0.00452	0.00889	0.01356	0.01829	0.53495	0.04210	0.29986	0.01134	0.00606	0.00165	0.00248	0.00981	0.00535	0.00467
10	0.00694	0.00504	0.00675	0.00737	0.00806	0.00485	0.00539	0.00852	0.01152	0.01573	0.26511	0.45414	0.03732	0.01392	0.00668	0.00198	0.01997	0.11124	0.00498	0.00448
11	0.01064	0.00912	0.01064	0.00760	0.01216	0.00684	0.00608	0.01292	0.01064	0.01672	0.00912	0.01064	0.00760	0.00380	0.00380	0.00076	0.00380	0.00304	0.00304	0.85104
12	0.01676	0.33260	0.01948	0.01084	0.01467	0.18555	0.00931	0.26856	0.06291	0.01950	0.00987	0.01048	0.00786	0.00533	0.00431	0.00133	0.00626	0.00368	0.00345	0.00726
13	0.01095	0.01040	0.01766	0.48319	0.34966	0.01173	0.01488	0.01421	0.01085	0.01464	0.00934	0.01327	0.00738	0.00490	0.00511	0.00163	0.00653	0.00456	0.00239	0.00671
14	0.01110	0.21355	0.61313	0.01325	0.02008	0.01389	0.01657	0.01604	0.01074	0.01527	0.00872	0.01022	0.00652	0.00476	0.00450	0.00150	0.00709	0.00355	0.00217	0.00735
15	0.01137	0.27638	0.55267	0.01279	0.01937	0.01455	0.01576	0.01597	0.01071	0.01494	0.00856	0.01002	0.00653	0.00472	0.00438	0.00146	0.00693	0.00346	0.00218	0.00727
16	0.00846	0.00462	0.00634	0.00634	0.00634	0.00462	0.00403	0.00693	0.00693	0.00924	0.01119	0.02124	0.01197	0.26943	0.02196	0.58534	0.00462	0.00540	0.00250	0.00250
17	0.00792	0.00588	0.00841	0.01028	0.06616	0.00578	0.00764	0.00984	0.01114	0.01470	0.02626	0.30864	0.02945	0.01411	0.00676	0.00221	0.00424	0.45122	0.00458	0.00479
18	0.00969	0.00912	0.01539	0.80734	0.03534	0.01140	0.01425	0.01311	0.01026	0.01311	0.00912	0.01368	0.00684	0.00513	0.00513	0.00171	0.00684	0.00456	0.00228	0.00570
19	0.01251	0.01122	0.01447	0.26362	0.12880	0.03367	0.01129	0.08121	0.34853	0.01883	0.01458	0.01571	0.01104	0.00594	0.00515	0.00167	0.00549	0.00508	0.00385	0.00735
20	0.01866	0.01074	0.01711	0.01413	0.07999	0.01012	0.18491	0.07238	0.07010	0.44123	0.01660	0.01601	0.01114	0.00577	0.00536	0.00162	0.00556	0.00533	0.00500	0.00822
