[name]
unknown

[dist]
# distance from previous block
# <min> <max>
0	43

[block]
# block no. 0 follows, 42 sequences, length 18
# corresponding to MSA columns:
# 43-60
name=unknown_A
#
# <colnr> <probs for GDERKNQSTAVLIFYWHMCP>
#	G	D	E	R	K	N	Q	S	T	A	V	L	I	F	Y	W	H	M	C	P
0	0.00771	0.00580	0.00636	0.00639	0.00815	0.00497	0.00477	0.00921	0.01289	0.05219	0.09313	0.15475	0.56896	0.01423	0.00670	0.00195	0.00304	0.02842	0.00537	0.00500
1	0.01024	0.00871	0.01330	0.01754	0.27069	0.00907	0.01005	0.01232	0.01177	0.01685	0.08455	0.32233	0.02403	0.01112	0.00755	0.00198	0.08864	0.00975	0.06314	0.00635
2	0.00805	0.00540	0.00618	0.00630	0.00634	0.00537	0.00359	0.00815	0.00844	0.01125	0.01903	0.11099	0.02209	0.72584	0.02655	0.00515	0.00524	0.00894	0.00359	0.00352
3	0.01021	0.00811	0.01007	0.04204	0.04346	0.00841	0.00767	0.05254	0.16610	0.02093	0.29723	0.07406	0.11175	0.01112	0.00650	0.00195	0.00398	0.11207	0.00548	0.00634
4	0.01698	0.19294	0.02120	0.01483	0.03347	0.32896	0.08910	0.04880	0.01355	0.01505	0.00876	0.01110	0.00754	0.00632	0.00768	0.00166	0.16820	0.00416	0.00281	0.00689
5	0.00754	0.00549	0.00722	0.00821	0.00906	0.00517	0.00616	0.00916	0.01208	0.01592	0.10488	0.44702	0.11639	0.01611	0.00723	0.00228	0.00367	0.20627	0.00531	0.00483
6	0.01494	0.01426	0.02087	0.02207	0.28598	0.06882	0.16453	0.15552	0.04973	0.02113	0.01623	0.01800	0.08279	0.00634	0.00584	0.00171	0.00687	0.00594	0.00373	0.03471
7	0.01525	0.01271	0.01343	0.01171	0.01511	0.01458	0.00921	0.15117	0.63365	0.02555	0.02132	0.01973	0.01589	0.00749	0.00571	0.00187	0.00475	0.00614	0.00571	0.00902
8	0.15581	0.01180	0.01626	0.10275	0.31640	0.03013	0.01231	0.06780	0.02713	0.09609	0.01357	0.05379	0.01155	0.02265	0.00586	0.00186	0.00594	0.03679	0.00378	0.00772
9	0.01968	0.01350	0.01671	0.01373	0.04002	0.12484	0.12368	0.07948	0.08528	0.33382	0.04116	0.05315	0.01420	0.00706	0.00583	0.00176	0.00631	0.00612	0.00527	0.00837
10	0.01081	0.01513	0.22965	0.01703	0.21439	0.03578	0.01298	0.01459	0.01366	0.01911	0.25716	0.02607	0.09410	0.00810	0.00594	0.00175	0.00561	0.00703	0.00400	0.00711
11	0.01741	0.01399	0.01489	0.01300	0.04677	0.05372	0.00994	0.41203	0.18624	0.02787	0.01725	0.11160	0.01448	0.00824	0.00611	0.00182	0.02419	0.00662	0.00527	0.00854
12	0.00856	0.00645	0.00892	0.00857	0.00938	0.00709	0.02809	0.01041	0.03998	0.01288	0.01666	0.05348	0.01709	0.32760	0.39447	0.00678	0.02838	0.00719	0.00333	0.00466
13	0.00809	0.00583	0.00804	0.00804	0.00870	0.00649	0.00578	0.00941	0.00875	0.01232	0.01599	0.02719	0.01627	0.30449	0.52065	0.00781	0.01175	0.00677	0.00315	0.00447
14	0.01244	0.01142	0.01674	0.25853	0.27247	0.03669	0.01336	0.05552	0.09952	0.01789	0.01512	0.13717	0.01383	0.00759	0.00584	0.00185	0.00623	0.00684	0.00358	0.00737
15	0.02227	0.00919	0.01217	0.00943	0.01357	0.00784	0.00773	0.02439	0.01543	0.63535	0.02503	0.02235	0.09378	0.00754	0.00566	0.00169	0.00454	0.00615	0.00651	0.06937
16	0.01376	0.39902	0.31151	0.01246	0.01837	0.04959	0.01388	0.01873	0.08438	0.01602	0.01020	0.01133	0.00816	0.00533	0.00454	0.00150	0.00692	0.00380	0.00274	0.00778
17	0.12086	0.01586	0.08741	0.01196	0.01589	0.09610	0.01025	0.22533	0.27316	0.02506	0.01599	0.05094	0.01254	0.00712	0.00538	0.00178	0.00586	0.00552	0.00476	0.00823

[dist]
# distance from previous block
# <min> <max>
0	1

[block]
# block no. 1 follows, 42 sequences, length 23
# corresponding to MSA columns:
# 62-84
name=unknown_B
#
# <colnr> <probs for GDERKNQSTAVLIFYWHMCP>
#	G	D	E	R	K	N	Q	S	T	A	V	L	I	F	Y	W	H	M	C	P
0	0.09570	0.01462	0.13908	0.01273	0.01757	0.01203	0.08951	0.15833	0.03920	0.26183	0.04906	0.01625	0.01225	0.00646	0.00577	0.00175	0.02222	0.00530	0.00491	0.03543
1	0.01525	0.01316	0.01386	0.05944	0.01632	0.10612	0.03741	0.14240	0.29827	0.06084	0.11505	0.06159	0.01934	0.00803	0.00585	0.00181	0.00554	0.00671	0.00515	0.00785
2	0.84197	0.01088	0.00827	0.00740	0.01088	0.01262	0.00609	0.01654	0.00958	0.02525	0.00784	0.00914	0.00609	0.00522	0.00348	0.00174	0.00435	0.00305	0.00348	0.00609
3	0.01121	0.11017	0.03544	0.00978	0.01153	0.18230	0.00752	0.01258	0.01210	0.01422	0.02295	0.48268	0.04032	0.01291	0.00619	0.00194	0.00531	0.01113	0.00426	0.00546
4	0.45814	0.01242	0.01258	0.01046	0.01388	0.04138	0.05581	0.17600	0.01364	0.02485	0.01000	0.01191	0.00787	0.00927	0.07813	0.00245	0.04643	0.00412	0.00379	0.00687
5	0.00955	0.00625	0.00733	0.00686	0.00889	0.00544	0.00530	0.01148	0.01416	0.11558	0.25620	0.04650	0.42936	0.01257	0.00657	0.00187	0.00315	0.04165	0.00573	0.00556
6	0.05454	0.01336	0.01578	0.11324	0.03443	0.01443	0.01073	0.44372	0.02115	0.19962	0.01474	0.01482	0.01014	0.00656	0.00555	0.00173	0.00598	0.00511	0.00538	0.00898
7	0.01524	0.01137	0.05586	0.00925	0.01215	0.10798	0.02895	0.04823	0.04263	0.17040	0.05469	0.02064	0.04706	0.00704	0.00498	0.00155	0.00480	0.00565	0.34471	0.00683
8	0.00755	0.00546	0.00649	0.00689	0.00757	0.00517	0.00464	0.00848	0.01064	0.01384	0.07168	0.24388	0.18753	0.31165	0.03190	0.00353	0.00435	0.05994	0.00455	0.00427
9	0.02171	0.01032	0.01287	0.01035	0.01431	0.01001	0.00839	0.05181	0.21255	0.52650	0.02198	0.01951	0.01466	0.00712	0.00563	0.00177	0.00468	0.00581	0.03073	0.00927
10	0.80475	0.01110	0.00866	0.00765	0.01118	0.01284	0.00630	0.04974	0.01034	0.02571	0.00809	0.00934	0.00625	0.00529	0.00358	0.00174	0.00444	0.00314	0.00358	0.00625
11	0.01231	0.01231	0.01724	0.01477	0.01477	0.01724	0.01231	0.01354	0.00862	0.01354	0.00739	0.01231	0.00739	0.00985	0.01847	0.00246	0.79192	0.00492	0.00246	0.00616
12	0.01644	0.01873	0.01704	0.06748	0.25749	0.38663	0.01238	0.01852	0.01368	0.01499	0.01046	0.01459	0.00928	0.08153	0.03546	0.00220	0.00861	0.00467	0.00289	0.00693
13	0.01194	0.00992	0.01406	0.36812	0.04664	0.01135	0.01162	0.15377	0.03781	0.01942	0.06181	0.14755	0.04026	0.00881	0.00605	0.00192	0.00592	0.03235	0.00405	0.00663
14	0.00792	0.00538	0.00639	0.00664	0.00676	0.00538	0.00397	0.00823	0.00873	0.01170	0.02011	0.18166	0.02328	0.60665	0.06949	0.00506	0.00561	0.00955	0.00373	0.00373
15	0.01311	0.01079	0.01348	0.00973	0.01471	0.00878	0.05252	0.07666	0.01318	0.04858	0.01085	0.01233	0.00867	0.00453	0.00450	0.00101	0.00469	0.00377	0.00364	0.68449
16	0.00711	0.00541	0.00660	0.00739	0.00843	0.00491	0.00540	0.00851	0.01194	0.01525	0.06376	0.41857	0.29117	0.01598	0.00706	0.00217	0.00335	0.10701	0.00525	0.00474
17	0.00793	0.00543	0.00635	0.00646	0.00674	0.00530	0.00391	0.00845	0.00966	0.01299	0.11634	0.13460	0.05243	0.57440	0.02235	0.00446	0.00473	0.00956	0.00406	0.00385
18	0.10840	0.00971	0.01257	0.00975	0.01401	0.00871	0.00805	0.02632	0.01544	0.69509	0.02074	0.01814	0.01313	0.00679	0.00544	0.00174	0.00474	0.00539	0.00661	0.00922
19	0.00808	0.00550	0.00654	0.00662	0.00677	0.00561	0.00399	0.00840	0.00845	0.01140	0.01820	0.08170	0.02066	0.65533	0.12490	0.00573	0.00657	0.00838	0.00347	0.00369
20	0.02364	0.01148	0.01416	0.01093	0.01527	0.01118	0.00900	0.23683	0.05121	0.52509	0.01971	0.01760	0.01281	0.00693	0.00565	0.00173	0.00518	0.00552	0.00652	0.00955
21	0.01129	0.02911	0.77306	0.01604	0.02436	0.01307	0.02079	0.01782	0.01188	0.01782	0.01010	0.01188	0.00713	0.00535	0.00535	0.00178	0.00832	0.00416	0.00238	0.00832
22	0.01412	0.01066	0.01322	0.13777	0.01751	0.03485	0.03449	0.14723	0.14576	0.09563	0.21090	0.02442	0.02288	0.05673	0.00734	0.00202	0.00524	0.00687	0.00510	0.00726

[dist]
# distance from previous block
# <min> <max>
0	2

[block]
# block no. 2 follows, 42 sequences, length 20
# corresponding to MSA columns:
# 87-106
name=unknown_C
#
# <colnr> <probs for GDERKNQSTAVLIFYWHMCP>
#	G	D	E	R	K	N	Q	S	T	A	V	L	I	F	Y	W	H	M	C	P
0	0.01394	0.01451	0.01609	0.37727	0.06495	0.19890	0.01310	0.04880	0.06722	0.01602	0.01195	0.04530	0.01006	0.00679	0.00637	0.00182	0.05382	0.02325	0.00315	0.00669
1	0.01307	0.01045	0.01215	0.00878	0.01371	0.00834	0.00707	0.07394	0.01306	0.05384	0.01084	0.01216	0.00869	0.00450	0.00435	0.00094	0.00436	0.00358	0.00368	0.73248
2	0.01633	0.01548	0.01735	0.27069	0.05864	0.18413	0.05121	0.15884	0.06370	0.05813	0.01184	0.01409	0.00891	0.00618	0.00610	0.00176	0.04058	0.00491	0.00366	0.00748
3	0.00673	0.00567	0.00583	0.00586	0.00767	0.00477	0.00437	0.00820	0.01290	0.01555	0.09229	0.08445	0.69801	0.01425	0.00667	0.00191	0.00286	0.01196	0.00528	0.00477
4	0.00873	0.00698	0.00942	0.00918	0.00954	0.00821	0.00674	0.00981	0.00945	0.01333	0.04916	0.21939	0.02167	0.22532	0.18883	0.00465	0.18214	0.00902	0.00368	0.00475
5	0.00696	0.00554	0.00625	0.00643	0.00788	0.00483	0.00469	0.00854	0.01303	0.01653	0.19582	0.20877	0.46606	0.01440	0.00676	0.00196	0.00290	0.01240	0.00542	0.00483
6	0.00809	0.00649	0.00928	0.00846	0.01017	0.00635	0.05943	0.01034	0.01252	0.01706	0.24400	0.03643	0.23777	0.02144	0.25381	0.00413	0.00718	0.00891	0.03292	0.00522
7	0.01600	0.01327	0.01932	0.22445	0.15514	0.01449	0.09441	0.27036	0.06505	0.05243	0.01277	0.01486	0.00945	0.00599	0.00574	0.00177	0.00683	0.00532	0.00405	0.00831
8	0.00804	0.00603	0.00904	0.00904	0.01005	0.00703	0.00703	0.01005	0.00904	0.01306	0.01507	0.02211	0.01407	0.04221	0.77992	0.00904	0.01507	0.00603	0.00301	0.00502
9	0.01167	0.01000	0.01167	0.00834	0.01334	0.00750	0.00667	0.01417	0.01167	0.01834	0.01000	0.01167	0.00834	0.00417	0.00417	0.00083	0.00417	0.00333	0.00333	0.83663
10	0.07657	0.39734	0.15462	0.01150	0.01679	0.01653	0.05471	0.01930	0.01247	0.17510	0.01147	0.01204	0.00862	0.00539	0.00452	0.00150	0.00624	0.00399	0.00347	0.00785
11	0.01104	0.01023	0.00975	0.00967	0.01081	0.15940	0.02806	0.01230	0.01146	0.01368	0.02028	0.09419	0.02223	0.33284	0.01564	0.00349	0.00626	0.21998	0.00395	0.00475
12	0.01632	0.01397	0.06868	0.01179	0.01523	0.07455	0.00996	0.12551	0.27945	0.13926	0.07505	0.02003	0.04024	0.00779	0.00683	0.00184	0.07406	0.00603	0.00517	0.00822
13	0.01188	0.01096	0.01779	0.13602	0.38466	0.01129	0.04475	0.01604	0.06737	0.01892	0.17223	0.02213	0.04766	0.00701	0.00590	0.00176	0.00577	0.00653	0.00377	0.00755
14	0.00747	0.00539	0.00665	0.00707	0.00766	0.00525	0.00472	0.00841	0.01023	0.01354	0.06172	0.29430	0.14086	0.28124	0.11601	0.00415	0.00546	0.01119	0.00437	0.00431
15	0.01838	0.01302	0.01365	0.01114	0.01455	0.06073	0.00888	0.39820	0.06373	0.11966	0.01664	0.06744	0.01338	0.05739	0.03522	0.00220	0.00599	0.00607	0.06557	0.00816
16	0.01076	0.00906	0.01197	0.06655	0.01439	0.00938	0.07182	0.07675	0.17570	0.02122	0.26451	0.05202	0.17286	0.00994	0.00630	0.00185	0.00434	0.00872	0.00527	0.00658
17	0.00706	0.00520	0.00626	0.00700	0.00764	0.00478	0.00465	0.00796	0.01077	0.01390	0.03467	0.47538	0.20749	0.16689	0.01116	0.00280	0.00359	0.01352	0.00488	0.00439
18	0.01222	0.03526	0.28305	0.06404	0.04568	0.01201	0.06684	0.04380	0.10428	0.01895	0.01268	0.03193	0.00995	0.00584	0.00552	0.00161	0.02426	0.00488	0.04596	0.17123
19	0.22224	0.01174	0.01207	0.00955	0.01363	0.01207	0.00776	0.23117	0.07243	0.05394	0.01247	0.01317	0.00942	0.00571	0.00458	0.00146	0.00475	0.00421	0.05799	0.23963

[dist]
# distance from previous block
# <min> <max>
0	27

[block]
# block no. 3 follows, 42 sequences, length 88
# corresponding to MSA columns:
# 134-221
name=unknown_D
#
# <colnr> <probs for GDERKNQSTAVLIFYWHMCP>
#	G	D	E	R	K	N	Q	S	T	A	V	L	I	F	Y	W	H	M	C	P
0	0.01117	0.01371	0.20606	0.01172	0.03317	0.03964	0.04201	0.03406	0.01390	0.07070	0.19888	0.09648	0.10199	0.01008	0.00630	0.00191	0.00540	0.09163	0.00460	0.00659
1	0.00895	0.00644	0.00792	0.05407	0.01048	0.00645	0.00601	0.03426	0.05352	0.01943	0.26899	0.16331	0.13501	0.01253	0.03403	0.00208	0.00376	0.02045	0.14684	0.00547
2	0.01772	0.01440	0.01476	0.01290	0.05348	0.08329	0.00980	0.42270	0.11688	0.03902	0.01974	0.06489	0.08891	0.00811	0.00579	0.00175	0.00581	0.00645	0.00521	0.00839
3	0.00856	0.00670	0.00856	0.00854	0.00936	0.03773	0.00628	0.01004	0.00917	0.01262	0.01593	0.04853	0.01601	0.21997	0.54748	0.00768	0.01224	0.00674	0.00317	0.00469
4	0.01171	0.00966	0.01061	0.00990	0.02731	0.02474	0.00743	0.08628	0.30594	0.02250	0.24467	0.07222	0.12378	0.00999	0.00617	0.00185	0.00397	0.00851	0.00565	0.00710
5	0.06496	0.41438	0.04008	0.01004	0.01416	0.01622	0.00937	0.07597	0.01332	0.13648	0.01354	0.01805	0.01167	0.00860	0.04636	0.00196	0.00619	0.08746	0.00380	0.00739
6	0.00701	0.00548	0.00640	0.00705	0.00828	0.00488	0.00519	0.00839	0.01206	0.01507	0.04396	0.33999	0.40285	0.01569	0.00698	0.00213	0.00328	0.09537	0.00522	0.00473
7	0.01250	0.00859	0.01307	0.41801	0.04285	0.00965	0.01114	0.01556	0.01226	0.12880	0.03451	0.05693	0.03222	0.00696	0.00542	0.00175	0.00564	0.00600	0.17170	0.00646
8	0.00818	0.00546	0.00614	0.00614	0.00614	0.00546	0.00341	0.00818	0.00818	0.01091	0.01773	0.03683	0.02046	0.80222	0.02864	0.00546	0.00546	0.00818	0.00341	0.00341
9	0.02025	0.01559	0.01622	0.01277	0.01702	0.04383	0.01043	0.61293	0.13773	0.03288	0.01478	0.01454	0.01065	0.00686	0.00562	0.00171	0.00607	0.00521	0.00555	0.00936
10	0.01240	0.05711	0.67037	0.01565	0.02330	0.09001	0.01940	0.01825	0.01227	0.01725	0.00988	0.01160	0.00714	0.00537	0.00526	0.00173	0.00842	0.00406	0.00243	0.00810
11	0.04814	0.00971	0.01027	0.00962	0.01146	0.05996	0.00719	0.13052	0.12426	0.01910	0.04164	0.20705	0.02047	0.11053	0.16028	0.00374	0.00696	0.00840	0.00452	0.00618
12	0.01372	0.53269	0.29084	0.01188	0.01793	0.01903	0.01355	0.01719	0.01159	0.01485	0.00862	0.01003	0.00719	0.00500	0.00422	0.00141	0.00683	0.00341	0.00240	0.00761
13	0.00808	0.00656	0.00975	0.00979	0.01065	0.00682	0.05617	0.00958	0.01082	0.01463	0.02684	0.50981	0.05892	0.01813	0.08363	0.00294	0.08009	0.06720	0.00458	0.00502
14	0.00685	0.00492	0.00651	0.00778	0.00815	0.00458	0.00520	0.00784	0.01083	0.01439	0.03168	0.77962	0.05573	0.01755	0.00717	0.00228	0.00325	0.01589	0.00522	0.00458
15	0.00725	0.00564	0.00659	0.00653	0.00802	0.00498	0.00483	0.00918	0.01399	0.01837	0.36718	0.12589	0.37458	0.01339	0.00670	0.00188	0.00281	0.01155	0.00565	0.00498
16	0.17691	0.00948	0.01149	0.00923	0.01307	0.00893	0.00753	0.02392	0.03308	0.54314	0.01968	0.04883	0.01350	0.00706	0.00523	0.00175	0.00453	0.00558	0.04859	0.00848
17	0.00720	0.00535	0.00673	0.00732	0.00827	0.00488	0.00522	0.00878	0.01264	0.01679	0.22848	0.41775	0.18800	0.01525	0.00696	0.00209	0.00311	0.04487	0.00548	0.00483
18	0.35759	0.01249	0.01208	0.01013	0.01387	0.01409	0.00822	0.22584	0.20444	0.06778	0.01403	0.01392	0.01031	0.00636	0.00477	0.00177	0.00492	0.00460	0.00484	0.00797
19	0.75601	0.01139	0.00917	0.00798	0.01157	0.01313	0.00658	0.09321	0.01135	0.02632	0.00843	0.00960	0.00646	0.00538	0.00371	0.00174	0.00455	0.00326	0.00371	0.00646
20	0.00834	0.00638	0.00889	0.00876	0.00976	0.00707	0.00681	0.01031	0.01092	0.01533	0.17006	0.03226	0.06412	0.08686	0.40079	0.00586	0.06230	0.07616	0.00398	0.00504
21	0.01167	0.01000	0.01167	0.00834	0.01334	0.00750	0.00667	0.01417	0.01167	0.01834	0.01000	0.01167	0.00834	0.00417	0.00417	0.00083	0.00417	0.00333	0.00333	0.83663
22	0.01482	0.45038	0.06230	0.10405	0.01826	0.11355	0.01136	0.03755	0.01217	0.01443	0.00898	0.01187	0.00798	0.00590	0.00581	0.00152	0.08732	0.02211	0.00265	0.00698
23	0.00818	0.00618	0.00908	0.00900	0.00990	0.00722	0.00692	0.01002	0.00897	0.01292	0.01504	0.02291	0.01434	0.09770	0.70114	0.00858	0.03779	0.00616	0.00303	0.00494
24	0.01647	0.01196	0.01377	0.01275	0.08588	0.02698	0.00923	0.20430	0.19838	0.11083	0.01676	0.01739	0.01259	0.00656	0.00527	0.00159	0.00501	0.01727	0.09992	0.12709
25	0.00699	0.00528	0.00628	0.00691	0.00779	0.00477	0.00473	0.00813	0.01153	0.01483	0.08569	0.42650	0.27804	0.09452	0.00912	0.00244	0.00331	0.01347	0.00511	0.00456
26	0.01158	0.01319	0.20641	0.08849	0.01709	0.00927	0.08054	0.03387	0.01232	0.03941	0.01463	0.01729	0.01116	0.00696	0.02569	0.00177	0.00571	0.00510	0.39294	0.00658
27	0.00765	0.00574	0.00709	0.00675	0.00822	0.00518	0.00507	0.01002	0.01520	0.02082	0.59671	0.04491	0.22163	0.01216	0.00664	0.00180	0.00270	0.01058	0.00597	0.00518
28	0.00858	0.00554	0.00771	0.00771	0.00813	0.00596	0.00536	0.00873	0.00830	0.01150	0.01433	0.02497	0.01470	0.25717	0.34402	0.24484	0.00936	0.00633	0.00297	0.00382
29	0.01932	0.02000	0.01378	0.01234	0.01510	0.50805	0.00935	0.02099	0.01506	0.13455	0.04514	0.01523	0.01158	0.03715	0.05189	0.00210	0.00869	0.00463	0.04838	0.00669
30	0.00892	0.00544	0.00749	0.00749	0.00797	0.00579	0.00525	0.00903	0.00855	0.01227	0.01407	0.02315	0.01386	0.18115	0.28724	0.29831	0.00835	0.00598	0.08588	0.00382
31	0.01063	0.01000	0.01688	0.78870	0.03876	0.01250	0.01563	0.01438	0.01125	0.01438	0.01000	0.01500	0.00750	0.00563	0.00563	0.00188	0.00750	0.00500	0.00250	0.00625
32	0.01635	0.01450	0.01397	0.01211	0.01554	0.09956	0.00951	0.18171	0.51967	0.02499	0.01934	0.01820	0.01446	0.00724	0.00563	0.00181	0.00545	0.00578	0.00539	0.00878
33	0.44522	0.01255	0.01392	0.01482	0.16587	0.04119	0.03612	0.07355	0.02990	0.05781	0.00998	0.01163	0.00776	0.00571	0.00528	0.00176	0.05201	0.00406	0.00362	0.00723
34	0.01591	0.04815	0.21668	0.01520	0.02037	0.14065	0.14086	0.07163	0.16456	0.08916	0.01395	0.01469	0.01022	0.00601	0.00559	0.00174	0.00749	0.00511	0.00387	0.00818
35	0.00788	0.00590	0.00772	0.00903	0.02829	0.00581	0.00617	0.01042	0.07814	0.01565	0.04393	0.63538	0.03462	0.01613	0.00705	0.00225	0.00360	0.07169	0.00522	0.00513
36	0.00707	0.00526	0.00660	0.00729	0.00816	0.00479	0.00512	0.00851	0.01226	0.01621	0.18100	0.47938	0.19264	0.01568	0.00698	0.00211	0.00309	0.02767	0.00542	0.00477
37	0.00908	0.00569	0.00696	0.00712	0.00833	0.00532	0.00515	0.02303	0.01302	0.05889	0.21404	0.32487	0.10417	0.01277	0.00623	0.00188	0.00307	0.01122	0.17389	0.00526
38	0.01313	0.02201	0.40222	0.04082	0.17452	0.04120	0.10255	0.06170	0.05329	0.01907	0.01118	0.01329	0.00835	0.00544	0.00558	0.00176	0.00783	0.00480	0.00291	0.00834
39	0.01184	0.01268	0.06226	0.11873	0.18446	0.01291	0.17419	0.01509	0.01192	0.01688	0.09069	0.03669	0.01384	0.00856	0.03986	0.00224	0.17088	0.00617	0.00310	0.00703
40	0.01500	0.07311	0.06125	0.01268	0.05644	0.05919	0.07933	0.06870	0.03712	0.11703	0.05794	0.01545	0.01214	0.01749	0.00542	0.00144	0.00573	0.00479	0.00399	0.29576
41	0.01559	0.01288	0.01362	0.01177	0.01524	0.01474	0.00929	0.18462	0.59964	0.02611	0.02088	0.01938	0.01554	0.00745	0.00571	0.00186	0.00483	0.00608	0.00571	0.00905
42	0.16964	0.04954	0.08527	0.06224	0.01600	0.15417	0.01010	0.09615	0.01353	0.03117	0.01383	0.06725	0.01285	0.03000	0.05270	0.00233	0.02232	0.08651	0.00370	0.02068
43	0.00817	0.00674	0.00837	0.00948	0.08171	0.00622	0.00633	0.01077	0.04610	0.01782	0.22947	0.08577	0.39454	0.01262	0.00660	0.00191	0.00340	0.05322	0.00526	0.00549
44	0.01252	0.03992	0.08604	0.01266	0.12114	0.00914	0.00929	0.01561	0.04213	0.10522	0.03753	0.02200	0.09571	0.08998	0.05536	0.00234	0.00568	0.00585	0.01722	0.21468
45	0.01564	0.01132	0.01209	0.01035	0.01349	0.01257	0.00819	0.20331	0.36890	0.06610	0.01952	0.01905	0.01451	0.00714	0.00529	0.00171	0.00449	0.00575	0.19230	0.00828
46	0.01235	0.22180	0.03943	0.06900	0.01447	0.01256	0.00855	0.12592	0.01440	0.01914	0.15663	0.12964	0.03566	0.04396	0.00642	0.00178	0.00498	0.00712	0.00419	0.07200
47	0.01467	0.03577	0.17372	0.01505	0.12087	0.06403	0.03643	0.08114	0.01426	0.11639	0.08067	0.01825	0.03612	0.04293	0.00684	0.00180	0.02620	0.00544	0.00395	0.10549
48	0.01129	0.01123	0.02103	0.22687	0.05169	0.01200	0.29183	0.01449	0.01123	0.01520	0.01198	0.01882	0.01050	0.13250	0.07447	0.00307	0.06649	0.00620	0.00282	0.00631
49	0.15899	0.01233	0.01450	0.18521	0.04334	0.01390	0.01077	0.32577	0.03755	0.04539	0.01378	0.05051	0.01124	0.00716	0.00544	0.00182	0.00592	0.04417	0.00447	0.00774
50	0.00686	0.00522	0.00632	0.00708	0.00799	0.00468	0.00491	0.00809	0.01178	0.01516	0.08540	0.50412	0.27986	0.01613	0.00697	0.00213	0.00309	0.01427	0.00529	0.00468
51	0.01055	0.00785	0.00983	0.00907	0.01082	0.01942	0.02898	0.03230	0.08430	0.06524	0.21509	0.12674	0.13626	0.02845	0.02697	0.00220	0.06329	0.06217	0.05451	0.00595
52	0.00963	0.00577	0.00636	0.00632	0.00769	0.00563	0.00471	0.04112	0.01305	0.02031	0.14633	0.13252	0.09789	0.00975	0.00521	0.00161	0.00292	0.01866	0.45923	0.00529
53	0.12793	0.01513	0.01577	0.01223	0.01660	0.01683	0.01010	0.65334	0.02427	0.03414	0.01277	0.01294	0.00912	0.00656	0.00535	0.00170	0.00595	0.00480	0.00535	0.00912
54	0.03890	0.01132	0.01154	0.00965	0.01253	0.07944	0.00739	0.12847	0.06271	0.01928	0.01523	0.07336	0.03113	0.13586	0.02470	0.00226	0.05196	0.00590	0.02611	0.25226
55	0.04822	0.01483	0.01569	0.09022	0.01849	0.08571	0.01080	0.36403	0.13841	0.05917	0.01381	0.01453	0.01023	0.00695	0.00676	0.00180	0.08213	0.00507	0.00476	0.00840
56	0.01732	0.01427	0.01501	0.01258	0.01567	0.13932	0.04908	0.18736	0.15147	0.12870	0.01743	0.09076	0.02708	0.00883	0.02184	0.00198	0.08219	0.00640	0.00484	0.00786
57	0.00872	0.00652	0.00803	0.00786	0.00936	0.00605	0.00562	0.01120	0.07866	0.01658	0.14483	0.33371	0.07862	0.04222	0.00874	0.08538	0.00362	0.01063	0.00480	0.12884
58	0.01018	0.00833	0.00976	0.00780	0.01117	0.00662	0.00583	0.01201	0.01103	0.01643	0.01642	0.13479	0.04768	0.13324	0.00861	0.00183	0.00418	0.00637	0.00371	0.54400
59	0.01698	0.03972	0.01487	0.01183	0.01545	0.01276	0.05414	0.17269	0.28704	0.17301	0.04727	0.04090	0.01704	0.00803	0.00590	0.00186	0.00520	0.06119	0.00562	0.00852
60	0.00722	0.00576	0.00649	0.00641	0.00808	0.00503	0.00487	0.00912	0.01388	0.01778	0.29464	0.05054	0.48670	0.01339	0.00670	0.00189	0.00290	0.04809	0.00555	0.00496
61	0.01027	0.00606	0.00749	0.00711	0.00877	0.00565	0.00554	0.01277	0.01436	0.09233	0.37632	0.03751	0.09041	0.01041	0.00597	0.00174	0.00312	0.08047	0.21806	0.00565
62	0.01300	0.01471	0.03188	0.02291	0.02839	0.01379	0.70873	0.01760	0.01326	0.01792	0.01306	0.01741	0.02947	0.00526	0.00667	0.00191	0.00920	0.02439	0.00297	0.00746
63	0.00790	0.00559	0.00748	0.00782	0.00833	0.00590	0.00546	0.00895	0.00926	0.01272	0.01996	0.19842	0.02195	0.29167	0.31299	0.02081	0.00867	0.03807	0.00371	0.00434
64	0.02040	0.13764	0.01741	0.01190	0.01551	0.13186	0.00994	0.16468	0.01632	0.28407	0.01407	0.01411	0.01007	0.00682	0.00708	0.00171	0.11873	0.00471	0.00473	0.00825
65	0.01270	0.01272	0.06441	0.03910	0.44208	0.01167	0.01384	0.02893	0.05226	0.01802	0.01189	0.01555	0.01010	0.03767	0.08594	0.00247	0.00714	0.00502	0.00309	0.12540
66	0.05680	0.01132	0.01758	0.18773	0.04094	0.04477	0.19492	0.06190	0.03539	0.01705	0.01433	0.02091	0.03854	0.08728	0.00975	0.08276	0.00693	0.04456	0.00331	0.02324
67	0.01331	0.09093	0.35225	0.06495	0.16813	0.08803	0.06703	0.01854	0.05254	0.01726	0.01063	0.01276	0.00816	0.00538	0.00534	0.00170	0.00780	0.00451	0.00273	0.00802
68	0.13585	0.00925	0.01202	0.04052	0.11130	0.00962	0.00971	0.06091	0.01311	0.06528	0.01977	0.06259	0.01958	0.01026	0.00653	0.00207	0.02965	0.30612	0.01783	0.05803
69	0.01513	0.06503	0.14986	0.09484	0.08820	0.01400	0.09007	0.12736	0.17473	0.08792	0.01481	0.02878	0.01112	0.00630	0.00560	0.00178	0.00653	0.00545	0.00413	0.00837
70	0.00692	0.00545	0.00627	0.00681	0.00806	0.00480	0.00493	0.00829	0.01220	0.01530	0.07680	0.33198	0.42270	0.01546	0.00691	0.00208	0.00312	0.05192	0.00527	0.00473
71	0.00947	0.00806	0.01030	0.01243	0.12981	0.03113	0.00785	0.01271	0.08514	0.01723	0.11595	0.30421	0.13862	0.01265	0.00656	0.00200	0.00416	0.06472	0.00489	0.02210
72	0.02643	0.00601	0.00638	0.00651	0.00762	0.02594	0.00464	0.01109	0.01210	0.01843	0.15658	0.18542	0.07602	0.08966	0.00775	0.00206	0.00329	0.00895	0.34015	0.00496
73	0.00899	0.00540	0.00811	0.00811	0.00856	0.00586	0.00586	0.00856	0.00811	0.01126	0.01217	0.01937	0.01172	0.02979	0.36462	0.46232	0.00949	0.00540	0.00270	0.00361
74	0.01215	0.17740	0.57709	0.01536	0.02281	0.01492	0.07066	0.01765	0.01190	0.01696	0.00975	0.01157	0.00725	0.00520	0.00511	0.00168	0.00796	0.00412	0.00242	0.00805
75	0.00780	0.00607	0.00722	0.00743	0.00902	0.00559	0.00587	0.01025	0.03670	0.01770	0.22804	0.07857	0.35897	0.01378	0.00691	0.00205	0.00343	0.18401	0.00548	0.00512
76	0.04477	0.00867	0.01081	0.00966	0.01043	0.01096	0.00779	0.01330	0.01017	0.01750	0.01296	0.01706	0.01109	0.03164	0.01121	0.00197	0.35908	0.00510	0.40021	0.00564
77	0.25844	0.00920	0.00968	0.00886	0.01110	0.01047	0.00687	0.04535	0.15455	0.03465	0.05567	0.02077	0.02914	0.10987	0.18409	0.00390	0.03137	0.00572	0.00410	0.00621
78	0.01359	0.01232	0.01087	0.00980	0.01231	0.16495	0.00755	0.08528	0.16354	0.04748	0.15504	0.02963	0.16694	0.02449	0.00632	0.00182	0.00509	0.02668	0.04962	0.00667
79	0.01291	0.07195	0.30331	0.01179	0.01682	0.01056	0.03876	0.04226	0.01358	0.13936	0.09430	0.06925	0.13486	0.00834	0.00577	0.00178	0.00584	0.00695	0.00424	0.00738
80	0.01306	0.05674	0.09599	0.18180	0.43232	0.01370	0.01607	0.01794	0.08417	0.01774	0.01146	0.01436	0.00916	0.00541	0.00547	0.00172	0.00676	0.00495	0.00295	0.00822
81	0.04134	0.13494	0.26615	0.01078	0.01548	0.01144	0.01144	0.01617	0.05210	0.09182	0.02259	0.03663	0.17268	0.03859	0.05208	0.00229	0.00631	0.00633	0.00380	0.00703
82	0.04372	0.01073	0.01219	0.01019	0.01331	0.01134	0.00830	0.31222	0.05163	0.11622	0.15700	0.02555	0.02126	0.00914	0.01958	0.00191	0.00494	0.07849	0.08459	0.00770
83	0.01108	0.06148	0.01443	0.17171	0.17797	0.03421	0.01021	0.03254	0.01140	0.01520	0.06846	0.02307	0.01553	0.23384	0.09277	0.00352	0.00713	0.00622	0.00323	0.00599
84	0.00692	0.00495	0.00660	0.00788	0.00824	0.00462	0.00531	0.00796	0.01091	0.01456	0.04382	0.76999	0.03740	0.01748	0.00719	0.00228	0.00329	0.03076	0.00524	0.00460
85	0.00993	0.00946	0.01189	0.01070	0.01161	0.03394	0.00864	0.01135	0.01038	0.01406	0.02605	0.02846	0.27463	0.01624	0.13072	0.00324	0.37218	0.00750	0.00353	0.00550
86	0.01259	0.02046	0.36297	0.02304	0.28227	0.01311	0.11284	0.03897	0.01278	0.01843	0.01138	0.04478	0.00922	0.00569	0.00568	0.00178	0.00764	0.00528	0.00279	0.00832
87	0.00950	0.00814	0.01150	0.20838	0.09055	0.00861	0.00923	0.01347	0.08323	0.01853	0.27329	0.04762	0.17651	0.00969	0.00620	0.00184	0.00450	0.00846	0.00467	0.00611

[dist]
# distance from previous block
# <min> <max>
0	3

[block]
# block no. 4 follows, 42 sequences, length 10
# corresponding to MSA columns:
# 225-234
name=unknown_E
#
# <colnr> <probs for GDERKNQSTAVLIFYWHMCP>
#	G	D	E	R	K	N	Q	S	T	A	V	L	I	F	Y	W	H	M	C	P
0	0.01415	0.07150	0.20511	0.05439	0.10711	0.05419	0.08563	0.08357	0.22696	0.02036	0.01401	0.01506	0.01059	0.00603	0.00551	0.00176	0.00685	0.00514	0.00374	0.00832
1	0.00734	0.00553	0.00683	0.00726	0.00841	0.00502	0.00535	0.00909	0.01308	0.01726	0.25425	0.29525	0.24605	0.01467	0.00693	0.00205	0.00315	0.08205	0.00551	0.00490
2	0.24337	0.05079	0.04555	0.01454	0.12437	0.01287	0.08706	0.06539	0.05156	0.02144	0.05162	0.01452	0.01105	0.00607	0.00582	0.00169	0.06386	0.00476	0.06339	0.06025
3	0.01101	0.01008	0.01395	0.05481	0.29076	0.06974	0.01079	0.01296	0.01191	0.01572	0.01968	0.33674	0.02150	0.01146	0.00706	0.04034	0.00544	0.04583	0.00388	0.00634
4	0.01615	0.20887	0.20823	0.01384	0.04704	0.15733	0.01307	0.14243	0.01496	0.03394	0.01001	0.01139	0.00787	0.00571	0.00550	0.00154	0.04412	0.00400	0.00319	0.05082
5	0.00870	0.00687	0.00846	0.00862	0.00913	0.03294	0.00619	0.00976	0.00970	0.01306	0.02015	0.22179	0.02249	0.27428	0.18964	0.00484	0.07861	0.06639	0.00381	0.00456
6	0.05486	0.03217	0.13354	0.01125	0.04780	0.00918	0.00948	0.01535	0.06363	0.11478	0.04324	0.29834	0.02137	0.02785	0.00707	0.00201	0.04305	0.00899	0.00450	0.05153
7	0.01235	0.01148	0.01890	0.10615	0.52425	0.01177	0.01460	0.01591	0.04718	0.01751	0.01468	0.15174	0.01411	0.00741	0.00587	0.00181	0.00607	0.00700	0.00332	0.00788
8	0.01929	0.10152	0.09132	0.01257	0.01699	0.10205	0.01111	0.39956	0.02006	0.09760	0.01286	0.01392	0.00961	0.03769	0.00657	0.00179	0.02756	0.00477	0.00462	0.00852
9	0.01430	0.12161	0.20965	0.01203	0.01653	0.05690	0.05111	0.07112	0.08642	0.09128	0.04009	0.05932	0.01316	0.00725	0.00581	0.02957	0.00610	0.00554	0.09477	0.00745

[dist]
# distance from previous block
# <min> <max>
0	2

[block]
# block no. 5 follows, 42 sequences, length 8
# corresponding to MSA columns:
# 237-244
name=unknown_F
#
# <colnr> <probs for GDERKNQSTAVLIFYWHMCP>
#	G	D	E	R	K	N	Q	S	T	A	V	L	I	F	Y	W	H	M	C	P
0	0.01276	0.09346	0.09127	0.05622	0.04454	0.04445	0.11264	0.05341	0.01297	0.01812	0.03633	0.01477	0.03342	0.00616	0.02246	0.00152	0.00629	0.00465	0.00326	0.33129
1	0.03172	0.00943	0.01197	0.11761	0.03493	0.07428	0.06367	0.01182	0.01037	0.01365	0.01683	0.18088	0.01832	0.30017	0.01537	0.00327	0.06882	0.00835	0.00348	0.00505
2	0.03609	0.04470	0.01323	0.01002	0.01280	0.00961	0.11473	0.11870	0.01394	0.10547	0.01828	0.02252	0.05323	0.14428	0.00916	0.00225	0.00508	0.00617	0.25327	0.00646
3	0.04688	0.04674	0.08583	0.00994	0.01217	0.00819	0.00892	0.05100	0.01329	0.01838	0.12280	0.20037	0.03005	0.01299	0.00676	0.00219	0.00482	0.30808	0.00486	0.00576
4	0.01260	0.00897	0.00959	0.00862	0.01097	0.00979	0.00669	0.09979	0.28557	0.02374	0.12904	0.02326	0.02058	0.00770	0.00517	0.00164	0.00369	0.00636	0.31918	0.00707
5	0.00998	0.00708	0.00860	0.00805	0.00901	0.00765	0.00563	0.11197	0.01102	0.01505	0.01626	0.02869	0.01682	0.43910	0.27478	0.00612	0.00875	0.00703	0.00359	0.00480
6	0.33835	0.01117	0.01298	0.01077	0.01411	0.01199	0.09117	0.18510	0.01450	0.06310	0.01521	0.17868	0.01418	0.00824	0.00524	0.00186	0.00515	0.00680	0.00446	0.00693
7	0.01237	0.27039	0.18457	0.01051	0.01486	0.11556	0.01059	0.01512	0.01278	0.01541	0.06781	0.02371	0.20940	0.00796	0.00518	0.00158	0.00604	0.00612	0.00344	0.00660

[dist]
# distance from previous block
# <min> <max>
0	1

[block]
# block no. 6 follows, 42 sequences, length 31
# corresponding to MSA columns:
# 246-276
name=unknown_G
#
# <colnr> <probs for GDERKNQSTAVLIFYWHMCP>
#	G	D	E	R	K	N	Q	S	T	A	V	L	I	F	Y	W	H	M	C	P
0	0.41511	0.11647	0.01415	0.01042	0.01391	0.21930	0.02332	0.03456	0.06045	0.02041	0.00923	0.01044	0.00741	0.00558	0.00443	0.00162	0.01962	0.00356	0.00335	0.00664
1	0.09524	0.03796	0.01301	0.01136	0.01416	0.35846	0.00873	0.04831	0.13689	0.01831	0.07109	0.01864	0.07439	0.00832	0.02912	0.00185	0.00712	0.00535	0.03504	0.00668
2	0.00700	0.00509	0.00663	0.00781	0.00836	0.00473	0.00541	0.00814	0.01114	0.01463	0.03350	0.67101	0.10876	0.01714	0.00717	0.00227	0.00336	0.06797	0.00522	0.00463
3	0.01209	0.00723	0.01103	0.01003	0.01198	0.00735	0.05159	0.01418	0.01133	0.18375	0.01954	0.13828	0.01804	0.02709	0.40721	0.00566	0.01019	0.04297	0.00432	0.00614
4	0.01051	0.00635	0.00782	0.00713	0.00912	0.00562	0.00546	0.01267	0.01480	0.14649	0.38791	0.05864	0.26405	0.01161	0.00643	0.00181	0.00309	0.00996	0.02469	0.00584
5	0.01019	0.00724	0.00863	0.00791	0.00991	0.00710	0.00605	0.01514	0.15733	0.07726	0.45009	0.03831	0.16095	0.01088	0.00639	0.00182	0.00319	0.00939	0.00600	0.00622
6	0.01878	0.11020	0.01678	0.01319	0.01644	0.48405	0.01028	0.05896	0.18389	0.01699	0.01206	0.01265	0.00961	0.00615	0.00509	0.00154	0.00820	0.00425	0.00362	0.00729
7	0.01438	0.36397	0.02677	0.12105	0.11390	0.07624	0.17679	0.01727	0.01234	0.01514	0.00932	0.01190	0.00777	0.00501	0.00492	0.00153	0.00740	0.00439	0.00260	0.00733
8	0.01022	0.00869	0.01344	0.06942	0.12359	0.00957	0.06784	0.01166	0.00962	0.01339	0.01351	0.02409	0.01381	0.32525	0.11327	0.04519	0.11269	0.00650	0.00298	0.00528
9	0.63865	0.01056	0.00946	0.00805	0.01175	0.01154	0.00664	0.01925	0.01120	0.21091	0.01141	0.01163	0.00805	0.00566	0.00402	0.00174	0.00446	0.00370	0.00435	0.00696
10	0.01341	0.09012	0.15683	0.03706	0.16518	0.01341	0.02511	0.07000	0.01311	0.05784	0.07576	0.01679	0.02743	0.00699	0.00762	0.00179	0.14353	0.00530	0.06522	0.00749
11	0.00749	0.00552	0.00679	0.00696	0.00801	0.00507	0.00496	0.00917	0.01303	0.01750	0.33034	0.22481	0.19144	0.10974	0.00948	0.00239	0.00326	0.03385	0.00539	0.00478
12	0.01333	0.01003	0.01165	0.01011	0.01204	0.01121	0.00770	0.27420	0.04566	0.02144	0.04043	0.11374	0.01757	0.21451	0.09740	0.00360	0.07702	0.00745	0.00447	0.00645
13	0.01214	0.01086	0.01526	0.01249	0.01555	0.04007	0.16995	0.14986	0.05945	0.01980	0.02662	0.09767	0.19872	0.01354	0.09292	0.00271	0.00683	0.04448	0.00447	0.00662
14	0.00757	0.00570	0.00690	0.00666	0.00806	0.00514	0.00492	0.00969	0.01452	0.01966	0.50448	0.06562	0.25569	0.05128	0.00774	0.00200	0.00287	0.01072	0.00575	0.00504
15	0.01285	0.28006	0.11610	0.01092	0.01493	0.01406	0.04828	0.10328	0.01361	0.03401	0.04680	0.10062	0.08600	0.01072	0.06297	0.00221	0.00642	0.02550	0.00374	0.00692
16	0.01240	0.00802	0.00968	0.00800	0.01103	0.00695	0.00627	0.05670	0.01474	0.15146	0.24066	0.05455	0.17280	0.00934	0.00581	0.00157	0.00367	0.00790	0.00536	0.21309
17	0.08379	0.01165	0.01377	0.01069	0.01499	0.01157	0.00879	0.24011	0.05488	0.42919	0.01808	0.01651	0.01198	0.00669	0.00543	0.00170	0.00513	0.00523	0.00610	0.04372
18	0.05881	0.01240	0.01454	0.01184	0.01513	0.06918	0.11871	0.17635	0.17824	0.02390	0.01599	0.01707	0.01212	0.00644	0.00516	0.00164	0.00547	0.00542	0.24413	0.00747
19	0.27012	0.00916	0.00842	0.05432	0.01071	0.06586	0.00571	0.01291	0.00966	0.04258	0.01366	0.02427	0.01398	0.41829	0.01684	0.00365	0.00556	0.00596	0.00347	0.00487
20	0.01596	0.01131	0.01841	0.01418	0.01784	0.01116	0.23494	0.12919	0.03198	0.19975	0.03350	0.08417	0.01491	0.07966	0.05483	0.00261	0.02634	0.00708	0.00464	0.00754
21	0.00819	0.00615	0.00738	0.00757	0.00886	0.00579	0.00551	0.06375	0.01367	0.01804	0.19890	0.36044	0.22641	0.01453	0.00682	0.00204	0.00329	0.03202	0.00547	0.00517
22	0.04868	0.01448	0.01732	0.07542	0.29758	0.13251	0.01271	0.15182	0.01519	0.02011	0.01390	0.08748	0.03509	0.00722	0.00624	0.00176	0.04521	0.00596	0.00363	0.00769
23	0.01250	0.01186	0.02024	0.07204	0.02090	0.01145	0.29061	0.06167	0.01292	0.01862	0.01244	0.06140	0.01055	0.00607	0.00654	0.00161	0.06491	0.00585	0.06509	0.23273
24	0.01150	0.01150	0.01970	0.08969	0.04053	0.01155	0.30117	0.01776	0.17977	0.01820	0.02557	0.02648	0.20520	0.00793	0.00631	0.00189	0.00639	0.00773	0.00407	0.00706
25	0.00891	0.00564	0.00727	0.00718	0.00803	0.00545	0.00506	0.00937	0.05508	0.01395	0.13437	0.06126	0.19367	0.01633	0.01456	0.43419	0.00399	0.00784	0.00396	0.00388
26	0.07578	0.04608	0.04858	0.10137	0.17807	0.03831	0.14011	0.18034	0.03511	0.02206	0.01257	0.01477	0.02330	0.00580	0.00545	0.00171	0.00676	0.00518	0.05076	0.00788
27	0.01411	0.01462	0.06948	0.05749	0.01641	0.14684	0.00942	0.05343	0.11526	0.04256	0.03244	0.03606	0.03059	0.00612	0.00504	0.00138	0.00580	0.00484	0.00386	0.33424
28	0.01346	0.03465	0.08249	0.01095	0.02843	0.09815	0.00925	0.06663	0.16575	0.04671	0.05536	0.02421	0.09933	0.00789	0.00551	0.00164	0.00534	0.05968	0.03797	0.14660
29	0.12545	0.12045	0.13061	0.01205	0.07011	0.01252	0.01026	0.11577	0.01286	0.03585	0.01319	0.01680	0.03037	0.07157	0.16115	0.00337	0.00777	0.00495	0.01686	0.02805
30	0.06470	0.09302	0.23023	0.01118	0.01574	0.05756	0.01126	0.06976	0.03843	0.05261	0.06762	0.09713	0.07491	0.00799	0.00541	0.00169	0.00581	0.01754	0.00393	0.07348

[dist]
# distance from previous block
# <min> <max>
0	8

[block]
# block no. 7 follows, 42 sequences, length 22
# corresponding to MSA columns:
# 285-306
name=unknown_H
#
# <colnr> <probs for GDERKNQSTAVLIFYWHMCP>
#	G	D	E	R	K	N	Q	S	T	A	V	L	I	F	Y	W	H	M	C	P
0	0.01228	0.11293	0.13462	0.10381	0.10492	0.01250	0.01199	0.04608	0.12245	0.01843	0.04313	0.05549	0.02825	0.00712	0.00541	0.00167	0.00579	0.05042	0.00370	0.11903
1	0.18291	0.01071	0.03351	0.06987	0.01614	0.03804	0.12157	0.01559	0.05651	0.04375	0.08158	0.05423	0.07409	0.02549	0.00642	0.00195	0.02132	0.08176	0.03816	0.02640
2	0.07010	0.11419	0.12565	0.02479	0.01519	0.01109	0.00952	0.01737	0.04839	0.12308	0.01293	0.04233	0.01055	0.03599	0.00586	0.00154	0.02112	0.00458	0.00375	0.30198
3	0.01121	0.00983	0.01601	0.31959	0.10590	0.01097	0.08493	0.06331	0.01203	0.01635	0.01312	0.04684	0.01159	0.09408	0.12057	0.00325	0.00804	0.00606	0.04000	0.00632
4	0.01592	0.04688	0.04604	0.01106	0.01533	0.03941	0.08853	0.05633	0.01423	0.23337	0.03370	0.02113	0.12589	0.00709	0.00573	0.00155	0.02229	0.00593	0.00466	0.20494
5	0.01182	0.01033	0.01322	0.01122	0.01288	0.01224	0.00902	0.04264	0.07416	0.01648	0.01179	0.01643	0.01065	0.07384	0.08656	0.00284	0.34214	0.00511	0.05957	0.17707
6	0.10034	0.02430	0.01116	0.00928	0.01183	0.00974	0.02930	0.16623	0.01446	0.13594	0.01759	0.10161	0.01567	0.11785	0.08212	0.00293	0.00582	0.02058	0.11659	0.00666
7	0.00687	0.00543	0.00620	0.00660	0.00789	0.00475	0.00472	0.00828	0.01247	0.01575	0.12821	0.31169	0.43100	0.01512	0.00683	0.00202	0.00297	0.01312	0.00534	0.00475
8	0.01216	0.00860	0.03804	0.00858	0.01069	0.00820	0.00662	0.01725	0.19450	0.12669	0.07323	0.07018	0.07523	0.21510	0.04868	0.00310	0.00498	0.00773	0.06408	0.00634
9	0.04618	0.00877	0.01070	0.00928	0.01182	0.00907	0.00730	0.14757	0.01321	0.05262	0.01482	0.04980	0.01310	0.05167	0.33982	0.00486	0.00921	0.00569	0.04334	0.15117
10	0.01123	0.01004	0.01334	0.01169	0.01219	0.01322	0.00959	0.01278	0.00980	0.01528	0.01580	0.01929	0.10284	0.00972	0.01401	0.00216	0.53153	0.00585	0.17385	0.00579
11	0.01245	0.01203	0.02095	0.36230	0.39979	0.01305	0.06606	0.01606	0.01217	0.01662	0.01039	0.01448	0.00827	0.00526	0.00567	0.00178	0.00723	0.00512	0.00267	0.00766
12	0.20777	0.01585	0.01637	0.01346	0.01698	0.19519	0.12810	0.15963	0.01539	0.04227	0.01234	0.03218	0.01049	0.00694	0.00599	0.00180	0.04460	0.06366	0.00388	0.00710
13	0.84197	0.01088	0.00827	0.00740	0.01088	0.01262	0.00609	0.01654	0.00958	0.02525	0.00784	0.00914	0.00609	0.00522	0.00348	0.00174	0.00435	0.00305	0.00348	0.00609
14	0.00820	0.00540	0.00666	0.00713	0.00765	0.00511	0.00462	0.00897	0.01039	0.04711	0.05743	0.39890	0.07784	0.31081	0.01510	0.00340	0.00410	0.01210	0.00466	0.00440
15	0.00735	0.00526	0.00648	0.00719	0.00771	0.00496	0.00479	0.00826	0.01064	0.01399	0.06119	0.42926	0.12507	0.23159	0.01299	0.00310	0.00388	0.04718	0.00477	0.00434
16	0.00811	0.00582	0.00695	0.00675	0.00833	0.00515	0.00503	0.01009	0.01418	0.05253	0.37629	0.12461	0.32952	0.01302	0.00666	0.00187	0.00289	0.01125	0.00575	0.00521
17	0.01854	0.01239	0.01377	0.01120	0.01451	0.04409	0.00895	0.38016	0.05457	0.14687	0.01472	0.01602	0.01100	0.01215	0.08045	0.13588	0.00666	0.00523	0.00498	0.00785
18	0.05022	0.04477	0.01328	0.01100	0.01396	0.30271	0.00857	0.08989	0.04332	0.14633	0.06449	0.01620	0.01308	0.00720	0.00585	0.03867	0.00656	0.00488	0.11203	0.00700
19	0.01768	0.01458	0.01478	0.01243	0.04627	0.12385	0.00955	0.30205	0.03707	0.07912	0.04852	0.01480	0.01159	0.00734	0.02792	0.00171	0.02776	0.00481	0.00457	0.19358
20	0.01628	0.26162	0.06657	0.01185	0.01580	0.10314	0.01054	0.20422	0.11041	0.02094	0.04031	0.03618	0.01167	0.00677	0.00589	0.00162	0.05961	0.00487	0.00393	0.00780
21	0.30679	0.01281	0.01282	0.05689	0.06605	0.08870	0.00933	0.10114	0.08074	0.08565	0.01273	0.01550	0.01013	0.00795	0.03499	0.00208	0.04631	0.03812	0.00407	0.00720

[dist]
# distance from previous block
# <min> <max>
0	1

[block]
# block no. 8 follows, 42 sequences, length 6
# corresponding to MSA columns:
# 308-313
name=unknown_I
#
# <colnr> <probs for GDERKNQSTAVLIFYWHMCP>
#	G	D	E	R	K	N	Q	S	T	A	V	L	I	F	Y	W	H	M	C	P
0	0.00865	0.00670	0.00805	0.00792	0.00928	0.00691	0.00579	0.01263	0.13679	0.01712	0.18720	0.13904	0.15210	0.12217	0.15035	0.00370	0.00570	0.00959	0.00488	0.00542
1	0.01128	0.01046	0.01297	0.17190	0.09725	0.09778	0.01017	0.04888	0.01177	0.01520	0.01533	0.14875	0.01518	0.05866	0.22108	0.00404	0.03282	0.00714	0.00337	0.00596
2	0.00737	0.00554	0.00672	0.00695	0.00795	0.00526	0.00489	0.00870	0.01142	0.01497	0.13799	0.20756	0.25842	0.15978	0.12730	0.00368	0.00522	0.01100	0.00470	0.00459
3	0.01099	0.00937	0.01367	0.05991	0.24028	0.01010	0.01018	0.01542	0.13564	0.01606	0.01529	0.02207	0.01398	0.17862	0.21936	0.00449	0.00837	0.00616	0.00345	0.00659
4	0.01344	0.01273	0.02023	0.11015	0.51177	0.01372	0.01543	0.01845	0.12006	0.01826	0.01202	0.01492	0.00982	0.00590	0.00677	0.00180	0.07779	0.00520	0.00315	0.00838
5	0.01312	0.01291	0.02306	0.19529	0.50349	0.01331	0.12258	0.01676	0.01255	0.01747	0.01058	0.01434	0.00856	0.00511	0.00574	0.00175	0.00727	0.00525	0.00273	0.00815

[dist]
# distance from previous block
# <min> <max>
0	1

[block]
# block no. 9 follows, 42 sequences, length 12
# corresponding to MSA columns:
# 315-326
name=unknown_J
#
# <colnr> <probs for GDERKNQSTAVLIFYWHMCP>
#	G	D	E	R	K	N	Q	S	T	A	V	L	I	F	Y	W	H	M	C	P
0	0.10242	0.01110	0.01558	0.07732	0.24195	0.01131	0.01131	0.08792	0.01440	0.24480	0.01702	0.06370	0.04213	0.00708	0.00586	0.00178	0.02560	0.00594	0.00459	0.00818
1	0.43806	0.01322	0.01127	0.00999	0.01309	0.13543	0.03709	0.06150	0.07689	0.02199	0.01237	0.08962	0.01097	0.00836	0.03670	0.00207	0.00595	0.00510	0.00384	0.00648
2	0.08437	0.01191	0.01232	0.01177	0.05819	0.09362	0.00868	0.14217	0.12395	0.06407	0.16837	0.04374	0.02223	0.04316	0.00708	0.00199	0.02088	0.06940	0.00498	0.00711
3	0.00899	0.00524	0.00716	0.00716	0.00730	0.00538	0.00468	0.00800	0.00786	0.01062	0.01321	0.02450	0.01400	0.28864	0.12930	0.43931	0.00649	0.00617	0.00285	0.00313
