[name]
unknown

[dist]
# distance from previous block
# <min> <max>
0	32

[block]
# block no. 0 follows, 47 sequences, length 27
# corresponding to MSA columns:
# 36-62
name=unknown_A
#
# <colnr> <probs for GDERKNQSTAVLIFYWHMCP>
#	G	D	E	R	K	N	Q	S	T	A	V	L	I	F	Y	W	H	M	C	P
0	0.00968	0.00801	0.01129	0.04787	0.01244	0.00977	0.02411	0.01161	0.01004	0.01460	0.01669	0.04805	0.01702	0.02999	0.04547	0.00247	0.29171	0.26626	0.11775	0.00516
1	0.01350	0.47956	0.20534	0.01059	0.01567	0.07938	0.01119	0.01625	0.01114	0.03238	0.00830	0.00950	0.00690	0.00464	0.00392	0.00124	0.00621	0.00317	0.00243	0.07871
2	0.00792	0.00626	0.01939	0.00695	0.00831	0.00578	0.00509	0.04808	0.06056	0.02643	0.08320	0.29323	0.28389	0.11019	0.00864	0.00225	0.00340	0.01088	0.00472	0.00482
3	0.00674	0.00524	0.00670	0.00766	0.02870	0.00502	0.00516	0.00783	0.01046	0.01366	0.05142	0.53736	0.21238	0.03350	0.00738	0.00208	0.03675	0.01288	0.00465	0.00443
4	0.00888	0.00778	0.01133	0.03271	0.23102	0.00744	0.02714	0.02896	0.01215	0.01598	0.09826	0.13931	0.30510	0.01042	0.00594	0.00176	0.00411	0.04181	0.00416	0.00574
5	0.01494	0.01693	0.05549	0.01664	0.17593	0.31711	0.06829	0.07901	0.01377	0.01646	0.04251	0.01364	0.01003	0.00850	0.07660	0.00209	0.00800	0.00451	0.05288	0.00665
6	0.00844	0.00714	0.00753	0.00711	0.00917	0.00715	0.00542	0.01411	0.25185	0.01734	0.13346	0.03909	0.45059	0.01095	0.00588	0.00175	0.00308	0.00919	0.00509	0.00567
7	0.01691	0.35199	0.01886	0.01028	0.03271	0.12422	0.00868	0.03607	0.07004	0.22112	0.05184	0.01360	0.01130	0.00567	0.00441	0.00137	0.00555	0.00418	0.00390	0.00729
8	0.01831	0.04544	0.01530	0.01364	0.05450	0.50501	0.01010	0.15783	0.09850	0.01760	0.01035	0.01119	0.00817	0.00565	0.00484	0.00143	0.00787	0.00392	0.00341	0.00692
9	0.01213	0.07469	0.25271	0.04932	0.47645	0.01286	0.01641	0.01602	0.01146	0.01640	0.00946	0.01202	0.00760	0.00474	0.00496	0.00155	0.00662	0.00427	0.00243	0.00789
10	0.01216	0.09665	0.49189	0.01572	0.04536	0.03353	0.14741	0.03466	0.01179	0.04876	0.00988	0.01162	0.00720	0.00490	0.00503	0.00160	0.00750	0.00424	0.00255	0.00753
11	0.00966	0.30320	0.01378	0.00701	0.00980	0.05030	0.00607	0.01111	0.01155	0.01334	0.03391	0.03284	0.46053	0.00961	0.00506	0.00150	0.00405	0.00761	0.00378	0.00531
12	0.00710	0.00494	0.00581	0.00611	0.00642	0.00476	0.00377	0.00759	0.00897	0.01187	0.06163	0.24719	0.09365	0.48652	0.01825	0.00378	0.00415	0.00994	0.00389	0.00365
13	0.05225	0.00826	0.00920	0.00929	0.04276	0.02435	0.00686	0.01594	0.26655	0.01777	0.10181	0.05176	0.20110	0.01296	0.09213	0.00251	0.00490	0.06892	0.00463	0.00605
14	0.01096	0.02487	0.65754	0.01637	0.06043	0.03031	0.09422	0.01659	0.01126	0.01645	0.00946	0.01136	0.00681	0.00489	0.00507	0.00165	0.00777	0.00411	0.00227	0.00762
15	0.01104	0.00646	0.00777	0.00690	0.00911	0.00578	0.00536	0.01355	0.05204	0.20420	0.26533	0.03730	0.33382	0.01047	0.00589	0.00169	0.00309	0.00886	0.00552	0.00583
16	0.00650	0.00486	0.00599	0.00660	0.00741	0.00441	0.00458	0.00774	0.01116	0.01465	0.15849	0.47295	0.22349	0.03720	0.00700	0.00203	0.00289	0.01276	0.00494	0.00435
17	0.01192	0.01228	0.01247	0.01111	0.01168	0.17956	0.00852	0.01274	0.00930	0.01181	0.01010	0.01809	0.01061	0.26196	0.01739	0.00295	0.38465	0.00525	0.00264	0.00497
18	0.00731	0.00588	0.00780	0.00834	0.00884	0.02474	0.02094	0.00842	0.00980	0.01316	0.02446	0.62663	0.02867	0.01772	0.09376	0.00279	0.06944	0.01252	0.00431	0.00449
19	0.01522	0.00881	0.01066	0.00926	0.01178	0.00882	0.00717	0.24379	0.01578	0.23656	0.02148	0.34636	0.02060	0.01048	0.00581	0.00181	0.00424	0.00904	0.00540	0.00694
20	0.00641	0.00529	0.00563	0.00555	0.00719	0.00451	0.00416	0.00797	0.01248	0.01552	0.20774	0.04773	0.62650	0.01265	0.00615	0.00173	0.00260	0.01066	0.00503	0.00451
21	0.01364	0.75447	0.09041	0.00940	0.01413	0.01990	0.00977	0.01567	0.01062	0.01260	0.00741	0.00857	0.00668	0.00450	0.00347	0.00116	0.00575	0.00287	0.00223	0.00677
22	0.00767	0.00569	0.00782	0.00766	0.00830	0.00639	0.00561	0.00902	0.00881	0.01249	0.09824	0.02598	0.01837	0.26062	0.44683	0.00636	0.05013	0.00653	0.00319	0.00430
23	0.00648	0.00486	0.00605	0.00694	0.00771	0.00444	0.00493	0.00764	0.01066	0.01371	0.03500	0.54096	0.23303	0.01531	0.00657	0.00205	0.00308	0.08142	0.00483	0.00433
24	0.00658	0.00513	0.00597	0.00609	0.00738	0.00452	0.00444	0.00817	0.01237	0.01605	0.27658	0.20713	0.39490	0.01305	0.00625	0.00180	0.00266	0.01130	0.00512	0.00452
25	0.45483	0.01744	0.33261	0.01042	0.01551	0.03340	0.01147	0.01627	0.01010	0.04414	0.00856	0.00983	0.00629	0.00495	0.00404	0.00162	0.00571	0.00334	0.00288	0.00660
26	0.01399	0.01598	0.01116	0.01046	0.01241	0.43450	0.00777	0.03195	0.01407	0.01521	0.19184	0.14871	0.05354	0.00871	0.00542	0.00156	0.00639	0.00696	0.00388	0.00548

[dist]
# distance from previous block
# <min> <max>
1	3

[block]
# block no. 1 follows, 47 sequences, length 13
# corresponding to MSA columns:
# 66-78
name=unknown_B
#
# <colnr> <probs for GDERKNQSTAVLIFYWHMCP>
#	G	D	E	R	K	N	Q	S	T	A	V	L	I	F	Y	W	H	M	C	P
0	0.01748	0.14735	0.01695	0.01307	0.06959	0.27201	0.00990	0.21573	0.11838	0.05326	0.01151	0.01199	0.00888	0.00567	0.00475	0.00145	0.00667	0.00412	0.00378	0.00745
1	0.01319	0.11339	0.30987	0.01508	0.02082	0.06815	0.22608	0.01732	0.01192	0.08500	0.01034	0.01202	0.00762	0.00482	0.00503	0.00153	0.00732	0.00441	0.00280	0.06328
2	0.01163	0.01228	0.05103	0.11871	0.07310	0.05274	0.25915	0.01566	0.07245	0.03339	0.06700	0.08723	0.01361	0.00691	0.00706	0.00180	0.10010	0.00639	0.00325	0.00651
3	0.01291	0.01219	0.05891	0.01535	0.07985	0.01143	0.25087	0.05787	0.20641	0.06029	0.01467	0.03242	0.01128	0.00570	0.00530	0.00160	0.00586	0.00556	0.08455	0.06698
4	0.01121	0.00932	0.01288	0.30657	0.07215	0.01060	0.01062	0.01780	0.25311	0.05658	0.01902	0.05245	0.06805	0.00758	0.00552	0.00180	0.00523	0.06887	0.00397	0.00665
5	0.01015	0.08104	0.23274	0.02607	0.01533	0.00992	0.06091	0.08011	0.01243	0.01695	0.07210	0.20578	0.03699	0.00947	0.00573	0.00181	0.00545	0.10709	0.00377	0.00617
6	0.01085	0.01012	0.01690	0.46852	0.26601	0.01174	0.01421	0.01374	0.01051	0.01418	0.00925	0.01351	0.00745	0.00597	0.00679	0.04628	0.06059	0.00462	0.00239	0.00636
7	0.00959	0.00756	0.00946	0.00914	0.01033	0.02601	0.03507	0.13872	0.01248	0.01662	0.02287	0.53038	0.02597	0.04722	0.00782	0.00213	0.05308	0.02579	0.00454	0.00523
8	0.06271	0.00995	0.01131	0.00910	0.01235	0.01021	0.00738	0.29238	0.01699	0.26894	0.01658	0.05756	0.01226	0.00673	0.00486	0.00154	0.00439	0.00533	0.18185	0.00760
9	0.01264	0.01190	0.01506	0.01279	0.01437	0.04496	0.04946	0.08441	0.20732	0.01693	0.01176	0.01423	0.00982	0.00996	0.06452	0.00243	0.40238	0.00502	0.00339	0.00665
10	0.01160	0.00935	0.01505	0.02124	0.44438	0.00915	0.01128	0.01379	0.01137	0.08472	0.01681	0.25847	0.01712	0.04381	0.00655	0.00188	0.00501	0.00792	0.00364	0.00686
11	0.00699	0.00501	0.00680	0.00733	0.00779	0.00521	0.00509	0.00805	0.00891	0.01221	0.02092	0.37089	0.02362	0.18810	0.29284	0.00495	0.00734	0.01003	0.00376	0.00416
12	0.67831	0.01150	0.00976	0.00981	0.08024	0.06412	0.00709	0.05594	0.01036	0.02260	0.00781	0.00914	0.00612	0.00493	0.00360	0.00159	0.00467	0.00312	0.00324	0.00607

[dist]
# distance from previous block
# <min> <max>
0	4

[block]
# block no. 2 follows, 47 sequences, length 24
# corresponding to MSA columns:
# 83-106
name=unknown_C
#
# <colnr> <probs for GDERKNQSTAVLIFYWHMCP>
#	G	D	E	R	K	N	Q	S	T	A	V	L	I	F	Y	W	H	M	C	P
0	0.01910	0.02014	0.01402	0.01225	0.01523	0.52649	0.00941	0.14199	0.04603	0.08662	0.01088	0.01156	0.00832	0.00571	0.00480	0.00141	0.00778	0.00392	0.04756	0.00677
1	0.04131	0.05297	0.01293	0.00923	0.01324	0.01065	0.00759	0.25497	0.01608	0.13848	0.08624	0.01489	0.01273	0.00572	0.00467	0.00128	0.00450	0.00451	0.00448	0.30352
2	0.01244	0.49785	0.15996	0.01026	0.01453	0.04353	0.01056	0.01489	0.01037	0.01302	0.00860	0.01074	0.00759	0.00978	0.11878	0.00232	0.04251	0.00348	0.00232	0.00651
3	0.01304	0.51162	0.28326	0.01114	0.01660	0.05832	0.01245	0.01617	0.01094	0.01370	0.00799	0.00930	0.00666	0.00467	0.00395	0.00131	0.00648	0.00317	0.00224	0.00699
4	0.00717	0.00488	0.00580	0.00619	0.00629	0.00478	0.00370	0.00747	0.00835	0.01114	0.02042	0.28813	0.02399	0.55604	0.02003	0.00409	0.00439	0.00993	0.00370	0.00351
5	0.00876	0.00785	0.04033	0.01394	0.19189	0.00723	0.00880	0.01140	0.05373	0.01515	0.02290	0.42336	0.02542	0.01229	0.00625	0.00199	0.00430	0.13456	0.00422	0.00563
6	0.00858	0.00711	0.00847	0.02634	0.00979	0.05171	0.00641	0.01005	0.02652	0.03013	0.07857	0.46191	0.04118	0.05811	0.00893	0.00220	0.11147	0.04345	0.00433	0.00476
7	0.01363	0.00867	0.01033	0.00922	0.01178	0.00899	0.00730	0.04864	0.29429	0.19803	0.17484	0.07655	0.02418	0.00892	0.00572	0.00178	0.00392	0.08049	0.00557	0.00715
8	0.01005	0.00802	0.00885	0.00850	0.01050	0.00851	0.00642	0.04176	0.33760	0.03771	0.03009	0.23982	0.19169	0.01104	0.00589	0.00186	0.00357	0.02676	0.00509	0.00627
9	0.01159	0.01089	0.01803	0.42992	0.28781	0.01238	0.04041	0.05580	0.01162	0.01572	0.00954	0.01335	0.00752	0.00525	0.00584	0.00169	0.04857	0.00468	0.00257	0.00683
10	0.01218	0.00987	0.01355	0.05584	0.15881	0.03584	0.05415	0.05771	0.12911	0.08713	0.01955	0.17115	0.06135	0.03969	0.00697	0.00192	0.03879	0.03560	0.00414	0.00664
11	0.00711	0.00525	0.00634	0.00683	0.00774	0.00492	0.00503	0.00836	0.01067	0.01369	0.07056	0.19174	0.24699	0.20314	0.01128	0.00274	0.00378	0.18517	0.00448	0.00419
12	0.01833	0.06472	0.19395	0.01165	0.01661	0.01298	0.01133	0.32964	0.01770	0.25041	0.01382	0.01344	0.00939	0.00590	0.00504	0.00157	0.00579	0.00454	0.00470	0.00846
13	0.01548	0.01535	0.01671	0.13660	0.28039	0.23588	0.01240	0.10311	0.04654	0.05546	0.01139	0.01325	0.02347	0.00548	0.00507	0.00153	0.00692	0.00448	0.00322	0.00728
14	0.00852	0.00560	0.00753	0.00755	0.00844	0.00583	0.00551	0.00987	0.00978	0.07158	0.06465	0.24455	0.05118	0.13859	0.27328	0.00452	0.03367	0.00878	0.03590	0.00468
15	0.00738	0.00547	0.00773	0.00764	0.00860	0.00596	0.00580	0.00921	0.00985	0.01393	0.18204	0.02677	0.05535	0.08900	0.53366	0.00638	0.01031	0.00680	0.00354	0.00459
16	0.01074	0.01065	0.04620	0.35706	0.31362	0.01104	0.02780	0.01396	0.01113	0.01509	0.01213	0.05876	0.01092	0.00636	0.00545	0.00174	0.00632	0.07162	0.00277	0.00664
17	0.01490	0.14079	0.02081	0.01756	0.16597	0.21904	0.16632	0.08384	0.03106	0.01632	0.01049	0.05218	0.00906	0.00564	0.00530	0.00152	0.02441	0.00487	0.00297	0.00697
18	0.00846	0.00670	0.00824	0.00806	0.00894	0.03008	0.00609	0.01034	0.03632	0.01333	0.03551	0.06827	0.08456	0.16621	0.29441	0.00477	0.08717	0.04884	0.06905	0.00464
19	0.01142	0.00770	0.00762	0.00707	0.00873	0.06290	0.00536	0.09537	0.02760	0.04783	0.01781	0.06660	0.04337	0.05478	0.08188	0.00226	0.00469	0.00580	0.43576	0.00543
20	0.00819	0.00745	0.06759	0.00803	0.00966	0.00622	0.02097	0.03054	0.06297	0.01660	0.14949	0.34187	0.08145	0.02874	0.02484	0.00205	0.00380	0.03194	0.09245	0.00514
21	0.23248	0.16405	0.09943	0.01123	0.07375	0.11217	0.00929	0.05198	0.01161	0.03554	0.03031	0.04087	0.04969	0.00779	0.04793	0.00188	0.00606	0.00443	0.00315	0.00636
22	0.04896	0.04852	0.33983	0.01359	0.10127	0.02775	0.01290	0.03853	0.07840	0.05769	0.03079	0.04745	0.08466	0.00658	0.00503	0.00162	0.00580	0.00537	0.03814	0.00711
23	0.10798	0.02977	0.05650	0.03609	0.01301	0.17256	0.02558	0.05825	0.05484	0.03972	0.06772	0.23195	0.06702	0.00920	0.00536	0.00171	0.00526	0.00766	0.00401	0.00582

[dist]
# distance from previous block
# <min> <max>
0	9

[block]
# block no. 3 follows, 47 sequences, length 36
# corresponding to MSA columns:
# 116-151
name=unknown_D
#
# <colnr> <probs for GDERKNQSTAVLIFYWHMCP>
#	G	D	E	R	K	N	Q	S	T	A	V	L	I	F	Y	W	H	M	C	P
0	0.01053	0.00920	0.03647	0.22062	0.08187	0.02402	0.00949	0.11533	0.01315	0.03362	0.10379	0.17372	0.10639	0.03099	0.00625	0.00184	0.00494	0.00788	0.00399	0.00592
1	0.01517	0.05901	0.07305	0.01070	0.01460	0.01301	0.00928	0.31198	0.19087	0.06034	0.01543	0.01561	0.03560	0.00859	0.06160	0.00201	0.00575	0.00493	0.00450	0.08795
2	0.01120	0.04089	0.14794	0.01569	0.09368	0.01279	0.13182	0.01444	0.03572	0.01507	0.01062	0.07688	0.00972	0.00710	0.00921	0.00181	0.27406	0.00538	0.00273	0.08325
3	0.00749	0.00534	0.00679	0.00672	0.00714	0.00515	0.02930	0.00801	0.00868	0.01169	0.04368	0.23774	0.02330	0.53201	0.01935	0.00394	0.00453	0.00936	0.00366	0.02610
4	0.01722	0.01242	0.01344	0.01063	0.01422	0.02820	0.00856	0.49010	0.06389	0.08517	0.03802	0.05358	0.01247	0.05203	0.00639	0.00173	0.00519	0.00544	0.00497	0.07633
5	0.01301	0.01296	0.01294	0.01130	0.01338	0.22485	0.07885	0.06438	0.03598	0.01595	0.01421	0.01870	0.04027	0.01190	0.12574	0.00264	0.09818	0.05363	0.14534	0.00579
6	0.00673	0.00508	0.00643	0.00707	0.00763	0.00494	0.00488	0.00774	0.01028	0.01361	0.07941	0.53779	0.15120	0.08227	0.00871	0.00228	0.04229	0.01274	0.00463	0.00428
7	0.01707	0.01452	0.01389	0.01130	0.01498	0.13122	0.00903	0.36395	0.21403	0.04272	0.01389	0.01375	0.01031	0.00607	0.00501	0.00149	0.00563	0.00463	0.00465	0.10188
8	0.01306	0.01068	0.01177	0.00883	0.01310	0.06190	0.01965	0.08037	0.01259	0.07944	0.01103	0.03831	0.00905	0.00480	0.00427	0.00101	0.00450	0.00386	0.00356	0.60821
9	0.01306	0.09338	0.54387	0.01361	0.02013	0.04742	0.01609	0.12563	0.01325	0.05183	0.01005	0.01121	0.00721	0.00518	0.00485	0.00158	0.00716	0.00392	0.00284	0.00775
10	0.00822	0.00653	0.00981	0.12651	0.01392	0.00681	0.04947	0.01061	0.03489	0.01443	0.05123	0.26695	0.02543	0.08441	0.03355	0.00256	0.00501	0.24061	0.00416	0.00486
11	0.03462	0.01486	0.02341	0.06480	0.05981	0.10335	0.40349	0.18134	0.01507	0.03178	0.01065	0.01304	0.00796	0.00501	0.00559	0.00165	0.00777	0.00525	0.00326	0.00729
12	0.03136	0.13377	0.01815	0.29443	0.13096	0.01255	0.07648	0.01573	0.07110	0.03967	0.01054	0.01326	0.00831	0.00612	0.03136	0.00174	0.00634	0.00443	0.00285	0.09084
13	0.00890	0.02322	0.01020	0.12973	0.01375	0.00784	0.03074	0.03477	0.03503	0.04191	0.02511	0.38821	0.13110	0.01194	0.00711	0.00194	0.07882	0.01030	0.00418	0.00520
14	0.00861	0.00568	0.00711	0.00680	0.00832	0.00517	0.00514	0.01084	0.02864	0.08890	0.42911	0.13138	0.19673	0.01152	0.00614	0.00175	0.00285	0.03469	0.00546	0.00515
15	0.01088	0.01009	0.06283	0.00954	0.03797	0.02447	0.00765	0.06466	0.03501	0.03744	0.14729	0.11888	0.01869	0.00732	0.00550	0.00136	0.03979	0.00611	0.00395	0.35055
16	0.01123	0.03745	0.16826	0.00972	0.01298	0.00940	0.00910	0.06286	0.14199	0.09130	0.04870	0.15416	0.15564	0.02715	0.00645	0.00184	0.03316	0.00774	0.00438	0.00651
17	0.00803	0.00575	0.00706	0.00655	0.00808	0.00529	0.00497	0.03677	0.01448	0.04253	0.57727	0.03971	0.20212	0.01090	0.00608	0.00166	0.00267	0.00946	0.00554	0.00506
18	0.00685	0.00490	0.00650	0.00704	0.00763	0.00473	0.00488	0.00820	0.01088	0.01494	0.23093	0.44854	0.03478	0.09001	0.09130	0.00291	0.00420	0.01171	0.00471	0.00436
19	0.01756	0.05443	0.12176	0.01141	0.01541	0.18505	0.03224	0.11882	0.02973	0.25652	0.03902	0.04100	0.04070	0.00653	0.00512	0.00156	0.00616	0.00513	0.00439	0.00746
20	0.01726	0.00849	0.01128	0.00936	0.01236	0.00796	0.03103	0.09377	0.05102	0.42766	0.04639	0.20839	0.03344	0.00901	0.00565	0.00174	0.00425	0.00777	0.00571	0.00746
21	0.00983	0.00926	0.01562	0.80447	0.03587	0.01157	0.01446	0.01331	0.01041	0.01331	0.00926	0.01388	0.00694	0.00521	0.00521	0.00174	0.00694	0.00463	0.00231	0.00579
22	0.01073	0.01037	0.01875	0.26396	0.25005	0.01091	0.17175	0.01388	0.01110	0.01518	0.01237	0.10938	0.01121	0.00774	0.04144	0.00202	0.00687	0.00621	0.01956	0.00652
23	0.01355	0.09348	0.06575	0.01056	0.01483	0.05948	0.06033	0.17149	0.02764	0.03466	0.01166	0.07191	0.00999	0.00567	0.00463	0.00127	0.00530	0.00464	0.00357	0.32958
24	0.01212	0.02428	0.66932	0.01437	0.02153	0.01157	0.04085	0.01761	0.01152	0.11294	0.01078	0.01193	0.00742	0.00512	0.00502	0.00165	0.00732	0.00409	0.00274	0.00782
25	0.00666	0.00521	0.00603	0.00601	0.00739	0.00458	0.00444	0.00837	0.01278	0.01666	0.33685	0.13480	0.40652	0.01255	0.00621	0.00175	0.00261	0.01082	0.00519	0.00458
26	0.03086	0.01224	0.15462	0.03104	0.07156	0.00952	0.00997	0.01989	0.16905	0.25273	0.03948	0.04296	0.06388	0.03175	0.00587	0.00176	0.00489	0.00584	0.03461	0.00749
27	0.01170	0.01204	0.04261	0.25921	0.13204	0.06531	0.15896	0.03381	0.05645	0.01584	0.01164	0.05059	0.00964	0.00656	0.02259	0.00183	0.04261	0.00538	0.05466	0.00652
28	0.01083	0.00840	0.01219	0.14146	0.04453	0.01021	0.00914	0.01247	0.00923	0.08977	0.01201	0.01855	0.01105	0.15828	0.18959	0.00395	0.24451	0.00540	0.00298	0.00544
29	0.00692	0.00518	0.00706	0.00867	0.05338	0.00489	0.00564	0.00811	0.01042	0.01384	0.04780	0.61786	0.08592	0.03641	0.00708	0.00214	0.00335	0.06616	0.00468	0.00451
30	0.09481	0.01133	0.13197	0.02712	0.01176	0.08744	0.00781	0.01178	0.01158	0.03036	0.05671	0.09816	0.31985	0.03137	0.00611	0.00183	0.00461	0.04609	0.00399	0.00533
31	0.01241	0.17706	0.04108	0.23540	0.06383	0.09188	0.14994	0.01559	0.03443	0.01408	0.00929	0.01238	0.00757	0.00643	0.03250	0.00183	0.08090	0.00445	0.00251	0.00643
32	0.01054	0.01436	0.29264	0.01193	0.04233	0.00906	0.06170	0.06930	0.01080	0.01555	0.01172	0.07109	0.01031	0.01053	0.03089	0.24023	0.00609	0.00520	0.07008	0.00567
33	0.01053	0.01513	0.25380	0.01224	0.01599	0.05078	0.09251	0.05774	0.01260	0.01747	0.19388	0.06168	0.05803	0.00871	0.02830	0.00192	0.09234	0.00648	0.00357	0.00631
34	0.01460	0.01641	0.01232	0.01216	0.05822	0.42997	0.00865	0.03260	0.01243	0.01342	0.01085	0.01487	0.00972	0.07446	0.20943	0.00343	0.00960	0.00442	0.04684	0.00560
35	0.01535	0.03616	0.01367	0.19232	0.01847	0.01091	0.02985	0.21692	0.03434	0.19835	0.01613	0.13013	0.01343	0.02452	0.00580	0.00175	0.00527	0.00633	0.02313	0.00714

[dist]
# distance from previous block
# <min> <max>
2	5

[block]
# block no. 4 follows, 47 sequences, length 22
# corresponding to MSA columns:
# 157-178
name=unknown_E
#
# <colnr> <probs for GDERKNQSTAVLIFYWHMCP>
#	G	D	E	R	K	N	Q	S	T	A	V	L	I	F	Y	W	H	M	C	P
0	0.01303	0.01362	0.01311	0.01280	0.11603	0.23441	0.02665	0.01498	0.01190	0.01510	0.01121	0.08998	0.01058	0.04037	0.00557	0.00138	0.00585	0.00478	0.00306	0.35558
1	0.00698	0.00502	0.00616	0.00673	0.00747	0.00469	0.00463	0.02443	0.01102	0.01477	0.12327	0.48311	0.15132	0.08019	0.00798	0.00219	0.00309	0.01231	0.04027	0.00438
2	0.00719	0.00531	0.00676	0.00675	0.00797	0.00488	0.00513	0.00930	0.01351	0.01848	0.51016	0.12033	0.16073	0.01202	0.00631	0.00179	0.00280	0.09043	0.00540	0.00475
3	0.00968	0.02094	0.56783	0.01342	0.03746	0.01025	0.01571	0.01456	0.01128	0.01644	0.07192	0.09921	0.01464	0.00730	0.00540	0.00175	0.00655	0.06579	0.00296	0.00691
4	0.01892	0.01385	0.01501	0.01164	0.01552	0.01533	0.00955	0.70926	0.02319	0.03111	0.01240	0.01291	0.00900	0.00785	0.03220	0.03814	0.00595	0.00471	0.00500	0.00843
5	0.00757	0.00505	0.00568	0.00568	0.00568	0.00505	0.00316	0.00757	0.00757	0.01010	0.01641	0.03408	0.01893	0.81698	0.02651	0.00505	0.00505	0.00757	0.00316	0.00316
6	0.15335	0.41644	0.07619	0.00951	0.01367	0.03056	0.00906	0.14986	0.01296	0.01834	0.02721	0.04369	0.00904	0.00553	0.00400	0.00137	0.00539	0.00388	0.00312	0.00682
7	0.00888	0.00463	0.00695	0.00695	0.00704	0.00473	0.00473	0.00704	0.00695	0.00936	0.00955	0.01630	0.00945	0.02024	0.09979	0.76248	0.00549	0.00463	0.00232	0.00251
8	0.01471	0.59379	0.09154	0.01032	0.01471	0.17288	0.01004	0.01670	0.01144	0.01272	0.00758	0.00879	0.00668	0.00468	0.00375	0.00121	0.00651	0.00299	0.00232	0.00664
9	0.01237	0.00882	0.01003	0.00895	0.01146	0.00939	0.00695	0.02098	0.40661	0.12702	0.22166	0.04306	0.07339	0.00850	0.00559	0.00172	0.00361	0.00723	0.00553	0.00713
10	0.01280	0.01102	0.01627	0.50674	0.11840	0.01286	0.01345	0.21076	0.01426	0.01884	0.01017	0.01341	0.00760	0.00541	0.00520	0.00167	0.00654	0.00465	0.00310	0.00688
11	0.00744	0.00479	0.00656	0.00709	0.00737	0.00470	0.00480	0.00751	0.00932	0.01260	0.09870	0.43183	0.02682	0.06326	0.01210	0.25533	0.02156	0.01052	0.00400	0.00368
12	0.00651	0.00527	0.00578	0.00570	0.00726	0.00454	0.00426	0.00814	0.01263	0.01598	0.25920	0.07027	0.55112	0.01256	0.00617	0.00174	0.00260	0.01066	0.00509	0.00454
13	0.00705	0.00504	0.00673	0.00782	0.00843	0.00483	0.00581	0.00838	0.01051	0.01384	0.02837	0.50967	0.05532	0.06278	0.00797	0.00236	0.00368	0.24232	0.00472	0.00435
14	0.80486	0.01000	0.00792	0.00699	0.01026	0.01145	0.00576	0.01590	0.00922	0.06841	0.00803	0.00901	0.00607	0.00493	0.00334	0.00161	0.00405	0.00296	0.00341	0.00583
15	0.01534	0.57959	0.02358	0.00984	0.01407	0.05783	0.00914	0.16869	0.04937	0.01689	0.00900	0.00976	0.00756	0.00499	0.00388	0.00125	0.00572	0.00334	0.00300	0.00716
16	0.04993	0.01442	0.01534	0.01180	0.01593	0.01599	0.00974	0.73996	0.02392	0.03248	0.01231	0.01236	0.00874	0.00620	0.00514	0.00156	0.00567	0.00462	0.00514	0.00874
17	0.01783	0.01408	0.01447	0.05601	0.01620	0.08171	0.00953	0.57423	0.02109	0.02776	0.01266	0.03414	0.00984	0.04101	0.02409	0.00186	0.00612	0.00498	0.02450	0.00789
18	0.00726	0.00502	0.00624	0.00663	0.00689	0.00505	0.00428	0.00785	0.00854	0.01148	0.02001	0.24823	0.02298	0.46174	0.11629	0.00453	0.00559	0.04402	0.00365	0.00371
19	0.24356	0.04737	0.01287	0.11761	0.01609	0.01011	0.03978	0.02021	0.01236	0.40858	0.01440	0.01412	0.00963	0.00566	0.00464	0.00161	0.00490	0.00443	0.00466	0.00740
20	0.18840	0.01346	0.04995	0.06550	0.05384	0.01406	0.13988	0.32339	0.01613	0.02422	0.01028	0.01191	0.00766	0.00561	0.00564	0.00166	0.05274	0.00450	0.00375	0.00742
21	0.01630	0.01910	0.01270	0.01168	0.01392	0.54613	0.00876	0.01812	0.04291	0.03541	0.03317	0.07188	0.06058	0.04197	0.00637	0.00166	0.03290	0.01734	0.00330	0.00579

[dist]
# distance from previous block
# <min> <max>
0	1

[block]
# block no. 5 follows, 47 sequences, length 13
# corresponding to MSA columns:
# 180-192
name=unknown_F
#
# <colnr> <probs for GDERKNQSTAVLIFYWHMCP>
#	G	D	E	R	K	N	Q	S	T	A	V	L	I	F	Y	W	H	M	C	P
0	0.01247	0.01347	0.05152	0.25463	0.19536	0.12589	0.03647	0.04020	0.01141	0.01477	0.00923	0.01281	0.00761	0.00769	0.05262	0.00210	0.13818	0.00450	0.00255	0.00653
1	0.01111	0.01371	0.11038	0.01786	0.04406	0.01164	0.46052	0.01519	0.03171	0.01614	0.01529	0.06723	0.07784	0.00630	0.00651	0.00176	0.05046	0.00663	0.00298	0.03269
2	0.00668	0.00529	0.00685	0.00709	0.00824	0.00476	0.03228	0.00809	0.01133	0.01459	0.11513	0.39213	0.30928	0.01406	0.00642	0.00193	0.00311	0.04341	0.00485	0.00449
3	0.01254	0.00816	0.00907	0.00806	0.01055	0.00839	0.00629	0.05002	0.26742	0.15017	0.06212	0.05047	0.18597	0.00856	0.00529	0.00165	0.00354	0.00712	0.13790	0.00672
4	0.01293	0.01166	0.01236	0.10028	0.01619	0.05231	0.00904	0.02570	0.65048	0.02037	0.01919	0.01830	0.01442	0.00677	0.00526	0.00174	0.00471	0.00562	0.00483	0.00785
5	0.00663	0.00499	0.00615	0.00660	0.00757	0.00451	0.00472	0.00811	0.01183	0.01562	0.23890	0.37893	0.23762	0.01389	0.00639	0.00190	0.00282	0.03327	0.00508	0.00448
6	0.01463	0.06692	0.01363	0.05452	0.06122	0.20870	0.00904	0.07751	0.12802	0.08946	0.07313	0.01823	0.03943	0.01034	0.09434	0.00232	0.00693	0.02102	0.00393	0.00670
7	0.00676	0.00480	0.00595	0.00669	0.00706	0.00455	0.00437	0.00749	0.00949	0.01248	0.02713	0.48766	0.09599	0.25515	0.01255	0.00297	0.00365	0.03699	0.00433	0.00394
8	0.01510	0.02634	0.01430	0.20117	0.01918	0.16629	0.02930	0.14109	0.01392	0.10531	0.02500	0.01443	0.00957	0.03434	0.00703	0.00174	0.09383	0.00466	0.07084	0.00655
9	0.00840	0.00500	0.00600	0.00619	0.00707	0.00519	0.00450	0.01021	0.00981	0.01571	0.01802	0.14623	0.01713	0.09499	0.20464	0.00352	0.00566	0.00687	0.42031	0.00454
10	0.07403	0.00948	0.01412	0.33528	0.04814	0.01083	0.07526	0.09698	0.01215	0.01772	0.03898	0.06533	0.01129	0.00641	0.00563	0.00168	0.04487	0.00547	0.12032	0.00604
11	0.03385	0.23409	0.01857	0.05613	0.01580	0.05442	0.05954	0.19496	0.05510	0.01852	0.01339	0.01466	0.07303	0.00656	0.00659	0.00159	0.12820	0.00472	0.00341	0.00686
12	0.08251	0.05252	0.05619	0.01160	0.08844	0.09414	0.00871	0.09591	0.01323	0.12672	0.04436	0.08618	0.12006	0.03655	0.00646	0.00178	0.03884	0.02521	0.00410	0.00649

[dist]
# distance from previous block
# <min> <max>
1	8

[block]
# block no. 6 follows, 47 sequences, length 22
# corresponding to MSA columns:
# 201-222
name=unknown_G
#
# <colnr> <probs for GDERKNQSTAVLIFYWHMCP>
#	G	D	E	R	K	N	Q	S	T	A	V	L	I	F	Y	W	H	M	C	P
0	0.03293	0.02771	0.03969	0.09288	0.06814	0.04623	0.06462	0.03262	0.18762	0.05226	0.05626	0.04603	0.09039	0.07128	0.03972	0.00225	0.00558	0.03341	0.00399	0.00640
1	0.00651	0.00496	0.00598	0.00642	0.00743	0.00444	0.00455	0.00789	0.01167	0.01522	0.20221	0.38303	0.29287	0.01400	0.00637	0.00189	0.00277	0.01232	0.00503	0.00444
2	0.01204	0.01053	0.01321	0.05271	0.03755	0.04923	0.03997	0.15153	0.03304	0.01737	0.07884	0.01941	0.03062	0.13231	0.06306	0.00274	0.22486	0.00572	0.01931	0.00594
3	0.00749	0.00511	0.00589	0.00604	0.00634	0.00501	0.00376	0.00795	0.00865	0.01151	0.04441	0.08082	0.07924	0.61026	0.02132	0.00425	0.00460	0.06277	0.02106	0.00352
4	0.01086	0.02405	0.62000	0.01643	0.02359	0.01233	0.18635	0.01653	0.01129	0.01653	0.00961	0.01168	0.00689	0.00482	0.00522	0.00167	0.00794	0.00436	0.00230	0.00755
5	0.00803	0.00576	0.00780	0.00877	0.00986	0.00567	0.00737	0.01009	0.01163	0.01515	0.05935	0.10552	0.07248	0.07455	0.00851	0.00251	0.00448	0.57314	0.00472	0.00462
6	0.09355	0.31211	0.03412	0.01194	0.05884	0.28947	0.00957	0.05505	0.04894	0.01543	0.02235	0.01031	0.00798	0.00515	0.00418	0.00134	0.00673	0.00347	0.00285	0.00662
7	0.03780	0.01272	0.05031	0.26015	0.17370	0.14534	0.01182	0.02556	0.03489	0.01487	0.01223	0.11068	0.01131	0.03263	0.02856	0.00194	0.00667	0.00569	0.00294	0.02019
8	0.04590	0.10587	0.14063	0.04233	0.19694	0.10957	0.01164	0.01681	0.03453	0.09849	0.11323	0.01658	0.03358	0.00606	0.00496	0.00153	0.00587	0.00496	0.00347	0.00705
9	0.01233	0.01312	0.04634	0.06438	0.35116	0.04965	0.22648	0.03022	0.01203	0.01636	0.01224	0.04004	0.03582	0.00575	0.00610	0.00169	0.04486	0.02141	0.00281	0.00721
10	0.00655	0.00479	0.00616	0.00688	0.00754	0.00440	0.00475	0.00783	0.01121	0.01502	0.19394	0.56184	0.12039	0.01475	0.00648	0.00197	0.00286	0.01322	0.00503	0.00440
11	0.03836	0.12273	0.18017	0.01158	0.01545	0.30125	0.01080	0.05540	0.03856	0.03431	0.01036	0.01187	0.00822	0.00729	0.05027	0.00181	0.00750	0.00384	0.08366	0.00655
12	0.05733	0.24908	0.30111	0.04974	0.01833	0.03881	0.04707	0.05214	0.01153	0.05349	0.00937	0.01104	0.00727	0.00618	0.02956	0.00172	0.04270	0.00381	0.00267	0.00705
13	0.00763	0.00538	0.00650	0.00669	0.00725	0.00531	0.00453	0.00908	0.03933	0.01362	0.15336	0.14260	0.05087	0.41786	0.01656	0.00352	0.00419	0.09754	0.00416	0.00403
14	0.00615	0.00528	0.00528	0.00528	0.00703	0.00440	0.00396	0.00747	0.01187	0.01407	0.05276	0.05012	0.78238	0.01319	0.00615	0.00176	0.00264	0.01099	0.00484	0.00440
15	0.01259	0.04014	0.21643	0.14956	0.07308	0.06195	0.01247	0.11243	0.02509	0.05804	0.01279	0.01499	0.03473	0.00974	0.10115	0.00241	0.00736	0.00469	0.04350	0.00687
16	0.01079	0.00897	0.07678	0.04268	0.01332	0.00754	0.08142	0.01369	0.04663	0.14046	0.15516	0.25923	0.07359	0.01029	0.00634	0.00183	0.03154	0.00914	0.00464	0.00597
17	0.00631	0.00466	0.00591	0.00690	0.00746	0.00426	0.00468	0.00729	0.01030	0.01343	0.03294	0.67923	0.16606	0.01577	0.00656	0.00205	0.00295	0.01413	0.00483	0.00426
18	0.01083	0.09452	0.69870	0.01491	0.04736	0.01283	0.01824	0.01640	0.01099	0.01615	0.00918	0.01083	0.00666	0.00490	0.00482	0.00160	0.00746	0.00378	0.00221	0.00763
19	0.01466	0.08916	0.07389	0.01465	0.12157	0.17423	0.06159	0.07945	0.03862	0.09070	0.03759	0.08902	0.03176	0.00692	0.00585	0.00160	0.05264	0.00561	0.00357	0.00691
20	0.01509	0.00875	0.01035	0.00860	0.01135	0.00871	0.00687	0.22430	0.01651	0.22202	0.17874	0.05600	0.07989	0.02618	0.00592	0.00169	0.00403	0.02603	0.08208	0.00692
21	0.03093	0.06322	0.00792	0.00719	0.00818	0.00590	0.00526	0.00892	0.01127	0.01548	0.22119	0.45624	0.05069	0.03973	0.00685	0.00201	0.00323	0.04641	0.00478	0.00462

[dist]
# distance from previous block
# <min> <max>
0	17

# created by:
# /st0/software/busco_prod/Augustus/scripts/msa2prfl.pl ./align_prep/73932.fa
