[name]
unknown

[dist]
# distance from previous block
# <min> <max>
13	148

[block]
# block no. 0 follows, 50 sequences, length 26
# corresponding to MSA columns:
# 406-431
name=unknown_A
#
# <colnr> <probs for GDERKNQSTAVLIFYWHMCP>
#	G	D	E	R	K	N	Q	S	T	A	V	L	I	F	Y	W	H	M	C	P
0	0.01823	0.01410	0.01484	0.01153	0.01534	0.07588	0.03667	0.62748	0.02140	0.05874	0.01356	0.01357	0.04282	0.00615	0.00502	0.00150	0.00568	0.00472	0.00474	0.00802
1	0.01274	0.01024	0.01029	0.00938	0.01146	0.09810	0.00710	0.23513	0.10282	0.05787	0.01955	0.36401	0.01984	0.01017	0.00554	0.00173	0.00451	0.00870	0.00463	0.00619
2	0.01054	0.06015	0.73096	0.01384	0.02092	0.01210	0.01759	0.04917	0.01107	0.01629	0.00899	0.01048	0.00641	0.00477	0.00468	0.00155	0.00720	0.00367	0.00223	0.00737
3	0.01145	0.01266	0.04943	0.24782	0.02000	0.11839	0.01193	0.01343	0.00930	0.01241	0.00748	0.01133	0.00655	0.00698	0.01094	0.00188	0.43598	0.00420	0.00224	0.00560
4	0.01204	0.01141	0.01486	0.58885	0.02905	0.10300	0.01264	0.13953	0.01266	0.01575	0.00924	0.01258	0.00692	0.00517	0.00493	0.00159	0.00672	0.00430	0.00271	0.00605
5	0.06199	0.01008	0.01214	0.00951	0.01325	0.00999	0.00780	0.20508	0.09408	0.49620	0.01725	0.01549	0.01136	0.00611	0.00492	0.00155	0.00449	0.00483	0.00562	0.00827
6	0.01770	0.02111	0.01396	0.03072	0.01547	0.64080	0.00957	0.10376	0.01462	0.01433	0.00846	0.00999	0.00696	0.00691	0.04445	0.00167	0.02718	0.00351	0.00283	0.00600
7	0.01895	0.01396	0.01496	0.01147	0.01546	0.01546	0.00947	0.77711	0.02344	0.03141	0.01197	0.01197	0.00848	0.00598	0.00499	0.00150	0.00548	0.00449	0.00499	0.00848
8	0.00968	0.00913	0.01543	0.74163	0.10346	0.01114	0.01398	0.01297	0.01009	0.01306	0.00891	0.01320	0.00676	0.00493	0.00498	0.00164	0.00658	0.00443	0.00224	0.00575
9	0.00725	0.00483	0.00544	0.00544	0.00544	0.00483	0.00302	0.00725	0.00725	0.00966	0.01571	0.03262	0.01812	0.82483	0.02537	0.00483	0.00483	0.00725	0.00302	0.00302
10	0.01000	0.02578	0.79900	0.01421	0.02157	0.01158	0.01842	0.01579	0.01052	0.01579	0.00895	0.01052	0.00631	0.00474	0.00474	0.00158	0.00737	0.00368	0.00210	0.00737
11	0.01216	0.01166	0.01991	0.07777	0.74794	0.01180	0.01521	0.01514	0.01127	0.01607	0.00934	0.01239	0.00782	0.00447	0.00494	0.00149	0.00597	0.00444	0.00245	0.00775
12	0.01034	0.00886	0.01034	0.00738	0.01181	0.00664	0.00591	0.01255	0.01034	0.01624	0.00886	0.01034	0.00738	0.00369	0.00369	0.00074	0.00369	0.00295	0.00295	0.85530
13	0.01108	0.00911	0.01092	0.07726	0.01308	0.03161	0.04505	0.23139	0.01414	0.01838	0.05566	0.05960	0.22816	0.09573	0.03952	0.00223	0.04026	0.00710	0.00405	0.00568
14	0.01333	0.82783	0.02612	0.00853	0.01279	0.01972	0.00853	0.01493	0.01013	0.01173	0.00693	0.00800	0.00640	0.00426	0.00320	0.00107	0.00533	0.00267	0.00213	0.00640
15	0.00712	0.00534	0.00801	0.00801	0.00890	0.00623	0.00623	0.00890	0.00801	0.01157	0.01335	0.01958	0.01246	0.03738	0.80507	0.00801	0.01335	0.00534	0.00267	0.00445
16	0.00642	0.00507	0.00578	0.00561	0.00706	0.00443	0.00420	0.00818	0.01261	0.01644	0.38808	0.04308	0.45227	0.01151	0.00589	0.00163	0.00245	0.00983	0.00502	0.00443
17	0.01118	0.12918	0.40910	0.01481	0.02052	0.04724	0.21426	0.01555	0.01104	0.01522	0.04167	0.01201	0.00837	0.00487	0.00512	0.00154	0.02477	0.00434	0.00238	0.00685
18	0.00712	0.00534	0.00801	0.00801	0.00890	0.00623	0.00623	0.00890	0.00801	0.01157	0.01335	0.01958	0.01246	0.03738	0.80507	0.00801	0.01335	0.00534	0.00267	0.00445
19	0.00625	0.00446	0.00598	0.00714	0.00750	0.00420	0.00493	0.00724	0.00971	0.01292	0.02738	0.75355	0.03259	0.01545	0.00641	0.00205	0.00304	0.08047	0.00462	0.00410
20	0.01063	0.01092	0.02011	0.36278	0.07675	0.01236	0.26424	0.01384	0.01024	0.01390	0.00889	0.01286	0.00701	0.00534	0.00725	0.00175	0.14783	0.00490	0.00233	0.00606
21	0.01482	0.15603	0.28288	0.01260	0.01708	0.40670	0.01244	0.01769	0.01225	0.01334	0.00800	0.00935	0.00638	0.00486	0.00436	0.00135	0.00784	0.00328	0.00234	0.00642
22	0.55067	0.00994	0.01033	0.01102	0.13670	0.01099	0.00746	0.03183	0.00972	0.04841	0.03027	0.01031	0.00749	0.00500	0.00431	0.00151	0.04694	0.00339	0.00315	0.06056
23	0.01133	0.34806	0.48844	0.01193	0.01805	0.01485	0.01444	0.01544	0.01036	0.01415	0.00814	0.00951	0.00635	0.00455	0.00412	0.00137	0.00655	0.00327	0.00212	0.00698
24	0.00949	0.00879	0.01266	0.11405	0.01419	0.01168	0.00951	0.01095	0.00800	0.01180	0.00924	0.01505	0.00892	0.07876	0.21105	0.00376	0.44985	0.00484	0.00237	0.00503
25	0.01828	0.01397	0.01407	0.01108	0.01475	0.08696	0.00902	0.61523	0.02124	0.07206	0.01397	0.03137	0.04189	0.00641	0.00501	0.00150	0.00556	0.00487	0.00481	0.00795

[dist]
# distance from previous block
# <min> <max>
0	2

[block]
# block no. 1 follows, 50 sequences, length 43
# corresponding to MSA columns:
# 434-476
name=unknown_B
#
# <colnr> <probs for GDERKNQSTAVLIFYWHMCP>
#	G	D	E	R	K	N	Q	S	T	A	V	L	I	F	Y	W	H	M	C	P
0	0.01213	0.01724	0.36884	0.01145	0.01666	0.01089	0.01236	0.12396	0.12790	0.06596	0.01395	0.01443	0.04932	0.00628	0.02179	0.00162	0.00583	0.00447	0.00345	0.11148
1	0.03016	0.01402	0.01348	0.01141	0.01355	0.22681	0.00915	0.08278	0.04607	0.09958	0.01053	0.01215	0.02445	0.00664	0.00866	0.00162	0.28730	0.00414	0.00324	0.09426
2	0.01234	0.01184	0.02023	0.03059	0.79373	0.01184	0.01530	0.01530	0.01135	0.01628	0.00938	0.01234	0.00790	0.00444	0.00493	0.00148	0.00592	0.00444	0.00247	0.00790
3	0.00639	0.00495	0.00582	0.00585	0.00710	0.00438	0.00429	0.00803	0.01218	0.01598	0.34589	0.16911	0.36786	0.01213	0.00596	0.00169	0.00251	0.01050	0.00498	0.00438
4	0.00704	0.00536	0.00771	0.00792	0.00855	0.00609	0.00594	0.00846	0.00841	0.01187	0.01712	0.25219	0.01824	0.05401	0.50233	0.00583	0.05745	0.00790	0.00322	0.00435
5	0.13313	0.01116	0.02049	0.01513	0.01934	0.01060	0.42996	0.01743	0.01183	0.21667	0.01302	0.05656	0.00983	0.00537	0.00529	0.00164	0.00641	0.00565	0.00365	0.00685
6	0.00929	0.00465	0.00465	0.00465	0.00581	0.00465	0.00348	0.01161	0.01045	0.01858	0.01626	0.01858	0.01278	0.00581	0.00348	0.00116	0.00232	0.00465	0.85250	0.00465
7	0.00664	0.00483	0.00625	0.00641	0.00732	0.00445	0.00461	0.00841	0.01237	0.01707	0.48011	0.30427	0.09428	0.01220	0.00604	0.00173	0.00255	0.01087	0.00514	0.00445
8	0.01000	0.02578	0.79900	0.01421	0.02157	0.01158	0.01842	0.01579	0.01052	0.01579	0.00895	0.01052	0.00631	0.00474	0.00474	0.00158	0.00737	0.00368	0.00210	0.00737
9	0.01894	0.01429	0.01493	0.01152	0.01546	0.04230	0.00948	0.75136	0.02312	0.03076	0.01182	0.01187	0.00841	0.00595	0.00497	0.00149	0.00560	0.00444	0.00490	0.00838
10	0.00607	0.00434	0.00578	0.00694	0.00723	0.00405	0.00463	0.00694	0.00954	0.01272	0.02747	0.82157	0.03297	0.01562	0.00636	0.00202	0.00289	0.01417	0.00463	0.00405
11	0.00941	0.00886	0.01495	0.81285	0.03433	0.01107	0.01384	0.01274	0.00997	0.01274	0.00886	0.01329	0.00664	0.00498	0.00498	0.00166	0.00664	0.00443	0.00221	0.00554
12	0.00705	0.00510	0.00666	0.00627	0.00745	0.00470	0.00470	0.00941	0.01411	0.01999	0.79110	0.03723	0.04703	0.01019	0.00588	0.00157	0.00235	0.00901	0.00549	0.00470
13	0.02227	0.00863	0.01166	0.00894	0.01280	0.00755	0.00739	0.04511	0.01452	0.77601	0.01945	0.01683	0.01223	0.00616	0.00501	0.00154	0.00428	0.00500	0.00614	0.00848
14	0.00607	0.00434	0.00578	0.00694	0.00723	0.00405	0.00463	0.00694	0.00954	0.01272	0.02747	0.82157	0.03297	0.01562	0.00636	0.00202	0.00289	0.01417	0.00463	0.00405
15	0.01265	0.01123	0.01138	0.01025	0.01306	0.04401	0.00796	0.02622	0.75399	0.02051	0.01979	0.01821	0.01486	0.00670	0.00505	0.00167	0.00415	0.00554	0.00497	0.00781
16	0.01890	0.01526	0.01485	0.01165	0.01545	0.12022	0.00949	0.67661	0.02220	0.02886	0.01140	0.01157	0.00820	0.00587	0.00492	0.00147	0.00595	0.00432	0.00467	0.00812
17	0.01862	0.02376	0.01413	0.01284	0.01541	0.80482	0.00963	0.01990	0.01413	0.01220	0.00770	0.00899	0.00642	0.00514	0.00449	0.00128	0.00899	0.00321	0.00257	0.00578
18	0.01060	0.00909	0.01045	0.00773	0.01196	0.00737	0.00616	0.01431	0.10800	0.01682	0.01030	0.01138	0.00837	0.00408	0.00387	0.00086	0.00372	0.00329	0.00322	0.74843
19	0.00592	0.00493	0.00518	0.00538	0.00682	0.00418	0.00393	0.00712	0.01105	0.01334	0.04650	0.18232	0.65995	0.01314	0.00597	0.00174	0.00259	0.01115	0.00463	0.00418
20	0.01895	0.01396	0.01496	0.01147	0.01546	0.01546	0.00947	0.77711	0.02344	0.03141	0.01197	0.01197	0.00848	0.00598	0.00499	0.00150	0.00548	0.00449	0.00499	0.00848
21	0.00866	0.00433	0.00649	0.00649	0.00649	0.00433	0.00433	0.00649	0.00649	0.00866	0.00866	0.01515	0.00866	0.01732	0.01948	0.85498	0.00433	0.00433	0.00216	0.00216
22	0.00607	0.00507	0.00516	0.00521	0.00685	0.00428	0.00395	0.00740	0.01134	0.01366	0.04858	0.04751	0.73943	0.01249	0.00587	0.00169	0.00260	0.04105	0.02753	0.00424
23	0.01208	0.01242	0.06026	0.06635	0.71826	0.01179	0.01539	0.01520	0.01124	0.01609	0.00933	0.01229	0.00776	0.00448	0.00493	0.00149	0.00603	0.00440	0.00244	0.00776
24	0.01139	0.24130	0.55925	0.01246	0.01885	0.01360	0.01531	0.01589	0.01057	0.04586	0.00883	0.01010	0.00658	0.00467	0.00433	0.00144	0.00669	0.00346	0.00227	0.00715
25	0.00725	0.00483	0.00544	0.00544	0.00544	0.00483	0.00302	0.00725	0.00725	0.00966	0.01571	0.03262	0.01812	0.82483	0.02537	0.00483	0.00483	0.00725	0.00302	0.00302
26	0.86003	0.00964	0.00733	0.00655	0.00964	0.01118	0.00540	0.01465	0.00848	0.02236	0.00694	0.00810	0.00540	0.00463	0.00308	0.00154	0.00386	0.00270	0.00308	0.00540
27	0.00932	0.02115	0.62216	0.01245	0.01842	0.01003	0.01535	0.01431	0.01122	0.01656	0.16656	0.03388	0.01509	0.00607	0.00500	0.00159	0.00626	0.00499	0.00284	0.00676
28	0.01620	0.36914	0.07804	0.00917	0.01348	0.01352	0.00871	0.04744	0.03846	0.28621	0.01228	0.01197	0.00890	0.00507	0.00411	0.00129	0.00496	0.00375	0.00380	0.06352
29	0.86003	0.00964	0.00733	0.00655	0.00964	0.01118	0.00540	0.01465	0.00848	0.02236	0.00694	0.00810	0.00540	0.00463	0.00308	0.00154	0.00386	0.00270	0.00308	0.00540
30	0.00589	0.00505	0.00505	0.00505	0.00673	0.00421	0.00379	0.00715	0.01136	0.01347	0.05049	0.04797	0.79171	0.01262	0.00589	0.00168	0.00252	0.01052	0.00463	0.00421
31	0.29433	0.24769	0.04660	0.00960	0.01301	0.28826	0.00827	0.01659	0.01098	0.01556	0.00728	0.00847	0.00607	0.00470	0.00367	0.00132	0.00619	0.00291	0.00260	0.00589
32	0.01089	0.01972	0.47236	0.01479	0.02071	0.01140	0.19300	0.01684	0.08945	0.04162	0.05224	0.01365	0.00986	0.00515	0.00511	0.00161	0.00690	0.00472	0.00281	0.00716
33	0.00595	0.00505	0.00513	0.00511	0.00677	0.00423	0.00383	0.00727	0.01150	0.01380	0.08880	0.04741	0.75319	0.01250	0.00589	0.00168	0.00252	0.01044	0.00467	0.00423
34	0.00854	0.01238	0.27492	0.00899	0.01247	0.00729	0.00940	0.01227	0.03809	0.04194	0.36717	0.02853	0.14116	0.00846	0.00544	0.00159	0.00419	0.00719	0.00422	0.00576
35	0.01343	0.01364	0.01549	0.01867	0.31862	0.19374	0.03419	0.07963	0.10909	0.01668	0.01408	0.09480	0.04310	0.00646	0.00507	0.00153	0.00598	0.00558	0.00333	0.00688
36	0.00643	0.00480	0.00689	0.00762	0.00817	0.00450	0.03637	0.00755	0.00985	0.01315	0.04574	0.72936	0.03206	0.01492	0.00636	0.00201	0.00319	0.05229	0.00456	0.00420
37	0.00627	0.00442	0.00587	0.00699	0.00735	0.00415	0.00477	0.00725	0.00967	0.01301	0.02709	0.75848	0.03215	0.01523	0.00630	0.00201	0.00296	0.05248	0.02945	0.00409
38	0.06341	0.00977	0.01457	0.35737	0.02322	0.01072	0.07798	0.10790	0.04526	0.19507	0.01276	0.03919	0.00936	0.00569	0.00501	0.00162	0.00572	0.00495	0.00372	0.00671
39	0.00964	0.02776	0.06028	0.43555	0.06915	0.01048	0.01169	0.04333	0.00999	0.01340	0.01011	0.01526	0.00858	0.07278	0.13684	0.00292	0.04950	0.00471	0.00247	0.00555
40	0.01413	0.00745	0.00832	0.00700	0.00934	0.00752	0.00558	0.17764	0.01403	0.18701	0.01607	0.01683	0.01177	0.00592	0.00413	0.00131	0.00341	0.00469	0.49158	0.00628
41	0.01213	0.01112	0.01875	0.02792	0.70426	0.01107	0.01413	0.01486	0.01123	0.03878	0.01095	0.06371	0.00982	0.02314	0.00547	0.00159	0.00566	0.00513	0.00272	0.00756
42	0.02890	0.01236	0.01709	0.10715	0.37339	0.04764	0.02961	0.19943	0.06615	0.01977	0.01056	0.01249	0.00825	0.00503	0.00488	0.00148	0.00583	0.00442	0.00326	0.04231

[dist]
# distance from previous block
# <min> <max>
1	2

[block]
# block no. 2 follows, 50 sequences, length 101
# corresponding to MSA columns:
# 479-579
name=unknown_C
#
# <colnr> <probs for GDERKNQSTAVLIFYWHMCP>
#	G	D	E	R	K	N	Q	S	T	A	V	L	I	F	Y	W	H	M	C	P
0	0.01085	0.00890	0.01453	0.70627	0.03149	0.01069	0.01299	0.02600	0.01061	0.09016	0.00997	0.01357	0.00725	0.00509	0.00496	0.00163	0.00634	0.00446	0.00266	0.02155
1	0.09972	0.10885	0.03245	0.28875	0.02065	0.03971	0.01030	0.16924	0.11400	0.03194	0.01117	0.03284	0.00872	0.00558	0.00460	0.00154	0.00558	0.00441	0.00336	0.00659
2	0.00777	0.00558	0.00751	0.00767	0.00847	0.00603	0.00583	0.03721	0.00918	0.01256	0.01719	0.05241	0.01797	0.24472	0.36620	0.00549	0.00853	0.17214	0.00333	0.00423
3	0.01206	0.42917	0.17767	0.01088	0.01539	0.01562	0.06443	0.03080	0.01037	0.01370	0.00794	0.00967	0.00673	0.00538	0.02083	0.00142	0.07558	0.00336	0.00231	0.08670
4	0.01123	0.01072	0.01824	0.32624	0.50673	0.01155	0.01475	0.01433	0.01083	0.01494	0.00918	0.01270	0.00742	0.00465	0.00495	0.00155	0.00619	0.00444	0.00237	0.00700
5	0.00596	0.00505	0.00514	0.00512	0.00677	0.00424	0.00384	0.00728	0.01152	0.01383	0.09203	0.04737	0.74995	0.01249	0.00589	0.00168	0.00252	0.01044	0.00468	0.00424
6	0.01000	0.02578	0.79900	0.01421	0.02157	0.01158	0.01842	0.01579	0.01052	0.01579	0.00895	0.01052	0.00631	0.00474	0.00474	0.00158	0.00737	0.00368	0.00210	0.00737
7	0.00706	0.00500	0.00673	0.00691	0.00742	0.00539	0.00486	0.00813	0.00807	0.01133	0.01640	0.14888	0.01752	0.29015	0.40345	0.00585	0.00863	0.00732	0.02699	0.00393
8	0.01000	0.02578	0.79900	0.01421	0.02157	0.01158	0.01842	0.01579	0.01052	0.01579	0.00895	0.01052	0.00631	0.00474	0.00474	0.00158	0.00737	0.00368	0.00210	0.00737
9	0.01339	0.00585	0.00682	0.00597	0.00798	0.00549	0.00469	0.01559	0.01165	0.26279	0.01733	0.01808	0.01264	0.00592	0.00396	0.00128	0.00292	0.00476	0.58705	0.00585
10	0.00598	0.00480	0.00534	0.00573	0.00692	0.00416	0.00410	0.00712	0.01078	0.01333	0.05678	0.31647	0.51379	0.01362	0.00605	0.00180	0.00265	0.01176	0.00464	0.00416
11	0.00947	0.00892	0.01505	0.79739	0.04934	0.01109	0.01387	0.01279	0.00999	0.01281	0.00887	0.01327	0.00667	0.00497	0.00498	0.00166	0.00663	0.00443	0.00222	0.00558
12	0.00964	0.00475	0.00483	0.00476	0.00599	0.00472	0.00359	0.01195	0.01056	0.03945	0.01635	0.01854	0.01276	0.00582	0.00353	0.00117	0.00237	0.00466	0.82981	0.00475
13	0.00607	0.00434	0.00578	0.00694	0.00723	0.00405	0.00463	0.00694	0.00954	0.01272	0.02747	0.82157	0.03297	0.01562	0.00636	0.00202	0.00289	0.01417	0.00463	0.00405
14	0.01234	0.01184	0.02023	0.03059	0.79373	0.01184	0.01530	0.01530	0.01135	0.01628	0.00938	0.01234	0.00790	0.00444	0.00493	0.00148	0.00592	0.00444	0.00247	0.00790
15	0.02236	0.00848	0.01157	0.00887	0.01272	0.00733	0.00733	0.02429	0.01427	0.79719	0.01966	0.01697	0.01234	0.00617	0.00501	0.00154	0.00424	0.00501	0.00617	0.00848
16	0.00612	0.00506	0.00536	0.00529	0.00687	0.00430	0.00397	0.00759	0.01190	0.01474	0.19476	0.04588	0.64665	0.01215	0.00589	0.00166	0.00249	0.01023	0.00480	0.00430
17	0.00758	0.00542	0.00748	0.00841	0.00942	0.00532	0.00702	0.00966	0.01154	0.01529	0.13526	0.17531	0.03197	0.01355	0.00666	0.00215	0.00400	0.53470	0.00472	0.00452
18	0.01862	0.02376	0.01413	0.01284	0.01541	0.80482	0.00963	0.01990	0.01413	0.01220	0.00770	0.00899	0.00642	0.00514	0.00449	0.00128	0.00899	0.00321	0.00257	0.00578
19	0.01862	0.02376	0.01413	0.01284	0.01541	0.80482	0.00963	0.01990	0.01413	0.01220	0.00770	0.00899	0.00642	0.00514	0.00449	0.00128	0.00899	0.00321	0.00257	0.00578
20	0.01467	0.01184	0.01255	0.01060	0.01383	0.01346	0.00844	0.28722	0.52029	0.02452	0.01740	0.01629	0.01287	0.00649	0.00504	0.00162	0.00448	0.00524	0.00504	0.00809
21	0.00866	0.00433	0.00649	0.00649	0.00649	0.00433	0.00433	0.00649	0.00649	0.00866	0.00866	0.01515	0.00866	0.01732	0.01948	0.85498	0.00433	0.00433	0.00216	0.00216
22	0.86003	0.00964	0.00733	0.00655	0.00964	0.01118	0.00540	0.01465	0.00848	0.02236	0.00694	0.00810	0.00540	0.00463	0.00308	0.00154	0.00386	0.00270	0.00308	0.00540
23	0.00607	0.00434	0.00578	0.00694	0.00723	0.00405	0.00463	0.00694	0.00954	0.01272	0.02747	0.82157	0.03297	0.01562	0.00636	0.00202	0.00289	0.01417	0.00463	0.00405
24	0.01862	0.02376	0.01413	0.01284	0.01541	0.80482	0.00963	0.01990	0.01413	0.01220	0.00770	0.00899	0.00642	0.00514	0.00449	0.00128	0.00899	0.00321	0.00257	0.00578
25	0.00687	0.00546	0.02746	0.00662	0.00775	0.00471	0.00503	0.00892	0.01283	0.01796	0.56747	0.23012	0.05714	0.01143	0.00597	0.00168	0.00262	0.01017	0.00517	0.00460
26	0.00649	0.00505	0.00590	0.00573	0.00711	0.00446	0.00428	0.00830	0.01272	0.01678	0.42877	0.06432	0.38928	0.01146	0.00590	0.00163	0.00245	0.00985	0.00507	0.00446
27	0.00607	0.00434	0.00578	0.00694	0.00723	0.00405	0.00463	0.00694	0.00954	0.01272	0.02747	0.82157	0.03297	0.01562	0.00636	0.00202	0.00289	0.01417	0.00463	0.00405
28	0.01386	0.01334	0.01299	0.08620	0.06495	0.16729	0.00933	0.10023	0.41384	0.01919	0.03628	0.01566	0.01241	0.00615	0.00496	0.00157	0.00542	0.00495	0.00416	0.00723
29	0.01034	0.00886	0.01034	0.00738	0.01181	0.00664	0.00591	0.01255	0.01034	0.01624	0.00886	0.01034	0.00738	0.00369	0.00369	0.00074	0.00369	0.00295	0.00295	0.85530
30	0.01282	0.70587	0.14365	0.00939	0.01413	0.01848	0.01003	0.01506	0.01019	0.01234	0.00724	0.00838	0.00638	0.00434	0.00343	0.00114	0.00564	0.00282	0.00213	0.00654
31	0.01090	0.01206	0.02582	0.01887	0.02319	0.01130	0.65839	0.01459	0.01143	0.01547	0.01273	0.13633	0.01143	0.00594	0.00596	0.00173	0.00757	0.00714	0.00284	0.00632
32	0.01091	0.01091	0.01527	0.01309	0.01309	0.01527	0.01091	0.01200	0.00763	0.01200	0.00654	0.01091	0.00654	0.00872	0.01636	0.00218	0.81570	0.00436	0.00218	0.00545
33	0.01776	0.01067	0.01278	0.00991	0.01372	0.01063	0.02725	0.27458	0.11079	0.30587	0.01643	0.01544	0.03257	0.00600	0.00489	0.00145	0.00461	0.00483	0.00510	0.11473
34	0.01148	0.00608	0.00808	0.00702	0.00897	0.00546	0.00546	0.01371	0.01415	0.24490	0.56785	0.03137	0.03699	0.00903	0.00563	0.00156	0.00290	0.00786	0.00568	0.00580
35	0.00685	0.00502	0.00641	0.00620	0.00735	0.00459	0.00460	0.00895	0.01342	0.01866	0.64604	0.10645	0.12503	0.01092	0.00592	0.00162	0.00242	0.00962	0.00532	0.00459
36	0.00640	0.00464	0.00619	0.00721	0.00755	0.00451	0.00498	0.00734	0.00954	0.01274	0.02635	0.70923	0.03132	0.04894	0.00746	0.00217	0.02469	0.07017	0.00449	0.00408
37	0.00640	0.00477	0.00671	0.00750	0.00796	0.00456	0.02652	0.00743	0.00971	0.01300	0.04128	0.74775	0.03190	0.01501	0.00655	0.00202	0.01876	0.03346	0.00454	0.00418
38	0.00612	0.00437	0.00582	0.00691	0.00724	0.00408	0.00463	0.00705	0.00975	0.01305	0.06187	0.78624	0.03360	0.01537	0.00634	0.00200	0.00287	0.01394	0.00467	0.00408
39	0.02236	0.00848	0.01157	0.00887	0.01272	0.00733	0.00733	0.02429	0.01427	0.79719	0.01966	0.01697	0.01234	0.00617	0.00501	0.00154	0.00424	0.00501	0.00617	0.00848
40	0.01158	0.01351	0.05002	0.06000	0.02605	0.01256	0.69950	0.01571	0.01155	0.01571	0.00991	0.01330	0.00746	0.00436	0.00604	0.00169	0.02621	0.00571	0.00249	0.00665
41	0.01399	0.00929	0.00990	0.00817	0.01072	0.01007	0.00657	0.39094	0.01679	0.02465	0.01401	0.01535	0.01063	0.00723	0.03805	0.00162	0.00436	0.00460	0.39654	0.00654
42	0.00617	0.00466	0.00571	0.00637	0.00719	0.00421	0.00448	0.00734	0.01058	0.01371	0.10770	0.49177	0.26260	0.01414	0.00619	0.00189	0.00278	0.03364	0.00471	0.00417
43	0.01423	0.69072	0.02407	0.00926	0.01324	0.15359	0.00872	0.01577	0.01081	0.01181	0.00706	0.00817	0.00640	0.00441	0.00342	0.00110	0.00595	0.00276	0.00221	0.00629
44	0.01386	0.00912	0.01093	0.00809	0.01228	0.00755	0.00654	0.05598	0.04880	0.21068	0.01224	0.01246	0.00904	0.00457	0.00415	0.00102	0.00393	0.00367	0.00396	0.56113
45	0.01269	0.01148	0.01466	0.38829	0.06262	0.07212	0.02623	0.17641	0.13222	0.01811	0.01164	0.03140	0.00899	0.00567	0.00501	0.00160	0.00608	0.00478	0.00334	0.00664
46	0.01277	0.01297	0.01836	0.05657	0.53598	0.11182	0.03353	0.01586	0.04613	0.01536	0.00963	0.01271	0.00816	0.02673	0.00623	0.00161	0.06135	0.00445	0.00258	0.00721
47	0.01032	0.00899	0.01119	0.00803	0.01241	0.00689	0.04413	0.01264	0.01050	0.01632	0.02869	0.01117	0.00839	0.00388	0.00386	0.00081	0.00389	0.00325	0.00300	0.79162
48	0.01234	0.01335	0.02600	0.01891	0.02336	0.03245	0.60566	0.06863	0.03181	0.01677	0.01011	0.01309	0.00771	0.00475	0.00652	0.00167	0.07035	0.00552	0.00274	0.02825
49	0.01337	0.01049	0.01130	0.01002	0.01294	0.01190	0.00783	0.02627	0.70954	0.09661	0.02023	0.01844	0.01493	0.00670	0.00507	0.00168	0.00397	0.00557	0.00518	0.00795
50	0.00813	0.00595	0.00850	0.06365	0.01195	0.00610	0.00843	0.01049	0.01137	0.01477	0.02520	0.05331	0.02719	0.01317	0.00676	0.00225	0.00473	0.70896	0.00443	0.00465
51	0.04162	0.00557	0.00557	0.00526	0.00672	0.00575	0.00403	0.07270	0.01141	0.01975	0.01557	0.01767	0.01216	0.00578	0.00359	0.00120	0.00263	0.00456	0.75349	0.00498
52	0.01000	0.02578	0.79900	0.01421	0.02157	0.01158	0.01842	0.01579	0.01052	0.01579	0.00895	0.01052	0.00631	0.00474	0.00474	0.00158	0.00737	0.00368	0.00210	0.00737
53	0.02236	0.00848	0.01157	0.00887	0.01272	0.00733	0.00733	0.02429	0.01427	0.79719	0.01966	0.01697	0.01234	0.00617	0.00501	0.00154	0.00424	0.00501	0.00617	0.00848
54	0.00644	0.00483	0.00597	0.00619	0.00720	0.00436	0.00445	0.00803	0.01191	0.01595	0.35333	0.30178	0.22613	0.01260	0.00604	0.00175	0.00257	0.01111	0.00499	0.00436
55	0.01219	0.01169	0.01997	0.06947	0.75599	0.01180	0.01523	0.01517	0.01128	0.01611	0.00935	0.01238	0.00783	0.00447	0.00494	0.00149	0.00596	0.00444	0.00245	0.00778
56	0.00607	0.00434	0.00578	0.00694	0.00723	0.00405	0.00463	0.00694	0.00954	0.01272	0.02747	0.82157	0.03297	0.01562	0.00636	0.00202	0.00289	0.01417	0.00463	0.00405
57	0.00607	0.00434	0.00578	0.00694	0.00723	0.00405	0.00463	0.00694	0.00954	0.01272	0.02747	0.82157	0.03297	0.01562	0.00636	0.00202	0.00289	0.01417	0.00463	0.00405
58	0.02137	0.01008	0.01256	0.00963	0.01352	0.00970	0.00795	0.24372	0.01694	0.57398	0.01742	0.01551	0.01121	0.00612	0.00500	0.00153	0.00460	0.00486	0.00582	0.00848
59	0.15618	0.01147	0.01261	0.00982	0.01362	0.01210	0.00811	0.40705	0.01801	0.28087	0.01368	0.01298	0.00924	0.00582	0.00469	0.00152	0.00481	0.00437	0.00507	0.00798
60	0.00692	0.00477	0.00560	0.00579	0.00605	0.00463	0.00354	0.00738	0.00857	0.01144	0.09115	0.19176	0.06667	0.54308	0.01870	0.00380	0.00409	0.00898	0.00366	0.00345
61	0.01134	0.00711	0.00736	0.00662	0.00850	0.00762	0.00515	0.13721	0.13575	0.02101	0.01621	0.01752	0.01247	0.00599	0.00398	0.00130	0.00309	0.00478	0.58122	0.00578
62	0.00602	0.00455	0.00557	0.00638	0.00708	0.00410	0.00438	0.00700	0.01008	0.01294	0.03431	0.59196	0.25817	0.01473	0.00622	0.00192	0.00278	0.01309	0.00463	0.00410
63	0.00659	0.00496	0.00609	0.00605	0.00722	0.00447	0.00444	0.00841	0.01264	0.01708	0.47047	0.16493	0.24501	0.01171	0.00596	0.00167	0.00248	0.01024	0.00512	0.00447
64	0.01120	0.00997	0.01532	0.01741	0.28416	0.03892	0.08084	0.01364	0.01039	0.05341	0.01078	0.01418	0.00915	0.01372	0.22662	0.00322	0.04437	0.00458	0.00278	0.13533
65	0.01064	0.18150	0.64894	0.01310	0.01987	0.01316	0.01650	0.01562	0.01045	0.01500	0.00855	0.01003	0.00633	0.00464	0.00444	0.00148	0.00697	0.00349	0.00211	0.00718
66	0.00941	0.00886	0.01495	0.81285	0.03433	0.01107	0.01384	0.01274	0.00997	0.01274	0.00886	0.01329	0.00664	0.00498	0.00498	0.00166	0.00664	0.00443	0.00221	0.00554
67	0.01833	0.03971	0.01454	0.01326	0.03733	0.76652	0.00977	0.01967	0.01397	0.01230	0.00774	0.00906	0.00646	0.00510	0.00448	0.00129	0.00883	0.00323	0.00256	0.00585
68	0.86003	0.00964	0.00733	0.00655	0.00964	0.01118	0.00540	0.01465	0.00848	0.02236	0.00694	0.00810	0.00540	0.00463	0.00308	0.00154	0.00386	0.00270	0.00308	0.00540
69	0.00712	0.00534	0.00801	0.00801	0.00890	0.00623	0.00623	0.00890	0.00801	0.01157	0.01335	0.01958	0.01246	0.03738	0.80507	0.00801	0.01335	0.00534	0.00267	0.00445
70	0.01100	0.25131	0.54481	0.01275	0.01903	0.01398	0.03465	0.01547	0.01038	0.01456	0.00835	0.00989	0.00637	0.00467	0.00458	0.00145	0.02411	0.00347	0.00212	0.00704
71	0.01234	0.01184	0.02023	0.03059	0.79373	0.01184	0.01530	0.01530	0.01135	0.01628	0.00938	0.01234	0.00790	0.00444	0.00493	0.00148	0.00592	0.00444	0.00247	0.00790
72	0.00705	0.00510	0.00666	0.00627	0.00745	0.00470	0.00470	0.00941	0.01411	0.01999	0.79110	0.03723	0.04703	0.01019	0.00588	0.00157	0.00235	0.00901	0.00549	0.00470
73	0.00607	0.00434	0.00578	0.00694	0.00723	0.00405	0.00463	0.00694	0.00954	0.01272	0.02747	0.82157	0.03297	0.01562	0.00636	0.00202	0.00289	0.01417	0.00463	0.00405
74	0.00966	0.00911	0.01539	0.74744	0.09782	0.01114	0.01396	0.01295	0.01008	0.01303	0.00890	0.01321	0.00675	0.00494	0.00498	0.00165	0.00658	0.00443	0.00224	0.00573
75	0.02236	0.00848	0.01157	0.00887	0.01272	0.00733	0.00733	0.02429	0.01427	0.79719	0.01966	0.01697	0.01234	0.00617	0.00501	0.00154	0.00424	0.00501	0.00617	0.00848
76	0.00611	0.00504	0.00528	0.00523	0.00676	0.00430	0.00387	0.00746	0.01152	0.01415	0.14757	0.04577	0.65392	0.05267	0.00686	0.00182	0.00262	0.01016	0.00466	0.00421
77	0.01285	0.01093	0.01153	0.01024	0.01313	0.01261	0.00800	0.07863	0.73184	0.02158	0.01971	0.01814	0.01475	0.00671	0.00507	0.00168	0.00405	0.00556	0.00507	0.00793
78	0.01495	0.01571	0.01297	0.01150	0.01424	0.32746	0.04036	0.03790	0.36981	0.03885	0.01502	0.05428	0.01206	0.00642	0.00494	0.00154	0.00613	0.00506	0.00398	0.00684
79	0.01403	0.00690	0.00865	0.00723	0.00987	0.00607	0.00576	0.03908	0.01361	0.37231	0.18346	0.03059	0.26361	0.00899	0.00546	0.00159	0.00336	0.00752	0.00551	0.00639
80	0.02009	0.00993	0.01240	0.00973	0.01331	0.00987	0.00799	0.17454	0.09452	0.52559	0.01754	0.01583	0.01157	0.00632	0.00558	0.00158	0.04479	0.00494	0.00562	0.00827
81	0.01895	0.05215	0.01385	0.01031	0.01403	0.02681	0.00861	0.41799	0.01866	0.28141	0.01529	0.01677	0.01116	0.00654	0.00504	0.00155	0.00506	0.06264	0.00516	0.00803
82	0.01228	0.01080	0.01117	0.03374	0.05183	0.12387	0.00872	0.02957	0.29603	0.05564	0.01958	0.02965	0.01779	0.00876	0.00560	0.00182	0.00511	0.26724	0.00439	0.00641
83	0.01532	0.01120	0.01368	0.13952	0.08062	0.02810	0.00973	0.36028	0.01693	0.10456	0.02982	0.03201	0.02712	0.00636	0.00503	0.00153	0.00527	0.04014	0.02232	0.05046
84	0.00937	0.08346	0.01271	0.09362	0.18867	0.02544	0.00862	0.01115	0.00912	0.01236	0.01181	0.01888	0.01140	0.19569	0.28197	0.00442	0.00830	0.00517	0.00260	0.00523
85	0.01206	0.01162	0.01755	0.02320	0.52273	0.04618	0.03587	0.01478	0.01121	0.01608	0.00918	0.01168	0.00768	0.00426	0.00461	0.00128	0.00553	0.00403	0.00261	0.23788
86	0.25530	0.01123	0.01133	0.02580	0.01303	0.05083	0.00760	0.24389	0.07821	0.19819	0.04778	0.01356	0.01062	0.00583	0.00448	0.00153	0.00468	0.00433	0.00457	0.00720
87	0.15929	0.01284	0.01339	0.01047	0.01426	0.01421	0.00863	0.58586	0.04385	0.07121	0.01180	0.01180	0.00838	0.00579	0.00467	0.00151	0.00510	0.00425	0.00474	0.00795
88	0.01028	0.08730	0.71998	0.01374	0.02069	0.01230	0.01747	0.01563	0.01042	0.01538	0.00873	0.01034	0.00633	0.00480	0.00490	0.00155	0.02721	0.00362	0.00211	0.00724
89	0.00941	0.00886	0.01495	0.81285	0.03433	0.01107	0.01384	0.01274	0.00997	0.01274	0.00886	0.01329	0.00664	0.00498	0.00498	0.00166	0.00664	0.00443	0.00221	0.00554
90	0.00725	0.00483	0.00544	0.00544	0.00544	0.00483	0.00302	0.00725	0.00725	0.00966	0.01571	0.03262	0.01812	0.82483	0.02537	0.00483	0.00483	0.00725	0.00302	0.00302
91	0.00988	0.00934	0.01580	0.68732	0.15619	0.01120	0.01408	0.01315	0.01019	0.01330	0.00894	0.01314	0.00685	0.00490	0.00498	0.00163	0.00653	0.00443	0.00226	0.00592
92	0.01141	0.00951	0.01091	0.00793	0.01227	0.00783	0.00638	0.10424	0.02942	0.01816	0.00949	0.01072	0.00769	0.00403	0.00388	0.00085	0.00391	0.00320	0.00324	0.73492
93	0.00589	0.00505	0.00505	0.00505	0.00673	0.00421	0.00379	0.00715	0.01136	0.01347	0.05049	0.04797	0.79171	0.01262	0.00589	0.00168	0.00252	0.01052	0.00463	0.00421
94	0.00705	0.00510	0.00666	0.00627	0.00745	0.00470	0.00470	0.00941	0.01411	0.01999	0.79110	0.03723	0.04703	0.01019	0.00588	0.00157	0.00235	0.00901	0.00549	0.00470
95	0.01247	0.51878	0.28500	0.01065	0.01587	0.05582	0.01190	0.01546	0.01046	0.01311	0.00764	0.00889	0.00637	0.00447	0.00378	0.00125	0.00619	0.00303	0.00214	0.00669
96	0.36717	0.00910	0.00991	0.00798	0.01152	0.00912	0.00659	0.03935	0.01212	0.45881	0.01423	0.01319	0.00938	0.00553	0.00422	0.00154	0.00411	0.00405	0.00487	0.00721
97	0.00607	0.00434	0.00578	0.00694	0.00723	0.00405	0.00463	0.00694	0.00954	0.01272	0.02747	0.82157	0.03297	0.01562	0.00636	0.00202	0.00289	0.01417	0.00463	0.00405
98	0.00722	0.00482	0.00545	0.00548	0.00548	0.00481	0.00306	0.00724	0.00731	0.00975	0.01601	0.05333	0.01851	0.80358	0.02487	0.00476	0.00478	0.00743	0.00306	0.00305
99	0.01049	0.00618	0.00844	0.00772	0.00949	0.00571	0.02846	0.02439	0.02436	0.17980	0.33749	0.18296	0.06642	0.01052	0.00585	0.00172	0.00331	0.07594	0.00525	0.00550
100	0.01287	0.26328	0.29486	0.01163	0.01691	0.01435	0.04988	0.13827	0.05272	0.02951	0.00963	0.01064	0.00738	0.00482	0.00432	0.00136	0.00602	0.00369	0.00287	0.06499

[dist]
# distance from previous block
# <min> <max>
4	14

[block]
# block no. 3 follows, 50 sequences, length 142
# corresponding to MSA columns:
# 594-735
name=unknown_D
#
# <colnr> <probs for GDERKNQSTAVLIFYWHMCP>
#	G	D	E	R	K	N	Q	S	T	A	V	L	I	F	Y	W	H	M	C	P
0	0.10904	0.00882	0.01282	0.39655	0.06696	0.02454	0.01085	0.01227	0.00930	0.01375	0.00973	0.03433	0.00835	0.01180	0.15911	0.00291	0.09636	0.00462	0.00248	0.00541
1	0.01034	0.10898	0.71883	0.01362	0.02066	0.01242	0.01739	0.01570	0.01048	0.01536	0.00874	0.01026	0.00632	0.00469	0.00458	0.00153	0.00716	0.00358	0.00211	0.00727
2	0.00607	0.00434	0.00578	0.00694	0.00723	0.00405	0.00463	0.00694	0.00954	0.01272	0.02747	0.82157	0.03297	0.01562	0.00636	0.00202	0.00289	0.01417	0.00463	0.00405
3	0.01704	0.00823	0.01007	0.00831	0.01139	0.00792	0.00667	0.02184	0.19453	0.45062	0.02142	0.01969	0.06611	0.00670	0.00487	0.00153	0.00378	0.00548	0.12630	0.00751
4	0.01017	0.00555	0.00606	0.00571	0.00716	0.00570	0.00439	0.06622	0.01127	0.04983	0.01659	0.01889	0.03160	0.00970	0.09762	0.00202	0.00392	0.00488	0.63768	0.00504
5	0.01357	0.02992	0.01529	0.01262	0.01386	0.10862	0.01040	0.17550	0.01181	0.01614	0.00784	0.01084	0.00694	0.00763	0.01227	0.00191	0.53165	0.00422	0.00282	0.00615
6	0.01638	0.01269	0.01351	0.01095	0.01448	0.01426	0.00885	0.48312	0.32160	0.02728	0.01523	0.01456	0.01112	0.00629	0.00502	0.00157	0.00488	0.00494	0.00502	0.00825
7	0.00666	0.00476	0.00646	0.00761	0.00816	0.00455	0.00565	0.00795	0.01012	0.01338	0.02715	0.59238	0.03169	0.01506	0.00652	0.00211	0.00340	0.23758	0.00462	0.00421
8	0.00593	0.00505	0.00511	0.00509	0.00676	0.00423	0.00382	0.00724	0.01146	0.01370	0.07767	0.04758	0.76438	0.01253	0.00589	0.00168	0.00252	0.01046	0.00466	0.00423
9	0.00722	0.00482	0.00544	0.00547	0.00548	0.00481	0.00306	0.00724	0.00730	0.00973	0.01597	0.05014	0.01845	0.80685	0.02495	0.00477	0.00479	0.00740	0.00306	0.00304
10	0.00589	0.00505	0.00505	0.00505	0.00673	0.00421	0.00379	0.00715	0.01136	0.01347	0.05049	0.04797	0.79171	0.01262	0.00589	0.00168	0.00252	0.01052	0.00463	0.00421
11	0.01862	0.02376	0.01413	0.01284	0.01541	0.80482	0.00963	0.01990	0.01413	0.01220	0.00770	0.00899	0.00642	0.00514	0.00449	0.00128	0.00899	0.00321	0.00257	0.00578
12	0.01137	0.00870	0.00908	0.00833	0.01060	0.00984	0.00643	0.02157	0.52885	0.02010	0.01896	0.01859	0.01441	0.00645	0.00455	0.00152	0.00341	0.00531	0.28512	0.00682
13	0.00602	0.00456	0.00555	0.00634	0.00707	0.00410	0.00436	0.00701	0.01012	0.01296	0.03479	0.57581	0.27401	0.01467	0.00621	0.00192	0.00278	0.01301	0.00463	0.00410
14	0.01025	0.00884	0.00921	0.00846	0.01090	0.00969	0.00653	0.02010	0.52915	0.01841	0.03027	0.02830	0.27183	0.00870	0.00534	0.00169	0.00348	0.00725	0.00493	0.00667
15	0.01862	0.02376	0.01413	0.01284	0.01541	0.80482	0.00963	0.01990	0.01413	0.01220	0.00770	0.00899	0.00642	0.00514	0.00449	0.00128	0.00899	0.00321	0.00257	0.00578
16	0.01278	0.01090	0.01149	0.01022	0.01311	0.01258	0.00798	0.07030	0.74029	0.02147	0.01980	0.01821	0.01482	0.00672	0.00507	0.00168	0.00403	0.00557	0.00507	0.00792
17	0.01034	0.00886	0.01034	0.00738	0.01181	0.00664	0.00591	0.01255	0.01034	0.01624	0.00886	0.01034	0.00738	0.00369	0.00369	0.00074	0.00369	0.00295	0.00295	0.85530
18	0.01467	0.01212	0.01232	0.01042	0.01357	0.06157	0.00825	0.24857	0.43343	0.04220	0.05171	0.01659	0.01381	0.00648	0.00500	0.00157	0.00464	0.00520	0.00487	0.03300
19	0.01309	0.77131	0.08058	0.00893	0.01341	0.01915	0.00923	0.01499	0.01016	0.01201	0.00707	0.00817	0.00639	0.00430	0.00331	0.00110	0.00547	0.00274	0.00213	0.00646
20	0.00667	0.00502	0.00610	0.00666	0.00755	0.00463	0.00465	0.03851	0.01068	0.01393	0.05170	0.56335	0.21543	0.01410	0.00612	0.00188	0.00291	0.01251	0.00463	0.02297
21	0.01862	0.02376	0.01413	0.01284	0.01541	0.80482	0.00963	0.01990	0.01413	0.01220	0.00770	0.00899	0.00642	0.00514	0.00449	0.00128	0.00899	0.00321	0.00257	0.00578
22	0.00724	0.00485	0.00554	0.00554	0.00558	0.00489	0.00315	0.00732	0.00728	0.00974	0.01561	0.03207	0.01788	0.79187	0.05800	0.00497	0.00519	0.00717	0.00301	0.00308
23	0.00941	0.00886	0.01495	0.81285	0.03433	0.01107	0.01384	0.01274	0.00997	0.01274	0.00886	0.01329	0.00664	0.00498	0.00498	0.00166	0.00664	0.00443	0.00221	0.00554
24	0.00607	0.00434	0.00578	0.00694	0.00723	0.00405	0.00463	0.00694	0.00954	0.01272	0.02747	0.82157	0.03297	0.01562	0.00636	0.00202	0.00289	0.01417	0.00463	0.00405
25	0.01091	0.01091	0.01527	0.01309	0.01309	0.01527	0.01091	0.01200	0.00763	0.01200	0.00654	0.01091	0.00654	0.00872	0.01636	0.00218	0.81570	0.00436	0.00218	0.00545
26	0.00607	0.00434	0.00578	0.00694	0.00723	0.00405	0.00463	0.00694	0.00954	0.01272	0.02747	0.82157	0.03297	0.01562	0.00636	0.00202	0.00289	0.01417	0.00463	0.00405
27	0.00941	0.00886	0.01495	0.81285	0.03433	0.01107	0.01384	0.01274	0.00997	0.01274	0.00886	0.01329	0.00664	0.00498	0.00498	0.00166	0.00664	0.00443	0.00221	0.00554
28	0.00929	0.00465	0.00465	0.00465	0.00581	0.00465	0.00348	0.01161	0.01045	0.01858	0.01626	0.01858	0.01278	0.00581	0.00348	0.00116	0.00232	0.00465	0.85250	0.00465
29	0.01000	0.02578	0.79900	0.01421	0.02157	0.01158	0.01842	0.01579	0.01052	0.01579	0.00895	0.01052	0.00631	0.00474	0.00474	0.00158	0.00737	0.00368	0.00210	0.00737
30	0.00658	0.00527	0.00601	0.00638	0.00789	0.00470	0.00515	0.00817	0.01140	0.01393	0.04275	0.05062	0.54670	0.01299	0.00621	0.00188	0.00319	0.25124	0.00462	0.00433
31	0.00803	0.00574	0.00803	0.00918	0.01033	0.00574	0.00803	0.01033	0.01147	0.01492	0.02639	0.05622	0.02869	0.01377	0.00688	0.00229	0.00459	0.76018	0.00459	0.00459
32	0.00941	0.00886	0.01495	0.81285	0.03433	0.01107	0.01384	0.01274	0.00997	0.01274	0.00886	0.01329	0.00664	0.00498	0.00498	0.00166	0.00664	0.00443	0.00221	0.00554
33	0.01401	0.00758	0.00996	0.00930	0.01165	0.00737	0.00790	0.10470	0.01376	0.27532	0.02250	0.05433	0.02101	0.01038	0.00603	0.00195	0.00454	0.40623	0.00516	0.00632
34	0.84345	0.00962	0.00741	0.00660	0.00970	0.01111	0.00544	0.01484	0.00860	0.03770	0.00719	0.00827	0.00554	0.00466	0.00312	0.00154	0.00386	0.00274	0.00315	0.00546
35	0.00612	0.00437	0.00583	0.00699	0.00730	0.00409	0.00470	0.00701	0.00959	0.01277	0.02745	0.80477	0.03287	0.01558	0.00637	0.00203	0.00293	0.03055	0.00463	0.00406
36	0.00731	0.00561	0.00831	0.00820	0.00902	0.00665	0.00638	0.00901	0.00797	0.01154	0.01307	0.01948	0.01231	0.05630	0.74515	0.00763	0.05358	0.00534	0.00265	0.00446
37	0.01212	0.40518	0.39825	0.01128	0.01702	0.01525	0.01324	0.01575	0.01050	0.04802	0.00846	0.00961	0.00662	0.00457	0.00402	0.00133	0.00626	0.00326	0.00230	0.00696
38	0.00996	0.00944	0.01584	0.65006	0.15946	0.01137	0.01396	0.01313	0.01010	0.01329	0.00885	0.01303	0.00685	0.00505	0.00544	0.00165	0.03989	0.00443	0.00226	0.00592
39	0.00625	0.00457	0.00564	0.00642	0.00694	0.00423	0.00430	0.00710	0.00958	0.01245	0.02995	0.54640	0.17059	0.13477	0.00910	0.00238	0.00315	0.02786	0.00439	0.00394
40	0.01256	0.62610	0.18015	0.00968	0.01453	0.01757	0.01043	0.01532	0.02909	0.01288	0.00771	0.00882	0.00662	0.00440	0.00356	0.00118	0.00566	0.00295	0.00222	0.02857
41	0.01040	0.12879	0.29359	0.01467	0.03377	0.01175	0.25832	0.01420	0.01072	0.01477	0.01222	0.15050	0.01134	0.00636	0.00518	0.00162	0.00662	0.00607	0.00268	0.00646
42	0.00665	0.00458	0.00561	0.00621	0.00636	0.00443	0.00384	0.00709	0.00843	0.01123	0.02174	0.43736	0.02574	0.40969	0.01562	0.00339	0.00384	0.01080	0.00384	0.00355
43	0.01496	0.01268	0.02879	0.01706	0.26306	0.05975	0.01083	0.20007	0.22320	0.07914	0.01358	0.01401	0.01021	0.00559	0.00493	0.00152	0.00532	0.00470	0.00405	0.02654
44	0.02616	0.09661	0.33875	0.05985	0.28513	0.01231	0.02637	0.01600	0.03389	0.04528	0.00962	0.01153	0.00738	0.00471	0.00468	0.00150	0.00637	0.00401	0.00250	0.00737
45	0.00634	0.00511	0.00572	0.00600	0.00744	0.00449	0.00465	0.00780	0.01136	0.01398	0.08147	0.11641	0.55494	0.01296	0.00610	0.00181	0.00291	0.14157	0.00466	0.00429
46	0.00703	0.00509	0.00663	0.00624	0.00743	0.00469	0.00468	0.00936	0.01405	0.01984	0.77436	0.03748	0.06387	0.01025	0.00588	0.00157	0.00236	0.00905	0.00547	0.00469
47	0.01152	0.03979	0.55590	0.01392	0.02008	0.04209	0.07709	0.07040	0.04008	0.03218	0.00986	0.01133	0.00714	0.00501	0.00509	0.00157	0.02743	0.00401	0.01826	0.00725
48	0.06156	0.01173	0.03946	0.05580	0.32265	0.01174	0.10121	0.06033	0.17396	0.09213	0.01268	0.01395	0.00960	0.00519	0.00498	0.00157	0.00557	0.00480	0.00352	0.00758
49	0.01905	0.01326	0.01442	0.01108	0.01500	0.01448	0.00915	0.69189	0.02232	0.10076	0.01276	0.01257	0.00892	0.00600	0.00496	0.00149	0.00530	0.00454	0.02366	0.00839
50	0.25348	0.01817	0.01405	0.01198	0.01504	0.45575	0.09818	0.05058	0.01267	0.01631	0.00795	0.00939	0.00636	0.00492	0.00428	0.00141	0.00733	0.00344	0.00281	0.00590
51	0.01733	0.11684	0.01563	0.01236	0.01490	0.64391	0.00961	0.01863	0.01309	0.01213	0.00751	0.00904	0.00643	0.00535	0.00538	0.00134	0.07899	0.00325	0.00248	0.00582
52	0.01088	0.20720	0.53131	0.01294	0.01930	0.01322	0.06179	0.01542	0.01050	0.01490	0.00855	0.01011	0.00647	0.00454	0.00440	0.00142	0.00676	0.00354	0.00218	0.05456
53	0.01891	0.01450	0.01304	0.10469	0.01638	0.30332	0.00906	0.05364	0.04506	0.35092	0.01367	0.01344	0.00943	0.00566	0.00482	0.00146	0.00632	0.00428	0.00428	0.00711
54	0.00607	0.00434	0.00578	0.00694	0.00723	0.00405	0.00463	0.00694	0.00954	0.01272	0.02747	0.82157	0.03297	0.01562	0.00636	0.00202	0.00289	0.01417	0.00463	0.00405
55	0.01027	0.01280	0.14979	0.01730	0.16648	0.01007	0.26817	0.01424	0.03162	0.01725	0.22875	0.01954	0.01866	0.00608	0.00549	0.00159	0.00595	0.00611	0.00334	0.00652
56	0.01425	0.03137	0.03727	0.01952	0.17280	0.26232	0.32638	0.01741	0.02691	0.02987	0.00949	0.01183	0.00746	0.00464	0.00515	0.00150	0.00786	0.00463	0.00263	0.00672
57	0.01091	0.01091	0.01527	0.01309	0.01309	0.01527	0.01091	0.01200	0.00763	0.01200	0.00654	0.01091	0.00654	0.00872	0.01636	0.00218	0.81570	0.00436	0.00218	0.00545
58	0.00726	0.00497	0.00574	0.00572	0.00580	0.00507	0.00336	0.00740	0.00743	0.00995	0.01649	0.05241	0.03500	0.73992	0.05282	0.00475	0.02228	0.00737	0.00307	0.00318
59	0.01288	0.01202	0.01980	0.02903	0.73005	0.01214	0.01482	0.07763	0.01234	0.01752	0.00959	0.01231	0.00794	0.00457	0.00494	0.00148	0.00589	0.00444	0.00267	0.00794
60	0.00590	0.00501	0.00509	0.00515	0.00676	0.00420	0.00383	0.00714	0.01127	0.01343	0.04930	0.08826	0.75219	0.01278	0.00592	0.00170	0.00254	0.01071	0.00463	0.00420
61	0.00725	0.00483	0.00544	0.00544	0.00544	0.00483	0.00302	0.00725	0.00725	0.00966	0.01571	0.03262	0.01812	0.82483	0.02537	0.00483	0.00483	0.00725	0.00302	0.00302
62	0.01792	0.02230	0.01449	0.01411	0.07542	0.71386	0.01003	0.03204	0.01401	0.01289	0.00829	0.01027	0.00703	0.00527	0.00459	0.00132	0.00860	0.01894	0.00264	0.00596
63	0.16187	0.05073	0.41442	0.01112	0.01639	0.01142	0.01261	0.07950	0.05473	0.05799	0.01053	0.01155	0.00766	0.00507	0.00433	0.00152	0.00575	0.00379	0.07206	0.00694
64	0.00705	0.00546	0.00642	0.00626	0.00751	0.00536	0.00461	0.03950	0.01034	0.01330	0.06243	0.03553	0.38163	0.15529	0.23294	0.00397	0.00606	0.00821	0.00386	0.00427
65	0.00941	0.00886	0.01495	0.81285	0.03433	0.01107	0.01384	0.01274	0.00997	0.01274	0.00886	0.01329	0.00664	0.00498	0.00498	0.00166	0.00664	0.00443	0.00221	0.00554
66	0.01020	0.07387	0.75266	0.01387	0.02105	0.01206	0.01782	0.01573	0.01050	0.01554	0.00882	0.01037	0.00632	0.00471	0.00464	0.00155	0.00724	0.00362	0.00211	0.00731
67	0.01299	0.74572	0.10524	0.00911	0.01369	0.01889	0.00954	0.01501	0.01017	0.01214	0.00714	0.00825	0.00639	0.00431	0.00336	0.00112	0.00554	0.00277	0.00213	0.00650
68	0.01333	0.82783	0.02612	0.00853	0.01279	0.01972	0.00853	0.01493	0.01013	0.01173	0.00693	0.00800	0.00640	0.00426	0.00320	0.00107	0.00533	0.00267	0.00213	0.00640
