[name]
unknown

[dist]
# distance from previous block
# <min> <max>
5	233

[block]
# block no. 0 follows, 44 sequences, length 20
# corresponding to MSA columns:
# 243-262
name=unknown_A
#
# <colnr> <probs for GDERKNQSTAVLIFYWHMCP>
#	G	D	E	R	K	N	Q	S	T	A	V	L	I	F	Y	W	H	M	C	P
0	0.04330	0.01388	0.13450	0.31676	0.09579	0.01231	0.17794	0.04058	0.01218	0.05084	0.01143	0.04561	0.00901	0.00571	0.00561	0.00179	0.00730	0.00546	0.00294	0.00706
1	0.00741	0.00556	0.00687	0.00654	0.00796	0.00502	0.00491	0.00970	0.01472	0.02017	0.60116	0.04352	0.22286	0.01178	0.00643	0.00174	0.00262	0.01025	0.00578	0.00502
2	0.00793	0.00529	0.00595	0.00595	0.00595	0.00529	0.00330	0.00793	0.00793	0.01057	0.01718	0.03568	0.01982	0.80840	0.02775	0.00529	0.00529	0.00793	0.00330	0.00330
3	0.01016	0.00508	0.00508	0.00508	0.00635	0.00508	0.00381	0.01270	0.01143	0.02033	0.01778	0.02033	0.01397	0.00635	0.00381	0.00127	0.00254	0.00508	0.83867	0.00508
4	0.01016	0.00508	0.00508	0.00508	0.00635	0.00508	0.00381	0.01270	0.01143	0.02033	0.01778	0.02033	0.01397	0.00635	0.00381	0.00127	0.00254	0.00508	0.83867	0.00508
5	0.36702	0.09418	0.01239	0.00860	0.01252	0.01120	0.00727	0.02109	0.01249	0.38282	0.01423	0.01347	0.00964	0.00582	0.00439	0.00163	0.00459	0.00416	0.00487	0.00763
6	0.01319	0.01468	0.10649	0.03043	0.64051	0.01297	0.04552	0.01717	0.03360	0.01788	0.01057	0.01351	0.00866	0.00495	0.00542	0.00165	0.00670	0.00486	0.00274	0.00852
7	0.01016	0.00508	0.00508	0.00508	0.00635	0.00508	0.00381	0.01270	0.01143	0.02033	0.01778	0.02033	0.01397	0.00635	0.00381	0.00127	0.00254	0.00508	0.83867	0.00508
8	0.01029	0.00933	0.01547	0.73361	0.03511	0.01156	0.01426	0.01383	0.01094	0.01443	0.01032	0.01499	0.00779	0.00552	0.00532	0.00177	0.00690	0.00486	0.06770	0.00598
9	0.01132	0.01323	0.07808	0.01733	0.02135	0.03854	0.41971	0.01494	0.01162	0.01579	0.01363	0.04857	0.03335	0.01414	0.18961	0.00347	0.03941	0.00647	0.00291	0.00653
10	0.01347	0.01320	0.02095	0.09213	0.65529	0.05335	0.01606	0.01663	0.01246	0.01723	0.01062	0.01470	0.00907	0.00522	0.00543	0.00165	0.00668	0.02490	0.00275	0.00821
11	0.01193	0.01193	0.01670	0.01431	0.01431	0.01670	0.01193	0.01312	0.00835	0.01312	0.00716	0.01193	0.00716	0.00954	0.01789	0.00239	0.79843	0.00477	0.00239	0.00596
12	0.01159	0.02239	0.47519	0.01864	0.05845	0.01284	0.26650	0.01706	0.01198	0.01727	0.01074	0.03277	0.00818	0.00527	0.00566	0.00177	0.00824	0.00516	0.00254	0.00775
13	0.00975	0.21047	0.01209	0.00731	0.00901	0.04582	0.00555	0.01064	0.01025	0.01248	0.02317	0.12867	0.16039	0.31618	0.01386	0.00302	0.00489	0.00809	0.00359	0.00477
14	0.25763	0.03912	0.10987	0.01994	0.33740	0.06387	0.01268	0.01687	0.01174	0.03607	0.04035	0.01272	0.00931	0.00530	0.00473	0.00163	0.00601	0.00427	0.00307	0.00743
15	0.01837	0.01520	0.01413	0.01194	0.01530	0.23367	0.03924	0.10017	0.19511	0.20515	0.01728	0.01695	0.03504	0.00851	0.04721	0.00203	0.00685	0.00526	0.00478	0.00782
16	0.01193	0.01193	0.01670	0.01431	0.01431	0.01670	0.01193	0.01312	0.00835	0.01312	0.00716	0.01193	0.00716	0.00954	0.01789	0.00239	0.79843	0.00477	0.00239	0.00596
17	0.04725	0.01038	0.01659	0.01246	0.01680	0.00926	0.17951	0.02231	0.01422	0.48821	0.01822	0.05458	0.01275	0.00650	0.00560	0.00169	0.00556	0.00594	0.00539	0.06679
18	0.00828	0.04442	0.20788	0.00854	0.01217	0.00781	0.00872	0.01163	0.04823	0.01570	0.03991	0.03852	0.50620	0.01089	0.00595	0.00178	0.00434	0.00896	0.00426	0.00579
19	0.01659	0.10192	0.01400	0.01185	0.10893	0.00933	0.00847	0.01890	0.01439	0.35165	0.20026	0.02508	0.05027	0.00792	0.00559	0.00166	0.00446	0.03572	0.00541	0.00759

[dist]
# distance from previous block
# <min> <max>
0	54

[block]
# block no. 1 follows, 44 sequences, length 19
# corresponding to MSA columns:
# 319-337
name=unknown_B
#
# <colnr> <probs for GDERKNQSTAVLIFYWHMCP>
#	G	D	E	R	K	N	Q	S	T	A	V	L	I	F	Y	W	H	M	C	P
0	0.01667	0.01313	0.08908	0.05152	0.12586	0.01217	0.01121	0.13543	0.22487	0.20624	0.04469	0.01743	0.01349	0.00657	0.00549	0.00173	0.00540	0.00548	0.00497	0.00858
1	0.01250	0.01148	0.05114	0.01152	0.01423	0.03739	0.03376	0.02121	0.37119	0.05048	0.02249	0.02968	0.05233	0.00938	0.00709	0.00202	0.07242	0.17760	0.00484	0.00725
2	0.00660	0.00540	0.00583	0.00599	0.00753	0.00463	0.00439	0.00803	0.01241	0.01531	0.12226	0.17159	0.58299	0.01407	0.00652	0.00189	0.00281	0.01198	0.00516	0.00463
3	0.00850	0.00683	0.01050	0.22527	0.01693	0.00808	0.00867	0.01067	0.00925	0.01275	0.01357	0.02130	0.01265	0.12697	0.47657	0.00641	0.01142	0.00583	0.00283	0.00500
4	0.00921	0.00761	0.01180	0.01430	0.18900	0.00733	0.03921	0.01170	0.01330	0.01851	0.32595	0.18319	0.03415	0.01103	0.00643	0.00189	0.00418	0.10053	0.00479	0.00590
5	0.00775	0.00533	0.00574	0.00574	0.00638	0.00508	0.00359	0.00839	0.00953	0.01272	0.02773	0.03873	0.22666	0.50684	0.01941	0.00392	0.00431	0.00862	0.08969	0.00384
6	0.01016	0.00508	0.00508	0.00508	0.00635	0.00508	0.00381	0.01270	0.01143	0.02033	0.01778	0.02033	0.01397	0.00635	0.00381	0.00127	0.00254	0.00508	0.83867	0.00508
7	0.01034	0.00863	0.01060	0.00826	0.01204	0.00714	0.00656	0.01263	0.01060	0.01636	0.01104	0.01409	0.00961	0.01420	0.21986	0.00300	0.00695	0.00395	0.00314	0.61099
8	0.00647	0.00543	0.00562	0.00577	0.00743	0.00458	0.00425	0.00780	0.01219	0.01463	0.05227	0.14099	0.68557	0.01419	0.00650	0.00188	0.00281	0.01198	0.00506	0.00458
9	0.01016	0.00508	0.00508	0.00508	0.00635	0.00508	0.00381	0.01270	0.01143	0.02033	0.01778	0.02033	0.01397	0.00635	0.00381	0.00127	0.00254	0.00508	0.83867	0.00508
10	0.01363	0.02695	0.53398	0.01548	0.02197	0.22608	0.05218	0.01852	0.01266	0.01619	0.00947	0.01120	0.00700	0.00527	0.00517	0.00164	0.00860	0.00400	0.00246	0.00754
11	0.01361	0.19641	0.02161	0.31702	0.08273	0.14812	0.11557	0.01653	0.01211	0.01436	0.00922	0.01235	0.00741	0.00514	0.00505	0.00159	0.00759	0.00440	0.00254	0.00669
12	0.01146	0.01095	0.01879	0.51379	0.28695	0.01245	0.03806	0.01499	0.01147	0.01535	0.00992	0.01419	0.00776	0.00522	0.00546	0.00175	0.00706	0.00490	0.00253	0.00697
13	0.01130	0.00969	0.01130	0.00807	0.01292	0.00727	0.00646	0.01373	0.01130	0.01776	0.00969	0.01130	0.00807	0.00404	0.00404	0.00081	0.00404	0.00323	0.00323	0.84173
14	0.00725	0.00507	0.00651	0.00743	0.00777	0.00488	0.00501	0.00812	0.00999	0.01328	0.02636	0.50531	0.03103	0.23503	0.01276	0.00310	0.00397	0.09839	0.00457	0.00419
15	0.01095	0.00857	0.01024	0.00837	0.01187	0.00714	0.00655	0.01413	0.07020	0.05210	0.05461	0.15079	0.01740	0.00769	0.00506	0.00132	0.00393	0.05305	0.00413	0.50192
16	0.00664	0.00474	0.00633	0.00759	0.00791	0.00443	0.00506	0.00759	0.01044	0.01392	0.03005	0.80485	0.03606	0.01708	0.00696	0.00221	0.00316	0.01550	0.00506	0.00443
17	0.01102	0.01072	0.01930	0.53031	0.06063	0.01234	0.16847	0.01467	0.01128	0.01510	0.01029	0.01471	0.00786	0.00548	0.00613	0.00181	0.04327	0.00518	0.04503	0.00637
18	0.01343	0.05440	0.22786	0.18457	0.16913	0.03444	0.01489	0.12564	0.01400	0.04049	0.04195	0.01400	0.00973	0.00563	0.00527	0.00165	0.00680	0.00469	0.00319	0.02825

[dist]
# distance from previous block
# <min> <max>
0	4

[block]
# block no. 2 follows, 44 sequences, length 24
# corresponding to MSA columns:
# 343-366
name=unknown_C
#
# <colnr> <probs for GDERKNQSTAVLIFYWHMCP>
#	G	D	E	R	K	N	Q	S	T	A	V	L	I	F	Y	W	H	M	C	P
0	0.01374	0.14070	0.37855	0.01306	0.01894	0.01457	0.01438	0.11230	0.17670	0.04581	0.01295	0.01344	0.00955	0.00581	0.00505	0.00166	0.00654	0.00448	0.00356	0.00821
1	0.00968	0.00705	0.00885	0.00843	0.01079	0.00610	0.00680	0.01171	0.01196	0.05771	0.02655	0.17875	0.11949	0.01165	0.00617	0.00184	0.00409	0.26235	0.00461	0.24542
2	0.01343	0.01388	0.01327	0.04095	0.01432	0.23388	0.00951	0.05521	0.01178	0.01467	0.01068	0.01465	0.00948	0.01726	0.24463	0.00387	0.20284	0.00470	0.03399	0.03699
3	0.14843	0.03247	0.09979	0.01220	0.01623	0.30025	0.03949	0.04620	0.03876	0.18259	0.01201	0.01241	0.00870	0.00573	0.00488	0.00157	0.00711	0.00414	0.00387	0.02315
4	0.00953	0.02023	0.51567	0.01278	0.01825	0.00989	0.01499	0.01411	0.01142	0.01655	0.05722	0.24098	0.01771	0.00892	0.00576	0.00187	0.00635	0.00764	0.00330	0.00686
5	0.00692	0.00511	0.00654	0.00758	0.00831	0.00473	0.00544	0.00818	0.01111	0.01442	0.03445	0.55807	0.16923	0.01619	0.00695	0.00219	0.00336	0.12160	0.00506	0.00455
6	0.00678	0.00500	0.00636	0.00724	0.00793	0.00458	0.00501	0.00801	0.01136	0.01498	0.11535	0.58108	0.15686	0.01585	0.00683	0.00211	0.00308	0.03189	0.00516	0.00455
7	0.01841	0.01323	0.10344	0.01034	0.01418	0.12548	0.00914	0.02094	0.01487	0.40236	0.14168	0.02207	0.06449	0.00754	0.00557	0.00166	0.00538	0.00609	0.00540	0.00773
8	0.01193	0.01193	0.01670	0.01431	0.01431	0.01670	0.01193	0.01312	0.00835	0.01312	0.00716	0.01193	0.00716	0.00954	0.01789	0.00239	0.79843	0.00477	0.00239	0.00596
9	0.00665	0.00536	0.00592	0.00614	0.00758	0.00464	0.00447	0.00809	0.01239	0.01548	0.14261	0.21081	0.52246	0.01416	0.00655	0.00190	0.00282	0.01214	0.00518	0.00464
10	0.00994	0.01792	0.40093	0.01462	0.10156	0.01014	0.01416	0.01391	0.01122	0.01622	0.05650	0.18688	0.01678	0.06470	0.00775	0.00210	0.03747	0.00723	0.00322	0.00676
11	0.01546	0.01359	0.03783	0.06147	0.23546	0.03986	0.05667	0.19643	0.18417	0.05570	0.01465	0.03949	0.01144	0.00634	0.00554	0.00172	0.00606	0.00554	0.00423	0.00837
12	0.01259	0.04983	0.26997	0.01405	0.10044	0.08142	0.01267	0.01612	0.01201	0.05634	0.06411	0.01606	0.01212	0.02761	0.00686	0.00174	0.08607	0.00487	0.14820	0.00693
13	0.01193	0.01193	0.01670	0.01431	0.01431	0.01670	0.01193	0.01312	0.00835	0.01312	0.00716	0.01193	0.00716	0.00954	0.01789	0.00239	0.79843	0.00477	0.00239	0.00596
14	0.00664	0.00474	0.00633	0.00759	0.00791	0.00443	0.00506	0.00759	0.01044	0.01392	0.03005	0.80485	0.03606	0.01708	0.00696	0.00221	0.00316	0.01550	0.00506	0.00443
15	0.01130	0.00969	0.01130	0.00807	0.01292	0.00727	0.00646	0.01373	0.01130	0.01776	0.00969	0.01130	0.00807	0.00404	0.00404	0.00081	0.00404	0.00323	0.00323	0.84173
16	0.00664	0.00474	0.00633	0.00759	0.00791	0.00443	0.00506	0.00759	0.01044	0.01392	0.03005	0.80485	0.03606	0.01708	0.00696	0.00221	0.00316	0.01550	0.00506	0.00443
17	0.01100	0.01269	0.11028	0.54367	0.14666	0.01240	0.05662	0.01495	0.01131	0.01511	0.00986	0.01402	0.00749	0.00528	0.00546	0.00178	0.00735	0.00484	0.00247	0.00676
18	0.01016	0.00508	0.00508	0.00508	0.00635	0.00508	0.00381	0.01270	0.01143	0.02033	0.01778	0.02033	0.01397	0.00635	0.00381	0.00127	0.00254	0.00508	0.83867	0.00508
19	0.01424	0.01731	0.06585	0.33986	0.02797	0.27719	0.14834	0.01746	0.01285	0.01458	0.00951	0.01277	0.00734	0.00534	0.00543	0.00167	0.00854	0.00463	0.00261	0.00651
20	0.01313	0.01223	0.02015	0.23887	0.52104	0.01300	0.01585	0.06797	0.01293	0.01792	0.01030	0.01375	0.00831	0.00514	0.00542	0.00167	0.00666	0.00486	0.00282	0.00798
21	0.01016	0.00508	0.00508	0.00508	0.00635	0.00508	0.00381	0.01270	0.01143	0.02033	0.01778	0.02033	0.01397	0.00635	0.00381	0.00127	0.00254	0.00508	0.83867	0.00508
22	0.01508	0.01130	0.01728	0.10826	0.03353	0.01168	0.17780	0.13072	0.13829	0.15475	0.01716	0.10458	0.01406	0.03199	0.00655	0.00192	0.00603	0.00682	0.00456	0.00761
23	0.01252	0.01207	0.02086	0.25727	0.52543	0.01274	0.04798	0.01594	0.01199	0.01665	0.01012	0.01385	0.00822	0.00502	0.00546	0.00169	0.00683	0.00492	0.00262	0.00782

[dist]
# distance from previous block
# <min> <max>
0	10

[block]
# block no. 3 follows, 44 sequences, length 8
# corresponding to MSA columns:
# 377-384
name=unknown_D
#
# <colnr> <probs for GDERKNQSTAVLIFYWHMCP>
#	G	D	E	R	K	N	Q	S	T	A	V	L	I	F	Y	W	H	M	C	P
0	0.00827	0.00629	0.00778	0.00892	0.08294	0.00612	0.00520	0.00960	0.03536	0.01337	0.06640	0.08826	0.17187	0.44607	0.01796	0.00372	0.00458	0.00889	0.00394	0.00445
1	0.06222	0.01708	0.01471	0.01222	0.01587	0.24169	0.00970	0.32354	0.13347	0.09512	0.01361	0.01353	0.00995	0.00634	0.00521	0.00161	0.00665	0.00464	0.00470	0.00813
2	0.01352	0.01337	0.02096	0.13053	0.63087	0.06231	0.01613	0.01669	0.01241	0.01702	0.01006	0.01339	0.00836	0.00498	0.00537	0.00163	0.00679	0.00477	0.00267	0.00815
3	0.01016	0.00508	0.00508	0.00508	0.00635	0.00508	0.00381	0.01270	0.01143	0.02033	0.01778	0.02033	0.01397	0.00635	0.00381	0.00127	0.00254	0.00508	0.83867	0.00508
4	0.00929	0.00621	0.00751	0.00729	0.00840	0.00609	0.00515	0.01179	0.07664	0.06518	0.23030	0.10880	0.06797	0.29982	0.01413	0.00312	0.00407	0.05846	0.00483	0.00494
5	0.01226	0.22139	0.05354	0.06023	0.01783	0.03828	0.14593	0.01649	0.09784	0.01588	0.01537	0.05095	0.01450	0.00798	0.00634	0.00183	0.05428	0.15898	0.00346	0.00665
6	0.01140	0.00893	0.01227	0.04640	0.01363	0.02910	0.09418	0.01471	0.09281	0.08660	0.06304	0.12188	0.04700	0.17842	0.01106	0.00253	0.03994	0.03394	0.00420	0.08796
7	0.07523	0.00982	0.03726	0.03999	0.06483	0.00998	0.08621	0.05853	0.01234	0.09722	0.01557	0.04390	0.03426	0.00695	0.00650	0.00167	0.10531	0.00555	0.28239	0.00650

[dist]
# distance from previous block
# <min> <max>
32	89

[block]
# block no. 4 follows, 44 sequences, length 17
# corresponding to MSA columns:
# 493-507,516,517
name=unknown_E
#
# <colnr> <probs for GDERKNQSTAVLIFYWHMCP>
#	G	D	E	R	K	N	Q	S	T	A	V	L	I	F	Y	W	H	M	C	P
0	0.10209	0.18657	0.01483	0.00969	0.01214	0.06681	0.03429	0.02582	0.02268	0.05979	0.05727	0.11899	0.01533	0.00803	0.00646	0.00168	0.10698	0.02084	0.12357	0.00614
1	0.01255	0.03131	0.05330	0.00991	0.01248	0.01013	0.00820	0.28155	0.01710	0.02312	0.15730	0.26199	0.02643	0.01105	0.00617	0.00188	0.00455	0.05921	0.00515	0.00663
2	0.19696	0.01129	0.01210	0.12290	0.01683	0.01318	0.00903	0.04989	0.46356	0.02231	0.01685	0.01672	0.01267	0.00657	0.00505	0.00180	0.00478	0.00522	0.00462	0.00768
3	0.01130	0.01018	0.01322	0.12250	0.01676	0.01004	0.00891	0.01362	0.01060	0.01619	0.00913	0.01191	0.00776	0.00545	0.00729	0.00130	0.17953	0.00380	0.00293	0.53758
4	0.00914	0.00840	0.01341	0.01491	0.17981	0.00787	0.11522	0.01141	0.01215	0.01579	0.03244	0.17062	0.30562	0.01119	0.00639	0.00191	0.00476	0.06886	0.00421	0.00589
5	0.01979	0.01480	0.01583	0.01235	0.01655	0.01647	0.01014	0.66104	0.12234	0.03285	0.01428	0.01404	0.01024	0.00666	0.00547	0.00166	0.00578	0.00507	0.00547	0.00919
6	0.00807	0.00647	0.00900	0.01111	0.12637	0.00607	0.00691	0.00997	0.01259	0.01693	0.22947	0.28684	0.18310	0.01284	0.00651	0.00193	0.00354	0.05199	0.00494	0.00534
7	0.01168	0.00720	0.00814	0.00731	0.00957	0.00674	0.00551	0.01500	0.11928	0.18465	0.03727	0.03783	0.38226	0.13200	0.00934	0.00233	0.00378	0.00887	0.00524	0.00601
8	0.20165	0.13541	0.01569	0.01185	0.01505	0.50607	0.00934	0.01972	0.01346	0.01572	0.00812	0.00946	0.00677	0.00536	0.00437	0.00143	0.00802	0.00330	0.00286	0.00633
9	0.00729	0.00521	0.00707	0.00834	0.00894	0.00499	0.00619	0.00872	0.01108	0.01465	0.02969	0.57863	0.03463	0.01647	0.00713	0.00230	0.00373	0.23528	0.00505	0.00461
10	0.01053	0.00981	0.01565	0.63935	0.03274	0.01167	0.01372	0.01386	0.01082	0.01444	0.00955	0.01393	0.00738	0.00547	0.00593	0.00170	0.05027	0.00461	0.00254	0.12606
11	0.00888	0.00515	0.00764	0.00764	0.00804	0.00550	0.00546	0.00823	0.00784	0.01097	0.01160	0.01845	0.01112	0.02654	0.29935	0.51226	0.00826	0.00515	0.02855	0.00336
12	0.01344	0.01309	0.02291	0.03264	0.71600	0.01302	0.07450	0.01679	0.01245	0.01778	0.01032	0.01359	0.00861	0.00484	0.00548	0.00164	0.00669	0.00498	0.00270	0.00854
13	0.02075	0.01037	0.01381	0.14743	0.01849	0.01036	0.00963	0.12930	0.06397	0.48969	0.01828	0.01718	0.01200	0.00653	0.00548	0.00171	0.00527	0.00533	0.00573	0.00867
14	0.01344	0.01309	0.02291	0.03264	0.71600	0.01302	0.07450	0.01679	0.01245	0.01778	0.01032	0.01359	0.00861	0.00484	0.00548	0.00164	0.00669	0.00498	0.00270	0.00854
15	0.06919	0.01136	0.01169	0.04527	0.01360	0.03743	0.00792	0.38024	0.01841	0.02699	0.01414	0.01541	0.01060	0.00630	0.00471	0.00151	0.00481	0.00480	0.30833	0.00729
16	0.01212	0.01379	0.12795	0.38126	0.27747	0.01278	0.01608	0.06327	0.01244	0.01701	0.01011	0.01366	0.00780	0.00529	0.00539	0.00173	0.00704	0.00474	0.00269	0.00740

[dist]
# distance from previous block
# <min> <max>
3	17

[block]
# block no. 5 follows, 44 sequences, length 13
# corresponding to MSA columns:
# 536-548
name=unknown_F
#
# <colnr> <probs for GDERKNQSTAVLIFYWHMCP>
#	G	D	E	R	K	N	Q	S	T	A	V	L	I	F	Y	W	H	M	C	P
0	0.01331	0.53963	0.28954	0.01148	0.01733	0.01848	0.01308	0.01665	0.01123	0.01437	0.00834	0.00971	0.00696	0.00484	0.00408	0.00136	0.00660	0.00330	0.00232	0.00736
1	0.02072	0.01527	0.01636	0.01254	0.01691	0.01691	0.01036	0.75622	0.02563	0.03436	0.01309	0.01309	0.00927	0.00654	0.00545	0.00164	0.00600	0.00491	0.00545	0.00927
2	0.00798	0.00578	0.00771	0.00807	0.00930	0.00550	0.00648	0.01036	0.01381	0.01881	0.39810	0.10608	0.07690	0.01321	0.00689	0.00206	0.00356	0.28887	0.00551	0.00502
3	0.01361	0.01034	0.01208	0.01063	0.01272	0.01151	0.00827	0.34456	0.01701	0.02300	0.01967	0.35358	0.02054	0.01144	0.00760	0.00198	0.10031	0.00945	0.00491	0.00679
4	0.02072	0.01527	0.01636	0.01254	0.01691	0.01691	0.01036	0.75622	0.02563	0.03436	0.01309	0.01309	0.00927	0.00654	0.00545	0.00164	0.00600	0.00491	0.00545	0.00927
5	0.00950	0.00692	0.00795	0.00781	0.00975	0.00671	0.00608	0.01363	0.14643	0.07361	0.09153	0.13370	0.33612	0.01252	0.00643	0.00196	0.00354	0.11472	0.00534	0.00574
6	0.01349	0.01174	0.01549	0.25398	0.13103	0.01347	0.01201	0.11730	0.33000	0.02088	0.01547	0.01664	0.01167	0.00633	0.00548	0.00178	0.00575	0.00541	0.00417	0.00793
7	0.01909	0.02187	0.01398	0.01259	0.01542	0.61571	0.00952	0.02056	0.01510	0.08871	0.01536	0.01583	0.09990	0.00672	0.00516	0.00148	0.00847	0.00467	0.00347	0.00640
8	0.01418	0.01586	0.01125	0.01061	0.01272	0.38200	0.00787	0.06624	0.01432	0.01522	0.02373	0.20975	0.17427	0.01015	0.00576	0.00171	0.00649	0.00816	0.00400	0.00571
9	0.01761	0.01398	0.01402	0.01161	0.01515	0.08997	0.00929	0.35291	0.23592	0.07841	0.01734	0.01706	0.03721	0.00905	0.05316	0.00212	0.00621	0.00545	0.00514	0.00837
10	0.02039	0.01684	0.01606	0.01273	0.01679	0.13943	0.01032	0.61131	0.05232	0.03057	0.01269	0.01285	0.00920	0.00643	0.00537	0.00161	0.00655	0.00473	0.00504	0.00878
11	0.01354	0.12334	0.25303	0.01092	0.01548	0.05882	0.01122	0.08863	0.01335	0.10949	0.01952	0.02144	0.13691	0.09209	0.00761	0.00201	0.00607	0.00577	0.00375	0.00700
12	0.01647	0.01148	0.01268	0.01028	0.01349	0.03456	0.00827	0.36699	0.05313	0.11585	0.26897	0.02323	0.02418	0.00812	0.00577	0.00167	0.00473	0.00665	0.00571	0.00777

[dist]
# distance from previous block
# <min> <max>
9	26

[block]
# block no. 6 follows, 44 sequences, length 16
# corresponding to MSA columns:
# 575-590
name=unknown_G
#
# <colnr> <probs for GDERKNQSTAVLIFYWHMCP>
#	G	D	E	R	K	N	Q	S	T	A	V	L	I	F	Y	W	H	M	C	P
0	0.14916	0.05456	0.14159	0.01293	0.10505	0.04510	0.03157	0.03213	0.04400	0.01938	0.11683	0.01695	0.03915	0.00612	0.00487	0.00150	0.00533	0.00495	0.00355	0.16529
1	0.01567	0.01184	0.01886	0.09930	0.43663	0.01180	0.03347	0.05154	0.03381	0.17656	0.01299	0.01475	0.00972	0.00541	0.00539	0.00163	0.00605	0.00499	0.00374	0.04584
2	0.52800	0.01053	0.01112	0.17951	0.05763	0.01197	0.00870	0.03559	0.01055	0.04666	0.00891	0.01090	0.00680	0.00518	0.00409	0.00166	0.00505	0.00361	0.00329	0.05026
3	0.01342	0.01315	0.02326	0.03229	0.69063	0.01305	0.09959	0.01681	0.01246	0.01777	0.01034	0.01363	0.00859	0.00483	0.00551	0.00164	0.00678	0.00503	0.00271	0.00849
4	0.00707	0.00515	0.00666	0.00713	0.00796	0.00474	0.00502	0.00872	0.01264	0.01724	0.33619	0.43191	0.10058	0.01439	0.00670	0.00198	0.00289	0.01287	0.00545	0.00474
5	0.00700	0.00554	0.00629	0.00610	0.00770	0.00484	0.00458	0.00890	0.01373	0.01783	0.36674	0.04736	0.45874	0.01265	0.00644	0.00179	0.00268	0.01079	0.00547	0.00484
6	0.01030	0.00969	0.01635	0.79530	0.03755	0.01211	0.01514	0.01393	0.01090	0.01393	0.00969	0.01453	0.00727	0.00545	0.00545	0.00182	0.00727	0.00484	0.00242	0.00606
7	0.01704	0.01311	0.01393	0.01144	0.01506	0.01472	0.00920	0.40454	0.33119	0.02862	0.01718	0.01658	0.01265	0.00688	0.00538	0.00170	0.00507	0.00544	0.06153	0.00872
8	0.01404	0.01195	0.01260	0.01119	0.01436	0.01379	0.00875	0.07788	0.71485	0.02358	0.02158	0.01985	0.01615	0.00734	0.00554	0.00183	0.00443	0.00608	0.00554	0.00867
9	0.02072	0.01527	0.01636	0.01254	0.01691	0.01691	0.01036	0.75622	0.02563	0.03436	0.01309	0.01309	0.00927	0.00654	0.00545	0.00164	0.00600	0.00491	0.00545	0.00927
10	0.01356	0.01171	0.01233	0.01109	0.01418	0.01356	0.00863	0.02897	0.76455	0.02281	0.02219	0.02034	0.01664	0.00740	0.00555	0.00185	0.00431	0.00616	0.00555	0.00863
11	0.01130	0.00969	0.01130	0.00807	0.01292	0.00727	0.00646	0.01373	0.01130	0.01776	0.00969	0.01130	0.00807	0.00404	0.00404	0.00081	0.00404	0.00323	0.00323	0.84173
12	0.00770	0.00552	0.00745	0.00813	0.00908	0.00527	0.00629	0.00971	0.01283	0.01741	0.28300	0.30397	0.03980	0.01440	0.00696	0.00214	0.00356	0.24655	0.00537	0.00486
13	0.01136	0.01105	0.02033	0.01600	0.01869	0.01207	0.31280	0.01424	0.01072	0.03517	0.01228	0.01844	0.01082	0.01618	0.21929	0.00387	0.20258	0.04493	0.00294	0.00627
14	0.01093	0.00857	0.01484	0.01210	0.01454	0.00822	0.20752	0.01350	0.01309	0.10308	0.24960	0.22772	0.02921	0.01034	0.00707	0.00191	0.04728	0.00964	0.00478	0.00606
15	0.10972	0.03877	0.38355	0.01143	0.01597	0.01014	0.01269	0.01361	0.00977	0.01545	0.00986	0.01346	0.00815	0.01239	0.08667	0.22839	0.00729	0.00424	0.00251	0.00593

[dist]
# distance from previous block
# <min> <max>
16	26

[block]
# block no. 7 follows, 44 sequences, length 8
# corresponding to MSA columns:
# 620-627
name=unknown_H
#
# <colnr> <probs for GDERKNQSTAVLIFYWHMCP>
#	G	D	E	R	K	N	Q	S	T	A	V	L	I	F	Y	W	H	M	C	P
0	0.02072	0.01527	0.01636	0.01254	0.01691	0.01691	0.01036	0.75622	0.02563	0.03436	0.01309	0.01309	0.00927	0.00654	0.00545	0.00164	0.00600	0.00491	0.00545	0.00927
1	0.00646	0.00545	0.00560	0.00572	0.00742	0.00459	0.00423	0.00780	0.01223	0.01465	0.05278	0.12564	0.70060	0.01413	0.00649	0.00188	0.00280	0.01189	0.00506	0.00459
2	0.00949	0.00849	0.01315	0.01168	0.01268	0.01047	0.07056	0.01136	0.00906	0.01328	0.01276	0.06198	0.01235	0.02635	0.42831	0.00575	0.26793	0.00609	0.00285	0.00541
3	0.01385	0.01201	0.01526	0.01267	0.01450	0.07351	0.08014	0.12144	0.01263	0.05432	0.01154	0.01511	0.00969	0.03182	0.07565	0.00257	0.31219	0.00510	0.11955	0.00647
4	0.01694	0.02021	0.25262	0.01332	0.01850	0.11602	0.01311	0.39374	0.01926	0.02533	0.01353	0.01411	0.04582	0.00636	0.00535	0.00164	0.00698	0.00478	0.00411	0.00828
5	0.22992	0.12530	0.25276	0.01165	0.01695	0.01501	0.01211	0.23650	0.01507	0.02360	0.00990	0.01092	0.00736	0.00549	0.00457	0.00161	0.00616	0.00386	0.00352	0.00772
6	0.19549	0.00944	0.01027	0.00874	0.01167	0.00982	0.02835	0.13409	0.06723	0.02188	0.01483	0.10812	0.01311	0.00944	0.05936	0.00204	0.00495	0.00569	0.14340	0.14207
7	0.01526	0.07756	0.16594	0.01143	0.01596	0.01300	0.01083	0.31826	0.01757	0.06089	0.06171	0.09818	0.01421	0.00730	0.00533	0.00161	0.00562	0.00588	0.00443	0.08904

[dist]
# distance from previous block
# <min> <max>
11	33

[block]
# block no. 8 follows, 44 sequences, length 8
# corresponding to MSA columns:
# 666-673
name=unknown_I
#
# <colnr> <probs for GDERKNQSTAVLIFYWHMCP>
#	G	D	E	R	K	N	Q	S	T	A	V	L	I	F	Y	W	H	M	C	P
0	0.01206	0.01177	0.01468	0.06476	0.01655	0.11734	0.13073	0.04425	0.05836	0.01741	0.09680	0.11450	0.01856	0.02591	0.00650	0.00176	0.02284	0.06478	0.00391	0.15653
1	0.01201	0.01110	0.01676	0.01323	0.01660	0.05645	0.22210	0.01547	0.05204	0.05707	0.09572	0.05391	0.07076	0.00797	0.00671	0.00173	0.05745	0.07833	0.00398	0.15061
2	0.01549	0.07156	0.10006	0.01562	0.01960	0.33660	0.20015	0.01830	0.01311	0.01489	0.00952	0.01205	0.00777	0.00754	0.05306	0.00201	0.05548	0.00447	0.00271	0.03998
3	0.01087	0.09712	0.19354	0.39665	0.02651	0.01203	0.01376	0.01475	0.01115	0.01568	0.01087	0.01421	0.00830	0.00546	0.00490	0.00163	0.00649	0.00449	0.14511	0.00645
4	0.01127	0.00732	0.00880	0.00824	0.00993	0.02748	0.00611	0.01404	0.08399	0.14142	0.05280	0.13419	0.09157	0.15512	0.19930	0.00410	0.00680	0.00808	0.00450	0.02494
5	0.01106	0.09504	0.01266	0.11679	0.01397	0.06023	0.00830	0.01152	0.00951	0.01257	0.01155	0.07517	0.01134	0.01204	0.01291	0.29772	0.13613	0.02788	0.05899	0.00464
6	0.01349	0.01295	0.02213	0.03346	0.77440	0.01295	0.01673	0.01673	0.01241	0.01781	0.01025	0.01349	0.00864	0.00486	0.00540	0.00162	0.00648	0.00486	0.00270	0.00864
7	0.03782	0.00605	0.00772	0.00746	0.00895	0.00565	0.00578	0.01050	0.01367	0.01951	0.47887	0.07056	0.06029	0.01187	0.00729	0.05466	0.00328	0.12354	0.00528	0.06125

[dist]
# distance from previous block
# <min> <max>
5	12

[block]
# block no. 9 follows, 44 sequences, length 22
# corresponding to MSA columns:
# 686-707
name=unknown_J
#
# <colnr> <probs for GDERKNQSTAVLIFYWHMCP>
#	G	D	E	R	K	N	Q	S	T	A	V	L	I	F	Y	W	H	M	C	P
0	0.01985	0.01284	0.01523	0.01341	0.08521	0.01355	0.01000	0.39791	0.10410	0.22282	0.03748	0.01613	0.01232	0.00667	0.00549	0.00167	0.00541	0.00533	0.00556	0.00903
1	0.05207	0.00890	0.01151	0.00923	0.01280	0.00818	0.00749	0.02354	0.08417	0.54775	0.15202	0.02222	0.02012	0.00751	0.00557	0.00171	0.00423	0.00621	0.00638	0.00837
2	0.01569	0.00738	0.00962	0.00803	0.01084	0.00646	0.00638	0.01784	0.01501	0.39064	0.28493	0.03184	0.15332	0.00944	0.00597	0.00172	0.00361	0.00799	0.00621	0.00708
3	0.01356	0.01171	0.01233	0.01109	0.01418	0.01356	0.00863	0.02897	0.76455	0.02281	0.02219	0.02034	0.01664	0.00740	0.00555	0.00185	0.00431	0.00616	0.00555	0.00863
4	0.01130	0.00969	0.01130	0.00807	0.01292	0.00727	0.00646	0.01373	0.01130	0.01776	0.00969	0.01130	0.00807	0.00404	0.00404	0.00081	0.00404	0.00323	0.00323	0.84173
5	0.00664	0.00474	0.00633	0.00759	0.00791	0.00443	0.00506	0.00759	0.01044	0.01392	0.03005	0.80485	0.03606	0.01708	0.00696	0.00221	0.00316	0.01550	0.00506	0.00443
6	0.01030	0.00969	0.01635	0.79530	0.03755	0.01211	0.01514	0.01393	0.01090	0.01393	0.00969	0.01453	0.00727	0.00545	0.00545	0.00182	0.00727	0.00484	0.00242	0.00606
7	0.01283	0.01460	0.03156	0.02264	0.02794	0.01390	0.72549	0.01729	0.01269	0.01729	0.01088	0.01460	0.00823	0.00479	0.00688	0.00186	0.04013	0.00637	0.00274	0.00730
8	0.00881	0.00581	0.00764	0.00704	0.00852	0.00533	0.00533	0.01135	0.01544	0.07115	0.72264	0.03928	0.04897	0.01086	0.00637	0.00171	0.00271	0.00957	0.00605	0.00541
9	0.00863	0.00623	0.00857	0.00975	0.01104	0.00617	0.00848	0.01107	0.01254	0.01621	0.03058	0.06091	0.07965	0.01498	0.00746	0.00247	0.00487	0.69038	0.00502	0.00499
10	0.01975	0.01433	0.01532	0.01186	0.01594	0.01582	0.00976	0.68788	0.02433	0.03307	0.01352	0.01375	0.00970	0.00653	0.00530	0.00160	0.00568	0.00492	0.08204	0.00889
11	0.01308	0.01253	0.02138	0.13270	0.67841	0.01284	0.01652	0.01637	0.01222	0.01731	0.01018	0.01363	0.00846	0.00493	0.00540	0.00164	0.00658	0.00486	0.00266	0.00830
12	0.02072	0.01527	0.01636	0.01254	0.01691	0.01691	0.01036	0.75622	0.02563	0.03436	0.01309	0.01309	0.00927	0.00654	0.00545	0.00164	0.00600	0.00491	0.00545	0.00927
13	0.00644	0.00552	0.00552	0.00552	0.00736	0.00460	0.00414	0.00782	0.01243	0.01473	0.05523	0.05247	0.77218	0.01381	0.00644	0.00184	0.00276	0.01151	0.00506	0.00460
14	0.01301	0.01430	0.02984	0.02541	0.20175	0.01359	0.58321	0.01729	0.01276	0.01754	0.01085	0.01442	0.00836	0.00466	0.00619	0.00179	0.00856	0.00607	0.00274	0.00765
15	0.01228	0.01172	0.01995	0.32132	0.49598	0.01264	0.01613	0.01567	0.01184	0.01634	0.01004	0.01389	0.00812	0.00508	0.00542	0.00169	0.00678	0.00485	0.00259	0.00766
16	0.02446	0.00928	0.01265	0.00970	0.01392	0.00801	0.00801	0.02657	0.01560	0.77817	0.02151	0.01856	0.01350	0.00675	0.00548	0.00169	0.00464	0.00548	0.00675	0.00928
17	0.00750	0.00535	0.00583	0.00583	0.00635	0.00509	0.00354	0.00790	0.00921	0.01176	0.02806	0.04048	0.23494	0.58121	0.02166	0.00430	0.00456	0.00895	0.00381	0.00367
18	0.01487	0.00716	0.00958	0.00807	0.01061	0.00637	0.00637	0.01724	0.01551	0.34488	0.45119	0.03126	0.03523	0.00927	0.00603	0.00170	0.00345	0.00799	0.00632	0.00691
19	0.01149	0.02434	0.56629	0.01767	0.02500	0.01298	0.23014	0.01732	0.01190	0.01732	0.01014	0.01242	0.00730	0.00501	0.00554	0.00176	0.00838	0.00472	0.00243	0.00786
20	0.01193	0.01193	0.01670	0.01431	0.01431	0.01670	0.01193	0.01312	0.00835	0.01312	0.00716	0.01193	0.00716	0.00954	0.01789	0.00239	0.79843	0.00477	0.00239	0.00596
21	0.55628	0.01128	0.00989	0.00867	0.01206	0.01300	0.00702	0.08740	0.20536	0.02494	0.01186	0.01220	0.00898	0.00580	0.00412	0.00172	0.00441	0.00396	0.00412	0.00692

[dist]
# distance from previous block
# <min> <max>
4	26

[block]
# block no. 10 follows, 44 sequences, length 13
# corresponding to MSA columns:
# 734-746
name=unknown_K
#
# <colnr> <probs for GDERKNQSTAVLIFYWHMCP>
#	G	D	E	R	K	N	Q	S	T	A	V	L	I	F	Y	W	H	M	C	P
0	0.04917	0.01297	0.02265	0.01733	0.03563	0.01305	0.38174	0.17015	0.01507	0.06212	0.01409	0.08396	0.01200	0.00690	0.00667	0.00187	0.04520	0.03818	0.00384	0.00740
1	0.01287	0.01243	0.01562	0.53441	0.03012	0.12217	0.01325	0.11190	0.01345	0.01652	0.01118	0.06132	0.00923	0.00632	0.00547	0.00176	0.00722	0.00531	0.00303	0.00642
2	0.01115	0.01026	0.01718	0.27271	0.36069	0.01126	0.01393	0.01421	0.01108	0.01537	0.01108	0.01566	0.00935	0.01338	0.18607	0.00333	0.00861	0.00508	0.00266	0.00694
3	0.01103	0.01031	0.01439	0.01540	0.13909	0.07052	0.07656	0.01352	0.01254	0.01672	0.13270	0.06614	0.02346	0.01040	0.00815	0.00206	0.11815	0.24875	0.00404	0.00606
4	0.01157	0.00938	0.01304	0.30920	0.02213	0.01036	0.01091	0.14958	0.01401	0.01862	0.01706	0.10575	0.01651	0.00905	0.00598	0.00190	0.00578	0.18434	0.00395	0.08085
5	0.00861	0.00556	0.00681	0.00711	0.00778	0.00532	0.00486	0.00944	0.01005	0.05883	0.02557	0.22339	0.09213	0.38768	0.01667	0.00363	0.00448	0.11347	0.00433	0.00429
6	0.01700	0.48448	0.02317	0.01121	0.01518	0.29701	0.00982	0.05920	0.01346	0.01420	0.00819	0.00938	0.00713	0.00511	0.00412	0.00128	0.00728	0.00324	0.00268	0.00688
7	0.01496	0.01194	0.01249	0.01086	0.01370	0.04951	0.00845	0.32891	0.20596	0.02472	0.01990	0.23675	0.01852	0.00967	0.00587	0.00184	0.00497	0.00813	0.00524	0.00761
8	0.01642	0.01281	0.01430	0.04861	0.01607	0.04249	0.00957	0.25615	0.20572	0.09136	0.01465	0.01497	0.01092	0.00667	0.00666	0.00166	0.09472	0.00497	0.00469	0.12660
9	0.05716	0.10254	0.19184	0.01211	0.01570	0.01368	0.01187	0.07812	0.08031	0.04711	0.01522	0.01998	0.05319	0.00804	0.00823	0.00191	0.18907	0.08335	0.00355	0.00703
10	0.03519	0.01325	0.01368	0.01134	0.01428	0.08167	0.00911	0.35566	0.08274	0.05802	0.04287	0.06284	0.01318	0.00765	0.00679	0.00173	0.09734	0.00570	0.07928	0.00768
11	0.01728	0.08961	0.06922	0.01181	0.01620	0.19986	0.01011	0.29389	0.01765	0.02243	0.01047	0.01140	0.00809	0.00549	0.00481	0.00136	0.00661	0.00395	0.00381	0.19594
12	0.13552	0.01724	0.06147	0.04234	0.06185	0.25162	0.01033	0.21400	0.01659	0.02202	0.08814	0.01426	0.01214	0.00624	0.00504	0.00157	0.00674	0.00461	0.00388	0.02439

[dist]
# distance from previous block
# <min> <max>
1	22

[block]
# block no. 11 follows, 44 sequences, length 22
# corresponding to MSA columns:
# 769-790
name=unknown_L
#
# <colnr> <probs for GDERKNQSTAVLIFYWHMCP>
#	G	D	E	R	K	N	Q	S	T	A	V	L	I	F	Y	W	H	M	C	P
0	0.05246	0.02953	0.04462	0.00978	0.01433	0.06230	0.00823	0.15859	0.01479	0.10336	0.02557	0.01273	0.00946	0.00516	0.00458	0.00120	0.00505	0.00395	0.00401	0.43029
1	0.14037	0.01102	0.01227	0.01003	0.01342	0.03766	0.02671	0.16683	0.09305	0.23753	0.10081	0.02050	0.07013	0.00749	0.00568	0.00172	0.02589	0.00591	0.00531	0.00769
2	0.11199	0.01216	0.01531	0.06144	0.18973	0.01235	0.01054	0.23596	0.01591	0.08649	0.01157	0.01285	0.00871	0.00540	0.00490	0.00147	0.00544	0.00435	0.00403	0.18941
3	0.01574	0.27464	0.01985	0.03870	0.03069	0.03604	0.04855	0.26818	0.01632	0.03522	0.01227	0.08355	0.01074	0.00647	0.00486	0.00147	0.00581	0.00512	0.00385	0.08194
4	0.01603	0.00954	0.01179	0.00866	0.01328	0.00754	0.00702	0.01834	0.01285	0.29075	0.01393	0.01391	0.01002	0.00501	0.00456	0.00112	0.00425	0.00404	0.00449	0.54288
5	0.00664	0.00474	0.00633	0.00759	0.00791	0.00443	0.00506	0.00759	0.01044	0.01392	0.03005	0.80485	0.03606	0.01708	0.00696	0.00221	0.00316	0.01550	0.00506	0.00443
6	0.01458	0.81168	0.02857	0.00933	0.01399	0.02157	0.00933	0.01632	0.01108	0.01283	0.00758	0.00875	0.00700	0.00466	0.00350	0.00117	0.00583	0.00292	0.00233	0.00700
7	0.00664	0.00474	0.00633	0.00759	0.00791	0.00443	0.00506	0.00759	0.01044	0.01392	0.03005	0.80485	0.03606	0.01708	0.00696	0.00221	0.00316	0.01550	0.00506	0.00443
8	0.01030	0.00969	0.01635	0.79530	0.03755	0.01211	0.01514	0.01393	0.01090	0.01393	0.00969	0.01453	0.00727	0.00545	0.00545	0.00182	0.00727	0.00484	0.00242	0.00606
9	0.00948	0.00758	0.00882	0.00908	0.01060	0.00809	0.00674	0.01610	0.29791	0.01757	0.02798	0.40281	0.05863	0.01306	0.00646	0.00209	0.00377	0.08191	0.00524	0.00609
10	0.01800	0.01391	0.01483	0.01199	0.01587	0.01563	0.00970	0.47927	0.30703	0.02996	0.01655	0.01585	0.01208	0.00687	0.00549	0.00172	0.00536	0.00539	0.00549	0.00903
11	0.01180	0.00998	0.01157	0.00831	0.01313	0.00777	0.00666	0.05274	0.01206	0.01864	0.00987	0.01140	0.00814	0.00417	0.00411	0.00085	0.00414	0.00332	0.00335	0.79799
12	0.01660	0.00803	0.01046	0.00870	0.01162	0.00742	0.00692	0.02026	0.09219	0.39619	0.32371	0.02767	0.02910	0.00859	0.00587	0.00171	0.00377	0.00732	0.00632	0.00755
13	0.00743	0.00537	0.00710	0.00773	0.00864	0.00505	0.00579	0.00926	0.01266	0.01713	0.28191	0.35739	0.07899	0.01449	0.00687	0.00209	0.00332	0.15861	0.00537	0.00480
14	0.01145	0.01087	0.01844	0.51948	0.30432	0.01242	0.01572	0.01494	0.01145	0.01533	0.00989	0.01416	0.00776	0.00524	0.00543	0.00175	0.00698	0.00485	0.00252	0.00699
15	0.01030	0.00969	0.01635	0.79530	0.03755	0.01211	0.01514	0.01393	0.01090	0.01393	0.00969	0.01453	0.00727	0.00545	0.00545	0.00182	0.00727	0.00484	0.00242	0.00606
16	0.06551	0.03489	0.01213	0.07320	0.01492	0.01238	0.00852	0.09493	0.42271	0.02203	0.02019	0.04633	0.04098	0.00765	0.00534	0.00178	0.00455	0.03193	0.07247	0.00757
17	0.22851	0.01326	0.02128	0.01606	0.02011	0.03177	0.35538	0.08264	0.01266	0.04634	0.01029	0.01293	0.00790	0.00635	0.02452	0.00198	0.09267	0.00511	0.00326	0.00699
18	0.12555	0.01485	0.01543	0.01326	0.06667	0.05295	0.01014	0.54016	0.05923	0.03039	0.01243	0.01278	0.00906	0.00624	0.00516	0.00164	0.00590	0.00465	0.00488	0.00862
19	0.12599	0.03984	0.46109	0.05817	0.02045	0.01207	0.04236	0.03992	0.01203	0.03946	0.06160	0.01389	0.01035	0.00567	0.00501	0.00170	0.00676	0.00449	0.03180	0.00737
20	0.01526	0.06662	0.04541	0.03630	0.01497	0.06639	0.00912	0.22297	0.17045	0.07662	0.06073	0.02181	0.10706	0.00770	0.00547	0.00166	0.00526	0.02310	0.00483	0.03825
21	0.10063	0.01639	0.18300	0.06517	0.01899	0.03319	0.06023	0.25643	0.09928	0.05579	0.01462	0.01527	0.04427	0.00631	0.00529	0.00172	0.00627	0.00504	0.00415	0.00796

[dist]
# distance from previous block
# <min> <max>
23	88

[block]
# block no. 12 follows, 44 sequences, length 20
# corresponding to MSA columns:
# 889-908
name=unknown_M
#
# <colnr> <probs for GDERKNQSTAVLIFYWHMCP>
#	G	D	E	R	K	N	Q	S	T	A	V	L	I	F	Y	W	H	M	C	P
0	0.01492	0.01579	0.18009	0.01200	0.02821	0.04810	0.01106	0.19576	0.24419	0.05152	0.01585	0.01604	0.01171	0.00642	0.00517	0.00166	0.00558	0.00508	0.12280	0.00807
1	0.03518	0.04164	0.16947	0.01249	0.01648	0.14098	0.01164	0.19130	0.08327	0.05470	0.05889	0.01843	0.01331	0.00728	0.00629	0.00175	0.06053	0.06477	0.00409	0.00751
2	0.34033	0.06194	0.11900	0.00987	0.01409	0.02716	0.00915	0.15905	0.06872	0.02348	0.01076	0.01197	0.00827	0.01902	0.00469	0.00164	0.00524	0.00391	0.03713	0.06458
3	0.05323	0.01552	0.01574	0.01234	0.01649	0.06267	0.01009	0.64081	0.06691	0.03204	0.01311	0.01314	0.00943	0.00648	0.00534	0.00164	0.00606	0.00482	0.00522	0.00892
4	0.01490	0.01961	0.35747	0.01325	0.01894	0.01332	0.01409	0.17385	0.20282	0.09463	0.01468	0.01471	0.01045	0.00616	0.00536	0.00173	0.00637	0.00488	0.00419	0.00857
5	0.00869	0.00592	0.00824	0.00788	0.00922	0.00610	0.00607	0.01088	0.01207	0.06240	0.32521	0.03064	0.06636	0.02540	0.38379	0.00513	0.00852	0.00773	0.00451	0.00523
6	0.00782	0.00570	0.00806	0.00806	0.00879	0.00643	0.00594	0.00929	0.00855	0.01214	0.01524	0.02497	0.01517	0.23199	0.59781	0.00790	0.01228	0.00636	0.00302	0.00448
7	0.01397	0.02358	0.38708	0.01995	0.22215	0.20594	0.01683	0.01825	0.01273	0.01643	0.00957	0.01162	0.00740	0.00520	0.00517	0.00162	0.00808	0.00412	0.00253	0.00778
8	0.01825	0.01316	0.01432	0.01164	0.01547	0.01456	0.00940	0.38102	0.32303	0.11266	0.01770	0.01663	0.01272	0.00691	0.00549	0.00173	0.00517	0.00548	0.00564	0.00901
9	0.01147	0.00904	0.01280	0.01076	0.01214	0.01077	0.09080	0.03822	0.01092	0.01779	0.01292	0.01633	0.01064	0.00735	0.00940	0.00176	0.29954	0.00511	0.40642	0.00580
10	0.01265	0.01732	0.26062	0.27342	0.02755	0.01349	0.13100	0.13614	0.01370	0.01883	0.01039	0.01328	0.00763	0.00555	0.00596	0.00178	0.03551	0.00484	0.00293	0.00741
11	0.01911	0.27622	0.01991	0.01124	0.01562	0.05146	0.00977	0.39976	0.01929	0.10934	0.01202	0.01213	0.00890	0.00591	0.00479	0.00148	0.00596	0.00426	0.00446	0.00840
12	0.00903	0.00662	0.00821	0.00804	0.00954	0.00647	0.00624	0.09293	0.01486	0.02014	0.35208	0.18083	0.11322	0.01265	0.00661	0.00195	0.00350	0.13618	0.00551	0.00540
13	0.01238	0.14026	0.51949	0.01728	0.14217	0.01384	0.01755	0.01739	0.01174	0.04509	0.00997	0.01168	0.00744	0.00511	0.00498	0.00163	0.00735	0.00405	0.00254	0.00804
14	0.01145	0.00900	0.00938	0.00807	0.01080	0.00904	0.00638	0.25538	0.04875	0.02154	0.03994	0.03812	0.48862	0.01114	0.00608	0.00177	0.00389	0.00910	0.00521	0.00631
15	0.00811	0.00632	0.00703	0.00708	0.00863	0.00591	0.00518	0.09122	0.01316	0.01662	0.04116	0.32803	0.41317	0.01421	0.00652	0.00196	0.00327	0.01226	0.00511	0.00506
16	0.01223	0.01115	0.01589	0.21470	0.02154	0.04591	0.12882	0.03234	0.23783	0.03376	0.01621	0.10440	0.01380	0.00796	0.00681	0.03755	0.03015	0.00663	0.01547	0.00682
17	0.06247	0.01469	0.12456	0.01287	0.01771	0.01270	0.09369	0.25700	0.06077	0.26476	0.01530	0.01498	0.01041	0.00617	0.00543	0.00170	0.00603	0.00511	0.00501	0.00867
18	0.01615	0.01319	0.01336	0.01125	0.01472	0.08593	0.00891	0.14656	0.38837	0.09661	0.01741	0.01668	0.01293	0.00672	0.00572	0.00166	0.03213	0.00526	0.00502	0.10142
19	0.01671	0.07587	0.06352	0.01112	0.01535	0.01362	0.00958	0.22925	0.26495	0.12655	0.01622	0.01559	0.01182	0.00634	0.00516	0.00159	0.00516	0.00500	0.00497	0.10167

[dist]
# distance from previous block
# <min> <max>
3	40

[block]
# block no. 13 follows, 44 sequences, length 7
# corresponding to MSA columns:
# 950-956
name=unknown_N
#
# <colnr> <probs for GDERKNQSTAVLIFYWHMCP>
#	G	D	E	R	K	N	Q	S	T	A	V	L	I	F	Y	W	H	M	C	P
0	0.01311	0.00955	0.01109	0.00940	0.01208	0.00977	0.00736	0.23505	0.06532	0.06107	0.20999	0.15351	0.04612	0.00954	0.00617	0.00170	0.02619	0.00803	0.00525	0.09971
1	0.03607	0.00876	0.01050	0.00859	0.01176	0.00819	0.00678	0.08585	0.03451	0.04251	0.05016	0.01830	0.03527	0.04819	0.21930	0.00341	0.00709	0.00501	0.00374	0.35602
2	0.01525	0.01161	0.05857	0.01095	0.01562	0.00949	0.08154	0.05880	0.03634	0.20372	0.01318	0.01382	0.00964	0.00527	0.00535	0.00131	0.03593	0.00438	0.00415	0.40508
3	0.06069	0.00874	0.08381	0.08567	0.01281	0.00737	0.00774	0.01051	0.01180	0.01615	0.11690	0.15425	0.31343	0.01159	0.00677	0.00191	0.04779	0.03239	0.00438	0.00529
4	0.01356	0.01171	0.01233	0.01109	0.01418	0.01356	0.00863	0.02897	0.76455	0.02281	0.02219	0.02034	0.01664	0.00740	0.00555	0.00185	0.00431	0.00616	0.00555	0.00863
5	0.01130	0.00969	0.01130	0.00807	0.01292	0.00727	0.00646	0.01373	0.01130	0.01776	0.00969	0.01130	0.00807	0.00404	0.00404	0.00081	0.00404	0.00323	0.00323	0.84173
6	0.00905	0.00822	0.01185	0.09192	0.25141	0.00795	0.00923	0.01121	0.01216	0.01557	0.03521	0.07892	0.41565	0.01036	0.00605	0.00179	0.00439	0.00899	0.00406	0.00600

[dist]
# distance from previous block
# <min> <max>
0	5

[block]
# block no. 14 follows, 44 sequences, length 15
# corresponding to MSA columns:
# 962-976
name=unknown_O
#
# <colnr> <probs for GDERKNQSTAVLIFYWHMCP>
#	G	D	E	R	K	N	Q	S	T	A	V	L	I	F	Y	W	H	M	C	P
0	0.35094	0.01052	0.01249	0.00996	0.01383	0.01077	0.07231	0.04519	0.05853	0.32445	0.03086	0.01475	0.01087	0.00601	0.00475	0.00171	0.00485	0.00467	0.00492	0.00763
1	0.16870	0.00921	0.00981	0.00897	0.01158	0.00991	0.00696	0.03271	0.28120	0.10099	0.08510	0.15070	0.05606	0.00916	0.00549	0.00184	0.00396	0.02017	0.00515	0.02234
2	0.01171	0.00734	0.00848	0.00775	0.01015	0.00680	0.00614	0.07777	0.03846	0.16619	0.03944	0.09155	0.40600	0.01193	0.00629	0.00189	0.00373	0.08687	0.00544	0.00609
3	0.01325	0.01466	0.01114	0.01069	0.01233	0.34104	0.00790	0.03107	0.01336	0.01482	0.08523	0.28225	0.06966	0.01073	0.00665	0.00180	0.05517	0.00871	0.00402	0.00552
4	0.01349	0.01295	0.02213	0.03346	0.77440	0.01295	0.01673	0.01673	0.01241	0.01781	0.01025	0.01349	0.00864	0.00486	0.00540	0.00162	0.00648	0.00486	0.00270	0.00864
