[name]
unknown

[dist]
# distance from previous block
# <min> <max>
0	7

[block]
# block no. 0 follows, 42 sequences, length 23
# corresponding to MSA columns:
# 7-29
name=unknown_A
#
# <colnr> <probs for GDERKNQSTAVLIFYWHMCP>
#	G	D	E	R	K	N	Q	S	T	A	V	L	I	F	Y	W	H	M	C	P
0	0.00907	0.00648	0.00907	0.01036	0.01166	0.00648	0.00907	0.01166	0.01296	0.01684	0.02980	0.06348	0.03239	0.01555	0.00777	0.00259	0.00518	0.72924	0.00518	0.00518
1	0.00840	0.00754	0.00981	0.01261	0.18963	0.00682	0.00739	0.01028	0.01282	0.01597	0.04588	0.04452	0.58367	0.01204	0.00639	0.00185	0.00377	0.01023	0.00464	0.00575
2	0.00672	0.00563	0.00584	0.00594	0.00768	0.00476	0.00440	0.00815	0.01277	0.01541	0.08151	0.11778	0.67528	0.01444	0.00670	0.00193	0.00288	0.01217	0.00526	0.00476
3	0.00806	0.00596	0.00869	0.00869	0.00957	0.00684	0.00659	0.00982	0.00894	0.01280	0.01540	0.02390	0.01485	0.13459	0.68860	0.00861	0.01390	0.00629	0.00306	0.00483
4	0.01400	0.01209	0.01273	0.01145	0.01463	0.01400	0.00891	0.02990	0.75695	0.02354	0.02291	0.02100	0.01718	0.00764	0.00573	0.00191	0.00445	0.00636	0.00573	0.00891
5	0.02102	0.02682	0.01595	0.01450	0.01740	0.77963	0.01087	0.02247	0.01595	0.01377	0.00870	0.01015	0.00725	0.00580	0.00507	0.00145	0.01015	0.00362	0.00290	0.00652
6	0.01266	0.06814	0.49927	0.01398	0.02061	0.01320	0.01634	0.02038	0.16363	0.05712	0.01438	0.01501	0.02876	0.00606	0.00535	0.00175	0.00698	0.00479	0.00339	0.02820
7	0.84197	0.01088	0.00827	0.00740	0.01088	0.01262	0.00609	0.01654	0.00958	0.02525	0.00784	0.00914	0.00609	0.00522	0.00348	0.00174	0.00435	0.00305	0.00348	0.00609
8	0.02102	0.02682	0.01595	0.01450	0.01740	0.77963	0.01087	0.02247	0.01595	0.01377	0.00870	0.01015	0.00725	0.00580	0.00507	0.00145	0.01015	0.00362	0.00290	0.00652
9	0.01167	0.01000	0.01167	0.00834	0.01334	0.00750	0.00667	0.01417	0.01167	0.01834	0.01000	0.01167	0.00834	0.00417	0.00417	0.00083	0.00417	0.00333	0.00333	0.83663
10	0.00758	0.00528	0.00624	0.00670	0.00698	0.00508	0.00412	0.00805	0.00950	0.01250	0.02579	0.30668	0.09045	0.45797	0.01919	0.00403	0.00446	0.01125	0.00421	0.00393
11	0.84197	0.01088	0.00827	0.00740	0.01088	0.01262	0.00609	0.01654	0.00958	0.02525	0.00784	0.00914	0.00609	0.00522	0.00348	0.00174	0.00435	0.00305	0.00348	0.00609
12	0.00692	0.00492	0.00651	0.00776	0.00807	0.00461	0.00514	0.00785	0.01065	0.01421	0.03040	0.76324	0.03644	0.05400	0.00818	0.00243	0.00337	0.01564	0.00514	0.00452
13	0.01361	0.01425	0.02788	0.02928	0.40835	0.01379	0.37200	0.01764	0.01304	0.01821	0.01097	0.01454	0.00873	0.00488	0.00609	0.00178	0.00805	0.00581	0.00282	0.00827
14	0.00697	0.00498	0.00666	0.00797	0.00835	0.00467	0.00543	0.00804	0.01089	0.01450	0.03095	0.76003	0.03697	0.01752	0.00721	0.00230	0.00337	0.05337	0.00522	0.00460
15	0.00866	0.00778	0.01401	0.01229	0.01412	0.00728	0.21313	0.01069	0.01148	0.01539	0.02551	0.57889	0.02918	0.01402	0.00703	0.00218	0.00501	0.01337	0.00456	0.00542
16	0.00773	0.00586	0.00729	0.00787	0.00923	0.00541	0.00625	0.00969	0.01304	0.01680	0.15383	0.16833	0.28778	0.01479	0.00712	0.00218	0.00370	0.26278	0.00536	0.00496
17	0.00796	0.00500	0.00614	0.00705	0.00767	0.00478	0.00483	0.00944	0.01109	0.01638	0.02717	0.56236	0.03030	0.01427	0.00620	0.00199	0.00307	0.01273	0.25681	0.00478
18	0.02374	0.00924	0.01258	0.00976	0.01385	0.00801	0.00801	0.02596	0.01609	0.70567	0.08698	0.02115	0.01735	0.00736	0.00574	0.00174	0.00460	0.00605	0.00690	0.00920
19	0.01532	0.01611	0.02121	0.05311	0.58699	0.17494	0.01587	0.01828	0.01343	0.01729	0.01017	0.01316	0.00852	0.00520	0.00547	0.00163	0.00744	0.00472	0.00280	0.00833
20	0.00790	0.00560	0.00687	0.00715	0.00739	0.00573	0.00457	0.00843	0.00914	0.01229	0.02208	0.24939	0.04702	0.46436	0.08625	0.00466	0.03304	0.01020	0.00391	0.00401
21	0.02367	0.00917	0.01250	0.00983	0.01383	0.00795	0.00801	0.02574	0.01565	0.70588	0.02296	0.08625	0.01594	0.00788	0.00579	0.00179	0.00466	0.00655	0.00682	0.00915
22	0.01485	0.01507	0.02162	0.03118	0.64516	0.11272	0.01617	0.01836	0.03772	0.01796	0.01075	0.01367	0.00897	0.00520	0.00551	0.00165	0.00706	0.00488	0.00290	0.00860

[dist]
# distance from previous block
# <min> <max>
0	1

[block]
# block no. 1 follows, 42 sequences, length 45
# corresponding to MSA columns:
# 31-75
name=unknown_B
#
# <colnr> <probs for GDERKNQSTAVLIFYWHMCP>
#	G	D	E	R	K	N	Q	S	T	A	V	L	I	F	Y	W	H	M	C	P
0	0.01184	0.01089	0.01737	0.40348	0.19012	0.01233	0.05097	0.01717	0.11979	0.01717	0.01400	0.01720	0.03290	0.00606	0.00561	0.00180	0.00655	0.00551	0.05206	0.00718
1	0.01480	0.04159	0.22389	0.01305	0.01842	0.14625	0.06053	0.05761	0.04774	0.06506	0.02578	0.01318	0.00947	0.00544	0.00509	0.00145	0.00689	0.00433	0.00345	0.23598
2	0.00981	0.00617	0.00817	0.00759	0.00921	0.00567	0.00583	0.01237	0.01565	0.10027	0.62620	0.05941	0.04742	0.01141	0.00661	0.00183	0.00304	0.05140	0.00619	0.00573
3	0.01276	0.03780	0.24832	0.01849	0.05115	0.01321	0.33335	0.07575	0.01375	0.01916	0.06180	0.01691	0.01185	0.05164	0.00733	0.00202	0.00799	0.00595	0.00317	0.00761
4	0.00786	0.00567	0.00745	0.00725	0.00846	0.00525	0.00539	0.01032	0.01526	0.02148	0.66136	0.13007	0.05076	0.01231	0.00673	0.00185	0.00279	0.02846	0.00606	0.00522
5	0.01237	0.01528	0.13525	0.02353	0.26030	0.01247	0.30005	0.01649	0.01293	0.01808	0.06499	0.01858	0.04636	0.02999	0.00678	0.00191	0.00753	0.00629	0.00311	0.00771
6	0.01139	0.01072	0.01566	0.01788	0.21052	0.03474	0.05337	0.01452	0.07320	0.01618	0.01763	0.27435	0.01856	0.01056	0.00920	0.00209	0.19019	0.00880	0.00377	0.00668
7	0.00771	0.00572	0.00718	0.00687	0.00826	0.00519	0.00513	0.01010	0.01524	0.02106	0.62143	0.06709	0.17384	0.01216	0.00666	0.00181	0.00271	0.01064	0.00600	0.00519
8	0.01864	0.01965	0.01461	0.01300	0.01618	0.40406	0.00997	0.06521	0.29575	0.06325	0.01511	0.01495	0.01151	0.00661	0.00538	0.00165	0.00747	0.00485	0.00435	0.00777
9	0.00683	0.00501	0.00641	0.00752	0.00808	0.00460	0.00509	0.00787	0.01107	0.01449	0.03482	0.68970	0.14362	0.01714	0.00711	0.00223	0.00320	0.01540	0.00522	0.00460
10	0.06458	0.02429	0.01542	0.01383	0.01689	0.63732	0.01049	0.07689	0.05922	0.01657	0.00983	0.01097	0.00793	0.00595	0.00507	0.00151	0.00921	0.00386	0.00330	0.00687
11	0.01505	0.80561	0.02949	0.00963	0.01444	0.02227	0.00963	0.01685	0.01143	0.01324	0.00782	0.00903	0.00722	0.00481	0.00361	0.00120	0.00602	0.00301	0.00241	0.00722
12	0.01949	0.05673	0.01350	0.00951	0.01394	0.00926	0.00786	0.05070	0.03606	0.42642	0.03249	0.01741	0.02893	0.00628	0.00515	0.00145	0.00464	0.00505	0.00550	0.24964
13	0.01670	0.01416	0.08134	0.02338	0.40456	0.05032	0.01403	0.06294	0.01456	0.19138	0.03780	0.01682	0.03414	0.00611	0.00562	0.00170	0.00629	0.00539	0.00406	0.00870
14	0.06471	0.00679	0.00828	0.00831	0.00951	0.00738	0.00614	0.04250	0.05465	0.01646	0.02121	0.24684	0.04284	0.08784	0.25313	0.00451	0.02289	0.00894	0.08178	0.00529
15	0.15880	0.05954	0.01950	0.04857	0.52364	0.01324	0.01404	0.01649	0.01212	0.01898	0.01266	0.01520	0.05279	0.00560	0.00515	0.00168	0.00603	0.00495	0.00302	0.00800
16	0.01520	0.65270	0.09118	0.01072	0.01556	0.08920	0.01075	0.01737	0.01182	0.01368	0.00809	0.00944	0.00722	0.00506	0.00421	0.00130	0.02363	0.00320	0.00245	0.00723
17	0.00783	0.00543	0.00728	0.00827	0.00881	0.00530	0.00602	0.00893	0.01071	0.01421	0.02699	0.42675	0.03113	0.12660	0.04085	0.05271	0.00461	0.19841	0.00471	0.00446
18	0.00959	0.00812	0.01213	0.01651	0.25017	0.00800	0.00935	0.01229	0.05556	0.01632	0.02550	0.43432	0.06891	0.01276	0.00657	0.00206	0.00447	0.03665	0.00448	0.00624
19	0.00939	0.00775	0.01041	0.00963	0.01045	0.00899	0.00751	0.01119	0.01245	0.03205	0.32599	0.17186	0.08368	0.01220	0.01048	0.00209	0.25401	0.00960	0.00478	0.00549
20	0.00686	0.00490	0.00653	0.00784	0.00816	0.00457	0.00522	0.00784	0.01077	0.01437	0.03102	0.79855	0.03722	0.01763	0.00718	0.00229	0.00326	0.01600	0.00522	0.00457
21	0.01167	0.01000	0.01167	0.00834	0.01334	0.00750	0.00667	0.01417	0.01167	0.01834	0.01000	0.01167	0.00834	0.00417	0.00417	0.00083	0.00417	0.00333	0.00333	0.83663
22	0.01143	0.00977	0.01031	0.00947	0.01214	0.01068	0.00730	0.02216	0.48645	0.02108	0.09045	0.03212	0.23372	0.00983	0.00606	0.00190	0.00386	0.00824	0.00562	0.00744
23	0.00709	0.00508	0.00680	0.00784	0.00834	0.00479	0.00539	0.00836	0.01143	0.01543	0.12322	0.65895	0.03836	0.01759	0.03181	0.00244	0.00361	0.03348	0.00528	0.00469
24	0.01178	0.02539	0.57943	0.01777	0.02523	0.01347	0.18777	0.01774	0.01210	0.01774	0.01031	0.01265	0.00746	0.00535	0.00605	0.00183	0.03262	0.00475	0.00249	0.00808
25	0.00686	0.00490	0.00653	0.00784	0.00816	0.00457	0.00522	0.00784	0.01077	0.01437	0.03102	0.79855	0.03722	0.01763	0.00718	0.00229	0.00326	0.01600	0.00522	0.00457
26	0.01455	0.56312	0.17023	0.01186	0.03930	0.06490	0.01198	0.01731	0.01184	0.01446	0.00846	0.00987	0.00729	0.00496	0.00411	0.00133	0.00667	0.00334	0.00247	0.03196
27	0.04963	0.03967	0.01630	0.01349	0.01708	0.43031	0.01058	0.30031	0.03236	0.02264	0.01074	0.01156	0.00827	0.00615	0.00521	0.00155	0.00824	0.00419	0.00400	0.00773
28	0.84197	0.01088	0.00827	0.00740	0.01088	0.01262	0.00609	0.01654	0.00958	0.02525	0.00784	0.00914	0.00609	0.00522	0.00348	0.00174	0.00435	0.00305	0.00348	0.00609
29	0.00763	0.00571	0.00768	0.00899	0.05325	0.00535	0.00579	0.00915	0.01221	0.01658	0.22044	0.46145	0.08735	0.06127	0.00817	0.00228	0.00341	0.01310	0.00522	0.00496
30	0.01214	0.01212	0.02260	0.35696	0.15988	0.01293	0.24602	0.02922	0.01254	0.01675	0.01177	0.01770	0.00958	0.00585	0.00606	0.00189	0.00783	0.04817	0.00287	0.00713
31	0.00686	0.00490	0.00653	0.00784	0.00816	0.00457	0.00522	0.00784	0.01077	0.01437	0.03102	0.79855	0.03722	0.01763	0.00718	0.00229	0.00326	0.01600	0.00522	0.00457
32	0.00818	0.00546	0.00614	0.00614	0.00614	0.00546	0.00341	0.00818	0.00818	0.01091	0.01773	0.03683	0.02046	0.80222	0.02864	0.00546	0.00546	0.00818	0.00341	0.00341
33	0.02139	0.01576	0.01689	0.01295	0.01745	0.01745	0.01070	0.74835	0.02646	0.03547	0.01351	0.01351	0.00957	0.00676	0.00563	0.00169	0.00619	0.00507	0.00563	0.00957
34	0.05124	0.01145	0.01221	0.01049	0.01405	0.01228	0.00821	0.04162	0.51627	0.02246	0.01929	0.03955	0.01504	0.00699	0.00531	0.00166	0.00439	0.00576	0.00506	0.19665
35	0.01954	0.42575	0.02194	0.01019	0.01470	0.06133	0.00922	0.04833	0.01405	0.30419	0.01359	0.01314	0.00988	0.00577	0.00456	0.00144	0.00580	0.00414	0.00430	0.00817
36	0.01971	0.00833	0.01127	0.00910	0.01246	0.00730	0.00733	0.02199	0.01588	0.53255	0.23436	0.05117	0.02588	0.00861	0.00599	0.00177	0.00413	0.00729	0.00669	0.00820
37	0.01291	0.00695	0.00852	0.00743	0.00997	0.00602	0.00582	0.01490	0.01468	0.25767	0.23111	0.03984	0.33947	0.01121	0.00633	0.00182	0.00342	0.00945	0.00603	0.00643
38	0.02230	0.00894	0.01220	0.00962	0.01344	0.00786	0.00786	0.02452	0.01568	0.64251	0.10576	0.02192	0.01837	0.00952	0.05051	0.00217	0.00514	0.00619	0.00665	0.00883
39	0.01352	0.01298	0.02200	0.11257	0.66214	0.01343	0.01691	0.01683	0.01249	0.01778	0.01040	0.01398	0.00871	0.00526	0.00607	0.00172	0.03692	0.00501	0.00274	0.00853
40	0.00815	0.00616	0.00914	0.00908	0.01002	0.00723	0.00703	0.01006	0.00900	0.01299	0.01499	0.02243	0.01415	0.07058	0.73217	0.00874	0.03399	0.00608	0.00302	0.00499
41	0.00700	0.00497	0.00658	0.00780	0.00814	0.00468	0.00522	0.00796	0.01068	0.01422	0.03017	0.73188	0.03607	0.06541	0.00851	0.00249	0.00345	0.03514	0.00511	0.00452
42	0.00758	0.00529	0.00660	0.00737	0.00766	0.00511	0.00472	0.02205	0.01021	0.01362	0.02626	0.52971	0.03111	0.27895	0.01431	0.00333	0.00405	0.01319	0.00463	0.00428
43	0.08658	0.00958	0.01231	0.00965	0.01339	0.00853	0.06827	0.05766	0.01373	0.03726	0.20014	0.02259	0.02093	0.00702	0.00526	0.00141	0.00444	0.04740	0.00434	0.36952
44	0.22502	0.48903	0.04637	0.00984	0.01404	0.06222	0.00931	0.01693	0.01107	0.01648	0.00792	0.00940	0.00694	0.00528	0.00458	0.00145	0.05132	0.00320	0.00271	0.00687

[dist]
# distance from previous block
# <min> <max>
2	7

[block]
# block no. 2 follows, 42 sequences, length 132
# corresponding to MSA columns:
# 83-102,105-132,135-190,192-219
name=unknown_C
#
# <colnr> <probs for GDERKNQSTAVLIFYWHMCP>
#	G	D	E	R	K	N	Q	S	T	A	V	L	I	F	Y	W	H	M	C	P
0	0.01255	0.01219	0.08824	0.01486	0.01904	0.00999	0.29822	0.01614	0.01369	0.11414	0.17108	0.04447	0.07610	0.00942	0.04596	0.00218	0.00684	0.00752	0.00428	0.03307
1	0.01092	0.01076	0.01981	0.11781	0.02189	0.01064	0.31516	0.01527	0.08005	0.01693	0.01827	0.25830	0.01807	0.00909	0.00647	0.00196	0.00656	0.00913	0.00383	0.04909
2	0.01063	0.01000	0.01688	0.78870	0.03876	0.01250	0.01563	0.01438	0.01125	0.01438	0.01000	0.01500	0.00750	0.00563	0.00563	0.00188	0.00750	0.00500	0.00250	0.00625
3	0.01535	0.76570	0.02880	0.00988	0.01460	0.06108	0.00969	0.01714	0.01167	0.01327	0.00787	0.00908	0.00722	0.00487	0.00369	0.00122	0.00623	0.00304	0.00243	0.00719
4	0.01163	0.10000	0.70518	0.01545	0.02345	0.01391	0.01977	0.01773	0.01184	0.01740	0.00989	0.01162	0.00714	0.00530	0.00519	0.00173	0.00811	0.00405	0.00238	0.00822
5	0.00978	0.00489	0.00733	0.00733	0.00733	0.00489	0.00489	0.00733	0.00733	0.00978	0.00978	0.01711	0.00978	0.01955	0.02199	0.83627	0.00489	0.00489	0.00244	0.00244
6	0.00686	0.00490	0.00653	0.00784	0.00816	0.00457	0.00522	0.00784	0.01077	0.01437	0.03102	0.79855	0.03722	0.01763	0.00718	0.00229	0.00326	0.01600	0.00522	0.00457
7	0.01129	0.02911	0.77306	0.01604	0.02436	0.01307	0.02079	0.01782	0.01188	0.01782	0.01010	0.01188	0.00713	0.00535	0.00535	0.00178	0.00832	0.00416	0.00238	0.00832
8	0.00978	0.00489	0.00733	0.00733	0.00733	0.00489	0.00489	0.00733	0.00733	0.00978	0.00978	0.01711	0.00978	0.01955	0.02199	0.83627	0.00489	0.00489	0.00244	0.00244
9	0.06325	0.01507	0.01603	0.01238	0.01674	0.01664	0.01021	0.67267	0.02493	0.05297	0.01357	0.01363	0.00963	0.00668	0.00547	0.00168	0.00597	0.00498	0.02821	0.00927
10	0.01789	0.01168	0.01324	0.01102	0.01461	0.01252	0.00881	0.18407	0.34387	0.21398	0.08835	0.02082	0.01798	0.00763	0.00577	0.00181	0.00475	0.00625	0.00606	0.00889
11	0.01386	0.01289	0.01443	0.01591	0.16839	0.08266	0.01034	0.02418	0.44249	0.02147	0.11334	0.02123	0.01915	0.00742	0.00575	0.00180	0.00520	0.00632	0.00492	0.00823
12	0.00915	0.00796	0.01134	0.22922	0.08796	0.03384	0.00943	0.01131	0.01181	0.01550	0.09021	0.38664	0.04955	0.01202	0.00646	0.00203	0.00494	0.01081	0.00424	0.00559
13	0.00686	0.00490	0.00653	0.00784	0.00816	0.00457	0.00522	0.00784	0.01077	0.01437	0.03102	0.79855	0.03722	0.01763	0.00718	0.00229	0.00326	0.01600	0.00522	0.00457
14	0.02467	0.00971	0.01304	0.01009	0.01438	0.00856	0.00830	0.02755	0.05407	0.73271	0.02224	0.01925	0.01410	0.00700	0.00566	0.00175	0.00477	0.00570	0.00690	0.00954
15	0.01167	0.01000	0.01167	0.00834	0.01334	0.00750	0.00667	0.01417	0.01167	0.01834	0.01000	0.01167	0.00834	0.00417	0.00417	0.00083	0.00417	0.00333	0.00333	0.83663
16	0.02422	0.00981	0.01303	0.01014	0.01439	0.00879	0.00833	0.02765	0.08374	0.70278	0.02227	0.01932	0.01423	0.00703	0.00567	0.00176	0.00476	0.00572	0.00685	0.00952
17	0.00686	0.00490	0.00653	0.00784	0.00816	0.00457	0.00522	0.00784	0.01077	0.01437	0.03102	0.79855	0.03722	0.01763	0.00718	0.00229	0.00326	0.01600	0.00522	0.00457
18	0.01793	0.01157	0.07101	0.01057	0.01441	0.01034	0.00908	0.08452	0.20521	0.32908	0.15167	0.02263	0.02078	0.00779	0.00582	0.00179	0.00472	0.00647	0.00605	0.00856
19	0.01244	0.01268	0.01927	0.01591	0.01664	0.01685	0.10570	0.01411	0.00921	0.01411	0.00790	0.01268	0.00753	0.00920	0.01696	0.00239	0.69242	0.00514	0.00251	0.00634
20	0.01471	0.01598	0.01656	0.08551	0.03714	0.22982	0.01202	0.03913	0.01160	0.01447	0.00866	0.01253	0.00781	0.00976	0.05183	0.00242	0.41630	0.00463	0.00272	0.00639
21	0.00857	0.00621	0.00844	0.00962	0.01084	0.00608	0.00814	0.01085	0.01267	0.01638	0.03244	0.15610	0.09987	0.01569	0.00760	0.00249	0.00473	0.57305	0.00519	0.00506
22	0.22207	0.01028	0.01215	0.00957	0.01372	0.00990	0.00790	0.07044	0.01519	0.54450	0.01819	0.01638	0.01176	0.00653	0.00513	0.00174	0.00477	0.00499	0.00604	0.00874
23	0.00873	0.00659	0.00821	0.00759	0.00913	0.00644	0.00578	0.03635	0.05378	0.02213	0.61529	0.04028	0.11350	0.01135	0.00689	0.00181	0.02477	0.00982	0.00596	0.00561
24	0.84197	0.01088	0.00827	0.00740	0.01088	0.01262	0.00609	0.01654	0.00958	0.02525	0.00784	0.00914	0.00609	0.00522	0.00348	0.00174	0.00435	0.00305	0.00348	0.00609
25	0.01471	0.01350	0.01704	0.01427	0.01547	0.03705	0.01183	0.18692	0.02722	0.01890	0.00916	0.01270	0.00808	0.00897	0.01486	0.00224	0.57182	0.00495	0.00328	0.00702
26	0.01151	0.01096	0.01823	0.55155	0.19737	0.01313	0.01569	0.01494	0.01136	0.01519	0.00989	0.01452	0.00780	0.00588	0.00679	0.00188	0.07893	0.00500	0.00256	0.00683
27	0.02420	0.01025	0.01473	0.01116	0.01562	0.00909	0.06387	0.05550	0.01631	0.68505	0.02104	0.01863	0.01335	0.00679	0.00573	0.00175	0.00520	0.00571	0.00660	0.00943
28	0.01686	0.56913	0.02538	0.01111	0.01534	0.25225	0.01001	0.01856	0.01281	0.01340	0.00809	0.00937	0.00723	0.00511	0.00406	0.00128	0.00727	0.00320	0.00256	0.00701
29	0.01523	0.01020	0.01225	0.00895	0.01378	0.00819	0.00724	0.05479	0.01343	0.18918	0.01294	0.01345	0.00966	0.00493	0.00458	0.00108	0.00441	0.00395	0.00427	0.60749
30	0.01973	0.12499	0.01772	0.05356	0.01812	0.64401	0.01096	0.02134	0.01513	0.01374	0.00865	0.01025	0.00726	0.00567	0.00492	0.00144	0.00949	0.00362	0.00282	0.00660
31	0.02258	0.01031	0.01308	0.01042	0.01450	0.00981	0.00848	0.04605	0.18569	0.58175	0.02214	0.01943	0.01456	0.00711	0.00567	0.00178	0.00475	0.00581	0.00665	0.00942
32	0.05212	0.00793	0.01153	0.01547	0.22127	0.00787	0.00886	0.03035	0.01170	0.01659	0.02328	0.47561	0.02640	0.03276	0.00706	0.00216	0.00447	0.03419	0.00442	0.00599
33	0.01123	0.00954	0.01120	0.00829	0.01286	0.00723	0.00654	0.01359	0.01159	0.01798	0.01192	0.08351	0.01097	0.00540	0.00444	0.00097	0.00409	0.00449	0.00351	0.76067
34	0.00760	0.00574	0.00701	0.00669	0.00818	0.00515	0.00502	0.00991	0.01506	0.02050	0.56600	0.04543	0.25253	0.01227	0.00664	0.00181	0.00271	0.01065	0.00592	0.00515
35	0.00686	0.00490	0.00653	0.00784	0.00816	0.00457	0.00522	0.00784	0.01077	0.01437	0.03102	0.79855	0.03722	0.01763	0.00718	0.00229	0.00326	0.01600	0.00522	0.00457
36	0.02102	0.02682	0.01595	0.01450	0.01740	0.77963	0.01087	0.02247	0.01595	0.01377	0.00870	0.01015	0.00725	0.00580	0.00507	0.00145	0.01015	0.00362	0.00290	0.00652
37	0.11100	0.01018	0.01144	0.00973	0.01298	0.02747	0.00771	0.07676	0.16742	0.29634	0.08940	0.09655	0.04168	0.00853	0.00568	0.00183	0.00450	0.00702	0.00583	0.00796
38	0.00686	0.00490	0.00653	0.00784	0.00816	0.00457	0.00522	0.00784	0.01077	0.01437	0.03102	0.79855	0.03722	0.01763	0.00718	0.00229	0.00326	0.01600	0.00522	0.00457
39	0.00785	0.00575	0.00736	0.00695	0.00833	0.00526	0.00522	0.01039	0.01565	0.02190	0.69959	0.04314	0.11808	0.01176	0.00664	0.00178	0.00267	0.01033	0.00611	0.00526
40	0.01351	0.01294	0.02208	0.13044	0.67450	0.01326	0.01706	0.01690	0.01262	0.01788	0.01051	0.01407	0.00873	0.00509	0.00558	0.00170	0.00679	0.00501	0.00275	0.00858
41	0.01250	0.01136	0.01876	0.02745	0.55502	0.01136	0.01455	0.01544	0.01249	0.01751	0.01506	0.02581	0.01460	0.06710	0.00776	0.00214	0.00628	0.15375	0.00332	0.00774
42	0.00686	0.00490	0.00653	0.00784	0.00816	0.00457	0.00522	0.00784	0.01077	0.01437	0.03102	0.79855	0.03722	0.01763	0.00718	0.00229	0.00326	0.01600	0.00522	0.00457
43	0.01467	0.58032	0.18941	0.01137	0.01681	0.07595	0.01214	0.01747	0.01186	0.01427	0.00838	0.00973	0.00720	0.00500	0.00409	0.00135	0.00682	0.00330	0.00244	0.00741
44	0.01482	0.78048	0.02880	0.00955	0.01425	0.02173	0.00949	0.01666	0.01158	0.01353	0.03159	0.01006	0.00866	0.00502	0.00371	0.00122	0.00591	0.00323	0.00253	0.00716
45	0.01356	0.01097	0.01203	0.10923	0.02753	0.07193	0.00889	0.11390	0.11499	0.02080	0.01490	0.01709	0.01167	0.00697	0.00669	0.00169	0.11094	0.00517	0.31430	0.00673
46	0.00686	0.00490	0.00653	0.00784	0.00816	0.00457	0.00522	0.00784	0.01077	0.01437	0.03102	0.79855	0.03722	0.01763	0.00718	0.00229	0.00326	0.01600	0.00522	0.00457
47	0.01858	0.01392	0.01911	0.03839	0.30313	0.01453	0.03314	0.34212	0.01925	0.12156	0.01337	0.01447	0.00980	0.00604	0.00564	0.00170	0.00632	0.00516	0.00457	0.00919
48	0.06362	0.06495	0.06494	0.04726	0.14946	0.08075	0.01158	0.18346	0.11598	0.08773	0.06369	0.01611	0.01297	0.00647	0.00539	0.00169	0.00611	0.00519	0.00439	0.00825
49	0.03502	0.01592	0.01609	0.01329	0.03734	0.08600	0.01048	0.52305	0.13618	0.04742	0.01452	0.01441	0.01054	0.00673	0.00555	0.00170	0.00624	0.00511	0.00531	0.00911
50	0.01399	0.01063	0.01222	0.00944	0.01388	0.00951	0.00752	0.03646	0.20657	0.10307	0.01479	0.01497	0.01128	0.00544	0.00477	0.00123	0.00436	0.00442	0.00441	0.51105
51	0.00814	0.00563	0.00702	0.00702	0.00732	0.00593	0.00451	0.00875	0.00844	0.01156	0.01693	0.03238	0.01853	0.57239	0.25584	0.00654	0.00836	0.00753	0.00329	0.00390
52	0.00682	0.00504	0.00639	0.00747	0.00807	0.00460	0.00506	0.00788	0.01113	0.01451	0.03550	0.67003	0.16284	0.01705	0.00709	0.00222	0.00319	0.01529	0.00522	0.00460
53	0.02018	0.01050	0.01273	0.01049	0.01430	0.01051	0.00843	0.02793	0.31782	0.44682	0.02340	0.02082	0.03481	0.00743	0.00571	0.00181	0.00460	0.00611	0.00642	0.00918
54	0.84197	0.01088	0.00827	0.00740	0.01088	0.01262	0.00609	0.01654	0.00958	0.02525	0.00784	0.00914	0.00609	0.00522	0.00348	0.00174	0.00435	0.00305	0.00348	0.00609
55	0.01572	0.65182	0.06592	0.01067	0.01539	0.13234	0.01039	0.01772	0.01212	0.01355	0.00807	0.00934	0.00722	0.00499	0.00391	0.00127	0.00674	0.00316	0.00248	0.00718
56	0.01483	0.01355	0.02229	0.03188	0.67013	0.01366	0.02969	0.08423	0.01413	0.03514	0.01110	0.01402	0.00907	0.00521	0.00560	0.00168	0.00665	0.00506	0.00313	0.00896
57	0.00741	0.00564	0.00695	0.00728	0.00851	0.00498	0.00515	0.00890	0.01221	0.01633	0.16495	0.43870	0.19470	0.01470	0.00672	0.00199	0.00314	0.01303	0.00524	0.07344
58	0.03148	0.01413	0.01448	0.01203	0.01576	0.04431	0.00962	0.35617	0.36504	0.02857	0.01772	0.01698	0.01308	0.00710	0.00558	0.00177	0.00541	0.00559	0.02622	0.00898
59	0.02248	0.01208	0.01438	0.01123	0.01549	0.01224	0.00921	0.28326	0.11200	0.41725	0.01921	0.01738	0.01279	0.00697	0.00566	0.00174	0.00524	0.00554	0.00634	0.00949
60	0.02515	0.00973	0.01316	0.01009	0.01444	0.00850	0.00833	0.04544	0.01637	0.75263	0.02198	0.01901	0.01382	0.00696	0.00566	0.00174	0.00482	0.00564	0.00693	0.00958
61	0.01505	0.80561	0.02949	0.00963	0.01444	0.02227	0.00963	0.01685	0.01143	0.01324	0.00782	0.00903	0.00722	0.00481	0.00361	0.00120	0.00602	0.00301	0.00241	0.00722
62	0.00695	0.00561	0.00618	0.00625	0.00784	0.00484	0.00461	0.00857	0.01321	0.01661	0.19874	0.14515	0.52753	0.01411	0.00672	0.00192	0.00286	0.01205	0.00542	0.00484
63	0.02333	0.01105	0.01375	0.01061	0.01478	0.01062	0.00868	0.22235	0.01851	0.53218	0.01961	0.01853	0.01308	0.04766	0.00683	0.00192	0.00520	0.00563	0.00642	0.00926
64	0.00805	0.00582	0.00726	0.00685	0.00836	0.00526	0.00516	0.01044	0.01529	0.03647	0.60240	0.04408	0.19969	0.01198	0.00662	0.00180	0.00274	0.01044	0.00601	0.00528
65	0.00978	0.00489	0.00733	0.00733	0.00733	0.00489	0.00489	0.00733	0.00733	0.00978	0.00978	0.01711	0.00978	0.01955	0.02199	0.83627	0.00489	0.00489	0.00244	0.00244
66	0.02096	0.01510	0.01623	0.01250	0.01685	0.01663	0.01031	0.69479	0.02549	0.05319	0.01396	0.01401	0.00991	0.00675	0.00555	0.00167	0.00599	0.00509	0.04564	0.00936
67	0.00686	0.00490	0.00653	0.00784	0.00816	0.00457	0.00522	0.00784	0.01077	0.01437	0.03102	0.79855	0.03722	0.01763	0.00718	0.00229	0.00326	0.01600	0.00522	0.00457
68	0.00685	0.00493	0.00650	0.00775	0.00814	0.00458	0.00519	0.00785	0.01086	0.01440	0.03205	0.76883	0.06627	0.01750	0.00716	0.00227	0.00325	0.01583	0.00522	0.00458
69	0.02525	0.00958	0.01306	0.01001	0.01437	0.00827	0.00827	0.02743	0.01611	0.77102	0.02220	0.01915	0.01393	0.00697	0.00566	0.00174	0.00479	0.00566	0.00697	0.00958
70	0.01256	0.01053	0.01215	0.00876	0.01371	0.00841	0.00704	0.08120	0.01302	0.01990	0.01032	0.01184	0.00845	0.00440	0.00430	0.00091	0.00435	0.00349	0.00354	0.76112
71	0.01467	0.72729	0.10448	0.01028	0.01544	0.02134	0.01076	0.01695	0.01148	0.01370	0.00805	0.00932	0.00721	0.00487	0.00379	0.00126	0.00625	0.00313	0.00240	0.00733
72	0.76648	0.08344	0.01021	0.00760	0.01121	0.01350	0.00642	0.01657	0.00975	0.02415	0.00783	0.00913	0.00620	0.00519	0.00349	0.00169	0.00451	0.00304	0.00338	0.00620
73	0.01400	0.01209	0.01273	0.01145	0.01463	0.01400	0.00891	0.02990	0.75695	0.02354	0.02291	0.02100	0.01718	0.00764	0.00573	0.00191	0.00445	0.00636	0.00573	0.00891
74	0.00693	0.00495	0.00661	0.00792	0.00828	0.00463	0.00535	0.00796	0.01085	0.01445	0.03098	0.77415	0.03706	0.01756	0.00720	0.00230	0.00333	0.03968	0.00522	0.00459
75	0.01393	0.01337	0.02284	0.03454	0.76712	0.01337	0.01727	0.01727	0.01281	0.01839	0.01059	0.01393	0.00891	0.00501	0.00557	0.00167	0.00669	0.00501	0.00279	0.00891
76	0.84197	0.01088	0.00827	0.00740	0.01088	0.01262	0.00609	0.01654	0.00958	0.02525	0.00784	0.00914	0.00609	0.00522	0.00348	0.00174	0.00435	0.00305	0.00348	0.00609
77	0.02525	0.00958	0.01306	0.01001	0.01437	0.00827	0.00827	0.02743	0.01611	0.77102	0.02220	0.01915	0.01393	0.00697	0.00566	0.00174	0.00479	0.00566	0.00697	0.00958
78	0.01222	0.01308	0.02695	0.02126	0.09243	0.01231	0.52805	0.01638	0.01371	0.01881	0.14799	0.02088	0.03550	0.00622	0.00654	0.00185	0.00784	0.00726	0.00350	0.00723
79	0.01941	0.09628	0.01916	0.01510	0.01842	0.60733	0.09362	0.02126	0.01507	0.01420	0.00889	0.01066	0.00739	0.00568	0.00542	0.00150	0.02713	0.00394	0.00284	0.00670
80	0.00715	0.00568	0.00641	0.00631	0.00793	0.00495	0.00470	0.00901	0.01388	0.01789	0.31780	0.08366	0.46793	0.01339	0.00667	0.00187	0.00280	0.01144	0.00558	0.00495
81	0.01443	0.48078	0.24622	0.01242	0.01811	0.08845	0.03748	0.01769	0.01204	0.01479	0.00869	0.01017	0.00724	0.00506	0.00435	0.00142	0.00718	0.00352	0.00246	0.00749
82	0.01742	0.01848	0.01600	0.02675	0.01665	0.34094	0.02983	0.17342	0.01576	0.01838	0.01036	0.01299	0.00866	0.01131	0.10471	0.00266	0.16075	0.00458	0.00340	0.00694
83	0.00691	0.00497	0.00656	0.00773	0.00816	0.00462	0.00520	0.00799	0.01111	0.01482	0.07033	0.73544	0.06092	0.01720	0.00714	0.00225	0.00322	0.01556	0.00528	0.00462
84	0.00956	0.00837	0.01303	0.26125	0.11519	0.00951	0.01089	0.01180	0.01105	0.01488	0.01938	0.34935	0.02109	0.01137	0.00759	0.00210	0.08154	0.03243	0.00378	0.00583
85	0.05366	0.18657	0.01871	0.23052	0.08992	0.01443	0.01156	0.12703	0.01466	0.13858	0.05249	0.01521	0.01129	0.00607	0.00514	0.00165	0.00607	0.00487	0.00393	0.00768
86	0.00978	0.00489	0.00733	0.00733	0.00733	0.00489	0.00489	0.00733	0.00733	0.00978	0.00978	0.01711	0.00978	0.01955	0.02199	0.83627	0.00489	0.00489	0.00244	0.00244
87	0.00804	0.00603	0.00904	0.00904	0.01005	0.00703	0.00703	0.01005	0.00904	0.01306	0.01507	0.02211	0.01407	0.04221	0.77992	0.00904	0.01507	0.00603	0.00301	0.00502
88	0.19821	0.07248	0.01723	0.39464	0.02728	0.08769	0.07917	0.01643	0.01163	0.03227	0.00960	0.01287	0.00737	0.00544	0.00503	0.00175	0.00707	0.00444	0.00287	0.00651
89	0.01377	0.01256	0.02264	0.23141	0.36521	0.01293	0.16572	0.01742	0.01274	0.07382	0.01147	0.01486	0.00884	0.00527	0.00581	0.00178	0.00734	0.00539	0.00304	0.00798
90	0.00701	0.00572	0.00621	0.00618	0.00791	0.00492	0.00466	0.00873	0.01346	0.01683	0.20855	0.06716	0.57389	0.01377	0.00669	0.00190	0.00289	0.03320	0.00543	0.00488
91	0.01599	0.08663	0.01946	0.02177	0.34750	0.07662	0.01296	0.13515	0.14723	0.04002	0.01332	0.01468	0.01046	0.00589	0.00535	0.00165	0.00628	0.00499	0.02547	0.00859
92	0.09774	0.02371	0.02797	0.00982	0.01395	0.00923	0.00824	0.03963	0.04512	0.58292	0.06700	0.01932	0.01547	0.00705	0.00548	0.00174	0.00472	0.00565	0.00635	0.00890
93	0.00720	0.00514	0.00692	0.00823	0.00870	0.00487	0.00582	0.00843	0.01111	0.01475	0.03083	0.68467	0.03647	0.01731	0.00727	0.00233	0.00356	0.12650	0.00522	0.00467
94	0.01254	0.01026	0.01196	0.00861	0.01356	0.00800	0.00691	0.04965	0.01251	0.04182	0.01054	0.01198	0.00856	0.00438	0.00428	0.00090	0.00428	0.00349	0.00355	0.77221
95	0.01129	0.02911	0.77306	0.01604	0.02436	0.01307	0.02079	0.01782	0.01188	0.01782	0.01010	0.01188	0.00713	0.00535	0.00535	0.00178	0.00832	0.00416	0.00238	0.00832
96	0.00789	0.00575	0.00742	0.00700	0.00836	0.00528	0.00525	0.01047	0.01575	0.02214	0.72325	0.04274	0.09427	0.01166	0.00664	0.00178	0.00267	0.01028	0.00614	0.00528
97	0.01331	0.01524	0.04679	0.02409	0.08592	0.01414	0.65679	0.01827	0.03229	0.01819	0.01159	0.01517	0.00876	0.00485	0.00651	0.00188	0.00912	0.00646	0.00291	0.00774
98	0.01776	0.01774	0.24034	0.01515	0.02087	0.01295	0.15583	0.17394	0.01634	0.23427	0.01443	0.01493	0.00984	0.00608	0.00602	0.00179	0.02326	0.00527	0.00445	0.00875
99	0.03572	0.00725	0.00936	0.00801	0.01054	0.00651	0.00630	0.01657	0.01555	0.29053	0.41371	0.03408	0.10280	0.00996	0.00621	0.00177	0.00348	0.00853	0.00631	0.00681
100	0.00751	0.00555	0.00710	0.00817	0.00875	0.00543	0.00556	0.00985	0.07889	0.01520	0.03028	0.72757	0.03539	0.01672	0.00705	0.00225	0.00337	0.01512	0.00527	0.00497
101	0.08949	0.01304	0.07348	0.01438	0.07521	0.02515	0.11301	0.06078	0.08493	0.35406	0.02849	0.01687	0.01218	0.00634	0.00559	0.00177	0.00592	0.00548	0.00516	0.00867
102	0.03952	0.01911	0.37247	0.01560	0.08767	0.01156	0.06783	0.04018	0.05347	0.04650	0.15852	0.01974	0.01759	0.00686	0.00573	0.00179	0.00657	0.01782	0.00372	0.00772
103	0.01078	0.01318	0.13113	0.01534	0.01919	0.01058	0.27985	0.01586	0.10675	0.01739	0.01968	0.29544	0.01968	0.00981	0.00653	0.00202	0.00645	0.00958	0.00399	0.00679
104	0.01145	0.00967	0.01132	0.00839	0.01296	0.00746	0.00663	0.03033	0.01192	0.01837	0.01200	0.08355	0.01100	0.00546	0.00448	0.00099	0.00413	0.00453	0.00356	0.74181
105	0.00682	0.00503	0.00639	0.00748	0.00807	0.00460	0.00506	0.00788	0.01112	0.01451	0.03540	0.67310	0.15984	0.01706	0.00709	0.00222	0.00320	0.01530	0.00522	0.00460
106	0.01600	0.01353	0.02128	0.02947	0.59348	0.05189	0.03553	0.01911	0.01349	0.13315	0.01229	0.01457	0.00959	0.00535	0.00559	0.00168	0.00665	0.00509	0.00343	0.00886
107	0.09254	0.41393	0.18514	0.01168	0.01699	0.03356	0.03195	0.08463	0.05108	0.01805	0.00972	0.01087	0.00786	0.00531	0.00438	0.00148	0.00647	0.00373	0.00299	0.00765
108	0.00718	0.00506	0.00658	0.00768	0.00823	0.00466	0.00519	0.00823	0.01106	0.02871	0.03322	0.71590	0.10321	0.01712	0.00711	0.00224	0.00326	0.01543	0.00526	0.00468
109	0.01857	0.01436	0.01530	0.01238	0.01638	0.01613	0.01001	0.47395	0.30546	0.03091	0.01710	0.01637	0.01248	0.00709	0.00567	0.00177	0.00553	0.00556	0.00567	0.00932
110	0.00818	0.00546	0.00614	0.00614	0.00614	0.00546	0.00341	0.00818	0.00818	0.01091	0.01773	0.03683	0.02046	0.80222	0.02864	0.00546	0.00546	0.00818	0.00341	0.00341
111	0.02132	0.01981	0.01475	0.01281	0.01620	0.44527	0.00989	0.04467	0.11051	0.22779	0.01442	0.01414	0.01045	0.00639	0.00534	0.00160	0.00781	0.00458	0.00447	0.00777
112	0.02368	0.01210	0.01462	0.01121	0.01562	0.01201	0.00926	0.32111	0.02032	0.47137	0.01866	0.01686	0.01215	0.00688	0.00565	0.00172	0.00536	0.00542	0.00642	0.00957
113	0.00686	0.00490	0.00653	0.00784	0.00816	0.00457	0.00522	0.00784	0.01077	0.01437	0.03102	0.79855	0.03722	0.01763	0.00718	0.00229	0.00326	0.01600	0.00522	0.00457
114	0.01310	0.01474	0.03179	0.02372	0.06523	0.01386	0.68554	0.01765	0.01317	0.01792	0.01201	0.04155	0.00953	0.00519	0.00661	0.00190	0.00914	0.00688	0.00292	0.00755
115	0.01536	0.01791	0.02349	0.01841	0.02166	0.24749	0.31747	0.01812	0.01279	0.01548	0.00945	0.01285	0.00782	0.00650	0.00948	0.00192	0.22893	0.00524	0.00275	0.00686
116	0.06362	0.01523	0.01627	0.01253	0.01698	0.01679	0.01035	0.67834	0.02513	0.06812	0.01361	0.01354	0.00959	0.00669	0.00552	0.00169	0.00604	0.00499	0.00558	0.00939
117	0.02102	0.02682	0.01595	0.01450	0.01740	0.77963	0.01087	0.02247	0.01595	0.01377	0.00870	0.01015	0.00725	0.00580	0.00507	0.00145	0.01015	0.00362	0.00290	0.00652
118	0.01061	0.00995	0.01675	0.74771	0.05659	0.01231	0.01538	0.01427	0.01128	0.01448	0.01060	0.03670	0.00836	0.00594	0.00567	0.00188	0.00736	0.00531	0.00258	0.00627
119	0.00808	0.00588	0.00827	0.00827	0.00900	0.00661	0.00607	0.00955	0.00881	0.01249	0.01578	0.02604	0.01578	0.24527	0.57919	0.00809	0.01250	0.00661	0.00312	0.00459
120	0.80084	0.01179	0.04614	0.00783	0.01155	0.01265	0.00682	0.01661	0.00969	0.02488	0.00795	0.00928	0.00615	0.00523	0.00357	0.00174	0.00455	0.00310	0.00343	0.00620
121	0.84197	0.01088	0.00827	0.00740	0.01088	0.01262	0.00609	0.01654	0.00958	0.02525	0.00784	0.00914	0.00609	0.00522	0.00348	0.00174	0.00435	0.00305	0.00348	0.00609
122	0.00712	0.00490	0.00660	0.00779	0.00809	0.00460	0.00519	0.00779	0.01046	0.01395	0.02908	0.72721	0.03472	0.01781	0.00854	0.07842	0.00341	0.01498	0.00497	0.00438
123	0.01319	0.01200	0.01553	0.01336	0.01443	0.06273	0.02983	0.06108	0.01082	0.05379	0.01042	0.01484	0.00936	0.01625	0.18382	0.00375	0.46020	0.00518	0.00305	0.00636
124	0.01213	0.01206	0.01688	0.01454	0.01455	0.01681	0.01207	0.01335	0.00869	0.01357	0.00818	0.03884	0.00839	0.01011	0.01809	0.00246	0.76531	0.00530	0.00256	0.00610
125	0.00746	0.00573	0.00682	0.00655	0.00810	0.00510	0.00491	0.00964	0.01474	0.01974	0.49270	0.04669	0.32632	0.01256	0.00664	0.00182	0.00273	0.01083	0.00582	0.00510
126	0.01080	0.00925	0.01219	0.00924	0.01322	0.00754	0.06349	0.01380	0.02835	0.01961	0.22169	0.02064	0.02108	0.00634	0.00508	0.00120	0.00416	0.00557	0.00415	0.52260
127	0.00696	0.00500	0.00660	0.00770	0.00817	0.00465	0.00520	0.00811	0.01134	0.01519	0.10296	0.70271	0.06067	0.01693	0.00711	0.00222	0.00319	0.01531	0.00532	0.00465
128	0.01456	0.07477	0.02020	0.22267	0.34332	0.17106	0.01479	0.01743	0.01281	0.01585	0.00973	0.01301	0.00803	0.00548	0.00577	0.00167	0.03405	0.00457	0.00270	0.00752
129	0.01063	0.00959	0.01497	0.33430	0.02443	0.00976	0.07777	0.01388	0.01247	0.01740	0.14992	0.02042	0.01694	0.00650	0.00556	0.00159	0.00579	0.02572	0.00352	0.23885
130	0.05553	0.03740	0.21204	0.01242	0.01640	0.01267	0.02581	0.18762	0.01455	0.02095	0.01519	0.19230	0.01467	0.00898	0.00733	0.00190	0.10586	0.00710	0.00392	0.04736
131	0.01458	0.01041	0.01136	0.00946	0.01261	0.01074	0.00756	0.29022	0.08803	0.08866	0.09907	0.03170	0.28218	0.00994	0.00610	0.00180	0.00440	0.00812	0.00566	0.00741

[dist]
# distance from previous block
# <min> <max>
0	2

[block]
# block no. 3 follows, 42 sequences, length 37
# corresponding to MSA columns:
# 222-258
name=unknown_D
#
# <colnr> <probs for GDERKNQSTAVLIFYWHMCP>
#	G	D	E	R	K	N	Q	S	T	A	V	L	I	F	Y	W	H	M	C	P
0	0.01484	0.00960	0.03725	0.00953	0.01237	0.00891	0.00769	0.17046	0.04228	0.20098	0.11999	0.21825	0.10220	0.01088	0.00625	0.00189	0.00434	0.00930	0.00577	0.00722
1	0.01807	0.26150	0.01959	0.01122	0.01542	0.03842	0.04588	0.15495	0.10604	0.19626	0.06580	0.01625	0.01362	0.00650	0.00512	0.00158	0.00564	0.00510	0.00476	0.00827
2	0.01174	0.33770	0.20598	0.01014	0.01424	0.01425	0.01043	0.01424	0.01069	0.01400	0.03424	0.01897	0.01253	0.23044	0.03679	0.00282	0.00663	0.00506	0.00282	0.00629
3	0.01937	0.04247	0.22767	0.01225	0.01765	0.01195	0.01224	0.12870	0.08636	0.35745	0.01714	0.01614	0.01148	0.00647	0.00551	0.00174	0.00599	0.00513	0.00522	0.00908
4	0.59080	0.05324	0.12045	0.00918	0.01353	0.01311	0.00874	0.05081	0.01119	0.07210	0.00935	0.01038	0.00696	0.00540	0.00400	0.00172	0.00512	0.00347	0.00359	0.00685
5	0.01379	0.01778	0.18053	0.02816	0.48312	0.06584	0.09387	0.01782	0.01288	0.01791	0.01044	0.01337	0.00839	0.00511	0.00560	0.00170	0.00756	0.00491	0.00271	0.00849
6	0.00706	0.00510	0.00662	0.00753	0.00810	0.00472	0.00512	0.00829	0.01162	0.01558	0.14550	0.61029	0.08605	0.04064	0.00773	0.00228	0.00321	0.01459	0.00532	0.00466
7	0.00686	0.00490	0.00653	0.00784	0.00816	0.00457	0.00522	0.00784	0.01077	0.01437	0.03102	0.79855	0.03722	0.01763	0.00718	0.00229	0.00326	0.01600	0.00522	0.00457
8	0.01963	0.00892	0.01203	0.01038	0.04430	0.00810	0.00793	0.02286	0.06367	0.50000	0.21152	0.02491	0.02395	0.00809	0.00591	0.00176	0.00430	0.00683	0.00651	0.00842
9	0.01400	0.58949	0.23645	0.01141	0.01720	0.01971	0.01274	0.01712	0.01156	0.01452	0.00846	0.00982	0.00720	0.00496	0.00409	0.00136	0.00666	0.00333	0.00240	0.00753
10	0.01587	0.01194	0.01298	0.01133	0.01474	0.01340	0.00891	0.06536	0.62142	0.12417	0.02234	0.02038	0.01637	0.00750	0.00571	0.00188	0.00459	0.00620	0.00589	0.00903
11	0.21613	0.01238	0.01286	0.01065	0.01447	0.01364	0.00862	0.22387	0.24989	0.15565	0.01659	0.01578	0.01188	0.00670	0.00515	0.00178	0.00497	0.00509	0.00538	0.00853
12	0.13749	0.09517	0.01479	0.01003	0.01448	0.03127	0.00838	0.20811	0.01621	0.18072	0.01289	0.01304	0.00936	0.00568	0.00472	0.00143	0.00519	0.00420	0.00460	0.22223
13	0.01816	0.01910	0.01474	0.01301	0.01626	0.35122	0.01003	0.13057	0.32538	0.02097	0.01530	0.01514	0.01171	0.00670	0.00543	0.00168	0.00721	0.00497	0.00447	0.00796
14	0.00718	0.00548	0.00659	0.00683	0.00806	0.00489	0.00493	0.00890	0.01330	0.01754	0.29813	0.27551	0.29368	0.01431	0.00681	0.00197	0.00291	0.01253	0.00557	0.00489
15	0.02507	0.00986	0.01323	0.01015	0.01451	0.00869	0.00838	0.06013	0.01658	0.73764	0.02181	0.01890	0.01373	0.00696	0.00566	0.00174	0.00485	0.00563	0.00690	0.00958
16	0.01508	0.50972	0.23137	0.01142	0.01715	0.01828	0.01254	0.01822	0.01205	0.09376	0.00995	0.01087	0.00790	0.00519	0.00430	0.00142	0.00652	0.00360	0.00288	0.00777
17	0.01400	0.01209	0.01273	0.01145	0.01463	0.01400	0.00891	0.02990	0.75695	0.02354	0.02291	0.02100	0.01718	0.00764	0.00573	0.00191	0.00445	0.00636	0.00573	0.00891
18	0.00774	0.00567	0.00727	0.00703	0.00831	0.00519	0.00521	0.01013	0.01516	0.02113	0.63125	0.11521	0.11503	0.01233	0.00669	0.00183	0.00273	0.01088	0.00602	0.00519
19	0.01397	0.01307	0.01926	0.01531	0.01928	0.01404	0.24059	0.06140	0.46576	0.02211	0.01860	0.01883	0.01400	0.00767	0.02806	0.00210	0.00642	0.00638	0.00474	0.00842
20	0.01348	0.34018	0.20186	0.14656	0.09969	0.03042	0.01398	0.01693	0.01185	0.03188	0.00944	0.01158	0.00762	0.00514	0.00466	0.00151	0.00686	0.00391	0.00260	0.03985
21	0.01231	0.24120	0.56997	0.01429	0.02165	0.01558	0.01774	0.01756	0.01176	0.01657	0.00948	0.01110	0.00715	0.00520	0.00487	0.00162	0.00769	0.00384	0.00238	0.00802
22	0.01129	0.02911	0.77306	0.01604	0.02436	0.01307	0.02079	0.01782	0.01188	0.01782	0.01010	0.01188	0.00713	0.00535	0.00535	0.00178	0.00832	0.00416	0.00238	0.00832
23	0.00678	0.00549	0.00603	0.00643	0.00787	0.00475	0.00468	0.00811	0.01225	0.01501	0.04888	0.26608	0.53802	0.01525	0.00683	0.00203	0.00303	0.03255	0.00522	0.00471
24	0.04635	0.04549	0.16944	0.02756	0.01952	0.17370	0.08922	0.16852	0.08712	0.09944	0.01295	0.01368	0.00943	0.00603	0.00543	0.00170	0.00743	0.00479	0.00403	0.00816
25	0.02299	0.01259	0.01357	0.01092	0.01487	0.12065	0.00879	0.09431	0.05376	0.52520	0.01981	0.04793	0.01363	0.00723	0.00564	0.00172	0.00562	0.00575	0.00612	0.00891
26	0.02525	0.00958	0.01306	0.01001	0.01437	0.00827	0.00827	0.02743	0.01611	0.77102	0.02220	0.01915	0.01393	0.00697	0.00566	0.00174	0.00479	0.00566	0.00697	0.00958
27	0.04506	0.01175	0.02074	0.47953	0.11251	0.01317	0.17504	0.04431	0.01239	0.01686	0.01042	0.01464	0.00790	0.00540	0.00576	0.00185	0.00767	0.00529	0.00277	0.00695
28	0.01949	0.09625	0.05278	0.01161	0.04095	0.11870	0.00948	0.02332	0.09553	0.36334	0.09459	0.01885	0.01618	0.00697	0.00545	0.00166	0.00565	0.00554	0.00533	0.00830
29	0.02235	0.01269	0.01421	0.01134	0.01513	0.08852	0.00921	0.18749	0.01772	0.44870	0.01830	0.04908	0.01283	0.00743	0.00648	0.00177	0.05631	0.00571	0.00589	0.00884
30	0.00818	0.00546	0.00614	0.00614	0.00614	0.00546	0.00341	0.00818	0.00818	0.01091	0.01773	0.03683	0.02046	0.80222	0.02864	0.00546	0.00546	0.00818	0.00341	0.00341
31	0.11518	0.00817	0.00892	0.00810	0.01049	0.00837	0.00628	0.01671	0.18513	0.08446	0.29588	0.03355	0.17703	0.00999	0.00595	0.00182	0.00350	0.00836	0.00562	0.00648
32	0.01096	0.09103	0.07601	0.01130	0.01397	0.03158	0.06410	0.01343	0.01059	0.03659	0.03794	0.01838	0.01262	0.04691	0.35297	0.00507	0.08835	0.00543	0.00309	0.06967
33	0.01162	0.00944	0.01125	0.06078	0.04928	0.02944	0.00825	0.01926	0.29123	0.04708	0.33508	0.03024	0.03150	0.00921	0.00615	0.00184	0.00418	0.03159	0.00553	0.00705
34	0.01642	0.17945	0.07579	0.01423	0.09217	0.01387	0.07911	0.12427	0.03481	0.15241	0.04423	0.01478	0.01136	0.00579	0.00513	0.00152	0.00596	0.00483	0.00412	0.11974
35	0.01308	0.14801	0.09429	0.01011	0.01454	0.04137	0.00918	0.05969	0.06103	0.03989	0.04743	0.07037	0.01377	0.00664	0.00492	0.00138	0.00521	0.03336	0.00379	0.32193
36	0.01332	0.01345	0.08814	0.26252	0.24309	0.03555	0.03323	0.01724	0.03487	0.06972	0.01142	0.01424	0.00876	0.00535	0.00539	0.00164	0.00671	0.00477	0.00312	0.12746

[dist]
# distance from previous block
# <min> <max>
3	4

[block]
# block no. 4 follows, 42 sequences, length 292
# corresponding to MSA columns:
# 266-288,404-423,444-615,620-696
name=unknown_E
#
# <colnr> <probs for GDERKNQSTAVLIFYWHMCP>
#	G	D	E	R	K	N	Q	S	T	A	V	L	I	F	Y	W	H	M	C	P
