[name]
unknown

[dist]
# distance from previous block
# <min> <max>
0	14

[block]
# block no. 0 follows, 49 sequences, length 26
# corresponding to MSA columns:
# 14-39
name=unknown_A
#
# <colnr> <probs for GDERKNQSTAVLIFYWHMCP>
#	G	D	E	R	K	N	Q	S	T	A	V	L	I	F	Y	W	H	M	C	P
0	0.01088	0.01834	0.46662	0.01296	0.01828	0.00982	0.06008	0.01535	0.01136	0.08815	0.01488	0.02385	0.01311	0.00736	0.00548	0.00180	0.00649	0.20518	0.00322	0.00679
1	0.00618	0.00493	0.00538	0.00565	0.00685	0.00430	0.00400	0.00727	0.01076	0.01328	0.05966	0.23119	0.51904	0.08874	0.00793	0.00208	0.00286	0.01121	0.00456	0.00413
2	0.01282	0.01098	0.01157	0.01034	0.01324	0.01269	0.00806	0.05411	0.75398	0.02154	0.02027	0.01862	0.01519	0.00683	0.00514	0.00171	0.00406	0.00567	0.00514	0.00803
3	0.00627	0.00445	0.00584	0.00690	0.00717	0.00418	0.00454	0.00707	0.00947	0.01262	0.02677	0.74664	0.03206	0.09008	0.00823	0.00232	0.00311	0.01373	0.00454	0.00401
4	0.02248	0.00894	0.01194	0.00916	0.01308	0.00793	0.00756	0.06963	0.01503	0.74847	0.01948	0.01691	0.01228	0.00625	0.00508	0.00156	0.00438	0.00505	0.00619	0.00861
5	0.00632	0.00487	0.00581	0.00641	0.00742	0.00437	0.00466	0.00758	0.01087	0.01380	0.07637	0.38698	0.34942	0.01412	0.00628	0.00191	0.00291	0.08090	0.00474	0.00426
6	0.00632	0.00483	0.00552	0.00591	0.00681	0.00434	0.00404	0.00729	0.01028	0.01300	0.06647	0.31500	0.36287	0.15250	0.00953	0.00237	0.00309	0.01134	0.00445	0.00403
7	0.01252	0.01201	0.02053	0.03104	0.79074	0.01201	0.01552	0.01552	0.01151	0.01652	0.00951	0.01252	0.00801	0.00451	0.00501	0.00150	0.00601	0.00451	0.00250	0.00801
8	0.01049	0.00899	0.01049	0.00749	0.01198	0.00674	0.00599	0.01273	0.01049	0.01648	0.00899	0.01049	0.00749	0.00374	0.00374	0.00075	0.00374	0.00300	0.00300	0.85320
9	0.01106	0.01106	0.01549	0.01328	0.01328	0.01549	0.01106	0.01217	0.00774	0.01217	0.00664	0.01106	0.00664	0.00885	0.01659	0.00221	0.81303	0.00443	0.00221	0.00553
10	0.00778	0.00510	0.00636	0.00614	0.00734	0.00474	0.00457	0.00996	0.01311	0.03738	0.53090	0.10710	0.07282	0.01009	0.00556	0.00157	0.00248	0.00883	0.15341	0.00477
11	0.00672	0.00485	0.00625	0.00662	0.00747	0.00448	0.00475	0.00837	0.01194	0.01640	0.36340	0.37606	0.09550	0.01292	0.00616	0.00181	0.00271	0.03594	0.02321	0.00444
12	0.01102	0.01049	0.01782	0.42461	0.40889	0.01162	0.01477	0.01421	0.01081	0.01470	0.00925	0.01300	0.00737	0.00478	0.00503	0.00159	0.00638	0.00450	0.00237	0.00680
13	0.01889	0.02410	0.01433	0.01303	0.01563	0.80199	0.00977	0.02019	0.01433	0.01238	0.00782	0.00912	0.00651	0.00521	0.00456	0.00130	0.00912	0.00326	0.00261	0.00586
14	0.01148	0.01014	0.01138	0.01030	0.06481	0.03498	0.00747	0.01860	0.32097	0.01852	0.07438	0.01607	0.01382	0.00561	0.00459	0.00127	0.00407	0.00468	0.00401	0.36285
15	0.00705	0.00514	0.00660	0.00658	0.00760	0.00519	0.00488	0.00838	0.00984	0.01334	0.12390	0.05107	0.23062	0.09447	0.31139	0.05551	0.00704	0.00764	0.03955	0.00421
16	0.02269	0.00861	0.01174	0.00900	0.01291	0.00743	0.00743	0.02464	0.01447	0.79425	0.01995	0.01721	0.01252	0.00626	0.00509	0.00156	0.00430	0.00509	0.00626	0.00861
17	0.00739	0.00540	0.00715	0.00759	0.00833	0.00564	0.00560	0.00947	0.05574	0.01324	0.05561	0.26833	0.02419	0.15761	0.22307	0.00417	0.00642	0.12671	0.00395	0.00439
18	0.06070	0.01530	0.12753	0.10614	0.04590	0.14422	0.25335	0.01615	0.01174	0.05294	0.04277	0.01337	0.00915	0.00524	0.00562	0.00160	0.04345	0.00478	0.03361	0.00644
19	0.01479	0.01201	0.03619	0.04960	0.04714	0.01161	0.34289	0.06039	0.13574	0.19793	0.01406	0.01506	0.01001	0.00538	0.00571	0.00166	0.02295	0.00546	0.00393	0.00750
20	0.00636	0.00520	0.00565	0.00579	0.00722	0.00459	0.00424	0.00814	0.03943	0.01441	0.11486	0.19316	0.54727	0.01294	0.00604	0.00176	0.00267	0.01105	0.00479	0.00442
21	0.01054	0.01171	0.09045	0.22288	0.25581	0.01096	0.13316	0.01379	0.01083	0.01491	0.01203	0.09042	0.01101	0.00641	0.00588	0.00172	0.03957	0.04870	0.00273	0.00650
22	0.01508	0.03007	0.09404	0.09089	0.02123	0.05898	0.29300	0.07040	0.05350	0.20211	0.01278	0.01398	0.00899	0.00518	0.00532	0.00161	0.00678	0.00507	0.00367	0.00731
23	0.00796	0.00595	0.00866	0.00865	0.00994	0.00564	0.06810	0.00998	0.03753	0.04710	0.02853	0.43192	0.12339	0.01340	0.00637	0.00201	0.00381	0.17169	0.00459	0.00479
24	0.00611	0.00500	0.00542	0.00572	0.00710	0.00430	0.00422	0.00736	0.01114	0.01357	0.04516	0.21270	0.59405	0.01350	0.00612	0.00181	0.00273	0.04504	0.00469	0.00425
25	0.05785	0.01363	0.16105	0.01390	0.12150	0.03340	0.05955	0.13279	0.07414	0.12974	0.01638	0.08978	0.06028	0.00682	0.00514	0.00162	0.00545	0.00581	0.00395	0.00722

[dist]
# distance from previous block
# <min> <max>
0	1

[block]
# block no. 1 follows, 49 sequences, length 94
# corresponding to MSA columns:
# 41-134
name=unknown_B
#
# <colnr> <probs for GDERKNQSTAVLIFYWHMCP>
#	G	D	E	R	K	N	Q	S	T	A	V	L	I	F	Y	W	H	M	C	P
0	0.01644	0.07383	0.03435	0.01503	0.06356	0.24620	0.16690	0.24370	0.01592	0.03362	0.00986	0.01133	0.00757	0.00530	0.00536	0.00149	0.03477	0.00432	0.00334	0.00712
1	0.27160	0.08283	0.01339	0.03784	0.01415	0.37193	0.00860	0.06396	0.01227	0.01667	0.00775	0.00923	0.00634	0.00527	0.00486	0.00145	0.05983	0.00325	0.00284	0.00594
2	0.00699	0.00482	0.00564	0.00596	0.00617	0.00469	0.00364	0.00735	0.00831	0.01095	0.02146	0.22829	0.07307	0.55049	0.01923	0.00393	0.00426	0.02771	0.00361	0.00344
3	0.01236	0.02820	0.10208	0.13832	0.21225	0.08135	0.06700	0.01918	0.25229	0.01690	0.01271	0.01415	0.00978	0.00540	0.00503	0.00160	0.00609	0.00476	0.00326	0.00729
4	0.00650	0.00514	0.00585	0.00567	0.00715	0.00449	0.00425	0.00827	0.01276	0.01659	0.37715	0.04385	0.46094	0.01171	0.00597	0.00166	0.00248	0.01000	0.00508	0.00449
5	0.00655	0.00478	0.00616	0.00658	0.00738	0.00439	0.00464	0.00808	0.01173	0.01597	0.33807	0.42876	0.11154	0.01332	0.00621	0.00183	0.00268	0.01190	0.00505	0.00439
6	0.02866	0.22013	0.11679	0.11478	0.04483	0.01314	0.05005	0.04796	0.05056	0.19365	0.01173	0.01271	0.00864	0.00593	0.01890	0.00162	0.04517	0.00420	0.00344	0.00712
7	0.01407	0.01207	0.01828	0.25320	0.08852	0.06509	0.18757	0.11337	0.06412	0.11549	0.01179	0.01380	0.00859	0.00524	0.00524	0.00161	0.00661	0.00492	0.00342	0.00703
8	0.01256	0.01262	0.04287	0.05839	0.60668	0.04083	0.01436	0.01709	0.11231	0.01682	0.01086	0.01320	0.00883	0.00487	0.00500	0.00153	0.00593	0.00459	0.00283	0.00782
9	0.01038	0.05510	0.35575	0.31463	0.05718	0.01205	0.06774	0.01517	0.03684	0.01487	0.00944	0.01217	0.00699	0.00490	0.00493	0.00162	0.00700	0.00422	0.00232	0.00672
10	0.00664	0.00507	0.00610	0.00601	0.00728	0.00453	0.00445	0.00848	0.01284	0.01720	0.45157	0.12891	0.29897	0.01180	0.00602	0.00168	0.00251	0.01025	0.00517	0.00453
11	0.01264	0.01106	0.01526	0.11122	0.09178	0.05823	0.09392	0.13218	0.01236	0.04118	0.01101	0.02756	0.00905	0.00861	0.06541	0.00214	0.17821	0.00486	0.10698	0.00632
12	0.00629	0.00489	0.00557	0.00599	0.00702	0.00435	0.00423	0.00739	0.01062	0.01334	0.06716	0.30398	0.40821	0.09210	0.00808	0.00215	0.00298	0.03695	0.00457	0.00413
13	0.01468	0.01288	0.01255	0.01086	0.01396	0.08967	0.00854	0.19372	0.53743	0.02271	0.01745	0.01641	0.01304	0.00652	0.00507	0.00163	0.00485	0.00522	0.00488	0.00793
14	0.01137	0.01172	0.05077	0.22893	0.45231	0.01161	0.09973	0.01465	0.01110	0.01541	0.01008	0.04103	0.00847	0.00503	0.00517	0.00160	0.00643	0.00498	0.00251	0.00710
15	0.04497	0.07352	0.34924	0.04477	0.04628	0.04171	0.04069	0.01689	0.01136	0.15205	0.02799	0.01239	0.00857	0.00526	0.00525	0.00152	0.04456	0.00409	0.00309	0.06580
16	0.00934	0.01205	0.21599	0.01089	0.04038	0.00824	0.04012	0.10910	0.01201	0.01647	0.02068	0.40510	0.05745	0.01068	0.00575	0.00182	0.00478	0.00945	0.00391	0.00582
17	0.02096	0.01138	0.01345	0.01031	0.01429	0.01155	0.00852	0.39863	0.01912	0.41371	0.01605	0.01468	0.01056	0.00616	0.00507	0.00154	0.00493	0.00482	0.00566	0.00860
18	0.01116	0.04863	0.67932	0.01468	0.05195	0.01175	0.03017	0.01651	0.01096	0.06491	0.00973	0.01113	0.00688	0.00486	0.00480	0.00158	0.00717	0.00386	0.00242	0.00753
19	0.01165	0.04091	0.01856	0.18405	0.21462	0.05097	0.17216	0.04086	0.01141	0.01559	0.01089	0.05627	0.00928	0.00567	0.00585	0.00161	0.05956	0.00523	0.07841	0.00645
20	0.00735	0.00490	0.00552	0.00552	0.00552	0.00490	0.00306	0.00735	0.00735	0.00980	0.01593	0.03309	0.01838	0.82229	0.02574	0.00490	0.00490	0.00735	0.00306	0.00306
21	0.00722	0.00542	0.00813	0.00813	0.00903	0.00632	0.00632	0.00903	0.00813	0.01174	0.01354	0.01987	0.01264	0.03792	0.80225	0.00813	0.01354	0.00542	0.00271	0.00451
22	0.01682	0.05774	0.20783	0.10880	0.01762	0.00956	0.01100	0.01992	0.01276	0.43019	0.04634	0.01546	0.01138	0.00581	0.00495	0.00156	0.00537	0.00471	0.00449	0.00768
23	0.01053	0.11844	0.70722	0.01375	0.02086	0.01270	0.01752	0.01591	0.01063	0.01554	0.00884	0.01038	0.00642	0.00475	0.00462	0.00154	0.00723	0.00362	0.00214	0.00736
24	0.01106	0.01106	0.01549	0.01328	0.01328	0.01549	0.01106	0.01217	0.00774	0.01217	0.00664	0.01106	0.00664	0.00885	0.01659	0.00221	0.81303	0.00443	0.00221	0.00553
25	0.01196	0.01231	0.05200	0.23117	0.33313	0.01222	0.18946	0.06609	0.01204	0.01651	0.00970	0.01293	0.00757	0.00471	0.00524	0.00160	0.00681	0.00481	0.00261	0.00713
26	0.59298	0.07128	0.01051	0.03738	0.01213	0.17542	0.00690	0.01591	0.00996	0.01943	0.00727	0.00859	0.00581	0.00479	0.00350	0.00148	0.00520	0.00291	0.00292	0.00563
27	0.01252	0.01201	0.02053	0.03104	0.79074	0.01201	0.01552	0.01552	0.01151	0.01652	0.00951	0.01252	0.00801	0.00451	0.00501	0.00150	0.00601	0.00451	0.00250	0.00801
28	0.00735	0.00490	0.00552	0.00552	0.00552	0.00490	0.00306	0.00735	0.00735	0.00980	0.01593	0.03309	0.01838	0.82229	0.02574	0.00490	0.00490	0.00735	0.00306	0.00306
29	0.00734	0.00495	0.00577	0.00577	0.00586	0.00504	0.00338	0.00752	0.00743	0.00999	0.01570	0.03181	0.01783	0.74638	0.10089	0.00521	0.00574	0.00717	0.00303	0.00320
30	0.00725	0.00531	0.00760	0.00760	0.00832	0.00603	0.00566	0.00869	0.00797	0.01135	0.01403	0.02255	0.01381	0.19706	0.64470	0.00747	0.01179	0.00581	0.00278	0.00422
31	0.04723	0.01495	0.01555	0.22259	0.02053	0.28661	0.07559	0.01546	0.01106	0.01318	0.00831	0.01154	0.00694	0.00739	0.04467	0.00197	0.18411	0.00415	0.00245	0.00573
32	0.00955	0.00899	0.01517	0.81013	0.03483	0.01123	0.01404	0.01292	0.01011	0.01292	0.00899	0.01348	0.00674	0.00506	0.00506	0.00169	0.00674	0.00449	0.00225	0.00562
33	0.00616	0.00440	0.00587	0.00704	0.00733	0.00411	0.00469	0.00704	0.00968	0.01291	0.02787	0.81899	0.03344	0.01584	0.00645	0.00205	0.00293	0.01438	0.00469	0.00411
34	0.00949	0.00792	0.00932	0.00838	0.01051	0.00835	0.03219	0.01693	0.34618	0.01951	0.31696	0.03042	0.14514	0.00900	0.00561	0.00167	0.00332	0.00778	0.00515	0.00616
35	0.01628	0.01270	0.01352	0.01104	0.01456	0.01431	0.00890	0.44290	0.35955	0.02712	0.01588	0.01512	0.01163	0.00642	0.00510	0.00161	0.00487	0.00507	0.00510	0.00834
36	0.00696	0.00474	0.00563	0.00601	0.00611	0.00464	0.00360	0.00725	0.00811	0.01082	0.01982	0.28918	0.02329	0.55951	0.01945	0.00397	0.00426	0.00964	0.00360	0.00340
37	0.00815	0.00582	0.00815	0.00931	0.01048	0.00582	0.00815	0.01048	0.01164	0.01513	0.02677	0.05704	0.02910	0.01397	0.00698	0.00233	0.00466	0.75671	0.00466	0.00466
38	0.11675	0.01331	0.01311	0.01112	0.01411	0.17477	0.07631	0.12196	0.20426	0.06127	0.01409	0.01634	0.01115	0.00629	0.00502	0.00158	0.01829	0.05099	0.06250	0.00679
39	0.01922	0.01416	0.01518	0.01163	0.01568	0.01568	0.00961	0.77388	0.02378	0.03187	0.01214	0.01214	0.00860	0.00607	0.00506	0.00152	0.00556	0.00455	0.00506	0.00860
40	0.85801	0.00978	0.00743	0.00665	0.00978	0.01134	0.00548	0.01486	0.00861	0.02269	0.00704	0.00821	0.00548	0.00469	0.00313	0.00156	0.00391	0.00274	0.00313	0.00548
41	0.01032	0.00986	0.05879	0.00783	0.01229	0.00696	0.00664	0.01268	0.01035	0.01614	0.00932	0.01155	0.00793	0.04207	0.00484	0.00100	0.00403	0.00325	0.00295	0.76121
42	0.01249	0.00847	0.00900	0.00785	0.01008	0.00912	0.00615	0.25083	0.11830	0.02251	0.01790	0.09011	0.04022	0.00721	0.00457	0.00145	0.00364	0.00587	0.36793	0.00630
43	0.00939	0.07011	0.35149	0.01123	0.01524	0.01027	0.01215	0.03063	0.00973	0.01410	0.01079	0.01447	0.00913	0.01909	0.34449	0.00437	0.05036	0.00444	0.00245	0.00608
44	0.01536	0.00698	0.00939	0.00775	0.01038	0.00618	0.00618	0.01752	0.01440	0.42916	0.38228	0.02691	0.02912	0.00818	0.00550	0.00158	0.00340	0.00700	0.00593	0.00680
45	0.00667	0.00476	0.00621	0.00686	0.00737	0.00458	0.00474	0.00781	0.01011	0.01367	0.14525	0.46438	0.05075	0.13607	0.06285	0.00282	0.00394	0.05259	0.00445	0.00412
46	0.00624	0.00498	0.00559	0.00577	0.00708	0.00433	0.00420	0.00765	0.01167	0.01476	0.18661	0.21009	0.48727	0.01298	0.00608	0.00176	0.00261	0.01117	0.00486	0.00433
47	0.00619	0.00443	0.00590	0.00702	0.00734	0.00413	0.00470	0.00712	0.00983	0.01314	0.05224	0.79395	0.03390	0.01567	0.00644	0.00204	0.00292	0.01421	0.00472	0.00413
48	0.04322	0.01357	0.04493	0.04299	0.04859	0.01333	0.39069	0.24598	0.04341	0.04529	0.01128	0.01317	0.00826	0.00503	0.00544	0.00163	0.00700	0.00523	0.00352	0.00743
49	0.30020	0.01179	0.01250	0.11494	0.01607	0.01346	0.00880	0.37754	0.01615	0.04176	0.00999	0.01107	0.00732	0.00557	0.00479	0.00158	0.03149	0.00394	0.00397	0.00706
50	0.01305	0.14995	0.39456	0.01517	0.11099	0.15832	0.02949	0.01690	0.01154	0.04245	0.00898	0.01049	0.00687	0.00481	0.00457	0.00145	0.00718	0.00367	0.00243	0.00711
51	0.10165	0.26560	0.04514	0.00998	0.01365	0.20674	0.00867	0.06709	0.02452	0.17521	0.01101	0.03108	0.00857	0.00543	0.00422	0.00136	0.00594	0.00383	0.00350	0.00680
52	0.04919	0.00832	0.00960	0.00786	0.01063	0.00831	0.00633	0.18631	0.01505	0.27058	0.08601	0.01812	0.01469	0.00640	0.00458	0.00143	0.00376	0.00512	0.28086	0.00687
53	0.00605	0.00513	0.00522	0.00520	0.00687	0.00430	0.00390	0.00740	0.01170	0.01406	0.09598	0.04800	0.74369	0.01266	0.00598	0.00170	0.00255	0.01058	0.00475	0.00430
54	0.01445	0.01272	0.02165	0.08714	0.08241	0.05171	0.36705	0.12707	0.01401	0.12239	0.03986	0.01445	0.00980	0.00515	0.00549	0.00162	0.00698	0.00538	0.00350	0.00718
55	0.01177	0.01151	0.02018	0.12504	0.53506	0.01192	0.10529	0.01480	0.01112	0.01567	0.01002	0.04091	0.00863	0.00518	0.00581	0.00161	0.05062	0.00502	0.00254	0.00730
56	0.00878	0.00439	0.00659	0.00659	0.00659	0.00439	0.00439	0.00659	0.00659	0.00878	0.00878	0.01537	0.00878	0.01757	0.01976	0.85288	0.00439	0.00439	0.00220	0.00220
57	0.00955	0.00899	0.01517	0.81013	0.03483	0.01123	0.01404	0.01292	0.01011	0.01292	0.00899	0.01348	0.00674	0.00506	0.00506	0.00169	0.00674	0.00449	0.00225	0.00562
58	0.09996	0.01821	0.26333	0.05738	0.03561	0.15025	0.05971	0.09714	0.06667	0.07612	0.01063	0.01176	0.00779	0.00529	0.00494	0.00156	0.01934	0.00408	0.00319	0.00707
59	0.00616	0.00440	0.00587	0.00704	0.00733	0.00411	0.00469	0.00704	0.00968	0.01291	0.02787	0.81899	0.03344	0.01584	0.00645	0.00205	0.00293	0.01438	0.00469	0.00411
60	0.00742	0.00530	0.00731	0.00848	0.00933	0.00519	0.00688	0.00922	0.01092	0.01432	0.02718	0.33628	0.03069	0.01466	0.00679	0.00223	0.00403	0.48465	0.00467	0.00446
61	0.85801	0.00978	0.00743	0.00665	0.00978	0.01134	0.00548	0.01486	0.00861	0.02269	0.00704	0.00821	0.00548	0.00469	0.00313	0.00156	0.00391	0.00274	0.00313	0.00548
62	0.01049	0.00899	0.01049	0.00749	0.01198	0.00674	0.00599	0.01273	0.01049	0.01648	0.00899	0.01049	0.00749	0.00374	0.00374	0.00075	0.00374	0.00300	0.00300	0.85320
63	0.01258	0.01086	0.01143	0.01029	0.01315	0.01258	0.00800	0.02687	0.78161	0.02115	0.02058	0.01887	0.01544	0.00686	0.00515	0.00172	0.00400	0.00572	0.00515	0.00800
64	0.01252	0.01201	0.02053	0.03104	0.79074	0.01201	0.01552	0.01552	0.01151	0.01652	0.00951	0.01252	0.00801	0.00451	0.00501	0.00150	0.00601	0.00451	0.00250	0.00801
65	0.00716	0.00517	0.00676	0.00636	0.00755	0.00477	0.00477	0.00954	0.01431	0.02028	0.78808	0.03777	0.04771	0.01034	0.00596	0.00159	0.00239	0.00914	0.00557	0.00477
66	0.00708	0.00488	0.00599	0.00624	0.00645	0.00495	0.00391	0.00755	0.00797	0.01076	0.01810	0.19785	0.02069	0.52974	0.14181	0.00480	0.00582	0.00854	0.00336	0.00351
67	0.01191	0.01158	0.01920	0.22921	0.56224	0.03164	0.03100	0.01499	0.01124	0.01549	0.00935	0.01270	0.00764	0.00466	0.00503	0.00155	0.00633	0.00450	0.00244	0.00732
68	0.01964	0.01006	0.01222	0.00974	0.01342	0.01003	0.00792	0.14619	0.20488	0.48076	0.01884	0.01680	0.01260	0.00638	0.00510	0.00159	0.00443	0.00515	0.00579	0.00846
69	0.00690	0.00516	0.00640	0.00609	0.00740	0.00466	0.00457	0.00904	0.01371	0.01884	0.62756	0.04015	0.20912	0.01088	0.00597	0.00162	0.00242	0.00948	0.00538	0.00466
70	0.00728	0.00561	0.00820	0.00812	0.00904	0.00653	0.00633	0.00903	0.00834	0.01188	0.01582	0.02147	0.06468	0.03514	0.71903	0.00747	0.04292	0.00573	0.00282	0.00454
71	0.01702	0.01293	0.01363	0.01105	0.01462	0.03384	0.00892	0.44687	0.29492	0.06837	0.01548	0.01475	0.01121	0.00634	0.00508	0.00159	0.00503	0.00497	0.00509	0.00832
72	0.01252	0.15968	0.13274	0.01275	0.01510	0.12978	0.02674	0.01451	0.00966	0.01280	0.00731	0.01025	0.00658	0.00683	0.01053	0.00178	0.41824	0.00388	0.00226	0.00606
73	0.01049	0.00899	0.01049	0.00749	0.01198	0.00674	0.00599	0.01273	0.01049	0.01648	0.00899	0.01049	0.00749	0.00374	0.00374	0.00075	0.00374	0.00300	0.00300	0.85320
74	0.07475	0.28197	0.30223	0.01215	0.01732	0.13278	0.06627	0.01646	0.01111	0.03049	0.00838	0.00978	0.00660	0.00469	0.00423	0.00139	0.00680	0.00344	0.00240	0.00674
75	0.01197	0.00716	0.00742	0.00651	0.00843	0.00756	0.00511	0.20929	0.01402	0.02223	0.01537	0.01711	0.01183	0.00594	0.00393	0.00127	0.00319	0.00467	0.63129	0.00572
76	0.00603	0.00511	0.00521	0.00522	0.00687	0.00429	0.00390	0.00734	0.01159	0.01391	0.08023	0.06610	0.74146	0.01278	0.00599	0.00171	0.00256	0.01070	0.00473	0.00429
77	0.00955	0.00899	0.01517	0.81013	0.03483	0.01123	0.01404	0.01292	0.01011	0.01292	0.00899	0.01348	0.00674	0.00506	0.00506	0.00169	0.00674	0.00449	0.00225	0.00562
78	0.21919	0.01069	0.01184	0.00930	0.01307	0.01105	0.00768	0.26647	0.01612	0.36328	0.01435	0.01343	0.00957	0.00583	0.00461	0.00155	0.00462	0.00436	0.00513	0.00786
79	0.00733	0.00527	0.00715	0.10515	0.01089	0.00539	0.00604	0.00912	0.02536	0.01411	0.02421	0.51074	0.04146	0.01275	0.00589	0.00190	0.00349	0.07856	0.12069	0.00451
80	0.00739	0.00544	0.00755	0.00747	0.00806	0.00617	0.00545	0.00860	0.00787	0.01114	0.01407	0.02374	0.01425	0.28372	0.53233	0.00692	0.03692	0.00599	0.00280	0.00409
81	0.85801	0.00978	0.00743	0.00665	0.00978	0.01134	0.00548	0.01486	0.00861	0.02269	0.00704	0.00821	0.00548	0.00469	0.00313	0.00156	0.00391	0.00274	0.00313	0.00548
82	0.00613	0.00452	0.00574	0.00672	0.00725	0.00413	0.00455	0.00708	0.00999	0.01303	0.03176	0.69067	0.15925	0.01534	0.00637	0.00200	0.00287	0.01376	0.00469	0.00413
83	0.01774	0.01343	0.01434	0.01134	0.01512	0.01499	0.00925	0.60776	0.19231	0.02949	0.01402	0.01364	0.01012	0.00625	0.00508	0.00156	0.00522	0.00481	0.00508	0.00847
84	0.01352	0.82533	0.02650	0.00865	0.01298	0.02001	0.00865	0.01514	0.01027	0.01190	0.00703	0.00811	0.00649	0.00433	0.00324	0.00108	0.00541	0.00270	0.00216	0.00649
85	0.01258	0.01086	0.01143	0.01029	0.01315	0.01258	0.00800	0.02687	0.78161	0.02115	0.02058	0.01887	0.01544	0.00686	0.00515	0.00172	0.00400	0.00572	0.00515	0.00800
86	0.00955	0.00899	0.01517	0.81013	0.03483	0.01123	0.01404	0.01292	0.01011	0.01292	0.00899	0.01348	0.00674	0.00506	0.00506	0.00169	0.00674	0.00449	0.00225	0.00562
87	0.01889	0.02410	0.01433	0.01303	0.01563	0.80199	0.00977	0.02019	0.01433	0.01238	0.00782	0.00912	0.00651	0.00521	0.00456	0.00130	0.00912	0.00326	0.00261	0.00586
88	0.02269	0.00861	0.01174	0.00900	0.01291	0.00743	0.00743	0.02464	0.01447	0.79425	0.01995	0.01721	0.01252	0.00626	0.00509	0.00156	0.00430	0.00509	0.00626	0.00861
89	0.04077	0.00720	0.00759	0.00678	0.00880	0.00760	0.00529	0.10139	0.13370	0.07308	0.04129	0.01823	0.01369	0.00619	0.00413	0.00135	0.00316	0.00495	0.50884	0.00596
90	0.01106	0.01106	0.01549	0.01328	0.01328	0.01549	0.01106	0.01217	0.00774	0.01217	0.00664	0.01106	0.00664	0.00885	0.01659	0.00221	0.81303	0.00443	0.00221	0.00553
91	0.85801	0.00978	0.00743	0.00665	0.00978	0.01134	0.00548	0.01486	0.00861	0.02269	0.00704	0.00821	0.00548	0.00469	0.00313	0.00156	0.00391	0.00274	0.00313	0.00548
92	0.01922	0.01416	0.01518	0.01163	0.01568	0.01568	0.00961	0.77388	0.02378	0.03187	0.01214	0.01214	0.00860	0.00607	0.00506	0.00152	0.00556	0.00455	0.00506	0.00860
93	0.05938	0.78104	0.02546	0.00854	0.01280	0.01954	0.00848	0.01513	0.01018	0.01248	0.00703	0.00812	0.00643	0.00435	0.00324	0.00111	0.00533	0.00271	0.00222	0.00643

[dist]
# distance from previous block
# <min> <max>
0	22

[block]
# block no. 2 follows, 49 sequences, length 14
# corresponding to MSA columns:
# 157-170
name=unknown_C
#
# <colnr> <probs for GDERKNQSTAVLIFYWHMCP>
#	G	D	E	R	K	N	Q	S	T	A	V	L	I	F	Y	W	H	M	C	P
0	0.01922	0.01416	0.01518	0.01163	0.01568	0.01568	0.00961	0.77388	0.02378	0.03187	0.01214	0.01214	0.00860	0.00607	0.00506	0.00152	0.00556	0.00455	0.00506	0.00860
1	0.01064	0.01777	0.41552	0.03612	0.08417	0.01029	0.04983	0.01570	0.06279	0.04962	0.08169	0.04348	0.01308	0.00615	0.00511	0.00161	0.00609	0.03583	0.00311	0.05140
2	0.01434	0.01409	0.21208	0.01344	0.03411	0.01014	0.17763	0.01871	0.07058	0.25705	0.05621	0.01705	0.04467	0.00603	0.00563	0.00164	0.02977	0.00541	0.00403	0.00740
3	0.01897	0.01349	0.01462	0.01133	0.01528	0.01482	0.00932	0.65922	0.08192	0.08868	0.01339	0.01305	0.00943	0.00615	0.00507	0.00154	0.00535	0.00468	0.00516	0.00855
4	0.01649	0.00720	0.00960	0.00785	0.01054	0.00638	0.00618	0.01835	0.01363	0.48307	0.24167	0.02493	0.02335	0.09827	0.00764	0.00194	0.00382	0.00651	0.00570	0.00688
5	0.00928	0.00829	0.07054	0.05392	0.04415	0.00709	0.03964	0.04614	0.04559	0.06491	0.05910	0.32495	0.11805	0.01120	0.00593	0.00185	0.00419	0.07532	0.00435	0.00549
6	0.01277	0.01058	0.05645	0.34203	0.19250	0.01069	0.01246	0.01709	0.09714	0.15239	0.01365	0.01548	0.03346	0.00558	0.00508	0.00162	0.00575	0.00489	0.00340	0.00699
7	0.01014	0.02616	0.79609	0.01441	0.02189	0.01174	0.01868	0.01601	0.01068	0.01601	0.00907	0.01068	0.00641	0.00480	0.00480	0.00160	0.00747	0.00374	0.00214	0.00747
8	0.00897	0.00672	0.00875	0.11975	0.08778	0.00634	0.00679	0.01078	0.01166	0.10072	0.03782	0.03676	0.51775	0.01019	0.00565	0.00167	0.00367	0.00859	0.00432	0.00530
9	0.15249	0.02870	0.01524	0.09325	0.14453	0.01169	0.06924	0.16974	0.03626	0.21121	0.01247	0.01317	0.00885	0.00538	0.00478	0.00156	0.00536	0.00448	0.00409	0.00750
10	0.00701	0.00555	0.00660	0.00753	0.06594	0.00511	0.00473	0.00803	0.01008	0.01267	0.03414	0.10114	0.39706	0.26650	0.01218	0.00275	0.00367	0.04111	0.00402	0.00418
11	0.00676	0.00475	0.00565	0.00608	0.00640	0.00453	0.00381	0.00730	0.00889	0.01172	0.04997	0.32946	0.10416	0.40952	0.01581	0.00339	0.00384	0.01039	0.00393	0.00364
12	0.00735	0.00490	0.00552	0.00552	0.00552	0.00490	0.00306	0.00735	0.00735	0.00980	0.01593	0.03309	0.01838	0.82229	0.02574	0.00490	0.00490	0.00735	0.00306	0.00306
13	0.21139	0.01004	0.01014	0.00771	0.01179	0.04089	0.00620	0.04926	0.01082	0.01850	0.00863	0.00997	0.00703	0.00414	0.00369	0.00100	0.00409	0.00302	0.00311	0.57859

[dist]
# distance from previous block
# <min> <max>
0	350

# created by:
# /st0/software/busco_prod/Augustus/scripts/msa2prfl.pl ./align_prep/74360.fa
