[name]
unknown

[dist]
# distance from previous block
# <min> <max>
0	42

[block]
# block no. 0 follows, 54 sequences, length 101
# corresponding to MSA columns:
# 42-142
name=unknown_A
#
# <colnr> <probs for GDERKNQSTAVLIFYWHMCP>
#	G	D	E	R	K	N	Q	S	T	A	V	L	I	F	Y	W	H	M	C	P
0	0.00766	0.00561	0.00800	0.06321	0.01122	0.00574	0.00788	0.00990	0.01082	0.01410	0.04401	0.05000	0.02619	0.01238	0.00637	0.00211	0.00442	0.70177	0.00421	0.00440
1	0.01032	0.01032	0.01444	0.01238	0.01238	0.01444	0.01032	0.01135	0.00722	0.01135	0.00619	0.01032	0.00619	0.00825	0.01547	0.00206	0.82567	0.00413	0.00206	0.00516
2	0.01333	0.09081	0.01305	0.00973	0.01226	0.06592	0.00800	0.36244	0.01472	0.01950	0.01066	0.01299	0.00877	0.01505	0.26254	0.00336	0.06293	0.00425	0.00343	0.00626
3	0.86760	0.00912	0.00693	0.00620	0.00912	0.01058	0.00511	0.01386	0.00802	0.02115	0.00657	0.00766	0.00511	0.00438	0.00292	0.00146	0.00365	0.00255	0.00292	0.00511
4	0.01325	0.67272	0.02248	0.00890	0.01249	0.13911	0.00834	0.01469	0.01004	0.01117	0.00665	0.00784	0.00606	0.00437	0.00383	0.00109	0.04629	0.00268	0.00208	0.00592
5	0.01092	0.00932	0.00996	0.00919	0.01153	0.01067	0.00705	0.02257	0.69063	0.01869	0.02010	0.12686	0.01665	0.00752	0.00496	0.00164	0.00360	0.00641	0.00474	0.00698
6	0.01024	0.01015	0.01472	0.10823	0.06786	0.01376	0.01092	0.01164	0.00771	0.01170	0.00663	0.01067	0.00629	0.00757	0.01349	0.00196	0.67492	0.00414	0.00209	0.00532
7	0.00694	0.00574	0.00635	0.00714	0.00772	0.05877	0.00490	0.00863	0.06227	0.01252	0.02428	0.72134	0.02837	0.01354	0.00582	0.00185	0.00319	0.01217	0.00427	0.00418
8	0.00988	0.01012	0.01936	0.48279	0.08146	0.01104	0.28996	0.01330	0.01012	0.01336	0.00883	0.01256	0.00668	0.00442	0.00501	0.00157	0.00683	0.00468	0.00221	0.00579
9	0.00890	0.00838	0.01414	0.82296	0.03247	0.01048	0.01309	0.01205	0.00943	0.01205	0.00838	0.01257	0.00629	0.00471	0.00471	0.00157	0.00629	0.00419	0.00210	0.00524
10	0.01033	0.00868	0.01393	0.71373	0.02990	0.01052	0.01240	0.06489	0.01056	0.06677	0.00926	0.01272	0.00676	0.00485	0.00472	0.00155	0.00606	0.00423	0.00252	0.00561
11	0.00854	0.00533	0.00655	0.00660	0.00679	0.05862	0.00447	0.00704	0.00696	0.00886	0.01021	0.10925	0.01073	0.01542	0.01603	0.70443	0.00423	0.00511	0.00234	0.00249
12	0.00890	0.00838	0.01414	0.82296	0.03247	0.01048	0.01309	0.01205	0.00943	0.01205	0.00838	0.01257	0.00629	0.00471	0.00471	0.00157	0.00629	0.00419	0.00210	0.00524
13	0.00690	0.00518	0.00649	0.00669	0.00762	0.00510	0.00480	0.00992	0.11222	0.01589	0.34816	0.39524	0.03456	0.01156	0.00567	0.00169	0.00265	0.01034	0.00477	0.00456
14	0.00928	0.00876	0.01481	0.71633	0.13621	0.01057	0.01328	0.01237	0.00960	0.01250	0.00845	0.01245	0.00644	0.00465	0.00471	0.00155	0.00619	0.00419	0.00213	0.00554
15	0.01609	0.01764	0.01370	0.16096	0.01788	0.47396	0.00981	0.20360	0.01476	0.01602	0.00846	0.00993	0.00658	0.00503	0.00445	0.00133	0.00729	0.00354	0.00292	0.00604
16	0.00941	0.00890	0.01506	0.67692	0.17454	0.01061	0.01335	0.01249	0.00967	0.01266	0.00847	0.01240	0.00650	0.00462	0.00471	0.00154	0.00616	0.00419	0.00214	0.00565
17	0.01020	0.00939	0.01413	0.45025	0.17296	0.01096	0.01181	0.01607	0.22505	0.01478	0.01143	0.01377	0.00873	0.00508	0.00473	0.00155	0.00546	0.00450	0.00288	0.00627
18	0.01008	0.00958	0.01627	0.48441	0.36181	0.01079	0.01368	0.01308	0.00999	0.01348	0.00859	0.01219	0.00679	0.00450	0.00469	0.00150	0.00599	0.00419	0.00220	0.00619
19	0.01261	0.83713	0.02471	0.00807	0.01210	0.01866	0.00807	0.01412	0.00958	0.01109	0.00656	0.00756	0.00605	0.00403	0.00303	0.00101	0.00504	0.00252	0.00202	0.00605
20	0.00579	0.00419	0.00549	0.00651	0.00690	0.00389	0.00442	0.00668	0.00920	0.01215	0.02742	0.75500	0.08297	0.01453	0.00600	0.00190	0.00276	0.03599	0.00438	0.00386
21	0.01261	0.83713	0.02471	0.00807	0.01210	0.01866	0.00807	0.01412	0.00958	0.01109	0.00656	0.00756	0.00605	0.00403	0.00303	0.00101	0.00504	0.00252	0.00202	0.00605
22	0.01004	0.01723	0.36732	0.01617	0.02160	0.01096	0.39921	0.01445	0.01048	0.01482	0.01017	0.06653	0.00825	0.00492	0.00512	0.00157	0.00717	0.00518	0.00235	0.00645
23	0.00563	0.00478	0.00485	0.00483	0.00640	0.00400	0.00363	0.00687	0.01088	0.01304	0.08528	0.04487	0.76526	0.01183	0.00557	0.00159	0.00238	0.00988	0.00442	0.00400
24	0.01261	0.83713	0.02471	0.00807	0.01210	0.01866	0.00807	0.01412	0.00958	0.01109	0.00656	0.00756	0.00605	0.00403	0.00303	0.00101	0.00504	0.00252	0.00202	0.00605
25	0.01327	0.30016	0.10686	0.06462	0.02947	0.05855	0.04134	0.01611	0.04898	0.16365	0.06349	0.01260	0.01019	0.00522	0.00471	0.00134	0.04595	0.00397	0.00314	0.00640
26	0.01261	0.83713	0.02471	0.00807	0.01210	0.01866	0.00807	0.01412	0.00958	0.01109	0.00656	0.00756	0.00605	0.00403	0.00303	0.00101	0.00504	0.00252	0.00202	0.00605
27	0.00586	0.00421	0.00558	0.00663	0.00701	0.00394	0.00455	0.00678	0.00921	0.01220	0.02676	0.75076	0.06050	0.01455	0.00603	0.00192	0.00283	0.06244	0.00437	0.00387
28	0.01058	0.01029	0.01800	0.32324	0.39762	0.01103	0.10450	0.01401	0.03773	0.01427	0.00913	0.01234	0.00723	0.00444	0.00479	0.00149	0.00607	0.00440	0.00234	0.00651
29	0.01233	0.01353	0.11966	0.01345	0.14195	0.09976	0.01008	0.04085	0.43165	0.03078	0.01449	0.01442	0.01098	0.00557	0.00465	0.00150	0.00501	0.00459	0.01761	0.00715
30	0.02728	0.06388	0.09428	0.21148	0.31996	0.08807	0.10022	0.01439	0.01052	0.01400	0.00845	0.01121	0.00675	0.00438	0.00459	0.00143	0.00636	0.00404	0.00225	0.00644
31	0.01556	0.01181	0.01288	0.00973	0.01362	0.01221	0.00798	0.56403	0.01858	0.02556	0.01047	0.01087	0.00772	0.00503	0.00436	0.00121	0.00470	0.00382	0.00416	0.25568
32	0.24044	0.22045	0.20455	0.05187	0.01440	0.01219	0.00960	0.02759	0.02420	0.14120	0.00931	0.01000	0.00686	0.00462	0.00376	0.00136	0.00501	0.00328	0.00295	0.00634
33	0.06811	0.01867	0.47245	0.01597	0.14303	0.01114	0.10948	0.01487	0.01006	0.03909	0.00872	0.01061	0.00648	0.00460	0.00509	0.00152	0.04719	0.00386	0.00227	0.00679
34	0.00574	0.00410	0.00547	0.00657	0.00684	0.00383	0.00438	0.00657	0.00903	0.01204	0.02599	0.83122	0.03119	0.01477	0.00602	0.00191	0.00274	0.01340	0.00438	0.00383
35	0.00566	0.00443	0.00513	0.00570	0.00661	0.00390	0.00399	0.00666	0.00986	0.01238	0.03653	0.45086	0.40474	0.01340	0.00580	0.00176	0.00257	0.01173	0.00438	0.00390
36	0.01614	0.03563	0.01572	0.01491	0.11340	0.62127	0.08664	0.01783	0.01274	0.01236	0.00769	0.00929	0.00635	0.00467	0.00441	0.00127	0.00802	0.00342	0.00241	0.00581
37	0.01113	0.01272	0.02782	0.01987	0.02464	0.01192	0.78776	0.01510	0.01113	0.01510	0.00954	0.01272	0.00715	0.00397	0.00556	0.00159	0.00795	0.00556	0.00238	0.00636
38	0.02540	0.07556	0.35045	0.01224	0.02927	0.20537	0.05421	0.04714	0.01134	0.02936	0.00838	0.00973	0.00639	0.00446	0.00426	0.00129	0.00663	0.00339	0.00242	0.11270
39	0.00632	0.00481	0.00581	0.00556	0.00682	0.00430	0.00417	0.00821	0.01250	0.01690	0.55730	0.03852	0.29084	0.01039	0.00556	0.00152	0.00228	0.00899	0.00493	0.00430
40	0.01261	0.83713	0.02471	0.00807	0.01210	0.01866	0.00807	0.01412	0.00958	0.01109	0.00656	0.00756	0.00605	0.00403	0.00303	0.00101	0.00504	0.00252	0.00202	0.00605
41	0.00574	0.00410	0.00547	0.00657	0.00684	0.00383	0.00438	0.00657	0.00903	0.01204	0.02599	0.83122	0.03119	0.01477	0.00602	0.00191	0.00274	0.01340	0.00438	0.00383
42	0.01156	0.56819	0.28452	0.00985	0.01485	0.01611	0.01116	0.01439	0.00970	0.01236	0.00719	0.00835	0.00603	0.00418	0.00351	0.00117	0.00568	0.00284	0.00201	0.00635
43	0.01287	0.01098	0.01920	0.02496	0.59359	0.01073	0.11734	0.01570	0.01116	0.12183	0.01027	0.01240	0.00799	0.00439	0.00480	0.00143	0.00570	0.00446	0.00281	0.00739
44	0.00988	0.00848	0.00983	0.00713	0.01123	0.00658	0.00569	0.01259	0.05233	0.01560	0.00897	0.01020	0.00738	0.00365	0.00356	0.00075	0.00350	0.00293	0.00290	0.81683
45	0.86760	0.00912	0.00693	0.00620	0.00912	0.01058	0.00511	0.01386	0.00802	0.02115	0.00657	0.00766	0.00511	0.00438	0.00292	0.00146	0.00365	0.00255	0.00292	0.00511
46	0.00686	0.00457	0.00514	0.00514	0.00514	0.00457	0.00286	0.00686	0.00686	0.00914	0.01486	0.03086	0.01714	0.83430	0.02400	0.00457	0.00457	0.00686	0.00286	0.00286
47	0.15455	0.00820	0.01031	0.00804	0.01158	0.00750	0.00664	0.02154	0.01263	0.68412	0.01670	0.01473	0.01064	0.00561	0.00445	0.00146	0.00395	0.00440	0.00538	0.00756
48	0.01113	0.01272	0.02782	0.01987	0.02464	0.01192	0.78776	0.01510	0.01113	0.01510	0.00954	0.01272	0.00715	0.00397	0.00556	0.00159	0.00795	0.00556	0.00238	0.00636
49	0.00786	0.00623	0.00680	0.00646	0.00658	0.04613	0.00417	0.00805	0.00723	0.00956	0.01332	0.02699	0.01512	0.68220	0.02187	0.00407	0.11504	0.00630	0.00273	0.00330
50	0.00674	0.00505	0.00758	0.00758	0.00842	0.00589	0.00589	0.00842	0.00758	0.01095	0.01263	0.01852	0.01179	0.03536	0.81561	0.00758	0.01263	0.00505	0.00253	0.00421
51	0.00879	0.00439	0.00439	0.00439	0.00549	0.00439	0.00330	0.01099	0.00989	0.01758	0.01538	0.01758	0.01209	0.00549	0.00330	0.00110	0.00220	0.00439	0.86047	0.00439
52	0.00612	0.00466	0.00562	0.00568	0.00678	0.00416	0.00415	0.00771	0.01158	0.01543	0.39056	0.20561	0.29187	0.01148	0.00566	0.00161	0.00239	0.01002	0.00475	0.00416
53	0.01032	0.01032	0.01444	0.01238	0.01238	0.01444	0.01032	0.01135	0.00722	0.01135	0.00619	0.01032	0.00619	0.00825	0.01547	0.00206	0.82567	0.00413	0.00206	0.00516
54	0.00879	0.00439	0.00439	0.00439	0.00549	0.00439	0.00330	0.01099	0.00989	0.01758	0.01538	0.01758	0.01209	0.00549	0.00330	0.00110	0.00220	0.00439	0.86047	0.00439
55	0.02094	0.00837	0.01116	0.00855	0.01221	0.00745	0.00707	0.07435	0.01408	0.75596	0.01811	0.01573	0.01143	0.00582	0.00474	0.00146	0.00409	0.00471	0.00576	0.00802
56	0.01167	0.01099	0.01735	0.02400	0.59028	0.01135	0.03601	0.01704	0.20023	0.01644	0.01138	0.01313	0.00913	0.00472	0.00473	0.00145	0.00522	0.00451	0.00293	0.00743
57	0.00682	0.00518	0.00774	0.00769	0.00851	0.00610	0.00600	0.00849	0.00757	0.01096	0.01248	0.01833	0.01165	0.03472	0.79664	0.00745	0.03190	0.00503	0.00251	0.00423
58	0.00682	0.00470	0.00580	0.00580	0.00603	0.00493	0.00368	0.00728	0.00705	0.00963	0.01425	0.02751	0.01569	0.61761	0.23870	0.00539	0.00676	0.00637	0.00277	0.00322
59	0.00557	0.00478	0.00478	0.00478	0.00637	0.00398	0.00358	0.00677	0.01075	0.01274	0.04776	0.04538	0.80297	0.01194	0.00557	0.00159	0.00239	0.00995	0.00438	0.00398
60	0.01543	0.37751	0.01831	0.01037	0.01350	0.46815	0.00866	0.01678	0.01171	0.01135	0.00697	0.00809	0.00606	0.00450	0.00372	0.00112	0.00699	0.00281	0.00225	0.00572
61	0.01216	0.66167	0.08768	0.01008	0.01445	0.01714	0.11352	0.01432	0.00982	0.01194	0.00711	0.00845	0.00619	0.00406	0.00348	0.00113	0.00559	0.00301	0.00206	0.00617
62	0.01103	0.01080	0.01593	0.23678	0.02063	0.05677	0.18304	0.01703	0.24591	0.02682	0.02739	0.01413	0.00972	0.00557	0.00611	0.00161	0.09656	0.00486	0.00310	0.00618
63	0.02093	0.00838	0.01116	0.00856	0.01222	0.00746	0.00707	0.07617	0.01410	0.75410	0.01810	0.01572	0.01142	0.00582	0.00474	0.00146	0.00409	0.00471	0.00576	0.00802
64	0.00659	0.00472	0.00643	0.00750	0.00816	0.00456	0.00583	0.00803	0.00989	0.01299	0.02592	0.46249	0.04344	0.01392	0.00624	0.00203	0.00346	0.35939	0.00436	0.00407
65	0.01145	0.06897	0.07937	0.01820	0.02302	0.01245	0.64503	0.05344	0.01149	0.01555	0.00935	0.01212	0.00704	0.00410	0.00528	0.00154	0.00755	0.00515	0.00245	0.00646
66	0.04392	0.20156	0.01442	0.00858	0.01229	0.01083	0.00741	0.11635	0.03026	0.48514	0.01454	0.01327	0.00977	0.00536	0.00429	0.00135	0.00438	0.00411	0.00470	0.00747
67	0.01032	0.01032	0.01444	0.01238	0.01238	0.01444	0.01032	0.01135	0.00722	0.01135	0.00619	0.01032	0.00619	0.00825	0.01547	0.00206	0.82567	0.00413	0.00206	0.00516
68	0.00686	0.00457	0.00514	0.00514	0.00514	0.00457	0.00286	0.00686	0.00686	0.00914	0.01486	0.03086	0.01714	0.83430	0.02400	0.00457	0.00457	0.00686	0.00286	0.00286
69	0.00949	0.00899	0.01515	0.64599	0.18683	0.01071	0.01331	0.01252	0.00964	0.01270	0.00843	0.01234	0.00652	0.00469	0.00494	0.00155	0.02418	0.00419	0.00214	0.00568
70	0.01186	0.01019	0.01074	0.00962	0.01231	0.01179	0.00750	0.04141	0.77979	0.01994	0.01902	0.01746	0.01426	0.00638	0.00480	0.00160	0.00376	0.00531	0.00480	0.00747
71	0.01167	0.01120	0.01914	0.02894	0.80488	0.01120	0.01447	0.01447	0.01074	0.01540	0.00887	0.01167	0.00747	0.00420	0.00467	0.00140	0.00560	0.00420	0.00233	0.00747
72	0.00765	0.00504	0.00661	0.00610	0.00738	0.00462	0.00462	0.00984	0.01336	0.07198	0.74969	0.03393	0.04228	0.00938	0.00551	0.00148	0.00234	0.00827	0.00523	0.00469
73	0.01032	0.01032	0.01444	0.01238	0.01238	0.01444	0.01032	0.01135	0.00722	0.01135	0.00619	0.01032	0.00619	0.00825	0.01547	0.00206	0.82567	0.00413	0.00206	0.00516
74	0.01167	0.01120	0.01914	0.02894	0.80488	0.01120	0.01447	0.01447	0.01074	0.01540	0.00887	0.01167	0.00747	0.00420	0.00467	0.00140	0.00560	0.00420	0.00233	0.00747
75	0.00890	0.00838	0.01414	0.82296	0.03247	0.01048	0.01309	0.01205	0.00943	0.01205	0.00838	0.01257	0.00629	0.00471	0.00471	0.00157	0.00629	0.00419	0.00210	0.00524
76	0.00890	0.00838	0.01414	0.82296	0.03247	0.01048	0.01309	0.01205	0.00943	0.01205	0.00838	0.01257	0.00629	0.00471	0.00471	0.00157	0.00629	0.00419	0.00210	0.00524
77	0.00593	0.00423	0.00568	0.00678	0.00713	0.00399	0.00470	0.00688	0.00921	0.01224	0.02589	0.75415	0.03078	0.01460	0.00607	0.00194	0.00289	0.08866	0.00437	0.00388
78	0.01167	0.01120	0.01914	0.02894	0.80488	0.01120	0.01447	0.01447	0.01074	0.01540	0.00887	0.01167	0.00747	0.00420	0.00467	0.00140	0.00560	0.00420	0.00233	0.00747
79	0.01969	0.06531	0.06551	0.00882	0.01268	0.03227	0.00778	0.02172	0.01299	0.67744	0.01677	0.01484	0.01074	0.00559	0.00459	0.00142	0.00441	0.00446	0.00522	0.00774
80	0.00574	0.00410	0.00547	0.00657	0.00684	0.00383	0.00438	0.00657	0.00903	0.01204	0.02599	0.83122	0.03119	0.01477	0.00602	0.00191	0.00274	0.01340	0.00438	0.00383
81	0.00976	0.02224	0.66603	0.01462	0.02119	0.01113	0.15910	0.01496	0.01017	0.01496	0.00866	0.01046	0.00619	0.00439	0.00468	0.00151	0.00715	0.00387	0.00206	0.00686
82	0.00839	0.15886	0.01009	0.00695	0.00890	0.00833	0.00559	0.01222	0.16703	0.01493	0.17394	0.15105	0.21439	0.00941	0.00504	0.00153	0.00322	0.03081	0.00418	0.00513
83	0.00988	0.13354	0.70442	0.01272	0.01929	0.01199	0.01616	0.01482	0.00990	0.01442	0.00821	0.00963	0.00598	0.00442	0.00428	0.00143	0.00671	0.00335	0.00199	0.00685
84	0.00978	0.00838	0.00978	0.00698	0.01117	0.00629	0.00559	0.01187	0.00978	0.01536	0.00838	0.00978	0.00698	0.00349	0.00349	0.00070	0.00349	0.00279	0.00279	0.86312
85	0.00674	0.00505	0.00758	0.00758	0.00842	0.00589	0.00589	0.00842	0.00758	0.01095	0.01263	0.01852	0.01179	0.03536	0.81561	0.00758	0.01263	0.00505	0.00253	0.00421
86	0.01454	0.01153	0.01225	0.01016	0.01333	0.01304	0.00814	0.37221	0.44463	0.02426	0.01561	0.01474	0.01150	0.00606	0.00476	0.00152	0.00439	0.00484	0.00476	0.00772
87	0.00718	0.00696	0.04859	0.00792	0.00997	0.00581	0.11008	0.00915	0.01111	0.02905	0.20040	0.11258	0.38139	0.01007	0.00580	0.00160	0.02474	0.00882	0.00413	0.00464
88	0.00957	0.02373	0.77062	0.01421	0.05934	0.01096	0.01727	0.01491	0.00999	0.01496	0.00848	0.01004	0.00605	0.00447	0.00449	0.00149	0.00690	0.00352	0.00201	0.00699
89	0.01031	0.24482	0.59691	0.01198	0.01815	0.01304	0.01488	0.01471	0.00985	0.01389	0.00794	0.00931	0.00599	0.00436	0.00409	0.00136	0.00645	0.00322	0.00200	0.00672
90	0.01930	0.01100	0.01279	0.00980	0.01352	0.01135	0.00810	0.46339	0.01848	0.36069	0.01442	0.01333	0.00957	0.00573	0.00473	0.00143	0.00469	0.00446	0.00519	0.00802
91	0.00882	0.11388	0.49993	0.01095	0.01576	0.00992	0.01279	0.01257	0.00966	0.01370	0.01299	0.23242	0.01282	0.00722	0.00473	0.00155	0.00560	0.00606	0.00264	0.00601
92	0.00900	0.00843	0.01418	0.70862	0.10302	0.01021	0.01279	0.01200	0.00953	0.01236	0.00930	0.05311	0.00763	0.00517	0.00477	0.00157	0.00605	0.00465	0.00223	0.00538
93	0.02115	0.00802	0.01094	0.00839	0.01204	0.00693	0.00693	0.02298	0.01350	0.80815	0.01860	0.01605	0.01167	0.00584	0.00474	0.00146	0.00401	0.00474	0.00584	0.00802
94	0.02084	0.00795	0.01084	0.00833	0.01193	0.00688	0.00688	0.02267	0.01349	0.79078	0.03585	0.01647	0.01239	0.00592	0.00476	0.00146	0.00397	0.00482	0.00582	0.00795
95	0.84746	0.00922	0.00710	0.00631	0.00925	0.01067	0.00520	0.03224	0.00836	0.02136	0.00668	0.00775	0.00518	0.00441	0.00296	0.00146	0.00368	0.00259	0.00296	0.00518
96	0.00999	0.01013	0.01790	0.23020	0.09383	0.01168	0.22668	0.01254	0.00933	0.01299	0.00928	0.06691	0.00828	0.00619	0.00824	0.00173	0.25093	0.00517	0.00234	0.00564
97	0.86760	0.00912	0.00693	0.00620	0.00912	0.01058	0.00511	0.01386	0.00802	0.02115	0.00657	0.00766	0.00511	0.00438	0.00292	0.00146	0.00365	0.00255	0.00292	0.00511
98	0.01791	0.01363	0.01411	0.01091	0.01462	0.05118	0.00897	0.75399	0.02177	0.02889	0.01114	0.01119	0.00793	0.00562	0.00470	0.00141	0.00534	0.00419	0.00461	0.00790
99	0.00682	0.00471	0.00583	0.00583	0.00607	0.00495	0.00372	0.00730	0.00706	0.00965	0.01422	0.02735	0.01562	0.60739	0.24882	0.00543	0.00686	0.00634	0.00276	0.00324
100	0.00960	0.00986	0.02757	0.02763	0.13621	0.11577	0.13060	0.01202	0.01217	0.01589	0.33365	0.02463	0.11000	0.00732	0.00521	0.00146	0.00468	0.00663	0.00372	0.00537

[dist]
# distance from previous block
# <min> <max>
0	1

[block]
# block no. 1 follows, 54 sequences, length 32
# corresponding to MSA columns:
# 144-175
name=unknown_B
#
# <colnr> <probs for GDERKNQSTAVLIFYWHMCP>
#	G	D	E	R	K	N	Q	S	T	A	V	L	I	F	Y	W	H	M	C	P
0	0.01196	0.01286	0.13294	0.02013	0.31456	0.01067	0.23465	0.01584	0.05021	0.09741	0.01122	0.03619	0.00888	0.00487	0.00497	0.00151	0.00611	0.01514	0.00287	0.00699
1	0.01302	0.00828	0.01011	0.00738	0.01142	0.00647	0.00597	0.01503	0.01084	0.24102	0.01129	0.01156	0.00832	0.00416	0.00385	0.00091	0.00364	0.00335	0.00366	0.61972
2	0.01220	0.01182	0.05135	0.02464	0.53258	0.01102	0.19208	0.01530	0.01101	0.07731	0.00977	0.01219	0.00767	0.00429	0.00487	0.00145	0.00607	0.00453	0.00261	0.00724
3	0.01167	0.01112	0.01851	0.02750	0.74592	0.01124	0.01395	0.01526	0.06918	0.01573	0.00964	0.01211	0.00798	0.00436	0.00468	0.00142	0.00546	0.00429	0.00252	0.00747
4	0.00890	0.00838	0.01414	0.82296	0.03247	0.01048	0.01309	0.01205	0.00943	0.01205	0.00838	0.01257	0.00629	0.00471	0.00471	0.00157	0.00629	0.00419	0.00210	0.00524
5	0.03691	0.00935	0.01495	0.01822	0.36984	0.00942	0.08257	0.02913	0.05995	0.04803	0.21403	0.01876	0.03117	0.00606	0.00528	0.00148	0.02938	0.00558	0.00345	0.00642
6	0.00687	0.00507	0.00666	0.00752	0.00858	0.00486	0.00623	0.00862	0.01053	0.01348	0.02991	0.17875	0.19037	0.01308	0.00623	0.00201	0.00367	0.48901	0.00436	0.00418
7	0.00942	0.02320	0.75264	0.03136	0.03777	0.01077	0.01690	0.01469	0.01005	0.01499	0.03034	0.01075	0.00707	0.00462	0.00452	0.00149	0.00679	0.00365	0.00209	0.00687
8	0.01173	0.01013	0.01066	0.00960	0.01226	0.01173	0.00746	0.02505	0.79636	0.01972	0.01919	0.01759	0.01439	0.00640	0.00480	0.00160	0.00373	0.00533	0.00480	0.00746
9	0.01113	0.01272	0.02782	0.01987	0.02464	0.01192	0.78776	0.01510	0.01113	0.01510	0.00954	0.01272	0.00715	0.00397	0.00556	0.00159	0.00795	0.00556	0.00238	0.00636
10	0.00924	0.00770	0.00898	0.00671	0.01018	0.00596	0.00516	0.01099	0.00934	0.01437	0.00985	0.03805	0.00918	0.12270	0.00650	0.00129	0.00362	0.00370	0.00285	0.71362
11	0.01463	0.01127	0.01289	0.06733	0.07313	0.01255	0.00883	0.43551	0.19883	0.02410	0.01310	0.01341	0.00968	0.00564	0.00461	0.00144	0.00470	0.00450	0.07649	0.00735
12	0.01061	0.12795	0.01716	0.02135	0.52906	0.01078	0.01149	0.01286	0.01034	0.01425	0.02752	0.14648	0.02799	0.00617	0.00469	0.00143	0.00492	0.00567	0.00272	0.00654
13	0.01134	0.07907	0.43534	0.01129	0.01675	0.01008	0.04834	0.01541	0.02630	0.12027	0.01024	0.02158	0.00762	0.01703	0.00461	0.00138	0.00574	0.00377	0.00276	0.15110
14	0.01139	0.29062	0.47847	0.01141	0.01712	0.01321	0.02695	0.01526	0.01011	0.07249	0.00860	0.00967	0.00644	0.00442	0.00404	0.00133	0.00613	0.00330	0.00229	0.00673
15	0.00886	0.12451	0.00962	0.00679	0.00854	0.00732	0.00542	0.01159	0.06842	0.06974	0.45083	0.02697	0.04482	0.04327	0.09087	0.00218	0.00404	0.00678	0.00436	0.00504
16	0.07494	0.06049	0.17108	0.04714	0.22514	0.03267	0.01080	0.05273	0.01141	0.08984	0.08846	0.01661	0.08744	0.00579	0.00458	0.00143	0.00501	0.00482	0.00320	0.00642
17	0.05069	0.02585	0.07163	0.01183	0.09540	0.15533	0.03454	0.01972	0.01250	0.43995	0.01395	0.02654	0.00962	0.00539	0.00457	0.00142	0.00532	0.00433	0.00426	0.00715
18	0.74474	0.00901	0.00796	0.12306	0.01246	0.01056	0.00625	0.01360	0.00823	0.01985	0.00682	0.00836	0.00528	0.00443	0.00317	0.00148	0.00402	0.00279	0.00280	0.00513
19	0.01214	0.01128	0.01818	0.02627	0.69165	0.01149	0.01358	0.07264	0.06573	0.01676	0.00976	0.01205	0.00799	0.00446	0.00468	0.00142	0.00544	0.00428	0.00268	0.00751
20	0.00915	0.00862	0.01464	0.63358	0.14107	0.01018	0.03336	0.01211	0.00963	0.01261	0.00965	0.06697	0.00814	0.00529	0.00482	0.00157	0.00600	0.00484	0.00229	0.00549
21	0.00592	0.00481	0.00526	0.00520	0.00665	0.00415	0.00393	0.00742	0.01143	0.01440	0.24511	0.04295	0.58006	0.01137	0.00560	0.00158	0.00241	0.03304	0.00459	0.00411
22	0.01004	0.00994	0.03712	0.11811	0.47836	0.00980	0.04640	0.01260	0.01033	0.01428	0.01447	0.08791	0.09521	0.00614	0.00522	0.00152	0.02781	0.00567	0.00269	0.00638
23	0.00652	0.00472	0.00615	0.00599	0.00700	0.00435	0.00442	0.00853	0.01269	0.01782	0.67850	0.14559	0.05919	0.01040	0.00562	0.00155	0.00230	0.00923	0.00506	0.00435
24	0.01044	0.22490	0.38502	0.06728	0.01753	0.02522	0.05396	0.01418	0.02208	0.03554	0.03281	0.07157	0.00935	0.00534	0.00434	0.00141	0.00593	0.00434	0.00245	0.00629
25	0.00988	0.03448	0.47543	0.01218	0.04733	0.03380	0.01322	0.01608	0.16316	0.01570	0.06071	0.01430	0.03052	0.00687	0.04448	0.00179	0.00616	0.00439	0.00285	0.00666
26	0.01067	0.00804	0.01063	0.01245	0.20292	0.06057	0.00771	0.01281	0.01209	0.12944	0.32628	0.02459	0.06151	0.00966	0.06851	0.00194	0.00460	0.02573	0.00413	0.00572
27	0.00978	0.03631	0.06463	0.00899	0.04178	0.02040	0.00732	0.02733	0.07998	0.06923	0.03188	0.17792	0.03861	0.00851	0.00502	0.00151	0.00401	0.16235	0.00381	0.20063
28	0.00990	0.06182	0.51532	0.01376	0.09029	0.02332	0.05240	0.03008	0.02601	0.01494	0.01237	0.01358	0.08073	0.00514	0.00456	0.00145	0.00619	0.00423	0.00241	0.03153
29	0.02973	0.23255	0.42933	0.01151	0.02889	0.04477	0.03473	0.01493	0.03637	0.03399	0.01076	0.01175	0.05166	0.00488	0.00417	0.00136	0.00602	0.00373	0.00238	0.00649
30	0.01141	0.16899	0.35733	0.01111	0.01572	0.06565	0.01208	0.05897	0.09842	0.03479	0.02467	0.01454	0.00962	0.00564	0.00473	0.00146	0.02771	0.06780	0.00284	0.00653
31	0.03921	0.11121	0.09270	0.01843	0.35305	0.03982	0.06498	0.03992	0.04153	0.04617	0.01065	0.07526	0.00930	0.00522	0.00452	0.00140	0.00543	0.00467	0.00277	0.03375

[dist]
# distance from previous block
# <min> <max>
2	36

# created by:
# /st0/software/busco_prod/Augustus/scripts/msa2prfl.pl ./align_prep/74419.fa
