[name]
unknown

[dist]
# distance from previous block
# <min> <max>
30	213

[block]
# block no. 0 follows, 42 sequences, length 97
# corresponding to MSA columns:
# 256-352
name=unknown_A
#
# <colnr> <probs for GDERKNQSTAVLIFYWHMCP>
#	G	D	E	R	K	N	Q	S	T	A	V	L	I	F	Y	W	H	M	C	P
0	0.01310	0.01102	0.06231	0.01386	0.12669	0.03317	0.02981	0.07136	0.05377	0.10939	0.16895	0.12928	0.04456	0.00946	0.00613	0.00183	0.00500	0.05657	0.00490	0.04885
1	0.13145	0.16479	0.10280	0.01043	0.01493	0.01330	0.01958	0.09354	0.08933	0.07676	0.01353	0.07328	0.01135	0.00645	0.00479	0.00153	0.00531	0.00501	0.00396	0.15788
2	0.04820	0.01344	0.08746	0.01941	0.27761	0.01188	0.03779	0.10641	0.05661	0.09018	0.01688	0.01936	0.06895	0.01736	0.00588	0.00174	0.00589	0.03063	0.00400	0.08030
3	0.01393	0.03948	0.28209	0.04459	0.17611	0.01281	0.01489	0.07552	0.09832	0.06724	0.01261	0.01394	0.00943	0.00560	0.00529	0.00163	0.00654	0.00465	0.00351	0.11182
4	0.01108	0.00892	0.01250	0.05982	0.17852	0.00881	0.00927	0.03629	0.07244	0.04588	0.06842	0.20907	0.06818	0.03856	0.03384	0.00219	0.00508	0.02745	0.00436	0.09932
5	0.01238	0.07257	0.01918	0.14769	0.41473	0.01231	0.01377	0.01538	0.01223	0.01710	0.06327	0.01664	0.01223	0.02958	0.05355	0.00217	0.00678	0.00524	0.00302	0.07017
6	0.01403	0.01222	0.02050	0.15377	0.56014	0.01251	0.01582	0.01732	0.01294	0.07604	0.04196	0.01565	0.01087	0.00553	0.00563	0.00171	0.00651	0.00527	0.00320	0.00839
7	0.01113	0.00958	0.01478	0.10470	0.30568	0.00984	0.01145	0.06941	0.01283	0.01755	0.01945	0.34812	0.02086	0.01059	0.00627	0.00196	0.00528	0.00969	0.00401	0.00682
8	0.10100	0.01190	0.01644	0.17520	0.21230	0.01327	0.01247	0.08072	0.13250	0.10706	0.01349	0.01523	0.01017	0.00632	0.00640	0.00183	0.06665	0.00510	0.00397	0.00800
9	0.01256	0.01294	0.02472	0.26387	0.21631	0.01339	0.30469	0.01652	0.01240	0.01689	0.01064	0.01467	0.00828	0.00518	0.00625	0.00182	0.02443	0.00561	0.00273	0.02608
10	0.01252	0.01194	0.02030	0.35567	0.45697	0.01300	0.01657	0.01604	0.01215	0.01668	0.01034	0.01439	0.00831	0.00527	0.00559	0.00176	0.00703	0.00501	0.00266	0.00778
11	0.01356	0.00978	0.01476	0.30280	0.14584	0.01004	0.01168	0.01643	0.01278	0.16707	0.02010	0.02161	0.13092	0.00703	0.00564	0.00171	0.00573	0.00607	0.00397	0.09247
12	0.00961	0.00850	0.01126	0.01326	0.18979	0.00746	0.00798	0.01182	0.01278	0.01718	0.08467	0.03414	0.36441	0.00958	0.00583	0.00160	0.00405	0.00820	0.00429	0.19359
13	0.01620	0.01814	0.01916	0.14794	0.35405	0.31567	0.01448	0.01886	0.01380	0.01592	0.00975	0.01261	0.00803	0.00542	0.00538	0.00162	0.00818	0.00446	0.00278	0.00754
14	0.01340	0.40549	0.07803	0.00932	0.01321	0.01462	0.00894	0.01589	0.01340	0.08961	0.25864	0.02110	0.02298	0.00727	0.00494	0.00149	0.00497	0.00572	0.00409	0.00690
15	0.02081	0.01203	0.10357	0.01234	0.07324	0.00903	0.01018	0.02365	0.01500	0.52837	0.05572	0.01845	0.01425	0.00663	0.00555	0.00167	0.00520	0.00548	0.00578	0.07305
16	0.37000	0.01891	0.01326	0.01315	0.07738	0.38888	0.00937	0.01951	0.01297	0.01905	0.00849	0.01004	0.00690	0.00549	0.00444	0.00159	0.00739	0.00350	0.00314	0.00654
17	0.02161	0.00930	0.01317	0.01175	0.07182	0.00847	0.00877	0.02385	0.01472	0.59096	0.02016	0.01923	0.01357	0.01248	0.13019	0.00291	0.00659	0.00567	0.00601	0.00879
18	0.01167	0.01000	0.01167	0.00834	0.01334	0.00750	0.00667	0.01417	0.01167	0.01834	0.01000	0.01167	0.00834	0.00417	0.00417	0.00083	0.00417	0.00333	0.00333	0.83663
19	0.01372	0.01459	0.08079	0.03311	0.70974	0.01335	0.01754	0.01731	0.01274	0.01834	0.01055	0.01377	0.00878	0.00504	0.00555	0.00168	0.00681	0.00495	0.00275	0.00887
20	0.00992	0.00829	0.01158	0.01131	0.01202	0.01010	0.00939	0.01177	0.01050	0.01467	0.01896	0.03757	0.02012	0.07861	0.13726	0.00381	0.27121	0.31378	0.00378	0.00535
21	0.01110	0.00932	0.01100	0.00821	0.01248	0.00729	0.00642	0.01335	0.01118	0.01731	0.01104	0.01458	0.00979	0.07391	0.06606	0.00185	0.00512	0.00395	0.00332	0.70273
22	0.00801	0.00637	0.00945	0.13550	0.07171	0.00653	0.00783	0.00962	0.01101	0.01468	0.02606	0.61191	0.03025	0.01473	0.00681	0.00217	0.00421	0.01338	0.00460	0.00518
23	0.01700	0.01887	0.01391	0.01262	0.01552	0.39101	0.00960	0.02475	0.33418	0.01865	0.07316	0.01727	0.01506	0.00703	0.00548	0.00167	0.00712	0.00531	0.00437	0.00745
24	0.65811	0.01086	0.00951	0.00811	0.01180	0.01204	0.00669	0.05009	0.01149	0.16126	0.01069	0.01115	0.00767	0.00561	0.00397	0.00174	0.00451	0.00361	0.00421	0.00688
25	0.00804	0.00603	0.00904	0.00904	0.01005	0.00703	0.00703	0.01005	0.00904	0.01306	0.01507	0.02211	0.01407	0.04221	0.77992	0.00904	0.01507	0.00603	0.00301	0.00502
26	0.00792	0.00575	0.00746	0.00703	0.00838	0.00529	0.00527	0.01053	0.01582	0.02231	0.73947	0.04246	0.07793	0.01160	0.00664	0.00177	0.00266	0.01024	0.00616	0.00529
27	0.01063	0.01000	0.01688	0.78870	0.03876	0.01250	0.01563	0.01438	0.01125	0.01438	0.01000	0.01500	0.00750	0.00563	0.00563	0.00188	0.00750	0.00500	0.00250	0.00625
28	0.00811	0.00577	0.00772	0.00772	0.00826	0.00631	0.00538	0.00920	0.00865	0.01208	0.01629	0.02883	0.01699	0.38921	0.43691	0.00741	0.01068	0.00701	0.00320	0.00429
29	0.00930	0.00628	0.00845	0.00954	0.01084	0.00628	0.00824	0.01189	0.01277	0.01751	0.02796	0.05664	0.02950	0.01410	0.00716	0.00239	0.00477	0.61278	0.13841	0.00519
30	0.01878	0.09054	0.07473	0.01356	0.01682	0.59730	0.01096	0.02054	0.01466	0.01382	0.00943	0.01225	0.00826	0.06720	0.00679	0.00176	0.00930	0.00397	0.00286	0.00648
31	0.07694	0.33486	0.41985	0.01284	0.01939	0.01667	0.01524	0.01734	0.01153	0.01658	0.00902	0.01054	0.00709	0.00513	0.00452	0.00155	0.00710	0.00362	0.00247	0.00771
32	0.01160	0.01135	0.01521	0.40395	0.07834	0.09198	0.01283	0.01445	0.01201	0.01526	0.07548	0.02175	0.02781	0.03977	0.00808	0.00207	0.08733	0.06141	0.00316	0.00615
33	0.01063	0.01000	0.01688	0.78870	0.03876	0.01250	0.01563	0.01438	0.01125	0.01438	0.01000	0.01500	0.00750	0.00563	0.00563	0.00188	0.00750	0.00500	0.00250	0.00625
34	0.01288	0.16719	0.51488	0.01368	0.02048	0.01375	0.01652	0.01789	0.01247	0.08040	0.06886	0.01430	0.01126	0.00586	0.00516	0.00167	0.00717	0.00454	0.00306	0.00799
35	0.09069	0.01843	0.27229	0.04903	0.14124	0.01342	0.07619	0.13586	0.03784	0.09373	0.01218	0.01361	0.00881	0.00570	0.00542	0.00176	0.00696	0.00479	0.00365	0.00841
36	0.00755	0.00554	0.00736	0.03904	0.00942	0.00526	0.00559	0.00938	0.01311	0.01799	0.36246	0.37182	0.06822	0.04138	0.00760	0.00213	0.00322	0.01250	0.00549	0.00494
37	0.01061	0.00924	0.01501	0.66268	0.03358	0.01134	0.01375	0.01418	0.01134	0.01544	0.01135	0.01597	0.00862	0.00578	0.00535	0.00178	0.00672	0.00504	0.13616	0.00609
38	0.01264	0.01398	0.08317	0.22232	0.18532	0.07118	0.16305	0.01619	0.01249	0.03338	0.01313	0.10087	0.01157	0.00669	0.00588	0.00182	0.00734	0.00640	0.02542	0.00715
39	0.01264	0.08586	0.46143	0.02126	0.25637	0.01400	0.01857	0.03397	0.01247	0.01803	0.01015	0.01233	0.00775	0.00523	0.00528	0.00170	0.00757	0.00436	0.00258	0.00845
40	0.01444	0.01619	0.01893	0.01561	0.01767	0.23206	0.16601	0.01639	0.01172	0.01436	0.01020	0.03557	0.00954	0.06971	0.02858	0.00242	0.30599	0.00549	0.00283	0.00629
41	0.01167	0.01000	0.01167	0.00834	0.01334	0.00750	0.00667	0.01417	0.01167	0.01834	0.01000	0.01167	0.00834	0.00417	0.00417	0.00083	0.00417	0.00333	0.00333	0.83663
42	0.01808	0.07975	0.01943	0.01475	0.01853	0.29383	0.13344	0.13653	0.13702	0.05015	0.01265	0.01363	0.00972	0.00617	0.00586	0.00166	0.03229	0.00488	0.00389	0.00773
43	0.00905	0.00752	0.01156	0.22614	0.11051	0.00806	0.00972	0.01113	0.01111	0.01477	0.02150	0.36532	0.02376	0.07829	0.00840	0.00239	0.00519	0.06605	0.00402	0.00552
44	0.01562	0.14090	0.01664	0.01174	0.01521	0.04282	0.00965	0.15972	0.40387	0.02290	0.01680	0.01646	0.01290	0.00706	0.00630	0.00176	0.06605	0.00532	0.00478	0.02350
45	0.01855	0.01072	0.01381	0.01083	0.01432	0.01078	0.00890	0.09231	0.01457	0.34701	0.04119	0.01630	0.01224	0.00708	0.00804	0.00169	0.16943	0.00509	0.00506	0.19206
46	0.00724	0.00543	0.00676	0.00744	0.00846	0.00496	0.00543	0.00879	0.01240	0.01619	0.15472	0.39319	0.23357	0.01551	0.00702	0.00214	0.00328	0.09729	0.00537	0.00481
47	0.01311	0.16157	0.58104	0.01443	0.02181	0.01426	0.01782	0.01846	0.01216	0.08008	0.01072	0.01200	0.00771	0.00539	0.00507	0.00168	0.00762	0.00409	0.00277	0.00823
48	0.00903	0.00807	0.01034	0.00938	0.01040	0.00938	0.00746	0.01068	0.01204	0.01645	0.21747	0.05740	0.29120	0.01207	0.01091	0.00208	0.28673	0.00906	0.00448	0.00539
49	0.01400	0.01209	0.01273	0.01145	0.01463	0.01400	0.00891	0.02990	0.75695	0.02354	0.02291	0.02100	0.01718	0.00764	0.00573	0.00191	0.00445	0.00636	0.00573	0.00891
50	0.01353	0.01297	0.02213	0.12486	0.67989	0.01327	0.01707	0.01692	0.01263	0.01791	0.01052	0.01406	0.00875	0.00509	0.00558	0.00170	0.00678	0.00501	0.00275	0.00860
51	0.00803	0.00661	0.00875	0.07470	0.06965	0.00632	0.00721	0.00996	0.01249	0.01594	0.08672	0.20302	0.33604	0.01353	0.00676	0.00205	0.00396	0.11812	0.00487	0.00526
52	0.00728	0.00576	0.00665	0.00705	0.00858	0.00513	0.00547	0.00898	0.01283	0.01600	0.10257	0.15103	0.46439	0.01474	0.00695	0.00208	0.00337	0.16098	0.00529	0.00486
53	0.38220	0.01015	0.01097	0.00887	0.01284	0.01017	0.00732	0.02267	0.01325	0.44508	0.01592	0.01478	0.01051	0.00620	0.00471	0.00174	0.00460	0.00452	0.00544	0.00806
54	0.01341	0.02532	0.63018	0.01485	0.02231	0.01207	0.01836	0.01910	0.01253	0.13888	0.01261	0.03423	0.00903	0.00594	0.00545	0.00179	0.00761	0.00472	0.00319	0.00842
55	0.01306	0.07135	0.61048	0.01544	0.02269	0.13688	0.01858	0.01852	0.01251	0.01692	0.00975	0.01145	0.00715	0.00539	0.00521	0.00170	0.00849	0.00401	0.00246	0.00797
56	0.00978	0.00489	0.00733	0.00733	0.00733	0.00489	0.00489	0.00733	0.00733	0.00978	0.00978	0.01711	0.00978	0.01955	0.02199	0.83627	0.00489	0.00489	0.00244	0.00244
57	0.07184	0.01218	0.01617	0.01338	0.01574	0.01429	0.09246	0.19772	0.08490	0.02140	0.01466	0.14000	0.01370	0.00923	0.00988	0.00208	0.25217	0.00694	0.00412	0.00717
58	0.04468	0.01348	0.02036	0.01958	0.18820	0.04420	0.19755	0.09970	0.14659	0.10451	0.01541	0.05412	0.01213	0.00647	0.00587	0.00180	0.00663	0.00616	0.00424	0.00831
59	0.00709	0.00507	0.00680	0.00811	0.00854	0.00478	0.00564	0.00825	0.01101	0.01463	0.03089	0.71953	0.03670	0.01741	0.00725	0.00232	0.00347	0.09267	0.00522	0.00464
60	0.01596	0.14027	0.01653	0.01053	0.01513	0.01415	0.00883	0.28105	0.09490	0.02424	0.01227	0.01288	0.00953	0.00557	0.00477	0.00131	0.00523	0.00422	0.00426	0.31836
61	0.01353	0.11899	0.46854	0.01777	0.14168	0.01450	0.01755	0.08612	0.01347	0.04179	0.01059	0.01224	0.00786	0.00541	0.00521	0.00168	0.00747	0.00429	0.00289	0.00844
62	0.01229	0.29235	0.45503	0.01310	0.01964	0.01556	0.01568	0.01689	0.01207	0.01665	0.07245	0.01343	0.01101	0.00568	0.00486	0.00158	0.00706	0.00427	0.00271	0.00769
63	0.01180	0.00987	0.01660	0.37189	0.13510	0.01074	0.07408	0.01515	0.01296	0.07530	0.16540	0.04439	0.01848	0.00713	0.00596	0.00183	0.00622	0.00658	0.00375	0.00677
64	0.01384	0.01328	0.02268	0.05485	0.74751	0.01335	0.01723	0.01719	0.01277	0.01828	0.01057	0.01396	0.00888	0.00503	0.00557	0.00168	0.00671	0.00501	0.00278	0.00884
65	0.06180	0.01128	0.01764	0.02098	0.33052	0.01107	0.06860	0.04141	0.03413	0.18370	0.09629	0.04202	0.01646	0.00698	0.00580	0.00177	0.00570	0.03123	0.00443	0.00818
66	0.01218	0.01172	0.06208	0.00905	0.01420	0.02901	0.00775	0.01492	0.01189	0.03394	0.01023	0.01180	0.00834	0.00435	0.00430	0.00093	0.00462	0.00345	0.00334	0.74192
67	0.00806	0.00597	0.00872	0.00872	0.00962	0.00686	0.00663	0.00984	0.00895	0.01283	0.01537	0.02373	0.01477	0.12605	0.69704	0.00865	0.01401	0.00627	0.00306	0.00485
68	0.00739	0.00531	0.00713	0.00839	0.00901	0.00505	0.00614	0.00878	0.01137	0.01500	0.03151	0.59491	0.05827	0.01701	0.00731	0.00235	0.00372	0.19138	0.00521	0.00473
69	0.01212	0.15196	0.56053	0.04011	0.09255	0.01456	0.01851	0.01751	0.01188	0.01703	0.00978	0.01171	0.00732	0.00524	0.00510	0.00168	0.00777	0.00408	0.00242	0.00813
70	0.02317	0.01155	0.07337	0.01162	0.01640	0.00914	0.07105	0.02590	0.01554	0.64988	0.02036	0.01826	0.01295	0.00665	0.00572	0.00176	0.00545	0.00563	0.00627	0.00931
71	0.02525	0.00958	0.01306	0.01001	0.01437	0.00827	0.00827	0.02743	0.01611	0.77102	0.02220	0.01915	0.01393	0.00697	0.00566	0.00174	0.00479	0.00566	0.00697	0.00958
72	0.01613	0.04100	0.34609	0.01671	0.07926	0.01208	0.13319	0.02069	0.01344	0.24538	0.01394	0.01469	0.00955	0.00570	0.00562	0.00176	0.00725	0.00505	0.00387	0.00860
73	0.01269	0.00866	0.01304	0.01595	0.23870	0.00820	0.00943	0.01534	0.01462	0.15107	0.35061	0.08791	0.03170	0.00923	0.00619	0.00177	0.00429	0.00828	0.00522	0.00709
74	0.01498	0.79107	0.04341	0.00975	0.01463	0.02210	0.00984	0.01687	0.01144	0.01333	0.00787	0.00908	0.00722	0.00482	0.00364	0.00121	0.00606	0.00303	0.00241	0.00724
75	0.01356	0.01300	0.02218	0.11774	0.68677	0.01328	0.01709	0.01695	0.01264	0.01794	0.01052	0.01405	0.00876	0.00508	0.00558	0.00169	0.00678	0.00501	0.00275	0.00862
76	0.01570	0.14277	0.21502	0.01269	0.01786	0.01198	0.10250	0.01918	0.01343	0.24454	0.04455	0.05027	0.07074	0.00708	0.00554	0.00172	0.00620	0.00602	0.00430	0.00790
77	0.00947	0.00861	0.01363	0.55236	0.02942	0.01015	0.01233	0.01248	0.01153	0.01464	0.03181	0.11525	0.13900	0.00859	0.00600	0.00193	0.00614	0.00754	0.00334	0.00579
78	0.00804	0.00603	0.00904	0.00904	0.01005	0.00703	0.00703	0.01005	0.00904	0.01306	0.01507	0.02211	0.01407	0.04221	0.77992	0.00904	0.01507	0.00603	0.00301	0.00502
79	0.01367	0.01639	0.07832	0.01741	0.07712	0.18532	0.23333	0.01655	0.01281	0.01605	0.05878	0.06493	0.01357	0.07358	0.00928	0.00215	0.09450	0.00638	0.00318	0.00667
80	0.01247	0.01729	0.24775	0.23278	0.32182	0.01317	0.01769	0.03940	0.01253	0.01766	0.01037	0.01359	0.00801	0.00533	0.00552	0.00176	0.00738	0.00475	0.00267	0.00803
81	0.01189	0.02490	0.54949	0.01836	0.02588	0.01342	0.24015	0.01788	0.01230	0.01788	0.01049	0.01288	0.00755	0.00516	0.00574	0.00182	0.00867	0.00491	0.00252	0.00810
82	0.00772	0.00574	0.00736	0.00817	0.00931	0.00537	0.00639	0.00956	0.01259	0.01634	0.11733	0.28453	0.20152	0.01545	0.00721	0.00225	0.00379	0.26913	0.00532	0.00491
83	0.01475	0.01412	0.04155	0.02057	0.19759	0.01503	0.16670	0.17184	0.06672	0.02111	0.01211	0.03671	0.00999	0.00692	0.00864	0.00193	0.17635	0.00573	0.00359	0.00804
84	0.01125	0.01935	0.40864	0.01511	0.08678	0.01105	0.01522	0.03643	0.06177	0.03168	0.04355	0.11230	0.03858	0.00842	0.00593	0.00192	0.00654	0.07436	0.00362	0.00752
85	0.00810	0.00579	0.00781	0.00781	0.00838	0.00636	0.00549	0.00925	0.00868	0.01215	0.01621	0.02838	0.01679	0.36583	0.46001	0.00752	0.01098	0.00695	0.00318	0.00434
86	0.01161	0.01083	0.01451	0.01959	0.32291	0.07388	0.01084	0.01469	0.06951	0.01645	0.01917	0.29608	0.02032	0.06440	0.00770	0.00215	0.00550	0.00914	0.00394	0.00678
87	0.01419	0.01116	0.01900	0.02337	0.38383	0.01077	0.10335	0.01708	0.01306	0.13863	0.01710	0.15173	0.01580	0.00803	0.00611	0.00187	0.00606	0.04694	0.00401	0.00791
88	0.01480	0.04222	0.22276	0.01483	0.07542	0.21452	0.01296	0.09957	0.07788	0.01856	0.01454	0.13900	0.01327	0.00775	0.00560	0.00175	0.00723	0.00624	0.00365	0.00745
89	0.01472	0.01607	0.01555	0.08695	0.05837	0.27213	0.01136	0.04151	0.01239	0.01475	0.01093	0.07352	0.01037	0.01103	0.07447	0.00253	0.25855	0.00545	0.00300	0.00634
90	0.01226	0.01453	0.16985	0.01462	0.13704	0.01013	0.02437	0.01680	0.06975	0.03248	0.04195	0.01423	0.01079	0.00517	0.00493	0.00132	0.00549	0.00439	0.00341	0.40651
91	0.01686	0.11599	0.24513	0.01237	0.01781	0.07218	0.01254	0.07767	0.09018	0.19530	0.01410	0.01414	0.01006	0.00594	0.00515	0.00160	0.00644	0.00455	0.00417	0.07784
92	0.01163	0.01247	0.07066	0.01333	0.14131	0.09332	0.00933	0.06459	0.01397	0.01789	0.05162	0.02976	0.30891	0.00897	0.00576	0.00163	0.00515	0.00742	0.00411	0.12817
93	0.07759	0.07514	0.01262	0.01137	0.09566	0.00921	0.00791	0.04149	0.01415	0.17569	0.23389	0.14378	0.02677	0.00928	0.00577	0.00174	0.00424	0.00796	0.00516	0.04058
94	0.01887	0.07919	0.07568	0.01608	0.17032	0.01201	0.03065	0.05261	0.09822	0.33966	0.01677	0.01633	0.01170	0.00619	0.00543	0.00168	0.00568	0.00520	0.00497	0.03276
95	0.01964	0.01649	0.01603	0.05756	0.10505	0.22548	0.01101	0.19225	0.07969	0.17152	0.01404	0.01440	0.01020	0.00625	0.00543	0.00163	0.00692	0.00482	0.00457	0.03701
96	0.14024	0.02068	0.39982	0.01490	0.08482	0.06288	0.01497	0.01683	0.01190	0.03531	0.01264	0.08858	0.01107	0.00686	0.00529	0.00179	0.00689	0.03017	0.00312	0.03124

[dist]
# distance from previous block
# <min> <max>
2	83

[block]
# block no. 1 follows, 42 sequences, length 9
# corresponding to MSA columns:
# 472-480
name=unknown_B
#
# <colnr> <probs for GDERKNQSTAVLIFYWHMCP>
#	G	D	E	R	K	N	Q	S	T	A	V	L	I	F	Y	W	H	M	C	P
0	0.10535	0.01097	0.01159	0.03557	0.01386	0.05052	0.00809	0.06720	0.26471	0.12618	0.15075	0.05119	0.02126	0.00813	0.00562	0.00179	0.00463	0.01915	0.00536	0.03808
1	0.09192	0.06542	0.01652	0.01158	0.01608	0.01223	0.12005	0.18032	0.03899	0.02250	0.01400	0.01520	0.05246	0.00574	0.00496	0.00141	0.00547	0.00482	0.02589	0.29446
2	0.09637	0.01461	0.12724	0.01194	0.01627	0.01309	0.04310	0.13598	0.30553	0.02394	0.06695	0.01761	0.01465	0.00674	0.00539	0.00173	0.00537	0.00550	0.00467	0.08332
3	0.01365	0.13913	0.01674	0.01123	0.04842	0.01177	0.05083	0.06062	0.08411	0.04353	0.01160	0.01279	0.00930	0.00492	0.00457	0.00118	0.00505	0.00402	0.00362	0.46294
4	0.01495	0.01169	0.01600	0.03519	0.15772	0.01097	0.05423	0.14224	0.03674	0.09268	0.05969	0.01559	0.01224	0.00567	0.00521	0.00140	0.00537	0.00493	0.00416	0.31334
5	0.06489	0.13687	0.01357	0.00884	0.01219	0.00999	0.02824	0.02834	0.02917	0.11368	0.13870	0.08342	0.06065	0.03861	0.02123	0.00180	0.00462	0.00658	0.00445	0.19417
6	0.01359	0.01065	0.01198	0.00983	0.01310	0.03893	0.00773	0.09653	0.12196	0.07916	0.11933	0.07296	0.01856	0.02529	0.00676	0.00162	0.05749	0.00619	0.00467	0.28366
7	0.05750	0.01342	0.02718	0.01172	0.06426	0.14870	0.00866	0.09218	0.07675	0.07065	0.11194	0.02122	0.09519	0.00733	0.00537	0.00153	0.00545	0.00585	0.00445	0.17065
8	0.01489	0.10036	0.01604	0.06136	0.08640	0.04085	0.02563	0.12009	0.04124	0.09410	0.06877	0.01824	0.03182	0.00644	0.00519	0.00147	0.00541	0.03086	0.00419	0.22666

[dist]
# distance from previous block
# <min> <max>
5	35

[block]
# block no. 2 follows, 42 sequences, length 89
# corresponding to MSA columns:
# 539-627
name=unknown_C
#
# <colnr> <probs for GDERKNQSTAVLIFYWHMCP>
#	G	D	E	R	K	N	Q	S	T	A	V	L	I	F	Y	W	H	M	C	P
0	0.01070	0.00921	0.01344	0.10218	0.03084	0.00924	0.09647	0.03159	0.09484	0.01772	0.06472	0.19949	0.01971	0.05350	0.00754	0.00197	0.03002	0.00811	0.04195	0.15677
1	0.27877	0.01167	0.01559	0.01224	0.01614	0.01210	0.17822	0.09918	0.08158	0.08419	0.01690	0.03607	0.07448	0.02730	0.00587	0.00188	0.00566	0.00582	0.00425	0.03209
2	0.01576	0.25051	0.01765	0.00995	0.01420	0.11304	0.00846	0.01840	0.04374	0.12658	0.01183	0.01282	0.00941	0.00753	0.05326	0.00172	0.00629	0.00391	0.00361	0.27131
3	0.45508	0.00852	0.00808	0.00761	0.00999	0.00977	0.00608	0.01397	0.00973	0.02074	0.01167	0.01500	0.00985	0.01722	0.25131	0.00401	0.00752	0.00432	0.12390	0.00563
4	0.01249	0.27696	0.53572	0.01399	0.02119	0.01601	0.01723	0.01751	0.01174	0.01636	0.00937	0.01097	0.00716	0.00518	0.00479	0.00160	0.00758	0.00379	0.00239	0.00797
5	0.00667	0.00561	0.00579	0.00594	0.00766	0.00473	0.00438	0.00805	0.01260	0.01511	0.05412	0.13695	0.68391	0.01463	0.00671	0.00194	0.00290	0.01234	0.00523	0.00473
6	0.01167	0.01000	0.01167	0.00834	0.01334	0.00750	0.00667	0.01417	0.01167	0.01834	0.01000	0.01167	0.00834	0.00417	0.00417	0.00083	0.00417	0.00333	0.00333	0.83663
7	0.00665	0.00570	0.00570	0.00570	0.00760	0.00475	0.00428	0.00808	0.01283	0.01520	0.05701	0.05416	0.76483	0.01425	0.00665	0.00190	0.00285	0.01188	0.00523	0.00475
8	0.00813	0.00568	0.00725	0.00725	0.00763	0.00606	0.00480	0.00890	0.00851	0.01174	0.01672	0.03120	0.01802	0.51153	0.31600	0.00683	0.00913	0.00736	0.00326	0.00403
9	0.01420	0.01219	0.01284	0.01149	0.01471	0.01409	0.00896	0.04980	0.73672	0.02387	0.02264	0.02079	0.01697	0.00761	0.00572	0.00190	0.00450	0.00633	0.00572	0.00893
10	0.01644	0.21256	0.21120	0.01353	0.01821	0.33449	0.01300	0.02019	0.06139	0.01530	0.00973	0.01108	0.00786	0.00567	0.00518	0.00153	0.02870	0.00382	0.00282	0.00729
11	0.01417	0.27384	0.40467	0.01381	0.02040	0.01554	0.06156	0.01859	0.01230	0.10014	0.01080	0.01199	0.00800	0.00532	0.00491	0.00160	0.00726	0.00412	0.00293	0.00806
12	0.00818	0.00546	0.00614	0.00614	0.00614	0.00546	0.00341	0.00818	0.00818	0.01091	0.01773	0.03683	0.02046	0.80222	0.02864	0.00546	0.00546	0.00818	0.00341	0.00341
13	0.00678	0.00518	0.00624	0.00708	0.00796	0.00463	0.00489	0.00792	0.01150	0.01466	0.04018	0.53619	0.29367	0.01644	0.00700	0.00215	0.00312	0.01455	0.00522	0.00463
14	0.01225	0.22806	0.58255	0.01440	0.02182	0.01543	0.01793	0.01757	0.01177	0.01665	0.00952	0.01115	0.00715	0.00521	0.00490	0.00163	0.00773	0.00386	0.00238	0.00804
15	0.01231	0.01231	0.01724	0.01477	0.01477	0.01724	0.01231	0.01354	0.00862	0.01354	0.00739	0.01231	0.00739	0.00985	0.01847	0.00246	0.79192	0.00492	0.00246	0.00616
16	0.02102	0.02682	0.01595	0.01450	0.01740	0.77963	0.01087	0.02247	0.01595	0.01377	0.00870	0.01015	0.00725	0.00580	0.00507	0.00145	0.01015	0.00362	0.00290	0.00652
17	0.01246	0.01187	0.02019	0.37050	0.44266	0.01298	0.01654	0.01598	0.01212	0.01660	0.01033	0.01441	0.00829	0.00529	0.00560	0.00176	0.00705	0.00501	0.00266	0.00773
18	0.01334	0.01032	0.01253	0.01034	0.01328	0.01063	0.05407	0.29320	0.03606	0.02549	0.23988	0.04872	0.16503	0.00996	0.00628	0.00181	0.00461	0.03188	0.00552	0.00704
19	0.01006	0.00822	0.00916	0.00869	0.01086	0.00871	0.00675	0.01737	0.29753	0.01957	0.14186	0.03625	0.23409	0.01374	0.07780	0.00257	0.00470	0.05395	0.03164	0.00649
20	0.01279	0.33889	0.47642	0.01348	0.02040	0.01674	0.01634	0.01743	0.01170	0.01599	0.00919	0.01074	0.00717	0.00513	0.00465	0.00155	0.00740	0.00370	0.00239	0.00788
21	0.02024	0.01832	0.01515	0.01278	0.01634	0.30679	0.01013	0.29953	0.04494	0.10684	0.01529	0.01732	0.03473	0.00719	0.00558	0.00167	0.00733	0.04716	0.00470	0.00797
22	0.01129	0.02911	0.77306	0.01604	0.02436	0.01307	0.02079	0.01782	0.01188	0.01782	0.01010	0.01188	0.00713	0.00535	0.00535	0.00178	0.00832	0.00416	0.00238	0.00832
23	0.00686	0.00490	0.00653	0.00784	0.00816	0.00457	0.00522	0.00784	0.01077	0.01437	0.03102	0.79855	0.03722	0.01763	0.00718	0.00229	0.00326	0.01600	0.00522	0.00457
24	0.01132	0.01070	0.01812	0.63165	0.19044	0.01268	0.01597	0.01498	0.01158	0.01521	0.01012	0.01478	0.00780	0.00550	0.00561	0.00183	0.00733	0.00500	0.00256	0.00681
25	0.01382	0.01118	0.01270	0.01238	0.06127	0.01239	0.00913	0.08979	0.47172	0.04820	0.02420	0.06701	0.05980	0.00897	0.00602	0.00195	0.00467	0.07112	0.00547	0.00820
26	0.00691	0.00494	0.00659	0.00790	0.00825	0.00462	0.00532	0.00793	0.01083	0.01443	0.03099	0.78039	0.03710	0.01758	0.00720	0.00229	0.00331	0.03362	0.00522	0.00459
27	0.01063	0.01000	0.01688	0.78870	0.03876	0.01250	0.01563	0.01438	0.01125	0.01438	0.01000	0.01500	0.00750	0.00563	0.00563	0.00188	0.00750	0.00500	0.00250	0.00625
28	0.01393	0.01337	0.02284	0.03454	0.76712	0.01337	0.01727	0.01727	0.01281	0.01839	0.01059	0.01393	0.00891	0.00501	0.00557	0.00167	0.00669	0.00501	0.00279	0.00891
29	0.02036	0.01429	0.01462	0.01187	0.01572	0.09868	0.00953	0.34558	0.12218	0.21031	0.01750	0.06499	0.01317	0.00751	0.00569	0.00174	0.00587	0.00592	0.00564	0.00883
30	0.01704	0.01919	0.01926	0.02449	0.39713	0.34885	0.01401	0.02025	0.05550	0.01665	0.01044	0.01267	0.00864	0.00550	0.00536	0.00159	0.00808	0.00448	0.00300	0.00787
31	0.01137	0.00989	0.01005	0.00921	0.01190	0.02591	0.00711	0.04430	0.41292	0.02031	0.03629	0.03413	0.32323	0.01028	0.00609	0.00189	0.00397	0.00853	0.00546	0.00718
32	0.01463	0.71925	0.11219	0.01034	0.01555	0.02124	0.01087	0.01696	0.01148	0.01375	0.00808	0.00934	0.00721	0.00487	0.00380	0.00127	0.00627	0.00314	0.00240	0.00734
33	0.00729	0.00542	0.00740	0.00806	0.00882	0.00553	0.00581	0.00871	0.01034	0.01396	0.02782	0.41910	0.10930	0.02665	0.30237	0.00483	0.00773	0.01173	0.00438	0.00476
34	0.01129	0.02911	0.77306	0.01604	0.02436	0.01307	0.02079	0.01782	0.01188	0.01782	0.01010	0.01188	0.00713	0.00535	0.00535	0.00178	0.00832	0.00416	0.00238	0.00832
35	0.01328	0.01518	0.03321	0.02372	0.02941	0.01423	0.74668	0.01803	0.01328	0.01803	0.01139	0.01518	0.00854	0.00474	0.00664	0.00190	0.00949	0.00664	0.00285	0.00759
36	0.01328	0.01518	0.03321	0.02372	0.02941	0.01423	0.74668	0.01803	0.01328	0.01803	0.01139	0.01518	0.00854	0.00474	0.00664	0.00190	0.00949	0.00664	0.00285	0.00759
37	0.02102	0.02682	0.01595	0.01450	0.01740	0.77963	0.01087	0.02247	0.01595	0.01377	0.00870	0.01015	0.00725	0.00580	0.00507	0.00145	0.01015	0.00362	0.00290	0.00652
38	0.02239	0.01213	0.01436	0.01110	0.01524	0.01228	0.00906	0.35496	0.02032	0.38659	0.01795	0.01772	0.01236	0.05811	0.00713	0.00196	0.00547	0.00555	0.00613	0.00918
39	0.00796	0.00575	0.00752	0.00708	0.00841	0.00531	0.00531	0.01062	0.01593	0.02257	0.76415	0.04204	0.05310	0.01150	0.00664	0.00177	0.00265	0.01018	0.00619	0.00531
40	0.00686	0.00490	0.00653	0.00784	0.00816	0.00457	0.00522	0.00784	0.01077	0.01437	0.03102	0.79855	0.03722	0.01763	0.00718	0.00229	0.00326	0.01600	0.00522	0.00457
41	0.01104	0.02659	0.68810	0.01541	0.02294	0.01234	0.01949	0.01714	0.01200	0.01771	0.01229	0.01762	0.00994	0.00648	0.00562	0.00187	0.00797	0.08480	0.00269	0.00797
42	0.01368	0.01406	0.02681	0.03040	0.48496	0.01370	0.29626	0.01756	0.01299	0.01825	0.01089	0.01441	0.00877	0.00491	0.00598	0.00176	0.00776	0.00564	0.00281	0.00841
43	0.01217	0.01210	0.01696	0.01458	0.01461	0.01689	0.01213	0.01342	0.00863	0.01353	0.00765	0.01265	0.00761	0.01095	0.04440	0.00269	0.76547	0.00496	0.00248	0.00612
44	0.00782	0.00575	0.00732	0.00693	0.00832	0.00525	0.00519	0.01034	0.01558	0.02175	0.68550	0.04339	0.13226	0.01181	0.00664	0.00178	0.00268	0.01037	0.00609	0.00525
45	0.01272	0.32611	0.48866	0.01359	0.02057	0.01659	0.01652	0.01745	0.01171	0.01607	0.00923	0.01079	0.00716	0.00514	0.00468	0.00156	0.00744	0.00372	0.00239	0.00790
46	0.02102	0.02682	0.01595	0.01450	0.01740	0.77963	0.01087	0.02247	0.01595	0.01377	0.00870	0.01015	0.00725	0.00580	0.00507	0.00145	0.01015	0.00362	0.00290	0.00652
47	0.01088	0.00858	0.01037	0.01057	0.01259	0.00928	0.00877	0.01857	0.29771	0.01976	0.07341	0.04588	0.02787	0.01227	0.00692	0.00228	0.00474	0.40746	0.00545	0.00662
48	0.01324	0.15512	0.21584	0.07296	0.39990	0.01479	0.01674	0.01716	0.01224	0.01709	0.00994	0.01262	0.00807	0.00510	0.00518	0.00163	0.00704	0.00445	0.00260	0.00830
49	0.02170	0.01831	0.01429	0.01220	0.01560	0.38936	0.00946	0.07151	0.03567	0.28552	0.01475	0.01490	0.01062	0.02684	0.00591	0.00168	0.00746	0.00469	0.03178	0.00775
50	0.84197	0.01088	0.00827	0.00740	0.01088	0.01262	0.00609	0.01654	0.00958	0.02525	0.00784	0.00914	0.00609	0.00522	0.00348	0.00174	0.00435	0.00305	0.00348	0.00609
51	0.00816	0.00691	0.00812	0.00785	0.00929	0.02668	0.00602	0.01022	0.02648	0.01595	0.16713	0.05819	0.33529	0.02050	0.20961	0.00378	0.06075	0.00935	0.00458	0.00514
52	0.01801	0.01446	0.08905	0.05897	0.02212	0.05436	0.27076	0.02240	0.06111	0.30592	0.01591	0.01648	0.01089	0.00594	0.00595	0.00180	0.00719	0.00577	0.00454	0.00837
53	0.01393	0.01337	0.02284	0.03454	0.76712	0.01337	0.01727	0.01727	0.01281	0.01839	0.01059	0.01393	0.00891	0.00501	0.00557	0.00167	0.00669	0.00501	0.00279	0.00891
54	0.00809	0.00598	0.00767	0.00802	0.00916	0.00576	0.00601	0.01097	0.06036	0.01881	0.34091	0.28873	0.07514	0.01396	0.00692	0.00207	0.00334	0.11718	0.00566	0.00525
55	0.01203	0.21665	0.14968	0.01207	0.01595	0.06097	0.05864	0.01548	0.03191	0.01624	0.03787	0.03211	0.04350	0.00936	0.00592	0.00192	0.00637	0.26304	0.00373	0.00658
56	0.34573	0.01315	0.01228	0.01022	0.01395	0.06171	0.00828	0.24390	0.08225	0.11168	0.01333	0.03778	0.01009	0.00654	0.00481	0.00174	0.00531	0.00471	0.00475	0.00779
57	0.01129	0.02911	0.77306	0.01604	0.02436	0.01307	0.02079	0.01782	0.01188	0.01782	0.01010	0.01188	0.00713	0.00535	0.00535	0.00178	0.00832	0.00416	0.00238	0.00832
58	0.01161	0.01060	0.01052	0.01018	0.04277	0.10430	0.00740	0.04915	0.18851	0.02082	0.30967	0.03285	0.15924	0.00989	0.00614	0.00178	0.00436	0.00833	0.00534	0.00654
59	0.04232	0.01556	0.01463	0.01263	0.03821	0.16938	0.00974	0.25526	0.17635	0.14782	0.01678	0.01630	0.02819	0.00685	0.00547	0.00169	0.00621	0.00524	0.02288	0.00850
60	0.04896	0.09589	0.35894	0.01321	0.01934	0.01390	0.01446	0.15502	0.04827	0.15923	0.01321	0.01354	0.00924	0.00595	0.00523	0.00171	0.00673	0.00455	0.00401	0.00861
61	0.00808	0.00660	0.00740	0.00833	0.00908	0.04831	0.00577	0.00997	0.05267	0.01495	0.03093	0.64869	0.08016	0.01616	0.00696	0.00220	0.00373	0.02994	0.00512	0.00495
62	0.01224	0.10784	0.16952	0.12289	0.21960	0.01325	0.11017	0.01615	0.01235	0.01685	0.01327	0.02119	0.01189	0.00679	0.00580	0.00184	0.00716	0.12074	0.00301	0.00748
63	0.01595	0.03838	0.34236	0.01436	0.02028	0.06017	0.09589	0.03557	0.04464	0.21225	0.05405	0.01596	0.01196	0.00616	0.00560	0.00175	0.00710	0.00519	0.00405	0.00831
64	0.01158	0.01924	0.35519	0.29121	0.16317	0.01295	0.03506	0.01652	0.01186	0.01672	0.01018	0.01342	0.00761	0.00537	0.00552	0.00180	0.00776	0.00467	0.00250	0.00768
65	0.02035	0.02552	0.01578	0.01431	0.01716	0.71168	0.01079	0.02271	0.06243	0.01438	0.00956	0.01089	0.00788	0.00602	0.00546	0.00150	0.03002	0.00383	0.00307	0.00666
66	0.01739	0.01136	0.06287	0.17866	0.02096	0.01044	0.06811	0.06153	0.05611	0.32962	0.07559	0.03317	0.01555	0.00718	0.00587	0.00182	0.00584	0.02475	0.00512	0.00806
67	0.00991	0.00894	0.01487	0.30977	0.07022	0.00964	0.09250	0.01331	0.02895	0.01749	0.21996	0.12076	0.04275	0.00884	0.00623	0.00189	0.00564	0.00816	0.00404	0.00612
68	0.00686	0.00490	0.00653	0.00784	0.00816	0.00457	0.00522	0.00784	0.01077	0.01437	0.03102	0.79855	0.03722	0.01763	0.00718	0.00229	0.00326	0.01600	0.00522	0.00457
69	0.01202	0.04861	0.58423	0.06446	0.02427	0.01322	0.06459	0.03508	0.03186	0.03485	0.02847	0.01334	0.00879	0.00558	0.00545	0.00178	0.00791	0.00459	0.00277	0.00811
70	0.01688	0.01269	0.01433	0.01352	0.09795	0.07981	0.02761	0.21670	0.09258	0.14984	0.08775	0.02351	0.12579	0.00807	0.00585	0.00174	0.00546	0.00666	0.00523	0.00803
71	0.00804	0.00603	0.00904	0.00904	0.01005	0.00703	0.00703	0.01005	0.00904	0.01306	0.01507	0.02211	0.01407	0.04221	0.77992	0.00904	0.01507	0.00603	0.00301	0.00502
72	0.02633	0.00556	0.00695	0.00770	0.00852	0.00532	0.00535	0.00952	0.04579	0.01644	0.15257	0.56338	0.09439	0.01563	0.00690	0.00214	0.00321	0.01399	0.00537	0.00494
73	0.01241	0.08291	0.06745	0.13345	0.19955	0.02655	0.09120	0.06001	0.05454	0.01810	0.05698	0.12502	0.03243	0.00766	0.00582	0.00180	0.00628	0.00697	0.00361	0.00729
74	0.16364	0.01399	0.01784	0.02380	0.43146	0.10539	0.01331	0.03990	0.01320	0.05883	0.01177	0.01600	0.00997	0.00596	0.00528	0.00172	0.00648	0.05014	0.00338	0.00794
75	0.00686	0.00490	0.00653	0.00784	0.00816	0.00457	0.00522	0.00784	0.01077	0.01437	0.03102	0.79855	0.03722	0.01763	0.00718	0.00229	0.00326	0.01600	0.00522	0.00457
76	0.01149	0.01090	0.01839	0.58390	0.22179	0.01281	0.01598	0.01509	0.01160	0.01537	0.01010	0.01468	0.00786	0.00555	0.00586	0.00184	0.02230	0.00500	0.00257	0.00692
77	0.01367	0.01265	0.02165	0.06393	0.07007	0.01282	0.31593	0.05229	0.20158	0.06003	0.05916	0.02036	0.05560	0.00665	0.00618	0.00186	0.00678	0.00673	0.00421	0.00784
78	0.01418	0.01246	0.01927	0.04318	0.51091	0.01282	0.01435	0.03641	0.15296	0.05436	0.06087	0.01727	0.01346	0.00606	0.00567	0.00173	0.00593	0.00562	0.00380	0.00867
79	0.00684	0.00496	0.00647	0.00768	0.00812	0.00458	0.00515	0.00785	0.01092	0.01443	0.03291	0.74423	0.09032	0.01738	0.00714	0.00226	0.00323	0.01570	0.00522	0.00458
80	0.01806	0.00877	0.01130	0.00926	0.01246	0.00819	0.00741	0.06185	0.07477	0.40759	0.28328	0.02705	0.02775	0.00861	0.00601	0.00176	0.00409	0.00727	0.00652	0.00802
81	0.05361	0.01474	0.04089	0.01252	0.01621	0.15789	0.05717	0.09037	0.09226	0.28647	0.01671	0.03714	0.01243	0.00724	0.00642	0.00179	0.05586	0.02714	0.00499	0.00813
82	0.02232	0.01071	0.01500	0.01164	0.01555	0.01044	0.05540	0.06710	0.04949	0.56271	0.01940	0.01790	0.01276	0.00716	0.00715	0.00184	0.09269	0.00564	0.00607	0.00904
83	0.00717	0.00506	0.00660	0.00770	0.00802	0.00480	0.00514	0.00808	0.01048	0.01395	0.02889	0.64297	0.03437	0.13959	0.01055	0.00279	0.00370	0.05075	0.00494	0.00442
84	0.27878	0.01432	0.01735	0.06291	0.03968	0.11119	0.17759	0.11833	0.01439	0.06946	0.03760	0.01355	0.00961	0.00575	0.00514	0.00174	0.00675	0.00482	0.00379	0.00725
85	0.54592	0.01264	0.02290	0.00905	0.01270	0.06111	0.00748	0.11308	0.05305	0.07512	0.01191	0.01248	0.03054	0.00598	0.00425	0.00173	0.00501	0.00398	0.00411	0.00695
86	0.00750	0.00579	0.00725	0.00760	0.00852	0.00556	0.00540	0.00886	0.01182	0.01579	0.15259	0.42196	0.18590	0.04992	0.00848	0.00223	0.04713	0.01287	0.00509	0.02975
87	0.04020	0.01186	0.01363	0.01022	0.01490	0.01105	0.02401	0.21972	0.06745	0.06274	0.01247	0.01321	0.00952	0.00531	0.00479	0.00124	0.00490	0.00421	0.00432	0.46426
88	0.00728	0.00567	0.00800	0.00849	0.00942	0.00523	0.04654	0.00862	0.01135	0.01482	0.03405	0.60076	0.15254	0.01627	0.00709	0.00222	0.00363	0.04812	0.00509	0.00480

[dist]
# distance from previous block
# <min> <max>
7	10

[block]
# block no. 3 follows, 42 sequences, length 18
# corresponding to MSA columns:
# 639-656
name=unknown_D
#
# <colnr> <probs for GDERKNQSTAVLIFYWHMCP>
#	G	D	E	R	K	N	Q	S	T	A	V	L	I	F	Y	W	H	M	C	P
0	0.01784	0.01677	0.01471	0.01263	0.01612	0.20381	0.00990	0.23257	0.36627	0.02453	0.01673	0.01619	0.01256	0.00693	0.00554	0.00173	0.00635	0.00532	0.00500	0.00851
1	0.00856	0.00601	0.00759	0.00735	0.00883	0.00556	0.00555	0.01119	0.03374	0.05031	0.50300	0.11725	0.15231	0.01243	0.00669	0.00188	0.00300	0.04739	0.00593	0.00541
2	0.17454	0.31457	0.34729	0.01197	0.01804	0.01641	0.01377	0.01721	0.01127	0.01756	0.00881	0.01029	0.00696	0.00512	0.00434	0.00156	0.00669	0.00351	0.00260	0.00748
3	0.02105	0.02606	0.01601	0.01439	0.01740	0.72683	0.01086	0.07276	0.01668	0.01528	0.00903	0.01038	0.00741	0.00587	0.00511	0.00147	0.00987	0.00372	0.00309	0.00674
4	0.00700	0.00571	0.00618	0.00606	0.00781	0.00490	0.00455	0.00875	0.01364	0.01714	0.24295	0.05097	0.57768	0.01353	0.00665	0.00187	0.00280	0.01143	0.00548	0.00490
5	0.01487	0.76875	0.06479	0.00993	0.01491	0.02183	0.01016	0.01690	0.01146	0.01346	0.00793	0.00916	0.00722	0.00484	0.00369	0.00123	0.00613	0.00306	0.00241	0.00727
6	0.01344	0.01419	0.05484	0.08434	0.51162	0.01350	0.18988	0.01727	0.01278	0.01800	0.01071	0.01422	0.00865	0.00501	0.00582	0.00174	0.00747	0.00536	0.00276	0.00839
7	0.00804	0.00603	0.00904	0.00904	0.01005	0.00703	0.00703	0.01005	0.00904	0.01306	0.01507	0.02211	0.01407	0.04221	0.77992	0.00904	0.01507	0.00603	0.00301	0.00502
8	0.00774	0.00577	0.00728	0.00807	0.00923	0.00540	0.00631	0.00949	0.01234	0.01587	0.08303	0.24898	0.23196	0.04817	0.00811	0.00239	0.00391	0.27591	0.00519	0.00484
9	0.04919	0.01531	0.13394	0.19734	0.04952	0.04095	0.21704	0.01751	0.01216	0.08854	0.01109	0.01416	0.00831	0.00601	0.00749	0.00191	0.11389	0.00525	0.00306	0.00732
10	0.01403	0.24116	0.11115	0.01428	0.03512	0.10417	0.04263	0.01627	0.01093	0.01429	0.00822	0.01124	0.00738	0.00710	0.01038	0.00187	0.33617	0.00422	0.00251	0.00688
11	0.00686	0.00490	0.00653	0.00784	0.00816	0.00457	0.00522	0.00784	0.01077	0.01437	0.03102	0.79855	0.03722	0.01763	0.00718	0.00229	0.00326	0.01600	0.00522	0.00457
12	0.01825	0.01050	0.01416	0.01166	0.01415	0.01180	0.00960	0.08678	0.01363	0.35055	0.01563	0.01688	0.01146	0.01302	0.12298	0.00303	0.25784	0.00542	0.00483	0.00782
13	0.26617	0.01445	0.09886	0.01716	0.11531	0.01312	0.23257	0.07950	0.01327	0.02209	0.06626	0.01469	0.01110	0.00566	0.00532	0.00178	0.00665	0.00520	0.00347	0.00738
14	0.00860	0.00760	0.06506	0.00987	0.01132	0.00631	0.00856	0.01074	0.01193	0.01580	0.02768	0.28004	0.03082	0.01562	0.00814	0.04496	0.00482	0.42219	0.00485	0.00509
15	0.01832	0.00888	0.01114	0.00909	0.01248	0.00818	0.00731	0.06689	0.06830	0.42593	0.13770	0.02859	0.15438	0.00898	0.00598	0.00178	0.00419	0.00746	0.00637	0.00803
16	0.14579	0.18180	0.01932	0.01461	0.10524	0.09117	0.06499	0.14331	0.12606	0.03848	0.01205	0.01297	0.00938	0.00579	0.00490	0.00162	0.00627	0.00449	0.00385	0.00791
17	0.01762	0.01518	0.02163	0.01761	0.07643	0.04292	0.23395	0.33903	0.10683	0.04998	0.01386	0.01499	0.01016	0.00609	0.00592	0.00177	0.00712	0.00566	0.00453	0.00873

[dist]
# distance from previous block
# <min> <max>
3	14

[block]
# block no. 4 follows, 42 sequences, length 18
# corresponding to MSA columns:
# 671-688
name=unknown_E
#
# <colnr> <probs for GDERKNQSTAVLIFYWHMCP>
#	G	D	E	R	K	N	Q	S	T	A	V	L	I	F	Y	W	H	M	C	P
0	0.01566	0.00951	0.01252	0.01047	0.01277	0.01037	0.00849	0.01881	0.07265	0.26585	0.17155	0.02189	0.02027	0.00859	0.00922	0.00189	0.22111	0.00631	0.05222	0.04984
1	0.01274	0.01006	0.01099	0.01042	0.01280	0.03541	0.00828	0.05774	0.33786	0.05383	0.02531	0.03556	0.06338	0.08714	0.00855	0.00241	0.00495	0.21022	0.00528	0.00708
2	0.00696	0.00502	0.00660	0.00776	0.00824	0.00467	0.00529	0.00808	0.01118	0.01485	0.06581	0.70511	0.07511	0.01712	0.00715	0.00225	0.00327	0.03563	0.00527	0.00463
3	0.01414	0.01490	0.01117	0.01064	0.01263	0.33031	0.00785	0.04873	0.01452	0.04082	0.09012	0.25806	0.10181	0.01090	0.00607	0.00180	0.00623	0.00900	0.00441	0.00587
4	0.01393	0.01337	0.02284	0.03454	0.76712	0.01337	0.01727	0.01727	0.01281	0.01839	0.01059	0.01393	0.00891	0.00501	0.00557	0.00167	0.00669	0.00501	0.00279	0.00891
5	0.02104	0.00865	0.01171	0.00930	0.01292	0.00755	0.00755	0.02333	0.01606	0.58882	0.20282	0.02473	0.02347	0.00807	0.00590	0.00175	0.00427	0.00676	0.00678	0.00854
6	0.06916	0.01125	0.01787	0.34022	0.30117	0.01216	0.01442	0.01714	0.01231	0.10739	0.01153	0.01461	0.00873	0.00549	0.00542	0.00174	0.00656	0.00490	0.00323	0.03469
7	0.01363	0.51265	0.31002	0.01205	0.01818	0.01880	0.01384	0.01722	0.01160	0.01497	0.00868	0.01010	0.00719	0.00502	0.00427	0.00142	0.00689	0.00344	0.00240	0.00764
8	0.01400	0.00749	0.00903	0.00796	0.01061	0.00667	0.00619	0.05659	0.01440	0.27955	0.03815	0.16208	0.34089	0.01185	0.00634	0.00190	0.00378	0.01000	0.00585	0.00668
9	0.00678	0.00521	0.00621	0.00701	0.00795	0.00464	0.00486	0.00793	0.01156	0.01469	0.04102	0.51198	0.31733	0.01633	0.00698	0.00214	0.00311	0.01441	0.00522	0.00464
10	0.04080	0.01112	0.01812	0.49170	0.10355	0.01278	0.08925	0.08188	0.01297	0.01784	0.01096	0.01495	0.00831	0.00562	0.00555	0.00180	0.00710	0.00512	0.05370	0.00688
11	0.01359	0.01303	0.02223	0.11186	0.69244	0.01328	0.01710	0.01697	0.01265	0.01797	0.01053	0.01404	0.00877	0.00508	0.00558	0.00169	0.00677	0.00501	0.00276	0.00864
12	0.00746	0.00540	0.00711	0.00782	0.00866	0.00505	0.00570	0.00917	0.01270	0.01716	0.24906	0.43718	0.08238	0.01536	0.00707	0.00215	0.00331	0.10688	0.00551	0.00488
13	0.01459	0.72404	0.02820	0.08950	0.01694	0.02127	0.01024	0.01660	0.01142	0.01336	0.00805	0.00964	0.00725	0.00490	0.00382	0.00127	0.00617	0.00321	0.00242	0.00712
14	0.01128	0.09014	0.01157	0.00939	0.01152	0.01041	0.00714	0.01844	0.31549	0.04273	0.02525	0.30363	0.05133	0.05632	0.00737	0.00217	0.00419	0.00980	0.00509	0.00672
15	0.10171	0.01358	0.01805	0.01560	0.09036	0.05032	0.14923	0.20210	0.07066	0.11163	0.01589	0.01667	0.05270	0.00651	0.00594	0.00174	0.02830	0.00557	0.00444	0.03900
16	0.01668	0.01458	0.01473	0.01303	0.05767	0.11705	0.00988	0.34865	0.04669	0.02462	0.02057	0.02089	0.15223	0.00823	0.00703	0.00176	0.08656	0.00615	0.00465	0.02835
17	0.01005	0.03690	0.01183	0.01075	0.01224	0.12548	0.09142	0.01157	0.01188	0.01466	0.02453	0.56025	0.02829	0.01389	0.00667	0.00208	0.00513	0.01258	0.00450	0.00531

[dist]
# distance from previous block
# <min> <max>
0	24

# created by:
# /st0/software/busco_prod/Augustus/scripts/msa2prfl.pl ./align_prep/74414.fa
