[name]
unknown

[dist]
# distance from previous block
# <min> <max>
11	30

[block]
# block no. 0 follows, 54 sequences, length 11
# corresponding to MSA columns:
# 33-43
name=unknown_A
#
# <colnr> <probs for GDERKNQSTAVLIFYWHMCP>
#	G	D	E	R	K	N	Q	S	T	A	V	L	I	F	Y	W	H	M	C	P
0	0.01061	0.00845	0.00897	0.04019	0.01058	0.09825	0.02532	0.07098	0.07236	0.07795	0.01878	0.17302	0.08088	0.11001	0.04218	0.00217	0.01834	0.03091	0.07597	0.02408
1	0.05727	0.00934	0.01257	0.07780	0.09081	0.00983	0.08980	0.12303	0.17654	0.03947	0.01567	0.01797	0.06314	0.00603	0.00465	0.00146	0.00453	0.04663	0.09736	0.05609
2	0.04033	0.00699	0.00987	0.22093	0.04677	0.02460	0.03694	0.01133	0.01019	0.09763	0.05446	0.19206	0.11468	0.02509	0.00575	0.02160	0.00427	0.02147	0.05004	0.00499
3	0.12923	0.00950	0.01310	0.02995	0.08758	0.04492	0.13378	0.08943	0.01046	0.01563	0.03244	0.05101	0.01073	0.10230	0.12675	0.00275	0.06804	0.00504	0.00291	0.03445
4	0.02623	0.00668	0.00838	0.08391	0.01076	0.03219	0.00622	0.02864	0.05024	0.07043	0.06924	0.07022	0.03166	0.14250	0.25989	0.00388	0.04043	0.00589	0.04788	0.00472
5	0.01353	0.01026	0.01236	0.12807	0.05633	0.02576	0.00877	0.32864	0.07995	0.06954	0.05526	0.06966	0.01229	0.03307	0.00601	0.00162	0.04940	0.00526	0.02762	0.00660
6	0.11408	0.01057	0.01300	0.14954	0.03384	0.01166	0.05481	0.27444	0.15038	0.06391	0.01185	0.01305	0.00885	0.02958	0.00509	0.00156	0.00497	0.00435	0.00381	0.04066
7	0.01160	0.00831	0.03836	0.00906	0.04508	0.03902	0.03033	0.12317	0.01199	0.15651	0.05009	0.19126	0.08210	0.10213	0.00812	0.05298	0.00426	0.02611	0.00409	0.00543
8	0.04869	0.05595	0.06379	0.06898	0.01454	0.03617	0.00853	0.19695	0.06194	0.32973	0.02768	0.01350	0.00991	0.00546	0.00451	0.00141	0.00476	0.00428	0.00444	0.03880
9	0.05053	0.04253	0.03956	0.01949	0.40240	0.06602	0.02955	0.08624	0.15507	0.04591	0.01103	0.01231	0.00863	0.00484	0.00455	0.00142	0.00535	0.00423	0.00313	0.00721
10	0.01294	0.06195	0.09283	0.01497	0.21566	0.09057	0.03833	0.03848	0.08187	0.12975	0.07412	0.01482	0.03407	0.00560	0.00522	0.00143	0.04982	0.00461	0.00337	0.02959

[dist]
# distance from previous block
# <min> <max>
9	37

[block]
# block no. 1 follows, 54 sequences, length 24
# corresponding to MSA columns:
# 81-104
name=unknown_B
#
# <colnr> <probs for GDERKNQSTAVLIFYWHMCP>
#	G	D	E	R	K	N	Q	S	T	A	V	L	I	F	Y	W	H	M	C	P
0	0.01107	0.04683	0.01449	0.07677	0.10136	0.02765	0.14943	0.05255	0.05522	0.08844	0.11549	0.01969	0.10359	0.03397	0.00576	0.00155	0.02095	0.00565	0.00353	0.06602
1	0.03559	0.03666	0.04406	0.01239	0.13991	0.20236	0.00866	0.03820	0.03158	0.10418	0.01663	0.12033	0.07016	0.00757	0.00491	0.00152	0.00528	0.09787	0.00353	0.01860
2	0.00861	0.02275	0.01263	0.51541	0.02391	0.00903	0.05176	0.01166	0.03121	0.01368	0.14048	0.04717	0.01436	0.03322	0.00549	0.00164	0.00525	0.00541	0.04126	0.00507
3	0.01625	0.24426	0.01645	0.01104	0.01390	0.59847	0.00883	0.01755	0.01233	0.01142	0.00709	0.00825	0.00607	0.00463	0.00392	0.00116	0.00756	0.00290	0.00232	0.00563
4	0.01117	0.01069	0.01823	0.17291	0.66484	0.01107	0.01422	0.01403	0.01050	0.01480	0.00878	0.01183	0.00725	0.00429	0.00468	0.00143	0.00573	0.00420	0.00229	0.00706
5	0.01792	0.01321	0.01415	0.01085	0.01462	0.01462	0.00896	0.78916	0.02217	0.02972	0.01132	0.01132	0.00802	0.00566	0.00472	0.00142	0.00519	0.00425	0.00472	0.00802
6	0.42709	0.00907	0.01031	0.36130	0.01947	0.03678	0.00882	0.01305	0.00894	0.01656	0.00822	0.01191	0.00666	0.00494	0.00391	0.00153	0.00498	0.03870	0.00261	0.00514
7	0.00574	0.00410	0.00547	0.00657	0.00684	0.00383	0.00438	0.00657	0.00903	0.01204	0.02599	0.83122	0.03119	0.01477	0.00602	0.00191	0.00274	0.01340	0.00438	0.00383
8	0.00830	0.00731	0.01165	0.14994	0.03190	0.00763	0.13122	0.03366	0.09951	0.01398	0.01878	0.42659	0.02000	0.00988	0.00552	0.00174	0.00442	0.00919	0.00368	0.00509
9	0.01057	0.01034	0.04152	0.04967	0.07661	0.05628	0.07340	0.01473	0.13418	0.01561	0.01111	0.04112	0.00918	0.00472	0.00419	0.00113	0.00455	0.00410	0.04201	0.39500
10	0.01292	0.01277	0.02385	0.01741	0.02163	0.07513	0.58809	0.01626	0.01144	0.11879	0.01040	0.01271	0.00762	0.00448	0.00580	0.00156	0.04465	0.00519	0.00283	0.00645
11	0.01105	0.07980	0.01521	0.01200	0.01252	0.07488	0.01004	0.01214	0.00788	0.01134	0.00630	0.00995	0.00617	0.00765	0.01360	0.00191	0.69630	0.00391	0.00209	0.00526
12	0.00975	0.00890	0.01520	0.46246	0.26788	0.01003	0.03565	0.01223	0.00952	0.01274	0.00854	0.01249	0.00689	0.00584	0.00626	0.09774	0.00588	0.00422	0.00217	0.00560
13	0.01640	0.02012	0.01295	0.01230	0.04971	0.68761	0.00893	0.01776	0.01276	0.01219	0.00797	0.00943	0.00662	0.00499	0.00457	0.00124	0.03526	0.00323	0.07050	0.00546
14	0.00715	0.00563	0.00789	0.16258	0.01248	0.00576	0.00676	0.00937	0.01152	0.01540	0.33595	0.05730	0.13544	0.00998	0.00565	0.00170	0.00356	0.19715	0.00426	0.00449
15	0.00587	0.00418	0.00550	0.00644	0.00674	0.00391	0.00429	0.00673	0.00915	0.01227	0.07252	0.73211	0.03111	0.06634	0.00713	0.00206	0.00282	0.01269	0.00433	0.00381
16	0.00835	0.00732	0.01001	0.02791	0.01021	0.02066	0.02369	0.02942	0.00860	0.01214	0.04286	0.22812	0.01635	0.09237	0.13934	0.00307	0.29459	0.01742	0.00304	0.00451
17	0.19491	0.12657	0.13218	0.01105	0.03732	0.39749	0.00952	0.01645	0.01115	0.01413	0.00726	0.00851	0.00589	0.00457	0.00386	0.00129	0.00671	0.00297	0.00241	0.00575
18	0.00922	0.00893	0.03938	0.28268	0.14465	0.02180	0.05042	0.01313	0.09798	0.01495	0.13152	0.03090	0.09395	0.00640	0.00493	0.00152	0.00486	0.00570	0.03142	0.00567
19	0.00847	0.00732	0.00889	0.11360	0.05857	0.06150	0.00683	0.01062	0.03418	0.01415	0.10872	0.29224	0.02106	0.00905	0.00507	0.00152	0.00391	0.05313	0.04947	0.13168
20	0.00982	0.00827	0.00966	0.00704	0.01097	0.00644	0.00562	0.03936	0.01050	0.01616	0.07149	0.01185	0.01000	0.00406	0.00370	0.00079	0.00345	0.00330	0.00305	0.76449
21	0.00720	0.07107	0.00894	0.00762	0.00871	0.00691	0.00607	0.00887	0.00774	0.01096	0.01215	0.01765	0.01133	0.03288	0.75113	0.00706	0.01203	0.00485	0.00249	0.00436
22	0.03106	0.12342	0.21757	0.04324	0.06914	0.10374	0.12071	0.10977	0.03239	0.05430	0.00960	0.01154	0.00741	0.00490	0.00477	0.00143	0.02666	0.01895	0.00278	0.00662
23	0.02294	0.07506	0.40702	0.01348	0.04636	0.01078	0.15312	0.01573	0.02883	0.11632	0.03842	0.01300	0.02778	0.00492	0.00466	0.00147	0.00619	0.00434	0.00281	0.00677

[dist]
# distance from previous block
# <min> <max>
4	6

[block]
# block no. 2 follows, 54 sequences, length 17
# corresponding to MSA columns:
# 111-127
name=unknown_C
#
# <colnr> <probs for GDERKNQSTAVLIFYWHMCP>
#	G	D	E	R	K	N	Q	S	T	A	V	L	I	F	Y	W	H	M	C	P
0	0.01052	0.08451	0.01536	0.01199	0.01235	0.01482	0.01011	0.01160	0.00743	0.01132	0.00622	0.01007	0.00618	0.00787	0.01436	0.00197	0.75203	0.00398	0.00206	0.00524
1	0.00846	0.02588	0.26269	0.02436	0.08421	0.02311	0.03123	0.03780	0.01013	0.01398	0.01697	0.38481	0.01824	0.00939	0.00526	0.00168	0.00480	0.02825	0.00328	0.00547
2	0.01234	0.01043	0.01101	0.00972	0.01249	0.01201	0.00761	0.10079	0.71963	0.02071	0.01841	0.01697	0.01376	0.00632	0.00479	0.00158	0.00388	0.00522	0.00479	0.00752
3	0.00807	0.01548	0.44840	0.01016	0.01437	0.00794	0.01158	0.01188	0.01085	0.01572	0.25229	0.13735	0.02135	0.00755	0.00503	0.00155	0.00491	0.00646	0.00331	0.00575
4	0.01110	0.01052	0.01786	0.06465	0.69681	0.01069	0.01364	0.01381	0.01039	0.01484	0.00918	0.01233	0.00780	0.00702	0.07744	0.00196	0.00626	0.00428	0.00234	0.00707
5	0.00674	0.00505	0.00758	0.00758	0.00842	0.00589	0.00589	0.00842	0.00758	0.01095	0.01263	0.01852	0.01179	0.03536	0.81561	0.00758	0.01263	0.00505	0.00253	0.00421
6	0.01087	0.01125	0.02179	0.04617	0.29736	0.01095	0.39305	0.01459	0.03981	0.01563	0.08077	0.01454	0.01085	0.00467	0.00519	0.00151	0.00640	0.00530	0.00270	0.00658
7	0.00908	0.00855	0.01445	0.77389	0.08021	0.01052	0.01318	0.01220	0.00951	0.01225	0.00841	0.01252	0.00636	0.00468	0.00471	0.00156	0.00624	0.00419	0.00211	0.00538
8	0.03421	0.01025	0.01649	0.01971	0.37455	0.02431	0.12714	0.07397	0.03349	0.01631	0.01333	0.04251	0.01250	0.00657	0.00519	0.00162	0.00552	0.17277	0.00311	0.00647
9	0.00931	0.00635	0.00930	0.00874	0.01045	0.00608	0.07628	0.03204	0.03434	0.11019	0.09616	0.20833	0.08135	0.01094	0.00585	0.00184	0.00395	0.27903	0.00446	0.00503
10	0.00662	0.00458	0.00572	0.00592	0.00617	0.00469	0.00379	0.00716	0.00757	0.01029	0.03550	0.18062	0.01940	0.49829	0.17903	0.00460	0.00578	0.00778	0.00314	0.00335
11	0.77476	0.00939	0.00761	0.00662	0.00963	0.01075	0.00546	0.07212	0.00927	0.04907	0.00734	0.00822	0.00555	0.00452	0.00312	0.00146	0.00378	0.00276	0.00315	0.00543
12	0.00917	0.00874	0.01512	0.69573	0.08880	0.01045	0.05937	0.01228	0.00962	0.01248	0.00892	0.03268	0.00704	0.00488	0.00479	0.00157	0.00625	0.00450	0.00219	0.00544
13	0.00689	0.00500	0.00734	0.00734	0.00820	0.00578	0.00570	0.00861	0.00775	0.01144	0.01284	0.01845	0.01181	0.03313	0.75490	0.00709	0.01185	0.00500	0.06665	0.00422
14	0.86760	0.00912	0.00693	0.00620	0.00912	0.01058	0.00511	0.01386	0.00802	0.02115	0.00657	0.00766	0.00511	0.00438	0.00292	0.00146	0.00365	0.00255	0.00292	0.00511
15	0.03608	0.00629	0.00793	0.00802	0.04383	0.00614	0.00571	0.07683	0.01100	0.14691	0.02349	0.27172	0.14196	0.07383	0.07947	0.00243	0.00436	0.04467	0.00423	0.00510
16	0.01300	0.12561	0.30347	0.01448	0.14168	0.02533	0.06754	0.08649	0.01188	0.13717	0.02328	0.01155	0.00800	0.00475	0.00447	0.00140	0.00590	0.00395	0.00297	0.00707

[dist]
# distance from previous block
# <min> <max>
0	1

[block]
# block no. 3 follows, 54 sequences, length 14
# corresponding to MSA columns:
# 129-142
name=unknown_D
#
# <colnr> <probs for GDERKNQSTAVLIFYWHMCP>
#	G	D	E	R	K	N	Q	S	T	A	V	L	I	F	Y	W	H	M	C	P
0	0.01820	0.01277	0.01388	0.01064	0.01440	0.01397	0.00879	0.72407	0.02143	0.09585	0.01194	0.01172	0.00833	0.00568	0.00472	0.00142	0.00509	0.00429	0.00481	0.00802
1	0.21555	0.01413	0.04490	0.14952	0.12047	0.26439	0.03498	0.01598	0.01090	0.07549	0.00849	0.01018	0.00652	0.00467	0.00416	0.00140	0.00618	0.00350	0.00272	0.00589
2	0.00827	0.00587	0.00709	0.00642	0.00801	0.00563	0.00492	0.06960	0.05371	0.05438	0.54382	0.03328	0.16199	0.00937	0.00542	0.00150	0.00264	0.00810	0.00503	0.00496
3	0.08002	0.43171	0.01863	0.00958	0.01291	0.31499	0.00827	0.05194	0.01146	0.01290	0.00705	0.00810	0.00608	0.00444	0.00355	0.00114	0.00623	0.00280	0.00237	0.00585
4	0.00978	0.00838	0.00978	0.00698	0.01117	0.00629	0.00559	0.01187	0.00978	0.01536	0.00838	0.00978	0.00698	0.00349	0.00349	0.00070	0.00349	0.00279	0.00279	0.86312
5	0.00973	0.00873	0.01441	0.46982	0.18023	0.01000	0.04459	0.04339	0.01017	0.01392	0.00954	0.01321	0.00752	0.00702	0.06655	0.00195	0.00632	0.00434	0.07287	0.00569
6	0.00585	0.00480	0.00521	0.00514	0.00660	0.00416	0.00386	0.00727	0.01113	0.01391	0.19981	0.04210	0.61303	0.01252	0.04196	0.00184	0.00281	0.00944	0.00446	0.00409
7	0.00879	0.00439	0.00439	0.00439	0.00549	0.00439	0.00330	0.01099	0.00989	0.01758	0.01538	0.01758	0.01209	0.00549	0.00330	0.00110	0.00220	0.00439	0.86047	0.00439
8	0.00685	0.00460	0.00528	0.00528	0.00533	0.00465	0.00303	0.00694	0.00690	0.00924	0.01473	0.03016	0.01684	0.78946	0.06842	0.00474	0.00502	0.00676	0.00284	0.00293
9	0.09638	0.19993	0.09646	0.00955	0.04822	0.11444	0.00820	0.03592	0.01030	0.01453	0.00818	0.02891	0.00704	0.00477	0.00417	0.02943	0.00501	0.00321	0.00255	0.27280
10	0.01260	0.00963	0.01081	0.00990	0.04619	0.01049	0.00748	0.14243	0.43376	0.08730	0.04414	0.02046	0.08598	0.00693	0.00491	0.00155	0.00392	0.03402	0.00469	0.02283
11	0.01164	0.01078	0.05794	0.15268	0.36661	0.02813	0.04719	0.02685	0.01076	0.09232	0.01153	0.05641	0.02879	0.00535	0.00512	0.00147	0.03367	0.00482	0.00283	0.04511
12	0.29840	0.04807	0.06951	0.01222	0.15226	0.02622	0.03342	0.08080	0.04840	0.11393	0.01101	0.06708	0.00899	0.00543	0.00413	0.00146	0.00464	0.00430	0.00338	0.00637
13	0.02798	0.19590	0.42551	0.03758	0.07728	0.01206	0.02787	0.01428	0.03899	0.01411	0.00995	0.07986	0.00858	0.00530	0.00432	0.00142	0.00590	0.00429	0.00236	0.00646

[dist]
# distance from previous block
# <min> <max>
0	8

[block]
# block no. 4 follows, 54 sequences, length 19
# corresponding to MSA columns:
# 151-169
name=unknown_E
#
# <colnr> <probs for GDERKNQSTAVLIFYWHMCP>
#	G	D	E	R	K	N	Q	S	T	A	V	L	I	F	Y	W	H	M	C	P
0	0.01042	0.08250	0.32423	0.08291	0.04571	0.05439	0.13974	0.01441	0.04081	0.01396	0.02951	0.01233	0.00810	0.04161	0.00642	0.00165	0.07854	0.00422	0.00234	0.00620
1	0.01163	0.01222	0.10964	0.24577	0.18127	0.04428	0.11101	0.07279	0.03131	0.06920	0.01149	0.01362	0.04251	0.00506	0.00496	0.00150	0.01793	0.00456	0.00280	0.00644
2	0.00847	0.00662	0.00843	0.03528	0.00972	0.03002	0.04930	0.04648	0.04214	0.05034	0.46032	0.03130	0.15688	0.03657	0.00601	0.00161	0.00325	0.00775	0.00462	0.00491
3	0.01596	0.01096	0.04600	0.00933	0.01236	0.12735	0.00784	0.07971	0.09978	0.34640	0.01855	0.02153	0.05749	0.00707	0.00497	0.00155	0.00482	0.11687	0.00466	0.00677
4	0.00916	0.03950	0.33594	0.01261	0.01686	0.00959	0.21028	0.01261	0.00936	0.01326	0.01043	0.01573	0.00916	0.17438	0.09821	0.00279	0.00731	0.00484	0.00233	0.00565
5	0.00960	0.00842	0.01160	0.02914	0.14030	0.00736	0.03977	0.02801	0.01005	0.01491	0.01161	0.15465	0.01131	0.00580	0.00457	0.00113	0.02479	0.00510	0.00299	0.47891
6	0.00961	0.03921	0.24786	0.02721	0.06940	0.06991	0.01085	0.01217	0.00888	0.01238	0.00950	0.01413	0.00859	0.10341	0.17963	0.00318	0.16204	0.00431	0.00227	0.00545
7	0.01342	0.01047	0.01101	0.00952	0.01230	0.04096	0.00749	0.15437	0.50053	0.09203	0.05376	0.04486	0.01471	0.00660	0.00484	0.00155	0.00408	0.00543	0.00479	0.00727
8	0.00590	0.00431	0.00540	0.00610	0.00663	0.00397	0.00412	0.00682	0.00946	0.01246	0.09333	0.56845	0.15275	0.08790	0.00753	0.00207	0.00280	0.01186	0.00431	0.00382
9	0.01069	0.06924	0.05314	0.02851	0.10045	0.00932	0.23158	0.03554	0.01076	0.07826	0.01500	0.14393	0.05652	0.03723	0.00570	0.00159	0.00528	0.01686	0.00318	0.08722
10	0.01127	0.12090	0.22716	0.01689	0.15726	0.01238	0.24701	0.06055	0.01102	0.01542	0.00896	0.01116	0.00696	0.00447	0.00503	0.00145	0.03710	0.00422	0.03415	0.00665
11	0.00809	0.00538	0.00741	0.00825	0.00939	0.00525	0.00698	0.01002	0.01075	0.06129	0.02544	0.15947	0.05087	0.01281	0.00631	0.00207	0.00404	0.59728	0.00444	0.00448
12	0.00659	0.00488	0.00666	0.05057	0.00919	0.00478	0.00590	0.00811	0.01006	0.01320	0.07021	0.41083	0.09040	0.01312	0.00606	0.00194	0.00342	0.27565	0.00429	0.00413
13	0.01126	0.10043	0.32360	0.04690	0.01614	0.07398	0.04545	0.07235	0.01154	0.06994	0.07394	0.10927	0.01262	0.00626	0.00467	0.00147	0.00569	0.00519	0.00305	0.00623
14	0.01293	0.01097	0.05825	0.06071	0.33586	0.04705	0.01112	0.05003	0.05595	0.15306	0.02505	0.01721	0.04332	0.00593	0.00525	0.00152	0.03584	0.05966	0.00342	0.00685
15	0.01494	0.01457	0.03205	0.01222	0.03827	0.28529	0.10602	0.14545	0.01391	0.09336	0.01460	0.11173	0.05330	0.00793	0.03231	0.00176	0.00661	0.00565	0.00367	0.00634
16	0.01070	0.01198	0.14114	0.36241	0.21234	0.01066	0.08572	0.01434	0.02707	0.06460	0.00950	0.01229	0.00712	0.00459	0.00475	0.00151	0.00618	0.00427	0.00246	0.00637
17	0.01338	0.03597	0.06935	0.01046	0.05213	0.10388	0.06032	0.09014	0.07078	0.18937	0.04057	0.04673	0.10681	0.08104	0.00657	0.00174	0.00498	0.00563	0.00394	0.00621
18	0.01333	0.01605	0.23979	0.02946	0.10917	0.13163	0.11412	0.05990	0.03635	0.13695	0.01231	0.01324	0.04440	0.00517	0.00488	0.00146	0.01756	0.00439	0.00309	0.00676

[dist]
# distance from previous block
# <min> <max>
0	1

[block]
# block no. 5 follows, 54 sequences, length 103
# corresponding to MSA columns:
# 171-273
name=unknown_F
#
# <colnr> <probs for GDERKNQSTAVLIFYWHMCP>
#	G	D	E	R	K	N	Q	S	T	A	V	L	I	F	Y	W	H	M	C	P
0	0.01237	0.01096	0.12174	0.07951	0.21598	0.00892	0.08700	0.01529	0.01958	0.20519	0.01603	0.04940	0.07938	0.00671	0.02099	0.00165	0.00537	0.03384	0.00348	0.00662
1	0.04623	0.07671	0.32830	0.07062	0.06299	0.01061	0.09005	0.02492	0.01968	0.19265	0.01092	0.01186	0.00768	0.00475	0.00449	0.00145	0.00586	0.00400	0.01935	0.00688
2	0.01109	0.02371	0.15589	0.10852	0.40230	0.01135	0.14815	0.04460	0.01094	0.01538	0.00913	0.02099	0.00731	0.00444	0.00479	0.00147	0.00626	0.00440	0.00237	0.00691
3	0.01045	0.02564	0.04528	0.10926	0.18078	0.05427	0.08840	0.01294	0.02572	0.08933	0.03158	0.14000	0.14315	0.00751	0.00509	0.00155	0.00492	0.01497	0.00338	0.00579
4	0.01466	0.07226	0.30615	0.01208	0.03249	0.01002	0.10882	0.01831	0.02678	0.33245	0.01274	0.01276	0.00860	0.00496	0.00463	0.00146	0.00568	0.00423	0.00364	0.00727
5	0.01354	0.01025	0.06585	0.07940	0.29984	0.00928	0.04500	0.01681	0.05473	0.24569	0.05142	0.01618	0.01152	0.00612	0.02222	0.00162	0.00522	0.03458	0.00367	0.00704
6	0.00737	0.00607	0.00612	0.00582	0.00753	0.03749	0.00441	0.00979	0.07717	0.04530	0.17491	0.03864	0.54111	0.01055	0.00542	0.00155	0.00278	0.00883	0.00453	0.00457
7	0.01128	0.01398	0.16713	0.13814	0.16059	0.14128	0.06372	0.02401	0.03352	0.04600	0.03216	0.12402	0.01133	0.00616	0.00485	0.00151	0.00600	0.00539	0.00285	0.00608
8	0.01544	0.03544	0.14698	0.05023	0.12596	0.07651	0.03284	0.05670	0.08762	0.30447	0.01326	0.01323	0.00922	0.00519	0.00463	0.00144	0.00538	0.00429	0.00389	0.00728
9	0.00890	0.00838	0.01414	0.82296	0.03247	0.01048	0.01309	0.01205	0.00943	0.01205	0.00838	0.01257	0.00629	0.00471	0.00471	0.00157	0.00629	0.00419	0.00210	0.00524
10	0.00985	0.10756	0.69865	0.01314	0.01972	0.01178	0.04643	0.01486	0.00996	0.01454	0.00831	0.00982	0.00603	0.00441	0.00437	0.00145	0.00681	0.00347	0.00201	0.00685
11	0.01220	0.16126	0.39043	0.01164	0.01680	0.02327	0.07300	0.03264	0.01103	0.14526	0.03758	0.01340	0.00924	0.00514	0.00448	0.00143	0.00594	0.03558	0.00293	0.00674
12	0.02449	0.28448	0.28796	0.01174	0.06698	0.01293	0.04176	0.04635	0.03643	0.07320	0.00998	0.04374	0.00822	0.02687	0.00465	0.00143	0.00561	0.00396	0.00266	0.00655
13	0.00577	0.00478	0.00506	0.00499	0.00649	0.00407	0.00374	0.00716	0.01122	0.01387	0.18620	0.04351	0.66383	0.01152	0.00557	0.00157	0.00236	0.00969	0.00453	0.00407
14	0.01777	0.00864	0.01145	0.00909	0.01220	0.04441	0.05005	0.03184	0.01263	0.56868	0.01857	0.05984	0.05180	0.00772	0.03687	0.00175	0.03913	0.00541	0.00503	0.00712
15	0.01307	0.01104	0.01529	0.16161	0.34657	0.09691	0.02877	0.01624	0.06267	0.14219	0.02707	0.03745	0.00967	0.00519	0.00473	0.00145	0.00556	0.00462	0.00315	0.00675
16	0.01302	0.01377	0.01782	0.02511	0.62472	0.19452	0.01325	0.01546	0.01133	0.01452	0.00851	0.01095	0.00715	0.00435	0.00457	0.00136	0.00626	0.00394	0.00236	0.00701
17	0.00645	0.00466	0.00622	0.00720	0.00788	0.00445	0.00551	0.00781	0.00986	0.01291	0.03598	0.46463	0.08614	0.02336	0.00637	0.00201	0.00333	0.29685	0.00436	0.00403
18	0.08882	0.05609	0.47829	0.01401	0.12895	0.01088	0.01388	0.03740	0.03278	0.01575	0.01002	0.07421	0.00838	0.00530	0.00443	0.00149	0.00590	0.00431	0.00247	0.00663
19	0.01167	0.01120	0.01914	0.02894	0.80488	0.01120	0.01447	0.01447	0.01074	0.01540	0.00887	0.01167	0.00747	0.00420	0.00467	0.00140	0.00560	0.00420	0.00233	0.00747
20	0.00574	0.00410	0.00547	0.00657	0.00684	0.00383	0.00438	0.00657	0.00903	0.01204	0.02599	0.83122	0.03119	0.01477	0.00602	0.00191	0.00274	0.01340	0.00438	0.00383
21	0.01128	0.41837	0.31744	0.01205	0.07234	0.01478	0.04072	0.01482	0.03421	0.01325	0.00793	0.00925	0.00642	0.00428	0.00383	0.00126	0.00587	0.00320	0.00213	0.00655
22	0.01116	0.01267	0.04357	0.02098	0.14850	0.01185	0.62680	0.01490	0.01094	0.01505	0.00932	0.01243	0.00715	0.00414	0.00566	0.00157	0.02919	0.00526	0.00236	0.00652
23	0.00819	0.00410	0.00614	0.00614	0.00614	0.00410	0.00410	0.00614	0.00614	0.00819	0.00819	0.01433	0.00819	0.01638	0.01843	0.86282	0.00410	0.00410	0.00205	0.00205
24	0.01147	0.01043	0.01553	0.02110	0.49825	0.01081	0.01149	0.06151	0.18987	0.01717	0.04191	0.01603	0.06246	0.00548	0.00479	0.00146	0.00482	0.00499	0.00327	0.00716
25	0.01514	0.00942	0.01459	0.03140	0.12379	0.00911	0.13778	0.07306	0.08580	0.33286	0.05591	0.06367	0.01306	0.00604	0.00499	0.00151	0.00483	0.00552	0.00440	0.00712
26	0.01193	0.66196	0.19393	0.00923	0.01389	0.01700	0.01008	0.01429	0.00966	0.01192	0.00697	0.00808	0.00603	0.00413	0.00334	0.00111	0.00546	0.00273	0.00201	0.00625
27	0.00614	0.00441	0.00585	0.00682	0.00731	0.00417	0.00489	0.00724	0.00950	0.01257	0.04943	0.61132	0.06046	0.03776	0.00660	0.00201	0.00305	0.15220	0.00435	0.00392
28	0.01360	0.01621	0.04167	0.12811	0.06376	0.36734	0.10315	0.01659	0.07348	0.01299	0.00864	0.01076	0.00698	0.00524	0.00598	0.00147	0.11179	0.00390	0.00250	0.00582
29	0.01862	0.06119	0.01251	0.00966	0.01288	0.25145	0.00774	0.03599	0.08914	0.43074	0.01441	0.01334	0.00985	0.00549	0.00450	0.00137	0.00542	0.00415	0.00447	0.00708
30	0.01043	0.00994	0.01690	0.38539	0.45814	0.01088	0.01385	0.01338	0.01015	0.01390	0.00865	0.01207	0.00694	0.00443	0.00469	0.00148	0.00591	0.00420	0.00223	0.00647
31	0.00653	0.00535	0.00647	0.03941	0.03904	0.00496	0.00498	0.00855	0.03711	0.01463	0.23349	0.09105	0.43386	0.01082	0.00555	0.00160	0.00279	0.04498	0.00443	0.00441
32	0.01700	0.06747	0.13097	0.00993	0.03425	0.00840	0.03738	0.01917	0.01195	0.51158	0.01503	0.01490	0.01020	0.00631	0.00565	0.06448	0.00472	0.01899	0.00448	0.00715
33	0.01167	0.01120	0.01914	0.02894	0.80488	0.01120	0.01447	0.01447	0.01074	0.01540	0.00887	0.01167	0.00747	0.00420	0.00467	0.00140	0.00560	0.00420	0.00233	0.00747
34	0.01165	0.01043	0.01762	0.19221	0.59849	0.01080	0.01374	0.01447	0.01063	0.06110	0.00934	0.01211	0.00747	0.00440	0.00468	0.00144	0.00565	0.00423	0.00249	0.00704
35	0.00953	0.02341	0.75605	0.03773	0.05104	0.01095	0.01718	0.01483	0.00997	0.01487	0.00847	0.01010	0.00604	0.00448	0.00449	0.00149	0.00690	0.00353	0.00201	0.00694
36	0.01847	0.00982	0.09150	0.02732	0.01394	0.00761	0.05913	0.02078	0.01273	0.62888	0.01706	0.04686	0.01145	0.00590	0.00482	0.00149	0.00456	0.00500	0.00509	0.00759
37	0.01112	0.43527	0.33744	0.01013	0.01508	0.01429	0.01154	0.01418	0.00980	0.03378	0.00891	0.06267	0.00781	0.00496	0.00385	0.00127	0.00564	0.00368	0.00226	0.00632
38	0.01979	0.00781	0.01057	0.00820	0.01162	0.00682	0.00673	0.03280	0.01361	0.72487	0.09000	0.01773	0.01461	0.00618	0.00482	0.00146	0.00387	0.00508	0.00576	0.00770
39	0.01113	0.00746	0.01143	0.30679	0.10079	0.00795	0.00927	0.01360	0.03377	0.19023	0.01594	0.24139	0.01479	0.00776	0.00508	0.00162	0.00464	0.00691	0.00367	0.00577
40	0.01873	0.00873	0.06267	0.00841	0.01200	0.00690	0.00731	0.02080	0.01316	0.66755	0.08095	0.01813	0.03994	0.00625	0.00482	0.00147	0.00401	0.00513	0.00549	0.00754
41	0.02053	0.00798	0.01077	0.00832	0.01189	0.00696	0.00685	0.02259	0.03068	0.76939	0.01940	0.01687	0.03300	0.00601	0.00477	0.00147	0.00396	0.00489	0.00577	0.00790
42	0.01031	0.00977	0.01593	0.02355	0.62673	0.00959	0.01204	0.01275	0.01074	0.01481	0.01755	0.01919	0.18494	0.00593	0.00487	0.00144	0.00488	0.00548	0.00279	0.00669
43	0.01057	0.06320	0.41910	0.01555	0.06390	0.01130	0.25697	0.01496	0.01060	0.04254	0.04012	0.01198	0.00813	0.00453	0.00480	0.00149	0.00681	0.00436	0.00239	0.00669
44	0.00959	0.00933	0.01548	0.63794	0.11833	0.02833	0.05717	0.01262	0.00967	0.01256	0.00839	0.01230	0.00646	0.00476	0.00517	0.00156	0.03840	0.00424	0.00214	0.00556
45	0.01127	0.01080	0.01842	0.14249	0.69442	0.01110	0.01427	0.01412	0.01055	0.01492	0.00880	0.01180	0.00730	0.00427	0.00467	0.00142	0.00570	0.00420	0.00230	0.00715
46	0.01085	0.32726	0.42339	0.01254	0.04831	0.01392	0.07445	0.01462	0.00994	0.01353	0.00785	0.00934	0.00615	0.00426	0.00403	0.00132	0.00627	0.00332	0.00205	0.00660
47	0.00890	0.00838	0.01414	0.82296	0.03247	0.01048	0.01309	0.01205	0.00943	0.01205	0.00838	0.01257	0.00629	0.00471	0.00471	0.00157	0.00629	0.00419	0.00210	0.00524
48	0.00577	0.00418	0.00547	0.00649	0.00687	0.00387	0.00440	0.00665	0.00918	0.01213	0.02739	0.76282	0.08162	0.01455	0.00600	0.00190	0.00275	0.02973	0.00438	0.00385
49	0.00631	0.00484	0.00580	0.00567	0.00696	0.00433	0.00432	0.00814	0.01219	0.01623	0.46201	0.04029	0.33432	0.01074	0.00563	0.00157	0.00243	0.05913	0.00482	0.00426
50	0.00946	0.02439	0.80987	0.01344	0.02041	0.01095	0.01742	0.01493	0.00995	0.01493	0.00846	0.00995	0.00597	0.00448	0.00448	0.00149	0.00697	0.00348	0.00199	0.00697
51	0.00946	0.02439	0.80987	0.01344	0.02041	0.01095	0.01742	0.01493	0.00995	0.01493	0.00846	0.00995	0.00597	0.00448	0.00448	0.00149	0.00697	0.00348	0.00199	0.00697
52	0.00667	0.00482	0.00630	0.00593	0.00704	0.00445	0.00445	0.00890	0.01335	0.01891	0.80239	0.03522	0.04449	0.00964	0.00556	0.00148	0.00222	0.00853	0.00519	0.00445
53	0.00890	0.00838	0.01414	0.82296	0.03247	0.01048	0.01309	0.01205	0.00943	0.01205	0.00838	0.01257	0.00629	0.00471	0.00471	0.00157	0.00629	0.00419	0.00210	0.00524
54	0.00909	0.00872	0.01505	0.74860	0.03142	0.01068	0.06373	0.01223	0.00948	0.01223	0.00840	0.01252	0.00634	0.00476	0.00506	0.00159	0.02842	0.00428	0.00211	0.00531
55	0.01032	0.01032	0.01444	0.01238	0.01238	0.01444	0.01032	0.01135	0.00722	0.01135	0.00619	0.01032	0.00619	0.00825	0.01547	0.00206	0.82567	0.00413	0.00206	0.00516
56	0.00686	0.00457	0.00514	0.00514	0.00514	0.00457	0.00286	0.00686	0.00686	0.00914	0.01486	0.03086	0.01714	0.83430	0.02400	0.00457	0.00457	0.00686	0.00286	0.00286
57	0.86760	0.00912	0.00693	0.00620	0.00912	0.01058	0.00511	0.01386	0.00802	0.02115	0.00657	0.00766	0.00511	0.00438	0.00292	0.00146	0.00365	0.00255	0.00292	0.00511
58	0.00684	0.00465	0.00553	0.00553	0.00567	0.00478	0.00334	0.00711	0.00697	0.00943	0.01450	0.02888	0.01628	0.70610	0.15102	0.00505	0.00586	0.00657	0.00280	0.00307
59	0.01212	0.01173	0.01780	0.05388	0.64385	0.05712	0.01338	0.04097	0.07341	0.01588	0.00966	0.01198	0.00791	0.00448	0.00466	0.00141	0.00563	0.00423	0.00260	0.00729
60	0.00624	0.00476	0.00573	0.00557	0.00680	0.00425	0.00415	0.00803	0.01220	0.01637	0.49635	0.08531	0.30565	0.01073	0.00559	0.00155	0.00231	0.00930	0.00486	0.00425
61	0.01244	0.77663	0.02396	0.00838	0.01212	0.01835	0.00823	0.01392	0.00941	0.01111	0.00653	0.00776	0.00606	0.00434	0.00394	0.00109	0.06509	0.00264	0.00202	0.00599
62	0.01066	0.00829	0.00961	0.00737	0.01091	0.00707	0.00578	0.01445	0.13957	0.07392	0.03320	0.01361	0.01025	0.05870	0.00520	0.00118	0.00361	0.00378	0.00342	0.57944
63	0.00921	0.00870	0.01470	0.73396	0.11905	0.01056	0.01325	0.01232	0.00957	0.01242	0.00844	0.01247	0.00642	0.00466	0.00471	0.00155	0.00621	0.00419	0.00212	0.00549
64	0.01248	0.80535	0.05541	0.00828	0.01243	0.01836	0.00843	0.01415	0.00960	0.01124	0.00663	0.00766	0.00605	0.00405	0.00308	0.00103	0.00512	0.00256	0.00202	0.00609
65	0.00967	0.07353	0.70900	0.01268	0.01929	0.01112	0.01607	0.01468	0.00992	0.01472	0.00834	0.00980	0.00604	0.00439	0.00433	0.00141	0.00662	0.00338	0.00205	0.06296
66	0.00903	0.00856	0.01462	0.78270	0.05077	0.01053	0.03362	0.01219	0.00950	0.01221	0.00842	0.01255	0.00634	0.00468	0.00474	0.00157	0.00631	0.00423	0.00211	0.00532
67	0.00686	0.00457	0.00514	0.00514	0.00514	0.00457	0.00286	0.00686	0.00686	0.00914	0.01486	0.03086	0.01714	0.83430	0.02400	0.00457	0.00457	0.00686	0.00286	0.00286
68	0.01148	0.01172	0.02212	0.02582	0.53667	0.01145	0.28029	0.01469	0.01087	0.01530	0.00910	0.01203	0.00736	0.00412	0.00498	0.00147	0.00641	0.00467	0.00235	0.00709
69	0.01068	0.03952	0.68555	0.01255	0.01895	0.01050	0.01572	0.01556	0.01035	0.10002	0.01057	0.01151	0.02801	0.00482	0.00451	0.00148	0.00649	0.00377	0.00247	0.00698
70	0.00684	0.00495	0.00665	0.00742	0.00835	0.00476	0.00599	0.00861	0.01079	0.01426	0.15181	0.24346	0.08850	0.01284	0.00617	0.00195	0.00346	0.40449	0.00449	0.00420
71	0.00603	0.00446	0.00575	0.00648	0.00713	0.00402	0.00441	0.00697	0.00920	0.01233	0.02611	0.71882	0.07992	0.01375	0.00580	0.00180	0.00277	0.01239	0.00426	0.06760
72	0.01261	0.01915	0.53691	0.01257	0.01847	0.01000	0.07177	0.01714	0.02081	0.21845	0.01128	0.01182	0.00763	0.00481	0.00463	0.00149	0.00624	0.00398	0.00304	0.00720
73	0.01053	0.01359	0.13473	0.01864	0.07981	0.01113	0.56470	0.01439	0.01078	0.01487	0.01058	0.07378	0.00882	0.00487	0.00538	0.00159	0.00725	0.00576	0.00248	0.00634
74	0.07507	0.01094	0.01804	0.05831	0.71563	0.01113	0.01372	0.01433	0.01048	0.01570	0.00868	0.01141	0.00725	0.00423	0.00454	0.00141	0.00548	0.00408	0.00237	0.00721
75	0.00946	0.02439	0.80987	0.01344	0.02041	0.01095	0.01742	0.01493	0.00995	0.01493	0.00846	0.00995	0.00597	0.00448	0.00448	0.00149	0.00697	0.00348	0.00199	0.00697
76	0.07431	0.01016	0.01665	0.27829	0.50163	0.01093	0.01334	0.01366	0.01012	0.01477	0.00854	0.01166	0.00692	0.00438	0.00455	0.00146	0.00567	0.00408	0.00230	0.00659
77	0.07336	0.02294	0.73477	0.01280	0.01941	0.01084	0.01630	0.01501	0.00988	0.03080	0.00852	0.00990	0.00602	0.00450	0.00437	0.00149	0.00666	0.00344	0.00213	0.00685
78	0.01150	0.44020	0.20845	0.01229	0.01719	0.01517	0.20654	0.01456	0.01006	0.01300	0.00775	0.00942	0.00631	0.00412	0.00400	0.00127	0.00622	0.00351	0.00210	0.00634
79	0.01163	0.01021	0.01719	0.23982	0.53943	0.01069	0.01354	0.01445	0.01059	0.07333	0.00946	0.01224	0.00746	0.00446	0.00469	0.00145	0.00567	0.00424	0.00253	0.00691
80	0.07483	0.01069	0.01760	0.12780	0.64802	0.01106	0.01360	0.01412	0.01037	0.01541	0.00864	0.01149	0.00714	0.00428	0.00454	0.00143	0.00554	0.00408	0.00235	0.00701
81	0.07519	0.00999	0.01564	0.03963	0.54773	0.01006	0.01179	0.01464	0.04134	0.07381	0.03178	0.01581	0.06133	0.00530	0.00468	0.00146	0.00496	0.02498	0.00298	0.00690
82	0.00929	0.01034	0.07663	0.01473	0.06853	0.00898	0.35702	0.01241	0.01112	0.01535	0.16174	0.09919	0.01854	0.00719	0.00578	0.00165	0.02328	0.08932	0.00327	0.00563
83	0.07511	0.01098	0.01811	0.04627	0.72733	0.01114	0.01374	0.01437	0.01050	0.01575	0.00869	0.01139	0.00726	0.00423	0.00454	0.00141	0.00547	0.00408	0.00237	0.00724
84	0.07324	0.02249	0.69909	0.01332	0.01985	0.01099	0.06694	0.01486	0.00989	0.01541	0.00839	0.00997	0.00599	0.00444	0.00443	0.00150	0.00679	0.00355	0.00209	0.00679
85	0.04192	0.04448	0.06509	0.00960	0.01354	0.00845	0.06563	0.05106	0.01311	0.61247	0.01615	0.01464	0.01041	0.00549	0.00466	0.00145	0.00458	0.00455	0.00505	0.00767
86	0.01140	0.07214	0.01893	0.12584	0.65029	0.01167	0.01382	0.01414	0.01049	0.01467	0.00864	0.01148	0.00722	0.00425	0.00455	0.00139	0.00564	0.00408	0.00228	0.00709
87	0.00978	0.07049	0.01602	0.58864	0.20008	0.01124	0.01302	0.01273	0.00973	0.01271	0.00835	0.01200	0.00653	0.00455	0.00458	0.00149	0.00604	0.00407	0.00214	0.00579
88	0.07506	0.01139	0.02021	0.02519	0.56852	0.01132	0.18951	0.01457	0.01062	0.01576	0.00885	0.01161	0.00722	0.00416	0.00474	0.00145	0.00599	0.00439	0.00239	0.00704
89	0.01595	0.01270	0.22155	0.01145	0.06641	0.00860	0.04152	0.04900	0.01262	0.43222	0.06786	0.01515	0.01180	0.00555	0.00476	0.00147	0.00497	0.00465	0.00437	0.00740
90	0.01215	0.01088	0.01870	0.07292	0.63205	0.01096	0.06436	0.01493	0.01081	0.07392	0.00955	0.01209	0.00766	0.00443	0.00498	0.00144	0.02401	0.00433	0.00258	0.00725
91	0.00957	0.03689	0.76585	0.01361	0.02045	0.01111	0.04829	0.01493	0.01000	0.01488	0.00847	0.01003	0.00602	0.00445	0.00450	0.00149	0.00698	0.00355	0.00201	0.00693
92	0.01113	0.09551	0.44079	0.01308	0.01857	0.01181	0.13818	0.07689	0.06279	0.04234	0.03774	0.01188	0.00843	0.00480	0.00460	0.00146	0.00633	0.00413	0.00270	0.00685
93	0.01111	0.01176	0.07687	0.02621	0.69440	0.01071	0.01398	0.01400	0.01068	0.01519	0.01139	0.01375	0.05944	0.00473	0.00471	0.00142	0.00549	0.00452	0.00244	0.00720
94	0.00737	0.06679	0.00810	0.00773	0.00883	0.00598	0.00631	0.00933	0.03282	0.01345	0.04779	0.30526	0.05740	0.01260	0.00598	0.00194	0.00371	0.39001	0.00422	0.00438
95	0.07107	0.00551	0.00712	0.00795	0.00912	0.00553	0.00673	0.00954	0.01055	0.01453	0.05544	0.12617	0.07198	0.01236	0.00610	0.00203	0.00393	0.56571	0.00427	0.00433
96	0.01547	0.05609	0.27026	0.01122	0.01603	0.01039	0.06859	0.12417	0.03894	0.32177	0.01309	0.01282	0.00881	0.00517	0.00463	0.00146	0.00546	0.00424	0.00396	0.00744
97	0.01109	0.01055	0.01765	0.15331	0.62342	0.01072	0.01359	0.01389	0.01046	0.01487	0.00876	0.01167	0.00724	0.00423	0.00459	0.00138	0.00555	0.00409	0.00233	0.07060
98	0.06974	0.00465	0.00554	0.00631	0.00704	0.00442	0.00442	0.00727	0.00932	0.01292	0.02827	0.60290	0.16254	0.01344	0.00573	0.00184	0.00281	0.04259	0.00427	0.00397
99	0.01003	0.00888	0.07174	0.01075	0.04085	0.00741	0.17715	0.04274	0.01238	0.11067	0.30115	0.07194	0.09838	0.00774	0.00535	0.00153	0.00432	0.00716	0.00417	0.00564
100	0.19205	0.01396	0.24307	0.01508	0.21624	0.01023	0.04276	0.03622	0.01059	0.12830	0.01040	0.04303	0.00806	0.00499	0.00435	0.00148	0.00533	0.00414	0.00300	0.00673
101	0.01291	0.01264	0.01737	0.10791	0.32231	0.11353	0.11519	0.13645	0.06686	0.01699	0.01057	0.01253	0.02341	0.00484	0.00477	0.00144	0.00610	0.00443	0.00291	0.00684
102	0.12749	0.04349	0.01220	0.00980	0.01287	0.06830	0.03891	0.14953	0.38627	0.08020	0.01444	0.01389	0.01069	0.00567	0.00445	0.00149	0.00454	0.00448	0.00424	0.00705

[dist]
# distance from previous block
# <min> <max>
0	25

# created by:
# /st0/software/busco_prod/Augustus/scripts/msa2prfl.pl ./align_prep/74524.fa
