[name]
unknown

[dist]
# distance from previous block
# <min> <max>
78	261

[block]
# block no. 0 follows, 43 sequences, length 9
# corresponding to MSA columns:
# 355-363
name=unknown_A
#
# <colnr> <probs for GDERKNQSTAVLIFYWHMCP>
#	G	D	E	R	K	N	Q	S	T	A	V	L	I	F	Y	W	H	M	C	P
0	0.01354	0.31318	0.08511	0.01629	0.02134	0.04990	0.34296	0.01691	0.01226	0.01557	0.01079	0.05740	0.00938	0.00551	0.00529	0.00161	0.00765	0.00541	0.00274	0.00717
1	0.01354	0.14839	0.02084	0.10484	0.36894	0.06282	0.01390	0.01662	0.03540	0.01610	0.01097	0.01576	0.00973	0.00621	0.00659	0.00172	0.08878	0.04846	0.00285	0.00756
2	0.13987	0.00789	0.00848	0.00737	0.00998	0.00748	0.00574	0.06733	0.01387	0.02090	0.26969	0.05611	0.20124	0.00957	0.00557	0.00162	0.00346	0.00794	0.00489	0.15102
3	0.00790	0.00539	0.00600	0.00600	0.00619	0.00530	0.00344	0.00804	0.00853	0.01118	0.02148	0.03802	0.09811	0.72291	0.02593	0.00500	0.00510	0.00843	0.00354	0.00349
4	0.01067	0.00964	0.01534	0.58599	0.07646	0.01145	0.01350	0.04838	0.01206	0.01566	0.05018	0.01933	0.05803	0.04303	0.00668	0.00198	0.00666	0.00574	0.00301	0.00620
5	0.01141	0.04716	0.05974	0.00880	0.01320	0.00848	0.00753	0.05191	0.01267	0.01890	0.09775	0.06251	0.01489	0.00596	0.00468	0.00113	0.00432	0.00493	0.00373	0.56029
6	0.01526	0.14947	0.05669	0.01251	0.01497	0.24512	0.01051	0.07843	0.01280	0.01520	0.01023	0.04681	0.00972	0.07504	0.01043	0.00206	0.22044	0.00486	0.00300	0.00644
7	0.05222	0.22111	0.06283	0.01017	0.01349	0.01143	0.08517	0.01411	0.01224	0.08035	0.08676	0.17554	0.11876	0.00946	0.00556	0.00174	0.00499	0.02362	0.00414	0.00631
8	0.01707	0.14226	0.12844	0.01154	0.01601	0.12776	0.01066	0.09112	0.05756	0.17818	0.04523	0.01444	0.01133	0.00613	0.00542	0.00153	0.03208	0.00455	0.00413	0.09456

[dist]
# distance from previous block
# <min> <max>
2	5

[block]
# block no. 1 follows, 43 sequences, length 6
# corresponding to MSA columns:
# 369-374
name=unknown_B
#
# <colnr> <probs for GDERKNQSTAVLIFYWHMCP>
#	G	D	E	R	K	N	Q	S	T	A	V	L	I	F	Y	W	H	M	C	P
0	0.01293	0.25932	0.29101	0.07391	0.01966	0.01599	0.01422	0.07274	0.01229	0.01667	0.01041	0.01446	0.00885	0.00640	0.00651	0.00171	0.10286	0.04992	0.00279	0.00734
1	0.10828	0.29993	0.12014	0.08331	0.01792	0.01656	0.01110	0.18355	0.01447	0.02042	0.00963	0.01102	0.00761	0.00531	0.00444	0.00146	0.00607	0.00378	0.00328	0.07171
2	0.22194	0.08211	0.34334	0.01154	0.01739	0.01246	0.01282	0.01740	0.04011	0.04852	0.01013	0.01138	0.00759	0.00515	0.00451	0.00155	0.00610	0.00374	0.00307	0.13917
3	0.32922	0.01210	0.01346	0.04230	0.01552	0.03682	0.07688	0.15631	0.07004	0.13348	0.01487	0.01523	0.04870	0.00630	0.00488	0.00173	0.00539	0.00486	0.00446	0.00743
4	0.24236	0.08682	0.07486	0.10688	0.01854	0.04872	0.12686	0.01627	0.05846	0.01841	0.01471	0.05665	0.07005	0.00675	0.00545	0.00177	0.03105	0.00552	0.00334	0.00653
5	0.14219	0.00828	0.00915	0.08102	0.01270	0.04573	0.00692	0.03725	0.01151	0.04306	0.02108	0.43583	0.02321	0.01177	0.00586	0.00191	0.00434	0.01023	0.00441	0.08356

[dist]
# distance from previous block
# <min> <max>
21	72

[block]
# block no. 2 follows, 43 sequences, length 12
# corresponding to MSA columns:
# 447-458
name=unknown_C
#
# <colnr> <probs for GDERKNQSTAVLIFYWHMCP>
#	G	D	E	R	K	N	Q	S	T	A	V	L	I	F	Y	W	H	M	C	P
0	0.01329	0.44914	0.18545	0.14916	0.02033	0.01727	0.01268	0.01639	0.01144	0.03797	0.00975	0.03706	0.00832	0.00547	0.00445	0.00147	0.00654	0.00405	0.00261	0.00715
1	0.01044	0.00672	0.00917	0.00930	0.01098	0.00637	0.02800	0.03213	0.01291	0.11053	0.03143	0.25090	0.13021	0.01409	0.00700	0.00223	0.00438	0.31233	0.00528	0.00560
2	0.01315	0.00792	0.01025	0.01006	0.04363	0.00765	0.00767	0.09197	0.01482	0.17790	0.14083	0.08801	0.10094	0.05709	0.00776	0.00219	0.00447	0.20177	0.00547	0.00646
3	0.01545	0.01268	0.01943	0.05486	0.13934	0.01267	0.16618	0.15637	0.03818	0.10044	0.01236	0.01416	0.00931	0.00566	0.00628	0.00161	0.05716	0.00506	0.00387	0.16891
4	0.01479	0.01617	0.02270	0.02496	0.34670	0.18825	0.21126	0.01797	0.01345	0.01686	0.01155	0.01666	0.00994	0.00578	0.00581	0.00172	0.00799	0.05687	0.00295	0.00763
5	0.00801	0.00600	0.00728	0.00786	0.00901	0.00570	0.00580	0.06125	0.01251	0.01616	0.03574	0.45208	0.22301	0.01545	0.00690	0.00215	0.00357	0.11138	0.00516	0.00498
6	0.01335	0.01437	0.05744	0.02582	0.33645	0.01357	0.31222	0.01901	0.11463	0.01862	0.01237	0.01507	0.00966	0.00519	0.00592	0.00177	0.00746	0.00573	0.00314	0.00822
7	0.01324	0.18002	0.06479	0.29270	0.17859	0.01496	0.04960	0.09060	0.01312	0.01726	0.01041	0.01418	0.00845	0.00554	0.00519	0.00166	0.00687	0.02256	0.00289	0.00737
8	0.01529	0.29471	0.27404	0.01330	0.01874	0.19952	0.03456	0.06064	0.01336	0.01605	0.00907	0.01051	0.00725	0.00525	0.00466	0.00148	0.00775	0.00370	0.00267	0.00745
9	0.01032	0.00516	0.00516	0.00516	0.00645	0.00516	0.00387	0.01290	0.01161	0.02065	0.01807	0.02065	0.01420	0.00645	0.00387	0.00129	0.00258	0.00516	0.83611	0.00516
10	0.01111	0.02865	0.77667	0.01579	0.02397	0.01286	0.02046	0.01754	0.01169	0.01754	0.00994	0.01169	0.00702	0.00526	0.00526	0.00175	0.00818	0.00409	0.00234	0.00818
11	0.09977	0.01278	0.02077	0.01905	0.16504	0.01291	0.25276	0.04376	0.16831	0.12613	0.01460	0.01578	0.01077	0.00572	0.00566	0.00178	0.00652	0.00563	0.00409	0.00817

[dist]
# distance from previous block
# <min> <max>
0	2

[block]
# block no. 3 follows, 43 sequences, length 38
# corresponding to MSA columns:
# 461-498
name=unknown_D
#
# <colnr> <probs for GDERKNQSTAVLIFYWHMCP>
#	G	D	E	R	K	N	Q	S	T	A	V	L	I	F	Y	W	H	M	C	P
0	0.05774	0.01273	0.01424	0.01183	0.01533	0.01412	0.03899	0.34549	0.27532	0.02717	0.01821	0.09363	0.01502	0.00806	0.00571	0.00183	0.00524	0.02569	0.00531	0.00835
1	0.62805	0.01334	0.01025	0.00891	0.01240	0.10959	0.00721	0.11826	0.01250	0.02482	0.00859	0.00971	0.00661	0.00542	0.00391	0.00167	0.00525	0.00334	0.00365	0.00652
2	0.01053	0.00917	0.01370	0.08389	0.01647	0.00961	0.12696	0.03544	0.18894	0.01809	0.04726	0.22309	0.04932	0.01098	0.00653	0.00207	0.00521	0.13167	0.00467	0.00639
3	0.01212	0.01212	0.01696	0.01454	0.01454	0.01696	0.01212	0.01333	0.00848	0.01333	0.00727	0.01212	0.00727	0.00969	0.01818	0.00242	0.79523	0.00485	0.00242	0.00606
4	0.00766	0.00565	0.00715	0.00678	0.00816	0.00515	0.00508	0.01010	0.01524	0.02118	0.66714	0.04306	0.15365	0.01171	0.00653	0.00176	0.00264	0.01025	0.00596	0.00515
5	0.00804	0.00597	0.00778	0.00875	0.01003	0.00570	0.00726	0.01009	0.01241	0.01584	0.03581	0.16855	0.20628	0.01530	0.00730	0.00235	0.00428	0.45823	0.00512	0.00491
6	0.01032	0.00516	0.00516	0.00516	0.00645	0.00516	0.00387	0.01290	0.01161	0.02065	0.01807	0.02065	0.01420	0.00645	0.00387	0.00129	0.00258	0.00516	0.83611	0.00516
7	0.01487	0.00952	0.01165	0.00858	0.01315	0.00748	0.00692	0.01725	0.01286	0.22018	0.05099	0.01495	0.01188	0.00520	0.00461	0.00110	0.00419	0.00423	0.00438	0.57602
8	0.01410	0.01428	0.01754	0.21195	0.28497	0.14294	0.01360	0.02009	0.18917	0.01755	0.01282	0.01498	0.01007	0.00582	0.00545	0.00171	0.00683	0.00501	0.00337	0.00773
9	0.01378	0.01190	0.01252	0.01127	0.01440	0.01378	0.00877	0.02943	0.76081	0.02317	0.02254	0.02066	0.01691	0.00751	0.00564	0.00188	0.00438	0.00626	0.00564	0.00877
10	0.05084	0.00740	0.00959	0.00897	0.00944	0.00893	0.00663	0.01026	0.00848	0.01270	0.01377	0.02481	0.01449	0.34698	0.25270	0.00556	0.19442	0.00640	0.00302	0.00461
11	0.01059	0.00961	0.01407	0.38738	0.02506	0.01102	0.04814	0.01673	0.18861	0.01733	0.09064	0.02397	0.11861	0.00767	0.00584	0.00185	0.00569	0.00673	0.00394	0.00654
12	0.01032	0.00516	0.00516	0.00516	0.00645	0.00516	0.00387	0.01290	0.01161	0.02065	0.01807	0.02065	0.01420	0.00645	0.00387	0.00129	0.00258	0.00516	0.83611	0.00516
13	0.00655	0.00561	0.00561	0.00561	0.00748	0.00468	0.00421	0.00795	0.01262	0.01496	0.05610	0.05330	0.76857	0.01403	0.00655	0.00187	0.00281	0.01169	0.00514	0.00468
14	0.01951	0.01842	0.01679	0.01595	0.12047	0.26664	0.01125	0.38889	0.02024	0.02485	0.01148	0.01300	0.00892	0.03143	0.00607	0.00170	0.00741	0.00461	0.00421	0.00816
15	0.01290	0.01331	0.05275	0.18088	0.52489	0.01306	0.08814	0.01653	0.01232	0.01726	0.01036	0.01395	0.00839	0.00504	0.00559	0.00171	0.00707	0.00505	0.00268	0.00811
16	0.01305	0.40285	0.15221	0.01277	0.08623	0.01590	0.01150	0.01582	0.01116	0.04448	0.01037	0.01286	0.00890	0.01250	0.16445	0.00293	0.00816	0.00406	0.00270	0.00710
17	0.00947	0.00486	0.00710	0.00710	0.00710	0.00486	0.00467	0.00729	0.00729	0.00973	0.01036	0.01866	0.01061	0.09325	0.02226	0.76039	0.00486	0.00512	0.00249	0.00249
18	0.00675	0.00482	0.00643	0.00771	0.00803	0.00450	0.00514	0.00771	0.01060	0.01414	0.03053	0.80175	0.03663	0.01735	0.00707	0.00225	0.00321	0.01574	0.00514	0.00450
19	0.01032	0.00516	0.00516	0.00516	0.00645	0.00516	0.00387	0.01290	0.01161	0.02065	0.01807	0.02065	0.01420	0.00645	0.00387	0.00129	0.00258	0.00516	0.83611	0.00516
20	0.01481	0.80869	0.02902	0.00948	0.01421	0.02191	0.00948	0.01658	0.01125	0.01303	0.00770	0.00888	0.00711	0.00474	0.00355	0.00118	0.00592	0.00296	0.00237	0.00711
21	0.84448	0.01071	0.00814	0.00728	0.01071	0.01242	0.00600	0.01628	0.00943	0.02485	0.00771	0.00900	0.00600	0.00514	0.00343	0.00171	0.00428	0.00300	0.00343	0.00600
22	0.01481	0.80869	0.02902	0.00948	0.01421	0.02191	0.00948	0.01658	0.01125	0.01303	0.00770	0.00888	0.00711	0.00474	0.00355	0.00118	0.00592	0.00296	0.00237	0.00711
23	0.01536	0.73504	0.02777	0.00993	0.01449	0.09358	0.00959	0.01710	0.01167	0.01308	0.00778	0.00899	0.00711	0.00483	0.00369	0.00121	0.00631	0.00302	0.00241	0.00704
24	0.01481	0.80869	0.02902	0.00948	0.01421	0.02191	0.00948	0.01658	0.01125	0.01303	0.00770	0.00888	0.00711	0.00474	0.00355	0.00118	0.00592	0.00296	0.00237	0.00711
25	0.01032	0.00516	0.00516	0.00516	0.00645	0.00516	0.00387	0.01290	0.01161	0.02065	0.01807	0.02065	0.01420	0.00645	0.00387	0.00129	0.00258	0.00516	0.83611	0.00516
26	0.65230	0.01231	0.00902	0.00828	0.01134	0.11769	0.00656	0.01628	0.01040	0.02229	0.00998	0.08377	0.00904	0.00637	0.00399	0.00172	0.00497	0.00428	0.00351	0.00591
27	0.01481	0.80869	0.02902	0.00948	0.01421	0.02191	0.00948	0.01658	0.01125	0.01303	0.00770	0.00888	0.00711	0.00474	0.00355	0.00118	0.00592	0.00296	0.00237	0.00711
28	0.00803	0.00588	0.00840	0.00852	0.00936	0.00660	0.00648	0.00971	0.00911	0.01283	0.01666	0.02816	0.01666	0.17446	0.57651	0.00768	0.01224	0.07481	0.00324	0.00468
29	0.01834	0.01416	0.01509	0.01219	0.01614	0.01591	0.00987	0.48245	0.30036	0.03052	0.01675	0.01605	0.01221	0.00697	0.00558	0.00174	0.00546	0.00546	0.00558	0.00917
30	0.01481	0.80869	0.02902	0.00948	0.01421	0.02191	0.00948	0.01658	0.01125	0.01303	0.00770	0.00888	0.00711	0.00474	0.00355	0.00118	0.00592	0.00296	0.00237	0.00711
31	0.01111	0.02865	0.77667	0.01579	0.02397	0.01286	0.02046	0.01754	0.01169	0.01754	0.00994	0.01169	0.00702	0.00526	0.00526	0.00175	0.00818	0.00409	0.00234	0.00818
32	0.01516	0.01159	0.01256	0.01109	0.01437	0.01307	0.00869	0.02912	0.66752	0.11728	0.02245	0.02044	0.01651	0.00743	0.00563	0.00186	0.00442	0.00617	0.00579	0.00885
33	0.01176	0.01159	0.01682	0.01570	0.07566	0.01541	0.03082	0.01321	0.00913	0.01390	0.00982	0.08666	0.01019	0.00990	0.01580	0.00233	0.63650	0.00592	0.00271	0.00617
34	0.01032	0.00516	0.00516	0.00516	0.00645	0.00516	0.00387	0.01290	0.01161	0.02065	0.01807	0.02065	0.01420	0.00645	0.00387	0.00129	0.00258	0.00516	0.83611	0.00516
35	0.78909	0.03237	0.00927	0.00840	0.04098	0.01271	0.00653	0.01632	0.00960	0.02426	0.00782	0.00918	0.00614	0.00512	0.00351	0.00170	0.00442	0.00307	0.00337	0.00614
36	0.12318	0.04629	0.14642	0.01122	0.01597	0.02867	0.01057	0.17378	0.04630	0.29849	0.03513	0.01530	0.01143	0.00636	0.00518	0.00169	0.00564	0.00487	0.00503	0.00848
37	0.01339	0.01156	0.01650	0.46288	0.13216	0.06754	0.01368	0.04549	0.01262	0.08723	0.01126	0.01466	0.00848	0.00670	0.03009	0.00194	0.00723	0.00484	0.00312	0.04863

[dist]
# distance from previous block
# <min> <max>
3	7

[block]
# block no. 4 follows, 43 sequences, length 38
# corresponding to MSA columns:
# 506-543
name=unknown_E
#
# <colnr> <probs for GDERKNQSTAVLIFYWHMCP>
#	G	D	E	R	K	N	Q	S	T	A	V	L	I	F	Y	W	H	M	C	P
0	0.01475	0.05674	0.02913	0.01128	0.01481	0.01424	0.00914	0.15703	0.51547	0.02408	0.01955	0.04498	0.01514	0.00736	0.00548	0.00177	0.00480	0.00601	0.00526	0.04300
1	0.01311	0.29284	0.42814	0.01279	0.01937	0.01533	0.01510	0.01745	0.01174	0.05544	0.00979	0.01109	0.00748	0.00508	0.00461	0.00149	0.00695	0.00373	0.00265	0.06580
2	0.14497	0.54293	0.15985	0.01026	0.01541	0.01879	0.01090	0.01671	0.01104	0.01570	0.00810	0.00941	0.00692	0.00490	0.00384	0.00137	0.00607	0.00317	0.00253	0.00713
3	0.01316	0.01448	0.05766	0.02483	0.23212	0.01335	0.44928	0.04034	0.01328	0.01830	0.01213	0.01738	0.00994	0.00549	0.00623	0.00184	0.00816	0.05126	0.00300	0.00777
4	0.00805	0.00537	0.00604	0.00604	0.00604	0.00537	0.00336	0.00805	0.00805	0.01074	0.01745	0.03624	0.02013	0.80536	0.02819	0.00537	0.00537	0.00805	0.00336	0.00336
5	0.01129	0.02489	0.60707	0.01700	0.05357	0.01255	0.10383	0.01712	0.01196	0.01752	0.01146	0.01569	0.00898	0.00588	0.00558	0.00182	0.00804	0.05525	0.00260	0.00791
6	0.01032	0.00516	0.00516	0.00516	0.00645	0.00516	0.00387	0.01290	0.01161	0.02065	0.01807	0.02065	0.01420	0.00645	0.00387	0.00129	0.00258	0.00516	0.83611	0.00516
7	0.04206	0.01382	0.06010	0.01611	0.02002	0.09744	0.33930	0.03086	0.01307	0.08513	0.01647	0.20786	0.01555	0.00819	0.00621	0.00188	0.00719	0.00810	0.00380	0.00682
8	0.02069	0.02640	0.01569	0.01427	0.01712	0.78313	0.01070	0.02212	0.01569	0.01355	0.00856	0.00999	0.00713	0.00571	0.00499	0.00143	0.00999	0.00357	0.00285	0.00642
9	0.78640	0.01196	0.06170	0.00788	0.01163	0.01245	0.00701	0.01637	0.00958	0.02434	0.00787	0.00918	0.00607	0.00515	0.00356	0.00172	0.00456	0.00308	0.00335	0.00615
10	0.00793	0.00545	0.00673	0.00729	0.00762	0.00537	0.00492	0.00868	0.00961	0.01273	0.02293	0.21909	0.02638	0.45963	0.01905	0.00406	0.00481	0.15959	0.00413	0.00398
11	0.01032	0.00516	0.00516	0.00516	0.00645	0.00516	0.00387	0.01290	0.01161	0.02065	0.01807	0.02065	0.01420	0.00645	0.00387	0.00129	0.00258	0.00516	0.83611	0.00516
12	0.00688	0.00562	0.00608	0.00596	0.00769	0.00482	0.00447	0.00860	0.01342	0.01685	0.24199	0.05018	0.58150	0.01332	0.00654	0.00184	0.00275	0.01125	0.00539	0.00482
13	0.01175	0.01038	0.01348	0.01109	0.07564	0.00820	0.04615	0.01439	0.01166	0.01803	0.00996	0.01185	0.00826	0.00420	0.00434	0.00094	0.00458	0.00359	0.00321	0.72831
14	0.01206	0.01152	0.01970	0.33677	0.19322	0.01265	0.13370	0.03916	0.04224	0.01685	0.01206	0.01788	0.01002	0.00620	0.00635	0.00185	0.04103	0.05598	0.00301	0.02778
15	0.01295	0.18136	0.22046	0.01488	0.02041	0.01482	0.19757	0.01964	0.16979	0.01788	0.01244	0.01380	0.00955	0.00540	0.00522	0.00162	0.00691	0.00487	0.00322	0.06719
16	0.00962	0.00481	0.00722	0.00722	0.00722	0.00481	0.00481	0.00722	0.00722	0.00962	0.00962	0.01684	0.00962	0.01924	0.02165	0.83886	0.00481	0.00481	0.00241	0.00241
17	0.00757	0.00572	0.00774	0.00754	0.00878	0.00525	0.02873	0.00967	0.01389	0.01909	0.46659	0.24703	0.12547	0.01304	0.00668	0.00190	0.00301	0.01164	0.00563	0.00504
18	0.01032	0.00516	0.00516	0.00516	0.00645	0.00516	0.00387	0.01290	0.01161	0.02065	0.01807	0.02065	0.01420	0.00645	0.00387	0.00129	0.00258	0.00516	0.83611	0.00516
19	0.01481	0.80869	0.02902	0.00948	0.01421	0.02191	0.00948	0.01658	0.01125	0.01303	0.00770	0.00888	0.00711	0.00474	0.00355	0.00118	0.00592	0.00296	0.00237	0.00711
20	0.84448	0.01071	0.00814	0.00728	0.01071	0.01242	0.00600	0.01628	0.00943	0.02485	0.00771	0.00900	0.00600	0.00514	0.00343	0.00171	0.00428	0.00300	0.00343	0.00600
21	0.01263	0.35019	0.46848	0.01318	0.01995	0.01659	0.01593	0.01715	0.01151	0.01568	0.00902	0.01054	0.00705	0.00505	0.00456	0.00152	0.00725	0.00363	0.00235	0.00774
22	0.02028	0.08092	0.01662	0.01393	0.01692	0.73008	0.01062	0.02173	0.01539	0.01352	0.00850	0.00991	0.00713	0.00564	0.00489	0.00141	0.00970	0.00352	0.00282	0.00647
23	0.01481	0.80869	0.02902	0.00948	0.01421	0.02191	0.00948	0.01658	0.01125	0.01303	0.00770	0.00888	0.00711	0.00474	0.00355	0.00118	0.00592	0.00296	0.00237	0.00711
24	0.01032	0.00516	0.00516	0.00516	0.00645	0.00516	0.00387	0.01290	0.01161	0.02065	0.01807	0.02065	0.01420	0.00645	0.00387	0.00129	0.00258	0.00516	0.83611	0.00516
25	0.01484	0.01592	0.01893	0.14193	0.41208	0.22521	0.01440	0.01764	0.01339	0.01646	0.04925	0.01428	0.01037	0.00557	0.00541	0.00162	0.00744	0.00482	0.00290	0.00754
26	0.01481	0.80869	0.02902	0.00948	0.01421	0.02191	0.00948	0.01658	0.01125	0.01303	0.00770	0.00888	0.00711	0.00474	0.00355	0.00118	0.00592	0.00296	0.00237	0.00711
27	0.05299	0.00745	0.00886	0.00835	0.00923	0.05082	0.05665	0.01004	0.00951	0.01300	0.01849	0.18870	0.02074	0.43935	0.07854	0.00434	0.00615	0.00885	0.00363	0.00432
28	0.02050	0.01524	0.01631	0.01263	0.01696	0.01692	0.01039	0.69758	0.08170	0.03401	0.01400	0.01385	0.00999	0.00671	0.00555	0.00168	0.00596	0.00508	0.00555	0.00937
29	0.01481	0.80869	0.02902	0.00948	0.01421	0.02191	0.00948	0.01658	0.01125	0.01303	0.00770	0.00888	0.00711	0.00474	0.00355	0.00118	0.00592	0.00296	0.00237	0.00711
30	0.01111	0.02865	0.77667	0.01579	0.02397	0.01286	0.02046	0.01754	0.01169	0.01754	0.00994	0.01169	0.00702	0.00526	0.00526	0.00175	0.00818	0.00409	0.00234	0.00818
31	0.12243	0.01057	0.01366	0.08804	0.15272	0.01122	0.01010	0.09931	0.12010	0.13724	0.05843	0.09105	0.01620	0.00779	0.00556	0.00182	0.00512	0.03640	0.00466	0.00759
32	0.01610	0.01878	0.01610	0.01424	0.01562	0.38410	0.01127	0.01740	0.01199	0.01346	0.00846	0.03057	0.00793	0.00797	0.01158	0.00194	0.39911	0.00450	0.00270	0.00619
33	0.01032	0.00516	0.00516	0.00516	0.00645	0.00516	0.00387	0.01290	0.01161	0.02065	0.01807	0.02065	0.01420	0.00645	0.00387	0.00129	0.00258	0.00516	0.83611	0.00516
34	0.01802	0.02080	0.01447	0.01311	0.01607	0.48604	0.00995	0.02494	0.30342	0.01727	0.01396	0.01411	0.01091	0.00640	0.00524	0.00160	0.00782	0.00461	0.00393	0.00733
35	0.01111	0.01052	0.01796	0.55007	0.20714	0.01215	0.03854	0.01459	0.01147	0.01518	0.01110	0.05549	0.00926	0.00598	0.00564	0.00182	0.00704	0.00554	0.00268	0.00672
36	0.01451	0.01320	0.01861	0.01479	0.01877	0.01427	0.21384	0.11800	0.46105	0.02316	0.01824	0.01815	0.01361	0.00662	0.00587	0.00185	0.00597	0.00618	0.00484	0.00849
37	0.01526	0.01041	0.01132	0.05327	0.01347	0.01140	0.00776	0.33734	0.06904	0.02669	0.01582	0.01710	0.01191	0.00656	0.00482	0.00152	0.00451	0.00515	0.36933	0.00732

[dist]
# distance from previous block
# <min> <max>
0	1

[block]
# block no. 5 follows, 43 sequences, length 52
# corresponding to MSA columns:
# 545-596
name=unknown_F
#
# <colnr> <probs for GDERKNQSTAVLIFYWHMCP>
#	G	D	E	R	K	N	Q	S	T	A	V	L	I	F	Y	W	H	M	C	P
0	0.01547	0.01274	0.01348	0.01161	0.01505	0.01457	0.00918	0.19757	0.58991	0.02590	0.02039	0.01895	0.01516	0.00731	0.00561	0.00183	0.00478	0.00596	0.00561	0.00892
1	0.01586	0.31222	0.06233	0.17444	0.02105	0.12572	0.03831	0.11257	0.01411	0.06048	0.01005	0.01178	0.00789	0.00544	0.00474	0.00150	0.00700	0.00406	0.00314	0.00731
2	0.01243	0.30795	0.50896	0.01353	0.02048	0.01610	0.01653	0.01720	0.01154	0.01592	0.00914	0.01069	0.00705	0.00507	0.00465	0.00155	0.00737	0.00369	0.00235	0.00780
3	0.01123	0.01726	0.28798	0.01428	0.01734	0.01424	0.01446	0.01441	0.00968	0.01478	0.00917	0.01317	0.00800	0.01208	0.10902	0.00299	0.41606	0.00471	0.00246	0.00668
4	0.00868	0.00656	0.00936	0.00820	0.00890	0.00645	0.09659	0.00926	0.00868	0.01161	0.01667	0.03359	0.01867	0.70547	0.02549	0.00493	0.00586	0.00786	0.00329	0.00387
5	0.01289	0.01106	0.01539	0.18358	0.02069	0.01237	0.11243	0.03800	0.36880	0.03495	0.01741	0.01838	0.01308	0.00652	0.00552	0.00179	0.00555	0.00583	0.10817	0.00759
6	0.01001	0.00522	0.00544	0.00539	0.00668	0.00517	0.00404	0.01260	0.01212	0.02084	0.11161	0.02323	0.01894	0.00706	0.00420	0.00135	0.00258	0.00577	0.73256	0.00517
7	0.01556	0.06752	0.01621	0.04482	0.17299	0.33513	0.01104	0.01918	0.10680	0.01577	0.01395	0.12978	0.01308	0.00743	0.00541	0.00165	0.00722	0.00601	0.00347	0.00695
8	0.01518	0.75920	0.02818	0.00978	0.01440	0.07007	0.00955	0.01693	0.01153	0.01306	0.00775	0.00895	0.00711	0.00480	0.00364	0.00120	0.00618	0.00300	0.00240	0.00706
9	0.64655	0.10171	0.01230	0.01086	0.10593	0.01359	0.00777	0.01640	0.01003	0.02266	0.00805	0.00957	0.00647	0.00507	0.00370	0.00164	0.00476	0.00324	0.00322	0.00647
10	0.01422	0.03561	0.01263	0.01048	0.01310	0.03598	0.00837	0.23276	0.10846	0.06885	0.01545	0.01867	0.01271	0.04915	0.33224	0.00483	0.00955	0.00558	0.00430	0.00708
11	0.01032	0.00516	0.00516	0.00516	0.00645	0.00516	0.00387	0.01290	0.01161	0.02065	0.01807	0.02065	0.01420	0.00645	0.00387	0.00129	0.00258	0.00516	0.83611	0.00516
12	0.00668	0.00562	0.00580	0.00575	0.00756	0.00473	0.00431	0.00821	0.01294	0.01571	0.12981	0.05206	0.69439	0.01375	0.00654	0.00186	0.00279	0.01152	0.00524	0.00473
13	0.02105	0.01551	0.01662	0.01274	0.01717	0.01717	0.01053	0.75235	0.02604	0.03490	0.01330	0.01330	0.00942	0.00665	0.00554	0.00166	0.00609	0.00499	0.00554	0.00942
14	0.01172	0.00693	0.00961	0.10597	0.01358	0.00658	0.02148	0.01347	0.01240	0.20025	0.03059	0.34638	0.17403	0.01240	0.00640	0.00198	0.00414	0.01091	0.00518	0.00600
15	0.02254	0.01122	0.01373	0.01074	0.01491	0.01105	0.00880	0.20458	0.11128	0.50010	0.01985	0.01772	0.01306	0.00689	0.00557	0.00172	0.00501	0.00551	0.00638	0.00934
16	0.00805	0.00537	0.00604	0.00604	0.00604	0.00537	0.00336	0.00805	0.00805	0.01074	0.01745	0.03624	0.02013	0.80536	0.02819	0.00537	0.00537	0.00805	0.00336	0.00336
17	0.01093	0.01133	0.04681	0.41989	0.11523	0.01180	0.16763	0.01454	0.01163	0.01547	0.01278	0.11275	0.01139	0.00675	0.00592	0.00187	0.00721	0.00658	0.00289	0.00659
18	0.01032	0.00516	0.00516	0.00516	0.00645	0.00516	0.00387	0.01290	0.01161	0.02065	0.01807	0.02065	0.01420	0.00645	0.00387	0.00129	0.00258	0.00516	0.83611	0.00516
19	0.01481	0.80869	0.02902	0.00948	0.01421	0.02191	0.00948	0.01658	0.01125	0.01303	0.00770	0.00888	0.00711	0.00474	0.00355	0.00118	0.00592	0.00296	0.00237	0.00711
20	0.84448	0.01071	0.00814	0.00728	0.01071	0.01242	0.00600	0.01628	0.00943	0.02485	0.00771	0.00900	0.00600	0.00514	0.00343	0.00171	0.00428	0.00300	0.00343	0.00600
21	0.01135	0.02694	0.68385	0.01673	0.02459	0.01300	0.11156	0.01756	0.01186	0.01756	0.01010	0.01210	0.00719	0.00519	0.00542	0.00177	0.00833	0.00440	0.00240	0.00810
22	0.01205	0.01124	0.01642	0.21279	0.02212	0.01197	0.11011	0.01818	0.19165	0.01780	0.01284	0.01506	0.01003	0.00589	0.00648	0.00163	0.07962	0.00500	0.00349	0.23564
23	0.01481	0.80869	0.02902	0.00948	0.01421	0.02191	0.00948	0.01658	0.01125	0.01303	0.00770	0.00888	0.00711	0.00474	0.00355	0.00118	0.00592	0.00296	0.00237	0.00711
24	0.01032	0.00516	0.00516	0.00516	0.00645	0.00516	0.00387	0.01290	0.01161	0.02065	0.01807	0.02065	0.01420	0.00645	0.00387	0.00129	0.00258	0.00516	0.83611	0.00516
25	0.11770	0.11304	0.07655	0.03491	0.01451	0.24794	0.00910	0.05516	0.01359	0.01678	0.02204	0.02229	0.21976	0.00785	0.00512	0.00161	0.00634	0.00585	0.00359	0.00626
26	0.01481	0.80869	0.02902	0.00948	0.01421	0.02191	0.00948	0.01658	0.01125	0.01303	0.00770	0.00888	0.00711	0.00474	0.00355	0.00118	0.00592	0.00296	0.00237	0.00711
27	0.07105	0.02384	0.20085	0.01365	0.01802	0.44936	0.01247	0.02124	0.01434	0.11019	0.01050	0.01145	0.00785	0.00571	0.00503	0.00156	0.00853	0.00391	0.00326	0.00720
28	0.02105	0.01551	0.01662	0.01274	0.01717	0.01717	0.01053	0.75235	0.02604	0.03490	0.01330	0.01330	0.00942	0.00665	0.00554	0.00166	0.00609	0.00499	0.00554	0.00942
29	0.01481	0.80869	0.02902	0.00948	0.01421	0.02191	0.00948	0.01658	0.01125	0.01303	0.00770	0.00888	0.00711	0.00474	0.00355	0.00118	0.00592	0.00296	0.00237	0.00711
30	0.01111	0.02865	0.77667	0.01579	0.02397	0.01286	0.02046	0.01754	0.01169	0.01754	0.00994	0.01169	0.00702	0.00526	0.00526	0.00175	0.00818	0.00409	0.00234	0.00818
31	0.01260	0.00869	0.01260	0.01101	0.01313	0.03598	0.09991	0.01455	0.01202	0.17287	0.02258	0.21072	0.06069	0.05457	0.10322	0.00305	0.06193	0.07917	0.00457	0.00614
32	0.01652	0.11584	0.02082	0.02362	0.40645	0.21343	0.01370	0.06522	0.01421	0.04468	0.01019	0.01230	0.00836	0.00529	0.00512	0.00153	0.00728	0.00436	0.00305	0.00802
33	0.01032	0.00516	0.00516	0.00516	0.00645	0.00516	0.00387	0.01290	0.01161	0.02065	0.01807	0.02065	0.01420	0.00645	0.00387	0.00129	0.00258	0.00516	0.83611	0.00516
34	0.01552	0.29579	0.01806	0.00901	0.01373	0.01275	0.00794	0.01767	0.01233	0.17750	0.01163	0.01212	0.00898	0.00492	0.00422	0.00114	0.00488	0.00365	0.00372	0.36442
35	0.01773	0.01152	0.10857	0.15723	0.01927	0.00931	0.03415	0.02054	0.01346	0.40782	0.03585	0.01960	0.01321	0.09720	0.00815	0.00216	0.00582	0.00569	0.00492	0.00780
36	0.01001	0.10734	0.01156	0.00772	0.01075	0.00808	0.00623	0.01247	0.01362	0.01957	0.40163	0.02662	0.03085	0.00792	0.00529	0.00134	0.00356	0.00672	0.00462	0.30408
37	0.00791	0.00861	0.10282	0.00835	0.01058	0.00621	0.00755	0.01011	0.01203	0.01534	0.03790	0.11017	0.35292	0.07409	0.00839	0.00234	0.00434	0.21060	0.00464	0.00512
38	0.01604	0.01902	0.01821	0.01498	0.01842	0.40984	0.19040	0.01832	0.01394	0.01516	0.01209	0.11014	0.01125	0.00672	0.00553	0.00157	0.00831	0.00578	0.00317	0.10108
39	0.01726	0.01471	0.01451	0.09608	0.01770	0.12594	0.00995	0.43280	0.02051	0.02598	0.01990	0.02014	0.14479	0.00771	0.00564	0.00168	0.00621	0.00597	0.00474	0.00778
40	0.01032	0.00516	0.00516	0.00516	0.00645	0.00516	0.00387	0.01290	0.01161	0.02065	0.01807	0.02065	0.01420	0.00645	0.00387	0.00129	0.00258	0.00516	0.83611	0.00516
41	0.01148	0.00984	0.01148	0.00820	0.01312	0.00738	0.00656	0.01395	0.01148	0.01805	0.00984	0.01148	0.00820	0.00410	0.00410	0.00082	0.00410	0.00328	0.00328	0.83922
42	0.01124	0.05584	0.75060	0.01557	0.02363	0.01318	0.02008	0.01751	0.01168	0.01738	0.00986	0.01159	0.00702	0.00524	0.00520	0.00173	0.00811	0.00405	0.00234	0.00815
43	0.84448	0.01071	0.00814	0.00728	0.01071	0.01242	0.00600	0.01628	0.00943	0.02485	0.00771	0.00900	0.00600	0.00514	0.00343	0.00171	0.00428	0.00300	0.00343	0.00600
44	0.01111	0.02865	0.77667	0.01579	0.02397	0.01286	0.02046	0.01754	0.01169	0.01754	0.00994	0.01169	0.00702	0.00526	0.00526	0.00175	0.00818	0.00409	0.00234	0.00818
45	0.00805	0.00539	0.00613	0.00613	0.00616	0.00542	0.00347	0.00811	0.00808	0.01081	0.01737	0.03578	0.01993	0.78095	0.05232	0.00548	0.00567	0.00799	0.00334	0.00341
46	0.01330	0.01275	0.02175	0.12856	0.67941	0.01305	0.01680	0.01664	0.01242	0.01760	0.01035	0.01384	0.00860	0.00501	0.00549	0.00167	0.00668	0.00493	0.00271	0.00845
47	0.01032	0.00516	0.00516	0.00516	0.00645	0.00516	0.00387	0.01290	0.01161	0.02065	0.01807	0.02065	0.01420	0.00645	0.00387	0.00129	0.00258	0.00516	0.83611	0.00516
48	0.01154	0.01095	0.01857	0.53951	0.28222	0.01259	0.01592	0.01510	0.01159	0.01546	0.01003	0.01441	0.00785	0.00534	0.00552	0.00178	0.00712	0.00493	0.00255	0.00703
49	0.79772	0.01144	0.03512	0.00770	0.01131	0.01254	0.00660	0.03215	0.00986	0.02481	0.00791	0.00918	0.00611	0.00518	0.00354	0.00171	0.00446	0.00308	0.00343	0.00615
50	0.38229	0.01099	0.01089	0.00932	0.01280	0.01207	0.00762	0.12700	0.13415	0.14873	0.03353	0.01731	0.01231	0.00682	0.00479	0.00179	0.00464	0.05069	0.00483	0.00743
51	0.03423	0.00581	0.00761	0.00820	0.00884	0.00591	0.00581	0.00937	0.01120	0.03960	0.11974	0.59665	0.03464	0.01530	0.00769	0.00217	0.06380	0.01347	0.00505	0.00491

[dist]
# distance from previous block
# <min> <max>
0	3

[block]
# block no. 6 follows, 43 sequences, length 31
# corresponding to MSA columns:
# 600-630
name=unknown_G
#
# <colnr> <probs for GDERKNQSTAVLIFYWHMCP>
#	G	D	E	R	K	N	Q	S	T	A	V	L	I	F	Y	W	H	M	C	P
0	0.71379	0.01116	0.00929	0.00800	0.01158	0.01271	0.00659	0.09590	0.01154	0.06458	0.00904	0.00997	0.00676	0.00539	0.00376	0.00171	0.00450	0.00334	0.00383	0.00654
1	0.75603	0.01123	0.00905	0.00787	0.01140	0.01293	0.00648	0.09534	0.01121	0.02593	0.00831	0.00946	0.00637	0.00530	0.00365	0.00171	0.00448	0.00321	0.00365	0.00637
2	0.01148	0.00984	0.01148	0.00820	0.01312	0.00738	0.00656	0.01395	0.01148	0.01805	0.00984	0.01148	0.00820	0.00410	0.00410	0.00082	0.00410	0.00328	0.00328	0.83922
3	0.44843	0.01302	0.01222	0.00991	0.01382	0.01471	0.00818	0.37031	0.01742	0.02968	0.01040	0.01107	0.00764	0.00587	0.00444	0.00169	0.00515	0.00395	0.00444	0.00764
4	0.75525	0.01084	0.00861	0.00771	0.01111	0.01257	0.00630	0.01769	0.09013	0.02467	0.00930	0.01025	0.00717	0.00540	0.00366	0.00173	0.00429	0.00335	0.00366	0.00630
5	0.01167	0.01217	0.02365	0.42193	0.03309	0.01325	0.33657	0.01568	0.01183	0.01568	0.01033	0.01473	0.00782	0.00534	0.00653	0.00188	0.04289	0.00562	0.00261	0.00672
6	0.01032	0.00516	0.00516	0.00516	0.00645	0.00516	0.00387	0.01290	0.01161	0.02065	0.01807	0.02065	0.01420	0.00645	0.00387	0.00129	0.00258	0.00516	0.83611	0.00516
7	0.00700	0.00563	0.00624	0.00609	0.00776	0.00487	0.00457	0.00883	0.01370	0.01752	0.30738	0.04909	0.51570	0.01307	0.00654	0.00182	0.00274	0.01110	0.00548	0.00487
8	0.00675	0.00482	0.00643	0.00771	0.00803	0.00450	0.00514	0.00771	0.01060	0.01414	0.03053	0.80175	0.03663	0.01735	0.00707	0.00225	0.00321	0.01574	0.00514	0.00450
9	0.01698	0.01992	0.01576	0.01495	0.05550	0.48714	0.06776	0.03587	0.01484	0.01524	0.01378	0.04032	0.01318	0.00787	0.00575	0.00173	0.00850	0.15508	0.00342	0.00637
10	0.01081	0.01020	0.01724	0.71062	0.11684	0.01240	0.01555	0.01446	0.01124	0.01457	0.00991	0.01465	0.00753	0.00547	0.00553	0.00182	0.00730	0.00492	0.00249	0.00643
11	0.00805	0.00537	0.00604	0.00604	0.00604	0.00537	0.00336	0.00805	0.00805	0.01074	0.01745	0.03624	0.02013	0.80536	0.02819	0.00537	0.00537	0.00805	0.00336	0.00336
12	0.01043	0.00981	0.01584	0.59715	0.03171	0.01245	0.01399	0.01348	0.01060	0.01401	0.01110	0.07876	0.00976	0.00720	0.00779	0.00198	0.13945	0.00580	0.00267	0.00600
13	0.01032	0.00516	0.00516	0.00516	0.00645	0.00516	0.00387	0.01290	0.01161	0.02065	0.01807	0.02065	0.01420	0.00645	0.00387	0.00129	0.00258	0.00516	0.83611	0.00516
14	0.01481	0.80869	0.02902	0.00948	0.01421	0.02191	0.00948	0.01658	0.01125	0.01303	0.00770	0.00888	0.00711	0.00474	0.00355	0.00118	0.00592	0.00296	0.00237	0.00711
15	0.75507	0.01086	0.00909	0.00806	0.01112	0.01291	0.00666	0.01596	0.00932	0.02361	0.00766	0.00933	0.00613	0.00563	0.00501	0.00179	0.08924	0.00320	0.00332	0.00600
16	0.01410	0.65941	0.17210	0.01068	0.01608	0.02018	0.01158	0.01677	0.01134	0.01389	0.00813	0.00942	0.00709	0.00484	0.00388	0.00129	0.00636	0.00318	0.00236	0.00731
17	0.02069	0.02640	0.01569	0.01427	0.01712	0.78313	0.01070	0.02212	0.01569	0.01355	0.00856	0.00999	0.00713	0.00571	0.00499	0.00143	0.00999	0.00357	0.00285	0.00642
18	0.01530	0.74301	0.02790	0.00988	0.01446	0.08583	0.00958	0.01705	0.01163	0.01307	0.00777	0.00898	0.00711	0.00482	0.00367	0.00120	0.00626	0.00301	0.00241	0.00705
19	0.01032	0.00516	0.00516	0.00516	0.00645	0.00516	0.00387	0.01290	0.01161	0.02065	0.01807	0.02065	0.01420	0.00645	0.00387	0.00129	0.00258	0.00516	0.83611	0.00516
20	0.84448	0.01071	0.00814	0.00728	0.01071	0.01242	0.00600	0.01628	0.00943	0.02485	0.00771	0.00900	0.00600	0.00514	0.00343	0.00171	0.00428	0.00300	0.00343	0.00600
21	0.01481	0.80869	0.02902	0.00948	0.01421	0.02191	0.00948	0.01658	0.01125	0.01303	0.00770	0.00888	0.00711	0.00474	0.00355	0.00118	0.00592	0.00296	0.00237	0.00711
22	0.00962	0.00481	0.00722	0.00722	0.00722	0.00481	0.00481	0.00722	0.00722	0.00962	0.00962	0.01684	0.00962	0.01924	0.02165	0.83886	0.00481	0.00481	0.00241	0.00241
23	0.02105	0.01551	0.01662	0.01274	0.01717	0.01717	0.01053	0.75235	0.02604	0.03490	0.01330	0.01330	0.00942	0.00665	0.00554	0.00166	0.00609	0.00499	0.00554	0.00942
24	0.01481	0.80869	0.02902	0.00948	0.01421	0.02191	0.00948	0.01658	0.01125	0.01303	0.00770	0.00888	0.00711	0.00474	0.00355	0.00118	0.00592	0.00296	0.00237	0.00711
25	0.01111	0.02865	0.77667	0.01579	0.02397	0.01286	0.02046	0.01754	0.01169	0.01754	0.00994	0.01169	0.00702	0.00526	0.00526	0.00175	0.00818	0.00409	0.00234	0.00818
26	0.01111	0.02865	0.77667	0.01579	0.02397	0.01286	0.02046	0.01754	0.01169	0.01754	0.00994	0.01169	0.00702	0.00526	0.00526	0.00175	0.00818	0.00409	0.00234	0.00818
27	0.04351	0.17576	0.01803	0.01315	0.01638	0.61494	0.01033	0.02089	0.01466	0.01378	0.00837	0.00975	0.00710	0.00551	0.00467	0.00139	0.00904	0.00343	0.00278	0.00654
28	0.01032	0.00516	0.00516	0.00516	0.00645	0.00516	0.00387	0.01290	0.01161	0.02065	0.01807	0.02065	0.01420	0.00645	0.00387	0.00129	0.00258	0.00516	0.83611	0.00516
29	0.01319	0.01100	0.01571	0.01131	0.01629	0.00909	0.14358	0.04809	0.01274	0.07494	0.01114	0.01275	0.00870	0.00452	0.00472	0.00112	0.00520	0.00412	0.00356	0.58825
30	0.01397	0.01540	0.02704	0.05942	0.25398	0.09629	0.41546	0.01783	0.01313	0.01724	0.01062	0.01402	0.00833	0.00490	0.00601	0.00175	0.00848	0.00566	0.00277	0.00770

[dist]
# distance from previous block
# <min> <max>
0	1

[block]
# block no. 7 follows, 43 sequences, length 15
# corresponding to MSA columns:
# 632-646
name=unknown_H
#
# <colnr> <probs for GDERKNQSTAVLIFYWHMCP>
#	G	D	E	R	K	N	Q	S	T	A	V	L	I	F	Y	W	H	M	C	P
0	0.01346	0.01291	0.02204	0.09107	0.71565	0.01309	0.01688	0.01678	0.01250	0.01780	0.01037	0.01379	0.00867	0.00498	0.00549	0.00166	0.00664	0.00493	0.00272	0.00858
1	0.01400	0.01245	0.01829	0.01326	0.01826	0.01130	0.20720	0.17595	0.01508	0.02164	0.01096	0.01281	0.00852	0.00481	0.00507	0.00128	0.00594	0.00453	0.00364	0.43501
2	0.01541	0.01105	0.01229	0.01006	0.01323	0.01169	0.00807	0.36458	0.08069	0.07046	0.22220	0.02650	0.11201	0.00886	0.00594	0.00173	0.00455	0.00727	0.00573	0.00768
3	0.01292	0.26460	0.02252	0.01340	0.01728	0.01439	0.22440	0.10213	0.01356	0.01745	0.01701	0.15516	0.05744	0.00811	0.00561	0.00172	0.00625	0.03561	0.00362	0.00681
4	0.01032	0.00516	0.00516	0.00516	0.00645	0.00516	0.00387	0.01290	0.01161	0.02065	0.01807	0.02065	0.01420	0.00645	0.00387	0.00129	0.00258	0.00516	0.83611	0.00516
5	0.01367	0.01113	0.01226	0.01123	0.01411	0.01255	0.00905	0.12528	0.48768	0.02328	0.02282	0.02923	0.01930	0.00918	0.00608	0.00200	0.00478	0.17284	0.00550	0.00802
6	0.01729	0.01269	0.01367	0.01093	0.01463	0.01368	0.00888	0.48960	0.08752	0.05862	0.05797	0.02277	0.15039	0.00830	0.00578	0.00172	0.00513	0.00658	0.00555	0.00830
7	0.10612	0.02210	0.01514	0.01317	0.01647	0.51551	0.01017	0.20053	0.01758	0.01996	0.00963	0.01070	0.00758	0.00588	0.00497	0.00151	0.00844	0.00386	0.00357	0.00711
8	0.01141	0.05675	0.68831	0.01616	0.02401	0.01329	0.07929	0.01752	0.01179	0.01739	0.00996	0.01185	0.00713	0.00519	0.00530	0.00174	0.00819	0.00425	0.00238	0.00809
9	0.00793	0.00547	0.00678	0.00687	0.00714	0.00569	0.00437	0.00848	0.00844	0.01150	0.01773	0.08689	0.01975	0.56032	0.21378	0.00602	0.00756	0.00807	0.00339	0.00383
10	0.01354	0.01299	0.02218	0.07282	0.73329	0.01312	0.01691	0.01685	0.01253	0.01789	0.01039	0.01376	0.00870	0.00497	0.00549	0.00166	0.00662	0.00493	0.00273	0.00864
11	0.01032	0.00516	0.00516	0.00516	0.00645	0.00516	0.00387	0.01290	0.01161	0.02065	0.01807	0.02065	0.01420	0.00645	0.00387	0.00129	0.00258	0.00516	0.83611	0.00516
12	0.06675	0.31992	0.01900	0.00987	0.01416	0.03692	0.00872	0.04077	0.07082	0.33855	0.01501	0.01417	0.01066	0.00595	0.00465	0.00151	0.00532	0.00439	0.00468	0.00819
13	0.01481	0.80869	0.02902	0.00948	0.01421	0.02191	0.00948	0.01658	0.01125	0.01303	0.00770	0.00888	0.00711	0.00474	0.00355	0.00118	0.00592	0.00296	0.00237	0.00711
14	0.84448	0.01071	0.00814	0.00728	0.01071	0.01242	0.00600	0.01628	0.00943	0.02485	0.00771	0.00900	0.00600	0.00514	0.00343	0.00171	0.00428	0.00300	0.00343	0.00600

[dist]
# distance from previous block
# <min> <max>
0	1

[block]
# block no. 8 follows, 43 sequences, length 27
# corresponding to MSA columns:
# 648-674
name=unknown_I
#
# <colnr> <probs for GDERKNQSTAVLIFYWHMCP>
#	G	D	E	R	K	N	Q	S	T	A	V	L	I	F	Y	W	H	M	C	P
0	0.01524	0.21539	0.01785	0.09721	0.01747	0.07619	0.01000	0.10063	0.33424	0.03752	0.01528	0.01536	0.01173	0.00634	0.00503	0.00164	0.00573	0.00491	0.00426	0.00796
1	0.01032	0.00516	0.00516	0.00516	0.00645	0.00516	0.00387	0.01290	0.01161	0.02065	0.01807	0.02065	0.01420	0.00645	0.00387	0.00129	0.00258	0.00516	0.83611	0.00516
2	0.00655	0.00561	0.00561	0.00561	0.00748	0.00468	0.00421	0.00795	0.01262	0.01496	0.05610	0.05330	0.76857	0.01403	0.00655	0.00187	0.00281	0.01169	0.00514	0.00468
3	0.01148	0.00984	0.01148	0.00820	0.01312	0.00738	0.00656	0.01395	0.01148	0.01805	0.00984	0.01148	0.00820	0.00410	0.00410	0.00082	0.00410	0.00328	0.00328	0.83922
4	0.00990	0.00865	0.01362	0.07144	0.31630	0.00860	0.01063	0.01214	0.01192	0.01632	0.06667	0.32075	0.07211	0.01094	0.00628	0.00193	0.00483	0.02652	0.00405	0.00640
5	0.01199	0.01281	0.07036	0.48514	0.03324	0.01315	0.20198	0.07312	0.01279	0.01691	0.01047	0.01449	0.00778	0.00539	0.00577	0.00183	0.00783	0.00528	0.00278	0.00688
6	0.00950	0.00485	0.00712	0.00712	0.00712	0.00485	0.00470	0.00728	0.00728	0.00971	0.01023	0.01836	0.01044	0.08084	0.02216	0.77356	0.00485	0.00506	0.00248	0.00248
7	0.01270	0.01213	0.02066	0.26934	0.54335	0.01289	0.01650	0.01611	0.01213	0.01687	0.01024	0.01404	0.00834	0.00512	0.00550	0.00171	0.00683	0.00493	0.00265	0.00796
8	0.01032	0.00516	0.00516	0.00516	0.00645	0.00516	0.00387	0.01290	0.01161	0.02065	0.01807	0.02065	0.01420	0.00645	0.00387	0.00129	0.00258	0.00516	0.83611	0.00516
9	0.01481	0.80869	0.02902	0.00948	0.01421	0.02191	0.00948	0.01658	0.01125	0.01303	0.00770	0.00888	0.00711	0.00474	0.00355	0.00118	0.00592	0.00296	0.00237	0.00711
10	0.01351	0.21476	0.02422	0.04615	0.42699	0.01501	0.09537	0.01653	0.01228	0.01656	0.01103	0.01583	0.00978	0.00555	0.00525	0.00162	0.00664	0.05222	0.00280	0.00789
11	0.01206	0.08584	0.52665	0.01991	0.21278	0.01365	0.01872	0.01733	0.01189	0.01733	0.00988	0.01198	0.00747	0.00514	0.00518	0.00168	0.00760	0.00422	0.00244	0.00825
12	0.01307	0.01494	0.03268	0.02334	0.02894	0.01401	0.75070	0.01774	0.01307	0.01774	0.01120	0.01494	0.00840	0.00467	0.00654	0.00187	0.00934	0.00654	0.00280	0.00747
13	0.01481	0.80869	0.02902	0.00948	0.01421	0.02191	0.00948	0.01658	0.01125	0.01303	0.00770	0.00888	0.00711	0.00474	0.00355	0.00118	0.00592	0.00296	0.00237	0.00711
14	0.01032	0.00516	0.00516	0.00516	0.00645	0.00516	0.00387	0.01290	0.01161	0.02065	0.01807	0.02065	0.01420	0.00645	0.00387	0.00129	0.00258	0.00516	0.83611	0.00516
15	0.01597	0.54081	0.09207	0.01125	0.01582	0.21433	0.01076	0.01807	0.01242	0.01356	0.00812	0.00941	0.00711	0.00503	0.00407	0.00130	0.00716	0.00322	0.00249	0.00703
16	0.54464	0.01522	0.01099	0.00966	0.01305	0.20858	0.00769	0.09887	0.01285	0.02309	0.00854	0.00972	0.00666	0.00545	0.00406	0.00164	0.00593	0.00336	0.00351	0.00648
17	0.84448	0.01071	0.00814	0.00728	0.01071	0.01242	0.00600	0.01628	0.00943	0.02485	0.00771	0.00900	0.00600	0.00514	0.00343	0.00171	0.00428	0.00300	0.00343	0.00600
18	0.01111	0.02865	0.77667	0.01579	0.02397	0.01286	0.02046	0.01754	0.01169	0.01754	0.00994	0.01169	0.00702	0.00526	0.00526	0.00175	0.00818	0.00409	0.00234	0.00818
19	0.01481	0.80869	0.02902	0.00948	0.01421	0.02191	0.00948	0.01658	0.01125	0.01303	0.00770	0.00888	0.00711	0.00474	0.00355	0.00118	0.00592	0.00296	0.00237	0.00711
20	0.01111	0.02865	0.77667	0.01579	0.02397	0.01286	0.02046	0.01754	0.01169	0.01754	0.00994	0.01169	0.00702	0.00526	0.00526	0.00175	0.00818	0.00409	0.00234	0.00818
21	0.01629	0.01837	0.01882	0.02278	0.34032	0.32688	0.01364	0.01848	0.01319	0.01547	0.00915	0.01193	0.00786	0.00603	0.00737	0.00168	0.13729	0.00436	0.00273	0.00737
22	0.04001	0.40463	0.16977	0.01139	0.01616	0.16823	0.01142	0.03771	0.01258	0.01546	0.00914	0.01054	0.00759	0.00521	0.00424	0.00138	0.00690	0.00350	0.05706	0.00709
23	0.01103	0.00584	0.00591	0.00566	0.00715	0.00595	0.00431	0.06122	0.01256	0.02158	0.01776	0.02017	0.01388	0.00647	0.00398	0.00131	0.00281	0.00515	0.78184	0.00544
24	0.46603	0.01083	0.01012	0.00817	0.01213	0.01115	0.00666	0.09649	0.01208	0.02372	0.02885	0.01111	0.00829	0.00514	0.00396	0.00142	0.00438	0.00349	0.00368	0.27230
25	0.03515	0.13423	0.01505	0.01070	0.01380	0.25013	0.00861	0.12686	0.01636	0.09006	0.20421	0.02010	0.03730	0.00742	0.00530	0.00155	0.00614	0.00569	0.00444	0.00690
26	0.01013	0.26209	0.01449	0.00886	0.01116	0.01078	0.00775	0.01207	0.01214	0.01529	0.07722	0.15551	0.10730	0.01182	0.00605	0.00194	0.00465	0.26084	0.00431	0.00561

[dist]
# distance from previous block
# <min> <max>
0	3

[block]
# block no. 9 follows, 43 sequences, length 58
# corresponding to MSA columns:
# 678-735
name=unknown_J
#
# <colnr> <probs for GDERKNQSTAVLIFYWHMCP>
#	G	D	E	R	K	N	Q	S	T	A	V	L	I	F	Y	W	H	M	C	P
0	0.01412	0.08182	0.21163	0.01165	0.01604	0.13053	0.01136	0.16970	0.01574	0.03729	0.06727	0.05014	0.14379	0.00797	0.00552	0.00168	0.00629	0.00627	0.00402	0.00718
1	0.01616	0.01171	0.01347	0.01153	0.01383	0.07128	0.00925	0.06247	0.15150	0.21362	0.03570	0.07253	0.05018	0.00885	0.00927	0.00196	0.22806	0.00640	0.00478	0.00746
