[name]
unknown

[dist]
# distance from previous block
# <min> <max>
29	151

[block]
# block no. 0 follows, 48 sequences, length 17
# corresponding to MSA columns:
# 189-205
name=unknown_A
#
# <colnr> <probs for GDERKNQSTAVLIFYWHMCP>
#	G	D	E	R	K	N	Q	S	T	A	V	L	I	F	Y	W	H	M	C	P
0	0.09570	0.09742	0.10055	0.01097	0.04106	0.02321	0.04636	0.16924	0.03138	0.15263	0.05962	0.04353	0.01233	0.02497	0.00525	0.00159	0.00515	0.00497	0.03287	0.04120
1	0.11656	0.14731	0.04761	0.05408	0.11788	0.09642	0.06235	0.15484	0.03364	0.06862	0.01085	0.01203	0.01968	0.00523	0.00456	0.00146	0.00597	0.00412	0.00338	0.03339
2	0.08693	0.11492	0.10392	0.07734	0.08156	0.08928	0.01022	0.10970	0.03279	0.03917	0.05552	0.01469	0.05094	0.00585	0.00494	0.00146	0.02724	0.00448	0.00333	0.08572
3	0.06067	0.18145	0.16052	0.01048	0.01502	0.01286	0.03226	0.15214	0.05459	0.12504	0.03476	0.01452	0.04829	0.00577	0.00460	0.00144	0.00533	0.00447	0.00380	0.07198
4	0.15491	0.28294	0.21256	0.00997	0.01419	0.03542	0.01027	0.01525	0.05676	0.01590	0.03004	0.10447	0.01115	0.00635	0.00451	0.00151	0.01968	0.00478	0.00293	0.00640
5	0.01270	0.24272	0.24776	0.01067	0.01517	0.01311	0.01108	0.09917	0.05983	0.07465	0.03962	0.12574	0.01309	0.00689	0.00478	0.00154	0.00550	0.00552	0.00349	0.00697
6	0.10056	0.51838	0.02099	0.00938	0.01303	0.16846	0.00847	0.01581	0.01087	0.01327	0.00783	0.00942	0.00700	0.00740	0.06891	0.00178	0.00674	0.00308	0.00243	0.00619
7	0.00811	0.00496	0.00557	0.00557	0.00602	0.00504	0.00354	0.00901	0.00856	0.01299	0.01614	0.02791	0.01644	0.49859	0.08490	0.00407	0.00491	0.00646	0.26746	0.00376
8	0.30036	0.08256	0.15488	0.00971	0.01413	0.01207	0.00941	0.13500	0.01308	0.20638	0.01146	0.01159	0.00802	0.00535	0.00428	0.00155	0.00511	0.00382	0.00397	0.00727
9	0.00663	0.00553	0.00591	0.00559	0.00748	0.00462	0.00423	0.00819	0.01206	0.01516	0.16428	0.04445	0.60521	0.01184	0.00588	0.00163	0.00267	0.00994	0.00476	0.07394
10	0.01137	0.00955	0.01103	0.00795	0.01247	0.00758	0.00638	0.07514	0.01175	0.01800	0.00938	0.01078	0.00769	0.00399	0.00391	0.00082	0.00395	0.00317	0.00321	0.78187
11	0.00636	0.00497	0.00577	0.00607	0.00724	0.00438	0.00436	0.00775	0.01166	0.01494	0.18933	0.29259	0.39932	0.01349	0.00622	0.00182	0.00268	0.01173	0.00494	0.00438
12	0.03857	0.28568	0.10938	0.01061	0.01463	0.13444	0.00991	0.03690	0.05548	0.19370	0.01140	0.01171	0.00853	0.00550	0.00505	0.00143	0.05259	0.00383	0.00349	0.00715
13	0.00625	0.00447	0.00595	0.00714	0.00744	0.00417	0.00476	0.00714	0.00982	0.01310	0.02828	0.81633	0.03394	0.01608	0.00655	0.00208	0.00298	0.01459	0.00476	0.00417
14	0.00827	0.00591	0.00827	0.00945	0.01063	0.00591	0.00827	0.01063	0.01181	0.01536	0.02717	0.05788	0.02953	0.01417	0.00709	0.00236	0.00472	0.75313	0.00472	0.00472
15	0.01859	0.10970	0.01586	0.01274	0.01557	0.71592	0.00979	0.01994	0.01410	0.01251	0.00785	0.00914	0.00661	0.00519	0.00448	0.00130	0.00885	0.00324	0.00260	0.00602
16	0.01556	0.01334	0.01449	0.21110	0.02023	0.09195	0.01055	0.34625	0.18191	0.02321	0.01292	0.01382	0.00953	0.00599	0.00510	0.00160	0.00596	0.00473	0.00419	0.00756

[dist]
# distance from previous block
# <min> <max>
0	1

[block]
# block no. 1 follows, 48 sequences, length 34
# corresponding to MSA columns:
# 207-240
name=unknown_B
#
# <colnr> <probs for GDERKNQSTAVLIFYWHMCP>
#	G	D	E	R	K	N	Q	S	T	A	V	L	I	F	Y	W	H	M	C	P
0	0.01965	0.01216	0.01446	0.01173	0.04023	0.01303	0.00936	0.42995	0.01909	0.27872	0.01430	0.01392	0.00982	0.00644	0.00624	0.00162	0.08091	0.00478	0.00518	0.00842
1	0.01113	0.01097	0.01543	0.18984	0.09528	0.04876	0.01202	0.01307	0.00942	0.01324	0.00944	0.01602	0.00894	0.00799	0.01166	0.00202	0.44468	0.07175	0.00252	0.00582
2	0.02084	0.00887	0.01150	0.00910	0.01277	0.00817	0.00743	0.02468	0.12621	0.63957	0.02016	0.01779	0.01316	0.00642	0.00509	0.00159	0.00422	0.00523	0.04876	0.00844
3	0.01064	0.00912	0.01064	0.00760	0.01216	0.00684	0.00608	0.01292	0.01064	0.01672	0.00912	0.01064	0.00760	0.00380	0.00380	0.00076	0.00380	0.00304	0.00304	0.85104
4	0.00985	0.02309	0.65994	0.01363	0.02018	0.01088	0.03468	0.01518	0.01119	0.01655	0.08855	0.05006	0.01201	0.00594	0.00510	0.00165	0.00688	0.00489	0.00265	0.00714
5	0.01276	0.01102	0.01160	0.01044	0.01334	0.01276	0.00812	0.02727	0.77840	0.02146	0.02088	0.01914	0.01566	0.00696	0.00522	0.00174	0.00406	0.00580	0.00522	0.00812
6	0.01044	0.00936	0.01322	0.31087	0.08136	0.00898	0.00991	0.01321	0.01058	0.01536	0.00916	0.01195	0.00735	0.00436	0.00440	0.00118	0.00512	0.00373	0.00271	0.46672
7	0.01073	0.06240	0.65858	0.01606	0.08528	0.01238	0.05209	0.01617	0.01094	0.01610	0.00920	0.01100	0.00670	0.00480	0.00487	0.00160	0.00741	0.00391	0.00222	0.00755
8	0.01114	0.02381	0.64200	0.01544	0.02250	0.01188	0.13247	0.01667	0.01120	0.05113	0.00988	0.01159	0.00697	0.00486	0.00507	0.00164	0.00760	0.00420	0.00242	0.00753
9	0.00798	0.00610	0.00901	0.00873	0.00944	0.00736	0.00681	0.00930	0.00804	0.01165	0.01237	0.01857	0.01166	0.03267	0.62111	0.09522	0.11161	0.00526	0.00263	0.00446
10	0.01124	0.01990	0.39419	0.01829	0.02462	0.01247	0.41120	0.01635	0.01150	0.01635	0.00982	0.01241	0.00717	0.00459	0.00549	0.00168	0.00814	0.00498	0.00239	0.00724
11	0.01443	0.01021	0.01666	0.28922	0.24217	0.01085	0.04675	0.01727	0.01186	0.22999	0.01229	0.01433	0.00887	0.00547	0.00576	0.00165	0.04665	0.00479	0.00350	0.00728
12	0.00969	0.00912	0.01539	0.80734	0.03534	0.01140	0.01425	0.01311	0.01026	0.01311	0.00912	0.01368	0.00684	0.00513	0.00513	0.00171	0.00684	0.00456	0.00228	0.00570
13	0.01211	0.01384	0.03028	0.02163	0.02682	0.01298	0.76903	0.01644	0.01211	0.01644	0.01038	0.01384	0.00779	0.00433	0.00606	0.00173	0.00865	0.00606	0.00260	0.00692
14	0.01970	0.01606	0.01496	0.01190	0.01569	0.17966	0.00962	0.55688	0.02140	0.08543	0.01200	0.01206	0.00858	0.00599	0.00503	0.00150	0.00631	0.00438	0.00470	0.00814
15	0.00958	0.01122	0.09585	0.06007	0.08608	0.00929	0.27451	0.01285	0.01210	0.01623	0.13726	0.02613	0.21113	0.00758	0.00580	0.00168	0.00574	0.00731	0.00354	0.00605
16	0.00654	0.00523	0.00591	0.00610	0.00755	0.00459	0.00467	0.00812	0.01199	0.01504	0.16330	0.11761	0.50728	0.01302	0.00623	0.00182	0.00287	0.10278	0.00490	0.00445
17	0.00984	0.00928	0.01566	0.76811	0.07339	0.01144	0.01433	0.01324	0.01033	0.01329	0.00915	0.01363	0.00691	0.00510	0.00513	0.00170	0.00680	0.00456	0.00229	0.00582
18	0.00985	0.00928	0.01568	0.76652	0.07492	0.01144	0.01433	0.01325	0.01033	0.01330	0.00915	0.01363	0.00691	0.00510	0.00513	0.00170	0.00680	0.00456	0.00229	0.00583
19	0.00847	0.01374	0.32045	0.00971	0.01347	0.00766	0.01047	0.01230	0.01305	0.01885	0.47555	0.02736	0.03170	0.00825	0.00558	0.00162	0.00448	0.00709	0.00426	0.00593
20	0.00769	0.00573	0.00721	0.00680	0.00814	0.00551	0.00511	0.01110	0.08176	0.02027	0.67722	0.06091	0.06210	0.01041	0.00599	0.00164	0.00259	0.00917	0.00556	0.00510
21	0.01372	0.82276	0.02689	0.00878	0.01317	0.02030	0.00878	0.01536	0.01043	0.01207	0.00713	0.00823	0.00658	0.00439	0.00329	0.00110	0.00549	0.00274	0.00219	0.00658
22	0.01061	0.01048	0.07165	0.00815	0.01294	0.00724	0.00708	0.01318	0.01065	0.01668	0.00913	0.01065	0.00751	0.00388	0.00388	0.00083	0.00409	0.00310	0.00297	0.78528
23	0.01032	0.05158	0.30881	0.01043	0.01462	0.00982	0.01107	0.10780	0.03675	0.01954	0.28244	0.04361	0.05661	0.00768	0.00535	0.00161	0.00500	0.00641	0.00402	0.00651
24	0.01276	0.01102	0.01160	0.01044	0.01334	0.01276	0.00812	0.02727	0.77840	0.02146	0.02088	0.01914	0.01566	0.00696	0.00522	0.00174	0.00406	0.00580	0.00522	0.00812
25	0.85592	0.00992	0.00754	0.00675	0.00992	0.01151	0.00556	0.01508	0.00873	0.02302	0.00714	0.00834	0.00556	0.00476	0.00318	0.00159	0.00397	0.00278	0.00318	0.00556
26	0.00969	0.00912	0.01539	0.80734	0.03534	0.01140	0.01425	0.01311	0.01026	0.01311	0.00912	0.01368	0.00684	0.00513	0.00513	0.00171	0.00684	0.00456	0.00228	0.00570
27	0.01143	0.00987	0.05178	0.00893	0.01167	0.00963	0.00739	0.15049	0.25432	0.03686	0.23003	0.02767	0.15117	0.00865	0.00555	0.00166	0.00385	0.00725	0.00510	0.00669
28	0.00969	0.00912	0.01539	0.80734	0.03534	0.01140	0.01425	0.01311	0.01026	0.01311	0.00912	0.01368	0.00684	0.00513	0.00513	0.00171	0.00684	0.00456	0.00228	0.00570
29	0.00624	0.00451	0.00590	0.00702	0.00741	0.00418	0.00471	0.00716	0.00995	0.01315	0.02984	0.76588	0.08337	0.01587	0.00652	0.00206	0.00295	0.01434	0.00476	0.00418
30	0.00616	0.00520	0.00533	0.00530	0.00699	0.00437	0.00397	0.00755	0.01192	0.01439	0.10971	0.04851	0.72752	0.01280	0.00606	0.00172	0.00258	0.01071	0.00483	0.00437
31	0.01183	0.01131	0.01926	0.25504	0.57090	0.01196	0.01532	0.01499	0.01127	0.01571	0.00950	0.01298	0.00776	0.00473	0.00509	0.00158	0.00631	0.00457	0.00246	0.00743
32	0.85592	0.00992	0.00754	0.00675	0.00992	0.01151	0.00556	0.01508	0.00873	0.02302	0.00714	0.00834	0.00556	0.00476	0.00318	0.00159	0.00397	0.00278	0.00318	0.00556
33	0.01354	0.59227	0.17899	0.01021	0.01522	0.01824	0.01090	0.08222	0.01172	0.01470	0.00801	0.00911	0.00676	0.00464	0.00377	0.00124	0.00592	0.00312	0.00245	0.00697

[dist]
# distance from previous block
# <min> <max>
0	1

[block]
# block no. 2 follows, 48 sequences, length 20
# corresponding to MSA columns:
# 242-261
name=unknown_C
#
# <colnr> <probs for GDERKNQSTAVLIFYWHMCP>
#	G	D	E	R	K	N	Q	S	T	A	V	L	I	F	Y	W	H	M	C	P
0	0.01029	0.02654	0.79309	0.01462	0.02221	0.01192	0.01896	0.01625	0.01083	0.01625	0.00921	0.01083	0.00650	0.00487	0.00487	0.00162	0.00758	0.00379	0.00217	0.00758
1	0.00644	0.00521	0.00572	0.00559	0.00716	0.00449	0.00419	0.00809	0.01258	0.01596	0.28114	0.04593	0.55511	0.01221	0.00606	0.00170	0.00254	0.01034	0.00504	0.00449
2	0.00643	0.00482	0.00602	0.00689	0.00767	0.00441	0.00493	0.00760	0.01054	0.01356	0.03443	0.52720	0.23235	0.01504	0.00648	0.00202	0.00308	0.09749	0.00476	0.00427
3	0.01029	0.02654	0.79309	0.01462	0.02221	0.01192	0.01896	0.01625	0.01083	0.01625	0.00921	0.01083	0.00650	0.00487	0.00487	0.00162	0.00758	0.00379	0.00217	0.00758
4	0.07481	0.02527	0.73316	0.01402	0.02127	0.01189	0.01794	0.01616	0.01067	0.01677	0.00905	0.01064	0.00643	0.00487	0.00475	0.00162	0.00731	0.00371	0.00224	0.00743
5	0.00668	0.00515	0.00524	0.00528	0.00687	0.00446	0.00397	0.00814	0.01145	0.01457	0.04515	0.04483	0.62967	0.03288	0.00625	0.00176	0.00270	0.03300	0.12757	0.00438
6	0.00952	0.00889	0.00832	0.00774	0.00922	0.15558	0.00580	0.01173	0.01453	0.01905	0.63749	0.03281	0.04048	0.00950	0.00578	0.00156	0.00372	0.00815	0.00508	0.00505
7	0.01565	0.01184	0.01292	0.01038	0.01375	0.01289	0.00839	0.46626	0.15203	0.02758	0.16030	0.01836	0.01741	0.00702	0.00527	0.00156	0.00468	0.00564	0.00516	0.04290
8	0.01091	0.01010	0.01680	0.22315	0.44918	0.01060	0.01330	0.01393	0.01186	0.01656	0.15666	0.01781	0.01545	0.00584	0.00528	0.00159	0.00559	0.00546	0.00306	0.00689
9	0.01361	0.16820	0.38832	0.01356	0.01951	0.01279	0.12809	0.01778	0.01168	0.16259	0.01110	0.01207	0.00789	0.00498	0.00482	0.00154	0.00675	0.00420	0.00303	0.00752
10	0.00995	0.00928	0.01498	0.62974	0.03066	0.01059	0.03750	0.01318	0.01039	0.01390	0.00916	0.01311	0.00702	0.00485	0.00491	0.00153	0.00632	0.00432	0.00243	0.16617
11	0.01286	0.01202	0.01677	0.01378	0.01495	0.01554	0.06876	0.15656	0.01127	0.01645	0.00807	0.01163	0.00719	0.00809	0.01379	0.00207	0.59641	0.00463	0.00282	0.00630
12	0.02735	0.03412	0.01304	0.03909	0.15453	0.00906	0.04797	0.02784	0.09014	0.19953	0.03661	0.05419	0.01482	0.16093	0.00915	0.00226	0.00494	0.02745	0.04039	0.00660
13	0.01187	0.13795	0.24774	0.01480	0.10445	0.02670	0.06791	0.01556	0.04234	0.04823	0.01276	0.01449	0.06692	0.00628	0.00713	0.00167	0.15888	0.00469	0.00277	0.00687
14	0.00687	0.00925	0.15473	0.00699	0.00983	0.00577	0.00676	0.00905	0.01153	0.01431	0.04386	0.04206	0.63772	0.01145	0.00584	0.00171	0.00354	0.00949	0.00427	0.00495
15	0.17748	0.02076	0.01369	0.01338	0.07362	0.58957	0.00953	0.01910	0.01322	0.01486	0.00791	0.00934	0.00653	0.00513	0.00439	0.00139	0.00801	0.00330	0.00274	0.00604
16	0.01380	0.01207	0.01814	0.21384	0.33878	0.01306	0.04483	0.22162	0.03797	0.02026	0.01062	0.01308	0.00819	0.00520	0.00515	0.00159	0.00620	0.00468	0.00327	0.00765
17	0.01253	0.04769	0.14268	0.01774	0.20652	0.02628	0.13159	0.15776	0.01369	0.01870	0.01351	0.13922	0.01252	0.00698	0.00542	0.00167	0.00616	0.02883	0.00338	0.00714
18	0.02107	0.00917	0.01185	0.00938	0.01314	0.00853	0.00765	0.02543	0.15963	0.64513	0.02036	0.01778	0.01326	0.00647	0.00517	0.00162	0.00431	0.00528	0.00614	0.00862
19	0.01276	0.01102	0.01160	0.01044	0.01334	0.01276	0.00812	0.02727	0.77840	0.02146	0.02088	0.01914	0.01566	0.00696	0.00522	0.00174	0.00406	0.00580	0.00522	0.00812

[dist]
# distance from previous block
# <min> <max>
0	2

[block]
# block no. 3 follows, 48 sequences, length 16
# corresponding to MSA columns:
# 264-279
name=unknown_D
#
# <colnr> <probs for GDERKNQSTAVLIFYWHMCP>
#	G	D	E	R	K	N	Q	S	T	A	V	L	I	F	Y	W	H	M	C	P
0	0.01302	0.03647	0.12848	0.15241	0.10855	0.01043	0.09047	0.07703	0.01261	0.15087	0.02831	0.14124	0.01324	0.00705	0.00538	0.00168	0.00579	0.00633	0.00372	0.00692
1	0.34201	0.01152	0.01353	0.01083	0.01447	0.03869	0.12791	0.09787	0.14498	0.13165	0.01246	0.01282	0.00904	0.00546	0.00452	0.00162	0.00514	0.00437	0.00408	0.00701
2	0.01308	0.69377	0.02506	0.13538	0.01668	0.01889	0.00965	0.01501	0.01040	0.01224	0.00745	0.00909	0.00663	0.00451	0.00358	0.00119	0.00570	0.00303	0.00221	0.00644
3	0.85592	0.00992	0.00754	0.00675	0.00992	0.01151	0.00556	0.01508	0.00873	0.02302	0.00714	0.00834	0.00556	0.00476	0.00318	0.00159	0.00397	0.00278	0.00318	0.00556
4	0.01442	0.04701	0.17510	0.01229	0.01596	0.05223	0.07832	0.07595	0.01254	0.19771	0.01425	0.09338	0.01198	0.00743	0.00715	0.00176	0.13346	0.03828	0.00382	0.00699
5	0.00846	0.00994	0.14048	0.00869	0.01089	0.04157	0.00784	0.01126	0.03677	0.01479	0.17809	0.02677	0.08098	0.12232	0.25694	0.00414	0.00759	0.02377	0.00359	0.00512
6	0.00776	0.00509	0.00622	0.00622	0.00667	0.00535	0.00413	0.00866	0.00821	0.01196	0.01557	0.02746	0.01612	0.46790	0.24304	0.00531	0.00707	0.00648	0.13698	0.00379
7	0.01314	0.01719	0.22199	0.01785	0.02343	0.01330	0.42395	0.16896	0.01422	0.01961	0.01047	0.01277	0.00765	0.00484	0.00557	0.00166	0.00777	0.00519	0.00300	0.00745
8	0.01366	0.01370	0.14244	0.14863	0.12041	0.08796	0.03295	0.08190	0.01287	0.14187	0.01424	0.14039	0.01237	0.00703	0.00529	0.00166	0.00604	0.00605	0.00364	0.00690
9	0.01441	0.01423	0.01818	0.15228	0.23160	0.14599	0.08440	0.16285	0.01401	0.01800	0.00957	0.01217	0.00760	0.00551	0.00628	0.00162	0.08669	0.00450	0.00299	0.00710
10	0.01443	0.01300	0.01208	0.01056	0.01348	0.13681	0.00835	0.21265	0.32604	0.02155	0.02063	0.02186	0.10170	0.00766	0.00532	0.00166	0.00517	0.05507	0.00470	0.00727
11	0.00870	0.00693	0.00846	0.00808	0.00913	0.00750	0.00604	0.09581	0.01172	0.01566	0.08447	0.30816	0.18890	0.07818	0.00947	0.00217	0.13131	0.01005	0.00434	0.00492
12	0.40995	0.12342	0.01118	0.00759	0.01072	0.01133	0.00638	0.07460	0.01186	0.11093	0.13273	0.01484	0.01385	0.00596	0.00405	0.00150	0.00406	0.00430	0.03457	0.00618
13	0.01405	0.00936	0.01375	0.06289	0.08521	0.02599	0.09524	0.03120	0.05470	0.20685	0.01292	0.01518	0.00990	0.03020	0.00856	0.17005	0.00523	0.00474	0.00371	0.14027
14	0.01590	0.01018	0.01110	0.01041	0.05375	0.10140	0.00760	0.03391	0.13463	0.31689	0.02205	0.16869	0.07384	0.00854	0.00543	0.00168	0.00462	0.00719	0.00509	0.00709
15	0.01201	0.01043	0.01735	0.13762	0.28731	0.03185	0.13156	0.01491	0.01207	0.08542	0.12882	0.03577	0.01536	0.03265	0.02296	0.00186	0.00605	0.00587	0.00340	0.00675

[dist]
# distance from previous block
# <min> <max>
0	556

# created by:
# /st0/software/busco_prod/Augustus/scripts/msa2prfl.pl ./align_prep/74791.fa
