[name]
unknown

[dist]
# distance from previous block
# <min> <max>
0	96

[block]
# block no. 0 follows, 47 sequences, length 30
# corresponding to MSA columns:
# 96-125
name=unknown_A
#
# <colnr> <probs for GDERKNQSTAVLIFYWHMCP>
#	G	D	E	R	K	N	Q	S	T	A	V	L	I	F	Y	W	H	M	C	P
0	0.03250	0.16376	0.10917	0.01031	0.01382	0.01097	0.07232	0.05699	0.06023	0.01735	0.12552	0.08091	0.05689	0.00810	0.00528	0.00162	0.00498	0.09533	0.00384	0.07011
1	0.01577	0.09929	0.04138	0.03773	0.01571	0.01164	0.06833	0.13115	0.07697	0.20325	0.01322	0.01355	0.00961	0.00549	0.00522	0.00141	0.03604	0.00441	0.00418	0.20564
2	0.00835	0.00651	0.00820	0.00743	0.00806	0.03421	0.06390	0.00899	0.00868	0.01146	0.06187	0.03122	0.01916	0.63614	0.06111	0.00461	0.00578	0.00732	0.00324	0.00375
3	0.01249	0.17531	0.40820	0.01313	0.01883	0.01315	0.07371	0.01700	0.03249	0.08927	0.01132	0.01396	0.00878	0.00561	0.00528	0.00160	0.03550	0.03822	0.01883	0.00731
4	0.04318	0.01291	0.15686	0.12497	0.01846	0.00965	0.04785	0.04964	0.02800	0.09341	0.01095	0.01265	0.00826	0.00601	0.03308	0.00157	0.00577	0.00403	0.00326	0.32950
5	0.00969	0.00923	0.01572	0.69396	0.03307	0.01110	0.05912	0.01305	0.01064	0.01357	0.01277	0.01676	0.06825	0.00579	0.00534	0.00174	0.00671	0.00522	0.00253	0.00575
6	0.01620	0.01245	0.01359	0.01120	0.01453	0.01409	0.00903	0.35474	0.34032	0.06104	0.01726	0.01659	0.03209	0.00696	0.00599	0.00170	0.05346	0.00538	0.00512	0.00829
7	0.00685	0.00533	0.00609	0.00620	0.00728	0.00497	0.00443	0.00761	0.01044	0.01298	0.03853	0.17933	0.46335	0.09210	0.01012	0.08550	0.04008	0.01041	0.00430	0.00410
8	0.00706	0.00531	0.00653	0.00622	0.00759	0.00478	0.00467	0.00922	0.01400	0.01913	0.59452	0.04178	0.23746	0.01130	0.00615	0.00167	0.00250	0.00982	0.00550	0.00478
9	0.01945	0.02482	0.01476	0.01342	0.01610	0.79608	0.01006	0.02079	0.01476	0.01275	0.00805	0.00939	0.00671	0.00537	0.00470	0.00134	0.00939	0.00335	0.00268	0.00604
10	0.81508	0.01001	0.00786	0.00696	0.01022	0.01149	0.00573	0.01578	0.00914	0.05900	0.00787	0.00889	0.00598	0.00491	0.00332	0.00161	0.00405	0.00293	0.00337	0.00579
11	0.35466	0.01155	0.01118	0.00913	0.01266	0.04752	0.00746	0.23646	0.01526	0.18365	0.05394	0.01326	0.01051	0.00592	0.00445	0.00159	0.00477	0.00425	0.00458	0.00722
12	0.00849	0.00634	0.00902	0.00942	0.01064	0.00628	0.04530	0.04968	0.01182	0.01557	0.02582	0.29819	0.02873	0.04772	0.00767	0.00234	0.00448	0.40296	0.00465	0.00487
13	0.00690	0.00495	0.00667	0.00785	0.00843	0.00472	0.00579	0.00823	0.01057	0.01394	0.02893	0.58985	0.04976	0.01572	0.00679	0.00218	0.00350	0.21603	0.00482	0.00439
14	0.01222	0.01169	0.01993	0.20072	0.62096	0.01220	0.01565	0.01540	0.01154	0.01620	0.00968	0.01311	0.00796	0.00476	0.00517	0.00159	0.00635	0.00464	0.00252	0.00771
15	0.01356	0.05504	0.05680	0.18638	0.12401	0.13782	0.21320	0.07589	0.03256	0.01643	0.00987	0.01263	0.00768	0.00514	0.00562	0.00162	0.03129	0.00474	0.00279	0.00691
16	0.00893	0.00739	0.00989	0.00892	0.00913	0.00893	0.02563	0.00956	0.00789	0.01122	0.01294	0.02508	0.01423	0.47089	0.08371	0.00432	0.26791	0.00639	0.00283	0.00420
17	0.07997	0.01000	0.00986	0.00857	0.01112	0.10142	0.00667	0.10976	0.03569	0.15085	0.20474	0.08459	0.12321	0.00875	0.00542	0.00162	0.00431	0.00720	0.00495	0.03131
18	0.74513	0.03825	0.00888	0.00736	0.01063	0.05076	0.00606	0.01606	0.00950	0.05809	0.00791	0.00893	0.00607	0.00492	0.00339	0.00158	0.00437	0.00296	0.00331	0.00585
19	0.01226	0.01480	0.09435	0.02353	0.19258	0.01290	0.53689	0.01651	0.01208	0.01674	0.01027	0.01353	0.00786	0.00449	0.00583	0.00170	0.00812	0.00562	0.00258	0.00735
20	0.01471	0.01462	0.01297	0.01130	0.01428	0.25538	0.03850	0.07109	0.22534	0.04066	0.01513	0.04459	0.01278	0.00752	0.02202	0.00169	0.00624	0.06367	0.01735	0.11016
21	0.00701	0.00531	0.00646	0.00617	0.00756	0.00476	0.00463	0.00912	0.01388	0.01885	0.56374	0.04225	0.26842	0.01141	0.00615	0.00167	0.00251	0.00989	0.00546	0.00476
22	0.01853	0.01401	0.01565	0.06010	0.01715	0.01586	0.01029	0.66188	0.02233	0.03004	0.01186	0.01250	0.00858	0.00641	0.00615	0.00163	0.06913	0.00467	0.00480	0.00842
23	0.00633	0.00528	0.00552	0.00546	0.00714	0.00447	0.00409	0.00781	0.01228	0.01504	0.15652	0.04852	0.67801	0.01283	0.00615	0.00174	0.00261	0.01077	0.00496	0.00447
24	0.00907	0.00736	0.00996	0.00965	0.01012	0.00879	0.00770	0.01012	0.00934	0.01286	0.01848	0.06941	0.05459	0.16462	0.01504	0.06964	0.26666	0.23859	0.00347	0.00453
25	0.00667	0.00478	0.00633	0.00703	0.00763	0.00445	0.00486	0.00807	0.01148	0.01570	0.26703	0.56841	0.03909	0.01452	0.00649	0.00196	0.00284	0.01310	0.00512	0.00445
26	0.01287	0.01255	0.01380	0.25618	0.15363	0.18987	0.01083	0.05004	0.01223	0.01564	0.01108	0.01489	0.00912	0.05628	0.00613	0.00172	0.00637	0.00457	0.15613	0.00608
27	0.00719	0.00532	0.00671	0.00636	0.00767	0.00484	0.00477	0.00948	0.01432	0.01988	0.67475	0.04055	0.15676	0.01102	0.00614	0.00166	0.00248	0.00965	0.00560	0.00484
28	0.01200	0.25778	0.49123	0.01395	0.05965	0.05052	0.01563	0.01640	0.01109	0.01511	0.00869	0.01025	0.00671	0.00481	0.00448	0.00147	0.00707	0.00356	0.00225	0.00735
29	0.01337	0.09819	0.12798	0.21726	0.03618	0.01342	0.07151	0.23003	0.01457	0.01957	0.01053	0.01356	0.00828	0.05441	0.00627	0.00176	0.00642	0.00456	0.00324	0.04889

[dist]
# distance from previous block
# <min> <max>
0	3

[block]
# block no. 1 follows, 47 sequences, length 21
# corresponding to MSA columns:
# 129-149
name=unknown_B
#
# <colnr> <probs for GDERKNQSTAVLIFYWHMCP>
#	G	D	E	R	K	N	Q	S	T	A	V	L	I	F	Y	W	H	M	C	P
0	0.01152	0.19141	0.20570	0.07196	0.07982	0.01267	0.01154	0.06801	0.07469	0.01794	0.18556	0.01792	0.01735	0.00639	0.00495	0.00153	0.00543	0.00523	0.00351	0.00687
1	0.29766	0.08336	0.01169	0.00842	0.01167	0.01051	0.00705	0.01849	0.01178	0.32769	0.04475	0.01603	0.05662	0.00649	0.00537	0.00163	0.06466	0.00465	0.00455	0.00693
2	0.60647	0.00925	0.00783	0.00690	0.00986	0.01036	0.00562	0.04743	0.01035	0.08063	0.01020	0.01127	0.00769	0.00523	0.00353	0.00154	0.00385	0.00344	0.15268	0.00588
3	0.01370	0.01122	0.01554	0.15812	0.21222	0.01231	0.01160	0.12449	0.16731	0.07201	0.01336	0.01568	0.01042	0.00611	0.00602	0.00166	0.06169	0.02504	0.00379	0.05770
4	0.01610	0.03245	0.01563	0.01328	0.05027	0.20967	0.07344	0.23653	0.19550	0.02179	0.07093	0.01540	0.01285	0.00628	0.00521	0.00157	0.00630	0.00507	0.00424	0.00748
5	0.00669	0.00483	0.00578	0.00639	0.00687	0.00452	0.00415	0.00739	0.00959	0.01245	0.02946	0.42594	0.17191	0.26470	0.01273	0.00296	0.00358	0.01183	0.00431	0.00393
6	0.01197	0.01010	0.01136	0.00988	0.01233	0.06839	0.06005	0.16979	0.12549	0.03727	0.09112	0.17999	0.15804	0.00992	0.00582	0.00175	0.00457	0.02107	0.00478	0.00631
7	0.43179	0.00960	0.00988	0.00815	0.01172	0.00995	0.00670	0.02055	0.05718	0.36579	0.01404	0.01326	0.00950	0.00569	0.00425	0.00162	0.00421	0.00409	0.00479	0.00724
8	0.01303	0.01173	0.01525	0.04743	0.31832	0.06188	0.01130	0.10107	0.16328	0.03013	0.01766	0.06184	0.07388	0.00717	0.00542	0.00167	0.00542	0.04224	0.00387	0.00740
9	0.01810	0.01375	0.01467	0.01164	0.01550	0.01536	0.00949	0.58409	0.21029	0.03009	0.01465	0.01422	0.01060	0.00645	0.00523	0.00161	0.00533	0.00499	0.00523	0.00870
10	0.01367	0.01154	0.01218	0.01074	0.01381	0.01329	0.00842	0.10507	0.69652	0.02294	0.02029	0.01870	0.01516	0.00698	0.00529	0.00175	0.00429	0.00576	0.00529	0.00831
11	0.01392	0.82012	0.02729	0.00891	0.01337	0.02061	0.00891	0.01559	0.01058	0.01225	0.00724	0.00835	0.00668	0.00446	0.00334	0.00111	0.00557	0.00278	0.00223	0.00668
12	0.24933	0.17174	0.04147	0.01494	0.18735	0.22552	0.01023	0.01704	0.01153	0.01669	0.00811	0.00977	0.00675	0.00486	0.00413	0.00143	0.00638	0.00340	0.00271	0.00660
13	0.01031	0.01006	0.01821	0.01543	0.07062	0.01023	0.29677	0.01366	0.04596	0.01647	0.15023	0.11073	0.02011	0.04258	0.00830	0.00200	0.10007	0.04858	0.00364	0.00604
14	0.01451	0.07450	0.01675	0.03951	0.27934	0.14664	0.01124	0.06349	0.15095	0.05054	0.04659	0.01439	0.01125	0.00560	0.00495	0.00149	0.00594	0.00466	0.00354	0.05411
15	0.00665	0.00512	0.00608	0.00620	0.00743	0.00455	0.00451	0.00830	0.01250	0.01642	0.31782	0.21939	0.34037	0.01296	0.00626	0.00179	0.00266	0.01127	0.00517	0.00455
16	0.01267	0.01320	0.02106	0.17387	0.16692	0.08084	0.27164	0.01830	0.15437	0.01669	0.01192	0.01440	0.00917	0.00518	0.00549	0.00168	0.00712	0.00528	0.00306	0.00715
17	0.00812	0.00556	0.00681	0.00636	0.00794	0.00495	0.00482	0.01021	0.01388	0.07259	0.50793	0.04081	0.26836	0.01112	0.00608	0.00167	0.00265	0.00960	0.00551	0.00503
18	0.01364	0.01240	0.01437	0.01655	0.23123	0.15716	0.03502	0.08809	0.01357	0.06692	0.05808	0.07442	0.03269	0.06860	0.00713	0.00193	0.00598	0.09186	0.00378	0.00657
19	0.00653	0.00469	0.00600	0.00690	0.00732	0.00437	0.00459	0.00746	0.01011	0.01344	0.07379	0.62746	0.08479	0.10587	0.00882	0.00239	0.00319	0.01341	0.00470	0.00416
20	0.01503	0.01482	0.10389	0.01179	0.01614	0.07130	0.05734	0.32368	0.01670	0.02278	0.01133	0.04548	0.00909	0.00582	0.00531	0.00141	0.03303	0.00459	0.00384	0.22663

[dist]
# distance from previous block
# <min> <max>
0	1

[block]
# block no. 2 follows, 47 sequences, length 19
# corresponding to MSA columns:
# 151-169
name=unknown_C
#
# <colnr> <probs for GDERKNQSTAVLIFYWHMCP>
#	G	D	E	R	K	N	Q	S	T	A	V	L	I	F	Y	W	H	M	C	P
0	0.14070	0.22750	0.26490	0.01155	0.01670	0.03972	0.03668	0.11312	0.04737	0.04265	0.00977	0.01076	0.00743	0.00511	0.00436	0.00149	0.00616	0.00372	0.00305	0.00726
1	0.01191	0.03183	0.21139	0.01009	0.01513	0.00965	0.01001	0.10226	0.03237	0.03732	0.06947	0.01354	0.01105	0.00509	0.00453	0.00121	0.00501	0.00407	0.00343	0.41066
2	0.00838	0.00630	0.00758	0.00785	0.00898	0.00635	0.00562	0.07881	0.09577	0.01678	0.10068	0.52906	0.08035	0.01363	0.00629	0.00196	0.00331	0.01214	0.00501	0.00517
3	0.36651	0.07662	0.01217	0.00947	0.01269	0.18817	0.00765	0.13030	0.07729	0.02123	0.00985	0.01071	0.00767	0.00538	0.00405	0.00150	0.00553	0.00357	0.04317	0.00647
4	0.26755	0.03368	0.03788	0.00960	0.01330	0.00987	0.07200	0.03229	0.03645	0.32842	0.09484	0.01634	0.01375	0.00614	0.00475	0.00162	0.00463	0.00493	0.00476	0.00721
5	0.01402	0.00867	0.01151	0.09707	0.05677	0.00827	0.00811	0.05800	0.06102	0.23628	0.10515	0.08686	0.04142	0.00753	0.00529	0.00155	0.00436	0.02789	0.00473	0.15549
6	0.01240	0.06675	0.11088	0.01195	0.07159	0.00990	0.07958	0.04755	0.09834	0.10659	0.10117	0.08763	0.01687	0.00706	0.00512	0.00157	0.00484	0.00617	0.12036	0.03368
7	0.54585	0.01075	0.01024	0.00924	0.03561	0.01245	0.00726	0.08944	0.08405	0.06178	0.00981	0.01078	0.00749	0.00566	0.00507	0.00168	0.07908	0.00364	0.00367	0.00645
8	0.32548	0.16494	0.05659	0.00901	0.01304	0.01306	0.00811	0.12621	0.01303	0.20878	0.01136	0.01142	0.00812	0.00537	0.00412	0.00151	0.00487	0.00373	0.00405	0.00720
9	0.00905	0.00452	0.00678	0.00678	0.00678	0.00452	0.00452	0.00678	0.00678	0.00905	0.00905	0.01583	0.00905	0.01809	0.02035	0.84848	0.00452	0.00452	0.00226	0.00226
10	0.00709	0.00534	0.00657	0.00635	0.00773	0.00483	0.00483	0.00923	0.01381	0.01873	0.54188	0.04301	0.25088	0.01154	0.00620	0.00171	0.00263	0.04746	0.00544	0.00476
11	0.01045	0.02694	0.79000	0.01484	0.02254	0.01209	0.01924	0.01649	0.01099	0.01649	0.00935	0.01099	0.00660	0.00495	0.00495	0.00165	0.00770	0.00385	0.00220	0.00770
12	0.00717	0.00527	0.00671	0.00644	0.00768	0.00481	0.00479	0.00940	0.01413	0.01964	0.65192	0.08384	0.13627	0.01127	0.00617	0.00168	0.00251	0.00991	0.00557	0.00481
13	0.00700	0.00641	0.00818	0.00725	0.00923	0.00583	0.07358	0.00859	0.01169	0.01422	0.04640	0.04471	0.66939	0.01217	0.00675	0.00179	0.04742	0.01020	0.00450	0.00471
14	0.85377	0.01007	0.00765	0.00685	0.01007	0.01168	0.00564	0.01531	0.00886	0.02336	0.00725	0.00846	0.00564	0.00483	0.00322	0.00161	0.00403	0.00282	0.00322	0.00564
15	0.00946	0.00824	0.01192	0.04175	0.25833	0.02539	0.00925	0.01195	0.01284	0.01742	0.27271	0.03360	0.14128	0.00934	0.00592	0.00173	0.00432	0.11432	0.00427	0.00594
16	0.03494	0.00889	0.01087	0.00819	0.01222	0.00735	0.00661	0.03981	0.01289	0.26110	0.09560	0.01599	0.01377	0.00550	0.00456	0.00117	0.00395	0.00448	0.00450	0.44763
17	0.12947	0.03480	0.01179	0.00996	0.01209	0.04167	0.00811	0.12795	0.01291	0.12969	0.03455	0.13556	0.03157	0.00917	0.00767	0.00187	0.16232	0.08828	0.00425	0.00631
18	0.36182	0.01302	0.01122	0.00921	0.01285	0.12604	0.00742	0.18254	0.01382	0.06200	0.00955	0.01036	0.00723	0.00514	0.00409	0.00142	0.00518	0.00348	0.00373	0.14989

[dist]
# distance from previous block
# <min> <max>
0	1

[block]
# block no. 3 follows, 47 sequences, length 15
# corresponding to MSA columns:
# 171-185
name=unknown_D
#
# <colnr> <probs for GDERKNQSTAVLIFYWHMCP>
#	G	D	E	R	K	N	Q	S	T	A	V	L	I	F	Y	W	H	M	C	P
0	0.01447	0.45213	0.06336	0.01009	0.01419	0.08514	0.00938	0.11361	0.12100	0.01659	0.01218	0.01262	0.04419	0.00557	0.00419	0.00134	0.00570	0.00396	0.00320	0.00708
1	0.03968	0.05073	0.01262	0.00998	0.01322	0.01221	0.00807	0.19843	0.33034	0.12199	0.07027	0.02058	0.05639	0.00734	0.00526	0.00167	0.00444	0.02377	0.00521	0.00781
2	0.00670	0.00523	0.00607	0.00600	0.00740	0.00461	0.00445	0.00848	0.01296	0.01697	0.36791	0.11037	0.39952	0.01235	0.00619	0.00174	0.00259	0.01063	0.00523	0.00461
3	0.01163	0.04911	0.06561	0.46377	0.08119	0.09552	0.10393	0.01496	0.01116	0.01402	0.00915	0.01285	0.00708	0.00517	0.00556	0.00167	0.03438	0.00454	0.00240	0.00628
4	0.19982	0.00853	0.00883	0.00746	0.01031	0.04412	0.00599	0.01855	0.01225	0.32882	0.01588	0.01588	0.01117	0.00592	0.00424	0.00147	0.00390	0.00449	0.28567	0.00669
5	0.01376	0.01271	0.02072	0.02911	0.66365	0.01288	0.03749	0.11214	0.01349	0.01903	0.01016	0.01287	0.00832	0.00484	0.00519	0.00155	0.00621	0.00469	0.00292	0.00829
6	0.01091	0.08363	0.64644	0.01523	0.02241	0.01284	0.10460	0.01645	0.01111	0.01620	0.00933	0.01115	0.00675	0.00485	0.00497	0.00162	0.00767	0.00404	0.00225	0.00754
7	0.00876	0.00615	0.00698	0.00647	0.00836	0.00556	0.00494	0.05991	0.01358	0.07909	0.23147	0.08276	0.44324	0.01171	0.00604	0.00172	0.00296	0.00991	0.00522	0.00517
8	0.00652	0.00536	0.00578	0.00587	0.00751	0.00462	0.00453	0.00807	0.01218	0.01494	0.12559	0.04988	0.62582	0.01305	0.00626	0.00181	0.00285	0.08993	0.00492	0.00449
9	0.01106	0.01270	0.17500	0.01040	0.01376	0.01016	0.02114	0.09763	0.25522	0.01958	0.06346	0.17263	0.05619	0.00873	0.00550	0.00175	0.00466	0.00745	0.04612	0.00685
10	0.00747	0.00519	0.00655	0.00661	0.00692	0.00547	0.00430	0.00811	0.00794	0.01089	0.01624	0.06834	0.01782	0.53025	0.27005	0.00596	0.00778	0.00730	0.00312	0.00368
11	0.32803	0.00965	0.00988	0.04863	0.06950	0.04592	0.00688	0.03740	0.02528	0.09955	0.01175	0.01676	0.01035	0.20196	0.00953	0.00239	0.00492	0.00461	0.00352	0.05350
12	0.45129	0.07696	0.11415	0.00976	0.01347	0.12707	0.00895	0.06845	0.01117	0.02011	0.00798	0.00937	0.00629	0.00524	0.00460	0.00157	0.05103	0.00326	0.00302	0.00628
13	0.01408	0.27380	0.30174	0.01171	0.01707	0.03849	0.01265	0.12730	0.05088	0.06850	0.03065	0.01192	0.00894	0.00535	0.00454	0.00146	0.00626	0.00396	0.00319	0.00753
14	0.16100	0.11442	0.25119	0.01420	0.05746	0.19174	0.10781	0.01716	0.01164	0.01639	0.00861	0.01036	0.00671	0.00488	0.00456	0.00152	0.00725	0.00376	0.00257	0.00678

[dist]
# distance from previous block
# <min> <max>
0	5

[block]
# block no. 4 follows, 47 sequences, length 23
# corresponding to MSA columns:
# 191-210,213-215
name=unknown_E
#
# <colnr> <probs for GDERKNQSTAVLIFYWHMCP>
#	G	D	E	R	K	N	Q	S	T	A	V	L	I	F	Y	W	H	M	C	P
0	0.00921	0.01396	0.28068	0.00992	0.01426	0.00820	0.04168	0.03971	0.01215	0.03027	0.06948	0.02875	0.32555	0.00857	0.00547	0.00161	0.00491	0.00714	0.00375	0.08472
1	0.04658	0.43936	0.11615	0.00998	0.01462	0.08012	0.00982	0.05362	0.01194	0.07182	0.00902	0.00993	0.00731	0.00478	0.00393	0.00124	0.00583	0.00327	0.00285	0.09785
2	0.00741	0.00498	0.00573	0.00588	0.00592	0.00494	0.00337	0.00753	0.00788	0.01051	0.01800	0.13520	0.02094	0.71312	0.02393	0.00467	0.00479	0.00851	0.00337	0.00329
3	0.01392	0.82012	0.02729	0.00891	0.01337	0.02061	0.00891	0.01559	0.01058	0.01225	0.00724	0.00835	0.00668	0.00446	0.00334	0.00111	0.00557	0.00278	0.00223	0.00668
4	0.01239	0.01320	0.17047	0.01755	0.27166	0.01022	0.01224	0.01734	0.11299	0.10621	0.18173	0.01962	0.01842	0.00654	0.00536	0.00162	0.00520	0.00576	0.00399	0.00748
5	0.03496	0.50683	0.21189	0.01043	0.01539	0.03268	0.01117	0.03677	0.03930	0.01443	0.00877	0.01049	0.00748	0.03442	0.00473	0.00144	0.00606	0.00340	0.00249	0.00688
6	0.43995	0.01040	0.01043	0.00849	0.01214	0.01106	0.00701	0.14085	0.01343	0.28119	0.01256	0.01222	0.00859	0.00560	0.00422	0.00160	0.00444	0.00393	0.00463	0.00724
7	0.00943	0.00807	0.01173	0.01052	0.01128	0.01024	0.03618	0.01117	0.00866	0.01330	0.01141	0.01657	0.01046	0.02221	0.36975	0.00491	0.32147	0.00512	0.10236	0.00517
8	0.01840	0.17693	0.01715	0.01255	0.01558	0.64775	0.00984	0.01980	0.01396	0.01265	0.00789	0.00919	0.00670	0.00519	0.00444	0.00130	0.00866	0.00325	0.00260	0.00616
9	0.15810	0.00817	0.01074	0.01005	0.01244	0.00836	0.06788	0.02882	0.06382	0.10701	0.02185	0.03793	0.04139	0.01033	0.00600	0.00204	0.00485	0.38975	0.00458	0.00589
10	0.00783	0.00534	0.00714	0.00808	0.00900	0.00507	0.00625	0.00939	0.01111	0.04666	0.02984	0.42859	0.09123	0.01491	0.00676	0.00217	0.00373	0.29735	0.00489	0.00465
11	0.01284	0.00736	0.00867	0.00753	0.00975	0.00733	0.00590	0.08439	0.09790	0.16883	0.26697	0.02481	0.02479	0.00776	0.00509	0.00152	0.00331	0.00651	0.24238	0.00638
12	0.01217	0.01352	0.08767	0.01313	0.01573	0.07619	0.10338	0.03151	0.22064	0.01710	0.07415	0.02949	0.01389	0.00761	0.00885	0.00188	0.23608	0.02669	0.00361	0.00672
13	0.00692	0.00488	0.00601	0.00657	0.00695	0.00470	0.00427	0.00762	0.00933	0.01236	0.04655	0.38735	0.08748	0.32168	0.04293	0.00343	0.00419	0.02876	0.00414	0.00388
14	0.00696	0.00525	0.00715	0.07467	0.01038	0.00515	0.00609	0.00840	0.01067	0.01397	0.05494	0.52789	0.10986	0.01457	0.00654	0.00207	0.00356	0.12274	0.00465	0.00449
15	0.01806	0.01845	0.01398	0.01210	0.01476	0.43067	0.00932	0.16928	0.03142	0.07951	0.01084	0.01314	0.00887	0.07448	0.00768	0.00180	0.07118	0.00428	0.00356	0.00661
16	0.01638	0.01896	0.01336	0.01195	0.01423	0.50952	0.00913	0.07719	0.01495	0.01595	0.16353	0.01573	0.01540	0.00681	0.00607	0.00150	0.07508	0.00478	0.00346	0.00601
17	0.00892	0.00551	0.00646	0.00622	0.00771	0.00524	0.00483	0.01132	0.01197	0.01889	0.22700	0.02832	0.02446	0.00940	0.03752	0.00172	0.00329	0.08632	0.41880	0.07611
18	0.01294	0.01268	0.01863	0.11100	0.49049	0.07822	0.03900	0.01710	0.10064	0.01646	0.01091	0.01362	0.00889	0.00559	0.00580	0.03662	0.00632	0.00472	0.00286	0.00750
19	0.03429	0.26331	0.24746	0.07924	0.01924	0.01431	0.08783	0.05613	0.01188	0.09017	0.01020	0.01179	0.00775	0.00638	0.03733	0.00177	0.00684	0.00404	0.00288	0.00715
20	0.00898	0.00779	0.00798	0.00801	0.04055	0.07241	0.00534	0.01036	0.02836	0.01322	0.02439	0.09212	0.19344	0.30321	0.01314	0.00283	0.00456	0.04078	0.00372	0.11881
21	0.00783	0.07009	0.00886	0.00745	0.00848	0.00700	0.00560	0.00914	0.00871	0.01183	0.01791	0.05850	0.07980	0.22256	0.44619	0.00616	0.00970	0.00669	0.00309	0.00441
22	0.01068	0.07353	0.01522	0.34500	0.03904	0.01138	0.05405	0.03420	0.03850	0.04034	0.01419	0.01800	0.07039	0.04375	0.10018	0.00264	0.07469	0.00537	0.00295	0.00590

[dist]
# distance from previous block
# <min> <max>
2	325

# created by:
# /st0/software/busco_prod/Augustus/scripts/msa2prfl.pl ./align_prep/74851.fa
