[name]
unknown

[dist]
# distance from previous block
# <min> <max>
0	341

[block]
# block no. 0 follows, 53 sequences, length 6
# corresponding to MSA columns:
# 343-348
name=unknown_A
#
# <colnr> <probs for GDERKNQSTAVLIFYWHMCP>
#	G	D	E	R	K	N	Q	S	T	A	V	L	I	F	Y	W	H	M	C	P
0	0.00770	0.00550	0.00770	0.00880	0.00990	0.00550	0.00770	0.00990	0.01100	0.01430	0.02531	0.05391	0.02751	0.01320	0.00660	0.00220	0.00440	0.77004	0.00440	0.00440
1	0.00581	0.00423	0.00548	0.00648	0.00689	0.00390	0.00436	0.00668	0.00932	0.01227	0.02852	0.75161	0.10750	0.01469	0.00606	0.00191	0.00274	0.01324	0.00444	0.00390
2	0.01517	0.01190	0.01266	0.01039	0.01368	0.01342	0.00836	0.42290	0.39072	0.02529	0.01529	0.01451	0.01121	0.00609	0.00482	0.00152	0.00455	0.00483	0.00482	0.00786
3	0.01350	0.01501	0.02181	0.08533	0.02197	0.20947	0.43860	0.10496	0.01298	0.01587	0.00922	0.01166	0.00701	0.00451	0.00514	0.00150	0.00773	0.00474	0.00268	0.00632
4	0.08677	0.01219	0.01733	0.01324	0.01688	0.01314	0.24303	0.31374	0.14638	0.02210	0.01155	0.01259	0.00859	0.00539	0.00555	0.00156	0.05436	0.00474	0.00377	0.00710
5	0.00581	0.00466	0.00519	0.00546	0.00666	0.00404	0.00394	0.00701	0.01067	0.01333	0.11605	0.26305	0.51201	0.01267	0.00577	0.00169	0.00250	0.01092	0.00452	0.00404

[dist]
# distance from previous block
# <min> <max>
0	1

[block]
# block no. 1 follows, 53 sequences, length 41
# corresponding to MSA columns:
# 350-390
name=unknown_B
#
# <colnr> <probs for GDERKNQSTAVLIFYWHMCP>
#	G	D	E	R	K	N	Q	S	T	A	V	L	I	F	Y	W	H	M	C	P
0	0.01752	0.01336	0.01456	0.01138	0.01502	0.09988	0.06815	0.47126	0.08647	0.13433	0.01262	0.01250	0.00893	0.00561	0.00481	0.00145	0.00554	0.00444	0.00451	0.00767
1	0.54375	0.00901	0.00855	0.00721	0.01035	0.00974	0.00591	0.04082	0.04868	0.23963	0.02870	0.01137	0.00848	0.00511	0.00368	0.00149	0.00382	0.00353	0.00398	0.00619
2	0.01109	0.00593	0.00783	0.00709	0.00900	0.00536	0.00568	0.01312	0.01293	0.24639	0.38076	0.03392	0.09917	0.00941	0.00555	0.00162	0.00314	0.13126	0.00524	0.00550
3	0.00883	0.00818	0.01364	0.74935	0.03067	0.01009	0.01251	0.01193	0.00990	0.01282	0.07764	0.01475	0.00976	0.00521	0.00485	0.00159	0.00601	0.00463	0.00240	0.00524
4	0.00871	0.00696	0.00830	0.07821	0.01076	0.04184	0.00620	0.09526	0.01377	0.01866	0.50294	0.04923	0.06380	0.00915	0.00549	0.00156	0.00341	0.06607	0.00469	0.00498
5	0.00734	0.00529	0.00742	0.00901	0.07723	0.00503	0.00607	0.00878	0.01023	0.04114	0.07664	0.47407	0.06896	0.01286	0.00599	0.00189	0.00336	0.16983	0.00435	0.00451
6	0.28620	0.00937	0.01180	0.42653	0.02222	0.01118	0.00990	0.09896	0.05143	0.01757	0.00880	0.01126	0.00661	0.00486	0.00420	0.00154	0.00525	0.00378	0.00283	0.00570
7	0.08570	0.00795	0.00954	0.00854	0.01075	0.00841	0.04080	0.01736	0.31079	0.11939	0.13665	0.18615	0.02118	0.00836	0.00510	0.00164	0.00356	0.00726	0.00470	0.00616
8	0.00960	0.01783	0.43926	0.01420	0.01952	0.01029	0.24594	0.01391	0.01036	0.01478	0.04609	0.01518	0.03688	0.07720	0.00669	0.00182	0.00677	0.00492	0.00244	0.00629
9	0.01889	0.00798	0.01054	0.00831	0.01162	0.00716	0.00680	0.06100	0.03033	0.63188	0.10319	0.01948	0.03509	0.00660	0.00495	0.00150	0.00389	0.01753	0.00570	0.00757
10	0.01011	0.00846	0.01405	0.74957	0.03111	0.01030	0.01273	0.01318	0.00992	0.08154	0.00940	0.01305	0.00685	0.00488	0.00478	0.00158	0.00617	0.00430	0.00246	0.00556
11	0.00903	0.00850	0.01434	0.82054	0.03292	0.01062	0.01327	0.01221	0.00956	0.01221	0.00850	0.01274	0.00637	0.00478	0.00478	0.00159	0.00637	0.00425	0.00212	0.00531
12	0.06214	0.02087	0.01331	0.01183	0.01449	0.66837	0.00900	0.11747	0.01441	0.01458	0.00788	0.00894	0.00636	0.00500	0.00430	0.00127	0.00793	0.00321	0.00279	0.00585
13	0.00647	0.00485	0.00583	0.00583	0.00664	0.00483	0.00407	0.00740	0.00852	0.01106	0.02578	0.03255	0.28330	0.31246	0.25507	0.00452	0.00633	0.00747	0.00332	0.00370
14	0.74601	0.00909	0.00760	0.00660	0.00966	0.01020	0.00544	0.01536	0.00892	0.13268	0.00839	0.00897	0.00612	0.00465	0.00322	0.00148	0.00375	0.00290	0.00338	0.00560
15	0.00663	0.00494	0.00562	0.00547	0.00693	0.00429	0.00410	0.00818	0.01173	0.04581	0.28569	0.09172	0.47915	0.01130	0.00564	0.00159	0.00245	0.00964	0.00476	0.00434
16	0.01321	0.00892	0.01035	0.00881	0.01138	0.00932	0.00717	0.29225	0.08706	0.11789	0.20281	0.02612	0.05615	0.00816	0.00530	0.00159	0.00402	0.11804	0.00497	0.00649
17	0.02060	0.00810	0.01093	0.00844	0.01200	0.00709	0.00695	0.04192	0.01390	0.74480	0.05941	0.01716	0.01347	0.00611	0.00485	0.00148	0.00400	0.00499	0.00585	0.00794
18	0.00897	0.00741	0.00885	0.00676	0.01007	0.00581	0.00532	0.01113	0.01100	0.01665	0.24636	0.01767	0.01851	0.00541	0.00417	0.00095	0.00315	0.00458	0.00356	0.60368
19	0.01602	0.00693	0.00930	0.00784	0.01045	0.00616	0.00617	0.01798	0.03245	0.51767	0.11013	0.20056	0.02015	0.00840	0.00519	0.00159	0.00356	0.00723	0.00548	0.00675
20	0.00763	0.00479	0.00637	0.00704	0.00773	0.00451	0.00507	0.00870	0.00964	0.08160	0.02436	0.54366	0.02773	0.09711	0.00793	0.00222	0.00336	0.14194	0.00440	0.00424
21	0.01709	0.01611	0.03585	0.01289	0.01646	0.31039	0.16104	0.19005	0.01503	0.16208	0.01088	0.01153	0.00785	0.00510	0.00477	0.00140	0.00689	0.00418	0.00359	0.00681
22	0.01183	0.01136	0.01940	0.02934	0.80221	0.01136	0.01467	0.01467	0.01088	0.01562	0.00899	0.01183	0.00757	0.00426	0.00473	0.00142	0.00568	0.00426	0.00237	0.00757
23	0.01612	0.00709	0.00948	0.00767	0.01045	0.00630	0.00617	0.03502	0.01382	0.50697	0.29816	0.02312	0.02366	0.00729	0.00510	0.00149	0.00344	0.00617	0.00566	0.00684
24	0.01719	0.01226	0.01332	0.01051	0.01409	0.01350	0.00858	0.55976	0.17955	0.09992	0.01379	0.01322	0.00979	0.00591	0.00480	0.00148	0.00485	0.00458	0.00490	0.00801
25	0.01278	0.83490	0.02505	0.00818	0.01227	0.01891	0.00818	0.01431	0.00971	0.01125	0.00664	0.00767	0.00613	0.00409	0.00307	0.00102	0.00511	0.00256	0.00204	0.00613
26	0.00991	0.00850	0.00991	0.00708	0.01133	0.00637	0.00566	0.01203	0.00991	0.01557	0.00850	0.00991	0.00708	0.00354	0.00354	0.00071	0.00354	0.00283	0.00283	0.86124
27	0.00569	0.00484	0.00490	0.00488	0.00648	0.00405	0.00366	0.00693	0.01099	0.01313	0.07466	0.04564	0.77389	0.01202	0.00565	0.00161	0.00242	0.01004	0.00447	0.00405
28	0.01128	0.01289	0.02820	0.02015	0.02498	0.01209	0.78485	0.01531	0.01128	0.01531	0.00967	0.01289	0.00725	0.00403	0.00564	0.00161	0.00806	0.00564	0.00242	0.00645
29	0.01133	0.01277	0.02749	0.02089	0.08775	0.01203	0.72265	0.01526	0.01125	0.01533	0.00961	0.01281	0.00728	0.00405	0.00557	0.00160	0.00787	0.00553	0.00241	0.00654
30	0.00582	0.00418	0.00553	0.00661	0.00692	0.00389	0.00442	0.00666	0.00920	0.01222	0.02694	0.80788	0.05226	0.01490	0.00609	0.00193	0.00276	0.01349	0.00444	0.00389
31	0.00695	0.00463	0.00521	0.00521	0.00521	0.00463	0.00290	0.00695	0.00695	0.00927	0.01506	0.03128	0.01738	0.83203	0.02433	0.00463	0.00463	0.00695	0.00290	0.00290
32	0.00612	0.00441	0.00580	0.00640	0.00699	0.00409	0.00444	0.00743	0.01062	0.01448	0.27799	0.54934	0.05768	0.01320	0.00594	0.00179	0.00259	0.01188	0.00470	0.00409
33	0.01323	0.51693	0.02143	0.01006	0.01376	0.13048	0.07611	0.01683	0.13422	0.01305	0.00904	0.00987	0.00757	0.00458	0.00375	0.00120	0.00566	0.00335	0.00258	0.00630
34	0.01183	0.01136	0.01940	0.02934	0.80221	0.01136	0.01467	0.01467	0.01088	0.01562	0.00899	0.01183	0.00757	0.00426	0.00473	0.00142	0.00568	0.00426	0.00237	0.00757
35	0.00627	0.00463	0.00586	0.00604	0.00696	0.00422	0.00434	0.00788	0.01164	0.01582	0.41915	0.30353	0.16223	0.01189	0.00579	0.00167	0.00246	0.01054	0.00485	0.00422
36	0.00922	0.00888	0.01555	0.75059	0.03223	0.01075	0.08071	0.01248	0.00971	0.01248	0.00860	0.01276	0.00645	0.00471	0.00485	0.00159	0.00652	0.00437	0.00215	0.00541
37	0.01021	0.18317	0.65428	0.01256	0.01904	0.01263	0.01581	0.01498	0.01002	0.01438	0.00820	0.00962	0.00607	0.00445	0.00425	0.00142	0.00668	0.00334	0.00202	0.00688
38	0.00683	0.00512	0.00768	0.00768	0.00853	0.00597	0.00597	0.00853	0.00768	0.01110	0.01280	0.01878	0.01195	0.03585	0.81308	0.00768	0.01280	0.00512	0.00256	0.00427
39	0.01406	0.02855	0.01761	0.02408	0.60328	0.01052	0.01277	0.01664	0.01150	0.19722	0.01121	0.01276	0.00852	0.00464	0.00471	0.00142	0.00530	0.00435	0.00318	0.00767
40	0.01319	0.01283	0.02331	0.01814	0.08386	0.01276	0.49403	0.22205	0.03602	0.01943	0.01037	0.01257	0.00772	0.00457	0.00532	0.00155	0.00700	0.00517	0.00311	0.00702

[dist]
# distance from previous block
# <min> <max>
0	2

[block]
# block no. 2 follows, 53 sequences, length 55
# corresponding to MSA columns:
# 393-447
name=unknown_C
#
# <colnr> <probs for GDERKNQSTAVLIFYWHMCP>
#	G	D	E	R	K	N	Q	S	T	A	V	L	I	F	Y	W	H	M	C	P
0	0.01156	0.01143	0.02055	0.07833	0.62279	0.01143	0.14368	0.01462	0.01087	0.01535	0.00907	0.01207	0.00744	0.00425	0.00489	0.00146	0.00612	0.00449	0.00236	0.00724
1	0.03952	0.01384	0.05311	0.01101	0.01497	0.01453	0.00941	0.72855	0.02150	0.02916	0.01121	0.01131	0.00795	0.00565	0.00472	0.00144	0.00531	0.00422	0.00460	0.00800
2	0.07025	0.01025	0.01239	0.01066	0.06807	0.01041	0.00810	0.29117	0.04779	0.36721	0.04411	0.01454	0.01118	0.00581	0.00471	0.00147	0.00450	0.00462	0.00502	0.00775
3	0.80643	0.01019	0.00748	0.00671	0.00963	0.06687	0.00546	0.01440	0.00851	0.02076	0.00671	0.00782	0.00524	0.00447	0.00305	0.00146	0.00404	0.00262	0.00292	0.00520
4	0.75392	0.06717	0.00904	0.00783	0.05789	0.01133	0.00597	0.01411	0.00841	0.02037	0.00680	0.00801	0.00539	0.00440	0.00307	0.00144	0.00392	0.00269	0.00286	0.00539
5	0.06467	0.01145	0.01810	0.02596	0.66914	0.01169	0.01349	0.09757	0.01196	0.01753	0.00911	0.01154	0.00748	0.00443	0.00463	0.00142	0.00551	0.00416	0.00266	0.00748
6	0.00610	0.00442	0.00583	0.00686	0.00736	0.00415	0.00489	0.00718	0.00956	0.01258	0.02773	0.65315	0.08478	0.01450	0.00615	0.00196	0.00300	0.13140	0.00443	0.00397
7	0.00676	0.00489	0.00639	0.00601	0.00714	0.00451	0.00451	0.00902	0.01353	0.01917	0.79969	0.03570	0.04510	0.00977	0.00564	0.00150	0.00225	0.00864	0.00526	0.00451
8	0.01258	0.78542	0.07282	0.00851	0.01278	0.01844	0.00876	0.01436	0.00973	0.01148	0.00676	0.00782	0.00613	0.00412	0.00316	0.00105	0.00523	0.00262	0.00204	0.00619
9	0.01625	0.00958	0.01146	0.00859	0.01252	0.00872	0.00702	0.20964	0.01445	0.31174	0.01308	0.01266	0.00910	0.00497	0.00432	0.00117	0.00416	0.00393	0.00446	0.33218
10	0.01484	0.01445	0.01229	0.01072	0.01357	0.24054	0.00834	0.17537	0.41766	0.01965	0.01443	0.01394	0.01090	0.00589	0.00469	0.00147	0.00545	0.00452	0.00416	0.00710
11	0.00991	0.00850	0.00991	0.00708	0.01133	0.00637	0.00566	0.01203	0.00991	0.01557	0.00850	0.00991	0.00708	0.00354	0.00354	0.00071	0.00354	0.00283	0.00283	0.86124
12	0.01106	0.10363	0.63260	0.01279	0.01918	0.01153	0.03787	0.01582	0.01042	0.08839	0.00937	0.01051	0.00664	0.00461	0.00445	0.00146	0.00662	0.00361	0.00240	0.00705
13	0.00583	0.00496	0.00504	0.00500	0.00661	0.00422	0.00376	0.00734	0.02703	0.01336	0.08473	0.04492	0.74710	0.01188	0.00563	0.00161	0.00244	0.00992	0.00449	0.00413
14	0.01012	0.02308	0.67406	0.01444	0.02104	0.04129	0.11921	0.01531	0.01038	0.01503	0.00868	0.01041	0.00622	0.00449	0.00468	0.00152	0.00725	0.00379	0.00209	0.00692
15	0.00998	0.00947	0.01606	0.55162	0.29439	0.01087	0.01375	0.01305	0.01001	0.01337	0.00866	0.01243	0.00678	0.00460	0.00476	0.00153	0.00614	0.00425	0.00221	0.00608
16	0.00983	0.08584	0.74825	0.01321	0.02005	0.01169	0.01694	0.01507	0.01006	0.01484	0.00843	0.00991	0.00606	0.00451	0.00443	0.00148	0.00692	0.00346	0.00202	0.00699
17	0.00609	0.00444	0.00596	0.02819	0.00789	0.00423	0.00495	0.00714	0.00943	0.01245	0.02688	0.69089	0.06901	0.01439	0.00609	0.00194	0.00301	0.08867	0.00437	0.00398
18	0.01189	0.01136	0.02001	0.05249	0.67768	0.01132	0.09725	0.01485	0.01095	0.03254	0.00926	0.01207	0.00759	0.00429	0.00483	0.00145	0.00592	0.00442	0.00244	0.00739
19	0.01394	0.01540	0.01875	0.01472	0.01826	0.26086	0.31398	0.07273	0.18964	0.01628	0.01130	0.01258	0.00863	0.00498	0.00499	0.00148	0.00707	0.00470	0.00315	0.00654
20	0.00959	0.02472	0.80726	0.01362	0.02069	0.01110	0.01766	0.01514	0.01009	0.01514	0.00858	0.01009	0.00605	0.00454	0.00454	0.00151	0.00706	0.00353	0.00202	0.00706
21	0.00626	0.00447	0.00605	0.00716	0.00762	0.00426	0.00520	0.00741	0.00958	0.01269	0.02610	0.64840	0.03066	0.01456	0.00622	0.00200	0.00315	0.18978	0.00443	0.00400
22	0.01138	0.48083	0.36690	0.01056	0.01595	0.01550	0.01232	0.01467	0.00988	0.01295	0.00749	0.00873	0.00610	0.00429	0.00371	0.00124	0.00596	0.00298	0.00203	0.00654
23	0.01019	0.00968	0.01643	0.49307	0.35131	0.01092	0.01385	0.01323	0.01011	0.01362	0.00870	0.01236	0.00687	0.00456	0.00476	0.00152	0.00608	0.00425	0.00222	0.00625
24	0.00638	0.00459	0.00604	0.00628	0.00705	0.00425	0.00448	0.00804	0.01172	0.01628	0.47961	0.36400	0.03952	0.01192	0.00583	0.00168	0.00247	0.01069	0.00492	0.00425
25	0.02116	0.00859	0.01137	0.00872	0.01243	0.00770	0.00720	0.08938	0.01444	0.73836	0.01822	0.01585	0.01151	0.00590	0.00480	0.00148	0.00417	0.00476	0.00582	0.00813
26	0.01182	0.01107	0.01850	0.02740	0.72430	0.01113	0.01403	0.04330	0.01132	0.01608	0.01008	0.01439	0.00881	0.00486	0.00485	0.00147	0.00558	0.05103	0.00258	0.00740
27	0.01102	0.01234	0.02644	0.01902	0.02358	0.01162	0.71802	0.01517	0.03071	0.01566	0.05816	0.01441	0.00974	0.00444	0.00562	0.00161	0.00760	0.00582	0.00265	0.00636
28	0.00687	0.00497	0.00693	0.00693	0.00752	0.00556	0.00503	0.00805	0.00746	0.01054	0.01349	0.02261	0.01361	0.27982	0.57138	0.00675	0.01030	0.00568	0.00266	0.00385
29	0.86579	0.00924	0.00702	0.00629	0.00924	0.01072	0.00518	0.01405	0.00813	0.02144	0.00666	0.00776	0.00518	0.00444	0.00296	0.00148	0.00370	0.00259	0.00296	0.00518
30	0.53353	0.01087	0.00989	0.00813	0.01143	0.01233	0.00671	0.31675	0.01375	0.02485	0.00854	0.00922	0.00633	0.00495	0.00367	0.00146	0.00431	0.00326	0.00367	0.00633
31	0.23465	0.41490	0.01691	0.00777	0.01147	0.01382	0.00712	0.01650	0.01030	0.21307	0.00971	0.00985	0.00732	0.00464	0.00348	0.00125	0.00449	0.00313	0.00325	0.00639
32	0.43387	0.02823	0.01313	0.01030	0.02961	0.01123	0.14766	0.12651	0.01164	0.13202	0.00967	0.01051	0.00699	0.00475	0.00401	0.00149	0.00484	0.00373	0.00351	0.00632
33	0.46700	0.01020	0.01258	0.01655	0.35926	0.01103	0.00943	0.01461	0.02952	0.01883	0.00801	0.00982	0.00647	0.00441	0.00379	0.00146	0.00457	0.00340	0.00275	0.00629
34	0.01082	0.01192	0.19510	0.00948	0.01285	0.00918	0.00901	0.01822	0.31851	0.09299	0.23567	0.02089	0.02090	0.00690	0.00500	0.00155	0.00415	0.00582	0.00441	0.00665
35	0.01256	0.77819	0.07980	0.00856	0.01286	0.01837	0.00884	0.01437	0.00974	0.01152	0.00678	0.00784	0.00613	0.00412	0.00317	0.00106	0.00525	0.00262	0.00204	0.00620
36	0.00767	0.00547	0.00761	0.00867	0.00973	0.00547	0.00753	0.00980	0.01086	0.01412	0.02493	0.05309	0.02714	0.04291	0.00724	0.00229	0.00441	0.74235	0.00435	0.00435
37	0.01105	0.00860	0.00952	0.00888	0.01105	0.00956	0.00675	0.02059	0.54409	0.07305	0.02112	0.21924	0.01863	0.00855	0.00517	0.00169	0.00355	0.00740	0.00483	0.00669
38	0.01437	0.01090	0.01703	0.02336	0.57026	0.03522	0.01250	0.01711	0.02605	0.20849	0.01154	0.01292	0.00870	0.00473	0.00474	0.00143	0.00534	0.00438	0.00328	0.00765
39	0.00695	0.00463	0.00521	0.00521	0.00521	0.00463	0.00290	0.00695	0.00695	0.00927	0.01506	0.03128	0.01738	0.83203	0.02433	0.00463	0.00463	0.00695	0.00290	0.00290
40	0.00991	0.00850	0.00991	0.00708	0.01133	0.00637	0.00566	0.01203	0.00991	0.01557	0.00850	0.00991	0.00708	0.00354	0.00354	0.00071	0.00354	0.00283	0.00283	0.86124
41	0.01216	0.13013	0.46765	0.01168	0.01724	0.01201	0.01344	0.06296	0.10533	0.10634	0.01097	0.01148	0.00787	0.00494	0.00442	0.00145	0.00596	0.00382	0.00297	0.00718
42	0.00695	0.00463	0.00521	0.00521	0.00521	0.00463	0.00290	0.00695	0.00695	0.00927	0.01506	0.03128	0.01738	0.83203	0.02433	0.00463	0.00463	0.00695	0.00290	0.00290
43	0.01189	0.01150	0.01986	0.02771	0.70008	0.01149	0.08182	0.02804	0.03171	0.01595	0.00937	0.01207	0.00774	0.00432	0.00482	0.00144	0.00583	0.00441	0.00248	0.00748
44	0.00695	0.00465	0.00528	0.00528	0.00530	0.00467	0.00298	0.00699	0.00697	0.00932	0.01500	0.03093	0.01723	0.81009	0.04606	0.00472	0.00486	0.00690	0.00289	0.00293
45	0.01039	0.01472	0.32221	0.00970	0.01492	0.00821	0.01041	0.01384	0.01032	0.06376	0.03376	0.01117	0.00815	0.00427	0.00407	0.00110	0.00491	0.00341	0.00278	0.44791
46	0.01113	0.26658	0.53385	0.01174	0.01775	0.01324	0.01430	0.01529	0.01015	0.05280	0.00850	0.00967	0.00636	0.00447	0.00411	0.00136	0.00633	0.00330	0.00222	0.00684
47	0.00901	0.00679	0.00832	0.00665	0.00941	0.00553	0.00519	0.01118	0.01179	0.05606	0.37848	0.02227	0.02507	0.00657	0.00458	0.00112	0.00297	0.00564	0.00412	0.41925
48	0.01184	0.01125	0.01854	0.02736	0.72269	0.01141	0.01395	0.01575	0.08969	0.01606	0.01004	0.01243	0.00828	0.00448	0.00475	0.00144	0.00549	0.00437	0.00262	0.00757
49	0.00607	0.00477	0.00549	0.00560	0.00685	0.00420	0.00415	0.00755	0.01137	0.01463	0.25721	0.16529	0.43846	0.01193	0.00575	0.00165	0.00250	0.03769	0.00467	0.00416
50	0.06453	0.75706	0.05064	0.00825	0.01237	0.01815	0.00832	0.01432	0.00963	0.01200	0.00671	0.00776	0.00607	0.00413	0.00311	0.00107	0.00509	0.00259	0.00210	0.00611
51	0.06293	0.00878	0.00999	0.00727	0.01140	0.00709	0.00585	0.05222	0.01055	0.03844	0.00882	0.01004	0.00715	0.00377	0.00360	0.00081	0.00365	0.00295	0.00302	0.74166
52	0.00565	0.00484	0.00484	0.00484	0.00646	0.00403	0.00363	0.00686	0.01089	0.01291	0.04842	0.04600	0.80027	0.01210	0.00565	0.00161	0.00242	0.01009	0.00444	0.00403
53	0.01579	0.01678	0.01271	0.01118	0.01395	0.39611	0.00862	0.14894	0.29159	0.01770	0.01235	0.01236	0.00947	0.00561	0.00458	0.00140	0.00635	0.00411	0.00370	0.00669
54	0.01544	0.01237	0.01753	0.01317	0.01706	0.05395	0.25380	0.33269	0.02888	0.12746	0.01440	0.01494	0.06380	0.00564	0.00509	0.00150	0.00594	0.00515	0.00404	0.00717

[dist]
# distance from previous block
# <min> <max>
0	4

# created by:
# /st0/software/busco_prod/Augustus/scripts/msa2prfl.pl ./align_prep/74859.fa
