[name]
unknown

[dist]
# distance from previous block
# <min> <max>
0	7

[block]
# block no. 0 follows, 42 sequences, length 10
# corresponding to MSA columns:
# 7-16
name=unknown_A
#
# <colnr> <probs for GDERKNQSTAVLIFYWHMCP>
#	G	D	E	R	K	N	Q	S	T	A	V	L	I	F	Y	W	H	M	C	P
0	0.03432	0.04040	0.01248	0.01004	0.01312	0.00954	0.02410	0.13233	0.04977	0.27788	0.02210	0.25606	0.02014	0.01012	0.00600	0.00187	0.00465	0.02534	0.00562	0.04412
1	0.01513	0.01324	0.01174	0.01040	0.01301	0.20109	0.00786	0.07093	0.11436	0.10333	0.13014	0.11645	0.02118	0.06841	0.00746	0.00196	0.00567	0.00715	0.00479	0.07569
2	0.01775	0.01252	0.01354	0.01084	0.01497	0.05141	0.00869	0.16740	0.23255	0.18930	0.01708	0.01632	0.01233	0.00639	0.00529	0.00155	0.00510	0.00509	0.00526	0.20663
3	0.00948	0.00809	0.01190	0.01531	0.23975	0.00779	0.00887	0.01199	0.01360	0.01866	0.29650	0.03452	0.20591	0.01301	0.07760	0.00244	0.00508	0.00863	0.00463	0.00625
4	0.00815	0.00541	0.00649	0.00688	0.00765	0.00529	0.00479	0.00952	0.01079	0.01534	0.06226	0.23672	0.10510	0.20896	0.07593	0.00338	0.00469	0.04956	0.16855	0.00455
5	0.00726	0.00581	0.00655	0.00661	0.00830	0.00510	0.00512	0.00912	0.01356	0.01710	0.21595	0.05256	0.50839	0.01379	0.00679	0.00196	0.00310	0.10256	0.00544	0.00493
6	0.01448	0.01143	0.01262	0.01046	0.01434	0.01173	0.00826	0.05721	0.44027	0.07955	0.01849	0.01767	0.01389	0.00649	0.00524	0.00156	0.00447	0.00533	0.00509	0.26142
7	0.00746	0.00546	0.00700	0.00718	0.00824	0.00500	0.00517	0.00942	0.01388	0.01905	0.44460	0.29495	0.12403	0.01384	0.00682	0.00196	0.00288	0.01230	0.00577	0.00500
8	0.26520	0.08361	0.01228	0.00817	0.01269	0.01043	0.00677	0.01514	0.01101	0.01998	0.00914	0.01066	0.00755	0.00455	0.00391	0.00114	0.00439	0.00322	0.00329	0.50688
9	0.01551	0.01225	0.01609	0.15132	0.16192	0.01312	0.01172	0.16210	0.20284	0.08480	0.01506	0.01601	0.01123	0.00619	0.00549	0.00169	0.00574	0.00524	0.00443	0.09726

[dist]
# distance from previous block
# <min> <max>
24	82

[block]
# block no. 1 follows, 42 sequences, length 92
# corresponding to MSA columns:
# 121-212
name=unknown_B
#
# <colnr> <probs for GDERKNQSTAVLIFYWHMCP>
#	G	D	E	R	K	N	Q	S	T	A	V	L	I	F	Y	W	H	M	C	P
0	0.48490	0.01038	0.01035	0.00869	0.01224	0.01118	0.00714	0.02025	0.03344	0.27335	0.03649	0.01398	0.01054	0.00626	0.00500	0.00178	0.03766	0.00431	0.00475	0.00732
1	0.01393	0.01337	0.02284	0.03454	0.76712	0.01337	0.01727	0.01727	0.01281	0.01839	0.01059	0.01393	0.00891	0.00501	0.00557	0.00167	0.00669	0.00501	0.00279	0.00891
2	0.01393	0.01337	0.02284	0.03454	0.76712	0.01337	0.01727	0.01727	0.01281	0.01839	0.01059	0.01393	0.00891	0.00501	0.00557	0.00167	0.00669	0.00501	0.00279	0.00891
3	0.01063	0.01000	0.01688	0.78870	0.03876	0.01250	0.01563	0.01438	0.01125	0.01438	0.01000	0.01500	0.00750	0.00563	0.00563	0.00188	0.00750	0.00500	0.00250	0.00625
4	0.01063	0.01000	0.01688	0.78870	0.03876	0.01250	0.01563	0.01438	0.01125	0.01438	0.01000	0.01500	0.00750	0.00563	0.00563	0.00188	0.00750	0.00500	0.00250	0.00625
5	0.00686	0.00490	0.00653	0.00784	0.00816	0.00457	0.00522	0.00784	0.01077	0.01437	0.03102	0.79855	0.03722	0.01763	0.00718	0.00229	0.00326	0.01600	0.00522	0.00457
6	0.01505	0.80561	0.02949	0.00963	0.01444	0.02227	0.00963	0.01685	0.01143	0.01324	0.00782	0.00903	0.00722	0.00481	0.00361	0.00120	0.00602	0.00301	0.00241	0.00722
7	0.01231	0.01231	0.01724	0.01477	0.01477	0.01724	0.01231	0.01354	0.00862	0.01354	0.00739	0.01231	0.00739	0.00985	0.01847	0.00246	0.79192	0.00492	0.00246	0.00616
8	0.00686	0.00490	0.00653	0.00784	0.00816	0.00457	0.00522	0.00784	0.01077	0.01437	0.03102	0.79855	0.03722	0.01763	0.00718	0.00229	0.00326	0.01600	0.00522	0.00457
9	0.01556	0.01286	0.01360	0.01177	0.01523	0.01473	0.00928	0.18127	0.60305	0.02605	0.02093	0.01942	0.01558	0.00745	0.00571	0.00186	0.00482	0.00609	0.00571	0.00905
10	0.00988	0.00520	0.00775	0.00765	0.00765	0.00541	0.00520	0.00759	0.00739	0.00993	0.00967	0.01690	0.00967	0.01914	0.02185	0.80111	0.03807	0.00489	0.00244	0.00260
11	0.01129	0.02911	0.77306	0.01604	0.02436	0.01307	0.02079	0.01782	0.01188	0.01782	0.01010	0.01188	0.00713	0.00535	0.00535	0.00178	0.00832	0.00416	0.00238	0.00832
12	0.01129	0.02911	0.77306	0.01604	0.02436	0.01307	0.02079	0.01782	0.01188	0.01782	0.01010	0.01188	0.00713	0.00535	0.00535	0.00178	0.00832	0.00416	0.00238	0.00832
13	0.01393	0.01337	0.02284	0.03454	0.76712	0.01337	0.01727	0.01727	0.01281	0.01839	0.01059	0.01393	0.00891	0.00501	0.00557	0.00167	0.00669	0.00501	0.00279	0.00891
14	0.00726	0.00556	0.00667	0.00688	0.00818	0.00498	0.00506	0.00905	0.01343	0.01763	0.29534	0.22562	0.31543	0.01415	0.00682	0.00197	0.00298	0.04250	0.00556	0.00492
15	0.01328	0.01518	0.03321	0.02372	0.02941	0.01423	0.74668	0.01803	0.01328	0.01803	0.01139	0.01518	0.00854	0.00474	0.00664	0.00190	0.00949	0.00664	0.00285	0.00759
16	0.01063	0.01000	0.01688	0.78870	0.03876	0.01250	0.01563	0.01438	0.01125	0.01438	0.01000	0.01500	0.00750	0.00563	0.00563	0.00188	0.00750	0.00500	0.00250	0.00625
17	0.01393	0.01337	0.02284	0.03454	0.76712	0.01337	0.01727	0.01727	0.01281	0.01839	0.01059	0.01393	0.00891	0.00501	0.00557	0.00167	0.00669	0.00501	0.00279	0.00891
18	0.01393	0.01337	0.02284	0.03454	0.76712	0.01337	0.01727	0.01727	0.01281	0.01839	0.01059	0.01393	0.00891	0.00501	0.00557	0.00167	0.00669	0.00501	0.00279	0.00891
19	0.00686	0.00490	0.00653	0.00784	0.00816	0.00457	0.00522	0.00784	0.01077	0.01437	0.03102	0.79855	0.03722	0.01763	0.00718	0.00229	0.00326	0.01600	0.00522	0.00457
20	0.01393	0.01337	0.02284	0.03454	0.76712	0.01337	0.01727	0.01727	0.01281	0.01839	0.01059	0.01393	0.00891	0.00501	0.00557	0.00167	0.00669	0.00501	0.00279	0.00891
21	0.02102	0.02682	0.01595	0.01450	0.01740	0.77963	0.01087	0.02247	0.01595	0.01377	0.00870	0.01015	0.00725	0.00580	0.00507	0.00145	0.01015	0.00362	0.00290	0.00652
22	0.01063	0.01000	0.01688	0.78870	0.03876	0.01250	0.01563	0.01438	0.01125	0.01438	0.01000	0.01500	0.00750	0.00563	0.00563	0.00188	0.00750	0.00500	0.00250	0.00625
23	0.00796	0.00575	0.00752	0.00708	0.00841	0.00531	0.00531	0.01062	0.01593	0.02257	0.76415	0.04204	0.05310	0.01150	0.00664	0.00177	0.00265	0.01018	0.00619	0.00531
24	0.02525	0.00958	0.01306	0.01001	0.01437	0.00827	0.00827	0.02743	0.01611	0.77102	0.02220	0.01915	0.01393	0.00697	0.00566	0.00174	0.00479	0.00566	0.00697	0.00958
25	0.02525	0.00958	0.01306	0.01001	0.01437	0.00827	0.00827	0.02743	0.01611	0.77102	0.02220	0.01915	0.01393	0.00697	0.00566	0.00174	0.00479	0.00566	0.00697	0.00958
26	0.01328	0.01518	0.03321	0.02372	0.02941	0.01423	0.74668	0.01803	0.01328	0.01803	0.01139	0.01518	0.00854	0.00474	0.00664	0.00190	0.00949	0.00664	0.00285	0.00759
27	0.01400	0.01209	0.01273	0.01145	0.01463	0.01400	0.00891	0.02990	0.75695	0.02354	0.02291	0.02100	0.01718	0.00764	0.00573	0.00191	0.00445	0.00636	0.00573	0.00891
28	0.02139	0.01576	0.01689	0.01295	0.01745	0.01745	0.01070	0.74835	0.02646	0.03547	0.01351	0.01351	0.00957	0.00676	0.00563	0.00169	0.00619	0.00507	0.00563	0.00957
29	0.01063	0.01000	0.01688	0.78870	0.03876	0.01250	0.01563	0.01438	0.01125	0.01438	0.01000	0.01500	0.00750	0.00563	0.00563	0.00188	0.00750	0.00500	0.00250	0.00625
30	0.01505	0.80561	0.02949	0.00963	0.01444	0.02227	0.00963	0.01685	0.01143	0.01324	0.00782	0.00903	0.00722	0.00481	0.00361	0.00120	0.00602	0.00301	0.00241	0.00722
31	0.01063	0.01000	0.01688	0.78870	0.03876	0.01250	0.01563	0.01438	0.01125	0.01438	0.01000	0.01500	0.00750	0.00563	0.00563	0.00188	0.00750	0.00500	0.00250	0.00625
32	0.01393	0.01337	0.02284	0.03454	0.76712	0.01337	0.01727	0.01727	0.01281	0.01839	0.01059	0.01393	0.00891	0.00501	0.00557	0.00167	0.00669	0.00501	0.00279	0.00891
33	0.01393	0.01337	0.02284	0.03454	0.76712	0.01337	0.01727	0.01727	0.01281	0.01839	0.01059	0.01393	0.00891	0.00501	0.00557	0.00167	0.00669	0.00501	0.00279	0.00891
34	0.02525	0.00958	0.01306	0.01001	0.01437	0.00827	0.00827	0.02743	0.01611	0.77102	0.02220	0.01915	0.01393	0.00697	0.00566	0.00174	0.00479	0.00566	0.00697	0.00958
35	0.01220	0.01160	0.01972	0.43005	0.38514	0.01292	0.01641	0.01575	0.01200	0.01628	0.01028	0.01449	0.00817	0.00534	0.00560	0.00178	0.00711	0.00501	0.00264	0.00752
36	0.00907	0.00648	0.00907	0.01036	0.01166	0.00648	0.00907	0.01166	0.01296	0.01684	0.02980	0.06348	0.03239	0.01555	0.00777	0.00259	0.00518	0.72924	0.00518	0.00518
37	0.01160	0.09309	0.71179	0.01551	0.02354	0.01383	0.01987	0.01774	0.01184	0.01744	0.00991	0.01165	0.00714	0.00530	0.00520	0.00173	0.00813	0.00406	0.00238	0.00823
38	0.01187	0.14999	0.65731	0.01504	0.02281	0.01450	0.01905	0.01767	0.01181	0.01711	0.00974	0.01144	0.00714	0.00526	0.00508	0.00169	0.00796	0.00398	0.00238	0.00815
39	0.00907	0.00648	0.00907	0.01036	0.01166	0.00648	0.00907	0.01166	0.01296	0.01684	0.02980	0.06348	0.03239	0.01555	0.00777	0.00259	0.00518	0.72924	0.00518	0.00518
40	0.01211	0.19885	0.61052	0.01464	0.02219	0.01508	0.01835	0.01761	0.01178	0.01682	0.00960	0.01126	0.00715	0.00523	0.00497	0.00166	0.00781	0.00391	0.00238	0.00808
41	0.01224	0.01161	0.01605	0.01853	0.24491	0.07870	0.05810	0.04739	0.01220	0.01646	0.01577	0.01979	0.07277	0.03270	0.22810	0.00392	0.07461	0.00591	0.02345	0.00677
42	0.01217	0.01895	0.34374	0.01295	0.01825	0.01278	0.01368	0.02271	0.36629	0.02031	0.02033	0.01995	0.07879	0.00722	0.00564	0.00185	0.00600	0.00589	0.00422	0.00828
43	0.00665	0.00570	0.00570	0.00570	0.00760	0.00475	0.00428	0.00808	0.01283	0.01520	0.05701	0.05416	0.76483	0.01425	0.00665	0.00190	0.00285	0.01188	0.00523	0.00475
44	0.01449	0.07175	0.05734	0.02542	0.34688	0.05816	0.22531	0.01797	0.01286	0.04905	0.01077	0.01375	0.00863	0.00537	0.00653	0.00175	0.05771	0.00524	0.00292	0.00810
45	0.01290	0.07791	0.60937	0.01558	0.02314	0.01333	0.06542	0.01862	0.01231	0.08402	0.01110	0.01255	0.00783	0.00542	0.00534	0.00175	0.00793	0.00437	0.00281	0.00831
46	0.00958	0.00908	0.01724	0.01430	0.01683	0.00854	0.29707	0.01218	0.01195	0.01602	0.02319	0.42568	0.02552	0.01238	0.00702	0.00216	0.00588	0.07528	0.00429	0.00581
47	0.01692	0.01343	0.01397	0.01187	0.01547	0.04164	0.00941	0.22105	0.48966	0.07309	0.01985	0.01850	0.01460	0.00729	0.00567	0.00182	0.00514	0.00588	0.00568	0.00904
48	0.01381	0.40162	0.31282	0.01290	0.01900	0.01715	0.05898	0.01764	0.01206	0.05167	0.02894	0.01182	0.00876	0.00529	0.00464	0.00151	0.00697	0.00398	0.00274	0.00773
49	0.01330	0.01522	0.08845	0.06473	0.38114	0.01364	0.30426	0.01748	0.01285	0.01801	0.01083	0.01430	0.00855	0.00496	0.00598	0.00178	0.00796	0.00558	0.00276	0.00822
50	0.01234	0.01112	0.01060	0.00957	0.01235	0.07376	0.00741	0.08413	0.33885	0.02051	0.03431	0.03248	0.30964	0.01001	0.00603	0.00185	0.00445	0.00819	0.00529	0.00714
51	0.01296	0.02379	0.52266	0.01504	0.02187	0.01337	0.05117	0.13795	0.05377	0.02135	0.06252	0.01483	0.01124	0.00609	0.00556	0.00178	0.00744	0.00495	0.00337	0.00832
52	0.00995	0.01101	0.10540	0.01112	0.01451	0.00864	0.13509	0.01380	0.07411	0.04870	0.05826	0.08052	0.36439	0.01068	0.00671	0.00191	0.02507	0.00933	0.00454	0.00626
53	0.00686	0.00490	0.00653	0.00784	0.00816	0.00457	0.00522	0.00784	0.01077	0.01437	0.03102	0.79855	0.03722	0.01763	0.00718	0.00229	0.00326	0.01600	0.00522	0.00457
54	0.01270	0.01619	0.12706	0.02245	0.08808	0.01339	0.54020	0.01742	0.01325	0.01835	0.06364	0.01652	0.01149	0.00532	0.00638	0.00185	0.00863	0.00643	0.00301	0.00764
55	0.04474	0.04605	0.01559	0.04646	0.03622	0.51327	0.01053	0.03998	0.01497	0.07726	0.01136	0.06179	0.00980	0.00678	0.00580	0.00160	0.04287	0.00474	0.00342	0.00677
56	0.01288	0.01250	0.02189	0.26185	0.48593	0.01318	0.07688	0.01646	0.01238	0.01714	0.01048	0.01436	0.00846	0.00518	0.00568	0.00175	0.00716	0.00514	0.00270	0.00800
57	0.01019	0.00522	0.00535	0.00546	0.00669	0.00519	0.00404	0.01268	0.01172	0.02044	0.01940	0.08505	0.01630	0.00747	0.00420	0.00139	0.00268	0.00613	0.76522	0.00519
58	0.01661	0.18790	0.20850	0.01541	0.08101	0.01579	0.07821	0.20769	0.01621	0.10266	0.01195	0.01293	0.00879	0.00569	0.00521	0.00163	0.00686	0.00460	0.00379	0.00853
59	0.02068	0.01482	0.06509	0.07644	0.01899	0.01478	0.01123	0.48464	0.02202	0.19162	0.01488	0.01475	0.01018	0.00662	0.00562	0.00172	0.00613	0.00513	0.00545	0.00922
60	0.00686	0.00490	0.00653	0.00784	0.00816	0.00457	0.00522	0.00784	0.01077	0.01437	0.03102	0.79855	0.03722	0.01763	0.00718	0.00229	0.00326	0.01600	0.00522	0.00457
61	0.01451	0.22888	0.02934	0.01809	0.02326	0.01604	0.44322	0.01923	0.07423	0.06089	0.01200	0.01422	0.00921	0.00513	0.00569	0.00170	0.00786	0.00558	0.00320	0.00771
62	0.01970	0.01125	0.01384	0.01172	0.03812	0.02706	0.02841	0.09530	0.22893	0.37531	0.07237	0.02028	0.01674	0.00731	0.00575	0.00178	0.00497	0.00608	0.00611	0.00895
63	0.00917	0.08082	0.30936	0.01009	0.01475	0.00946	0.01121	0.01263	0.01234	0.01607	0.03451	0.03382	0.40451	0.00997	0.00589	0.00180	0.00526	0.00811	0.00387	0.00636
64	0.01823	0.02153	0.01866	0.02238	0.31216	0.47837	0.01339	0.02043	0.01472	0.01559	0.00944	0.01163	0.00790	0.00549	0.00527	0.00154	0.00879	0.00417	0.00285	0.00746
65	0.11434	0.17321	0.35759	0.01323	0.01910	0.08841	0.01453	0.10218	0.01350	0.01937	0.00957	0.01104	0.00732	0.00556	0.00517	0.00164	0.02963	0.00388	0.00294	0.00775
66	0.02143	0.03846	0.03956	0.01191	0.01639	0.01435	0.01008	0.41968	0.08512	0.25895	0.01670	0.01570	0.01141	0.00679	0.00558	0.00171	0.00567	0.00527	0.00585	0.00940
67	0.00709	0.00531	0.00674	0.00765	0.00848	0.00495	0.00548	0.00840	0.01135	0.01471	0.03596	0.50472	0.20551	0.01822	0.05659	0.00266	0.00411	0.08228	0.00508	0.00470
68	0.00809	0.00647	0.00810	0.00876	0.00941	0.03848	0.00634	0.00945	0.01044	0.01395	0.02425	0.46391	0.02757	0.04130	0.23791	0.00435	0.03203	0.04002	0.00434	0.00484
69	0.12691	0.13825	0.21468	0.01333	0.07863	0.01321	0.01230	0.06681	0.01380	0.23372	0.02858	0.01404	0.01019	0.00590	0.00498	0.00166	0.00605	0.00451	0.00415	0.00828
70	0.01380	0.01328	0.02238	0.03291	0.70512	0.01369	0.01686	0.01696	0.01247	0.01799	0.01032	0.01380	0.00879	0.00541	0.00663	0.00174	0.07139	0.00501	0.00276	0.00869
71	0.01607	0.01860	0.01299	0.01211	0.01428	0.47576	0.00917	0.01778	0.01341	0.01400	0.01142	0.01478	0.00995	0.01783	0.26003	0.00394	0.01129	0.00452	0.05611	0.00595
72	0.00975	0.01079	0.08175	0.04438	0.01608	0.01013	0.14659	0.01210	0.01102	0.01517	0.02156	0.30821	0.08135	0.02954	0.00966	0.00223	0.17010	0.00993	0.00380	0.00585
73	0.04967	0.27374	0.04701	0.02312	0.40955	0.04991	0.01392	0.04037	0.01276	0.01731	0.00956	0.01188	0.00813	0.00506	0.00481	0.00152	0.00656	0.00419	0.00277	0.00814
74	0.00686	0.00490	0.00653	0.00784	0.00816	0.00457	0.00522	0.00784	0.01077	0.01437	0.03102	0.79855	0.03722	0.01763	0.00718	0.00229	0.00326	0.01600	0.00522	0.00457
75	0.01326	0.43634	0.38310	0.01268	0.01916	0.01789	0.01494	0.01731	0.01165	0.01542	0.00891	0.01038	0.00718	0.00507	0.00444	0.00148	0.00711	0.00356	0.00239	0.00774
76	0.03738	0.01168	0.01494	0.31077	0.02422	0.03811	0.01190	0.20540	0.05999	0.10266	0.01548	0.02146	0.01252	0.00748	0.00584	0.00189	0.00639	0.10004	0.00437	0.00749
77	0.01183	0.02141	0.41338	0.31969	0.02945	0.07601	0.01795	0.01685	0.01197	0.01613	0.00995	0.01297	0.00729	0.00549	0.00543	0.00179	0.00815	0.00445	0.00247	0.00736
78	0.00816	0.00608	0.00856	0.00830	0.00919	0.00582	0.05242	0.00962	0.01158	0.01577	0.21400	0.24513	0.03357	0.27330	0.01412	0.00320	0.00438	0.06744	0.00472	0.00462
79	0.01267	0.05234	0.66237	0.01551	0.02314	0.07636	0.01921	0.01849	0.01234	0.04238	0.01032	0.01189	0.00737	0.00542	0.00528	0.00174	0.00828	0.00413	0.00257	0.00818
80	0.01087	0.17104	0.19479	0.01239	0.01621	0.01243	0.09137	0.01420	0.02975	0.01584	0.04488	0.22741	0.05169	0.00955	0.00684	0.00188	0.07065	0.00808	0.00356	0.00658
81	0.00702	0.00501	0.00671	0.00802	0.00841	0.00471	0.00550	0.00811	0.01093	0.01454	0.03093	0.74583	0.03687	0.01748	0.00723	0.00231	0.00340	0.06715	0.00522	0.00461
82	0.01185	0.01318	0.07092	0.42117	0.11863	0.01316	0.23736	0.01604	0.01209	0.01616	0.01049	0.01473	0.00795	0.00527	0.00591	0.00185	0.00806	0.00545	0.00263	0.00709
83	0.01357	0.01401	0.02728	0.16338	0.14498	0.01405	0.43976	0.07743	0.01393	0.01886	0.01118	0.01482	0.00849	0.00511	0.00621	0.00184	0.00842	0.00596	0.00300	0.00772
84	0.01145	0.01686	0.25050	0.38583	0.07761	0.01300	0.13281	0.01618	0.01186	0.01625	0.01029	0.01401	0.00764	0.00536	0.00570	0.00184	0.00801	0.00500	0.00253	0.00726
85	0.00754	0.00557	0.00713	0.00807	0.00872	0.00541	0.00554	0.00990	0.07272	0.01585	0.09506	0.66770	0.03697	0.01627	0.00701	0.00221	0.00331	0.01469	0.00535	0.00499
86	0.01506	0.06706	0.17503	0.01325	0.01769	0.09092	0.12717	0.01826	0.01349	0.18929	0.04653	0.13790	0.04726	0.00814	0.00587	0.00180	0.00651	0.00714	0.00426	0.00739
87	0.01498	0.06885	0.36459	0.01223	0.01789	0.01077	0.01355	0.01898	0.01311	0.24492	0.01933	0.08682	0.07429	0.00762	0.00560	0.00179	0.00621	0.00622	0.00425	0.00800
88	0.01076	0.01070	0.01501	0.01300	0.01529	0.10411	0.19619	0.01350	0.03576	0.01627	0.06839	0.34331	0.04092	0.01190	0.00675	0.00206	0.00589	0.07995	0.00440	0.00583
89	0.01227	0.01800	0.25154	0.03706	0.23775	0.01282	0.24332	0.01686	0.01265	0.01777	0.01450	0.01703	0.07052	0.00580	0.00593	0.00180	0.00775	0.00582	0.00288	0.00793
90	0.01424	0.08070	0.09126	0.03649	0.06417	0.05007	0.42050	0.01818	0.01316	0.08358	0.01300	0.06492	0.01057	0.00591	0.00607	0.00181	0.00812	0.00638	0.00328	0.00759
91	0.01357	0.04034	0.05728	0.04638	0.17403	0.07726	0.34449	0.01714	0.01256	0.01679	0.01108	0.04467	0.00937	0.00607	0.00757	0.00187	0.10327	0.00596	0.00284	0.00745

[dist]
# distance from previous block
# <min> <max>
48	116

[block]
# block no. 2 follows, 42 sequences, length 7
# corresponding to MSA columns:
# 345-351
name=unknown_C
#
# <colnr> <probs for GDERKNQSTAVLIFYWHMCP>
#	G	D	E	R	K	N	Q	S	T	A	V	L	I	F	Y	W	H	M	C	P
0	0.13552	0.01073	0.01100	0.00925	0.01259	0.01145	0.00736	0.15588	0.22635	0.02462	0.01589	0.01639	0.01212	0.00633	0.00473	0.00154	0.00431	0.00491	0.19086	0.13815
1	0.01659	0.03426	0.01527	0.01470	0.13301	0.01289	0.01021	0.10933	0.26364	0.16288	0.01722	0.01712	0.01274	0.00679	0.00629	0.00174	0.05739	0.00543	0.03880	0.06371
2	0.00891	0.00736	0.01084	0.01041	0.01189	0.00745	0.08936	0.01282	0.12850	0.01621	0.02603	0.48515	0.02852	0.01676	0.07740	0.00281	0.00531	0.04376	0.00483	0.00566
3	0.01168	0.13496	0.01416	0.00866	0.01296	0.01014	0.00723	0.01387	0.01157	0.01687	0.01477	0.01606	0.09301	0.00577	0.00528	0.00112	0.05497	0.00434	0.00334	0.55923
4	0.01528	0.01494	0.13337	0.03928	0.01737	0.01278	0.01088	0.19464	0.22320	0.06507	0.01512	0.01527	0.01118	0.00614	0.00527	0.00157	0.00554	0.00491	0.00457	0.20362
5	0.01268	0.10166	0.13271	0.01054	0.01417	0.01130	0.00961	0.13014	0.09447	0.05494	0.02111	0.25251	0.05815	0.00993	0.00580	0.00181	0.00506	0.00840	0.00454	0.06046
6	0.01592	0.10216	0.02452	0.02099	0.20697	0.01367	0.27234	0.04342	0.03813	0.14808	0.01303	0.01483	0.00972	0.00534	0.00569	0.00168	0.00707	0.00544	0.00370	0.04729

[dist]
# distance from previous block
# <min> <max>
0	16

[block]
# block no. 3 follows, 42 sequences, length 10
# corresponding to MSA columns:
# 368-377
name=unknown_D
#
# <colnr> <probs for GDERKNQSTAVLIFYWHMCP>
#	G	D	E	R	K	N	Q	S	T	A	V	L	I	F	Y	W	H	M	C	P
0	0.06462	0.06588	0.26070	0.01549	0.08145	0.26296	0.01405	0.06203	0.01420	0.04641	0.01122	0.01450	0.00911	0.00616	0.00524	0.00167	0.00798	0.04562	0.00317	0.00753
1	0.01351	0.46304	0.31434	0.01289	0.01910	0.01829	0.05617	0.01729	0.01171	0.01527	0.00890	0.01047	0.00726	0.00501	0.00445	0.00146	0.00710	0.00366	0.00242	0.00766
2	0.00968	0.00971	0.09792	0.00802	0.01062	0.00702	0.00651	0.01126	0.00975	0.01414	0.01432	0.02571	0.01495	0.44878	0.01794	0.00352	0.00537	0.00613	0.00326	0.27539
3	0.01324	0.45332	0.02394	0.28318	0.02300	0.01838	0.01198	0.01568	0.01111	0.01367	0.00855	0.01143	0.00734	0.00557	0.00569	0.00156	0.07926	0.00388	0.00245	0.00678
4	0.01286	0.00658	0.00873	0.00826	0.01014	0.00589	0.00615	0.01455	0.01353	0.25484	0.16616	0.37066	0.07286	0.01294	0.00657	0.00200	0.00361	0.01142	0.00595	0.00630
5	0.17795	0.01151	0.01409	0.09726	0.09204	0.01218	0.01000	0.13542	0.10253	0.26769	0.01568	0.01559	0.01092	0.00634	0.00523	0.00176	0.00537	0.00501	0.00504	0.00840
6	0.01659	0.01198	0.01685	0.18845	0.15333	0.07518	0.06673	0.02019	0.05155	0.24361	0.08420	0.01847	0.01444	0.00651	0.00575	0.00176	0.00631	0.00576	0.00445	0.00789
7	0.00686	0.00490	0.00653	0.00784	0.00816	0.00457	0.00522	0.00784	0.01077	0.01437	0.03102	0.79855	0.03722	0.01763	0.00718	0.00229	0.00326	0.01600	0.00522	0.00457
8	0.01029	0.01853	0.43389	0.01251	0.01729	0.00956	0.01416	0.01362	0.01069	0.01532	0.01368	0.08750	0.01282	0.01110	0.01010	0.22071	0.00668	0.07249	0.00291	0.00616
9	0.01204	0.02069	0.39262	0.15015	0.23263	0.01313	0.06514	0.01711	0.01212	0.01742	0.01030	0.01318	0.00777	0.00526	0.00554	0.00177	0.00780	0.00469	0.00254	0.00809

[dist]
# distance from previous block
# <min> <max>
0	1

[block]
# block no. 4 follows, 42 sequences, length 12
# corresponding to MSA columns:
# 379-390
name=unknown_E
#
# <colnr> <probs for GDERKNQSTAVLIFYWHMCP>
#	G	D	E	R	K	N	Q	S	T	A	V	L	I	F	Y	W	H	M	C	P
0	0.00678	0.00521	0.00621	0.00701	0.00794	0.00464	0.00486	0.00793	0.01157	0.01469	0.04110	0.50985	0.31942	0.01632	0.00698	0.00214	0.00310	0.01440	0.00522	0.00464
1	0.02525	0.00958	0.01306	0.01001	0.01437	0.00827	0.00827	0.02743	0.01611	0.77102	0.02220	0.01915	0.01393	0.00697	0.00566	0.00174	0.00479	0.00566	0.00697	0.00958
2	0.00959	0.01994	0.47556	0.01227	0.01784	0.00986	0.01444	0.01402	0.01180	0.01650	0.02365	0.10152	0.18955	0.05039	0.00706	0.00205	0.00637	0.00737	0.00339	0.00685
3	0.01716	0.01168	0.01237	0.00996	0.01323	0.01272	0.00807	0.46320	0.02077	0.02985	0.01539	0.01641	0.01145	0.00668	0.00497	0.00154	0.00481	0.00514	0.32669	0.00789
4	0.00686	0.00490	0.00653	0.00784	0.00816	0.00457	0.00522	0.00784	0.01077	0.01437	0.03102	0.79855	0.03722	0.01763	0.00718	0.00229	0.00326	0.01600	0.00522	0.00457
5	0.00686	0.00490	0.00653	0.00784	0.00816	0.00457	0.00522	0.00784	0.01077	0.01437	0.03102	0.79855	0.03722	0.01763	0.00718	0.00229	0.00326	0.01600	0.00522	0.00457
6	0.01857	0.00820	0.01150	0.00964	0.01269	0.00779	0.00779	0.02069	0.01337	0.47705	0.01944	0.02030	0.01398	0.02063	0.30595	0.00457	0.00878	0.00580	0.00543	0.00781
7	0.04817	0.41509	0.02379	0.19449	0.13741	0.06671	0.01215	0.01669	0.01182	0.01483	0.00882	0.01125	0.00751	0.00511	0.00447	0.00147	0.00666	0.00382	0.00256	0.00717
8	0.01019	0.00841	0.00903	0.00829	0.01065	0.00865	0.00638	0.05947	0.25889	0.02058	0.18165	0.03848	0.33510	0.01110	0.00628	0.00187	0.00354	0.00933	0.00560	0.00651
9	0.06809	0.00940	0.00972	0.00878	0.01136	0.01040	0.00684	0.05220	0.35533	0.05646	0.01973	0.01982	0.01492	0.00699	0.00488	0.00165	0.00382	0.00563	0.32666	0.00736
10	0.02243	0.01274	0.01485	0.01154	0.01586	0.01314	0.00948	0.37089	0.08548	0.35579	0.01813	0.01663	0.01214	0.00692	0.00565	0.00173	0.00543	0.00544	0.00622	0.00952
11	0.01420	0.41387	0.10781	0.01999	0.30744	0.01782	0.01381	0.01712	0.01202	0.01573	0.00914	0.01124	0.00787	0.00495	0.00456	0.00145	0.00653	0.00391	0.00255	0.00800

[dist]
# distance from previous block
# <min> <max>
4	14

[block]
# block no. 5 follows, 42 sequences, length 34
# corresponding to MSA columns:
# 418-451
name=unknown_F
#
# <colnr> <probs for GDERKNQSTAVLIFYWHMCP>
#	G	D	E	R	K	N	Q	S	T	A	V	L	I	F	Y	W	H	M	C	P
0	0.03518	0.25194	0.01950	0.01124	0.01559	0.05963	0.00970	0.29113	0.03202	0.12946	0.01244	0.01268	0.00929	0.00605	0.00520	0.00151	0.02672	0.00432	0.00443	0.06199
1	0.27144	0.01207	0.04205	0.17962	0.02263	0.01220	0.21227	0.01639	0.01139	0.04747	0.01046	0.01345	0.00801	0.00730	0.04970	0.00217	0.00719	0.00478	0.00316	0.06625
2	0.07847	0.01126	0.09034	0.03602	0.05764	0.00949	0.00937	0.01984	0.11669	0.23116	0.21825	0.02330	0.02289	0.00770	0.00566	0.00174	0.00467	0.00646	0.00530	0.04376
3	0.23407	0.01254	0.01248	0.01007	0.01372	0.01394	0.00824	0.42114	0.01934	0.03012	0.01292	0.01375	0.00956	0.00632	0.00475	0.00163	0.00505	0.00457	0.15791	0.00786
4	0.10812	0.04057	0.01262	0.04930	0.01446	0.09341	0.00842	0.13665	0.04053	0.19831	0.01915	0.04067	0.06996	0.00767	0.00555	0.00172	0.02083	0.03312	0.09155	0.00740
5	0.01317	0.01510	0.13451	0.01578	0.02120	0.01176	0.28276	0.04196	0.01282	0.05088	0.01102	0.01342	0.00846	0.00509	0.00620	0.00153	0.05221	0.00493	0.00320	0.29400
6	0.01726	0.02732	0.01353	0.05566	0.01587	0.06254	0.00908	0.12948	0.28481	0.19707	0.03463	0.02083	0.07075	0.00754	0.00565	0.00176	0.00520	0.00610	0.00548	0.02942
7	0.01552	0.11244	0.01282	0.00903	0.01158	0.03607	0.00718	0.05678	0.05584	0.21673	0.09112	0.02070	0.05264	0.01135	0.01054	0.25819	0.00491	0.00577	0.00453	0.00627
8	0.01973	0.01096	0.01566	0.07183	0.19358	0.01064	0.01100	0.04330	0.09813	0.41136	0.01804	0.01744	0.01235	0.00639	0.00559	0.00172	0.00541	0.00545	0.00537	0.03604
9	0.01425	0.01720	0.20656	0.02030	0.18034	0.01338	0.18679	0.04553	0.16098	0.07643	0.01407	0.01550	0.01043	0.00576	0.00581	0.00180	0.00714	0.00550	0.00369	0.00853
10	0.07143	0.27529	0.01542	0.00883	0.01151	0.06169	0.00731	0.04205	0.03117	0.01613	0.04319	0.25903	0.11596	0.01040	0.00540	0.00173	0.00478	0.00856	0.00406	0.00604
11	0.01635	0.06857	0.05612	0.00938	0.01320	0.00988	0.00813	0.10178	0.06401	0.28213	0.02980	0.02798	0.24339	0.00888	0.00575	0.00173	0.00460	0.00719	0.00548	0.03565
12	0.31408	0.01274	0.03616	0.03802	0.04379	0.01327	0.00922	0.23940	0.04148	0.18042	0.01325	0.01338	0.00931	0.00613	0.00486	0.00173	0.00532	0.00448	0.00482	0.00813
13	0.10458	0.09352	0.10197	0.01621	0.04603	0.08814	0.25071	0.01928	0.09613	0.04239	0.01270	0.01446	0.02553	0.00570	0.00576	0.00172	0.02804	0.00517	0.00334	0.03862
14	0.13964	0.01115	0.01330	0.01078	0.02745	0.01105	0.02147	0.12671	0.10868	0.38830	0.01776	0.01647	0.01202	0.00650	0.00526	0.00169	0.00496	0.00513	0.00573	0.06596
15	0.09537	0.01868	0.35794	0.01406	0.06190	0.01114	0.03947	0.01994	0.01300	0.23485	0.01525	0.01564	0.03358	0.00609	0.00530	0.00175	0.00647	0.00491	0.03643	0.00824
16	0.10153	0.01057	0.01638	0.63897	0.03426	0.01285	0.03369	0.05697	0.01200	0.01687	0.01001	0.01429	0.00750	0.00562	0.00542	0.00185	0.00714	0.00484	0.00280	0.00646
17	0.00743	0.00552	0.00791	0.00874	0.00943	0.00521	0.03387	0.00882	0.01134	0.01513	0.05761	0.64592	0.03611	0.01664	0.00722	0.00229	0.00372	0.10713	0.00516	0.00479
18	0.01110	0.00842	0.01024	0.00946	0.01194	0.00795	0.00755	0.12538	0.01400	0.01929	0.02190	0.21424	0.02323	0.04450	0.00723	0.00204	0.00463	0.22991	0.00471	0.22227
19	0.55471	0.01058	0.00965	0.03780	0.01271	0.01105	0.00664	0.01573	0.01028	0.02271	0.00859	0.01014	0.00684	0.00491	0.00378	0.00147	0.00442	0.00321	0.00340	0.26139
20	0.01755	0.01411	0.01789	0.01885	0.24723	0.01462	0.01208	0.40698	0.01992	0.02749	0.01205	0.01335	0.00917	0.00581	0.00538	0.00155	0.00602	0.00478	0.00439	0.14078
21	0.01341	0.00728	0.00969	0.00881	0.01106	0.00676	0.00714	0.03799	0.01563	0.22892	0.37083	0.03965	0.03627	0.01101	0.00659	0.00194	0.00392	0.17034	0.00616	0.00659
22	0.01163	0.00799	0.00969	0.00851	0.01067	0.00800	0.00660	0.10967	0.09305	0.08070	0.53503	0.03446	0.04083	0.01015	0.00634	0.00177	0.00346	0.00878	0.00613	0.00655
23	0.59093	0.01048	0.00974	0.00820	0.01195	0.01129	0.00676	0.01989	0.01158	0.25448	0.01225	0.01222	0.00850	0.00576	0.00415	0.00174	0.00449	0.00385	0.00455	0.00717
24	0.01463	0.01179	0.01302	0.01038	0.01458	0.01175	0.00827	0.14792	0.30103	0.04442	0.01592	0.01579	0.01211	0.00603	0.00506	0.00142	0.00465	0.00486	0.00475	0.35162
25	0.01972	0.01079	0.01415	0.01316	0.10719	0.01016	0.00935	0.05286	0.14631	0.40705	0.01876	0.01752	0.01289	0.00642	0.00544	0.00163	0.00493	0.00534	0.00565	0.13066
26	0.01820	0.01164	0.01342	0.01111	0.01488	0.01214	0.00904	0.20494	0.25276	0.22530	0.02013	0.02207	0.01526	0.00775	0.00577	0.00180	0.00503	0.07528	0.00581	0.06766
27	0.01391	0.02274	0.53892	0.01390	0.02071	0.01131	0.01666	0.01916	0.01316	0.17724	0.08529	0.01632	0.01299	0.00628	0.00554	0.00177	0.00703	0.00506	0.00371	0.00829
28	0.09075	0.00802	0.01127	0.18668	0.05982	0.00866	0.06040	0.01393	0.01155	0.01905	0.01543	0.07450	0.01298	0.00681	0.00480	0.00161	0.00467	0.00585	0.39734	0.00588
29	0.00752	0.00553	0.00724	0.00803	0.00892	0.00502	0.00564	0.00882	0.01121	0.01524	0.05717	0.64194	0.03471	0.01595	0.00691	0.00215	0.00346	0.06467	0.00508	0.08480
30	0.01343	0.19110	0.54292	0.01411	0.02130	0.01455	0.01723	0.01854	0.01219	0.08941	0.01078	0.01198	0.00780	0.00539	0.00501	0.00166	0.00749	0.00406	0.00282	0.00821
31	0.01918	0.01490	0.01976	0.01473	0.01952	0.01557	0.16560	0.50359	0.02207	0.06878	0.01326	0.01402	0.00949	0.00615	0.00574	0.00167	0.00667	0.00530	0.00495	0.06903
32	0.27550	0.08842	0.04669	0.00973	0.01311	0.03321	0.00825	0.20303	0.01422	0.06158	0.01057	0.01260	0.00835	0.00871	0.00819	0.17779	0.00545	0.00415	0.00383	0.00661
33	0.25918	0.01233	0.11597	0.05359	0.03314	0.01062	0.14531	0.01425	0.01064	0.01830	0.04972	0.04944	0.01142	0.00907	0.00871	0.17793	0.00603	0.00534	0.00315	0.00586

[dist]
# distance from previous block
# <min> <max>
34	91

[block]
# block no. 6 follows, 42 sequences, length 29
# corresponding to MSA columns:
# 556-584
name=unknown_G
#
# <colnr> <probs for GDERKNQSTAVLIFYWHMCP>
#	G	D	E	R	K	N	Q	S	T	A	V	L	I	F	Y	W	H	M	C	P
0	0.01022	0.00895	0.03497	0.00973	0.01208	0.00849	0.04552	0.04573	0.15573	0.03239	0.06821	0.24623	0.17646	0.01184	0.00677	0.00196	0.02873	0.03441	0.00500	0.05658
1	0.06038	0.06122	0.03474	0.01343	0.03615	0.07607	0.13333	0.14185	0.11935	0.02134	0.04679	0.10310	0.01467	0.00729	0.00556	0.00168	0.00606	0.00637	0.00419	0.10641
2	0.06612	0.00994	0.01198	0.00999	0.01317	0.03375	0.05157	0.09509	0.06017	0.15510	0.06765	0.17700	0.08143	0.00931	0.00579	0.00173	0.00466	0.00799	0.00506	0.13251
3	0.04052	0.01496	0.01373	0.01153	0.01520	0.14778	0.00908	0.19684	0.29051	0.02384	0.01559	0.01553	0.01185	0.00646	0.00522	0.00159	0.00576	0.00497	0.03356	0.13547
4	0.05929	0.09040	0.01615	0.01081	0.01554	0.01247	0.05275	0.21942	0.01624	0.10962	0.01213	0.01286	0.00911	0.00536	0.00480	0.00132	0.00531	0.00423	0.00427	0.33791
5	0.04019	0.57514	0.06233	0.01271	0.08942	0.02010	0.01094	0.10158	0.01328	0.01690	0.00886	0.01017	0.00762	0.00510	0.00412	0.00135	0.00616	0.00350	0.00285	0.00768
6	0.01380	0.01186	0.01258	0.01141	0.01451	0.01369	0.00891	0.02916	0.72654	0.02327	0.02319	0.02273	0.01780	0.00796	0.00581	0.00194	0.00448	0.03591	0.00570	0.00876
7	0.00737	0.00537	0.00694	0.00731	0.00823	0.00494	0.00519	0.00918	0.01339	0.01834	0.38245	0.37926	0.10223	0.01444	0.00688	0.00201	0.00294	0.01290	0.00569	0.00494
8	0.00798	0.00593	0.00873	0.00880	0.00971	0.00680	0.00672	0.00981	0.00909	0.01301	0.01612	0.06614	0.01574	0.08656	0.69179	0.00845	0.01384	0.00671	0.00316	0.00490
9	0.84197	0.01088	0.00827	0.00740	0.01088	0.01262	0.00609	0.01654	0.00958	0.02525	0.00784	0.00914	0.00609	0.00522	0.00348	0.00174	0.00435	0.00305	0.00348	0.00609
10	0.01400	0.01209	0.01273	0.01145	0.01463	0.01400	0.00891	0.02990	0.75695	0.02354	0.02291	0.02100	0.01718	0.00764	0.00573	0.00191	0.00445	0.00636	0.00573	0.00891
11	0.00804	0.00603	0.00904	0.00904	0.01005	0.00703	0.00703	0.01005	0.00904	0.01306	0.01507	0.02211	0.01407	0.04221	0.77992	0.00904	0.01507	0.00603	0.00301	0.00502
12	0.01505	0.80561	0.02949	0.00963	0.01444	0.02227	0.00963	0.01685	0.01143	0.01324	0.00782	0.00903	0.00722	0.00481	0.00361	0.00120	0.00602	0.00301	0.00241	0.00722
13	0.02208	0.01834	0.01543	0.01462	0.09011	0.38418	0.01043	0.02401	0.01570	0.32823	0.01448	0.01426	0.01018	0.00621	0.00537	0.00159	0.00758	0.00461	0.00457	0.00803
14	0.01279	0.10647	0.38165	0.02302	0.33128	0.01419	0.01813	0.01749	0.01222	0.01756	0.01006	0.01242	0.00788	0.00515	0.00525	0.00167	0.00739	0.00439	0.00255	0.00845
15	0.01585	0.01460	0.01366	0.01206	0.01535	0.12256	0.00939	0.11200	0.56773	0.02354	0.01981	0.01860	0.01490	0.00727	0.00562	0.00182	0.00546	0.00583	0.00532	0.00865
16	0.02016	0.02539	0.01608	0.01453	0.01714	0.70441	0.01102	0.02159	0.01522	0.01375	0.00857	0.01036	0.00726	0.00620	0.00640	0.00155	0.08728	0.00375	0.00286	0.00649
17	0.01609	0.01064	0.01122	0.00920	0.01215	0.01151	0.00741	0.39053	0.01933	0.02842	0.01587	0.01715	0.01193	0.00666	0.00480	0.00151	0.00446	0.00515	0.40852	0.00747
18	0.00665	0.00570	0.00570	0.00570	0.00760	0.00475	0.00428	0.00808	0.01283	0.01520	0.05701	0.05416	0.76483	0.01425	0.00665	0.00190	0.00285	0.01188	0.00523	0.00475
19	0.01400	0.01209	0.01273	0.01145	0.01463	0.01400	0.00891	0.02990	0.75695	0.02354	0.02291	0.02100	0.01718	0.00764	0.00573	0.00191	0.00445	0.00636	0.00573	0.00891
20	0.00684	0.00571	0.00596	0.00590	0.00772	0.00483	0.00442	0.00844	0.01327	0.01625	0.15763	0.05243	0.66356	0.01386	0.00665	0.00188	0.00282	0.01164	0.00536	0.00483
21	0.00790	0.00714	0.05282	0.00734	0.00920	0.00566	0.00603	0.01055	0.01508	0.02083	0.57999	0.04263	0.19045	0.01168	0.00656	0.00180	0.00303	0.01015	0.00578	0.00538
22	0.00791	0.00561	0.00754	0.00864	0.00936	0.00544	0.00657	0.00950	0.01159	0.01534	0.05919	0.40191	0.03431	0.09396	0.00951	0.00270	0.00421	0.29693	0.00507	0.00473
23	0.03439	0.36319	0.03302	0.05065	0.01603	0.10459	0.00961	0.02006	0.08599	0.13401	0.01203	0.01254	0.00935	0.00554	0.00449	0.00141	0.00605	0.00398	0.00362	0.08945
24	0.35992	0.35658	0.05484	0.00951	0.01374	0.09643	0.00882	0.01735	0.01115	0.01852	0.00803	0.00933	0.00675	0.00511	0.00379	0.00148	0.00586	0.00314	0.00290	0.00673
25	0.01388	0.64587	0.08635	0.00983	0.01450	0.01946	0.01000	0.01617	0.01202	0.01474	0.10026	0.01328	0.01281	0.00567	0.00412	0.00132	0.00579	0.00398	0.00287	0.00708
26	0.01824	0.18931	0.19395	0.01195	0.01725	0.01323	0.03722	0.02279	0.08709	0.32971	0.01593	0.01528	0.01101	0.00611	0.00518	0.00165	0.00601	0.00483	0.00463	0.00863
27	0.04571	0.09478	0.18816	0.01038	0.01418	0.00974	0.05395	0.01388	0.01380	0.04198	0.34233	0.02915	0.10210	0.00885	0.00586	0.00173	0.00488	0.00756	0.00453	0.00645
28	0.04772	0.01350	0.15766	0.01104	0.01557	0.00982	0.03572	0.01564	0.01205	0.07950	0.07345	0.01654	0.01285	0.00725	0.02877	0.00169	0.08314	0.02334	0.00362	0.35113

[dist]
# distance from previous block
# <min> <max>
6	38

[block]
# block no. 7 follows, 42 sequences, length 6
# corresponding to MSA columns:
# 623-628
name=unknown_H
#
# <colnr> <probs for GDERKNQSTAVLIFYWHMCP>
#	G	D	E	R	K	N	Q	S	T	A	V	L	I	F	Y	W	H	M	C	P
0	0.00998	0.00766	0.00890	0.00876	0.01064	0.00771	0.00688	0.10704	0.08987	0.01951	0.09970	0.19186	0.22966	0.01330	0.00677	0.00209	0.00401	0.16437	0.00540	0.00590
1	0.01221	0.00955	0.01198	0.01304	0.14221	0.00973	0.00827	0.20206	0.01581	0.02121	0.12665	0.09069	0.14961	0.14995	0.01013	0.00245	0.00485	0.00835	0.00472	0.00655
2	0.01021	0.00691	0.00783	0.00752	0.00927	0.00697	0.00564	0.05264	0.08761	0.01915	0.02299	0.18808	0.07155	0.01326	0.08914	0.00244	0.00462	0.00805	0.31761	0.06851
3	0.01355	0.06026	0.12705	0.01086	0.01528	0.01031	0.05068	0.10139	0.01378	0.09540	0.04489	0.08947	0.01429	0.06962	0.00709	0.00179	0.00545	0.00591	0.00404	0.25890
4	0.07734	0.14410	0.15701	0.01350	0.09204	0.01376	0.01156	0.14256	0.05357	0.06624	0.06525	0.04010	0.01291	0.00640	0.00508	0.00159	0.00577	0.00507	0.00396	0.08220
5	0.15645	0.05782	0.06919	0.01184	0.01638	0.05712	0.12338	0.03892	0.03445	0.11180	0.04722	0.01546	0.03365	0.00581	0.00500	0.00152	0.00581	0.00485	0.00390	0.19941

[dist]
# distance from previous block
# <min> <max>
10	40

[block]
# block no. 8 follows, 42 sequences, length 8
# corresponding to MSA columns:
# 670-676,679
name=unknown_I
#
# <colnr> <probs for GDERKNQSTAVLIFYWHMCP>
#	G	D	E	R	K	N	Q	S	T	A	V	L	I	F	Y	W	H	M	C	P
0	0.01220	0.04860	0.20790	0.01384	0.06119	0.08324	0.07984	0.01694	0.09544	0.04824	0.02238	0.13744	0.13131	0.00884	0.00592	0.00184	0.00623	0.00762	0.00393	0.00707
1	0.01283	0.01096	0.01591	0.32734	0.11742	0.01210	0.03219	0.17181	0.01547	0.02069	0.10522	0.02070	0.07184	0.00709	0.00580	0.00177	0.00612	0.00616	0.00390	0.03468
2	0.01038	0.00840	0.01112	0.01241	0.15836	0.00764	0.00714	0.01180	0.01016	0.01465	0.01396	0.02464	0.01448	0.40153	0.01663	0.00330	0.00531	0.00608	0.00326	0.25875
3	0.00885	0.12545	0.01069	0.00785	0.00984	0.00773	0.00598	0.01034	0.01155	0.01532	0.06269	0.41750	0.13131	0.01285	0.00608	0.00182	0.00373	0.01123	0.00456	0.13464
4	0.01218	0.01210	0.11642	0.23777	0.02140	0.01100	0.03202	0.14105	0.01418	0.02027	0.05901	0.01796	0.01273	0.01037	0.09144	0.00251	0.00702	0.00542	0.16842	0.00675
5	0.01202	0.01031	0.01183	0.00880	0.01353	0.00847	0.00700	0.01652	0.12299	0.01912	0.01193	0.01306	0.00966	0.00469	0.00440	0.00099	0.00421	0.00379	0.00369	0.71299
6	0.00974	0.00838	0.01206	0.22780	0.10015	0.00904	0.01000	0.01380	0.09520	0.01713	0.11406	0.15044	0.13388	0.01041	0.00631	0.00197	0.00496	0.06415	0.00437	0.00616
7	0.01210	0.01270	0.01835	0.25667	0.02477	0.12555	0.20262	0.01539	0.01352	0.01693	0.15722	0.02319	0.05815	0.00734	0.00613	0.00182	0.00716	0.03046	0.00359	0.00635

[dist]
# distance from previous block
# <min> <max>
14	41

[block]
# block no. 9 follows, 42 sequences, length 7
# corresponding to MSA columns:
# 721-727
name=unknown_J
#
# <colnr> <probs for GDERKNQSTAVLIFYWHMCP>
#	G	D	E	R	K	N	Q	S	T	A	V	L	I	F	Y	W	H	M	C	P
0	0.01877	0.01380	0.01502	0.01203	0.01578	0.01513	0.00971	0.61486	0.02363	0.03166	0.01667	0.15503	0.01456	0.00872	0.00591	0.00180	0.00566	0.00704	0.00556	0.00867
1	0.01505	0.80561	0.02949	0.00963	0.01444	0.02227	0.00963	0.01685	0.01143	0.01324	0.00782	0.00903	0.00722	0.00481	0.00361	0.00120	0.00602	0.00301	0.00241	0.00722
2	0.07854	0.04438	0.01557	0.01228	0.01440	0.01485	0.01024	0.14881	0.01354	0.15333	0.01181	0.01387	0.00925	0.00804	0.01130	0.00202	0.37343	0.00488	0.05210	0.00737
3	0.69474	0.01065	0.00913	0.00787	0.01151	0.01184	0.00649	0.01850	0.01075	0.15969	0.01043	0.01095	0.00751	0.00554	0.00388	0.00174	0.00443	0.00352	0.00411	0.00672
4	0.00804	0.00603	0.00904	0.00904	0.01005	0.00703	0.00703	0.01005	0.00904	0.01306	0.01507	0.02211	0.01407	0.04221	0.77992	0.00904	0.01507	0.00603	0.00301	0.00502
5	0.01129	0.02911	0.77306	0.01604	0.02436	0.01307	0.02079	0.01782	0.01188	0.01782	0.01010	0.01188	0.00713	0.00535	0.00535	0.00178	0.00832	0.00416	0.00238	0.00832
6	0.02139	0.01576	0.01689	0.01295	0.01745	0.01745	0.01070	0.74835	0.02646	0.03547	0.01351	0.01351	0.00957	0.00676	0.00563	0.00169	0.00619	0.00507	0.00563	0.00957

[dist]
# distance from previous block
# <min> <max>
0	1

[block]
# block no. 10 follows, 42 sequences, length 6
# corresponding to MSA columns:
# 729-734
name=unknown_K
#
# <colnr> <probs for GDERKNQSTAVLIFYWHMCP>
#	G	D	E	R	K	N	Q	S	T	A	V	L	I	F	Y	W	H	M	C	P
0	0.00707	0.00535	0.00658	0.00738	0.00835	0.00486	0.00532	0.00844	0.01191	0.01532	0.07891	0.45293	0.26350	0.01604	0.00705	0.00217	0.00329	0.08553	0.00527	0.00473
1	0.69893	0.01178	0.00953	0.00841	0.01168	0.05466	0.00688	0.01727	0.01022	0.06468	0.00864	0.00995	0.00667	0.00565	0.00465	0.00177	0.05541	0.00334	0.00358	0.00631
2	0.02139	0.01576	0.01689	0.01295	0.01745	0.01745	0.01070	0.74835	0.02646	0.03547	0.01351	0.01351	0.00957	0.00676	0.00563	0.00169	0.00619	0.00507	0.00563	0.00957
3	0.01167	0.01000	0.01167	0.00834	0.01334	0.00750	0.00667	0.01417	0.01167	0.01834	0.01000	0.01167	0.00834	0.00417	0.00417	0.00083	0.00417	0.00333	0.00333	0.83663
4	0.03818	0.05236	0.01483	0.01171	0.01500	0.05283	0.09289	0.05927	0.20583	0.10238	0.12424	0.02698	0.04066	0.00845	0.00596	0.00184	0.00533	0.09701	0.00503	0.03923
5	0.01802	0.01264	0.01449	0.01130	0.01527	0.01322	0.00924	0.38179	0.04598	0.12205	0.04433	0.01567	0.01203	0.00852	0.04619	0.00197	0.04984	0.00510	0.00507	0.16726

[dist]
# distance from previous block
# <min> <max>
5	52

[block]
# block no. 11 follows, 42 sequences, length 6
# corresponding to MSA columns:
# 794-799
name=unknown_L
#
# <colnr> <probs for GDERKNQSTAVLIFYWHMCP>
#	G	D	E	R	K	N	Q	S	T	A	V	L	I	F	Y	W	H	M	C	P
0	0.10494	0.23310	0.01661	0.00964	0.01338	0.07635	0.00804	0.09738	0.07700	0.04081	0.01189	0.01496	0.01030	0.10684	0.00747	0.00189	0.00562	0.00437	0.00363	0.15580
1	0.04213	0.12956	0.11375	0.00938	0.01177	0.01008	0.00831	0.03958	0.07025	0.01400	0.01066	0.01509	0.00950	0.01348	0.01441	0.47027	0.00551	0.00457	0.00285	0.00487
2	0.01080	0.04740	0.10071	0.01064	0.01383	0.00930	0.10909	0.01321	0.01068	0.01579	0.01344	0.02110	0.01267	0.25337	0.01292	0.00269	0.04496	0.00570	0.10876	0.18293
3	0.10488	0.00947	0.01098	0.00922	0.01168	0.00981	0.00708	0.22220	0.01406	0.07054	0.01149	0.01481	0.00945	0.01195	0.01243	0.36757	0.00512	0.00463	0.00386	0.08875
4	0.10861	0.06665	0.01551	0.01242	0.01601	0.43549	0.00972	0.13328	0.01608	0.01894	0.00947	0.01069	0.00762	0.00562	0.00479	0.00143	0.00790	0.00371	0.00341	0.11265
