[name]
unknown

[dist]
# distance from previous block
# <min> <max>
0	21

[block]
# block no. 0 follows, 52 sequences, length 8
# corresponding to MSA columns:
# 21-28
name=unknown_A
#
# <colnr> <probs for GDERKNQSTAVLIFYWHMCP>
#	G	D	E	R	K	N	Q	S	T	A	V	L	I	F	Y	W	H	M	C	P
0	0.01138	0.04133	0.25192	0.01146	0.07634	0.00928	0.01057	0.03355	0.08713	0.10320	0.09081	0.03623	0.01331	0.00582	0.00466	0.00139	0.00490	0.02920	0.00349	0.17402
1	0.01053	0.01810	0.45980	0.01181	0.01655	0.03193	0.01331	0.03556	0.04630	0.05780	0.14489	0.01541	0.01372	0.00615	0.00608	0.00159	0.09615	0.00471	0.00305	0.00658
2	0.01247	0.12704	0.46134	0.01165	0.01724	0.04519	0.01342	0.05443	0.01159	0.12298	0.04197	0.01182	0.00870	0.00499	0.00446	0.00142	0.00614	0.00383	0.00291	0.03642
3	0.00663	0.00528	0.00688	0.00644	0.00788	0.00474	0.03898	0.00852	0.01228	0.01634	0.41465	0.08542	0.31883	0.01095	0.00578	0.00162	0.00272	0.03680	0.00482	0.00444
4	0.01810	0.02310	0.01373	0.01248	0.01498	0.81024	0.00936	0.01935	0.01373	0.01186	0.00749	0.00874	0.00624	0.00499	0.00437	0.00125	0.00874	0.00312	0.00250	0.00562
5	0.86392	0.00937	0.00712	0.00637	0.00937	0.01087	0.00525	0.01425	0.00825	0.02174	0.00675	0.00787	0.00525	0.00450	0.00300	0.00150	0.00375	0.00262	0.00300	0.00525
6	0.01059	0.05645	0.01245	0.09747	0.03624	0.01009	0.06316	0.01792	0.34319	0.04173	0.23357	0.02140	0.02121	0.00692	0.00509	0.00156	0.00414	0.00607	0.00436	0.00641
7	0.01163	0.34652	0.45285	0.01134	0.01713	0.01420	0.01351	0.01544	0.01026	0.05420	0.00845	0.00957	0.00647	0.00449	0.00402	0.00133	0.00622	0.00325	0.00226	0.00684

[dist]
# distance from previous block
# <min> <max>
0	11

[block]
# block no. 1 follows, 52 sequences, length 30
# corresponding to MSA columns:
# 40-69
name=unknown_B
#
# <colnr> <probs for GDERKNQSTAVLIFYWHMCP>
#	G	D	E	R	K	N	Q	S	T	A	V	L	I	F	Y	W	H	M	C	P
0	0.01077	0.01068	0.01915	0.02073	0.34715	0.01045	0.25143	0.01468	0.07363	0.01621	0.09258	0.01825	0.08048	0.00568	0.00527	0.00154	0.00572	0.00581	0.00309	0.00670
1	0.01188	0.01183	0.02147	0.02787	0.64344	0.01166	0.16945	0.01500	0.01112	0.01577	0.00925	0.01221	0.00761	0.00427	0.00498	0.00148	0.00624	0.00460	0.00241	0.00745
2	0.01246	0.17764	0.02510	0.01921	0.18134	0.01320	0.42265	0.01566	0.01118	0.06089	0.00959	0.01198	0.00746	0.00426	0.00495	0.00147	0.00683	0.00475	0.00257	0.00681
3	0.01280	0.01150	0.01794	0.11226	0.55388	0.01195	0.01347	0.15426	0.01300	0.01813	0.00951	0.01198	0.00763	0.00463	0.00478	0.00144	0.00570	0.00429	0.00283	0.02800
4	0.01219	0.18056	0.02085	0.02533	0.63744	0.01309	0.01352	0.01480	0.01079	0.01492	0.00863	0.01113	0.00738	0.00428	0.00445	0.00136	0.00564	0.00396	0.00233	0.00738
5	0.01191	0.01071	0.01863	0.01401	0.01755	0.01056	0.36658	0.15529	0.05971	0.04758	0.18796	0.04612	0.01756	0.00630	0.00550	0.00158	0.00575	0.00638	0.00388	0.00645
6	0.01398	0.01135	0.01513	0.05695	0.29609	0.01222	0.01087	0.20261	0.24344	0.06661	0.01340	0.01401	0.01010	0.00547	0.00486	0.00152	0.00503	0.00470	0.00393	0.00773
7	0.01085	0.01035	0.01760	0.34713	0.49103	0.01121	0.01430	0.01387	0.01049	0.01444	0.00891	0.01237	0.00719	0.00453	0.00482	0.00151	0.00604	0.00431	0.00230	0.00675
8	0.01060	0.01060	0.01484	0.01272	0.01272	0.01484	0.01060	0.01166	0.00742	0.01166	0.00636	0.01060	0.00636	0.00848	0.01590	0.00212	0.82082	0.00424	0.00212	0.00530
9	0.01367	0.72068	0.02378	0.00887	0.01279	0.12855	0.00844	0.01518	0.01038	0.01146	0.00684	0.00791	0.00622	0.00426	0.00328	0.00107	0.00567	0.00266	0.00213	0.00614
10	0.45900	0.15430	0.01256	0.00816	0.01162	0.01358	0.00698	0.24753	0.01294	0.02261	0.00823	0.00900	0.00633	0.00484	0.00358	0.00140	0.00448	0.00315	0.00340	0.00633
11	0.86392	0.00937	0.00712	0.00637	0.00937	0.01087	0.00525	0.01425	0.00825	0.02174	0.00675	0.00787	0.00525	0.00450	0.00300	0.00150	0.00375	0.00262	0.00300	0.00525
12	0.02087	0.00805	0.01097	0.00847	0.01207	0.00697	0.00697	0.02277	0.01386	0.75691	0.06470	0.01765	0.01397	0.00623	0.00492	0.00150	0.00402	0.00510	0.00596	0.00803
13	0.02174	0.00825	0.01125	0.00862	0.01237	0.00712	0.00712	0.02362	0.01387	0.80282	0.01912	0.01649	0.01200	0.00600	0.00487	0.00150	0.00412	0.00487	0.00600	0.00825
14	0.01296	0.83261	0.02539	0.00829	0.01244	0.01917	0.00829	0.01451	0.00985	0.01140	0.00674	0.00777	0.00622	0.00415	0.00311	0.00104	0.00518	0.00259	0.00207	0.00622
15	0.00590	0.00422	0.00562	0.00675	0.00703	0.00394	0.00450	0.00675	0.00928	0.01237	0.02671	0.82653	0.03205	0.01518	0.00619	0.00197	0.00281	0.01378	0.00450	0.00394
16	0.00972	0.02507	0.80458	0.01381	0.02097	0.01125	0.01790	0.01535	0.01023	0.01535	0.00870	0.01023	0.00614	0.00460	0.00460	0.00153	0.00716	0.00358	0.00205	0.00716
17	0.00926	0.00872	0.01472	0.78894	0.06166	0.01079	0.01351	0.01247	0.00974	0.01251	0.00863	0.01289	0.00650	0.00483	0.00484	0.00161	0.00643	0.00431	0.00216	0.00547
18	0.00686	0.00495	0.00648	0.00610	0.00724	0.00457	0.00457	0.00914	0.01372	0.01943	0.79691	0.03620	0.04572	0.00991	0.00572	0.00152	0.00229	0.00876	0.00533	0.00457
19	0.01205	0.01041	0.01096	0.00986	0.01260	0.01205	0.00767	0.02575	0.79071	0.02027	0.01972	0.01808	0.01479	0.00657	0.00493	0.00164	0.00384	0.00548	0.00493	0.00767
20	0.01296	0.83261	0.02539	0.00829	0.01244	0.01917	0.00829	0.01451	0.00985	0.01140	0.00674	0.00777	0.00622	0.00415	0.00311	0.00104	0.00518	0.00259	0.00207	0.00622
21	0.00709	0.00504	0.00739	0.00739	0.00808	0.00573	0.00556	0.00826	0.00757	0.01078	0.01276	0.01989	0.01230	0.11479	0.65154	0.09277	0.01126	0.00528	0.00258	0.00396
22	0.01973	0.00895	0.01298	0.00994	0.01371	0.00814	0.08569	0.02301	0.09146	0.64462	0.01824	0.01631	0.01181	0.00586	0.00496	0.00153	0.00450	0.00502	0.00553	0.00802
23	0.00972	0.02507	0.80458	0.01381	0.02097	0.01125	0.01790	0.01535	0.01023	0.01535	0.00870	0.01023	0.00614	0.00460	0.00460	0.00153	0.00716	0.00358	0.00205	0.00716
24	0.00972	0.02507	0.80458	0.01381	0.02097	0.01125	0.01790	0.01535	0.01023	0.01535	0.00870	0.01023	0.00614	0.00460	0.00460	0.00153	0.00716	0.00358	0.00205	0.00716
25	0.01283	0.01134	0.01811	0.02574	0.64099	0.01152	0.01347	0.05562	0.08868	0.05784	0.01081	0.01281	0.00863	0.00470	0.00482	0.00146	0.00546	0.00446	0.00296	0.00773
26	0.00972	0.02507	0.80458	0.01381	0.02097	0.01125	0.01790	0.01535	0.01023	0.01535	0.00870	0.01023	0.00614	0.00460	0.00460	0.00153	0.00716	0.00358	0.00205	0.00716
27	0.00576	0.00480	0.00502	0.00520	0.00662	0.00407	0.00381	0.00692	0.01076	0.01298	0.04551	0.17137	0.67507	0.01274	0.00580	0.00169	0.00251	0.01080	0.00450	0.00407
28	0.01706	0.01313	0.01376	0.01091	0.01451	0.03378	0.00889	0.60320	0.18626	0.02790	0.01326	0.01294	0.00959	0.00596	0.00485	0.00149	0.00510	0.00457	0.00481	0.00806
29	0.01848	0.01190	0.01371	0.01152	0.05424	0.09174	0.04648	0.24201	0.09101	0.34530	0.01487	0.01406	0.01015	0.00572	0.00486	0.00148	0.00520	0.00462	0.00485	0.00781

[dist]
# distance from previous block
# <min> <max>
1	3

[block]
# block no. 2 follows, 52 sequences, length 70
# corresponding to MSA columns:
# 73-142
name=unknown_C
#
# <colnr> <probs for GDERKNQSTAVLIFYWHMCP>
#	G	D	E	R	K	N	Q	S	T	A	V	L	I	F	Y	W	H	M	C	P
0	0.00645	0.00483	0.00488	0.00488	0.00639	0.00422	0.00366	0.00791	0.01080	0.01412	0.04133	0.04004	0.61570	0.01131	0.02026	0.00164	0.00261	0.00892	0.18586	0.00419
1	0.01849	0.01278	0.01397	0.01078	0.01459	0.01394	0.00888	0.65458	0.06123	0.12126	0.01293	0.01254	0.00902	0.00588	0.00486	0.00147	0.00511	0.00448	0.00499	0.00821
2	0.01804	0.05036	0.01454	0.01173	0.01490	0.42905	0.00925	0.35584	0.01757	0.02007	0.00929	0.00998	0.00712	0.00532	0.00453	0.00133	0.00710	0.00365	0.00352	0.00680
3	0.02174	0.00825	0.01125	0.00862	0.01237	0.00712	0.00712	0.02362	0.01387	0.80282	0.01912	0.01649	0.01200	0.00600	0.00487	0.00150	0.00412	0.00487	0.00600	0.00825
4	0.01211	0.00614	0.00821	0.00713	0.00918	0.00552	0.00563	0.01425	0.01364	0.29313	0.48490	0.03027	0.03300	0.00872	0.00547	0.00155	0.00304	0.04673	0.00552	0.00585
5	0.01388	0.02185	0.34041	0.01378	0.01855	0.33219	0.10405	0.03498	0.02520	0.03780	0.00890	0.01032	0.00669	0.00480	0.00466	0.00143	0.00773	0.00374	0.00250	0.00653
6	0.00857	0.00831	0.01600	0.01299	0.01545	0.00781	0.34747	0.01103	0.01051	0.01404	0.01977	0.35091	0.04250	0.00999	0.00603	0.00184	0.00537	0.10269	0.00359	0.00515
7	0.00687	0.00473	0.00524	0.00524	0.00545	0.00462	0.00304	0.00703	0.00758	0.00989	0.01977	0.03370	0.12140	0.72091	0.02215	0.00429	0.00440	0.00747	0.00314	0.00309
8	0.43142	0.01317	0.23316	0.00868	0.01272	0.00984	0.00895	0.01495	0.01005	0.10267	0.10197	0.01280	0.01100	0.00533	0.00397	0.00151	0.00458	0.00386	0.00332	0.00603
9	0.01485	0.26498	0.19227	0.01137	0.01545	0.36557	0.01085	0.01718	0.01180	0.04323	0.00798	0.00908	0.00644	0.00469	0.00406	0.00126	0.00715	0.00313	0.00241	0.00624
10	0.01179	0.01207	0.02288	0.02639	0.52116	0.01178	0.29061	0.01511	0.01118	0.01572	0.00936	0.01238	0.00756	0.00423	0.00513	0.00151	0.00662	0.00482	0.00242	0.00727
11	0.15434	0.00855	0.01288	0.64407	0.02813	0.01048	0.01167	0.01245	0.00943	0.01397	0.00910	0.04814	0.00739	0.00524	0.00459	0.00161	0.00584	0.00444	0.00240	0.00530
12	0.01732	0.02022	0.01531	0.01302	0.01591	0.58000	0.08295	0.14652	0.01486	0.01533	0.00837	0.00969	0.00669	0.00514	0.00489	0.00134	0.02982	0.00361	0.00288	0.00614
13	0.01148	0.01099	0.01873	0.17329	0.65996	0.01138	0.01461	0.01442	0.01079	0.01520	0.00902	0.01216	0.00745	0.00441	0.00481	0.00147	0.00589	0.00432	0.00235	0.00726
14	0.00989	0.06696	0.76416	0.01353	0.02053	0.01167	0.01741	0.01530	0.01021	0.01514	0.00859	0.01010	0.00614	0.00458	0.00453	0.00151	0.00706	0.00353	0.00205	0.00711
15	0.01732	0.14833	0.02929	0.01120	0.01411	0.48772	0.00904	0.01879	0.01271	0.14632	0.00930	0.01004	0.00722	0.00523	0.00493	0.00131	0.05457	0.00341	0.00299	0.00617
16	0.01081	0.02354	0.73260	0.01334	0.02019	0.01088	0.01693	0.01610	0.01056	0.08680	0.00964	0.01080	0.00667	0.00473	0.00463	0.00153	0.00689	0.00370	0.00240	0.00726
17	0.01067	0.01298	0.29867	0.07560	0.01533	0.00780	0.01067	0.01367	0.01058	0.16749	0.01718	0.29415	0.01656	0.00867	0.00525	0.00169	0.00497	0.01827	0.00371	0.00608
18	0.01115	0.01065	0.01814	0.26423	0.57158	0.01129	0.01445	0.01413	0.01063	0.01481	0.00897	0.01227	0.00731	0.00447	0.00481	0.00149	0.00597	0.00431	0.00233	0.00699
19	0.00638	0.00491	0.02064	0.00659	0.00734	0.00434	0.00475	0.00788	0.01106	0.01524	0.33824	0.47768	0.03687	0.02683	0.00628	0.00183	0.00271	0.01144	0.00477	0.00424
20	0.02174	0.00825	0.01125	0.00862	0.01237	0.00712	0.00712	0.02362	0.01387	0.80282	0.01912	0.01649	0.01200	0.00600	0.00487	0.00150	0.00412	0.00487	0.00600	0.00825
21	0.01123	0.01047	0.01755	0.02605	0.66202	0.01045	0.01357	0.01397	0.01105	0.01557	0.01243	0.01927	0.02562	0.00588	0.00511	0.00157	0.00549	0.12283	0.00276	0.00711
22	0.00972	0.02507	0.80458	0.01381	0.02097	0.01125	0.01790	0.01535	0.01023	0.01535	0.00870	0.01023	0.00614	0.00460	0.00460	0.00153	0.00716	0.00358	0.00205	0.00716
23	0.01037	0.00952	0.01576	0.22698	0.26684	0.01028	0.08148	0.04989	0.01141	0.01565	0.10389	0.01975	0.01398	0.00640	0.00586	0.00164	0.05297	0.08817	0.00301	0.00615
24	0.00972	0.02507	0.80458	0.01381	0.02097	0.01125	0.01790	0.01535	0.01023	0.01535	0.00870	0.01023	0.00614	0.00460	0.00460	0.00153	0.00716	0.00358	0.00205	0.00716
25	0.00590	0.00422	0.00562	0.00675	0.00703	0.00394	0.00450	0.00675	0.00928	0.01237	0.02671	0.82653	0.03205	0.01518	0.00619	0.00197	0.00281	0.01378	0.00450	0.00394
26	0.01108	0.01250	0.02712	0.01955	0.02415	0.01172	0.73208	0.01496	0.01130	0.01532	0.01089	0.06517	0.00893	0.00480	0.00575	0.00166	0.00783	0.00623	0.00258	0.00637
27	0.01179	0.01123	0.01910	0.02874	0.76150	0.01123	0.01453	0.01464	0.01104	0.01577	0.00991	0.01405	0.00865	0.00475	0.00489	0.00148	0.00569	0.04099	0.00250	0.00752
28	0.00653	0.00494	0.00602	0.00575	0.00704	0.00443	0.00431	0.00851	0.01294	0.01759	0.57918	0.03924	0.26460	0.01060	0.00572	0.00156	0.00234	0.00919	0.00509	0.00443
29	0.01108	0.01203	0.02278	0.01717	0.02000	0.01335	0.45590	0.01389	0.00974	0.01389	0.00835	0.01203	0.00693	0.00594	0.01002	0.00184	0.35163	0.00509	0.00231	0.00601
30	0.00673	0.00495	0.00629	0.00596	0.00716	0.00452	0.00447	0.00889	0.01340	0.01868	0.70855	0.03743	0.13455	0.01019	0.00572	0.00154	0.00231	0.00894	0.00524	0.00452
31	0.01193	0.01145	0.01956	0.04681	0.78288	0.01150	0.01484	0.01482	0.01101	0.01576	0.00910	0.01201	0.00765	0.00433	0.00480	0.00144	0.00577	0.00432	0.00239	0.00763
32	0.01199	0.01151	0.01967	0.02974	0.79946	0.01151	0.01487	0.01487	0.01103	0.01583	0.00912	0.01199	0.00768	0.00432	0.00480	0.00144	0.00576	0.00432	0.00240	0.00768
33	0.01114	0.02308	0.71085	0.01320	0.01996	0.01077	0.01663	0.01632	0.01066	0.10839	0.00993	0.01097	0.00683	0.00477	0.00464	0.00153	0.00680	0.00373	0.00251	0.00729
34	0.01271	0.74525	0.02427	0.00876	0.01247	0.01871	0.00854	0.01421	0.00959	0.01143	0.00670	0.00807	0.00623	0.00461	0.00447	0.00115	0.09187	0.00277	0.00208	0.00612
35	0.00580	0.00484	0.00507	0.00517	0.00663	0.00410	0.00381	0.00705	0.01100	0.01334	0.08551	0.12898	0.67715	0.01246	0.00578	0.00167	0.00248	0.01053	0.00454	0.00410
36	0.01010	0.12048	0.71252	0.01316	0.01997	0.01219	0.01677	0.01525	0.01019	0.01488	0.00847	0.00994	0.00615	0.00455	0.00443	0.00148	0.00693	0.00346	0.00205	0.00705
37	0.00634	0.00477	0.00672	0.10257	0.01015	0.00478	0.00556	0.00754	0.00956	0.01274	0.06453	0.68940	0.02974	0.01369	0.00600	0.00190	0.00322	0.01240	0.00426	0.00414
38	0.00579	0.00491	0.00500	0.00498	0.00659	0.00412	0.00373	0.00708	0.01120	0.01346	0.09257	0.04603	0.75379	0.01214	0.00573	0.00163	0.00244	0.01014	0.00455	0.00412
39	0.00700	0.00528	0.00668	0.00725	0.00854	0.00496	0.00604	0.00890	0.01142	0.01461	0.12463	0.04979	0.28771	0.01260	0.00625	0.00195	0.00353	0.42391	0.00458	0.00435
40	0.01357	0.01554	0.01302	0.21705	0.04075	0.40410	0.00985	0.01598	0.05683	0.01246	0.01004	0.05781	0.00899	0.05696	0.00645	0.00167	0.04630	0.00449	0.00267	0.00546
41	0.00972	0.02507	0.80458	0.01381	0.02097	0.01125	0.01790	0.01535	0.01023	0.01535	0.00870	0.01023	0.00614	0.00460	0.00460	0.00153	0.00716	0.00358	0.00205	0.00716
42	0.00670	0.00482	0.00651	0.00759	0.00828	0.00463	0.00586	0.00814	0.01014	0.01330	0.02714	0.47158	0.06004	0.01431	0.00638	0.00207	0.00349	0.33037	0.00448	0.00416
43	0.00784	0.01480	0.41104	0.01033	0.01410	0.00765	0.01130	0.01111	0.00976	0.01388	0.01757	0.41232	0.01890	0.00981	0.00538	0.00175	0.00502	0.00860	0.00325	0.00557
44	0.00653	0.00514	0.00591	0.00568	0.00712	0.00464	0.00427	0.00876	0.04265	0.01647	0.41339	0.04043	0.39971	0.01090	0.00569	0.00158	0.00243	0.00933	0.00492	0.00447
45	0.01571	0.01179	0.01270	0.01040	0.01375	0.01317	0.00838	0.38910	0.37403	0.07378	0.01580	0.01489	0.01148	0.00618	0.00489	0.00154	0.00457	0.00491	0.00496	0.00798
46	0.06397	0.01010	0.01543	0.36558	0.29193	0.01138	0.01257	0.05199	0.09989	0.01592	0.01008	0.01282	0.00784	0.00489	0.00472	0.00154	0.00570	0.00434	0.00274	0.00656
47	0.03950	0.01078	0.01326	0.01047	0.01397	0.01123	0.06577	0.32113	0.12958	0.23941	0.01666	0.02866	0.04024	0.00643	0.00499	0.00155	0.00478	0.02905	0.00492	0.00762
48	0.01066	0.01089	0.01990	0.01921	0.23940	0.01094	0.31877	0.01426	0.05632	0.01543	0.05240	0.01791	0.10299	0.00595	0.00636	0.00162	0.08178	0.00585	0.00293	0.00643
49	0.07070	0.00831	0.01101	0.00849	0.01220	0.00734	0.00701	0.02307	0.01354	0.75741	0.01840	0.01599	0.01160	0.00591	0.00476	0.00150	0.00410	0.00474	0.00582	0.00807
50	0.00972	0.02507	0.80458	0.01381	0.02097	0.01125	0.01790	0.01535	0.01023	0.01535	0.00870	0.01023	0.00614	0.00460	0.00460	0.00153	0.00716	0.00358	0.00205	0.00716
51	0.01175	0.01257	0.06211	0.02677	0.58016	0.01167	0.19263	0.01505	0.01109	0.01574	0.00925	0.01215	0.00752	0.00428	0.00500	0.00149	0.00639	0.00460	0.00239	0.00739
52	0.01167	0.00724	0.00882	0.00773	0.00991	0.00726	0.00602	0.01709	0.23364	0.19549	0.40241	0.02665	0.02940	0.00809	0.00530	0.00155	0.00314	0.00696	0.00537	0.00627
53	0.00590	0.00422	0.00562	0.00675	0.00703	0.00394	0.00450	0.00675	0.00928	0.01237	0.02671	0.82653	0.03205	0.01518	0.00619	0.00197	0.00281	0.01378	0.00450	0.00394
54	0.00915	0.00861	0.01453	0.81804	0.03338	0.01077	0.01346	0.01238	0.00969	0.01238	0.00861	0.01292	0.00646	0.00484	0.00484	0.00161	0.00646	0.00431	0.00215	0.00538
55	0.00902	0.02016	0.60974	0.01193	0.01762	0.00962	0.01465	0.01383	0.01108	0.01634	0.20113	0.01657	0.01580	0.00590	0.00488	0.00153	0.00597	0.00485	0.00285	0.00653
56	0.01267	0.01394	0.02070	0.01599	0.01879	0.14598	0.35021	0.05950	0.01113	0.01449	0.00837	0.01144	0.00689	0.00581	0.00885	0.00172	0.28023	0.00471	0.00249	0.00607
57	0.01314	0.01114	0.01612	0.34711	0.16136	0.01252	0.04915	0.29345	0.01478	0.01975	0.00986	0.01230	0.00737	0.00507	0.00488	0.00153	0.00601	0.00440	0.00319	0.00688
58	0.86392	0.00937	0.00712	0.00637	0.00937	0.01087	0.00525	0.01425	0.00825	0.02174	0.00675	0.00787	0.00525	0.00450	0.00300	0.00150	0.00375	0.00262	0.00300	0.00525
59	0.01305	0.81764	0.02518	0.00837	0.01248	0.03380	0.00831	0.01460	0.00992	0.01141	0.00675	0.00779	0.00622	0.00416	0.00313	0.00104	0.00525	0.00260	0.00208	0.00621
60	0.00669	0.00492	0.00626	0.00598	0.00715	0.00449	0.00446	0.00879	0.01323	0.01841	0.67862	0.06814	0.13402	0.01039	0.00574	0.00155	0.00233	0.00913	0.00520	0.00449
61	0.00686	0.00495	0.00648	0.00610	0.00724	0.00457	0.00457	0.00914	0.01372	0.01943	0.79691	0.03620	0.04572	0.00991	0.00572	0.00152	0.00229	0.00876	0.00533	0.00457
62	0.01829	0.01019	0.10525	0.04919	0.05492	0.00783	0.00895	0.02066	0.01282	0.58495	0.01730	0.06244	0.01198	0.00622	0.00491	0.00153	0.00460	0.00518	0.00507	0.00770
63	0.02174	0.00825	0.01125	0.00862	0.01237	0.00712	0.00712	0.02362	0.01387	0.80282	0.01912	0.01649	0.01200	0.00600	0.00487	0.00150	0.00412	0.00487	0.00600	0.00825
64	0.00590	0.00424	0.00560	0.00670	0.00702	0.00394	0.00448	0.00675	0.00933	0.01239	0.02731	0.80568	0.05251	0.01510	0.00617	0.00196	0.00280	0.01368	0.00450	0.00394
65	0.01003	0.02093	0.58652	0.01597	0.15706	0.01097	0.01614	0.01533	0.04799	0.01555	0.01140	0.01281	0.04788	0.00505	0.00471	0.00153	0.00651	0.00415	0.00237	0.00712
66	0.01900	0.00922	0.01112	0.00885	0.01191	0.05452	0.00709	0.08055	0.01345	0.56430	0.01679	0.01718	0.01176	0.10336	0.00771	0.00189	0.04387	0.00496	0.00516	0.00732
67	0.00583	0.00452	0.00531	0.00594	0.00682	0.00400	0.00414	0.00684	0.01006	0.01269	0.03657	0.48283	0.36938	0.01390	0.00598	0.00182	0.00265	0.01221	0.00450	0.00400
68	0.00775	0.00657	0.00691	0.00669	0.00852	0.00659	0.00504	0.01287	0.25731	0.01528	0.03716	0.12975	0.45963	0.01082	0.00553	0.00168	0.00293	0.00915	0.00464	0.00520
69	0.01669	0.03790	0.01439	0.10828	0.09987	0.25622	0.00993	0.19987	0.01496	0.15641	0.01130	0.01284	0.00849	0.00548	0.00470	0.00143	0.00631	0.02439	0.00366	0.00688

[dist]
# distance from previous block
# <min> <max>
0	255

# created by:
# /st0/software/busco_prod/Augustus/scripts/msa2prfl.pl ./align_prep/75208.fa
