[name]
unknown

[dist]
# distance from previous block
# <min> <max>
0	56

[block]
# block no. 0 follows, 51 sequences, length 45
# corresponding to MSA columns:
# 61-105
name=unknown_A
#
# <colnr> <probs for GDERKNQSTAVLIFYWHMCP>
#	G	D	E	R	K	N	Q	S	T	A	V	L	I	F	Y	W	H	M	C	P
0	0.01284	0.68414	0.05483	0.00856	0.01253	0.01725	0.00850	0.01457	0.01012	0.04448	0.00884	0.01195	0.00823	0.03921	0.00440	0.00131	0.00523	0.04437	0.00243	0.00619
1	0.01105	0.31343	0.49133	0.01173	0.01777	0.01410	0.01416	0.01513	0.01023	0.01415	0.00810	0.00947	0.00630	0.00446	0.00408	0.00134	0.00640	0.00324	0.00212	0.04141
2	0.00751	0.00608	0.03969	0.00687	0.00753	0.00545	0.03671	0.00824	0.00806	0.01078	0.01662	0.05344	0.01865	0.63397	0.02056	0.00411	0.00494	0.10411	0.00316	0.00353
3	0.01323	0.76277	0.05745	0.00876	0.01308	0.01894	0.00885	0.04675	0.01055	0.01254	0.00712	0.00815	0.00639	0.00429	0.00329	0.00109	0.00534	0.00274	0.00222	0.00643
4	0.55850	0.00916	0.03428	0.00729	0.01027	0.00943	0.00614	0.01537	0.00973	0.16713	0.01200	0.08923	0.01018	0.00626	0.00392	0.00160	0.00393	0.03600	0.00379	0.00580
5	0.00916	0.00458	0.00458	0.00458	0.00573	0.00458	0.00344	0.01145	0.01031	0.01832	0.01603	0.01832	0.01260	0.00573	0.00344	0.00115	0.00229	0.00458	0.85457	0.00458
6	0.01036	0.02419	0.73351	0.01420	0.02122	0.01133	0.05920	0.01585	0.01056	0.04162	0.00923	0.01074	0.00649	0.00469	0.00474	0.00156	0.00722	0.00379	0.00223	0.00726
7	0.00916	0.00458	0.00458	0.00458	0.00573	0.00458	0.00344	0.01145	0.01031	0.01832	0.01603	0.01832	0.01260	0.00573	0.00344	0.00115	0.00229	0.00458	0.85457	0.00458
8	0.00674	0.00497	0.00599	0.00579	0.00680	0.00461	0.00412	0.00827	0.01154	0.01563	0.41785	0.03744	0.21164	0.19273	0.04260	0.00254	0.00334	0.00870	0.00456	0.00415
9	0.00863	0.00460	0.00649	0.00640	0.00650	0.00464	0.00423	0.02795	0.00697	0.00929	0.00958	0.01721	0.00981	0.12761	0.01960	0.71671	0.00437	0.00467	0.00233	0.00242
10	0.01849	0.01391	0.01463	0.01130	0.01517	0.03417	0.00930	0.74109	0.04408	0.03023	0.01193	0.01191	0.00849	0.00590	0.00491	0.00148	0.00545	0.00443	0.00486	0.00828
11	0.01131	0.01185	0.01729	0.01418	0.01513	0.05776	0.13731	0.01290	0.00855	0.01248	0.00709	0.01106	0.00661	0.00767	0.01379	0.00202	0.64069	0.00449	0.00223	0.00560
12	0.01076	0.05157	0.71142	0.01360	0.02041	0.05490	0.01706	0.01599	0.01066	0.03682	0.00898	0.01038	0.00640	0.00471	0.00461	0.00152	0.00720	0.00361	0.00221	0.00718
13	0.00692	0.00527	0.00652	0.00675	0.00751	0.02036	0.00486	0.00800	0.00886	0.01167	0.02324	0.17439	0.15979	0.19543	0.28316	0.01950	0.00692	0.04341	0.00348	0.00396
14	0.02205	0.00836	0.01140	0.00874	0.01254	0.00722	0.00722	0.02395	0.01407	0.80004	0.01939	0.01673	0.01216	0.00608	0.00494	0.00152	0.00418	0.00494	0.00608	0.00836
15	0.00792	0.00566	0.00792	0.00905	0.01018	0.00566	0.00792	0.01018	0.01131	0.01471	0.02602	0.05543	0.02828	0.01358	0.00679	0.00226	0.00453	0.76356	0.00453	0.00453
16	0.01054	0.01120	0.02250	0.38277	0.02940	0.01174	0.43023	0.01429	0.01079	0.01429	0.00939	0.01319	0.00704	0.00449	0.00540	0.00165	0.00750	0.00515	0.00235	0.00610
17	0.00928	0.00873	0.01474	0.81548	0.03385	0.01092	0.01365	0.01256	0.00983	0.01256	0.00873	0.01310	0.00655	0.00491	0.00491	0.00164	0.00655	0.00437	0.00218	0.00546
18	0.00598	0.00430	0.00568	0.00679	0.00711	0.00400	0.00454	0.00685	0.00946	0.01257	0.02776	0.80109	0.05506	0.01531	0.00626	0.00199	0.00284	0.01386	0.00456	0.00400
19	0.00599	0.00456	0.00553	0.00628	0.00706	0.00410	0.00439	0.00703	0.01009	0.01287	0.03481	0.53254	0.29293	0.01433	0.00613	0.00189	0.00278	0.03806	0.00456	0.00406
20	0.01899	0.01750	0.01363	0.01147	0.01465	0.40884	0.00899	0.24176	0.03534	0.16454	0.01131	0.01141	0.00822	0.00554	0.00468	0.00138	0.00687	0.00392	0.00395	0.00702
21	0.00669	0.00464	0.00571	0.00629	0.00654	0.00450	0.00408	0.00727	0.00854	0.01132	0.02202	0.36776	0.04223	0.39883	0.01516	0.00332	0.00389	0.07383	0.00381	0.00356
22	0.00589	0.00467	0.00530	0.00580	0.00685	0.00408	0.00410	0.00696	0.01041	0.01295	0.03972	0.39156	0.45687	0.01375	0.00601	0.00181	0.00265	0.01197	0.00456	0.00408
23	0.00928	0.00873	0.01474	0.81548	0.03385	0.01092	0.01365	0.01256	0.00983	0.01256	0.00873	0.01310	0.00655	0.00491	0.00491	0.00164	0.00655	0.00437	0.00218	0.00546
24	0.01293	0.01526	0.02602	0.01912	0.02361	0.16944	0.62688	0.01651	0.01206	0.01501	0.00948	0.01239	0.00723	0.00432	0.00553	0.00158	0.00840	0.00528	0.00249	0.00644
25	0.37186	0.01692	0.01117	0.00997	0.01281	0.41897	0.00774	0.07011	0.01223	0.01754	0.00757	0.00870	0.00605	0.00491	0.00388	0.00139	0.00650	0.00304	0.00291	0.00572
26	0.01160	0.01326	0.02900	0.02071	0.02568	0.01243	0.77879	0.01574	0.01160	0.01574	0.00994	0.01326	0.00746	0.00414	0.00580	0.00166	0.00829	0.00580	0.00249	0.00663
27	0.01846	0.04306	0.01450	0.01187	0.01504	0.45196	0.00932	0.31007	0.01732	0.04854	0.00962	0.01025	0.00732	0.00540	0.00460	0.00135	0.00726	0.00370	0.00356	0.00683
28	0.01263	0.04254	0.05016	0.00916	0.01158	0.03010	0.03476	0.02715	0.02312	0.23600	0.15299	0.01955	0.01703	0.01556	0.23644	0.00338	0.06218	0.00552	0.00408	0.00607
29	0.00916	0.00458	0.00458	0.00458	0.00573	0.00458	0.00344	0.01145	0.01031	0.01832	0.01603	0.01832	0.01260	0.00573	0.00344	0.00115	0.00229	0.00458	0.85457	0.00458
30	0.03304	0.01313	0.01176	0.01049	0.01330	0.16214	0.00813	0.06648	0.58189	0.01956	0.01691	0.01595	0.01278	0.00627	0.00484	0.00158	0.00491	0.00498	0.00449	0.00736
31	0.01314	0.83025	0.02575	0.00841	0.01261	0.01945	0.00841	0.01472	0.00999	0.01156	0.00683	0.00788	0.00631	0.00420	0.00315	0.00105	0.00526	0.00263	0.00210	0.00631
32	0.01465	0.01512	0.01259	0.01119	0.01378	0.27906	0.00867	0.07840	0.41863	0.01786	0.01431	0.01416	0.01102	0.00621	0.00557	0.00155	0.06171	0.00459	0.00397	0.00696
33	0.01001	0.02333	0.68834	0.01342	0.01985	0.03629	0.01666	0.01542	0.02989	0.01522	0.00932	0.01115	0.00687	0.00702	0.06014	0.00200	0.02207	0.00379	0.00220	0.00699
34	0.00916	0.00458	0.00458	0.00458	0.00573	0.00458	0.00344	0.01145	0.01031	0.01832	0.01603	0.01832	0.01260	0.00573	0.00344	0.00115	0.00229	0.00458	0.85457	0.00458
35	0.00797	0.00637	0.00700	0.00679	0.00819	0.00653	0.00489	0.01243	0.22048	0.01484	0.09174	0.12119	0.25339	0.18626	0.02798	0.00250	0.00362	0.00854	0.00437	0.00491
36	0.01314	0.83025	0.02575	0.00841	0.01261	0.01945	0.00841	0.01472	0.00999	0.01156	0.00683	0.00788	0.00631	0.00420	0.00315	0.00105	0.00526	0.00263	0.00210	0.00631
37	0.04261	0.00504	0.00634	0.00653	0.00754	0.00471	0.00469	0.00897	0.01151	0.05404	0.33249	0.38424	0.08859	0.01216	0.00585	0.00175	0.00272	0.01079	0.00491	0.00453
38	0.01318	0.01057	0.01133	0.00903	0.01239	0.04303	0.00720	0.25424	0.13517	0.03682	0.14227	0.01643	0.01537	0.00598	0.00466	0.00128	0.00424	0.00484	0.00432	0.26765
39	0.39411	0.05194	0.02900	0.00991	0.01350	0.06087	0.08161	0.21646	0.03194	0.05474	0.00936	0.01020	0.00697	0.00500	0.00405	0.00149	0.00512	0.00364	0.00356	0.00654
40	0.05996	0.00891	0.01147	0.36858	0.02080	0.06356	0.00941	0.03093	0.01049	0.04834	0.01315	0.19189	0.01260	0.00713	0.00490	0.00155	0.00520	0.00614	0.00312	0.12188
41	0.10792	0.00865	0.01067	0.00896	0.01174	0.02732	0.08036	0.02618	0.12799	0.01726	0.09968	0.13925	0.03214	0.00753	0.00488	0.00146	0.00407	0.05210	0.00387	0.22797
42	0.01439	0.01356	0.03107	0.15270	0.01957	0.17140	0.15221	0.14661	0.04714	0.09013	0.01150	0.04627	0.00900	0.00549	0.00495	0.00148	0.00646	0.00479	0.00341	0.06790
43	0.10364	0.07321	0.07124	0.03645	0.01798	0.01133	0.30499	0.05693	0.01200	0.10164	0.10623	0.01511	0.01231	0.00543	0.00541	0.00155	0.03588	0.00515	0.00335	0.02016
44	0.11213	0.01256	0.01533	0.01200	0.01570	0.09740	0.17360	0.14226	0.17909	0.07964	0.01237	0.01295	0.00919	0.00521	0.00472	0.00146	0.00560	0.00450	0.00381	0.10050

[dist]
# distance from previous block
# <min> <max>
0	12

[block]
# block no. 1 follows, 51 sequences, length 8
# corresponding to MSA columns:
# 118-125
name=unknown_B
#
# <colnr> <probs for GDERKNQSTAVLIFYWHMCP>
#	G	D	E	R	K	N	Q	S	T	A	V	L	I	F	Y	W	H	M	C	P
0	0.13067	0.29649	0.11495	0.00895	0.01270	0.04286	0.00857	0.06563	0.07634	0.06816	0.02890	0.04264	0.00980	0.00546	0.00396	0.00135	0.00488	0.00402	0.06724	0.00640
1	0.42351	0.18066	0.07641	0.00853	0.01213	0.05216	0.00785	0.11039	0.01114	0.01958	0.00874	0.01135	0.00732	0.00520	0.00371	0.00145	0.00487	0.04591	0.00306	0.00603
2	0.07635	0.15037	0.01485	0.01042	0.01371	0.21983	0.00849	0.19783	0.18850	0.05543	0.01172	0.01181	0.00894	0.00549	0.00438	0.00140	0.00577	0.00395	0.00377	0.00698
3	0.25145	0.01787	0.01222	0.01071	0.01363	0.44707	0.00832	0.15304	0.01402	0.01815	0.00813	0.00914	0.00641	0.00507	0.00413	0.00137	0.00685	0.00325	0.00310	0.00607
4	0.00764	0.00520	0.00582	0.00566	0.00604	0.00524	0.00345	0.04287	0.00832	0.01116	0.01783	0.03145	0.07550	0.67295	0.04866	0.00436	0.00482	0.00711	0.03248	0.00342
5	0.01088	0.00891	0.00988	0.06925	0.01235	0.01002	0.00691	0.08367	0.42118	0.01767	0.01935	0.02270	0.06680	0.20718	0.00993	0.00240	0.00434	0.00608	0.00426	0.00624
6	0.00706	0.00524	0.00648	0.00683	0.00792	0.00498	0.00526	0.00899	0.04071	0.01456	0.17120	0.15433	0.22509	0.07654	0.00806	0.03106	0.00335	0.21351	0.00452	0.00430
7	0.03528	0.00670	0.00847	0.00798	0.01014	0.00633	0.00658	0.01474	0.06473	0.24934	0.06500	0.06422	0.16548	0.01031	0.00577	0.00182	0.00382	0.26243	0.00503	0.00583

[dist]
# distance from previous block
# <min> <max>
0	1

[block]
# block no. 2 follows, 51 sequences, length 22
# corresponding to MSA columns:
# 127-148
name=unknown_C
#
# <colnr> <probs for GDERKNQSTAVLIFYWHMCP>
#	G	D	E	R	K	N	Q	S	T	A	V	L	I	F	Y	W	H	M	C	P
0	0.00790	0.00540	0.00701	0.00737	0.00858	0.00513	0.00596	0.00973	0.01152	0.05182	0.19097	0.07979	0.15064	0.08402	0.00792	0.00219	0.00367	0.35122	0.00466	0.00451
1	0.00953	0.00539	0.00671	0.00656	0.00746	0.00510	0.00451	0.01032	0.00945	0.14798	0.03964	0.18100	0.04965	0.41087	0.01523	0.00327	0.00414	0.07481	0.00407	0.00432
2	0.00701	0.00502	0.00675	0.00777	0.00852	0.00487	0.00610	0.00853	0.01030	0.01348	0.02691	0.36151	0.06400	0.06136	0.00759	0.00227	0.00378	0.38557	0.00445	0.00420
3	0.00600	0.00486	0.00532	0.00546	0.00682	0.00419	0.00400	0.00733	0.01127	0.01405	0.14998	0.17826	0.56006	0.01261	0.00589	0.00170	0.00253	0.01078	0.00468	0.00419
4	0.00824	0.00500	0.00610	0.00608	0.00667	0.00478	0.00395	0.00899	0.00927	0.08147	0.12050	0.21297	0.02428	0.43208	0.01565	0.00329	0.00386	0.00866	0.03420	0.00396
5	0.01809	0.00750	0.01012	0.00827	0.01124	0.00664	0.00670	0.01987	0.01310	0.58759	0.07339	0.02364	0.01677	0.08677	0.00714	0.00191	0.00414	0.08436	0.00557	0.00718
6	0.00968	0.00567	0.00764	0.00761	0.00909	0.00528	0.00608	0.01162	0.01226	0.15197	0.26208	0.17375	0.05588	0.01147	0.00604	0.00185	0.00344	0.24839	0.00507	0.00512
7	0.00660	0.00484	0.00565	0.00567	0.00648	0.00447	0.00384	0.00770	0.01044	0.01382	0.25160	0.13072	0.23245	0.28013	0.01218	0.00269	0.00323	0.00930	0.00429	0.00389
8	0.00724	0.00517	0.00714	0.00827	0.00910	0.00507	0.00673	0.00900	0.01064	0.01394	0.02640	0.32702	0.02977	0.01422	0.00661	0.00217	0.00393	0.49871	0.00454	0.00434
9	0.00712	0.00521	0.00760	0.00758	0.00845	0.00596	0.00584	0.00885	0.00818	0.01193	0.04033	0.02039	0.01371	0.06725	0.71139	0.00724	0.01195	0.00544	0.04125	0.00435
10	0.00682	0.00489	0.00605	0.00629	0.00729	0.00446	0.00456	0.00828	0.01132	0.03352	0.27000	0.28079	0.21552	0.06238	0.00716	0.00195	0.00285	0.05683	0.00476	0.00430
11	0.00677	0.00506	0.00619	0.00653	0.00759	0.00470	0.00500	0.00831	0.01112	0.01448	0.19568	0.13010	0.26263	0.11055	0.00842	0.00220	0.00329	0.20266	0.00454	0.00419
12	0.01248	0.01364	0.01424	0.50537	0.02644	0.27507	0.01192	0.03721	0.01156	0.01292	0.00891	0.03206	0.00718	0.00526	0.00479	0.00152	0.00719	0.00421	0.00244	0.00559
13	0.01019	0.00873	0.01019	0.00728	0.01165	0.00655	0.00582	0.01237	0.01019	0.01601	0.00873	0.01019	0.00728	0.00364	0.00364	0.00073	0.00364	0.00291	0.00291	0.85734
14	0.03498	0.01550	0.13103	0.01226	0.01661	0.08306	0.08486	0.40519	0.03550	0.08936	0.01144	0.01190	0.00815	0.00541	0.00485	0.00147	0.00604	0.00431	0.00405	0.03402
15	0.01619	0.01244	0.01330	0.01072	0.01418	0.01392	0.00868	0.50757	0.27517	0.02719	0.03866	0.01472	0.01172	0.00628	0.00497	0.00154	0.00481	0.00494	0.00496	0.00805
16	0.00714	0.00456	0.00615	0.00671	0.00720	0.00434	0.00478	0.00716	0.00884	0.01150	0.02358	0.31471	0.13527	0.01532	0.01094	0.31056	0.00353	0.11060	0.00368	0.00342
17	0.18633	0.00839	0.01138	0.39779	0.02161	0.00984	0.01004	0.06281	0.01065	0.01613	0.01282	0.06856	0.01197	0.00713	0.00495	0.00174	0.00531	0.14406	0.00312	0.00536
18	0.01184	0.01155	0.01745	0.40434	0.15801	0.07176	0.11384	0.09844	0.01199	0.01553	0.00916	0.01243	0.00706	0.00495	0.00533	0.00158	0.03134	0.00447	0.00259	0.00634
19	0.02854	0.00727	0.00864	0.13746	0.01256	0.04032	0.00657	0.05065	0.10190	0.01388	0.01794	0.29383	0.01906	0.18459	0.03340	0.02193	0.00471	0.00831	0.00368	0.00476
20	0.06182	0.01467	0.03584	0.01151	0.05386	0.25385	0.00866	0.06155	0.34399	0.01792	0.04725	0.01575	0.03983	0.00619	0.00476	0.00151	0.00557	0.00479	0.00391	0.00676
21	0.07585	0.20340	0.01663	0.01198	0.06696	0.24906	0.03626	0.15619	0.06040	0.01704	0.01017	0.05602	0.00876	0.00558	0.00434	0.00137	0.00618	0.00416	0.00316	0.00650

[dist]
# distance from previous block
# <min> <max>
14	31

# created by:
# /st0/software/busco_prod/Augustus/scripts/msa2prfl.pl ./align_prep/75336.fa
