[name]
unknown

[dist]
# distance from previous block
# <min> <max>
0	10

[block]
# block no. 0 follows, 50 sequences, length 38
# corresponding to MSA columns:
# 10-30,32-48
name=unknown_A
#
# <colnr> <probs for GDERKNQSTAVLIFYWHMCP>
#	G	D	E	R	K	N	Q	S	T	A	V	L	I	F	Y	W	H	M	C	P
0	0.00885	0.00758	0.01212	0.48420	0.02451	0.00889	0.01147	0.01175	0.01058	0.01363	0.01603	0.03085	0.01566	0.00858	0.00576	0.00192	0.00580	0.31348	0.00319	0.00515
1	0.01335	0.01292	0.01261	0.01115	0.01394	0.15498	0.04968	0.04851	0.52060	0.01890	0.01766	0.03214	0.01407	0.00686	0.00514	0.00165	0.00517	0.04902	0.00444	0.00721
2	0.02015	0.01751	0.01308	0.01122	0.01431	0.47870	0.00869	0.02170	0.01418	0.33320	0.01260	0.01225	0.00884	0.00556	0.00471	0.00139	0.00705	0.00395	0.00404	0.00688
3	0.00967	0.00912	0.01542	0.74351	0.10164	0.01114	0.01397	0.01296	0.01009	0.01305	0.00891	0.01320	0.00676	0.00494	0.00498	0.00165	0.00658	0.00443	0.00224	0.00575
4	0.01709	0.01217	0.01298	0.01016	0.01360	0.01338	0.00832	0.62989	0.02094	0.02895	0.01279	0.01324	0.00930	0.00595	0.00470	0.00143	0.00488	0.00452	0.16798	0.00774
5	0.01069	0.01020	0.01713	0.44695	0.34365	0.01163	0.01427	0.01374	0.01040	0.01414	0.00894	0.01276	0.00715	0.00498	0.00562	0.00162	0.05289	0.00443	0.00232	0.00650
6	0.04330	0.01192	0.01939	0.02835	0.70939	0.01208	0.01452	0.07023	0.01212	0.01759	0.00948	0.01216	0.00785	0.00456	0.00487	0.00148	0.00582	0.00438	0.00267	0.00785
7	0.00958	0.00909	0.01553	0.76333	0.06142	0.01114	0.03446	0.01291	0.01007	0.01295	0.00891	0.01326	0.00671	0.00494	0.00501	0.00166	0.00667	0.00447	0.00223	0.00565
8	0.00958	0.00903	0.01526	0.76754	0.07831	0.01112	0.01393	0.01288	0.01005	0.01294	0.00889	0.01323	0.00672	0.00495	0.00498	0.00165	0.00660	0.00443	0.00223	0.00567
9	0.01558	0.41795	0.06417	0.01074	0.01459	0.28702	0.02913	0.03728	0.01215	0.05824	0.00826	0.00924	0.00683	0.00474	0.00395	0.00122	0.00672	0.00318	0.00260	0.00642
10	0.01118	0.01840	0.37040	0.02134	0.29423	0.01188	0.16935	0.01565	0.01106	0.01600	0.00933	0.01175	0.00712	0.00452	0.00504	0.00156	0.00707	0.00439	0.00232	0.00742
11	0.01356	0.01515	0.01121	0.01109	0.01298	0.42315	0.00887	0.01533	0.01286	0.01350	0.01663	0.03155	0.01706	0.00926	0.00564	0.00177	0.00689	0.36477	0.00353	0.00521
12	0.01782	0.06753	0.01542	0.01433	0.10457	0.57819	0.01008	0.06167	0.01410	0.05887	0.00878	0.00994	0.00704	0.00511	0.00453	0.00132	0.00796	0.00350	0.00287	0.00636
13	0.01480	0.00968	0.01539	0.12299	0.36438	0.00955	0.01151	0.01728	0.01200	0.27851	0.01433	0.08352	0.01138	0.00605	0.00509	0.00157	0.00519	0.00547	0.00387	0.00746
14	0.00688	0.00524	0.00551	0.00533	0.00711	0.00441	0.00404	0.00824	0.01168	0.05766	0.09137	0.04562	0.70530	0.01212	0.00584	0.00167	0.00261	0.01013	0.00476	0.00448
15	0.01140	0.01089	0.01854	0.28112	0.55053	0.01160	0.01483	0.01448	0.01091	0.01515	0.00921	0.01264	0.00749	0.00461	0.00495	0.00154	0.00615	0.00444	0.00239	0.00714
16	0.01097	0.01045	0.01777	0.39548	0.43951	0.01148	0.01462	0.01410	0.01070	0.01463	0.00913	0.01278	0.00731	0.00469	0.00496	0.00156	0.00626	0.00444	0.00235	0.00680
17	0.01937	0.03746	0.08574	0.00932	0.01330	0.00841	0.00832	0.03996	0.05112	0.59303	0.06697	0.01731	0.01382	0.00625	0.00498	0.00154	0.00447	0.00508	0.00553	0.00804
18	0.01053	0.01000	0.01697	0.51408	0.32437	0.01137	0.01440	0.01371	0.01049	0.01409	0.00906	0.01293	0.00712	0.00478	0.00496	0.00159	0.00637	0.00443	0.00231	0.00644
19	0.01249	0.01394	0.01087	0.01027	0.01194	0.37905	0.00782	0.01404	0.01087	0.01186	0.01072	0.01464	0.00964	0.02233	0.43132	0.00487	0.01131	0.00435	0.00262	0.00507
20	0.01271	0.09838	0.31226	0.01972	0.33543	0.01201	0.01487	0.01648	0.01125	0.10579	0.01016	0.01176	0.00766	0.00473	0.00470	0.00148	0.00621	0.00404	0.00272	0.00761
21	0.04557	0.00715	0.00956	0.00878	0.05537	0.00649	0.00646	0.01642	0.01366	0.36418	0.33488	0.02631	0.06796	0.00800	0.00534	0.00156	0.00346	0.00682	0.00548	0.00656
22	0.01234	0.01184	0.02023	0.03059	0.79373	0.01184	0.01530	0.01530	0.01135	0.01628	0.00938	0.01234	0.00790	0.00444	0.00493	0.00148	0.00592	0.00444	0.00247	0.00790
23	0.01000	0.02578	0.79900	0.01421	0.02157	0.01158	0.01842	0.01579	0.01052	0.01579	0.00895	0.01052	0.00631	0.00474	0.00474	0.00158	0.00737	0.00368	0.00210	0.00737
24	0.00655	0.00479	0.00620	0.00702	0.00757	0.00459	0.00481	0.00833	0.05193	0.01417	0.13281	0.66973	0.03396	0.01439	0.00623	0.00194	0.00287	0.01300	0.00477	0.00435
25	0.01137	0.00841	0.01238	0.01616	0.32956	0.00788	0.00909	0.01342	0.01178	0.14884	0.02776	0.02780	0.32340	0.02312	0.00571	0.00163	0.00425	0.00703	0.00398	0.00643
26	0.01053	0.00990	0.01671	0.44673	0.34349	0.01108	0.01410	0.01364	0.01062	0.01431	0.01008	0.01537	0.00842	0.00527	0.00507	0.00162	0.00623	0.04791	0.00245	0.00645
27	0.00607	0.00434	0.00578	0.00694	0.00723	0.00405	0.00463	0.00694	0.00954	0.01272	0.02747	0.82157	0.03297	0.01562	0.00636	0.00202	0.00289	0.01417	0.00463	0.00405
28	0.01234	0.01184	0.02023	0.03059	0.79373	0.01184	0.01530	0.01530	0.01135	0.01628	0.00938	0.01234	0.00790	0.00444	0.00493	0.00148	0.00592	0.00444	0.00247	0.00790
29	0.01225	0.01175	0.02008	0.05382	0.77118	0.01182	0.01525	0.01522	0.01131	0.01618	0.00936	0.01236	0.00786	0.00446	0.00494	0.00149	0.00594	0.00444	0.00246	0.00783
30	0.01136	0.00953	0.01050	0.00992	0.01234	0.01082	0.00792	0.02266	0.60153	0.01945	0.02173	0.02751	0.01841	0.00842	0.00550	0.00183	0.00410	0.18440	0.00496	0.00711
31	0.00607	0.00434	0.00578	0.00694	0.00723	0.00405	0.00463	0.00694	0.00954	0.01272	0.02747	0.82157	0.03297	0.01562	0.00636	0.00202	0.00289	0.01417	0.00463	0.00405
32	0.86003	0.00964	0.00733	0.00655	0.00964	0.01118	0.00540	0.01465	0.00848	0.02236	0.00694	0.00810	0.00540	0.00463	0.00308	0.00154	0.00386	0.00270	0.00308	0.00540
33	0.00637	0.00462	0.00563	0.00631	0.00680	0.00431	0.00419	0.00714	0.00937	0.01219	0.02877	0.47648	0.16478	0.20675	0.01079	0.00264	0.00333	0.03145	0.00425	0.00385
34	0.00638	0.00496	0.00588	0.00648	0.00761	0.00446	0.00490	0.00772	0.01080	0.01352	0.03830	0.29798	0.39604	0.01381	0.00624	0.00191	0.00305	0.16111	0.00462	0.00423
35	0.01244	0.61399	0.23218	0.01004	0.01513	0.01755	0.01116	0.01515	0.01023	0.01281	0.00747	0.00867	0.00637	0.00439	0.00361	0.00120	0.00587	0.00294	0.00212	0.00666
36	0.01469	0.03790	0.35899	0.01147	0.01667	0.01053	0.01236	0.02074	0.16607	0.27755	0.01473	0.01422	0.01010	0.00561	0.00486	0.00158	0.00559	0.00449	0.00405	0.00782
37	0.01250	0.64551	0.11002	0.00940	0.01359	0.01776	0.00967	0.01457	0.01016	0.01247	0.02366	0.01077	0.00802	0.00504	0.00432	0.00124	0.05241	0.03028	0.00229	0.00635

[dist]
# distance from previous block
# <min> <max>
0	8

[block]
# block no. 1 follows, 50 sequences, length 14
# corresponding to MSA columns:
# 57-70
name=unknown_B
#
# <colnr> <probs for GDERKNQSTAVLIFYWHMCP>
#	G	D	E	R	K	N	Q	S	T	A	V	L	I	F	Y	W	H	M	C	P
0	0.00876	0.00621	0.00884	0.01050	0.08609	0.00603	0.00776	0.01085	0.01154	0.05662	0.07888	0.14429	0.07833	0.01236	0.00639	0.00205	0.00420	0.45073	0.00454	0.00503
1	0.01220	0.25620	0.16178	0.01655	0.22720	0.01337	0.06308	0.03387	0.01129	0.04493	0.01112	0.01624	0.00983	0.00565	0.00468	0.00149	0.00594	0.09489	0.00277	0.00691
2	0.01302	0.21649	0.13436	0.02026	0.37203	0.09265	0.03216	0.03578	0.01153	0.01507	0.00863	0.01069	0.00716	0.00454	0.00446	0.00138	0.00634	0.00381	0.00241	0.00722
3	0.00632	0.00489	0.00582	0.00630	0.00739	0.00438	0.00465	0.00769	0.01105	0.01410	0.12258	0.31442	0.36153	0.01351	0.00616	0.00186	0.00286	0.09552	0.00472	0.00425
4	0.09759	0.04394	0.08155	0.01896	0.33987	0.06186	0.01204	0.18256	0.01401	0.08569	0.01034	0.01171	0.00788	0.00500	0.00466	0.00148	0.00577	0.00412	0.00335	0.00760
5	0.01179	0.45875	0.38177	0.01114	0.01683	0.01597	0.01308	0.01532	0.01031	0.01359	0.00786	0.00916	0.00636	0.00448	0.00391	0.00130	0.00627	0.00313	0.00212	0.00684
6	0.00655	0.00508	0.00596	0.00574	0.00714	0.00449	0.00431	0.00843	0.01292	0.01717	0.47060	0.04188	0.36930	0.01124	0.00588	0.00162	0.00243	0.00967	0.00512	0.00449
7	0.01500	0.00920	0.01079	0.00909	0.01201	0.00958	0.00722	0.09691	0.31643	0.25872	0.17677	0.02125	0.02017	0.00720	0.00521	0.00160	0.00386	0.00602	0.00548	0.00748
8	0.01141	0.04375	0.48517	0.01271	0.01839	0.01164	0.03875	0.01882	0.20766	0.06283	0.03210	0.01364	0.01000	0.00544	0.00486	0.00159	0.00616	0.00443	0.00320	0.00745
9	0.00864	0.00837	0.01529	0.01188	0.01466	0.00778	0.30606	0.01144	0.01218	0.01641	0.26930	0.02914	0.19489	0.01020	0.05902	0.00207	0.00549	0.00788	0.00395	0.00537
10	0.01232	0.05116	0.02148	0.02853	0.67563	0.01230	0.09484	0.01535	0.01133	0.01603	0.00933	0.01224	0.00779	0.00441	0.00495	0.00148	0.00615	0.00451	0.00246	0.00770
11	0.01250	0.01170	0.03740	0.01746	0.27590	0.01229	0.03111	0.04608	0.45801	0.01938	0.01576	0.01591	0.01208	0.00583	0.00503	0.00161	0.00487	0.00515	0.00404	0.00786
12	0.11031	0.01190	0.01505	0.01492	0.18187	0.06134	0.06669	0.17309	0.04391	0.19772	0.01231	0.01282	0.00888	0.00523	0.00472	0.00147	0.00538	0.00436	0.00403	0.06399
13	0.01152	0.01663	0.28394	0.02463	0.49859	0.01179	0.05010	0.01549	0.01109	0.01610	0.00926	0.01177	0.00735	0.00453	0.00491	0.00152	0.00652	0.00425	0.00235	0.00766

[dist]
# distance from previous block
# <min> <max>
5	10

[block]
# block no. 2 follows, 50 sequences, length 9
# corresponding to MSA columns:
# 81-89
name=unknown_C
#
# <colnr> <probs for GDERKNQSTAVLIFYWHMCP>
#	G	D	E	R	K	N	Q	S	T	A	V	L	I	F	Y	W	H	M	C	P
0	0.01202	0.00832	0.01198	0.08240	0.19533	0.02544	0.00943	0.01469	0.04377	0.16995	0.01974	0.16131	0.03847	0.00914	0.00565	0.00179	0.00474	0.17538	0.00419	0.00628
1	0.01194	0.07031	0.34888	0.04330	0.30493	0.02965	0.04980	0.01598	0.01111	0.05425	0.00953	0.01152	0.00727	0.00466	0.00478	0.00151	0.00661	0.00407	0.00247	0.00744
2	0.01273	0.08915	0.40309	0.01231	0.01776	0.01330	0.01350	0.18558	0.16734	0.01989	0.01169	0.01223	0.00857	0.00537	0.00473	0.00154	0.00610	0.00416	0.00333	0.00763
3	0.00851	0.00764	0.01142	0.10719	0.27173	0.00753	0.00894	0.01056	0.01102	0.01446	0.05700	0.14997	0.29573	0.00938	0.00554	0.00166	0.00418	0.00830	0.00366	0.00558
4	0.00856	0.01490	0.36246	0.03916	0.06352	0.00840	0.01162	0.01218	0.01113	0.01557	0.15403	0.02429	0.17538	0.04252	0.03331	0.00195	0.00548	0.00629	0.00329	0.00594
5	0.01156	0.01848	0.40415	0.06066	0.22742	0.01156	0.09058	0.01594	0.01099	0.06435	0.00977	0.01185	0.00726	0.00482	0.00526	0.00158	0.02967	0.00424	0.00250	0.00736
6	0.01161	0.01514	0.17461	0.09642	0.30841	0.03476	0.25494	0.01550	0.01127	0.01564	0.00942	0.01232	0.00732	0.00449	0.00519	0.00157	0.00714	0.00471	0.00239	0.00714
7	0.01011	0.02498	0.74903	0.01465	0.02186	0.01164	0.06758	0.01580	0.01060	0.01580	0.00902	0.01071	0.00640	0.00470	0.00481	0.00159	0.00743	0.00383	0.00213	0.00732
8	0.00905	0.00806	0.03306	0.04534	0.01208	0.00817	0.04502	0.01527	0.29317	0.01610	0.02319	0.35770	0.04483	0.01081	0.00578	0.00186	0.00395	0.05626	0.00450	0.00579

[dist]
# distance from previous block
# <min> <max>
3	7

[block]
# block no. 3 follows, 50 sequences, length 45
# corresponding to MSA columns:
# 107-151
name=unknown_D
#
# <colnr> <probs for GDERKNQSTAVLIFYWHMCP>
#	G	D	E	R	K	N	Q	S	T	A	V	L	I	F	Y	W	H	M	C	P
0	0.00809	0.00643	0.00925	0.20689	0.04926	0.00678	0.00760	0.01067	0.04613	0.03372	0.18986	0.27409	0.09446	0.01038	0.00573	0.00176	0.00392	0.02575	0.00418	0.00504
1	0.01180	0.20790	0.43562	0.01543	0.14328	0.07445	0.01496	0.01583	0.01084	0.01466	0.00846	0.01012	0.00660	0.00461	0.00440	0.00142	0.00679	0.00353	0.00220	0.00711
2	0.01159	0.01123	0.01819	0.07263	0.37627	0.01198	0.09146	0.01498	0.06043	0.01549	0.00952	0.01241	0.00794	0.00534	0.00710	0.00158	0.16170	0.00448	0.00262	0.10307
3	0.46031	0.07152	0.21247	0.00958	0.01376	0.12912	0.00957	0.01574	0.00995	0.01845	0.00757	0.00884	0.00585	0.00471	0.00372	0.00148	0.00561	0.00302	0.00269	0.00603
4	0.01147	0.01747	0.32186	0.02182	0.34007	0.01194	0.13225	0.03024	0.03488	0.01647	0.00970	0.01199	0.00747	0.00462	0.00501	0.00156	0.00679	0.00441	0.00246	0.00752
5	0.01110	0.01109	0.02568	0.01426	0.18445	0.14171	0.04013	0.02575	0.04461	0.01358	0.01166	0.01726	0.01081	0.15171	0.21769	0.00373	0.02691	0.00498	0.00280	0.04008
6	0.00669	0.00506	0.00603	0.00580	0.00704	0.00455	0.00426	0.00849	0.01262	0.01697	0.48331	0.04032	0.28626	0.08176	0.00758	0.00189	0.00262	0.00935	0.00499	0.00440
7	0.01209	0.01404	0.20690	0.02781	0.11177	0.01124	0.01124	0.02085	0.37616	0.07154	0.04716	0.01650	0.01300	0.01943	0.00531	0.00166	0.00505	0.00507	0.00399	0.01920
8	0.00746	0.00751	0.07690	0.02554	0.01037	0.00587	0.05679	0.01004	0.01301	0.01797	0.51626	0.04697	0.16656	0.00971	0.00577	0.00160	0.00332	0.00858	0.00477	0.00499
9	0.00789	0.00700	0.04843	0.00752	0.02059	0.00615	0.00594	0.01189	0.11871	0.01905	0.54784	0.07098	0.08905	0.00977	0.00572	0.00161	0.00292	0.00855	0.00511	0.00526
10	0.01726	0.02150	0.01433	0.01288	0.01500	0.66611	0.00985	0.01851	0.01298	0.01216	0.00750	0.00933	0.00644	0.00577	0.00658	0.00144	0.15071	0.00341	0.00250	0.00572
11	0.01014	0.02974	0.37779	0.01122	0.01689	0.00936	0.05162	0.01412	0.01067	0.01612	0.04616	0.01183	0.00877	0.00452	0.00439	0.00122	0.00561	0.00373	0.00264	0.36345
12	0.01306	0.01503	0.09328	0.05260	0.53987	0.14408	0.01437	0.01636	0.03524	0.01557	0.00937	0.01183	0.00768	0.00467	0.00485	0.00147	0.00654	0.00420	0.00252	0.00741
13	0.01402	0.01204	0.01215	0.01055	0.01359	0.05504	0.00830	0.17462	0.59326	0.02248	0.01797	0.01678	0.01342	0.00652	0.00502	0.00163	0.00452	0.00528	0.00492	0.00789
14	0.42125	0.01367	0.01243	0.01426	0.20918	0.19941	0.00902	0.03916	0.01100	0.01870	0.00789	0.00950	0.00636	0.00474	0.00394	0.00146	0.00564	0.00331	0.00286	0.00621
15	0.00811	0.00644	0.00937	0.01112	0.16415	0.00613	0.00681	0.01058	0.01356	0.01925	0.63531	0.03227	0.03923	0.00904	0.00569	0.00155	0.00306	0.00810	0.00489	0.00534
16	0.01187	0.03504	0.21426	0.01677	0.26686	0.01013	0.01223	0.01630	0.08199	0.09812	0.12685	0.01681	0.01461	0.00582	0.00492	0.00152	0.00520	0.00505	0.04852	0.00714
17	0.01091	0.01091	0.01527	0.01309	0.01309	0.01527	0.01091	0.01200	0.00763	0.01200	0.00654	0.01091	0.00654	0.00872	0.01636	0.00218	0.81570	0.00436	0.00218	0.00545
18	0.00770	0.00616	0.00875	0.09885	0.08858	0.00606	0.00668	0.01007	0.01297	0.01795	0.52929	0.05198	0.11695	0.00942	0.00570	0.00159	0.00322	0.00833	0.00471	0.00505
19	0.00732	0.00544	0.00760	0.00751	0.00811	0.00623	0.00553	0.00857	0.00778	0.01105	0.01372	0.02288	0.01380	0.25839	0.55042	0.00686	0.04612	0.00584	0.00275	0.00409
20	0.01862	0.02376	0.01413	0.01284	0.01541	0.80482	0.00963	0.01990	0.01413	0.01220	0.00770	0.00899	0.00642	0.00514	0.00449	0.00128	0.00899	0.00321	0.00257	0.00578
21	0.01440	0.01080	0.04544	0.00969	0.01281	0.01085	0.00809	0.29737	0.17442	0.11156	0.20411	0.02126	0.02015	0.00736	0.00527	0.00159	0.00432	0.02811	0.00512	0.00728
22	0.01221	0.01171	0.02000	0.06489	0.76044	0.01181	0.01523	0.01518	0.01129	0.01613	0.00935	0.01238	0.00784	0.00446	0.00494	0.00149	0.00595	0.00444	0.00246	0.00779
23	0.01240	0.01071	0.01127	0.01014	0.01296	0.01240	0.00789	0.02649	0.78473	0.02085	0.02029	0.01860	0.01522	0.00676	0.00507	0.00169	0.00394	0.00564	0.00507	0.00789
24	0.00929	0.00807	0.01291	0.01841	0.37888	0.00795	0.01012	0.01134	0.01066	0.01470	0.01879	0.33668	0.02056	0.01009	0.00576	0.00180	0.00455	0.10990	0.00360	0.00594
25	0.01120	0.01092	0.01929	0.31612	0.43262	0.01164	0.09689	0.01443	0.01089	0.01495	0.00926	0.01281	0.00740	0.00461	0.00505	0.00157	0.00645	0.00459	0.00238	0.00690
26	0.01333	0.82783	0.02612	0.00853	0.01279	0.01972	0.00853	0.01493	0.01013	0.01173	0.00693	0.00800	0.00640	0.00426	0.00320	0.00107	0.00533	0.00267	0.00213	0.00640
27	0.01176	0.01345	0.02941	0.02101	0.02605	0.01261	0.77563	0.01597	0.01176	0.01597	0.01008	0.01345	0.00756	0.00420	0.00588	0.00168	0.00840	0.00588	0.00252	0.00672
28	0.00795	0.00614	0.00790	0.00746	0.00764	0.00719	0.00522	0.00852	0.00747	0.01050	0.01342	0.02574	0.01471	0.50807	0.17617	0.00493	0.16811	0.00630	0.00278	0.00378
29	0.86003	0.00964	0.00733	0.00655	0.00964	0.01118	0.00540	0.01465	0.00848	0.02236	0.00694	0.00810	0.00540	0.00463	0.00308	0.00154	0.00386	0.00270	0.00308	0.00540
30	0.01561	0.01653	0.01968	0.01529	0.01912	0.26005	0.29140	0.19290	0.08533	0.01878	0.01070	0.01219	0.00811	0.00513	0.00517	0.00152	0.00751	0.00471	0.00333	0.00694
31	0.00708	0.00527	0.00779	0.00785	0.00867	0.00606	0.00601	0.00873	0.00805	0.01154	0.01413	0.05833	0.01369	0.07126	0.73248	0.00758	0.01248	0.00585	0.00278	0.00437
32	0.01034	0.00886	0.01034	0.00738	0.01181	0.00664	0.00591	0.01255	0.01034	0.01624	0.00886	0.01034	0.00738	0.00369	0.00369	0.00074	0.00369	0.00295	0.00295	0.85530
33	0.01324	0.00815	0.04106	0.00786	0.01086	0.00675	0.00654	0.06005	0.01384	0.26666	0.31346	0.02415	0.05139	0.00745	0.00514	0.00142	0.00357	0.00631	0.00509	0.14701
34	0.00866	0.00433	0.00649	0.00649	0.00649	0.00433	0.00433	0.00649	0.00649	0.00866	0.00866	0.01515	0.00866	0.01732	0.01948	0.85498	0.00433	0.00433	0.00216	0.00216
35	0.00758	0.00571	0.00798	0.00837	0.04518	0.00639	0.00570	0.00874	0.00787	0.01112	0.01372	0.02361	0.01405	0.32170	0.44768	0.00628	0.04547	0.00595	0.00277	0.00414
36	0.01468	0.01628	0.01796	0.02398	0.50364	0.30739	0.01319	0.01701	0.01238	0.01476	0.00875	0.01109	0.00735	0.00470	0.00477	0.00141	0.00706	0.00398	0.00250	0.00711
37	0.01376	0.00932	0.01329	0.04632	0.22476	0.00828	0.00905	0.01602	0.01159	0.21519	0.03479	0.01363	0.00996	0.00519	0.00496	0.02722	0.00454	0.00416	0.00366	0.32429
38	0.01132	0.01082	0.01833	0.29373	0.51934	0.01167	0.01470	0.01436	0.01080	0.01499	0.00913	0.01262	0.00744	0.00473	0.00522	0.00156	0.02539	0.00444	0.00238	0.00704
39	0.01286	0.01239	0.01924	0.04657	0.67478	0.04975	0.01446	0.04966	0.04121	0.01685	0.00981	0.01242	0.00810	0.00464	0.00492	0.00148	0.00599	0.00443	0.00268	0.00776
40	0.01174	0.01693	0.33751	0.01204	0.01683	0.01189	0.03042	0.02173	0.41945	0.04559	0.01533	0.01508	0.01125	0.00584	0.00495	0.00164	0.00548	0.00481	0.00382	0.00767
41	0.01594	0.03462	0.05174	0.23574	0.08913	0.00947	0.04345	0.01860	0.01229	0.38567	0.01554	0.01592	0.03789	0.00571	0.00500	0.00157	0.00536	0.00490	0.00421	0.00726
42	0.01181	0.01079	0.01795	0.22534	0.52510	0.01139	0.01418	0.01531	0.04610	0.03922	0.01045	0.01404	0.00854	0.00496	0.00500	0.00156	0.00593	0.02240	0.00268	0.00724
43	0.01093	0.01041	0.01769	0.40638	0.42892	0.01147	0.01460	0.01407	0.01069	0.01458	0.00913	0.01279	0.00729	0.00470	0.00496	0.00157	0.00627	0.00444	0.00235	0.00676
44	0.00865	0.00810	0.01437	0.01331	0.08283	0.00783	0.22654	0.01092	0.01068	0.01425	0.02250	0.26939	0.11925	0.01152	0.04181	0.00214	0.02930	0.09766	0.00367	0.00530

[dist]
# distance from previous block
# <min> <max>
0	2

[block]
# block no. 4 follows, 50 sequences, length 13
# corresponding to MSA columns:
# 154-166
name=unknown_E
#
# <colnr> <probs for GDERKNQSTAVLIFYWHMCP>
#	G	D	E	R	K	N	Q	S	T	A	V	L	I	F	Y	W	H	M	C	P
0	0.00943	0.00896	0.01496	0.62818	0.07481	0.01075	0.04344	0.01248	0.01014	0.01310	0.01257	0.01624	0.07711	0.00577	0.00560	0.00168	0.04168	0.00503	0.00246	0.00560
1	0.01129	0.05938	0.32961	0.02188	0.39356	0.01196	0.04171	0.01532	0.01098	0.01579	0.00969	0.01296	0.00790	0.00487	0.00487	0.00153	0.00650	0.03036	0.00238	0.00745
2	0.45095	0.01114	0.01230	0.04746	0.27126	0.06646	0.00926	0.01485	0.01000	0.01889	0.00964	0.01139	0.03821	0.00494	0.00399	0.00151	0.00496	0.00370	0.00287	0.00621
3	0.01360	0.06333	0.02067	0.02386	0.47361	0.04415	0.14173	0.01693	0.04100	0.09665	0.01075	0.01283	0.00842	0.00468	0.00498	0.00149	0.00618	0.00463	0.00294	0.00758
4	0.09817	0.06169	0.01245	0.00976	0.01147	0.01206	0.00810	0.10815	0.01113	0.05926	0.01858	0.01981	0.19563	0.00847	0.00959	0.00180	0.33908	0.00562	0.00343	0.00576
5	0.07567	0.00998	0.01253	0.01217	0.12285	0.01016	0.00851	0.13881	0.15170	0.30477	0.08643	0.01705	0.01429	0.00626	0.00495	0.00155	0.00442	0.00516	0.00499	0.00773
6	0.01114	0.01105	0.02029	0.23415	0.35369	0.01143	0.20067	0.01446	0.01109	0.01518	0.01052	0.01571	0.00883	0.00513	0.00531	0.00163	0.00663	0.05378	0.00255	0.00677
7	0.01086	0.00998	0.01639	0.23017	0.41958	0.01079	0.01326	0.01396	0.02658	0.01516	0.01174	0.01845	0.01047	0.00605	0.00565	0.00166	0.04119	0.10085	0.03057	0.00664
8	0.01064	0.00989	0.01659	0.26890	0.43982	0.01056	0.01350	0.01351	0.01080	0.01482	0.01188	0.07401	0.01097	0.00616	0.00521	0.00164	0.00582	0.06594	0.00271	0.00663
9	0.13249	0.01415	0.04284	0.10067	0.09283	0.15192	0.30417	0.01583	0.01135	0.01591	0.00890	0.01148	0.00694	0.00451	0.00487	0.00150	0.00709	0.00440	0.00259	0.06555
10	0.00755	0.00540	0.00678	0.11952	0.00952	0.00571	0.00455	0.00802	0.00763	0.01010	0.01474	0.02989	0.01650	0.70899	0.02249	0.00438	0.00509	0.00685	0.00291	0.00338
11	0.01101	0.01061	0.01613	0.34036	0.29365	0.04102	0.01286	0.01382	0.01050	0.01440	0.00883	0.01221	0.00717	0.00488	0.00556	0.00149	0.06249	0.00417	0.00242	0.12643
12	0.50977	0.01121	0.01645	0.01252	0.01642	0.01177	0.32344	0.01519	0.00984	0.01972	0.00824	0.01031	0.00629	0.00445	0.00424	0.00160	0.00573	0.00401	0.00285	0.00595

[dist]
# distance from previous block
# <min> <max>
0	10

[block]
# block no. 5 follows, 50 sequences, length 6
# corresponding to MSA columns:
# 177-182
name=unknown_F
#
# <colnr> <probs for GDERKNQSTAVLIFYWHMCP>
#	G	D	E	R	K	N	Q	S	T	A	V	L	I	F	Y	W	H	M	C	P
0	0.07471	0.01445	0.01222	0.01049	0.01346	0.30526	0.00828	0.02120	0.08639	0.31860	0.01416	0.01483	0.01035	0.00613	0.00522	0.00151	0.03814	0.03334	0.00430	0.00694
1	0.00866	0.00433	0.00649	0.00649	0.00649	0.00433	0.00433	0.00649	0.00649	0.00866	0.00866	0.01515	0.00866	0.01732	0.01948	0.85498	0.00433	0.00433	0.00216	0.00216
2	0.01264	0.01108	0.01378	0.11229	0.21554	0.07248	0.01032	0.01958	0.31183	0.07079	0.01572	0.08588	0.01298	0.00656	0.00509	0.00162	0.00510	0.00570	0.00390	0.00715
3	0.09321	0.01220	0.01080	0.00955	0.01219	0.19270	0.00740	0.04779	0.21733	0.16045	0.11189	0.07248	0.01668	0.00709	0.00493	0.00156	0.00494	0.00566	0.00453	0.00664
4	0.00989	0.00699	0.00884	0.00941	0.07784	0.00687	0.00637	0.05555	0.10824	0.09503	0.15277	0.25745	0.16348	0.01062	0.00570	0.00172	0.00341	0.00930	0.00481	0.00569
5	0.07938	0.01296	0.00995	0.00917	0.01112	0.31620	0.00682	0.01509	0.01245	0.10612	0.15936	0.13261	0.01944	0.07951	0.00680	0.00180	0.00556	0.00638	0.00391	0.00538

[dist]
# distance from previous block
# <min> <max>
0	3

# created by:
# /st0/software/busco_prod/Augustus/scripts/msa2prfl.pl ./align_prep/75444.fa
