[name]
unknown

[dist]
# distance from previous block
# <min> <max>
6	110

[block]
# block no. 0 follows, 42 sequences, length 12
# corresponding to MSA columns:
# 137-148
name=unknown_A
#
# <colnr> <probs for GDERKNQSTAVLIFYWHMCP>
#	G	D	E	R	K	N	Q	S	T	A	V	L	I	F	Y	W	H	M	C	P
0	0.01341	0.01712	0.13533	0.26833	0.13416	0.14480	0.15095	0.01722	0.01267	0.01595	0.01033	0.01414	0.00813	0.02616	0.00627	0.00186	0.00828	0.00503	0.00268	0.00717
1	0.01360	0.07185	0.14370	0.01124	0.01529	0.01042	0.06839	0.01865	0.13061	0.17004	0.06344	0.09395	0.14710	0.00891	0.00590	0.00182	0.00522	0.00763	0.00482	0.00742
2	0.00881	0.00741	0.00940	0.00903	0.01085	0.00734	0.05362	0.01344	0.17280	0.01692	0.03620	0.32375	0.26149	0.01351	0.00668	0.00207	0.00384	0.03187	0.00518	0.00578
3	0.01304	0.01844	0.23399	0.09779	0.29258	0.04684	0.18092	0.01755	0.01265	0.01757	0.01049	0.01357	0.00812	0.00514	0.00573	0.00176	0.00800	0.00508	0.00266	0.00809
4	0.01386	0.03679	0.06177	0.22039	0.25140	0.03638	0.01412	0.13128	0.06858	0.01969	0.01279	0.06253	0.01075	0.00658	0.00598	0.00179	0.02837	0.00564	0.00348	0.00783
5	0.01416	0.01529	0.02233	0.26693	0.02811	0.14825	0.26371	0.05984	0.01339	0.01666	0.01018	0.01385	0.00792	0.00586	0.00720	0.00186	0.08934	0.00532	0.00287	0.00694
6	0.01044	0.00739	0.00868	0.00781	0.00993	0.00748	0.05291	0.01560	0.16339	0.01989	0.02833	0.02876	0.19895	0.00855	0.00514	0.00162	0.00349	0.00719	0.40846	0.00602
7	0.31300	0.10278	0.21025	0.01216	0.01740	0.01460	0.07015	0.14031	0.01368	0.04361	0.01005	0.01132	0.00748	0.00548	0.00465	0.00170	0.00628	0.00403	0.00349	0.00759
8	0.01127	0.03551	0.08436	0.08059	0.03063	0.08610	0.05295	0.03419	0.08128	0.01741	0.07066	0.09144	0.13861	0.01034	0.00632	0.00197	0.00577	0.14998	0.00432	0.00633
9	0.01382	0.03968	0.06715	0.03310	0.01869	0.05549	0.21978	0.04431	0.02936	0.11313	0.03966	0.16858	0.01617	0.00795	0.00596	0.00176	0.00639	0.00749	0.00411	0.10742
10	0.01295	0.12124	0.03698	0.02921	0.01759	0.05690	0.23579	0.04846	0.01361	0.04624	0.06267	0.02244	0.13018	0.00724	0.00582	0.00168	0.01935	0.00657	0.11839	0.00671
11	0.00976	0.00783	0.01152	0.01128	0.05580	0.00751	0.08928	0.01297	0.08713	0.04476	0.06723	0.35633	0.09017	0.07540	0.00833	0.00228	0.00448	0.01110	0.00476	0.04206

[dist]
# distance from previous block
# <min> <max>
2	6

[block]
# block no. 1 follows, 42 sequences, length 10
# corresponding to MSA columns:
# 155-164
name=unknown_B
#
# <colnr> <probs for GDERKNQSTAVLIFYWHMCP>
#	G	D	E	R	K	N	Q	S	T	A	V	L	I	F	Y	W	H	M	C	P
0	0.03485	0.04050	0.21984	0.21055	0.10212	0.08245	0.05134	0.01767	0.03130	0.07509	0.04656	0.01625	0.03504	0.00612	0.00551	0.00175	0.00720	0.00516	0.00325	0.00743
1	0.01096	0.03925	0.18652	0.03586	0.01384	0.00901	0.00970	0.04028	0.01081	0.06879	0.01561	0.02279	0.03759	0.20885	0.20438	0.06213	0.00845	0.00603	0.00334	0.00582
2	0.01231	0.18007	0.52276	0.01586	0.02311	0.01504	0.12050	0.01766	0.01199	0.01695	0.00983	0.01178	0.00735	0.00516	0.00519	0.00168	0.00803	0.00428	0.00245	0.00800
3	0.00796	0.00599	0.00784	0.00811	0.00851	0.00646	0.00565	0.00889	0.00959	0.01308	0.02312	0.32615	0.05697	0.24918	0.16061	0.00448	0.07828	0.01065	0.00403	0.00447
4	0.04867	0.05391	0.07077	0.17008	0.12312	0.01040	0.03040	0.01484	0.03954	0.06316	0.12639	0.02527	0.11035	0.08040	0.00780	0.00211	0.00554	0.00677	0.00392	0.00658
5	0.07157	0.09666	0.25972	0.01244	0.01719	0.01140	0.08294	0.01629	0.03183	0.07444	0.11488	0.06930	0.04602	0.00808	0.00571	0.00183	0.00605	0.06263	0.00393	0.00709
6	0.00978	0.00845	0.01411	0.01225	0.01430	0.00815	0.19009	0.07812	0.01283	0.01721	0.02453	0.53194	0.02756	0.01343	0.00691	0.00213	0.00508	0.01267	0.00467	0.00578
7	0.00691	0.00497	0.00646	0.00762	0.00803	0.00463	0.00507	0.00787	0.01076	0.01424	0.03189	0.71540	0.07964	0.05748	0.00825	0.00242	0.00335	0.01535	0.00513	0.00452
8	0.01319	0.01430	0.06772	0.07578	0.38528	0.03739	0.15570	0.01732	0.04546	0.01768	0.01291	0.01702	0.03056	0.00607	0.00663	0.00182	0.05393	0.03025	0.00302	0.00797
9	0.01340	0.01242	0.01307	0.01136	0.01345	0.12140	0.03741	0.11821	0.09535	0.01859	0.02005	0.03655	0.12277	0.04743	0.07956	0.00268	0.15529	0.00648	0.06801	0.00651

[dist]
# distance from previous block
# <min> <max>
0	1

[block]
# block no. 2 follows, 42 sequences, length 6
# corresponding to MSA columns:
# 166-171
name=unknown_C
#
# <colnr> <probs for GDERKNQSTAVLIFYWHMCP>
#	G	D	E	R	K	N	Q	S	T	A	V	L	I	F	Y	W	H	M	C	P
0	0.00686	0.00490	0.00653	0.00784	0.00816	0.00457	0.00522	0.00784	0.01077	0.01437	0.03102	0.79855	0.03722	0.01763	0.00718	0.00229	0.00326	0.01600	0.00522	0.00457
1	0.16656	0.01873	0.01550	0.04860	0.05983	0.34459	0.04303	0.16144	0.01610	0.02057	0.01083	0.04894	0.00909	0.00635	0.00512	0.00164	0.00766	0.00467	0.00362	0.00712
2	0.09637	0.00936	0.01112	0.00890	0.01253	0.00881	0.00720	0.08522	0.01397	0.26725	0.01583	0.01655	0.01157	0.01044	0.10072	0.00238	0.00572	0.00481	0.11249	0.19876
3	0.01255	0.01149	0.01611	0.02025	0.32501	0.05030	0.04186	0.04879	0.10709	0.01831	0.05063	0.09492	0.08591	0.04514	0.00772	0.03984	0.00568	0.00722	0.00391	0.00726
4	0.01129	0.02911	0.77306	0.01604	0.02436	0.01307	0.02079	0.01782	0.01188	0.01782	0.01010	0.01188	0.00713	0.00535	0.00535	0.00178	0.00832	0.00416	0.00238	0.00832
5	0.01295	0.01293	0.02371	0.22278	0.41416	0.01335	0.18372	0.01671	0.01253	0.01729	0.01062	0.01449	0.00847	0.00511	0.00583	0.00177	0.00753	0.00538	0.00273	0.00794

[dist]
# distance from previous block
# <min> <max>
0	1

[block]
# block no. 3 follows, 42 sequences, length 36
# corresponding to MSA columns:
# 173-208
name=unknown_D
#
# <colnr> <probs for GDERKNQSTAVLIFYWHMCP>
#	G	D	E	R	K	N	Q	S	T	A	V	L	I	F	Y	W	H	M	C	P
0	0.00966	0.15456	0.05339	0.00997	0.01232	0.00973	0.08412	0.01153	0.01098	0.01427	0.02286	0.22579	0.10019	0.14159	0.07487	0.00308	0.00608	0.04570	0.00383	0.00547
1	0.00776	0.00603	0.00810	0.01001	0.08701	0.00566	0.00612	0.00905	0.01136	0.01502	0.07278	0.45930	0.16425	0.09939	0.00919	0.00246	0.00375	0.01295	0.00483	0.00497
2	0.01073	0.00622	0.00793	0.00762	0.00934	0.00554	0.00566	0.01252	0.01372	0.16482	0.24760	0.28084	0.17933	0.01310	0.00662	0.00195	0.00330	0.01148	0.00585	0.00580
3	0.04486	0.01356	0.09672	0.07087	0.14089	0.01205	0.01198	0.13336	0.09340	0.29960	0.01643	0.01624	0.01135	0.00636	0.00554	0.00175	0.00584	0.00525	0.00503	0.00892
4	0.01394	0.01754	0.19684	0.19143	0.31405	0.09274	0.01658	0.01787	0.01276	0.05794	0.01078	0.01357	0.00829	0.00541	0.00548	0.00172	0.00751	0.00470	0.00287	0.00798
5	0.01305	0.00900	0.01133	0.09303	0.01453	0.02842	0.00823	0.05660	0.12524	0.13492	0.04031	0.03982	0.01589	0.13122	0.23128	0.00443	0.02540	0.00644	0.00432	0.00654
6	0.00801	0.00544	0.00641	0.00650	0.00670	0.00539	0.00391	0.00845	0.00929	0.01256	0.09692	0.11852	0.02547	0.61370	0.04583	0.00484	0.00521	0.00917	0.00388	0.00378
7	0.00971	0.00605	0.00757	0.00745	0.00873	0.00609	0.03207	0.04353	0.01189	0.01865	0.02138	0.25625	0.02087	0.01367	0.08819	0.00247	0.00456	0.00863	0.42694	0.00529
8	0.01364	0.01524	0.10257	0.15371	0.22716	0.01403	0.24929	0.09526	0.01393	0.01921	0.01090	0.01420	0.00839	0.00540	0.00631	0.00182	0.03252	0.00544	0.00301	0.00796
9	0.00894	0.00767	0.01203	0.01103	0.01244	0.03066	0.13992	0.01032	0.01110	0.01460	0.02475	0.49192	0.04900	0.01480	0.00883	0.08916	0.02316	0.03032	0.00437	0.00501
10	0.01210	0.04135	0.25020	0.09265	0.01993	0.01087	0.02431	0.05539	0.01251	0.01853	0.01018	0.01216	0.00791	0.00486	0.00479	0.00131	0.00606	0.00390	0.00304	0.40795
11	0.01235	0.00622	0.00862	0.00813	0.00910	0.00615	0.00578	0.01239	0.07043	0.13150	0.01436	0.07465	0.01304	0.01645	0.01700	0.57530	0.00472	0.00594	0.00363	0.00426
12	0.01927	0.14860	0.02000	0.01462	0.01822	0.53161	0.08946	0.06469	0.01558	0.01545	0.00914	0.01071	0.00752	0.00559	0.00504	0.00147	0.00918	0.00394	0.00298	0.00693
13	0.00760	0.00577	0.00702	0.00680	0.00831	0.00519	0.00516	0.00986	0.01481	0.01997	0.50551	0.04689	0.27727	0.01257	0.00670	0.00185	0.00284	0.04493	0.00584	0.00513
14	0.84197	0.01088	0.00827	0.00740	0.01088	0.01262	0.00609	0.01654	0.00958	0.02525	0.00784	0.00914	0.00609	0.00522	0.00348	0.00174	0.00435	0.00305	0.00348	0.00609
15	0.02139	0.01576	0.01689	0.01295	0.01745	0.01745	0.01070	0.74835	0.02646	0.03547	0.01351	0.01351	0.00957	0.00676	0.00563	0.00169	0.00619	0.00507	0.00563	0.00957
16	0.01291	0.00756	0.00942	0.00844	0.01054	0.00718	0.00620	0.01583	0.08948	0.19335	0.06146	0.16910	0.02167	0.19750	0.07255	0.00321	0.00526	0.00827	0.00494	0.09511
17	0.01129	0.01071	0.01725	0.48325	0.12963	0.01327	0.01459	0.01431	0.01077	0.01461	0.00988	0.01507	0.00819	0.02828	0.03079	0.00227	0.17169	0.00510	0.00257	0.00648
18	0.00765	0.00557	0.00721	0.00716	0.00831	0.00512	0.00523	0.00988	0.01466	0.02041	0.56822	0.20265	0.09097	0.01296	0.00675	0.00189	0.00280	0.01151	0.00593	0.00512
19	0.00723	0.00512	0.00675	0.00792	0.00831	0.00486	0.00543	0.00827	0.01072	0.01425	0.02947	0.64032	0.03492	0.10144	0.00954	0.00266	0.00370	0.08954	0.00503	0.00451
20	0.06479	0.01112	0.01387	0.08768	0.09453	0.04449	0.00988	0.14336	0.01546	0.25440	0.01810	0.16068	0.01542	0.00851	0.00617	0.00185	0.02974	0.00708	0.00503	0.00782
21	0.01002	0.00896	0.01591	0.01282	0.01552	0.00833	0.25807	0.01256	0.01255	0.03989	0.10531	0.14708	0.15807	0.10836	0.00949	0.00242	0.00570	0.05884	0.00434	0.00577
22	0.00686	0.00490	0.00653	0.00784	0.00816	0.00457	0.00522	0.00784	0.01077	0.01437	0.03102	0.79855	0.03722	0.01763	0.00718	0.00229	0.00326	0.01600	0.00522	0.00457
23	0.01323	0.01502	0.03234	0.02323	0.02862	0.01440	0.70673	0.01778	0.01303	0.01778	0.01117	0.01502	0.00848	0.00502	0.00728	0.00193	0.05206	0.00655	0.00283	0.00751
24	0.01418	0.15651	0.20814	0.02195	0.29297	0.03453	0.08004	0.07428	0.03191	0.01865	0.01054	0.01273	0.00836	0.00526	0.00526	0.00164	0.00721	0.00460	0.00292	0.00835
25	0.01419	0.01062	0.13253	0.00988	0.01300	0.00747	0.00883	0.03009	0.01324	0.27101	0.04673	0.34623	0.02377	0.01131	0.00622	0.00196	0.00461	0.00988	0.03142	0.00700
26	0.17177	0.01607	0.01570	0.27299	0.02363	0.25483	0.04387	0.04011	0.01275	0.01698	0.00913	0.01210	0.00726	0.00596	0.00620	0.00176	0.07526	0.00427	0.00292	0.00646
27	0.00684	0.00571	0.00599	0.00594	0.00775	0.00487	0.00446	0.00842	0.01311	0.01603	0.13988	0.05200	0.66353	0.01456	0.02410	0.00205	0.00310	0.01154	0.00529	0.00482
28	0.00699	0.00500	0.00645	0.00755	0.00792	0.00467	0.00498	0.00789	0.01060	0.01404	0.03088	0.68028	0.07130	0.10149	0.00945	0.00261	0.00348	0.01496	0.00503	0.00446
29	0.01605	0.01431	0.01380	0.01204	0.01543	0.09660	0.00943	0.15562	0.54896	0.02460	0.01973	0.01852	0.01478	0.00728	0.00564	0.00182	0.00537	0.00584	0.00541	0.00877
30	0.02231	0.00951	0.01248	0.01022	0.01402	0.00826	0.00832	0.02416	0.01595	0.60085	0.02749	0.02874	0.09709	0.00925	0.00639	0.00202	0.00495	0.08208	0.00686	0.00904
31	0.01812	0.01414	0.01505	0.01229	0.01621	0.01592	0.00991	0.43072	0.34941	0.03019	0.01766	0.01682	0.01293	0.00714	0.00567	0.00179	0.00542	0.00564	0.00567	0.00928
32	0.01237	0.10602	0.47051	0.01502	0.02133	0.09135	0.08147	0.01714	0.01226	0.01658	0.01207	0.09595	0.01050	0.00660	0.00545	0.00175	0.00783	0.00547	0.00278	0.00755
33	0.00856	0.00622	0.00858	0.00860	0.00950	0.00690	0.00649	0.03081	0.00974	0.01358	0.01720	0.02969	0.01737	0.21955	0.49829	0.00731	0.01150	0.08194	0.00341	0.00479
34	0.00697	0.00577	0.00616	0.00631	0.00808	0.00496	0.00486	0.00857	0.01294	0.01569	0.08518	0.07065	0.63872	0.01434	0.00678	0.00198	0.00310	0.08886	0.00526	0.00482
35	0.00904	0.00658	0.00814	0.02559	0.01020	0.00674	0.00638	0.05152	0.09175	0.01710	0.02716	0.49210	0.03009	0.04554	0.00758	0.00229	0.00388	0.08742	0.06547	0.00541

[dist]
# distance from previous block
# <min> <max>
2	8

[block]
# block no. 4 follows, 42 sequences, length 31
# corresponding to MSA columns:
# 218-236,239-250
name=unknown_E
#
# <colnr> <probs for GDERKNQSTAVLIFYWHMCP>
#	G	D	E	R	K	N	Q	S	T	A	V	L	I	F	Y	W	H	M	C	P
0	0.01291	0.17125	0.42404	0.01448	0.05108	0.04532	0.03464	0.01739	0.01213	0.05786	0.01280	0.01444	0.04271	0.00813	0.05561	0.00213	0.00792	0.00458	0.00286	0.00773
1	0.01652	0.10761	0.04546	0.01293	0.01603	0.21469	0.02967	0.15435	0.10639	0.01952	0.01188	0.01353	0.00957	0.00798	0.03337	0.00196	0.13719	0.00464	0.04934	0.00737
2	0.01827	0.07685	0.05056	0.01194	0.01586	0.15219	0.00991	0.28117	0.03388	0.08466	0.02203	0.02209	0.15365	0.00838	0.00593	0.00182	0.00646	0.00623	0.00500	0.03311
3	0.01305	0.27858	0.43669	0.01403	0.02082	0.01580	0.06366	0.01767	0.01194	0.03795	0.00979	0.01137	0.00749	0.00514	0.00484	0.00157	0.00741	0.00396	0.00258	0.03565
4	0.03579	0.10321	0.15079	0.01549	0.01983	0.06248	0.26225	0.01556	0.01222	0.01652	0.03669	0.15614	0.01475	0.00937	0.04306	0.00219	0.02635	0.00724	0.00327	0.00679
5	0.00952	0.00744	0.00903	0.00895	0.01047	0.04155	0.03393	0.01230	0.06760	0.05282	0.14906	0.34406	0.13181	0.01372	0.00679	0.00208	0.00401	0.08403	0.00530	0.00553
6	0.01246	0.01376	0.02878	0.02108	0.02582	0.01326	0.60360	0.01656	0.01282	0.01739	0.01479	0.05693	0.04523	0.00651	0.00748	0.00198	0.05973	0.03155	0.00313	0.00714
7	0.00852	0.00731	0.01243	0.01097	0.01271	0.00682	0.16155	0.01077	0.01276	0.01745	0.23402	0.41966	0.03566	0.01318	0.00691	0.00206	0.00440	0.01238	0.00500	0.00542
8	0.00935	0.21854	0.01296	0.00740	0.01017	0.02301	0.02452	0.01101	0.01265	0.01503	0.07105	0.03995	0.50250	0.01125	0.00582	0.00170	0.00398	0.00918	0.00442	0.00553
9	0.00731	0.00526	0.00703	0.00827	0.00887	0.00498	0.00599	0.00865	0.01132	0.01492	0.03190	0.61163	0.06814	0.01705	0.00728	0.00233	0.00365	0.16548	0.00522	0.00471
10	0.01486	0.01747	0.01169	0.01082	0.01329	0.42572	0.00813	0.01705	0.05008	0.01519	0.06395	0.02810	0.28314	0.00922	0.00575	0.00165	0.00688	0.00705	0.00403	0.00594
11	0.01220	0.48082	0.11736	0.00933	0.01377	0.01615	0.00954	0.01450	0.01189	0.01438	0.02201	0.02214	0.22127	0.00755	0.00469	0.00147	0.00542	0.00566	0.00320	0.00666
12	0.00770	0.00525	0.00628	0.00676	0.00688	0.00513	0.00408	0.00806	0.00913	0.01218	0.02260	0.31623	0.02661	0.51444	0.02077	0.00429	0.00465	0.01105	0.00408	0.00384
13	0.00695	0.00496	0.00662	0.00783	0.00817	0.00470	0.00524	0.00794	0.01062	0.01420	0.02991	0.74100	0.03571	0.04504	0.03967	0.00267	0.00382	0.01533	0.00507	0.00455
14	0.04275	0.02749	0.67950	0.01616	0.02400	0.03160	0.06581	0.01790	0.01198	0.01802	0.01006	0.01195	0.00718	0.00531	0.00535	0.00178	0.00829	0.00426	0.00246	0.00814
15	0.01823	0.01429	0.01559	0.01267	0.01650	0.08285	0.05755	0.27615	0.26530	0.11695	0.05141	0.01779	0.01434	0.00707	0.00573	0.00176	0.00585	0.00578	0.00542	0.00875
16	0.01146	0.02791	0.70937	0.01670	0.02479	0.01317	0.08329	0.01784	0.01200	0.01784	0.01021	0.01217	0.00725	0.00529	0.00546	0.00179	0.00842	0.00437	0.00242	0.00825
17	0.01001	0.00832	0.00945	0.00892	0.00962	0.06212	0.00641	0.03812	0.00974	0.01303	0.01489	0.02648	0.01554	0.37825	0.26933	0.00586	0.09932	0.00667	0.00322	0.00470
18	0.01328	0.06966	0.41538	0.01449	0.04752	0.05740	0.01548	0.07769	0.08333	0.03937	0.04696	0.01621	0.04660	0.00650	0.00574	0.00175	0.02616	0.00506	0.00343	0.00801
19	0.00686	0.00490	0.00653	0.00784	0.00816	0.00457	0.00522	0.00784	0.01077	0.01437	0.03102	0.79855	0.03722	0.01763	0.00718	0.00229	0.00326	0.01600	0.00522	0.00457
20	0.00681	0.00509	0.00633	0.00733	0.00803	0.00461	0.00500	0.00789	0.01126	0.01456	0.03719	0.62182	0.20997	0.01683	0.00706	0.00219	0.00317	0.01502	0.00522	0.00461
21	0.01874	0.01342	0.09079	0.01338	0.07160	0.02718	0.03165	0.10412	0.18808	0.31591	0.02027	0.01907	0.04555	0.00702	0.00569	0.00178	0.00552	0.00582	0.00549	0.00892
22	0.01686	0.09960	0.15564	0.01458	0.01818	0.40612	0.03074	0.01931	0.01334	0.01452	0.00869	0.01088	0.00728	0.00635	0.00752	0.00169	0.15517	0.00398	0.00267	0.00688
23	0.00697	0.00520	0.00649	0.00725	0.00807	0.00472	0.00503	0.00829	0.01198	0.01574	0.14290	0.52312	0.20173	0.01599	0.00699	0.00213	0.00308	0.01424	0.00536	0.00472
24	0.00785	0.00559	0.00654	0.00660	0.00726	0.00539	0.00436	0.00874	0.01048	0.01384	0.12797	0.07473	0.16369	0.43946	0.05627	0.00419	0.00495	0.04368	0.00427	0.00413
25	0.00908	0.00777	0.01050	0.10266	0.11941	0.00781	0.00824	0.01245	0.08070	0.01696	0.11278	0.15783	0.27671	0.02407	0.00676	0.00199	0.00423	0.02945	0.00468	0.00592
26	0.05457	0.01459	0.01318	0.01130	0.01424	0.18941	0.00885	0.25039	0.05376	0.06183	0.05126	0.01839	0.03197	0.05688	0.14099	0.00314	0.00811	0.00550	0.00442	0.00722
27	0.02320	0.00961	0.01272	0.00993	0.01395	0.00871	0.00815	0.07943	0.01635	0.63447	0.03366	0.01934	0.01430	0.00869	0.04243	0.00207	0.00525	0.00569	0.04294	0.00910
28	0.01637	0.01059	0.01226	0.01062	0.01298	0.07082	0.00833	0.04404	0.10105	0.26385	0.01804	0.06963	0.01490	0.08777	0.12592	0.00331	0.11106	0.00642	0.00482	0.00722
29	0.01015	0.00790	0.01315	0.01233	0.05441	0.00816	0.12240	0.01252	0.01069	0.04939	0.01682	0.05888	0.01590	0.09675	0.37418	0.00562	0.01038	0.06055	0.05411	0.00570
30	0.03427	0.54344	0.07452	0.01171	0.01646	0.14402	0.05848	0.01811	0.01237	0.02962	0.00864	0.01000	0.00742	0.00506	0.00420	0.00135	0.00700	0.00347	0.00263	0.00723

[dist]
# distance from previous block
# <min> <max>
3	9

[block]
# block no. 5 follows, 42 sequences, length 39
# corresponding to MSA columns:
# 260-298
name=unknown_F
#
# <colnr> <probs for GDERKNQSTAVLIFYWHMCP>
#	G	D	E	R	K	N	Q	S	T	A	V	L	I	F	Y	W	H	M	C	P
0	0.01303	0.01232	0.05887	0.25906	0.19092	0.01260	0.01336	0.13976	0.08527	0.01996	0.01563	0.09600	0.03202	0.00746	0.00583	0.00185	0.00627	0.01846	0.00378	0.00755
1	0.00699	0.00508	0.00660	0.00765	0.00823	0.00470	0.00525	0.00818	0.01143	0.01515	0.09062	0.64938	0.10599	0.01678	0.00711	0.00222	0.00323	0.03544	0.00530	0.00466
2	0.01599	0.01551	0.01367	0.01329	0.06754	0.22653	0.00954	0.07837	0.32056	0.03520	0.01753	0.06822	0.01430	0.00743	0.00548	0.00172	0.00612	0.00594	0.06932	0.00773
3	0.01624	0.21480	0.05079	0.01192	0.04998	0.18065	0.00964	0.08452	0.03293	0.09632	0.04222	0.09309	0.02510	0.00732	0.00509	0.00157	0.00623	0.00568	0.05874	0.00720
4	0.00813	0.00584	0.00654	0.00653	0.00826	0.00505	0.00488	0.00971	0.01302	0.06330	0.12245	0.16234	0.50012	0.01387	0.00663	0.00194	0.00306	0.02843	0.02479	0.00511
5	0.00685	0.00492	0.00651	0.00777	0.00815	0.00458	0.00520	0.00784	0.01083	0.01439	0.03177	0.77693	0.05836	0.01753	0.00717	0.00227	0.00325	0.01588	0.00522	0.00458
6	0.01319	0.14899	0.24506	0.05565	0.12993	0.01493	0.04927	0.03573	0.12191	0.03064	0.01302	0.01465	0.02870	0.00617	0.00629	0.00175	0.06805	0.00488	0.00320	0.00796
7	0.01386	0.08430	0.45196	0.06533	0.02193	0.06514	0.01632	0.06243	0.04732	0.07519	0.03640	0.01380	0.00980	0.00587	0.00531	0.00172	0.00745	0.00455	0.00324	0.00807
8	0.08316	0.01004	0.01126	0.00911	0.01246	0.01025	0.00740	0.22669	0.01715	0.26313	0.01738	0.01736	0.01224	0.00664	0.00493	0.00159	0.00446	0.00515	0.27168	0.00791
9	0.00752	0.00510	0.00632	0.00712	0.00740	0.00490	0.00455	0.00830	0.01001	0.01369	0.02589	0.50140	0.03031	0.27007	0.01389	0.00324	0.00393	0.01277	0.05934	0.00424
10	0.18980	0.06710	0.14063	0.25583	0.08216	0.01416	0.01336	0.13831	0.01367	0.02101	0.01005	0.01252	0.00758	0.00558	0.00499	0.00174	0.00659	0.00433	0.00323	0.00738
11	0.05725	0.01818	0.01557	0.14037	0.01996	0.32870	0.01120	0.16273	0.03876	0.05534	0.01099	0.01284	0.00853	0.00743	0.02952	0.00191	0.06541	0.00445	0.00365	0.00720
12	0.00807	0.00521	0.00696	0.00798	0.00857	0.00482	0.00543	0.00913	0.01113	0.06434	0.03044	0.74707	0.03568	0.01693	0.00708	0.00225	0.00337	0.01532	0.00534	0.00490
13	0.00793	0.00546	0.00698	0.00731	0.00786	0.00562	0.00498	0.00904	0.00969	0.01358	0.03996	0.23054	0.04241	0.28919	0.22458	0.00510	0.00715	0.00955	0.06868	0.00438
14	0.03677	0.01381	0.01604	0.12749	0.14233	0.10797	0.01165	0.17039	0.08103	0.15536	0.01549	0.01718	0.02901	0.00675	0.00589	0.00176	0.02457	0.02388	0.00447	0.00816
15	0.21682	0.54169	0.02287	0.00912	0.01357	0.01868	0.00865	0.01772	0.01140	0.08363	0.00911	0.00996	0.00755	0.00511	0.00376	0.00138	0.00550	0.00325	0.00307	0.00716
16	0.00684	0.00496	0.00647	0.00767	0.00812	0.00459	0.00515	0.00785	0.01093	0.01443	0.03305	0.74045	0.09401	0.01737	0.00714	0.00226	0.00323	0.01568	0.00522	0.00459
17	0.01128	0.00872	0.01145	0.03117	0.12094	0.04810	0.02505	0.03412	0.01410	0.08361	0.24906	0.21298	0.07754	0.01121	0.00644	0.00190	0.00444	0.03657	0.00508	0.00625
18	0.05491	0.14290	0.24601	0.03378	0.01976	0.10365	0.07632	0.12068	0.03592	0.07494	0.03225	0.01333	0.00964	0.00582	0.00518	0.00165	0.00724	0.00457	0.00353	0.00792
19	0.01827	0.16307	0.02018	0.01651	0.11600	0.40300	0.05275	0.07754	0.05116	0.01669	0.01000	0.01151	0.00820	0.00562	0.00504	0.00150	0.00833	0.00411	0.00314	0.00738
20	0.01167	0.01000	0.01167	0.00834	0.01334	0.00750	0.00667	0.01417	0.01167	0.01834	0.01000	0.01167	0.00834	0.00417	0.00417	0.00083	0.00417	0.00333	0.00333	0.83663
21	0.01591	0.01996	0.14496	0.02324	0.30434	0.21969	0.09539	0.07591	0.01462	0.01835	0.01031	0.01268	0.00818	0.00539	0.00552	0.00166	0.00815	0.00468	0.00298	0.00808
22	0.00708	0.00550	0.00633	0.00656	0.00784	0.00487	0.00469	0.00858	0.01274	0.01638	0.20446	0.23404	0.38651	0.05878	0.00802	0.00217	0.00306	0.01231	0.00534	0.00475
23	0.03005	0.01480	0.01277	0.01217	0.06318	0.22531	0.00878	0.21065	0.01707	0.02081	0.02411	0.08409	0.19596	0.00902	0.00572	0.00170	0.00608	0.00715	0.04371	0.00684
24	0.01542	0.19394	0.04020	0.01270	0.07374	0.19652	0.00985	0.08176	0.03678	0.01755	0.01306	0.01415	0.05818	0.00580	0.00474	0.00134	0.00643	0.00429	0.00335	0.21021
25	0.00887	0.00877	0.06875	0.12170	0.01467	0.03055	0.00845	0.01094	0.01123	0.01527	0.02311	0.46654	0.02583	0.01291	0.00667	0.00203	0.02214	0.03775	0.04359	0.06021
26	0.14598	0.01910	0.02767	0.01349	0.05575	0.35647	0.01013	0.14065	0.06216	0.08061	0.01166	0.01242	0.00885	0.00604	0.00501	0.00160	0.00744	0.00422	0.02327	0.00748
27	0.00804	0.00601	0.00893	0.00893	0.00990	0.00697	0.00690	0.00998	0.00901	0.01298	0.01518	0.02267	0.01431	0.07136	0.75110	0.00891	0.01470	0.00611	0.00303	0.00496
28	0.00814	0.00548	0.00704	0.00746	0.00844	0.00501	0.00525	0.00966	0.01263	0.05641	0.23334	0.44740	0.12259	0.03460	0.00743	0.00215	0.00319	0.01320	0.00554	0.00503
29	0.01389	0.07311	0.23764	0.09462	0.07401	0.09043	0.09138	0.05873	0.03234	0.04622	0.01234	0.03276	0.02665	0.00631	0.00645	0.00176	0.06649	0.00510	0.00313	0.02661
30	0.06552	0.01215	0.10713	0.01046	0.01391	0.01049	0.00931	0.06246	0.06446	0.15170	0.01482	0.01866	0.01209	0.09964	0.03494	0.00236	0.10033	0.02174	0.05078	0.13703
31	0.00798	0.00549	0.00692	0.00746	0.00851	0.00497	0.00531	0.00942	0.01234	0.05389	0.14837	0.46016	0.19387	0.01537	0.00693	0.00211	0.00322	0.03724	0.00546	0.00499
32	0.03845	0.01312	0.06725	0.09856	0.18574	0.04164	0.10448	0.05451	0.09851	0.01960	0.01325	0.01573	0.01035	0.00600	0.00595	0.00171	0.04506	0.00522	0.15449	0.02037
33	0.06904	0.03218	0.04451	0.04491	0.27605	0.05838	0.03079	0.05456	0.07804	0.07513	0.03401	0.03601	0.07024	0.00666	0.00545	0.00167	0.00587	0.00572	0.00388	0.06690
34	0.01508	0.01208	0.01514	0.03632	0.01561	0.06091	0.05125	0.12331	0.07634	0.11772	0.03231	0.08796	0.01390	0.02498	0.05905	0.00253	0.23768	0.00644	0.00423	0.00715
35	0.00749	0.00543	0.00716	0.00825	0.00888	0.00522	0.00587	0.00935	0.03887	0.01562	0.08287	0.61878	0.03698	0.01655	0.00717	0.00228	0.00352	0.10954	0.00531	0.00486
36	0.01075	0.00917	0.01151	0.12296	0.01616	0.00815	0.00787	0.01415	0.06743	0.01737	0.01506	0.16602	0.01450	0.00726	0.00509	0.00135	0.00450	0.00627	0.00376	0.49066
37	0.07263	0.24217	0.03879	0.01040	0.03207	0.02654	0.00884	0.07152	0.08471	0.09712	0.05477	0.01509	0.01230	0.00871	0.06514	0.00202	0.00600	0.00454	0.00394	0.14270
38	0.01442	0.26075	0.29268	0.01429	0.07826	0.03701	0.01404	0.01861	0.04180	0.09879	0.01175	0.03085	0.00931	0.00668	0.02257	0.00178	0.03088	0.00445	0.00315	0.00791

[dist]
# distance from previous block
# <min> <max>
1	2

[block]
# block no. 6 follows, 42 sequences, length 15
# corresponding to MSA columns:
# 301-315
name=unknown_G
#
# <colnr> <probs for GDERKNQSTAVLIFYWHMCP>
#	G	D	E	R	K	N	Q	S	T	A	V	L	I	F	Y	W	H	M	C	P
0	0.00872	0.00715	0.01019	0.01209	0.10800	0.00713	0.02579	0.01119	0.05474	0.01611	0.06526	0.45814	0.09343	0.01409	0.00726	0.00214	0.03333	0.05481	0.00482	0.00561
1	0.07362	0.03254	0.05874	0.04185	0.12707	0.06506	0.05961	0.07077	0.03825	0.05800	0.11651	0.11220	0.09534	0.00868	0.00582	0.00179	0.00549	0.00751	0.01423	0.00692
2	0.05148	0.01029	0.01405	0.06391	0.16459	0.03186	0.03745	0.08595	0.03444	0.02000	0.17241	0.10897	0.05302	0.00952	0.00699	0.00192	0.05834	0.06369	0.00439	0.00671
3	0.00978	0.00577	0.00672	0.00660	0.00804	0.00532	0.00482	0.01166	0.01270	0.08493	0.16022	0.16808	0.17968	0.06478	0.00736	0.00200	0.00317	0.00959	0.24350	0.00530
4	0.00971	0.00755	0.01013	0.13899	0.05730	0.00769	0.00846	0.01296	0.06065	0.04742	0.08918	0.05466	0.26727	0.01142	0.00647	0.00200	0.00450	0.16217	0.03563	0.00585
5	0.01622	0.10200	0.02262	0.01684	0.03459	0.29496	0.24091	0.04426	0.01391	0.01600	0.01038	0.04137	0.00892	0.00620	0.00685	0.00170	0.08808	0.00517	0.00298	0.02604
6	0.01093	0.03315	0.19289	0.12970	0.13111	0.01083	0.01366	0.01576	0.07840	0.01725	0.01889	0.08122	0.03309	0.00926	0.00621	0.00203	0.00626	0.19866	0.00375	0.00696
7	0.01195	0.01182	0.01653	0.01431	0.01434	0.01640	0.01184	0.01316	0.00876	0.01360	0.00896	0.06455	0.00937	0.01037	0.01772	0.00245	0.73952	0.00566	0.00265	0.00605
8	0.00688	0.00512	0.00642	0.00734	0.00806	0.00465	0.00503	0.00806	0.01152	0.01505	0.08183	0.59613	0.19030	0.01655	0.00704	0.00217	0.00314	0.01478	0.00528	0.00465
9	0.08863	0.06532	0.07060	0.16125	0.02317	0.15050	0.15608	0.09280	0.06372	0.05798	0.01156	0.01354	0.00868	0.00570	0.00540	0.00172	0.00757	0.00486	0.00347	0.00743
10	0.00958	0.00698	0.00811	0.00801	0.00965	0.00702	0.00591	0.01444	0.17660	0.04600	0.18665	0.26160	0.14736	0.01235	0.00635	0.00194	0.00334	0.01078	0.07142	0.00594
11	0.00824	0.00545	0.00682	0.00737	0.00840	0.00494	0.00518	0.00962	0.01207	0.06391	0.10595	0.49500	0.18230	0.01523	0.00680	0.00208	0.00319	0.01351	0.03889	0.00503
12	0.00691	0.00506	0.00651	0.00765	0.00821	0.00466	0.00524	0.00800	0.01112	0.01456	0.03434	0.67605	0.13129	0.01712	0.00714	0.00225	0.00328	0.04078	0.00522	0.00462
13	0.08842	0.18354	0.18107	0.06115	0.07166	0.02699	0.03127	0.06596	0.05972	0.01869	0.06011	0.05376	0.03932	0.02845	0.00576	0.00178	0.00611	0.00550	0.00347	0.00724
14	0.06256	0.03786	0.05873	0.00948	0.01121	0.00770	0.02686	0.04351	0.01183	0.04301	0.02503	0.51524	0.02828	0.01403	0.00689	0.00215	0.02453	0.06077	0.00477	0.00557

[dist]
# distance from previous block
# <min> <max>
3	10

[block]
# block no. 7 follows, 42 sequences, length 18
# corresponding to MSA columns:
# 327-344
name=unknown_H
#
# <colnr> <probs for GDERKNQSTAVLIFYWHMCP>
#	G	D	E	R	K	N	Q	S	T	A	V	L	I	F	Y	W	H	M	C	P
0	0.08948	0.27213	0.04719	0.08113	0.01789	0.15742	0.01067	0.18306	0.03267	0.04456	0.01036	0.01149	0.00813	0.00569	0.00468	0.00152	0.00681	0.00397	0.00355	0.00759
1	0.01010	0.00709	0.00840	0.00795	0.00986	0.00670	0.00593	0.06825	0.05634	0.07266	0.18076	0.26818	0.20961	0.01276	0.00649	0.00191	0.00349	0.01108	0.00551	0.04693
2	0.03666	0.20171	0.07676	0.06460	0.09916	0.11270	0.01118	0.12276	0.04810	0.01850	0.01393	0.14281	0.01317	0.00761	0.00526	0.00167	0.00635	0.00614	0.00363	0.00729
3	0.01262	0.06572	0.43817	0.01367	0.03415	0.01221	0.01518	0.03481	0.09925	0.08100	0.01681	0.08829	0.04924	0.00732	0.00556	0.00181	0.00662	0.00599	0.00364	0.00795
4	0.02443	0.01032	0.01345	0.01037	0.01470	0.00945	0.00855	0.10324	0.04465	0.66606	0.02132	0.01863	0.01359	0.00697	0.00566	0.00174	0.00492	0.00562	0.00678	0.00955
5	0.00741	0.00551	0.00599	0.00610	0.00695	0.00507	0.00394	0.00811	0.01041	0.01307	0.03581	0.11249	0.34198	0.39320	0.01727	0.00364	0.00414	0.01047	0.00435	0.00409
6	0.28311	0.01196	0.03015	0.07570	0.11088	0.01238	0.05158	0.09224	0.07075	0.17504	0.01362	0.02707	0.01002	0.00610	0.00502	0.00177	0.00553	0.00488	0.00438	0.00783
7	0.01591	0.01802	0.07807	0.05030	0.22516	0.25253	0.04409	0.07767	0.01443	0.01812	0.01087	0.01332	0.00875	0.00589	0.00602	0.00164	0.05332	0.00460	0.09383	0.00745
8	0.01077	0.01048	0.02022	0.01535	0.01833	0.00997	0.38960	0.01328	0.01096	0.01478	0.01509	0.06306	0.01509	0.34935	0.01616	0.00345	0.00744	0.00777	0.00321	0.00564
9	0.05309	0.07733	0.02044	0.01602	0.08561	0.01553	0.14764	0.33669	0.03540	0.07917	0.03718	0.01476	0.01079	0.00632	0.00611	0.00173	0.03783	0.00534	0.00450	0.00852
10	0.01578	0.01098	0.01525	0.09561	0.01810	0.04732	0.12159	0.07807	0.05131	0.22837	0.02367	0.08243	0.13455	0.00831	0.00599	0.00180	0.00570	0.00732	0.00492	0.04292
11	0.00978	0.00489	0.00733	0.00733	0.00733	0.00489	0.00489	0.00733	0.00733	0.00978	0.00978	0.01711	0.00978	0.01955	0.02199	0.83627	0.00489	0.00489	0.00244	0.00244
12	0.01082	0.00919	0.01109	0.28330	0.01996	0.06727	0.00915	0.01314	0.01280	0.08248	0.03358	0.03382	0.37198	0.00990	0.00608	0.00184	0.00523	0.00826	0.00424	0.00585
13	0.09103	0.18071	0.13042	0.01264	0.01676	0.38294	0.01133	0.01984	0.04333	0.01575	0.01115	0.01228	0.03777	0.00589	0.00477	0.00151	0.00801	0.00397	0.00298	0.00692
14	0.01129	0.02911	0.77306	0.01604	0.02436	0.01307	0.02079	0.01782	0.01188	0.01782	0.01010	0.01188	0.00713	0.00535	0.00535	0.00178	0.00832	0.00416	0.00238	0.00832
15	0.40968	0.08001	0.01018	0.00844	0.01096	0.01069	0.00709	0.01404	0.01074	0.02000	0.01640	0.06186	0.01679	0.07009	0.00692	0.00227	0.00480	0.22943	0.00398	0.00564
16	0.01044	0.01161	0.09769	0.07256	0.08373	0.06764	0.03916	0.01363	0.01449	0.01987	0.43987	0.02951	0.03360	0.00900	0.00657	0.00177	0.03011	0.00782	0.00466	0.00626
17	0.01479	0.40405	0.08133	0.01057	0.01472	0.06698	0.00982	0.01996	0.17856	0.05324	0.01304	0.01500	0.01096	0.07707	0.00666	0.00183	0.00601	0.00449	0.00350	0.00742

[dist]
# distance from previous block
# <min> <max>
0	3

[block]
# block no. 8 follows, 42 sequences, length 11
# corresponding to MSA columns:
# 349-359
name=unknown_I
#
# <colnr> <probs for GDERKNQSTAVLIFYWHMCP>
#	G	D	E	R	K	N	Q	S	T	A	V	L	I	F	Y	W	H	M	C	P
0	0.01073	0.00888	0.08477	0.00870	0.01017	0.00751	0.00693	0.01204	0.01033	0.10502	0.05565	0.14423	0.02126	0.39618	0.01828	0.00370	0.07794	0.00844	0.00406	0.00517
1	0.01227	0.06696	0.01338	0.12497	0.08437	0.01003	0.00898	0.01661	0.11612	0.09345	0.16040	0.02546	0.09555	0.04631	0.00674	0.00184	0.00477	0.00675	0.00452	0.10052
2	0.18189	0.08686	0.01901	0.05207	0.31834	0.12734	0.04522	0.01851	0.01270	0.07316	0.01036	0.01244	0.00824	0.00531	0.00496	0.00163	0.00669	0.00435	0.00320	0.00772
3	0.02916	0.10262	0.05256	0.04810	0.09132	0.01525	0.01126	0.11992	0.24940	0.02078	0.02870	0.02839	0.01240	0.00815	0.02673	0.00204	0.13576	0.00543	0.00410	0.00793
4	0.00847	0.00638	0.00753	0.00759	0.00898	0.00606	0.00552	0.08246	0.01396	0.01836	0.18371	0.35794	0.24327	0.01436	0.00677	0.00201	0.00332	0.01257	0.00546	0.00527
5	0.01018	0.00661	0.00843	0.00856	0.00986	0.00678	0.00642	0.05371	0.04833	0.06787	0.02386	0.32639	0.02487	0.04534	0.15956	0.00355	0.00609	0.07647	0.10153	0.00559
6	0.11691	0.27585	0.19061	0.01430	0.12466	0.01556	0.01241	0.06212	0.01266	0.05158	0.01048	0.01198	0.00827	0.00535	0.00451	0.00153	0.00614	0.00397	0.06342	0.00768
7	0.08344	0.01475	0.09414	0.05624	0.29403	0.03265	0.06733	0.13468	0.03472	0.02144	0.01153	0.01395	0.00904	0.00577	0.00590	0.00173	0.04089	0.00491	0.06481	0.00806
8	0.00705	0.00517	0.00666	0.00778	0.00843	0.00479	0.00547	0.00825	0.01128	0.01473	0.03461	0.61905	0.14062	0.01694	0.00717	0.00226	0.00340	0.08646	0.00522	0.00466
9	0.00751	0.00535	0.00647	0.00718	0.00788	0.00502	0.00497	0.00861	0.01088	0.01437	0.03239	0.37735	0.17231	0.18571	0.01161	0.00288	0.00382	0.08424	0.04700	0.00445
10	0.18434	0.02841	0.01106	0.05148	0.03741	0.00927	0.03234	0.03304	0.05036	0.08576	0.13585	0.13429	0.06177	0.03281	0.05242	0.00234	0.00506	0.00758	0.00457	0.03983

[dist]
# distance from previous block
# <min> <max>
0	3

[block]
# block no. 9 follows, 42 sequences, length 35
# corresponding to MSA columns:
# 363-378,384-402
name=unknown_J
#
# <colnr> <probs for GDERKNQSTAVLIFYWHMCP>
#	G	D	E	R	K	N	Q	S	T	A	V	L	I	F	Y	W	H	M	C	P
0	0.14767	0.07422	0.05629	0.06944	0.08266	0.05432	0.01096	0.06304	0.01175	0.01827	0.01023	0.04884	0.00911	0.00706	0.00832	0.00180	0.21100	0.00476	0.02541	0.08485
1	0.01438	0.22107	0.09278	0.03780	0.01656	0.12844	0.01159	0.06095	0.01210	0.01550	0.00907	0.01188	0.00793	0.00905	0.06032	0.00221	0.23118	0.00417	0.00278	0.05024
2	0.09047	0.01365	0.08637	0.10119	0.21006	0.01288	0.19139	0.01608	0.01192	0.03358	0.01361	0.04826	0.04896	0.00662	0.00710	0.00189	0.08959	0.00597	0.00308	0.00732
3	0.05570	0.01591	0.19473	0.05594	0.02182	0.01204	0.22348	0.02047	0.10230	0.16436	0.03748	0.03137	0.01201	0.00617	0.00580	0.00182	0.00693	0.00581	0.00405	0.02181
4	0.01476	0.08006	0.32476	0.01439	0.01930	0.15784	0.04233	0.01850	0.01246	0.07825	0.01062	0.01254	0.00813	0.00631	0.00739	0.00177	0.13973	0.00437	0.03901	0.00748
5	0.01571	0.00898	0.01098	0.00947	0.01201	0.00903	0.00728	0.15783	0.05806	0.23674	0.07244	0.16088	0.02102	0.11851	0.07185	0.00293	0.00554	0.00810	0.00548	0.00716
6	0.00681	0.00523	0.00624	0.00700	0.00795	0.00466	0.00486	0.00800	0.01169	0.01489	0.05960	0.49420	0.31633	0.01618	0.00697	0.00212	0.00309	0.01427	0.00525	0.00466
7	0.08297	0.24869	0.08701	0.01407	0.01878	0.09672	0.15631	0.13947	0.04697	0.01975	0.01040	0.01197	0.00821	0.00558	0.00537	0.00161	0.03073	0.00444	0.00331	0.00765
8	0.00914	0.00638	0.00885	0.00881	0.00984	0.00682	0.00677	0.01100	0.01143	0.05510	0.16854	0.15172	0.02772	0.08419	0.26683	0.00470	0.05648	0.09603	0.00446	0.00521
9	0.00685	0.00493	0.00650	0.00775	0.00814	0.00458	0.00518	0.00785	0.01086	0.01440	0.03211	0.76739	0.06768	0.01749	0.00716	0.00227	0.00325	0.01583	0.00522	0.00458
10	0.01012	0.00845	0.01272	0.01616	0.24087	0.00843	0.03784	0.01230	0.04547	0.01485	0.01852	0.19937	0.02006	0.31299	0.01481	0.00328	0.00545	0.00882	0.00371	0.00578
11	0.08315	0.12822	0.08543	0.02572	0.46622	0.05335	0.04540	0.01749	0.01245	0.01793	0.00986	0.01252	0.00819	0.00506	0.00512	0.00162	0.00682	0.00449	0.00276	0.00821
12	0.00994	0.00851	0.01463	0.01379	0.07476	0.00825	0.17996	0.02749	0.01187	0.01631	0.04872	0.27133	0.02320	0.08181	0.04158	0.03577	0.00594	0.07751	0.04296	0.00568
13	0.04124	0.01125	0.01219	0.01028	0.01338	0.01206	0.00824	0.38465	0.05610	0.04355	0.02306	0.12305	0.11171	0.00955	0.00587	0.00182	0.00487	0.04523	0.07432	0.00758
14	0.01561	0.15366	0.01840	0.05246	0.16879	0.14733	0.01121	0.11558	0.14775	0.01960	0.02959	0.01663	0.05417	0.00652	0.00524	0.00161	0.00638	0.00517	0.01649	0.00780
15	0.01553	0.01326	0.06316	0.04387	0.17216	0.01265	0.08339	0.20573	0.07910	0.09580	0.03508	0.05472	0.06629	0.00752	0.00593	0.00181	0.00603	0.02517	0.00456	0.00822
16	0.01360	0.03519	0.30455	0.01371	0.06972	0.01197	0.01327	0.13091	0.08140	0.05844	0.01520	0.07345	0.01225	0.00692	0.00533	0.00172	0.00604	0.00566	0.13276	0.00789
17	0.06448	0.01729	0.05197	0.06259	0.05925	0.30808	0.01024	0.07421	0.03109	0.04103	0.01197	0.01385	0.00940	0.00618	0.00549	0.00158	0.04206	0.00442	0.17801	0.00680
18	0.00999	0.00714	0.00816	0.00711	0.00882	0.00650	0.00476	0.01159	0.04748	0.04385	0.01788	0.02956	0.04925	0.48956	0.01928	0.00378	0.00493	0.00690	0.00373	0.21973
19	0.01184	0.01096	0.03014	0.13239	0.17537	0.06687	0.01003	0.07220	0.03114	0.01656	0.04893	0.02571	0.08519	0.24460	0.01258	0.00285	0.00611	0.00674	0.00360	0.00619
20	0.09495	0.08931	0.04345	0.01421	0.01854	0.06698	0.14410	0.34630	0.01845	0.02543	0.01141	0.01298	0.00868	0.00744	0.03522	0.00199	0.04350	0.00488	0.00410	0.00810
21	0.00888	0.00518	0.00726	0.00746	0.00789	0.00493	0.00506	0.00792	0.00895	0.01204	0.04016	0.24110	0.04223	0.01788	0.01600	0.50867	0.00426	0.00835	0.00348	0.04230
22	0.01382	0.01326	0.02265	0.05901	0.74349	0.01334	0.01722	0.01718	0.01276	0.01826	0.01057	0.01396	0.00887	0.00503	0.00557	0.00168	0.00671	0.00501	0.00278	0.00883
23	0.00905	0.00728	0.00863	0.00842	0.00895	0.04612	0.00593	0.01000	0.00907	0.01225	0.01622	0.07191	0.01737	0.37863	0.29419	0.00610	0.07481	0.00736	0.00327	0.00444
24	0.01488	0.00796	0.01072	0.00948	0.01183	0.00812	0.00745	0.05536	0.04938	0.27492	0.01888	0.06596	0.01561	0.06504	0.35157	0.00522	0.00937	0.00655	0.00479	0.00691
25	0.00690	0.00499	0.00645	0.00759	0.00803	0.00462	0.00507	0.00787	0.01083	0.01429	0.03255	0.70600	0.09531	0.05072	0.00805	0.00239	0.00332	0.01533	0.00515	0.00454
26	0.05148	0.00694	0.00835	0.00803	0.00943	0.00749	0.00625	0.00977	0.01099	0.01491	0.03540	0.08059	0.38762	0.02039	0.20287	0.00379	0.11722	0.00920	0.00419	0.00508
27	0.00700	0.00509	0.00663	0.00782	0.00836	0.00472	0.00541	0.00813	0.01112	0.01462	0.03337	0.67635	0.10505	0.01717	0.00718	0.00227	0.00336	0.06651	0.00522	0.00463
28	0.00731	0.00528	0.00695	0.00780	0.00852	0.00493	0.00556	0.00884	0.01225	0.01650	0.19805	0.52149	0.07630	0.01588	0.00709	0.00218	0.00329	0.08156	0.00544	0.00480
29	0.01317	0.01350	0.02507	0.19668	0.02779	0.01467	0.37836	0.07745	0.01304	0.01780	0.01049	0.01446	0.00817	0.00608	0.00856	0.00198	0.15682	0.00581	0.00293	0.00718
30	0.01586	0.01113	0.01363	0.01228	0.05731	0.01175	0.03402	0.20771	0.20403	0.13230	0.09897	0.09612	0.01992	0.04997	0.00715	0.00202	0.00500	0.00729	0.00549	0.00804
31	0.04436	0.00647	0.00768	0.00767	0.00957	0.00588	0.00601	0.01186	0.01291	0.12265	0.06164	0.17880	0.34185	0.01360	0.00668	0.00206	0.00369	0.14565	0.00542	0.00555
32	0.02025	0.00987	0.01205	0.00966	0.01326	0.00949	0.00782	0.17469	0.02973	0.42102	0.02234	0.06100	0.05748	0.00785	0.00556	0.00171	0.00460	0.00639	0.11677	0.00845
33	0.03242	0.01416	0.05342	0.12597	0.13054	0.01455	0.07625	0.32293	0.07853	0.02542	0.01444	0.01590	0.03416	0.00638	0.00565	0.00175	0.00645	0.00544	0.02727	0.00838
34	0.08135	0.03122	0.01349	0.08521	0.08086	0.02753	0.00940	0.09212	0.15242	0.19636	0.05005	0.06410	0.04654	0.00765	0.00553	0.00178	0.00506	0.00632	0.03516	0.00786

[dist]
# distance from previous block
# <min> <max>
0	10

[block]
# block no. 10 follows, 42 sequences, length 9
# corresponding to MSA columns:
# 413-421
name=unknown_K
#
# <colnr> <probs for GDERKNQSTAVLIFYWHMCP>
#	G	D	E	R	K	N	Q	S	T	A	V	L	I	F	Y	W	H	M	C	P
0	0.06701	0.12183	0.06406	0.01415	0.06217	0.21168	0.06029	0.15359	0.02977	0.09830	0.01153	0.01277	0.00881	0.00659	0.00606	0.04835	0.00721	0.00443	0.00378	0.00761
1	0.01521	0.05495	0.14533	0.06181	0.11552	0.14000	0.06958	0.04467	0.03722	0.08939	0.01279	0.02814	0.01039	0.00630	0.00582	0.00167	0.02953	0.03968	0.00350	0.08850
2	0.06133	0.08075	0.28989	0.01308	0.06876	0.01181	0.01274	0.07051	0.03853	0.05804	0.07096	0.04443	0.11478	0.00751	0.00545	0.00172	0.00589	0.00608	0.00383	0.03391
3	0.01507	0.10302	0.13566	0.01175	0.01591	0.05641	0.01083	0.10510	0.29558	0.06625	0.01738	0.01904	0.01353	0.00709	0.00537	0.00175	0.00569	0.04572	0.06070	0.00815
4	0.19626	0.09884	0.08356	0.01287	0.05784	0.01354	0.08792	0.08580	0.14353	0.04750	0.07170	0.01761	0.04683	0.00663	0.00516	0.00173	0.00557	0.00542	0.00415	0.00754
5	0.01467	0.01044	0.01415	0.10494	0.13965	0.01031	0.01010	0.06576	0.11320	0.15536	0.04177	0.09949	0.01516	0.00728	0.00554	0.00164	0.00511	0.00631	0.00457	0.17453
6	0.00996	0.00626	0.00813	0.00793	0.00881	0.00641	0.00557	0.01101	0.01032	0.10021	0.04961	0.20078	0.05161	0.29826	0.15770	0.00457	0.04436	0.00929	0.00428	0.00493
7	0.00720	0.00563	0.00658	0.00696	0.00835	0.00501	0.00523	0.00886	0.01287	0.01636	0.15776	0.21859	0.40303	0.01473	0.00690	0.00205	0.00320	0.10046	0.00537	0.00485
8	0.01316	0.01274	0.02189	0.18257	0.54605	0.01344	0.05356	0.01654	0.01231	0.01732	0.01034	0.01412	0.00854	0.00537	0.00631	0.00176	0.04800	0.00509	0.00272	0.00817

[dist]
# distance from previous block
# <min> <max>
0	2

[block]
# block no. 11 follows, 42 sequences, length 32
# corresponding to MSA columns:
# 424-455
name=unknown_L
#
# <colnr> <probs for GDERKNQSTAVLIFYWHMCP>
#	G	D	E	R	K	N	Q	S	T	A	V	L	I	F	Y	W	H	M	C	P
0	0.01550	0.07527	0.04690	0.02702	0.50339	0.13702	0.01520	0.06113	0.03243	0.01837	0.01054	0.01304	0.00870	0.00530	0.00535	0.00161	0.00716	0.00465	0.00300	0.00842
1	0.00851	0.00625	0.00870	0.00852	0.00910	0.00719	0.00624	0.00960	0.00866	0.01227	0.01494	0.02531	0.01515	0.25727	0.45939	0.06023	0.06866	0.00650	0.00305	0.00448
2	0.00720	0.00521	0.00674	0.00763	0.00826	0.00485	0.00530	0.00850	0.01166	0.01555	0.13437	0.54649	0.09760	0.05764	0.00823	0.00237	0.00338	0.05909	0.00526	0.00467
3	0.01382	0.01507	0.08797	0.05575	0.65582	0.03761	0.01732	0.01739	0.01278	0.01807	0.01047	0.01366	0.00866	0.00509	0.00554	0.00168	0.00696	0.00490	0.00274	0.00870
