[name]
unknown

[dist]
# distance from previous block
# <min> <max>
0	48

[block]
# block no. 0 follows, 41 sequences, length 22
# corresponding to MSA columns:
# 73-94
name=unknown_A
#
# <colnr> <probs for GDERKNQSTAVLIFYWHMCP>
#	G	D	E	R	K	N	Q	S	T	A	V	L	I	F	Y	W	H	M	C	P
0	0.01713	0.01355	0.14277	0.03607	0.18579	0.01037	0.01261	0.04636	0.01475	0.29613	0.07691	0.04724	0.01661	0.00756	0.00594	0.00183	0.00583	0.04911	0.00494	0.00850
1	0.00785	0.00584	0.00731	0.00694	0.00840	0.00529	0.00521	0.01032	0.01562	0.02158	0.63284	0.04496	0.18226	0.01220	0.00675	0.00182	0.00273	0.01066	0.00612	0.00529
2	0.01147	0.02959	0.76934	0.01630	0.02476	0.01328	0.02113	0.01811	0.01208	0.01811	0.01026	0.01208	0.00725	0.00543	0.00543	0.00181	0.00845	0.00423	0.00242	0.00845
3	0.01915	0.00838	0.01070	0.00867	0.01223	0.00717	0.00701	0.02109	0.01522	0.50805	0.03476	0.03174	0.27165	0.00963	0.00610	0.00183	0.00419	0.00793	0.00647	0.00804
4	0.83938	0.01106	0.00841	0.00752	0.01106	0.01283	0.00619	0.01681	0.00973	0.02566	0.00796	0.00929	0.00619	0.00531	0.00354	0.00177	0.00442	0.00310	0.00354	0.00619
5	0.01529	0.80242	0.02997	0.00979	0.01468	0.02263	0.00979	0.01713	0.01162	0.01346	0.00795	0.00918	0.00734	0.00489	0.00367	0.00122	0.00612	0.00306	0.00245	0.00734
6	0.00754	0.00573	0.00695	0.00685	0.00826	0.00513	0.00506	0.00965	0.01458	0.01960	0.45366	0.13559	0.27397	0.01331	0.00682	0.00190	0.00283	0.01159	0.00587	0.00513
7	0.00709	0.00571	0.00631	0.00637	0.00798	0.00494	0.00470	0.00877	0.01351	0.01705	0.21392	0.13979	0.51530	0.01426	0.00682	0.00195	0.00290	0.01218	0.00553	0.00494
8	0.00804	0.00600	0.00759	0.00842	0.00924	0.00594	0.00592	0.01107	0.09934	0.01669	0.10744	0.59458	0.03693	0.01597	0.00709	0.00223	0.00348	0.04327	0.00547	0.00527
9	0.01395	0.01368	0.02423	0.06240	0.64898	0.01366	0.10323	0.01753	0.01302	0.01849	0.01083	0.01435	0.00896	0.00509	0.00579	0.00173	0.00716	0.00529	0.00283	0.00880
10	0.00764	0.00583	0.00701	0.00671	0.00826	0.00520	0.00503	0.00990	0.01510	0.02036	0.51813	0.04697	0.29774	0.01266	0.00675	0.00184	0.00277	0.01094	0.00596	0.00520
11	0.02137	0.02726	0.01621	0.01474	0.01768	0.77602	0.01105	0.02284	0.01621	0.01400	0.00884	0.01031	0.00737	0.00589	0.00516	0.00147	0.01031	0.00368	0.00295	0.00663
12	0.80769	0.04149	0.00924	0.00761	0.01120	0.01321	0.00633	0.01683	0.00981	0.02519	0.00796	0.00929	0.00624	0.00529	0.00354	0.00175	0.00449	0.00310	0.00350	0.00624
13	0.01453	0.01089	0.03904	0.01031	0.01355	0.01094	0.00837	0.02443	0.41453	0.15565	0.12201	0.02728	0.10592	0.00883	0.00602	0.00189	0.00431	0.00740	0.00593	0.00820
14	0.01529	0.80242	0.02997	0.00979	0.01468	0.02263	0.00979	0.01713	0.01162	0.01346	0.00795	0.00918	0.00734	0.00489	0.00367	0.00122	0.00612	0.00306	0.00245	0.00734
15	0.00810	0.00585	0.00765	0.00720	0.00855	0.00540	0.00540	0.01079	0.01619	0.02294	0.76028	0.04273	0.05397	0.01169	0.00675	0.00180	0.00270	0.01034	0.00630	0.00540
16	0.01302	0.01281	0.01840	0.01533	0.01674	0.01641	0.09806	0.01807	0.17790	0.01661	0.01156	0.01486	0.00990	0.00889	0.01442	0.00231	0.51881	0.00554	0.00330	0.00706
17	0.25451	0.01005	0.01430	0.37317	0.02524	0.01168	0.06936	0.01466	0.01065	0.01787	0.00994	0.01400	0.00784	0.00724	0.00706	0.10020	0.00634	0.00463	0.03536	0.00592
18	0.00843	0.00639	0.00886	0.00909	0.00973	0.00717	0.00683	0.00989	0.00987	0.01371	0.02052	0.20414	0.02232	0.15872	0.31776	0.00565	0.07853	0.09368	0.00385	0.00485
19	0.01746	0.01203	0.01337	0.01144	0.01506	0.01321	0.00906	0.09037	0.52452	0.19334	0.02231	0.02027	0.01606	0.00753	0.00580	0.00188	0.00475	0.00619	0.00610	0.00926
20	0.01423	0.01229	0.01293	0.01164	0.01487	0.01423	0.00905	0.03039	0.75297	0.02393	0.02328	0.02134	0.01746	0.00776	0.00582	0.00194	0.00453	0.00647	0.00582	0.00905
21	0.01416	0.01359	0.02322	0.03511	0.76330	0.01359	0.01755	0.01755	0.01302	0.01869	0.01076	0.01416	0.00906	0.00510	0.00566	0.00170	0.00680	0.00510	0.00283	0.00906

[dist]
# distance from previous block
# <min> <max>
1	51

[block]
# block no. 1 follows, 41 sequences, length 24
# corresponding to MSA columns:
# 146-169
name=unknown_B
#
# <colnr> <probs for GDERKNQSTAVLIFYWHMCP>
#	G	D	E	R	K	N	Q	S	T	A	V	L	I	F	Y	W	H	M	C	P
0	0.01509	0.76191	0.06873	0.01013	0.01521	0.02214	0.01038	0.01718	0.01165	0.01370	0.00807	0.00933	0.00734	0.00492	0.00376	0.00125	0.00624	0.00312	0.00245	0.00740
1	0.01219	0.08631	0.01360	0.00860	0.01366	0.00907	0.00707	0.01466	0.01184	0.01814	0.00995	0.01160	0.00836	0.00430	0.00418	0.00088	0.00442	0.00336	0.00330	0.75450
2	0.01510	0.01719	0.07309	0.02567	0.39129	0.15442	0.08005	0.01915	0.06301	0.01766	0.01099	0.01375	0.00901	0.00587	0.00686	0.00178	0.07891	0.00501	0.00300	0.00820
3	0.00715	0.00557	0.00650	0.00678	0.00810	0.00492	0.00489	0.00878	0.01321	0.01707	0.22507	0.26996	0.37196	0.01480	0.00692	0.00201	0.00297	0.01288	0.00556	0.00492
4	0.01416	0.01359	0.02322	0.03511	0.76330	0.01359	0.01755	0.01755	0.01302	0.01869	0.01076	0.01416	0.00906	0.00510	0.00566	0.00170	0.00680	0.00510	0.00283	0.00906
5	0.04646	0.13536	0.09432	0.18426	0.02125	0.01272	0.01165	0.05942	0.01442	0.34162	0.01530	0.01552	0.01043	0.00620	0.00531	0.00172	0.00611	0.00491	0.00468	0.00836
6	0.01189	0.01077	0.01567	0.33393	0.02443	0.01367	0.01267	0.01562	0.07840	0.04273	0.01545	0.01880	0.08113	0.00834	0.01053	0.00212	0.28820	0.00588	0.00326	0.00654
7	0.00767	0.00578	0.00708	0.00686	0.00831	0.00520	0.00510	0.00992	0.01503	0.02041	0.52628	0.08955	0.24624	0.01282	0.00678	0.00187	0.00279	0.01116	0.00597	0.00520
8	0.01158	0.01093	0.01869	0.21899	0.24199	0.01223	0.08840	0.01468	0.01130	0.01578	0.01151	0.01648	0.00981	0.01511	0.19896	0.00372	0.08456	0.00551	0.00279	0.00697
9	0.01451	0.09437	0.36005	0.02009	0.21284	0.09287	0.01716	0.08815	0.01413	0.01914	0.01037	0.01233	0.00797	0.00548	0.00533	0.00169	0.00780	0.00438	0.00290	0.00844
10	0.01010	0.00902	0.01643	0.01405	0.01657	0.00911	0.22442	0.01317	0.01183	0.01609	0.01938	0.03491	0.01907	0.02233	0.28448	0.00479	0.01018	0.25436	0.00377	0.00593
11	0.00690	0.00526	0.00635	0.00722	0.00810	0.00471	0.00498	0.00805	0.01167	0.01489	0.04064	0.53977	0.28742	0.01673	0.00711	0.00219	0.00317	0.01481	0.00531	0.00471
12	0.01817	0.01073	0.01616	0.09109	0.20336	0.01038	0.04067	0.02180	0.06419	0.35112	0.02167	0.02135	0.08886	0.00717	0.00587	0.00180	0.00558	0.00626	0.00515	0.00861
13	0.01926	0.10071	0.09070	0.01374	0.01823	0.21956	0.03215	0.33925	0.06956	0.02482	0.01209	0.01275	0.00911	0.00627	0.00537	0.00163	0.00753	0.00459	0.00426	0.00843
14	0.01518	0.01571	0.01516	0.01310	0.01639	0.20483	0.08430	0.02498	0.41604	0.01999	0.02200	0.02142	0.09023	0.00768	0.00585	0.00182	0.00634	0.00637	0.00475	0.00787
15	0.01951	0.01643	0.02025	0.01736	0.09921	0.09408	0.13092	0.42228	0.02119	0.06320	0.01283	0.01395	0.00940	0.00633	0.00615	0.00175	0.02632	0.00528	0.00465	0.00893
16	0.03138	0.01641	0.01667	0.01293	0.01741	0.18638	0.08446	0.24129	0.01761	0.02303	0.01107	0.01241	0.00859	0.00550	0.00515	0.00138	0.00681	0.00434	0.00396	0.29323
17	0.01321	0.12165	0.17962	0.01401	0.01902	0.06499	0.12167	0.01662	0.01197	0.01678	0.00963	0.01207	0.00788	0.00560	0.00693	0.00154	0.11883	0.00428	0.00283	0.25085
18	0.01144	0.01119	0.01771	0.28093	0.02405	0.01427	0.07718	0.01386	0.01033	0.01455	0.01125	0.09399	0.01076	0.00888	0.01203	0.00223	0.36993	0.00634	0.00284	0.00625
19	0.01031	0.07980	0.08485	0.01005	0.01272	0.01009	0.00880	0.01427	0.08759	0.01726	0.14923	0.07535	0.02105	0.01883	0.23347	0.00393	0.06056	0.00681	0.00396	0.09108
20	0.00916	0.00890	0.05434	0.01019	0.01203	0.00827	0.05686	0.01271	0.08833	0.01761	0.16596	0.29525	0.13113	0.01283	0.00800	0.00209	0.08447	0.01108	0.00493	0.00586
21	0.04822	0.30477	0.04449	0.01324	0.01725	0.01733	0.12021	0.06194	0.01239	0.04722	0.00963	0.01187	0.00806	0.00616	0.00767	0.00166	0.17367	0.00433	0.00305	0.08684
22	0.01175	0.14510	0.01882	0.01272	0.01563	0.01344	0.15421	0.04855	0.03321	0.01646	0.02489	0.02624	0.23968	0.01043	0.03586	0.00218	0.17336	0.00728	0.00370	0.00649
23	0.06525	0.01857	0.24253	0.01677	0.02228	0.01422	0.24001	0.15547	0.01501	0.02156	0.01419	0.01618	0.05886	0.00647	0.00688	0.00189	0.06679	0.00570	0.00346	0.00792

[dist]
# distance from previous block
# <min> <max>
6	222

[block]
# block no. 2 follows, 41 sequences, length 12
# corresponding to MSA columns:
# 459-470
name=unknown_C
#
# <colnr> <probs for GDERKNQSTAVLIFYWHMCP>
#	G	D	E	R	K	N	Q	S	T	A	V	L	I	F	Y	W	H	M	C	P
0	0.01729	0.01183	0.01325	0.01130	0.01474	0.01285	0.00892	0.18286	0.37372	0.16891	0.02194	0.10192	0.01731	0.00852	0.00594	0.00190	0.00485	0.00709	0.00599	0.00886
1	0.10247	0.00893	0.00986	0.07228	0.01241	0.00992	0.00690	0.16250	0.01373	0.02147	0.01511	0.02138	0.01327	0.19529	0.01112	0.00256	0.04163	0.00573	0.26742	0.00601
2	0.01083	0.01017	0.01686	0.64078	0.11404	0.01215	0.01511	0.01440	0.01174	0.01512	0.01418	0.01842	0.07002	0.00638	0.00580	0.00189	0.00715	0.00566	0.00280	0.00652
3	0.01230	0.01083	0.01405	0.01361	0.15809	0.00877	0.00886	0.01501	0.01209	0.01865	0.01028	0.01230	0.00859	0.00440	0.00451	0.00101	0.00473	0.00372	0.00328	0.67493
4	0.02174	0.01602	0.01717	0.01316	0.01774	0.01774	0.01087	0.74423	0.02689	0.03605	0.01373	0.01373	0.00973	0.00687	0.00572	0.00172	0.00629	0.00515	0.00572	0.00973
5	0.01080	0.01017	0.01716	0.78523	0.03940	0.01271	0.01589	0.01461	0.01144	0.01461	0.01017	0.01525	0.00762	0.00572	0.00572	0.00191	0.00762	0.00508	0.00254	0.00635
6	0.00676	0.00579	0.00579	0.00579	0.00773	0.00483	0.00435	0.00821	0.01304	0.01545	0.05794	0.05505	0.76098	0.01449	0.00676	0.00193	0.00290	0.01207	0.00531	0.00483
7	0.01186	0.01017	0.01186	0.00847	0.01356	0.00762	0.00678	0.01440	0.01186	0.01864	0.01017	0.01186	0.00847	0.00424	0.00424	0.00085	0.00424	0.00339	0.00339	0.83395
8	0.01275	0.01326	0.02553	0.01897	0.02355	0.01293	0.48271	0.01937	0.15381	0.02014	0.13677	0.02103	0.01778	0.00651	0.00657	0.00191	0.00753	0.00729	0.00401	0.00759
9	0.02294	0.01219	0.01296	0.01046	0.01437	0.13411	0.00841	0.02495	0.01599	0.56330	0.02409	0.02176	0.09275	0.00768	0.00576	0.00174	0.00555	0.00609	0.00621	0.00870
10	0.00978	0.00784	0.00944	0.05950	0.04633	0.04603	0.00718	0.01149	0.01269	0.06125	0.11525	0.30555	0.21753	0.01327	0.00733	0.00204	0.04556	0.01141	0.00497	0.00559
11	0.01413	0.01214	0.01878	0.10334	0.28187	0.01274	0.08932	0.02117	0.22463	0.07636	0.04975	0.04174	0.01455	0.00673	0.00593	0.00184	0.00610	0.00628	0.00421	0.00838

[dist]
# distance from previous block
# <min> <max>
4	10

[block]
# block no. 3 follows, 41 sequences, length 6
# corresponding to MSA columns:
# 488-493
name=unknown_D
#
# <colnr> <probs for GDERKNQSTAVLIFYWHMCP>
#	G	D	E	R	K	N	Q	S	T	A	V	L	I	F	Y	W	H	M	C	P
0	0.01596	0.00876	0.01315	0.01040	0.01373	0.00780	0.09955	0.01867	0.01536	0.31508	0.26926	0.02806	0.05952	0.00851	0.00609	0.00174	0.00451	0.00756	0.04975	0.04653
1	0.01021	0.00899	0.01359	0.01091	0.01423	0.00765	0.13480	0.01267	0.01231	0.01774	0.09454	0.26442	0.02252	0.00945	0.00591	0.00160	0.00473	0.00878	0.00421	0.34074
2	0.01311	0.01426	0.02725	0.02046	0.02393	0.01569	0.44995	0.01650	0.01160	0.01650	0.00994	0.01426	0.00821	0.00690	0.01157	0.00216	0.32180	0.00605	0.00274	0.00713
3	0.02174	0.01602	0.01717	0.01316	0.01774	0.01774	0.01087	0.74423	0.02689	0.03605	0.01373	0.01373	0.00973	0.00687	0.00572	0.00172	0.00629	0.00515	0.00572	0.00973
4	0.01186	0.01017	0.01186	0.00847	0.01356	0.00762	0.00678	0.01440	0.01186	0.01864	0.01017	0.01186	0.00847	0.00424	0.00424	0.00085	0.00424	0.00339	0.00339	0.83395
5	0.01429	0.01452	0.02737	0.02022	0.02472	0.01482	0.48606	0.13177	0.01483	0.02029	0.01253	0.06022	0.01039	0.00660	0.00823	0.00200	0.11324	0.00682	0.00343	0.00766

[dist]
# distance from previous block
# <min> <max>
1	3

[block]
# block no. 4 follows, 41 sequences, length 13
# corresponding to MSA columns:
# 497-509
name=unknown_E
#
# <colnr> <probs for GDERKNQSTAVLIFYWHMCP>
#	G	D	E	R	K	N	Q	S	T	A	V	L	I	F	Y	W	H	M	C	P
0	0.01416	0.01359	0.02322	0.03511	0.76330	0.01359	0.01755	0.01755	0.01302	0.01869	0.01076	0.01416	0.00906	0.00510	0.00566	0.00170	0.00680	0.00510	0.00283	0.00906
1	0.01302	0.01108	0.01460	0.28915	0.02352	0.01104	0.01070	0.12848	0.01406	0.01991	0.01072	0.01337	0.00836	0.00518	0.00500	0.00136	0.00578	0.00427	0.00345	0.40693
2	0.01393	0.01329	0.01384	0.13964	0.01884	0.12929	0.00928	0.07223	0.01363	0.01859	0.01024	0.01233	0.00826	0.00495	0.00474	0.00119	0.00591	0.00385	0.00336	0.50262
3	0.01089	0.01003	0.01677	0.53835	0.14760	0.01192	0.01469	0.01434	0.01131	0.01503	0.01112	0.01629	0.00896	0.01184	0.13451	0.00309	0.00878	0.00526	0.00267	0.00657
4	0.01443	0.01085	0.01432	0.01095	0.01539	0.00965	0.08250	0.04614	0.12895	0.12737	0.01566	0.06587	0.01267	0.00624	0.00521	0.00139	0.00494	0.00546	0.00446	0.41753
5	0.02174	0.01602	0.01717	0.01316	0.01774	0.01774	0.01087	0.74423	0.02689	0.03605	0.01373	0.01373	0.00973	0.00687	0.00572	0.00172	0.00629	0.00515	0.00572	0.00973
6	0.01265	0.01385	0.02821	0.02091	0.02516	0.01395	0.54368	0.01648	0.01244	0.01717	0.01297	0.09621	0.01152	0.00705	0.00882	0.00207	0.13916	0.00745	0.00308	0.00715
7	0.00676	0.00579	0.00579	0.00579	0.00773	0.00483	0.00435	0.00821	0.01304	0.01545	0.05794	0.05505	0.76098	0.01449	0.00676	0.00193	0.00290	0.01207	0.00531	0.00483
8	0.01212	0.01099	0.01528	0.01091	0.01611	0.00869	0.12171	0.01501	0.01212	0.01859	0.01039	0.01242	0.00850	0.00433	0.00463	0.00102	0.00508	0.00391	0.00331	0.70488
9	0.01312	0.01134	0.01387	0.01521	0.14756	0.01251	0.01013	0.02445	0.48056	0.02242	0.11275	0.02557	0.02150	0.00830	0.00604	0.00193	0.00475	0.05432	0.00531	0.00835
10	0.01772	0.01157	0.01644	0.01847	0.26741	0.01095	0.01131	0.10959	0.01582	0.24678	0.07500	0.01765	0.01421	0.00631	0.00556	0.00160	0.00542	0.00546	0.00484	0.13791
11	0.02026	0.01662	0.01595	0.11039	0.04808	0.29859	0.04609	0.02259	0.01542	0.28639	0.05224	0.01627	0.01234	0.00651	0.00562	0.00168	0.00746	0.00514	0.00455	0.00780
12	0.39832	0.01220	0.01173	0.04702	0.01464	0.05088	0.00812	0.13076	0.01417	0.14737	0.01213	0.01349	0.00901	0.00602	0.00459	0.00168	0.00524	0.02032	0.00441	0.08789

[dist]
# distance from previous block
# <min> <max>
23	134

[block]
# block no. 5 follows, 41 sequences, length 25
# corresponding to MSA columns:
# 667-691
name=unknown_F
#
# <colnr> <probs for GDERKNQSTAVLIFYWHMCP>
#	G	D	E	R	K	N	Q	S	T	A	V	L	I	F	Y	W	H	M	C	P
0	0.10464	0.07103	0.01722	0.42504	0.12250	0.01352	0.01340	0.01713	0.09206	0.01747	0.01125	0.01449	0.00873	0.00569	0.00526	0.00177	0.00656	0.00478	0.00308	0.04438
1	0.10617	0.01069	0.01567	0.23142	0.11893	0.01132	0.06562	0.07149	0.01370	0.11393	0.02981	0.04163	0.09876	0.00746	0.00576	0.00185	0.00600	0.02512	0.00407	0.02059
2	0.08058	0.02066	0.01837	0.02219	0.30995	0.41876	0.01324	0.02031	0.01447	0.01672	0.00953	0.01175	0.00794	0.00554	0.00523	0.00158	0.00849	0.00419	0.00295	0.00755
3	0.39191	0.01442	0.01422	0.21679	0.02135	0.16664	0.06560	0.01756	0.01178	0.01982	0.00900	0.01155	0.00700	0.00550	0.00469	0.00176	0.00686	0.00402	0.00311	0.00644
4	0.18451	0.00995	0.01292	0.07106	0.09888	0.00984	0.00946	0.02086	0.01379	0.36167	0.01980	0.02301	0.04722	0.00768	0.00557	0.00187	0.00516	0.08351	0.00527	0.00798
5	0.01131	0.01109	0.01138	0.01322	0.12646	0.15141	0.00837	0.01386	0.05031	0.01711	0.15185	0.27852	0.10901	0.01174	0.00642	0.00192	0.00507	0.01022	0.00468	0.00607
6	0.02566	0.00973	0.01327	0.01018	0.01460	0.00841	0.00841	0.02788	0.01637	0.76726	0.02257	0.01947	0.01416	0.00708	0.00575	0.00177	0.00487	0.00575	0.00708	0.00973
7	0.01186	0.01017	0.01186	0.00847	0.01356	0.00762	0.00678	0.01440	0.01186	0.01864	0.01017	0.01186	0.00847	0.00424	0.00424	0.00085	0.00424	0.00339	0.00339	0.83395
8	0.01044	0.00948	0.01471	0.22982	0.15157	0.01110	0.01188	0.01269	0.01100	0.01516	0.01702	0.28082	0.01817	0.01065	0.00892	0.00213	0.16580	0.00889	0.00353	0.00623
9	0.01966	0.00841	0.01135	0.00916	0.01253	0.00738	0.00738	0.02204	0.01631	0.51312	0.27445	0.02741	0.02775	0.00865	0.00609	0.00178	0.00413	0.00732	0.00681	0.00825
10	0.01756	0.01716	0.01796	0.01796	0.16994	0.21639	0.06695	0.25535	0.01844	0.02268	0.01728	0.01829	0.10434	0.00706	0.00577	0.00169	0.00729	0.00575	0.00413	0.00799
11	0.34200	0.00800	0.00837	0.00802	0.01009	0.00919	0.00636	0.01327	0.00978	0.01930	0.01280	0.01703	0.01109	0.02310	0.36565	0.00519	0.00930	0.00481	0.11108	0.00557
12	0.01353	0.44682	0.37017	0.01279	0.01932	0.01833	0.01501	0.01758	0.01183	0.01560	0.00902	0.01051	0.00730	0.00514	0.00448	0.00149	0.00719	0.00360	0.00243	0.00785
13	0.01918	0.01475	0.01572	0.01264	0.01676	0.01654	0.01025	0.50049	0.27481	0.03191	0.01699	0.01633	0.01237	0.00717	0.00576	0.00179	0.00569	0.00560	0.00576	0.00950
14	0.01670	0.01225	0.01357	0.01139	0.01451	0.01327	0.00897	0.49284	0.02145	0.02873	0.01981	0.28058	0.01932	0.01064	0.00626	0.00192	0.00528	0.00894	0.00558	0.00799
15	0.01582	0.01251	0.01398	0.01035	0.01523	0.01167	0.00842	0.30658	0.01788	0.02561	0.01159	0.01261	0.00897	0.00529	0.00483	0.00120	0.00506	0.00409	0.00432	0.50398
16	0.01870	0.01446	0.01547	0.01239	0.01656	0.01599	0.01004	0.46791	0.26334	0.03106	0.01664	0.01611	0.01218	0.00700	0.00567	0.00174	0.00560	0.00548	0.00562	0.05805
17	0.01970	0.01731	0.11235	0.01321	0.01832	0.01642	0.01187	0.59770	0.02389	0.03248	0.01303	0.01338	0.00932	0.00649	0.00557	0.00166	0.00642	0.00490	0.00513	0.07085
18	0.01847	0.01433	0.01534	0.01231	0.01646	0.01582	0.00996	0.44840	0.27373	0.03067	0.01674	0.01620	0.01228	0.00698	0.00565	0.00173	0.00554	0.00547	0.00559	0.06832
19	0.02015	0.01494	0.01626	0.01259	0.01693	0.01636	0.01035	0.64666	0.02469	0.03333	0.01364	0.01427	0.00999	0.00939	0.06293	0.00222	0.00684	0.00512	0.00539	0.05793
20	0.01801	0.01402	0.01716	0.27678	0.02513	0.01602	0.01258	0.49511	0.02162	0.02873	0.01252	0.01425	0.00901	0.00647	0.00572	0.00178	0.00675	0.00513	0.00464	0.00858
21	0.01651	0.01325	0.07029	0.01154	0.01552	0.01245	0.03399	0.35906	0.02064	0.08593	0.23308	0.02253	0.02278	0.00799	0.00596	0.00172	0.00530	0.00662	0.00554	0.04931
22	0.01592	0.34007	0.22018	0.01337	0.01904	0.07475	0.05622	0.16216	0.01522	0.01949	0.00998	0.01129	0.00787	0.00550	0.00483	0.00154	0.00728	0.00404	0.00315	0.00807
23	0.01715	0.16749	0.13168	0.01238	0.01703	0.07052	0.01152	0.35129	0.01936	0.02538	0.07035	0.05350	0.01355	0.00713	0.00540	0.00166	0.00645	0.00546	0.00442	0.00827
24	0.01790	0.07642	0.01606	0.01192	0.01612	0.27371	0.00951	0.20530	0.01720	0.02115	0.01047	0.01162	0.00833	0.00553	0.00489	0.00131	0.00698	0.00392	0.00377	0.27790

[dist]
# distance from previous block
# <min> <max>
39	78

[block]
# block no. 6 follows, 41 sequences, length 7
# corresponding to MSA columns:
# 797-803
name=unknown_G
#
# <colnr> <probs for GDERKNQSTAVLIFYWHMCP>
#	G	D	E	R	K	N	Q	S	T	A	V	L	I	F	Y	W	H	M	C	P
0	0.01564	0.12824	0.18416	0.01249	0.01719	0.10312	0.03925	0.17538	0.01539	0.05095	0.01221	0.01594	0.01023	0.12142	0.00864	0.00214	0.00702	0.00489	0.00364	0.07207
1	0.01238	0.01629	0.16268	0.10118	0.01806	0.17814	0.01118	0.01544	0.01338	0.01712	0.13541	0.13885	0.01986	0.00836	0.00574	0.00168	0.00642	0.00695	0.00377	0.12712
2	0.09986	0.07994	0.10449	0.01455	0.10194	0.13765	0.01141	0.01888	0.11221	0.03500	0.12074	0.01743	0.01574	0.00721	0.00689	0.00179	0.09783	0.00534	0.00380	0.00731
3	0.13806	0.11340	0.16670	0.01317	0.01779	0.30205	0.01217	0.13787	0.01565	0.02005	0.00969	0.01094	0.00755	0.00576	0.00490	0.00159	0.00794	0.00387	0.00332	0.00752
4	0.01664	0.23410	0.16943	0.01297	0.01783	0.18500	0.01236	0.12679	0.13572	0.01950	0.01195	0.01265	0.00932	0.00598	0.00500	0.00158	0.00728	0.00429	0.00358	0.00803
5	0.01679	0.14688	0.01974	0.01422	0.01765	0.29516	0.09663	0.02269	0.21456	0.01710	0.01283	0.01390	0.01027	0.00645	0.00639	0.00170	0.07113	0.00481	0.00360	0.00750
6	0.01016	0.00888	0.01144	0.06651	0.13483	0.04550	0.00885	0.01398	0.11980	0.01660	0.02438	0.46359	0.02662	0.01293	0.00661	0.00210	0.00470	0.01164	0.00468	0.00622

[dist]
# distance from previous block
# <min> <max>
81	239

[block]
# block no. 7 follows, 41 sequences, length 22
# corresponding to MSA columns:
# 1098-1119
name=unknown_H
#
# <colnr> <probs for GDERKNQSTAVLIFYWHMCP>
#	G	D	E	R	K	N	Q	S	T	A	V	L	I	F	Y	W	H	M	C	P
0	0.11689	0.08615	0.13758	0.01124	0.01460	0.01274	0.01030	0.01868	0.19686	0.05000	0.01778	0.18195	0.01655	0.00920	0.00702	0.00197	0.09177	0.00727	0.00424	0.00721
1	0.15117	0.14630	0.09906	0.01052	0.01516	0.01365	0.00975	0.16937	0.01568	0.13359	0.07776	0.01523	0.01286	0.00628	0.00491	0.00157	0.00544	0.00470	0.00443	0.10257
2	0.01358	0.01190	0.01528	0.01203	0.01595	0.04353	0.11466	0.15342	0.06784	0.02127	0.01617	0.16886	0.01516	0.00786	0.00564	0.00157	0.00551	0.00700	0.00429	0.29847
3	0.11000	0.26983	0.03487	0.00991	0.01368	0.01435	0.03564	0.10710	0.04431	0.01923	0.01860	0.12937	0.09581	0.00822	0.00507	0.00163	0.00516	0.00656	0.00394	0.06673
4	0.01191	0.11804	0.68472	0.01556	0.02360	0.01435	0.01983	0.01800	0.01202	0.01758	0.01000	0.01174	0.00726	0.00537	0.00523	0.00174	0.00819	0.00409	0.00242	0.00833
5	0.01386	0.01153	0.01265	0.01107	0.01390	0.09941	0.05736	0.02068	0.25085	0.10304	0.18144	0.03051	0.09900	0.00936	0.00624	0.00189	0.00509	0.05942	0.00544	0.00728
6	0.02045	0.01477	0.01578	0.01224	0.01644	0.01629	0.01007	0.65866	0.02515	0.03432	0.01431	0.01462	0.01030	0.00684	0.00552	0.00167	0.00587	0.00517	0.10231	0.00921
7	0.00874	0.00677	0.00934	0.06845	0.01135	0.00781	0.00688	0.01000	0.00922	0.01282	0.01695	0.11659	0.01810	0.29849	0.28585	0.00585	0.09085	0.00788	0.00337	0.00469
8	0.02174	0.01602	0.01717	0.01316	0.01774	0.01774	0.01087	0.74423	0.02689	0.03605	0.01373	0.01373	0.00973	0.00687	0.00572	0.00172	0.00629	0.00515	0.00572	0.00973
9	0.00796	0.00575	0.00753	0.00729	0.00852	0.00531	0.00539	0.01046	0.01558	0.02196	0.67496	0.13083	0.05208	0.01242	0.00681	0.00186	0.00277	0.01104	0.00618	0.00531
10	0.01186	0.01017	0.01186	0.00847	0.01356	0.00762	0.00678	0.01440	0.01186	0.01864	0.01017	0.01186	0.00847	0.00424	0.00424	0.00085	0.00424	0.00339	0.00339	0.83395
11	0.01423	0.01229	0.01293	0.01164	0.01487	0.01423	0.00905	0.03039	0.75297	0.02393	0.02328	0.02134	0.01746	0.00776	0.00582	0.00194	0.00453	0.00647	0.00582	0.00905
12	0.02174	0.01602	0.01717	0.01316	0.01774	0.01774	0.01087	0.74423	0.02689	0.03605	0.01373	0.01373	0.00973	0.00687	0.00572	0.00172	0.00629	0.00515	0.00572	0.00973
13	0.01186	0.01017	0.01186	0.00847	0.01356	0.00762	0.00678	0.01440	0.01186	0.01864	0.01017	0.01186	0.00847	0.00424	0.00424	0.00085	0.00424	0.00339	0.00339	0.83395
14	0.01295	0.00971	0.01047	0.00942	0.01234	0.01025	0.00733	0.02233	0.40756	0.10799	0.03534	0.03293	0.27750	0.01004	0.00614	0.00192	0.00400	0.00835	0.00579	0.00765
15	0.11025	0.01445	0.01513	0.01197	0.01624	0.01592	0.00977	0.49474	0.14593	0.03169	0.01446	0.01439	0.01055	0.00667	0.00540	0.00170	0.00565	0.00503	0.00534	0.06472
16	0.09928	0.00605	0.00730	0.00786	0.00896	0.00617	0.00569	0.00951	0.01074	0.01565	0.02934	0.40793	0.14463	0.02185	0.18774	0.00382	0.00620	0.01175	0.00459	0.00495
17	0.22594	0.01453	0.01469	0.01165	0.01587	0.01627	0.00958	0.51405	0.07148	0.03263	0.01293	0.01313	0.00936	0.00654	0.00518	0.00174	0.00571	0.00472	0.00518	0.00880
18	0.05966	0.01041	0.01162	0.01017	0.01331	0.01111	0.00795	0.02446	0.40951	0.14281	0.13959	0.04958	0.02234	0.00829	0.00579	0.00183	0.00423	0.00695	0.00582	0.05457
19	0.11829	0.01149	0.05619	0.01066	0.01537	0.00929	0.09369	0.01701	0.01267	0.12435	0.05301	0.01510	0.01167	0.00541	0.00485	0.00135	0.00507	0.00458	0.03836	0.39159
20	0.07988	0.00825	0.00939	0.00882	0.01100	0.00824	0.00661	0.11474	0.05535	0.07008	0.02720	0.36433	0.11055	0.01321	0.02394	0.00214	0.00429	0.01071	0.00518	0.06608
21	0.21903	0.00719	0.00708	0.00683	0.00900	0.00705	0.00522	0.01143	0.01251	0.04596	0.13745	0.12518	0.36265	0.01190	0.00597	0.00191	0.00338	0.00981	0.00506	0.00541

[dist]
# distance from previous block
# <min> <max>
12	110

[block]
# block no. 8 follows, 41 sequences, length 27
# corresponding to MSA columns:
# 1292-1318
name=unknown_I
#
# <colnr> <probs for GDERKNQSTAVLIFYWHMCP>
#	G	D	E	R	K	N	Q	S	T	A	V	L	I	F	Y	W	H	M	C	P
0	0.61420	0.01421	0.01086	0.01008	0.03829	0.13992	0.00774	0.07235	0.01221	0.02427	0.00864	0.00996	0.00675	0.00552	0.00404	0.00171	0.00562	0.00342	0.00358	0.00663
1	0.28838	0.01138	0.01305	0.01110	0.01324	0.03893	0.04217	0.01472	0.01087	0.01948	0.10225	0.01713	0.04819	0.00810	0.00968	0.00198	0.28010	0.00528	0.00353	0.06044
2	0.00973	0.00748	0.00926	0.00842	0.01040	0.00723	0.00663	0.06823	0.01536	0.02132	0.40168	0.05947	0.11973	0.01138	0.00711	0.00185	0.04034	0.09236	0.00550	0.09653
3	0.00768	0.00573	0.00714	0.00700	0.00834	0.00519	0.00517	0.00991	0.01490	0.02036	0.52528	0.13708	0.19909	0.01303	0.00682	0.00189	0.00282	0.01143	0.00597	0.00519
4	0.01080	0.01017	0.01716	0.78523	0.03940	0.01271	0.01589	0.01461	0.01144	0.01461	0.01017	0.01525	0.00762	0.00572	0.00572	0.00191	0.00762	0.00508	0.00254	0.00635
5	0.01416	0.01345	0.02215	0.03267	0.68545	0.01366	0.01667	0.01889	0.08999	0.01923	0.01206	0.01490	0.00993	0.00537	0.00568	0.00172	0.00656	0.00524	0.00314	0.00906
6	0.01066	0.00533	0.00533	0.00533	0.00666	0.00533	0.00400	0.01333	0.01200	0.02132	0.01866	0.02132	0.01466	0.00666	0.00400	0.00133	0.00267	0.00533	0.83073	0.00533
7	0.01529	0.80242	0.02997	0.00979	0.01468	0.02263	0.00979	0.01713	0.01162	0.01346	0.00795	0.00918	0.00734	0.00489	0.00367	0.00122	0.00612	0.00306	0.00245	0.00734
8	0.02351	0.01049	0.01347	0.01044	0.01463	0.00976	0.00858	0.14945	0.01816	0.57905	0.08314	0.02044	0.01675	0.00743	0.00583	0.00176	0.00493	0.00604	0.00678	0.00937
9	0.02484	0.01105	0.01409	0.01080	0.01526	0.01036	0.00892	0.17758	0.01857	0.61445	0.02072	0.01827	0.01323	0.00703	0.00575	0.00176	0.00517	0.00563	0.00680	0.00973
10	0.83938	0.01106	0.00841	0.00752	0.01106	0.01283	0.00619	0.01681	0.00973	0.02566	0.00796	0.00929	0.00619	0.00531	0.00354	0.00177	0.00442	0.00310	0.00354	0.00619
11	0.00832	0.00555	0.00624	0.00624	0.00624	0.00555	0.00347	0.00832	0.00832	0.01109	0.01802	0.03743	0.02080	0.79898	0.02911	0.00555	0.00555	0.00832	0.00347	0.00347
12	0.01080	0.01017	0.01716	0.78523	0.03940	0.01271	0.01589	0.01461	0.01144	0.01461	0.01017	0.01525	0.00762	0.00572	0.00572	0.00191	0.00762	0.00508	0.00254	0.00635
13	0.01423	0.01229	0.01293	0.01164	0.01487	0.01423	0.00905	0.03039	0.75297	0.02393	0.02328	0.02134	0.01746	0.00776	0.00582	0.00194	0.00453	0.00647	0.00582	0.00905
14	0.02174	0.01602	0.01717	0.01316	0.01774	0.01774	0.01087	0.74423	0.02689	0.03605	0.01373	0.01373	0.00973	0.00687	0.00572	0.00172	0.00629	0.00515	0.00572	0.00973
15	0.01256	0.01196	0.02033	0.39282	0.41809	0.01317	0.01676	0.01615	0.01227	0.01674	0.01048	0.01468	0.00838	0.00539	0.00569	0.00180	0.00719	0.00509	0.00269	0.00777
16	0.02174	0.01602	0.01717	0.01316	0.01774	0.01774	0.01087	0.74423	0.02689	0.03605	0.01373	0.01373	0.00973	0.00687	0.00572	0.00172	0.00629	0.00515	0.00572	0.00973
17	0.01147	0.02959	0.76934	0.01630	0.02476	0.01328	0.02113	0.01811	0.01208	0.01811	0.01026	0.01208	0.00725	0.00543	0.00543	0.00181	0.00845	0.00423	0.00242	0.00845
18	0.01529	0.80242	0.02997	0.00979	0.01468	0.02263	0.00979	0.01713	0.01162	0.01346	0.00795	0.00918	0.00734	0.00489	0.00367	0.00122	0.00612	0.00306	0.00245	0.00734
19	0.01259	0.01274	0.01878	0.01573	0.01618	0.01728	0.06939	0.01412	0.00913	0.01412	0.00783	0.01274	0.00760	0.00961	0.01783	0.00246	0.72783	0.00514	0.00253	0.00637
20	0.00697	0.00498	0.00664	0.00796	0.00830	0.00465	0.00531	0.00796	0.01095	0.01460	0.03153	0.79525	0.03783	0.01792	0.00730	0.00232	0.00332	0.01626	0.00531	0.00465
21	0.01350	0.01543	0.03375	0.02411	0.02989	0.01446	0.74253	0.01832	0.01350	0.01832	0.01157	0.01543	0.00868	0.00482	0.00675	0.00193	0.00964	0.00675	0.00289	0.00771
22	0.01303	0.01447	0.02985	0.02188	0.02647	0.01450	0.58963	0.01710	0.01261	0.01741	0.01185	0.05153	0.00986	0.00628	0.00872	0.00204	0.13558	0.00691	0.00294	0.00733
23	0.01200	0.00962	0.01032	0.00910	0.01182	0.01008	0.00711	0.15795	0.22528	0.02306	0.15297	0.03551	0.29074	0.01065	0.00629	0.00187	0.00399	0.00886	0.00569	0.00707
24	0.01350	0.01543	0.03375	0.02411	0.02989	0.01446	0.74253	0.01832	0.01350	0.01832	0.01157	0.01543	0.00868	0.00482	0.00675	0.00193	0.00964	0.00675	0.00289	0.00771
25	0.01079	0.00979	0.01623	0.72447	0.03684	0.01213	0.01496	0.01451	0.01148	0.01514	0.01083	0.01572	0.00817	0.00579	0.00558	0.00186	0.00724	0.00510	0.06707	0.00627
26	0.01265	0.26762	0.54162	0.01430	0.02165	0.01616	0.01764	0.01781	0.01194	0.01668	0.00955	0.01118	0.00727	0.00527	0.00489	0.00163	0.00773	0.00387	0.00242	0.00811

[dist]
# distance from previous block
# <min> <max>
10	13

[block]
# block no. 9 follows, 41 sequences, length 14
# corresponding to MSA columns:
# 1333-1346
name=unknown_J
#
# <colnr> <probs for GDERKNQSTAVLIFYWHMCP>
#	G	D	E	R	K	N	Q	S	T	A	V	L	I	F	Y	W	H	M	C	P
0	0.01469	0.53598	0.03125	0.01464	0.01983	0.01987	0.25786	0.01753	0.01226	0.01510	0.00918	0.01129	0.00779	0.00487	0.00471	0.00146	0.00731	0.00431	0.00260	0.00747
1	0.01271	0.00931	0.01086	0.00928	0.01174	0.00959	0.00734	0.25906	0.01962	0.02696	0.46260	0.03398	0.06051	0.01028	0.00644	0.00180	0.00400	0.03105	0.00604	0.00684
2	0.02070	0.02218	0.01611	0.01387	0.01725	0.47287	0.01076	0.26631	0.01940	0.02142	0.01089	0.01221	0.00859	0.00846	0.05191	0.00202	0.00926	0.00433	0.00389	0.00759
3	0.02174	0.01602	0.01717	0.01316	0.01774	0.01774	0.01087	0.74423	0.02689	0.03605	0.01373	0.01373	0.00973	0.00687	0.00572	0.00172	0.00629	0.00515	0.00572	0.00973
4	0.02174	0.01602	0.01717	0.01316	0.01774	0.01774	0.01087	0.74423	0.02689	0.03605	0.01373	0.01373	0.00973	0.00687	0.00572	0.00172	0.00629	0.00515	0.00572	0.00973
5	0.00943	0.00745	0.00877	0.00921	0.01052	0.00789	0.00658	0.01556	0.26217	0.01776	0.02873	0.53323	0.03093	0.01448	0.00680	0.00219	0.00373	0.01294	0.00548	0.00614
6	0.01893	0.02263	0.01858	0.02163	0.27012	0.51789	0.01325	0.02105	0.01513	0.01559	0.00949	0.01162	0.00794	0.00562	0.00533	0.00155	0.00912	0.00416	0.00291	0.00745
7	0.01423	0.01229	0.01293	0.01164	0.01487	0.01423	0.00905	0.03039	0.75297	0.02393	0.02328	0.02134	0.01746	0.00776	0.00582	0.00194	0.00453	0.00647	0.00582	0.00905
8	0.00822	0.00510	0.00619	0.00707	0.00774	0.00488	0.00487	0.00978	0.01130	0.01688	0.02717	0.53323	0.02999	0.01411	0.00618	0.00199	0.00310	0.01256	0.28477	0.00488
9	0.00690	0.00525	0.00635	0.00723	0.00810	0.00471	0.00498	0.00805	0.01166	0.01489	0.04047	0.54465	0.28266	0.01676	0.00712	0.00219	0.00318	0.01484	0.00531	0.00471
10	0.01469	0.53598	0.03125	0.01464	0.01983	0.01987	0.25786	0.01753	0.01226	0.01510	0.00918	0.01129	0.00779	0.00487	0.00471	0.00146	0.00731	0.00431	0.00260	0.00747
11	0.01170	0.01009	0.01052	0.00966	0.01245	0.01105	0.00746	0.02288	0.50246	0.02106	0.03502	0.03275	0.26919	0.01004	0.00614	0.00194	0.00398	0.00836	0.00565	0.00762
12	0.00960	0.00900	0.01431	0.47539	0.02810	0.01015	0.05585	0.01267	0.01210	0.01512	0.02643	0.02873	0.26274	0.00863	0.00613	0.00192	0.00615	0.00755	0.00350	0.00592
13	0.01339	0.03809	0.02376	0.02385	0.27194	0.01561	0.19058	0.01625	0.01144	0.01652	0.00960	0.01367	0.00831	0.00693	0.01096	0.00205	0.31133	0.00540	0.00271	0.00759

[dist]
# distance from previous block
# <min> <max>
6	245

[block]
# block no. 10 follows, 41 sequences, length 24
# corresponding to MSA columns:
# 1595-1618
name=unknown_K
#
# <colnr> <probs for GDERKNQSTAVLIFYWHMCP>
#	G	D	E	R	K	N	Q	S	T	A	V	L	I	F	Y	W	H	M	C	P
0	0.12168	0.01245	0.01158	0.01016	0.01328	0.14805	0.00816	0.08578	0.01552	0.21747	0.05793	0.02861	0.13372	0.00915	0.00585	0.00185	0.00557	0.10085	0.00520	0.00716
1	0.02011	0.01505	0.01629	0.01238	0.01705	0.01606	0.01019	0.62347	0.02441	0.03317	0.01314	0.01342	0.00952	0.00643	0.00548	0.00157	0.00595	0.00486	0.00534	0.14610
2	0.01572	0.40742	0.22605	0.01274	0.01812	0.20146	0.01315	0.01877	0.01285	0.01484	0.00879	0.01023	0.00732	0.00528	0.00450	0.00144	0.00776	0.00352	0.00256	0.00747
3	0.05623	0.01059	0.01674	0.61889	0.03393	0.01349	0.01481	0.01460	0.01091	0.01508	0.00962	0.01448	0.00753	0.00639	0.00770	0.00199	0.13313	0.00496	0.00259	0.00633
4	0.01380	0.50103	0.31832	0.01233	0.01861	0.01899	0.01421	0.01751	0.01180	0.01527	0.00885	0.01031	0.00730	0.00510	0.00436	0.00145	0.00703	0.00351	0.00243	0.00777
5	0.01080	0.01017	0.01716	0.78523	0.03940	0.01271	0.01589	0.01461	0.01144	0.01461	0.01017	0.01525	0.00762	0.00572	0.00572	0.00191	0.00762	0.00508	0.00254	0.00635
6	0.00728	0.00571	0.00594	0.00594	0.00723	0.00507	0.00405	0.00825	0.01145	0.01399	0.04455	0.04914	0.51265	0.27768	0.01426	0.00314	0.00379	0.01081	0.00469	0.00437
7	0.00772	0.00556	0.00731	0.00745	0.00846	0.00515	0.00537	0.00984	0.01443	0.02014	0.51579	0.29519	0.04856	0.01378	0.00693	0.00197	0.00291	0.01233	0.00597	0.00515
8	0.00994	0.00497	0.00745	0.00745	0.00745	0.00497	0.00497	0.00745	0.00745	0.00994	0.00994	0.01739	0.00994	0.01987	0.02235	0.83358	0.00497	0.00497	0.00248	0.00248
9	0.01625	0.01329	0.01407	0.01205	0.01565	0.01517	0.00954	0.22289	0.55717	0.02720	0.02071	0.01929	0.01538	0.00752	0.00579	0.00188	0.00500	0.00611	0.00579	0.00924
10	0.00817	0.00613	0.00919	0.00919	0.01021	0.00715	0.00715	0.01021	0.00919	0.01328	0.01532	0.02247	0.01430	0.04290	0.77631	0.00919	0.01532	0.00613	0.00306	0.00511
11	0.02137	0.02726	0.01621	0.01474	0.01768	0.77602	0.01105	0.02284	0.01621	0.01400	0.00884	0.01031	0.00737	0.00589	0.00516	0.00147	0.01031	0.00368	0.00295	0.00663
12	0.02458	0.00953	0.01301	0.01020	0.01442	0.00829	0.00846	0.02682	0.01616	0.71788	0.02307	0.02243	0.01539	0.00765	0.00589	0.00183	0.00489	0.05308	0.00696	0.00944
13	0.01241	0.01193	0.01920	0.01372	0.01904	0.00992	0.25362	0.01572	0.01241	0.01853	0.01064	0.01306	0.00854	0.00443	0.00508	0.00121	0.00605	0.00452	0.00322	0.55675
14	0.01111	0.00756	0.00935	0.00857	0.01059	0.00715	0.00642	0.10404	0.01527	0.07597	0.27856	0.29748	0.03507	0.01215	0.00648	0.00187	0.00369	0.01070	0.00563	0.09236
15	0.01989	0.01160	0.01827	0.01389	0.01829	0.01097	0.19113	0.09917	0.05786	0.38862	0.06044	0.02122	0.01555	0.00717	0.00615	0.00185	0.00608	0.03739	0.00570	0.00876
16	0.01277	0.01202	0.01541	0.01132	0.01628	0.05204	0.11624	0.01635	0.05370	0.01863	0.01103	0.01283	0.00894	0.00461	0.00475	0.00110	0.00539	0.00408	0.00343	0.61908
17	0.01519	0.01461	0.01978	0.02175	0.26732	0.08973	0.05449	0.06751	0.05422	0.04539	0.01081	0.01384	0.00903	0.00722	0.01028	0.00199	0.28062	0.00512	0.00325	0.00784
18	0.01636	0.01525	0.02116	0.01627	0.02076	0.09404	0.26603	0.13399	0.21531	0.06391	0.01530	0.01622	0.01136	0.00613	0.00595	0.00177	0.00720	0.00583	0.00439	0.06277
19	0.12651	0.00960	0.01027	0.00934	0.01167	0.05069	0.00721	0.05684	0.05477	0.16292	0.05923	0.22743	0.11678	0.01102	0.00686	0.00198	0.05599	0.00904	0.00519	0.00664
20	0.25879	0.01235	0.01527	0.01212	0.01607	0.04526	0.11296	0.05297	0.08344	0.26968	0.01502	0.01509	0.01052	0.00641	0.00594	0.00183	0.04839	0.00503	0.00485	0.00803
21	0.10891	0.01370	0.01619	0.01307	0.01701	0.08848	0.11364	0.14256	0.15475	0.18948	0.01728	0.03260	0.01316	0.00721	0.00574	0.00184	0.00621	0.04480	0.00509	0.00829
22	0.15657	0.00989	0.01102	0.00982	0.01258	0.05178	0.03886	0.01789	0.10360	0.16912	0.02216	0.26571	0.04264	0.01023	0.00583	0.00191	0.00467	0.00873	0.00508	0.05192
23	0.20507	0.01335	0.02079	0.01584	0.02008	0.01402	0.30523	0.08745	0.11402	0.02233	0.03831	0.01529	0.01089	0.00609	0.00649	0.00187	0.05827	0.00561	0.00382	0.03519

[dist]
# distance from previous block
# <min> <max>
0	50

[block]
# block no. 11 follows, 41 sequences, length 14
# corresponding to MSA columns:
# 1669-1682
name=unknown_L
#
# <colnr> <probs for GDERKNQSTAVLIFYWHMCP>
#	G	D	E	R	K	N	Q	S	T	A	V	L	I	F	Y	W	H	M	C	P
0	0.12339	0.01229	0.01909	0.01480	0.01825	0.04035	0.26906	0.07762	0.01411	0.02073	0.15648	0.02195	0.06515	0.00881	0.03295	0.00215	0.08521	0.00684	0.00399	0.00678
1	0.08578	0.01254	0.01298	0.01062	0.01398	0.05655	0.00851	0.29474	0.06609	0.02696	0.21194	0.02112	0.02136	0.00783	0.00604	0.00167	0.03042	0.00616	0.00517	0.09953
2	0.01468	0.01301	0.01504	0.01283	0.01467	0.06637	0.01047	0.20059	0.05843	0.02169	0.13259	0.02082	0.01748	0.00938	0.01126	0.00209	0.32299	0.04418	0.00430	0.00714
3	0.01693	0.01340	0.01571	0.01200	0.01635	0.01377	0.05168	0.40729	0.04042	0.02768	0.01650	0.01703	0.07340	0.00687	0.00598	0.00156	0.03449	0.00541	0.00481	0.21872
4	0.01546	0.01662	0.01732	0.01421	0.01732	0.24733	0.12280	0.07941	0.04102	0.01759	0.01460	0.06069	0.05821	0.00759	0.00784	0.00175	0.13710	0.00583	0.00355	0.11375
5	0.02035	0.01607	0.01636	0.01263	0.01716	0.07398	0.01032	0.58847	0.02400	0.03196	0.01287	0.01321	0.00937	0.00643	0.00547	0.00158	0.00632	0.00479	0.00519	0.12346
6	0.01216	0.01085	0.01423	0.01242	0.01315	0.01404	0.00993	0.06937	0.07343	0.01580	0.01201	0.01882	0.01159	0.15294	0.09812	0.00364	0.44224	0.00585	0.00326	0.00614
7	0.02174	0.01602	0.01717	0.01316	0.01774	0.01774	0.01087	0.74423	0.02689	0.03605	0.01373	0.01373	0.00973	0.00687	0.00572	0.00172	0.00629	0.00515	0.00572	0.00973
8	0.02174	0.01602	0.01717	0.01316	0.01774	0.01774	0.01087	0.74423	0.02689	0.03605	0.01373	0.01373	0.00973	0.00687	0.00572	0.00172	0.00629	0.00515	0.00572	0.00973
9	0.02174	0.01602	0.01717	0.01316	0.01774	0.01774	0.01087	0.74423	0.02689	0.03605	0.01373	0.01373	0.00973	0.00687	0.00572	0.00172	0.00629	0.00515	0.00572	0.00973
10	0.00747	0.00594	0.00678	0.00692	0.00862	0.00525	0.00542	0.00939	0.01373	0.01733	0.20223	0.05408	0.48412	0.01412	0.00696	0.00203	0.00327	0.13580	0.00551	0.00503
11	0.02174	0.01602	0.01717	0.01316	0.01774	0.01774	0.01087	0.74423	0.02689	0.03605	0.01373	0.01373	0.00973	0.00687	0.00572	0.00172	0.00629	0.00515	0.00572	0.00973
12	0.02026	0.01528	0.01633	0.01286	0.01717	0.01705	0.01051	0.60342	0.17011	0.03366	0.01562	0.01523	0.01125	0.00704	0.00574	0.00176	0.00595	0.00541	0.00574	0.00959
13	0.02174	0.01602	0.01717	0.01316	0.01774	0.01774	0.01087	0.74423	0.02689	0.03605	0.01373	0.01373	0.00973	0.00687	0.00572	0.00172	0.00629	0.00515	0.00572	0.00973

[dist]
# distance from previous block
# <min> <max>
2	7

[block]
# block no. 12 follows, 41 sequences, length 13
# corresponding to MSA columns:
# 1690-1702
name=unknown_M
#
# <colnr> <probs for GDERKNQSTAVLIFYWHMCP>
#	G	D	E	R	K	N	Q	S	T	A	V	L	I	F	Y	W	H	M	C	P
0	0.02067	0.01545	0.01657	0.01282	0.01731	0.01699	0.01053	0.65187	0.08643	0.03425	0.01436	0.01428	0.01031	0.00682	0.00566	0.00170	0.00605	0.00518	0.00562	0.04712
1	0.01186	0.01017	0.01186	0.00847	0.01356	0.00762	0.00678	0.01440	0.01186	0.01864	0.01017	0.01186	0.00847	0.00424	0.00424	0.00085	0.00424	0.00339	0.00339	0.83395
2	0.02533	0.01109	0.01350	0.01053	0.01484	0.06782	0.00861	0.02749	0.01636	0.70896	0.02150	0.01876	0.01363	0.00699	0.00571	0.00175	0.00529	0.00559	0.00676	0.00949
3	0.02174	0.01602	0.01717	0.01316	0.01774	0.01774	0.01087	0.74423	0.02689	0.03605	0.01373	0.01373	0.00973	0.00687	0.00572	0.00172	0.00629	0.00515	0.00572	0.00973
4	0.01186	0.01017	0.01186	0.00847	0.01356	0.00762	0.00678	0.01440	0.01186	0.01864	0.01017	0.01186	0.00847	0.00424	0.00424	0.00085	0.00424	0.00339	0.00339	0.83395
5	0.01423	0.01229	0.01293	0.01164	0.01487	0.01423	0.00905	0.03039	0.75297	0.02393	0.02328	0.02134	0.01746	0.00776	0.00582	0.00194	0.00453	0.00647	0.00582	0.00905
6	0.02174	0.01602	0.01717	0.01316	0.01774	0.01774	0.01087	0.74423	0.02689	0.03605	0.01373	0.01373	0.00973	0.00687	0.00572	0.00172	0.00629	0.00515	0.00572	0.00973
7	0.00810	0.00585	0.00765	0.00720	0.00855	0.00540	0.00540	0.01079	0.01619	0.02294	0.76028	0.04273	0.05397	0.01169	0.00675	0.00180	0.00270	0.01034	0.00630	0.00540
8	0.02174	0.01602	0.01717	0.01316	0.01774	0.01774	0.01087	0.74423	0.02689	0.03605	0.01373	0.01373	0.00973	0.00687	0.00572	0.00172	0.00629	0.00515	0.00572	0.00973
9	0.02174	0.01602	0.01717	0.01316	0.01774	0.01774	0.01087	0.74423	0.02689	0.03605	0.01373	0.01373	0.00973	0.00687	0.00572	0.00172	0.00629	0.00515	0.00572	0.00973
10	0.02174	0.01602	0.01717	0.01316	0.01774	0.01774	0.01087	0.74423	0.02689	0.03605	0.01373	0.01373	0.00973	0.00687	0.00572	0.00172	0.00629	0.00515	0.00572	0.00973
11	0.00798	0.00584	0.00749	0.00708	0.00848	0.00535	0.00531	0.01058	0.01593	0.02232	0.70203	0.04375	0.11261	0.01193	0.00675	0.00181	0.00271	0.01049	0.00621	0.00535
12	0.00907	0.00654	0.00902	0.01026	0.01161	0.00648	0.00893	0.01164	0.01316	0.01702	0.03189	0.06397	0.07511	0.01572	0.00783	0.00259	0.00513	0.68350	0.00527	0.00524

[dist]
# distance from previous block
# <min> <max>
6	125

[block]
# block no. 13 follows, 41 sequences, length 9
# corresponding to MSA columns:
# 1858-1866
name=unknown_N
#
# <colnr> <probs for GDERKNQSTAVLIFYWHMCP>
#	G	D	E	R	K	N	Q	S	T	A	V	L	I	F	Y	W	H	M	C	P
