[name]
unknown

[dist]
# distance from previous block
# <min> <max>
7	468

[block]
# block no. 0 follows, 36 sequences, length 8
# corresponding to MSA columns:
# 488-495
name=unknown_A
#
# <colnr> <probs for GDERKNQSTAVLIFYWHMCP>
#	G	D	E	R	K	N	Q	S	T	A	V	L	I	F	Y	W	H	M	C	P
0	0.01727	0.01624	0.07087	0.03713	0.24001	0.01593	0.06544	0.23950	0.11428	0.02673	0.03106	0.01780	0.02767	0.00706	0.00669	0.00194	0.02793	0.00608	0.00461	0.02577
1	0.00998	0.00830	0.01174	0.01035	0.01301	0.00720	0.07269	0.01232	0.01360	0.01889	0.11771	0.28399	0.10109	0.01290	0.00695	0.00199	0.00457	0.07072	0.00513	0.21687
2	0.01355	0.12259	0.23815	0.01273	0.01741	0.16211	0.01278	0.01702	0.01455	0.01793	0.10178	0.09451	0.13132	0.00951	0.00618	0.00188	0.00711	0.00762	0.00401	0.00727
3	0.01604	0.01188	0.01377	0.01044	0.01531	0.01045	0.00835	0.16839	0.01678	0.08662	0.01524	0.08521	0.01304	0.00689	0.00542	0.00136	0.00506	0.00563	0.00478	0.49934
4	0.01966	0.11773	0.02244	0.02316	0.27983	0.29819	0.01440	0.11485	0.01733	0.02022	0.01097	0.01309	0.00903	0.00611	0.00569	0.00169	0.00869	0.00470	0.00350	0.00873
5	0.01421	0.16504	0.01474	0.00965	0.01231	0.01161	0.00767	0.10860	0.01553	0.10266	0.11253	0.21521	0.06251	0.10853	0.00962	0.00248	0.00505	0.00978	0.00531	0.00697
6	0.01233	0.08443	0.28051	0.01572	0.08098	0.01380	0.01500	0.01744	0.06740	0.01857	0.02316	0.02668	0.15245	0.00934	0.00820	0.00210	0.10847	0.05173	0.00378	0.00790
7	0.01417	0.01470	0.02116	0.20587	0.02680	0.11203	0.21851	0.04341	0.08172	0.01940	0.06262	0.06023	0.07539	0.00808	0.00674	0.00203	0.00798	0.00760	0.00405	0.00750

[dist]
# distance from previous block
# <min> <max>
15	43

[block]
# block no. 1 follows, 36 sequences, length 37
# corresponding to MSA columns:
# 547-583
name=unknown_B
#
# <colnr> <probs for GDERKNQSTAVLIFYWHMCP>
#	G	D	E	R	K	N	Q	S	T	A	V	L	I	F	Y	W	H	M	C	P
0	0.07601	0.01231	0.01399	0.01131	0.01550	0.03123	0.04302	0.09484	0.17570	0.05184	0.05054	0.06636	0.05100	0.00787	0.00580	0.00168	0.00522	0.00655	0.00505	0.27417
1	0.01422	0.01186	0.01779	0.05501	0.18437	0.01117	0.07983	0.07409	0.01589	0.05778	0.14994	0.02385	0.03950	0.00754	0.00623	0.00172	0.00591	0.02712	0.00456	0.21162
2	0.00819	0.00599	0.00765	0.00846	0.00932	0.00568	0.00605	0.00968	0.01265	0.01669	0.09886	0.39568	0.14553	0.09856	0.05797	0.00329	0.00481	0.09429	0.00551	0.00514
3	0.01292	0.01107	0.01292	0.00923	0.01477	0.00831	0.00738	0.01569	0.01292	0.02030	0.01107	0.01292	0.00923	0.00461	0.00461	0.00092	0.00461	0.00369	0.00369	0.81912
4	0.01366	0.01231	0.02031	0.02950	0.50396	0.01231	0.01616	0.01709	0.01424	0.01980	0.01867	0.03334	0.01836	0.00936	0.00696	0.00218	0.00686	0.23246	0.00395	0.00852
5	0.00780	0.00558	0.00742	0.00853	0.00908	0.00520	0.00580	0.00920	0.01289	0.01744	0.15341	0.65352	0.04418	0.01837	0.00785	0.00243	0.00350	0.01662	0.00597	0.00520
6	0.01177	0.01107	0.01869	0.76606	0.04291	0.01384	0.01730	0.01592	0.01246	0.01592	0.01107	0.01661	0.00831	0.00623	0.00623	0.00208	0.00831	0.00554	0.00277	0.00692
7	0.00759	0.00542	0.00723	0.00868	0.00904	0.00506	0.00578	0.00868	0.01193	0.01591	0.03434	0.77697	0.04121	0.01952	0.00795	0.00253	0.00361	0.01771	0.00578	0.00506
8	0.02327	0.02970	0.01766	0.01605	0.01926	0.75602	0.01204	0.02488	0.01766	0.01525	0.00963	0.01124	0.00803	0.00642	0.00562	0.00161	0.01124	0.00401	0.00321	0.00722
9	0.02320	0.00955	0.01293	0.01028	0.01426	0.00834	0.00834	0.02574	0.01778	0.56704	0.20223	0.02751	0.02621	0.00896	0.00654	0.00194	0.00471	0.00751	0.00750	0.00943
10	0.01424	0.00711	0.00959	0.00946	0.01128	0.00640	0.00689	0.01576	0.01386	0.25454	0.03115	0.53010	0.03279	0.01566	0.00740	0.00233	0.00417	0.01397	0.00641	0.00687
11	0.00759	0.00542	0.00723	0.00868	0.00904	0.00506	0.00578	0.00868	0.01193	0.01591	0.03434	0.77697	0.04121	0.01952	0.00795	0.00253	0.00361	0.01771	0.00578	0.00506
12	0.02795	0.01060	0.01446	0.01109	0.01591	0.00916	0.00916	0.03036	0.01783	0.74648	0.02458	0.02121	0.01542	0.00771	0.00627	0.00193	0.00530	0.00627	0.00771	0.01060
13	0.02450	0.01614	0.01789	0.01371	0.01867	0.01737	0.01133	0.58891	0.02710	0.17486	0.01680	0.01616	0.01152	0.00752	0.00624	0.00188	0.00656	0.00574	0.00652	0.01060
14	0.01666	0.78478	0.03265	0.01066	0.01599	0.02465	0.01066	0.01866	0.01266	0.01466	0.00866	0.00999	0.00800	0.00533	0.00400	0.00133	0.00666	0.00333	0.00267	0.00800
15	0.01292	0.01107	0.01292	0.00923	0.01477	0.00831	0.00738	0.01569	0.01292	0.02030	0.01107	0.01292	0.00923	0.00461	0.00461	0.00092	0.00461	0.00369	0.00369	0.81912
16	0.02795	0.01060	0.01446	0.01109	0.01591	0.00916	0.00916	0.03036	0.01783	0.74648	0.02458	0.02121	0.01542	0.00771	0.00627	0.00193	0.00530	0.00627	0.00771	0.01060
17	0.01236	0.00753	0.00954	0.00970	0.01133	0.00736	0.00699	0.01617	0.12153	0.14576	0.03127	0.53041	0.03333	0.01577	0.00741	0.00236	0.00411	0.01409	0.00621	0.00676
18	0.01752	0.01900	0.02147	0.02867	0.44265	0.25625	0.01602	0.02046	0.01533	0.01854	0.01289	0.01882	0.01153	0.00685	0.00620	0.00186	0.00851	0.06542	0.00336	0.00865
19	0.01292	0.01107	0.01292	0.00923	0.01477	0.00831	0.00738	0.01569	0.01292	0.02030	0.01107	0.01292	0.00923	0.00461	0.00461	0.00092	0.00461	0.00369	0.00369	0.81912
20	0.01666	0.78478	0.03265	0.01066	0.01599	0.02465	0.01066	0.01866	0.01266	0.01466	0.00866	0.00999	0.00800	0.00533	0.00400	0.00133	0.00666	0.00333	0.00267	0.00800
21	0.02795	0.01060	0.01446	0.01109	0.01591	0.00916	0.00916	0.03036	0.01783	0.74648	0.02458	0.02121	0.01542	0.00771	0.00627	0.00193	0.00530	0.00627	0.00771	0.01060
22	0.01542	0.01480	0.02529	0.03824	0.74217	0.01480	0.01912	0.01912	0.01419	0.02036	0.01172	0.01542	0.00987	0.00555	0.00617	0.00185	0.00740	0.00555	0.00308	0.00987
23	0.01465	0.42133	0.37849	0.01409	0.02129	0.01974	0.01663	0.01918	0.01290	0.01711	0.00988	0.01152	0.00795	0.00561	0.00493	0.00164	0.00789	0.00395	0.00265	0.00858
24	0.00759	0.00542	0.00723	0.00868	0.00904	0.00506	0.00578	0.00868	0.01193	0.01591	0.03434	0.77697	0.04121	0.01952	0.00795	0.00253	0.00361	0.01771	0.00578	0.00506
25	0.01684	0.01735	0.02098	0.02685	0.39217	0.16115	0.01537	0.02283	0.16316	0.02011	0.01386	0.01608	0.01127	0.00675	0.00722	0.00193	0.06768	0.00555	0.00376	0.00911
26	0.01171	0.01143	0.01036	0.01033	0.01176	0.17044	0.00748	0.01346	0.01465	0.01827	0.21446	0.36790	0.03659	0.01413	0.00759	0.00213	0.02989	0.01219	0.00534	0.02989
27	0.01182	0.01174	0.05653	0.01063	0.01343	0.06490	0.00861	0.04855	0.02999	0.01926	0.08596	0.26606	0.07930	0.01191	0.00764	0.00195	0.06453	0.00998	0.00481	0.19241
28	0.05094	0.19923	0.12314	0.01341	0.01773	0.01775	0.01270	0.14201	0.06961	0.02185	0.01327	0.01772	0.01142	0.00796	0.00835	0.00196	0.15192	0.05697	0.00392	0.05814
29	0.01837	0.15437	0.15932	0.06103	0.05635	0.08885	0.01376	0.16969	0.03393	0.09343	0.01303	0.01411	0.00973	0.00631	0.00557	0.00170	0.00741	0.00477	0.00417	0.08408
30	0.01663	0.01564	0.17488	0.28185	0.02771	0.01241	0.01497	0.06951	0.01513	0.20233	0.01620	0.06345	0.01223	0.00737	0.00621	0.00198	0.00720	0.00619	0.00445	0.04368
31	0.01240	0.01411	0.14125	0.01236	0.01556	0.06608	0.04493	0.04325	0.08847	0.05100	0.07817	0.35295	0.02803	0.01282	0.00704	0.00220	0.00579	0.01132	0.00515	0.00713
32	0.06454	0.06983	0.07090	0.01263	0.01614	0.01033	0.10951	0.01750	0.01382	0.18151	0.02375	0.30640	0.02355	0.01181	0.00681	0.00218	0.00579	0.04029	0.00525	0.00745
33	0.04463	0.01229	0.01590	0.01230	0.01708	0.01176	0.04413	0.12999	0.10059	0.46216	0.02144	0.01952	0.01424	0.00740	0.00616	0.00189	0.00569	0.00608	0.00677	0.05998
34	0.01233	0.01121	0.01727	0.01606	0.12304	0.00972	0.12464	0.01536	0.01358	0.01983	0.07018	0.15065	0.01870	0.00808	0.00608	0.00161	0.00568	0.00759	0.00412	0.36426
35	0.01523	0.01679	0.14375	0.04920	0.01910	0.08769	0.03828	0.04870	0.01428	0.07420	0.01283	0.01594	0.01038	0.06440	0.00738	0.00178	0.00677	0.00480	0.00381	0.36467
36	0.01479	0.01746	0.20194	0.12188	0.05922	0.01241	0.07375	0.06689	0.01462	0.07536	0.01254	0.01471	0.00937	0.00570	0.00571	0.00164	0.00713	0.00491	0.00370	0.27627

[dist]
# distance from previous block
# <min> <max>
16	74

[block]
# block no. 2 follows, 36 sequences, length 37
# corresponding to MSA columns:
# 700-736
name=unknown_C
#
# <colnr> <probs for GDERKNQSTAVLIFYWHMCP>
#	G	D	E	R	K	N	Q	S	T	A	V	L	I	F	Y	W	H	M	C	P
0	0.02069	0.01162	0.01623	0.01615	0.16646	0.01007	0.01068	0.02348	0.01555	0.37071	0.01773	0.01744	0.01235	0.00630	0.00573	0.00160	0.00553	0.00532	0.00551	0.26084
1	0.01046	0.00877	0.01372	0.37493	0.02660	0.01002	0.01267	0.01373	0.01338	0.01748	0.07842	0.13345	0.02507	0.01186	0.00728	0.00237	0.00648	0.22270	0.00440	0.00623
2	0.00904	0.00614	0.00731	0.00731	0.00748	0.00632	0.00441	0.00939	0.00921	0.01246	0.01917	0.03819	0.02153	0.66469	0.14652	0.00667	0.00773	0.00868	0.00371	0.00406
3	0.00953	0.00697	0.00933	0.01036	0.01189	0.00676	0.00885	0.01223	0.01467	0.01906	0.11215	0.06631	0.13755	0.01653	0.00830	0.00266	0.00508	0.53021	0.00586	0.00568
4	0.01161	0.00581	0.00581	0.00581	0.00726	0.00581	0.00436	0.01452	0.01307	0.02323	0.02033	0.02323	0.01597	0.00726	0.00436	0.00145	0.00290	0.00581	0.81562	0.00581
5	0.20600	0.00766	0.00839	0.00880	0.01037	0.00789	0.00635	0.03702	0.01267	0.04433	0.05759	0.50846	0.03172	0.01510	0.00682	0.00232	0.00405	0.01317	0.00545	0.00588
6	0.01292	0.01107	0.01292	0.00923	0.01477	0.00831	0.00738	0.01569	0.01292	0.02030	0.01107	0.01292	0.00923	0.00461	0.00461	0.00092	0.00461	0.00369	0.00369	0.81912
7	0.01161	0.00581	0.00581	0.00581	0.00726	0.00581	0.00436	0.01452	0.01307	0.02323	0.02033	0.02323	0.01597	0.00726	0.00436	0.00145	0.00290	0.00581	0.81562	0.00581
8	0.77595	0.01238	0.00974	0.00857	0.01249	0.01430	0.00706	0.06139	0.01175	0.02865	0.00906	0.01042	0.00698	0.00589	0.00400	0.00192	0.00494	0.00351	0.00400	0.00698
9	0.00736	0.00631	0.00631	0.00631	0.00842	0.00526	0.00473	0.00894	0.01420	0.01683	0.06312	0.05996	0.73964	0.01578	0.00736	0.00210	0.00316	0.01315	0.00579	0.00526
10	0.08418	0.01137	0.01658	0.24570	0.02461	0.01215	0.03754	0.02314	0.01472	0.36944	0.01719	0.01805	0.01165	0.00731	0.00742	0.00205	0.07716	0.00578	0.00525	0.00873
11	0.00906	0.00604	0.00680	0.00680	0.00680	0.00604	0.00378	0.00906	0.00906	0.01208	0.01963	0.04077	0.02265	0.78103	0.03171	0.00604	0.00604	0.00906	0.00378	0.00378
12	0.02368	0.01745	0.01870	0.01434	0.01932	0.01932	0.01184	0.72139	0.02929	0.03927	0.01496	0.01496	0.01060	0.00748	0.00623	0.00187	0.00686	0.00561	0.00623	0.01060
13	0.02368	0.01745	0.01870	0.01434	0.01932	0.01932	0.01184	0.72139	0.02929	0.03927	0.01496	0.01496	0.01060	0.00748	0.00623	0.00187	0.00686	0.00561	0.00623	0.01060
14	0.01758	0.01093	0.01340	0.00980	0.01512	0.00857	0.00793	0.02023	0.01444	0.24520	0.01526	0.01549	0.01115	0.00557	0.00513	0.00123	0.00483	0.00449	0.00494	0.56873
15	0.02368	0.01745	0.01870	0.01434	0.01932	0.01932	0.01184	0.72139	0.02929	0.03927	0.01496	0.01496	0.01060	0.00748	0.00623	0.00187	0.00686	0.00561	0.00623	0.01060
16	0.01550	0.01338	0.01409	0.01268	0.01620	0.01550	0.00986	0.03311	0.73091	0.02606	0.02536	0.02325	0.01902	0.00845	0.00634	0.00211	0.00493	0.00704	0.00634	0.00986
17	0.00759	0.00542	0.00723	0.00868	0.00904	0.00506	0.00578	0.00868	0.01193	0.01591	0.03434	0.77697	0.04121	0.01952	0.00795	0.00253	0.00361	0.01771	0.00578	0.00506
18	0.01250	0.03223	0.74875	0.01776	0.02697	0.01447	0.02302	0.01973	0.01315	0.01973	0.01118	0.01315	0.00789	0.00592	0.00592	0.00197	0.00921	0.00460	0.00263	0.00921
19	0.02795	0.01060	0.01446	0.01109	0.01591	0.00916	0.00916	0.03036	0.01783	0.74648	0.02458	0.02121	0.01542	0.00771	0.00627	0.00193	0.00530	0.00627	0.00771	0.01060
20	0.01363	0.01363	0.01908	0.01636	0.01636	0.01908	0.01363	0.01499	0.00954	0.01499	0.00818	0.01363	0.00818	0.01091	0.02045	0.00273	0.76963	0.00545	0.00273	0.00682
21	0.01471	0.01681	0.03676	0.02626	0.03256	0.01576	0.71954	0.01996	0.01471	0.01996	0.01261	0.01681	0.00945	0.00525	0.00735	0.00210	0.01050	0.00735	0.00315	0.00840
22	0.02301	0.01182	0.01442	0.01175	0.01602	0.01178	0.00947	0.08522	0.23936	0.44053	0.02442	0.04902	0.01710	0.00836	0.00635	0.00200	0.00525	0.00687	0.00710	0.01017
23	0.00890	0.00668	0.01001	0.01001	0.01113	0.00779	0.00779	0.01113	0.01001	0.01446	0.01669	0.02448	0.01558	0.04673	0.75634	0.01001	0.01669	0.00668	0.00334	0.00556
24	0.00890	0.00668	0.01001	0.01001	0.01113	0.00779	0.00779	0.01113	0.01001	0.01446	0.01669	0.02448	0.01558	0.04673	0.75634	0.01001	0.01669	0.00668	0.00334	0.00556
25	0.01161	0.00581	0.00581	0.00581	0.00726	0.00581	0.00436	0.01452	0.01307	0.02323	0.02033	0.02323	0.01597	0.00726	0.00436	0.00145	0.00290	0.00581	0.81562	0.00581
26	0.02368	0.01745	0.01870	0.01434	0.01932	0.01932	0.01184	0.72139	0.02929	0.03927	0.01496	0.01496	0.01060	0.00748	0.00623	0.00187	0.00686	0.00561	0.00623	0.01060
27	0.01363	0.01363	0.01908	0.01636	0.01636	0.01908	0.01363	0.01499	0.00954	0.01499	0.00818	0.01363	0.00818	0.01091	0.02045	0.00273	0.76963	0.00545	0.00273	0.00682
28	0.01177	0.01107	0.01869	0.76606	0.04291	0.01384	0.01730	0.01592	0.01246	0.01592	0.01107	0.01661	0.00831	0.00623	0.00623	0.00208	0.00831	0.00554	0.00277	0.00692
29	0.01550	0.01687	0.01727	0.02072	0.25600	0.23339	0.01250	0.01783	0.01481	0.01753	0.02364	0.02506	0.19159	0.00875	0.00737	0.00187	0.06765	0.00691	0.00379	0.04094
30	0.01564	0.22410	0.05532	0.02998	0.51770	0.01746	0.01698	0.01902	0.01373	0.01879	0.01087	0.01386	0.00929	0.00551	0.00557	0.00171	0.00727	0.00491	0.00295	0.00934
31	0.01867	0.43241	0.13434	0.01197	0.01763	0.01877	0.01210	0.02263	0.06389	0.19199	0.01402	0.01408	0.01053	0.00621	0.00499	0.00163	0.00660	0.00449	0.00413	0.00893
32	0.01849	0.25173	0.01972	0.01176	0.01589	0.04802	0.01014	0.04977	0.20529	0.17815	0.01995	0.02394	0.01621	0.00833	0.00586	0.00190	0.00599	0.09475	0.00528	0.00883
33	0.01418	0.33205	0.43239	0.01457	0.02208	0.01829	0.01744	0.01914	0.01295	0.01773	0.01017	0.01188	0.00799	0.00563	0.00510	0.00167	0.00800	0.00406	0.00269	0.04201
34	0.09104	0.07738	0.37660	0.01464	0.02142	0.06331	0.01622	0.06164	0.04088	0.15887	0.01394	0.01452	0.00978	0.00642	0.00568	0.00189	0.00774	0.00482	0.00408	0.00913
35	0.23489	0.24936	0.09366	0.01185	0.01693	0.06532	0.03977	0.02180	0.03131	0.16360	0.01270	0.01325	0.00945	0.00613	0.00490	0.00174	0.00657	0.00435	0.00412	0.00831
36	0.50286	0.06357	0.01498	0.01113	0.01552	0.01512	0.07153	0.10767	0.03743	0.09166	0.01176	0.01272	0.00872	0.00618	0.00477	0.00190	0.00575	0.00438	0.00444	0.00790

[dist]
# distance from previous block
# <min> <max>
12	41

[block]
# block no. 3 follows, 36 sequences, length 44
# corresponding to MSA columns:
# 781-824
name=unknown_D
#
# <colnr> <probs for GDERKNQSTAVLIFYWHMCP>
#	G	D	E	R	K	N	Q	S	T	A	V	L	I	F	Y	W	H	M	C	P
0	0.24455	0.01597	0.04485	0.01228	0.01697	0.04644	0.01039	0.34228	0.05952	0.10377	0.01426	0.01441	0.01022	0.00689	0.00550	0.00187	0.00624	0.00497	0.00538	0.03325
1	0.01259	0.03160	0.71981	0.01810	0.02719	0.01452	0.05133	0.01974	0.01322	0.01974	0.01124	0.01330	0.00796	0.00589	0.00598	0.00198	0.00926	0.00472	0.00265	0.00918
2	0.01299	0.01133	0.01354	0.00994	0.01492	0.00938	0.00801	0.01562	0.01258	0.01977	0.01078	0.01299	0.00912	0.00524	0.00620	0.00110	0.08118	0.00387	0.00359	0.73782
3	0.01380	0.01056	0.01259	0.00925	0.01432	0.00814	0.00739	0.01656	0.01381	0.08327	0.08508	0.01700	0.01472	0.00569	0.00503	0.00111	0.00451	0.00467	0.00435	0.66815
4	0.02721	0.01133	0.01452	0.01120	0.01599	0.03697	0.00920	0.02960	0.01764	0.69165	0.02351	0.02052	0.01491	0.00755	0.00618	0.00188	0.00550	0.00608	0.00739	0.04117
5	0.01542	0.01480	0.02529	0.03824	0.74217	0.01480	0.01912	0.01912	0.01419	0.02036	0.01172	0.01542	0.00987	0.00555	0.00617	0.00185	0.00740	0.00555	0.00308	0.00987
6	0.01754	0.00851	0.01165	0.01069	0.01358	0.00781	0.00895	0.02022	0.01641	0.33273	0.14978	0.04513	0.03098	0.01236	0.00739	0.00231	0.00507	0.28427	0.00678	0.00785
7	0.01973	0.00946	0.01213	0.00997	0.01374	0.00821	0.00789	0.04776	0.01613	0.40853	0.02884	0.16456	0.10389	0.01045	0.00650	0.00193	0.00471	0.00885	0.00657	0.11015
8	0.01344	0.01279	0.02172	0.43214	0.36373	0.01428	0.01814	0.01739	0.01325	0.01795	0.01137	0.01607	0.00902	0.00592	0.00620	0.00197	0.00789	0.00554	0.00291	0.00827
9	0.01438	0.01237	0.01305	0.01190	0.01515	0.01407	0.00920	0.02975	0.63166	0.02475	0.02940	0.05786	0.08994	0.00962	0.00651	0.00213	0.00470	0.00808	0.00626	0.00922
10	0.82504	0.01205	0.00916	0.00819	0.01205	0.01398	0.00675	0.01832	0.01060	0.02795	0.00868	0.01012	0.00675	0.00578	0.00386	0.00193	0.00482	0.00337	0.00386	0.00675
11	0.01542	0.01480	0.02529	0.03824	0.74217	0.01480	0.01912	0.01912	0.01419	0.02036	0.01172	0.01542	0.00987	0.00555	0.00617	0.00185	0.00740	0.00555	0.00308	0.00987
12	0.01471	0.01681	0.03676	0.02626	0.03256	0.01576	0.71954	0.01996	0.01471	0.01996	0.01261	0.01681	0.00945	0.00525	0.00735	0.00210	0.01050	0.00735	0.00315	0.00840
13	0.00890	0.00668	0.01001	0.01001	0.01113	0.00779	0.00779	0.01113	0.01001	0.01446	0.01669	0.02448	0.01558	0.04673	0.75634	0.01001	0.01669	0.00668	0.00334	0.00556
14	0.20823	0.01093	0.01326	0.01043	0.01503	0.01025	0.00861	0.02764	0.01620	0.58397	0.02098	0.01870	0.01346	0.00728	0.00572	0.00193	0.00519	0.00561	0.00684	0.00973
15	0.01161	0.00581	0.00581	0.00581	0.00726	0.00581	0.00436	0.01452	0.01307	0.02323	0.02033	0.02323	0.01597	0.00726	0.00436	0.00145	0.00290	0.00581	0.81562	0.00581
16	0.01908	0.01463	0.01571	0.01316	0.01727	0.01645	0.01051	0.27224	0.44470	0.07336	0.02170	0.02024	0.01588	0.00807	0.00630	0.00202	0.00562	0.00650	0.00638	0.01016
17	0.01471	0.01681	0.03676	0.02626	0.03256	0.01576	0.71954	0.01996	0.01471	0.01996	0.01261	0.01681	0.00945	0.00525	0.00735	0.00210	0.01050	0.00735	0.00315	0.00840
18	0.01161	0.00581	0.00581	0.00581	0.00726	0.00581	0.00436	0.01452	0.01307	0.02323	0.02033	0.02323	0.01597	0.00726	0.00436	0.00145	0.00290	0.00581	0.81562	0.00581
19	0.02368	0.01745	0.01870	0.01434	0.01932	0.01932	0.01184	0.72139	0.02929	0.03927	0.01496	0.01496	0.01060	0.00748	0.00623	0.00187	0.00686	0.00561	0.00623	0.01060
20	0.00890	0.00668	0.01001	0.01001	0.01113	0.00779	0.00779	0.01113	0.01001	0.01446	0.01669	0.02448	0.01558	0.04673	0.75634	0.01001	0.01669	0.00668	0.00334	0.00556
21	0.02368	0.01745	0.01870	0.01434	0.01932	0.01932	0.01184	0.72139	0.02929	0.03927	0.01496	0.01496	0.01060	0.00748	0.00623	0.00187	0.00686	0.00561	0.00623	0.01060
22	0.02795	0.01060	0.01446	0.01109	0.01591	0.00916	0.00916	0.03036	0.01783	0.74648	0.02458	0.02121	0.01542	0.00771	0.00627	0.00193	0.00530	0.00627	0.00771	0.01060
23	0.01666	0.78478	0.03265	0.01066	0.01599	0.02465	0.01066	0.01866	0.01266	0.01466	0.00866	0.00999	0.00800	0.00533	0.00400	0.00133	0.00666	0.00333	0.00267	0.00800
24	0.01542	0.01480	0.02529	0.03824	0.74217	0.01480	0.01912	0.01912	0.01419	0.02036	0.01172	0.01542	0.00987	0.00555	0.00617	0.00185	0.00740	0.00555	0.00308	0.00987
25	0.01542	0.01480	0.02529	0.03824	0.74217	0.01480	0.01912	0.01912	0.01419	0.02036	0.01172	0.01542	0.00987	0.00555	0.00617	0.00185	0.00740	0.00555	0.00308	0.00987
26	0.00882	0.00637	0.00833	0.00784	0.00931	0.00588	0.00588	0.01176	0.01764	0.02499	0.73888	0.04654	0.05879	0.01274	0.00735	0.00196	0.00294	0.01127	0.00686	0.00588
27	0.02368	0.01745	0.01870	0.01434	0.01932	0.01932	0.01184	0.72139	0.02929	0.03927	0.01496	0.01496	0.01060	0.00748	0.00623	0.00187	0.00686	0.00561	0.00623	0.01060
28	0.00759	0.00542	0.00723	0.00868	0.00904	0.00506	0.00578	0.00868	0.01193	0.01591	0.03434	0.77697	0.04121	0.01952	0.00795	0.00253	0.00361	0.01771	0.00578	0.00506
29	0.02327	0.02970	0.01766	0.01605	0.01926	0.75602	0.01204	0.02488	0.01766	0.01525	0.00963	0.01124	0.00803	0.00642	0.00562	0.00161	0.01124	0.00401	0.00321	0.00722
30	0.01177	0.01107	0.01869	0.76606	0.04291	0.01384	0.01730	0.01592	0.01246	0.01592	0.01107	0.01661	0.00831	0.00623	0.00623	0.00208	0.00831	0.00554	0.00277	0.00692
31	0.01363	0.01363	0.01908	0.01636	0.01636	0.01908	0.01363	0.01499	0.00954	0.01499	0.00818	0.01363	0.00818	0.01091	0.02045	0.00273	0.76963	0.00545	0.00273	0.00682
32	0.01004	0.00717	0.01004	0.01147	0.01291	0.00717	0.01004	0.01291	0.01434	0.01865	0.03299	0.07028	0.03586	0.01721	0.00861	0.00287	0.00574	0.70023	0.00574	0.00574
33	0.01177	0.01107	0.01869	0.76606	0.04291	0.01384	0.01730	0.01592	0.01246	0.01592	0.01107	0.01661	0.00831	0.00623	0.00623	0.00208	0.00831	0.00554	0.00277	0.00692
34	0.01004	0.00717	0.01004	0.01147	0.01291	0.00717	0.01004	0.01291	0.01434	0.01865	0.03299	0.07028	0.03586	0.01721	0.00861	0.00287	0.00574	0.70023	0.00574	0.00574
35	0.01363	0.01363	0.01908	0.01636	0.01636	0.01908	0.01363	0.01499	0.00954	0.01499	0.00818	0.01363	0.00818	0.01091	0.02045	0.00273	0.76963	0.00545	0.00273	0.00682
36	0.01471	0.01681	0.03676	0.02626	0.03256	0.01576	0.71954	0.01996	0.01471	0.01996	0.01261	0.01681	0.00945	0.00525	0.00735	0.00210	0.01050	0.00735	0.00315	0.00840
37	0.01807	0.01466	0.01554	0.01320	0.01718	0.01670	0.01048	0.24912	0.51071	0.03021	0.02210	0.02065	0.01638	0.00815	0.00631	0.00204	0.00554	0.00659	0.00631	0.01009
38	0.02368	0.01745	0.01870	0.01434	0.01932	0.01932	0.01184	0.72139	0.02929	0.03927	0.01496	0.01496	0.01060	0.00748	0.00623	0.00187	0.00686	0.00561	0.00623	0.01060
39	0.01292	0.01107	0.01292	0.00923	0.01477	0.00831	0.00738	0.01569	0.01292	0.02030	0.01107	0.01292	0.00923	0.00461	0.00461	0.00092	0.00461	0.00369	0.00369	0.81912
40	0.02721	0.01180	0.01520	0.01165	0.01650	0.01093	0.00963	0.15093	0.01983	0.62309	0.02290	0.02012	0.01458	0.00767	0.00626	0.00192	0.00557	0.00615	0.00745	0.01060
41	0.01816	0.01169	0.01440	0.01136	0.01559	0.01130	0.00920	0.02342	0.14860	0.24615	0.01758	0.01752	0.01285	0.00710	0.00747	0.00169	0.10263	0.00534	0.00531	0.31264
42	0.01921	0.01444	0.01602	0.01207	0.01722	0.01430	0.00985	0.38291	0.04582	0.06024	0.01413	0.01467	0.01052	0.00636	0.00558	0.00150	0.00582	0.00491	0.00526	0.33918
43	0.01762	0.01401	0.01540	0.01247	0.01669	0.01494	0.00999	0.29738	0.23337	0.02902	0.01816	0.06257	0.01457	0.00799	0.00650	0.00181	0.03132	0.00634	0.00557	0.18428

[dist]
# distance from previous block
# <min> <max>
11	66

[block]
# block no. 4 follows, 36 sequences, length 45
# corresponding to MSA columns:
# 912-956
name=unknown_E
#
# <colnr> <probs for GDERKNQSTAVLIFYWHMCP>
#	G	D	E	R	K	N	Q	S	T	A	V	L	I	F	Y	W	H	M	C	P
0	0.13478	0.18247	0.14576	0.01612	0.02195	0.01733	0.19802	0.09514	0.06688	0.04656	0.01252	0.01418	0.00950	0.00601	0.00566	0.00186	0.00767	0.00521	0.00377	0.00862
1	0.25858	0.01567	0.01656	0.01296	0.01767	0.05586	0.06502	0.33466	0.02012	0.05003	0.01251	0.01344	0.00923	0.00648	0.00543	0.00180	0.00652	0.00483	0.00492	0.08772
2	0.01851	0.01442	0.01651	0.01260	0.01746	0.01461	0.03383	0.38827	0.06432	0.03096	0.06667	0.01717	0.01412	0.00696	0.00586	0.00161	0.00589	0.00557	0.00540	0.25928
3	0.02129	0.01501	0.01952	0.01466	0.01971	0.01530	0.10711	0.36862	0.02207	0.16325	0.01560	0.01601	0.01104	0.00690	0.00663	0.00180	0.03250	0.00567	0.00559	0.13171
4	0.01520	0.01485	0.02890	0.02070	0.02669	0.01333	0.48142	0.01959	0.01446	0.07261	0.01307	0.01611	0.00983	0.00526	0.00656	0.00178	0.00858	0.00631	0.00362	0.22112
5	0.01471	0.01681	0.03676	0.02626	0.03256	0.01576	0.71954	0.01996	0.01471	0.01996	0.01261	0.01681	0.00945	0.00525	0.00735	0.00210	0.01050	0.00735	0.00315	0.00840
6	0.01164	0.00959	0.01062	0.00980	0.01233	0.01020	0.00751	0.02109	0.34572	0.02402	0.28920	0.03821	0.16224	0.01131	0.00689	0.00206	0.00390	0.00966	0.00643	0.00760
7	0.01666	0.78478	0.03265	0.01066	0.01599	0.02465	0.01066	0.01866	0.01266	0.01466	0.00866	0.00999	0.00800	0.00533	0.00400	0.00133	0.00666	0.00333	0.00267	0.00800
8	0.01177	0.01107	0.01869	0.76606	0.04291	0.01384	0.01730	0.01592	0.01246	0.01592	0.01107	0.01661	0.00831	0.00623	0.00623	0.00208	0.00831	0.00554	0.00277	0.00692
9	0.00890	0.00668	0.01001	0.01001	0.01113	0.00779	0.00779	0.01113	0.01001	0.01446	0.01669	0.02448	0.01558	0.04673	0.75634	0.01001	0.01669	0.00668	0.00334	0.00556
10	0.01161	0.00581	0.00581	0.00581	0.00726	0.00581	0.00436	0.01452	0.01307	0.02323	0.02033	0.02323	0.01597	0.00726	0.00436	0.00145	0.00290	0.00581	0.81562	0.00581
11	0.02368	0.01745	0.01870	0.01434	0.01932	0.01932	0.01184	0.72139	0.02929	0.03927	0.01496	0.01496	0.01060	0.00748	0.00623	0.00187	0.00686	0.00561	0.00623	0.01060
12	0.01595	0.60349	0.02946	0.01200	0.01608	0.02334	0.01136	0.01780	0.01193	0.01474	0.00855	0.01085	0.00804	0.00664	0.00786	0.00166	0.18603	0.00383	0.00268	0.00772
13	0.01161	0.00581	0.00581	0.00581	0.00726	0.00581	0.00436	0.01452	0.01307	0.02323	0.02033	0.02323	0.01597	0.00726	0.00436	0.00145	0.00290	0.00581	0.81562	0.00581
14	0.01666	0.78478	0.03265	0.01066	0.01599	0.02465	0.01066	0.01866	0.01266	0.01466	0.00866	0.00999	0.00800	0.00533	0.00400	0.00133	0.00666	0.00333	0.00267	0.00800
15	0.00736	0.00631	0.00631	0.00631	0.00842	0.00526	0.00473	0.00894	0.01420	0.01683	0.06312	0.05996	0.73964	0.01578	0.00736	0.00210	0.00316	0.01315	0.00579	0.00526
16	0.01177	0.01107	0.01869	0.76606	0.04291	0.01384	0.01730	0.01592	0.01246	0.01592	0.01107	0.01661	0.00831	0.00623	0.00623	0.00208	0.00831	0.00554	0.00277	0.00692
17	0.00906	0.00604	0.00680	0.00680	0.00680	0.00604	0.00378	0.00906	0.00906	0.01208	0.01963	0.04077	0.02265	0.78103	0.03171	0.00604	0.00604	0.00906	0.00378	0.00378
18	0.02341	0.02560	0.01801	0.01548	0.01928	0.50957	0.01197	0.25789	0.02155	0.02328	0.01141	0.01248	0.00889	0.00677	0.00582	0.00169	0.00977	0.00455	0.00422	0.00835
19	0.02341	0.02560	0.01801	0.01548	0.01928	0.50957	0.01197	0.25789	0.02155	0.02328	0.01141	0.01248	0.00889	0.00677	0.00582	0.00169	0.00977	0.00455	0.00422	0.00835
20	0.01033	0.00869	0.00926	0.00870	0.01117	0.00879	0.00664	0.01750	0.25455	0.02130	0.16511	0.04540	0.38308	0.01281	0.00702	0.00208	0.00371	0.01079	0.00615	0.00690
21	0.01542	0.01480	0.02529	0.03824	0.74217	0.01480	0.01912	0.01912	0.01419	0.02036	0.01172	0.01542	0.00987	0.00555	0.00617	0.00185	0.00740	0.00555	0.00308	0.00987
22	0.01550	0.01338	0.01409	0.01268	0.01620	0.01550	0.00986	0.03311	0.73091	0.02606	0.02536	0.02325	0.01902	0.00845	0.00634	0.00211	0.00493	0.00704	0.00634	0.00986
23	0.00890	0.00668	0.01001	0.01001	0.01113	0.00779	0.00779	0.01113	0.01001	0.01446	0.01669	0.02448	0.01558	0.04673	0.75634	0.01001	0.01669	0.00668	0.00334	0.00556
24	0.01177	0.01107	0.01869	0.76606	0.04291	0.01384	0.01730	0.01592	0.01246	0.01592	0.01107	0.01661	0.00831	0.00623	0.00623	0.00208	0.00831	0.00554	0.00277	0.00692
25	0.02795	0.01060	0.01446	0.01109	0.01591	0.00916	0.00916	0.03036	0.01783	0.74648	0.02458	0.02121	0.01542	0.00771	0.00627	0.00193	0.00530	0.00627	0.00771	0.01060
26	0.01363	0.01363	0.01908	0.01636	0.01636	0.01908	0.01363	0.01499	0.00954	0.01499	0.00818	0.01363	0.00818	0.01091	0.02045	0.00273	0.76963	0.00545	0.00273	0.00682
27	0.01542	0.01480	0.02529	0.03824	0.74217	0.01480	0.01912	0.01912	0.01419	0.02036	0.01172	0.01542	0.00987	0.00555	0.00617	0.00185	0.00740	0.00555	0.00308	0.00987
28	0.01403	0.01559	0.03352	0.02439	0.03007	0.01465	0.63723	0.01891	0.01453	0.01965	0.01504	0.06256	0.01281	0.00676	0.00746	0.00217	0.00983	0.04929	0.00345	0.00806
29	0.01363	0.01363	0.01908	0.01636	0.01636	0.01908	0.01363	0.01499	0.00954	0.01499	0.00818	0.01363	0.00818	0.01091	0.02045	0.00273	0.76963	0.00545	0.00273	0.00682
30	0.00890	0.00668	0.01001	0.01001	0.01113	0.00779	0.00779	0.01113	0.01001	0.01446	0.01669	0.02448	0.01558	0.04673	0.75634	0.01001	0.01669	0.00668	0.00334	0.00556
31	0.01161	0.00581	0.00581	0.00581	0.00726	0.00581	0.00436	0.01452	0.01307	0.02323	0.02033	0.02323	0.01597	0.00726	0.00436	0.00145	0.00290	0.00581	0.81562	0.00581
32	0.02368	0.01745	0.01870	0.01434	0.01932	0.01932	0.01184	0.72139	0.02929	0.03927	0.01496	0.01496	0.01060	0.00748	0.00623	0.00187	0.00686	0.00561	0.00623	0.01060
33	0.02368	0.01745	0.01870	0.01434	0.01932	0.01932	0.01184	0.72139	0.02929	0.03927	0.01496	0.01496	0.01060	0.00748	0.00623	0.00187	0.00686	0.00561	0.00623	0.01060
34	0.01177	0.01107	0.01869	0.76606	0.04291	0.01384	0.01730	0.01592	0.01246	0.01592	0.01107	0.01661	0.00831	0.00623	0.00623	0.00208	0.00831	0.00554	0.00277	0.00692
35	0.01239	0.01193	0.01882	0.51525	0.03403	0.01560	0.01608	0.01561	0.01148	0.01561	0.01011	0.01561	0.00826	0.00779	0.01099	0.00229	0.26300	0.00551	0.00275	0.00689
36	0.01608	0.01438	0.01666	0.26455	0.02574	0.07929	0.01239	0.17020	0.10844	0.02320	0.01361	0.01576	0.01036	0.00642	0.00581	0.00172	0.00695	0.00518	0.00422	0.19905
37	0.01387	0.28087	0.51216	0.01541	0.02334	0.01783	0.01894	0.01938	0.01299	0.01806	0.01035	0.01211	0.00793	0.00572	0.00528	0.00176	0.00837	0.00418	0.00264	0.00881
38	0.82504	0.01205	0.00916	0.00819	0.01205	0.01398	0.00675	0.01832	0.01060	0.02795	0.00868	0.01012	0.00675	0.00578	0.00386	0.00193	0.00482	0.00337	0.00386	0.00675
39	0.01483	0.01691	0.03492	0.07312	0.03274	0.04256	0.64897	0.01988	0.01467	0.01953	0.01240	0.01659	0.00933	0.00536	0.00722	0.00208	0.01039	0.00712	0.00313	0.00827
40	0.01079	0.00937	0.01581	0.01355	0.01590	0.00900	0.18939	0.06744	0.01455	0.01965	0.09603	0.45121	0.03239	0.01426	0.00761	0.00231	0.00557	0.01348	0.00525	0.00643
41	0.01976	0.01677	0.01662	0.01440	0.01835	0.07499	0.01118	0.20970	0.47726	0.02988	0.02273	0.02219	0.01730	0.00908	0.00694	0.00231	0.00648	0.00691	0.00655	0.01061
42	0.01638	0.01730	0.01450	0.01151	0.01627	0.25844	0.00894	0.01876	0.01450	0.01861	0.01059	0.01236	0.00883	0.00522	0.00495	0.00115	0.00683	0.00380	0.00353	0.54751
43	0.01809	0.01846	0.02285	0.03063	0.50033	0.18278	0.01673	0.09667	0.01661	0.02125	0.01160	0.01442	0.00953	0.00596	0.00605	0.00180	0.00821	0.00521	0.00345	0.00935
44	0.06682	0.01199	0.01329	0.01065	0.01490	0.01150	0.00841	0.19709	0.07279	0.02536	0.01698	0.14367	0.01561	0.00825	0.00568	0.00160	0.00506	0.00680	0.00492	0.35864

[dist]
# distance from previous block
# <min> <max>
1	31

[block]
# block no. 5 follows, 36 sequences, length 12
# corresponding to MSA columns:
# 988-999
name=unknown_F
#
# <colnr> <probs for GDERKNQSTAVLIFYWHMCP>
#	G	D	E	R	K	N	Q	S	T	A	V	L	I	F	Y	W	H	M	C	P
0	0.04648	0.01239	0.01661	0.01709	0.17359	0.01207	0.01130	0.11213	0.07948	0.31651	0.06974	0.02024	0.01631	0.00737	0.00614	0.00186	0.00569	0.00619	0.00596	0.06286
1	0.04488	0.01381	0.01988	0.01496	0.02000	0.03922	0.18298	0.11818	0.04772	0.22719	0.01710	0.04428	0.01266	0.00684	0.00618	0.00179	0.00678	0.00622	0.00521	0.16414
2	0.07861	0.01164	0.01518	0.01166	0.01642	0.01072	0.05167	0.07550	0.05973	0.40017	0.05039	0.01947	0.01510	0.00713	0.00592	0.00177	0.00545	0.00589	0.00624	0.15134
3	0.05115	0.01088	0.01520	0.01421	0.09675	0.01045	0.05184	0.02036	0.06286	0.21534	0.16580	0.02528	0.05556	0.00844	0.00712	0.00186	0.05128	0.00710	0.00553	0.12299
4	0.14597	0.01201	0.01643	0.01817	0.20469	0.01251	0.01165	0.02216	0.04458	0.26593	0.05553	0.04246	0.01506	0.00789	0.00764	0.00203	0.09504	0.00619	0.00515	0.00890
5	0.02075	0.01428	0.01612	0.01214	0.01728	0.01409	0.00995	0.38044	0.02208	0.14111	0.01514	0.01523	0.01088	0.00656	0.00570	0.00156	0.00587	0.00507	0.00561	0.28013
6	0.69988	0.01182	0.00999	0.00865	0.01265	0.01322	0.00713	0.02021	0.01174	0.14078	0.01117	0.01186	0.00811	0.00609	0.00423	0.00193	0.00490	0.00383	0.00446	0.00735
7	0.02232	0.01391	0.01947	0.02173	0.27865	0.01385	0.01345	0.20700	0.01952	0.29976	0.01743	0.01749	0.01216	0.00687	0.00622	0.00188	0.00647	0.00584	0.00566	0.01034
8	0.01036	0.00979	0.01656	0.01402	0.01626	0.00995	0.19349	0.01274	0.01286	0.01713	0.03045	0.30395	0.16168	0.01377	0.00946	0.00238	0.11254	0.04171	0.00467	0.00625
9	0.02368	0.01745	0.01870	0.01434	0.01932	0.01932	0.01184	0.72139	0.02929	0.03927	0.01496	0.01496	0.01060	0.00748	0.00623	0.00187	0.00686	0.00561	0.00623	0.01060
10	0.01292	0.01107	0.01292	0.00923	0.01477	0.00831	0.00738	0.01569	0.01292	0.02030	0.01107	0.01292	0.00923	0.00461	0.00461	0.00092	0.00461	0.00369	0.00369	0.81912
11	0.01391	0.01478	0.02916	0.02099	0.02681	0.01331	0.50011	0.01832	0.01411	0.01986	0.01322	0.05116	0.01087	0.00575	0.00666	0.00181	0.00864	0.00688	0.00341	0.22023

[dist]
# distance from previous block
# <min> <max>
2	6

[block]
# block no. 6 follows, 36 sequences, length 6
# corresponding to MSA columns:
# 1006-1011
name=unknown_G
#
# <colnr> <probs for GDERKNQSTAVLIFYWHMCP>
#	G	D	E	R	K	N	Q	S	T	A	V	L	I	F	Y	W	H	M	C	P
0	0.01807	0.01982	0.01528	0.01302	0.01708	0.34032	0.01000	0.02367	0.17641	0.01936	0.01365	0.01450	0.01090	0.00628	0.00545	0.00149	0.00761	0.00459	0.00407	0.27845
1	0.01542	0.01480	0.02529	0.03824	0.74217	0.01480	0.01912	0.01912	0.01419	0.02036	0.01172	0.01542	0.00987	0.00555	0.00617	0.00185	0.00740	0.00555	0.00308	0.00987
2	0.01550	0.01338	0.01409	0.01268	0.01620	0.01550	0.00986	0.03311	0.73091	0.02606	0.02536	0.02325	0.01902	0.00845	0.00634	0.00211	0.00493	0.00704	0.00634	0.00986
3	0.01292	0.01107	0.01292	0.00923	0.01477	0.00831	0.00738	0.01569	0.01292	0.02030	0.01107	0.01292	0.00923	0.00461	0.00461	0.00092	0.00461	0.00369	0.00369	0.81912
4	0.01531	0.01295	0.01408	0.01166	0.01598	0.01341	0.00920	0.08368	0.43411	0.02522	0.01975	0.01913	0.01507	0.00709	0.00576	0.00170	0.00498	0.00581	0.00545	0.27968
5	0.01155	0.00951	0.01139	0.00877	0.01295	0.00750	0.00688	0.01438	0.01449	0.02186	0.25368	0.02413	0.02575	0.00732	0.00553	0.00127	0.00406	0.00622	0.00475	0.54804

[dist]
# distance from previous block
# <min> <max>
1	27

[block]
# block no. 7 follows, 36 sequences, length 63
# corresponding to MSA columns:
# 1039-1101
name=unknown_H
#
# <colnr> <probs for GDERKNQSTAVLIFYWHMCP>
#	G	D	E	R	K	N	Q	S	T	A	V	L	I	F	Y	W	H	M	C	P
0	0.01679	0.01359	0.01576	0.01179	0.01701	0.01280	0.03346	0.25410	0.07223	0.02709	0.01350	0.01451	0.01043	0.00589	0.00538	0.00137	0.00559	0.00471	0.00472	0.45929
1	0.01481	0.01357	0.02152	0.01599	0.02060	0.01324	0.21822	0.05346	0.01383	0.05263	0.01175	0.01468	0.00943	0.00634	0.00872	0.00172	0.15837	0.00533	0.00365	0.34215
2	0.01438	0.01518	0.02919	0.02110	0.02696	0.01404	0.49017	0.02025	0.08290	0.02062	0.01348	0.01654	0.01032	0.00541	0.00664	0.00184	0.00864	0.00649	0.00358	0.19227
3	0.01292	0.01107	0.01292	0.00923	0.01477	0.00831	0.00738	0.01569	0.01292	0.02030	0.01107	0.01292	0.00923	0.00461	0.00461	0.00092	0.00461	0.00369	0.00369	0.81912
4	0.00906	0.00604	0.00680	0.00680	0.00680	0.00604	0.00378	0.00906	0.00906	0.01208	0.01963	0.04077	0.02265	0.78103	0.03171	0.00604	0.00604	0.00906	0.00378	0.00378
5	0.00759	0.00542	0.00723	0.00868	0.00904	0.00506	0.00578	0.00868	0.01193	0.01591	0.03434	0.77697	0.04121	0.01952	0.00795	0.00253	0.00361	0.01771	0.00578	0.00506
6	0.02795	0.01060	0.01446	0.01109	0.01591	0.00916	0.00916	0.03036	0.01783	0.74648	0.02458	0.02121	0.01542	0.00771	0.00627	0.00193	0.00530	0.00627	0.00771	0.01060
7	0.00759	0.00542	0.00723	0.00868	0.00904	0.00506	0.00578	0.00868	0.01193	0.01591	0.03434	0.77697	0.04121	0.01952	0.00795	0.00253	0.00361	0.01771	0.00578	0.00506
8	0.01292	0.01107	0.01292	0.00923	0.01477	0.00831	0.00738	0.01569	0.01292	0.02030	0.01107	0.01292	0.00923	0.00461	0.00461	0.00092	0.00461	0.00369	0.00369	0.81912
9	0.01550	0.01338	0.01409	0.01268	0.01620	0.01550	0.00986	0.03311	0.73091	0.02606	0.02536	0.02325	0.01902	0.00845	0.00634	0.00211	0.00493	0.00704	0.00634	0.00986
10	0.01998	0.02420	0.01814	0.01616	0.01827	0.50388	0.01258	0.02150	0.01488	0.01516	0.00913	0.01206	0.00808	0.00795	0.01069	0.00199	0.27071	0.00451	0.00304	0.00708
11	0.01292	0.01107	0.01292	0.00923	0.01477	0.00831	0.00738	0.01569	0.01292	0.02030	0.01107	0.01292	0.00923	0.00461	0.00461	0.00092	0.00461	0.00369	0.00369	0.81912
12	0.00736	0.00631	0.00631	0.00631	0.00842	0.00526	0.00473	0.00894	0.01420	0.01683	0.06312	0.05996	0.73964	0.01578	0.00736	0.00210	0.00316	0.01315	0.00579	0.00526
13	0.00742	0.00610	0.00653	0.00686	0.00856	0.00521	0.00498	0.00888	0.01367	0.01662	0.05642	0.22681	0.57711	0.01665	0.00750	0.00220	0.00326	0.01421	0.00579	0.00521
14	0.00779	0.00633	0.00690	0.00676	0.00868	0.00544	0.00507	0.00977	0.01521	0.01923	0.26172	0.05602	0.53955	0.01489	0.00736	0.00206	0.00309	0.01260	0.00610	0.00544
15	0.00800	0.00634	0.00719	0.00698	0.00880	0.00553	0.00523	0.01017	0.01570	0.02038	0.35727	0.05412	0.44327	0.01446	0.00736	0.00204	0.00306	0.01233	0.00625	0.00553
16	0.01292	0.01107	0.01292	0.00923	0.01477	0.00831	0.00738	0.01569	0.01292	0.02030	0.01107	0.01292	0.00923	0.00461	0.00461	0.00092	0.00461	0.00369	0.00369	0.81912
17	0.01056	0.00615	0.00745	0.00745	0.00877	0.00658	0.00569	0.01320	0.01188	0.01981	0.01891	0.02372	0.01582	0.02264	0.29738	0.00479	0.00828	0.00615	0.49910	0.00571
18	0.02388	0.01715	0.01851	0.01419	0.01917	0.01887	0.01172	0.69045	0.02878	0.07093	0.01539	0.01524	0.01081	0.00749	0.00623	0.00187	0.00679	0.00564	0.00630	0.01060
19	0.00759	0.00542	0.00723	0.00868	0.00904	0.00506	0.00578	0.00868	0.01193	0.01591	0.03434	0.77697	0.04121	0.01952	0.00795	0.00253	0.00361	0.01771	0.00578	0.00506
20	0.00736	0.00631	0.00631	0.00631	0.00842	0.00526	0.00473	0.00894	0.01420	0.01683	0.06312	0.05996	0.73964	0.01578	0.00736	0.00210	0.00316	0.01315	0.00579	0.00526
21	0.01177	0.01107	0.01869	0.76606	0.04291	0.01384	0.01730	0.01592	0.01246	0.01592	0.01107	0.01661	0.00831	0.00623	0.00623	0.00208	0.00831	0.00554	0.00277	0.00692
22	0.26180	0.01168	0.01331	0.01055	0.01510	0.01155	0.00871	0.09301	0.01681	0.46758	0.01898	0.01735	0.01241	0.00712	0.00555	0.00192	0.00531	0.00535	0.00644	0.00947
23	0.02795	0.01060	0.01446	0.01109	0.01591	0.00916	0.00916	0.03036	0.01783	0.74648	0.02458	0.02121	0.01542	0.00771	0.00627	0.00193	0.00530	0.00627	0.00771	0.01060
24	0.02368	0.01745	0.01870	0.01434	0.01932	0.01932	0.01184	0.72139	0.02929	0.03927	0.01496	0.01496	0.01060	0.00748	0.00623	0.00187	0.00686	0.00561	0.00623	0.01060
25	0.00870	0.00594	0.00747	0.00765	0.00841	0.00559	0.00518	0.00962	0.01270	0.01712	0.23817	0.20885	0.11869	0.18996	0.01534	0.11486	0.00416	0.01165	0.00522	0.00471
26	0.00736	0.00631	0.00631	0.00631	0.00842	0.00526	0.00473	0.00894	0.01420	0.01683	0.06312	0.05996	0.73964	0.01578	0.00736	0.00210	0.00316	0.01315	0.00579	0.00526
27	0.01436	0.01103	0.01307	0.00941	0.01487	0.00839	0.00755	0.01709	0.01339	0.08986	0.01237	0.01371	0.00982	0.00491	0.00477	0.00102	0.00468	0.00394	0.00408	0.74168
28	0.74516	0.01212	0.00982	0.00859	0.01254	0.01382	0.00707	0.04158	0.01169	0.07726	0.00996	0.01103	0.00746	0.00597	0.00410	0.00193	0.00492	0.00364	0.00419	0.00713
29	0.01135	0.00941	0.01125	0.00907	0.01308	0.00735	0.00691	0.01363	0.01263	0.01901	0.01791	0.23746	0.01863	0.00899	0.00560	0.00140	0.00432	0.00781	0.00431	0.57988
30	0.00759	0.00542	0.00723	0.00868	0.00904	0.00506	0.00578	0.00868	0.01193	0.01591	0.03434	0.77697	0.04121	0.01952	0.00795	0.00253	0.00361	0.01771	0.00578	0.00506
31	0.01847	0.01470	0.01704	0.01298	0.01803	0.01487	0.04616	0.35381	0.11505	0.03006	0.01487	0.01544	0.01118	0.00651	0.00575	0.00159	0.00602	0.00523	0.00522	0.28702
32	0.01975	0.01549	0.01648	0.01354	0.01782	0.01748	0.01089	0.39021	0.36689	0.03291	0.01996	0.01895	0.01465	0.00795	0.00628	0.00199	0.00593	0.00630	0.00628	0.01024
33	0.01409	0.01000	0.01195	0.00990	0.01351	0.00890	0.00764	0.11871	0.01581	0.09048	0.06695	0.24072	0.02263	0.01024	0.00617	0.00170	0.00461	0.00883	0.00526	0.33192
34	0.02341	0.01675	0.01608	0.01322	0.01749	0.16552	0.01055	0.19964	0.16583	0.27658	0.01932	0.01805	0.01346	0.00754	0.00614	0.00189	0.00682	0.00580	0.00615	0.00976
35	0.01918	0.01423	0.01584	0.01201	0.01710	0.01409	0.00979	0.35198	0.07237	0.07715	0.01482	0.01517	0.01098	0.00645	0.00561	0.00152	0.00574	0.00501	0.00535	0.32560
36	0.63857	0.01331	0.01138	0.00962	0.01374	0.01522	0.00793	0.18192	0.01495	0.03059	0.01014	0.01125	0.00764	0.00618	0.00441	0.00191	0.00529	0.00389	0.00441	0.00764
37	0.00775	0.00633	0.00685	0.00672	0.00865	0.00542	0.00504	0.00969	0.01512	0.01901	0.24340	0.05638	0.55800	0.01497	0.00736	0.00207	0.00310	0.01265	0.00607	0.00542
38	0.01528	0.00987	0.01189	0.00998	0.01291	0.00980	0.00788	0.17909	0.04072	0.13039	0.42856	0.03400	0.03891	0.01045	0.00683	0.00191	0.00429	0.00891	0.00673	0.03161
39	0.02327	0.02970	0.01766	0.01605	0.01926	0.75602	0.01204	0.02488	0.01766	0.01525	0.00963	0.01124	0.00803	0.00642	0.00562	0.00161	0.01124	0.00401	0.00321	0.00722
40	0.01264	0.01078	0.01262	0.00920	0.01447	0.00814	0.00730	0.01532	0.01287	0.02007	0.01229	0.05297	0.01090	0.00540	0.00479	0.00101	0.00456	0.00443	0.00380	0.77645
41	0.01356	0.22412	0.56615	0.01595	0.02417	0.01707	0.01987	0.01946	0.01303	0.01844	0.01054	0.01235	0.00792	0.00577	0.00543	0.00181	0.00856	0.00428	0.00264	0.00890
42	0.02014	0.01604	0.01668	0.01367	0.01797	0.03837	0.01099	0.40502	0.33153	0.03290	0.01929	0.01843	0.01416	0.00787	0.00626	0.00197	0.00615	0.00618	0.00619	0.01018
43	0.01916	0.01257	0.01420	0.01221	0.01611	0.01363	0.00965	0.03230	0.52135	0.23778	0.02513	0.02265	0.01796	0.00824	0.00632	0.00206	0.00504	0.00682	0.00674	0.01008
