[name]
unknown

[dist]
# distance from previous block
# <min> <max>
0	20

[block]
# block no. 0 follows, 47 sequences, length 71
# corresponding to MSA columns:
# 20-44,48-93
name=unknown_A
#
# <colnr> <probs for GDERKNQSTAVLIFYWHMCP>
#	G	D	E	R	K	N	Q	S	T	A	V	L	I	F	Y	W	H	M	C	P
0	0.04381	0.01426	0.04457	0.01930	0.31182	0.14588	0.01187	0.02028	0.25667	0.01795	0.01393	0.01645	0.01136	0.00605	0.00515	0.00163	0.00598	0.04187	0.00359	0.00758
1	0.00694	0.00571	0.00590	0.00573	0.00749	0.00502	0.00429	0.04545	0.01241	0.01512	0.07837	0.06923	0.66511	0.04160	0.00685	0.00187	0.00288	0.01060	0.00483	0.00459
2	0.00994	0.00870	0.00910	0.00896	0.03903	0.03802	0.00647	0.03004	0.30744	0.01745	0.06214	0.06010	0.30163	0.05506	0.02082	0.00204	0.00399	0.00817	0.00476	0.00612
3	0.00734	0.00527	0.00676	0.00724	0.00798	0.00504	0.00505	0.04587	0.01192	0.01623	0.23393	0.53332	0.03664	0.04292	0.00715	0.00206	0.00307	0.01256	0.00504	0.00461
4	0.01116	0.12127	0.63093	0.01353	0.02038	0.01291	0.01688	0.04304	0.01142	0.01671	0.00959	0.01115	0.00702	0.00499	0.00470	0.00156	0.00711	0.00380	0.04439	0.00747
5	0.00763	0.00518	0.00588	0.00583	0.00600	0.00508	0.00334	0.00776	0.00780	0.01049	0.01672	0.06925	0.01925	0.75090	0.02478	0.00476	0.00491	0.00775	0.00323	0.03348
6	0.13548	0.01396	0.01452	0.01127	0.01531	0.01553	0.00931	0.66285	0.02232	0.03151	0.01177	0.01194	0.00841	0.00605	0.00493	0.00157	0.00549	0.00443	0.00493	0.00841
7	0.47810	0.00952	0.00966	0.00794	0.01153	0.00986	0.00655	0.01986	0.01160	0.36933	0.01327	0.01265	0.00892	0.00556	0.00413	0.00161	0.00421	0.00391	0.00468	0.00710
8	0.85377	0.01007	0.00765	0.00685	0.01007	0.01168	0.00564	0.01531	0.00886	0.02336	0.00725	0.00846	0.00564	0.00483	0.00322	0.00161	0.00403	0.00282	0.00322	0.00564
9	0.02336	0.00886	0.01209	0.00927	0.01329	0.00765	0.00765	0.02538	0.01491	0.78810	0.02055	0.01773	0.01289	0.00645	0.00524	0.00161	0.00443	0.00524	0.00645	0.00886
10	0.01045	0.02694	0.79000	0.01484	0.02254	0.01209	0.01924	0.01649	0.01099	0.01649	0.00935	0.01099	0.00660	0.00495	0.00495	0.00165	0.00770	0.00385	0.00220	0.00770
11	0.00911	0.00768	0.00828	0.00835	0.00980	0.04353	0.00608	0.01454	0.24808	0.01690	0.12090	0.38271	0.07927	0.01203	0.00604	0.00189	0.00356	0.01059	0.00499	0.00565
12	0.00634	0.00453	0.00604	0.00725	0.00755	0.00423	0.00483	0.00725	0.00997	0.01329	0.02870	0.81358	0.03444	0.01632	0.00665	0.00211	0.00302	0.01480	0.00483	0.00423
13	0.00757	0.00505	0.00568	0.00568	0.00568	0.00505	0.00316	0.00757	0.00757	0.01010	0.01641	0.03408	0.01893	0.81698	0.02651	0.00505	0.00505	0.00757	0.00316	0.00316
14	0.67629	0.06935	0.01005	0.00792	0.01116	0.12343	0.00650	0.01611	0.00982	0.02108	0.00736	0.00858	0.00586	0.00488	0.00344	0.00154	0.00490	0.00289	0.00308	0.00577
15	0.27723	0.01875	0.01304	0.01263	0.06550	0.46161	0.00915	0.01836	0.01240	0.01631	0.00786	0.00944	0.00649	0.00534	0.00489	0.00149	0.04732	0.00333	0.00282	0.00604
16	0.00663	0.00529	0.00594	0.00578	0.00733	0.00460	0.00433	0.00840	0.01300	0.01675	0.33952	0.04570	0.49395	0.01219	0.00615	0.00171	0.00257	0.01037	0.00519	0.00460
17	0.01281	0.01229	0.02099	0.05312	0.76399	0.01235	0.01594	0.01591	0.01182	0.01691	0.00978	0.01292	0.00821	0.00466	0.00516	0.00155	0.00621	0.00464	0.00257	0.00818
18	0.01139	0.01582	0.25696	0.32579	0.20726	0.01222	0.01601	0.06388	0.01185	0.01644	0.00962	0.01266	0.00727	0.00506	0.00511	0.00165	0.00692	0.00439	0.00253	0.00716
19	0.01052	0.01013	0.01609	0.50767	0.07906	0.01298	0.01361	0.01325	0.00975	0.01331	0.00854	0.01305	0.00700	0.00638	0.00889	0.00189	0.25503	0.00461	0.00232	0.00592
20	0.01000	0.04517	0.25242	0.01473	0.05400	0.01039	0.24073	0.01385	0.01183	0.01609	0.07011	0.03829	0.18511	0.00720	0.00564	0.00169	0.00630	0.00673	0.00323	0.00649
21	0.00685	0.00501	0.00644	0.00671	0.00762	0.00460	0.00479	0.00860	0.01260	0.01727	0.41812	0.34527	0.11056	0.01311	0.00634	0.00184	0.00270	0.01169	0.00530	0.00460
22	0.01483	0.04893	0.06477	0.01009	0.02867	0.02286	0.00846	0.11927	0.15375	0.15800	0.02537	0.01467	0.01103	0.01773	0.00501	0.00139	0.00470	0.00446	0.01731	0.26867
23	0.00634	0.00453	0.00604	0.00725	0.00755	0.00423	0.00483	0.00725	0.00997	0.01329	0.02870	0.81358	0.03444	0.01632	0.00665	0.00211	0.00302	0.01480	0.00483	0.00423
24	0.01321	0.55681	0.12206	0.06421	0.05703	0.04585	0.01089	0.01565	0.01085	0.01335	0.00790	0.00945	0.00682	0.00458	0.00384	0.00124	0.00603	0.00318	0.00230	0.04477
25	0.67287	0.01041	0.00870	0.00755	0.01079	0.01186	0.00618	0.12692	0.01135	0.02414	0.01057	0.02754	0.04252	0.00567	0.00372	0.00162	0.00420	0.00372	0.00363	0.00603
26	0.03244	0.08340	0.09755	0.06509	0.02936	0.07115	0.01085	0.33391	0.13350	0.04939	0.01248	0.01299	0.00923	0.00599	0.00531	0.00158	0.02923	0.00450	0.00415	0.00788
27	0.01236	0.01490	0.12902	0.02641	0.43715	0.01259	0.25745	0.01628	0.01188	0.01684	0.00997	0.01300	0.00791	0.00460	0.00545	0.00163	0.00723	0.00502	0.00254	0.00778
28	0.01078	0.01018	0.01607	0.02176	0.45417	0.00998	0.04912	0.01416	0.06293	0.01640	0.02391	0.02492	0.24871	0.00744	0.00552	0.00164	0.00508	0.00677	0.00346	0.00699
29	0.00853	0.00477	0.00684	0.00671	0.00709	0.00464	0.00464	0.00773	0.00925	0.01272	0.24857	0.02298	0.02147	0.01578	0.01595	0.58598	0.00388	0.00604	0.00334	0.00308
30	0.01101	0.00941	0.01048	0.01059	0.04727	0.02335	0.00757	0.02069	0.48999	0.01878	0.02278	0.26513	0.02114	0.00979	0.00570	0.00186	0.00396	0.00855	0.00499	0.00696
31	0.00622	0.00502	0.00554	0.00596	0.00721	0.00434	0.00426	0.00740	0.01121	0.01380	0.04440	0.31543	0.52247	0.01428	0.00633	0.00188	0.00277	0.01232	0.00484	0.00434
32	0.10893	0.01517	0.25407	0.18963	0.04975	0.01105	0.01299	0.06339	0.01248	0.21527	0.01217	0.01324	0.00838	0.00544	0.00491	0.00165	0.00610	0.00434	0.00362	0.00743
33	0.01416	0.09021	0.36085	0.01599	0.11746	0.24709	0.01479	0.05168	0.01281	0.01583	0.00898	0.01061	0.00695	0.00505	0.00478	0.00150	0.00774	0.00375	0.00253	0.00724
34	0.00709	0.00503	0.00674	0.00784	0.00839	0.00485	0.00579	0.00838	0.01039	0.01372	0.02728	0.51147	0.03170	0.08570	0.00855	0.00246	0.00375	0.24189	0.00468	0.00431
35	0.00724	0.00518	0.00668	0.00784	0.00822	0.00476	0.00522	0.00791	0.01051	0.01410	0.02929	0.80415	0.03489	0.01672	0.00698	0.00226	0.00333	0.01494	0.00510	0.00469
36	0.01159	0.01326	0.10749	0.26824	0.37196	0.01219	0.10932	0.01530	0.01137	0.01576	0.00967	0.01313	0.00761	0.00482	0.00527	0.00164	0.00691	0.00473	0.00246	0.00727
37	0.00885	0.00465	0.00698	0.00698	0.00710	0.00477	0.00477	0.00710	0.00698	0.00943	0.00966	0.01641	0.00954	0.02070	0.11708	0.74376	0.00570	0.00465	0.00233	0.00256
38	0.00776	0.00554	0.00766	0.00887	0.00979	0.00545	0.00729	0.00969	0.01136	0.01487	0.02792	0.29273	0.03136	0.01498	0.00702	0.00231	0.00425	0.52172	0.00481	0.00462
39	0.01130	0.01099	0.01721	0.26359	0.22261	0.01366	0.01355	0.01368	0.00975	0.01395	0.00836	0.01256	0.00724	0.00673	0.01028	0.00192	0.34928	0.00460	0.00237	0.00639
40	0.01665	0.30031	0.13321	0.00983	0.01433	0.01297	0.00967	0.04230	0.01307	0.31000	0.07671	0.01497	0.01261	0.00585	0.00459	0.00144	0.00520	0.00448	0.00421	0.00759
41	0.01794	0.02223	0.01525	0.01438	0.05407	0.64230	0.01055	0.01934	0.01362	0.01293	0.00796	0.00986	0.00680	0.00588	0.00654	0.00149	0.12656	0.00360	0.00262	0.00610
42	0.00646	0.00510	0.00601	0.02281	0.00809	0.00458	0.00483	0.00772	0.01106	0.01383	0.04022	0.36608	0.40642	0.01440	0.00641	0.00195	0.00303	0.06183	0.00478	0.00438
43	0.00664	0.00485	0.00636	0.00728	0.00787	0.00441	0.00492	0.00764	0.01003	0.01354	0.02740	0.75989	0.03266	0.01548	0.00646	0.00203	0.00308	0.01402	0.00472	0.06072
44	0.01273	0.01105	0.01205	0.06664	0.01512	0.01286	0.00868	0.02666	0.72111	0.02119	0.02035	0.01904	0.01526	0.00693	0.00529	0.00176	0.00432	0.00580	0.00509	0.00807
45	0.27220	0.10379	0.44573	0.03452	0.01810	0.01284	0.01381	0.01594	0.01027	0.01809	0.00847	0.01002	0.00632	0.00487	0.00425	0.00158	0.00632	0.00344	0.00252	0.00690
46	0.01139	0.26076	0.01924	0.53500	0.02832	0.01450	0.01261	0.03576	0.01087	0.01354	0.00872	0.01213	0.00692	0.00500	0.00463	0.00154	0.00648	0.00406	0.00237	0.00615
47	0.01229	0.00925	0.04002	0.00863	0.01260	0.00706	0.03534	0.01466	0.01186	0.14950	0.08519	0.08492	0.01478	0.00609	0.00468	0.00118	0.00408	0.00522	0.00401	0.48864
48	0.05174	0.02509	0.54932	0.01401	0.02021	0.18583	0.01615	0.03307	0.02851	0.01643	0.00928	0.01074	0.00682	0.00511	0.00482	0.00158	0.00778	0.00375	0.00248	0.00727
49	0.00634	0.00453	0.00604	0.00725	0.00755	0.00423	0.00483	0.00725	0.00997	0.01329	0.02870	0.81358	0.03444	0.01632	0.00665	0.00211	0.00302	0.01480	0.00483	0.00423
50	0.00757	0.00505	0.00568	0.00568	0.00568	0.00505	0.00316	0.00757	0.00757	0.01010	0.01641	0.03408	0.01893	0.81698	0.02651	0.00505	0.00505	0.00757	0.00316	0.00316
51	0.00653	0.00489	0.00598	0.00677	0.00753	0.00447	0.00475	0.00761	0.01050	0.01348	0.03462	0.48649	0.24529	0.06883	0.00788	0.00223	0.00319	0.07000	0.00472	0.00425
52	0.01234	0.01386	0.02946	0.02119	0.02630	0.01315	0.71493	0.01742	0.06331	0.01702	0.01125	0.01441	0.00844	0.00457	0.00609	0.00176	0.00847	0.00613	0.00281	0.00711
53	0.38179	0.26960	0.17062	0.00940	0.01388	0.05074	0.00960	0.01589	0.01010	0.01800	0.00770	0.00898	0.00621	0.00476	0.00367	0.00145	0.00550	0.00304	0.00268	0.00640
54	0.01471	0.47022	0.10943	0.01120	0.01535	0.19729	0.02492	0.02892	0.01169	0.01328	0.00779	0.00925	0.00675	0.00503	0.00476	0.00132	0.05583	0.00324	0.00239	0.00663
55	0.01548	0.01244	0.01320	0.01111	0.01451	0.01413	0.00885	0.30090	0.49774	0.02586	0.01798	0.01687	0.01330	0.00676	0.00527	0.00169	0.00472	0.00544	0.00527	0.00847
56	0.00737	0.00532	0.00696	0.00655	0.00778	0.00491	0.00491	0.00983	0.01474	0.02088	0.78175	0.03890	0.04914	0.01065	0.00614	0.00164	0.00246	0.00942	0.00573	0.00491
57	0.00983	0.00926	0.01562	0.80447	0.03587	0.01157	0.01446	0.01331	0.01041	0.01331	0.00926	0.01388	0.00694	0.00521	0.00521	0.00174	0.00694	0.00463	0.00231	0.00579
58	0.01080	0.00926	0.01080	0.00771	0.01234	0.00694	0.00617	0.01311	0.01080	0.01697	0.00926	0.01080	0.00771	0.00386	0.00386	0.00077	0.00386	0.00309	0.00309	0.84882
59	0.85377	0.01007	0.00765	0.00685	0.01007	0.01168	0.00564	0.01531	0.00886	0.02336	0.00725	0.00846	0.00564	0.00483	0.00322	0.00161	0.00403	0.00282	0.00322	0.00564
60	0.00615	0.00528	0.00528	0.00528	0.00703	0.00440	0.00396	0.00747	0.01187	0.01407	0.05276	0.05012	0.78238	0.01319	0.00615	0.00176	0.00264	0.01099	0.00484	0.00440
61	0.00634	0.00453	0.00604	0.00725	0.00755	0.00423	0.00483	0.00725	0.00997	0.01329	0.02870	0.81358	0.03444	0.01632	0.00665	0.00211	0.00302	0.01480	0.00483	0.00423
62	0.00737	0.00532	0.00696	0.00655	0.00778	0.00491	0.00491	0.00983	0.01474	0.02088	0.78175	0.03890	0.04914	0.01065	0.00614	0.00164	0.00246	0.00942	0.00573	0.00491
63	0.00698	0.00499	0.00677	0.00798	0.00856	0.00478	0.00594	0.00835	0.01060	0.01400	0.02835	0.57960	0.03306	0.01572	0.00682	0.00220	0.00357	0.24253	0.00482	0.00441
64	0.00654	0.00529	0.00580	0.00568	0.00727	0.00456	0.00426	0.00821	0.01277	0.01621	0.28167	0.04660	0.55214	0.01239	0.00615	0.00172	0.00258	0.01050	0.00512	0.00456
65	0.01945	0.02482	0.01476	0.01342	0.01610	0.79608	0.01006	0.02079	0.01476	0.01275	0.00805	0.00939	0.00671	0.00537	0.00470	0.00134	0.00939	0.00335	0.00268	0.00604
66	0.01353	0.73050	0.11346	0.00958	0.01440	0.01964	0.01008	0.01570	0.01063	0.01273	0.00748	0.00865	0.00667	0.00451	0.00352	0.00117	0.00581	0.00290	0.00222	0.00680
67	0.01270	0.01096	0.01153	0.01040	0.01330	0.01263	0.00808	0.02691	0.74645	0.02149	0.02238	0.02058	0.04466	0.00730	0.00533	0.00177	0.00407	0.00608	0.00528	0.00810
68	0.01392	0.82012	0.02729	0.00891	0.01337	0.02061	0.00891	0.01559	0.01058	0.01225	0.00724	0.00835	0.00668	0.00446	0.00334	0.00111	0.00557	0.00278	0.00223	0.00668
69	0.00905	0.00452	0.00678	0.00678	0.00678	0.00452	0.00452	0.00678	0.00678	0.00905	0.00905	0.01583	0.00905	0.01809	0.02035	0.84848	0.00452	0.00452	0.00226	0.00226
70	0.01176	0.32585	0.50257	0.01261	0.01908	0.01530	0.01535	0.01615	0.01084	0.01489	0.00855	0.01000	0.00663	0.00476	0.00434	0.00145	0.00689	0.00345	0.00221	0.00731

[dist]
# distance from previous block
# <min> <max>
0	8

[block]
# block no. 1 follows, 47 sequences, length 24
# corresponding to MSA columns:
# 102-125
name=unknown_B
#
# <colnr> <probs for GDERKNQSTAVLIFYWHMCP>
#	G	D	E	R	K	N	Q	S	T	A	V	L	I	F	Y	W	H	M	C	P
0	0.00634	0.00453	0.00604	0.00725	0.00755	0.00423	0.00483	0.00725	0.00997	0.01329	0.02870	0.81358	0.03444	0.01632	0.00665	0.00211	0.00302	0.01480	0.00483	0.00423
1	0.00696	0.00497	0.00675	0.00796	0.00853	0.00476	0.00591	0.00832	0.01058	0.01399	0.02836	0.58531	0.03309	0.01573	0.00681	0.00220	0.00356	0.23697	0.00482	0.00440
2	0.78314	0.07819	0.00931	0.00702	0.01035	0.01243	0.00591	0.01533	0.00901	0.02243	0.00725	0.00845	0.00573	0.00480	0.00323	0.00157	0.00416	0.00282	0.00314	0.00573
3	0.03694	0.02519	0.70095	0.01603	0.08623	0.01210	0.01854	0.01641	0.01100	0.01675	0.00932	0.01108	0.00671	0.00492	0.00491	0.00164	0.00746	0.00388	0.00226	0.00768
4	0.00853	0.00706	0.00956	0.00929	0.01073	0.00722	0.06966	0.01328	0.20604	0.01577	0.02592	0.52179	0.04834	0.01286	0.00625	0.00199	0.00378	0.01169	0.00477	0.00550
5	0.01238	0.46842	0.36548	0.01154	0.01743	0.01683	0.01349	0.01599	0.01076	0.01413	0.00817	0.00952	0.00664	0.00467	0.00405	0.00135	0.00651	0.00326	0.00221	0.00713
6	0.00744	0.00558	0.00837	0.00837	0.00930	0.00651	0.00651	0.00930	0.00837	0.01209	0.01395	0.02046	0.01302	0.03906	0.79635	0.00837	0.01395	0.00558	0.00279	0.00465
7	0.00897	0.01897	0.50141	0.01143	0.01690	0.00931	0.01370	0.01337	0.01156	0.01617	0.08662	0.02445	0.23038	0.00777	0.00539	0.00168	0.00582	0.00634	0.00324	0.00653
8	0.00629	0.00473	0.00583	0.00671	0.00741	0.00428	0.00460	0.00731	0.01049	0.01350	0.03525	0.60588	0.23792	0.01546	0.00651	0.00202	0.00292	0.01377	0.00483	0.00428
9	0.01233	0.01394	0.03010	0.02260	0.07655	0.01312	0.71675	0.01664	0.01226	0.01670	0.01049	0.01397	0.00792	0.00441	0.00608	0.00174	0.00861	0.00605	0.00263	0.00710
10	0.01186	0.01051	0.03936	0.01014	0.01493	0.00807	0.11828	0.01458	0.01130	0.06942	0.01022	0.01175	0.00806	0.00415	0.00432	0.00100	0.00475	0.00371	0.00322	0.64036
11	0.25519	0.01824	0.01349	0.04627	0.09631	0.42505	0.00961	0.05011	0.01301	0.01709	0.00825	0.00981	0.00667	0.00517	0.00437	0.00147	0.00727	0.00345	0.00292	0.00627
12	0.01392	0.82012	0.02729	0.00891	0.01337	0.02061	0.00891	0.01559	0.01058	0.01225	0.00724	0.00835	0.00668	0.00446	0.00334	0.00111	0.00557	0.00278	0.00223	0.00668
13	0.01650	0.01914	0.01482	0.01313	0.01514	0.45918	0.01024	0.05086	0.09320	0.01449	0.00928	0.01115	0.00780	0.00665	0.00830	0.00166	0.23520	0.00402	0.00295	0.00629
14	0.00666	0.00530	0.00597	0.00580	0.00734	0.00461	0.00435	0.00844	0.01305	0.01687	0.35280	0.04550	0.48059	0.01214	0.00615	0.00171	0.00256	0.01034	0.00520	0.00461
15	0.00784	0.00565	0.00711	0.00778	0.00851	0.00555	0.00540	0.09162	0.01158	0.01546	0.02690	0.72464	0.03160	0.01520	0.00649	0.00205	0.00332	0.01368	0.00488	0.00474
16	0.00757	0.00505	0.00568	0.00568	0.00568	0.00505	0.00316	0.00757	0.00757	0.01010	0.01641	0.03408	0.01893	0.81698	0.02651	0.00505	0.00505	0.00757	0.00316	0.00316
17	0.00615	0.00528	0.00528	0.00528	0.00703	0.00440	0.00396	0.00747	0.01187	0.01407	0.05276	0.05012	0.78238	0.01319	0.00615	0.00176	0.00264	0.01099	0.00484	0.00440
18	0.01980	0.01459	0.01563	0.01198	0.01615	0.01615	0.00990	0.76713	0.02448	0.03282	0.01250	0.01250	0.00886	0.00625	0.00521	0.00156	0.00573	0.00469	0.00521	0.00886
19	0.01295	0.01119	0.01178	0.01060	0.01354	0.01295	0.00824	0.02767	0.77509	0.02178	0.02120	0.01943	0.01590	0.00707	0.00530	0.00177	0.00412	0.00589	0.00530	0.00824
20	0.00634	0.00453	0.00604	0.00725	0.00755	0.00423	0.00483	0.00725	0.00997	0.01329	0.02870	0.81358	0.03444	0.01632	0.00665	0.00211	0.00302	0.01480	0.00483	0.00423
21	0.01139	0.01139	0.01595	0.01367	0.01367	0.01595	0.01139	0.01253	0.00798	0.01253	0.00684	0.01139	0.00684	0.00911	0.01709	0.00228	0.80745	0.00456	0.00228	0.00570
22	0.85377	0.01007	0.00765	0.00685	0.01007	0.01168	0.00564	0.01531	0.00886	0.02336	0.00725	0.00846	0.00564	0.00483	0.00322	0.00161	0.00403	0.00282	0.00322	0.00564
23	0.85377	0.01007	0.00765	0.00685	0.01007	0.01168	0.00564	0.01531	0.00886	0.02336	0.00725	0.00846	0.00564	0.00483	0.00322	0.00161	0.00403	0.00282	0.00322	0.00564

[dist]
# distance from previous block
# <min> <max>
0	0

# created by:
# /st0/software/busco_prod/Augustus/scripts/msa2prfl.pl ./align_prep/75954.fa
