[name]
unknown

[dist]
# distance from previous block
# <min> <max>
0	39

[block]
# block no. 0 follows, 52 sequences, length 14
# corresponding to MSA columns:
# 39-52
name=unknown_A
#
# <colnr> <probs for GDERKNQSTAVLIFYWHMCP>
#	G	D	E	R	K	N	Q	S	T	A	V	L	I	F	Y	W	H	M	C	P
0	0.00781	0.00558	0.00781	0.00892	0.01004	0.00558	0.00781	0.01004	0.01116	0.01450	0.02566	0.05466	0.02789	0.01339	0.00669	0.00223	0.00446	0.76685	0.00446	0.00446
1	0.01713	0.18065	0.05259	0.01105	0.01449	0.37982	0.00928	0.16477	0.01454	0.09836	0.00941	0.00998	0.00722	0.00507	0.00427	0.00129	0.00682	0.00346	0.00321	0.00659
2	0.06838	0.01748	0.33810	0.01197	0.01674	0.05504	0.04461	0.09689	0.26542	0.01873	0.01243	0.01281	0.00916	0.00536	0.00466	0.00155	0.00580	0.00428	0.00337	0.00720
3	0.00590	0.00422	0.00562	0.00675	0.00703	0.00394	0.00450	0.00675	0.00928	0.01237	0.02671	0.82653	0.03205	0.01518	0.00619	0.00197	0.00281	0.01378	0.00450	0.00394
4	0.01199	0.01151	0.01967	0.02974	0.79946	0.01151	0.01487	0.01487	0.01103	0.01583	0.00912	0.01199	0.00768	0.00432	0.00480	0.00144	0.00576	0.00432	0.00240	0.00768
5	0.02174	0.00825	0.01125	0.00862	0.01237	0.00712	0.00712	0.02362	0.01387	0.80282	0.01912	0.01649	0.01200	0.00600	0.00487	0.00150	0.00412	0.00487	0.00600	0.00825
6	0.00958	0.00812	0.00955	0.00713	0.01098	0.00617	0.00560	0.01158	0.00996	0.01540	0.01066	0.10259	0.01000	0.00490	0.00388	0.00086	0.00350	0.00411	0.00306	0.76237
7	0.01842	0.01357	0.01454	0.01115	0.01503	0.01503	0.00921	0.78330	0.02278	0.03054	0.01163	0.01163	0.00824	0.00582	0.00485	0.00145	0.00533	0.00436	0.00485	0.00824
8	0.00601	0.00430	0.00572	0.00667	0.00705	0.00401	0.00451	0.00702	0.00978	0.01317	0.11400	0.73695	0.03360	0.01458	0.00613	0.00192	0.00275	0.01321	0.00459	0.00401
9	0.01252	0.01303	0.02205	0.01652	0.01996	0.06143	0.42814	0.11581	0.01208	0.01637	0.00905	0.01195	0.00716	0.00540	0.00788	0.00168	0.20085	0.00495	0.00270	0.03047
10	0.01842	0.01357	0.01454	0.01115	0.01503	0.01503	0.00921	0.78330	0.02278	0.03054	0.01163	0.01163	0.00824	0.00582	0.00485	0.00145	0.00533	0.00436	0.00485	0.00824
11	0.00590	0.00422	0.00562	0.00675	0.00703	0.00394	0.00450	0.00675	0.00928	0.01237	0.02671	0.82653	0.03205	0.01518	0.00619	0.00197	0.00281	0.01378	0.00450	0.00394
12	0.00632	0.00666	0.09610	0.00734	0.00856	0.00478	0.00593	0.00775	0.00958	0.01279	0.02717	0.64696	0.11455	0.01366	0.00595	0.00188	0.00326	0.01222	0.00422	0.00432
13	0.10536	0.24808	0.30506	0.01080	0.01585	0.01437	0.01169	0.20312	0.01298	0.01865	0.00865	0.00963	0.00658	0.00476	0.00407	0.00137	0.00579	0.00339	0.00284	0.00695

[dist]
# distance from previous block
# <min> <max>
21	53

[block]
# block no. 1 follows, 52 sequences, length 7
# corresponding to MSA columns:
# 108-114
name=unknown_B
#
# <colnr> <probs for GDERKNQSTAVLIFYWHMCP>
#	G	D	E	R	K	N	Q	S	T	A	V	L	I	F	Y	W	H	M	C	P
0	0.01032	0.17590	0.65905	0.01278	0.01938	0.01273	0.01611	0.01519	0.01016	0.01461	0.00833	0.00977	0.00615	0.00452	0.00432	0.00144	0.00679	0.00340	0.00205	0.00699
1	0.00681	0.00493	0.00683	0.00699	0.00755	0.00541	0.00502	0.00797	0.00780	0.01092	0.01548	0.13438	0.01632	0.24091	0.49337	0.00617	0.00940	0.00687	0.00295	0.00391
2	0.01924	0.07008	0.01412	0.01003	0.01388	0.01245	0.00839	0.45235	0.01862	0.30985	0.01401	0.01313	0.00946	0.00576	0.00473	0.00144	0.00488	0.00442	0.00507	0.00810
3	0.00576	0.00477	0.00505	0.00528	0.00664	0.00406	0.00385	0.00691	0.01069	0.01294	0.04455	0.20503	0.64204	0.01286	0.00582	0.00170	0.00253	0.01095	0.00450	0.00406
4	0.01005	0.00861	0.01005	0.00718	0.01148	0.00646	0.00574	0.01220	0.01005	0.01579	0.00861	0.01005	0.00718	0.00359	0.00359	0.00072	0.00359	0.00287	0.00287	0.85932
5	0.01346	0.00874	0.01067	0.00804	0.01187	0.00745	0.00649	0.01636	0.07003	0.23371	0.01226	0.01247	0.00905	0.00471	0.00461	0.00107	0.04144	0.00369	0.00386	0.52003
6	0.00987	0.00752	0.00875	0.00795	0.00993	0.00788	0.00616	0.06284	0.27401	0.04381	0.36661	0.06554	0.02933	0.00864	0.00538	0.00159	0.00322	0.04375	0.00503	0.03220

[dist]
# distance from previous block
# <min> <max>
1	2

[block]
# block no. 2 follows, 52 sequences, length 13
# corresponding to MSA columns:
# 117-129
name=unknown_C
#
# <colnr> <probs for GDERKNQSTAVLIFYWHMCP>
#	G	D	E	R	K	N	Q	S	T	A	V	L	I	F	Y	W	H	M	C	P
0	0.00623	0.00462	0.00587	0.00678	0.00737	0.00437	0.00472	0.00770	0.03984	0.01289	0.02902	0.65756	0.12152	0.01440	0.00611	0.00193	0.00291	0.05752	0.00451	0.00413
1	0.01005	0.00861	0.01005	0.00718	0.01148	0.00646	0.00574	0.01220	0.01005	0.01579	0.00861	0.01005	0.00718	0.00359	0.00359	0.00072	0.00359	0.00287	0.00287	0.85932
2	0.01442	0.01159	0.01229	0.01034	0.01350	0.01316	0.00824	0.30727	0.50533	0.02409	0.01672	0.01568	0.01236	0.00629	0.00490	0.00157	0.00439	0.00506	0.00490	0.00788
3	0.00590	0.00422	0.00562	0.00675	0.00703	0.00394	0.00450	0.00675	0.00928	0.01237	0.02671	0.82653	0.03205	0.01518	0.00619	0.00197	0.00281	0.01378	0.00450	0.00394
4	0.01028	0.14755	0.65726	0.01322	0.01984	0.01250	0.04471	0.01523	0.01022	0.01475	0.00844	0.00996	0.00620	0.00452	0.00442	0.00146	0.00690	0.00351	0.00207	0.00700
5	0.01674	0.01131	0.01316	0.05184	0.04638	0.01221	0.00880	0.40089	0.15701	0.17583	0.04482	0.01476	0.01148	0.00604	0.00490	0.00151	0.00479	0.00483	0.00487	0.00783
6	0.00789	0.00521	0.00665	0.00614	0.00755	0.00471	0.00466	0.01000	0.01338	0.08058	0.63644	0.03602	0.14250	0.00991	0.00565	0.00154	0.00245	0.00865	0.00528	0.00480
7	0.00625	0.00446	0.00602	0.00714	0.00757	0.00423	0.00509	0.00734	0.00962	0.01275	0.02652	0.68772	0.03130	0.01486	0.00628	0.00202	0.00311	0.14920	0.00449	0.00403
8	0.01837	0.01525	0.01440	0.01138	0.01502	0.15479	0.00924	0.64903	0.02119	0.02726	0.01091	0.01113	0.00789	0.00567	0.00476	0.00142	0.00593	0.00414	0.00443	0.00778
9	0.01003	0.10336	0.72904	0.01328	0.02015	0.01202	0.01697	0.01527	0.01019	0.01496	0.00851	0.00999	0.00615	0.00456	0.00446	0.00149	0.00697	0.00348	0.00205	0.00707
10	0.00638	0.00470	0.00520	0.00537	0.00602	0.00435	0.00346	0.00697	0.00887	0.01123	0.02955	0.16123	0.30792	0.40069	0.01479	0.00314	0.00358	0.00927	0.00376	0.00352
11	0.01182	0.54977	0.29831	0.01023	0.01543	0.01640	0.01166	0.01480	0.00998	0.01278	0.00742	0.00863	0.00619	0.00431	0.00363	0.00121	0.00588	0.00294	0.00206	0.00655
12	0.01765	0.01092	0.04401	0.00964	0.01312	0.01067	0.00804	0.32867	0.08400	0.31437	0.01535	0.01589	0.01103	0.08578	0.00678	0.00181	0.00477	0.00488	0.00498	0.00764

[dist]
# distance from previous block
# <min> <max>
0	2

[block]
# block no. 3 follows, 52 sequences, length 9
# corresponding to MSA columns:
# 132-140
name=unknown_D
#
# <colnr> <probs for GDERKNQSTAVLIFYWHMCP>
#	G	D	E	R	K	N	Q	S	T	A	V	L	I	F	Y	W	H	M	C	P
0	0.01296	0.83261	0.02539	0.00829	0.01244	0.01917	0.00829	0.01451	0.00985	0.01140	0.00674	0.00777	0.00622	0.00415	0.00311	0.00104	0.00518	0.00259	0.00207	0.00622
1	0.01300	0.08827	0.01203	0.00898	0.01161	0.01111	0.00720	0.40691	0.01645	0.02169	0.01925	0.25253	0.09255	0.00903	0.00516	0.00158	0.00430	0.00752	0.00445	0.00638
2	0.09281	0.56853	0.04892	0.00768	0.01136	0.01526	0.00750	0.01310	0.00993	0.01285	0.01475	0.01516	0.15451	0.00572	0.00365	0.00121	0.00461	0.00406	0.00262	0.00576
3	0.01445	0.01198	0.01159	0.00951	0.01238	0.11438	0.00760	0.43124	0.01830	0.02365	0.16856	0.02067	0.11991	0.00736	0.00507	0.00147	0.00480	0.00583	0.00459	0.00664
4	0.06614	0.00869	0.00937	0.00797	0.01047	0.05448	0.00630	0.11492	0.08858	0.20302	0.27085	0.02435	0.09910	0.00776	0.00509	0.00151	0.00374	0.00641	0.00500	0.00626
5	0.01835	0.01576	0.01436	0.01146	0.01502	0.19779	0.00925	0.60773	0.02070	0.02625	0.01068	0.01097	0.00778	0.00563	0.00474	0.00141	0.00612	0.00408	0.00431	0.00764
6	0.01389	0.09476	0.27161	0.01082	0.01504	0.14741	0.01088	0.01753	0.06404	0.19118	0.01344	0.10488	0.01102	0.00628	0.00468	0.00149	0.00584	0.00499	0.00349	0.00672
7	0.00742	0.00484	0.00627	0.00685	0.00754	0.00454	0.00473	0.03000	0.01019	0.06641	0.07203	0.64671	0.05189	0.04761	0.00678	0.00200	0.00301	0.01223	0.00459	0.00435
8	0.57754	0.00837	0.00745	0.00674	0.00929	0.00927	0.00537	0.04481	0.00989	0.07324	0.08800	0.11725	0.01327	0.00657	0.00388	0.00156	0.00357	0.00489	0.00370	0.00534

[dist]
# distance from previous block
# <min> <max>
14	41

[block]
# block no. 4 follows, 52 sequences, length 35
# corresponding to MSA columns:
# 195-229
name=unknown_E
#
# <colnr> <probs for GDERKNQSTAVLIFYWHMCP>
#	G	D	E	R	K	N	Q	S	T	A	V	L	I	F	Y	W	H	M	C	P
0	0.34368	0.00861	0.00890	0.00803	0.01041	0.00946	0.03567	0.09751	0.12994	0.01955	0.03160	0.19756	0.05022	0.00798	0.00457	0.00165	0.00382	0.02128	0.00395	0.00562
1	0.60550	0.01366	0.21864	0.00888	0.01305	0.01103	0.03842	0.01459	0.00889	0.01981	0.00738	0.00870	0.00556	0.00451	0.00353	0.00151	0.00482	0.00300	0.00273	0.00580
2	0.01810	0.01341	0.01436	0.01108	0.01490	0.01488	0.00913	0.74468	0.06194	0.03002	0.01205	0.01196	0.00858	0.00586	0.00485	0.00146	0.00526	0.00442	0.00485	0.00821
3	0.00584	0.00491	0.00509	0.00520	0.00675	0.00416	0.00393	0.00710	0.01097	0.01313	0.04688	0.08233	0.72363	0.01246	0.00580	0.00168	0.00257	0.04896	0.00450	0.00410
4	0.00686	0.00490	0.00671	0.00783	0.00853	0.00476	0.00615	0.00839	0.01022	0.01344	0.02618	0.44101	0.02997	0.01429	0.00644	0.00210	0.00364	0.38991	0.00448	0.00420
5	0.00915	0.00861	0.01453	0.81804	0.03338	0.01077	0.01346	0.01238	0.00969	0.01238	0.00861	0.01292	0.00646	0.00484	0.00484	0.00161	0.00646	0.00431	0.00215	0.00538
6	0.00876	0.00790	0.01132	0.01026	0.01069	0.01045	0.00833	0.01016	0.00760	0.01146	0.00967	0.01482	0.00924	0.02240	0.41277	0.00495	0.41733	0.00472	0.00236	0.00481
7	0.01101	0.00729	0.00873	0.00780	0.00987	0.00747	0.00603	0.01699	0.27383	0.14831	0.37809	0.05823	0.02927	0.00836	0.00533	0.00158	0.00313	0.00722	0.00528	0.00619
8	0.00649	0.00481	0.00613	0.00660	0.00754	0.00445	0.00496	0.00807	0.01124	0.01493	0.25325	0.30985	0.18152	0.01278	0.00605	0.00182	0.00289	0.14764	0.00473	0.00424
9	0.00621	0.00441	0.00583	0.00680	0.00713	0.00422	0.00464	0.00710	0.00914	0.01218	0.02495	0.65320	0.02952	0.10362	0.03411	0.00247	0.00347	0.07283	0.00427	0.00388
10	0.01093	0.01171	0.02162	0.01649	0.01899	0.01331	0.40063	0.01354	0.00946	0.01360	0.00827	0.01207	0.00701	0.00698	0.03126	0.00202	0.38888	0.00501	0.00230	0.00590
11	0.86392	0.00937	0.00712	0.00637	0.00937	0.01087	0.00525	0.01425	0.00825	0.02174	0.00675	0.00787	0.00525	0.00450	0.00300	0.00150	0.00375	0.00262	0.00300	0.00525
12	0.00645	0.00494	0.00591	0.00567	0.00699	0.00440	0.00425	0.00835	0.01275	0.01714	0.52676	0.03997	0.31730	0.01076	0.00572	0.00156	0.00235	0.00929	0.00503	0.00440
13	0.01523	0.01199	0.01275	0.01051	0.01381	0.01354	0.00844	0.40412	0.40715	0.02540	0.01568	0.01486	0.01152	0.00620	0.00489	0.00155	0.00458	0.00492	0.00489	0.00796
14	0.03594	0.00929	0.01155	0.00910	0.01269	0.00898	0.00744	0.12222	0.13556	0.56624	0.01801	0.01595	0.01181	0.00604	0.00484	0.00152	0.00423	0.00486	0.00563	0.00810
15	0.01144	0.01307	0.02859	0.02042	0.02533	0.01225	0.78186	0.01552	0.01144	0.01552	0.00980	0.01307	0.00735	0.00408	0.00572	0.00163	0.00817	0.00572	0.00245	0.00654
16	0.00599	0.00452	0.00554	0.00613	0.00692	0.00407	0.00428	0.00715	0.01042	0.01359	0.14385	0.48966	0.25313	0.01359	0.00599	0.00181	0.00263	0.01204	0.00462	0.00407
17	0.13483	0.01116	0.01161	0.00964	0.01290	0.02690	0.00776	0.25490	0.32257	0.13401	0.01512	0.01429	0.01090	0.00594	0.00462	0.00154	0.00441	0.00461	0.00474	0.00755
18	0.01851	0.01343	0.01445	0.01108	0.01495	0.01481	0.00915	0.76237	0.02254	0.05182	0.01184	0.01177	0.00834	0.00582	0.00485	0.00146	0.00530	0.00438	0.00488	0.00824
19	0.02174	0.00825	0.01125	0.00862	0.01237	0.00712	0.00712	0.02362	0.01387	0.80282	0.01912	0.01649	0.01200	0.00600	0.00487	0.00150	0.00412	0.00487	0.00600	0.00825
20	0.04839	0.00796	0.01017	0.00813	0.01118	0.00739	0.00659	0.09709	0.01453	0.48825	0.22339	0.02089	0.02028	0.00696	0.00502	0.00150	0.00375	0.00577	0.00560	0.00717
21	0.01181	0.54564	0.30229	0.01025	0.01547	0.01636	0.01171	0.01481	0.00998	0.01280	0.00743	0.00865	0.00619	0.00431	0.00364	0.00121	0.00589	0.00294	0.00206	0.00655
22	0.00915	0.00861	0.01453	0.81804	0.03338	0.01077	0.01346	0.01238	0.00969	0.01238	0.00861	0.01292	0.00646	0.00484	0.00484	0.00161	0.00646	0.00431	0.00215	0.00538
23	0.00687	0.00528	0.00633	0.00601	0.00738	0.00491	0.00452	0.00958	0.06120	0.01776	0.54559	0.03791	0.24797	0.01034	0.00567	0.00156	0.00243	0.00896	0.00508	0.00463
24	0.07190	0.23611	0.12720	0.01113	0.01478	0.41782	0.01000	0.03470	0.01206	0.01331	0.00751	0.00870	0.00620	0.00470	0.00399	0.00125	0.00717	0.00304	0.00241	0.00603
25	0.02143	0.00874	0.01155	0.00886	0.01262	0.00786	0.00732	0.09416	0.01470	0.73110	0.01842	0.01604	0.01165	0.00598	0.00487	0.00150	0.00424	0.00483	0.00589	0.00825
26	0.86392	0.00937	0.00712	0.00637	0.00937	0.01087	0.00525	0.01425	0.00825	0.02174	0.00675	0.00787	0.00525	0.00450	0.00300	0.00150	0.00375	0.00262	0.00300	0.00525
27	0.01083	0.00590	0.00811	0.00770	0.00914	0.00549	0.02986	0.01230	0.02703	0.22594	0.02209	0.37670	0.02288	0.14002	0.00873	0.00227	0.00379	0.07147	0.00460	0.00515
28	0.02094	0.00843	0.01122	0.00873	0.01239	0.00753	0.00717	0.02379	0.07860	0.73762	0.01917	0.01663	0.01223	0.00605	0.00488	0.00151	0.00410	0.00492	0.00591	0.00820
29	0.01550	0.01212	0.01290	0.01056	0.01392	0.01366	0.00850	0.43609	0.37476	0.02583	0.01534	0.01459	0.01124	0.00616	0.00489	0.00154	0.00465	0.00487	0.00489	0.00798
30	0.01947	0.01133	0.01305	0.01003	0.01380	0.01177	0.00828	0.47599	0.01910	0.32430	0.01458	0.01364	0.00977	0.00588	0.00482	0.00146	0.00480	0.00456	0.02521	0.00816
31	0.00846	0.00457	0.00495	0.00507	0.00611	0.00451	0.00379	0.01058	0.01046	0.01748	0.09245	0.10248	0.01821	0.00732	0.00402	0.00130	0.00240	0.03609	0.65530	0.00446
32	0.01936	0.00813	0.01055	0.00836	0.01173	0.00744	0.00682	0.02265	0.10420	0.63410	0.01886	0.01683	0.01236	0.00603	0.00473	0.00148	0.00391	0.00491	0.08971	0.00781
33	0.00681	0.00495	0.00641	0.00605	0.00721	0.00455	0.00454	0.00906	0.01361	0.01917	0.76624	0.03663	0.07656	0.01000	0.00572	0.00153	0.00229	0.00882	0.00530	0.00455
34	0.01780	0.01173	0.04832	0.00989	0.01357	0.01169	0.00842	0.47072	0.01855	0.22236	0.01385	0.01352	0.00956	0.00579	0.00468	0.00143	0.00476	0.00447	0.10109	0.00777

[dist]
# distance from previous block
# <min> <max>
0	1

[block]
# block no. 5 follows, 52 sequences, length 28
# corresponding to MSA columns:
# 231-258
name=unknown_F
#
# <colnr> <probs for GDERKNQSTAVLIFYWHMCP>
#	G	D	E	R	K	N	Q	S	T	A	V	L	I	F	Y	W	H	M	C	P
0	0.01333	0.04178	0.05062	0.11769	0.01600	0.00973	0.06128	0.04645	0.06891	0.23180	0.01597	0.04607	0.01350	0.00755	0.00641	0.00173	0.09226	0.14846	0.00403	0.00642
1	0.00727	0.00521	0.00723	0.00792	0.00874	0.00540	0.00637	0.00893	0.00956	0.01278	0.02123	0.12968	0.02304	0.12423	0.21282	0.00393	0.00647	0.39121	0.00380	0.00417
2	0.00595	0.00492	0.00536	0.00537	0.00684	0.00433	0.00403	0.00729	0.01084	0.01334	0.10034	0.06841	0.63236	0.01476	0.09178	0.00230	0.00358	0.00970	0.00436	0.00415
3	0.10204	0.00816	0.01057	0.00826	0.01178	0.00734	0.00679	0.02188	0.01332	0.68219	0.06295	0.01680	0.01330	0.00608	0.00474	0.00150	0.00398	0.00488	0.00567	0.00775
4	0.00645	0.00494	0.00590	0.00566	0.00699	0.00440	0.00425	0.00834	0.01274	0.01711	0.52346	0.04002	0.32062	0.01077	0.00572	0.00157	0.00235	0.00930	0.00503	0.00440
5	0.86392	0.00937	0.00712	0.00637	0.00937	0.01087	0.00525	0.01425	0.00825	0.02174	0.00675	0.00787	0.00525	0.00450	0.00300	0.00150	0.00375	0.00262	0.00300	0.00525
6	0.01205	0.01041	0.01096	0.00986	0.01260	0.01205	0.00767	0.02575	0.79071	0.02027	0.01972	0.01808	0.01479	0.00657	0.00493	0.00164	0.00384	0.00548	0.00493	0.00767
7	0.01842	0.01357	0.01454	0.01115	0.01503	0.01503	0.00921	0.78330	0.02278	0.03054	0.01163	0.01163	0.00824	0.00582	0.00485	0.00145	0.00533	0.00436	0.00485	0.00824
8	0.01060	0.01060	0.01484	0.01272	0.01272	0.01484	0.01060	0.01166	0.00742	0.01166	0.00636	0.01060	0.00636	0.00848	0.01590	0.00212	0.82082	0.00424	0.00212	0.00530
9	0.86392	0.00937	0.00712	0.00637	0.00937	0.01087	0.00525	0.01425	0.00825	0.02174	0.00675	0.00787	0.00525	0.00450	0.00300	0.00150	0.00375	0.00262	0.00300	0.00525
10	0.01013	0.00982	0.01357	0.01174	0.01174	0.01350	0.00958	0.01105	0.00737	0.01136	0.00754	0.01340	0.00786	0.11746	0.01707	0.00246	0.71252	0.00461	0.00223	0.00499
11	0.00577	0.00489	0.00497	0.00499	0.00658	0.00410	0.00373	0.00702	0.01108	0.01326	0.07109	0.06596	0.75555	0.01227	0.00574	0.00164	0.00246	0.01027	0.00453	0.00410
12	0.00599	0.00428	0.00573	0.00685	0.00717	0.00401	0.00466	0.00690	0.00937	0.01247	0.02666	0.79000	0.03185	0.01510	0.00621	0.00198	0.00289	0.04941	0.00450	0.00396
13	0.01994	0.01559	0.01248	0.01053	0.01366	0.40448	0.00823	0.02151	0.01380	0.41148	0.01337	0.01266	0.00915	0.00550	0.00462	0.00138	0.00641	0.00401	0.00427	0.00695
14	0.00705	0.00470	0.00529	0.00529	0.00529	0.00470	0.00294	0.00705	0.00705	0.00940	0.01527	0.03171	0.01762	0.82969	0.02467	0.00470	0.00470	0.00705	0.00294	0.00294
15	0.01296	0.83261	0.02539	0.00829	0.01244	0.01917	0.00829	0.01451	0.00985	0.01140	0.00674	0.00777	0.00622	0.00415	0.00311	0.00104	0.00518	0.00259	0.00207	0.00622
16	0.03524	0.00582	0.00661	0.00609	0.00773	0.00564	0.00473	0.06825	0.01265	0.06630	0.28179	0.02968	0.16152	0.00853	0.00489	0.00145	0.00278	0.03682	0.24850	0.00499
17	0.01255	0.01061	0.01093	0.00976	0.01243	0.04286	0.00758	0.07635	0.62510	0.04178	0.04272	0.05603	0.01569	0.00695	0.00498	0.00162	0.00404	0.00579	0.00485	0.00737
18	0.01144	0.01307	0.02859	0.02042	0.02533	0.01225	0.78186	0.01552	0.01144	0.01552	0.00980	0.01307	0.00735	0.00408	0.00572	0.00163	0.00817	0.00572	0.00245	0.00654
19	0.01243	0.01032	0.01097	0.00981	0.01259	0.01186	0.00765	0.02567	0.76023	0.05097	0.01970	0.01802	0.01468	0.00655	0.00493	0.00164	0.00385	0.00546	0.00497	0.00769
20	0.00590	0.00422	0.00562	0.00675	0.00703	0.00394	0.00450	0.00675	0.00928	0.01237	0.02671	0.82653	0.03205	0.01518	0.00619	0.00197	0.00281	0.01378	0.00450	0.00394
21	0.01031	0.00979	0.01663	0.49708	0.34529	0.01107	0.01403	0.01340	0.01024	0.01379	0.00882	0.01254	0.00696	0.00463	0.00483	0.00154	0.00617	0.00431	0.00225	0.00632
22	0.00842	0.00421	0.00631	0.00631	0.00631	0.00421	0.00421	0.00631	0.00631	0.00842	0.00842	0.01473	0.00842	0.01684	0.01894	0.85901	0.00421	0.00421	0.00210	0.00210
23	0.01532	0.00636	0.00785	0.00655	0.00897	0.00581	0.00524	0.01739	0.01200	0.40634	0.01745	0.01729	0.01221	0.00582	0.00412	0.00131	0.00318	0.00469	0.43575	0.00636
24	0.01048	0.00850	0.01033	0.00910	0.00983	0.03640	0.00739	0.04286	0.00943	0.01520	0.01069	0.01381	0.00905	0.00703	0.00967	0.00164	0.40759	0.00433	0.37156	0.00509
25	0.01089	0.01214	0.02603	0.06742	0.02445	0.01154	0.67756	0.01468	0.01117	0.01510	0.01099	0.07380	0.00914	0.00496	0.00570	0.00166	0.00767	0.00624	0.00259	0.00627
26	0.01176	0.53434	0.31319	0.01033	0.01559	0.01625	0.01184	0.01482	0.00999	0.01286	0.00746	0.00868	0.00619	0.00432	0.00366	0.00122	0.00591	0.00296	0.00206	0.00657
27	0.36853	0.01054	0.01400	0.01849	0.40057	0.01153	0.01047	0.01433	0.00955	0.01795	0.00789	0.01015	0.00655	0.00475	0.00501	0.00152	0.07549	0.00360	0.00263	0.00645

[dist]
# distance from previous block
# <min> <max>
0	2

[block]
# block no. 6 follows, 52 sequences, length 60
# corresponding to MSA columns:
# 261-320
name=unknown_G
#
# <colnr> <probs for GDERKNQSTAVLIFYWHMCP>
#	G	D	E	R	K	N	Q	S	T	A	V	L	I	F	Y	W	H	M	C	P
0	0.01068	0.01081	0.01258	0.01284	0.11534	0.11403	0.00907	0.01310	0.07198	0.01365	0.06441	0.05381	0.13245	0.00829	0.00946	0.00176	0.33126	0.00582	0.00310	0.00555
1	0.36246	0.01062	0.01287	0.01016	0.01370	0.01137	0.13081	0.14784	0.09880	0.13973	0.01137	0.01177	0.00817	0.00511	0.00425	0.00153	0.00479	0.00407	0.00389	0.00668
2	0.01139	0.01294	0.02786	0.02001	0.02465	0.01239	0.74055	0.01532	0.01122	0.01532	0.00962	0.01294	0.00730	0.00432	0.00626	0.00166	0.05170	0.00564	0.00243	0.00647
3	0.86392	0.00937	0.00712	0.00637	0.00937	0.01087	0.00525	0.01425	0.00825	0.02174	0.00675	0.00787	0.00525	0.00450	0.00300	0.00150	0.00375	0.00262	0.00300	0.00525
4	0.02160	0.00847	0.01139	0.00873	0.01248	0.00746	0.00721	0.05579	0.01425	0.77011	0.01880	0.01629	0.01184	0.00599	0.00487	0.00150	0.00417	0.00485	0.00595	0.00825
5	0.00686	0.00495	0.00648	0.00610	0.00724	0.00457	0.00457	0.00914	0.01372	0.01943	0.79691	0.03620	0.04572	0.00991	0.00572	0.00152	0.00229	0.00876	0.00533	0.00457
6	0.01922	0.01229	0.01375	0.01054	0.01439	0.01312	0.00871	0.60019	0.02064	0.21669	0.01344	0.01281	0.00915	0.00586	0.00485	0.00147	0.00504	0.00449	0.00513	0.00824
7	0.05670	0.01078	0.01257	0.00971	0.01346	0.01101	0.00801	0.37150	0.03419	0.39818	0.01516	0.01392	0.01004	0.00586	0.00478	0.00148	0.00466	0.00455	0.00532	0.00810
8	0.00656	0.00469	0.00638	0.00750	0.00807	0.00450	0.00564	0.00788	0.00993	0.01311	0.02635	0.56048	0.03062	0.01456	0.00636	0.00206	0.00338	0.27334	0.00449	0.00412
9	0.02056	0.00979	0.01216	0.00936	0.01312	0.00946	0.00772	0.23557	0.03664	0.56698	0.01705	0.01518	0.01102	0.00596	0.00487	0.00149	0.00445	0.00475	0.00565	0.00823
10	0.00703	0.00476	0.00558	0.00558	0.00568	0.00486	0.00330	0.00723	0.00713	0.00961	0.01500	0.03024	0.01698	0.73735	0.11613	0.00506	0.00566	0.00683	0.00290	0.00310
11	0.01810	0.02310	0.01373	0.01248	0.01498	0.81024	0.00936	0.01935	0.01373	0.01186	0.00749	0.00874	0.00624	0.00499	0.00437	0.00125	0.00874	0.00312	0.00250	0.00562
12	0.06410	0.03831	0.22558	0.00962	0.01421	0.00902	0.00965	0.06558	0.01190	0.25162	0.01275	0.05498	0.00957	0.00541	0.00441	0.00134	0.00484	0.00431	0.00378	0.19903
13	0.01235	0.64940	0.15908	0.00933	0.01392	0.01743	0.00992	0.01525	0.05157	0.01256	0.00777	0.00875	0.00666	0.00435	0.00346	0.00115	0.00545	0.00292	0.00222	0.00646
14	0.06402	0.10789	0.01303	0.00921	0.01229	0.10798	0.00759	0.38470	0.01652	0.02277	0.01123	0.01207	0.00854	0.00541	0.00415	0.00131	0.00494	0.00394	0.19574	0.00668
15	0.01469	0.01202	0.01210	0.01031	0.01339	0.06983	0.00816	0.22128	0.49169	0.06711	0.01672	0.01565	0.01232	0.00623	0.00487	0.00156	0.00459	0.00499	0.00480	0.00770
16	0.00915	0.00861	0.01453	0.81804	0.03338	0.01077	0.01346	0.01238	0.00969	0.01238	0.00861	0.01292	0.00646	0.00484	0.00484	0.00161	0.00646	0.00431	0.00215	0.00538
17	0.00590	0.00424	0.00560	0.00669	0.00701	0.00394	0.00447	0.00675	0.00933	0.01239	0.02736	0.80377	0.05439	0.01510	0.00617	0.00196	0.00280	0.01367	0.00450	0.00394
18	0.00598	0.00427	0.00572	0.00684	0.00716	0.00401	0.00464	0.00689	0.00936	0.01246	0.02666	0.79384	0.03188	0.01511	0.00621	0.00198	0.00288	0.04567	0.00450	0.00396
19	0.02086	0.00805	0.01096	0.00847	0.01207	0.00697	0.00697	0.02276	0.01386	0.75627	0.06534	0.01767	0.01400	0.00623	0.00492	0.00150	0.00401	0.00510	0.00596	0.00803
20	0.86392	0.00937	0.00712	0.00637	0.00937	0.01087	0.00525	0.01425	0.00825	0.02174	0.00675	0.00787	0.00525	0.00450	0.00300	0.00150	0.00375	0.00262	0.00300	0.00525
21	0.00700	0.00487	0.00615	0.00615	0.00645	0.00517	0.00401	0.00760	0.00730	0.01004	0.01448	0.02734	0.01572	0.55576	0.29600	0.00577	0.00756	0.00641	0.00282	0.00342
22	0.02096	0.00950	0.01202	0.00921	0.01299	0.00898	0.00761	0.20164	0.01596	0.62184	0.01736	0.01536	0.01112	0.00596	0.00487	0.00149	0.00441	0.00475	0.00573	0.00825
23	0.00915	0.00861	0.01453	0.81804	0.03338	0.01077	0.01346	0.01238	0.00969	0.01238	0.00861	0.01292	0.00646	0.00484	0.00484	0.00161	0.00646	0.00431	0.00215	0.00538
24	0.86392	0.00937	0.00712	0.00637	0.00937	0.01087	0.00525	0.01425	0.00825	0.02174	0.00675	0.00787	0.00525	0.00450	0.00300	0.00150	0.00375	0.00262	0.00300	0.00525
25	0.05032	0.00617	0.00793	0.00766	0.00903	0.00617	0.00574	0.04721	0.01100	0.17284	0.08331	0.43223	0.02444	0.01251	0.04123	0.00206	0.04730	0.02302	0.00460	0.00521
26	0.00635	0.00493	0.00578	0.00557	0.00693	0.00436	0.00418	0.00817	0.01253	0.01660	0.46340	0.04085	0.38099	0.01096	0.00572	0.00157	0.00236	0.00942	0.00496	0.00436
27	0.00924	0.00555	0.00698	0.00683	0.00817	0.00518	0.00496	0.01133	0.06022	0.14981	0.16982	0.34428	0.12126	0.06468	0.00694	0.00192	0.00308	0.00993	0.00484	0.00498
28	0.00777	0.00555	0.00775	0.00880	0.00992	0.00554	0.00767	0.01000	0.01126	0.01471	0.05832	0.05388	0.02864	0.01324	0.00665	0.00220	0.00437	0.73474	0.00450	0.00447
29	0.00602	0.00475	0.00537	0.00577	0.00688	0.00420	0.00419	0.00716	0.01036	0.01288	0.05120	0.26954	0.46510	0.05993	0.00701	0.00195	0.00283	0.06642	0.00442	0.00402
30	0.01356	0.73826	0.02403	0.00878	0.01273	0.11137	0.00842	0.01507	0.01030	0.01145	0.00682	0.00789	0.00622	0.00424	0.00326	0.00106	0.00560	0.00265	0.00212	0.00615
31	0.01205	0.01041	0.01096	0.00986	0.01260	0.01205	0.00767	0.02575	0.79071	0.02027	0.01972	0.01808	0.01479	0.00657	0.00493	0.00164	0.00384	0.00548	0.00493	0.00767
32	0.01141	0.01171	0.02255	0.01681	0.02044	0.01181	0.50784	0.08847	0.01181	0.01613	0.01148	0.05081	0.01001	0.03158	0.00752	0.00182	0.10434	0.05437	0.00288	0.00620
33	0.01320	0.01098	0.01160	0.01009	0.01304	0.01259	0.00795	0.16180	0.65279	0.02212	0.01827	0.01692	0.01362	0.00644	0.00492	0.00161	0.00410	0.00528	0.00492	0.00777
34	0.86392	0.00937	0.00712	0.00637	0.00937	0.01087	0.00525	0.01425	0.00825	0.02174	0.00675	0.00787	0.00525	0.00450	0.00300	0.00150	0.00375	0.00262	0.00300	0.00525
35	0.01296	0.83261	0.02539	0.00829	0.01244	0.01917	0.00829	0.01451	0.00985	0.01140	0.00674	0.00777	0.00622	0.00415	0.00311	0.00104	0.00518	0.00259	0.00207	0.00622
36	0.00823	0.00575	0.00722	0.00661	0.00806	0.00551	0.00503	0.04427	0.05543	0.05287	0.65808	0.04750	0.05750	0.00953	0.00561	0.00154	0.00259	0.00835	0.00529	0.00503
37	0.00608	0.00466	0.00562	0.00631	0.00723	0.00421	0.00460	0.00725	0.01022	0.01293	0.03537	0.42029	0.33250	0.01381	0.00607	0.00187	0.00288	0.10953	0.00449	0.00406
38	0.00915	0.00861	0.01453	0.81804	0.03338	0.01077	0.01346	0.01238	0.00969	0.01238	0.00861	0.01292	0.00646	0.00484	0.00484	0.00161	0.00646	0.00431	0.00215	0.00538
39	0.01163	0.01607	0.25449	0.01232	0.01659	0.08792	0.11056	0.05935	0.26231	0.01749	0.04888	0.01610	0.05265	0.00591	0.00495	0.00156	0.00582	0.00504	0.00349	0.00688
40	0.00593	0.00424	0.00565	0.00673	0.00703	0.00395	0.00450	0.00682	0.00940	0.01257	0.04861	0.80406	0.03244	0.01503	0.00617	0.00196	0.00280	0.01363	0.00452	0.00395
41	0.03679	0.01014	0.00885	0.00796	0.00949	0.15884	0.00561	0.08785	0.11507	0.01409	0.01344	0.02173	0.01325	0.41493	0.01449	0.00301	0.00532	0.00548	0.00331	0.05035
42	0.01226	0.58732	0.24319	0.00984	0.01483	0.01668	0.01096	0.01496	0.01005	0.03097	0.00757	0.00867	0.00633	0.00432	0.00357	0.00119	0.00571	0.00292	0.00216	0.00653
43	0.01043	0.00631	0.00796	0.00693	0.00880	0.00595	0.00539	0.08246	0.01443	0.15566	0.55049	0.03110	0.07656	0.00898	0.00549	0.00152	0.00289	0.00777	0.00536	0.00552
44	0.00587	0.00491	0.00511	0.00506	0.00664	0.00415	0.00380	0.00724	0.01139	0.01391	0.14556	0.04529	0.70051	0.01197	0.00573	0.00162	0.00243	0.01004	0.00461	0.00415
45	0.01280	0.01078	0.01138	0.01001	0.01288	0.01240	0.00785	0.11404	0.70120	0.02147	0.01878	0.01733	0.01403	0.00649	0.00492	0.00162	0.00401	0.00535	0.00492	0.00774
46	0.01005	0.00861	0.01005	0.00718	0.01148	0.00646	0.00574	0.01220	0.01005	0.01579	0.00861	0.01005	0.00718	0.00359	0.00359	0.00072	0.00359	0.00287	0.00287	0.85932
47	0.01810	0.02310	0.01373	0.01248	0.01498	0.81024	0.00936	0.01935	0.01373	0.01186	0.00749	0.00874	0.00624	0.00499	0.00437	0.00125	0.00874	0.00312	0.00250	0.00562
48	0.01360	0.01054	0.01135	0.00988	0.01283	0.01191	0.00778	0.10377	0.64041	0.09287	0.01883	0.01727	0.01386	0.00644	0.00492	0.00161	0.00402	0.00531	0.00502	0.00778
49	0.86392	0.00937	0.00712	0.00637	0.00937	0.01087	0.00525	0.01425	0.00825	0.02174	0.00675	0.00787	0.00525	0.00450	0.00300	0.00150	0.00375	0.00262	0.00300	0.00525
50	0.00711	0.00502	0.00650	0.00609	0.00731	0.00460	0.00458	0.00933	0.01358	0.03537	0.74230	0.03633	0.08369	0.00995	0.00570	0.00153	0.00233	0.00876	0.00531	0.00462
51	0.00595	0.00425	0.00566	0.00672	0.00704	0.00396	0.00450	0.00685	0.00947	0.01268	0.06026	0.79211	0.03265	0.01495	0.00616	0.00195	0.00279	0.01356	0.00453	0.00396
52	0.01193	0.01271	0.01417	0.01236	0.01297	0.16078	0.01005	0.01368	0.04994	0.01217	0.00785	0.03385	0.00751	0.00793	0.01293	0.00193	0.60502	0.00437	0.00241	0.00545
53	0.00623	0.00472	0.00575	0.00594	0.00697	0.00424	0.00429	0.00777	0.01158	0.01542	0.34216	0.27869	0.26419	0.01221	0.00586	0.00169	0.00250	0.01072	0.00483	0.00424
54	0.01188	0.01140	0.01947	0.06040	0.76967	0.01149	0.01482	0.01478	0.01098	0.01570	0.00910	0.01203	0.00763	0.00434	0.00480	0.00145	0.00578	0.00432	0.00239	0.00759
55	0.00842	0.00421	0.00631	0.00631	0.00631	0.00421	0.00421	0.00631	0.00631	0.00842	0.00842	0.01473	0.00842	0.01684	0.01894	0.85901	0.00421	0.00421	0.00210	0.00210
56	0.01172	0.01012	0.01064	0.00960	0.01228	0.01163	0.00746	0.02475	0.74912	0.01989	0.02129	0.01960	0.05655	0.00688	0.00497	0.00164	0.00376	0.00573	0.00491	0.00748
57	0.10027	0.01562	0.01362	0.01103	0.01447	0.21933	0.00887	0.51212	0.01905	0.02488	0.01009	0.01052	0.00744	0.00548	0.00455	0.00141	0.00606	0.00387	0.00406	0.00728
58	0.00985	0.00963	0.01480	0.69792	0.07614	0.05362	0.01321	0.01287	0.00990	0.01253	0.00849	0.01255	0.00652	0.00496	0.00525	0.00160	0.03821	0.00424	0.00218	0.00553
59	0.05936	0.01035	0.01153	0.00865	0.01267	0.00978	0.00704	0.27568	0.03113	0.07982	0.01056	0.01112	0.00796	0.00464	0.00411	0.00109	0.00424	0.00357	0.00383	0.44289

[dist]
# distance from previous block
# <min> <max>
0	2

[block]
# block no. 7 follows, 52 sequences, length 46
# corresponding to MSA columns:
# 323-368
name=unknown_H
#
# <colnr> <probs for GDERKNQSTAVLIFYWHMCP>
#	G	D	E	R	K	N	Q	S	T	A	V	L	I	F	Y	W	H	M	C	P
0	0.02174	0.00825	0.01125	0.00862	0.01237	0.00712	0.00712	0.02362	0.01387	0.80282	0.01912	0.01649	0.01200	0.00600	0.00487	0.00150	0.00412	0.00487	0.00600	0.00825
1	0.00590	0.00422	0.00562	0.00675	0.00703	0.00394	0.00450	0.00675	0.00928	0.01237	0.02671	0.82653	0.03205	0.01518	0.00619	0.00197	0.00281	0.01378	0.00450	0.00394
2	0.01171	0.00601	0.00650	0.00579	0.00756	0.00603	0.00452	0.09946	0.01205	0.11980	0.01576	0.01714	0.01190	0.00571	0.00374	0.00121	0.00284	0.00455	0.65231	0.00541
3	0.01829	0.00974	0.01174	0.00934	0.01266	0.00973	0.00757	0.31376	0.01667	0.39703	0.01728	0.12579	0.01330	0.00719	0.00504	0.00155	0.00441	0.00590	0.00535	0.00765
4	0.01296	0.83261	0.02539	0.00829	0.01244	0.01917	0.00829	0.01451	0.00985	0.01140	0.00674	0.00777	0.00622	0.00415	0.00311	0.00104	0.00518	0.00259	0.00207	0.00622
5	0.01907	0.01164	0.01324	0.01025	0.01401	0.01227	0.00843	0.48716	0.07113	0.27953	0.01459	0.01364	0.00989	0.00593	0.00486	0.00148	0.00484	0.00460	0.00523	0.00821
6	0.86392	0.00937	0.00712	0.00637	0.00937	0.01087	0.00525	0.01425	0.00825	0.02174	0.00675	0.00787	0.00525	0.00450	0.00300	0.00150	0.00375	0.00262	0.00300	0.00525
7	0.86392	0.00937	0.00712	0.00637	0.00937	0.01087	0.00525	0.01425	0.00825	0.02174	0.00675	0.00787	0.00525	0.00450	0.00300	0.00150	0.00375	0.00262	0.00300	0.00525
8	0.01842	0.01357	0.01454	0.01115	0.01503	0.01503	0.00921	0.78330	0.02278	0.03054	0.01163	0.01163	0.00824	0.00582	0.00485	0.00145	0.00533	0.00436	0.00485	0.00824
9	0.00682	0.00493	0.00645	0.00612	0.00723	0.00455	0.00457	0.00906	0.01356	0.01918	0.76970	0.06412	0.04524	0.01009	0.00573	0.00154	0.00230	0.00894	0.00531	0.00455
10	0.00842	0.00421	0.00631	0.00631	0.00631	0.00421	0.00421	0.00631	0.00631	0.00842	0.00842	0.01473	0.00842	0.01684	0.01894	0.85901	0.00421	0.00421	0.00210	0.00210
11	0.01842	0.01357	0.01454	0.01115	0.01503	0.01503	0.00921	0.78330	0.02278	0.03054	0.01163	0.01163	0.00824	0.00582	0.00485	0.00145	0.00533	0.00436	0.00485	0.00824
12	0.00590	0.00422	0.00562	0.00675	0.00703	0.00394	0.00450	0.00675	0.00928	0.01237	0.02671	0.82653	0.03205	0.01518	0.00619	0.00197	0.00281	0.01378	0.00450	0.00394
13	0.01833	0.01633	0.01431	0.01154	0.01501	0.24503	0.00925	0.56234	0.02017	0.02514	0.01044	0.01080	0.00766	0.00558	0.00471	0.00139	0.00632	0.00400	0.00417	0.00748
14	0.00705	0.00470	0.00529	0.00529	0.00529	0.00470	0.00294	0.00705	0.00705	0.00940	0.01527	0.03171	0.01762	0.82969	0.02467	0.00470	0.00470	0.00705	0.00294	0.00294
15	0.01205	0.01041	0.01096	0.00986	0.01260	0.01205	0.00767	0.02575	0.79071	0.02027	0.01972	0.01808	0.01479	0.00657	0.00493	0.00164	0.00384	0.00548	0.00493	0.00767
16	0.00915	0.00861	0.01453	0.81804	0.03338	0.01077	0.01346	0.01238	0.00969	0.01238	0.00861	0.01292	0.00646	0.00484	0.00484	0.00161	0.00646	0.00431	0.00215	0.00538
17	0.01069	0.01019	0.01732	0.39004	0.44932	0.01117	0.01423	0.01373	0.01042	0.01425	0.00889	0.01242	0.00712	0.00456	0.00482	0.00152	0.00608	0.00431	0.00229	0.00663
18	0.00612	0.00437	0.00587	0.00699	0.00737	0.00412	0.00487	0.00712	0.00949	0.01261	0.02659	0.73995	0.03158	0.01498	0.00624	0.00200	0.00300	0.09825	0.00449	0.00400
19	0.86392	0.00937	0.00712	0.00637	0.00937	0.01087	0.00525	0.01425	0.00825	0.02174	0.00675	0.00787	0.00525	0.00450	0.00300	0.00150	0.00375	0.00262	0.00300	0.00525
20	0.00612	0.00518	0.00570	0.00605	0.03815	0.00445	0.00424	0.00755	0.01139	0.01401	0.14311	0.04393	0.66999	0.01165	0.00569	0.00161	0.00256	0.00981	0.00452	0.00430
21	0.00915	0.00861	0.01453	0.81804	0.03338	0.01077	0.01346	0.01238	0.00969	0.01238	0.00861	0.01292	0.00646	0.00484	0.00484	0.00161	0.00646	0.00431	0.00215	0.00538
22	0.86392	0.00937	0.00712	0.00637	0.00937	0.01087	0.00525	0.01425	0.00825	0.02174	0.00675	0.00787	0.00525	0.00450	0.00300	0.00150	0.00375	0.00262	0.00300	0.00525
23	0.00903	0.00452	0.00452	0.00452	0.00565	0.00452	0.00339	0.01129	0.01016	0.01807	0.01581	0.01807	0.01242	0.00565	0.00339	0.00113	0.00226	0.00452	0.85659	0.00452
24	0.01462	0.38776	0.02178	0.01137	0.01552	0.01640	0.13803	0.28731	0.03135	0.01906	0.00926	0.01025	0.00731	0.00478	0.00420	0.00130	0.00571	0.00380	0.00318	0.00702
25	0.01782	0.01309	0.01407	0.01094	0.01470	0.01450	0.00899	0.68119	0.10554	0.05001	0.01271	0.01246	0.00905	0.00590	0.00486	0.00148	0.00514	0.00450	0.00489	0.00818
26	0.00926	0.00873	0.01474	0.78671	0.06382	0.01080	0.01351	0.01248	0.00974	0.01252	0.00863	0.01288	0.00651	0.00482	0.00484	0.00161	0.00643	0.00431	0.00216	0.00547
27	0.00903	0.00452	0.00452	0.00452	0.00565	0.00452	0.00339	0.01129	0.01016	0.01807	0.01581	0.01807	0.01242	0.00565	0.00339	0.00113	0.00226	0.00452	0.85659	0.00452
28	0.00590	0.00422	0.00562	0.00675	0.00703	0.00394	0.00450	0.00675	0.00928	0.01237	0.02671	0.82653	0.03205	0.01518	0.00619	0.00197	0.00281	0.01378	0.00450	0.00394
29	0.00705	0.00470	0.00529	0.00529	0.00529	0.00470	0.00294	0.00705	0.00705	0.00940	0.01527	0.03171	0.01762	0.82969	0.02467	0.00470	0.00470	0.00705	0.00294	0.00294
30	0.01842	0.01357	0.01454	0.01115	0.01503	0.01503	0.00921	0.78330	0.02278	0.03054	0.01163	0.01163	0.00824	0.00582	0.00485	0.00145	0.00533	0.00436	0.00485	0.00824
31	0.86392	0.00937	0.00712	0.00637	0.00937	0.01087	0.00525	0.01425	0.00825	0.02174	0.00675	0.00787	0.00525	0.00450	0.00300	0.00150	0.00375	0.00262	0.00300	0.00525
32	0.02174	0.00825	0.01125	0.00862	0.01237	0.00712	0.00712	0.02362	0.01387	0.80282	0.01912	0.01649	0.01200	0.00600	0.00487	0.00150	0.00412	0.00487	0.00600	0.00825
33	0.00915	0.00861	0.01453	0.81804	0.03338	0.01077	0.01346	0.01238	0.00969	0.01238	0.00861	0.01292	0.00646	0.00484	0.00484	0.00161	0.00646	0.00431	0.00215	0.00538
34	0.86392	0.00937	0.00712	0.00637	0.00937	0.01087	0.00525	0.01425	0.00825	0.02174	0.00675	0.00787	0.00525	0.00450	0.00300	0.00150	0.00375	0.00262	0.00300	0.00525
35	0.00972	0.02507	0.80458	0.01381	0.02097	0.01125	0.01790	0.01535	0.01023	0.01535	0.00870	0.01023	0.00614	0.00460	0.00460	0.00153	0.00716	0.00358	0.00205	0.00716
36	0.00686	0.00495	0.00648	0.00610	0.00724	0.00457	0.00457	0.00914	0.01372	0.01943	0.79691	0.03620	0.04572	0.00991	0.00572	0.00152	0.00229	0.00876	0.00533	0.00457
37	0.00903	0.00452	0.00452	0.00452	0.00565	0.00452	0.00339	0.01129	0.01016	0.01807	0.01581	0.01807	0.01242	0.00565	0.00339	0.00113	0.00226	0.00452	0.85659	0.00452
38	0.01731	0.00917	0.01103	0.00909	0.01236	0.00928	0.00730	0.04047	0.33822	0.43997	0.01913	0.01709	0.01309	0.00623	0.00486	0.00155	0.00398	0.00511	0.02685	0.00791
39	0.00672	0.00490	0.00625	0.00616	0.00719	0.00453	0.00456	0.00863	0.01249	0.01728	0.56205	0.11381	0.11312	0.06006	0.00695	0.00181	0.00262	0.05153	0.00498	0.00436
40	0.00972	0.02507	0.80458	0.01381	0.02097	0.01125	0.01790	0.01535	0.01023	0.01535	0.00870	0.01023	0.00614	0.00460	0.00460	0.00153	0.00716	0.00358	0.00205	0.00716
41	0.01005	0.00861	0.01005	0.00718	0.01148	0.00646	0.00574	0.01220	0.01005	0.01579	0.00861	0.01005	0.00718	0.00359	0.00359	0.00072	0.00359	0.00287	0.00287	0.85932
42	0.00590	0.00422	0.00562	0.00675	0.00703	0.00394	0.00450	0.00675	0.00928	0.01237	0.02671	0.82653	0.03205	0.01518	0.00619	0.00197	0.00281	0.01378	0.00450	0.00394
43	0.00596	0.00465	0.00545	0.00603	0.00702	0.00414	0.00436	0.00710	0.01027	0.01288	0.03740	0.39271	0.40010	0.01365	0.00600	0.00183	0.00276	0.06914	0.00450	0.00405
44	0.00784	0.00591	0.00722	0.00748	0.00880	0.00584	0.00593	0.05753	0.06308	0.01561	0.11557	0.18892	0.18613	0.03393	0.00654	0.00196	0.00352	0.26891	0.00459	0.00471
45	0.25103	0.33779	0.06324	0.00909	0.01276	0.10330	0.05567	0.01453	0.01000	0.01504	0.00946	0.02885	0.04069	0.00495	0.00366	0.00130	0.00527	0.00350	0.00258	0.02727

[dist]
# distance from previous block
# <min> <max>
5	9

[block]
# block no. 8 follows, 52 sequences, length 111
# corresponding to MSA columns:
# 379-489
name=unknown_I
#
# <colnr> <probs for GDERKNQSTAVLIFYWHMCP>
#	G	D	E	R	K	N	Q	S	T	A	V	L	I	F	Y	W	H	M	C	P
0	0.01281	0.40183	0.02265	0.01777	0.31865	0.06712	0.06740	0.01504	0.01068	0.01345	0.00793	0.00986	0.00687	0.00426	0.00404	0.00125	0.00585	0.00352	0.00225	0.00677
1	0.01397	0.01398	0.02019	0.01538	0.01929	0.14220	0.37529	0.10525	0.16715	0.05886	0.01208	0.01337	0.00899	0.00502	0.00520	0.00155	0.00687	0.00505	0.00340	0.00689
2	0.00693	0.00517	0.00770	0.00770	0.00853	0.00601	0.00594	0.00860	0.00776	0.01118	0.01306	0.01950	0.01231	0.06507	0.78204	0.00768	0.01268	0.00526	0.00261	0.00428
3	0.01130	0.00755	0.00794	0.00720	0.00924	0.00824	0.00559	0.06179	0.32329	0.05178	0.01727	0.01764	0.01311	0.00604	0.00415	0.00137	0.00314	0.00491	0.43231	0.00614
4	0.00585	0.00469	0.00523	0.00556	0.00674	0.00407	0.00399	0.00703	0.01066	0.01326	0.08873	0.29077	0.51034	0.01304	0.00587	0.00173	0.00256	0.01125	0.00455	0.00407
5	0.00669	0.00488	0.00628	0.00607	0.00717	0.00448	0.00450	0.00877	0.01312	0.01833	0.67208	0.10858	0.09981	0.01056	0.00576	0.00157	0.00235	0.00933	0.00520	0.00448
6	0.02174	0.00825	0.01125	0.00862	0.01237	0.00712	0.00712	0.02362	0.01387	0.80282	0.01912	0.01649	0.01200	0.00600	0.00487	0.00150	0.00412	0.00487	0.00600	0.00825
7	0.00589	0.00426	0.00558	0.00663	0.00700	0.00395	0.00445	0.00676	0.00939	0.01242	0.02811	0.77787	0.07981	0.01500	0.00616	0.00195	0.00279	0.01355	0.00450	0.00395
8	0.02174	0.00825	0.01125	0.00862	0.01237	0.00712	0.00712	0.02362	0.01387	0.80282	0.01912	0.01649	0.01200	0.00600	0.00487	0.00150	0.00412	0.00487	0.00600	0.00825
9	0.01205	0.01041	0.01096	0.00986	0.01260	0.01205	0.00767	0.02575	0.79071	0.02027	0.01972	0.01808	0.01479	0.00657	0.00493	0.00164	0.00384	0.00548	0.00493	0.00767
10	0.00590	0.00422	0.00562	0.00675	0.00703	0.00394	0.00450	0.00675	0.00928	0.01237	0.02671	0.82653	0.03205	0.01518	0.00619	0.00197	0.00281	0.01378	0.00450	0.00394
11	0.01842	0.01357	0.01454	0.01115	0.01503	0.01503	0.00921	0.78330	0.02278	0.03054	0.01163	0.01163	0.00824	0.00582	0.00485	0.00145	0.00533	0.00436	0.00485	0.00824
12	0.01199	0.01151	0.01967	0.02974	0.79946	0.01151	0.01487	0.01487	0.01103	0.01583	0.00912	0.01199	0.00768	0.00432	0.00480	0.00144	0.00576	0.00432	0.00240	0.00768
13	0.00699	0.00493	0.00647	0.00647	0.00688	0.00534	0.00442	0.00781	0.00740	0.01028	0.01418	0.02570	0.01501	0.45340	0.39738	0.00616	0.00863	0.00617	0.00277	0.00360
14	0.00705	0.00470	0.00529	0.00529	0.00529	0.00470	0.00294	0.00705	0.00705	0.00940	0.01527	0.03171	0.01762	0.82969	0.02467	0.00470	0.00470	0.00705	0.00294	0.00294
15	0.00617	0.00493	0.00552	0.00537	0.00681	0.00428	0.00403	0.00780	0.01208	0.01555	0.33900	0.04259	0.50605	0.01136	0.00572	0.00159	0.00239	0.00966	0.00482	0.00428
16	0.00673	0.00485	0.00636	0.00619	0.00721	0.00448	0.00456	0.00881	0.01310	0.01846	0.69060	0.14528	0.04384	0.01064	0.00578	0.00159	0.00236	0.00946	0.00522	0.00448
17	0.00953	0.00773	0.00891	0.00890	0.01065	0.00850	0.00697	0.01730	0.40869	0.01695	0.02287	0.21518	0.02217	0.01033	0.00568	0.00187	0.00376	0.20333	0.00471	0.00598
18	0.00604	0.00492	0.00535	0.00524	0.00674	0.00423	0.00393	0.00757	0.01179	0.01487	0.25840	0.04372	0.58708	0.01161	0.00572	0.00160	0.00241	0.00982	0.00473	0.00423
