[name]
unknown

[dist]
# distance from previous block
# <min> <max>
1	43

[block]
# block no. 0 follows, 54 sequences, length 39
# corresponding to MSA columns:
# 44-82
name=unknown_A
#
# <colnr> <probs for GDERKNQSTAVLIFYWHMCP>
#	G	D	E	R	K	N	Q	S	T	A	V	L	I	F	Y	W	H	M	C	P
0	0.01055	0.35989	0.09836	0.04194	0.04383	0.03163	0.00835	0.03745	0.01029	0.03593	0.03751	0.21086	0.04117	0.00729	0.00434	0.00138	0.00464	0.00597	0.00299	0.00562
1	0.00890	0.16330	0.06014	0.00739	0.00920	0.00873	0.00624	0.06036	0.00900	0.01237	0.01191	0.01871	0.01156	0.23786	0.29674	0.00435	0.00756	0.00487	0.05620	0.00462
2	0.49155	0.01002	0.05099	0.02776	0.07398	0.03230	0.01772	0.01503	0.06014	0.08104	0.00949	0.01103	0.00738	0.03069	0.03228	0.00176	0.00455	0.00346	0.03315	0.00568
3	0.08966	0.04252	0.33853	0.02336	0.08997	0.04220	0.02124	0.06950	0.03920	0.01725	0.15401	0.01494	0.01364	0.00555	0.00452	0.00145	0.00535	0.00451	0.01628	0.00632
4	0.00661	0.03213	0.00843	0.00802	0.00881	0.00541	0.07553	0.00775	0.00917	0.01226	0.02318	0.70208	0.02733	0.01322	0.00621	0.00186	0.03175	0.01202	0.00404	0.00418
5	0.01005	0.03889	0.03542	0.18423	0.28087	0.01014	0.16249	0.01285	0.01016	0.01411	0.01112	0.11273	0.01015	0.00564	0.00500	0.00150	0.01631	0.00548	0.03712	0.03574
6	0.09770	0.13600	0.08219	0.04516	0.07589	0.40860	0.02630	0.05096	0.01200	0.01390	0.00760	0.00903	0.00619	0.00462	0.00406	0.00128	0.00694	0.00320	0.00246	0.00592
7	0.01317	0.74578	0.02346	0.00849	0.01238	0.08453	0.00818	0.03697	0.01026	0.01167	0.00675	0.00775	0.00611	0.00415	0.00318	0.00104	0.00533	0.00261	0.00213	0.00606
8	0.01057	0.13215	0.15991	0.01177	0.10122	0.04410	0.02166	0.03835	0.16347	0.02736	0.07344	0.13584	0.01542	0.00707	0.00476	0.00151	0.00480	0.03698	0.00343	0.00620
9	0.01354	0.06292	0.04156	0.01663	0.27949	0.13836	0.05532	0.09391	0.02939	0.10003	0.08807	0.01473	0.03438	0.00541	0.00468	0.00139	0.00554	0.00464	0.00332	0.00670
10	0.00650	0.00459	0.00544	0.00582	0.00623	0.00441	0.00384	0.00710	0.00836	0.01088	0.02326	0.22004	0.13359	0.43553	0.01525	0.00326	0.00381	0.09506	0.00359	0.00341
11	0.00813	0.03485	0.04332	0.02641	0.03701	0.00745	0.15437	0.02324	0.07388	0.01453	0.10246	0.10160	0.30671	0.03742	0.00600	0.00168	0.00414	0.00793	0.00378	0.00509
12	0.19691	0.01264	0.09409	0.15973	0.07407	0.09455	0.05147	0.09394	0.03945	0.09883	0.00965	0.01111	0.00713	0.00494	0.00465	0.00148	0.03217	0.00382	0.00307	0.00627
13	0.01090	0.01021	0.01155	0.03712	0.22331	0.12323	0.00853	0.05125	0.09983	0.03172	0.07079	0.02338	0.20072	0.00725	0.00492	0.00147	0.00461	0.03641	0.03690	0.00589
14	0.00955	0.05115	0.03461	0.00763	0.00934	0.12946	0.00601	0.04619	0.01200	0.04732	0.25687	0.19997	0.10774	0.03252	0.00576	0.00162	0.00394	0.02931	0.00416	0.00485
15	0.01093	0.06003	0.29859	0.01797	0.27397	0.06930	0.07773	0.01491	0.04257	0.01483	0.03180	0.04732	0.00908	0.00502	0.00465	0.00145	0.00617	0.00445	0.00248	0.00674
16	0.01530	0.07835	0.01415	0.01167	0.03103	0.44849	0.03131	0.06088	0.11982	0.03799	0.04089	0.01143	0.00907	0.00547	0.00517	0.00136	0.06475	0.00382	0.00303	0.00601
17	0.00745	0.00519	0.00610	0.00619	0.00666	0.00520	0.00400	0.07702	0.00921	0.01233	0.04339	0.31538	0.02221	0.44090	0.01526	0.00324	0.00390	0.00902	0.00364	0.00372
18	0.02442	0.14801	0.03076	0.01076	0.05963	0.02524	0.02541	0.25463	0.04516	0.12181	0.03807	0.01514	0.01076	0.00886	0.08621	0.00205	0.03835	0.04427	0.00378	0.00670
19	0.02624	0.01347	0.10953	0.02576	0.06543	0.11715	0.14415	0.15950	0.05099	0.10458	0.01382	0.09757	0.03786	0.00621	0.00491	0.00150	0.00579	0.00544	0.00355	0.00655
20	0.01639	0.00960	0.01108	0.00889	0.01200	0.00999	0.00721	0.29856	0.12603	0.27839	0.04744	0.01556	0.01211	0.00661	0.02230	0.00156	0.00431	0.00477	0.09991	0.00731
21	0.00572	0.00450	0.00518	0.00565	0.00665	0.00396	0.00402	0.00681	0.01012	0.01271	0.06799	0.37919	0.43227	0.01307	0.00578	0.00173	0.00256	0.02375	0.00441	0.00394
22	0.01301	0.38760	0.28093	0.01036	0.01516	0.09410	0.01118	0.03892	0.01082	0.08586	0.00850	0.00933	0.00660	0.00448	0.00383	0.00124	0.00593	0.00314	0.00248	0.00653
23	0.01097	0.01212	0.11353	0.04718	0.26124	0.06170	0.10419	0.01504	0.09311	0.04881	0.12761	0.03221	0.03972	0.00581	0.00493	0.00148	0.00535	0.00533	0.00322	0.00646
24	0.00577	0.00449	0.00525	0.00568	0.00665	0.00397	0.00402	0.00691	0.01029	0.01312	0.12173	0.38514	0.38435	0.01291	0.00576	0.00172	0.00252	0.01129	0.00447	0.00397
25	0.04462	0.07621	0.52018	0.04496	0.05627	0.01163	0.15165	0.01473	0.01007	0.01486	0.00846	0.01036	0.00623	0.00435	0.00453	0.00147	0.00679	0.00381	0.00212	0.00668
26	0.03500	0.06288	0.03432	0.01681	0.27259	0.09786	0.10039	0.03844	0.04462	0.18619	0.02211	0.01398	0.04325	0.00513	0.00465	0.00141	0.00553	0.00454	0.00338	0.00691
27	0.01241	0.35689	0.01648	0.04172	0.01251	0.04386	0.00774	0.14690	0.12400	0.01614	0.03365	0.04027	0.01119	0.03855	0.00486	0.00144	0.00474	0.04273	0.03779	0.00614
28	0.00603	0.00447	0.00567	0.00642	0.00707	0.00416	0.00452	0.00735	0.02465	0.01304	0.09865	0.57247	0.15310	0.01360	0.00592	0.00184	0.00275	0.05983	0.00446	0.00401
29	0.01285	0.10490	0.15084	0.01464	0.19600	0.03151	0.03631	0.06363	0.08963	0.13898	0.01261	0.08235	0.01038	0.00582	0.00492	0.00147	0.02805	0.00489	0.00335	0.00688
30	0.01151	0.06910	0.07863	0.03122	0.23381	0.09707	0.00981	0.03644	0.09620	0.06108	0.07931	0.05304	0.08081	0.00732	0.03278	0.00165	0.00526	0.00534	0.00333	0.00629
31	0.01834	0.00761	0.01019	0.00806	0.01122	0.00675	0.00655	0.05061	0.01364	0.63254	0.13027	0.05175	0.01700	0.00673	0.00491	0.00148	0.00375	0.00561	0.00564	0.00734
32	0.00868	0.00685	0.00754	0.03829	0.04508	0.07056	0.00561	0.03474	0.02404	0.04623	0.15199	0.28992	0.12857	0.00998	0.00519	0.00157	0.00341	0.00868	0.10833	0.00473
33	0.04600	0.05568	0.15548	0.10763	0.16225	0.05287	0.12650	0.06370	0.01167	0.12425	0.04160	0.01261	0.00887	0.00484	0.00465	0.00145	0.00593	0.00431	0.00301	0.00668
34	0.01086	0.07275	0.10989	0.00800	0.01035	0.00710	0.00709	0.01294	0.02716	0.19526	0.07375	0.18923	0.01951	0.13780	0.00810	0.00209	0.00420	0.09446	0.00405	0.00539
35	0.04494	0.05529	0.04430	0.07192	0.18386	0.02427	0.14380	0.01256	0.00923	0.01333	0.00904	0.01268	0.00780	0.01179	0.18482	0.00290	0.15497	0.00441	0.00232	0.00577
36	0.01299	0.16268	0.18663	0.04613	0.09903	0.13912	0.01071	0.06575	0.05101	0.08652	0.01146	0.01246	0.03910	0.00603	0.02991	0.00154	0.00604	0.00393	0.02251	0.00647
37	0.06940	0.07899	0.13103	0.02840	0.07433	0.11955	0.02815	0.14423	0.01183	0.01605	0.01098	0.01416	0.03229	0.09139	0.08621	0.00231	0.01987	0.00426	0.03074	0.00584
38	0.02901	0.11275	0.13184	0.14708	0.06678	0.00998	0.03319	0.01244	0.03109	0.01330	0.00952	0.01257	0.00798	0.01209	0.20653	0.00285	0.02072	0.00392	0.00240	0.13394

[dist]
# distance from previous block
# <min> <max>
0	2

[block]
# block no. 1 follows, 54 sequences, length 32
# corresponding to MSA columns:
# 85-116
name=unknown_B
#
# <colnr> <probs for GDERKNQSTAVLIFYWHMCP>
#	G	D	E	R	K	N	Q	S	T	A	V	L	I	F	Y	W	H	M	C	P
0	0.00620	0.00435	0.00559	0.00641	0.00669	0.00417	0.00430	0.00695	0.00866	0.01151	0.02309	0.55539	0.02727	0.22049	0.01058	0.00261	0.00335	0.08476	0.00399	0.00363
1	0.01430	0.01138	0.01195	0.00999	0.01312	0.02950	0.00797	0.29863	0.45596	0.04627	0.01578	0.01488	0.01163	0.00600	0.00472	0.00149	0.00436	0.00480	0.00469	0.03259
2	0.00886	0.00718	0.00886	0.03021	0.04547	0.00743	0.02814	0.01425	0.26987	0.03790	0.08855	0.19884	0.15504	0.04783	0.00613	0.00176	0.00347	0.00804	0.00430	0.02786
3	0.01136	0.12316	0.50046	0.02571	0.01894	0.14818	0.07904	0.01546	0.01058	0.01385	0.00812	0.00969	0.00610	0.00445	0.00436	0.00140	0.00706	0.00347	0.00210	0.00652
4	0.01045	0.25931	0.54259	0.01221	0.01822	0.01323	0.05387	0.01471	0.00991	0.01383	0.00796	0.00940	0.00606	0.00432	0.00411	0.00136	0.00646	0.00331	0.00202	0.00667
5	0.01114	0.01166	0.04530	0.11235	0.49050	0.01136	0.20214	0.01431	0.01059	0.01487	0.00891	0.01194	0.00719	0.00429	0.00511	0.00148	0.02315	0.00451	0.00230	0.00689
6	0.00691	0.00495	0.00592	0.00559	0.00701	0.00438	0.00422	0.00871	0.01232	0.05337	0.46709	0.03834	0.34314	0.01037	0.00553	0.00153	0.00237	0.00891	0.00490	0.00443
7	0.01075	0.01051	0.03620	0.20677	0.57049	0.01066	0.01370	0.01352	0.01026	0.01436	0.00917	0.03285	0.00779	0.00491	0.00507	0.02385	0.00568	0.00441	0.00232	0.00672
8	0.00633	0.00453	0.00599	0.00646	0.00689	0.00462	0.00444	0.00725	0.00827	0.01123	0.03656	0.35916	0.04676	0.22184	0.23112	0.00410	0.00589	0.02134	0.00351	0.00372
9	0.01252	0.81393	0.04712	0.00822	0.01234	0.01844	0.00833	0.01414	0.00959	0.01120	0.00661	0.00763	0.00605	0.00405	0.00307	0.00102	0.00510	0.00255	0.00202	0.00608
10	0.01398	0.01168	0.01089	0.00954	0.01203	0.16117	0.00738	0.21643	0.19376	0.09599	0.01703	0.17746	0.03658	0.00769	0.00493	0.00153	0.00479	0.00631	0.00434	0.00646
11	0.00673	0.00499	0.00682	0.00696	0.00741	0.00553	0.00498	0.00774	0.00770	0.01074	0.01590	0.20494	0.01729	0.24053	0.38117	0.00521	0.05119	0.00737	0.00301	0.00382
12	0.00639	0.00431	0.00534	0.00606	0.00669	0.00404	0.00425	0.00762	0.00962	0.01348	0.05841	0.53843	0.10652	0.01253	0.00549	0.00173	0.00265	0.04467	0.15777	0.00399
13	0.01596	0.00810	0.01008	0.00817	0.01109	0.00780	0.00658	0.11581	0.10390	0.42023	0.18482	0.02091	0.05134	0.00694	0.00495	0.00148	0.00368	0.00576	0.00538	0.00703
14	0.00676	0.00497	0.00714	0.00714	0.00783	0.00566	0.00535	0.00814	0.00745	0.01062	0.01303	0.02073	0.01275	0.17849	0.67380	0.00704	0.01119	0.00538	0.00259	0.00397
15	0.01266	0.00709	0.00837	0.00735	0.00943	0.00707	0.00570	0.15649	0.04798	0.20616	0.05135	0.21202	0.03083	0.00815	0.00475	0.00148	0.00338	0.00691	0.20690	0.00592
16	0.00919	0.00861	0.00799	0.00765	0.02091	0.13339	0.00566	0.01302	0.15419	0.01633	0.32074	0.05156	0.18867	0.00871	0.00515	0.00148	0.00358	0.00733	0.03074	0.00508
17	0.01747	0.01918	0.01349	0.01165	0.01450	0.54094	0.00900	0.25248	0.04702	0.01737	0.00898	0.00972	0.00699	0.00516	0.00441	0.00129	0.00731	0.00349	0.00322	0.00632
18	0.01605	0.01175	0.01271	0.01023	0.01361	0.01303	0.00829	0.46808	0.28672	0.08656	0.01458	0.01383	0.01049	0.00593	0.00475	0.00148	0.00460	0.00466	0.00483	0.00783
19	0.00574	0.00410	0.00547	0.00657	0.00684	0.00383	0.00438	0.00657	0.00903	0.01204	0.02599	0.83122	0.03119	0.01477	0.00602	0.00191	0.00274	0.01340	0.00438	0.00383
20	0.00675	0.00477	0.00606	0.00606	0.00646	0.00505	0.00406	0.00745	0.00732	0.01000	0.01554	0.02679	0.05182	0.48862	0.32754	0.00559	0.00757	0.00631	0.00280	0.00343
21	0.00806	0.00414	0.00605	0.00605	0.00605	0.00414	0.00397	0.00621	0.00621	0.00828	0.00884	0.01594	0.00906	0.09599	0.01897	0.77928	0.00414	0.00436	0.00213	0.00213
22	0.00716	0.00529	0.00699	0.00784	0.00903	0.00511	0.00673	0.00912	0.01083	0.01381	0.02990	0.05150	0.19501	0.01279	0.00631	0.00205	0.00392	0.60801	0.00435	0.00426
23	0.00936	0.00972	0.04751	0.01076	0.01170	0.06134	0.03272	0.01095	0.00799	0.01148	0.00899	0.01348	0.00840	0.01838	0.32796	0.00413	0.39350	0.00444	0.00227	0.00492
24	0.00811	0.00830	0.11123	0.05058	0.01159	0.00663	0.04368	0.06311	0.01073	0.03565	0.11364	0.42826	0.02391	0.01152	0.03332	0.00192	0.01959	0.00938	0.00391	0.00494
25	0.01159	0.01107	0.01856	0.05062	0.74252	0.01121	0.01407	0.01494	0.05066	0.01553	0.00938	0.01200	0.00779	0.00433	0.00468	0.00142	0.00553	0.00426	0.00245	0.00740
26	0.00620	0.00437	0.00564	0.00647	0.00706	0.00402	0.00450	0.00720	0.00955	0.03115	0.04737	0.65395	0.12823	0.01399	0.00595	0.00187	0.00279	0.05129	0.00443	0.00399
27	0.01031	0.03232	0.01813	0.06455	0.04260	0.07146	0.35336	0.01411	0.08807	0.01457	0.05473	0.13027	0.05498	0.00664	0.00549	0.00159	0.02135	0.00660	0.00312	0.00576
28	0.82976	0.00930	0.00725	0.00641	0.00936	0.01076	0.00528	0.04839	0.00865	0.02154	0.00678	0.00782	0.00524	0.00443	0.00300	0.00146	0.00372	0.00263	0.00300	0.00524
29	0.01175	0.09429	0.10986	0.11450	0.05572	0.03094	0.01810	0.12763	0.03654	0.09899	0.13668	0.09792	0.01598	0.00669	0.00475	0.00146	0.00473	0.00563	0.02168	0.00615
30	0.01207	0.56261	0.01987	0.00820	0.01196	0.05895	0.00763	0.01426	0.04667	0.01244	0.00846	0.01083	0.00770	0.00456	0.00344	0.00105	0.00486	0.04247	0.00243	0.15953
31	0.01053	0.01026	0.08758	0.00803	0.01101	0.09522	0.00689	0.02750	0.04673	0.08513	0.21451	0.05413	0.08519	0.00685	0.00467	0.00128	0.00403	0.00569	0.00387	0.23091

[dist]
# distance from previous block
# <min> <max>
0	3

[block]
# block no. 2 follows, 54 sequences, length 23
# corresponding to MSA columns:
# 120-142
name=unknown_C
#
# <colnr> <probs for GDERKNQSTAVLIFYWHMCP>
#	G	D	E	R	K	N	Q	S	T	A	V	L	I	F	Y	W	H	M	C	P
0	0.01131	0.16575	0.04877	0.01188	0.02922	0.04115	0.01017	0.04713	0.00871	0.01236	0.00667	0.00980	0.00626	0.00700	0.01163	0.00177	0.55886	0.00377	0.00219	0.00558
1	0.35070	0.14278	0.07120	0.00839	0.01176	0.01123	0.04208	0.06671	0.02442	0.07316	0.00908	0.01052	0.00717	0.00841	0.10600	0.00213	0.00557	0.00340	0.00299	0.04231
2	0.00578	0.00478	0.00507	0.00500	0.00650	0.00407	0.00375	0.00718	0.01125	0.01392	0.19282	0.04342	0.65718	0.01150	0.00557	0.00157	0.00236	0.00968	0.00453	0.00407
3	0.00929	0.00830	0.01336	0.05514	0.43054	0.00828	0.01054	0.01149	0.01034	0.01418	0.01747	0.19015	0.06940	0.00827	0.00529	0.00164	0.00463	0.12259	0.00319	0.00591
4	0.02933	0.05475	0.01442	0.01149	0.01288	0.10106	0.00952	0.13860	0.01087	0.07009	0.00803	0.01049	0.00683	0.00701	0.01089	0.00176	0.48934	0.00396	0.00281	0.00590
5	0.01118	0.46802	0.38130	0.01051	0.01587	0.01516	0.01232	0.01449	0.00975	0.01284	0.00742	0.00865	0.00602	0.00424	0.00369	0.00123	0.00592	0.00296	0.00201	0.00647
6	0.00584	0.00421	0.00556	0.00661	0.00699	0.00393	0.00453	0.00676	0.00921	0.01219	0.02690	0.75162	0.06550	0.01455	0.00603	0.00192	0.00281	0.05663	0.00437	0.00387
7	0.19699	0.13958	0.12020	0.05510	0.01442	0.04312	0.00907	0.20317	0.05277	0.10840	0.01009	0.01059	0.00738	0.00495	0.00403	0.00139	0.00506	0.00358	0.00345	0.00667
8	0.00911	0.00859	0.01451	0.76418	0.08966	0.01053	0.01320	0.01223	0.00952	0.01230	0.00842	0.01250	0.00637	0.00468	0.00471	0.00156	0.00623	0.00419	0.00211	0.00540
9	0.01160	0.00636	0.00802	0.00691	0.00903	0.00589	0.00542	0.03369	0.06570	0.26028	0.39662	0.02882	0.12525	0.00844	0.00524	0.00150	0.00297	0.00722	0.00525	0.00578
10	0.01011	0.00961	0.01632	0.47723	0.36879	0.01079	0.01369	0.01310	0.01000	0.01351	0.00859	0.01218	0.00680	0.00449	0.00469	0.00150	0.00599	0.00419	0.00220	0.00621
11	0.01114	0.06969	0.48590	0.01374	0.01953	0.01151	0.16799	0.07250	0.01134	0.05701	0.02965	0.01142	0.00765	0.00464	0.00466	0.00147	0.00664	0.00409	0.00255	0.00686
12	0.01317	0.00696	0.00877	0.00784	0.01011	0.00668	0.00622	0.02998	0.13242	0.32252	0.08040	0.15941	0.07144	0.00891	0.00525	0.00164	0.00354	0.09510	0.02344	0.00621
13	0.00663	0.00486	0.00641	0.00734	0.00821	0.00464	0.00584	0.00818	0.01019	0.01317	0.02882	0.32680	0.14758	0.01348	0.00619	0.00199	0.00347	0.38773	0.00436	0.00411
14	0.01307	0.00856	0.05534	0.03277	0.13920	0.00733	0.05275	0.01536	0.01188	0.30073	0.13739	0.11661	0.03166	0.00750	0.00515	0.00156	0.00428	0.04806	0.00439	0.00640
15	0.00890	0.00838	0.01414	0.82296	0.03247	0.01048	0.01309	0.01205	0.00943	0.01205	0.00838	0.01257	0.00629	0.00471	0.00471	0.00157	0.00629	0.00419	0.00210	0.00524
16	0.01117	0.38314	0.12559	0.00957	0.01308	0.05904	0.04578	0.05254	0.03074	0.01337	0.01204	0.14401	0.01200	0.00667	0.00428	0.00138	0.00519	0.06178	0.00281	0.00581
17	0.01131	0.01176	0.04819	0.04253	0.57701	0.01117	0.17531	0.01444	0.01077	0.01522	0.00943	0.01299	0.00787	0.00442	0.00490	0.00147	0.00612	0.02564	0.00238	0.00709
18	0.01005	0.01778	0.42305	0.03013	0.04056	0.01081	0.25074	0.02802	0.03415	0.01526	0.01073	0.01524	0.00867	0.00521	0.00503	0.00159	0.00684	0.07712	0.00248	0.00655
19	0.00596	0.00490	0.00526	0.00525	0.00670	0.00429	0.00390	0.00767	0.03516	0.01393	0.17064	0.09949	0.59718	0.01159	0.00558	0.00160	0.00243	0.00982	0.00453	0.00415
20	0.01161	0.03899	0.01267	0.01226	0.09207	0.23159	0.00883	0.01401	0.07145	0.01238	0.01000	0.03699	0.00907	0.01360	0.20977	0.00307	0.19925	0.00439	0.00259	0.00541
21	0.01338	0.46542	0.15738	0.00907	0.01334	0.01432	0.00933	0.03957	0.03041	0.14712	0.00978	0.01034	0.00757	0.00537	0.02461	0.00137	0.00529	0.00330	0.02647	0.00655
22	0.01505	0.01308	0.01400	0.11875	0.07592	0.16071	0.00991	0.29082	0.01474	0.08141	0.00986	0.01140	0.00751	0.00644	0.02712	0.00166	0.12753	0.00405	0.00341	0.00662

[dist]
# distance from previous block
# <min> <max>
1	2

[block]
# block no. 3 follows, 54 sequences, length 17
# corresponding to MSA columns:
# 145-161
name=unknown_D
#
# <colnr> <probs for GDERKNQSTAVLIFYWHMCP>
#	G	D	E	R	K	N	Q	S	T	A	V	L	I	F	Y	W	H	M	C	P
0	0.01207	0.00958	0.03899	0.01032	0.09889	0.07835	0.00736	0.11205	0.05389	0.15397	0.02436	0.13082	0.23286	0.00841	0.00508	0.00153	0.00420	0.00706	0.00421	0.00599
1	0.01252	0.00805	0.01264	0.43783	0.06412	0.00883	0.01065	0.01513	0.01088	0.24862	0.01351	0.01863	0.01055	0.00606	0.00494	0.00160	0.00533	0.10052	0.00350	0.00607
2	0.00987	0.00868	0.01086	0.00786	0.01186	0.00697	0.04218	0.01200	0.00971	0.01514	0.00832	0.00994	0.00695	0.00376	0.00421	0.00081	0.04623	0.00299	0.00274	0.77892
3	0.00856	0.00786	0.01245	0.36919	0.05140	0.00908	0.05697	0.01142	0.03493	0.01404	0.18101	0.04318	0.07760	0.00698	0.00621	0.00161	0.09331	0.00594	0.00310	0.00515
4	0.00586	0.00428	0.00552	0.00628	0.00682	0.00394	0.00430	0.00693	0.00985	0.01313	0.14303	0.63071	0.11454	0.01371	0.00590	0.00182	0.00262	0.01232	0.00450	0.00394
5	0.01316	0.64840	0.02343	0.00973	0.01361	0.12776	0.08059	0.01486	0.01024	0.01153	0.00693	0.00817	0.00616	0.00414	0.00343	0.00109	0.00579	0.00287	0.00211	0.00600
6	0.03110	0.00876	0.01507	0.03768	0.22072	0.00855	0.19476	0.01221	0.03133	0.01530	0.11611	0.05455	0.12065	0.00744	0.00536	0.00161	0.00497	0.10476	0.00338	0.00571
7	0.08212	0.11093	0.03572	0.01148	0.08698	0.03130	0.09266	0.07789	0.03292	0.13804	0.01022	0.01111	0.00772	0.00450	0.00429	0.00121	0.01843	0.00370	0.00326	0.23549
8	0.01947	0.00765	0.01040	0.00810	0.01145	0.00664	0.00664	0.02134	0.01348	0.71613	0.10999	0.01828	0.01550	0.00628	0.00484	0.00146	0.00380	0.00518	0.00576	0.00761
9	0.01944	0.00862	0.01105	0.00871	0.01220	0.00809	0.00712	0.06003	0.14314	0.64071	0.01835	0.01608	0.01195	0.00592	0.00475	0.00148	0.00402	0.00482	0.00561	0.00793
10	0.18881	0.01109	0.04617	0.04411	0.43399	0.02341	0.07506	0.01477	0.01037	0.07061	0.01018	0.01211	0.02999	0.00459	0.00440	0.00144	0.00531	0.00413	0.00274	0.00671
11	0.00890	0.00838	0.01414	0.82296	0.03247	0.01048	0.01309	0.01205	0.00943	0.01205	0.00838	0.01257	0.00629	0.00471	0.00471	0.00157	0.00629	0.00419	0.00210	0.00524
12	0.00693	0.00465	0.00537	0.00547	0.00557	0.00465	0.00330	0.00713	0.00723	0.00960	0.01579	0.03293	0.01807	0.75806	0.02238	0.00435	0.00455	0.07799	0.00299	0.00299
13	0.00588	0.00479	0.00521	0.00510	0.00656	0.00411	0.00383	0.00737	0.01148	0.01447	0.25978	0.04252	0.58987	0.01129	0.00557	0.00156	0.00234	0.00955	0.00461	0.00411
14	0.01380	0.00911	0.01447	0.34490	0.19260	0.00963	0.02745	0.03926	0.01145	0.27238	0.01192	0.01347	0.00836	0.00498	0.00473	0.00149	0.00540	0.00440	0.00345	0.00673
15	0.06156	0.01005	0.01211	0.07836	0.01405	0.07298	0.00835	0.07002	0.01217	0.42465	0.01323	0.01325	0.00909	0.00606	0.00677	0.00157	0.17031	0.00429	0.00426	0.00686
16	0.80083	0.00944	0.00750	0.00657	0.00955	0.01090	0.00541	0.07479	0.00914	0.02183	0.00694	0.00795	0.00534	0.00448	0.00306	0.00146	0.00377	0.00269	0.00306	0.00534

[dist]
# distance from previous block
# <min> <max>
0	2

[block]
# block no. 4 follows, 54 sequences, length 8
# corresponding to MSA columns:
# 164-171
name=unknown_E
#
# <colnr> <probs for GDERKNQSTAVLIFYWHMCP>
#	G	D	E	R	K	N	Q	S	T	A	V	L	I	F	Y	W	H	M	C	P
0	0.00651	0.00492	0.00652	0.00781	0.04189	0.00478	0.00521	0.00833	0.05955	0.01286	0.02566	0.65326	0.06133	0.01353	0.00590	0.00188	0.00303	0.06846	0.00431	0.00426
1	0.00867	0.00773	0.01163	0.01022	0.01085	0.00977	0.05895	0.00988	0.00752	0.01111	0.00949	0.01505	0.00915	0.06665	0.32012	0.06068	0.36097	0.00473	0.00231	0.00454
2	0.01052	0.37285	0.08827	0.00827	0.01160	0.01289	0.00780	0.01513	0.19425	0.01419	0.06253	0.04735	0.12374	0.00647	0.00419	0.00133	0.00429	0.00507	0.00327	0.00600
3	0.08677	0.00872	0.04149	0.29272	0.01852	0.00945	0.00943	0.05545	0.01034	0.14515	0.03147	0.04836	0.01034	0.02695	0.08258	0.00224	0.08969	0.02148	0.00320	0.00565
4	0.01188	0.11232	0.01397	0.01247	0.13823	0.20034	0.06049	0.06370	0.01068	0.01280	0.01038	0.01646	0.01005	0.24888	0.05577	0.00260	0.00645	0.00464	0.00264	0.00525
5	0.01136	0.17441	0.08892	0.11084	0.09301	0.13902	0.06251	0.05037	0.01164	0.01451	0.13320	0.03205	0.04731	0.00581	0.00454	0.00137	0.00558	0.00482	0.00292	0.00581
6	0.01141	0.15638	0.09729	0.07585	0.24041	0.01154	0.03396	0.03380	0.08445	0.03432	0.00958	0.01117	0.00764	0.00438	0.00418	0.00125	0.00513	0.00372	0.00269	0.17084
7	0.01250	0.08683	0.09151	0.01188	0.08806	0.14369	0.03591	0.03382	0.02805	0.10808	0.03576	0.02095	0.03505	0.00684	0.00528	0.00151	0.04028	0.15673	0.00336	0.05389

[dist]
# distance from previous block
# <min> <max>
8	96

# created by:
# /st0/software/busco_prod/Augustus/scripts/msa2prfl.pl ./align_prep/75990.fa
