[name]
unknown

[dist]
# distance from previous block
# <min> <max>
16	109

[block]
# block no. 0 follows, 51 sequences, length 15
# corresponding to MSA columns:
# 141-155
name=unknown_A
#
# <colnr> <probs for GDERKNQSTAVLIFYWHMCP>
#	G	D	E	R	K	N	Q	S	T	A	V	L	I	F	Y	W	H	M	C	P
0	0.08335	0.10145	0.07535	0.04706	0.01458	0.14547	0.00887	0.13363	0.04069	0.10766	0.01105	0.01174	0.02359	0.00520	0.00459	0.00132	0.02769	0.00377	0.00343	0.14949
1	0.09966	0.12912	0.22175	0.01039	0.04037	0.03919	0.01007	0.03370	0.06512	0.08561	0.06835	0.01552	0.04306	0.00635	0.02037	0.00155	0.00528	0.02184	0.00331	0.07942
2	0.01084	0.04841	0.38068	0.01747	0.17982	0.01191	0.11219	0.01486	0.01038	0.02914	0.00944	0.03005	0.00758	0.00595	0.02458	0.00175	0.09128	0.00439	0.00235	0.00694
3	0.08855	0.09933	0.25659	0.01419	0.01918	0.01251	0.27167	0.09447	0.01169	0.01702	0.00955	0.01242	0.00753	0.05700	0.00607	0.00173	0.00674	0.00448	0.00266	0.00662
4	0.01084	0.01898	0.40469	0.18721	0.06853	0.08410	0.07945	0.01505	0.01056	0.01442	0.00867	0.01119	0.00651	0.00493	0.00548	0.00159	0.05498	0.00401	0.00220	0.00660
5	0.32762	0.01463	0.22938	0.00980	0.01434	0.01139	0.00990	0.17198	0.01256	0.09204	0.00965	0.01035	0.00693	0.00495	0.00408	0.00147	0.00511	0.00351	0.00342	0.05689
6	0.01376	0.00978	0.03869	0.00921	0.01182	0.09237	0.04315	0.07827	0.02771	0.24496	0.15420	0.15154	0.05959	0.00860	0.00539	0.00161	0.00447	0.03383	0.00479	0.00625
7	0.00641	0.00442	0.00584	0.00677	0.00705	0.00421	0.00456	0.00706	0.00906	0.01206	0.02444	0.62885	0.02895	0.11492	0.00941	0.05579	0.00328	0.05893	0.00421	0.00378
8	0.00585	0.00480	0.00516	0.00545	0.00676	0.00411	0.00394	0.00700	0.01075	0.01309	0.04405	0.24340	0.60224	0.01319	0.00593	0.00174	0.00258	0.01128	0.00456	0.00411
9	0.01150	0.01211	0.06925	0.16232	0.58814	0.01156	0.04411	0.01471	0.01092	0.01542	0.00916	0.01225	0.00746	0.00448	0.00490	0.00150	0.00614	0.00438	0.00237	0.00731
10	0.01117	0.01080	0.01888	0.23152	0.51021	0.01129	0.07731	0.01421	0.01081	0.01501	0.00975	0.03904	0.00825	0.00486	0.00500	0.00154	0.00613	0.00481	0.00244	0.00696
11	0.00676	0.00471	0.00598	0.00633	0.00660	0.00480	0.00411	0.00738	0.00800	0.01085	0.01863	0.27642	0.02131	0.41562	0.17625	0.00453	0.00585	0.00890	0.00340	0.00358
12	0.00700	0.00513	0.00665	0.00673	0.00790	0.00478	0.00528	0.00911	0.01279	0.01747	0.49464	0.07912	0.12931	0.01139	0.00605	0.00174	0.00287	0.18245	0.00507	0.00452
13	0.05605	0.01353	0.04243	0.05205	0.01689	0.14125	0.13777	0.15428	0.01386	0.20713	0.01151	0.01247	0.00827	0.00569	0.00624	0.00158	0.10385	0.00445	0.00375	0.00696
14	0.58006	0.03807	0.01064	0.12855	0.04446	0.04753	0.02851	0.04395	0.00965	0.01977	0.00753	0.00923	0.00585	0.00466	0.00360	0.00151	0.00475	0.00316	0.00289	0.00564

[dist]
# distance from previous block
# <min> <max>
0	3

[block]
# block no. 1 follows, 51 sequences, length 20
# corresponding to MSA columns:
# 159-178
name=unknown_B
#
# <colnr> <probs for GDERKNQSTAVLIFYWHMCP>
#	G	D	E	R	K	N	Q	S	T	A	V	L	I	F	Y	W	H	M	C	P
0	0.02658	0.00542	0.00648	0.02536	0.00847	0.00492	0.00505	0.00945	0.01114	0.09252	0.07937	0.22354	0.37719	0.01213	0.00585	0.00178	0.00308	0.09233	0.00467	0.00466
1	0.01392	0.07243	0.26614	0.01166	0.01639	0.01357	0.01172	0.30084	0.20349	0.02220	0.01250	0.01266	0.00915	0.00558	0.00474	0.00152	0.00562	0.00432	0.00384	0.00773
2	0.00710	0.00496	0.00633	0.00633	0.00666	0.00529	0.00418	0.00777	0.00743	0.01025	0.01460	0.02726	0.01574	0.52580	0.32360	0.00596	0.00797	0.00643	0.00285	0.00352
3	0.01501	0.01322	0.01353	0.01039	0.01433	0.12904	0.04414	0.33394	0.01620	0.02165	0.00990	0.01081	0.00760	0.00482	0.00439	0.00116	0.00537	0.00372	0.00367	0.33712
4	0.01170	0.45815	0.34964	0.01129	0.01681	0.01578	0.04676	0.01511	0.01022	0.01342	0.00780	0.00916	0.00632	0.00440	0.00390	0.00129	0.00623	0.00319	0.00211	0.00672
5	0.00710	0.00508	0.00686	0.00686	0.00761	0.00556	0.00504	0.00845	0.00815	0.01160	0.01678	0.02440	0.07521	0.21475	0.50935	0.00622	0.00964	0.00605	0.06123	0.00406
6	0.01098	0.01044	0.06185	0.01191	0.01488	0.05811	0.24261	0.04967	0.01155	0.05506	0.08137	0.01715	0.01296	0.01185	0.16744	0.00277	0.00727	0.00534	0.16104	0.00577
7	0.01480	0.01204	0.07348	0.04685	0.14672	0.05038	0.01006	0.05105	0.31351	0.20441	0.01579	0.01537	0.01140	0.00581	0.00490	0.00156	0.00496	0.00485	0.00436	0.00770
8	0.01111	0.01187	0.06803	0.25534	0.43111	0.01153	0.11058	0.01446	0.01080	0.01497	0.00916	0.01246	0.00729	0.00452	0.00498	0.00154	0.00644	0.00451	0.00234	0.00693
9	0.00695	0.00501	0.00672	0.00775	0.00854	0.00483	0.00610	0.00849	0.01041	0.01357	0.02788	0.37447	0.08401	0.03467	0.00696	0.00217	0.00369	0.37903	0.00450	0.00424
10	0.16852	0.09009	0.30040	0.01314	0.01814	0.01235	0.18779	0.01568	0.05649	0.01659	0.00909	0.01085	0.00691	0.00475	0.00499	0.00153	0.04246	0.00398	0.00255	0.03369
11	0.01235	0.09600	0.06359	0.04941	0.01668	0.01071	0.17241	0.03031	0.12799	0.09327	0.01159	0.01265	0.00878	0.00466	0.00453	0.00128	0.00527	0.00423	0.00331	0.27096
12	0.21785	0.13932	0.10833	0.00973	0.01289	0.09891	0.00899	0.09670	0.01150	0.01728	0.01150	0.05007	0.01081	0.00685	0.00522	0.00160	0.06083	0.12257	0.00316	0.00590
13	0.04547	0.41578	0.23112	0.01019	0.01498	0.01561	0.01088	0.13443	0.01226	0.01646	0.04512	0.01052	0.00845	0.00488	0.00396	0.00129	0.00563	0.00347	0.00273	0.00677
14	0.06325	0.29114	0.34020	0.01060	0.01536	0.01294	0.03315	0.01381	0.00988	0.01398	0.01046	0.10292	0.00979	0.04650	0.00528	0.00160	0.00578	0.00464	0.00248	0.00622
15	0.01122	0.32011	0.15560	0.00906	0.01263	0.06131	0.00889	0.01335	0.01033	0.04983	0.01404	0.12564	0.04888	0.06513	0.00585	0.00163	0.00519	0.03445	0.00295	0.04391
16	0.01147	0.51132	0.25631	0.00985	0.01467	0.01559	0.01093	0.01424	0.01013	0.01289	0.01041	0.04893	0.04470	0.00526	0.00388	0.00128	0.00561	0.00383	0.00233	0.00638
17	0.01116	0.37924	0.25478	0.00991	0.01438	0.01391	0.01069	0.06101	0.01084	0.01415	0.01233	0.08148	0.05596	0.00742	0.04167	0.00167	0.00587	0.00459	0.00265	0.00631
18	0.04469	0.31529	0.28561	0.01030	0.01495	0.06804	0.01113	0.02466	0.01080	0.05114	0.03095	0.06032	0.04166	0.00570	0.00422	0.00138	0.00575	0.00429	0.00271	0.00641
19	0.03916	0.28517	0.22530	0.01052	0.01488	0.05920	0.04262	0.08395	0.01181	0.03284	0.05572	0.05111	0.03814	0.00645	0.02193	0.00153	0.00586	0.00449	0.00291	0.00642

[dist]
# distance from previous block
# <min> <max>
19	98

[block]
# block no. 2 follows, 51 sequences, length 56
# corresponding to MSA columns:
# 284-339
name=unknown_C
#
# <colnr> <probs for GDERKNQSTAVLIFYWHMCP>
#	G	D	E	R	K	N	Q	S	T	A	V	L	I	F	Y	W	H	M	C	P
0	0.11679	0.00854	0.01279	0.43952	0.12807	0.00984	0.01077	0.01266	0.00969	0.04179	0.02986	0.01587	0.00944	0.12620	0.00766	0.00205	0.00566	0.00470	0.00266	0.00547
1	0.01001	0.00970	0.01658	0.48633	0.05386	0.01119	0.14432	0.03364	0.04101	0.01403	0.01216	0.01547	0.06160	0.00564	0.00592	0.00167	0.06341	0.00507	0.00259	0.00581
2	0.01068	0.01016	0.01727	0.43380	0.40458	0.01129	0.01434	0.01378	0.01049	0.01426	0.00898	0.01265	0.00715	0.00465	0.00489	0.00155	0.00620	0.00437	0.00230	0.00659
3	0.01283	0.03936	0.01386	0.31422	0.03674	0.01197	0.01022	0.25869	0.09049	0.01991	0.01120	0.01305	0.00840	0.00530	0.00466	0.00145	0.00535	0.00432	0.05498	0.08300
4	0.01093	0.00973	0.01593	0.01234	0.01517	0.03922	0.29771	0.08583	0.01232	0.04727	0.11713	0.04994	0.05505	0.13503	0.00856	0.00209	0.00566	0.02727	0.04718	0.00562
5	0.00606	0.00433	0.00578	0.00692	0.00724	0.00405	0.00468	0.00696	0.00948	0.01262	0.02705	0.79692	0.03235	0.01533	0.00629	0.00201	0.00291	0.04046	0.00456	0.00401
6	0.01439	0.01323	0.01249	0.03816	0.01424	0.17120	0.00791	0.24769	0.01487	0.01964	0.00944	0.01051	0.00739	0.00466	0.00423	0.00110	0.00534	0.00347	0.00342	0.39660
7	0.01430	0.00879	0.01055	0.00832	0.01191	0.00797	0.00666	0.01916	0.19473	0.27225	0.06896	0.01606	0.01338	0.00559	0.00453	0.00126	0.00378	0.00461	0.00461	0.32258
8	0.02205	0.00836	0.01140	0.00874	0.01254	0.00722	0.00722	0.02395	0.01407	0.80004	0.01939	0.01673	0.01216	0.00608	0.00494	0.00152	0.00418	0.00494	0.00608	0.00836
9	0.00599	0.00428	0.00570	0.00684	0.00713	0.00399	0.00456	0.00684	0.00941	0.01254	0.02709	0.82409	0.03250	0.01540	0.00627	0.00200	0.00285	0.01397	0.00456	0.00399
10	0.01114	0.01244	0.02681	0.01940	0.02397	0.01167	0.70258	0.01506	0.01159	0.01573	0.03586	0.04166	0.01022	0.00502	0.00585	0.00169	0.00779	0.03241	0.00272	0.00641
11	0.86201	0.00950	0.00722	0.00646	0.00950	0.01102	0.00532	0.01445	0.00836	0.02205	0.00684	0.00798	0.00532	0.00456	0.00304	0.00152	0.00380	0.00266	0.00304	0.00532
12	0.00602	0.00430	0.00573	0.00682	0.00713	0.00401	0.00456	0.00692	0.00955	0.01277	0.05095	0.79958	0.03293	0.01523	0.00626	0.00198	0.00283	0.01381	0.00459	0.00401
13	0.00792	0.00566	0.00792	0.00905	0.01018	0.00566	0.00792	0.01018	0.01131	0.01471	0.02602	0.05543	0.02828	0.01358	0.00679	0.00226	0.00453	0.76356	0.00453	0.00453
14	0.86201	0.00950	0.00722	0.00646	0.00950	0.01102	0.00532	0.01445	0.00836	0.02205	0.00684	0.00798	0.00532	0.00456	0.00304	0.00152	0.00380	0.00266	0.00304	0.00532
15	0.01049	0.02100	0.52095	0.01644	0.02287	0.01178	0.29460	0.01563	0.01082	0.01563	0.00923	0.01142	0.00667	0.00448	0.00508	0.00159	0.00763	0.00442	0.00222	0.00703
16	0.02205	0.00836	0.01140	0.00874	0.01254	0.00722	0.00722	0.02395	0.01407	0.80004	0.01939	0.01673	0.01216	0.00608	0.00494	0.00152	0.00418	0.00494	0.00608	0.00836
17	0.01836	0.02342	0.01393	0.01266	0.01519	0.80756	0.00950	0.01962	0.01393	0.01203	0.00760	0.00886	0.00633	0.00506	0.00443	0.00127	0.00886	0.00317	0.00253	0.00570
18	0.00598	0.00429	0.00568	0.00680	0.00712	0.00400	0.00454	0.00685	0.00945	0.01256	0.02766	0.80438	0.05183	0.01532	0.00626	0.00199	0.00284	0.01388	0.00456	0.00400
19	0.01361	0.00902	0.00969	0.03660	0.01117	0.00978	0.00656	0.37050	0.01627	0.02402	0.01379	0.01509	0.01040	0.00578	0.00418	0.00132	0.00390	0.00450	0.42745	0.00638
20	0.00710	0.00496	0.00635	0.00635	0.00669	0.00530	0.00421	0.00778	0.00744	0.01026	0.01458	0.02715	0.01569	0.51942	0.32991	0.00598	0.00804	0.00641	0.00284	0.00353
21	0.01922	0.00774	0.01050	0.00826	0.01157	0.00674	0.00674	0.02120	0.01404	0.65403	0.16434	0.02047	0.01856	0.00682	0.00510	0.00153	0.00383	0.00568	0.00596	0.00767
22	0.00861	0.00770	0.01270	0.57457	0.02637	0.00949	0.01141	0.01143	0.00925	0.01221	0.01006	0.01495	0.00826	0.01444	0.24443	0.00351	0.00852	0.00464	0.00232	0.00514
23	0.84308	0.00939	0.00716	0.00642	0.00942	0.01088	0.00528	0.01438	0.00841	0.02197	0.00705	0.00821	0.00548	0.00459	0.00305	0.00151	0.00377	0.00270	0.02194	0.00531
24	0.01155	0.36971	0.03889	0.25228	0.02231	0.01503	0.19806	0.01434	0.01034	0.01296	0.00820	0.01080	0.00666	0.00441	0.00435	0.00138	0.00642	0.00394	0.00222	0.00615
25	0.00975	0.00771	0.00839	0.03278	0.01004	0.05548	0.00597	0.01402	0.18620	0.06431	0.14598	0.02761	0.12911	0.14299	0.11993	0.00298	0.00528	0.02200	0.00417	0.00530
26	0.01203	0.18268	0.35435	0.05367	0.12013	0.01272	0.05687	0.03971	0.01122	0.07590	0.03026	0.01163	0.00812	0.00481	0.00452	0.00145	0.00627	0.00395	0.00264	0.00706
27	0.00964	0.00786	0.00898	0.00886	0.01076	0.00857	0.00705	0.01742	0.39442	0.01743	0.05177	0.11249	0.08748	0.01013	0.00574	0.00187	0.00380	0.22491	0.00480	0.00605
28	0.02197	0.00850	0.01149	0.00881	0.01261	0.00742	0.00727	0.04255	0.01429	0.78113	0.01920	0.01661	0.01207	0.00608	0.00494	0.00152	0.00421	0.00493	0.00605	0.00836
29	0.01028	0.02292	0.65953	0.01695	0.16239	0.01146	0.01760	0.01548	0.01052	0.01565	0.00890	0.01070	0.00651	0.00462	0.00470	0.00154	0.00700	0.00377	0.00214	0.00736
30	0.01153	0.21196	0.02007	0.25883	0.35542	0.01338	0.03386	0.01426	0.01050	0.01390	0.00852	0.01142	0.00704	0.00449	0.00448	0.00142	0.00597	0.00398	0.00228	0.00670
31	0.00596	0.00468	0.00539	0.00586	0.00689	0.00411	0.00415	0.00710	0.01059	0.01335	0.08500	0.38292	0.41944	0.01358	0.00601	0.00180	0.00264	0.01184	0.00461	0.00411
32	0.00916	0.00458	0.00458	0.00458	0.00573	0.00458	0.00344	0.01145	0.01031	0.01832	0.01603	0.01832	0.01260	0.00573	0.00344	0.00115	0.00229	0.00458	0.85457	0.00458
33	0.00682	0.00488	0.00668	0.00780	0.00845	0.00474	0.00601	0.00829	0.01018	0.01343	0.02633	0.48274	0.03028	0.01510	0.02416	0.00224	0.00378	0.32936	0.00450	0.00422
34	0.00986	0.02542	0.80183	0.01401	0.02127	0.01141	0.01816	0.01556	0.01038	0.01556	0.00882	0.01038	0.00623	0.00467	0.00467	0.00156	0.00726	0.00363	0.00208	0.00726
35	0.00581	0.00498	0.00498	0.00498	0.00664	0.00415	0.00373	0.00705	0.01120	0.01328	0.04978	0.04729	0.79464	0.01245	0.00581	0.00166	0.00249	0.01037	0.00456	0.00415
36	0.00587	0.00498	0.00506	0.00504	0.00667	0.00417	0.00378	0.00717	0.01134	0.01361	0.08871	0.04674	0.75551	0.01232	0.00581	0.00165	0.00248	0.01029	0.00461	0.00417
37	0.00928	0.00873	0.01474	0.81548	0.03385	0.01092	0.01365	0.01256	0.00983	0.01256	0.00873	0.01310	0.00655	0.00491	0.00491	0.00164	0.00655	0.00437	0.00218	0.00546
38	0.01160	0.01326	0.02900	0.02071	0.02568	0.01243	0.77879	0.01574	0.01160	0.01574	0.00994	0.01326	0.00746	0.00414	0.00580	0.00166	0.00829	0.00580	0.00249	0.00663
39	0.01278	0.07164	0.11840	0.01032	0.01309	0.35905	0.00893	0.01501	0.01302	0.01497	0.25592	0.03437	0.01995	0.00693	0.00490	0.00142	0.00612	0.02421	0.00343	0.00555
40	0.01019	0.00873	0.01019	0.00728	0.01165	0.00655	0.00582	0.01237	0.01019	0.01601	0.00873	0.01019	0.00728	0.00364	0.00364	0.00073	0.00364	0.00291	0.00291	0.85734
41	0.00625	0.00446	0.00600	0.00714	0.00754	0.00422	0.00501	0.00729	0.00967	0.01284	0.02694	0.72039	0.03193	0.01515	0.00634	0.00203	0.00308	0.11509	0.00456	0.00406
42	0.02166	0.00845	0.01139	0.00879	0.01255	0.00742	0.00724	0.02403	0.04445	0.76943	0.01941	0.01679	0.01228	0.00611	0.00494	0.00153	0.00417	0.00497	0.00604	0.00834
43	0.03780	0.01068	0.01297	0.01037	0.01313	0.01186	0.00854	0.24407	0.04354	0.17623	0.01169	0.01266	0.00876	0.00731	0.03292	0.00177	0.22174	0.00431	0.00401	0.12564
44	0.00986	0.02542	0.80183	0.01401	0.02127	0.01141	0.01816	0.01556	0.01038	0.01556	0.00882	0.01038	0.00623	0.00467	0.00467	0.00156	0.00726	0.00363	0.00208	0.00726
45	0.01019	0.00873	0.01019	0.00728	0.01165	0.00655	0.00582	0.01237	0.01019	0.01601	0.00873	0.01019	0.00728	0.00364	0.00364	0.00073	0.00364	0.00291	0.00291	0.85734
46	0.00714	0.00480	0.00556	0.00556	0.00562	0.00487	0.00322	0.00727	0.00720	0.00967	0.01530	0.03117	0.01743	0.76621	0.08551	0.00501	0.00541	0.00700	0.00295	0.00309
47	0.00650	0.00493	0.00609	0.00623	0.00714	0.00486	0.00447	0.00766	0.00934	0.01222	0.06436	0.14267	0.27637	0.17178	0.24870	0.00414	0.00614	0.00867	0.00373	0.00400
48	0.01222	0.01056	0.01111	0.01000	0.01278	0.01222	0.00778	0.02611	0.78776	0.02056	0.02000	0.01833	0.01500	0.00667	0.00500	0.00167	0.00389	0.00556	0.00500	0.00778
49	0.00606	0.00433	0.00579	0.00693	0.00724	0.00405	0.00469	0.00697	0.00948	0.01263	0.02705	0.79487	0.03234	0.01533	0.00629	0.00201	0.00291	0.04246	0.00456	0.00401
50	0.02159	0.00909	0.01186	0.00909	0.01291	0.00830	0.00751	0.12598	0.01529	0.69629	0.01836	0.01606	0.01165	0.00606	0.00494	0.00151	0.00435	0.00487	0.00593	0.00836
51	0.01078	0.01843	0.36733	0.01724	0.02288	0.01216	0.39296	0.01540	0.01079	0.01540	0.00921	0.01182	0.00685	0.00467	0.00600	0.00165	0.06259	0.00475	0.00228	0.00682
52	0.00581	0.00496	0.00500	0.00504	0.00665	0.00414	0.00376	0.00705	0.01114	0.01325	0.04907	0.07171	0.77069	0.01254	0.00582	0.00167	0.00250	0.01048	0.00456	0.00414
53	0.00805	0.00659	0.00954	0.00901	0.00977	0.00819	0.00717	0.02583	0.00814	0.01191	0.01173	0.01736	0.01099	0.03031	0.62568	0.00656	0.18085	0.00505	0.00258	0.00468
54	0.00997	0.05408	0.77420	0.01381	0.02096	0.01170	0.01781	0.01553	0.01036	0.01542	0.00875	0.01029	0.00623	0.00465	0.00461	0.00154	0.00719	0.00360	0.00208	0.00723
55	0.04262	0.01613	0.01258	0.01116	0.01391	0.35649	0.00875	0.16806	0.17545	0.03772	0.01325	0.01662	0.01102	0.00649	0.00487	0.00151	0.00641	0.08654	0.00383	0.00657

[dist]
# distance from previous block
# <min> <max>
0	1

[block]
# block no. 3 follows, 51 sequences, length 17
# corresponding to MSA columns:
# 341-357
name=unknown_D
#
# <colnr> <probs for GDERKNQSTAVLIFYWHMCP>
#	G	D	E	R	K	N	Q	S	T	A	V	L	I	F	Y	W	H	M	C	P
0	0.01351	0.69940	0.06782	0.00917	0.01337	0.10292	0.00907	0.01529	0.01043	0.01183	0.00702	0.00813	0.00630	0.00432	0.00337	0.00110	0.00575	0.00274	0.00215	0.00629
1	0.01017	0.06960	0.29612	0.01026	0.01486	0.00997	0.01067	0.01570	0.16122	0.01603	0.01299	0.10780	0.01131	0.00602	0.00455	0.00138	0.00501	0.00497	0.00316	0.22821
2	0.00941	0.01958	0.54139	0.01302	0.01868	0.01003	0.09884	0.01420	0.01129	0.01650	0.18216	0.01650	0.01522	0.00580	0.00504	0.00157	0.00628	0.00503	0.00286	0.00661
3	0.01211	0.01183	0.02083	0.02924	0.72129	0.01175	0.08972	0.01515	0.01123	0.01602	0.00931	0.01227	0.00775	0.00436	0.00496	0.00148	0.00608	0.00452	0.00244	0.00767
4	0.00775	0.00569	0.00762	0.00736	0.00791	0.00662	0.00545	0.00898	0.00792	0.01173	0.01338	0.02191	0.01325	0.25962	0.39122	0.00551	0.10507	0.00562	0.10328	0.00412
5	0.00741	0.00629	0.00676	0.00767	0.00827	0.08190	0.00544	0.00847	0.01007	0.01275	0.02507	0.65448	0.02947	0.01418	0.00616	0.00196	0.00363	0.10145	0.00436	0.00422
6	0.01261	0.09270	0.08297	0.01468	0.01800	0.19651	0.26887	0.01524	0.01087	0.01343	0.00873	0.01164	0.00726	0.00813	0.07999	0.00215	0.14340	0.00442	0.00238	0.00602
7	0.00696	0.00476	0.00590	0.00614	0.00642	0.00487	0.00395	0.00758	0.00789	0.01087	0.01744	0.19276	0.01958	0.47077	0.17515	0.00467	0.00593	0.00808	0.03676	0.00353
8	0.01294	0.00999	0.01288	0.01078	0.01343	0.01053	0.09242	0.38017	0.01646	0.02201	0.01772	0.25348	0.01764	0.00938	0.00563	0.00174	0.00488	0.09700	0.00450	0.00644
9	0.00934	0.00791	0.01023	0.00955	0.01127	0.00857	0.06731	0.01594	0.33250	0.01615	0.02169	0.32331	0.02168	0.03553	0.00664	0.00194	0.03064	0.05952	0.00445	0.00582
10	0.00585	0.00481	0.00515	0.00542	0.00675	0.00411	0.00393	0.00700	0.01078	0.01310	0.04439	0.23183	0.61359	0.01315	0.00592	0.00174	0.00258	0.01123	0.00456	0.00411
11	0.02205	0.00836	0.01140	0.00874	0.01254	0.00722	0.00722	0.02395	0.01407	0.80004	0.01939	0.01673	0.01216	0.00608	0.00494	0.00152	0.00418	0.00494	0.00608	0.00836
12	0.11968	0.00815	0.01041	0.00821	0.01165	0.00741	0.00673	0.02131	0.01338	0.62771	0.09778	0.01775	0.01488	0.00631	0.00481	0.00152	0.00394	0.00508	0.00565	0.00762
13	0.01031	0.01010	0.01421	0.01231	0.01241	0.01400	0.01021	0.01147	0.00757	0.01178	0.00724	0.01176	0.00714	0.01194	0.10962	0.00283	0.72322	0.00441	0.00221	0.00526
14	0.00619	0.00443	0.00588	0.00671	0.00717	0.00412	0.00458	0.00735	0.01034	0.01403	0.18561	0.66134	0.03537	0.01429	0.00617	0.00190	0.00274	0.01292	0.00474	0.00412
15	0.01836	0.02342	0.01393	0.01266	0.01519	0.80756	0.00950	0.01962	0.01393	0.01203	0.00760	0.00886	0.00633	0.00506	0.00443	0.00127	0.00886	0.00317	0.00253	0.00570
16	0.01211	0.00987	0.01122	0.00819	0.01246	0.00851	0.00662	0.18580	0.01311	0.01939	0.00943	0.01055	0.00752	0.00415	0.00393	0.00090	0.00404	0.00325	0.00336	0.66559

[dist]
# distance from previous block
# <min> <max>
0	1

[block]
# block no. 4 follows, 51 sequences, length 49
# corresponding to MSA columns:
# 359-407
name=unknown_E
#
# <colnr> <probs for GDERKNQSTAVLIFYWHMCP>
#	G	D	E	R	K	N	Q	S	T	A	V	L	I	F	Y	W	H	M	C	P
0	0.01299	0.69710	0.02337	0.00867	0.01264	0.01827	0.00831	0.01657	0.13632	0.01302	0.00897	0.00958	0.00772	0.00460	0.00345	0.00115	0.00503	0.00310	0.00257	0.00655
1	0.01234	0.00854	0.01202	0.34072	0.02046	0.00942	0.00955	0.10373	0.06507	0.16041	0.16316	0.01956	0.04089	0.00658	0.00512	0.00158	0.00487	0.00561	0.00409	0.00628
2	0.01042	0.25886	0.27213	0.01005	0.01396	0.01244	0.01065	0.03835	0.01022	0.01396	0.07532	0.01513	0.01152	0.10369	0.06741	0.00229	0.06065	0.00438	0.00261	0.00595
3	0.01029	0.01070	0.02155	0.01651	0.01993	0.01044	0.49457	0.01356	0.01110	0.01501	0.01463	0.08054	0.01397	0.00742	0.00675	0.00185	0.06128	0.18091	0.00308	0.00587
4	0.00854	0.00427	0.00640	0.00640	0.00640	0.00427	0.00427	0.00640	0.00640	0.00854	0.00854	0.01494	0.00854	0.01707	0.01921	0.85702	0.00427	0.00427	0.00213	0.00213
5	0.00819	0.00592	0.00679	0.00651	0.00821	0.00554	0.00499	0.03835	0.07044	0.06685	0.18871	0.11553	0.38513	0.01124	0.00576	0.00169	0.00294	0.05738	0.00487	0.00495
6	0.00985	0.00978	0.01755	0.59414	0.03053	0.01155	0.16302	0.01312	0.00998	0.01312	0.00878	0.01294	0.00672	0.00507	0.00601	0.00168	0.07359	0.00464	0.00224	0.00568
7	0.00648	0.00496	0.00595	0.00580	0.00708	0.00442	0.00431	0.00832	0.01265	0.01694	0.47820	0.09320	0.31134	0.01126	0.00583	0.00162	0.00241	0.00976	0.00505	0.00442
8	0.02087	0.01025	0.01257	0.00964	0.01349	0.01002	0.00796	0.28782	0.01722	0.53172	0.01674	0.01501	0.01084	0.00602	0.00493	0.00150	0.00461	0.00476	0.00568	0.00836
9	0.01061	0.21090	0.62298	0.01272	0.01927	0.01326	0.01591	0.01537	0.01029	0.01464	0.00836	0.00980	0.00624	0.00456	0.00432	0.00144	0.00680	0.00340	0.00208	0.00704
10	0.00655	0.00502	0.00604	0.00661	0.00763	0.00466	0.00493	0.00824	0.03511	0.01364	0.06634	0.32948	0.29719	0.04094	0.00678	0.00199	0.00310	0.14694	0.00455	0.00426
11	0.00964	0.00730	0.00884	0.00818	0.00904	0.00825	0.00603	0.14604	0.01095	0.01526	0.01670	0.26061	0.01813	0.23462	0.01277	0.00263	0.15165	0.00801	0.06057	0.00478
12	0.00666	0.00722	0.09700	0.00669	0.00861	0.00511	0.00580	0.00869	0.01166	0.01542	0.27281	0.16594	0.34775	0.01129	0.00575	0.00167	0.00304	0.00972	0.00454	0.00463
13	0.01247	0.03716	0.46357	0.01453	0.02057	0.01122	0.19130	0.03189	0.01149	0.14273	0.01080	0.01204	0.00751	0.00479	0.00495	0.00156	0.00692	0.00434	0.00287	0.00730
14	0.01057	0.01099	0.02161	0.29008	0.11751	0.01131	0.37830	0.01415	0.01111	0.01496	0.06197	0.01465	0.00979	0.00483	0.00539	0.00162	0.00701	0.00535	0.00257	0.00623
15	0.76877	0.03152	0.00850	0.00771	0.04038	0.04737	0.00597	0.01471	0.00877	0.02109	0.00697	0.00818	0.00549	0.00457	0.00318	0.00149	0.00415	0.00275	0.00297	0.00546
16	0.01654	0.10172	0.03565	0.01401	0.09200	0.58158	0.01023	0.01810	0.01278	0.01245	0.00764	0.00925	0.00648	0.00512	0.00508	0.00133	0.05829	0.00331	0.00244	0.00598
17	0.00652	0.00488	0.00605	0.00666	0.00748	0.00457	0.00479	0.00815	0.03527	0.01387	0.11956	0.43182	0.18653	0.05050	0.00699	0.00202	0.00302	0.09248	0.00460	0.00423
18	0.01399	0.16405	0.09019	0.04990	0.19000	0.01227	0.15031	0.04376	0.02716	0.17179	0.01135	0.01299	0.00856	0.02615	0.00524	0.00154	0.00592	0.00445	0.00322	0.00717
19	0.01010	0.01289	0.14518	0.37327	0.02800	0.01131	0.29092	0.01400	0.01054	0.01419	0.00979	0.03956	0.00769	0.00494	0.00524	0.00164	0.00717	0.00509	0.00235	0.00612
20	0.02205	0.00836	0.01140	0.00874	0.01254	0.00722	0.00722	0.02395	0.01407	0.80004	0.01939	0.01673	0.01216	0.00608	0.00494	0.00152	0.00418	0.00494	0.00608	0.00836
21	0.00946	0.00773	0.01093	0.34044	0.01945	0.00872	0.00906	0.13499	0.01217	0.01605	0.06918	0.27925	0.04454	0.00908	0.00544	0.00172	0.00474	0.00800	0.00370	0.00535
22	0.00875	0.00740	0.00963	0.01191	0.17547	0.03380	0.00715	0.01137	0.07948	0.02528	0.07574	0.22918	0.14057	0.09779	0.04400	0.00231	0.00442	0.02662	0.00390	0.00524
23	0.00827	0.00473	0.00507	0.00507	0.00619	0.00470	0.00376	0.01018	0.00996	0.01616	0.02086	0.02383	0.13320	0.06638	0.09620	0.00223	0.00372	0.00572	0.56939	0.00438
24	0.00696	0.00518	0.00766	0.00774	0.00855	0.00595	0.00593	0.00859	0.00797	0.01142	0.01417	0.07364	0.01383	0.06232	0.72750	0.00740	0.01219	0.00591	0.00277	0.00431
25	0.01464	0.01044	0.01150	0.00989	0.01296	0.01157	0.00782	0.09417	0.57415	0.16677	0.01914	0.01744	0.01387	0.00649	0.00498	0.00162	0.00408	0.00534	0.00519	0.00794
26	0.01071	0.01019	0.01732	0.42681	0.41137	0.01129	0.01436	0.01381	0.01050	0.01429	0.00899	0.01264	0.00716	0.00465	0.00489	0.00155	0.00620	0.00437	0.00231	0.00661
27	0.09055	0.00867	0.01108	0.00860	0.01227	0.00792	0.00709	0.06553	0.01401	0.67299	0.01784	0.01577	0.01140	0.00594	0.00475	0.00151	0.00417	0.00472	0.02718	0.00802
28	0.00687	0.00579	0.00607	0.00604	0.00770	0.00544	0.00450	0.01012	0.13710	0.01436	0.04195	0.14514	0.56738	0.01190	0.00574	0.00171	0.00276	0.01006	0.00463	0.00472
29	0.01109	0.01058	0.01801	0.32183	0.51334	0.01139	0.01455	0.01414	0.01068	0.01476	0.00905	0.01251	0.00733	0.00458	0.00488	0.00153	0.00610	0.00437	0.00234	0.00692
30	0.01213	0.00710	0.00885	0.00787	0.00979	0.00728	0.00630	0.05850	0.07524	0.19291	0.17939	0.02626	0.03863	0.03673	0.03193	0.00191	0.05836	0.09199	0.14292	0.00589
31	0.01170	0.31960	0.04111	0.00955	0.01196	0.15671	0.00826	0.01318	0.01039	0.01224	0.01297	0.19981	0.01386	0.00809	0.00587	0.00153	0.09727	0.05752	0.00292	0.00547
32	0.01028	0.02722	0.01059	0.00758	0.01159	0.00720	0.00612	0.02599	0.01032	0.01587	0.00947	0.01235	0.00826	0.02033	0.00458	0.00093	0.02941	0.03226	0.00297	0.74666
33	0.01186	0.01143	0.01846	0.20646	0.58185	0.03702	0.01445	0.03192	0.01124	0.01547	0.00913	0.01226	0.00747	0.00456	0.00486	0.00149	0.00609	0.00434	0.00244	0.00721
34	0.03532	0.29214	0.05605	0.01042	0.01355	0.37571	0.00893	0.01631	0.01215	0.01316	0.09662	0.01179	0.01084	0.00538	0.00438	0.00126	0.02378	0.00367	0.00270	0.00584
35	0.00676	0.00503	0.00682	0.00700	0.00791	0.00517	0.00528	0.00837	0.00988	0.01354	0.17016	0.15974	0.11713	0.06149	0.33712	0.00445	0.00716	0.05886	0.00385	0.00428
36	0.01256	0.39002	0.13639	0.01094	0.01513	0.04574	0.09697	0.10892	0.01198	0.01523	0.02316	0.07999	0.00976	0.01769	0.00458	0.00140	0.00579	0.00452	0.00278	0.00644
37	0.00647	0.00473	0.00627	0.00709	0.00778	0.00453	0.00522	0.00779	0.01012	0.01340	0.07952	0.48171	0.11249	0.01620	0.07371	0.00247	0.00395	0.14793	0.00445	0.00418
38	0.00928	0.00873	0.01474	0.81548	0.03385	0.01092	0.01365	0.01256	0.00983	0.01256	0.00873	0.01310	0.00655	0.00491	0.00491	0.00164	0.00655	0.00437	0.00218	0.00546
39	0.00642	0.00475	0.00649	0.00735	0.00798	0.00446	0.02038	0.00761	0.00993	0.01304	0.02842	0.61197	0.09356	0.01462	0.00631	0.00201	0.00322	0.14283	0.00451	0.00415
40	0.01098	0.01046	0.01780	0.35354	0.48254	0.01136	0.01449	0.01404	0.01063	0.01461	0.00903	0.01255	0.00728	0.00460	0.00488	0.00153	0.00613	0.00437	0.00233	0.00683
41	0.01047	0.00995	0.01688	0.49210	0.34795	0.01123	0.01424	0.01360	0.01039	0.01400	0.00894	0.01272	0.00706	0.00469	0.00489	0.00156	0.00626	0.00437	0.00229	0.00642
42	0.01708	0.00720	0.00960	0.00793	0.01082	0.00626	0.00632	0.01877	0.01301	0.55563	0.06068	0.15190	0.09591	0.00843	0.00529	0.00161	0.00371	0.00714	0.00565	0.00705
43	0.01042	0.01503	0.22777	0.26244	0.02681	0.01174	0.33116	0.01465	0.01067	0.01465	0.00922	0.01241	0.00684	0.00459	0.00540	0.00163	0.02111	0.00476	0.00228	0.00642
44	0.00597	0.00436	0.00561	0.00661	0.00707	0.00401	0.00446	0.00687	0.00963	0.01264	0.02989	0.72805	0.12673	0.01503	0.00622	0.00195	0.00281	0.01353	0.00456	0.00401
45	0.00758	0.00499	0.00664	0.00747	0.00821	0.00476	0.00544	0.00917	0.03467	0.06441	0.02617	0.60723	0.02986	0.01419	0.00624	0.00200	0.00327	0.14853	0.00467	0.00449
46	0.01054	0.04800	0.56185	0.01721	0.14743	0.01183	0.10368	0.01548	0.01063	0.01553	0.00895	0.01091	0.00662	0.00455	0.00478	0.00154	0.00708	0.00397	0.00218	0.00724
47	0.01132	0.01044	0.04683	0.10708	0.25027	0.01059	0.01107	0.09153	0.18220	0.01767	0.01565	0.06668	0.01411	0.00729	0.00530	0.00170	0.00512	0.13471	0.00367	0.00678
48	0.00837	0.00681	0.01039	0.16289	0.12198	0.00715	0.00929	0.01065	0.01070	0.01409	0.02145	0.16612	0.04793	0.01094	0.00606	0.00197	0.00475	0.36960	0.00381	0.00505

[dist]
# distance from previous block
# <min> <max>
0	1

[block]
# block no. 5 follows, 51 sequences, length 94
# corresponding to MSA columns:
# 409-502
name=unknown_F
#
# <colnr> <probs for GDERKNQSTAVLIFYWHMCP>
#	G	D	E	R	K	N	Q	S	T	A	V	L	I	F	Y	W	H	M	C	P
0	0.01106	0.35300	0.45820	0.01148	0.01726	0.01444	0.01372	0.01492	0.01018	0.01383	0.00863	0.03702	0.00715	0.00484	0.00411	0.00137	0.00629	0.00357	0.00217	0.00676
1	0.01126	0.01842	0.42125	0.01414	0.07144	0.01163	0.06623	0.01914	0.25664	0.04136	0.01279	0.01341	0.00938	0.00529	0.00487	0.00159	0.00607	0.00448	0.00318	0.00745
2	0.01404	0.01503	0.01743	0.05931	0.40701	0.24513	0.03592	0.05017	0.03878	0.01529	0.00909	0.01140	0.00749	0.00496	0.00535	0.00146	0.04847	0.00410	0.00263	0.00693
3	0.01449	0.00942	0.01582	0.03689	0.01592	0.00949	0.20978	0.01681	0.01153	0.30552	0.01540	0.04783	0.01254	0.04567	0.00804	0.00190	0.12847	0.08385	0.00407	0.00657
4	0.01904	0.00902	0.01139	0.00891	0.01234	0.00855	0.00729	0.18422	0.01598	0.51679	0.13491	0.01869	0.01652	0.00664	0.00507	0.00151	0.00416	0.00543	0.00573	0.00780
5	0.00714	0.00502	0.00665	0.00748	0.00808	0.00497	0.00569	0.00843	0.00964	0.01272	0.02340	0.27505	0.02653	0.21053	0.03570	0.00296	0.00436	0.33757	0.00411	0.00399
6	0.00898	0.00788	0.01157	0.13706	0.16518	0.00899	0.00870	0.01042	0.00888	0.01222	0.01473	0.08691	0.06609	0.25590	0.01339	0.00268	0.16626	0.00639	0.00282	0.00493
7	0.00999	0.00723	0.00801	0.00755	0.00932	0.00811	0.00582	0.01703	0.33541	0.01781	0.01709	0.01853	0.01354	0.01264	0.17267	0.00278	0.00524	0.00513	0.32021	0.00588
8	0.00794	0.00598	0.00825	0.00809	0.00917	0.00690	0.00623	0.01119	0.12571	0.01254	0.01379	0.01878	0.01237	0.03057	0.61778	0.08084	0.01099	0.00522	0.00295	0.00470
9	0.00658	0.00469	0.00628	0.00680	0.00719	0.00483	0.00465	0.00750	0.00840	0.01146	0.02004	0.38688	0.02281	0.22146	0.25242	0.00445	0.00643	0.00967	0.00359	0.00386
10	0.05558	0.02938	0.01499	0.01848	0.36703	0.09910	0.01066	0.10403	0.04927	0.05908	0.01125	0.01292	0.00883	0.00504	0.00449	0.00140	0.00530	0.00424	0.13194	0.00701
11	0.00783	0.00563	0.00778	0.00888	0.00996	0.00563	0.00762	0.01018	0.02540	0.01463	0.02600	0.12164	0.02841	0.01361	0.00671	0.00223	0.00437	0.68442	0.00454	0.00454
12	0.00603	0.00451	0.00560	0.00634	0.00703	0.00409	0.00437	0.00710	0.01023	0.01334	0.09929	0.56858	0.21717	0.01422	0.00612	0.00188	0.00272	0.01266	0.00464	0.00409
13	0.13876	0.00874	0.01062	0.06284	0.01303	0.00768	0.04670	0.01242	0.00970	0.01611	0.00910	0.01213	0.00786	0.07556	0.00561	0.00131	0.00420	0.00349	0.00286	0.55126
14	0.00723	0.00566	0.00747	0.00745	0.00788	0.00636	0.00538	0.00814	0.00835	0.01146	0.01973	0.24279	0.08643	0.22820	0.19961	0.00408	0.12799	0.00842	0.00334	0.00404
15	0.00668	0.00509	0.00587	0.00617	0.00756	0.00459	0.00489	0.00832	0.01131	0.01449	0.10284	0.08290	0.44827	0.01221	0.00592	0.00178	0.00300	0.20127	0.06253	0.00431
16	0.01093	0.00917	0.01059	0.00763	0.01196	0.00731	0.00613	0.07919	0.01131	0.01731	0.00900	0.01033	0.00737	0.00384	0.00375	0.00079	0.00379	0.00304	0.00309	0.78346
17	0.01315	0.00994	0.01521	0.08274	0.30171	0.00934	0.04637	0.03651	0.01180	0.15809	0.04304	0.01360	0.00992	0.00480	0.00465	0.00131	0.00499	0.00436	0.00339	0.22506
18	0.02491	0.24078	0.46935	0.01195	0.01782	0.01401	0.01403	0.09636	0.03870	0.01638	0.00896	0.01009	0.00676	0.00474	0.00427	0.00141	0.00635	0.00350	0.00250	0.00711
19	0.01104	0.04327	0.29453	0.14049	0.02454	0.01189	0.34489	0.01543	0.01093	0.04171	0.00958	0.01217	0.00701	0.00451	0.00515	0.00159	0.00742	0.00469	0.00241	0.00672
20	0.15869	0.02610	0.01101	0.00929	0.02596	0.00976	0.00729	0.06444	0.01031	0.22703	0.01091	0.01291	0.00844	0.00887	0.01038	0.20238	0.18286	0.00416	0.00354	0.00567
21	0.01176	0.19821	0.39735	0.01519	0.15651	0.01344	0.01428	0.08993	0.01170	0.01623	0.00966	0.01111	0.02427	0.00481	0.00442	0.00142	0.00628	0.00377	0.00248	0.00718
22	0.00696	0.00493	0.00613	0.00666	0.00705	0.00493	0.00447	0.00825	0.04450	0.01187	0.02142	0.36496	0.02457	0.33653	0.05139	0.00338	0.00430	0.08002	0.00386	0.00383
23	0.00748	0.00446	0.00526	0.00589	0.00659	0.00431	0.00416	0.00903	0.00987	0.01523	0.02205	0.43554	0.02336	0.01096	0.00500	0.00162	0.00265	0.03282	0.38946	0.00427
24	0.00614	0.00469	0.00568	0.00633	0.00723	0.00423	0.00456	0.00734	0.01046	0.01337	0.07529	0.43575	0.30785	0.01389	0.00612	0.00187	0.00284	0.07763	0.00460	0.00413
25	0.04433	0.01388	0.07192	0.01152	0.01496	0.12709	0.09627	0.28953	0.08341	0.02168	0.10254	0.02908	0.02860	0.00638	0.00501	0.00152	0.00565	0.01753	0.02230	0.00682
26	0.01146	0.01015	0.01233	0.04947	0.03836	0.01138	0.06386	0.02259	0.59373	0.01927	0.05637	0.01989	0.05559	0.00679	0.00513	0.00165	0.00425	0.00589	0.00460	0.00725
27	0.06858	0.00854	0.01125	0.00867	0.01243	0.00761	0.00716	0.03989	0.01395	0.74013	0.01853	0.01613	0.01170	0.00599	0.00484	0.00152	0.00419	0.00480	0.00589	0.00819
28	0.01215	0.01171	0.02014	0.02996	0.77985	0.01169	0.03171	0.01510	0.01120	0.01605	0.00926	0.01219	0.00778	0.00437	0.00489	0.00146	0.00589	0.00441	0.00243	0.00776
29	0.01413	0.01603	0.01360	0.16906	0.07842	0.42533	0.02415	0.01563	0.01161	0.01221	0.00845	0.01133	0.00711	0.00765	0.03850	0.09690	0.02256	0.00380	0.01819	0.00536
30	0.00690	0.00498	0.00652	0.00622	0.00733	0.00460	0.00463	0.00915	0.01368	0.01933	0.75394	0.07788	0.04564	0.01033	0.00582	0.00157	0.00235	0.00915	0.00537	0.00460
31	0.02115	0.00824	0.01117	0.00864	0.01230	0.00719	0.00711	0.02329	0.02839	0.74831	0.05643	0.01771	0.01385	0.00628	0.00498	0.00152	0.00409	0.00514	0.00603	0.00817
32	0.01062	0.01289	0.13895	0.28705	0.24108	0.01185	0.10649	0.01402	0.01024	0.01429	0.00878	0.01217	0.00694	0.00505	0.00624	0.00164	0.09848	0.00442	0.00227	0.00652
33	0.01017	0.01016	0.05261	0.08845	0.33705	0.01067	0.01176	0.01252	0.00944	0.01361	0.00982	0.01441	0.00882	0.05037	0.18656	0.00319	0.15719	0.00465	0.00241	0.00614
34	0.00703	0.00480	0.00577	0.00587	0.00603	0.00491	0.00359	0.00737	0.00746	0.01008	0.01614	0.09912	0.01830	0.63710	0.14177	0.00500	0.00587	0.00746	0.00306	0.00328
35	0.01057	0.01034	0.01417	0.01216	0.01243	0.01411	0.01010	0.03509	0.00833	0.01254	0.01039	0.01396	0.07509	0.00885	0.01488	0.00209	0.72226	0.00483	0.00245	0.00536
36	0.11013	0.01402	0.23909	0.01495	0.17297	0.01000	0.07841	0.04093	0.01184	0.08833	0.15587	0.01623	0.01461	0.00572	0.00486	0.00153	0.00540	0.00498	0.00337	0.00674
37	0.08246	0.05300	0.33501	0.00964	0.01336	0.00843	0.01033	0.01158	0.00991	0.01474	0.01848	0.29999	0.08003	0.00907	0.00509	0.00168	0.00483	0.00771	0.01907	0.00559
38	0.14261	0.04412	0.17033	0.03050	0.09467	0.14621	0.01097	0.17630	0.10441	0.01959	0.01022	0.01114	0.00775	0.00517	0.00445	0.00147	0.00600	0.00385	0.00327	0.00698
39	0.01336	0.01475	0.01783	0.02107	0.36962	0.25686	0.11523	0.01572	0.01191	0.01441	0.01067	0.09527	0.00985	0.00570	0.00500	0.00148	0.00679	0.00519	0.00269	0.00659
40	0.04889	0.00805	0.00955	0.00878	0.00983	0.04963	0.00701	0.02321	0.01007	0.01410	0.12748	0.04666	0.17833	0.01457	0.15094	0.00290	0.24491	0.03680	0.00346	0.00484
41	0.15559	0.01151	0.01228	0.01006	0.01332	0.06581	0.04395	0.15341	0.22825	0.12410	0.01336	0.01331	0.00983	0.00571	0.00506	0.00150	0.04322	0.00436	0.00420	0.08116
42	0.01211	0.00790	0.01192	0.01412	0.23435	0.00735	0.03442	0.01402	0.01155	0.22001	0.02366	0.20762	0.16235	0.00888	0.00542	0.00164	0.00417	0.00792	0.00428	0.00634
43	0.02154	0.00918	0.01191	0.00913	0.01295	0.00844	0.00754	0.13833	0.01543	0.68373	0.01824	0.01598	0.01159	0.00605	0.00494	0.00151	0.00437	0.00486	0.00591	0.00836
44	0.00609	0.00435	0.00582	0.00696	0.00729	0.00408	0.00474	0.00702	0.00951	0.01266	0.02703	0.78389	0.03228	0.01530	0.00630	0.00201	0.00294	0.05317	0.00456	0.00402
45	0.01104	0.30675	0.51309	0.01220	0.01834	0.01425	0.03167	0.01527	0.01027	0.01417	0.00815	0.00957	0.00628	0.00449	0.00416	0.00138	0.00658	0.00333	0.00209	0.00691
46	0.02074	0.00807	0.01098	0.00852	0.01209	0.00700	0.00700	0.02267	0.01405	0.73214	0.08679	0.01847	0.01514	0.00643	0.00502	0.00152	0.00402	0.00529	0.00602	0.00804
47	0.00774	0.00560	0.00766	0.00870	0.00987	0.00553	0.00755	0.00991	0.01130	0.01458	0.02809	0.05472	0.09497	0.01348	0.00670	0.00221	0.00435	0.69802	0.00453	0.00449
48	0.01103	0.05883	0.28615	0.05192	0.01974	0.02909	0.22789	0.09490	0.01195	0.01635	0.01208	0.13436	0.01079	0.00627	0.00518	0.00161	0.00658	0.00586	0.00288	0.00654
49	0.19786	0.01086	0.01369	0.15820	0.17182	0.06526	0.04957	0.09134	0.03794	0.04281	0.01109	0.01327	0.03199	0.00791	0.07440	0.00208	0.00623	0.00432	0.00307	0.00630
50	0.02163	0.00846	0.01139	0.00880	0.01255	0.00743	0.00725	0.02404	0.04681	0.76705	0.01941	0.01679	0.01228	0.00611	0.00494	0.00153	0.00417	0.00497	0.00604	0.00834
51	0.00702	0.00527	0.00790	0.00790	0.00878	0.00614	0.00614	0.00878	0.00790	0.01141	0.01316	0.01931	0.01229	0.03686	0.80782	0.00790	0.01316	0.00527	0.00263	0.00439
52	0.10998	0.01364	0.12304	0.12431	0.06792	0.02724	0.07366	0.29494	0.03907	0.02149	0.01046	0.01244	0.00792	0.03313	0.00539	0.00164	0.00585	0.00432	0.01658	0.00697
53	0.00961	0.00839	0.01220	0.01315	0.16679	0.00853	0.07485	0.01492	0.20119	0.01821	0.30673	0.05294	0.06188	0.00795	0.00545	0.00160	0.00398	0.02110	0.00438	0.00615
54	0.01027	0.00536	0.00625	0.00571	0.00737	0.00497	0.00440	0.01236	0.01194	0.14597	0.21513	0.02653	0.12581	0.00776	0.00459	0.00138	0.00263	0.00649	0.38992	0.00516
55	0.39601	0.00923	0.00935	0.00809	0.05124	0.00884	0.00607	0.01345	0.00941	0.01875	0.00790	0.00929	0.00642	0.00410	0.00343	0.00112	0.00383	0.00287	0.00295	0.42763
56	0.03624	0.17683	0.38450	0.01204	0.01719	0.01284	0.04900	0.04298	0.01100	0.10793	0.02556	0.01133	0.00789	0.00522	0.00547	0.00151	0.07888	0.00386	0.00278	0.00694
57	0.00931	0.00853	0.01329	0.24091	0.20126	0.00982	0.01070	0.01168	0.02630	0.01343	0.01463	0.21011	0.04019	0.00885	0.02261	0.00189	0.14099	0.00693	0.00296	0.00562
58	0.00715	0.00476	0.00536	0.00536	0.00536	0.00476	0.00298	0.00715	0.00715	0.00953	0.01548	0.03216	0.01787	0.82729	0.02501	0.00476	0.00476	0.00715	0.00298	0.00298
59	0.01599	0.01287	0.01503	0.01189	0.01552	0.04195	0.09286	0.40829	0.26011	0.05152	0.01427	0.01406	0.01039	0.00592	0.00502	0.00155	0.00533	0.00490	0.00463	0.00789
60	0.00920	0.00819	0.00827	0.00842	0.00978	0.09772	0.00632	0.01347	0.18909	0.01548	0.11400	0.33042	0.04292	0.01127	0.00578	0.00181	0.00394	0.11419	0.00453	0.00521
61	0.01058	0.02355	0.69684	0.01435	0.02125	0.01130	0.08437	0.01597	0.01066	0.05250	0.00941	0.01093	0.00661	0.00469	0.00478	0.00156	0.00721	0.00388	0.00230	0.00726
62	0.01314	0.83025	0.02575	0.00841	0.01261	0.01945	0.00841	0.01472	0.00999	0.01156	0.00683	0.00788	0.00631	0.00420	0.00315	0.00105	0.00526	0.00263	0.00210	0.00631
63	0.00607	0.00465	0.00556	0.00604	0.00698	0.00415	0.00426	0.00729	0.01076	0.01390	0.15162	0.41261	0.32148	0.01348	0.00603	0.00180	0.00263	0.01185	0.00469	0.00415
64	0.01721	0.02151	0.01410	0.01270	0.01485	0.68771	0.00969	0.01844	0.01296	0.01200	0.00742	0.00915	0.00635	0.00560	0.00620	0.00140	0.13128	0.00334	0.00247	0.00565
65	0.00850	0.00673	0.00910	0.00844	0.01003	0.00656	0.07265	0.12490	0.01232	0.01620	0.06533	0.40998	0.17123	0.01208	0.00594	0.00181	0.00369	0.04508	0.00448	0.00497
66	0.00652	0.00475	0.00668	0.00724	0.00778	0.00501	0.00519	0.00773	0.00861	0.01187	0.02017	0.41826	0.02258	0.06757	0.37020	0.00481	0.00762	0.00967	0.00361	0.00412
67	0.00656	0.00486	0.00608	0.00677	0.00760	0.00453	0.00504	0.00785	0.01033	0.01335	0.07086	0.34452	0.21261	0.08463	0.00789	0.00220	0.00331	0.19247	0.00446	0.00410
68	0.01028	0.12974	0.70124	0.01328	0.02015	0.01245	0.01689	0.01545	0.01032	0.01504	0.00856	0.01005	0.00624	0.00461	0.00447	0.00149	0.00700	0.00350	0.00208	0.00714
69	0.00599	0.00428	0.00570	0.00684	0.00713	0.00399	0.00456	0.00684	0.00941	0.01254	0.02709	0.82409	0.03250	0.01540	0.00627	0.00200	0.00285	0.01397	0.00456	0.00399
70	0.00620	0.00430	0.00563	0.00669	0.00703	0.00403	0.00449	0.00716	0.00947	0.01294	0.02633	0.76919	0.03115	0.01474	0.00608	0.00194	0.00281	0.01333	0.06247	0.00403
71	0.00595	0.00499	0.00519	0.00531	0.00688	0.00424	0.00403	0.00724	0.01114	0.01334	0.04737	0.07882	0.71554	0.01264	0.00589	0.00171	0.00263	0.05835	0.00456	0.00417
72	0.01112	0.00705	0.00914	0.00978	0.07830	0.03108	0.00663	0.03591	0.01111	0.18351	0.03330	0.36479	0.04566	0.06252	0.02271	0.00209	0.03064	0.04473	0.00445	0.00548
73	0.01796	0.06061	0.01423	0.01213	0.01482	0.69063	0.00925	0.01993	0.05421	0.04954	0.00876	0.00968	0.00706	0.00515	0.00442	0.00129	0.00821	0.00335	0.00281	0.00596
74	0.23514	0.01278	0.05289	0.02167	0.48602	0.08075	0.01218	0.01533	0.01065	0.01725	0.00845	0.01070	0.00694	0.00450	0.00434	0.00146	0.00563	0.00379	0.00258	0.00693
75	0.05078	0.01270	0.10161	0.07238	0.02042	0.03174	0.36847	0.01426	0.01051	0.04227	0.01120	0.09267	0.00978	0.00691	0.02810	0.00189	0.10963	0.00583	0.00274	0.00611
76	0.00729	0.00556	0.00800	0.00786	0.00854	0.00654	0.00598	0.00874	0.00776	0.01115	0.01306	0.02067	0.01273	0.15454	0.63534	0.00703	0.06683	0.00548	0.00265	0.00424
77	0.02747	0.02514	0.05027	0.27462	0.04637	0.01017	0.02649	0.12868	0.03463	0.19459	0.03105	0.01657	0.03173	0.07314	0.00656	0.00182	0.00540	0.00497	0.00378	0.00656
78	0.01156	0.01143	0.01903	0.23495	0.47996	0.03862	0.08626	0.01487	0.02756	0.01506	0.00935	0.01253	0.00753	0.00457	0.00495	0.00152	0.00632	0.00449	0.00243	0.00699
