[name]
unknown

[dist]
# distance from previous block
# <min> <max>
0	41

[block]
# block no. 0 follows, 46 sequences, length 65
# corresponding to MSA columns:
# 41-105
name=unknown_A
#
# <colnr> <probs for GDERKNQSTAVLIFYWHMCP>
#	G	D	E	R	K	N	Q	S	T	A	V	L	I	F	Y	W	H	M	C	P
0	0.00852	0.00608	0.00852	0.00974	0.01095	0.00608	0.00852	0.01095	0.01217	0.01582	0.02799	0.05963	0.03042	0.01460	0.00730	0.00243	0.00487	0.74565	0.00487	0.00487
1	0.85155	0.01022	0.00777	0.00695	0.01022	0.01186	0.00573	0.01554	0.00900	0.02372	0.00736	0.00859	0.00573	0.00491	0.00327	0.00164	0.00409	0.00286	0.00327	0.00573
2	0.85155	0.01022	0.00777	0.00695	0.01022	0.01186	0.00573	0.01554	0.00900	0.02372	0.00736	0.00859	0.00573	0.00491	0.00327	0.00164	0.00409	0.00286	0.00327	0.00573
3	0.85155	0.01022	0.00777	0.00695	0.01022	0.01186	0.00573	0.01554	0.00900	0.02372	0.00736	0.00859	0.00573	0.00491	0.00327	0.00164	0.00409	0.00286	0.00327	0.00573
4	0.01413	0.81739	0.02770	0.00905	0.01357	0.02092	0.00905	0.01583	0.01074	0.01244	0.00735	0.00848	0.00678	0.00452	0.00339	0.00113	0.00565	0.00283	0.00226	0.00678
5	0.00644	0.00460	0.00613	0.00736	0.00767	0.00429	0.00491	0.00736	0.01012	0.01350	0.02914	0.81076	0.03497	0.01656	0.00675	0.00215	0.00307	0.01503	0.00491	0.00429
6	0.01975	0.02520	0.01498	0.01362	0.01634	0.79299	0.01021	0.02111	0.01498	0.01294	0.00817	0.00953	0.00681	0.00545	0.00477	0.00136	0.00953	0.00340	0.00272	0.00613
7	0.00966	0.00794	0.01026	0.00975	0.01147	0.00836	0.06085	0.04933	0.25646	0.01743	0.02460	0.46182	0.02576	0.01220	0.00620	0.00198	0.00397	0.01101	0.00492	0.00603
8	0.01308	0.01256	0.02146	0.03245	0.78123	0.01256	0.01622	0.01622	0.01204	0.01727	0.00994	0.01308	0.00837	0.00471	0.00523	0.00157	0.00628	0.00471	0.00262	0.00837
9	0.01308	0.01256	0.02146	0.03245	0.78123	0.01256	0.01622	0.01622	0.01204	0.01727	0.00994	0.01308	0.00837	0.00471	0.00523	0.00157	0.00628	0.00471	0.00262	0.00837
10	0.02010	0.01481	0.01587	0.01216	0.01639	0.01639	0.01005	0.76360	0.02486	0.03332	0.01269	0.01269	0.00899	0.00635	0.00529	0.00159	0.00582	0.00476	0.00529	0.00899
11	0.00918	0.00459	0.00689	0.00689	0.00689	0.00459	0.00459	0.00689	0.00689	0.00918	0.00918	0.01607	0.00918	0.01837	0.02066	0.84619	0.00459	0.00459	0.00230	0.00230
12	0.01157	0.01157	0.01619	0.01388	0.01388	0.01619	0.01157	0.01272	0.00810	0.01272	0.00694	0.01157	0.00694	0.00925	0.01735	0.00231	0.80453	0.00463	0.00231	0.00578
13	0.01096	0.00940	0.01096	0.00783	0.01253	0.00705	0.00626	0.01331	0.01096	0.01723	0.00940	0.01096	0.00783	0.00392	0.00392	0.00078	0.00392	0.00313	0.00313	0.84653
14	0.01503	0.01706	0.01610	0.01395	0.01527	0.31979	0.03039	0.03754	0.01138	0.01350	0.00768	0.01087	0.00698	0.00756	0.01180	0.00191	0.45039	0.00419	0.00257	0.00604
15	0.01315	0.01136	0.01195	0.01076	0.01375	0.01315	0.00837	0.02809	0.77168	0.02211	0.02152	0.01972	0.01614	0.00717	0.00538	0.00179	0.00418	0.00598	0.00538	0.00837
16	0.00809	0.00575	0.00788	0.00900	0.00996	0.00569	0.00746	0.01006	0.01145	0.01497	0.02730	0.19057	0.03035	0.07793	0.00875	0.00260	0.00457	0.55825	0.00474	0.00464
17	0.01308	0.01256	0.02146	0.03245	0.78123	0.01256	0.01622	0.01622	0.01204	0.01727	0.00994	0.01308	0.00837	0.00471	0.00523	0.00157	0.00628	0.00471	0.00262	0.00837
18	0.01975	0.02520	0.01498	0.01362	0.01634	0.79299	0.01021	0.02111	0.01498	0.01294	0.00817	0.00953	0.00681	0.00545	0.00477	0.00136	0.00953	0.00340	0.00272	0.00613
19	0.01248	0.01426	0.03119	0.02228	0.02763	0.01337	0.76203	0.01693	0.01248	0.01693	0.01070	0.01426	0.00802	0.00446	0.00624	0.00178	0.00891	0.00624	0.00267	0.00713
20	0.01075	0.02647	0.74159	0.01609	0.06769	0.01229	0.01934	0.01671	0.01121	0.01677	0.00951	0.01127	0.00680	0.00500	0.00504	0.00167	0.00772	0.00395	0.00225	0.00785
21	0.01068	0.01022	0.01762	0.62043	0.17686	0.01197	0.04916	0.01418	0.01094	0.01438	0.00956	0.01391	0.00734	0.00514	0.00532	0.00173	0.00699	0.00477	0.00241	0.00640
22	0.00748	0.00540	0.00707	0.00665	0.00790	0.00499	0.00499	0.00998	0.01496	0.02120	0.77844	0.03949	0.04988	0.01081	0.00624	0.00166	0.00249	0.00956	0.00582	0.00499
23	0.00909	0.00465	0.00698	0.00698	0.00704	0.00471	0.00471	0.00704	0.00698	0.00937	0.00948	0.01635	0.00942	0.01962	0.06631	0.79669	0.00516	0.00465	0.00233	0.00244
24	0.01294	0.01343	0.06668	0.03142	0.73642	0.01254	0.01642	0.01626	0.01199	0.01724	0.00992	0.01297	0.00827	0.00473	0.00522	0.00158	0.00637	0.00466	0.00259	0.00834
25	0.02372	0.00900	0.01227	0.00941	0.01350	0.00777	0.00777	0.02576	0.01513	0.78489	0.02086	0.01799	0.01309	0.00654	0.00532	0.00164	0.00450	0.00532	0.00654	0.00900
26	0.01060	0.02735	0.78682	0.01507	0.02288	0.01228	0.01953	0.01674	0.01116	0.01674	0.00949	0.01116	0.00670	0.00502	0.00502	0.00167	0.00781	0.00391	0.00223	0.00781
27	0.01202	0.01748	0.21714	0.02051	0.02646	0.01310	0.57931	0.01689	0.01215	0.01689	0.01040	0.01350	0.00770	0.00460	0.00594	0.00176	0.00864	0.00566	0.00257	0.00730
28	0.01821	0.01157	0.02154	0.01571	0.02042	0.01051	0.37712	0.02144	0.01383	0.40883	0.01588	0.01617	0.01061	0.00552	0.00577	0.00171	0.00666	0.00577	0.00465	0.00808
29	0.01557	0.07942	0.20575	0.01959	0.30191	0.05809	0.01403	0.01896	0.01266	0.20541	0.01221	0.01325	0.00891	0.00527	0.00503	0.00156	0.00636	0.00444	0.00347	0.00813
30	0.01815	0.01092	0.01659	0.01659	0.20387	0.01052	0.09673	0.10781	0.03186	0.34732	0.01580	0.01590	0.01097	0.00582	0.00528	0.00161	0.00545	0.00520	0.06532	0.00832
31	0.01526	0.01277	0.17637	0.01191	0.01600	0.02399	0.08294	0.01843	0.01308	0.30932	0.01937	0.06254	0.01640	0.00844	0.00589	0.00187	0.00575	0.18770	0.00470	0.00728
32	0.01060	0.02735	0.78682	0.01507	0.02288	0.01228	0.01953	0.01674	0.01116	0.01674	0.00949	0.01116	0.00670	0.00502	0.00502	0.00167	0.00781	0.00391	0.00223	0.00781
33	0.01218	0.11263	0.31901	0.02182	0.31161	0.01352	0.10258	0.01646	0.01160	0.01646	0.00955	0.01194	0.00750	0.00478	0.00505	0.00158	0.00710	0.00436	0.00243	0.00783
34	0.01096	0.01048	0.01803	0.55385	0.24724	0.01204	0.04352	0.01441	0.01106	0.01470	0.00960	0.01381	0.00746	0.00509	0.00531	0.00171	0.00690	0.00476	0.00244	0.00663
35	0.01233	0.01179	0.02009	0.21979	0.59979	0.01236	0.01585	0.01556	0.01168	0.01635	0.00981	0.01333	0.00805	0.00485	0.00525	0.00162	0.00647	0.00471	0.00255	0.00776
36	0.00652	0.00466	0.00620	0.00731	0.00768	0.00434	0.00491	0.00755	0.01047	0.01405	0.08317	0.75514	0.03604	0.01615	0.00671	0.00211	0.00303	0.01463	0.00497	0.00434
37	0.01529	0.16693	0.06188	0.06313	0.12239	0.20148	0.15651	0.01871	0.05327	0.07573	0.01060	0.01229	0.00825	0.00513	0.00498	0.00151	0.00733	0.00441	0.00301	0.00717
38	0.01279	0.51603	0.31727	0.01134	0.01712	0.01762	0.01305	0.01618	0.01090	0.01408	0.00816	0.00950	0.00675	0.00471	0.00401	0.00134	0.00648	0.00324	0.00225	0.00718
39	0.00644	0.00460	0.00613	0.00736	0.00767	0.00429	0.00491	0.00736	0.01012	0.01350	0.02914	0.81076	0.03497	0.01656	0.00675	0.00215	0.00307	0.01503	0.00491	0.00429
40	0.01033	0.01007	0.01797	0.69409	0.03520	0.01197	0.11770	0.01398	0.01083	0.01398	0.00958	0.01412	0.00718	0.00517	0.00542	0.00176	0.00730	0.00491	0.00239	0.00605
41	0.01169	0.01121	0.01859	0.32444	0.39018	0.01275	0.01499	0.01470	0.01093	0.01520	0.00932	0.01326	0.00767	0.00556	0.00692	0.00175	0.11661	0.00469	0.00247	0.00706
42	0.01060	0.02735	0.78682	0.01507	0.02288	0.01228	0.01953	0.01674	0.01116	0.01674	0.00949	0.01116	0.00670	0.00502	0.00502	0.00167	0.00781	0.00391	0.00223	0.00781
43	0.00625	0.00536	0.00536	0.00536	0.00714	0.00446	0.00402	0.00759	0.01205	0.01428	0.05355	0.05088	0.77909	0.01339	0.00625	0.00179	0.00268	0.01116	0.00491	0.00446
44	0.01574	0.23660	0.09560	0.01407	0.01812	0.34083	0.14388	0.01819	0.01275	0.01387	0.00847	0.01032	0.00701	0.00513	0.00518	0.00144	0.03978	0.00385	0.00253	0.00663
45	0.01203	0.02442	0.59879	0.01649	0.07710	0.05831	0.07030	0.01738	0.01172	0.05052	0.01003	0.01172	0.00720	0.00505	0.00512	0.00165	0.00773	0.00416	0.00251	0.00776
46	0.01060	0.02735	0.78682	0.01507	0.02288	0.01228	0.01953	0.01674	0.01116	0.01674	0.00949	0.01116	0.00670	0.00502	0.00502	0.00167	0.00781	0.00391	0.00223	0.00781
47	0.01042	0.00984	0.01664	0.69429	0.14024	0.01186	0.01490	0.01389	0.01078	0.01403	0.00947	0.01395	0.00723	0.00521	0.00528	0.00174	0.00694	0.00470	0.00239	0.00622
48	0.01671	0.30978	0.05464	0.01171	0.01540	0.37242	0.01004	0.05246	0.08318	0.01467	0.00936	0.01030	0.00775	0.00529	0.00436	0.00134	0.00740	0.00351	0.00289	0.00677
49	0.00971	0.00896	0.01495	0.71836	0.03355	0.01105	0.01382	0.01303	0.01062	0.01361	0.01141	0.06325	0.00977	0.00638	0.00546	0.00182	0.00671	0.03920	0.00262	0.00573
50	0.01060	0.02735	0.78682	0.01507	0.02288	0.01228	0.01953	0.01674	0.01116	0.01674	0.00949	0.01116	0.00670	0.00502	0.00502	0.00167	0.00781	0.00391	0.00223	0.00781
51	0.01105	0.12621	0.69183	0.01431	0.02172	0.01336	0.01822	0.01663	0.01111	0.01620	0.00922	0.01083	0.00671	0.00496	0.00482	0.00161	0.00754	0.00377	0.00224	0.00768
52	0.00644	0.00460	0.00613	0.00736	0.00767	0.00429	0.00491	0.00736	0.01012	0.01350	0.02914	0.81076	0.03497	0.01656	0.00675	0.00215	0.00307	0.01503	0.00491	0.00429
53	0.01209	0.01145	0.01896	0.27951	0.48510	0.01234	0.01516	0.01620	0.06634	0.01640	0.01060	0.01389	0.00850	0.00507	0.00526	0.00165	0.00638	0.00480	0.00273	0.00756
54	0.01315	0.01180	0.01670	0.45546	0.02813	0.04237	0.06406	0.19278	0.05040	0.01880	0.01068	0.01375	0.00799	0.00577	0.00592	0.00174	0.04562	0.00483	0.00323	0.00682
55	0.00735	0.00536	0.00626	0.00665	0.00801	0.00473	0.00495	0.00871	0.01159	0.04944	0.04156	0.29210	0.42733	0.01422	0.00648	0.00196	0.00312	0.09055	0.00498	0.00466
56	0.60593	0.01019	0.00923	0.00781	0.01126	0.01120	0.00642	0.07137	0.01151	0.17551	0.02985	0.01153	0.00854	0.00548	0.00390	0.00163	0.00426	0.00366	0.00413	0.00659
57	0.01125	0.01747	0.29875	0.22171	0.14452	0.01243	0.18637	0.01587	0.01144	0.01604	0.00981	0.01292	0.00735	0.00491	0.00540	0.00171	0.00763	0.00476	0.00242	0.00725
58	0.01606	0.01747	0.12565	0.04936	0.26461	0.15127	0.01357	0.25857	0.01652	0.02148	0.01043	0.01210	0.00801	0.00543	0.00514	0.00156	0.00695	0.00438	0.00343	0.00800
59	0.01990	0.01547	0.01571	0.01223	0.01633	0.07232	0.01002	0.69212	0.04236	0.03157	0.01258	0.01264	0.00901	0.00630	0.00525	0.00158	0.00605	0.00469	0.00511	0.00877
60	0.85155	0.01022	0.00777	0.00695	0.01022	0.01186	0.00573	0.01554	0.00900	0.02372	0.00736	0.00859	0.00573	0.00491	0.00327	0.00164	0.00409	0.00286	0.00327	0.00573
61	0.00701	0.00527	0.00649	0.00643	0.00767	0.00475	0.00473	0.00898	0.01350	0.01829	0.48246	0.15873	0.23165	0.01233	0.00632	0.00177	0.00263	0.01079	0.00545	0.00475
62	0.00642	0.00470	0.00603	0.00710	0.00760	0.00432	0.00479	0.00739	0.01038	0.01360	0.03236	0.71056	0.13308	0.01614	0.00668	0.00210	0.00302	0.01452	0.00491	0.00432
63	0.09998	0.01136	0.01233	0.00941	0.01364	0.03901	0.00765	0.20847	0.01538	0.18983	0.01250	0.01265	0.00903	0.00527	0.00454	0.00128	0.00475	0.00401	0.00443	0.33448
64	0.15172	0.11540	0.01720	0.01242	0.01611	0.24135	0.09710	0.18166	0.08351	0.02035	0.01042	0.01141	0.00809	0.00548	0.00470	0.00151	0.00681	0.00411	0.00355	0.00709

[dist]
# distance from previous block
# <min> <max>
2	7

[block]
# block no. 1 follows, 46 sequences, length 11
# corresponding to MSA columns:
# 113-123
name=unknown_B
#
# <colnr> <probs for GDERKNQSTAVLIFYWHMCP>
#	G	D	E	R	K	N	Q	S	T	A	V	L	I	F	Y	W	H	M	C	P
0	0.01621	0.01115	0.01804	0.09189	0.47132	0.01096	0.01339	0.01904	0.01290	0.26212	0.01338	0.01474	0.00976	0.00535	0.00526	0.00161	0.00578	0.00490	0.00385	0.00836
1	0.01286	0.01233	0.02105	0.08782	0.72760	0.01250	0.01611	0.01603	0.01193	0.01700	0.00990	0.01316	0.00828	0.00475	0.00524	0.00158	0.00634	0.00471	0.00260	0.00819
2	0.00644	0.00460	0.00613	0.00736	0.00767	0.00429	0.00491	0.00736	0.01012	0.01350	0.02914	0.81076	0.03497	0.01656	0.00675	0.00215	0.00307	0.01503	0.00491	0.00429
3	0.01099	0.11281	0.70470	0.01442	0.02187	0.01321	0.01840	0.01664	0.01112	0.01628	0.00926	0.01087	0.00671	0.00497	0.00485	0.00162	0.00758	0.00379	0.00224	0.00770
4	0.00918	0.00459	0.00689	0.00689	0.00689	0.00459	0.00459	0.00689	0.00689	0.00918	0.00918	0.01607	0.00918	0.01837	0.02066	0.84619	0.00459	0.00459	0.00230	0.00230
5	0.00852	0.00608	0.00852	0.00974	0.01095	0.00608	0.00852	0.01095	0.01217	0.01582	0.02799	0.05963	0.03042	0.01460	0.00730	0.00243	0.00487	0.74565	0.00487	0.00487
6	0.00755	0.00566	0.00850	0.00850	0.00944	0.00661	0.00661	0.00944	0.00850	0.01227	0.01416	0.02077	0.01322	0.03965	0.79326	0.00850	0.01416	0.00566	0.00283	0.00472
7	0.01298	0.01228	0.02070	0.14496	0.60082	0.01268	0.04421	0.05608	0.01253	0.01756	0.01004	0.01326	0.00820	0.00487	0.00528	0.00161	0.00647	0.00477	0.00272	0.00799
8	0.37881	0.01679	0.01203	0.01047	0.01371	0.31080	0.00825	0.15740	0.01424	0.02140	0.00867	0.00972	0.00675	0.00538	0.00422	0.00152	0.00649	0.00342	0.00344	0.00649
9	0.01632	0.01333	0.01378	0.01061	0.01482	0.06540	0.00858	0.39361	0.06989	0.02539	0.01180	0.01233	0.00891	0.00547	0.00477	0.00130	0.00527	0.00417	0.00435	0.30992
10	0.01653	0.01501	0.07069	0.01260	0.01622	0.10891	0.05586	0.21039	0.23714	0.10728	0.01476	0.01483	0.01086	0.00655	0.00636	0.00171	0.07681	0.00503	0.00450	0.00798

[dist]
# distance from previous block
# <min> <max>
0	2

[block]
# block no. 2 follows, 46 sequences, length 26
# corresponding to MSA columns:
# 126-151
name=unknown_C
#
# <colnr> <probs for GDERKNQSTAVLIFYWHMCP>
#	G	D	E	R	K	N	Q	S	T	A	V	L	I	F	Y	W	H	M	C	P
0	0.00683	0.00538	0.00616	0.00597	0.00750	0.00471	0.00448	0.00871	0.01343	0.01755	0.39559	0.04550	0.43502	0.01217	0.00624	0.00173	0.00259	0.01040	0.00534	0.00471
1	0.01975	0.02520	0.01498	0.01362	0.01634	0.79299	0.01021	0.02111	0.01498	0.01294	0.00817	0.00953	0.00681	0.00545	0.00477	0.00136	0.00953	0.00340	0.00272	0.00613
2	0.00998	0.00940	0.01586	0.80150	0.03641	0.01175	0.01468	0.01351	0.01057	0.01351	0.00940	0.01409	0.00705	0.00529	0.00529	0.00176	0.00705	0.00470	0.00235	0.00587
3	0.01076	0.06150	0.75400	0.01481	0.02248	0.01265	0.01908	0.01670	0.01114	0.01656	0.00939	0.01105	0.00670	0.00500	0.00495	0.00165	0.00772	0.00386	0.00223	0.00777
4	0.01073	0.05649	0.75881	0.01485	0.02254	0.01260	0.01915	0.01671	0.01115	0.01658	0.00941	0.01106	0.00670	0.00500	0.00496	0.00165	0.00773	0.00387	0.00223	0.00777
5	0.00755	0.00566	0.00850	0.00850	0.00944	0.00661	0.00661	0.00944	0.00850	0.01227	0.01416	0.02077	0.01322	0.03965	0.79326	0.00850	0.01416	0.00566	0.00283	0.00472
6	0.00644	0.00460	0.00613	0.00736	0.00767	0.00429	0.00491	0.00736	0.01012	0.01350	0.02914	0.81076	0.03497	0.01656	0.00675	0.00215	0.00307	0.01503	0.00491	0.00429
7	0.00709	0.00525	0.00670	0.00769	0.00826	0.00515	0.00524	0.00937	0.08377	0.01433	0.02840	0.73426	0.03314	0.01565	0.00662	0.00211	0.00318	0.01415	0.00495	0.00469
8	0.85155	0.01022	0.00777	0.00695	0.01022	0.01186	0.00573	0.01554	0.00900	0.02372	0.00736	0.00859	0.00573	0.00491	0.00327	0.00164	0.00409	0.00286	0.00327	0.00573
9	0.00998	0.00940	0.01586	0.80150	0.03641	0.01175	0.01468	0.01351	0.01057	0.01351	0.00940	0.01409	0.00705	0.00529	0.00529	0.00176	0.00705	0.00470	0.00235	0.00587
10	0.01528	0.01270	0.01620	0.01927	0.30988	0.05710	0.01160	0.09401	0.28459	0.10049	0.01537	0.01572	0.01160	0.00598	0.00527	0.00165	0.00549	0.00516	0.00428	0.00837
11	0.00642	0.00536	0.00559	0.00553	0.00724	0.00453	0.00415	0.00791	0.01245	0.01522	0.15187	0.04933	0.68019	0.01304	0.00625	0.00177	0.00265	0.01094	0.00503	0.00453
12	0.01413	0.81739	0.02770	0.00905	0.01357	0.02092	0.00905	0.01583	0.01074	0.01244	0.00735	0.00848	0.00678	0.00452	0.00339	0.00113	0.00565	0.00283	0.00226	0.00678
13	0.01297	0.01245	0.02126	0.06020	0.75435	0.01253	0.01617	0.01613	0.01198	0.01714	0.00992	0.01312	0.00833	0.00473	0.00524	0.00158	0.00631	0.00471	0.00261	0.00828
14	0.01719	0.01403	0.01469	0.01199	0.01536	0.05739	0.00970	0.43220	0.24472	0.02689	0.01452	0.01450	0.01080	0.00682	0.00645	0.00171	0.08277	0.00504	0.00489	0.00834
15	0.00769	0.00513	0.00577	0.00577	0.00577	0.00513	0.00320	0.00769	0.00769	0.01025	0.01666	0.03460	0.01922	0.81421	0.02691	0.00513	0.00513	0.00769	0.00320	0.00320
16	0.01060	0.02735	0.78682	0.01507	0.02288	0.01228	0.01953	0.01674	0.01116	0.01674	0.00949	0.01116	0.00670	0.00502	0.00502	0.00167	0.00781	0.00391	0.00223	0.00781
17	0.01163	0.14089	0.17466	0.01239	0.01663	0.01273	0.11738	0.01876	0.24417	0.01784	0.06809	0.02124	0.05261	0.00703	0.00536	0.00170	0.00569	0.06024	0.00383	0.00715
18	0.00700	0.00532	0.00718	0.00807	0.00837	0.00550	0.00567	0.00799	0.00999	0.01350	0.02695	0.70937	0.03211	0.01579	0.00779	0.00217	0.08063	0.03747	0.00466	0.00446
19	0.01337	0.29728	0.04882	0.01548	0.01988	0.09106	0.33294	0.01629	0.01177	0.01461	0.00999	0.05098	0.00872	0.00540	0.00557	0.00155	0.04191	0.00506	0.00262	0.00673
20	0.02259	0.00950	0.01326	0.01171	0.08782	0.00847	0.00865	0.04537	0.01510	0.68975	0.01957	0.01737	0.01252	0.00636	0.00531	0.00163	0.00471	0.00524	0.00613	0.00894
21	0.01253	0.02097	0.44644	0.01705	0.02364	0.01223	0.27926	0.01768	0.01201	0.09109	0.01101	0.01291	0.00778	0.00497	0.00548	0.00171	0.00788	0.00486	0.00280	0.00769
22	0.01060	0.02735	0.78682	0.01507	0.02288	0.01228	0.01953	0.01674	0.01116	0.01674	0.00949	0.01116	0.00670	0.00502	0.00502	0.00167	0.00781	0.00391	0.00223	0.00781
23	0.01298	0.01264	0.02109	0.14526	0.43919	0.02902	0.12022	0.06248	0.01244	0.01722	0.00987	0.01319	0.00802	0.00523	0.00630	0.00168	0.06793	0.00489	0.00273	0.00761
24	0.01473	0.01139	0.10436	0.35784	0.02475	0.01029	0.03004	0.03310	0.02951	0.26828	0.01452	0.05456	0.01064	0.00627	0.00536	0.00173	0.00606	0.00539	0.00398	0.00720
25	0.04049	0.01332	0.02316	0.01965	0.14395	0.01330	0.35536	0.17523	0.01508	0.10527	0.01191	0.01390	0.00874	0.00528	0.00601	0.00170	0.03070	0.00543	0.00365	0.00785

[dist]
# distance from previous block
# <min> <max>
0	5

[block]
# block no. 3 follows, 46 sequences, length 29
# corresponding to MSA columns:
# 157-182,184-186
name=unknown_D
#
# <colnr> <probs for GDERKNQSTAVLIFYWHMCP>
#	G	D	E	R	K	N	Q	S	T	A	V	L	I	F	Y	W	H	M	C	P
0	0.03789	0.01840	0.04107	0.01240	0.01608	0.30860	0.01006	0.33995	0.06552	0.08121	0.01192	0.01219	0.00877	0.00600	0.00505	0.00152	0.00705	0.00429	0.00427	0.00776
1	0.03701	0.01031	0.01068	0.00996	0.01240	0.06017	0.00779	0.04457	0.39651	0.06341	0.05766	0.11898	0.03571	0.00929	0.00574	0.00186	0.00444	0.10136	0.00510	0.00704
2	0.00727	0.00523	0.00643	0.00635	0.00724	0.00488	0.00441	0.00881	0.01221	0.01670	0.41236	0.12830	0.12660	0.21655	0.01156	0.00262	0.00325	0.00990	0.00494	0.00439
3	0.85155	0.01022	0.00777	0.00695	0.01022	0.01186	0.00573	0.01554	0.00900	0.02372	0.00736	0.00859	0.00573	0.00491	0.00327	0.00164	0.00409	0.00286	0.00327	0.00573
4	0.00708	0.00518	0.00665	0.00673	0.00777	0.00475	0.00488	0.00903	0.01335	0.01843	0.50437	0.25501	0.11182	0.01264	0.00638	0.00181	0.00267	0.01123	0.00548	0.00475
5	0.01644	0.01176	0.01789	0.02309	0.45797	0.01173	0.01291	0.08729	0.07166	0.21475	0.01385	0.01480	0.01022	0.00551	0.00527	0.00161	0.00563	0.00497	0.00407	0.00859
6	0.01207	0.01350	0.02885	0.02081	0.02566	0.01283	0.67903	0.01626	0.01252	0.01711	0.06885	0.01608	0.01116	0.00510	0.00662	0.00179	0.03549	0.00644	0.00290	0.00692
7	0.01466	0.01162	0.01294	0.00967	0.01411	0.01100	0.00785	0.30985	0.04954	0.02379	0.01122	0.01203	0.00865	0.00502	0.00452	0.00114	0.00468	0.00390	0.00408	0.47976
8	0.00863	0.00777	0.01100	0.01492	0.27465	0.00724	0.00832	0.01055	0.01185	0.01524	0.03607	0.11317	0.43900	0.01070	0.00595	0.00175	0.00396	0.00931	0.00412	0.00580
9	0.01975	0.02520	0.01498	0.01362	0.01634	0.79299	0.01021	0.02111	0.01498	0.01294	0.00817	0.00953	0.00681	0.00545	0.00477	0.00136	0.00953	0.00340	0.00272	0.00613
10	0.01157	0.01157	0.01619	0.01388	0.01388	0.01619	0.01157	0.01272	0.00810	0.01272	0.00694	0.01157	0.00694	0.00925	0.01735	0.00231	0.80453	0.00463	0.00231	0.00578
11	0.00748	0.00540	0.00707	0.00665	0.00790	0.00499	0.00499	0.00998	0.01496	0.02120	0.77844	0.03949	0.04988	0.01081	0.00624	0.00166	0.00249	0.00956	0.00582	0.00499
12	0.01060	0.02735	0.78682	0.01507	0.02288	0.01228	0.01953	0.01674	0.01116	0.01674	0.00949	0.01116	0.00670	0.00502	0.00502	0.00167	0.00781	0.00391	0.00223	0.00781
13	0.01157	0.01157	0.01619	0.01388	0.01388	0.01619	0.01157	0.01272	0.00810	0.01272	0.00694	0.01157	0.00694	0.00925	0.01735	0.00231	0.80453	0.00463	0.00231	0.00578
14	0.01159	0.24898	0.57386	0.01338	0.02027	0.01470	0.01659	0.01649	0.01104	0.01553	0.00889	0.01041	0.00672	0.00488	0.00457	0.00152	0.00721	0.00360	0.00224	0.00752
15	0.00972	0.00495	0.00505	0.00502	0.00626	0.00493	0.00377	0.01219	0.01131	0.01979	0.06014	0.02082	0.01560	0.00642	0.00384	0.00126	0.00247	0.00519	0.79635	0.00493
16	0.00681	0.00538	0.00614	0.00595	0.00749	0.00470	0.00446	0.00868	0.01339	0.01746	0.38642	0.04565	0.44424	0.01220	0.00624	0.00173	0.00259	0.01042	0.00533	0.00470
17	0.01096	0.00940	0.01096	0.00783	0.01253	0.00705	0.00626	0.01331	0.01096	0.01723	0.00940	0.01096	0.00783	0.00392	0.00392	0.00078	0.00392	0.00313	0.00313	0.84653
18	0.00769	0.00513	0.00577	0.00577	0.00577	0.00513	0.00320	0.00769	0.00769	0.01025	0.01666	0.03460	0.01922	0.81421	0.02691	0.00513	0.00513	0.00769	0.00320	0.00320
19	0.02010	0.01481	0.01587	0.01216	0.01639	0.01639	0.01005	0.76360	0.02486	0.03332	0.01269	0.01269	0.00899	0.00635	0.00529	0.00159	0.00582	0.00476	0.00529	0.00899
20	0.00625	0.00536	0.00536	0.00536	0.00714	0.00446	0.00402	0.00759	0.01205	0.01428	0.05355	0.05088	0.77909	0.01339	0.00625	0.00179	0.00268	0.01116	0.00491	0.00446
21	0.00998	0.00940	0.01586	0.80150	0.03641	0.01175	0.01468	0.01351	0.01057	0.01351	0.00940	0.01409	0.00705	0.00529	0.00529	0.00176	0.00705	0.00470	0.00235	0.00587
22	0.01552	0.03244	0.08647	0.01540	0.01993	0.01299	0.28459	0.12817	0.13452	0.15622	0.01415	0.01504	0.01015	0.00580	0.00614	0.00173	0.04325	0.00547	0.00410	0.00792
23	0.00859	0.00713	0.01025	0.00966	0.01029	0.00894	0.00761	0.01014	0.00833	0.01223	0.01251	0.01947	0.01207	0.09070	0.53732	0.00666	0.21493	0.00555	0.00273	0.00488
24	0.01160	0.01104	0.01877	0.40114	0.42416	0.01217	0.01548	0.01492	0.01133	0.01547	0.00968	0.01357	0.00774	0.00499	0.00526	0.00166	0.00665	0.00470	0.00249	0.00717
25	0.12602	0.17048	0.03964	0.01191	0.01523	0.50354	0.00969	0.03960	0.01357	0.01491	0.00808	0.00935	0.00672	0.00522	0.00434	0.00137	0.00795	0.00328	0.00276	0.00633
26	0.03375	0.00554	0.00727	0.00775	0.00880	0.00525	0.00579	0.01021	0.01191	0.07450	0.19666	0.42318	0.03501	0.01382	0.00651	0.00203	0.00339	0.13849	0.00518	0.00495
27	0.01052	0.01496	0.21738	0.01559	0.02032	0.01051	0.32118	0.01470	0.02886	0.01640	0.03201	0.18053	0.01445	0.00730	0.00584	0.00175	0.00677	0.00731	0.00320	0.07041
28	0.09448	0.01414	0.01442	0.01134	0.01519	0.04944	0.00928	0.60578	0.02223	0.03063	0.07014	0.01422	0.01170	0.00651	0.00515	0.00159	0.00557	0.00489	0.00503	0.00826

[dist]
# distance from previous block
# <min> <max>
0	1

[block]
# block no. 4 follows, 46 sequences, length 51
# corresponding to MSA columns:
# 188-238
name=unknown_E
#
# <colnr> <probs for GDERKNQSTAVLIFYWHMCP>
#	G	D	E	R	K	N	Q	S	T	A	V	L	I	F	Y	W	H	M	C	P
0	0.01543	0.01699	0.06161	0.01202	0.01528	0.26567	0.00974	0.05742	0.44634	0.01930	0.01606	0.01558	0.01221	0.00644	0.00515	0.00164	0.00621	0.00496	0.00432	0.00764
1	0.01184	0.30315	0.52182	0.01297	0.01963	0.01529	0.01587	0.01642	0.01101	0.01524	0.00874	0.01023	0.00673	0.00485	0.00445	0.00148	0.00706	0.00353	0.00224	0.00745
2	0.01248	0.01426	0.03119	0.02228	0.02763	0.01337	0.76203	0.01693	0.01248	0.01693	0.01070	0.01426	0.00802	0.00446	0.00624	0.00178	0.00891	0.00624	0.00267	0.00713
3	0.00748	0.00540	0.00707	0.00665	0.00790	0.00499	0.00499	0.00998	0.01496	0.02120	0.77844	0.03949	0.04988	0.01081	0.00624	0.00166	0.00249	0.00956	0.00582	0.00499
4	0.01413	0.81739	0.02770	0.00905	0.01357	0.02092	0.00905	0.01583	0.01074	0.01244	0.00735	0.00848	0.00678	0.00452	0.00339	0.00113	0.00565	0.00283	0.00226	0.00678
5	0.00704	0.00514	0.00675	0.00783	0.00859	0.00485	0.00588	0.00847	0.01097	0.01429	0.03176	0.49324	0.12392	0.01559	0.00685	0.00219	0.00356	0.23370	0.00490	0.00449
6	0.01584	0.01215	0.02347	0.01715	0.02172	0.01142	0.45555	0.01958	0.02948	0.25934	0.03931	0.01629	0.01113	0.00556	0.00634	0.00175	0.03627	0.00599	0.00404	0.00763
7	0.00998	0.00940	0.01586	0.80150	0.03641	0.01175	0.01468	0.01351	0.01057	0.01351	0.00940	0.01409	0.00705	0.00529	0.00529	0.00176	0.00705	0.00470	0.00235	0.00587
8	0.01308	0.01256	0.02146	0.03245	0.78123	0.01256	0.01622	0.01622	0.01204	0.01727	0.00994	0.01308	0.00837	0.00471	0.00523	0.00157	0.00628	0.00471	0.00262	0.00837
9	0.00939	0.00730	0.00846	0.00837	0.00995	0.00768	0.00618	0.01557	0.27943	0.03275	0.15293	0.29950	0.07643	0.03451	0.00671	0.00200	0.00347	0.02824	0.00521	0.00593
10	0.00870	0.00624	0.00835	0.00926	0.01043	0.00626	0.00766	0.05712	0.01242	0.01630	0.02734	0.25474	0.03028	0.01460	0.00703	0.00231	0.00445	0.50663	0.00490	0.00497
11	0.01060	0.02735	0.78682	0.01507	0.02288	0.01228	0.01953	0.01674	0.01116	0.01674	0.00949	0.01116	0.00670	0.00502	0.00502	0.00167	0.00781	0.00391	0.00223	0.00781
12	0.01413	0.81739	0.02770	0.00905	0.01357	0.02092	0.00905	0.01583	0.01074	0.01244	0.00735	0.00848	0.00678	0.00452	0.00339	0.00113	0.00565	0.00283	0.00226	0.00678
13	0.01096	0.00940	0.01096	0.00783	0.01253	0.00705	0.00626	0.01331	0.01096	0.01723	0.00940	0.01096	0.00783	0.00392	0.00392	0.00078	0.00392	0.00313	0.00313	0.84653
14	0.00644	0.00460	0.00613	0.00736	0.00767	0.00429	0.00491	0.00736	0.01012	0.01350	0.02914	0.81076	0.03497	0.01656	0.00675	0.00215	0.00307	0.01503	0.00491	0.00429
15	0.00852	0.00608	0.00852	0.00974	0.01095	0.00608	0.00852	0.01095	0.01217	0.01582	0.02799	0.05963	0.03042	0.01460	0.00730	0.00243	0.00487	0.74565	0.00487	0.00487
16	0.00878	0.00555	0.00787	0.00830	0.00928	0.00515	0.03052	0.01008	0.01095	0.10099	0.02749	0.62672	0.03119	0.01485	0.00662	0.00210	0.00359	0.07996	0.00502	0.00497
17	0.00625	0.00536	0.00536	0.00536	0.00714	0.00446	0.00402	0.00759	0.01205	0.01428	0.05355	0.05088	0.77909	0.01339	0.00625	0.00179	0.00268	0.01116	0.00491	0.00446
18	0.01282	0.01229	0.02098	0.09769	0.71805	0.01249	0.01609	0.01599	0.01191	0.01695	0.00990	0.01317	0.00826	0.00476	0.00524	0.00159	0.00635	0.00471	0.00259	0.00816
19	0.01248	0.01426	0.03119	0.02228	0.02763	0.01337	0.76203	0.01693	0.01248	0.01693	0.01070	0.01426	0.00802	0.00446	0.00624	0.00178	0.00891	0.00624	0.00267	0.00713
20	0.01095	0.01038	0.01760	0.56278	0.26761	0.01200	0.01516	0.01435	0.01103	0.01468	0.00957	0.01378	0.00746	0.00511	0.00527	0.00170	0.00681	0.00470	0.00243	0.00665
21	0.01073	0.02645	0.73493	0.01556	0.02321	0.01235	0.07052	0.01676	0.01125	0.01676	0.00957	0.01137	0.00679	0.00498	0.00511	0.00168	0.00789	0.00407	0.00226	0.00777
22	0.00791	0.00583	0.00770	0.00862	0.00990	0.00562	0.00729	0.01004	0.01212	0.01556	0.05796	0.09894	0.18247	0.01434	0.00702	0.00226	0.00425	0.53249	0.00491	0.00476
23	0.01075	0.06027	0.75519	0.01482	0.02249	0.01264	0.01910	0.01670	0.01114	0.01656	0.00940	0.01105	0.00670	0.00500	0.00495	0.00165	0.00772	0.00386	0.00223	0.00777
24	0.01957	0.01443	0.01656	0.01264	0.01690	0.01575	0.05698	0.66523	0.04489	0.06329	0.01316	0.01321	0.00930	0.00626	0.00535	0.00161	0.00591	0.00491	0.00518	0.00886
25	0.00998	0.00940	0.01586	0.80150	0.03641	0.01175	0.01468	0.01351	0.01057	0.01351	0.00940	0.01409	0.00705	0.00529	0.00529	0.00176	0.00705	0.00470	0.00235	0.00587
26	0.01139	0.01169	0.02240	0.39394	0.14874	0.01247	0.29136	0.01520	0.01150	0.01536	0.00996	0.01400	0.00761	0.00489	0.00563	0.00174	0.00762	0.00527	0.00251	0.00673
27	0.01308	0.01256	0.02146	0.03245	0.78123	0.01256	0.01622	0.01622	0.01204	0.01727	0.00994	0.01308	0.00837	0.00471	0.00523	0.00157	0.00628	0.00471	0.00262	0.00837
28	0.00635	0.00494	0.00578	0.00645	0.00743	0.00437	0.00450	0.00746	0.01099	0.01385	0.04019	0.46673	0.37186	0.01513	0.00652	0.00198	0.00289	0.01328	0.00491	0.00437
29	0.00644	0.00460	0.00613	0.00736	0.00767	0.00429	0.00491	0.00736	0.01012	0.01350	0.02914	0.81076	0.03497	0.01656	0.00675	0.00215	0.00307	0.01503	0.00491	0.00429
30	0.01114	0.02360	0.57033	0.01713	0.02424	0.01259	0.23226	0.01680	0.01154	0.01680	0.00983	0.01205	0.00708	0.00486	0.00537	0.00171	0.00813	0.00457	0.00236	0.00762
31	0.01975	0.02520	0.01498	0.01362	0.01634	0.79299	0.01021	0.02111	0.01498	0.01294	0.00817	0.00953	0.00681	0.00545	0.00477	0.00136	0.00953	0.00340	0.00272	0.00613
32	0.01096	0.00940	0.01096	0.00783	0.01253	0.00705	0.00626	0.01331	0.01096	0.01723	0.00940	0.01096	0.00783	0.00392	0.00392	0.00078	0.00392	0.00313	0.00313	0.84653
33	0.00744	0.00537	0.00703	0.00668	0.00789	0.00496	0.00499	0.00988	0.01479	0.02092	0.75107	0.06766	0.04934	0.01102	0.00625	0.00168	0.00252	0.00976	0.00579	0.00496
34	0.01295	0.01242	0.02121	0.06656	0.74820	0.01252	0.01616	0.01610	0.01197	0.01710	0.00992	0.01313	0.00832	0.00474	0.00524	0.00158	0.00631	0.00471	0.00260	0.00826
35	0.00644	0.00460	0.00613	0.00736	0.00767	0.00429	0.00491	0.00736	0.01012	0.01350	0.02914	0.81076	0.03497	0.01656	0.00675	0.00215	0.00307	0.01503	0.00491	0.00429
36	0.01289	0.01236	0.02111	0.08059	0.73461	0.01251	0.01613	0.01605	0.01195	0.01704	0.00991	0.01315	0.00829	0.00475	0.00524	0.00158	0.00633	0.00471	0.00260	0.00822
37	0.01060	0.02735	0.78682	0.01507	0.02288	0.01228	0.01953	0.01674	0.01116	0.01674	0.00949	0.01116	0.00670	0.00502	0.00502	0.00167	0.00781	0.00391	0.00223	0.00781
38	0.00636	0.00493	0.00580	0.00649	0.00744	0.00437	0.00452	0.00746	0.01096	0.01384	0.03974	0.48080	0.35808	0.01518	0.00653	0.00199	0.00290	0.01335	0.00491	0.00437
39	0.01157	0.01157	0.01619	0.01388	0.01388	0.01619	0.01157	0.01272	0.00810	0.01272	0.00694	0.01157	0.00694	0.00925	0.01735	0.00231	0.80453	0.00463	0.00231	0.00578
40	0.01024	0.00966	0.01633	0.73692	0.09896	0.01181	0.01481	0.01374	0.01069	0.01382	0.00944	0.01401	0.00716	0.00524	0.00528	0.00175	0.00698	0.00470	0.00237	0.00608
41	0.00646	0.00506	0.00588	0.00650	0.00759	0.00448	0.00467	0.00767	0.01119	0.01401	0.04116	0.39276	0.40317	0.01488	0.00653	0.00198	0.00297	0.05372	0.00491	0.00441
42	0.00644	0.00460	0.00613	0.00736	0.00767	0.00429	0.00491	0.00736	0.01012	0.01350	0.02914	0.81076	0.03497	0.01656	0.00675	0.00215	0.00307	0.01503	0.00491	0.00429
43	0.01305	0.01267	0.02207	0.03181	0.73406	0.01261	0.06291	0.01627	0.01207	0.01725	0.00999	0.01316	0.00835	0.00469	0.00530	0.00158	0.00645	0.00481	0.00262	0.00830
44	0.20777	0.01167	0.01182	0.06438	0.01487	0.03441	0.00842	0.11277	0.40478	0.05085	0.01596	0.01558	0.01188	0.00635	0.00486	0.00171	0.00471	0.00493	0.00464	0.00762
45	0.01282	0.52378	0.30981	0.01128	0.01703	0.01771	0.01294	0.01617	0.01090	0.01404	0.00814	0.00948	0.00675	0.00471	0.00400	0.00133	0.00646	0.00323	0.00225	0.00717
46	0.01235	0.01693	0.18229	0.08808	0.11195	0.05624	0.42036	0.01675	0.01214	0.01642	0.01011	0.01322	0.00764	0.00473	0.00571	0.00171	0.00827	0.00530	0.00255	0.00725
47	0.01470	0.22752	0.14999	0.04615	0.05330	0.05848	0.01145	0.23991	0.03626	0.02014	0.01196	0.07118	0.01030	0.00640	0.00486	0.00154	0.00613	0.01875	0.00354	0.00745
48	0.00766	0.00618	0.00935	0.00913	0.01030	0.00583	0.09205	0.03617	0.01113	0.01473	0.02843	0.61180	0.09288	0.01450	0.00661	0.00206	0.00384	0.02788	0.00466	0.00482
49	0.01372	0.01217	0.02161	0.10624	0.50435	0.01214	0.13974	0.01701	0.01227	0.09258	0.01109	0.01387	0.00865	0.00491	0.00541	0.00163	0.00662	0.00502	0.00299	0.00797
50	0.10192	0.08579	0.04671	0.01581	0.21223	0.01201	0.02891	0.04774	0.13084	0.21346	0.02794	0.01529	0.01125	0.02084	0.00535	0.00167	0.00524	0.00485	0.00423	0.00793

[dist]
# distance from previous block
# <min> <max>
12	40

[block]
# block no. 5 follows, 46 sequences, length 22
# corresponding to MSA columns:
# 280-301
name=unknown_F
#
# <colnr> <probs for GDERKNQSTAVLIFYWHMCP>
#	G	D	E	R	K	N	Q	S	T	A	V	L	I	F	Y	W	H	M	C	P
0	0.13652	0.17076	0.12096	0.01213	0.04988	0.01548	0.01081	0.27758	0.01551	0.05777	0.01021	0.01124	0.00777	0.00579	0.00564	0.00158	0.07503	0.00401	0.00368	0.00763
1	0.05324	0.15530	0.09953	0.01143	0.01604	0.01567	0.01047	0.44613	0.01927	0.10494	0.01204	0.01217	0.00865	0.00585	0.00485	0.00152	0.00579	0.00431	0.00448	0.00834
2	0.11539	0.35061	0.03713	0.01047	0.01463	0.10244	0.00935	0.26546	0.01571	0.02087	0.00927	0.01007	0.00740	0.00529	0.00420	0.00138	0.00600	0.00356	0.00344	0.00735
3	0.12048	0.14398	0.05091	0.01097	0.01498	0.10771	0.00949	0.36531	0.01800	0.05769	0.04406	0.01246	0.00982	0.00591	0.00471	0.00150	0.00591	0.00425	0.00419	0.00767
4	0.01455	0.56046	0.14505	0.01060	0.01550	0.06561	0.01087	0.09544	0.01256	0.01535	0.00830	0.00941	0.00701	0.00485	0.00393	0.00128	0.00624	0.00324	0.00261	0.00714
5	0.17477	0.01619	0.15165	0.01161	0.01613	0.04033	0.01077	0.39260	0.09176	0.02677	0.01182	0.01222	0.00859	0.00589	0.00485	0.00162	0.00581	0.00432	0.00429	0.00801
6	0.09445	0.36456	0.04695	0.01016	0.01444	0.06795	0.00926	0.19683	0.01483	0.11955	0.01053	0.01091	0.00804	0.00534	0.00424	0.00139	0.00573	0.00370	0.00367	0.00750
7	0.04530	0.22712	0.11351	0.03976	0.09126	0.01440	0.05948	0.15594	0.01444	0.14239	0.03954	0.01326	0.00998	0.00553	0.00478	0.00151	0.00591	0.00443	0.00374	0.00772
8	0.01436	0.78483	0.02718	0.00923	0.01368	0.05266	0.00909	0.01605	0.01092	0.01246	0.00738	0.00852	0.00679	0.00456	0.00345	0.00114	0.00581	0.00285	0.00228	0.00676
9	0.00643	0.00465	0.00609	0.00724	0.00764	0.00430	0.00485	0.00737	0.01024	0.01354	0.03060	0.76520	0.07958	0.01637	0.00672	0.00213	0.00304	0.01480	0.00491	0.00430
10	0.01413	0.81739	0.02770	0.00905	0.01357	0.02092	0.00905	0.01583	0.01074	0.01244	0.00735	0.00848	0.00678	0.00452	0.00339	0.00113	0.00565	0.00283	0.00226	0.00678
11	0.01408	0.01275	0.01865	0.26987	0.29359	0.08008	0.06937	0.09022	0.01334	0.07143	0.01071	0.01349	0.00819	0.00523	0.00530	0.00163	0.00683	0.00475	0.00309	0.00740
12	0.00993	0.01115	0.11480	0.01927	0.34856	0.00902	0.01180	0.01258	0.01129	0.01569	0.01994	0.28183	0.07454	0.00958	0.00584	0.00181	0.00511	0.02715	0.00355	0.00657
13	0.00643	0.00465	0.00608	0.00722	0.00763	0.00431	0.00484	0.00738	0.01026	0.01355	0.03086	0.75714	0.08748	0.01634	0.00671	0.00212	0.00304	0.01476	0.00491	0.00431
14	0.02372	0.00900	0.01227	0.00941	0.01350	0.00777	0.00777	0.02576	0.01513	0.78489	0.02086	0.01799	0.01309	0.00654	0.00532	0.00164	0.00450	0.00532	0.00654	0.00900
15	0.01157	0.01616	0.24734	0.21994	0.36944	0.01227	0.01682	0.01570	0.01141	0.01617	0.00967	0.01277	0.00754	0.00495	0.00518	0.00165	0.00693	0.00447	0.00244	0.00758
16	0.01254	0.01274	0.02391	0.11576	0.45889	0.01272	0.25212	0.01614	0.01201	0.01674	0.01012	0.01357	0.00811	0.00469	0.00556	0.00166	0.00720	0.00519	0.00260	0.00770
17	0.00742	0.00544	0.00773	0.00797	0.00889	0.00576	0.00609	0.00931	0.01060	0.01485	0.19239	0.17490	0.02713	0.02658	0.39846	0.00522	0.00862	0.07383	0.00408	0.00472
18	0.01418	0.01266	0.01964	0.11797	0.53489	0.01326	0.01476	0.17169	0.01454	0.02018	0.01045	0.01312	0.00835	0.00512	0.00525	0.00160	0.00627	0.00472	0.00314	0.00821
19	0.04574	0.01314	0.01950	0.02828	0.63872	0.07976	0.01462	0.01625	0.01235	0.01738	0.05577	0.01419	0.01062	0.00515	0.00518	0.00156	0.00625	0.00482	0.00284	0.00787
20	0.16337	0.00593	0.00666	0.00693	0.00817	0.00591	0.00502	0.00967	0.01149	0.01773	0.24934	0.37942	0.08649	0.01247	0.00592	0.00188	0.00306	0.01088	0.00488	0.00478
21	0.01377	0.01206	0.01714	0.01894	0.25787	0.11195	0.13013	0.01628	0.01257	0.12184	0.01617	0.16462	0.01525	0.00791	0.00577	0.00175	0.00618	0.05907	0.00377	0.00697

[dist]
# distance from previous block
# <min> <max>
4	10

[block]
# block no. 6 follows, 46 sequences, length 33
# corresponding to MSA columns:
# 316-330,341-358
name=unknown_G
#
# <colnr> <probs for GDERKNQSTAVLIFYWHMCP>
#	G	D	E	R	K	N	Q	S	T	A	V	L	I	F	Y	W	H	M	C	P
0	0.00900	0.02760	0.00832	0.00787	0.00907	0.05775	0.00576	0.06403	0.01306	0.01728	0.27238	0.33109	0.04786	0.06774	0.00766	0.00208	0.00377	0.03779	0.00491	0.00499
1	0.09767	0.06890	0.03258	0.04099	0.25789	0.20624	0.01178	0.16740	0.01487	0.01962	0.00960	0.01133	0.00766	0.00523	0.00478	0.00149	0.00673	0.00404	0.00322	0.02798
2	0.00646	0.00483	0.00591	0.00675	0.00743	0.00438	0.00458	0.00744	0.01050	0.01353	0.03491	0.56891	0.23042	0.05827	0.00769	0.00221	0.00307	0.01362	0.00482	0.00428
3	0.07561	0.55399	0.04871	0.00969	0.01408	0.03989	0.00925	0.11364	0.03771	0.04181	0.00905	0.00983	0.00751	0.00498	0.00385	0.00129	0.00565	0.00332	0.00298	0.00713
4	0.01291	0.01239	0.02115	0.07493	0.74009	0.01252	0.01614	0.01607	0.01196	0.01706	0.00991	0.01314	0.00830	0.00474	0.00524	0.00158	0.00632	0.00471	0.00260	0.00824
5	0.00658	0.00474	0.00628	0.00746	0.00789	0.00443	0.00513	0.00763	0.01034	0.01369	0.02996	0.72856	0.06209	0.01630	0.00677	0.00215	0.00318	0.06757	0.00490	0.00434
6	0.00644	0.00460	0.00613	0.00736	0.00767	0.00429	0.00491	0.00736	0.01012	0.01350	0.02914	0.81076	0.03497	0.01656	0.00675	0.00215	0.00307	0.01503	0.00491	0.00429
7	0.01449	0.45117	0.04425	0.01087	0.03645	0.07375	0.00953	0.06292	0.21564	0.01654	0.01165	0.01202	0.00946	0.00542	0.00423	0.00138	0.00563	0.00391	0.00331	0.00737
8	0.01691	0.01004	0.06726	0.01029	0.01365	0.00862	0.00918	0.11580	0.01506	0.35901	0.02151	0.03158	0.01824	0.00927	0.00600	0.00192	0.00504	0.26770	0.00548	0.00745
9	0.01306	0.01263	0.02184	0.03205	0.75154	0.01259	0.04561	0.01625	0.01205	0.01726	0.00997	0.01313	0.00836	0.00470	0.00527	0.00158	0.00638	0.00477	0.00262	0.00832
10	0.00758	0.00554	0.00789	0.00789	0.00862	0.00628	0.00585	0.00905	0.00832	0.01182	0.01472	0.02385	0.01455	0.21219	0.62255	0.00775	0.01215	0.00611	0.00291	0.00438
11	0.01106	0.05767	0.38440	0.27912	0.02697	0.01262	0.08601	0.01573	0.01108	0.03236	0.00965	0.01246	0.00709	0.00517	0.00546	0.00170	0.02761	0.00439	0.00241	0.00702
12	0.01312	0.01195	0.01662	0.02141	0.39067	0.01286	0.01223	0.02226	0.39861	0.01974	0.01583	0.01646	0.01232	0.00596	0.00531	0.00168	0.00521	0.00535	0.00402	0.00837
13	0.00636	0.00492	0.00580	0.00650	0.00744	0.00437	0.00452	0.00746	0.01095	0.01383	0.03963	0.48436	0.35459	0.01520	0.00653	0.00199	0.00290	0.01337	0.00491	0.00437
14	0.01828	0.01391	0.01484	0.01180	0.01570	0.01555	0.00961	0.57129	0.22013	0.03039	0.01500	0.01453	0.01086	0.00656	0.00531	0.00164	0.00539	0.00508	0.00531	0.00883
15	0.01364	0.01317	0.02215	0.02937	0.61814	0.02736	0.10849	0.07030	0.01307	0.01831	0.01020	0.01314	0.00835	0.00481	0.00535	0.00159	0.00663	0.00488	0.00282	0.00822
16	0.01123	0.02296	0.53333	0.01749	0.02447	0.01264	0.26862	0.01681	0.01160	0.01681	0.00989	0.01220	0.00714	0.00483	0.00543	0.00171	0.00818	0.00469	0.00238	0.00758
17	0.00644	0.00460	0.00613	0.00736	0.00767	0.00429	0.00491	0.00736	0.01012	0.01350	0.02914	0.81076	0.03497	0.01656	0.00675	0.00215	0.00307	0.01503	0.00491	0.00429
18	0.01462	0.74949	0.02663	0.00941	0.01381	0.07098	0.00914	0.03149	0.01131	0.01290	0.00751	0.00864	0.00683	0.00462	0.00352	0.00116	0.00591	0.00290	0.00235	0.00679
19	0.00999	0.00849	0.01325	0.06925	0.28470	0.00855	0.01107	0.01268	0.01222	0.01648	0.07932	0.03803	0.07467	0.01012	0.00628	0.00198	0.00518	0.32761	0.00398	0.00616
20	0.01711	0.00771	0.01050	0.00931	0.01220	0.00696	0.00784	0.01926	0.01386	0.45659	0.02530	0.03529	0.06133	0.00992	0.00611	0.00194	0.00454	0.28120	0.00583	0.00721
21	0.25896	0.01048	0.01218	0.01001	0.01354	0.01111	0.06172	0.04845	0.23073	0.23513	0.04406	0.01610	0.01268	0.00625	0.00484	0.00169	0.00458	0.00500	0.00491	0.00759
22	0.10682	0.01428	0.06820	0.04178	0.38772	0.04830	0.01328	0.19970	0.03327	0.02170	0.01049	0.01240	0.00821	0.00526	0.00500	0.00159	0.00614	0.00444	0.00338	0.00803
23	0.10720	0.03112	0.01677	0.04149	0.25297	0.01332	0.04135	0.21625	0.03884	0.02176	0.01177	0.01582	0.00986	0.00627	0.00603	0.00168	0.06531	0.05794	0.00364	0.04061
24	0.15439	0.03807	0.02944	0.02242	0.43619	0.01336	0.01285	0.11955	0.01294	0.02009	0.00957	0.01194	0.00782	0.00528	0.00569	0.00161	0.06336	0.00429	0.00307	0.02806
25	0.03123	0.01261	0.01817	0.13987	0.37913	0.02485	0.02719	0.17916	0.09777	0.02078	0.01166	0.01376	0.00908	0.00543	0.00524	0.00163	0.00612	0.00483	0.00347	0.00802
26	0.01510	0.03336	0.01990	0.02497	0.47854	0.04446	0.04337	0.16375	0.02769	0.02071	0.01266	0.06644	0.01104	0.00643	0.00568	0.00176	0.00642	0.00565	0.00363	0.00845
27	0.03553	0.01282	0.01907	0.02677	0.57625	0.05569	0.01425	0.01710	0.08169	0.01727	0.01184	0.01432	0.02999	0.00552	0.00599	0.00164	0.05855	0.00488	0.00294	0.00790
28	0.01423	0.09384	0.01955	0.02347	0.46538	0.03268	0.01328	0.15835	0.01431	0.01944	0.01155	0.01615	0.01006	0.02972	0.00583	0.00169	0.00608	0.05326	0.00326	0.00789
29	0.03174	0.01237	0.01965	0.10006	0.55566	0.01315	0.01485	0.09325	0.01286	0.01837	0.00989	0.01292	0.00814	0.00529	0.00615	0.00165	0.06854	0.00467	0.00286	0.00794
