[name]
unknown

[dist]
# distance from previous block
# <min> <max>
1	73

[block]
# block no. 0 follows, 43 sequences, length 59
# corresponding to MSA columns:
# 78-136
name=unknown_A
#
# <colnr> <probs for GDERKNQSTAVLIFYWHMCP>
#	G	D	E	R	K	N	Q	S	T	A	V	L	I	F	Y	W	H	M	C	P
0	0.01336	0.05920	0.13519	0.01208	0.04202	0.06874	0.02999	0.21270	0.01576	0.02077	0.02030	0.19981	0.08464	0.00945	0.00580	0.00180	0.00570	0.02232	0.03340	0.00699
1	0.03637	0.09041	0.19585	0.01461	0.08648	0.05350	0.03635	0.02306	0.32272	0.06103	0.01556	0.01567	0.01168	0.00620	0.00527	0.00173	0.00609	0.00507	0.00406	0.00828
2	0.01280	0.05988	0.54838	0.01772	0.12805	0.01381	0.01833	0.10294	0.01347	0.01944	0.01030	0.01204	0.00755	0.00535	0.00525	0.00170	0.00761	0.00426	0.00277	0.00836
3	0.01336	0.31952	0.38838	0.01288	0.01914	0.01662	0.01480	0.06707	0.06815	0.01742	0.01026	0.01141	0.00795	0.00532	0.00467	0.00154	0.00691	0.00389	0.00281	0.00791
4	0.01235	0.22069	0.41405	0.01457	0.02123	0.01479	0.11940	0.01700	0.01176	0.01648	0.00955	0.01143	0.00734	0.00494	0.00491	0.00154	0.00741	0.00408	0.00250	0.08400
5	0.00795	0.00622	0.00730	0.00697	0.00843	0.02593	0.00526	0.01029	0.01500	0.02041	0.58877	0.04340	0.19285	0.01180	0.00652	0.00178	0.00291	0.02727	0.00580	0.00515
6	0.01111	0.02865	0.77667	0.01579	0.02397	0.01286	0.02046	0.01754	0.01169	0.01754	0.00994	0.01169	0.00702	0.00526	0.00526	0.00175	0.00818	0.00409	0.00234	0.00818
7	0.01148	0.00984	0.01148	0.00820	0.01312	0.00738	0.00656	0.01395	0.01148	0.01805	0.00984	0.01148	0.00820	0.00410	0.00410	0.00082	0.00410	0.00328	0.00328	0.83922
8	0.01206	0.01133	0.01863	0.02758	0.59326	0.01117	0.01411	0.01487	0.01243	0.01729	0.01870	0.09153	0.11846	0.00735	0.00578	0.00173	0.00574	0.00688	0.00330	0.00780
9	0.00771	0.00522	0.00614	0.00649	0.00657	0.00514	0.00383	0.00796	0.00873	0.01164	0.02093	0.24005	0.02453	0.59557	0.02257	0.00454	0.00480	0.01010	0.00383	0.00366
10	0.01360	0.01305	0.02229	0.05853	0.74710	0.01313	0.01694	0.01690	0.01256	0.01797	0.01040	0.01374	0.00873	0.00495	0.00548	0.00165	0.00661	0.00493	0.00273	0.00869
11	0.00791	0.00593	0.00890	0.00890	0.00989	0.00692	0.00692	0.00989	0.00890	0.01286	0.01483	0.02176	0.01385	0.04154	0.78341	0.00890	0.01483	0.00593	0.00297	0.00494
12	0.01015	0.01021	0.01930	0.02926	0.01854	0.00969	0.35384	0.01333	0.01313	0.01766	0.18167	0.09934	0.15404	0.00908	0.00696	0.00189	0.03270	0.00894	0.00411	0.00616
13	0.01046	0.00984	0.01661	0.79205	0.03814	0.01230	0.01538	0.01415	0.01107	0.01415	0.00984	0.01477	0.00738	0.00554	0.00554	0.00185	0.00738	0.00492	0.00246	0.00615
14	0.00675	0.00535	0.00610	0.00667	0.00791	0.00470	0.00482	0.00805	0.01185	0.01473	0.04479	0.34309	0.44626	0.01538	0.00681	0.00205	0.00309	0.05185	0.00514	0.00463
15	0.09727	0.01123	0.01342	0.01043	0.01465	0.01108	0.00860	0.21921	0.03789	0.49018	0.01832	0.01653	0.01196	0.00666	0.00537	0.00170	0.00503	0.00520	0.00616	0.00910
16	0.01886	0.02136	0.01500	0.01325	0.01587	0.52055	0.01020	0.12328	0.01600	0.01719	0.00996	0.01166	0.00812	0.00634	0.00640	0.00156	0.09409	0.00405	0.07957	0.00669
17	0.01481	0.80869	0.02902	0.00948	0.01421	0.02191	0.00948	0.01658	0.01125	0.01303	0.00770	0.00888	0.00711	0.00474	0.00355	0.00118	0.00592	0.00296	0.00237	0.00711
18	0.00671	0.00495	0.00629	0.00737	0.00794	0.00453	0.00499	0.00775	0.01094	0.01427	0.03473	0.67867	0.15699	0.01680	0.00698	0.00219	0.00315	0.01508	0.00514	0.00453
19	0.01263	0.01202	0.02048	0.31949	0.45027	0.01296	0.04190	0.03332	0.01236	0.01699	0.01030	0.01414	0.00825	0.00519	0.00554	0.00173	0.00697	0.00499	0.00270	0.00775
20	0.01643	0.16088	0.14450	0.01513	0.08853	0.36232	0.01242	0.02006	0.07231	0.01529	0.01012	0.01167	0.00826	0.00674	0.03117	0.00175	0.00838	0.00397	0.00290	0.00719
21	0.00665	0.00564	0.00576	0.00579	0.00763	0.00474	0.00439	0.00812	0.01269	0.01517	0.07021	0.05336	0.72859	0.01401	0.00658	0.00189	0.00288	0.03603	0.00516	0.00470
22	0.00685	0.00490	0.00652	0.00764	0.00806	0.00457	0.00515	0.00796	0.01107	0.01488	0.09812	0.73204	0.03806	0.01680	0.00702	0.00220	0.00316	0.01522	0.00523	0.00457
23	0.01893	0.02059	0.01726	0.01835	0.19228	0.42661	0.01199	0.17498	0.01708	0.01926	0.01018	0.01177	0.00814	0.00574	0.00520	0.00152	0.00822	0.00422	0.02008	0.00758
24	0.01663	0.01776	0.19186	0.01600	0.12609	0.08406	0.01313	0.17769	0.16776	0.11127	0.01456	0.01483	0.01059	0.00620	0.00544	0.00171	0.00649	0.00497	0.00433	0.00863
25	0.01386	0.55527	0.20040	0.01110	0.01649	0.01907	0.01195	0.01798	0.08007	0.01500	0.00958	0.01061	0.00798	0.00511	0.00414	0.00138	0.00630	0.00353	0.00266	0.00751
26	0.01551	0.00914	0.01113	0.00921	0.01207	0.00906	0.00733	0.18800	0.04420	0.21930	0.37379	0.02830	0.03111	0.00895	0.00602	0.00172	0.00403	0.00757	0.00615	0.00741
27	0.00703	0.00561	0.00629	0.00616	0.00779	0.00487	0.00461	0.00887	0.01371	0.01762	0.31864	0.06599	0.48705	0.01310	0.00655	0.00183	0.00274	0.01116	0.00550	0.00487
28	0.01741	0.01370	0.01457	0.01201	0.01579	0.01547	0.00964	0.39010	0.39423	0.02902	0.01793	0.01699	0.01317	0.00708	0.00559	0.00177	0.00524	0.00563	0.00559	0.00909
29	0.01182	0.00577	0.00645	0.00601	0.00768	0.00555	0.00460	0.01435	0.01273	0.11659	0.12427	0.02334	0.01950	0.00719	0.00446	0.00141	0.00286	0.00590	0.61380	0.00571
30	0.01254	0.00881	0.00927	0.00805	0.01064	0.00905	0.00634	0.20222	0.09416	0.04692	0.03105	0.03040	0.28324	0.00934	0.00549	0.00167	0.00382	0.00758	0.21282	0.00659
31	0.02205	0.00957	0.01250	0.00983	0.01359	0.00886	0.00797	0.10510	0.01594	0.58482	0.02010	0.01972	0.01372	0.06848	0.05913	0.00246	0.00559	0.00571	0.00619	0.00867
32	0.00979	0.00659	0.00832	0.00728	0.00942	0.00575	0.00559	0.01223	0.01483	0.08994	0.52822	0.03617	0.10732	0.01014	0.00610	0.00162	0.00303	0.00881	0.00568	0.12315
33	0.01299	0.01231	0.01620	0.01388	0.01469	0.01645	0.01145	0.06529	0.13452	0.01640	0.01021	0.01361	0.00901	0.00913	0.01525	0.00228	0.61133	0.00509	0.00316	0.00673
34	0.01449	0.01125	0.01265	0.00995	0.01394	0.01085	0.00792	0.25871	0.08495	0.03719	0.01502	0.11469	0.01316	0.00701	0.00513	0.00140	0.00468	0.00576	0.00455	0.36671
35	0.01302	0.01246	0.02124	0.19411	0.61606	0.01298	0.01666	0.01640	0.01229	0.01726	0.01030	0.01393	0.00848	0.00506	0.00549	0.00169	0.00675	0.00493	0.00268	0.00822
36	0.00767	0.00541	0.00595	0.00598	0.00643	0.00519	0.00360	0.00802	0.00918	0.01181	0.02677	0.05921	0.19468	0.60168	0.02263	0.00448	0.00472	0.00909	0.00382	0.00369
37	0.00675	0.00482	0.00643	0.00771	0.00803	0.00450	0.00514	0.00771	0.01060	0.01414	0.03053	0.80175	0.03663	0.01735	0.00707	0.00225	0.00321	0.01574	0.00514	0.00450
38	0.00782	0.00545	0.00564	0.00571	0.00710	0.00493	0.00412	0.00935	0.01165	0.01589	0.03917	0.06661	0.42388	0.12372	0.00892	0.00223	0.00317	0.02391	0.22612	0.00462
39	0.00722	0.00525	0.00605	0.00648	0.00709	0.00490	0.00417	0.00791	0.01012	0.01299	0.03212	0.29422	0.22592	0.33270	0.01540	0.00340	0.00397	0.01157	0.00443	0.00409
40	0.84448	0.01071	0.00814	0.00728	0.01071	0.01242	0.00600	0.01628	0.00943	0.02485	0.00771	0.00900	0.00600	0.00514	0.00343	0.00171	0.00428	0.00300	0.00343	0.00600
41	0.01495	0.01349	0.01312	0.01165	0.01486	0.08456	0.00907	0.08248	0.63791	0.02316	0.02057	0.01914	0.01545	0.00728	0.00557	0.00182	0.00502	0.00592	0.00537	0.00860
42	0.07332	0.00989	0.01072	0.00956	0.01041	0.06194	0.00703	0.07924	0.01043	0.01488	0.01304	0.02394	0.01381	0.40752	0.02006	0.00371	0.21595	0.00624	0.00328	0.00503
43	0.00922	0.00622	0.00967	0.22723	0.01606	0.00684	0.00784	0.00927	0.00904	0.01189	0.01430	0.18965	0.01496	0.01498	0.01391	0.41953	0.00518	0.00726	0.00303	0.00392
44	0.84448	0.01071	0.00814	0.00728	0.01071	0.01242	0.00600	0.01628	0.00943	0.02485	0.00771	0.00900	0.00600	0.00514	0.00343	0.00171	0.00428	0.00300	0.00343	0.00600
45	0.02627	0.08366	0.04418	0.52578	0.03053	0.01264	0.06266	0.01444	0.01152	0.01541	0.06627	0.01616	0.01096	0.00593	0.00564	0.00177	0.02256	0.00517	0.03218	0.00629
46	0.00718	0.00552	0.00657	0.00654	0.00793	0.00491	0.00482	0.00909	0.01377	0.01824	0.38609	0.15324	0.32966	0.01323	0.00661	0.00186	0.00277	0.01148	0.00559	0.00491
47	0.00950	0.00812	0.01166	0.01079	0.01144	0.01046	0.00868	0.01122	0.00884	0.01329	0.01224	0.01827	0.01150	0.02896	0.48321	0.00633	0.29373	0.00552	0.03090	0.00535
48	0.00728	0.00545	0.00686	0.00767	0.00870	0.00503	0.00577	0.00885	0.01201	0.01552	0.09185	0.37496	0.23163	0.01554	0.00702	0.00218	0.00350	0.18022	0.00520	0.00474
49	0.00704	0.00495	0.00637	0.00735	0.00763	0.00469	0.00478	0.00785	0.01021	0.01365	0.04610	0.62743	0.03367	0.17730	0.01135	0.00287	0.00364	0.01404	0.00480	0.00428
50	0.01481	0.80869	0.02902	0.00948	0.01421	0.02191	0.00948	0.01658	0.01125	0.01303	0.00770	0.00888	0.00711	0.00474	0.00355	0.00118	0.00592	0.00296	0.00237	0.00711
51	0.01212	0.01212	0.01696	0.01454	0.01454	0.01696	0.01212	0.01333	0.00848	0.01333	0.00727	0.01212	0.00727	0.00969	0.01818	0.00242	0.79523	0.00485	0.00242	0.00606
52	0.01261	0.01828	0.21774	0.02189	0.05779	0.01369	0.53890	0.01766	0.01271	0.01770	0.01086	0.01408	0.00807	0.00483	0.00618	0.00183	0.00894	0.00586	0.00268	0.00770
53	0.84448	0.01071	0.00814	0.00728	0.01071	0.01242	0.00600	0.01628	0.00943	0.02485	0.00771	0.00900	0.00600	0.00514	0.00343	0.00171	0.00428	0.00300	0.00343	0.00600
54	0.02069	0.02640	0.01569	0.01427	0.01712	0.78313	0.01070	0.02212	0.01569	0.01355	0.00856	0.00999	0.00713	0.00571	0.00499	0.00143	0.00999	0.00357	0.00285	0.00642
55	0.01705	0.01090	0.01237	0.03865	0.01416	0.01161	0.00829	0.29961	0.11335	0.15135	0.08588	0.01923	0.01587	0.00714	0.00532	0.00164	0.00468	0.00574	0.16917	0.00799
56	0.00929	0.00797	0.00834	0.00780	0.00942	0.07706	0.00587	0.01255	0.06509	0.02081	0.58267	0.03822	0.11208	0.01080	0.00633	0.00173	0.00342	0.00933	0.00568	0.00552
57	0.01560	0.21130	0.06838	0.01265	0.03045	0.06341	0.01101	0.21416	0.08573	0.02032	0.01113	0.01281	0.00906	0.00847	0.04749	0.00208	0.16025	0.00448	0.00360	0.00763
58	0.01712	0.06822	0.07357	0.01295	0.01701	0.01625	0.03683	0.38806	0.19184	0.02686	0.01419	0.01454	0.01058	0.00683	0.00660	0.00176	0.07830	0.00512	0.00473	0.00865

[dist]
# distance from previous block
# <min> <max>
2	7

[block]
# block no. 1 follows, 43 sequences, length 38
# corresponding to MSA columns:
# 145-182
name=unknown_B
#
# <colnr> <probs for GDERKNQSTAVLIFYWHMCP>
#	G	D	E	R	K	N	Q	S	T	A	V	L	I	F	Y	W	H	M	C	P
0	0.01215	0.13095	0.21524	0.16762	0.04027	0.07212	0.06648	0.03238	0.01183	0.01545	0.03848	0.01672	0.01086	0.12072	0.00876	0.00220	0.02326	0.00507	0.00281	0.00664
1	0.01322	0.01388	0.01336	0.01144	0.01347	0.22619	0.04742	0.01465	0.01125	0.01388	0.01149	0.03578	0.01137	0.19224	0.04414	0.00276	0.15909	0.00533	0.00302	0.15599
2	0.01645	0.01150	0.01431	0.01413	0.12314	0.01216	0.00983	0.09614	0.31415	0.18768	0.05231	0.01865	0.01506	0.00698	0.00600	0.00174	0.03383	0.00575	0.00525	0.05493
3	0.01212	0.01212	0.01696	0.01454	0.01454	0.01696	0.01212	0.01333	0.00848	0.01333	0.00727	0.01212	0.00727	0.00969	0.01818	0.00242	0.79523	0.00485	0.00242	0.00606
4	0.01134	0.00987	0.01315	0.02867	0.08416	0.01021	0.07780	0.07367	0.22333	0.01951	0.03010	0.05228	0.23382	0.00998	0.00624	0.00193	0.00485	0.09738	0.00481	0.00691
5	0.00751	0.00541	0.00711	0.00719	0.00820	0.00501	0.00520	0.00963	0.01415	0.01979	0.54645	0.26972	0.04756	0.01313	0.00669	0.00189	0.00279	0.01174	0.00581	0.00501
6	0.09589	0.01177	0.01382	0.01069	0.01495	0.01183	0.00883	0.29182	0.01902	0.43734	0.01747	0.01594	0.01146	0.00663	0.00537	0.00169	0.00518	0.00513	0.00607	0.00912
7	0.00765	0.00565	0.00715	0.00677	0.00816	0.00515	0.00508	0.01009	0.01524	0.02117	0.66545	0.04309	0.15535	0.01171	0.00653	0.00176	0.00264	0.01026	0.00596	0.00515
8	0.02069	0.02640	0.01569	0.01427	0.01712	0.78313	0.01070	0.02212	0.01569	0.01355	0.00856	0.00999	0.00713	0.00571	0.00499	0.00143	0.00999	0.00357	0.00285	0.00642
9	0.01307	0.01490	0.09812	0.03695	0.20269	0.04488	0.18916	0.04946	0.01241	0.01724	0.01152	0.01751	0.01010	0.00700	0.00875	0.00196	0.18579	0.06815	0.00297	0.00735
10	0.00689	0.00564	0.00609	0.00603	0.00776	0.00484	0.00455	0.00859	0.01330	0.01659	0.21115	0.05093	0.59259	0.01347	0.00657	0.00186	0.00282	0.03018	0.00535	0.00481
11	0.01768	0.44342	0.02331	0.01098	0.01558	0.01973	0.00996	0.35542	0.01806	0.02310	0.01028	0.01092	0.00817	0.00562	0.00447	0.00140	0.00600	0.00389	0.00383	0.00817
12	0.00846	0.00584	0.00736	0.00688	0.00843	0.00528	0.00520	0.01084	0.01516	0.05828	0.60838	0.04231	0.17363	0.01157	0.00649	0.00176	0.00275	0.01008	0.00597	0.00534
13	0.01481	0.80869	0.02902	0.00948	0.01421	0.02191	0.00948	0.01658	0.01125	0.01303	0.00770	0.00888	0.00711	0.00474	0.00355	0.00118	0.00592	0.00296	0.00237	0.00711
14	0.04864	0.01236	0.01400	0.01089	0.01493	0.01274	0.00889	0.36347	0.04174	0.15424	0.03319	0.03897	0.01183	0.00672	0.00577	0.00156	0.03706	0.00517	0.00512	0.17273
15	0.01316	0.01260	0.02149	0.16124	0.64783	0.01302	0.01673	0.01652	0.01235	0.01743	0.01032	0.01388	0.00854	0.00504	0.00549	0.00168	0.00671	0.00493	0.00269	0.00833
16	0.76359	0.01058	0.00861	0.00754	0.01105	0.01200	0.00621	0.01734	0.01006	0.09885	0.00911	0.00997	0.00676	0.00531	0.00364	0.00171	0.00433	0.00325	0.00377	0.00634
17	0.01111	0.02865	0.77667	0.01579	0.02397	0.01286	0.02046	0.01754	0.01169	0.01754	0.00994	0.01169	0.00702	0.00526	0.00526	0.00175	0.00818	0.00409	0.00234	0.00818
18	0.00944	0.00793	0.01298	0.01132	0.01273	0.00903	0.11287	0.01137	0.00942	0.01368	0.01326	0.01985	0.01226	0.06692	0.45102	0.05418	0.11955	0.00588	0.04108	0.00524
19	0.00714	0.00563	0.00644	0.00624	0.00785	0.00493	0.00468	0.00911	0.01404	0.01832	0.38579	0.04777	0.43679	0.01277	0.00654	0.00181	0.00272	0.01091	0.00558	0.00493
20	0.12692	0.00947	0.01210	0.00944	0.01353	0.00859	0.00778	0.02515	0.01504	0.65791	0.04278	0.01830	0.01392	0.00678	0.00533	0.00171	0.00460	0.00538	0.00640	0.00887
21	0.01419	0.01210	0.01276	0.01136	0.01456	0.01397	0.00887	0.07097	0.71859	0.02384	0.02201	0.02024	0.01648	0.00746	0.00563	0.00187	0.00448	0.00619	0.00563	0.00880
22	0.01032	0.00516	0.00516	0.00516	0.00645	0.00516	0.00387	0.01290	0.01161	0.02065	0.01807	0.02065	0.01420	0.00645	0.00387	0.00129	0.00258	0.00516	0.83611	0.00516
23	0.02105	0.01551	0.01662	0.01274	0.01717	0.01717	0.01053	0.75235	0.02604	0.03490	0.01330	0.01330	0.00942	0.00665	0.00554	0.00166	0.00609	0.00499	0.00554	0.00942
24	0.01481	0.80869	0.02902	0.00948	0.01421	0.02191	0.00948	0.01658	0.01125	0.01303	0.00770	0.00888	0.00711	0.00474	0.00355	0.00118	0.00592	0.00296	0.00237	0.00711
25	0.01481	0.80869	0.02902	0.00948	0.01421	0.02191	0.00948	0.01658	0.01125	0.01303	0.00770	0.00888	0.00711	0.00474	0.00355	0.00118	0.00592	0.00296	0.00237	0.00711
26	0.84448	0.01071	0.00814	0.00728	0.01071	0.01242	0.00600	0.01628	0.00943	0.02485	0.00771	0.00900	0.00600	0.00514	0.00343	0.00171	0.00428	0.00300	0.00343	0.00600
27	0.01294	0.01205	0.02007	0.15851	0.55500	0.01251	0.01579	0.03809	0.01277	0.01780	0.01215	0.01837	0.01069	0.00604	0.00569	0.00176	0.00656	0.07219	0.00300	0.00801
28	0.00792	0.00584	0.00737	0.00696	0.00833	0.00545	0.00519	0.01075	0.03832	0.02127	0.66067	0.04160	0.11213	0.03528	0.00716	0.00187	0.00277	0.00999	0.00592	0.00523
29	0.01416	0.01608	0.01335	0.01289	0.05380	0.33136	0.00954	0.01572	0.01313	0.01453	0.04842	0.02433	0.18850	0.00911	0.00839	0.00182	0.17619	0.03920	0.00351	0.00595
30	0.00661	0.00561	0.00570	0.00568	0.00752	0.00470	0.00426	0.00807	0.01278	0.01533	0.09204	0.05270	0.73241	0.01389	0.00654	0.00186	0.00280	0.01160	0.00519	0.00470
31	0.01557	0.01368	0.01302	0.01118	0.01446	0.10377	0.00880	0.23174	0.34998	0.02414	0.02335	0.02225	0.12760	0.00804	0.00567	0.00176	0.00529	0.00640	0.00521	0.00806
32	0.72443	0.00991	0.00771	0.00698	0.01010	0.01138	0.00569	0.01579	0.00974	0.02424	0.00920	0.01067	0.00718	0.00533	0.00349	0.00165	0.00404	0.00331	0.12327	0.00588
33	0.00675	0.00482	0.00643	0.00771	0.00803	0.00450	0.00514	0.00771	0.01060	0.01414	0.03053	0.80175	0.03663	0.01735	0.00707	0.00225	0.00321	0.01574	0.00514	0.00450
34	0.00814	0.00558	0.00713	0.00713	0.00760	0.00598	0.00481	0.00908	0.00861	0.01219	0.01644	0.02950	0.01726	0.45145	0.32823	0.00653	0.00898	0.00703	0.05422	0.00410
35	0.01928	0.01473	0.01525	0.01225	0.01625	0.05436	0.00992	0.47780	0.22419	0.07315	0.01606	0.01545	0.01158	0.00685	0.00554	0.00171	0.00575	0.00529	0.00551	0.00909
36	0.01367	0.35884	0.09064	0.01009	0.01389	0.08891	0.03031	0.04673	0.01252	0.01644	0.01251	0.04407	0.01110	0.00632	0.00442	0.00143	0.00576	0.04050	0.18520	0.00663
37	0.01195	0.21439	0.55234	0.01455	0.04425	0.01481	0.01726	0.01702	0.01164	0.01640	0.01073	0.01226	0.02873	0.00538	0.00490	0.00162	0.00744	0.00406	0.00244	0.00785

[dist]
# distance from previous block
# <min> <max>
0	1

[block]
# block no. 2 follows, 43 sequences, length 20
# corresponding to MSA columns:
# 184-203
name=unknown_C
#
# <colnr> <probs for GDERKNQSTAVLIFYWHMCP>
#	G	D	E	R	K	N	Q	S	T	A	V	L	I	F	Y	W	H	M	C	P
0	0.01952	0.05766	0.07087	0.01437	0.01793	0.59538	0.03890	0.09084	0.01611	0.01600	0.00917	0.01056	0.00739	0.00569	0.00506	0.00148	0.00930	0.00382	0.00305	0.00690
1	0.06418	0.02355	0.01547	0.01377	0.01660	0.61731	0.01053	0.08822	0.01580	0.01610	0.00886	0.01039	0.00729	0.00605	0.00589	0.00153	0.06495	0.00376	0.00310	0.00665
2	0.01218	0.01338	0.02778	0.02026	0.02486	0.01292	0.58889	0.01624	0.01296	0.01770	0.08493	0.01918	0.05086	0.00614	0.00738	0.00190	0.06523	0.00700	0.00320	0.00701
3	0.01399	0.01384	0.01458	0.01518	0.13884	0.17671	0.03917	0.06683	0.17767	0.01873	0.09718	0.02038	0.03523	0.05295	0.07845	0.00255	0.02058	0.00598	0.00406	0.00708
4	0.00671	0.00496	0.00628	0.00733	0.00793	0.00453	0.00497	0.00775	0.01097	0.01429	0.03520	0.66502	0.17034	0.01674	0.00697	0.00218	0.00314	0.01500	0.00514	0.00453
5	0.01936	0.07395	0.01693	0.01367	0.05178	0.22476	0.01053	0.36155	0.11193	0.04244	0.01282	0.01314	0.00963	0.00629	0.00526	0.00159	0.00692	0.00463	0.00450	0.00833
6	0.00907	0.00661	0.00760	0.00749	0.00844	0.00697	0.00516	0.01258	0.14123	0.01555	0.07538	0.14660	0.05564	0.32280	0.05628	0.00362	0.02079	0.00873	0.08450	0.00498
7	0.62071	0.03731	0.12228	0.00978	0.01411	0.01278	0.06100	0.01683	0.01022	0.04042	0.00861	0.01004	0.00653	0.00515	0.00397	0.00171	0.00527	0.00347	0.00327	0.00653
8	0.01291	0.01239	0.02084	0.19131	0.56101	0.01326	0.01629	0.01613	0.01198	0.01691	0.01006	0.01381	0.00837	0.00542	0.00644	0.00174	0.06552	0.00493	0.00266	0.00802
9	0.01367	0.00971	0.01291	0.01038	0.01319	0.02585	0.11441	0.15710	0.01508	0.11262	0.07187	0.02705	0.13614	0.13714	0.00935	0.00228	0.00515	0.00717	0.11242	0.00650
10	0.00677	0.00562	0.00592	0.00585	0.00762	0.00477	0.00439	0.00839	0.01316	0.01623	0.18056	0.05121	0.64332	0.01355	0.00654	0.00185	0.00277	0.01140	0.00531	0.00477
11	0.01294	0.01238	0.02109	0.21311	0.59770	0.01296	0.01662	0.01632	0.01225	0.01716	0.01028	0.01396	0.00844	0.00508	0.00550	0.00169	0.00677	0.00493	0.00268	0.00815
12	0.01924	0.00920	0.01144	0.00919	0.01257	0.00875	0.00744	0.13129	0.03558	0.41806	0.13604	0.02183	0.01921	0.00748	0.00547	0.00165	0.00428	0.00613	0.12700	0.00814
13	0.00891	0.00595	0.00745	0.00691	0.00857	0.00534	0.00524	0.01123	0.01504	0.08004	0.55813	0.04212	0.20108	0.01154	0.00646	0.00177	0.00282	0.01002	0.00595	0.00544
14	0.01647	0.01649	0.29563	0.01183	0.01707	0.01025	0.01244	0.08961	0.01525	0.29413	0.14483	0.01954	0.01744	0.00701	0.00562	0.00173	0.00577	0.00573	0.00492	0.00824
15	0.00682	0.00490	0.00647	0.00759	0.00803	0.00456	0.00512	0.00791	0.01103	0.01474	0.08357	0.72414	0.06096	0.01682	0.00701	0.00220	0.00316	0.01521	0.00521	0.00456
16	0.01450	0.74457	0.09048	0.01000	0.01502	0.02117	0.01038	0.01666	0.01129	0.01340	0.00788	0.00912	0.00710	0.00478	0.00369	0.00123	0.00611	0.00305	0.00237	0.00720
17	0.01148	0.00984	0.01148	0.00820	0.01312	0.00738	0.00656	0.01395	0.01148	0.01805	0.00984	0.01148	0.00820	0.00410	0.00410	0.00082	0.00410	0.00328	0.00328	0.83922
18	0.01474	0.37870	0.09779	0.01154	0.01559	0.19360	0.03009	0.03351	0.01281	0.01462	0.01241	0.06595	0.02366	0.00690	0.00480	0.00152	0.00689	0.06512	0.00301	0.00674
19	0.01214	0.01011	0.01259	0.01037	0.01302	0.01084	0.00837	0.12879	0.03477	0.01914	0.07660	0.01684	0.01340	0.01403	0.16646	0.00305	0.17297	0.00509	0.00370	0.26771

[dist]
# distance from previous block
# <min> <max>
8	11

[block]
# block no. 3 follows, 43 sequences, length 35
# corresponding to MSA columns:
# 217-251
name=unknown_D
#
# <colnr> <probs for GDERKNQSTAVLIFYWHMCP>
#	G	D	E	R	K	N	Q	S	T	A	V	L	I	F	Y	W	H	M	C	P
0	0.00738	0.00558	0.00681	0.00665	0.00803	0.00501	0.00493	0.00951	0.01439	0.01948	0.50476	0.10905	0.25298	0.01259	0.00658	0.00182	0.00272	0.01097	0.00575	0.00501
1	0.84448	0.01071	0.00814	0.00728	0.01071	0.01242	0.00600	0.01628	0.00943	0.02485	0.00771	0.00900	0.00600	0.00514	0.00343	0.00171	0.00428	0.00300	0.00343	0.00600
2	0.01460	0.73113	0.04434	0.00985	0.01445	0.02119	0.00976	0.01712	0.04651	0.01362	0.00844	0.00959	0.00757	0.00502	0.00411	0.00127	0.02855	0.00320	0.00252	0.00718
3	0.01551	0.37960	0.11583	0.01240	0.01668	0.20178	0.04118	0.04693	0.01276	0.01479	0.00879	0.01061	0.00751	0.00681	0.03447	0.00173	0.05922	0.00371	0.00265	0.00703
4	0.01363	0.01338	0.02373	0.03269	0.67967	0.01326	0.10714	0.01709	0.01267	0.01805	0.01051	0.01386	0.00873	0.00490	0.00561	0.00167	0.00692	0.00513	0.00275	0.00861
5	0.00675	0.00482	0.00643	0.00771	0.00803	0.00450	0.00514	0.00771	0.01060	0.01414	0.03053	0.80175	0.03663	0.01735	0.00707	0.00225	0.00321	0.01574	0.00514	0.00450
6	0.01109	0.00920	0.01084	0.01101	0.07608	0.00972	0.00770	0.05564	0.30256	0.02169	0.26109	0.03155	0.15001	0.00951	0.00605	0.00180	0.00384	0.00815	0.00545	0.00702
7	0.00686	0.00492	0.00653	0.00778	0.00820	0.00460	0.00531	0.00791	0.01077	0.01429	0.03116	0.74285	0.05628	0.01715	0.00709	0.00225	0.00330	0.05307	0.00514	0.00453
8	0.00792	0.00588	0.00864	0.00864	0.00954	0.00678	0.00660	0.00972	0.00882	0.01267	0.01507	0.02306	0.01441	0.11027	0.71546	0.00858	0.01398	0.00612	0.00300	0.00480
9	0.01145	0.06439	0.69182	0.01669	0.07264	0.01331	0.01972	0.01746	0.01173	0.01736	0.00986	0.01169	0.00714	0.00522	0.00520	0.00172	0.00797	0.00409	0.00237	0.00817
10	0.01216	0.01160	0.01956	0.37731	0.40247	0.01295	0.01603	0.01553	0.01172	0.01608	0.01001	0.01411	0.00807	0.00543	0.00611	0.00177	0.04411	0.00492	0.00260	0.00745
11	0.01778	0.01995	0.01438	0.01296	0.01597	0.43569	0.00988	0.04645	0.33090	0.01824	0.01461	0.01460	0.01133	0.00650	0.00528	0.00162	0.00751	0.00475	0.00411	0.00750
12	0.00745	0.00520	0.00614	0.00659	0.00688	0.00499	0.00407	0.00792	0.00939	0.01234	0.02574	0.30948	0.09673	0.45096	0.01865	0.00393	0.00436	0.01113	0.00416	0.00389
13	0.00682	0.00490	0.00635	0.00748	0.00787	0.00457	0.00497	0.00775	0.01055	0.01396	0.03117	0.70750	0.07847	0.06899	0.00843	0.00243	0.00333	0.01500	0.00502	0.00443
14	0.01424	0.01440	0.02120	0.09646	0.62128	0.10193	0.01613	0.01734	0.01284	0.01723	0.01015	0.01337	0.00846	0.00508	0.00543	0.00164	0.00704	0.00478	0.00273	0.00828
15	0.32294	0.01237	0.01685	0.02298	0.44990	0.01309	0.01258	0.05413	0.01211	0.02146	0.00956	0.01194	0.00777	0.00510	0.00472	0.00167	0.00570	0.00422	0.00314	0.00777
16	0.00689	0.00498	0.00642	0.00743	0.00788	0.00468	0.00498	0.00784	0.01049	0.01387	0.03100	0.64299	0.09687	0.08553	0.03791	0.00273	0.00380	0.01437	0.00491	0.00443
17	0.01339	0.01271	0.02159	0.03243	0.72087	0.01271	0.01647	0.01663	0.01262	0.01799	0.01166	0.01691	0.01029	0.00562	0.00563	0.00170	0.00648	0.05286	0.00290	0.00853
18	0.01541	0.01180	0.01328	0.00998	0.01458	0.01106	0.00809	0.25283	0.07458	0.06233	0.01255	0.01315	0.00955	0.00532	0.00476	0.00122	0.00479	0.00418	0.00437	0.46616
19	0.01399	0.01245	0.01271	0.01219	0.06345	0.07658	0.00887	0.10781	0.42798	0.02228	0.05254	0.02334	0.10990	0.00803	0.00568	0.00178	0.00489	0.00661	0.02097	0.00793
20	0.00895	0.05839	0.22965	0.00941	0.01299	0.00828	0.00967	0.01240	0.01374	0.01906	0.38029	0.03308	0.16332	0.00968	0.00600	0.00174	0.00444	0.00820	0.00463	0.00609
21	0.00682	0.00487	0.00651	0.00779	0.00815	0.00456	0.00527	0.00784	0.01067	0.01422	0.03049	0.77722	0.03647	0.01728	0.00709	0.00226	0.00328	0.03956	0.00514	0.00452
22	0.01684	0.01159	0.01248	0.03518	0.01398	0.01268	0.00828	0.46152	0.02035	0.02909	0.01491	0.01600	0.01108	0.00654	0.00494	0.00153	0.00487	0.00505	0.30532	0.00778
23	0.01660	0.23006	0.10306	0.01134	0.01562	0.02927	0.01059	0.20828	0.05477	0.12459	0.01503	0.01770	0.03168	0.02150	0.00605	0.00172	0.03736	0.05261	0.00426	0.00791
24	0.01737	0.01070	0.01256	0.01008	0.01340	0.01095	0.00814	0.32784	0.02010	0.20231	0.27573	0.02428	0.02520	0.00831	0.00589	0.00170	0.00457	0.00686	0.00604	0.00797
25	0.01111	0.02865	0.77667	0.01579	0.02397	0.01286	0.02046	0.01754	0.01169	0.01754	0.00994	0.01169	0.00702	0.00526	0.00526	0.00175	0.00818	0.00409	0.00234	0.00818
26	0.84448	0.01071	0.00814	0.00728	0.01071	0.01242	0.00600	0.01628	0.00943	0.02485	0.00771	0.00900	0.00600	0.00514	0.00343	0.00171	0.00428	0.00300	0.00343	0.00600
27	0.01491	0.01419	0.01833	0.01513	0.03926	0.11398	0.16580	0.16990	0.04851	0.03499	0.01408	0.04522	0.04093	0.01002	0.06849	0.00240	0.15191	0.00589	0.00372	0.02234
28	0.00784	0.00566	0.00740	0.00697	0.00827	0.00523	0.00523	0.01045	0.01568	0.02221	0.76789	0.04137	0.05226	0.01132	0.00653	0.00174	0.00261	0.01002	0.00610	0.00523
29	0.01119	0.01002	0.00965	0.00943	0.01123	0.10327	0.00694	0.08065	0.17071	0.01793	0.02808	0.36806	0.12579	0.01244	0.00630	0.00197	0.00449	0.01074	0.00500	0.00610
30	0.04906	0.01311	0.01496	0.01150	0.01585	0.01369	0.00950	0.46090	0.02174	0.30755	0.01627	0.01521	0.01089	0.00668	0.00548	0.00168	0.00553	0.00514	0.00596	0.00931
31	0.00700	0.00559	0.00629	0.00636	0.00793	0.00488	0.00478	0.00873	0.01321	0.01677	0.22859	0.11474	0.49144	0.01371	0.00664	0.00191	0.00291	0.04833	0.00538	0.00482
32	0.01294	0.00895	0.01265	0.01656	0.29163	0.00898	0.00935	0.05788	0.01303	0.05887	0.01514	0.01755	0.01188	0.00592	0.00465	0.00147	0.00438	0.00509	0.43611	0.00697
33	0.00962	0.00481	0.00722	0.00722	0.00722	0.00481	0.00481	0.00722	0.00722	0.00962	0.00962	0.01684	0.00962	0.01924	0.02165	0.83886	0.00481	0.00481	0.00241	0.00241
34	0.01776	0.02123	0.01908	0.01591	0.01882	0.46927	0.14647	0.05259	0.01438	0.01524	0.00902	0.01143	0.00749	0.00628	0.00768	0.00170	0.15167	0.00441	0.00289	0.00668

[dist]
# distance from previous block
# <min> <max>
0	2

[block]
# block no. 4 follows, 43 sequences, length 32
# corresponding to MSA columns:
# 254-285
name=unknown_E
#
# <colnr> <probs for GDERKNQSTAVLIFYWHMCP>
#	G	D	E	R	K	N	Q	S	T	A	V	L	I	F	Y	W	H	M	C	P
0	0.68727	0.06604	0.01017	0.00795	0.01138	0.04080	0.00658	0.05012	0.01059	0.02368	0.00889	0.04003	0.00746	0.00568	0.00373	0.00169	0.00464	0.00360	0.00350	0.00619
1	0.01644	0.01693	0.02205	0.01678	0.02116	0.18450	0.29646	0.18924	0.03416	0.02079	0.01109	0.01315	0.00850	0.00557	0.00616	0.00164	0.03865	0.00513	0.00355	0.08805
2	0.00800	0.00537	0.00618	0.00632	0.00639	0.00535	0.00370	0.00816	0.00841	0.01120	0.01881	0.08995	0.02173	0.72042	0.02594	0.00504	0.00521	0.03678	0.00355	0.00350
3	0.00759	0.00565	0.00706	0.00671	0.00812	0.00512	0.00503	0.00998	0.01510	0.02084	0.63334	0.04363	0.18766	0.01183	0.00653	0.00177	0.00265	0.01033	0.00592	0.00512
4	0.02485	0.00943	0.01285	0.00985	0.01414	0.00814	0.00814	0.02699	0.01585	0.77465	0.02185	0.01885	0.01371	0.00685	0.00557	0.00171	0.00471	0.00557	0.00685	0.00943
5	0.00962	0.00481	0.00722	0.00722	0.00722	0.00481	0.00481	0.00722	0.00722	0.00962	0.00962	0.01684	0.00962	0.01924	0.02165	0.83886	0.00481	0.00481	0.00241	0.00241
6	0.02423	0.00988	0.01307	0.01008	0.01433	0.00888	0.00831	0.07087	0.04255	0.70368	0.02136	0.01858	0.01356	0.00687	0.00557	0.00172	0.00478	0.00556	0.00673	0.00940
7	0.02103	0.01633	0.01655	0.01286	0.01717	0.07439	0.01054	0.69780	0.02527	0.03331	0.01294	0.01305	0.00925	0.00658	0.00550	0.00164	0.00639	0.00488	0.00534	0.00919
8	0.03267	0.01091	0.01360	0.01149	0.01341	0.01310	0.00939	0.17779	0.04666	0.10394	0.01352	0.03657	0.01109	0.01148	0.08653	0.00264	0.29169	0.00542	0.10106	0.00703
9	0.00670	0.00501	0.00623	0.00720	0.00790	0.00454	0.00492	0.00777	0.01109	0.01434	0.03670	0.62115	0.21325	0.01655	0.00694	0.00216	0.00311	0.01477	0.00514	0.00454
10	0.84448	0.01071	0.00814	0.00728	0.01071	0.01242	0.00600	0.01628	0.00943	0.02485	0.00771	0.00900	0.00600	0.00514	0.00343	0.00171	0.00428	0.00300	0.00343	0.00600
11	0.00751	0.00565	0.00695	0.00663	0.00808	0.00509	0.00497	0.00982	0.01491	0.02039	0.58937	0.04436	0.23191	0.01200	0.00654	0.00177	0.00266	0.01044	0.00586	0.00509
12	0.01101	0.01059	0.01673	0.53565	0.03036	0.01384	0.01430	0.01388	0.01022	0.01388	0.00900	0.01389	0.00735	0.00691	0.00970	0.00204	0.26719	0.00490	0.00245	0.00612
13	0.00784	0.00566	0.00740	0.00697	0.00827	0.00523	0.00523	0.01045	0.01568	0.02221	0.76789	0.04137	0.05226	0.01132	0.00653	0.00174	0.00261	0.01002	0.00610	0.00523
14	0.00792	0.00590	0.00872	0.00872	0.00964	0.00682	0.00669	0.00977	0.00885	0.01272	0.01500	0.02269	0.01425	0.09073	0.73478	0.00867	0.01422	0.00607	0.00299	0.00484
15	0.01481	0.80869	0.02902	0.00948	0.01421	0.02191	0.00948	0.01658	0.01125	0.01303	0.00770	0.00888	0.00711	0.00474	0.00355	0.00118	0.00592	0.00296	0.00237	0.00711
16	0.00675	0.00482	0.00643	0.00771	0.00803	0.00450	0.00514	0.00771	0.01060	0.01414	0.03053	0.80175	0.03663	0.01735	0.00707	0.00225	0.00321	0.01574	0.00514	0.00450
17	0.01854	0.02004	0.01541	0.01326	0.01636	0.42307	0.02993	0.19301	0.07912	0.01987	0.04197	0.01494	0.04314	0.00679	0.00590	0.00160	0.04107	0.00485	0.00392	0.00721
18	0.01111	0.02865	0.77667	0.01579	0.02397	0.01286	0.02046	0.01754	0.01169	0.01754	0.00994	0.01169	0.00702	0.00526	0.00526	0.00175	0.00818	0.00409	0.00234	0.00818
19	0.01295	0.01239	0.02111	0.21062	0.60010	0.01296	0.01662	0.01633	0.01225	0.01717	0.01028	0.01395	0.00845	0.00507	0.00550	0.00169	0.00677	0.00493	0.00268	0.00816
20	0.01032	0.00516	0.00516	0.00516	0.00645	0.00516	0.00387	0.01290	0.01161	0.02065	0.01807	0.02065	0.01420	0.00645	0.00387	0.00129	0.00258	0.00516	0.83611	0.00516
21	0.02105	0.01551	0.01662	0.01274	0.01717	0.01717	0.01053	0.75235	0.02604	0.03490	0.01330	0.01330	0.00942	0.00665	0.00554	0.00166	0.00609	0.00499	0.00554	0.00942
22	0.00675	0.00482	0.00643	0.00771	0.00803	0.00450	0.00514	0.00771	0.01060	0.01414	0.03053	0.80175	0.03663	0.01735	0.00707	0.00225	0.00321	0.01574	0.00514	0.00450
23	0.84448	0.01071	0.00814	0.00728	0.01071	0.01242	0.00600	0.01628	0.00943	0.02485	0.00771	0.00900	0.00600	0.00514	0.00343	0.00171	0.00428	0.00300	0.00343	0.00600
24	0.00708	0.00496	0.00633	0.00729	0.00753	0.00472	0.00469	0.00780	0.00996	0.01329	0.02725	0.60975	0.03249	0.21499	0.01237	0.00303	0.00375	0.01382	0.00469	0.00421
25	0.00761	0.00595	0.00710	0.00767	0.00927	0.00544	0.00632	0.00953	0.01268	0.01568	0.04410	0.05741	0.43836	0.01460	0.00704	0.00217	0.00383	0.33524	0.00512	0.00487
26	0.01331	0.01336	0.02460	0.08770	0.53025	0.01331	0.20090	0.01697	0.01261	0.01771	0.01057	0.01409	0.00858	0.00491	0.00575	0.00172	0.00733	0.00534	0.00274	0.00825
27	0.00962	0.00481	0.00722	0.00722	0.00722	0.00481	0.00481	0.00722	0.00722	0.00962	0.00962	0.01684	0.00962	0.01924	0.02165	0.83886	0.00481	0.00481	0.00241	0.00241
28	0.01111	0.02865	0.77667	0.01579	0.02397	0.01286	0.02046	0.01754	0.01169	0.01754	0.00994	0.01169	0.00702	0.00526	0.00526	0.00175	0.00818	0.00409	0.00234	0.00818
29	0.00991	0.01979	0.47142	0.01287	0.01844	0.01009	0.04128	0.01479	0.01286	0.01866	0.23018	0.06038	0.04038	0.00780	0.00579	0.00178	0.00625	0.00665	0.00364	0.00704
30	0.01185	0.01025	0.01262	0.00904	0.01398	0.00799	0.04100	0.03676	0.01200	0.01855	0.01001	0.01170	0.00825	0.00421	0.00426	0.00089	0.00440	0.00348	0.00333	0.77542
31	0.01414	0.01138	0.01668	0.05219	0.24603	0.01120	0.06619	0.09688	0.07862	0.08259	0.07046	0.01764	0.02840	0.00610	0.00539	0.00156	0.00547	0.00549	0.04244	0.14114

[dist]
# distance from previous block
# <min> <max>
1	19

[block]
# block no. 5 follows, 43 sequences, length 14
# corresponding to MSA columns:
# 305-318
name=unknown_F
#
# <colnr> <probs for GDERKNQSTAVLIFYWHMCP>
#	G	D	E	R	K	N	Q	S	T	A	V	L	I	F	Y	W	H	M	C	P
0	0.32027	0.01182	0.07512	0.01100	0.06154	0.01081	0.00891	0.03966	0.05701	0.29170	0.01520	0.05029	0.01116	0.00649	0.00483	0.00175	0.00491	0.00496	0.00478	0.00777
1	0.01247	0.01189	0.01860	0.46442	0.28901	0.04295	0.01553	0.04938	0.01247	0.01644	0.01015	0.01415	0.00795	0.00539	0.00550	0.00175	0.00715	0.00488	0.00271	0.00722
2	0.00675	0.00482	0.00643	0.00771	0.00803	0.00450	0.00514	0.00771	0.01060	0.01414	0.03053	0.80175	0.03663	0.01735	0.00707	0.00225	0.00321	0.01574	0.00514	0.00450
3	0.01356	0.02179	0.43599	0.01402	0.02018	0.01386	0.01554	0.14811	0.21905	0.02209	0.01397	0.01442	0.01014	0.00612	0.00541	0.00177	0.00678	0.00484	0.00379	0.00856
4	0.01806	0.37589	0.02165	0.01213	0.01582	0.44305	0.01015	0.01964	0.01371	0.01332	0.00818	0.00949	0.00712	0.00527	0.00435	0.00132	0.00817	0.00330	0.00264	0.00673
5	0.00802	0.00550	0.00672	0.00672	0.00695	0.00574	0.00420	0.00849	0.00825	0.01124	0.01683	0.03281	0.01864	0.62438	0.20713	0.00621	0.00761	0.00755	0.00326	0.00373
6	0.01111	0.01082	0.01634	0.71271	0.03584	0.05766	0.01473	0.01461	0.01136	0.01428	0.00977	0.01434	0.00740	0.00549	0.00544	0.00178	0.00740	0.00477	0.00252	0.04163
7	0.01032	0.00516	0.00516	0.00516	0.00645	0.00516	0.00387	0.01290	0.01161	0.02065	0.01807	0.02065	0.01420	0.00645	0.00387	0.00129	0.00258	0.00516	0.83611	0.00516
8	0.01799	0.02190	0.01609	0.01435	0.01631	0.54212	0.01115	0.01935	0.01343	0.01348	0.00815	0.01066	0.00718	0.00696	0.00914	0.00174	0.25699	0.00397	0.00272	0.00631
9	0.00712	0.00501	0.00648	0.00752	0.00783	0.00477	0.00499	0.00798	0.01022	0.01360	0.02790	0.61233	0.03314	0.17179	0.01124	0.00288	0.00374	0.05238	0.00479	0.00431
10	0.01344	0.01443	0.01651	0.46203	0.02922	0.22102	0.05233	0.03860	0.01286	0.01481	0.01111	0.06808	0.00946	0.00639	0.00555	0.00176	0.00786	0.00539	0.00287	0.00628
11	0.00962	0.00481	0.00722	0.00722	0.00722	0.00481	0.00481	0.00722	0.00722	0.00962	0.00962	0.01684	0.00962	0.01924	0.02165	0.83886	0.00481	0.00481	0.00241	0.00241
12	0.02015	0.01485	0.01703	0.03623	0.01800	0.04348	0.05418	0.53913	0.04354	0.10949	0.01386	0.01407	0.00981	0.00661	0.00601	0.00171	0.03254	0.00512	0.00523	0.00897
13	0.02069	0.02640	0.01569	0.01427	0.01712	0.78313	0.01070	0.02212	0.01569	0.01355	0.00856	0.00999	0.00713	0.00571	0.00499	0.00143	0.00999	0.00357	0.00285	0.00642

[dist]
# distance from previous block
# <min> <max>
0	1

[block]
# block no. 6 follows, 43 sequences, length 69
# corresponding to MSA columns:
# 320-388
name=unknown_G
#
# <colnr> <probs for GDERKNQSTAVLIFYWHMCP>
#	G	D	E	R	K	N	Q	S	T	A	V	L	I	F	Y	W	H	M	C	P
0	0.01614	0.01666	0.01440	0.01279	0.01529	0.27014	0.00999	0.04939	0.31606	0.03618	0.01466	0.01535	0.01155	0.00825	0.03048	0.00202	0.14408	0.00505	0.00410	0.00744
1	0.01377	0.01194	0.01285	0.01201	0.03911	0.01376	0.00904	0.02902	0.73637	0.02300	0.02215	0.02044	0.01664	0.00743	0.00563	0.00187	0.00445	0.00622	0.00554	0.00877
2	0.00675	0.00482	0.00643	0.00771	0.00803	0.00450	0.00514	0.00771	0.01060	0.01414	0.03053	0.80175	0.03663	0.01735	0.00707	0.00225	0.00321	0.01574	0.00514	0.00450
3	0.00687	0.00487	0.00639	0.00755	0.00784	0.00458	0.00497	0.00774	0.01036	0.01381	0.02927	0.72812	0.03504	0.09315	0.00910	0.00255	0.00342	0.01500	0.00497	0.00439
4	0.00663	0.00561	0.00573	0.00570	0.00753	0.00471	0.00428	0.00812	0.01283	0.01545	0.10387	0.05250	0.72050	0.01384	0.00654	0.00186	0.00279	0.01158	0.00521	0.00471
5	0.84448	0.01071	0.00814	0.00728	0.01071	0.01242	0.00600	0.01628	0.00943	0.02485	0.00771	0.00900	0.00600	0.00514	0.00343	0.00171	0.00428	0.00300	0.00343	0.00600
6	0.00962	0.00481	0.00722	0.00722	0.00722	0.00481	0.00481	0.00722	0.00722	0.00962	0.00962	0.01684	0.00962	0.01924	0.02165	0.83886	0.00481	0.00481	0.00241	0.00241
7	0.00947	0.00602	0.00793	0.00725	0.00884	0.00551	0.00551	0.01204	0.01569	0.09459	0.69613	0.03920	0.04855	0.01089	0.00644	0.00174	0.00281	0.00959	0.00617	0.00563
8	0.01445	0.73366	0.10094	0.01008	0.01515	0.02104	0.01053	0.01668	0.01130	0.01346	0.00791	0.00915	0.00710	0.00479	0.00372	0.00124	0.00614	0.00307	0.00237	0.00721
9	0.01404	0.01203	0.01267	0.01132	0.01450	0.01390	0.00883	0.05526	0.73456	0.02359	0.02221	0.02040	0.01664	0.00748	0.00563	0.00187	0.00444	0.00622	0.00563	0.00879
10	0.00682	0.00562	0.00600	0.00590	0.00765	0.00479	0.00443	0.00849	0.01328	0.01653	0.20978	0.05072	0.61391	0.01344	0.00654	0.00184	0.00276	0.01133	0.00535	0.00479
11	0.01046	0.00984	0.01661	0.79205	0.03814	0.01230	0.01538	0.01415	0.01107	0.01415	0.00984	0.01477	0.00738	0.00554	0.00554	0.00185	0.00738	0.00492	0.00246	0.00615
12	0.00662	0.00561	0.00572	0.00569	0.00753	0.00471	0.00427	0.00810	0.01281	0.01540	0.09876	0.05258	0.72565	0.01386	0.00654	0.00186	0.00279	0.01159	0.00520	0.00471
13	0.01032	0.00516	0.00516	0.00516	0.00645	0.00516	0.00387	0.01290	0.01161	0.02065	0.01807	0.02065	0.01420	0.00645	0.00387	0.00129	0.00258	0.00516	0.83611	0.00516
14	0.00844	0.00603	0.00816	0.00742	0.00898	0.00552	0.02583	0.01101	0.01541	0.04562	0.67606	0.04071	0.09725	0.01118	0.00650	0.00175	0.00288	0.00989	0.00597	0.00539
15	0.00655	0.00561	0.00561	0.00561	0.00748	0.00468	0.00421	0.00795	0.01262	0.01496	0.05610	0.05330	0.76857	0.01403	0.00655	0.00187	0.00281	0.01169	0.00514	0.00468
16	0.01046	0.00984	0.01661	0.79205	0.03814	0.01230	0.01538	0.01415	0.01107	0.01415	0.00984	0.01477	0.00738	0.00554	0.00554	0.00185	0.00738	0.00492	0.00246	0.00615
17	0.01328	0.01272	0.02170	0.13428	0.67389	0.01305	0.01678	0.01662	0.01241	0.01757	0.01034	0.01385	0.00859	0.00501	0.00549	0.00167	0.00669	0.00493	0.00270	0.00843
18	0.01046	0.00984	0.01661	0.79205	0.03814	0.01230	0.01538	0.01415	0.01107	0.01415	0.00984	0.01477	0.00738	0.00554	0.00554	0.00185	0.00738	0.00492	0.00246	0.00615
19	0.02054	0.05015	0.01621	0.01397	0.01703	0.68532	0.01065	0.09218	0.01655	0.01559	0.00899	0.01027	0.00735	0.00577	0.00500	0.00144	0.00948	0.00368	0.00310	0.00673
20	0.03665	0.01149	0.01339	0.01054	0.01443	0.01162	0.00857	0.31273	0.05302	0.27571	0.08938	0.04612	0.01611	0.00737	0.00556	0.00166	0.00494	0.00594	0.00581	0.06896
21	0.00694	0.00559	0.00618	0.00611	0.00774	0.00483	0.00455	0.00868	0.01343	0.01707	0.26599	0.08490	0.52178	0.01338	0.00657	0.00185	0.00277	0.01138	0.00543	0.00483
22	0.01111	0.02865	0.77667	0.01579	0.02397	0.01286	0.02046	0.01754	0.01169	0.01754	0.00994	0.01169	0.00702	0.00526	0.00526	0.00175	0.00818	0.00409	0.00234	0.00818
23	0.01568	0.00752	0.00991	0.00838	0.01109	0.00675	0.00661	0.01832	0.03729	0.36563	0.33509	0.06675	0.06813	0.00958	0.00609	0.00176	0.00366	0.00822	0.00634	0.00719
24	0.02030	0.01365	0.01511	0.01189	0.01599	0.01476	0.00971	0.51050	0.11762	0.15971	0.01652	0.04164	0.01202	0.00715	0.00561	0.00172	0.00554	0.00561	0.00576	0.00917
25	0.01571	0.03863	0.01350	0.01103	0.01426	0.01350	0.00873	0.26882	0.33540	0.06054	0.01977	0.11792	0.01652	0.03183	0.00638	0.00192	0.00491	0.00695	0.00542	0.00826
26	0.07828	0.01129	0.01643	0.45690	0.13391	0.01312	0.01363	0.15123	0.01394	0.01957	0.01064	0.01407	0.00805	0.00565	0.00532	0.00176	0.00665	0.00479	0.02767	0.00708
27	0.02008	0.11694	0.01743	0.01432	0.06557	0.49663	0.01063	0.06520	0.01559	0.11227	0.01056	0.01143	0.00821	0.00574	0.00496	0.00146	0.00837	0.00392	0.00346	0.00722
28	0.00675	0.00482	0.00643	0.00771	0.00803	0.00450	0.00514	0.00771	0.01060	0.01414	0.03053	0.80175	0.03663	0.01735	0.00707	0.00225	0.00321	0.01574	0.00514	0.00450
29	0.01148	0.00984	0.01148	0.00820	0.01312	0.00738	0.00656	0.01395	0.01148	0.01805	0.00984	0.01148	0.00820	0.00410	0.00410	0.00082	0.00410	0.00328	0.00328	0.83922
30	0.49603	0.06092	0.01001	0.03390	0.01159	0.01098	0.00654	0.01580	0.01162	0.08865	0.18642	0.01760	0.01759	0.00672	0.00442	0.00169	0.00414	0.00492	0.00425	0.00619
31	0.00902	0.00722	0.00984	0.00926	0.00970	0.00879	0.00696	0.01019	0.00859	0.01246	0.01393	0.02406	0.01429	0.27757	0.34178	0.00606	0.19852	0.00634	0.02073	0.00471
32	0.00675	0.00562	0.00589	0.00583	0.00761	0.00476	0.00437	0.00834	0.01311	0.01611	0.16866	0.05141	0.65530	0.01360	0.00654	0.00185	0.00277	0.01142	0.00529	0.00476
33	0.00784	0.00566	0.00740	0.00697	0.00827	0.00523	0.00523	0.01045	0.01568	0.02221	0.76789	0.04137	0.05226	0.01132	0.00653	0.00174	0.00261	0.01002	0.00610	0.00523
34	0.01481	0.80869	0.02902	0.00948	0.01421	0.02191	0.00948	0.01658	0.01125	0.01303	0.00770	0.00888	0.00711	0.00474	0.00355	0.00118	0.00592	0.00296	0.00237	0.00711
35	0.01148	0.00984	0.01148	0.00820	0.01312	0.00738	0.00656	0.01395	0.01148	0.01805	0.00984	0.01148	0.00820	0.00410	0.00410	0.00082	0.00410	0.00328	0.00328	0.83922
