[name]
unknown

[dist]
# distance from previous block
# <min> <max>
0	0

[block]
# block no. 0 follows, 47 sequences, length 26
# corresponding to MSA columns:
# 0-3,6-27
name=unknown_A
#
# <colnr> <probs for GDERKNQSTAVLIFYWHMCP>
#	G	D	E	R	K	N	Q	S	T	A	V	L	I	F	Y	W	H	M	C	P
0	0.00839	0.00599	0.00839	0.00959	0.01079	0.00599	0.00839	0.01079	0.01199	0.01558	0.02757	0.05874	0.02997	0.01439	0.00719	0.00240	0.00480	0.74945	0.00480	0.00480
1	0.02015	0.04148	0.01548	0.01145	0.01561	0.01498	0.00951	0.62535	0.02251	0.15009	0.01358	0.01318	0.00941	0.00622	0.00515	0.00155	0.00552	0.00471	0.00530	0.00878
2	0.01493	0.67934	0.02518	0.00956	0.01385	0.07732	0.00910	0.09262	0.01231	0.01439	0.00784	0.00885	0.00691	0.00471	0.00363	0.00118	0.00587	0.00302	0.00257	0.00686
3	0.01258	0.02395	0.66147	0.01392	0.02101	0.01136	0.01733	0.01796	0.01164	0.14398	0.01120	0.01211	0.00764	0.00520	0.00500	0.00164	0.00716	0.00408	0.00290	0.00789
4	0.00744	0.00558	0.00837	0.00837	0.00930	0.00651	0.00651	0.00930	0.00837	0.01209	0.01395	0.02046	0.01302	0.03906	0.79635	0.00837	0.01395	0.00558	0.00279	0.00465
5	0.01609	0.12826	0.16949	0.01425	0.01943	0.01205	0.24675	0.01958	0.01273	0.28966	0.01339	0.01396	0.00925	0.00524	0.00520	0.00159	0.00658	0.00491	0.00385	0.00776
6	0.04763	0.00869	0.01129	0.01053	0.03919	0.01090	0.00807	0.04077	0.00953	0.01536	0.01152	0.02925	0.01062	0.08601	0.08288	0.00274	0.35814	0.00510	0.20643	0.00535
7	0.01163	0.00627	0.00833	0.00727	0.00925	0.00564	0.00564	0.01397	0.01478	0.22520	0.57904	0.03326	0.03948	0.00953	0.00590	0.00163	0.00298	0.00830	0.00592	0.00597
8	0.02153	0.01263	0.01380	0.01076	0.01473	0.07846	0.00880	0.33662	0.01892	0.40467	0.01610	0.01482	0.01067	0.00627	0.00518	0.00157	0.00540	0.00485	0.00561	0.00862
9	0.01236	0.01183	0.02018	0.16641	0.65421	0.01223	0.01572	0.01552	0.01161	0.01637	0.00970	0.01306	0.00802	0.00474	0.00516	0.00158	0.00632	0.00464	0.00253	0.00782
10	0.42826	0.01223	0.01156	0.00941	0.01306	0.01383	0.00774	0.36790	0.04804	0.02773	0.01029	0.01081	0.00757	0.00559	0.00424	0.00160	0.00483	0.00382	0.00424	0.00725
11	0.01289	0.01237	0.02114	0.03196	0.78450	0.01237	0.01598	0.01598	0.01186	0.01701	0.00980	0.01289	0.00825	0.00464	0.00516	0.00155	0.00619	0.00464	0.00258	0.00825
12	0.00634	0.00453	0.00604	0.00725	0.00755	0.00423	0.00483	0.00725	0.00997	0.01329	0.02870	0.81358	0.03444	0.01632	0.00665	0.00211	0.00302	0.01480	0.00483	0.00423
13	0.01256	0.01190	0.02020	0.03032	0.72746	0.01190	0.01542	0.01560	0.01187	0.01691	0.01111	0.01627	0.00985	0.00536	0.00531	0.00161	0.00608	0.05954	0.00274	0.00799
14	0.00634	0.00453	0.00604	0.00725	0.00755	0.00423	0.00483	0.00725	0.00997	0.01329	0.02870	0.81358	0.03444	0.01632	0.00665	0.00211	0.00302	0.01480	0.00483	0.00423
15	0.01263	0.01211	0.02067	0.09784	0.72066	0.01230	0.01585	0.01575	0.01173	0.01670	0.00975	0.01297	0.00814	0.00469	0.00516	0.00156	0.00625	0.00464	0.00256	0.00804
16	0.01714	0.01944	0.01314	0.01176	0.01435	0.52733	0.00893	0.09842	0.05993	0.01673	0.08996	0.01410	0.01235	0.00616	0.00486	0.00141	0.00746	0.00438	0.06589	0.00626
17	0.01320	0.65473	0.18632	0.01015	0.01528	0.01883	0.01106	0.01578	0.01067	0.01314	0.00768	0.00890	0.00667	0.00456	0.00368	0.00123	0.00601	0.00301	0.00222	0.00689
18	0.03337	0.01355	0.01440	0.01136	0.01506	0.03136	0.00930	0.59370	0.07707	0.04494	0.01324	0.01353	0.00965	0.00746	0.03269	0.00181	0.02248	0.00476	0.04199	0.00831
19	0.11077	0.38672	0.26175	0.01259	0.06166	0.01602	0.05461	0.01592	0.01068	0.01539	0.00823	0.00977	0.00669	0.00466	0.00409	0.00140	0.00627	0.00342	0.00238	0.00699
20	0.00872	0.00702	0.00854	0.00903	0.05442	0.00716	0.00635	0.01220	0.13044	0.04205	0.05207	0.22235	0.31688	0.01193	0.00687	0.00188	0.06153	0.03044	0.00467	0.00545
21	0.01282	0.01204	0.02010	0.02974	0.71056	0.01208	0.01511	0.04354	0.01250	0.01783	0.05500	0.01439	0.01066	0.00505	0.00522	0.00155	0.00595	0.00492	0.00286	0.00808
22	0.01296	0.01206	0.01934	0.02790	0.64428	0.01224	0.01446	0.06031	0.06886	0.01814	0.01292	0.01519	0.04718	0.00534	0.00522	0.00157	0.00583	0.00505	0.00304	0.00809
23	0.01323	0.01248	0.02087	0.03098	0.74645	0.01256	0.01568	0.05317	0.01248	0.01780	0.00993	0.01287	0.00828	0.00472	0.00516	0.00155	0.00616	0.00464	0.00271	0.00828
24	0.01232	0.01200	0.02002	0.08459	0.53330	0.01311	0.04606	0.01508	0.01094	0.01577	0.00915	0.01269	0.00784	0.00563	0.00775	0.00173	0.17737	0.00468	0.00250	0.00747
25	0.01399	0.01273	0.02026	0.02879	0.66233	0.01297	0.01501	0.13541	0.01387	0.01953	0.01023	0.01283	0.00835	0.00490	0.00516	0.00155	0.00611	0.00465	0.00300	0.00835

[dist]
# distance from previous block
# <min> <max>
20	36

[block]
# block no. 1 follows, 47 sequences, length 64
# corresponding to MSA columns:
# 69-132
name=unknown_B
#
# <colnr> <probs for GDERKNQSTAVLIFYWHMCP>
#	G	D	E	R	K	N	Q	S	T	A	V	L	I	F	Y	W	H	M	C	P
0	0.06779	0.01251	0.01771	0.01651	0.16380	0.01285	0.14091	0.24301	0.10143	0.09734	0.01286	0.01377	0.00948	0.00549	0.00516	0.00157	0.00581	0.00490	0.00413	0.06297
1	0.08258	0.01063	0.01317	0.01070	0.01377	0.02527	0.07838	0.13717	0.14553	0.10735	0.07184	0.05423	0.06429	0.00737	0.00627	0.00166	0.07609	0.00596	0.00446	0.08329
2	0.04511	0.05027	0.08314	0.01160	0.03383	0.05285	0.02555	0.21401	0.21547	0.13848	0.04736	0.01560	0.01243	0.00626	0.00506	0.00159	0.00531	0.00499	0.00468	0.02642
3	0.07644	0.01281	0.01563	0.01360	0.08390	0.03507	0.08217	0.35447	0.10292	0.07770	0.06308	0.01512	0.01208	0.00614	0.00518	0.00159	0.00552	0.00510	0.00460	0.02688
4	0.28708	0.01150	0.01142	0.00974	0.03163	0.02615	0.00763	0.20803	0.16027	0.04062	0.01294	0.01319	0.02649	0.00571	0.00440	0.00150	0.00458	0.00421	0.00419	0.12873
5	0.03092	0.01170	0.12881	0.01227	0.05232	0.01001	0.07967	0.08328	0.09758	0.06006	0.01358	0.01685	0.01111	0.03436	0.30837	0.00427	0.00912	0.00518	0.00341	0.02714
6	0.25879	0.01747	0.33157	0.01347	0.05262	0.01169	0.10631	0.01736	0.03173	0.09762	0.01037	0.01164	0.00745	0.00504	0.00464	0.00165	0.00626	0.00407	0.00309	0.00717
7	0.00978	0.00904	0.01469	0.68704	0.03218	0.01077	0.01318	0.01301	0.01043	0.01368	0.01013	0.04960	0.00826	0.00557	0.00513	0.00165	0.00645	0.00493	0.00251	0.09195
8	0.01122	0.00978	0.01526	0.02020	0.39655	0.00978	0.02956	0.01529	0.09303	0.03631	0.22977	0.02392	0.03963	0.00725	0.00559	0.00164	0.00480	0.03936	0.00399	0.00705
9	0.00655	0.00464	0.00612	0.00722	0.00753	0.00438	0.00485	0.00744	0.00985	0.01311	0.02756	0.71025	0.03286	0.08743	0.00844	0.00239	0.00328	0.04726	0.00468	0.00416
10	0.01295	0.01119	0.01178	0.01060	0.01354	0.01295	0.00824	0.02767	0.77509	0.02178	0.02120	0.01943	0.01590	0.00707	0.00530	0.00177	0.00412	0.00589	0.00530	0.00824
11	0.01289	0.01237	0.02114	0.03196	0.78450	0.01237	0.01598	0.01598	0.01186	0.01701	0.00980	0.01289	0.00825	0.00464	0.00516	0.00155	0.00619	0.00464	0.00258	0.00825
12	0.02327	0.00901	0.01218	0.00934	0.01337	0.00787	0.00771	0.04445	0.01515	0.76869	0.02034	0.01759	0.01279	0.00644	0.00524	0.00161	0.00446	0.00522	0.00641	0.00886
13	0.01045	0.02694	0.79000	0.01484	0.02254	0.01209	0.01924	0.01649	0.01099	0.01649	0.00935	0.01099	0.00660	0.00495	0.00495	0.00165	0.00770	0.00385	0.00220	0.00770
14	0.00779	0.01185	0.25671	0.00971	0.01254	0.00688	0.00963	0.01047	0.01057	0.01453	0.02408	0.45135	0.07647	0.01233	0.00611	0.00196	0.00461	0.06303	0.00399	0.00539
15	0.02225	0.01066	0.01320	0.01012	0.01419	0.01032	0.00836	0.25809	0.01791	0.55115	0.01802	0.01609	0.01163	0.00638	0.00523	0.00160	0.00484	0.00506	0.00606	0.00886
16	0.01088	0.00781	0.00852	0.00755	0.00883	0.00828	0.00519	0.19425	0.06542	0.01660	0.01715	0.02839	0.04487	0.53260	0.01907	0.00385	0.00506	0.00688	0.00387	0.00495
17	0.01289	0.01237	0.02114	0.03196	0.78450	0.01237	0.01598	0.01598	0.01186	0.01701	0.00980	0.01289	0.00825	0.00464	0.00516	0.00155	0.00619	0.00464	0.00258	0.00825
18	0.01267	0.01270	0.02329	0.04890	0.58492	0.01254	0.19495	0.01608	0.01193	0.01684	0.00996	0.01319	0.00813	0.00459	0.00539	0.00160	0.00682	0.00500	0.00258	0.00789
19	0.01069	0.01075	0.02157	0.01688	0.02048	0.01023	0.45512	0.01427	0.01217	0.01623	0.01752	0.03237	0.01695	0.00849	0.00658	0.00202	0.00715	0.31092	0.00352	0.00611
20	0.01229	0.01405	0.03073	0.02195	0.02722	0.01317	0.76558	0.01668	0.01229	0.01668	0.01054	0.01405	0.00790	0.00439	0.00615	0.00176	0.00878	0.00615	0.00263	0.00702
21	0.01101	0.06282	0.72047	0.01451	0.02183	0.04781	0.01836	0.01665	0.01115	0.01613	0.00919	0.01080	0.00661	0.00494	0.00486	0.00161	0.00768	0.00378	0.00222	0.00758
22	0.01289	0.01237	0.02114	0.03196	0.78450	0.01237	0.01598	0.01598	0.01186	0.01701	0.00980	0.01289	0.00825	0.00464	0.00516	0.00155	0.00619	0.00464	0.00258	0.00825
23	0.00832	0.00622	0.00863	0.01016	0.04993	0.00611	0.00819	0.01061	0.01197	0.01545	0.03004	0.05524	0.12967	0.01373	0.00695	0.00227	0.00458	0.61233	0.00469	0.00492
24	0.01075	0.01188	0.06072	0.48325	0.03208	0.01217	0.28420	0.01468	0.01112	0.01468	0.00972	0.01379	0.00727	0.00490	0.00553	0.00174	0.00764	0.00513	0.00242	0.00633
25	0.01767	0.02248	0.05040	0.01524	0.08789	0.61380	0.01115	0.01937	0.01368	0.01329	0.00816	0.00998	0.00686	0.00563	0.00592	0.00146	0.08450	0.00361	0.00261	0.00629
26	0.01289	0.01237	0.02114	0.03196	0.78450	0.01237	0.01598	0.01598	0.01186	0.01701	0.00980	0.01289	0.00825	0.00464	0.00516	0.00155	0.00619	0.00464	0.00258	0.00825
27	0.00983	0.00926	0.01562	0.80447	0.03587	0.01157	0.01446	0.01331	0.01041	0.01331	0.00926	0.01388	0.00694	0.00521	0.00521	0.00174	0.00694	0.00463	0.00231	0.00579
28	0.00615	0.00528	0.00528	0.00528	0.00703	0.00440	0.00396	0.00747	0.01187	0.01407	0.05276	0.05012	0.78238	0.01319	0.00615	0.00176	0.00264	0.01099	0.00484	0.00440
29	0.00779	0.00558	0.00763	0.00840	0.00946	0.00542	0.00689	0.00997	0.01242	0.01666	0.23260	0.17220	0.03588	0.01367	0.00682	0.00215	0.00388	0.43278	0.00506	0.00474
30	0.01180	0.32450	0.48290	0.01281	0.01922	0.01532	0.03564	0.01616	0.01087	0.01490	0.00859	0.01009	0.00666	0.00475	0.00438	0.00145	0.00693	0.00351	0.00222	0.00730
31	0.01280	0.01229	0.02098	0.05349	0.76364	0.01235	0.01594	0.01591	0.01182	0.01691	0.00978	0.01292	0.00821	0.00466	0.00516	0.00155	0.00621	0.00464	0.00257	0.00818
32	0.02336	0.00886	0.01209	0.00927	0.01329	0.00765	0.00765	0.02538	0.01491	0.78810	0.02055	0.01773	0.01289	0.00645	0.00524	0.00161	0.00443	0.00524	0.00645	0.00886
33	0.01451	0.01395	0.02469	0.01807	0.02281	0.01401	0.48038	0.23400	0.08364	0.02179	0.01205	0.01408	0.00889	0.00516	0.00580	0.00170	0.00749	0.00570	0.00361	0.00766
34	0.01150	0.00953	0.01069	0.01028	0.01266	0.01073	0.00829	0.02228	0.53120	0.01980	0.02323	0.03199	0.02039	0.00940	0.00590	0.00197	0.00434	0.24353	0.00514	0.00714
35	0.01295	0.01119	0.01178	0.01060	0.01354	0.01295	0.00824	0.02767	0.77509	0.02178	0.02120	0.01943	0.01590	0.00707	0.00530	0.00177	0.00412	0.00589	0.00530	0.00824
36	0.01139	0.01139	0.01595	0.01367	0.01367	0.01595	0.01139	0.01253	0.00798	0.01253	0.00684	0.01139	0.00684	0.00911	0.01709	0.00228	0.80745	0.00456	0.00228	0.00570
37	0.01289	0.01237	0.02114	0.03196	0.78450	0.01237	0.01598	0.01598	0.01186	0.01701	0.00980	0.01289	0.00825	0.00464	0.00516	0.00155	0.00619	0.00464	0.00258	0.00825
38	0.01150	0.01961	0.35818	0.01888	0.02520	0.01271	0.44371	0.01660	0.01173	0.01660	0.01002	0.01273	0.00734	0.00463	0.00563	0.00171	0.00831	0.00515	0.00245	0.00731
39	0.00995	0.00947	0.01630	0.76897	0.03547	0.01164	0.04854	0.01346	0.01050	0.01346	0.00931	0.01389	0.00699	0.00517	0.00525	0.00174	0.00703	0.00470	0.00233	0.00584
40	0.00737	0.00532	0.00696	0.00655	0.00778	0.00491	0.00491	0.00983	0.01474	0.02088	0.78175	0.03890	0.04914	0.01065	0.00614	0.00164	0.00246	0.00942	0.00573	0.00491
41	0.01045	0.02694	0.79000	0.01484	0.02254	0.01209	0.01924	0.01649	0.01099	0.01649	0.00935	0.01099	0.00660	0.00495	0.00495	0.00165	0.00770	0.00385	0.00220	0.00770
42	0.01194	0.01169	0.02104	0.02688	0.53995	0.01148	0.15822	0.01500	0.01170	0.01647	0.01236	0.11556	0.01153	0.00609	0.00554	0.00166	0.00628	0.00623	0.00288	0.00750
43	0.00757	0.00505	0.00568	0.00568	0.00568	0.00505	0.00316	0.00757	0.00757	0.01010	0.01641	0.03408	0.01893	0.81698	0.02651	0.00505	0.00505	0.00757	0.00316	0.00316
44	0.01945	0.02482	0.01476	0.01342	0.01610	0.79608	0.01006	0.02079	0.01476	0.01275	0.00805	0.00939	0.00671	0.00537	0.00470	0.00134	0.00939	0.00335	0.00268	0.00604
45	0.01054	0.02179	0.54448	0.01553	0.02193	0.01152	0.16089	0.01580	0.01137	0.01641	0.01191	0.01769	0.00984	0.00605	0.00546	0.00177	0.00753	0.09969	0.00261	0.00720
46	0.01146	0.01144	0.01619	0.01450	0.04864	0.01579	0.01160	0.01269	0.00815	0.01274	0.00697	0.01146	0.00690	0.00891	0.01655	0.00225	0.77110	0.00456	0.00229	0.00581
47	0.00634	0.00453	0.00604	0.00725	0.00755	0.00423	0.00483	0.00725	0.00997	0.01329	0.02870	0.81358	0.03444	0.01632	0.00665	0.00211	0.00302	0.01480	0.00483	0.00423
48	0.01392	0.82012	0.02729	0.00891	0.01337	0.02061	0.00891	0.01559	0.01058	0.01225	0.00724	0.00835	0.00668	0.00446	0.00334	0.00111	0.00557	0.00278	0.00223	0.00668
49	0.03804	0.01411	0.01365	0.01140	0.01485	0.10054	0.00908	0.34265	0.35099	0.02555	0.01568	0.01508	0.01161	0.00647	0.00514	0.00163	0.00539	0.00502	0.00492	0.00820
50	0.00634	0.00453	0.00604	0.00725	0.00755	0.00423	0.00483	0.00725	0.00997	0.01329	0.02870	0.81358	0.03444	0.01632	0.00665	0.00211	0.00302	0.01480	0.00483	0.00423
51	0.01295	0.01119	0.01178	0.01060	0.01354	0.01295	0.00824	0.02767	0.77509	0.02178	0.02120	0.01943	0.01590	0.00707	0.00530	0.00177	0.00412	0.00589	0.00530	0.00824
52	0.01045	0.02694	0.79000	0.01484	0.02254	0.01209	0.01924	0.01649	0.01099	0.01649	0.00935	0.01099	0.00660	0.00495	0.00495	0.00165	0.00770	0.00385	0.00220	0.00770
53	0.01139	0.01139	0.01595	0.01367	0.01367	0.01595	0.01139	0.01253	0.00798	0.01253	0.00684	0.01139	0.00684	0.00911	0.01709	0.00228	0.80745	0.00456	0.00228	0.00570
54	0.00757	0.00505	0.00568	0.00568	0.00568	0.00505	0.00316	0.00757	0.00757	0.01010	0.01641	0.03408	0.01893	0.81698	0.02651	0.00505	0.00505	0.00757	0.00316	0.00316
55	0.01392	0.82012	0.02729	0.00891	0.01337	0.02061	0.00891	0.01559	0.01058	0.01225	0.00724	0.00835	0.00668	0.00446	0.00334	0.00111	0.00557	0.00278	0.00223	0.00668
56	0.00615	0.00528	0.00528	0.00528	0.00703	0.00440	0.00396	0.00747	0.01187	0.01407	0.05276	0.05012	0.78238	0.01319	0.00615	0.00176	0.00264	0.01099	0.00484	0.00440
57	0.01080	0.00926	0.01080	0.00771	0.01234	0.00694	0.00617	0.01311	0.01080	0.01697	0.00926	0.01080	0.00771	0.00386	0.00386	0.00077	0.00386	0.00309	0.00309	0.84882
58	0.01289	0.01237	0.02114	0.03196	0.78450	0.01237	0.01598	0.01598	0.01186	0.01701	0.00980	0.01289	0.00825	0.00464	0.00516	0.00155	0.00619	0.00464	0.00258	0.00825
59	0.00737	0.00532	0.00696	0.00655	0.00778	0.00491	0.00491	0.00983	0.01474	0.02088	0.78175	0.03890	0.04914	0.01065	0.00614	0.00164	0.00246	0.00942	0.00573	0.00491
60	0.01980	0.01459	0.01563	0.01198	0.01615	0.01615	0.00990	0.76713	0.02448	0.03282	0.01250	0.01250	0.00886	0.00625	0.00521	0.00156	0.00573	0.00469	0.00521	0.00886
61	0.00905	0.00452	0.00678	0.00678	0.00678	0.00452	0.00452	0.00678	0.00678	0.00905	0.00905	0.01583	0.00905	0.01809	0.02035	0.84848	0.00452	0.00452	0.00226	0.00226
62	0.01295	0.01119	0.01178	0.01060	0.01354	0.01295	0.00824	0.02767	0.77509	0.02178	0.02120	0.01943	0.01590	0.00707	0.00530	0.00177	0.00412	0.00589	0.00530	0.00824
63	0.01289	0.01237	0.02114	0.03196	0.78450	0.01237	0.01598	0.01598	0.01186	0.01701	0.00980	0.01289	0.00825	0.00464	0.00516	0.00155	0.00619	0.00464	0.00258	0.00825

[dist]
# distance from previous block
# <min> <max>
0	0

# created by:
# /st0/software/busco_prod/Augustus/scripts/msa2prfl.pl ./align_prep/76473.fa
