[name]
unknown

[dist]
# distance from previous block
# <min> <max>
0	0

[block]
# block no. 0 follows, 44 sequences, length 44
# corresponding to MSA columns:
# 60-103
name=unknown_A
#
# <colnr> <probs for GDERKNQSTAVLIFYWHMCP>
#	G	D	E	R	K	N	Q	S	T	A	V	L	I	F	Y	W	H	M	C	P
0	0.00879	0.00628	0.00879	0.01004	0.01130	0.00628	0.00879	0.01130	0.01255	0.01632	0.02887	0.06150	0.03138	0.01506	0.00753	0.00251	0.00502	0.73770	0.00502	0.00502
1	0.04225	0.01147	0.01742	0.02183	0.39963	0.01116	0.01247	0.04325	0.04758	0.31451	0.01517	0.01562	0.01082	0.00576	0.00538	0.00166	0.00559	0.00511	0.00450	0.00882
2	0.01883	0.10738	0.11069	0.01291	0.01688	0.40599	0.01118	0.11593	0.01573	0.10315	0.01100	0.02645	0.00858	0.00593	0.00497	0.00150	0.00797	0.00414	0.00353	0.00729
3	0.00948	0.00844	0.01322	0.22158	0.20259	0.00883	0.02485	0.01183	0.01136	0.01496	0.02322	0.19671	0.14992	0.05167	0.00718	0.00206	0.00526	0.02726	0.00365	0.00592
4	0.01368	0.00997	0.01220	0.01035	0.05034	0.02474	0.02192	0.01763	0.10513	0.14620	0.03710	0.06446	0.01353	0.00624	0.00492	0.00131	0.00444	0.02077	0.00430	0.43078
5	0.03492	0.01589	0.25676	0.01577	0.05464	0.01116	0.20417	0.01451	0.01164	0.01688	0.06935	0.16811	0.01623	0.00813	0.00700	0.00190	0.07555	0.00737	0.00328	0.00674
6	0.01334	0.01280	0.02185	0.06973	0.73932	0.01291	0.01666	0.01660	0.01234	0.01763	0.01023	0.01354	0.00857	0.00489	0.00540	0.00163	0.00651	0.00486	0.00269	0.00851
7	0.01378	0.01234	0.01514	0.01294	0.01465	0.01564	0.01056	0.12752	0.27270	0.01959	0.01323	0.01501	0.01075	0.00836	0.01179	0.00209	0.40733	0.00527	0.00393	0.00737
8	0.01350	0.01290	0.02167	0.03242	0.73882	0.01298	0.01635	0.01730	0.04761	0.01804	0.01081	0.01381	0.00901	0.00498	0.00540	0.00163	0.00638	0.00492	0.00283	0.00864
9	0.04246	0.19583	0.08103	0.01080	0.01484	0.13950	0.00963	0.03662	0.10507	0.23168	0.05666	0.01541	0.01260	0.00674	0.01667	0.00165	0.00606	0.00470	0.00435	0.00770
10	0.01691	0.01511	0.08178	0.01382	0.07240	0.03393	0.01103	0.34857	0.28138	0.04357	0.01585	0.01556	0.01163	0.00658	0.00545	0.00171	0.00569	0.00525	0.00497	0.00882
11	0.02037	0.02598	0.01545	0.01404	0.01685	0.78652	0.01053	0.02177	0.01545	0.01334	0.00843	0.00983	0.00702	0.00562	0.00492	0.00140	0.00983	0.00351	0.00281	0.00632
12	0.01501	0.04435	0.03192	0.01143	0.04915	0.05485	0.00878	0.02385	0.38421	0.16015	0.13586	0.02157	0.01990	0.00747	0.00554	0.00173	0.00467	0.00622	0.00534	0.00800
13	0.00793	0.00529	0.00595	0.00595	0.00595	0.00529	0.00330	0.00793	0.00793	0.01057	0.01718	0.03568	0.01982	0.80840	0.02775	0.00529	0.00529	0.00793	0.00330	0.00330
14	0.01157	0.01145	0.02011	0.43634	0.09588	0.01333	0.16434	0.03124	0.01137	0.01531	0.00970	0.01405	0.00762	0.00587	0.00754	0.00189	0.12804	0.00516	0.00258	0.00660
15	0.00827	0.00590	0.00706	0.00685	0.00691	0.00637	0.00427	0.00849	0.00802	0.01092	0.01615	0.03273	0.01834	0.69169	0.07352	0.00525	0.07492	0.00752	0.00320	0.00363
16	0.01346	0.01304	0.02260	0.03297	0.73949	0.01299	0.05126	0.01677	0.01243	0.01779	0.01029	0.01355	0.00862	0.00485	0.00545	0.00163	0.00660	0.00493	0.00270	0.00858
17	0.01981	0.01481	0.01584	0.01236	0.01656	0.01648	0.01014	0.66310	0.12025	0.03288	0.01425	0.01402	0.01022	0.00665	0.00547	0.00166	0.00578	0.00507	0.00547	0.00919
18	0.00793	0.00529	0.00595	0.00595	0.00595	0.00529	0.00330	0.00793	0.00793	0.01057	0.01718	0.03568	0.01982	0.80840	0.02775	0.00529	0.00529	0.00793	0.00330	0.00330
19	0.29080	0.01014	0.01232	0.24378	0.01990	0.01145	0.00963	0.01909	0.08347	0.20326	0.01297	0.01410	0.00922	0.00596	0.00519	0.00176	0.03135	0.00450	0.00408	0.00703
20	0.01318	0.51226	0.31580	0.01170	0.01766	0.01817	0.01346	0.01668	0.01124	0.01452	0.00842	0.00980	0.00696	0.00486	0.00414	0.00138	0.00668	0.00334	0.00232	0.00740
21	0.01030	0.00969	0.01635	0.79530	0.03755	0.01211	0.01514	0.01393	0.01090	0.01393	0.00969	0.01453	0.00727	0.00545	0.00545	0.00182	0.00727	0.00484	0.00242	0.00606
22	0.00722	0.00553	0.00661	0.00639	0.00785	0.00492	0.00477	0.00930	0.01418	0.01900	0.48574	0.06794	0.31618	0.01230	0.00645	0.00178	0.00266	0.01063	0.00563	0.00492
23	0.01933	0.06765	0.01663	0.01552	0.11289	0.48085	0.01085	0.05181	0.05090	0.10694	0.01103	0.01191	0.00855	0.00572	0.00501	0.00148	0.00812	0.00407	0.00348	0.00724
24	0.01112	0.06707	0.74287	0.01523	0.02312	0.01310	0.01961	0.01722	0.01149	0.01704	0.00967	0.01137	0.00691	0.00515	0.00510	0.00170	0.00795	0.00397	0.00230	0.00800
25	0.00661	0.00553	0.00575	0.00570	0.00747	0.00467	0.00427	0.00814	0.01282	0.01565	0.14828	0.05094	0.67855	0.01346	0.00644	0.00182	0.00274	0.01129	0.00518	0.00467
26	0.01458	0.81168	0.02857	0.00933	0.01399	0.02157	0.00933	0.01632	0.01108	0.01283	0.00758	0.00875	0.00700	0.00466	0.00350	0.00117	0.00583	0.00292	0.00233	0.00700
27	0.00700	0.00518	0.00653	0.00695	0.00790	0.00472	0.00493	0.00861	0.01261	0.01694	0.30340	0.39249	0.17403	0.01434	0.00667	0.00197	0.00288	0.01274	0.00540	0.00472
28	0.01030	0.00969	0.01635	0.79530	0.03755	0.01211	0.01514	0.01393	0.01090	0.01393	0.00969	0.01453	0.00727	0.00545	0.00545	0.00182	0.00727	0.00484	0.00242	0.00606
29	0.03238	0.01062	0.01674	0.49093	0.09454	0.01347	0.01415	0.01400	0.01028	0.01431	0.00898	0.01357	0.00732	0.00653	0.00886	0.00195	0.22787	0.00478	0.00246	0.00625
30	0.21420	0.00825	0.00888	0.00848	0.01054	0.00869	0.00638	0.10956	0.04848	0.08611	0.02128	0.40306	0.02237	0.01143	0.00570	0.00195	0.00397	0.00976	0.00487	0.00604
31	0.02289	0.00895	0.01203	0.00934	0.01335	0.00772	0.00768	0.02494	0.01533	0.71169	0.02444	0.02151	0.07956	0.00736	0.00557	0.00170	0.00448	0.00601	0.00660	0.00887
32	0.00664	0.00474	0.00633	0.00759	0.00791	0.00443	0.00506	0.00759	0.01044	0.01392	0.03005	0.80485	0.03606	0.01708	0.00696	0.00221	0.00316	0.01550	0.00506	0.00443
33	0.00779	0.00584	0.00876	0.00876	0.00974	0.00681	0.00681	0.00974	0.00876	0.01266	0.01460	0.02142	0.01363	0.04089	0.78680	0.00876	0.01460	0.00584	0.00292	0.00487
34	0.01100	0.01062	0.01598	0.31184	0.02284	0.01422	0.01278	0.01318	0.00935	0.01339	0.00867	0.01362	0.00768	0.01030	0.06992	0.00264	0.43873	0.00488	0.00244	0.00592
35	0.00686	0.00549	0.00613	0.00606	0.00764	0.00476	0.00451	0.00859	0.01327	0.01694	0.28048	0.09094	0.50284	0.01315	0.00647	0.00182	0.00272	0.01121	0.00536	0.00476
36	0.42319	0.08684	0.29783	0.04800	0.01699	0.01320	0.01195	0.01641	0.01034	0.02027	0.00851	0.01011	0.00644	0.00509	0.00416	0.00166	0.00593	0.00344	0.00284	0.00681
37	0.01207	0.01128	0.01446	0.01262	0.01354	0.01477	0.01019	0.01740	0.23417	0.01579	0.01252	0.01651	0.01109	0.07847	0.01506	0.00248	0.49218	0.00546	0.00341	0.00653
38	0.03222	0.21016	0.22885	0.22541	0.10647	0.01504	0.01467	0.07635	0.01244	0.01691	0.00949	0.01194	0.00738	0.00520	0.00485	0.00159	0.00687	0.00412	0.00267	0.00737
39	0.01450	0.01748	0.05518	0.01158	0.01379	0.41137	0.00911	0.01620	0.01229	0.01304	0.01141	0.01640	0.01050	0.10378	0.25518	0.00417	0.01075	0.00476	0.00287	0.00563
40	0.01146	0.14035	0.67257	0.01465	0.02222	0.01394	0.01859	0.01713	0.01145	0.01663	0.00947	0.01111	0.00692	0.00511	0.00494	0.00165	0.00774	0.00387	0.00231	0.00791
41	0.01121	0.05279	0.41490	0.05759	0.02039	0.01102	0.08554	0.01558	0.01163	0.06679	0.01498	0.18454	0.01383	0.00780	0.00565	0.00182	0.00674	0.00684	0.00325	0.00713
42	0.00899	0.07656	0.00969	0.00789	0.00986	0.00708	0.00587	0.01114	0.04666	0.01554	0.02209	0.46167	0.02458	0.01177	0.00570	0.00171	0.00363	0.01040	0.05114	0.20802
43	0.01219	0.27285	0.23637	0.01067	0.01578	0.01352	0.01126	0.05029	0.01199	0.01665	0.02727	0.08061	0.01097	0.00604	0.00456	0.00138	0.00571	0.00470	0.02733	0.17988

[dist]
# distance from previous block
# <min> <max>
0	2

[block]
# block no. 1 follows, 44 sequences, length 23
# corresponding to MSA columns:
# 106-128
name=unknown_B
#
# <colnr> <probs for GDERKNQSTAVLIFYWHMCP>
#	G	D	E	R	K	N	Q	S	T	A	V	L	I	F	Y	W	H	M	C	P
0	0.01156	0.12906	0.62399	0.01531	0.02273	0.01391	0.07609	0.01716	0.01156	0.01670	0.00959	0.01140	0.00702	0.00507	0.00506	0.00166	0.00786	0.00407	0.00234	0.00786
1	0.01722	0.24135	0.06366	0.01469	0.07527	0.42106	0.04617	0.01955	0.02760	0.01414	0.00879	0.01033	0.00737	0.00526	0.00466	0.00140	0.00823	0.00367	0.00269	0.00688
2	0.20071	0.01852	0.33621	0.01294	0.01870	0.01221	0.07371	0.08787	0.01319	0.15874	0.01184	0.01261	0.00821	0.00552	0.00496	0.00171	0.00648	0.00433	0.00368	0.00786
3	0.01420	0.01180	0.01244	0.01097	0.01411	0.01354	0.00860	0.10957	0.64647	0.02398	0.02096	0.01953	0.01569	0.00725	0.00546	0.00180	0.00442	0.00597	0.04471	0.00853
4	0.00844	0.00691	0.04312	0.00811	0.00915	0.00678	0.00625	0.02663	0.00934	0.01341	0.01636	0.08579	0.01665	0.25605	0.37870	0.00608	0.02745	0.00702	0.06308	0.00467
5	0.00793	0.00529	0.00595	0.00595	0.00595	0.00529	0.00330	0.00793	0.00793	0.01057	0.01718	0.03568	0.01982	0.80840	0.02775	0.00529	0.00529	0.00793	0.00330	0.00330
6	0.01320	0.01281	0.02323	0.01776	0.02064	0.01438	0.35208	0.01605	0.01100	0.07430	0.01028	0.01401	0.00836	0.00804	0.03572	0.00228	0.35051	0.00562	0.00291	0.00682
7	0.01352	0.01461	0.03016	0.02299	0.08584	0.01396	0.63938	0.07458	0.01382	0.01880	0.01113	0.01449	0.00838	0.00477	0.00628	0.00181	0.00873	0.00619	0.00296	0.00760
8	0.01763	0.01117	0.01272	0.01074	0.01429	0.01199	0.00855	0.08043	0.46702	0.27018	0.02131	0.01924	0.01509	0.00712	0.00552	0.00178	0.00454	0.00585	0.00593	0.00889
9	0.00673	0.00503	0.00633	0.00713	0.00789	0.00463	0.00494	0.00795	0.01119	0.01465	0.09230	0.54311	0.19939	0.01698	0.04247	0.00239	0.00355	0.01374	0.00504	0.00454
10	0.01192	0.01161	0.02121	0.05984	0.23165	0.01148	0.27997	0.01645	0.07114	0.01859	0.13196	0.02049	0.01668	0.00634	0.00594	0.00175	0.00649	0.02750	0.04175	0.00723
11	0.01350	0.01286	0.02136	0.03172	0.71503	0.01300	0.01610	0.01769	0.07114	0.01820	0.01119	0.01403	0.00926	0.00506	0.00541	0.00164	0.00631	0.00496	0.00292	0.00864
12	0.00947	0.00473	0.00710	0.00710	0.00710	0.00473	0.00473	0.00710	0.00710	0.00947	0.00947	0.01657	0.00947	0.01894	0.02131	0.84138	0.00473	0.00473	0.00237	0.00237
13	0.01665	0.01558	0.01386	0.07236	0.01664	0.22909	0.00981	0.31370	0.01848	0.02235	0.01870	0.02277	0.10885	0.00809	0.00566	0.00171	0.00664	0.08756	0.00438	0.00712
14	0.01058	0.02870	0.00897	0.00765	0.00951	0.00660	0.00591	0.03869	0.04012	0.11577	0.56984	0.07310	0.04214	0.01043	0.00619	0.00172	0.00312	0.00911	0.00591	0.00593
15	0.00815	0.04150	0.03002	0.01028	0.01170	0.00710	0.11290	0.00979	0.01077	0.01443	0.02513	0.61261	0.02919	0.01423	0.00705	0.00211	0.03046	0.01303	0.00446	0.00509
16	0.02037	0.02598	0.01545	0.01404	0.01685	0.78652	0.01053	0.02177	0.01545	0.01334	0.00843	0.00983	0.00702	0.00562	0.00492	0.00140	0.00983	0.00351	0.00281	0.00632
17	0.00664	0.00474	0.00633	0.00759	0.00791	0.00443	0.00506	0.00759	0.01044	0.01392	0.03005	0.80485	0.03606	0.01708	0.00696	0.00221	0.00316	0.01550	0.00506	0.00443
18	0.01455	0.01220	0.01289	0.01130	0.01456	0.01402	0.00887	0.12989	0.66201	0.02441	0.02093	0.01933	0.01562	0.00728	0.00553	0.00182	0.00455	0.00599	0.00553	0.00872
19	0.01352	0.27989	0.39708	0.01307	0.01913	0.09732	0.01479	0.03966	0.04873	0.01619	0.00963	0.01091	0.00749	0.00521	0.00463	0.00151	0.00728	0.00374	0.00261	0.00759
20	0.01093	0.02820	0.78016	0.01554	0.02360	0.01266	0.02014	0.01727	0.01151	0.01727	0.00978	0.01151	0.00691	0.00518	0.00518	0.00173	0.00806	0.00403	0.00230	0.00806
21	0.00782	0.00572	0.00814	0.00814	0.00889	0.00647	0.00603	0.00933	0.00858	0.01219	0.01518	0.02459	0.01501	0.21148	0.61808	0.00799	0.01253	0.00630	0.00301	0.00452
22	0.08553	0.03921	0.07480	0.01281	0.01665	0.22974	0.07073	0.16079	0.13095	0.05584	0.05975	0.01480	0.01198	0.00627	0.00521	0.00163	0.00681	0.00488	0.00410	0.00750

[dist]
# distance from previous block
# <min> <max>
0	1

[block]
# block no. 2 follows, 44 sequences, length 53
# corresponding to MSA columns:
# 130-139,142-184
name=unknown_C
#
# <colnr> <probs for GDERKNQSTAVLIFYWHMCP>
#	G	D	E	R	K	N	Q	S	T	A	V	L	I	F	Y	W	H	M	C	P
0	0.07124	0.02109	0.08686	0.08425	0.04403	0.01071	0.07617	0.04387	0.03627	0.13993	0.07920	0.04311	0.01445	0.01278	0.13753	0.00298	0.07895	0.00584	0.00390	0.00684
1	0.00789	0.00545	0.00676	0.00676	0.00704	0.00573	0.00431	0.00845	0.00817	0.01117	0.01644	0.03157	0.01804	0.58758	0.24613	0.00629	0.00797	0.00733	0.00319	0.00375
2	0.01579	0.01431	0.02251	0.01690	0.02105	0.01535	0.31274	0.29929	0.07689	0.02375	0.01219	0.01417	0.00917	0.00622	0.00752	0.00184	0.11277	0.00561	0.00396	0.00800
3	0.01288	0.01078	0.01766	0.47774	0.24501	0.01215	0.01477	0.04245	0.01229	0.08586	0.01106	0.01455	0.00830	0.00544	0.00544	0.00174	0.00676	0.00491	0.00301	0.00720
4	0.29779	0.01159	0.03963	0.23069	0.22797	0.01218	0.03054	0.01560	0.01085	0.01900	0.00916	0.01204	0.00723	0.00505	0.00467	0.00166	0.00591	0.00413	0.00287	0.05146
5	0.00855	0.00528	0.00607	0.00599	0.00679	0.00514	0.00407	0.01017	0.01135	0.01717	0.23634	0.06154	0.02768	0.28379	0.01292	0.00282	0.00352	0.00784	0.27851	0.00446
6	0.01102	0.01010	0.01661	0.37569	0.28497	0.01130	0.01382	0.01410	0.01144	0.01571	0.02824	0.08180	0.02403	0.00665	0.00592	0.00177	0.03168	0.00596	0.04246	0.00671
7	0.08926	0.09245	0.29029	0.04074	0.32476	0.03830	0.01603	0.01691	0.01174	0.01753	0.00952	0.01183	0.00753	0.00501	0.00494	0.00162	0.00690	0.00417	0.00258	0.00789
8	0.01025	0.00824	0.00873	0.00789	0.01027	0.00830	0.00610	0.14426	0.13990	0.01996	0.08624	0.07960	0.42628	0.01146	0.00615	0.00182	0.00360	0.00956	0.00527	0.00613
9	0.01111	0.03577	0.00926	0.00779	0.00970	0.04397	0.00599	0.03865	0.01499	0.12000	0.48299	0.07042	0.07794	0.03886	0.00688	0.00183	0.00356	0.00884	0.00561	0.00582
10	0.01356	0.01171	0.01233	0.01109	0.01418	0.01356	0.00863	0.02897	0.76455	0.02281	0.02219	0.02034	0.01664	0.00740	0.00555	0.00185	0.00431	0.00616	0.00555	0.00863
11	0.00664	0.00474	0.00633	0.00759	0.00791	0.00443	0.00506	0.00759	0.01044	0.01392	0.03005	0.80485	0.03606	0.01708	0.00696	0.00221	0.00316	0.01550	0.00506	0.00443
12	0.01222	0.01111	0.05591	0.00907	0.01382	0.00851	0.00774	0.05000	0.01201	0.04461	0.01015	0.01168	0.00821	0.00458	0.00488	0.00101	0.04200	0.00351	0.00337	0.68562
13	0.01080	0.01134	0.02337	0.01778	0.02154	0.01064	0.49713	0.01420	0.01211	0.01633	0.01752	0.26014	0.01766	0.00882	0.00663	0.00198	0.00718	0.03492	0.00355	0.00637
14	0.00664	0.00474	0.00633	0.00759	0.00791	0.00443	0.00506	0.00759	0.01044	0.01392	0.03005	0.80485	0.03606	0.01708	0.00696	0.00221	0.00316	0.01550	0.00506	0.00443
15	0.00681	0.00487	0.00637	0.00738	0.00780	0.00455	0.00494	0.00786	0.01079	0.01446	0.09680	0.67271	0.05526	0.06181	0.00809	0.00234	0.00322	0.01445	0.00504	0.00443
16	0.01054	0.04711	0.01302	0.01079	0.01101	0.01232	0.00843	0.01114	0.00826	0.01202	0.01075	0.02020	0.01163	0.28439	0.02079	0.05141	0.44282	0.00577	0.00270	0.00489
17	0.01509	0.01721	0.02252	0.08871	0.21762	0.25195	0.24529	0.01815	0.01322	0.01583	0.00978	0.01278	0.00786	0.00523	0.00602	0.00167	0.03625	0.00493	0.00272	0.00721
18	0.01326	0.01272	0.02171	0.08894	0.72074	0.01289	0.01662	0.01653	0.01230	0.01753	0.01021	0.01357	0.00854	0.00490	0.00540	0.00163	0.00653	0.00486	0.00268	0.00845
19	0.01343	0.53906	0.25350	0.01233	0.05288	0.01849	0.01292	0.01663	0.01127	0.01439	0.00837	0.00980	0.00705	0.00483	0.00409	0.00136	0.00653	0.00334	0.00234	0.00739
20	0.01303	0.04521	0.00918	0.00741	0.00903	0.00689	0.00528	0.01397	0.01079	0.23823	0.03739	0.05390	0.04249	0.42671	0.05409	0.00389	0.00535	0.00727	0.00443	0.00544
21	0.00728	0.00553	0.00670	0.00646	0.00789	0.00495	0.00483	0.00943	0.01434	0.01939	0.52460	0.06726	0.27713	0.01216	0.00645	0.00177	0.00265	0.01054	0.00568	0.00495
22	0.00726	0.00543	0.00676	0.00685	0.00807	0.00493	0.00507	0.00922	0.01358	0.01833	0.41983	0.19969	0.21375	0.01315	0.00659	0.00188	0.00285	0.04633	0.00555	0.00487
23	0.01397	0.42363	0.18817	0.01465	0.08416	0.07855	0.09530	0.01712	0.01183	0.01477	0.00873	0.01050	0.00726	0.00486	0.00446	0.00142	0.00705	0.00376	0.00244	0.00735
24	0.00996	0.00912	0.01230	0.01139	0.01177	0.01167	0.00898	0.01203	0.06053	0.01412	0.01797	0.29970	0.04281	0.01225	0.01274	0.00227	0.43225	0.00895	0.00365	0.00555
25	0.00670	0.00479	0.00638	0.00755	0.00792	0.00447	0.00507	0.00774	0.01070	0.01434	0.06967	0.76402	0.03688	0.01676	0.00693	0.00219	0.00313	0.01520	0.00511	0.00447
26	0.00876	0.00634	0.00771	0.00806	0.00922	0.00627	0.00574	0.05504	0.08849	0.03894	0.08249	0.53187	0.10109	0.01445	0.00660	0.00206	0.00341	0.01286	0.00525	0.00535
27	0.04566	0.05153	0.41323	0.01747	0.12931	0.12669	0.05585	0.04401	0.01281	0.03966	0.01001	0.01178	0.00748	0.00524	0.00513	0.00164	0.00775	0.00419	0.00274	0.00781
28	0.01153	0.00853	0.01168	0.26755	0.05864	0.00986	0.00948	0.08443	0.01242	0.01886	0.01344	0.01670	0.01050	0.00625	0.00571	0.00159	0.06790	0.00495	0.37391	0.00606
29	0.00663	0.00479	0.00628	0.00747	0.00788	0.00444	0.00501	0.00760	0.01055	0.01396	0.03149	0.76173	0.07825	0.01689	0.00693	0.00219	0.00314	0.01527	0.00506	0.00444
30	0.01837	0.08729	0.10659	0.05084	0.04057	0.01311	0.08554	0.19597	0.05546	0.26866	0.01496	0.01491	0.01033	0.00603	0.00535	0.00166	0.00609	0.00502	0.00473	0.00853
31	0.01395	0.01329	0.01698	0.02069	0.32771	0.08376	0.03858	0.02200	0.31947	0.01956	0.01538	0.01635	0.01202	0.00603	0.00537	0.00168	0.00579	0.00534	0.04785	0.00819
32	0.02299	0.00994	0.01285	0.01004	0.01414	0.00921	0.00823	0.07389	0.10083	0.64490	0.02104	0.01840	0.01358	0.00681	0.00549	0.00170	0.00469	0.00552	0.00653	0.00920
33	0.01458	0.01222	0.01290	0.01130	0.01457	0.01404	0.00888	0.13253	0.65932	0.02445	0.02089	0.01931	0.01559	0.00728	0.00553	0.00182	0.00455	0.00598	0.00553	0.00872
34	0.01708	0.29332	0.04982	0.01250	0.01644	0.31945	0.04510	0.08575	0.08212	0.01624	0.00997	0.01099	0.00814	0.00547	0.00461	0.00142	0.00752	0.00383	0.00311	0.00714
35	0.01063	0.19205	0.01286	0.00869	0.01044	0.00976	0.00683	0.03815	0.01142	0.07332	0.02237	0.48980	0.02511	0.01264	0.00658	0.00192	0.04649	0.01087	0.00443	0.00565
36	0.02201	0.01321	0.01509	0.01157	0.01588	0.01385	0.00955	0.50546	0.02219	0.28998	0.01598	0.01497	0.01072	0.00661	0.00546	0.00165	0.00553	0.00511	0.00590	0.00927
37	0.00836	0.00743	0.01314	0.01164	0.01341	0.00696	0.20021	0.01034	0.01123	0.01498	0.02585	0.53990	0.05227	0.01363	0.00683	0.00212	0.00481	0.04721	0.00446	0.00522
38	0.01272	0.01584	0.09810	0.02268	0.05385	0.01366	0.66401	0.01742	0.01273	0.01746	0.01089	0.01438	0.00816	0.00466	0.00629	0.00182	0.00900	0.00617	0.00271	0.00746
39	0.01251	0.00965	0.01143	0.00822	0.01301	0.00734	0.00660	0.01491	0.01170	0.08751	0.01077	0.01197	0.00857	0.00429	0.00417	0.00089	0.00409	0.00344	0.00355	0.76538
40	0.00668	0.00476	0.00631	0.00754	0.00784	0.00446	0.00500	0.00760	0.01036	0.01381	0.02964	0.78025	0.03554	0.04238	0.00762	0.00231	0.00323	0.01526	0.00500	0.00439
41	0.00664	0.00474	0.00633	0.00759	0.00791	0.00443	0.00506	0.00759	0.01044	0.01392	0.03005	0.80485	0.03606	0.01708	0.00696	0.00221	0.00316	0.01550	0.00506	0.00443
42	0.01112	0.06766	0.74230	0.01523	0.02311	0.01311	0.01960	0.01722	0.01149	0.01704	0.00967	0.01137	0.00691	0.00515	0.00509	0.00170	0.00794	0.00397	0.00230	0.00800
43	0.00689	0.00485	0.00625	0.00727	0.00752	0.00460	0.00472	0.00766	0.00995	0.01326	0.02753	0.65424	0.03288	0.17202	0.01103	0.00282	0.00358	0.01402	0.00472	0.00421
44	0.00719	0.00517	0.00682	0.00722	0.00803	0.00479	0.00510	0.00897	0.01299	0.01797	0.40844	0.41489	0.04391	0.01405	0.00669	0.00196	0.00286	0.01262	0.00554	0.00479
45	0.00853	0.00586	0.00817	0.00782	0.00909	0.00602	0.00599	0.01077	0.01236	0.05296	0.38790	0.03102	0.03235	0.03659	0.35395	0.00490	0.00806	0.00784	0.00462	0.00519
46	0.01431	0.00705	0.00927	0.00787	0.01039	0.00624	0.00620	0.01658	0.01522	0.32446	0.40335	0.03294	0.10407	0.00963	0.00605	0.00172	0.00342	0.00826	0.00621	0.00675
47	0.00669	0.00478	0.00637	0.00756	0.00792	0.00446	0.00506	0.00772	0.01068	0.01430	0.06565	0.76816	0.03680	0.01680	0.00693	0.00219	0.00313	0.01523	0.00511	0.00446
48	0.04541	0.00931	0.01253	0.00964	0.01383	0.00812	0.00796	0.02630	0.01544	0.75897	0.02115	0.01831	0.01330	0.00670	0.00543	0.00169	0.00463	0.00542	0.00666	0.00919
49	0.01198	0.01141	0.01940	0.39335	0.42632	0.01256	0.01598	0.01541	0.01170	0.01598	0.00999	0.01399	0.00799	0.00514	0.00542	0.00171	0.00685	0.00485	0.00257	0.00742
50	0.01441	0.77504	0.06372	0.00962	0.01444	0.02116	0.00983	0.01637	0.01110	0.01303	0.00768	0.00887	0.00699	0.00469	0.00358	0.00119	0.00593	0.00297	0.00233	0.00705
51	0.00714	0.00510	0.00689	0.00816	0.00869	0.00485	0.00592	0.00845	0.01093	0.01447	0.02978	0.63333	0.03498	0.01661	0.00709	0.00228	0.00359	0.18214	0.00505	0.00456
52	0.01045	0.01099	0.06087	0.71449	0.03633	0.01222	0.05001	0.01429	0.01103	0.01429	0.00976	0.01437	0.00729	0.00540	0.00548	0.00181	0.00740	0.00487	0.00243	0.00623

[dist]
# distance from previous block
# <min> <max>
0	22

[block]
# block no. 3 follows, 44 sequences, length 39
# corresponding to MSA columns:
# 213-251
name=unknown_D
#
# <colnr> <probs for GDERKNQSTAVLIFYWHMCP>
#	G	D	E	R	K	N	Q	S	T	A	V	L	I	F	Y	W	H	M	C	P
0	0.02111	0.00996	0.01271	0.00961	0.01399	0.00872	0.00789	0.09568	0.01562	0.53235	0.01800	0.01637	0.01185	0.00611	0.00515	0.00148	0.00464	0.00492	0.00582	0.19801
1	0.01350	0.39105	0.36034	0.01252	0.01852	0.08918	0.01423	0.01725	0.01168	0.01484	0.00864	0.01007	0.00696	0.00498	0.00438	0.00144	0.00719	0.00346	0.00236	0.00740
2	0.01170	0.01265	0.02583	0.24474	0.02970	0.01269	0.49124	0.01580	0.01227	0.01626	0.01358	0.01717	0.05879	0.00546	0.00615	0.00183	0.00821	0.00631	0.00281	0.00680
3	0.00698	0.00506	0.00659	0.00723	0.00795	0.00467	0.00503	0.00849	0.01220	0.01658	0.27528	0.50957	0.08424	0.01494	0.00675	0.00203	0.00295	0.01341	0.00537	0.00467
4	0.01093	0.02820	0.78016	0.01554	0.02360	0.01266	0.02014	0.01727	0.01151	0.01727	0.00978	0.01151	0.00691	0.00518	0.00518	0.00173	0.00806	0.00403	0.00230	0.00806
5	0.00947	0.00473	0.00710	0.00710	0.00710	0.00473	0.00473	0.00710	0.00710	0.00947	0.00947	0.01657	0.00947	0.01894	0.02131	0.84138	0.00473	0.00473	0.00237	0.00237
6	0.01356	0.01171	0.01233	0.01109	0.01418	0.01356	0.00863	0.02897	0.76455	0.02281	0.02219	0.02034	0.01664	0.00740	0.00555	0.00185	0.00431	0.00616	0.00555	0.00863
7	0.00672	0.00478	0.00630	0.00749	0.00779	0.00448	0.00496	0.00761	0.01029	0.01372	0.02928	0.75922	0.03509	0.06402	0.00819	0.00240	0.00329	0.01505	0.00496	0.00436
8	0.00691	0.00532	0.00634	0.00677	0.00796	0.00476	0.00495	0.00844	0.01233	0.01590	0.17917	0.30506	0.33906	0.01450	0.00669	0.00199	0.00301	0.06096	0.00524	0.00467
9	0.01060	0.00550	0.00554	0.00539	0.00678	0.00557	0.00408	0.04322	0.01202	0.02090	0.01759	0.02003	0.01378	0.00636	0.00388	0.00129	0.00268	0.00507	0.80447	0.00525
10	0.00664	0.00474	0.00633	0.00759	0.00791	0.00443	0.00506	0.00759	0.01044	0.01392	0.03005	0.80485	0.03606	0.01708	0.00696	0.00221	0.00316	0.01550	0.00506	0.00443
11	0.02446	0.00928	0.01265	0.00970	0.01392	0.00801	0.00801	0.02657	0.01560	0.77817	0.02151	0.01856	0.01350	0.00675	0.00548	0.00169	0.00464	0.00548	0.00675	0.00928
12	0.01014	0.00917	0.01277	0.01143	0.01170	0.01212	0.00912	0.01135	0.00840	0.01258	0.01083	0.01837	0.01098	0.14624	0.23324	0.00462	0.45344	0.00557	0.00268	0.00523
13	0.00664	0.00474	0.00633	0.00759	0.00791	0.00443	0.00506	0.00759	0.01044	0.01392	0.03005	0.80485	0.03606	0.01708	0.00696	0.00221	0.00316	0.01550	0.00506	0.00443
14	0.00793	0.00529	0.00595	0.00595	0.00595	0.00529	0.00330	0.00793	0.00793	0.01057	0.01718	0.03568	0.01982	0.80840	0.02775	0.00529	0.00529	0.00793	0.00330	0.00330
15	0.01349	0.01295	0.02213	0.03346	0.77440	0.01295	0.01673	0.01673	0.01241	0.01781	0.01025	0.01349	0.00864	0.00486	0.00540	0.00162	0.00648	0.00486	0.00270	0.00864
16	0.01222	0.00924	0.03461	0.00897	0.01157	0.00917	0.00729	0.01859	0.25829	0.13144	0.09990	0.03051	0.23901	0.00955	0.00662	0.00182	0.05662	0.00776	0.03994	0.00688
17	0.00684	0.00489	0.00656	0.00782	0.00822	0.00460	0.00541	0.00794	0.01064	0.01414	0.02994	0.73531	0.03562	0.01689	0.00701	0.00224	0.00334	0.08305	0.00506	0.00448
18	0.01206	0.01149	0.01954	0.37541	0.44366	0.01258	0.01602	0.01547	0.01173	0.01607	0.01000	0.01396	0.00802	0.00512	0.00542	0.00171	0.00683	0.00485	0.00257	0.00748
19	0.19064	0.01148	0.01266	0.01080	0.06412	0.01121	0.00810	0.19853	0.02781	0.05708	0.01087	0.01185	0.00834	0.00511	0.00443	0.00131	0.00475	0.00384	0.00397	0.35312
20	0.00819	0.00616	0.00844	0.00823	0.00878	0.00711	0.00600	0.00938	0.00843	0.01195	0.01488	0.02568	0.01528	0.31092	0.45158	0.00698	0.07809	0.00649	0.00301	0.00441
21	0.00664	0.00474	0.00633	0.00759	0.00791	0.00443	0.00506	0.00759	0.01044	0.01392	0.03005	0.80485	0.03606	0.01708	0.00696	0.00221	0.00316	0.01550	0.00506	0.00443
22	0.01206	0.01149	0.01954	0.37541	0.44366	0.01258	0.01602	0.01547	0.01173	0.01607	0.01000	0.01396	0.00802	0.00512	0.00542	0.00171	0.00683	0.00485	0.00257	0.00748
23	0.01415	0.01322	0.01807	0.32014	0.27266	0.08101	0.01426	0.14738	0.03252	0.01898	0.01067	0.01367	0.00827	0.00551	0.00539	0.00168	0.00694	0.00478	0.00316	0.00755
24	0.01650	0.26786	0.05149	0.08702	0.06859	0.36782	0.01144	0.01854	0.01307	0.01369	0.00842	0.01031	0.00714	0.00536	0.00498	0.00143	0.03342	0.00360	0.00258	0.00672
25	0.00681	0.00533	0.00576	0.00599	0.00715	0.00472	0.00412	0.00780	0.01107	0.01366	0.04219	0.18622	0.47081	0.19064	0.01126	0.00267	0.00339	0.01144	0.00467	0.00428
26	0.44013	0.14014	0.01372	0.00917	0.01296	0.01498	0.00778	0.19802	0.07844	0.02487	0.01019	0.01086	0.00782	0.00556	0.00409	0.00160	0.00492	0.00370	0.00390	0.00714
27	0.00799	0.00643	0.00715	0.00731	0.00838	0.03983	0.00518	0.01009	0.04378	0.01677	0.28369	0.29076	0.14948	0.08767	0.00850	0.00222	0.00344	0.01135	0.00514	0.00485
28	0.00928	0.00734	0.00858	0.00796	0.00981	0.00752	0.00606	0.01545	0.23138	0.02147	0.48823	0.03594	0.10882	0.01031	0.00618	0.00177	0.00309	0.00895	0.00578	0.00610
29	0.00784	0.00525	0.00597	0.00606	0.00608	0.00523	0.00342	0.00791	0.00810	0.01079	0.01803	0.08684	0.02090	0.75577	0.02637	0.00508	0.00514	0.00843	0.00342	0.00338
30	0.09497	0.05448	0.10053	0.01366	0.02919	0.42358	0.01143	0.05631	0.01360	0.01590	0.00853	0.01044	0.00707	0.00613	0.00681	0.00163	0.13246	0.00378	0.00285	0.00663
31	0.01626	0.00961	0.01407	0.28805	0.02214	0.01021	0.02938	0.08714	0.01397	0.30158	0.01679	0.10355	0.01311	0.00742	0.00594	0.00180	0.02574	0.00631	0.01952	0.00739
32	0.00659	0.00527	0.00591	0.00629	0.00760	0.00458	0.00451	0.00791	0.01197	0.01494	0.09466	0.30013	0.48106	0.01471	0.00661	0.00196	0.00288	0.01271	0.00512	0.00458
33	0.00766	0.00519	0.00684	0.00756	0.00833	0.00480	0.00532	0.00905	0.01176	0.04691	0.16906	0.56574	0.06840	0.01532	0.00680	0.00210	0.00318	0.04589	0.00530	0.00479
34	0.01166	0.01010	0.01212	0.01005	0.06380	0.00824	0.00735	0.01535	0.08184	0.01824	0.01090	0.01230	0.00891	0.00441	0.00427	0.00096	0.00423	0.00361	0.00341	0.70827
35	0.00707	0.00526	0.00674	0.00750	0.00834	0.00471	0.00513	0.00818	0.01065	0.01433	0.02982	0.68057	0.08240	0.01564	0.00665	0.00206	0.00322	0.01409	0.00489	0.08276
36	0.00664	0.00474	0.00633	0.00759	0.00791	0.00443	0.00506	0.00759	0.01044	0.01392	0.03005	0.80485	0.03606	0.01708	0.00696	0.00221	0.00316	0.01550	0.00506	0.00443
37	0.07024	0.67032	0.02619	0.01100	0.06447	0.05429	0.00965	0.01657	0.01124	0.01396	0.00780	0.00912	0.00703	0.00475	0.00368	0.00124	0.00594	0.00307	0.00245	0.00700
38	0.01205	0.10044	0.65726	0.01467	0.02216	0.01354	0.01840	0.04815	0.01217	0.03822	0.01003	0.01151	0.00719	0.00523	0.00504	0.00167	0.00767	0.00400	0.00256	0.00804

[dist]
# distance from previous block
# <min> <max>
2	6

[block]
# block no. 4 follows, 44 sequences, length 31
# corresponding to MSA columns:
# 258-288
name=unknown_E
#
# <colnr> <probs for GDERKNQSTAVLIFYWHMCP>
#	G	D	E	R	K	N	Q	S	T	A	V	L	I	F	Y	W	H	M	C	P
0	0.08291	0.01285	0.15306	0.00981	0.01476	0.00879	0.00934	0.01825	0.01267	0.24627	0.04997	0.01474	0.01141	0.00549	0.00474	0.00136	0.00490	0.00435	0.00426	0.33008
1	0.01119	0.09686	0.34855	0.07324	0.01888	0.01124	0.01331	0.03641	0.01185	0.03525	0.03509	0.12950	0.01295	0.00698	0.00517	0.00160	0.00612	0.00578	0.00317	0.13684
2	0.01181	0.01154	0.01586	0.01371	0.01402	0.01584	0.01135	0.01420	0.06983	0.01388	0.00883	0.01319	0.00832	0.01129	0.06402	0.00273	0.68584	0.00495	0.00268	0.00611
3	0.01312	0.00677	0.00881	0.00767	0.00997	0.00600	0.00597	0.01530	0.01485	0.27434	0.38946	0.07163	0.13322	0.01031	0.00614	0.00175	0.00332	0.00888	0.00608	0.00643
4	0.01193	0.01097	0.01231	0.01083	0.01365	0.05832	0.06828	0.02142	0.42685	0.01982	0.07295	0.02882	0.16751	0.00893	0.00591	0.00184	0.00467	0.04273	0.00506	0.00720
5	0.01803	0.22377	0.04456	0.01266	0.01614	0.50374	0.01040	0.02082	0.07508	0.01411	0.00938	0.01047	0.00779	0.00551	0.00462	0.00139	0.00831	0.00359	0.00289	0.00674
6	0.00793	0.00529	0.00595	0.00595	0.00595	0.00529	0.00330	0.00793	0.00793	0.01057	0.01718	0.03568	0.01982	0.80840	0.02775	0.00529	0.00529	0.00793	0.00330	0.00330
7	0.02446	0.00928	0.01265	0.00970	0.01392	0.00801	0.00801	0.02657	0.01560	0.77817	0.02151	0.01856	0.01350	0.00675	0.00548	0.00169	0.00464	0.00548	0.00675	0.00928
8	0.01172	0.00794	0.00935	0.00833	0.01064	0.00798	0.00646	0.03760	0.20983	0.12532	0.36027	0.03315	0.12951	0.00979	0.00605	0.00176	0.00343	0.00838	0.00585	0.00666
9	0.01093	0.02820	0.78016	0.01554	0.02360	0.01266	0.02014	0.01727	0.01151	0.01727	0.00978	0.01151	0.00691	0.00518	0.00518	0.00173	0.00806	0.00403	0.00230	0.00806
10	0.01016	0.00508	0.00508	0.00508	0.00635	0.00508	0.00381	0.01270	0.01143	0.02033	0.01778	0.02033	0.01397	0.00635	0.00381	0.00127	0.00254	0.00508	0.83867	0.00508
11	0.00750	0.00510	0.00607	0.00650	0.00660	0.00500	0.00389	0.00782	0.00877	0.01169	0.02150	0.29380	0.02527	0.54285	0.02077	0.00425	0.00457	0.01047	0.00389	0.00368
12	0.27661	0.01160	0.01242	0.00984	0.01384	0.01217	0.00812	0.25803	0.01688	0.30673	0.01451	0.01381	0.00980	0.00616	0.00482	0.00167	0.00495	0.00452	0.00529	0.00824
13	0.00783	0.00566	0.00786	0.00786	0.00852	0.00632	0.00569	0.00915	0.00849	0.01199	0.01543	0.02600	0.01562	0.28778	0.54263	0.00764	0.01161	0.00651	0.00304	0.00436
14	0.00667	0.00523	0.00604	0.00648	0.00767	0.00460	0.00462	0.00803	0.01202	0.01527	0.13106	0.34185	0.40159	0.01475	0.00664	0.00197	0.00289	0.01285	0.00517	0.00460
15	0.02223	0.00878	0.01194	0.00932	0.01315	0.00763	0.00763	0.02440	0.01558	0.67738	0.12146	0.02151	0.01855	0.00733	0.00561	0.00169	0.00436	0.00607	0.00665	0.00873
16	0.01030	0.00969	0.01635	0.79530	0.03755	0.01211	0.01514	0.01393	0.01090	0.01393	0.00969	0.01453	0.00727	0.00545	0.00545	0.00182	0.00727	0.00484	0.00242	0.00606
17	0.01443	0.77946	0.05948	0.00958	0.01439	0.02121	0.00977	0.01636	0.01110	0.01301	0.00767	0.00886	0.00699	0.00469	0.00357	0.00119	0.00592	0.00296	0.00233	0.00704
18	0.00716	0.00529	0.00669	0.00690	0.00795	0.00482	0.00496	0.00901	0.01330	0.01811	0.41317	0.29895	0.15648	0.01354	0.00661	0.00190	0.00280	0.01200	0.00554	0.00482
19	0.01203	0.01148	0.01941	0.37068	0.42556	0.01269	0.01589	0.01538	0.01162	0.01595	0.00991	0.01391	0.00799	0.00526	0.00578	0.00173	0.02989	0.00485	0.00257	0.00741
20	0.01490	0.67928	0.07963	0.01023	0.01494	0.09672	0.01020	0.01693	0.01154	0.01319	0.00782	0.00905	0.00699	0.00479	0.00376	0.00123	0.00638	0.00305	0.00238	0.00700
21	0.01073	0.00937	0.01496	0.08362	0.37255	0.00975	0.01126	0.01291	0.01044	0.01465	0.01282	0.02084	0.01237	0.22165	0.15537	0.00391	0.00773	0.00584	0.00288	0.00634
22	0.16930	0.01335	0.13697	0.20554	0.04312	0.01111	0.04925	0.04026	0.01157	0.04061	0.00985	0.01218	0.00750	0.00498	0.00470	0.00150	0.00593	0.00404	0.00305	0.22519
23	0.01281	0.01340	0.09376	0.21284	0.16639	0.01223	0.08345	0.01658	0.04839	0.03692	0.01138	0.01457	0.00906	0.00590	0.00655	0.00175	0.07103	0.00490	0.00318	0.17489
24	0.00759	0.00514	0.00605	0.00638	0.00646	0.00506	0.00376	0.00784	0.00859	0.01145	0.02055	0.23711	0.02407	0.60117	0.02230	0.00448	0.00473	0.00991	0.00376	0.00360
25	0.00695	0.00512	0.00651	0.00704	0.00790	0.00468	0.00495	0.00848	0.01231	0.01654	0.26748	0.44922	0.15333	0.01471	0.00671	0.00200	0.00292	0.01311	0.00536	0.00468
26	0.01530	0.21484	0.03344	0.12845	0.07944	0.05084	0.02526	0.08499	0.05166	0.14585	0.03611	0.08471	0.01287	0.00681	0.00511	0.00161	0.00580	0.00558	0.00395	0.00738
27	0.00874	0.00607	0.00788	0.00821	0.00912	0.00630	0.00601	0.01115	0.07130	0.04315	0.02259	0.25527	0.02430	0.19689	0.18582	0.00435	0.00662	0.11702	0.00429	0.00489
28	0.00754	0.00563	0.00710	0.00734	0.00865	0.00519	0.00572	0.00963	0.01352	0.01804	0.35165	0.13179	0.21705	0.01331	0.00674	0.00198	0.00324	0.17552	0.00545	0.00491
29	0.00733	0.00543	0.00692	0.00794	0.00853	0.00533	0.00541	0.00971	0.08513	0.01480	0.02927	0.72714	0.03413	0.01612	0.00682	0.00218	0.00328	0.01457	0.00511	0.00484
30	0.08232	0.06287	0.05419	0.02227	0.35391	0.01335	0.10835	0.08648	0.05177	0.07143	0.01214	0.03559	0.00975	0.00560	0.00530	0.00166	0.00630	0.00516	0.00346	0.00811

[dist]
# distance from previous block
# <min> <max>
0	8

[block]
# block no. 5 follows, 44 sequences, length 46
# corresponding to MSA columns:
# 297-342
name=unknown_F
#
# <colnr> <probs for GDERKNQSTAVLIFYWHMCP>
#	G	D	E	R	K	N	Q	S	T	A	V	L	I	F	Y	W	H	M	C	P
0	0.05465	0.00612	0.00744	0.00698	0.00830	0.00589	0.00504	0.02619	0.01201	0.08830	0.25197	0.07348	0.10162	0.13288	0.01179	0.14353	0.00375	0.00805	0.04720	0.00481
1	0.01164	0.00915	0.01617	0.01383	0.05647	0.00857	0.23181	0.02995	0.01332	0.11280	0.18156	0.24460	0.02614	0.00987	0.00639	0.00188	0.00527	0.00950	0.00466	0.00640
2	0.01046	0.00930	0.01512	0.40119	0.16317	0.01060	0.01343	0.01362	0.01162	0.01534	0.01555	0.02853	0.01482	0.00835	0.00635	0.00200	0.02401	0.22708	0.00326	0.00621
3	0.01194	0.04201	0.44096	0.07729	0.04318	0.04167	0.23149	0.01720	0.01201	0.01683	0.01004	0.01258	0.00738	0.00503	0.00552	0.00174	0.00830	0.00476	0.00247	0.00762
4	0.01600	0.10701	0.05521	0.01717	0.02165	0.23455	0.32379	0.10491	0.01472	0.01763	0.00999	0.01227	0.00781	0.00528	0.00581	0.00163	0.02944	0.00489	0.00301	0.00724
5	0.03727	0.11594	0.14197	0.02887	0.01344	0.00996	0.00898	0.01485	0.07939	0.03788	0.32829	0.02508	0.04282	0.00790	0.00539	0.00158	0.00444	0.00660	0.00442	0.08493
6	0.09018	0.13429	0.23099	0.01118	0.01636	0.01257	0.01151	0.10615	0.01423	0.25568	0.01572	0.01543	0.05004	0.00620	0.00496	0.00162	0.00580	0.00472	0.00430	0.00805
7	0.01379	0.01041	0.01235	0.06019	0.01451	0.01152	0.00861	0.33506	0.06043	0.02401	0.11050	0.06241	0.03808	0.01609	0.19291	0.00341	0.00738	0.00656	0.00470	0.00707
8	0.01133	0.00919	0.01013	0.00910	0.01153	0.00990	0.00705	0.08406	0.35351	0.02248	0.27560	0.03061	0.12411	0.00939	0.00595	0.00178	0.00368	0.00797	0.00563	0.00701
9	0.01247	0.01074	0.01475	0.06699	0.02960	0.05547	0.09260	0.06180	0.04022	0.06727	0.14032	0.03627	0.01763	0.06008	0.07043	0.00264	0.19255	0.00635	0.01552	0.00629
10	0.48044	0.01030	0.00998	0.00827	0.01188	0.01092	0.00678	0.08320	0.01272	0.20373	0.06010	0.01369	0.01102	0.00592	0.00429	0.00164	0.00436	0.00418	0.00452	0.05207
11	0.00997	0.00506	0.00515	0.00522	0.00644	0.00505	0.00388	0.01243	0.01138	0.01998	0.01845	0.06267	0.01517	0.00693	0.00398	0.00132	0.00257	0.00564	0.79367	0.00505
12	0.77418	0.01096	0.00875	0.00764	0.01110	0.01264	0.00630	0.08119	0.01072	0.02533	0.00808	0.00923	0.00620	0.00519	0.00356	0.00168	0.00437	0.00312	0.00356	0.00620
13	0.01072	0.01029	0.01756	0.65988	0.07860	0.01254	0.05453	0.01423	0.01093	0.01429	0.00963	0.01432	0.00739	0.00563	0.00629	0.00184	0.05766	0.00493	0.00245	0.00627
14	0.00663	0.00479	0.00627	0.00746	0.00787	0.00444	0.00500	0.00761	0.01056	0.01397	0.03165	0.75698	0.08289	0.01687	0.00693	0.00219	0.00314	0.01524	0.00506	0.00444
15	0.00661	0.00489	0.00618	0.00721	0.00781	0.00446	0.00489	0.00763	0.01081	0.01407	0.03474	0.66470	0.17318	0.01647	0.00686	0.00214	0.00309	0.01475	0.00506	0.00446
16	0.00789	0.00544	0.00674	0.00674	0.00702	0.00572	0.00430	0.00844	0.00816	0.01116	0.01645	0.03164	0.01807	0.59091	0.24284	0.00627	0.00793	0.00734	0.00319	0.00375
17	0.01110	0.02701	0.71431	0.01619	0.02403	0.01276	0.08480	0.01728	0.01163	0.01728	0.00989	0.01179	0.00703	0.00513	0.00529	0.00174	0.00816	0.00424	0.00234	0.00800
18	0.00699	0.00557	0.00631	0.00648	0.00804	0.00490	0.00497	0.00870	0.01287	0.01620	0.18335	0.10236	0.49591	0.01369	0.00661	0.00193	0.00304	0.10213	0.00523	0.00474
19	0.00719	0.00523	0.00688	0.00783	0.00859	0.00491	0.00576	0.00870	0.01164	0.01543	0.12048	0.49428	0.10173	0.01567	0.00697	0.00218	0.00344	0.16328	0.00516	0.00465
20	0.01133	0.01126	0.01638	0.55846	0.03066	0.06248	0.01408	0.01423	0.01058	0.01370	0.00900	0.01361	0.00723	0.00644	0.00840	0.00193	0.19700	0.00474	0.00244	0.00605
21	0.84691	0.01054	0.00801	0.00717	0.01054	0.01223	0.00590	0.01603	0.00928	0.02446	0.00759	0.00886	0.00590	0.00506	0.00337	0.00169	0.00422	0.00295	0.00337	0.00590
22	0.00767	0.00554	0.00725	0.00689	0.00814	0.00512	0.00514	0.01018	0.01524	0.02155	0.74260	0.07053	0.05084	0.01138	0.00645	0.00173	0.00260	0.01008	0.00596	0.00512
23	0.01690	0.01930	0.02179	0.02008	0.15521	0.34677	0.23725	0.08422	0.01502	0.01724	0.00995	0.01225	0.00789	0.00525	0.00551	0.00159	0.00870	0.00476	0.00301	0.00731
24	0.48361	0.04163	0.19948	0.01072	0.01540	0.06182	0.05265	0.01720	0.01073	0.05062	0.00892	0.01028	0.00669	0.00515	0.00417	0.00167	0.00587	0.00355	0.00314	0.00671
25	0.08651	0.01300	0.02511	0.04094	0.07143	0.01298	0.47342	0.01680	0.01210	0.06090	0.01191	0.05629	0.00974	0.00590	0.00706	0.00187	0.07753	0.00627	0.00312	0.00710
26	0.00755	0.00513	0.00606	0.00643	0.00653	0.00503	0.00382	0.00783	0.00867	0.01156	0.02099	0.26333	0.02463	0.57419	0.02160	0.00438	0.00466	0.01017	0.00382	0.00364
27	0.01193	0.01193	0.01670	0.01431	0.01431	0.01670	0.01193	0.01312	0.00835	0.01312	0.00716	0.01193	0.00716	0.00954	0.01789	0.00239	0.79843	0.00477	0.00239	0.00596
28	0.01823	0.01583	0.01522	0.01256	0.01625	0.15869	0.03351	0.32779	0.26352	0.05794	0.01548	0.01513	0.01140	0.00660	0.00542	0.00167	0.00621	0.00513	0.00496	0.00845
29	0.01337	0.00977	0.01035	0.00901	0.01166	0.01069	0.00708	0.19235	0.26898	0.02418	0.07040	0.02218	0.06825	0.00758	0.00514	0.00162	0.00397	0.00616	0.25005	0.00723
30	0.02350	0.00949	0.01262	0.00982	0.01394	0.00850	0.00807	0.02678	0.08154	0.71167	0.02157	0.01871	0.01377	0.00680	0.00549	0.00170	0.00461	0.00554	0.00664	0.00922
31	0.18590	0.01451	0.15263	0.01827	0.24648	0.01179	0.05512	0.04087	0.01276	0.19253	0.01232	0.01340	0.00887	0.00542	0.00503	0.00168	0.00602	0.00455	0.00377	0.00807
32	0.01359	0.29574	0.14453	0.01609	0.06334	0.03511	0.23740	0.05621	0.01277	0.01673	0.03923	0.01281	0.00932	0.00519	0.00525	0.00156	0.02026	0.00469	0.00280	0.00738
33	0.00956	0.00751	0.00836	0.00799	0.00938	0.00813	0.00575	0.01484	0.23857	0.01600	0.02558	0.09008	0.14528	0.25359	0.05465	0.00327	0.03568	0.00818	0.05209	0.00551
34	0.00753	0.00512	0.00676	0.00764	0.00804	0.00494	0.00533	0.00829	0.01010	0.01342	0.03910	0.44578	0.02999	0.16583	0.01231	0.08168	0.00401	0.13549	0.00449	0.00414
35	0.01557	0.01238	0.05935	0.05757	0.04834	0.01121	0.27298	0.09379	0.02652	0.21121	0.01644	0.12069	0.01342	0.00713	0.00599	0.00181	0.00657	0.00697	0.00435	0.00768
36	0.01033	0.00997	0.01687	0.01358	0.01541	0.01101	0.22384	0.01240	0.01062	0.01485	0.08207	0.09616	0.05722	0.15136	0.01368	0.00264	0.24139	0.00763	0.00337	0.00560
37	0.00699	0.00516	0.00651	0.00703	0.00784	0.00480	0.00491	0.00838	0.01165	0.01557	0.20025	0.41413	0.16177	0.06680	0.04973	0.00258	0.00371	0.01255	0.00505	0.00457
38	0.00735	0.00516	0.00665	0.00719	0.00751	0.00522	0.00473	0.00813	0.00916	0.01240	0.02217	0.36086	0.02555	0.32283	0.16544	0.00465	0.00618	0.01075	0.00398	0.00408
39	0.03938	0.09807	0.42690	0.03373	0.02086	0.01375	0.07530	0.12344	0.03510	0.01943	0.01159	0.05730	0.00929	0.00603	0.00522	0.00170	0.00711	0.00495	0.00308	0.00776
40	0.01074	0.00844	0.05216	0.02909	0.01077	0.03506	0.00656	0.03731	0.01379	0.11784	0.20096	0.08044	0.29306	0.01065	0.00596	0.00174	0.00377	0.00898	0.06686	0.00582
41	0.00780	0.00511	0.00684	0.00780	0.00842	0.00475	0.00541	0.00895	0.01103	0.05801	0.05843	0.69552	0.03515	0.01616	0.00688	0.00218	0.00331	0.04832	0.00519	0.00476
42	0.02394	0.00963	0.03446	0.08391	0.01633	0.00953	0.13070	0.05514	0.01358	0.09518	0.22685	0.02788	0.07311	0.03882	0.02390	0.00213	0.07522	0.04896	0.00445	0.00628
43	0.01603	0.11295	0.09111	0.01745	0.06145	0.24183	0.25832	0.10318	0.01473	0.01764	0.00994	0.01204	0.00777	0.00519	0.00536	0.00159	0.00837	0.00469	0.00299	0.00736
44	0.01065	0.08384	0.10856	0.04917	0.14569	0.01061	0.02156	0.03150	0.02274	0.02895	0.09760	0.25580	0.02119	0.00980	0.00690	0.00187	0.07491	0.00839	0.00382	0.00642
45	0.01418	0.22629	0.22733	0.01553	0.10464	0.06408	0.08040	0.04495	0.03057	0.05904	0.01028	0.01186	0.00802	0.00523	0.00518	0.00152	0.02845	0.00416	0.00293	0.05538

[dist]
