[name]
unknown

[dist]
# distance from previous block
# <min> <max>
0	15

[block]
# block no. 0 follows, 51 sequences, length 69
# corresponding to MSA columns:
# 15-83
name=unknown_A
#
# <colnr> <probs for GDERKNQSTAVLIFYWHMCP>
#	G	D	E	R	K	N	Q	S	T	A	V	L	I	F	Y	W	H	M	C	P
0	0.01287	0.78724	0.02482	0.00844	0.01249	0.01873	0.00838	0.01448	0.01005	0.01173	0.00783	0.01036	0.00745	0.00469	0.00334	0.00111	0.00522	0.04232	0.00223	0.00621
1	0.00679	0.04802	0.00692	0.00585	0.00733	0.00519	0.00448	0.00860	0.01248	0.01651	0.43407	0.06777	0.33658	0.01087	0.00568	0.00158	0.00256	0.00933	0.00488	0.00451
2	0.00758	0.00547	0.00730	0.00813	0.00920	0.00536	0.00684	0.00952	0.01102	0.01431	0.06740	0.05134	0.10448	0.09397	0.00845	0.00241	0.00423	0.57422	0.00442	0.00434
3	0.02012	0.01146	0.01332	0.01021	0.01409	0.01181	0.00844	0.45701	0.01924	0.35967	0.01504	0.01390	0.00998	0.00598	0.00493	0.00149	0.00488	0.00465	0.00541	0.00836
4	0.01864	0.01507	0.01464	0.01149	0.01523	0.12241	0.00936	0.67737	0.02186	0.02841	0.01123	0.01140	0.00808	0.00579	0.00485	0.00145	0.00587	0.00425	0.00459	0.00800
5	0.01854	0.01789	0.01440	0.01189	0.01522	0.35388	0.00941	0.45516	0.01918	0.02287	0.01000	0.01054	0.00749	0.00554	0.00471	0.00139	0.00688	0.00389	0.00390	0.00722
6	0.00599	0.00428	0.00570	0.00684	0.00713	0.00399	0.00456	0.00684	0.00941	0.01254	0.02709	0.82409	0.03250	0.01540	0.00627	0.00200	0.00285	0.01397	0.00456	0.00399
7	0.01160	0.01326	0.02900	0.02071	0.02568	0.01243	0.77879	0.01574	0.01160	0.01574	0.00994	0.01326	0.00746	0.00414	0.00580	0.00166	0.00829	0.00580	0.00249	0.00663
8	0.01160	0.01326	0.02900	0.02071	0.02568	0.01243	0.77879	0.01574	0.01160	0.01574	0.00994	0.01326	0.00746	0.00414	0.00580	0.00166	0.00829	0.00580	0.00249	0.00663
9	0.01160	0.01326	0.02900	0.02071	0.02568	0.01243	0.77879	0.01574	0.01160	0.01574	0.00994	0.01326	0.00746	0.00414	0.00580	0.00166	0.00829	0.00580	0.00249	0.00663
10	0.00928	0.00873	0.01474	0.81548	0.03385	0.01092	0.01365	0.01256	0.00983	0.01256	0.00873	0.01310	0.00655	0.00491	0.00491	0.00164	0.00655	0.00437	0.00218	0.00546
11	0.01211	0.00682	0.00785	0.00681	0.00913	0.03431	0.00533	0.01381	0.01285	0.28657	0.19089	0.03316	0.34170	0.00949	0.00546	0.00157	0.00327	0.00793	0.00519	0.00576
12	0.00645	0.00501	0.00588	0.00576	0.00712	0.00444	0.00435	0.00824	0.01248	0.01645	0.41179	0.06147	0.38291	0.01139	0.00585	0.00163	0.00249	0.03692	0.00498	0.00440
13	0.00902	0.00719	0.00835	0.00768	0.00947	0.00761	0.00587	0.01586	0.31672	0.02004	0.49116	0.02952	0.03409	0.00872	0.00548	0.00159	0.00293	0.00758	0.00525	0.00587
14	0.01049	0.17981	0.65296	0.01293	0.01961	0.01295	0.01629	0.01540	0.01030	0.01480	0.00844	0.00990	0.00624	0.00458	0.00438	0.00146	0.00688	0.00344	0.00208	0.00708
15	0.01160	0.01326	0.02900	0.02071	0.02568	0.01243	0.77879	0.01574	0.01160	0.01574	0.00994	0.01326	0.00746	0.00414	0.00580	0.00166	0.00829	0.00580	0.00249	0.00663
16	0.00599	0.00428	0.00570	0.00684	0.00713	0.00399	0.00456	0.00684	0.00941	0.01254	0.02709	0.82409	0.03250	0.01540	0.00627	0.00200	0.00285	0.01397	0.00456	0.00399
17	0.00928	0.00873	0.01474	0.81548	0.03385	0.01092	0.01365	0.01256	0.00983	0.01256	0.00873	0.01310	0.00655	0.00491	0.00491	0.00164	0.00655	0.00437	0.00218	0.00546
18	0.00928	0.00873	0.01474	0.81548	0.03385	0.01092	0.01365	0.01256	0.00983	0.01256	0.00873	0.01310	0.00655	0.00491	0.00491	0.00164	0.00655	0.00437	0.00218	0.00546
19	0.00986	0.02542	0.80183	0.01401	0.02127	0.01141	0.01816	0.01556	0.01038	0.01556	0.00882	0.01038	0.00623	0.00467	0.00467	0.00156	0.00726	0.00363	0.00208	0.00726
20	0.02205	0.00836	0.01140	0.00874	0.01254	0.00722	0.00722	0.02395	0.01407	0.80004	0.01939	0.01673	0.01216	0.00608	0.00494	0.00152	0.00418	0.00494	0.00608	0.00836
21	0.02143	0.00968	0.01197	0.00925	0.01303	0.03726	0.00761	0.13200	0.01535	0.66156	0.01788	0.01574	0.01141	0.00602	0.00492	0.00150	0.00453	0.00480	0.00579	0.00827
22	0.00603	0.00501	0.00529	0.00529	0.00686	0.00427	0.00401	0.00745	0.01154	0.01412	0.13988	0.04632	0.67270	0.01220	0.00585	0.00167	0.00255	0.04009	0.00467	0.00422
23	0.01249	0.33137	0.09412	0.01410	0.01877	0.01447	0.33832	0.01558	0.01109	0.06057	0.03778	0.01197	0.00860	0.00454	0.00462	0.00140	0.00656	0.00444	0.00262	0.00659
24	0.00928	0.00873	0.01474	0.81548	0.03385	0.01092	0.01365	0.01256	0.00983	0.01256	0.00873	0.01310	0.00655	0.00491	0.00491	0.00164	0.00655	0.00437	0.00218	0.00546
25	0.00946	0.00981	0.01920	0.01459	0.01805	0.00912	0.44814	0.01255	0.01157	0.01517	0.05747	0.02843	0.20635	0.00774	0.00594	0.00173	0.00608	0.10956	0.00341	0.00564
26	0.01200	0.01019	0.01105	0.00924	0.01258	0.01065	0.00727	0.06885	0.49894	0.01980	0.01600	0.01540	0.01219	0.00568	0.00457	0.00136	0.00391	0.00467	0.00435	0.27130
27	0.00671	0.00501	0.00623	0.00592	0.00719	0.00453	0.00444	0.00880	0.01333	0.01833	0.63437	0.03898	0.20690	0.01056	0.00580	0.00157	0.00236	0.00921	0.00523	0.00453
28	0.01725	0.01305	0.01394	0.01102	0.01469	0.01457	0.00899	0.61260	0.19310	0.02866	0.01362	0.01325	0.00983	0.00607	0.00493	0.00152	0.00507	0.00468	0.00493	0.00823
29	0.01035	0.03307	0.36657	0.01594	0.02147	0.01125	0.34160	0.01493	0.01124	0.01593	0.08231	0.01495	0.01093	0.00512	0.00527	0.00160	0.00715	0.02103	0.00261	0.00667
30	0.02012	0.01146	0.01332	0.01021	0.01409	0.01181	0.00844	0.45701	0.01924	0.35967	0.01504	0.01390	0.00998	0.00598	0.00493	0.00149	0.00488	0.00465	0.00541	0.00836
31	0.00830	0.00475	0.00536	0.00521	0.00636	0.00460	0.00391	0.01060	0.01172	0.01886	0.32047	0.02552	0.02581	0.00742	0.00436	0.00130	0.00230	0.00627	0.52229	0.00460
32	0.02090	0.07772	0.01298	0.00905	0.01287	0.02476	0.00758	0.09809	0.01462	0.64255	0.01736	0.01535	0.01118	0.00589	0.00478	0.00147	0.00448	0.00466	0.00557	0.00814
33	0.01374	0.36128	0.02225	0.01734	0.29199	0.01452	0.08422	0.01607	0.01107	0.11000	0.00952	0.01100	0.00766	0.00449	0.00423	0.00131	0.00562	0.00383	0.00274	0.00711
34	0.00702	0.00537	0.00666	0.00731	0.00867	0.00501	0.00613	0.00884	0.01127	0.01410	0.03618	0.05195	0.35582	0.01309	0.00637	0.00200	0.00365	0.44165	0.00454	0.00436
35	0.00744	0.00578	0.00775	0.00886	0.07395	0.00545	0.00641	0.00952	0.01213	0.01611	0.28258	0.04367	0.22168	0.01137	0.00606	0.00181	0.00341	0.26663	0.00465	0.00474
36	0.01181	0.01132	0.01931	0.12623	0.70333	0.01158	0.01491	0.01477	0.01102	0.01563	0.00918	0.01228	0.00763	0.00444	0.00487	0.00148	0.00593	0.00438	0.00240	0.00750
37	0.00702	0.00527	0.00790	0.00790	0.00878	0.00614	0.00614	0.00878	0.00790	0.01141	0.01316	0.01931	0.01229	0.03686	0.80782	0.00790	0.01316	0.00527	0.00263	0.00439
38	0.00630	0.00500	0.00566	0.00549	0.00694	0.00436	0.00412	0.00800	0.01236	0.01602	0.36788	0.04277	0.47483	0.01142	0.00580	0.00161	0.00242	0.00974	0.00493	0.00436
39	0.01332	0.01089	0.01157	0.01012	0.01308	0.01244	0.00795	0.11903	0.67008	0.04542	0.01897	0.01748	0.01410	0.00655	0.00499	0.00164	0.00409	0.00540	0.00502	0.00787
40	0.01025	0.06707	0.66570	0.01453	0.02135	0.01197	0.11068	0.01554	0.01050	0.01537	0.00885	0.01059	0.00638	0.00458	0.00473	0.00154	0.00728	0.00384	0.00213	0.00713
41	0.01075	0.01075	0.01505	0.01290	0.01290	0.01505	0.01075	0.01183	0.00753	0.01183	0.00645	0.01075	0.00645	0.00860	0.01613	0.00215	0.81830	0.00430	0.00215	0.00538
42	0.01010	0.02371	0.69307	0.01495	0.02189	0.01156	0.12520	0.01559	0.01055	0.01559	0.00898	0.01078	0.00640	0.00459	0.00483	0.00157	0.00741	0.00394	0.00213	0.00717
43	0.03522	0.01190	0.02375	0.01719	0.02177	0.01111	0.55335	0.01795	0.02845	0.20922	0.01240	0.01409	0.00872	0.00468	0.00550	0.00162	0.00707	0.00551	0.00344	0.00705
44	0.00986	0.02542	0.80183	0.01401	0.02127	0.01141	0.01816	0.01556	0.01038	0.01556	0.00882	0.01038	0.00623	0.00467	0.00467	0.00156	0.00726	0.00363	0.00208	0.00726
45	0.01314	0.83025	0.02575	0.00841	0.01261	0.01945	0.00841	0.01472	0.00999	0.01156	0.00683	0.00788	0.00631	0.00420	0.00315	0.00105	0.00526	0.00263	0.00210	0.00631
46	0.00794	0.00497	0.00648	0.00648	0.00747	0.00547	0.00499	0.00992	0.00893	0.01436	0.01439	0.01889	0.01242	0.02355	0.46403	0.00501	0.00852	0.00497	0.36675	0.00447
47	0.00599	0.00428	0.00570	0.00684	0.00713	0.00399	0.00456	0.00684	0.00941	0.01254	0.02709	0.82409	0.03250	0.01540	0.00627	0.00200	0.00285	0.01397	0.00456	0.00399
48	0.00599	0.00428	0.00570	0.00684	0.00713	0.00399	0.00456	0.00684	0.00941	0.01254	0.02709	0.82409	0.03250	0.01540	0.00627	0.00200	0.00285	0.01397	0.00456	0.00399
49	0.00993	0.00820	0.00929	0.00846	0.01046	0.00907	0.00653	0.01848	0.43342	0.01993	0.35042	0.02596	0.02815	0.00817	0.00568	0.00163	0.02785	0.00694	0.00509	0.00636
50	0.86201	0.00950	0.00722	0.00646	0.00950	0.01102	0.00532	0.01445	0.00836	0.02205	0.00684	0.00798	0.00532	0.00456	0.00304	0.00152	0.00380	0.00266	0.00304	0.00532
51	0.00715	0.00476	0.00536	0.00536	0.00536	0.00476	0.00298	0.00715	0.00715	0.00953	0.01548	0.03216	0.01787	0.82729	0.02501	0.00476	0.00476	0.00715	0.00298	0.00298
52	0.01560	0.01223	0.01301	0.01068	0.01407	0.01380	0.00860	0.42047	0.38790	0.02600	0.01571	0.01492	0.01153	0.00627	0.00496	0.00157	0.00468	0.00496	0.00496	0.00808
53	0.01868	0.01376	0.01475	0.01131	0.01524	0.01524	0.00934	0.78025	0.02311	0.03097	0.01180	0.01180	0.00836	0.00590	0.00492	0.00147	0.00541	0.00442	0.00492	0.00836
54	0.01160	0.01326	0.02900	0.02071	0.02568	0.01243	0.77879	0.01574	0.01160	0.01574	0.00994	0.01326	0.00746	0.00414	0.00580	0.00166	0.00829	0.00580	0.00249	0.00663
55	0.01216	0.01168	0.01995	0.03016	0.79664	0.01168	0.01508	0.01508	0.01119	0.01605	0.00924	0.01216	0.00778	0.00438	0.00487	0.00146	0.00584	0.00438	0.00243	0.00778
56	0.00696	0.00502	0.00657	0.00618	0.00734	0.00464	0.00464	0.00927	0.01391	0.01971	0.79405	0.03671	0.04637	0.01005	0.00580	0.00155	0.00232	0.00889	0.00541	0.00464
57	0.01836	0.02342	0.01393	0.01266	0.01519	0.80756	0.00950	0.01962	0.01393	0.01203	0.00760	0.00886	0.00633	0.00506	0.00443	0.00127	0.00886	0.00317	0.00253	0.00570
58	0.01019	0.00873	0.01019	0.00728	0.01165	0.00655	0.00582	0.01237	0.01019	0.01601	0.00873	0.01019	0.00728	0.00364	0.00364	0.00073	0.00364	0.00291	0.00291	0.85734
59	0.00715	0.00476	0.00536	0.00536	0.00536	0.00476	0.00298	0.00715	0.00715	0.00953	0.01548	0.03216	0.01787	0.82729	0.02501	0.00476	0.00476	0.00715	0.00298	0.00298
60	0.00928	0.00873	0.01474	0.81548	0.03385	0.01092	0.01365	0.01256	0.00983	0.01256	0.00873	0.01310	0.00655	0.00491	0.00491	0.00164	0.00655	0.00437	0.00218	0.00546
61	0.00986	0.02542	0.80183	0.01401	0.02127	0.01141	0.01816	0.01556	0.01038	0.01556	0.00882	0.01038	0.00623	0.00467	0.00467	0.00156	0.00726	0.00363	0.00208	0.00726
62	0.01216	0.01168	0.01995	0.03016	0.79664	0.01168	0.01508	0.01508	0.01119	0.01605	0.00924	0.01216	0.00778	0.00438	0.00487	0.00146	0.00584	0.00438	0.00243	0.00778
63	0.01868	0.01376	0.01475	0.01131	0.01524	0.01524	0.00934	0.78025	0.02311	0.03097	0.01180	0.01180	0.00836	0.00590	0.00492	0.00147	0.00541	0.00442	0.00492	0.00836
64	0.01849	0.01367	0.01464	0.01127	0.01517	0.01515	0.00929	0.75737	0.04631	0.03066	0.01205	0.01200	0.00856	0.00592	0.00492	0.00148	0.00536	0.00446	0.00492	0.00834
65	0.00916	0.00458	0.00458	0.00458	0.00573	0.00458	0.00344	0.01145	0.01031	0.01832	0.01603	0.01832	0.01260	0.00573	0.00344	0.00115	0.00229	0.00458	0.85457	0.00458
66	0.01520	0.01228	0.01427	0.01148	0.01498	0.01365	0.07126	0.37845	0.36648	0.02504	0.01534	0.01486	0.01128	0.00610	0.00503	0.00158	0.00496	0.00505	0.00476	0.00796
67	0.00812	0.00546	0.00648	0.00601	0.00769	0.00485	0.00458	0.01018	0.02917	0.09673	0.38037	0.03880	0.36202	0.01060	0.00570	0.00159	0.00262	0.00905	0.00511	0.00488
68	0.00599	0.00428	0.00570	0.00684	0.00713	0.00399	0.00456	0.00684	0.00941	0.01254	0.02709	0.82409	0.03250	0.01540	0.00627	0.00200	0.00285	0.01397	0.00456	0.00399

[dist]
# distance from previous block
# <min> <max>
0	0

# created by:
# /st0/software/busco_prod/Augustus/scripts/msa2prfl.pl ./align_prep/77016.fa
