[name]
unknown

[dist]
# distance from previous block
# <min> <max>
0	31

[block]
# block no. 0 follows, 43 sequences, length 48
# corresponding to MSA columns:
# 31-78
name=unknown_A
#
# <colnr> <probs for GDERKNQSTAVLIFYWHMCP>
#	G	D	E	R	K	N	Q	S	T	A	V	L	I	F	Y	W	H	M	C	P
0	0.01085	0.00966	0.01523	0.04720	0.38416	0.00962	0.01216	0.01356	0.01244	0.01679	0.02367	0.03355	0.15349	0.01076	0.03906	0.00223	0.00589	0.18907	0.00377	0.00685
1	0.01315	0.01251	0.02126	0.11672	0.65784	0.01278	0.01648	0.01645	0.01245	0.01759	0.01115	0.01588	0.00959	0.00544	0.00558	0.00171	0.00661	0.03569	0.00281	0.00833
2	0.01111	0.00989	0.01422	0.21762	0.15244	0.00938	0.01055	0.01387	0.01148	0.01662	0.01214	0.09654	0.01110	0.00603	0.00503	0.00138	0.00530	0.00532	0.00317	0.38679
3	0.01043	0.00861	0.01428	0.12238	0.01758	0.00826	0.16672	0.01290	0.01205	0.07815	0.02624	0.21928	0.17659	0.01142	0.03463	0.00214	0.00564	0.00938	0.00420	0.05912
4	0.01852	0.01520	0.01441	0.03593	0.05361	0.21608	0.00942	0.13296	0.01588	0.19105	0.01279	0.01325	0.00936	0.00563	0.00501	0.00139	0.00634	0.00427	0.00427	0.23464
5	0.10556	0.01125	0.01642	0.11805	0.30156	0.01154	0.01222	0.02068	0.08323	0.24268	0.01458	0.01551	0.01052	0.00584	0.00531	0.00172	0.00568	0.00504	0.00427	0.00834
6	0.01921	0.04918	0.03880	0.01345	0.01664	0.54153	0.01061	0.14335	0.01660	0.01718	0.00989	0.01153	0.00807	0.00878	0.06939	0.00209	0.00954	0.00400	0.00328	0.00688
7	0.01417	0.01216	0.01459	0.12579	0.14549	0.07871	0.01083	0.15978	0.12337	0.04554	0.07718	0.12217	0.01750	0.00819	0.00582	0.00180	0.00573	0.01933	0.00444	0.00742
8	0.00694	0.00499	0.00643	0.00738	0.00786	0.00464	0.00495	0.00799	0.01095	0.01461	0.09501	0.62808	0.07999	0.08176	0.00874	0.00244	0.00332	0.01437	0.00508	0.00448
9	0.00713	0.00510	0.00688	0.00781	0.00824	0.00505	0.00537	0.00821	0.01011	0.01364	0.02650	0.57341	0.03096	0.09914	0.14306	0.00371	0.00548	0.03112	0.00459	0.00448
10	0.01481	0.80869	0.02902	0.00948	0.01421	0.02191	0.00948	0.01658	0.01125	0.01303	0.00770	0.00888	0.00711	0.00474	0.00355	0.00118	0.00592	0.00296	0.00237	0.00711
11	0.01156	0.01083	0.01776	0.15657	0.47477	0.01109	0.01392	0.01446	0.01219	0.01665	0.01848	0.08465	0.11886	0.00736	0.00577	0.00176	0.00590	0.00679	0.00323	0.00739
12	0.00845	0.00533	0.00713	0.00802	0.00873	0.00497	0.00561	0.00959	0.01112	0.07707	0.02930	0.65808	0.03386	0.04133	0.00766	0.00233	0.00355	0.06774	0.00522	0.00491
13	0.01212	0.01212	0.01696	0.01454	0.01454	0.01696	0.01212	0.01333	0.00848	0.01333	0.00727	0.01212	0.00727	0.00969	0.01818	0.00242	0.79523	0.00485	0.00242	0.00606
14	0.01092	0.01032	0.01745	0.68428	0.14231	0.01243	0.01561	0.01456	0.01129	0.01471	0.00993	0.01462	0.00758	0.00545	0.00553	0.00182	0.00727	0.00492	0.00250	0.00652
15	0.72742	0.01139	0.00935	0.00806	0.01163	0.01310	0.00664	0.12093	0.01179	0.02628	0.00851	0.00961	0.00648	0.00536	0.00373	0.00171	0.00454	0.00328	0.00373	0.00648
16	0.01537	0.00733	0.00982	0.00825	0.01087	0.00652	0.00652	0.01777	0.01575	0.35525	0.43768	0.03140	0.03520	0.00934	0.00611	0.00173	0.00354	0.00805	0.00643	0.00708
17	0.01026	0.00620	0.00818	0.00738	0.00911	0.00564	0.00564	0.01280	0.01570	0.12918	0.66183	0.03817	0.04678	0.01069	0.00640	0.00174	0.00291	0.00938	0.00620	0.00582
18	0.00995	0.00716	0.00971	0.00912	0.01052	0.00803	0.00708	0.11522	0.01173	0.01644	0.07634	0.02168	0.01597	0.03184	0.53220	0.09053	0.01158	0.00602	0.00354	0.00535
19	0.01680	0.01015	0.01191	0.01016	0.01344	0.01059	0.00804	0.02588	0.39472	0.28546	0.12827	0.02297	0.02082	0.00783	0.00574	0.00180	0.00425	0.00655	0.00613	0.00849
20	0.01032	0.00516	0.00516	0.00516	0.00645	0.00516	0.00387	0.01290	0.01161	0.02065	0.01807	0.02065	0.01420	0.00645	0.00387	0.00129	0.00258	0.00516	0.83611	0.00516
21	0.00756	0.00581	0.00710	0.00781	0.00921	0.00535	0.00629	0.00937	0.01238	0.01551	0.04133	0.16633	0.35794	0.01504	0.00708	0.00221	0.00381	0.30995	0.00512	0.00482
22	0.74729	0.01056	0.00870	0.00759	0.01112	0.01192	0.00625	0.01755	0.01019	0.11376	0.00939	0.01017	0.00691	0.00534	0.00368	0.00171	0.00434	0.00330	0.00383	0.00640
23	0.00723	0.00535	0.00675	0.00701	0.00805	0.00487	0.00503	0.00905	0.01334	0.01809	0.38322	0.31784	0.16585	0.01395	0.00673	0.00195	0.00286	0.01236	0.00559	0.00487
24	0.01378	0.01190	0.01252	0.01127	0.01440	0.01378	0.00877	0.02943	0.76081	0.02317	0.02254	0.02066	0.01691	0.00751	0.00564	0.00188	0.00438	0.00626	0.00564	0.00877
25	0.00769	0.00527	0.00689	0.00762	0.00842	0.00486	0.00538	0.00909	0.01193	0.04345	0.15933	0.54674	0.09564	0.01557	0.00691	0.00213	0.00323	0.04963	0.00537	0.00485
26	0.00798	0.00582	0.00849	0.00843	0.00938	0.00652	0.00644	0.00977	0.00975	0.01395	0.12179	0.02497	0.01940	0.06957	0.60729	0.04342	0.01225	0.00656	0.00340	0.00481
27	0.84448	0.01071	0.00814	0.00728	0.01071	0.01242	0.00600	0.01628	0.00943	0.02485	0.00771	0.00900	0.00600	0.00514	0.00343	0.00171	0.00428	0.00300	0.00343	0.00600
28	0.01453	0.01175	0.01248	0.01084	0.01381	0.01331	0.00838	0.18223	0.49540	0.02393	0.01982	0.02129	0.01575	0.12076	0.00882	0.00233	0.00489	0.00624	0.00529	0.00814
29	0.12688	0.00646	0.00809	0.00797	0.00914	0.00726	0.00598	0.01029	0.00892	0.01416	0.01584	0.02358	0.04630	0.16480	0.47903	0.04054	0.01079	0.00608	0.00317	0.00471
30	0.00787	0.00580	0.00777	0.00859	0.00969	0.00570	0.00687	0.00980	0.01184	0.01556	0.07234	0.22717	0.13778	0.01911	0.11758	0.00324	0.00557	0.31795	0.00487	0.00488
31	0.00683	0.00494	0.00648	0.00767	0.00814	0.00459	0.00524	0.00789	0.01084	0.01430	0.03228	0.71670	0.08809	0.01703	0.00706	0.00224	0.00327	0.04674	0.00514	0.00454
32	0.72742	0.01139	0.00935	0.00806	0.01163	0.01310	0.00664	0.12093	0.01179	0.02628	0.00851	0.00961	0.00648	0.00536	0.00373	0.00171	0.00454	0.00328	0.00373	0.00648
33	0.00974	0.00728	0.01052	0.01023	0.01167	0.00768	0.04103	0.03351	0.01269	0.04258	0.15505	0.10796	0.02899	0.01703	0.11838	0.00319	0.07139	0.30086	0.00473	0.00551
34	0.00990	0.00924	0.01505	0.68024	0.03378	0.01122	0.01379	0.01327	0.01129	0.01427	0.01642	0.02024	0.11560	0.00674	0.00568	0.00185	0.00673	0.00588	0.00284	0.00594
35	0.24695	0.00729	0.00813	0.00764	0.00948	0.00787	0.00590	0.01237	0.01147	0.04574	0.26179	0.02547	0.02471	0.07145	0.22667	0.00400	0.00680	0.00657	0.00429	0.00539
36	0.00816	0.00577	0.00866	0.00866	0.00951	0.00662	0.00662	0.00951	0.00866	0.01239	0.01409	0.02105	0.01324	0.03835	0.67458	0.12748	0.01340	0.00577	0.00289	0.00458
37	0.01187	0.01137	0.01752	0.43977	0.13501	0.02640	0.01451	0.03789	0.01115	0.01514	0.00933	0.01379	0.00761	0.00660	0.00889	0.00196	0.21711	0.00488	0.00259	0.00661
38	0.00791	0.00593	0.00890	0.00890	0.00989	0.00692	0.00692	0.00989	0.00890	0.01286	0.01483	0.02176	0.01385	0.04154	0.78341	0.00890	0.01483	0.00593	0.00297	0.00494
39	0.00804	0.00560	0.00723	0.00723	0.00768	0.00602	0.00487	0.00893	0.00848	0.01183	0.01636	0.02981	0.01736	0.46658	0.34695	0.00678	0.00931	0.00710	0.01977	0.00406
40	0.01409	0.01205	0.01270	0.01133	0.01452	0.01392	0.00884	0.06072	0.72901	0.02368	0.02214	0.02034	0.01658	0.00748	0.00563	0.00187	0.00446	0.00621	0.00563	0.00879
41	0.00826	0.00893	0.11671	0.00817	0.01048	0.00629	0.00736	0.01137	0.01500	0.02129	0.63535	0.03757	0.07077	0.01055	0.00635	0.00175	0.00341	0.00923	0.00553	0.00563
42	0.00771	0.00637	0.00686	0.00660	0.00849	0.00589	0.00499	0.01109	0.10207	0.01766	0.22136	0.04659	0.50912	0.01261	0.00643	0.00184	0.00295	0.01065	0.00543	0.00529
43	0.01221	0.01163	0.01977	0.38423	0.43231	0.01276	0.01625	0.01568	0.01190	0.01627	0.01015	0.01420	0.00813	0.00521	0.00551	0.00174	0.00695	0.00493	0.00261	0.00756
44	0.01148	0.00984	0.01148	0.00820	0.01312	0.00738	0.00656	0.01395	0.01148	0.01805	0.00984	0.01148	0.00820	0.00410	0.00410	0.00082	0.00410	0.00328	0.00328	0.83922
45	0.01625	0.03601	0.35027	0.01352	0.01929	0.07557	0.04098	0.02223	0.11972	0.22866	0.01493	0.01488	0.01035	0.00603	0.00539	0.00173	0.00682	0.00483	0.00412	0.00842
46	0.01116	0.01029	0.01718	0.46662	0.24146	0.01170	0.01492	0.01457	0.01175	0.01561	0.01278	0.02125	0.01126	0.00675	0.00582	0.00189	0.00683	0.10851	0.00292	0.00674
47	0.01285	0.01461	0.05537	0.02452	0.17648	0.01337	0.54501	0.01714	0.01282	0.01764	0.01186	0.04968	0.00969	0.00531	0.00630	0.00184	0.00847	0.00654	0.00288	0.00762

[dist]
# distance from previous block
# <min> <max>
0	4

[block]
# block no. 1 follows, 43 sequences, length 11
# corresponding to MSA columns:
# 83-93
name=unknown_B
#
# <colnr> <probs for GDERKNQSTAVLIFYWHMCP>
#	G	D	E	R	K	N	Q	S	T	A	V	L	I	F	Y	W	H	M	C	P
0	0.01562	0.01235	0.04410	0.01732	0.11847	0.05319	0.24183	0.01859	0.01343	0.22821	0.01750	0.16260	0.01510	0.00776	0.00610	0.00184	0.00653	0.00753	0.00435	0.00760
1	0.01578	0.01939	0.41126	0.08962	0.02153	0.01096	0.01530	0.02033	0.01312	0.28200	0.01470	0.01607	0.01016	0.00616	0.00547	0.00177	0.00680	0.02726	0.00402	0.00832
2	0.01177	0.12311	0.60784	0.01579	0.02329	0.01409	0.09462	0.01744	0.01178	0.01701	0.00979	0.01168	0.00717	0.00514	0.00518	0.00170	0.00803	0.00421	0.00239	0.00798
3	0.00793	0.00632	0.00963	0.01097	0.07733	0.00601	0.05752	0.00927	0.01070	0.01441	0.02612	0.60226	0.03058	0.09241	0.00896	0.00247	0.00415	0.01339	0.00459	0.00497
4	0.01223	0.01383	0.09607	0.29094	0.32300	0.01298	0.13827	0.01620	0.01207	0.01663	0.01030	0.01408	0.00806	0.00513	0.00565	0.00176	0.00747	0.00511	0.00262	0.00760
5	0.00831	0.00628	0.00876	0.08995	0.01298	0.00636	0.00818	0.01048	0.01206	0.01557	0.03059	0.22936	0.11283	0.01463	0.00717	0.00233	0.00464	0.40966	0.00484	0.00502
6	0.00668	0.00508	0.00615	0.00701	0.00785	0.00456	0.00483	0.00779	0.01128	0.01441	0.03907	0.55175	0.28111	0.01624	0.00689	0.00212	0.00308	0.01439	0.00514	0.00456
7	0.01244	0.17422	0.42888	0.01727	0.09960	0.01481	0.11283	0.01778	0.04064	0.01697	0.01021	0.01213	0.00778	0.00514	0.00514	0.00165	0.00759	0.00436	0.00257	0.00797
8	0.01383	0.10102	0.54446	0.01400	0.02098	0.01302	0.01685	0.01952	0.04594	0.14108	0.01223	0.01299	0.00856	0.00557	0.00516	0.00170	0.00723	0.00432	0.00323	0.00831
9	0.50345	0.01384	0.08471	0.00941	0.01300	0.08761	0.00825	0.09213	0.01211	0.02287	0.01114	0.09845	0.00999	0.00673	0.00439	0.00174	0.00529	0.00479	0.00367	0.00644
10	0.02211	0.01172	0.01294	0.01030	0.01421	0.09561	0.00835	0.11684	0.01681	0.52118	0.02262	0.02052	0.08623	0.00740	0.00560	0.00169	0.00529	0.00587	0.00607	0.00862

[dist]
# distance from previous block
# <min> <max>
0	8

[block]
# block no. 2 follows, 43 sequences, length 9
# corresponding to MSA columns:
# 102-110
name=unknown_C
#
# <colnr> <probs for GDERKNQSTAVLIFYWHMCP>
#	G	D	E	R	K	N	Q	S	T	A	V	L	I	F	Y	W	H	M	C	P
0	0.01135	0.10740	0.01306	0.00992	0.01146	0.03731	0.00795	0.01287	0.01151	0.07616	0.11161	0.23425	0.07772	0.01119	0.00924	0.00197	0.21589	0.00870	0.00420	0.02624
1	0.01481	0.80869	0.02902	0.00948	0.01421	0.02191	0.00948	0.01658	0.01125	0.01303	0.00770	0.00888	0.00711	0.00474	0.00355	0.00118	0.00592	0.00296	0.00237	0.00711
2	0.01503	0.01400	0.01823	0.02313	0.39704	0.07120	0.01326	0.09980	0.24879	0.02114	0.01439	0.01557	0.01127	0.00598	0.00550	0.00170	0.00609	0.00525	0.00396	0.00866
3	0.02312	0.00907	0.01217	0.00945	0.01351	0.00781	0.00777	0.02519	0.01555	0.70295	0.02508	0.02210	0.08496	0.00753	0.00566	0.00173	0.00453	0.00615	0.00669	0.00898
4	0.01211	0.01402	0.14300	0.01749	0.25050	0.01010	0.01213	0.01550	0.01187	0.01798	0.01004	0.01221	0.00818	0.00455	0.00473	0.00123	0.00556	0.00393	0.00296	0.44191
5	0.01183	0.01890	0.35714	0.01723	0.16652	0.01219	0.01520	0.01930	0.18532	0.01952	0.10650	0.01782	0.01523	0.00647	0.00555	0.00176	0.00630	0.00549	0.00364	0.00807
6	0.00672	0.00492	0.00633	0.00745	0.00796	0.00452	0.00503	0.00774	0.01085	0.01424	0.03368	0.70936	0.12698	0.01694	0.00700	0.00220	0.00316	0.01524	0.00514	0.00452
7	0.01458	0.01322	0.01967	0.02411	0.40755	0.01389	0.06823	0.11055	0.22804	0.02157	0.01429	0.01574	0.01115	0.00586	0.00561	0.00173	0.00610	0.00544	0.00392	0.00875
8	0.09278	0.01224	0.01197	0.01056	0.01325	0.10602	0.00833	0.18918	0.16065	0.02165	0.01472	0.01687	0.01187	0.01704	0.23908	0.00384	0.00850	0.00517	0.04928	0.00703

[dist]
# distance from previous block
# <min> <max>
0	29

# created by:
# /st0/software/busco_prod/Augustus/scripts/msa2prfl.pl ./align_prep/77013.fa
