[name]
unknown

[dist]
# distance from previous block
# <min> <max>
2	623

[block]
# block no. 0 follows, 45 sequences, length 10
# corresponding to MSA columns:
# 627-636
name=unknown_A
#
# <colnr> <probs for GDERKNQSTAVLIFYWHMCP>
#	G	D	E	R	K	N	Q	S	T	A	V	L	I	F	Y	W	H	M	C	P
0	0.08522	0.07591	0.27810	0.05507	0.01809	0.05370	0.01238	0.01973	0.11358	0.14969	0.01284	0.01334	0.00925	0.00556	0.00484	0.00158	0.00610	0.00428	0.00365	0.07711
1	0.01619	0.25175	0.12991	0.01161	0.01610	0.08061	0.01093	0.31764	0.01709	0.02198	0.01167	0.06938	0.00988	0.00639	0.00483	0.00151	0.00626	0.00478	0.00377	0.00771
2	0.01588	0.13152	0.02171	0.01456	0.01910	0.11655	0.23391	0.22898	0.01612	0.02079	0.01043	0.01208	0.00805	0.00514	0.00512	0.00146	0.00705	0.00459	0.00348	0.12348
3	0.01077	0.02777	0.78354	0.01530	0.02323	0.01247	0.01983	0.01700	0.01133	0.01700	0.00963	0.01133	0.00680	0.00510	0.00510	0.00170	0.00793	0.00397	0.00227	0.00793
4	0.01497	0.01209	0.01298	0.01124	0.01449	0.01370	0.00900	0.23575	0.49354	0.02517	0.01984	0.02135	0.01552	0.00767	0.00560	0.00181	0.00478	0.06673	0.00539	0.00838
5	0.01791	0.00877	0.01102	0.00895	0.01219	0.00827	0.00722	0.12312	0.01516	0.42319	0.02526	0.02459	0.15397	0.03978	0.09274	0.00257	0.00552	0.00654	0.00562	0.00760
6	0.01113	0.00954	0.01113	0.00795	0.01272	0.00716	0.00636	0.01352	0.01113	0.01749	0.00954	0.01113	0.00795	0.00398	0.00398	0.00080	0.00398	0.00318	0.00318	0.84417
7	0.00634	0.00544	0.00544	0.00544	0.00725	0.00453	0.00408	0.00770	0.01224	0.01450	0.05438	0.05166	0.77569	0.01359	0.00634	0.00181	0.00272	0.01133	0.00498	0.00453
8	0.01969	0.01216	0.01270	0.01061	0.01417	0.11248	0.00843	0.02639	0.28642	0.40737	0.01973	0.01778	0.01357	0.00673	0.00535	0.00168	0.00512	0.00538	0.00571	0.00852
9	0.25648	0.01526	0.01244	0.01049	0.01401	0.23279	0.00832	0.14104	0.05127	0.14419	0.01161	0.01190	0.00851	0.00570	0.00456	0.00153	0.00607	0.00395	0.00413	0.05575

[dist]
# distance from previous block
# <min> <max>
2	6

[block]
# block no. 1 follows, 45 sequences, length 15
# corresponding to MSA columns:
# 643-657
name=unknown_B
#
# <colnr> <probs for GDERKNQSTAVLIFYWHMCP>
#	G	D	E	R	K	N	Q	S	T	A	V	L	I	F	Y	W	H	M	C	P
0	0.30090	0.01172	0.01736	0.20509	0.02243	0.01275	0.21254	0.09283	0.01238	0.04940	0.00997	0.01244	0.00740	0.00517	0.00493	0.00173	0.00641	0.00458	0.00327	0.00670
1	0.01864	0.01432	0.01349	0.01117	0.01482	0.17630	0.00885	0.15485	0.21178	0.22125	0.01611	0.01531	0.01153	0.00630	0.00516	0.00156	0.00575	0.00486	0.00498	0.08298
2	0.17816	0.01270	0.01343	0.01041	0.01457	0.01344	0.00857	0.42919	0.01909	0.12143	0.01243	0.01252	0.00885	0.00586	0.00480	0.00152	0.00515	0.00432	0.00485	0.11873
3	0.01753	0.01470	0.01601	0.22939	0.02225	0.10208	0.01152	0.47124	0.02011	0.02596	0.01145	0.01292	0.00834	0.00604	0.00531	0.00163	0.00667	0.00466	0.00425	0.00793
4	0.00756	0.00543	0.00727	0.00771	0.00871	0.00514	0.00591	0.00964	0.01315	0.01804	0.38851	0.25687	0.04168	0.01352	0.00674	0.00201	0.00328	0.18857	0.00542	0.00484
5	0.00761	0.00528	0.00638	0.00664	0.00708	0.00513	0.00439	0.00844	0.00993	0.01330	0.13094	0.15639	0.06228	0.45440	0.01812	0.00379	0.00436	0.08746	0.00416	0.00392
6	0.01014	0.00954	0.01610	0.79845	0.03697	0.01193	0.01491	0.01371	0.01073	0.01371	0.00954	0.01431	0.00716	0.00537	0.00537	0.00179	0.00716	0.00477	0.00239	0.00596
7	0.01642	0.01488	0.02028	0.12855	0.02256	0.08313	0.21440	0.35341	0.01812	0.02369	0.01120	0.01319	0.00829	0.00581	0.00611	0.00170	0.04153	0.00511	0.00386	0.00776
8	0.00760	0.00524	0.00579	0.00579	0.00606	0.00511	0.00337	0.00779	0.00844	0.01100	0.02231	0.03751	0.12840	0.69647	0.02430	0.00472	0.00485	0.00831	0.00350	0.00344
9	0.62401	0.01135	0.00978	0.00837	0.01185	0.01301	0.00686	0.15559	0.07637	0.02576	0.00970	0.01045	0.00733	0.00545	0.00388	0.00167	0.00449	0.00353	0.00388	0.00666
10	0.01992	0.01770	0.01565	0.01267	0.01648	0.22602	0.01015	0.51907	0.06389	0.02759	0.01214	0.01242	0.00893	0.00624	0.00523	0.00156	0.00684	0.00453	0.00467	0.00831
11	0.00665	0.00472	0.00620	0.00733	0.00762	0.00443	0.00483	0.00750	0.01006	0.01341	0.02847	0.73988	0.03410	0.08670	0.00865	0.00245	0.00330	0.01460	0.00483	0.00426
12	0.00781	0.00520	0.00585	0.00585	0.00585	0.00520	0.00325	0.00781	0.00781	0.01041	0.01691	0.03513	0.01952	0.81135	0.02732	0.00520	0.00520	0.00781	0.00325	0.00325
13	0.39256	0.01139	0.01357	0.22380	0.02019	0.01305	0.06658	0.16386	0.01305	0.02269	0.00937	0.01151	0.00702	0.00534	0.00451	0.00170	0.00569	0.00406	0.00343	0.00662
14	0.23715	0.01268	0.03097	0.01023	0.01433	0.01316	0.00858	0.35734	0.03627	0.14869	0.01269	0.01266	0.00896	0.00590	0.00473	0.00158	0.00510	0.00431	0.00480	0.06986

[dist]
# distance from previous block
# <min> <max>
7	24

[block]
# block no. 2 follows, 45 sequences, length 8
# corresponding to MSA columns:
# 682-689
name=unknown_C
#
# <colnr> <probs for GDERKNQSTAVLIFYWHMCP>
#	G	D	E	R	K	N	Q	S	T	A	V	L	I	F	Y	W	H	M	C	P
0	0.01697	0.27150	0.13499	0.01133	0.01558	0.07893	0.01088	0.05182	0.01289	0.23093	0.01191	0.01240	0.00880	0.00598	0.00615	0.00156	0.10197	0.00410	0.00370	0.00760
1	0.77278	0.01030	0.00864	0.07919	0.01280	0.01203	0.00664	0.01559	0.00928	0.02314	0.00766	0.00923	0.00594	0.00502	0.00351	0.00167	0.00443	0.00308	0.00324	0.00583
2	0.00767	0.00575	0.00863	0.00863	0.00959	0.00671	0.00671	0.00959	0.00863	0.01246	0.01438	0.02109	0.01342	0.04026	0.79008	0.00863	0.01438	0.00575	0.00288	0.00479
3	0.00760	0.00549	0.00718	0.00675	0.00802	0.00506	0.00506	0.01013	0.01519	0.02153	0.77503	0.04010	0.05065	0.01097	0.00633	0.00169	0.00253	0.00971	0.00591	0.00506
4	0.01077	0.02777	0.78354	0.01530	0.02323	0.01247	0.01983	0.01700	0.01133	0.01700	0.00963	0.01133	0.00680	0.00510	0.00510	0.00170	0.00793	0.00397	0.00227	0.00793
5	0.00781	0.00520	0.00585	0.00585	0.00585	0.00520	0.00325	0.00781	0.00781	0.01041	0.01691	0.03513	0.01952	0.81135	0.02732	0.00520	0.00520	0.00781	0.00325	0.00325
6	0.84927	0.01038	0.00789	0.00706	0.01038	0.01204	0.00581	0.01578	0.00914	0.02408	0.00747	0.00872	0.00581	0.00498	0.00332	0.00166	0.00415	0.00291	0.00332	0.00581
7	0.17702	0.01110	0.01115	0.01035	0.01299	0.07508	0.00868	0.22385	0.01559	0.02239	0.01829	0.03280	0.01788	0.00978	0.00583	0.00198	0.00545	0.32883	0.00457	0.00640

[dist]
# distance from previous block
# <min> <max>
3	13

[block]
# block no. 3 follows, 45 sequences, length 45
# corresponding to MSA columns:
# 703-747
name=unknown_D
#
# <colnr> <probs for GDERKNQSTAVLIFYWHMCP>
#	G	D	E	R	K	N	Q	S	T	A	V	L	I	F	Y	W	H	M	C	P
0	0.01807	0.01685	0.09689	0.01241	0.01662	0.11627	0.01080	0.44991	0.11290	0.04409	0.04202	0.01433	0.01114	0.00646	0.00532	0.00162	0.00626	0.00491	0.00476	0.00839
1	0.72841	0.01147	0.03973	0.00903	0.01275	0.01222	0.08656	0.01598	0.00960	0.02308	0.00792	0.00943	0.00610	0.00494	0.00371	0.00168	0.00482	0.00331	0.00322	0.00605
2	0.01014	0.00954	0.01610	0.79845	0.03697	0.01193	0.01491	0.01371	0.01073	0.01371	0.00954	0.01431	0.00716	0.00537	0.00537	0.00179	0.00716	0.00477	0.00239	0.00596
3	0.01364	0.01168	0.01230	0.01098	0.01407	0.01349	0.00857	0.05868	0.73754	0.02292	0.02148	0.01973	0.01609	0.00725	0.00546	0.00181	0.00432	0.00602	0.00546	0.00852
4	0.00654	0.00467	0.00623	0.00747	0.00779	0.00436	0.00498	0.00747	0.01028	0.01370	0.02959	0.80785	0.03550	0.01682	0.00685	0.00218	0.00311	0.01526	0.00498	0.00436
5	0.84927	0.01038	0.00789	0.00706	0.01038	0.01204	0.00581	0.01578	0.00914	0.02408	0.00747	0.00872	0.00581	0.00498	0.00332	0.00166	0.00415	0.00291	0.00332	0.00581
6	0.01335	0.01153	0.01214	0.01092	0.01396	0.01335	0.00850	0.02852	0.76817	0.02245	0.02185	0.02003	0.01639	0.00728	0.00546	0.00182	0.00425	0.00607	0.00546	0.00850
7	0.00781	0.00520	0.00585	0.00585	0.00585	0.00520	0.00325	0.00781	0.00781	0.01041	0.01691	0.03513	0.01952	0.81135	0.02732	0.00520	0.00520	0.00781	0.00325	0.00325
8	0.02408	0.00914	0.01246	0.00955	0.01370	0.00789	0.00789	0.02616	0.01536	0.78158	0.02118	0.01827	0.01329	0.00664	0.00540	0.00166	0.00457	0.00540	0.00664	0.00914
9	0.84927	0.01038	0.00789	0.00706	0.01038	0.01204	0.00581	0.01578	0.00914	0.02408	0.00747	0.00872	0.00581	0.00498	0.00332	0.00166	0.00415	0.00291	0.00332	0.00581
10	0.00795	0.00542	0.00686	0.00650	0.00776	0.00506	0.00488	0.01047	0.01463	0.02131	0.66567	0.03720	0.04532	0.01029	0.00596	0.00163	0.00253	0.00903	0.12650	0.00506
11	0.00781	0.00520	0.00585	0.00585	0.00585	0.00520	0.00325	0.00781	0.00781	0.01041	0.01691	0.03513	0.01952	0.81135	0.02732	0.00520	0.00520	0.00781	0.00325	0.00325
12	0.01806	0.01141	0.01251	0.00992	0.01335	0.01217	0.00809	0.44757	0.01995	0.13797	0.01536	0.01563	0.01101	0.00642	0.00493	0.00152	0.00477	0.00496	0.23640	0.00799
13	0.01113	0.00954	0.01113	0.00795	0.01272	0.00716	0.00636	0.01352	0.01113	0.01749	0.00954	0.01113	0.00795	0.00398	0.00398	0.00080	0.00398	0.00318	0.00318	0.84417
14	0.00760	0.00549	0.00718	0.00675	0.00802	0.00506	0.00506	0.01013	0.01519	0.02153	0.77503	0.04010	0.05065	0.01097	0.00633	0.00169	0.00253	0.00971	0.00591	0.00506
15	0.02355	0.00999	0.01298	0.00995	0.01413	0.00915	0.00822	0.13210	0.01679	0.67363	0.01998	0.01749	0.01269	0.00661	0.00539	0.00165	0.00476	0.00532	0.00646	0.00913
16	0.00654	0.00467	0.00623	0.00747	0.00779	0.00436	0.00498	0.00747	0.01028	0.01370	0.02959	0.80785	0.03550	0.01682	0.00685	0.00218	0.00311	0.01526	0.00498	0.00436
17	0.02041	0.01504	0.01611	0.01235	0.01665	0.01665	0.01020	0.75997	0.02524	0.03383	0.01289	0.01289	0.00913	0.00644	0.00537	0.00161	0.00591	0.00483	0.00537	0.00913
18	0.00865	0.00618	0.00865	0.00989	0.01112	0.00618	0.00865	0.01112	0.01236	0.01606	0.02842	0.06055	0.03089	0.01483	0.00741	0.00247	0.00494	0.74174	0.00494	0.00494
19	0.00781	0.00520	0.00585	0.00585	0.00585	0.00520	0.00325	0.00781	0.00781	0.01041	0.01691	0.03513	0.01952	0.81135	0.02732	0.00520	0.00520	0.00781	0.00325	0.00325
20	0.02041	0.01504	0.01611	0.01235	0.01665	0.01665	0.01020	0.75997	0.02524	0.03383	0.01289	0.01289	0.00913	0.00644	0.00537	0.00161	0.00591	0.00483	0.00537	0.00913
21	0.02408	0.00914	0.01246	0.00955	0.01370	0.00789	0.00789	0.02616	0.01536	0.78158	0.02118	0.01827	0.01329	0.00664	0.00540	0.00166	0.00457	0.00540	0.00664	0.00914
22	0.00654	0.00467	0.00623	0.00747	0.00779	0.00436	0.00498	0.00747	0.01028	0.01370	0.02959	0.80785	0.03550	0.01682	0.00685	0.00218	0.00311	0.01526	0.00498	0.00436
23	0.00756	0.00549	0.00713	0.00672	0.00800	0.00505	0.00504	0.01006	0.01511	0.02132	0.75432	0.04043	0.07149	0.01105	0.00633	0.00169	0.00254	0.00975	0.00588	0.00505
24	0.00781	0.00520	0.00585	0.00585	0.00585	0.00520	0.00325	0.00781	0.00781	0.01041	0.01691	0.03513	0.01952	0.81135	0.02732	0.00520	0.00520	0.00781	0.00325	0.00325
25	0.00634	0.00544	0.00544	0.00544	0.00725	0.00453	0.00408	0.00770	0.01224	0.01450	0.05438	0.05166	0.77569	0.01359	0.00634	0.00181	0.00272	0.01133	0.00498	0.00453
26	0.01014	0.00954	0.01610	0.79845	0.03697	0.01193	0.01491	0.01371	0.01073	0.01371	0.00954	0.01431	0.00716	0.00537	0.00537	0.00179	0.00716	0.00477	0.00239	0.00596
27	0.00760	0.00549	0.00718	0.00675	0.00802	0.00506	0.00506	0.01013	0.01519	0.02153	0.77503	0.04010	0.05065	0.01097	0.00633	0.00169	0.00253	0.00971	0.00591	0.00506
28	0.84927	0.01038	0.00789	0.00706	0.01038	0.01204	0.00581	0.01578	0.00914	0.02408	0.00747	0.00872	0.00581	0.00498	0.00332	0.00166	0.00415	0.00291	0.00332	0.00581
29	0.00776	0.00538	0.00674	0.00674	0.00705	0.00569	0.00436	0.00838	0.00807	0.01107	0.01610	0.03063	0.01756	0.56415	0.27185	0.00630	0.00815	0.00715	0.00313	0.00375
30	0.00637	0.00533	0.00555	0.00573	0.00733	0.00451	0.00421	0.00767	0.01195	0.01439	0.05080	0.16084	0.66882	0.01406	0.00642	0.00187	0.00278	0.01190	0.00498	0.00451
31	0.00760	0.00549	0.00718	0.00675	0.00802	0.00506	0.00506	0.01013	0.01519	0.02153	0.77503	0.04010	0.05065	0.01097	0.00633	0.00169	0.00253	0.00971	0.00591	0.00506
32	0.84927	0.01038	0.00789	0.00706	0.01038	0.01204	0.00581	0.01578	0.00914	0.02408	0.00747	0.00872	0.00581	0.00498	0.00332	0.00166	0.00415	0.00291	0.00332	0.00581
33	0.02005	0.02558	0.01521	0.01383	0.01659	0.78980	0.01037	0.02143	0.01521	0.01314	0.00830	0.00968	0.00691	0.00553	0.00484	0.00138	0.00968	0.00346	0.00277	0.00622
34	0.02408	0.00914	0.01246	0.00955	0.01370	0.00789	0.00789	0.02616	0.01536	0.78158	0.02118	0.01827	0.01329	0.00664	0.00540	0.00166	0.00457	0.00540	0.00664	0.00914
35	0.84927	0.01038	0.00789	0.00706	0.01038	0.01204	0.00581	0.01578	0.00914	0.02408	0.00747	0.00872	0.00581	0.00498	0.00332	0.00166	0.00415	0.00291	0.00332	0.00581
36	0.00689	0.00470	0.00610	0.00722	0.00763	0.00443	0.00486	0.00798	0.01038	0.01434	0.02837	0.72822	0.03331	0.01575	0.00654	0.00209	0.00305	0.01422	0.08949	0.00443
37	0.00824	0.00634	0.00898	0.00886	0.01003	0.00738	0.00689	0.01150	0.08539	0.01347	0.01513	0.02098	0.01372	0.03693	0.71078	0.00794	0.01335	0.00578	0.00314	0.00517
38	0.00766	0.00773	0.08529	0.00735	0.00940	0.00570	0.00636	0.01033	0.01420	0.01964	0.55127	0.03954	0.19351	0.01091	0.00621	0.00171	0.00312	0.00946	0.00535	0.00525
39	0.01444	0.01129	0.01217	0.01079	0.01393	0.01280	0.00844	0.02828	0.69208	0.09918	0.02178	0.01985	0.01607	0.00722	0.00546	0.00180	0.00428	0.00600	0.00558	0.00856
40	0.00679	0.00484	0.00646	0.00768	0.00807	0.00457	0.00531	0.00785	0.01042	0.01386	0.02915	0.71278	0.03463	0.03671	0.00743	0.00229	0.00335	0.08850	0.00494	0.00439
41	0.00675	0.00482	0.00647	0.00772	0.00812	0.00454	0.00535	0.00784	0.01049	0.01394	0.02947	0.73232	0.03504	0.01662	0.00691	0.00221	0.00330	0.08868	0.00498	0.00442
42	0.01345	0.01454	0.03010	0.02159	0.02690	0.01389	0.68275	0.09227	0.01394	0.01888	0.01106	0.01432	0.00824	0.00472	0.00624	0.00179	0.00873	0.00618	0.00298	0.00743
43	0.00904	0.00726	0.00680	0.00666	0.00694	0.08450	0.00397	0.00918	0.00855	0.01068	0.01604	0.03256	0.01824	0.72991	0.02505	0.00482	0.00566	0.00737	0.00320	0.00355
44	0.00757	0.00531	0.00651	0.00668	0.00770	0.00484	0.00469	0.00901	0.01207	0.04230	0.25774	0.28609	0.20242	0.11137	0.00904	0.00230	0.00316	0.01146	0.00511	0.00464

[dist]
# distance from previous block
# <min> <max>
0	158

[block]
# block no. 4 follows, 45 sequences, length 17
# corresponding to MSA columns:
# 906-922
name=unknown_E
#
# <colnr> <probs for GDERKNQSTAVLIFYWHMCP>
#	G	D	E	R	K	N	Q	S	T	A	V	L	I	F	Y	W	H	M	C	P
0	0.00667	0.00545	0.00589	0.00578	0.00745	0.00467	0.00433	0.00833	0.01300	0.01632	0.24115	0.04866	0.58778	0.01292	0.00634	0.00178	0.00267	0.01091	0.00522	0.00467
1	0.02408	0.00914	0.01246	0.00955	0.01370	0.00789	0.00789	0.02616	0.01536	0.78158	0.02118	0.01827	0.01329	0.00664	0.00540	0.00166	0.00457	0.00540	0.00664	0.00914
2	0.00767	0.00575	0.00863	0.00863	0.00959	0.00671	0.00671	0.00959	0.00863	0.01246	0.01438	0.02109	0.01342	0.04026	0.79008	0.00863	0.01438	0.00575	0.00288	0.00479
3	0.13822	0.00662	0.00780	0.00728	0.00913	0.00641	0.00558	0.01264	0.01340	0.12011	0.40317	0.13847	0.07227	0.01051	0.00585	0.00177	0.00319	0.02659	0.00541	0.00559
4	0.00634	0.00544	0.00544	0.00544	0.00725	0.00453	0.00408	0.00770	0.01224	0.01450	0.05438	0.05166	0.77569	0.01359	0.00634	0.00181	0.00272	0.01133	0.00498	0.00453
5	0.00654	0.00467	0.00623	0.00747	0.00779	0.00436	0.00498	0.00747	0.01028	0.01370	0.02959	0.80785	0.03550	0.01682	0.00685	0.00218	0.00311	0.01526	0.00498	0.00436
6	0.01111	0.00590	0.00783	0.00788	0.00930	0.00531	0.00569	0.01242	0.01187	0.21303	0.05421	0.53697	0.06940	0.01381	0.00643	0.00201	0.00345	0.01231	0.00545	0.00563
7	0.00781	0.00520	0.00585	0.00585	0.00585	0.00520	0.00325	0.00781	0.00781	0.01041	0.01691	0.03513	0.01952	0.81135	0.02732	0.00520	0.00520	0.00781	0.00325	0.00325
8	0.01159	0.00975	0.01061	0.01003	0.01236	0.01102	0.00759	0.02307	0.57174	0.02019	0.02385	0.22421	0.02134	0.00975	0.00582	0.00191	0.00395	0.00845	0.00534	0.00742
9	0.00787	0.00567	0.00756	0.00757	0.00882	0.00535	0.00599	0.01039	0.01446	0.02011	0.58153	0.04540	0.04553	0.01197	0.00661	0.00189	0.00316	0.19943	0.00566	0.00503
10	0.02176	0.01007	0.01253	0.00972	0.01361	0.00962	0.00799	0.19461	0.01722	0.52909	0.01888	0.01721	0.01237	0.00656	0.00522	0.00161	0.00466	0.00523	0.09335	0.00870
11	0.01714	0.01249	0.01345	0.01067	0.01385	0.01368	0.00840	0.56503	0.02072	0.02776	0.01393	0.01865	0.01182	0.21505	0.01106	0.00254	0.00572	0.00560	0.00482	0.00761
12	0.00909	0.00705	0.00846	0.00783	0.00956	0.00721	0.00595	0.01490	0.21035	0.02177	0.57983	0.03490	0.04177	0.01002	0.00611	0.00172	0.00298	0.00876	0.00579	0.00595
13	0.01087	0.00669	0.00685	0.00654	0.00825	0.00717	0.00498	0.01666	0.20743	0.02065	0.01863	0.02002	0.01444	0.00652	0.00420	0.00140	0.00295	0.00528	0.62456	0.00591
14	0.02073	0.00924	0.01211	0.00914	0.01345	0.00770	0.00749	0.02288	0.01427	0.58355	0.01816	0.01642	0.01190	0.00595	0.00503	0.00144	0.00441	0.00482	0.00575	0.22555
15	0.01094	0.00640	0.00726	0.00650	0.00892	0.00540	0.00507	0.01249	0.01305	0.21331	0.04577	0.04301	0.57809	0.01179	0.00610	0.00177	0.00320	0.00979	0.00541	0.00572
16	0.02041	0.01504	0.01611	0.01235	0.01665	0.01665	0.01020	0.75997	0.02524	0.03383	0.01289	0.01289	0.00913	0.00644	0.00537	0.00161	0.00591	0.00483	0.00537	0.00913

[dist]
# distance from previous block
# <min> <max>
7	237

[block]
# block no. 5 follows, 45 sequences, length 17
# corresponding to MSA columns:
# 1160-1176
name=unknown_F
#
# <colnr> <probs for GDERKNQSTAVLIFYWHMCP>
#	G	D	E	R	K	N	Q	S	T	A	V	L	I	F	Y	W	H	M	C	P
0	0.00765	0.00586	0.00725	0.00795	0.00944	0.00546	0.00666	0.00964	0.01230	0.01538	0.03970	0.05669	0.35461	0.01429	0.00695	0.00219	0.00398	0.42427	0.00496	0.00476
1	0.37271	0.00759	0.00650	0.00614	0.00861	0.00780	0.00483	0.01121	0.01089	0.01867	0.03399	0.03300	0.44107	0.00985	0.00503	0.00175	0.00334	0.00767	0.00426	0.00509
2	0.01664	0.01360	0.01625	0.01311	0.01554	0.01656	0.01087	0.43527	0.01784	0.02474	0.01035	0.01239	0.00822	0.00773	0.01069	0.00193	0.35172	0.00477	0.00406	0.00771
3	0.00903	0.00778	0.01222	0.45435	0.02439	0.00894	0.01063	0.01216	0.01267	0.01711	0.34226	0.02552	0.02606	0.00780	0.00579	0.00175	0.00515	0.00692	0.00392	0.00557
4	0.01332	0.01206	0.01633	0.02050	0.34598	0.01309	0.01196	0.02329	0.43960	0.02032	0.01674	0.01710	0.01296	0.00620	0.00540	0.00172	0.00517	0.00551	0.00424	0.00850
5	0.00700	0.00503	0.00664	0.00716	0.00789	0.00467	0.00502	0.00863	0.01241	0.01710	0.35359	0.47415	0.04209	0.01428	0.00663	0.00197	0.00286	0.01285	0.00539	0.00467
6	0.84927	0.01038	0.00789	0.00706	0.01038	0.01204	0.00581	0.01578	0.00914	0.02408	0.00747	0.00872	0.00581	0.00498	0.00332	0.00166	0.00415	0.00291	0.00332	0.00581
7	0.01174	0.35800	0.01714	0.00840	0.01176	0.01249	0.00725	0.01343	0.01107	0.04690	0.03203	0.22983	0.01625	0.00804	0.00465	0.00139	0.00450	0.00661	0.00350	0.19504
8	0.01232	0.36975	0.45521	0.01264	0.01912	0.01628	0.01520	0.01660	0.01115	0.01510	0.00869	0.01015	0.00684	0.00488	0.00438	0.00146	0.00698	0.00349	0.00228	0.00748
9	0.01065	0.35699	0.01554	0.00730	0.00930	0.01217	0.00583	0.01140	0.00915	0.01137	0.01281	0.02360	0.01403	0.46070	0.01694	0.00344	0.00544	0.00566	0.00284	0.00483
10	0.48638	0.35992	0.01669	0.00798	0.01186	0.01604	0.00728	0.01591	0.00991	0.01911	0.00747	0.00867	0.00628	0.00481	0.00338	0.00144	0.00484	0.00289	0.00288	0.00628
11	0.48344	0.00825	0.00758	0.00693	0.00935	0.00901	0.00549	0.01332	0.01177	0.02297	0.34109	0.02236	0.02530	0.00759	0.00463	0.00167	0.00345	0.00586	0.00445	0.00549
12	0.01656	0.02002	0.34932	0.01337	0.01923	0.01401	0.01417	0.36859	0.01827	0.09627	0.01225	0.01271	0.00850	0.00588	0.00526	0.00165	0.00666	0.00451	0.00414	0.00861
13	0.00827	0.01514	0.34363	0.00972	0.01420	0.00798	0.01093	0.01174	0.01184	0.01559	0.03493	0.03413	0.44150	0.00990	0.00580	0.00176	0.00499	0.00813	0.00380	0.00601
14	0.48886	0.01699	0.01107	0.01000	0.01308	0.35009	0.00779	0.01824	0.01178	0.01933	0.00783	0.00914	0.00629	0.00522	0.00398	0.00154	0.00656	0.00315	0.00308	0.00599
15	0.01368	0.01224	0.01653	0.02057	0.34612	0.01326	0.01205	0.06044	0.40187	0.02090	0.01629	0.01673	0.01259	0.00615	0.00539	0.00171	0.00526	0.00545	0.00424	0.00853
16	0.00810	0.00679	0.01052	0.35126	0.02047	0.00765	0.00930	0.01019	0.01048	0.01371	0.02087	0.46294	0.02318	0.01184	0.00621	0.00201	0.00487	0.01070	0.00385	0.00506

[dist]
# distance from previous block
# <min> <max>
0	155

[block]
# block no. 6 follows, 45 sequences, length 29
# corresponding to MSA columns:
# 1332-1360
name=unknown_G
#
# <colnr> <probs for GDERKNQSTAVLIFYWHMCP>
#	G	D	E	R	K	N	Q	S	T	A	V	L	I	F	Y	W	H	M	C	P
0	0.00751	0.00508	0.00594	0.00624	0.00631	0.00500	0.00366	0.00773	0.00839	0.01119	0.01992	0.21828	0.02330	0.62303	0.02247	0.00449	0.00471	0.00957	0.00366	0.00352
1	0.01166	0.00614	0.00742	0.00673	0.00771	0.00584	0.00435	0.01216	0.00960	0.19319	0.01792	0.03113	0.01804	0.62062	0.02213	0.00436	0.00505	0.00724	0.00406	0.00465
2	0.00715	0.00506	0.00630	0.00672	0.00725	0.00478	0.00445	0.00821	0.01083	0.01464	0.20393	0.35910	0.07503	0.24692	0.01267	0.00293	0.00356	0.01156	0.00470	0.00421
3	0.01988	0.00826	0.01079	0.00858	0.01217	0.00709	0.00699	0.02179	0.01462	0.59977	0.02905	0.02618	0.19399	0.00829	0.00562	0.00170	0.00413	0.00680	0.00625	0.00804
4	0.01680	0.02081	0.01290	0.01184	0.01438	0.60368	0.00888	0.01818	0.01451	0.01346	0.01922	0.01963	0.18913	0.00744	0.00520	0.00148	0.00803	0.00532	0.00329	0.00582
5	0.01042	0.01024	0.00890	0.00829	0.00997	0.19100	0.00622	0.01255	0.01488	0.01879	0.51668	0.03412	0.11737	0.00996	0.00598	0.00163	0.00425	0.00840	0.00507	0.00528
6	0.00785	0.00565	0.00752	0.00750	0.00875	0.00533	0.00591	0.01036	0.01452	0.02023	0.59807	0.04494	0.04597	0.01189	0.00659	0.00187	0.00310	0.18321	0.00568	0.00504
7	0.64953	0.00903	0.00750	0.00716	0.00977	0.01022	0.00562	0.01381	0.00941	0.02162	0.01272	0.19813	0.01285	0.00779	0.00416	0.00178	0.00391	0.00583	0.00372	0.00547
8	0.01576	0.00832	0.00935	0.00779	0.01044	0.00839	0.00623	0.18953	0.01548	0.20373	0.01731	0.01794	0.01257	0.00639	0.00452	0.00143	0.00378	0.00506	0.44904	0.00694
9	0.30364	0.01042	0.01311	0.01424	0.19369	0.01046	0.00921	0.02032	0.01249	0.34151	0.01387	0.01382	0.00960	0.00563	0.00467	0.00165	0.00485	0.00440	0.00456	0.00785
10	0.00809	0.00530	0.00743	0.00838	0.00900	0.00520	0.00645	0.00890	0.01037	0.01366	0.02429	0.30556	0.02736	0.01641	0.01044	0.20179	0.00425	0.31867	0.00434	0.00412
11	0.02152	0.00999	0.01467	0.01510	0.19482	0.00904	0.00992	0.02386	0.01462	0.60049	0.01855	0.01709	0.01215	0.00620	0.00538	0.00165	0.00500	0.00525	0.00570	0.00899
12	0.00762	0.00693	0.00805	0.00749	0.00887	0.00735	0.00590	0.00894	0.01128	0.01413	0.04316	0.04220	0.59351	0.01260	0.00902	0.00194	0.19205	0.00976	0.00436	0.00485
13	0.01613	0.01209	0.01321	0.01100	0.01417	0.01327	0.00873	0.47952	0.12539	0.02747	0.01810	0.20230	0.01639	0.00902	0.00573	0.00178	0.00501	0.00748	0.00529	0.00791
14	0.65038	0.01018	0.00984	0.19463	0.01668	0.01201	0.00797	0.01529	0.00951	0.02163	0.00796	0.01005	0.00613	0.00507	0.00381	0.00169	0.00486	0.00335	0.00310	0.00585
15	0.01001	0.00500	0.00500	0.00500	0.00625	0.00500	0.00375	0.01251	0.01126	0.02001	0.01751	0.02001	0.01376	0.00625	0.00375	0.00125	0.00250	0.00500	0.84115	0.00500
16	0.01533	0.01019	0.01161	0.01007	0.01317	0.01097	0.00792	0.02568	0.48784	0.21200	0.11396	0.02205	0.01981	0.00758	0.00555	0.00176	0.00412	0.00635	0.00581	0.00824
17	0.01077	0.02777	0.78354	0.01530	0.02323	0.01247	0.01983	0.01700	0.01133	0.01700	0.00963	0.01133	0.00680	0.00510	0.00510	0.00170	0.00793	0.00397	0.00227	0.00793
18	0.61446	0.01003	0.00919	0.00777	0.01133	0.01086	0.00640	0.01873	0.01091	0.23963	0.01137	0.01144	0.00794	0.00546	0.00391	0.00166	0.00427	0.00362	0.00427	0.00676
19	0.00717	0.00558	0.00665	0.00718	0.00860	0.00506	0.00571	0.00889	0.01217	0.01524	0.07721	0.14925	0.40912	0.01427	0.00675	0.00206	0.00347	0.24594	0.00502	0.00467
20	0.00776	0.00580	0.00747	0.00836	0.00965	0.00551	0.00694	0.00974	0.01208	0.01535	0.03587	0.14382	0.24118	0.01471	0.00705	0.00225	0.00411	0.45265	0.00496	0.00476
21	0.01538	0.21754	0.09679	0.01490	0.01979	0.07099	0.23419	0.21376	0.01566	0.02023	0.02482	0.01243	0.00869	0.00530	0.00513	0.00155	0.00720	0.00470	0.00333	0.00760
22	0.01960	0.05643	0.01566	0.01347	0.01639	0.69783	0.01025	0.05316	0.04244	0.01434	0.00895	0.01015	0.00735	0.00560	0.00483	0.00140	0.00916	0.00359	0.00296	0.00646
23	0.00781	0.00520	0.00585	0.00585	0.00585	0.00520	0.00325	0.00781	0.00781	0.01041	0.01691	0.03513	0.01952	0.81135	0.02732	0.00520	0.00520	0.00781	0.00325	0.00325
24	0.84927	0.01038	0.00789	0.00706	0.01038	0.01204	0.00581	0.01578	0.00914	0.02408	0.00747	0.00872	0.00581	0.00498	0.00332	0.00166	0.00415	0.00291	0.00332	0.00581
25	0.01242	0.03952	0.03036	0.00832	0.01310	0.00787	0.00693	0.01484	0.01151	0.08681	0.01053	0.01169	0.00837	0.00427	0.00411	0.00091	0.00419	0.00339	0.00344	0.71743
26	0.43724	0.04530	0.03307	0.07240	0.01475	0.08790	0.00834	0.08895	0.12895	0.02222	0.01052	0.01147	0.00805	0.00555	0.00421	0.00164	0.00528	0.00381	0.00365	0.00670
27	0.65483	0.14672	0.03024	0.00783	0.01151	0.01379	0.00690	0.04586	0.01014	0.02237	0.00774	0.00893	0.00615	0.00498	0.00347	0.00157	0.00458	0.00300	0.00321	0.00618
28	0.16412	0.04304	0.01146	0.03465	0.01209	0.01067	0.00801	0.04286	0.00984	0.05668	0.01166	0.01593	0.01023	0.02251	0.37632	0.00504	0.15121	0.00483	0.00312	0.00571

[dist]
# distance from previous block
# <min> <max>
2	7

[block]
# block no. 7 follows, 45 sequences, length 60
# corresponding to MSA columns:
# 1368-1427
name=unknown_H
#
# <colnr> <probs for GDERKNQSTAVLIFYWHMCP>
#	G	D	E	R	K	N	Q	S	T	A	V	L	I	F	Y	W	H	M	C	P
0	0.43965	0.03112	0.01172	0.00979	0.03598	0.03642	0.00776	0.17062	0.01389	0.16445	0.01120	0.01156	0.00804	0.00568	0.00452	0.00164	0.02059	0.00387	0.00427	0.00723
1	0.01199	0.00943	0.01101	0.00964	0.01140	0.01066	0.00736	0.18166	0.13321	0.01916	0.05669	0.07626	0.03143	0.20303	0.07476	0.00319	0.11140	0.00685	0.00422	0.02668
2	0.00651	0.00494	0.00596	0.00676	0.00756	0.00444	0.00464	0.00756	0.01086	0.01389	0.03745	0.53968	0.27907	0.03522	0.00719	0.00213	0.00304	0.01378	0.00494	0.00439
3	0.01158	0.01262	0.13476	0.02844	0.06105	0.00847	0.00935	0.01464	0.01135	0.04078	0.00995	0.01158	0.00795	0.00432	0.00431	0.00104	0.00484	0.00351	0.00309	0.61639
4	0.03999	0.74379	0.02679	0.00935	0.01384	0.04152	0.00915	0.03962	0.01142	0.01366	0.00766	0.00878	0.00693	0.00469	0.00354	0.00118	0.00580	0.00295	0.00244	0.00691
5	0.84927	0.01038	0.00789	0.00706	0.01038	0.01204	0.00581	0.01578	0.00914	0.02408	0.00747	0.00872	0.00581	0.00498	0.00332	0.00166	0.00415	0.00291	0.00332	0.00581
6	0.01210	0.09530	0.01694	0.33520	0.14223	0.02764	0.01220	0.03272	0.12393	0.01645	0.01128	0.01383	0.00886	0.00531	0.00496	0.00154	0.00602	0.00452	0.00306	0.12591
7	0.00932	0.00466	0.00699	0.00699	0.00699	0.00466	0.00466	0.00699	0.00699	0.00932	0.00932	0.01632	0.00932	0.01865	0.02098	0.84382	0.00466	0.00466	0.00233	0.00233
8	0.00912	0.00482	0.00716	0.00716	0.00732	0.00495	0.00491	0.00748	0.00732	0.01002	0.01021	0.01705	0.00999	0.02124	0.12401	0.71023	0.00591	0.00482	0.02355	0.00273
9	0.01072	0.00958	0.01543	0.70566	0.03396	0.01178	0.01397	0.05636	0.01160	0.01525	0.01021	0.01457	0.00767	0.00548	0.00527	0.00175	0.00680	0.00479	0.05307	0.00609
10	0.00781	0.00520	0.00585	0.00585	0.00585	0.00520	0.00325	0.00781	0.00781	0.01041	0.01691	0.03513	0.01952	0.81135	0.02732	0.00520	0.00520	0.00781	0.00325	0.00325
11	0.00789	0.00503	0.00673	0.00761	0.00824	0.00465	0.00520	0.00896	0.01082	0.07147	0.05327	0.72367	0.03433	0.01586	0.00673	0.00213	0.00320	0.01434	0.00514	0.00474
12	0.00884	0.00691	0.00848	0.00817	0.00955	0.00759	0.00609	0.01342	0.18190	0.01536	0.08551	0.02811	0.09772	0.16280	0.32964	0.00518	0.00824	0.00710	0.00401	0.00536
13	0.01508	0.00989	0.01042	0.00858	0.01132	0.01068	0.00690	0.37689	0.01807	0.02675	0.01526	0.01654	0.01150	0.00635	0.00454	0.00143	0.00416	0.00492	0.43372	0.00701
14	0.01852	0.01410	0.01505	0.01197	0.01593	0.01577	0.00975	0.56442	0.22386	0.03079	0.01528	0.01480	0.01107	0.00667	0.00539	0.00167	0.00546	0.00516	0.00539	0.00896
15	0.04179	0.00810	0.00930	0.00870	0.01065	0.00833	0.00676	0.21443	0.01550	0.02105	0.13080	0.27099	0.12454	0.01209	0.00624	0.00192	0.00399	0.09374	0.00515	0.00590
16	0.00639	0.00527	0.00561	0.00589	0.00737	0.00449	0.00428	0.00765	0.01180	0.01432	0.04888	0.21946	0.61144	0.01431	0.00646	0.00189	0.00281	0.01220	0.00498	0.00449
17	0.02005	0.02558	0.01521	0.01383	0.01659	0.78980	0.01037	0.02143	0.01521	0.01314	0.00830	0.00968	0.00691	0.00553	0.00484	0.00138	0.00968	0.00346	0.00277	0.00622
18	0.01335	0.01153	0.01214	0.01092	0.01396	0.01335	0.00850	0.02852	0.76817	0.02245	0.02185	0.02003	0.01639	0.00728	0.00546	0.00182	0.00425	0.00607	0.00546	0.00850
19	0.01055	0.00679	0.00816	0.00802	0.00940	0.00679	0.00582	0.13480	0.01332	0.06964	0.05331	0.46219	0.02685	0.04738	0.00700	0.00205	0.00367	0.01106	0.10768	0.00553
20	0.00965	0.00845	0.01481	0.01293	0.01542	0.00810	0.22343	0.01262	0.01239	0.01642	0.02527	0.04474	0.09146	0.01138	0.00685	0.00217	0.00581	0.43191	0.04062	0.00557
21	0.00654	0.00467	0.00623	0.00747	0.00779	0.00436	0.00498	0.00747	0.01028	0.01370	0.02959	0.80785	0.03550	0.01682	0.00685	0.00218	0.00311	0.01526	0.00498	0.00436
22	0.00664	0.00503	0.00613	0.00675	0.00766	0.00452	0.00472	0.00795	0.01161	0.01513	0.15043	0.46347	0.26060	0.01496	0.00662	0.00199	0.00291	0.01323	0.00512	0.00452
23	0.00760	0.00549	0.00718	0.00675	0.00802	0.00506	0.00506	0.01013	0.01519	0.02153	0.77503	0.04010	0.05065	0.01097	0.00633	0.00169	0.00253	0.00971	0.00591	0.00506
24	0.00902	0.00520	0.00589	0.00572	0.00697	0.00503	0.00429	0.01154	0.01286	0.02063	0.32663	0.02821	0.02881	0.00818	0.00480	0.00143	0.00251	0.00692	0.50032	0.00503
25	0.00654	0.00467	0.00623	0.00747	0.00779	0.00436	0.00498	0.00747	0.01028	0.01370	0.02959	0.80785	0.03550	0.01682	0.00685	0.00218	0.00311	0.01526	0.00498	0.00436
26	0.00684	0.00546	0.00612	0.00596	0.00755	0.00474	0.00447	0.00866	0.01340	0.01728	0.33905	0.04709	0.48928	0.01256	0.00634	0.00176	0.00265	0.01069	0.00535	0.00474
27	0.84927	0.01038	0.00789	0.00706	0.01038	0.01204	0.00581	0.01578	0.00914	0.02408	0.00747	0.00872	0.00581	0.00498	0.00332	0.00166	0.00415	0.00291	0.00332	0.00581
28	0.02408	0.00914	0.01246	0.00955	0.01370	0.00789	0.00789	0.02616	0.01536	0.78158	0.02118	0.01827	0.01329	0.00664	0.00540	0.00166	0.00457	0.00540	0.00664	0.00914
29	0.01894	0.01582	0.27296	0.01169	0.01707	0.01010	0.01206	0.05868	0.04717	0.45428	0.01691	0.01574	0.01103	0.00614	0.00530	0.00168	0.00575	0.00492	0.00505	0.00870
30	0.00740	0.00529	0.00722	0.00846	0.00915	0.00510	0.00648	0.00896	0.01113	0.01467	0.02911	0.50290	0.03362	0.01601	0.00708	0.00230	0.00386	0.31171	0.00497	0.00460
31	0.00781	0.00520	0.00585	0.00585	0.00585	0.00520	0.00325	0.00781	0.00781	0.01041	0.01691	0.03513	0.01952	0.81135	0.02732	0.00520	0.00520	0.00781	0.00325	0.00325
32	0.02408	0.00914	0.01246	0.00955	0.01370	0.00789	0.00789	0.02616	0.01536	0.78158	0.02118	0.01827	0.01329	0.00664	0.00540	0.00166	0.00457	0.00540	0.00664	0.00914
33	0.01329	0.01275	0.02179	0.03295	0.77787	0.01275	0.01647	0.01647	0.01222	0.01754	0.01010	0.01329	0.00850	0.00478	0.00531	0.00159	0.00638	0.00478	0.00266	0.00850
34	0.01335	0.01153	0.01214	0.01092	0.01396	0.01335	0.00850	0.02852	0.76817	0.02245	0.02185	0.02003	0.01639	0.00728	0.00546	0.00182	0.00425	0.00607	0.00546	0.00850
35	0.02041	0.01504	0.01611	0.01235	0.01665	0.01665	0.01020	0.75997	0.02524	0.03383	0.01289	0.01289	0.00913	0.00644	0.00537	0.00161	0.00591	0.00483	0.00537	0.00913
36	0.01006	0.00614	0.00824	0.00787	0.00952	0.00571	0.00629	0.01252	0.01454	0.12248	0.49666	0.04201	0.04094	0.01131	0.00646	0.00187	0.00338	0.18263	0.00578	0.00558
37	0.00766	0.00558	0.00700	0.00769	0.00855	0.00535	0.00561	0.04098	0.01152	0.01510	0.05799	0.43692	0.13034	0.08774	0.00867	0.00242	0.00369	0.14769	0.00487	0.00462
38	0.00634	0.00544	0.00544	0.00544	0.00725	0.00453	0.00408	0.00770	0.01224	0.01450	0.05438	0.05166	0.77569	0.01359	0.00634	0.00181	0.00272	0.01133	0.00498	0.00453
39	0.00654	0.00467	0.00623	0.00747	0.00779	0.00436	0.00498	0.00747	0.01028	0.01370	0.02959	0.80785	0.03550	0.01682	0.00685	0.00218	0.00311	0.01526	0.00498	0.00436
40	0.75467	0.01024	0.00841	0.00734	0.01076	0.01157	0.00605	0.01697	0.00985	0.11092	0.00905	0.00981	0.00667	0.00517	0.00356	0.00166	0.00420	0.00319	0.00370	0.00619
41	0.00921	0.00764	0.00833	0.00777	0.00988	0.00785	0.00594	0.01586	0.28518	0.01929	0.23980	0.03711	0.30401	0.01061	0.00602	0.00178	0.00322	0.00899	0.00541	0.00610
42	0.00760	0.00549	0.00718	0.00675	0.00802	0.00506	0.00506	0.01013	0.01519	0.02153	0.77503	0.04010	0.05065	0.01097	0.00633	0.00169	0.00253	0.00971	0.00591	0.00506
43	0.01110	0.00903	0.01008	0.00912	0.01145	0.00984	0.00704	0.05190	0.40600	0.02232	0.32980	0.02887	0.05306	0.00894	0.00584	0.00176	0.00357	0.00766	0.00563	0.00700
44	0.00715	0.00547	0.00655	0.00628	0.00774	0.00487	0.00471	0.00926	0.01413	0.01900	0.51564	0.04426	0.31162	0.01192	0.00634	0.00173	0.00260	0.01029	0.00558	0.00487
45	0.01041	0.00555	0.00570	0.00548	0.00689	0.00561	0.00416	0.05113	0.01220	0.02081	0.05973	0.02077	0.01559	0.00653	0.00398	0.00129	0.00268	0.00526	0.75101	0.00522
46	0.00654	0.00467	0.00623	0.00747	0.00779	0.00436	0.00498	0.00747	0.01028	0.01370	0.02959	0.80785	0.03550	0.01682	0.00685	0.00218	0.00311	0.01526	0.00498	0.00436
47	0.00719	0.00502	0.00613	0.00669	0.00700	0.00482	0.00427	0.00784	0.00954	0.01269	0.05916	0.37862	0.06113	0.36920	0.01591	0.00349	0.00404	0.02909	0.00426	0.00392
48	0.02138	0.01165	0.01383	0.01068	0.01473	0.01178	0.00879	0.36576	0.01994	0.38876	0.06273	0.01709	0.01361	0.00681	0.00544	0.00164	0.00507	0.00540	0.00601	0.00889
49	0.01335	0.01153	0.01214	0.01092	0.01396	0.01335	0.00850	0.02852	0.76817	0.02245	0.02185	0.02003	0.01639	0.00728	0.00546	0.00182	0.00425	0.00607	0.00546	0.00850
50	0.00767	0.00575	0.00863	0.00863	0.00959	0.00671	0.00671	0.00959	0.00863	0.01246	0.01438	0.02109	0.01342	0.04026	0.79008	0.00863	0.01438	0.00575	0.00288	0.00479
51	0.00663	0.00543	0.00573	0.00567	0.00728	0.00465	0.00418	0.00808	0.01242	0.01533	0.16289	0.04888	0.61830	0.06164	0.00762	0.00200	0.00284	0.01087	0.00502	0.00454
52	0.02041	0.01504	0.01611	0.01235	0.01665	0.01665	0.01020	0.75997	0.02524	0.03383	0.01289	0.01289	0.00913	0.00644	0.00537	0.00161	0.00591	0.00483	0.00537	0.00913
53	0.00781	0.00520	0.00585	0.00585	0.00585	0.00520	0.00325	0.00781	0.00781	0.01041	0.01691	0.03513	0.01952	0.81135	0.02732	0.00520	0.00520	0.00781	0.00325	0.00325
54	0.00653	0.00473	0.00617	0.00733	0.00775	0.00437	0.00492	0.00749	0.01042	0.01376	0.03133	0.75459	0.08763	0.01659	0.00682	0.00215	0.00309	0.01498	0.00498	0.00437
55	0.01668	0.00977	0.01155	0.00964	0.01275	0.01003	0.00762	0.10952	0.25277	0.28777	0.13952	0.02267	0.02007	0.05638	0.00689	0.00192	0.00434	0.00637	0.00580	0.00793
56	0.01021	0.01226	0.12611	0.01551	0.07070	0.00963	0.27028	0.01391	0.01315	0.01839	0.26764	0.06622	0.02486	0.00799	0.00618	0.00180	0.00599	0.04880	0.00396	0.00642
57	0.78022	0.03137	0.00885	0.00746	0.01083	0.03627	0.00616	0.03610	0.00980	0.02372	0.00765	0.00886	0.00596	0.00503	0.00343	0.00164	0.00441	0.00297	0.00333	0.00594
58	0.05868	0.01091	0.07450	0.02456	0.03820	0.00833	0.00841	0.01797	0.01236	0.26471	0.01338	0.01378	0.00965	0.00622	0.03020	0.00149	0.00497	0.00411	0.00419	0.39335
59	0.01210	0.01091	0.01432	0.01587	0.17526	0.04754	0.05811	0.04071	0.25314	0.01874	0.02136	0.04614	0.05892	0.00893	0.00603	0.00192	0.00538	0.19311	0.00440	0.00712

[dist]
# distance from previous block
# <min> <max>
11	35

[block]
# block no. 8 follows, 45 sequences, length 265
# corresponding to MSA columns:
# 1473-1481,1484-1739
name=unknown_I
#
# <colnr> <probs for GDERKNQSTAVLIFYWHMCP>
#	G	D	E	R	K	N	Q	S	T	A	V	L	I	F	Y	W	H	M	C	P
0	0.03570	0.01117	0.01353	0.01187	0.04476	0.01215	0.03685	0.07800	0.36845	0.11746	0.05255	0.01790	0.01457	0.00692	0.00635	0.00171	0.07228	0.00555	0.00488	0.08735
1	0.01187	0.01064	0.01116	0.01096	0.06237	0.10619	0.02539	0.07880	0.13738	0.01587	0.01709	0.06597	0.03949	0.31622	0.03085	0.00321	0.04023	0.00681	0.00379	0.00569
2	0.07684	0.00624	0.00792	0.00796	0.00947	0.00585	0.00578	0.01281	0.01146	0.20694	0.02575	0.54749	0.02761	0.01334	0.00621	0.00201	0.00356	0.01182	0.00527	0.00567
3	0.01488	0.10516	0.01503	0.09159	0.03153	0.25645	0.00937	0.05376	0.09042	0.03149	0.02688	0.01383	0.02804	0.00670	0.00617	0.05946	0.02336	0.00431	0.00329	0.12829
4	0.00767	0.00575	0.00863	0.00863	0.00959	0.00671	0.00671	0.00959	0.00863	0.01246	0.01438	0.02109	0.01342	0.04026	0.79008	0.00863	0.01438	0.00575	0.00288	0.00479
5	0.01353	0.01162	0.01224	0.01096	0.01403	0.01343	0.00854	0.04674	0.74967	0.02274	0.02162	0.01985	0.01621	0.00726	0.00546	0.00182	0.00429	0.00604	0.00546	0.00851
6	0.84927	0.01038	0.00789	0.00706	0.01038	0.01204	0.00581	0.01578	0.00914	0.02408	0.00747	0.00872	0.00581	0.00498	0.00332	0.00166	0.00415	0.00291	0.00332	0.00581
7	0.00653	0.00473	0.00617	0.00732	0.00775	0.00437	0.00492	0.00749	0.01042	0.01376	0.03142	0.75179	0.09038	0.01658	0.00681	0.00215	0.00308	0.01497	0.00498	0.00437
8	0.01803	0.03530	0.01979	0.03217	0.03557	0.24907	0.18210	0.31924	0.01844	0.02254	0.01079	0.01223	0.00813	0.00563	0.00539	0.00158	0.00780	0.00472	0.00379	0.00769
9	0.05512	0.00967	0.01232	0.01067	0.03753	0.00935	0.00853	0.11319	0.06369	0.45157	0.02053	0.02452	0.01557	0.00796	0.00566	0.00180	0.00482	0.13347	0.00585	0.00820
10	0.01487	0.25378	0.08462	0.03240	0.04608	0.15322	0.04608	0.04034	0.20804	0.03240	0.01225	0.01297	0.00966	0.00573	0.00505	0.00153	0.02584	0.00433	0.00340	0.00741
11	0.01335	0.01153	0.01214	0.01092	0.01396	0.01335	0.00850	0.02852	0.76817	0.02245	0.02185	0.02003	0.01639	0.00728	0.00546	0.00182	0.00425	0.00607	0.00546	0.00850
12	0.00670	0.00474	0.00618	0.00727	0.00754	0.00447	0.00476	0.00752	0.00996	0.01328	0.02797	0.70941	0.03347	0.11803	0.00946	0.00257	0.00338	0.01431	0.00476	0.00422
13	0.01297	0.00843	0.01183	0.22899	0.01832	0.00921	0.00928	0.09976	0.05479	0.12924	0.01515	0.06102	0.01307	0.01141	0.03480	0.19582	0.00572	0.07040	0.00389	0.00589
14	0.07257	0.23279	0.24172	0.01173	0.01697	0.06850	0.01214	0.14440	0.01424	0.12138	0.01091	0.01151	0.00803	0.00542	0.00460	0.00151	0.00641	0.00390	0.00349	0.00776
15	0.02005	0.02558	0.01521	0.01383	0.01659	0.78980	0.01037	0.02143	0.01521	0.01314	0.00830	0.00968	0.00691	0.00553	0.00484	0.00138	0.00968	0.00346	0.00277	0.00622
16	0.00654	0.00467	0.00623	0.00747	0.00779	0.00436	0.00498	0.00747	0.01028	0.01370	0.02959	0.80785	0.03550	0.01682	0.00685	0.00218	0.00311	0.01526	0.00498	0.00436
17	0.33921	0.02586	0.01093	0.00952	0.01129	0.01175	0.00779	0.01341	0.00891	0.03413	0.00970	0.01340	0.00858	0.01664	0.24002	0.00390	0.22207	0.00429	0.00298	0.00562
18	0.01726	0.01448	0.10210	0.01136	0.01608	0.01301	0.01013	0.39300	0.06509	0.10558	0.01321	0.01333	0.00949	0.00583	0.00505	0.00146	0.00548	0.00451	0.00468	0.18887
19	0.01534	0.01725	0.01660	0.01427	0.01575	0.30865	0.04243	0.05217	0.01187	0.01418	0.00796	0.01113	0.00714	0.00759	0.01173	0.00193	0.43084	0.00430	0.00267	0.00622
20	0.00767	0.00575	0.00863	0.00863	0.00959	0.00671	0.00671	0.00959	0.00863	0.01246	0.01438	0.02109	0.01342	0.04026	0.79008	0.00863	0.01438	0.00575	0.00288	0.00479
21	0.52642	0.01061	0.00949	0.00835	0.01156	0.01211	0.00673	0.06778	0.18724	0.04266	0.06038	0.01386	0.01153	0.00604	0.00420	0.00170	0.00420	0.00426	0.00420	0.00669
22	0.01225	0.01287	0.05593	0.11724	0.27174	0.01275	0.20597	0.03047	0.07501	0.01742	0.04558	0.01607	0.02719	0.00587	0.00662	0.00177	0.06918	0.00560	0.00307	0.00741
23	0.01435	0.81458	0.02813	0.00918	0.01378	0.02124	0.00918	0.01607	0.01091	0.01263	0.00746	0.00861	0.00689	0.00459	0.00344	0.00115	0.00574	0.00287	0.00230	0.00689
24	0.00767	0.00575	0.00863	0.00863	0.00959	0.00671	0.00671	0.00959	0.00863	0.01246	0.01438	0.02109	0.01342	0.04026	0.79008	0.00863	0.01438	0.00575	0.00288	0.00479
25	0.01335	0.01153	0.01214	0.01092	0.01396	0.01335	0.00850	0.02852	0.76817	0.02245	0.02185	0.02003	0.01639	0.00728	0.00546	0.00182	0.00425	0.00607	0.00546	0.00850
26	0.02041	0.01504	0.01611	0.01235	0.01665	0.01665	0.01020	0.75997	0.02524	0.03383	0.01289	0.01289	0.00913	0.00644	0.00537	0.00161	0.00591	0.00483	0.00537	0.00913
27	0.04564	0.15119	0.01746	0.01370	0.05241	0.54238	0.01035	0.05930	0.01453	0.01472	0.00844	0.00987	0.00707	0.00547	0.00493	0.00140	0.02823	0.00351	0.00283	0.00657
28	0.74385	0.02746	0.00885	0.00758	0.01084	0.04472	0.00622	0.03458	0.00981	0.02319	0.00791	0.00934	0.00626	0.00640	0.03393	0.00191	0.00486	0.00309	0.00331	0.00590
29	0.01616	0.01758	0.01936	0.02441	0.43094	0.29327	0.03724	0.06590	0.01415	0.01698	0.00965	0.01200	0.00796	0.00515	0.00518	0.00153	0.00762	0.00436	0.00287	0.00768
