[name]
unknown

[dist]
# distance from previous block
# <min> <max>
0	47

[block]
# block no. 0 follows, 45 sequences, length 9
# corresponding to MSA columns:
# 51-59
name=unknown_A
#
# <colnr> <probs for GDERKNQSTAVLIFYWHMCP>
#	G	D	E	R	K	N	Q	S	T	A	V	L	I	F	Y	W	H	M	C	P
0	0.01616	0.00878	0.01113	0.00961	0.01257	0.00844	0.00793	0.12911	0.03868	0.30206	0.11073	0.05949	0.02211	0.00942	0.00599	0.00184	0.00453	0.18855	0.00568	0.04715
1	0.04357	0.10779	0.01485	0.01051	0.01416	0.11934	0.00861	0.20399	0.01658	0.30149	0.01616	0.09233	0.01260	0.00715	0.00517	0.00160	0.00559	0.00559	0.00502	0.00790
2	0.02033	0.01064	0.01314	0.01103	0.05276	0.02984	0.00847	0.12457	0.06270	0.46740	0.01886	0.01734	0.03383	0.00644	0.00525	0.00156	0.00484	0.00521	0.00567	0.10011
3	0.01060	0.08885	0.01092	0.00925	0.01095	0.10122	0.00691	0.01519	0.19871	0.01570	0.02296	0.43922	0.02456	0.01191	0.00593	0.00189	0.00443	0.01036	0.00457	0.00586
4	0.01082	0.43812	0.01804	0.00832	0.01101	0.01346	0.00724	0.01234	0.01110	0.01390	0.09139	0.30435	0.02169	0.00970	0.00498	0.00158	0.00446	0.00808	0.00364	0.00578
5	0.01260	0.00973	0.01503	0.01976	0.37398	0.00955	0.01102	0.01616	0.05978	0.10965	0.27722	0.02358	0.02416	0.00730	0.00569	0.00165	0.00470	0.00664	0.00443	0.00739
6	0.01063	0.00966	0.00996	0.00954	0.01102	0.13695	0.00730	0.07288	0.01168	0.01503	0.06149	0.11280	0.01688	0.02717	0.45500	0.00566	0.01085	0.00666	0.00350	0.00535
7	0.47430	0.00819	0.00697	0.00647	0.00906	0.00875	0.00514	0.01242	0.01081	0.02051	0.09928	0.02669	0.27704	0.00856	0.00467	0.00172	0.00350	0.00649	0.00415	0.00530
8	0.01666	0.24472	0.28638	0.01146	0.01705	0.01329	0.01243	0.02009	0.01269	0.29570	0.01324	0.01310	0.00920	0.00552	0.00474	0.00153	0.00608	0.00418	0.00388	0.00808

[dist]
# distance from previous block
# <min> <max>
0	1

[block]
# block no. 1 follows, 45 sequences, length 33
# corresponding to MSA columns:
# 61-93
name=unknown_B
#
# <colnr> <probs for GDERKNQSTAVLIFYWHMCP>
#	G	D	E	R	K	N	Q	S	T	A	V	L	I	F	Y	W	H	M	C	P
0	0.01166	0.22341	0.59571	0.01378	0.02088	0.01465	0.01719	0.01677	0.01123	0.01591	0.00909	0.01066	0.00682	0.00497	0.00469	0.00156	0.00739	0.00369	0.00227	0.00767
1	0.01435	0.81458	0.02813	0.00918	0.01378	0.02124	0.00918	0.01607	0.01091	0.01263	0.00746	0.00861	0.00689	0.00459	0.00344	0.00115	0.00574	0.00287	0.00230	0.00689
2	0.00733	0.00516	0.00602	0.00621	0.00672	0.00490	0.00395	0.00796	0.00981	0.01290	0.10669	0.18256	0.15720	0.42070	0.01746	0.02243	0.00408	0.00995	0.00414	0.00386
3	0.00751	0.00514	0.00588	0.00608	0.00625	0.00503	0.00358	0.00775	0.00850	0.01120	0.02149	0.15605	0.07464	0.63266	0.02269	0.00450	0.00471	0.00921	0.00364	0.00351
4	0.26546	0.01423	0.01306	0.01070	0.01441	0.09675	0.00867	0.36275	0.09484	0.05166	0.01198	0.01221	0.00878	0.00601	0.00472	0.00162	0.00558	0.00426	0.00454	0.00777
5	0.01078	0.00833	0.01022	0.01100	0.09187	0.00854	0.00739	0.05254	0.21342	0.06081	0.09853	0.21835	0.16476	0.01079	0.00602	0.00185	0.00385	0.00939	0.00506	0.00650
6	0.00872	0.00558	0.00705	0.00704	0.00839	0.00501	0.00514	0.01040	0.01288	0.09804	0.28648	0.31251	0.18619	0.01311	0.00642	0.00188	0.00299	0.01154	0.00547	0.00514
7	0.00654	0.00525	0.00584	0.00611	0.00748	0.00455	0.00443	0.00793	0.01209	0.01513	0.13318	0.24326	0.50116	0.01411	0.00647	0.00189	0.00280	0.01214	0.00509	0.00455
8	0.01047	0.00988	0.01670	0.71823	0.11461	0.01201	0.01507	0.01400	0.01089	0.01412	0.00960	0.01420	0.00730	0.00531	0.00536	0.00177	0.00707	0.00477	0.00241	0.00623
9	0.00780	0.00554	0.00802	0.00802	0.00892	0.00615	0.00610	0.00896	0.00874	0.01217	0.01780	0.02356	0.09368	0.03392	0.58207	0.14343	0.01156	0.00617	0.00301	0.00437
10	0.80163	0.01065	0.00836	0.00736	0.01074	0.01231	0.00607	0.05855	0.01006	0.02464	0.00779	0.00896	0.00600	0.00507	0.00344	0.00166	0.00425	0.00302	0.00344	0.00600
11	0.00654	0.00467	0.00623	0.00747	0.00779	0.00436	0.00498	0.00747	0.01028	0.01370	0.02959	0.80785	0.03550	0.01682	0.00685	0.00218	0.00311	0.01526	0.00498	0.00436
12	0.00768	0.00569	0.00830	0.00830	0.00914	0.00653	0.00630	0.00938	0.00853	0.01222	0.01468	0.02275	0.01414	0.13135	0.69997	0.00822	0.01329	0.00599	0.00292	0.00461
13	0.00751	0.00531	0.00662	0.00652	0.00731	0.00502	0.00448	0.00907	0.01234	0.01712	0.44518	0.12042	0.05994	0.25498	0.01277	0.00281	0.00341	0.00976	0.00498	0.00442
14	0.76127	0.01088	0.00876	0.00762	0.01105	0.01253	0.00628	0.09479	0.01084	0.02512	0.00805	0.00916	0.00617	0.00514	0.00354	0.00166	0.00434	0.00311	0.00354	0.00617
15	0.02408	0.00914	0.01246	0.00955	0.01370	0.00789	0.00789	0.02616	0.01536	0.78158	0.02118	0.01827	0.01329	0.00664	0.00540	0.00166	0.00457	0.00540	0.00664	0.00914
16	0.00754	0.00589	0.00646	0.00653	0.00773	0.00563	0.00453	0.00999	0.09113	0.01443	0.06424	0.17552	0.34567	0.21696	0.01169	0.00274	0.00358	0.01050	0.00463	0.00462
17	0.00781	0.00520	0.00585	0.00585	0.00585	0.00520	0.00325	0.00781	0.00781	0.01041	0.01691	0.03513	0.01952	0.81135	0.02732	0.00520	0.00520	0.00781	0.00325	0.00325
18	0.01267	0.01448	0.03167	0.02262	0.02805	0.01357	0.75837	0.01719	0.01267	0.01719	0.01086	0.01448	0.00814	0.00452	0.00633	0.00181	0.00905	0.00633	0.00271	0.00724
19	0.00758	0.00532	0.00669	0.00723	0.00781	0.00516	0.00512	0.00869	0.01044	0.01388	0.10500	0.23925	0.06633	0.30894	0.01445	0.00329	0.00421	0.17201	0.00443	0.00416
20	0.01157	0.00639	0.00820	0.00726	0.00933	0.00568	0.00561	0.01375	0.01462	0.21410	0.44265	0.05328	0.16527	0.01045	0.00611	0.00171	0.00310	0.00901	0.00592	0.00600
21	0.01001	0.00500	0.00500	0.00500	0.00625	0.00500	0.00375	0.01251	0.01126	0.02001	0.01751	0.02001	0.01376	0.00625	0.00375	0.00125	0.00250	0.00500	0.84115	0.00500
22	0.00641	0.00519	0.00570	0.00610	0.00743	0.00448	0.00437	0.00763	0.01160	0.01424	0.04628	0.29879	0.53379	0.01465	0.00651	0.00193	0.00285	0.01261	0.00498	0.00448
23	0.01865	0.01140	0.01322	0.01069	0.01427	0.01191	0.00872	0.34784	0.09922	0.24669	0.06015	0.05875	0.01596	0.00784	0.00563	0.00173	0.00496	0.04827	0.00574	0.00836
24	0.02150	0.00931	0.01212	0.00961	0.01343	0.00858	0.00783	0.02564	0.13250	0.62139	0.06301	0.01975	0.01584	0.00698	0.00546	0.00169	0.00441	0.00574	0.00642	0.00881
25	0.01749	0.00929	0.01089	0.00878	0.01198	0.00915	0.00711	0.21746	0.01682	0.30437	0.05852	0.02180	0.09504	0.00746	0.00519	0.00158	0.00420	0.00600	0.17927	0.00759
26	0.00681	0.00546	0.00608	0.00592	0.00753	0.00473	0.00444	0.00860	0.01333	0.01709	0.32044	0.04739	0.50801	0.01263	0.00634	0.00177	0.00265	0.01073	0.00533	0.00473
27	0.00708	0.00508	0.00634	0.00674	0.00739	0.00475	0.00455	0.00830	0.01129	0.01524	0.23493	0.36152	0.10506	0.18372	0.01101	0.00265	0.00336	0.01178	0.00487	0.00434
28	0.00802	0.00568	0.00754	0.00847	0.00935	0.00555	0.00654	0.03704	0.01156	0.01517	0.02860	0.40648	0.06741	0.01560	0.00777	0.04884	0.00400	0.29687	0.00484	0.00466
29	0.04526	0.01300	0.12090	0.01096	0.05212	0.00975	0.00943	0.11878	0.01356	0.10440	0.01125	0.01221	0.00849	0.00485	0.00452	0.00120	0.00499	0.00383	0.00372	0.44679
30	0.15826	0.22928	0.01580	0.01003	0.01319	0.15213	0.00847	0.06011	0.09257	0.03199	0.01239	0.01660	0.01088	0.00995	0.08684	0.00229	0.00683	0.07243	0.00346	0.00653
31	0.04103	0.09225	0.05741	0.01224	0.01590	0.19710	0.05271	0.26522	0.09582	0.02145	0.01216	0.01443	0.00984	0.08070	0.00709	0.00189	0.00678	0.00471	0.00390	0.00735
32	0.08196	0.10244	0.13192	0.01079	0.01520	0.01375	0.00999	0.33294	0.01665	0.02364	0.01138	0.01399	0.00922	0.09107	0.00711	0.00186	0.00574	0.00444	0.00390	0.11201

[dist]
# distance from previous block
# <min> <max>
5	22

[block]
# block no. 2 follows, 45 sequences, length 10
# corresponding to MSA columns:
# 116-125
name=unknown_C
#
# <colnr> <probs for GDERKNQSTAVLIFYWHMCP>
#	G	D	E	R	K	N	Q	S	T	A	V	L	I	F	Y	W	H	M	C	P
0	0.01232	0.01818	0.29503	0.06436	0.01800	0.12032	0.01248	0.10621	0.01411	0.01858	0.10911	0.01981	0.10407	0.00701	0.00534	0.00161	0.00635	0.00559	0.00355	0.05797
1	0.01310	0.01352	0.11745	0.09872	0.01730	0.05935	0.01110	0.03930	0.08470	0.09351	0.03988	0.01641	0.05197	0.00723	0.00848	0.00177	0.21591	0.00510	0.00355	0.10167
2	0.16858	0.01596	0.24416	0.01141	0.01638	0.01167	0.01162	0.16859	0.01480	0.21047	0.01403	0.01624	0.01033	0.00639	0.00506	0.00172	0.00580	0.05454	0.00435	0.00788
3	0.13087	0.01122	0.01327	0.15379	0.01784	0.06290	0.06794	0.17274	0.01415	0.02041	0.01554	0.10967	0.05814	0.00728	0.00515	0.00164	0.00551	0.00609	0.04932	0.07653
4	0.20372	0.19498	0.17777	0.00944	0.01410	0.01234	0.00958	0.01495	0.01115	0.01828	0.09971	0.01350	0.01206	0.00542	0.00422	0.00137	0.00508	0.00399	0.00314	0.18520
5	0.11956	0.01620	0.10881	0.01392	0.01847	0.12240	0.16992	0.16041	0.05266	0.14690	0.01257	0.01332	0.00897	0.00564	0.00523	0.00166	0.00683	0.00477	0.00403	0.00774
6	0.14996	0.01647	0.15688	0.01418	0.01862	0.12477	0.20230	0.01883	0.10214	0.06912	0.01299	0.06721	0.01053	0.00616	0.00527	0.00172	0.00687	0.00544	0.00348	0.00707
7	0.01305	0.01241	0.01156	0.00982	0.01302	0.13670	0.00748	0.01999	0.30708	0.01788	0.01502	0.01723	0.01245	0.10159	0.00747	0.00182	0.00516	0.00490	0.00401	0.28135
8	0.01439	0.01160	0.01087	0.00915	0.01207	0.18334	0.00709	0.01654	0.01437	0.16725	0.29132	0.02278	0.02437	0.00741	0.00531	0.00142	0.00485	0.00606	0.00476	0.18506
9	0.01490	0.01216	0.01470	0.32249	0.07497	0.12440	0.01152	0.09912	0.01438	0.14200	0.10275	0.01712	0.01360	0.00635	0.00541	0.00166	0.00636	0.00528	0.00390	0.00693

[dist]
# distance from previous block
# <min> <max>
6	7

[block]
# block no. 3 follows, 45 sequences, length 8
# corresponding to MSA columns:
# 133-140
name=unknown_D
#
# <colnr> <probs for GDERKNQSTAVLIFYWHMCP>
#	G	D	E	R	K	N	Q	S	T	A	V	L	I	F	Y	W	H	M	C	P
0	0.01225	0.01170	0.01992	0.28398	0.53491	0.01248	0.01596	0.01557	0.01173	0.01628	0.00991	0.01362	0.00806	0.00497	0.00533	0.00166	0.00663	0.00478	0.00257	0.00767
1	0.01092	0.01028	0.01681	0.01379	0.01676	0.01048	0.25918	0.01780	0.25970	0.01785	0.02071	0.25113	0.01985	0.00948	0.00625	0.00195	0.00556	0.04042	0.00438	0.00671
2	0.01164	0.22047	0.59852	0.01380	0.02092	0.01462	0.01722	0.01677	0.01123	0.01593	0.00910	0.01067	0.00682	0.00498	0.00469	0.00156	0.00740	0.00370	0.00227	0.00768
3	0.01329	0.01275	0.02179	0.03295	0.77787	0.01275	0.01647	0.01647	0.01222	0.01754	0.01010	0.01329	0.00850	0.00478	0.00531	0.00159	0.00638	0.00478	0.00266	0.00850
4	0.01177	0.01060	0.01748	0.02539	0.52643	0.01060	0.01391	0.01472	0.01227	0.01705	0.01611	0.02878	0.01585	0.00808	0.00600	0.00188	0.00591	0.24645	0.00341	0.00734
5	0.01278	0.01242	0.02003	0.02676	0.52740	0.01396	0.01492	0.01531	0.01091	0.01602	0.00910	0.01278	0.00803	0.00630	0.00935	0.00184	0.26713	0.00475	0.00256	0.00764
6	0.00913	0.00812	0.01317	0.49773	0.06741	0.00949	0.01174	0.01182	0.01066	0.01392	0.01614	0.27448	0.01652	0.00909	0.00585	0.00191	0.00579	0.00821	0.00325	0.00557
7	0.01097	0.01116	0.02121	0.54404	0.03405	0.01247	0.25871	0.01486	0.01137	0.01486	0.00997	0.01437	0.00748	0.00509	0.00568	0.00180	0.00778	0.00528	0.00249	0.00638

[dist]
# distance from previous block
# <min> <max>
0	15

# created by:
# /st0/software/busco_prod/Augustus/scripts/msa2prfl.pl ./align_prep/77127.fa
