[name]
unknown

[dist]
# distance from previous block
# <min> <max>
0	514

[block]
# block no. 0 follows, 34 sequences, length 36
# corresponding to MSA columns:
# 527-555,559-565
name=unknown_A
#
# <colnr> <probs for GDERKNQSTAVLIFYWHMCP>
#	G	D	E	R	K	N	Q	S	T	A	V	L	I	F	Y	W	H	M	C	P
0	0.01334	0.06018	0.45776	0.01705	0.02425	0.01468	0.07754	0.04809	0.04806	0.02046	0.01345	0.01641	0.01037	0.01350	0.13325	0.00346	0.01056	0.00549	0.00324	0.00886
1	0.02042	0.01223	0.04723	0.01224	0.01626	0.01140	0.01028	0.05731	0.21122	0.32891	0.02657	0.09482	0.02134	0.01037	0.00694	0.00222	0.00555	0.08820	0.00688	0.00961
2	0.01658	0.01377	0.01463	0.01308	0.01679	0.01581	0.01020	0.03422	0.69308	0.05519	0.02627	0.02402	0.01958	0.00874	0.00657	0.00218	0.00513	0.00727	0.00663	0.01026
3	0.01607	0.01388	0.01461	0.01315	0.01680	0.01607	0.01023	0.03433	0.72094	0.02703	0.02630	0.02411	0.01972	0.00877	0.00657	0.00219	0.00511	0.00731	0.00657	0.01023
4	0.01321	0.03083	0.63589	0.01889	0.02749	0.01547	0.06888	0.02009	0.01345	0.02009	0.01145	0.01393	0.00832	0.00650	0.00743	0.00212	0.06886	0.00503	0.00277	0.00930
5	0.01542	0.01610	0.03275	0.02342	0.02976	0.01467	0.55509	0.02029	0.01503	0.04729	0.01324	0.01686	0.00999	0.00542	0.00706	0.00195	0.00958	0.00689	0.00355	0.15562
6	0.01340	0.01148	0.01340	0.00957	0.01531	0.00861	0.00766	0.01627	0.01340	0.02105	0.01148	0.01340	0.00957	0.00479	0.00479	0.00096	0.00479	0.00383	0.00383	0.81242
7	0.00900	0.00642	0.00861	0.00893	0.00952	0.00684	0.00619	0.01025	0.01047	0.01447	0.02230	0.19092	0.02440	0.29292	0.34148	0.00729	0.01058	0.01024	0.00416	0.00502
8	0.02213	0.00948	0.01280	0.01033	0.01413	0.00832	0.00832	0.02482	0.01842	0.49116	0.26884	0.03108	0.03155	0.00980	0.00689	0.00201	0.00465	0.00829	0.00769	0.00930
9	0.01583	0.01486	0.02307	0.05964	0.45861	0.01557	0.05020	0.02406	0.22477	0.02267	0.01638	0.01852	0.01297	0.00667	0.00651	0.00202	0.00711	0.00631	0.00419	0.01004
10	0.00940	0.00626	0.00705	0.00705	0.00705	0.00626	0.00392	0.00940	0.00940	0.01253	0.02036	0.04228	0.02349	0.77292	0.03289	0.00626	0.00626	0.00940	0.00392	0.00392
11	0.01296	0.03342	0.73944	0.01842	0.02797	0.01501	0.02387	0.02046	0.01364	0.02046	0.01160	0.01364	0.00818	0.00614	0.00614	0.00205	0.00955	0.00477	0.00273	0.00955
12	0.01607	0.01388	0.01461	0.01315	0.01680	0.01607	0.01023	0.03433	0.72094	0.02703	0.02630	0.02411	0.01972	0.00877	0.00657	0.00219	0.00511	0.00731	0.00657	0.01023
13	0.01607	0.01388	0.01461	0.01315	0.01680	0.01607	0.01023	0.03433	0.72094	0.02703	0.02630	0.02411	0.01972	0.00877	0.00657	0.00219	0.00511	0.00731	0.00657	0.01023
14	0.01517	0.01666	0.03418	0.02465	0.03088	0.01571	0.59461	0.02150	0.07494	0.02126	0.01407	0.01768	0.01063	0.00568	0.00731	0.00208	0.00992	0.00730	0.00359	0.07218
15	0.00969	0.00729	0.00869	0.00843	0.01017	0.00685	0.00625	0.06582	0.01706	0.02287	0.35197	0.20166	0.22890	0.01510	0.00767	0.00219	0.00358	0.01315	0.00653	0.00613
16	0.00923	0.00692	0.01038	0.01038	0.01154	0.00808	0.00808	0.01154	0.01038	0.01500	0.01731	0.02538	0.01615	0.04846	0.74732	0.01038	0.01731	0.00692	0.00346	0.00577
17	0.00889	0.00667	0.00845	0.00936	0.01035	0.00633	0.00644	0.01148	0.06828	0.01763	0.03327	0.65957	0.03871	0.01831	0.00788	0.00248	0.00393	0.01653	0.00590	0.05956
18	0.01470	0.01169	0.01453	0.01044	0.01616	0.00900	0.03640	0.01765	0.01388	0.07747	0.01265	0.01424	0.01009	0.00507	0.00504	0.00109	0.00509	0.00419	0.00413	0.71650
19	0.01449	0.15437	0.37687	0.02021	0.02804	0.01726	0.25867	0.02035	0.01411	0.01965	0.01166	0.01439	0.00876	0.00580	0.00631	0.00198	0.00956	0.00554	0.00292	0.00905
20	0.01693	0.71823	0.08946	0.01164	0.01748	0.02473	0.01207	0.01944	0.01317	0.01562	0.00919	0.01062	0.00828	0.00558	0.00430	0.00143	0.00712	0.00356	0.00276	0.00839
21	0.00929	0.00622	0.00708	0.00718	0.00720	0.00620	0.00405	0.00937	0.00959	0.01279	0.02138	0.09081	0.02478	0.72264	0.03124	0.00602	0.00610	0.01000	0.00405	0.00400
22	0.01607	0.01388	0.01461	0.01315	0.01680	0.01607	0.01023	0.03433	0.72094	0.02703	0.02630	0.02411	0.01972	0.00877	0.00657	0.00219	0.00511	0.00731	0.00657	0.01023
23	0.01717	0.01364	0.01464	0.01301	0.01678	0.01551	0.01017	0.03409	0.66139	0.08723	0.02623	0.02393	0.01941	0.00870	0.00657	0.00218	0.00515	0.00724	0.00670	0.01029
24	0.07861	0.01333	0.01559	0.01237	0.01671	0.04794	0.01015	0.14287	0.01911	0.44645	0.02216	0.02062	0.04303	0.00838	0.00759	0.00205	0.07001	0.00629	0.00672	0.01000
25	0.01727	0.77681	0.03386	0.01106	0.01658	0.02557	0.01106	0.01935	0.01313	0.01520	0.00898	0.01036	0.00829	0.00553	0.00415	0.00138	0.00691	0.00345	0.00276	0.00829
26	0.01075	0.00677	0.00874	0.00840	0.00977	0.00628	0.00601	0.01289	0.01575	0.08603	0.42336	0.17052	0.04731	0.14419	0.01196	0.00286	0.00394	0.01199	0.00645	0.00602
27	0.01296	0.03342	0.73944	0.01842	0.02797	0.01501	0.02387	0.02046	0.01364	0.02046	0.01160	0.01364	0.00818	0.00614	0.00614	0.00205	0.00955	0.00477	0.00273	0.00955
28	0.00912	0.00620	0.00735	0.00760	0.00775	0.00621	0.00455	0.00947	0.00997	0.01337	0.02277	0.16567	0.02630	0.59551	0.07639	0.00592	0.00657	0.01077	0.00424	0.00427
29	0.00908	0.00660	0.00855	0.00806	0.00962	0.00607	0.00605	0.01207	0.01814	0.02557	0.70214	0.04883	0.08825	0.01334	0.00762	0.00204	0.00306	0.01176	0.00707	0.00607
30	0.01516	0.41235	0.37978	0.01466	0.02216	0.02039	0.01734	0.01989	0.01338	0.01778	0.01026	0.01197	0.00824	0.00583	0.00512	0.00171	0.00820	0.00410	0.00275	0.00891
31	0.15556	0.01479	0.01844	0.15670	0.15224	0.01639	0.01354	0.26399	0.05810	0.06798	0.01418	0.01589	0.01048	0.00692	0.00604	0.00200	0.00694	0.00552	0.00487	0.00942
32	0.14926	0.00908	0.01114	0.04819	0.10307	0.00903	0.00845	0.01431	0.01478	0.05311	0.18606	0.08893	0.23997	0.01202	0.00682	0.00213	0.00453	0.02685	0.00548	0.00678
33	0.04095	0.01851	0.01828	0.04524	0.11526	0.21533	0.01248	0.05589	0.01701	0.12827	0.01560	0.04795	0.01289	0.00823	0.00759	0.00204	0.06061	0.00595	0.00483	0.16708
34	0.01449	0.01168	0.01573	0.20901	0.11511	0.01253	0.01224	0.13572	0.06446	0.05657	0.04730	0.03190	0.21092	0.00998	0.00687	0.00211	0.00618	0.02406	0.00506	0.00808
35	0.13571	0.29247	0.02274	0.01361	0.04811	0.08053	0.01127	0.02040	0.01332	0.10300	0.01116	0.01300	0.00919	0.00713	0.00811	0.00187	0.15886	0.00444	0.00369	0.04141

[dist]
# distance from previous block
# <min> <max>
1	19

[block]
# block no. 1 follows, 34 sequences, length 19
# corresponding to MSA columns:
# 588-606
name=unknown_B
#
# <colnr> <probs for GDERKNQSTAVLIFYWHMCP>
#	G	D	E	R	K	N	Q	S	T	A	V	L	I	F	Y	W	H	M	C	P
0	0.01584	0.18870	0.21292	0.01377	0.01870	0.15348	0.01354	0.01994	0.05071	0.05285	0.01746	0.18038	0.01685	0.00945	0.00615	0.00196	0.00766	0.00759	0.00403	0.00804
1	0.01755	0.01792	0.02060	0.01860	0.07799	0.21154	0.12275	0.05410	0.01567	0.05888	0.05886	0.09371	0.01609	0.00934	0.00998	0.00218	0.17495	0.00730	0.00412	0.00787
2	0.15528	0.01184	0.01437	0.01290	0.01506	0.01394	0.01073	0.08917	0.01418	0.05510	0.01814	0.07509	0.01793	0.01164	0.01133	0.00247	0.24561	0.17048	0.00466	0.05008
3	0.14998	0.01651	0.01775	0.01856	0.17493	0.13888	0.01226	0.11585	0.01801	0.25153	0.01596	0.01622	0.01132	0.00693	0.00596	0.00192	0.00716	0.00537	0.00530	0.00959
4	0.14810	0.01119	0.01339	0.01079	0.01486	0.01093	0.00877	0.05560	0.04533	0.34363	0.13164	0.02286	0.02059	0.00837	0.00685	0.00195	0.04303	0.00654	0.00642	0.08916
5	0.01185	0.01061	0.01468	0.05289	0.17228	0.01133	0.01093	0.04870	0.01504	0.02011	0.12140	0.03752	0.29340	0.01185	0.00956	0.00220	0.13405	0.00951	0.00485	0.00723
6	0.01199	0.22034	0.17643	0.01099	0.01545	0.01324	0.01121	0.01558	0.01543	0.02077	0.29396	0.03213	0.11834	0.00997	0.00636	0.00188	0.00555	0.00818	0.00483	0.00737
7	0.02196	0.02623	0.01731	0.01570	0.01912	0.54976	0.01188	0.02810	0.20790	0.01884	0.01439	0.01501	0.01140	0.00723	0.00603	0.00181	0.00989	0.00501	0.00420	0.00823
8	0.01598	0.01305	0.01477	0.01091	0.01642	0.01149	0.00880	0.16939	0.05304	0.02567	0.01312	0.01441	0.01040	0.00564	0.00524	0.00123	0.00531	0.00444	0.00454	0.59613
9	0.00929	0.00668	0.00914	0.00914	0.00986	0.00740	0.00653	0.01074	0.01002	0.01408	0.01844	0.03168	0.01889	0.31852	0.48100	0.00885	0.01319	0.00784	0.00363	0.00508
10	0.01578	0.01181	0.01852	0.01468	0.01764	0.01207	0.17669	0.20033	0.01597	0.02144	0.01282	0.01800	0.01082	0.01441	0.01596	0.39931	0.00729	0.00615	0.00390	0.00643
11	0.00950	0.00611	0.00797	0.00804	0.00866	0.00585	0.00542	0.00994	0.01260	0.01720	0.24484	0.15109	0.06376	0.18454	0.01805	0.22162	0.00457	0.01065	0.00503	0.00457
12	0.01592	0.33153	0.37831	0.01518	0.02253	0.06113	0.01749	0.05514	0.01454	0.01910	0.01065	0.01230	0.00838	0.00600	0.00534	0.00175	0.00848	0.00426	0.00297	0.00900
13	0.01103	0.17661	0.01398	0.00962	0.01151	0.01069	0.00744	0.04762	0.01350	0.01736	0.02921	0.43395	0.07089	0.07143	0.00906	0.00258	0.00489	0.04732	0.00515	0.00616
14	0.44800	0.11495	0.01326	0.00950	0.01298	0.09258	0.00775	0.01753	0.01215	0.02246	0.01517	0.01700	0.08223	0.00901	0.00709	0.09724	0.00586	0.00486	0.00383	0.00657
15	0.01270	0.36875	0.04971	0.00964	0.01358	0.01546	0.00903	0.01502	0.01432	0.01753	0.10503	0.03511	0.24837	0.01063	0.00602	0.00183	0.00538	0.05036	0.00446	0.00705
16	0.04754	0.16608	0.04960	0.02040	0.09575	0.01729	0.25767	0.01845	0.01406	0.01978	0.09552	0.01859	0.01520	0.00738	0.00877	0.00207	0.12760	0.00652	0.00356	0.00817
17	0.01747	0.11384	0.09004	0.06072	0.10445	0.25149	0.01474	0.02012	0.01411	0.01674	0.01038	0.01381	0.00899	0.00960	0.04749	0.00245	0.18773	0.00491	0.00305	0.00790
18	0.11881	0.10115	0.01653	0.01176	0.01560	0.01279	0.03474	0.02375	0.06588	0.32633	0.02151	0.13401	0.01763	0.00955	0.00726	0.00210	0.05811	0.00765	0.00595	0.00889

[dist]
# distance from previous block
# <min> <max>
23	66

[block]
# block no. 2 follows, 34 sequences, length 9
# corresponding to MSA columns:
# 678-686
name=unknown_C
#
# <colnr> <probs for GDERKNQSTAVLIFYWHMCP>
#	G	D	E	R	K	N	Q	S	T	A	V	L	I	F	Y	W	H	M	C	P
0	0.02228	0.02211	0.01809	0.01552	0.01888	0.34520	0.01221	0.16365	0.08879	0.08797	0.01389	0.01500	0.01071	0.00795	0.00853	0.00199	0.12861	0.00526	0.00463	0.00872
1	0.32919	0.01324	0.01572	0.08343	0.01781	0.01720	0.01170	0.01699	0.01061	0.02091	0.00897	0.01300	0.00791	0.00877	0.01307	0.00244	0.39388	0.00482	0.00329	0.00705
2	0.01642	0.01426	0.01942	0.05677	0.01978	0.01740	0.06452	0.21646	0.03711	0.02349	0.01289	0.01697	0.01082	0.01522	0.12638	0.00363	0.31003	0.00610	0.00412	0.00822
3	0.32924	0.01299	0.01718	0.24022	0.19546	0.01503	0.01384	0.01821	0.01239	0.02244	0.01046	0.01408	0.00836	0.00645	0.00650	0.00208	0.05898	0.00486	0.00339	0.00783
4	0.01392	0.01345	0.02347	0.42012	0.31493	0.01490	0.07015	0.01813	0.01380	0.01863	0.01187	0.01675	0.00934	0.00611	0.00652	0.00206	0.00841	0.00589	0.00303	0.00850
5	0.01509	0.01123	0.01697	0.46337	0.03275	0.01293	0.01438	0.09254	0.01546	0.11431	0.01748	0.13325	0.01509	0.00892	0.00674	0.00218	0.00729	0.00779	0.00442	0.00780
6	0.01370	0.01301	0.02208	0.47449	0.31573	0.01475	0.01869	0.01782	0.01363	0.01832	0.01175	0.01674	0.00925	0.00618	0.00644	0.00206	0.00824	0.00575	0.00300	0.00838
7	0.01625	0.01267	0.01817	0.46408	0.03398	0.01484	0.01509	0.11262	0.12472	0.09935	0.01581	0.01857	0.01143	0.00715	0.00648	0.00211	0.00754	0.00607	0.00447	0.00856
8	0.01350	0.01024	0.01135	0.01033	0.01309	0.01038	0.00819	0.23592	0.01941	0.02505	0.04042	0.16253	0.29592	0.01441	0.00753	0.00228	0.00494	0.10111	0.00614	0.00727

[dist]
# distance from previous block
# <min> <max>
0	25

[block]
# block no. 3 follows, 34 sequences, length 9
# corresponding to MSA columns:
# 712-720
name=unknown_D
#
# <colnr> <probs for GDERKNQSTAVLIFYWHMCP>
#	G	D	E	R	K	N	Q	S	T	A	V	L	I	F	Y	W	H	M	C	P
0	0.11074	0.15191	0.13726	0.01339	0.01894	0.10088	0.01266	0.14078	0.01793	0.21374	0.01502	0.01503	0.01064	0.00684	0.00567	0.00185	0.00734	0.00497	0.00498	0.00944
1	0.10728	0.01284	0.01500	0.01231	0.01592	0.01401	0.01003	0.23505	0.01798	0.10897	0.01513	0.01760	0.01189	0.01706	0.17962	0.00389	0.08846	0.00564	0.00497	0.10640
2	0.15367	0.01403	0.01717	0.01375	0.01800	0.08923	0.13102	0.06081	0.01549	0.13955	0.01789	0.14570	0.01592	0.00868	0.00624	0.00194	0.00669	0.00754	0.00492	0.13173
3	0.01629	0.43696	0.14782	0.01279	0.01839	0.02031	0.01307	0.01932	0.01315	0.05147	0.01046	0.01226	0.00882	0.00630	0.00657	0.00163	0.09083	0.00411	0.00315	0.10630
4	0.01581	0.10645	0.18108	0.01411	0.01851	0.01567	0.01354	0.02325	0.20125	0.10326	0.01881	0.09689	0.01587	0.00935	0.00884	0.00220	0.13444	0.00708	0.00473	0.00887
5	0.10041	0.40517	0.22537	0.01348	0.01935	0.02083	0.01452	0.01920	0.01269	0.01816	0.00965	0.01171	0.00815	0.00639	0.00658	0.00179	0.09124	0.00407	0.00289	0.00837
6	0.01406	0.01473	0.02151	0.14439	0.09328	0.09881	0.16404	0.01723	0.01363	0.01756	0.01820	0.02218	0.09428	0.01302	0.09463	0.00315	0.13737	0.00701	0.00347	0.00746
7	0.01151	0.00781	0.00975	0.00936	0.01076	0.00756	0.00657	0.09097	0.01317	0.01796	0.02224	0.31053	0.02462	0.10571	0.01504	0.21777	0.00505	0.01080	0.00471	0.09810
8	0.05533	0.00932	0.01366	0.01248	0.01501	0.00903	0.08900	0.05561	0.01521	0.13271	0.02858	0.32088	0.02980	0.01461	0.00774	0.00249	0.00562	0.16992	0.00591	0.00713

[dist]
# distance from previous block
# <min> <max>
0	1

[block]
# block no. 4 follows, 34 sequences, length 6
# corresponding to MSA columns:
# 722-727
name=unknown_E
#
# <colnr> <probs for GDERKNQSTAVLIFYWHMCP>
#	G	D	E	R	K	N	Q	S	T	A	V	L	I	F	Y	W	H	M	C	P
0	0.06036	0.14686	0.07359	0.01323	0.01721	0.18653	0.01130	0.18458	0.01823	0.02290	0.01708	0.18568	0.01675	0.00977	0.00618	0.00195	0.00744	0.00770	0.00459	0.00808
1	0.01266	0.02165	0.35989	0.02244	0.22988	0.01283	0.01852	0.01760	0.01366	0.01973	0.01736	0.19051	0.01685	0.00932	0.00671	0.00214	0.00765	0.00823	0.00363	0.00875
2	0.01314	0.01513	0.17789	0.01220	0.01612	0.01110	0.01150	0.17602	0.01807	0.02479	0.15036	0.24452	0.07734	0.01259	0.00720	0.00220	0.00570	0.01082	0.00556	0.00774
3	0.01822	0.01323	0.01210	0.01104	0.01336	0.17981	0.00802	0.01960	0.01482	0.22629	0.02293	0.19542	0.02216	0.19800	0.01321	0.00311	0.00672	0.00938	0.00545	0.00713
4	0.02187	0.01275	0.01508	0.01205	0.01621	0.01298	0.00976	0.27400	0.07089	0.26958	0.18612	0.02591	0.02493	0.00918	0.00675	0.00200	0.00549	0.00752	0.00714	0.00980
5	0.01635	0.07849	0.16938	0.01266	0.01860	0.01320	0.01222	0.02368	0.17921	0.11848	0.01665	0.01686	0.01241	0.00649	0.00567	0.00165	0.00614	0.00517	0.00471	0.28198

[dist]
# distance from previous block
# <min> <max>
0	4

[block]
# block no. 5 follows, 34 sequences, length 8
# corresponding to MSA columns:
# 732-739
name=unknown_F
#
# <colnr> <probs for GDERKNQSTAVLIFYWHMCP>
#	G	D	E	R	K	N	Q	S	T	A	V	L	I	F	Y	W	H	M	C	P
0	0.01708	0.01074	0.01364	0.01181	0.01480	0.01162	0.00946	0.18132	0.05644	0.16269	0.01899	0.02233	0.01511	0.02876	0.38690	0.00630	0.01192	0.00660	0.00523	0.00827
1	0.00933	0.01289	0.17962	0.00980	0.01352	0.00789	0.00972	0.01276	0.01551	0.02063	0.24631	0.04670	0.36507	0.01304	0.00728	0.00211	0.00468	0.01098	0.00555	0.00661
2	0.01136	0.00999	0.01429	0.14724	0.01841	0.01214	0.01092	0.01409	0.01453	0.02076	0.35966	0.03130	0.03404	0.01135	0.01192	0.00232	0.25554	0.00860	0.00492	0.00662
3	0.00810	0.00650	0.00684	0.00679	0.00851	0.00566	0.00484	0.00958	0.01410	0.01737	0.12101	0.05723	0.53733	0.15357	0.01222	0.00291	0.00379	0.01268	0.00573	0.00524
4	0.06535	0.21981	0.09726	0.08488	0.02107	0.20030	0.01284	0.02357	0.01557	0.18194	0.01353	0.01436	0.01001	0.00656	0.00553	0.00177	0.00811	0.00469	0.00418	0.00866
5	0.02186	0.27828	0.02347	0.01479	0.01885	0.50766	0.01201	0.02366	0.01659	0.01561	0.00965	0.01123	0.00831	0.00628	0.00527	0.00157	0.01008	0.00393	0.00314	0.00776
6	0.00950	0.14655	0.01166	0.00748	0.01022	0.00916	0.00611	0.01131	0.01469	0.01765	0.10254	0.05177	0.55110	0.01417	0.00700	0.00203	0.00392	0.01165	0.00549	0.00602
7	0.01010	0.00744	0.00857	0.00880	0.00959	0.00771	0.00575	0.01380	0.13971	0.01648	0.02650	0.27996	0.02919	0.38434	0.01993	0.00432	0.00522	0.01199	0.00509	0.00550

[dist]
# distance from previous block
# <min> <max>
5	8

[block]
# block no. 6 follows, 34 sequences, length 6
# corresponding to MSA columns:
# 749-754
name=unknown_G
#
# <colnr> <probs for GDERKNQSTAVLIFYWHMCP>
#	G	D	E	R	K	N	Q	S	T	A	V	L	I	F	Y	W	H	M	C	P
0	0.00949	0.14518	0.01193	0.00854	0.01046	0.00899	0.00654	0.01096	0.01331	0.01659	0.04094	0.39193	0.26983	0.01627	0.00730	0.00225	0.00416	0.01407	0.00541	0.00587
1	0.01695	0.01367	0.01965	0.22499	0.16331	0.01581	0.01506	0.09309	0.11044	0.10098	0.01504	0.01771	0.01146	0.00781	0.00913	0.00220	0.14332	0.00603	0.00437	0.00898
2	0.02089	0.01649	0.01801	0.01722	0.11397	0.09675	0.01218	0.36412	0.02262	0.08643	0.01709	0.07941	0.01412	0.01222	0.07565	0.00276	0.00823	0.00683	0.00548	0.00953
3	0.01303	0.01067	0.01486	0.01816	0.21553	0.01086	0.01071	0.08147	0.08225	0.02339	0.22670	0.13014	0.03172	0.08994	0.00977	0.00252	0.00536	0.00971	0.00541	0.00777
4	0.01381	0.11436	0.08922	0.01096	0.01420	0.01131	0.00960	0.08054	0.01480	0.09855	0.02614	0.23532	0.08821	0.05086	0.10908	0.00344	0.00720	0.01006	0.00505	0.00731
5	0.21239	0.14937	0.01704	0.03909	0.01542	0.01553	0.01001	0.01768	0.01204	0.09370	0.01416	0.08582	0.01299	0.01362	0.09553	0.00312	0.17496	0.00616	0.00401	0.00736

[dist]
# distance from previous block
# <min> <max>
13	68

[block]
# block no. 7 follows, 34 sequences, length 7
# corresponding to MSA columns:
# 828-834
name=unknown_H
#
# <colnr> <probs for GDERKNQSTAVLIFYWHMCP>
#	G	D	E	R	K	N	Q	S	T	A	V	L	I	F	Y	W	H	M	C	P
0	0.01257	0.14164	0.26416	0.01402	0.01945	0.01367	0.06082	0.01780	0.06383	0.01939	0.04530	0.12980	0.08211	0.01002	0.00656	0.00208	0.00692	0.05163	0.00418	0.03406
1	0.01415	0.01957	0.24184	0.08038	0.09538	0.06468	0.05220	0.02065	0.11184	0.04535	0.08105	0.10800	0.01917	0.00885	0.00670	0.00211	0.00748	0.00769	0.00435	0.00856
2	0.01347	0.07706	0.29753	0.05635	0.11781	0.01468	0.15321	0.01858	0.01370	0.01937	0.01386	0.06900	0.01185	0.00988	0.05885	0.00261	0.00932	0.00650	0.00322	0.03314
3	0.06349	0.01495	0.16274	0.01493	0.04903	0.01086	0.09911	0.01679	0.04498	0.02164	0.13612	0.12828	0.02587	0.01048	0.00695	0.00214	0.00639	0.09157	0.00473	0.08896
4	0.09893	0.12383	0.20581	0.04534	0.06191	0.01451	0.06950	0.01883	0.05892	0.02080	0.04440	0.07497	0.01659	0.00854	0.00624	0.00205	0.00714	0.07490	0.00397	0.04282
5	0.07190	0.08431	0.14311	0.05232	0.09645	0.03736	0.08095	0.04822	0.01512	0.07178	0.07590	0.10971	0.04351	0.00879	0.00641	0.00201	0.00695	0.00763	0.00439	0.03318
6	0.04006	0.15139	0.13822	0.01536	0.07178	0.10986	0.01303	0.06785	0.05626	0.02061	0.07533	0.12301	0.01852	0.00928	0.00724	0.00201	0.06060	0.00728	0.00421	0.00811

[dist]
# distance from previous block
# <min> <max>
14	125

[block]
# block no. 8 follows, 34 sequences, length 10
# corresponding to MSA columns:
# 975-984
name=unknown_I
#
# <colnr> <probs for GDERKNQSTAVLIFYWHMCP>
#	G	D	E	R	K	N	Q	S	T	A	V	L	I	F	Y	W	H	M	C	P
0	0.01416	0.03900	0.09875	0.10280	0.02025	0.01258	0.05193	0.17736	0.01820	0.02490	0.15791	0.16585	0.02603	0.01051	0.00690	0.00207	0.00622	0.00916	0.00519	0.05024
1	0.16135	0.01154	0.01355	0.05345	0.01661	0.01182	0.00935	0.13581	0.04442	0.29268	0.02213	0.16156	0.01843	0.00989	0.00639	0.00213	0.00550	0.00812	0.00632	0.00895
2	0.01185	0.01045	0.01501	0.01493	0.07339	0.06889	0.11565	0.01336	0.01320	0.01714	0.06276	0.30880	0.02691	0.01557	0.01105	0.15724	0.00625	0.04698	0.00458	0.00599
3	0.01369	0.01412	0.02735	0.02199	0.08335	0.01351	0.41044	0.01934	0.07372	0.02213	0.16379	0.02677	0.06282	0.00797	0.00744	0.00213	0.00811	0.00863	0.00448	0.00824
4	0.01220	0.01148	0.01938	0.75739	0.04450	0.01436	0.01794	0.01651	0.01292	0.01651	0.01148	0.01723	0.00861	0.00646	0.00646	0.00215	0.00861	0.00574	0.00287	0.00718
5	0.00914	0.00660	0.00864	0.00813	0.00965	0.00610	0.00610	0.01219	0.01829	0.02591	0.72921	0.04827	0.06097	0.01321	0.00762	0.00203	0.00305	0.01169	0.00711	0.00610
6	0.01599	0.01535	0.02623	0.03966	0.73262	0.01535	0.01983	0.01983	0.01471	0.02111	0.01215	0.01599	0.01023	0.00576	0.00640	0.00192	0.00768	0.00576	0.00320	0.01023
7	0.01220	0.01148	0.01938	0.75739	0.04450	0.01436	0.01794	0.01651	0.01292	0.01651	0.01148	0.01723	0.00861	0.00646	0.00646	0.00215	0.00861	0.00574	0.00287	0.00718
8	0.01599	0.01535	0.02623	0.03966	0.73262	0.01535	0.01983	0.01983	0.01471	0.02111	0.01215	0.01599	0.01023	0.00576	0.00640	0.00192	0.00768	0.00576	0.00320	0.01023
9	0.02456	0.01810	0.01939	0.01487	0.02004	0.02004	0.01228	0.71107	0.03038	0.04072	0.01551	0.01551	0.01099	0.00776	0.00646	0.00194	0.00711	0.00582	0.00646	0.01099

[dist]
# distance from previous block
# <min> <max>
0	1

[block]
# block no. 9 follows, 34 sequences, length 24
# corresponding to MSA columns:
# 986-1000,1002-1010
name=unknown_J
#
# <colnr> <probs for GDERKNQSTAVLIFYWHMCP>
#	G	D	E	R	K	N	Q	S	T	A	V	L	I	F	Y	W	H	M	C	P
0	0.81856	0.01250	0.00950	0.00850	0.01250	0.01449	0.00700	0.01899	0.01100	0.02899	0.00900	0.01050	0.00700	0.00600	0.00400	0.00200	0.00500	0.00350	0.00400	0.00700
1	0.01599	0.01535	0.02623	0.03966	0.73262	0.01535	0.01983	0.01983	0.01471	0.02111	0.01215	0.01599	0.01023	0.00576	0.00640	0.00192	0.00768	0.00576	0.00320	0.01023
2	0.01872	0.01329	0.01469	0.01281	0.01674	0.01473	0.01008	0.03375	0.57716	0.17237	0.02613	0.02367	0.01896	0.00861	0.00656	0.00215	0.00519	0.00714	0.00687	0.01038
3	0.01607	0.01388	0.01461	0.01315	0.01680	0.01607	0.01023	0.03433	0.72094	0.02703	0.02630	0.02411	0.01972	0.00877	0.00657	0.00219	0.00511	0.00731	0.00657	0.01023
4	0.61752	0.01391	0.01200	0.01011	0.01441	0.01590	0.00834	0.19423	0.01590	0.03196	0.01065	0.01177	0.00801	0.00644	0.00462	0.00198	0.00553	0.00409	0.00462	0.00801
5	0.02899	0.01100	0.01499	0.01150	0.01649	0.00950	0.00950	0.03149	0.01849	0.73709	0.02549	0.02199	0.01599	0.00800	0.00650	0.00200	0.00550	0.00650	0.00800	0.01100
6	0.00787	0.00562	0.00750	0.00900	0.00937	0.00525	0.00600	0.00900	0.01237	0.01649	0.03561	0.76871	0.04274	0.02024	0.00825	0.00262	0.00375	0.01837	0.00600	0.00525
7	0.02445	0.02131	0.01912	0.01532	0.02002	0.20410	0.01233	0.53756	0.02732	0.03441	0.01411	0.01454	0.01031	0.00748	0.00630	0.00187	0.00826	0.00540	0.00567	0.01010
8	0.01220	0.01148	0.01938	0.75739	0.04450	0.01436	0.01794	0.01651	0.01292	0.01651	0.01148	0.01723	0.00861	0.00646	0.00646	0.00215	0.00861	0.00574	0.00287	0.00718
9	0.01340	0.01148	0.01340	0.00957	0.01531	0.00861	0.00766	0.01627	0.01340	0.02105	0.01148	0.01340	0.00957	0.00479	0.00479	0.00096	0.00479	0.00383	0.00383	0.81242
10	0.01599	0.01535	0.02623	0.03966	0.73262	0.01535	0.01983	0.01983	0.01471	0.02111	0.01215	0.01599	0.01023	0.00576	0.00640	0.00192	0.00768	0.00576	0.00320	0.01023
11	0.61752	0.01391	0.01200	0.01011	0.01441	0.01590	0.00834	0.19423	0.01590	0.03196	0.01065	0.01177	0.00801	0.00644	0.00462	0.00198	0.00553	0.00409	0.00462	0.00801
12	0.50668	0.01370	0.01277	0.01053	0.01497	0.01520	0.00869	0.19598	0.01696	0.13136	0.01296	0.01338	0.00927	0.00672	0.00497	0.00198	0.00560	0.00451	0.00518	0.00857
13	0.43596	0.01520	0.01426	0.01157	0.01613	0.01717	0.00954	0.35248	0.02034	0.03464	0.01214	0.01291	0.00892	0.00685	0.00519	0.00197	0.00602	0.00462	0.00519	0.00892
14	0.01709	0.74500	0.06406	0.01137	0.01707	0.02511	0.01160	0.01940	0.01315	0.01543	0.00909	0.01051	0.00829	0.00555	0.00423	0.00141	0.00702	0.00351	0.00276	0.00835
15	0.02456	0.01810	0.01939	0.01487	0.02004	0.02004	0.01228	0.71107	0.03038	0.04072	0.01551	0.01551	0.01099	0.00776	0.00646	0.00194	0.00711	0.00582	0.00646	0.01099
16	0.20395	0.01612	0.01886	0.01969	0.19874	0.01758	0.01298	0.37780	0.02198	0.03307	0.01317	0.01449	0.00988	0.00685	0.00588	0.00195	0.00677	0.00527	0.00507	0.00988
17	0.02239	0.01740	0.02112	0.02114	0.20047	0.01885	0.01419	0.53605	0.02641	0.03576	0.01466	0.01563	0.01080	0.00725	0.00645	0.00193	0.00725	0.00580	0.00564	0.01080
18	0.01709	0.01551	0.02389	0.03316	0.55178	0.01604	0.01766	0.10918	0.10611	0.02434	0.01437	0.01696	0.01153	0.00639	0.00643	0.00196	0.00728	0.00596	0.00404	0.01033
19	0.02032	0.01599	0.01700	0.01401	0.01842	0.01806	0.01126	0.37317	0.37519	0.03388	0.02090	0.01980	0.01535	0.00826	0.00652	0.00207	0.00611	0.00656	0.00652	0.01061
20	0.01649	0.01345	0.01417	0.01223	0.01597	0.01490	0.00966	0.20056	0.40154	0.02854	0.03158	0.02972	0.16289	0.01007	0.00676	0.00213	0.00524	0.00822	0.00643	0.00944
21	0.12503	0.01900	0.01800	0.01429	0.01907	0.11137	0.01164	0.53670	0.02640	0.03608	0.01399	0.01439	0.01015	0.00739	0.00607	0.00191	0.00742	0.00531	0.00575	0.01004
22	0.01220	0.01148	0.01938	0.75739	0.04450	0.01436	0.01794	0.01651	0.01292	0.01651	0.01148	0.01723	0.00861	0.00646	0.00646	0.00215	0.00861	0.00574	0.00287	0.00718
23	0.01766	0.01851	0.02461	0.03495	0.58675	0.16511	0.01833	0.02105	0.01545	0.02003	0.01171	0.01510	0.00984	0.00594	0.00628	0.00187	0.00849	0.00543	0.00323	0.00967

[dist]
# distance from previous block
# <min> <max>
0	1

[block]
# block no. 10 follows, 34 sequences, length 7
# corresponding to MSA columns:
# 1012-1018
name=unknown_K
#
# <colnr> <probs for GDERKNQSTAVLIFYWHMCP>
#	G	D	E	R	K	N	Q	S	T	A	V	L	I	F	Y	W	H	M	C	P
0	0.02001	0.32349	0.02822	0.01567	0.02098	0.11641	0.13006	0.22755	0.01933	0.02386	0.01176	0.01327	0.00936	0.00633	0.00565	0.00172	0.00826	0.00496	0.00403	0.00907
1	0.01512	0.01478	0.02321	0.02901	0.39689	0.01743	0.01716	0.01782	0.01245	0.01850	0.01043	0.01512	0.00941	0.00836	0.01334	0.00235	0.36112	0.00571	0.00302	0.00875
2	0.81856	0.01250	0.00950	0.00850	0.01250	0.01449	0.00700	0.01899	0.01100	0.02899	0.00900	0.01050	0.00700	0.00600	0.00400	0.00200	0.00500	0.00350	0.00400	0.00700
3	0.01550	0.01418	0.01689	0.01379	0.01756	0.13508	0.15215	0.01969	0.08638	0.10829	0.03639	0.03561	0.29974	0.01067	0.00708	0.00207	0.00672	0.00927	0.00529	0.00764
4	0.00947	0.00754	0.00954	0.00889	0.01106	0.00727	0.00680	0.01153	0.01214	0.01661	0.03093	0.03542	0.22925	0.07629	0.35560	0.00607	0.01030	0.00856	0.00431	0.14243
5	0.11604	0.52838	0.17641	0.01226	0.01842	0.02201	0.01320	0.01953	0.01297	0.01800	0.00952	0.01106	0.00811	0.00571	0.00454	0.00160	0.00722	0.00373	0.00291	0.00839
6	0.01445	0.28971	0.49619	0.01588	0.02404	0.01865	0.01945	0.02008	0.01346	0.01865	0.01069	0.01251	0.00822	0.00593	0.00545	0.00182	0.00864	0.00432	0.00274	0.00912

[dist]
# distance from previous block
# <min> <max>
0	1

[block]
# block no. 11 follows, 34 sequences, length 10
# corresponding to MSA columns:
# 1021-1030
name=unknown_L
#
# <colnr> <probs for GDERKNQSTAVLIFYWHMCP>
#	G	D	E	R	K	N	Q	S	T	A	V	L	I	F	Y	W	H	M	C	P
0	0.46984	0.03634	0.07182	0.01071	0.01534	0.01453	0.00951	0.04530	0.11748	0.13230	0.01439	0.01461	0.01046	0.00675	0.00500	0.00201	0.00558	0.00468	0.00491	0.00844
1	0.37918	0.01498	0.02003	0.01549	0.02040	0.01607	0.21598	0.13175	0.08124	0.02823	0.01285	0.01461	0.00965	0.00637	0.00571	0.00206	0.00709	0.00544	0.00442	0.00844
2	0.00974	0.00736	0.01007	0.00981	0.01044	0.00852	0.00716	0.01115	0.00999	0.01417	0.01757	0.03035	0.01805	0.30279	0.42573	0.00822	0.08240	0.00769	0.00356	0.00523
3	0.06794	0.01266	0.01389	0.01190	0.01548	0.01385	0.00942	0.17066	0.28853	0.04752	0.13371	0.02469	0.02261	0.01251	0.07518	0.00278	0.00632	0.00718	0.00606	0.05712
4	0.01249	0.01040	0.01246	0.00987	0.01453	0.00816	0.00793	0.01523	0.01353	0.02042	0.01687	0.08534	0.01643	0.00801	0.00569	0.00140	0.00487	0.10653	0.00432	0.62552
5	0.01221	0.23542	0.01676	0.00937	0.01274	0.01233	0.00799	0.01467	0.01496	0.02001	0.24632	0.03470	0.09620	0.04312	0.00735	0.00195	0.00489	0.06837	0.00495	0.13570
6	0.01622	0.01395	0.01770	0.01507	0.01666	0.01754	0.01228	0.22037	0.01635	0.02315	0.01491	0.13538	0.01471	0.01169	0.01477	0.00253	0.41664	0.00774	0.00441	0.00794
7	0.01367	0.01834	0.22848	0.01272	0.01928	0.01162	0.01284	0.02022	0.11942	0.02177	0.01374	0.01507	0.01068	0.00578	0.00545	0.00146	0.00624	0.00463	0.00391	0.45465
8	0.01600	0.55677	0.24271	0.01323	0.01995	0.02244	0.01485	0.01968	0.01328	0.01676	0.00976	0.01133	0.00826	0.00571	0.00474	0.00158	0.00769	0.00385	0.00275	0.00866
9	0.01670	0.35469	0.31688	0.01464	0.02174	0.02041	0.01644	0.13057	0.01610	0.02142	0.01109	0.01251	0.00868	0.00613	0.00532	0.00174	0.00801	0.00437	0.00334	0.00923

[dist]
# distance from previous block
# <min> <max>
1	6

[block]
# block no. 12 follows, 34 sequences, length 56
# corresponding to MSA columns:
# 1037-1092
name=unknown_M
#
# <colnr> <probs for GDERKNQSTAVLIFYWHMCP>
#	G	D	E	R	K	N	Q	S	T	A	V	L	I	F	Y	W	H	M	C	P
0	0.01330	0.01762	0.23408	0.01891	0.18767	0.01221	0.01444	0.07303	0.01368	0.01930	0.01535	0.02514	0.01467	0.29490	0.01630	0.00360	0.00766	0.00684	0.00360	0.00771
1	0.01579	0.52174	0.27596	0.01358	0.02049	0.02194	0.01545	0.01973	0.01330	0.01701	0.00988	0.01149	0.00826	0.00574	0.00483	0.00161	0.00782	0.00391	0.00275	0.00872
2	0.01404	0.02512	0.42219	0.07899	0.29190	0.01509	0.02194	0.01994	0.01399	0.02042	0.01180	0.01477	0.00898	0.00602	0.00626	0.00201	0.00878	0.00521	0.00291	0.00964
3	0.01486	0.36135	0.42820	0.01517	0.02294	0.01966	0.01822	0.01997	0.01342	0.01814	0.01044	0.01220	0.00823	0.00587	0.00526	0.00175	0.00838	0.00419	0.00274	0.00899
4	0.01835	0.06692	0.38139	0.01644	0.02383	0.01781	0.01803	0.32713	0.02105	0.02917	0.01319	0.01430	0.00944	0.00682	0.00618	0.00196	0.00832	0.00517	0.00439	0.01012
5	0.01363	0.14888	0.62986	0.01727	0.02620	0.01665	0.02188	0.02029	0.01356	0.01965	0.01119	0.01313	0.00820	0.00604	0.00583	0.00194	0.00914	0.00457	0.00273	0.00935
6	0.01296	0.03342	0.73944	0.01842	0.02797	0.01501	0.02387	0.02046	0.01364	0.02046	0.01160	0.01364	0.00818	0.00614	0.00614	0.00205	0.00955	0.00477	0.00273	0.00955
7	0.01234	0.26842	0.18000	0.01102	0.01583	0.01440	0.01144	0.01572	0.01469	0.01912	0.17098	0.03125	0.19139	0.00983	0.00614	0.00186	0.00584	0.00787	0.00442	0.00744
8	0.01425	0.25519	0.52896	0.01622	0.02457	0.01816	0.02005	0.02013	0.01349	0.01889	0.01082	0.01266	0.00822	0.00596	0.00554	0.00185	0.00876	0.00438	0.00274	0.00917
9	0.01296	0.03342	0.73944	0.01842	0.02797	0.01501	0.02387	0.02046	0.01364	0.02046	0.01160	0.01364	0.00818	0.00614	0.00614	0.00205	0.00955	0.00477	0.00273	0.00955
10	0.01299	0.01059	0.01149	0.00965	0.01302	0.03510	0.00758	0.13185	0.01823	0.02470	0.23215	0.03711	0.19830	0.01093	0.00672	0.00181	0.00459	0.02808	0.00578	0.19932
11	0.01522	0.43655	0.02442	0.01036	0.01566	0.01784	0.00945	0.01755	0.01319	0.01753	0.01153	0.05674	0.01084	0.00612	0.00464	0.00129	0.00590	0.00449	0.00337	0.31731
12	0.01000	0.01848	0.33205	0.01182	0.01727	0.00970	0.01333	0.01424	0.01425	0.01879	0.04153	0.04062	0.40941	0.01182	0.00697	0.00212	0.00606	0.00970	0.00455	0.00727
13	0.01088	0.01032	0.01900	0.01589	0.01837	0.01013	0.25044	0.01352	0.01319	0.01788	0.02586	0.45438	0.02887	0.01447	0.00895	0.00248	0.06019	0.01374	0.00483	0.00658
14	0.01712	0.01585	0.02907	0.02169	0.02643	0.01651	0.39958	0.06293	0.06568	0.09857	0.01456	0.01761	0.01098	0.00730	0.01015	0.00228	0.16376	0.00697	0.00411	0.00887
15	0.01436	0.01601	0.03414	0.02464	0.03056	0.01496	0.61707	0.01941	0.01544	0.02088	0.06722	0.02229	0.05638	0.00665	0.00763	0.00217	0.00988	0.00827	0.00370	0.00833
16	0.00940	0.00626	0.00705	0.00705	0.00705	0.00626	0.00392	0.00940	0.00940	0.01253	0.02036	0.04228	0.02349	0.77292	0.03289	0.00626	0.00626	0.00940	0.00392	0.00392
17	0.01435	0.01282	0.01673	0.34369	0.02910	0.01531	0.01365	0.02642	0.40649	0.02236	0.01972	0.02105	0.01479	0.00774	0.00652	0.00217	0.00667	0.00661	0.00493	0.00887
18	0.01296	0.03342	0.73944	0.01842	0.02797	0.01501	0.02387	0.02046	0.01364	0.02046	0.01160	0.01364	0.00818	0.00614	0.00614	0.00205	0.00955	0.00477	0.00273	0.00955
19	0.00999	0.00681	0.00882	0.00820	0.00992	0.00622	0.00619	0.01294	0.01811	0.05873	0.66089	0.04778	0.09455	0.01313	0.00757	0.00204	0.00317	0.01155	0.00709	0.00629
20	0.02443	0.01703	0.01858	0.01438	0.01942	0.01862	0.01183	0.58954	0.07830	0.11487	0.01736	0.01682	0.01215	0.00785	0.00648	0.00196	0.00679	0.00600	0.00664	0.01093
21	0.01296	0.03342	0.73944	0.01842	0.02797	0.01501	0.02387	0.02046	0.01364	0.02046	0.01160	0.01364	0.00818	0.00614	0.00614	0.00205	0.00955	0.00477	0.00273	0.00955
22	0.00831	0.00657	0.00747	0.00725	0.00914	0.00574	0.00544	0.01057	0.01631	0.02121	0.36025	0.05600	0.43286	0.01496	0.00763	0.00212	0.00317	0.01277	0.00649	0.00574
23	0.01220	0.01148	0.01938	0.75739	0.04450	0.01436	0.01794	0.01651	0.01292	0.01651	0.01148	0.01723	0.00861	0.00646	0.00646	0.00215	0.00861	0.00574	0.00287	0.00718
24	0.00940	0.00626	0.00705	0.00705	0.00705	0.00626	0.00392	0.00940	0.00940	0.01253	0.02036	0.04228	0.02349	0.77292	0.03289	0.00626	0.00626	0.00940	0.00392	0.00392
25	0.01340	0.01148	0.01340	0.00957	0.01531	0.00861	0.00766	0.01627	0.01340	0.02105	0.01148	0.01340	0.00957	0.00479	0.00479	0.00096	0.00479	0.00383	0.00383	0.81242
26	0.59312	0.01207	0.01107	0.00935	0.01364	0.01307	0.00771	0.02256	0.01314	0.23117	0.01371	0.01378	0.00957	0.00657	0.00471	0.00200	0.00514	0.00436	0.00514	0.00814
27	0.01296	0.03342	0.73944	0.01842	0.02797	0.01501	0.02387	0.02046	0.01364	0.02046	0.01160	0.01364	0.00818	0.00614	0.00614	0.00205	0.00955	0.00477	0.00273	0.00955
28	0.00831	0.00657	0.00747	0.00725	0.00914	0.00574	0.00544	0.01057	0.01631	0.02121	0.36025	0.05600	0.43286	0.01496	0.00763	0.00212	0.00317	0.01277	0.00649	0.00574
29	0.81856	0.01250	0.00950	0.00850	0.01250	0.01449	0.00700	0.01899	0.01100	0.02899	0.00900	0.01050	0.00700	0.00600	0.00400	0.00200	0.00500	0.00350	0.00400	0.00700
30	0.01340	0.01148	0.01340	0.00957	0.01531	0.00861	0.00766	0.01627	0.01340	0.02105	0.01148	0.01340	0.00957	0.00479	0.00479	0.00096	0.00479	0.00383	0.00383	0.81242
31	0.00883	0.00631	0.00859	0.01009	0.01088	0.00607	0.00766	0.01065	0.01331	0.01756	0.03508	0.50670	0.04065	0.01934	0.00850	0.00276	0.00458	0.27094	0.00598	0.00551
32	0.81856	0.01250	0.00950	0.00850	0.01250	0.01449	0.00700	0.01899	0.01100	0.02899	0.00900	0.01050	0.00700	0.00600	0.00400	0.00200	0.00500	0.00350	0.00400	0.00700
33	0.21730	0.40360	0.02317	0.01092	0.01561	0.02053	0.00984	0.02284	0.18158	0.02147	0.01312	0.01368	0.01070	0.00642	0.00469	0.00173	0.00600	0.00439	0.00398	0.00843
34	0.01306	0.01266	0.01956	0.42854	0.03227	0.01677	0.01625	0.01608	0.01158	0.01608	0.01015	0.01585	0.00855	0.00861	0.01301	0.00245	0.34282	0.00570	0.00285	0.00713
35	0.01220	0.01148	0.01938	0.75739	0.04450	0.01436	0.01794	0.01651	0.01292	0.01651	0.01148	0.01723	0.00861	0.00646	0.00646	0.00215	0.00861	0.00574	0.00287	0.00718
36	0.00787	0.00562	0.00750	0.00900	0.00937	0.00525	0.00600	0.00900	0.01237	0.01649	0.03561	0.76871	0.04274	0.02024	0.00825	0.00262	0.00375	0.01837	0.00600	0.00525
37	0.01204	0.00602	0.00602	0.00602	0.00753	0.00602	0.00452	0.01506	0.01355	0.02409	0.02108	0.02409	0.01656	0.00753	0.00452	0.00151	0.00301	0.00602	0.80879	0.00602
38	0.01599	0.01535	0.02623	0.03966	0.73262	0.01535	0.01983	0.01983	0.01471	0.02111	0.01215	0.01599	0.01023	0.00576	0.00640	0.00192	0.00768	0.00576	0.00320	0.01023
39	0.00764	0.00655	0.00655	0.00655	0.00873	0.00545	0.00491	0.00927	0.01473	0.01745	0.06546	0.06218	0.73000	0.01636	0.00764	0.00218	0.00327	0.01364	0.00600	0.00545
40	0.01373	0.01363	0.02486	0.43607	0.20658	0.01500	0.16036	0.01816	0.01383	0.01847	0.01197	0.01697	0.00924	0.00608	0.00668	0.00210	0.00886	0.00613	0.00303	0.00822
41	0.01204	0.00602	0.00602	0.00602	0.00753	0.00602	0.00452	0.01506	0.01355	0.02409	0.02108	0.02409	0.01656	0.00753	0.00452	0.00151	0.00301	0.00602	0.80879	0.00602
42	0.00839	0.00658	0.00759	0.00734	0.00919	0.00578	0.00550	0.01073	0.01651	0.02168	0.39724	0.05523	0.39558	0.01479	0.00763	0.00211	0.00316	0.01266	0.00656	0.00578
43	0.01552	0.19635	0.02664	0.18025	0.42034	0.01759	0.01735	0.01903	0.01397	0.01875	0.01126	0.01490	0.00944	0.00585	0.00587	0.00184	0.00769	0.00520	0.00303	0.00914
44	0.81856	0.01250	0.00950	0.00850	0.01250	0.01449	0.00700	0.01899	0.01100	0.02899	0.00900	0.01050	0.00700	0.00600	0.00400	0.00200	0.00500	0.00350	0.00400	0.00700
45	0.01444	0.01364	0.02074	0.02794	0.41347	0.03986	0.01577	0.01732	0.01363	0.01904	0.01606	0.06542	0.01588	0.05002	0.01074	0.00247	0.13545	0.09600	0.00369	0.00843
46	0.01122	0.00561	0.00842	0.00842	0.00842	0.00561	0.00561	0.00842	0.00842	0.01122	0.01122	0.01964	0.01122	0.02245	0.02525	0.81201	0.00561	0.00561	0.00281	0.00281
47	0.01060	0.00919	0.01568	0.01269	0.01541	0.00854	0.17395	0.01422	0.01756	0.02467	0.55824	0.04090	0.04875	0.01136	0.00762	0.00207	0.00492	0.01072	0.00619	0.00672
48	0.81856	0.01250	0.00950	0.00850	0.01250	0.01449	0.00700	0.01899	0.01100	0.02899	0.00900	0.01050	0.00700	0.00600	0.00400	0.00200	0.00500	0.00350	0.00400	0.00700
49	0.01340	0.01148	0.01340	0.00957	0.01531	0.00861	0.00766	0.01627	0.01340	0.02105	0.01148	0.01340	0.00957	0.00479	0.00479	0.00096	0.00479	0.00383	0.00383	0.81242
50	0.00787	0.00562	0.00750	0.00900	0.00937	0.00525	0.00600	0.00900	0.01237	0.01649	0.03561	0.76871	0.04274	0.02024	0.00825	0.00262	0.00375	0.01837	0.00600	0.00525
51	0.01204	0.00602	0.00602	0.00602	0.00753	0.00602	0.00452	0.01506	0.01355	0.02409	0.02108	0.02409	0.01656	0.00753	0.00452	0.00151	0.00301	0.00602	0.80879	0.00602
52	0.02799	0.01079	0.01460	0.01126	0.01613	0.00931	0.00928	0.03045	0.01832	0.70343	0.02736	0.02387	0.04939	0.00839	0.00655	0.00201	0.00539	0.00683	0.00790	0.01074
53	0.01799	0.01187	0.01384	0.01250	0.01603	0.01273	0.01009	0.02935	0.40822	0.19497	0.02773	0.03362	0.02242	0.01045	0.00704	0.00231	0.00538	0.14715	0.00679	0.00953
54	0.02215	0.02721	0.01740	0.01533	0.01911	0.61008	0.01159	0.02403	0.01740	0.01679	0.01027	0.01198	0.00855	0.00631	0.00563	0.00153	0.01038	0.00410	0.00342	0.15673
55	0.01355	0.12951	0.60751	0.01697	0.02579	0.01604	0.02131	0.02009	0.01356	0.01981	0.01125	0.01320	0.00827	0.00598	0.00580	0.00190	0.00894	0.00455	0.00279	0.05317

[dist]
# distance from previous block
# <min> <max>
0	2

[block]
# block no. 13 follows, 34 sequences, length 31
# corresponding to MSA columns:
# 1095-1125
name=unknown_N
#
# <colnr> <probs for GDERKNQSTAVLIFYWHMCP>
#	G	D	E	R	K	N	Q	S	T	A	V	L	I	F	Y	W	H	M	C	P
0	0.01367	0.02798	0.50620	0.02089	0.02915	0.01560	0.22051	0.02031	0.01394	0.02031	0.01188	0.01475	0.00866	0.00617	0.00723	0.00212	0.04291	0.00563	0.00289	0.00920
1	0.07141	0.68620	0.06900	0.01127	0.01690	0.02426	0.01145	0.01938	0.01301	0.01641	0.00912	0.01054	0.00820	0.00559	0.00424	0.00146	0.00692	0.00353	0.00285	0.00827
2	0.01514	0.40888	0.38308	0.01470	0.02222	0.02034	0.01740	0.01990	0.01338	0.01781	0.01028	0.01199	0.00824	0.00583	0.00513	0.00171	0.00822	0.00411	0.00275	0.00891
3	0.02187	0.02427	0.01827	0.01606	0.01898	0.45586	0.01249	0.07830	0.06524	0.05608	0.01203	0.01384	0.00974	0.00789	0.00905	0.00197	0.16114	0.00493	0.00394	0.00805
4	0.81856	0.01250	0.00950	0.00850	0.01250	0.01449	0.00700	0.01899	0.01100	0.02899	0.00900	0.01050	0.00700	0.00600	0.00400	0.00200	0.00500	0.00350	0.00400	0.00700
5	0.02017	0.02472	0.02422	0.01958	0.02385	0.45456	0.24295	0.02319	0.01729	0.01812	0.05980	0.01605	0.01239	0.00670	0.00654	0.00186	0.01082	0.00582	0.00357	0.00780
6	0.00947	0.00683	0.00885	0.00890	0.01023	0.00649	0.00660	0.03886	0.01681	0.02330	0.45138	0.25906	0.05206	0.01536	0.00785	0.00227	0.00361	0.05937	0.00668	0.00603
7	0.01599	0.01535	0.02623	0.03966	0.73262	0.01535	0.01983	0.01983	0.01471	0.02111	0.01215	0.01599	0.01023	0.00576	0.00640	0.00192	0.00768	0.00576	0.00320	0.01023
8	0.00940	0.00626	0.00705	0.00705	0.00705	0.00626	0.00392	0.00940	0.00940	0.01253	0.02036	0.04228	0.02349	0.77292	0.03289	0.00626	0.00626	0.00940	0.00392	0.00392
9	0.01434	0.02381	0.31815	0.02371	0.03145	0.01581	0.43553	0.02060	0.01461	0.02060	0.01248	0.01592	0.00916	0.00572	0.00703	0.00213	0.01036	0.00649	0.00305	0.00905
10	0.01340	0.01148	0.01340	0.00957	0.01531	0.00861	0.00766	0.01627	0.01340	0.02105	0.01148	0.01340	0.00957	0.00479	0.00479	0.00096	0.00479	0.00383	0.00383	0.81242
11	0.00787	0.00562	0.00750	0.00900	0.00937	0.00525	0.00600	0.00900	0.01237	0.01649	0.03561	0.76871	0.04274	0.02024	0.00825	0.00262	0.00375	0.01837	0.00600	0.00525
12	0.00923	0.00692	0.01038	0.01038	0.01154	0.00808	0.00808	0.01154	0.01038	0.01500	0.01731	0.02538	0.01615	0.04846	0.74732	0.01038	0.01731	0.00692	0.00346	0.00577
13	0.01599	0.01535	0.02623	0.03966	0.73262	0.01535	0.01983	0.01983	0.01471	0.02111	0.01215	0.01599	0.01023	0.00576	0.00640	0.00192	0.00768	0.00576	0.00320	0.01023
14	0.01963	0.01546	0.01939	0.31134	0.02981	0.01777	0.01454	0.43375	0.02341	0.03105	0.01390	0.01620	0.01004	0.00724	0.00646	0.00202	0.00771	0.00579	0.00503	0.00947
15	0.01204	0.00602	0.00602	0.00602	0.00753	0.00602	0.00452	0.01506	0.01355	0.02409	0.02108	0.02409	0.01656	0.00753	0.00452	0.00151	0.00301	0.00602	0.80879	0.00602
