[name]
unknown

[dist]
# distance from previous block
# <min> <max>
0	120

[block]
# block no. 0 follows, 52 sequences, length 7
# corresponding to MSA columns:
# 134-140
name=unknown_A
#
# <colnr> <probs for GDERKNQSTAVLIFYWHMCP>
#	G	D	E	R	K	N	Q	S	T	A	V	L	I	F	Y	W	H	M	C	P
0	0.00865	0.00780	0.00805	0.00840	0.00976	0.11722	0.00686	0.01045	0.01083	0.01321	0.02529	0.03965	0.17468	0.01653	0.16485	0.00307	0.00634	0.36001	0.00383	0.00452
1	0.00681	0.00500	0.00720	0.00734	0.00802	0.00561	0.00547	0.00821	0.00789	0.01116	0.01505	0.12531	0.01539	0.13257	0.60817	0.00665	0.01063	0.00654	0.00289	0.00410
2	0.01151	0.00818	0.00936	0.00859	0.01077	0.00880	0.00657	0.01955	0.42774	0.12737	0.12178	0.17980	0.02182	0.00863	0.00527	0.00167	0.00347	0.00746	0.00505	0.00661
3	0.00941	0.01677	0.43351	0.01096	0.01563	0.00962	0.01230	0.01573	0.16523	0.01742	0.22262	0.01876	0.01848	0.00642	0.00497	0.00155	0.00520	0.00535	0.00350	0.00657
4	0.01395	0.01230	0.01129	0.00974	0.01241	0.16838	0.00766	0.23352	0.18036	0.05377	0.01824	0.01844	0.11959	0.01053	0.10540	0.00227	0.00619	0.00530	0.00412	0.00654
5	0.00922	0.00538	0.00680	0.00687	0.00832	0.00481	0.00520	0.01055	0.01092	0.16887	0.03140	0.35016	0.24367	0.01232	0.00586	0.00181	0.00318	0.10496	0.00479	0.00490
6	0.01294	0.01043	0.01459	0.01426	0.16889	0.04764	0.10884	0.06163	0.12071	0.12670	0.12156	0.01650	0.01440	0.00562	0.00487	0.00140	0.00489	0.00508	0.00388	0.13518

[dist]
# distance from previous block
# <min> <max>
0	11

[block]
# block no. 1 follows, 52 sequences, length 75
# corresponding to MSA columns:
# 152-226
name=unknown_B
#
# <colnr> <probs for GDERKNQSTAVLIFYWHMCP>
#	G	D	E	R	K	N	Q	S	T	A	V	L	I	F	Y	W	H	M	C	P
0	0.00726	0.00511	0.00640	0.00696	0.00767	0.00499	0.00485	0.07574	0.01081	0.01477	0.07456	0.65510	0.02966	0.01344	0.00587	0.00184	0.00297	0.01207	0.05555	0.00439
1	0.01350	0.01151	0.01556	0.01204	0.01569	0.01202	0.17810	0.29087	0.21342	0.02190	0.01569	0.02891	0.06106	0.00600	0.00503	0.00150	0.00520	0.00535	0.00414	0.08252
2	0.01002	0.06527	0.29506	0.08135	0.01587	0.00981	0.01098	0.11248	0.01299	0.01823	0.28132	0.01947	0.02014	0.00657	0.00493	0.00148	0.00500	0.00546	0.00357	0.01999
3	0.01299	0.01654	0.30469	0.01375	0.08618	0.02322	0.05854	0.20592	0.09693	0.06148	0.06222	0.01373	0.01066	0.00548	0.00487	0.00152	0.00584	0.00457	0.00353	0.00736
4	0.06274	0.00549	0.00724	0.00823	0.00927	0.00552	0.00684	0.00952	0.01051	0.01446	0.02469	0.23836	0.02743	0.01325	0.00633	0.00212	0.00402	0.53522	0.00438	0.00439
5	0.21165	0.02370	0.17936	0.06180	0.01502	0.05729	0.00954	0.01861	0.01147	0.34726	0.01252	0.01237	0.00842	0.00520	0.00433	0.00149	0.00512	0.00391	0.00396	0.00696
6	0.68246	0.08184	0.00908	0.00684	0.00964	0.01148	0.00575	0.01392	0.00845	0.01996	0.00726	0.00865	0.00583	0.00479	0.00387	0.00148	0.05665	0.00284	0.05391	0.00529
7	0.00978	0.00851	0.01270	0.14475	0.19561	0.00931	0.04102	0.01428	0.15243	0.01539	0.04414	0.06588	0.03701	0.01029	0.10662	0.00236	0.03055	0.01480	0.07858	0.00600
8	0.00688	0.00505	0.00722	0.00731	0.00819	0.00565	0.00561	0.00853	0.00827	0.01188	0.01670	0.09206	0.06470	0.03108	0.63914	0.00648	0.01076	0.00624	0.05396	0.00429
9	0.00753	0.00579	0.00807	0.05993	0.01004	0.00661	0.00615	0.01021	0.07728	0.01235	0.06050	0.02139	0.01478	0.14299	0.52729	0.00603	0.00993	0.00564	0.00299	0.00451
10	0.00964	0.00645	0.00600	0.05788	0.00832	0.07603	0.00458	0.01181	0.01050	0.01685	0.01660	0.01862	0.05844	0.00593	0.00371	0.00120	0.00311	0.00472	0.67495	0.00464
11	0.01495	0.01126	0.05958	0.01109	0.06427	0.01090	0.00872	0.15138	0.32334	0.19324	0.01589	0.01506	0.01141	0.00579	0.00476	0.00148	0.00445	0.00474	0.00463	0.08306
12	0.02055	0.08169	0.01291	0.00891	0.01271	0.00917	0.00749	0.11740	0.01462	0.63679	0.01709	0.01512	0.01102	0.00581	0.00471	0.00145	0.00437	0.00461	0.00551	0.00807
13	0.01702	0.13833	0.01560	0.01032	0.01407	0.01503	0.00872	0.61952	0.02005	0.02687	0.01114	0.01143	0.00818	0.00555	0.00449	0.00137	0.00513	0.00410	0.05536	0.00771
14	0.08322	0.00635	0.00921	0.01040	0.10718	0.00716	0.00708	0.00992	0.00823	0.01275	0.01195	0.01717	0.01096	0.02955	0.63888	0.00644	0.01127	0.00486	0.00261	0.00483
15	0.01927	0.00959	0.01224	0.08072	0.01482	0.00950	0.00818	0.18993	0.06572	0.51247	0.01658	0.01521	0.01086	0.00589	0.00487	0.00151	0.00458	0.00475	0.00534	0.00796
16	0.01402	0.01580	0.01118	0.01010	0.01223	0.45524	0.00764	0.06139	0.04369	0.01590	0.28019	0.01873	0.02029	0.00680	0.00488	0.00137	0.00613	0.00523	0.00371	0.00549
17	0.06902	0.01148	0.01301	0.01082	0.01401	0.04245	0.07616	0.15487	0.46246	0.06821	0.01611	0.01541	0.01189	0.00600	0.00484	0.00158	0.00467	0.00500	0.00454	0.00747
18	0.08560	0.14010	0.62185	0.01236	0.01872	0.01236	0.01540	0.01513	0.01000	0.01534	0.00824	0.00967	0.00607	0.00453	0.00425	0.00146	0.00658	0.00335	0.00213	0.00686
19	0.00858	0.00713	0.01008	0.01168	0.15329	0.00703	0.03637	0.07771	0.01141	0.01504	0.02614	0.20821	0.22773	0.01297	0.08119	0.00230	0.00481	0.08924	0.00389	0.00523
20	0.00598	0.00442	0.00561	0.00653	0.00711	0.00405	0.00453	0.00697	0.00970	0.01262	0.03073	0.64217	0.17122	0.01455	0.00613	0.00192	0.00284	0.05443	0.00450	0.00399
21	0.02867	0.01932	0.29421	0.01329	0.02979	0.20137	0.08689	0.18002	0.01407	0.05830	0.02298	0.01120	0.00771	0.00506	0.00472	0.00146	0.00693	0.00399	0.00307	0.00695
22	0.01432	0.01339	0.18607	0.08490	0.13899	0.03577	0.01143	0.01977	0.17620	0.24791	0.01411	0.01420	0.00996	0.00542	0.00480	0.00153	0.00533	0.00453	0.00390	0.00746
23	0.11749	0.01240	0.08397	0.01492	0.21066	0.01159	0.01047	0.26499	0.01505	0.19377	0.01180	0.01222	0.00838	0.00522	0.00460	0.00147	0.00515	0.00419	0.00402	0.00765
24	0.00812	0.00518	0.00677	0.00631	0.00756	0.00476	0.00469	0.01014	0.01304	0.08754	0.63166	0.08532	0.04018	0.05893	0.00680	0.00174	0.00263	0.00864	0.00520	0.00476
25	0.01159	0.00967	0.01130	0.01193	0.13403	0.04482	0.00797	0.13356	0.23212	0.03238	0.15970	0.03942	0.06176	0.05657	0.00632	0.00175	0.00428	0.03005	0.00434	0.00645
26	0.00653	0.00492	0.00574	0.00561	0.00695	0.00453	0.00424	0.00825	0.01142	0.01533	0.28118	0.03734	0.38961	0.01393	0.10571	0.00232	0.00369	0.00863	0.07976	0.00431
27	0.00981	0.01599	0.35883	0.01692	0.26200	0.00990	0.01366	0.01407	0.03995	0.01599	0.11094	0.01752	0.08174	0.00592	0.00491	0.00152	0.00557	0.00511	0.00289	0.00675
28	0.01091	0.00929	0.00987	0.00893	0.01141	0.01045	0.00693	0.03411	0.61271	0.01947	0.09187	0.02313	0.11487	0.00757	0.00510	0.00163	0.00355	0.00634	0.00491	0.00696
29	0.00700	0.00535	0.00800	0.07909	0.01049	0.00615	0.00638	0.00867	0.00811	0.01141	0.01440	0.11959	0.01434	0.06581	0.60467	0.00638	0.01077	0.00626	0.00281	0.00431
30	0.00694	0.00501	0.00660	0.00635	0.00749	0.00466	0.00486	0.00922	0.01349	0.01900	0.72881	0.03783	0.04415	0.01021	0.00580	0.00159	0.00248	0.07569	0.00526	0.00456
31	0.05313	0.00831	0.01104	0.00847	0.01222	0.00724	0.00699	0.02276	0.01349	0.73863	0.01819	0.01588	0.01153	0.00584	0.00475	0.00147	0.00409	0.00470	0.00575	0.04555
32	0.00573	0.00491	0.00491	0.00491	0.00655	0.00409	0.00368	0.00695	0.01105	0.01309	0.04909	0.04664	0.79750	0.01227	0.00573	0.00164	0.00245	0.01023	0.00450	0.00409
33	0.01205	0.01041	0.01096	0.00986	0.01260	0.01205	0.00767	0.02575	0.79071	0.02027	0.01972	0.01808	0.01479	0.00657	0.00493	0.00164	0.00384	0.00548	0.00493	0.00767
34	0.00834	0.00426	0.00639	0.00639	0.00644	0.00431	0.00431	0.00644	0.00639	0.00857	0.00866	0.01496	0.00861	0.01787	0.06075	0.81405	0.00467	0.00426	0.00213	0.00222
35	0.01190	0.01075	0.01439	0.05288	0.30956	0.01179	0.01063	0.02107	0.46303	0.01825	0.01524	0.01556	0.01175	0.00565	0.00488	0.00157	0.00467	0.00499	0.00386	0.00757
36	0.01617	0.32767	0.01812	0.01091	0.01402	0.51261	0.00896	0.01753	0.01227	0.01169	0.00721	0.00838	0.00623	0.00467	0.00390	0.00117	0.00740	0.00292	0.00234	0.00584
37	0.02174	0.00825	0.01125	0.00862	0.01237	0.00712	0.00712	0.02362	0.01387	0.80282	0.01912	0.01649	0.01200	0.00600	0.00487	0.00150	0.00412	0.00487	0.00600	0.00825
38	0.01053	0.00947	0.01054	0.00814	0.03560	0.04907	0.00621	0.01266	0.01027	0.01558	0.00857	0.01004	0.00714	0.00369	0.00367	0.00077	0.00393	0.00293	0.00284	0.78836
39	0.00993	0.02133	0.61760	0.01262	0.01868	0.01102	0.01529	0.01680	0.15262	0.01613	0.01284	0.01359	0.04952	0.00537	0.00472	0.00156	0.00631	0.00428	0.00270	0.00709
40	0.01557	0.19881	0.01556	0.01095	0.01363	0.52153	0.00871	0.02986	0.01228	0.01200	0.00809	0.00987	0.00701	0.00877	0.10553	0.00203	0.00843	0.00329	0.00246	0.00563
41	0.01144	0.01307	0.02859	0.02042	0.02533	0.01225	0.78186	0.01552	0.01144	0.01552	0.00980	0.01307	0.00735	0.00408	0.00572	0.00163	0.00817	0.00572	0.00245	0.00654
42	0.00927	0.00796	0.01025	0.18665	0.01504	0.05106	0.00808	0.05990	0.08286	0.01347	0.01232	0.01728	0.01083	0.07367	0.40193	0.00483	0.02164	0.00497	0.00287	0.00511
43	0.01024	0.00878	0.01013	0.00743	0.01159	0.00698	0.00592	0.01347	0.08329	0.01621	0.00966	0.01080	0.00789	0.00387	0.00371	0.00080	0.00361	0.00312	0.00306	0.77941
44	0.00812	0.00703	0.00708	0.00686	0.00852	0.04848	0.00512	0.04279	0.14247	0.01549	0.11587	0.17954	0.37245	0.01095	0.00557	0.00166	0.00318	0.00931	0.00457	0.00497
45	0.00765	0.00526	0.00682	0.00748	0.00828	0.00512	0.00546	0.06554	0.01073	0.03936	0.02518	0.61681	0.02898	0.01391	0.00613	0.00196	0.00330	0.13301	0.00457	0.00448
46	0.78457	0.01066	0.00774	0.00695	0.00990	0.08587	0.00563	0.01472	0.00876	0.02082	0.00682	0.00795	0.00534	0.00454	0.00313	0.00148	0.00422	0.00267	0.00295	0.00528
47	0.01164	0.06368	0.29610	0.01396	0.05252	0.01221	0.15328	0.09981	0.17861	0.01802	0.04379	0.01358	0.01013	0.00524	0.00487	0.00153	0.00606	0.00465	0.00319	0.00713
48	0.01218	0.66932	0.04267	0.00826	0.01201	0.04223	0.00805	0.01393	0.01053	0.01265	0.11788	0.01186	0.01177	0.00499	0.00356	0.00112	0.00494	0.00350	0.00254	0.00599
49	0.00692	0.00519	0.00779	0.00779	0.00865	0.00606	0.00606	0.00865	0.00779	0.01125	0.01298	0.01904	0.01211	0.03634	0.81049	0.00779	0.01298	0.00519	0.00260	0.00433
50	0.00689	0.00524	0.00638	0.00604	0.00738	0.00488	0.00455	0.00957	0.05574	0.01808	0.58973	0.03750	0.20945	0.01024	0.00568	0.00156	0.00241	0.00891	0.00513	0.00464
51	0.00675	0.00495	0.00633	0.00599	0.00717	0.00453	0.00449	0.00894	0.01347	0.01884	0.72675	0.03718	0.11626	0.01013	0.00572	0.00153	0.00230	0.00890	0.00526	0.00453
52	0.01005	0.00934	0.01587	0.36438	0.30395	0.01023	0.04680	0.01302	0.01050	0.01411	0.01171	0.01960	0.01053	0.00606	0.00518	0.00166	0.00595	0.13234	0.00264	0.00610
53	0.00903	0.00452	0.00452	0.00452	0.00565	0.00452	0.00339	0.01129	0.01016	0.01807	0.01581	0.01807	0.01242	0.00565	0.00339	0.00113	0.00226	0.00452	0.85659	0.00452
54	0.00917	0.02192	0.67978	0.01250	0.01876	0.01017	0.01574	0.01417	0.01053	0.01539	0.06165	0.01527	0.08285	0.00565	0.00478	0.00154	0.00642	0.00453	0.00248	0.00671
55	0.00686	0.00495	0.00648	0.00610	0.00724	0.00457	0.00457	0.00914	0.01372	0.01943	0.79691	0.03620	0.04572	0.00991	0.00572	0.00152	0.00229	0.00876	0.00533	0.00457
56	0.01239	0.01118	0.01621	0.02144	0.46892	0.01184	0.01193	0.07540	0.26523	0.01827	0.01283	0.01409	0.01012	0.00583	0.02166	0.00164	0.00525	0.00472	0.00341	0.00765
57	0.02174	0.00825	0.01125	0.00862	0.01237	0.00712	0.00712	0.02362	0.01387	0.80282	0.01912	0.01649	0.01200	0.00600	0.00487	0.00150	0.00412	0.00487	0.00600	0.00825
58	0.01490	0.49168	0.02056	0.01001	0.01344	0.29482	0.00877	0.04764	0.01166	0.01235	0.00719	0.00835	0.00631	0.00464	0.00401	0.00116	0.03120	0.00290	0.00234	0.00606
59	0.01005	0.00861	0.01005	0.00718	0.01148	0.00646	0.00574	0.01220	0.01005	0.01579	0.00861	0.01005	0.00718	0.00359	0.00359	0.00072	0.00359	0.00287	0.00287	0.85932
60	0.01523	0.01699	0.01224	0.01032	0.01355	0.47252	0.00790	0.01685	0.01235	0.04812	0.00842	0.00957	0.00685	0.00451	0.00410	0.00106	0.00660	0.00310	0.00279	0.32693
61	0.01262	0.00853	0.01031	0.00750	0.01168	0.00661	0.00605	0.01471	0.01089	0.18897	0.01092	0.01147	0.00824	0.00412	0.00387	0.00089	0.00371	0.00331	0.00356	0.67204
62	0.01265	0.01071	0.01129	0.00998	0.01283	0.01233	0.00781	0.09683	0.71866	0.02124	0.01896	0.01748	0.01418	0.00650	0.00492	0.00163	0.00398	0.00537	0.00492	0.00772
63	0.00620	0.00493	0.00557	0.00541	0.00684	0.00429	0.00406	0.00788	0.01217	0.01576	0.36333	0.04225	0.48160	0.01128	0.00572	0.00159	0.00238	0.00961	0.00485	0.00429
64	0.01296	0.83261	0.02539	0.00829	0.01244	0.01917	0.00829	0.01451	0.00985	0.01140	0.00674	0.00777	0.00622	0.00415	0.00311	0.00104	0.00518	0.00259	0.00207	0.00622
65	0.00842	0.00421	0.00631	0.00631	0.00631	0.00421	0.00421	0.00631	0.00631	0.00842	0.00842	0.01473	0.00842	0.01684	0.01894	0.85901	0.00421	0.00421	0.00210	0.00210
66	0.00590	0.00422	0.00562	0.00675	0.00703	0.00394	0.00450	0.00675	0.00928	0.01237	0.02671	0.82653	0.03205	0.01518	0.00619	0.00197	0.00281	0.01378	0.00450	0.00394
67	0.00915	0.00861	0.01453	0.81804	0.03338	0.01077	0.01346	0.01238	0.00969	0.01238	0.00861	0.01292	0.00646	0.00484	0.00484	0.00161	0.00646	0.00431	0.00215	0.00538
68	0.01780	0.07066	0.01442	0.01224	0.01483	0.76376	0.00930	0.01907	0.01350	0.01183	0.00745	0.00868	0.00624	0.00494	0.00430	0.00124	0.00853	0.00309	0.00247	0.00565
69	0.86392	0.00937	0.00712	0.00637	0.00937	0.01087	0.00525	0.01425	0.00825	0.02174	0.00675	0.00787	0.00525	0.00450	0.00300	0.00150	0.00375	0.00262	0.00300	0.00525
70	0.01296	0.83261	0.02539	0.00829	0.01244	0.01917	0.00829	0.01451	0.00985	0.01140	0.00674	0.00777	0.00622	0.00415	0.00311	0.00104	0.00518	0.00259	0.00207	0.00622
71	0.01091	0.01138	0.02156	0.01540	0.02008	0.01006	0.48744	0.01426	0.01091	0.01562	0.00935	0.01193	0.00729	0.00390	0.00491	0.00129	0.00643	0.00464	0.00261	0.33004
72	0.00573	0.00491	0.00491	0.00491	0.00655	0.00409	0.00368	0.00695	0.01105	0.01309	0.04909	0.04664	0.79750	0.01227	0.00573	0.00164	0.00245	0.01023	0.00450	0.00409
73	0.01035	0.00983	0.01669	0.48680	0.35529	0.01108	0.01405	0.01343	0.01025	0.01383	0.00882	0.01253	0.00697	0.00462	0.00483	0.00154	0.00616	0.00431	0.00226	0.00635
74	0.01404	0.01117	0.01195	0.01008	0.01311	0.01259	0.00802	0.31151	0.44051	0.02387	0.05105	0.04231	0.01422	0.00671	0.00497	0.00158	0.00430	0.00547	0.00490	0.00763

[dist]
# distance from previous block
# <min> <max>
0	1

[block]
# block no. 2 follows, 52 sequences, length 84
# corresponding to MSA columns:
# 228-311
name=unknown_C
#
# <colnr> <probs for GDERKNQSTAVLIFYWHMCP>
#	G	D	E	R	K	N	Q	S	T	A	V	L	I	F	Y	W	H	M	C	P
0	0.28737	0.08878	0.01308	0.00952	0.01298	0.10708	0.00788	0.37804	0.01590	0.02379	0.00914	0.00974	0.00687	0.00515	0.00404	0.00141	0.00521	0.00350	0.00373	0.00679
1	0.24636	0.40961	0.13650	0.00868	0.01293	0.01475	0.00884	0.03030	0.01001	0.07258	0.00803	0.00888	0.00640	0.00448	0.00347	0.00128	0.00501	0.00295	0.00266	0.00628
2	0.01081	0.01031	0.01754	0.35735	0.48109	0.01120	0.01428	0.01384	0.01048	0.01440	0.00891	0.01238	0.00717	0.00454	0.00482	0.00151	0.00605	0.00431	0.00230	0.00672
3	0.00791	0.00662	0.00829	0.00805	0.00881	0.05590	0.00610	0.00928	0.00801	0.01102	0.01251	0.01981	0.01221	0.16042	0.57370	0.00646	0.07276	0.00529	0.00261	0.00426
4	0.00675	0.00494	0.00633	0.00601	0.00718	0.00452	0.00450	0.00892	0.01342	0.01879	0.72231	0.05119	0.10662	0.01019	0.00572	0.00154	0.00231	0.00897	0.00525	0.00452
5	0.00634	0.00493	0.00576	0.00555	0.00692	0.00435	0.00416	0.00814	0.01249	0.01653	0.45444	0.04098	0.39001	0.01099	0.00572	0.00158	0.00236	0.00943	0.00495	0.00435
6	0.01086	0.01748	0.32870	0.01936	0.14865	0.01175	0.36112	0.01535	0.01090	0.01550	0.00926	0.01179	0.00693	0.00432	0.00514	0.00156	0.00739	0.00466	0.00229	0.00696
7	0.01415	0.01401	0.01241	0.01102	0.01330	0.24491	0.00861	0.02148	0.39193	0.06253	0.01396	0.01406	0.01077	0.00639	0.00654	0.00160	0.13722	0.00456	0.00383	0.00672
8	0.01184	0.14481	0.01659	0.23366	0.06701	0.13790	0.01108	0.01371	0.00964	0.01210	0.00738	0.01058	0.00643	0.00599	0.00833	0.00163	0.28963	0.00382	0.00220	0.00567
9	0.86392	0.00937	0.00712	0.00637	0.00937	0.01087	0.00525	0.01425	0.00825	0.02174	0.00675	0.00787	0.00525	0.00450	0.00300	0.00150	0.00375	0.00262	0.00300	0.00525
10	0.00590	0.00422	0.00562	0.00675	0.00703	0.00394	0.00450	0.00675	0.00928	0.01237	0.02671	0.82653	0.03205	0.01518	0.00619	0.00197	0.00281	0.01378	0.00450	0.00394
11	0.00602	0.00437	0.00594	0.03518	0.00795	0.00418	0.00481	0.00695	0.00929	0.01237	0.02608	0.79802	0.03115	0.01482	0.00614	0.00196	0.00294	0.01344	0.00442	0.00399
12	0.00582	0.00491	0.00504	0.00501	0.00660	0.00413	0.00375	0.00713	0.01126	0.01361	0.10991	0.04579	0.73636	0.01208	0.00573	0.00163	0.00244	0.01011	0.00457	0.00413
13	0.01030	0.00976	0.01619	0.48546	0.29815	0.01121	0.01363	0.01374	0.04050	0.01386	0.00914	0.01272	0.00720	0.00485	0.00520	0.00157	0.03353	0.00435	0.00235	0.00627
14	0.01706	0.18935	0.01617	0.01157	0.01446	0.61461	0.00914	0.04985	0.01331	0.01254	0.00751	0.00866	0.00632	0.00485	0.00413	0.00121	0.00787	0.00306	0.00251	0.00585
15	0.00660	0.00494	0.00612	0.00583	0.00708	0.00446	0.00437	0.00865	0.01312	0.01801	0.62862	0.03855	0.21490	0.01044	0.00572	0.00155	0.00232	0.00909	0.00515	0.00446
16	0.01280	0.01215	0.02240	0.01655	0.02082	0.01202	0.49851	0.07048	0.18775	0.07528	0.01284	0.01435	0.00943	0.00490	0.00542	0.00161	0.00671	0.00551	0.00343	0.00703
17	0.00972	0.02507	0.80458	0.01381	0.02097	0.01125	0.01790	0.01535	0.01023	0.01535	0.00870	0.01023	0.00614	0.00460	0.00460	0.00153	0.00716	0.00358	0.00205	0.00716
18	0.01810	0.03044	0.02848	0.01045	0.01419	0.03328	0.00870	0.46956	0.11314	0.20190	0.01403	0.01332	0.00975	0.00587	0.00481	0.00147	0.00500	0.00453	0.00494	0.00804
19	0.01296	0.83261	0.02539	0.00829	0.01244	0.01917	0.00829	0.01451	0.00985	0.01140	0.00674	0.00777	0.00622	0.00415	0.00311	0.00104	0.00518	0.00259	0.00207	0.00622
20	0.01223	0.65051	0.20110	0.00954	0.01436	0.01739	0.01046	0.01470	0.00993	0.01229	0.00718	0.00833	0.00620	0.00425	0.00345	0.00115	0.00563	0.00281	0.00207	0.00643
21	0.86392	0.00937	0.00712	0.00637	0.00937	0.01087	0.00525	0.01425	0.00825	0.02174	0.00675	0.00787	0.00525	0.00450	0.00300	0.00150	0.00375	0.00262	0.00300	0.00525
22	0.00686	0.00557	0.00659	0.00623	0.00790	0.00503	0.03007	0.00915	0.05877	0.02806	0.17980	0.07984	0.50997	0.01130	0.00572	0.00165	0.00281	0.03552	0.00463	0.00455
23	0.00692	0.00519	0.00779	0.00779	0.00865	0.00606	0.00606	0.00865	0.00779	0.01125	0.01298	0.01904	0.01211	0.03634	0.81049	0.00779	0.01298	0.00519	0.00260	0.00433
24	0.01205	0.01041	0.01096	0.00986	0.01260	0.01205	0.00767	0.02575	0.79071	0.02027	0.01972	0.01808	0.01479	0.00657	0.00493	0.00164	0.00384	0.00548	0.00493	0.00767
25	0.00903	0.00452	0.00452	0.00452	0.00565	0.00452	0.00339	0.01129	0.01016	0.01807	0.01581	0.01807	0.01242	0.00565	0.00339	0.00113	0.00226	0.00452	0.85659	0.00452
26	0.00915	0.00861	0.01453	0.81804	0.03338	0.01077	0.01346	0.01238	0.00969	0.01238	0.00861	0.01292	0.00646	0.00484	0.00484	0.00161	0.00646	0.00431	0.00215	0.00538
27	0.02174	0.00825	0.01125	0.00862	0.01237	0.00712	0.00712	0.02362	0.01387	0.80282	0.01912	0.01649	0.01200	0.00600	0.00487	0.00150	0.00412	0.00487	0.00600	0.00825
28	0.02174	0.00825	0.01125	0.00862	0.01237	0.00712	0.00712	0.02362	0.01387	0.80282	0.01912	0.01649	0.01200	0.00600	0.00487	0.00150	0.00412	0.00487	0.00600	0.00825
29	0.00686	0.00495	0.00648	0.00610	0.00724	0.00457	0.00457	0.00914	0.01372	0.01943	0.79691	0.03620	0.04572	0.00991	0.00572	0.00152	0.00229	0.00876	0.00533	0.00457
30	0.00622	0.00505	0.00561	0.00587	0.00736	0.00443	0.00464	0.00769	0.01108	0.01351	0.05746	0.06436	0.59431	0.01254	0.00595	0.00177	0.00291	0.18054	0.00451	0.00418
31	0.01264	0.05804	0.37771	0.01429	0.01991	0.01289	0.18536	0.22575	0.01392	0.01936	0.00965	0.01113	0.00699	0.00480	0.00485	0.00151	0.00679	0.00422	0.00291	0.00727
32	0.01205	0.01041	0.01096	0.00986	0.01260	0.01205	0.00767	0.02575	0.79071	0.02027	0.01972	0.01808	0.01479	0.00657	0.00493	0.00164	0.00384	0.00548	0.00493	0.00767
33	0.86392	0.00937	0.00712	0.00637	0.00937	0.01087	0.00525	0.01425	0.00825	0.02174	0.00675	0.00787	0.00525	0.00450	0.00300	0.00150	0.00375	0.00262	0.00300	0.00525
34	0.00972	0.02507	0.80458	0.01381	0.02097	0.01125	0.01790	0.01535	0.01023	0.01535	0.00870	0.01023	0.00614	0.00460	0.00460	0.00153	0.00716	0.00358	0.00205	0.00716
35	0.00590	0.00422	0.00562	0.00675	0.00703	0.00394	0.00450	0.00675	0.00928	0.01237	0.02671	0.82653	0.03205	0.01518	0.00619	0.00197	0.00281	0.01378	0.00450	0.00394
36	0.00937	0.00655	0.00979	0.01246	0.18644	0.00628	0.00766	0.01106	0.01066	0.10102	0.05219	0.39793	0.02422	0.01123	0.00579	0.00182	0.00387	0.13208	0.00422	0.00536
37	0.01172	0.02396	0.58819	0.01429	0.05773	0.19106	0.01583	0.01622	0.01106	0.01459	0.00845	0.00998	0.00624	0.00468	0.00456	0.00147	0.00745	0.00351	0.00216	0.00684
38	0.00915	0.00861	0.01453	0.81804	0.03338	0.01077	0.01346	0.01238	0.00969	0.01238	0.00861	0.01292	0.00646	0.00484	0.00484	0.00161	0.00646	0.00431	0.00215	0.00538
39	0.01249	0.01616	0.18982	0.01105	0.01463	0.18928	0.01012	0.02078	0.38787	0.01710	0.05316	0.01570	0.02849	0.00606	0.00479	0.00153	0.00557	0.00478	0.00375	0.00687
40	0.00573	0.00491	0.00491	0.00491	0.00655	0.00409	0.00368	0.00695	0.01105	0.01309	0.04909	0.04664	0.79750	0.01227	0.00573	0.00164	0.00245	0.01023	0.00450	0.00409
41	0.00915	0.00861	0.01453	0.81804	0.03338	0.01077	0.01346	0.01238	0.00969	0.01238	0.00861	0.01292	0.00646	0.00484	0.00484	0.00161	0.00646	0.00431	0.00215	0.00538
42	0.00670	0.00483	0.00634	0.00620	0.00721	0.00447	0.00456	0.00876	0.01300	0.01829	0.67252	0.16383	0.04352	0.01076	0.00579	0.00160	0.00237	0.00957	0.00520	0.00447
43	0.00998	0.08981	0.74211	0.01337	0.02029	0.01189	0.01713	0.01528	0.01020	0.01503	0.00854	0.01003	0.00615	0.00457	0.00448	0.00149	0.00700	0.00350	0.00205	0.00709
44	0.00686	0.00495	0.00648	0.00610	0.00724	0.00457	0.00457	0.00914	0.01372	0.01943	0.79691	0.03620	0.04572	0.00991	0.00572	0.00152	0.00229	0.00876	0.00533	0.00457
45	0.00919	0.00900	0.01756	0.01350	0.01618	0.00883	0.39085	0.01170	0.00943	0.01296	0.01192	0.01893	0.01099	0.19921	0.23339	0.00403	0.00872	0.00587	0.00260	0.00511
46	0.00723	0.00586	0.00612	0.00576	0.00756	0.00534	0.00439	0.09422	0.01245	0.01541	0.08990	0.07422	0.63117	0.01152	0.00565	0.00162	0.00278	0.00963	0.00459	0.00458
47	0.02711	0.00947	0.01695	0.17069	0.16629	0.00966	0.21724	0.02429	0.01101	0.04100	0.01433	0.07216	0.01351	0.00715	0.00553	0.00174	0.00597	0.17685	0.00313	0.00596
48	0.01005	0.00861	0.01005	0.00718	0.01148	0.00646	0.00574	0.01220	0.01005	0.01579	0.00861	0.01005	0.00718	0.00359	0.00359	0.00072	0.00359	0.00287	0.00287	0.85932
49	0.00921	0.01373	0.30462	0.01154	0.06248	0.00853	0.04719	0.01378	0.07525	0.03360	0.31302	0.02276	0.02307	0.00709	0.00520	0.00156	0.00482	0.03264	0.00375	0.00614
50	0.00611	0.00492	0.00544	0.00531	0.00678	0.00425	0.00398	0.00769	0.01194	0.01522	0.29992	0.04314	0.54534	0.01148	0.00572	0.00160	0.00240	0.00974	0.00478	0.00425
51	0.01042	0.01146	0.09325	0.01273	0.01625	0.01034	0.25475	0.01766	0.29055	0.01789	0.16770	0.02012	0.04170	0.00641	0.00533	0.00161	0.00520	0.00616	0.00392	0.00655
52	0.01228	0.01023	0.01355	0.15180	0.03504	0.01158	0.04184	0.26580	0.01363	0.01870	0.01182	0.01488	0.04087	0.02139	0.08537	0.00221	0.13880	0.01898	0.00332	0.08790
53	0.00597	0.00425	0.00560	0.00666	0.00692	0.00398	0.00440	0.00677	0.00914	0.01219	0.02601	0.77771	0.03116	0.06521	0.00732	0.00214	0.00293	0.01336	0.00440	0.00387
54	0.04428	0.04272	0.01127	0.00851	0.03879	0.04112	0.00655	0.04538	0.05863	0.01657	0.00924	0.01044	0.00755	0.00400	0.00375	0.00089	0.00403	0.00313	0.00302	0.64009
55	0.01283	0.04515	0.11693	0.08077	0.01569	0.02155	0.07107	0.06397	0.13153	0.17607	0.03820	0.08708	0.04697	0.00657	0.00492	0.00152	0.00492	0.00565	0.00398	0.06464
56	0.01041	0.04089	0.14050	0.00970	0.01270	0.08026	0.03411	0.02813	0.24426	0.01789	0.27284	0.02251	0.03775	0.00726	0.00509	0.00154	0.00450	0.01930	0.00418	0.00618
57	0.00647	0.00466	0.00643	0.00737	0.00792	0.00462	0.00544	0.00775	0.00943	0.01264	0.02427	0.53445	0.02796	0.01822	0.13618	0.00296	0.00480	0.17012	0.00418	0.00411
58	0.01100	0.22552	0.56629	0.01237	0.01851	0.05845	0.01503	0.01537	0.01033	0.01417	0.00814	0.00954	0.00616	0.00451	0.00422	0.00139	0.00676	0.00331	0.00208	0.00684
59	0.07347	0.00832	0.01099	0.00848	0.01219	0.00735	0.00701	0.02304	0.01352	0.75484	0.01836	0.01596	0.01158	0.00591	0.00476	0.00150	0.00410	0.00474	0.00581	0.00806
60	0.00713	0.00559	0.00654	0.00618	0.00767	0.00532	0.00467	0.01046	0.10562	0.01760	0.47665	0.03721	0.27075	0.01023	0.00563	0.00157	0.00252	0.00882	0.00503	0.00480
61	0.00976	0.02481	0.78968	0.01411	0.03575	0.01126	0.01785	0.01534	0.01025	0.01536	0.00870	0.01026	0.00617	0.00460	0.00461	0.00153	0.00714	0.00359	0.00205	0.00717
62	0.81165	0.05994	0.00824	0.00649	0.00956	0.01138	0.00544	0.01426	0.00835	0.02111	0.00675	0.00787	0.00531	0.00448	0.00301	0.00147	0.00384	0.00262	0.00294	0.00531
63	0.01153	0.01339	0.08792	0.02383	0.35266	0.01186	0.39507	0.01523	0.01117	0.01564	0.00942	0.01238	0.00739	0.00423	0.00524	0.00154	0.00707	0.00495	0.00240	0.00707
64	0.01241	0.01270	0.13966	0.00940	0.01404	0.00971	0.00871	0.23523	0.01375	0.01998	0.00950	0.01054	0.00732	0.00440	0.00412	0.00106	0.00467	0.00342	0.00331	0.47610
65	0.00704	0.00471	0.00534	0.00534	0.00536	0.00473	0.00300	0.00708	0.00706	0.00944	0.01522	0.03143	0.01750	0.81227	0.04192	0.00477	0.00488	0.00701	0.00293	0.00297
66	0.01996	0.01110	0.01301	0.00998	0.01380	0.01136	0.00824	0.43114	0.01865	0.38854	0.01510	0.01389	0.00998	0.00590	0.00486	0.00148	0.00477	0.00460	0.00538	0.00824
67	0.01617	0.00703	0.00953	0.00776	0.01052	0.00624	0.00624	0.01818	0.01352	0.50916	0.27191	0.02303	0.02298	0.00876	0.04458	0.00182	0.00396	0.00615	0.00562	0.00686
68	0.01358	0.01539	0.01275	0.01428	0.15748	0.41135	0.00957	0.01533	0.01233	0.01326	0.01444	0.06118	0.04345	0.00754	0.00511	0.00156	0.00669	0.17600	0.00310	0.00559
69	0.00903	0.00452	0.00452	0.00452	0.00565	0.00452	0.00339	0.01129	0.01016	0.01807	0.01581	0.01807	0.01242	0.00565	0.00339	0.00113	0.00226	0.00452	0.85659	0.00452
70	0.01393	0.01417	0.01165	0.01041	0.01302	0.26559	0.00802	0.08272	0.40514	0.01794	0.04826	0.01650	0.04418	0.00689	0.01863	0.00160	0.00555	0.00496	0.00411	0.00673
71	0.08926	0.00834	0.01092	0.00844	0.01213	0.00742	0.00697	0.02287	0.01342	0.74020	0.01813	0.01580	0.01145	0.00588	0.00472	0.00150	0.00409	0.00469	0.00576	0.00801
72	0.01144	0.00991	0.01155	0.12665	0.04683	0.01139	0.00858	0.05323	0.55888	0.01885	0.01904	0.03487	0.05410	0.00668	0.00498	0.00163	0.00426	0.00563	0.00440	0.00710
73	0.86392	0.00937	0.00712	0.00637	0.00937	0.01087	0.00525	0.01425	0.00825	0.02174	0.00675	0.00787	0.00525	0.00450	0.00300	0.00150	0.00375	0.00262	0.00300	0.00525
74	0.01199	0.01151	0.01967	0.02974	0.79946	0.01151	0.01487	0.01487	0.01103	0.01583	0.00912	0.01199	0.00768	0.00432	0.00480	0.00144	0.00576	0.00432	0.00240	0.00768
75	0.01005	0.00861	0.01005	0.00718	0.01148	0.00646	0.00574	0.01220	0.01005	0.01579	0.00861	0.01005	0.00718	0.00359	0.00359	0.00072	0.00359	0.00287	0.00287	0.85932
76	0.00861	0.00589	0.00791	0.00775	0.05382	0.00533	0.00547	0.01089	0.01328	0.08173	0.62488	0.03109	0.03769	0.00876	0.00542	0.00145	0.00274	0.00772	0.00502	0.07456
77	0.01005	0.00861	0.01005	0.00718	0.01148	0.00646	0.00574	0.01220	0.01005	0.01579	0.00861	0.01005	0.00718	0.00359	0.00359	0.00072	0.00359	0.00287	0.00287	0.85932
78	0.00955	0.02247	0.69086	0.01300	0.01933	0.01071	0.01619	0.01529	0.05809	0.01541	0.01084	0.07710	0.00878	0.00559	0.00475	0.00158	0.00660	0.00453	0.00242	0.00693
79	0.00636	0.00486	0.00535	0.00532	0.00629	0.00447	0.00364	0.00727	0.00965	0.01219	0.09571	0.03881	0.41192	0.30305	0.06187	0.00309	0.00388	0.00867	0.00390	0.00374
80	0.01458	0.01269	0.01936	0.01563	0.08104	0.01317	0.28385	0.37168	0.06436	0.02256	0.01142	0.01336	0.00865	0.03769	0.00594	0.00166	0.00626	0.00502	0.00373	0.00735
81	0.00842	0.00421	0.00631	0.00631	0.00631	0.00421	0.00421	0.00631	0.00631	0.00842	0.00842	0.01473	0.00842	0.01684	0.01894	0.85901	0.00421	0.00421	0.00210	0.00210
82	0.00580	0.00491	0.00501	0.00498	0.00659	0.00412	0.00374	0.00709	0.01121	0.01348	0.09503	0.04600	0.75132	0.01213	0.00573	0.00163	0.00244	0.01014	0.00455	0.00412
83	0.01184	0.01179	0.01804	0.20612	0.56382	0.07538	0.01411	0.01467	0.01095	0.01474	0.00887	0.01194	0.00729	0.00449	0.00477	0.00146	0.00615	0.00422	0.00235	0.00699

[dist]
# distance from previous block
# <min> <max>
0	2

[block]
# block no. 3 follows, 52 sequences, length 26
# corresponding to MSA columns:
# 314-339
name=unknown_D
#
# <colnr> <probs for GDERKNQSTAVLIFYWHMCP>
#	G	D	E	R	K	N	Q	S	T	A	V	L	I	F	Y	W	H	M	C	P
0	0.01349	0.14059	0.05791	0.00962	0.01283	0.07690	0.00819	0.02142	0.40170	0.12294	0.07094	0.01633	0.01408	0.00611	0.00463	0.00148	0.00456	0.00488	0.00429	0.00711
1	0.01140	0.01295	0.02794	0.02006	0.02472	0.01238	0.74493	0.01534	0.01125	0.01534	0.00964	0.01295	0.00731	0.00430	0.00621	0.00166	0.04709	0.00565	0.00244	0.00648
2	0.00964	0.00980	0.01925	0.08107	0.12375	0.00949	0.38036	0.01250	0.01058	0.01435	0.01479	0.26177	0.01488	0.00757	0.00567	0.00171	0.00607	0.00788	0.00305	0.00580
3	0.01678	0.23059	0.01672	0.01141	0.01433	0.60747	0.00909	0.01811	0.01274	0.01174	0.00730	0.00849	0.00624	0.00478	0.00405	0.00119	0.00783	0.00299	0.00239	0.00577
4	0.01050	0.00585	0.00786	0.00728	0.00902	0.00538	0.00585	0.01268	0.01321	0.19946	0.45264	0.03558	0.03412	0.00975	0.00573	0.00167	0.00317	0.16954	0.00530	0.00540
5	0.02043	0.00956	0.03822	0.00913	0.01294	0.00843	0.00774	0.14215	0.01514	0.63479	0.03792	0.01604	0.01209	0.00603	0.00488	0.00149	0.00437	0.00485	0.00567	0.00811
6	0.04871	0.20099	0.01350	0.00912	0.01166	0.13758	0.00733	0.03280	0.27235	0.01548	0.01557	0.18608	0.01461	0.00750	0.00460	0.00150	0.00473	0.00607	0.00371	0.00612
7	0.01721	0.00747	0.00986	0.00817	0.01104	0.00670	0.00649	0.06183	0.01319	0.54273	0.02174	0.20475	0.05009	0.00838	0.00521	0.00161	0.00382	0.00713	0.00552	0.00707
8	0.01296	0.83261	0.02539	0.00829	0.01244	0.01917	0.00829	0.01451	0.00985	0.01140	0.00674	0.00777	0.00622	0.00415	0.00311	0.00104	0.00518	0.00259	0.00207	0.00622
9	0.00915	0.00861	0.01453	0.81804	0.03338	0.01077	0.01346	0.01238	0.00969	0.01238	0.00861	0.01292	0.00646	0.00484	0.00484	0.00161	0.00646	0.00431	0.00215	0.00538
10	0.00705	0.00470	0.00529	0.00529	0.00529	0.00470	0.00294	0.00705	0.00705	0.00940	0.01527	0.03171	0.01762	0.82969	0.02467	0.00470	0.00470	0.00705	0.00294	0.00294
11	0.01473	0.01316	0.01862	0.01530	0.08006	0.05912	0.24945	0.35580	0.06428	0.02212	0.01184	0.05136	0.00935	0.00561	0.00516	0.00153	0.00623	0.00523	0.00376	0.00727
12	0.00686	0.00495	0.00648	0.00610	0.00724	0.00457	0.00457	0.00914	0.01372	0.01943	0.79691	0.03620	0.04572	0.00991	0.00572	0.00152	0.00229	0.00876	0.00533	0.00457
13	0.01557	0.04069	0.01249	0.01101	0.01326	0.61745	0.00831	0.01705	0.01363	0.01346	0.17583	0.01457	0.01466	0.00602	0.00462	0.00130	0.00727	0.00431	0.00309	0.00541
14	0.12793	0.00896	0.01031	0.00775	0.01170	0.00784	0.00631	0.07022	0.01178	0.23713	0.01151	0.01167	0.00834	0.00454	0.00396	0.00109	0.00388	0.00350	0.00390	0.44767
15	0.00857	0.00847	0.01450	0.01181	0.01377	0.00886	0.24502	0.01055	0.00996	0.01336	0.02234	0.22173	0.19589	0.00966	0.00801	0.00182	0.17883	0.00844	0.00336	0.00506
16	0.01349	0.01319	0.01163	0.01045	0.01317	0.18235	0.00807	0.04225	0.60689	0.01872	0.01692	0.01594	0.01281	0.00622	0.00481	0.00155	0.00492	0.00495	0.00441	0.00725
17	0.86392	0.00937	0.00712	0.00637	0.00937	0.01087	0.00525	0.01425	0.00825	0.02174	0.00675	0.00787	0.00525	0.00450	0.00300	0.00150	0.00375	0.00262	0.00300	0.00525
18	0.00885	0.00888	0.01764	0.01383	0.01657	0.00831	0.40934	0.01148	0.01070	0.01449	0.07012	0.34932	0.02012	0.00905	0.00591	0.00176	0.00557	0.00924	0.00349	0.00533
19	0.00644	0.00461	0.00619	0.00705	0.00764	0.00436	0.00515	0.00780	0.01042	0.01402	0.16214	0.53944	0.03366	0.01391	0.00620	0.00194	0.00304	0.15720	0.00464	0.00415
20	0.01440	0.23759	0.01604	0.00998	0.01336	0.08487	0.00837	0.20905	0.31898	0.01964	0.01309	0.01284	0.01008	0.00558	0.00436	0.00140	0.00500	0.00421	0.00391	0.00723
21	0.00701	0.00517	0.00547	0.00525	0.00702	0.00435	0.00399	0.00833	0.01138	0.07431	0.07893	0.04386	0.70456	0.01169	0.00566	0.00162	0.00258	0.00975	0.00465	0.00443
22	0.03679	0.01461	0.01312	0.01091	0.01410	0.19153	0.00866	0.40671	0.18373	0.02336	0.01282	0.03958	0.00992	0.00608	0.00476	0.00147	0.00565	0.00460	0.00428	0.00732
23	0.01447	0.01171	0.01387	0.24491	0.03314	0.06703	0.02325	0.32009	0.10104	0.06649	0.04672	0.01392	0.01017	0.00570	0.00488	0.00152	0.00558	0.00463	0.00392	0.00697
24	0.00677	0.00495	0.00636	0.00600	0.00719	0.00454	0.00450	0.00898	0.01351	0.01894	0.73919	0.03700	0.10374	0.01009	0.00572	0.00153	0.00230	0.00888	0.00527	0.00454
25	0.01173	0.01697	0.34852	0.03414	0.03370	0.01184	0.04580	0.13446	0.24123	0.01912	0.03287	0.01433	0.01044	0.00562	0.00486	0.00157	0.00574	0.01630	0.00347	0.00730

[dist]
# distance from previous block
# <min> <max>
0	1

[block]
# block no. 4 follows, 52 sequences, length 45
# corresponding to MSA columns:
# 341-385
name=unknown_E
#
# <colnr> <probs for GDERKNQSTAVLIFYWHMCP>
#	G	D	E	R	K	N	Q	S	T	A	V	L	I	F	Y	W	H	M	C	P
0	0.01111	0.01553	0.19430	0.01966	0.07874	0.01199	0.56426	0.01544	0.01115	0.01551	0.00952	0.01239	0.00712	0.00421	0.00542	0.00160	0.00778	0.00516	0.00236	0.00675
1	0.01178	0.34971	0.18600	0.01229	0.01657	0.05304	0.16482	0.01442	0.01004	0.01291	0.00787	0.01002	0.00657	0.00535	0.00592	0.05227	0.06845	0.00367	0.00217	0.00614
2	0.01296	0.83261	0.02539	0.00829	0.01244	0.01917	0.00829	0.01451	0.00985	0.01140	0.00674	0.00777	0.00622	0.00415	0.00311	0.00104	0.00518	0.00259	0.00207	0.00622
3	0.00838	0.00736	0.01103	0.15806	0.01435	0.00942	0.00871	0.01019	0.00803	0.01157	0.01030	0.01551	0.00944	0.02263	0.43650	0.00504	0.24152	0.00476	0.00238	0.00480
4	0.54921	0.31383	0.01388	0.00708	0.01051	0.01394	0.00637	0.01434	0.00884	0.01792	0.00674	0.00784	0.00561	0.00437	0.00304	0.00133	0.00428	0.00261	0.00266	0.00561
5	0.01287	0.01281	0.05822	0.01008	0.01301	0.12893	0.00829	0.12653	0.41087	0.01946	0.05596	0.01914	0.07350	0.00685	0.00495	0.00156	0.00480	0.02087	0.00437	0.00693
6	0.00692	0.00519	0.00779	0.00779	0.00865	0.00606	0.00606	0.00865	0.00779	0.01125	0.01298	0.01904	0.01211	0.03634	0.81049	0.00779	0.01298	0.00519	0.00260	0.00433
7	0.01438	0.01015	0.01182	0.01116	0.07259	0.01106	0.00816	0.05310	0.53479	0.18904	0.01848	0.01703	0.01340	0.00625	0.00491	0.00159	0.00410	0.00522	0.00496	0.00782
8	0.00903	0.00452	0.00452	0.00452	0.00565	0.00452	0.00339	0.01129	0.01016	0.01807	0.01581	0.01807	0.01242	0.00565	0.00339	0.00113	0.00226	0.00452	0.85659	0.00452
9	0.00612	0.00503	0.00590	0.06251	0.00861	0.00458	0.00464	0.00752	0.01085	0.01355	0.12015	0.20958	0.49954	0.01212	0.00576	0.00169	0.00279	0.01042	0.00442	0.00420
10	0.02174	0.00825	0.01125	0.00862	0.01237	0.00712	0.00712	0.02362	0.01387	0.80282	0.01912	0.01649	0.01200	0.00600	0.00487	0.00150	0.00412	0.00487	0.00600	0.00825
11	0.01116	0.01067	0.01817	0.25996	0.57574	0.01130	0.01446	0.01414	0.01064	0.01482	0.00897	0.01226	0.00732	0.00447	0.00481	0.00149	0.00596	0.00431	0.00233	0.00701
12	0.01810	0.02310	0.01373	0.01248	0.01498	0.81024	0.00936	0.01935	0.01373	0.01186	0.00749	0.00874	0.00624	0.00499	0.00437	0.00125	0.00874	0.00312	0.00250	0.00562
13	0.03759	0.21426	0.01607	0.02324	0.13930	0.01201	0.00861	0.09847	0.06672	0.10866	0.01051	0.01126	0.00817	0.00462	0.00404	0.00118	0.00465	0.00362	0.00331	0.22370
14	0.02174	0.00825	0.01125	0.00862	0.01237	0.00712	0.00712	0.02362	0.01387	0.80282	0.01912	0.01649	0.01200	0.00600	0.00487	0.00150	0.00412	0.00487	0.00600	0.00825
15	0.86392	0.00937	0.00712	0.00637	0.00937	0.01087	0.00525	0.01425	0.00825	0.02174	0.00675	0.00787	0.00525	0.00450	0.00300	0.00150	0.00375	0.00262	0.00300	0.00525
16	0.00773	0.00779	0.06525	0.00859	0.01039	0.00704	0.07075	0.01002	0.01161	0.01616	0.38924	0.02994	0.16892	0.01086	0.05475	0.00201	0.11232	0.00760	0.00412	0.00491
17	0.01229	0.06613	0.01078	0.00813	0.01062	0.00923	0.00656	0.22318	0.07164	0.10051	0.38144	0.02440	0.03924	0.00779	0.00516	0.00148	0.00362	0.00653	0.00500	0.00627
18	0.01125	0.40739	0.43568	0.01120	0.01693	0.01500	0.01335	0.01495	0.01005	0.01348	0.00777	0.00907	0.00618	0.00439	0.00390	0.00130	0.00622	0.00311	0.00206	0.00672
19	0.01404	0.01241	0.02147	0.05697	0.14342	0.01246	0.35949	0.22515	0.01455	0.07479	0.01079	0.01274	0.00793	0.00476	0.00524	0.00154	0.00665	0.00500	0.00333	0.00724
20	0.01063	0.01100	0.07598	0.03978	0.50745	0.01000	0.01242	0.01420	0.05593	0.01663	0.16517	0.01765	0.03057	0.00573	0.00499	0.00148	0.00503	0.00531	0.00313	0.00691
21	0.01148	0.00921	0.01024	0.00959	0.01200	0.01035	0.00768	0.02204	0.57842	0.05177	0.02107	0.02645	0.01769	0.00812	0.00533	0.00177	0.00399	0.18096	0.00487	0.00696
22	0.01090	0.01030	0.01755	0.12465	0.58337	0.01058	0.03152	0.01364	0.01056	0.01488	0.01053	0.06974	0.00949	0.00704	0.05274	0.00188	0.00612	0.00507	0.00253	0.00690
23	0.00593	0.00429	0.00561	0.00666	0.00705	0.00398	0.00450	0.00682	0.00944	0.01246	0.02826	0.75727	0.08571	0.01494	0.00616	0.00195	0.00282	0.02768	0.00450	0.00396
24	0.01753	0.02199	0.01409	0.01364	0.07000	0.73565	0.00971	0.01918	0.03156	0.01233	0.00789	0.00918	0.00654	0.00498	0.00441	0.00127	0.00842	0.00326	0.00255	0.00581
25	0.00686	0.00495	0.00648	0.00610	0.00724	0.00457	0.00457	0.00914	0.01372	0.01943	0.79691	0.03620	0.04572	0.00991	0.00572	0.00152	0.00229	0.00876	0.00533	0.00457
26	0.00608	0.00435	0.00578	0.00663	0.00707	0.00405	0.00451	0.00719	0.01009	0.01367	0.16821	0.68133	0.03456	0.01421	0.00610	0.00189	0.00272	0.01286	0.00465	0.00405
27	0.00646	0.00498	0.00593	0.00582	0.00716	0.00445	0.00445	0.00830	0.01241	0.01642	0.42701	0.04195	0.35715	0.01116	0.00579	0.00162	0.00252	0.06713	0.00492	0.00436
28	0.00983	0.00924	0.01529	0.63047	0.17303	0.01097	0.01341	0.01355	0.05124	0.01343	0.00929	0.01302	0.00712	0.00484	0.00484	0.00158	0.00619	0.00437	0.00235	0.00593
29	0.01005	0.00861	0.01005	0.00718	0.01148	0.00646	0.00574	0.01220	0.01005	0.01579	0.00861	0.01005	0.00718	0.00359	0.00359	0.00072	0.00359	0.00287	0.00287	0.85932
30	0.01337	0.01191	0.01935	0.07795	0.37606	0.01229	0.15728	0.18293	0.03093	0.04288	0.01026	0.01244	0.00792	0.00480	0.00515	0.00151	0.01783	0.00463	0.00309	0.00741
31	0.00585	0.00491	0.00507	0.00503	0.00662	0.00414	0.00377	0.00718	0.01132	0.01375	0.12718	0.04555	0.71899	0.01203	0.00573	0.00162	0.00244	0.01007	0.00459	0.00414
32	0.00689	0.00548	0.00713	0.00710	0.00806	0.01813	0.00538	0.00831	0.00863	0.01160	0.02188	0.05661	0.19746	0.08905	0.49596	0.00562	0.03259	0.00678	0.00313	0.00420
33	0.00958	0.02400	0.76237	0.01342	0.02023	0.01094	0.01719	0.01495	0.01008	0.01508	0.00899	0.01106	0.00661	0.02903	0.02469	0.00178	0.00723	0.00372	0.00209	0.00697
34	0.00655	0.00458	0.00588	0.00667	0.00700	0.00443	0.00458	0.00737	0.00892	0.01184	0.02315	0.46554	0.02710	0.25581	0.01173	0.00282	0.00364	0.13462	0.00403	0.00373
35	0.00758	0.00607	0.00894	0.05795	0.10794	0.00643	0.00705	0.00920	0.00910	0.01227	0.02043	0.02548	0.18120	0.02262	0.38755	0.06475	0.00832	0.04948	0.00303	0.00461
36	0.01810	0.02310	0.01373	0.01248	0.01498	0.81024	0.00936	0.01935	0.01373	0.01186	0.00749	0.00874	0.00624	0.00499	0.00437	0.00125	0.00874	0.00312	0.00250	0.00562
37	0.00637	0.00489	0.00583	0.00568	0.00696	0.00435	0.00423	0.00817	0.01243	0.01659	0.46592	0.08709	0.33170	0.01112	0.00575	0.00159	0.00238	0.00962	0.00497	0.00435
38	0.01205	0.01041	0.01096	0.00986	0.01260	0.01205	0.00767	0.02575	0.79071	0.02027	0.01972	0.01808	0.01479	0.00657	0.00493	0.00164	0.00384	0.00548	0.00493	0.00767
39	0.41267	0.00730	0.00718	0.06310	0.01001	0.00794	0.00542	0.01155	0.01056	0.01935	0.28705	0.02228	0.10465	0.00725	0.00437	0.00153	0.00329	0.00570	0.00392	0.00490
40	0.03952	0.03260	0.02210	0.00816	0.01142	0.00863	0.00671	0.19294	0.01459	0.16622	0.20674	0.01869	0.03382	0.00635	0.00467	0.00130	0.00385	0.00519	0.00452	0.21198
41	0.01125	0.01491	0.28353	0.15206	0.01864	0.01087	0.01189	0.20825	0.04903	0.01879	0.05339	0.01760	0.11628	0.00634	0.00493	0.00155	0.00555	0.00514	0.00340	0.00661
42	0.11382	0.12920	0.05104	0.01267	0.07156	0.29685	0.06329	0.07578	0.10068	0.01601	0.00932	0.01041	0.00742	0.00498	0.00444	0.00137	0.01821	0.00366	0.00291	0.00637
43	0.05325	0.06303	0.14940	0.01983	0.38648	0.07269	0.01281	0.04518	0.09330	0.01638	0.01043	0.03743	0.00865	0.00505	0.00461	0.00146	0.00578	0.00434	0.00278	0.00713
44	0.00967	0.05440	0.72776	0.01315	0.01984	0.01116	0.01675	0.01495	0.01042	0.01544	0.05540	0.01168	0.00849	0.00490	0.00461	0.00152	0.00680	0.00385	0.00224	0.00697

[dist]
# distance from previous block
# <min> <max>
0	1

[block]
# block no. 5 follows, 52 sequences, length 34
