[name]
unknown

[dist]
# distance from previous block
# <min> <max>
0	886

[block]
# block no. 0 follows, 51 sequences, length 33
# corresponding to MSA columns:
# 888-920
name=unknown_A
#
# <colnr> <probs for GDERKNQSTAVLIFYWHMCP>
#	G	D	E	R	K	N	Q	S	T	A	V	L	I	F	Y	W	H	M	C	P
0	0.00672	0.00565	0.00742	0.00688	0.00859	0.00503	0.06055	0.00852	0.01180	0.01500	0.20530	0.05746	0.47299	0.01151	0.00593	0.00171	0.00311	0.09677	0.00459	0.00447
1	0.01137	0.01067	0.01789	0.08416	0.65002	0.01082	0.01358	0.01398	0.01062	0.01505	0.00993	0.01454	0.00886	0.09946	0.00720	0.00185	0.00577	0.00470	0.00248	0.00706
2	0.00998	0.00961	0.01674	0.61204	0.17496	0.01117	0.06932	0.01326	0.01021	0.01344	0.00892	0.01294	0.00685	0.00476	0.00497	0.00161	0.00654	0.00447	0.00225	0.00598
3	0.00610	0.00436	0.00580	0.00677	0.00715	0.00407	0.00457	0.00712	0.00993	0.01337	0.11566	0.73315	0.03410	0.01478	0.00622	0.00194	0.00279	0.01338	0.00466	0.00407
4	0.00762	0.00588	0.00827	0.00814	0.00924	0.00685	0.00633	0.01078	0.09796	0.01246	0.01395	0.01919	0.01260	0.03337	0.71510	0.00718	0.01209	0.00530	0.00291	0.00478
5	0.01515	0.20266	0.01645	0.01039	0.01402	0.01358	0.06228	0.14866	0.29138	0.15265	0.01474	0.01416	0.01084	0.00569	0.00460	0.00147	0.00482	0.00459	0.00432	0.00755
6	0.07359	0.02104	0.43595	0.01205	0.01691	0.20526	0.01309	0.03867	0.01111	0.01494	0.00924	0.01239	0.00759	0.09980	0.00685	0.00185	0.00706	0.00388	0.00245	0.00628
7	0.00835	0.00436	0.00642	0.00638	0.00651	0.00431	0.00431	0.00673	0.00727	0.00983	0.09925	0.01745	0.01291	0.01626	0.01766	0.75822	0.00404	0.00480	0.00251	0.00242
8	0.01104	0.01052	0.01721	0.17297	0.54782	0.02691	0.01349	0.01375	0.01079	0.01492	0.01118	0.10604	0.01038	0.00576	0.00503	0.00155	0.00569	0.00546	0.00263	0.00687
9	0.01533	0.12516	0.22066	0.01318	0.10599	0.01169	0.03158	0.09182	0.06052	0.25678	0.01283	0.01289	0.00901	0.00523	0.00464	0.00147	0.00553	0.00423	0.00381	0.00765
10	0.06314	0.00874	0.01015	0.00740	0.01162	0.00690	0.00595	0.01384	0.01053	0.10693	0.00985	0.01081	0.00772	0.00398	0.00375	0.00087	0.00371	0.00313	0.00329	0.70770
11	0.01387	0.11110	0.28890	0.01165	0.01653	0.02803	0.01197	0.26011	0.15541	0.03731	0.01176	0.01209	0.00863	0.00540	0.00463	0.00149	0.00580	0.00414	0.00360	0.00759
12	0.00745	0.00556	0.00645	0.00636	0.00747	0.00555	0.00452	0.00969	0.08632	0.03204	0.02810	0.09183	0.28126	0.24199	0.16005	0.00370	0.00531	0.00819	0.00385	0.00432
13	0.27529	0.12171	0.01409	0.03056	0.01379	0.12651	0.06340	0.09488	0.05162	0.14918	0.01048	0.01098	0.00772	0.00506	0.00411	0.00144	0.00535	0.00371	0.00358	0.00654
14	0.01075	0.01075	0.01505	0.01290	0.01290	0.01505	0.01075	0.01183	0.00753	0.01183	0.00645	0.01075	0.00645	0.00860	0.01613	0.00215	0.81830	0.00430	0.00215	0.00538
15	0.01314	0.83025	0.02575	0.00841	0.01261	0.01945	0.00841	0.01472	0.00999	0.01156	0.00683	0.00788	0.00631	0.00420	0.00315	0.00105	0.00526	0.00263	0.00210	0.00631
16	0.01337	0.79369	0.02522	0.00860	0.01273	0.05515	0.00846	0.01494	0.01016	0.01158	0.00687	0.00793	0.00631	0.00424	0.00321	0.00106	0.00542	0.00265	0.00212	0.00628
17	0.04496	0.01076	0.01231	0.00965	0.01321	0.01112	0.00791	0.38397	0.05198	0.29821	0.05203	0.01662	0.05152	0.00648	0.00495	0.00151	0.00457	0.00510	0.00527	0.00786
18	0.00599	0.00428	0.00570	0.00684	0.00713	0.00399	0.00456	0.00684	0.00941	0.01254	0.02709	0.82409	0.03250	0.01540	0.00627	0.00200	0.00285	0.01397	0.00456	0.00399
19	0.03020	0.01262	0.01858	0.05539	0.17286	0.01326	0.18325	0.35093	0.05302	0.04372	0.01123	0.01263	0.00832	0.00517	0.00508	0.00153	0.00606	0.00476	0.00375	0.00764
20	0.01422	0.01564	0.01774	0.04470	0.50755	0.28574	0.01312	0.01658	0.01210	0.01458	0.00866	0.01105	0.00725	0.00463	0.00472	0.00140	0.00690	0.00396	0.00246	0.00700
21	0.00807	0.00542	0.00675	0.00663	0.00776	0.00523	0.00486	0.06327	0.01269	0.03622	0.38269	0.28744	0.03451	0.01090	0.00560	0.00164	0.00275	0.00963	0.10319	0.00477
22	0.01314	0.83025	0.02575	0.00841	0.01261	0.01945	0.00841	0.01472	0.00999	0.01156	0.00683	0.00788	0.00631	0.00420	0.00315	0.00105	0.00526	0.00263	0.00210	0.00631
23	0.00947	0.00488	0.00491	0.00480	0.00604	0.00493	0.00363	0.03667	0.01073	0.01874	0.01589	0.01811	0.01246	0.00573	0.00348	0.00116	0.00239	0.00458	0.82670	0.00470
24	0.00594	0.00495	0.00507	0.00508	0.00658	0.00420	0.00372	0.00712	0.01094	0.01317	0.06786	0.06378	0.69965	0.07145	0.00721	0.00189	0.00266	0.01018	0.00447	0.00407
25	0.00775	0.00554	0.00769	0.00862	0.00974	0.00549	0.00741	0.00999	0.01162	0.01532	0.12776	0.06972	0.03077	0.01315	0.00665	0.00216	0.00420	0.64726	0.00464	0.00453
26	0.01552	0.01160	0.01233	0.00994	0.01321	0.01281	0.00805	0.49706	0.17728	0.02636	0.01663	0.01632	0.06705	0.00651	0.00486	0.00150	0.00459	0.00510	0.08570	0.00758
27	0.01299	0.00635	0.00842	0.00718	0.00941	0.00564	0.00564	0.01504	0.01370	0.33535	0.42042	0.05393	0.06785	0.00872	0.00547	0.00156	0.00310	0.00752	0.00562	0.00610
28	0.00696	0.00502	0.00657	0.00618	0.00734	0.00464	0.00464	0.00927	0.01391	0.01971	0.79405	0.03671	0.04637	0.01005	0.00580	0.00155	0.00232	0.00889	0.00541	0.00464
29	0.86201	0.00950	0.00722	0.00646	0.00950	0.01102	0.00532	0.01445	0.00836	0.02205	0.00684	0.00798	0.00532	0.00456	0.00304	0.00152	0.00380	0.00266	0.00304	0.00532
30	0.00999	0.00729	0.00913	0.00907	0.06628	0.00741	0.00640	0.06003	0.16588	0.06457	0.47056	0.02813	0.03216	0.00837	0.00540	0.00155	0.00317	0.00728	0.03141	0.00591
31	0.01262	0.70381	0.14768	0.00929	0.01397	0.01818	0.00994	0.01485	0.01005	0.01219	0.00714	0.00827	0.00629	0.00428	0.00339	0.00113	0.00557	0.00279	0.00210	0.00646
32	0.01032	0.14014	0.69121	0.01321	0.02004	0.01256	0.01677	0.01544	0.01032	0.01499	0.00854	0.01002	0.00624	0.00460	0.00445	0.00148	0.00698	0.00349	0.00208	0.00713

[dist]
# distance from previous block
# <min> <max>
0	1

[block]
# block no. 1 follows, 51 sequences, length 49
# corresponding to MSA columns:
# 922-970
name=unknown_B
#
# <colnr> <probs for GDERKNQSTAVLIFYWHMCP>
#	G	D	E	R	K	N	Q	S	T	A	V	L	I	F	Y	W	H	M	C	P
0	0.00857	0.00673	0.00777	0.00714	0.00886	0.00688	0.00543	0.04374	0.20574	0.01921	0.44731	0.03251	0.14040	0.03045	0.00606	0.00167	0.00292	0.00804	0.00511	0.00545
1	0.00792	0.00522	0.00643	0.00641	0.00758	0.00479	0.00475	0.00935	0.01119	0.07756	0.22145	0.14573	0.21198	0.15126	0.00921	0.00227	0.00328	0.10456	0.00462	0.00444
2	0.00702	0.00527	0.00790	0.00790	0.00878	0.00614	0.00614	0.00878	0.00790	0.01141	0.01316	0.01931	0.01229	0.03686	0.80782	0.00790	0.01316	0.00527	0.00263	0.00439
3	0.01881	0.01356	0.01462	0.01121	0.01514	0.01494	0.00926	0.75156	0.02276	0.06015	0.01209	0.01199	0.00850	0.00591	0.00492	0.00148	0.00536	0.00444	0.00496	0.00836
4	0.01216	0.01168	0.01995	0.03016	0.79664	0.01168	0.01508	0.01508	0.01119	0.01605	0.00924	0.01216	0.00778	0.00438	0.00487	0.00146	0.00584	0.00438	0.00243	0.00778
5	0.01868	0.01376	0.01475	0.01131	0.01524	0.01524	0.00934	0.78025	0.02311	0.03097	0.01180	0.01180	0.00836	0.00590	0.00492	0.00147	0.00541	0.00442	0.00492	0.00836
6	0.01054	0.00879	0.01031	0.07551	0.01357	0.00996	0.00819	0.01979	0.47529	0.01795	0.02104	0.05587	0.01871	0.00880	0.00555	0.00185	0.00425	0.22289	0.00462	0.00653
7	0.08866	0.00990	0.01196	0.00925	0.01302	0.00967	0.00764	0.22530	0.01602	0.53198	0.01635	0.01471	0.01060	0.00591	0.00478	0.00151	0.00448	0.00462	0.00553	0.00812
8	0.00604	0.00431	0.00576	0.00690	0.00720	0.00403	0.00464	0.00693	0.00946	0.01260	0.02706	0.80507	0.03240	0.01535	0.00629	0.00200	0.00289	0.03251	0.00456	0.00400
9	0.01146	0.01425	0.09222	0.02016	0.02532	0.01234	0.71657	0.01573	0.01150	0.01573	0.00985	0.01302	0.00736	0.00419	0.00571	0.00165	0.00820	0.00562	0.00245	0.00668
10	0.01077	0.00957	0.00938	0.00882	0.01086	0.08271	0.00665	0.07799	0.34237	0.01748	0.02424	0.23189	0.12777	0.00955	0.00539	0.00170	0.00400	0.00812	0.00459	0.00613
11	0.00854	0.00427	0.00640	0.00640	0.00640	0.00427	0.00427	0.00640	0.00640	0.00854	0.00854	0.01494	0.00854	0.01707	0.01921	0.85702	0.00427	0.00427	0.00213	0.00213
12	0.00599	0.00428	0.00570	0.00684	0.00713	0.00399	0.00456	0.00684	0.00941	0.01254	0.02709	0.82409	0.03250	0.01540	0.00627	0.00200	0.00285	0.01397	0.00456	0.00399
13	0.00622	0.00438	0.00563	0.00654	0.00677	0.00415	0.00424	0.00690	0.00895	0.01194	0.02474	0.66401	0.02954	0.17951	0.01006	0.00256	0.00324	0.01259	0.00424	0.00379
14	0.86201	0.00950	0.00722	0.00646	0.00950	0.01102	0.00532	0.01445	0.00836	0.02205	0.00684	0.00798	0.00532	0.00456	0.00304	0.00152	0.00380	0.00266	0.00304	0.00532
15	0.00702	0.00527	0.00790	0.00790	0.00878	0.00614	0.00614	0.00878	0.00790	0.01141	0.01316	0.01931	0.01229	0.03686	0.80782	0.00790	0.01316	0.00527	0.00263	0.00439
16	0.00986	0.02542	0.80183	0.01401	0.02127	0.01141	0.01816	0.01556	0.01038	0.01556	0.00882	0.01038	0.00623	0.00467	0.00467	0.00156	0.00726	0.00363	0.00208	0.00726
17	0.00597	0.00433	0.00564	0.00669	0.00709	0.00400	0.00450	0.00686	0.00955	0.01260	0.02891	0.76165	0.09376	0.01516	0.00624	0.00197	0.00282	0.01368	0.00456	0.00400
18	0.01222	0.01065	0.01182	0.01162	0.07578	0.01218	0.00837	0.02523	0.72534	0.02020	0.01914	0.01784	0.01442	0.00648	0.00499	0.00165	0.00405	0.00546	0.00479	0.00778
19	0.01314	0.83025	0.02575	0.00841	0.01261	0.01945	0.00841	0.01472	0.00999	0.01156	0.00683	0.00788	0.00631	0.00420	0.00315	0.00105	0.00526	0.00263	0.00210	0.00631
20	0.01222	0.01056	0.01111	0.01000	0.01278	0.01222	0.00778	0.02611	0.78776	0.02056	0.02000	0.01833	0.01500	0.00667	0.00500	0.00167	0.00389	0.00556	0.00500	0.00778
21	0.00581	0.00498	0.00498	0.00498	0.00664	0.00415	0.00373	0.00705	0.01120	0.01328	0.04978	0.04729	0.79464	0.01245	0.00581	0.00166	0.00249	0.01037	0.00456	0.00415
22	0.01727	0.01306	0.01395	0.01102	0.01470	0.01458	0.00900	0.61523	0.19043	0.02869	0.01359	0.01323	0.00981	0.00607	0.00493	0.00152	0.00508	0.00467	0.00493	0.00823
23	0.00658	0.00492	0.00610	0.00600	0.00716	0.00445	0.00443	0.00847	0.01273	0.01736	0.53013	0.13902	0.21207	0.01126	0.00586	0.00163	0.00242	0.00986	0.00511	0.00445
24	0.00709	0.00474	0.00538	0.00543	0.00544	0.00473	0.00305	0.00713	0.00725	0.00967	0.01602	0.06858	0.01854	0.78996	0.02415	0.00464	0.00468	0.00746	0.00305	0.00302
25	0.01520	0.00805	0.00934	0.00786	0.01055	0.00816	0.00627	0.08068	0.19507	0.29643	0.01781	0.01724	0.01267	0.00609	0.00445	0.00143	0.00358	0.00492	0.28722	0.00697
26	0.01528	0.16678	0.17059	0.01303	0.07998	0.01373	0.05267	0.26144	0.01495	0.12768	0.01089	0.01155	0.00794	0.00522	0.00488	0.00144	0.02672	0.00407	0.00360	0.00755
27	0.01471	0.56012	0.02172	0.00976	0.01341	0.26063	0.00872	0.01654	0.03303	0.01196	0.00744	0.00848	0.00656	0.00454	0.00360	0.00113	0.00632	0.00287	0.00232	0.00616
28	0.13470	0.00974	0.01126	0.00895	0.01241	0.00985	0.00730	0.19731	0.07740	0.40439	0.04563	0.01563	0.01202	0.02471	0.00517	0.00160	0.00433	0.00476	0.00521	0.00763
29	0.00612	0.00497	0.00543	0.00535	0.00684	0.00428	0.00400	0.00765	0.01189	0.01500	0.25066	0.06331	0.57361	0.01187	0.00582	0.00164	0.00245	0.01006	0.00479	0.00428
30	0.00682	0.00506	0.00741	0.00761	0.00839	0.00565	0.00576	0.00843	0.00849	0.01204	0.05496	0.17452	0.01787	0.03140	0.61391	0.00645	0.01064	0.00712	0.00314	0.00432
31	0.00715	0.00476	0.00536	0.00536	0.00536	0.00476	0.00298	0.00715	0.00715	0.00953	0.01548	0.03216	0.01787	0.82729	0.02501	0.00476	0.00476	0.00715	0.00298	0.00298
32	0.00599	0.00428	0.00570	0.00684	0.00713	0.00399	0.00456	0.00684	0.00941	0.01254	0.02709	0.82409	0.03250	0.01540	0.00627	0.00200	0.00285	0.01397	0.00456	0.00399
33	0.01445	0.01043	0.01146	0.00989	0.01294	0.01159	0.00781	0.08635	0.59147	0.15723	0.01924	0.01753	0.01397	0.00650	0.00498	0.00163	0.00406	0.00536	0.00518	0.00793
34	0.04050	0.01365	0.01455	0.01118	0.01509	0.01513	0.00924	0.76044	0.02272	0.03074	0.01167	0.01170	0.00828	0.00586	0.00487	0.00148	0.00537	0.00438	0.00487	0.00828
35	0.01217	0.01159	0.01924	0.02854	0.73364	0.01172	0.01449	0.01597	0.07361	0.01642	0.01011	0.01266	0.00836	0.00456	0.00488	0.00148	0.00568	0.00447	0.00264	0.00778
36	0.01216	0.01168	0.01995	0.03016	0.79664	0.01168	0.01508	0.01508	0.01119	0.01605	0.00924	0.01216	0.00778	0.00438	0.00487	0.00146	0.00584	0.00438	0.00243	0.00778
37	0.01216	0.01168	0.01995	0.03016	0.79664	0.01168	0.01508	0.01508	0.01119	0.01605	0.00924	0.01216	0.00778	0.00438	0.00487	0.00146	0.00584	0.00438	0.00243	0.00778
38	0.00581	0.00498	0.00498	0.00498	0.00664	0.00415	0.00373	0.00705	0.01120	0.01328	0.04978	0.04729	0.79464	0.01245	0.00581	0.00166	0.00249	0.01037	0.00456	0.00415
39	0.01024	0.11944	0.71117	0.01335	0.02026	0.01235	0.01702	0.01546	0.01033	0.01510	0.00859	0.01008	0.00623	0.00461	0.00449	0.00150	0.00703	0.00351	0.00208	0.00715
40	0.00715	0.00476	0.00536	0.00536	0.00536	0.00476	0.00298	0.00715	0.00715	0.00953	0.01548	0.03216	0.01787	0.82729	0.02501	0.00476	0.00476	0.00715	0.00298	0.00298
41	0.00599	0.00428	0.00570	0.00684	0.00713	0.00399	0.00456	0.00684	0.00941	0.01254	0.02709	0.82409	0.03250	0.01540	0.00627	0.00200	0.00285	0.01397	0.00456	0.00399
42	0.01193	0.01144	0.01953	0.09328	0.73533	0.01162	0.01497	0.01488	0.01108	0.01577	0.00920	0.01224	0.00769	0.00442	0.00487	0.00147	0.00590	0.00438	0.00241	0.00760
43	0.01145	0.01300	0.02830	0.02026	0.02511	0.01219	0.75473	0.01554	0.01167	0.01586	0.03431	0.01398	0.00867	0.00433	0.00580	0.00165	0.00810	0.00590	0.00258	0.00657
44	0.00865	0.00631	0.00690	0.00639	0.00840	0.00596	0.00491	0.01238	0.15250	0.08978	0.13417	0.03784	0.48626	0.01050	0.00558	0.00163	0.00288	0.00880	0.00489	0.00527
45	0.01045	0.02130	0.54022	0.01628	0.02276	0.01176	0.27563	0.01562	0.01079	0.01562	0.00920	0.01135	0.00664	0.00449	0.00505	0.00159	0.00761	0.00437	0.00221	0.00705
46	0.10343	0.04106	0.01532	0.01691	0.23950	0.45838	0.01064	0.03281	0.01264	0.01458	0.00806	0.00975	0.00668	0.00481	0.00439	0.00135	0.00730	0.00347	0.00259	0.00633
47	0.00929	0.15812	0.09481	0.00761	0.01028	0.00944	0.00704	0.05262	0.03114	0.01494	0.02663	0.02658	0.33299	0.00838	0.00564	0.00150	0.06923	0.00651	0.12190	0.00535
48	0.01480	0.01161	0.01545	0.01795	0.32036	0.02575	0.01086	0.19565	0.16055	0.10897	0.01295	0.01359	0.00972	0.00533	0.00483	0.00146	0.00511	0.00457	0.00393	0.05656

[dist]
# distance from previous block
# <min> <max>
0	2

[block]
# block no. 2 follows, 51 sequences, length 14
# corresponding to MSA columns:
# 973-986
name=unknown_C
#
# <colnr> <probs for GDERKNQSTAVLIFYWHMCP>
#	G	D	E	R	K	N	Q	S	T	A	V	L	I	F	Y	W	H	M	C	P
0	0.01064	0.08730	0.63154	0.01277	0.01918	0.01173	0.01580	0.05597	0.01122	0.03353	0.02813	0.01243	0.03824	0.00515	0.00464	0.00151	0.00664	0.00400	0.00249	0.00709
1	0.01162	0.21648	0.45455	0.01194	0.01765	0.01374	0.01382	0.07533	0.10958	0.01641	0.00998	0.01089	0.00752	0.00490	0.00436	0.00144	0.00621	0.00369	0.00267	0.00718
2	0.61301	0.11530	0.01072	0.00770	0.01085	0.11728	0.00641	0.04275	0.00983	0.01972	0.00712	0.00822	0.00569	0.00463	0.00331	0.00143	0.00471	0.00279	0.00292	0.00561
3	0.00671	0.00580	0.04998	0.00691	0.00791	0.00475	0.00528	0.00835	0.01101	0.01520	0.31468	0.39456	0.03491	0.08347	0.00765	0.00205	0.00310	0.02871	0.00461	0.00434
4	0.01019	0.00873	0.01019	0.00728	0.01165	0.00655	0.00582	0.01237	0.01019	0.01601	0.00873	0.01019	0.00728	0.00364	0.00364	0.00073	0.00364	0.00291	0.00291	0.85734
5	0.01088	0.07234	0.33081	0.01436	0.05466	0.01150	0.18418	0.01612	0.09241	0.01595	0.01012	0.01174	0.00767	0.00455	0.00470	0.00142	0.00635	0.00417	0.00263	0.14344
6	0.00607	0.00499	0.00534	0.00525	0.00680	0.00426	0.00394	0.00756	0.01182	0.01474	0.21886	0.04489	0.62465	0.01190	0.00581	0.00163	0.00245	0.01003	0.00476	0.00426
7	0.01189	0.01175	0.01835	0.21170	0.56855	0.06309	0.01439	0.01479	0.01105	0.01498	0.00902	0.01217	0.00740	0.00455	0.00485	0.00149	0.00620	0.00430	0.00238	0.00711
8	0.00608	0.00432	0.00567	0.00672	0.00698	0.00406	0.00443	0.00687	0.00922	0.01230	0.02612	0.75850	0.03129	0.08264	0.00782	0.00223	0.00301	0.01341	0.00443	0.00391
9	0.00613	0.00436	0.00578	0.00686	0.00716	0.00411	0.00462	0.00700	0.00937	0.01247	0.02640	0.74737	0.03151	0.06012	0.00733	0.00216	0.00303	0.04579	0.00447	0.00396
10	0.00693	0.00518	0.00646	0.00620	0.00744	0.00482	0.00462	0.00945	0.04352	0.01832	0.60407	0.09085	0.15251	0.01062	0.00580	0.00160	0.00244	0.00932	0.00521	0.00465
11	0.00987	0.00933	0.01580	0.65593	0.18882	0.01107	0.01394	0.01307	0.01010	0.01327	0.00884	0.01291	0.00680	0.00480	0.00490	0.00160	0.00641	0.00437	0.00223	0.00593
12	0.01314	0.83025	0.02575	0.00841	0.01261	0.01945	0.00841	0.01472	0.00999	0.01156	0.00683	0.00788	0.00631	0.00420	0.00315	0.00105	0.00526	0.00263	0.00210	0.00631
13	0.01064	0.01012	0.01719	0.44552	0.39320	0.01128	0.01432	0.01375	0.01047	0.01420	0.00897	0.01266	0.00713	0.00466	0.00489	0.00155	0.00622	0.00437	0.00230	0.00655

[dist]
# distance from previous block
# <min> <max>
0	7

[block]
# block no. 3 follows, 51 sequences, length 100
# corresponding to MSA columns:
# 994-1093
name=unknown_D
#
# <colnr> <probs for GDERKNQSTAVLIFYWHMCP>
#	G	D	E	R	K	N	Q	S	T	A	V	L	I	F	Y	W	H	M	C	P
0	0.01630	0.01911	0.01298	0.01177	0.01438	0.54080	0.00892	0.02180	0.27348	0.01489	0.01176	0.01204	0.00924	0.00560	0.00462	0.00140	0.00719	0.00397	0.00336	0.00640
1	0.01351	0.77288	0.02491	0.00871	0.01280	0.07548	0.00849	0.01506	0.01027	0.01159	0.00689	0.00795	0.00631	0.00427	0.00324	0.00107	0.00551	0.00267	0.00213	0.00626
2	0.01216	0.01168	0.01995	0.03016	0.79664	0.01168	0.01508	0.01508	0.01119	0.01605	0.00924	0.01216	0.00778	0.00438	0.00487	0.00146	0.00584	0.00438	0.00243	0.00778
3	0.01314	0.83025	0.02575	0.00841	0.01261	0.01945	0.00841	0.01472	0.00999	0.01156	0.00683	0.00788	0.00631	0.00420	0.00315	0.00105	0.00526	0.00263	0.00210	0.00631
4	0.03110	0.01161	0.02088	0.02630	0.57083	0.01144	0.17807	0.01490	0.01136	0.01632	0.05166	0.01363	0.00974	0.00464	0.00507	0.00151	0.00613	0.00489	0.00262	0.00731
5	0.24896	0.06821	0.06201	0.00844	0.01228	0.00939	0.00749	0.02017	0.01199	0.48216	0.01441	0.01331	0.00951	0.00544	0.00428	0.00149	0.00435	0.00407	0.00472	0.00732
6	0.01836	0.02342	0.01393	0.01266	0.01519	0.80756	0.00950	0.01962	0.01393	0.01203	0.00760	0.00886	0.00633	0.00506	0.00443	0.00127	0.00886	0.00317	0.00253	0.00570
7	0.00711	0.00490	0.00605	0.00605	0.00628	0.00514	0.00383	0.00759	0.00735	0.01004	0.01486	0.02868	0.01636	0.61361	0.23663	0.00561	0.00703	0.00664	0.00288	0.00336
8	0.03437	0.16774	0.57650	0.01257	0.01876	0.06379	0.01526	0.01553	0.01054	0.01488	0.02292	0.01026	0.00697	0.00471	0.00436	0.00145	0.00682	0.00349	0.00220	0.00689
9	0.01216	0.01164	0.01965	0.02949	0.77063	0.01169	0.01484	0.01545	0.03695	0.01620	0.00960	0.01237	0.00802	0.00445	0.00487	0.00147	0.00577	0.00442	0.00252	0.00778
10	0.00599	0.00428	0.00570	0.00684	0.00713	0.00399	0.00456	0.00684	0.00941	0.01254	0.02709	0.82409	0.03250	0.01540	0.00627	0.00200	0.00285	0.01397	0.00456	0.00399
11	0.00769	0.00612	0.00819	0.00973	0.13064	0.00582	0.00615	0.00943	0.01084	0.03484	0.10832	0.07045	0.37228	0.01507	0.14967	0.00273	0.00497	0.00819	0.03396	0.00493
12	0.02747	0.11587	0.35410	0.01807	0.25783	0.05545	0.03370	0.01603	0.04826	0.01541	0.00918	0.01096	0.00716	0.00463	0.00455	0.00146	0.00647	0.00384	0.00238	0.00720
13	0.01540	0.00761	0.00958	0.00789	0.01071	0.00706	0.00632	0.06084	0.07558	0.40840	0.20150	0.02534	0.12645	0.00790	0.00526	0.00155	0.00357	0.00661	0.00557	0.00689
14	0.00713	0.00530	0.00688	0.00773	0.00888	0.00505	0.00642	0.00894	0.01103	0.01405	0.03210	0.15816	0.22032	0.01354	0.00647	0.00208	0.00379	0.47323	0.00454	0.00436
15	0.03426	0.01244	0.04078	0.02618	0.51422	0.01189	0.25619	0.01528	0.01123	0.01610	0.00939	0.01236	0.00758	0.00432	0.00511	0.00153	0.00659	0.00476	0.00246	0.00734
16	0.13438	0.05363	0.03426	0.01073	0.01417	0.26909	0.00879	0.28934	0.01616	0.10901	0.01031	0.01067	0.00757	0.00536	0.00442	0.00140	0.00620	0.00373	0.00382	0.00696
17	0.01868	0.01376	0.01475	0.01131	0.01524	0.01524	0.00934	0.78025	0.02311	0.03097	0.01180	0.01180	0.00836	0.00590	0.00492	0.00147	0.00541	0.00442	0.00492	0.00836
18	0.01267	0.01273	0.01913	0.04260	0.68517	0.08888	0.01439	0.01539	0.01133	0.01548	0.00900	0.01182	0.00758	0.00457	0.00513	0.00146	0.02849	0.00426	0.00243	0.00747
19	0.09565	0.01245	0.04740	0.01939	0.38881	0.09903	0.01144	0.02992	0.02588	0.17760	0.01248	0.01353	0.03447	0.00517	0.00469	0.00147	0.00554	0.00439	0.00340	0.00730
20	0.86201	0.00950	0.00722	0.00646	0.00950	0.01102	0.00532	0.01445	0.00836	0.02205	0.00684	0.00798	0.00532	0.00456	0.00304	0.00152	0.00380	0.00266	0.00304	0.00532
21	0.01216	0.01168	0.01995	0.03016	0.79664	0.01168	0.01508	0.01508	0.01119	0.01605	0.00924	0.01216	0.00778	0.00438	0.00487	0.00146	0.00584	0.00438	0.00243	0.00778
22	0.01082	0.00913	0.01208	0.27869	0.06538	0.01039	0.00960	0.04509	0.30018	0.04314	0.07733	0.01995	0.08397	0.00668	0.00509	0.00162	0.00471	0.00572	0.00394	0.00648
23	0.00630	0.00454	0.00596	0.00656	0.00718	0.00421	0.00456	0.00765	0.01094	0.01492	0.27909	0.54037	0.06233	0.01355	0.00610	0.00184	0.00266	0.01219	0.00484	0.00421
24	0.86201	0.00950	0.00722	0.00646	0.00950	0.01102	0.00532	0.01445	0.00836	0.02205	0.00684	0.00798	0.00532	0.00456	0.00304	0.00152	0.00380	0.00266	0.00304	0.00532
25	0.00692	0.00502	0.00652	0.00614	0.00732	0.00462	0.00461	0.00920	0.01382	0.01949	0.76918	0.03706	0.07137	0.01013	0.00580	0.00155	0.00232	0.00894	0.00538	0.00462
26	0.00715	0.00476	0.00536	0.00536	0.00536	0.00476	0.00298	0.00715	0.00715	0.00953	0.01548	0.03216	0.01787	0.82729	0.02501	0.00476	0.00476	0.00715	0.00298	0.00298
27	0.01551	0.01025	0.01146	0.00955	0.01274	0.01097	0.00764	0.18872	0.36494	0.21402	0.02057	0.01895	0.07851	0.00684	0.00504	0.00159	0.00417	0.00556	0.00521	0.00774
28	0.01216	0.01168	0.01995	0.03016	0.79664	0.01168	0.01508	0.01508	0.01119	0.01605	0.00924	0.01216	0.00778	0.00438	0.00487	0.00146	0.00584	0.00438	0.00243	0.00778
29	0.01314	0.83025	0.02575	0.00841	0.01261	0.01945	0.00841	0.01472	0.00999	0.01156	0.00683	0.00788	0.00631	0.00420	0.00315	0.00105	0.00526	0.00263	0.00210	0.00631
30	0.13214	0.01380	0.01101	0.00958	0.01236	0.30377	0.00744	0.06077	0.01323	0.23301	0.03538	0.07223	0.06140	0.00666	0.00467	0.00147	0.00568	0.00504	0.00407	0.00629
31	0.00868	0.00559	0.00677	0.00631	0.00711	0.00556	0.00416	0.02890	0.00837	0.06703	0.01484	0.02694	0.01559	0.56038	0.15488	0.00472	0.00610	0.00633	0.00319	0.05856
32	0.01218	0.00953	0.01099	0.00800	0.01227	0.00799	0.00646	0.13667	0.01247	0.05967	0.00979	0.01079	0.00771	0.00413	0.00391	0.00089	0.00395	0.00326	0.00340	0.67592
33	0.78028	0.00992	0.00795	0.00693	0.01006	0.01143	0.00571	0.08866	0.00979	0.02291	0.00732	0.00835	0.00562	0.00469	0.00322	0.00152	0.00396	0.00283	0.00322	0.00562
34	0.00986	0.02542	0.80183	0.01401	0.02127	0.01141	0.01816	0.01556	0.01038	0.01556	0.00882	0.01038	0.00623	0.00467	0.00467	0.00156	0.00726	0.00363	0.00208	0.00726
35	0.00714	0.00478	0.00546	0.00546	0.00549	0.00482	0.00310	0.00721	0.00718	0.00960	0.01539	0.03166	0.01765	0.79650	0.05551	0.00489	0.00509	0.00707	0.00296	0.00303
36	0.01170	0.00703	0.00729	0.00637	0.00826	0.00742	0.00501	0.21638	0.01372	0.02169	0.01490	0.01658	0.01147	0.00577	0.00383	0.00123	0.00312	0.00454	0.62810	0.00559
37	0.01035	0.10236	0.66667	0.01470	0.07989	0.01221	0.01698	0.01544	0.01040	0.01521	0.00866	0.01027	0.00635	0.00460	0.00454	0.00150	0.00696	0.00359	0.00211	0.00721
38	0.01898	0.01469	0.01464	0.01160	0.01523	0.20138	0.05823	0.36313	0.01795	0.21595	0.01256	0.01241	0.00876	0.00563	0.00486	0.00145	0.00611	0.00434	0.00448	0.00762
39	0.00854	0.00427	0.00640	0.00640	0.00640	0.00427	0.00427	0.00640	0.00640	0.00854	0.00854	0.01494	0.00854	0.01707	0.01921	0.85702	0.00427	0.00427	0.00213	0.00213
40	0.01110	0.01059	0.01802	0.32069	0.51445	0.01140	0.01455	0.01415	0.01069	0.01476	0.00906	0.01251	0.00733	0.00458	0.00488	0.00153	0.00610	0.00437	0.00234	0.00692
41	0.01767	0.01116	0.01585	0.01688	0.26162	0.07073	0.07266	0.04831	0.01328	0.39958	0.01423	0.01422	0.00981	0.00530	0.00495	0.00149	0.00544	0.00468	0.00432	0.00783
42	0.01235	0.00806	0.00984	0.00935	0.06028	0.00830	0.00659	0.16893	0.04929	0.13414	0.07682	0.03834	0.04730	0.25617	0.01150	0.00257	0.02353	0.05406	0.01681	0.00578
43	0.00598	0.00430	0.00568	0.00679	0.00711	0.00400	0.00454	0.00685	0.00946	0.01257	0.02771	0.80266	0.05353	0.01531	0.00626	0.00199	0.00284	0.01387	0.00456	0.00400
44	0.01164	0.01072	0.01673	0.02362	0.54810	0.01105	0.01272	0.01665	0.16650	0.01675	0.01337	0.03462	0.01171	0.00595	0.00511	0.00159	0.00526	0.07734	0.00319	0.00739
45	0.08604	0.25807	0.14903	0.01081	0.05309	0.01348	0.00995	0.11082	0.07204	0.17483	0.01142	0.01158	0.00838	0.00509	0.00420	0.00139	0.00520	0.00379	0.00356	0.00723
46	0.03104	0.01269	0.10652	0.01792	0.30399	0.01140	0.01192	0.16156	0.01370	0.19628	0.01186	0.01285	0.00865	0.00538	0.00554	0.00153	0.05758	0.00439	0.01747	0.00771
47	0.05466	0.08004	0.02934	0.01624	0.22387	0.05551	0.02700	0.14775	0.01272	0.11433	0.00995	0.01163	0.00779	0.00579	0.00707	0.00158	0.18025	0.00417	0.00325	0.00705
48	0.00695	0.00471	0.00539	0.00553	0.00563	0.00464	0.00320	0.00710	0.00758	0.01005	0.01823	0.13192	0.04888	0.69499	0.02194	0.00430	0.00444	0.00812	0.00324	0.00315
49	0.01070	0.07379	0.58248	0.01284	0.01894	0.02775	0.01534	0.01765	0.16219	0.01621	0.01085	0.01174	0.00795	0.00504	0.00463	0.00154	0.00651	0.00393	0.00266	0.00727
50	0.01459	0.01687	0.01712	0.01416	0.01637	0.35953	0.15197	0.05210	0.01180	0.01354	0.00785	0.01044	0.00667	0.00611	0.00860	0.00164	0.27814	0.00409	0.00251	0.00589
51	0.00741	0.00536	0.00666	0.00627	0.00763	0.00499	0.00472	0.01010	0.05082	0.03882	0.61434	0.05012	0.15374	0.01022	0.00575	0.00158	0.00248	0.00893	0.00527	0.00480
52	0.01314	0.83025	0.02575	0.00841	0.01261	0.01945	0.00841	0.01472	0.00999	0.01156	0.00683	0.00788	0.00631	0.00420	0.00315	0.00105	0.00526	0.00263	0.00210	0.00631
53	0.00602	0.00496	0.00529	0.00526	0.00678	0.00423	0.00393	0.00744	0.01163	0.01441	0.18278	0.07277	0.63327	0.01212	0.00582	0.00165	0.00247	0.01023	0.00472	0.00423
54	0.15452	0.01308	0.01354	0.01053	0.01432	0.01456	0.00869	0.65690	0.02073	0.02953	0.01100	0.01118	0.00787	0.00568	0.00461	0.00148	0.00515	0.00414	0.00461	0.00787
55	0.17033	0.00856	0.00923	0.00804	0.01065	0.00912	0.00636	0.05571	0.25669	0.14635	0.20609	0.02165	0.05671	0.00724	0.00485	0.00158	0.00355	0.00590	0.00489	0.00651
56	0.01304	0.00795	0.00938	0.00742	0.01075	0.00687	0.00594	0.06412	0.04712	0.24607	0.02439	0.02327	0.23621	0.00717	0.00479	0.00132	0.00359	0.00587	0.00454	0.27020
57	0.00667	0.00531	0.00600	0.00623	0.00756	0.00490	0.00470	0.00882	0.06076	0.01409	0.09241	0.16647	0.43413	0.05206	0.00689	0.00193	0.00300	0.10911	0.00457	0.00438
58	0.33278	0.00879	0.00986	0.00790	0.01142	0.00863	0.00652	0.02043	0.01196	0.51223	0.01475	0.01349	0.00963	0.00552	0.00424	0.00152	0.00404	0.00410	0.00496	0.00724
59	0.00715	0.00518	0.00777	0.00777	0.00858	0.00599	0.00599	0.00858	0.00777	0.01117	0.01278	0.01894	0.01197	0.03522	0.74247	0.07826	0.01243	0.00518	0.00259	0.00420
60	0.00591	0.00472	0.00529	0.00570	0.00684	0.00410	0.00407	0.00704	0.01061	0.01318	0.06190	0.33500	0.49143	0.01347	0.00598	0.00178	0.00262	0.01166	0.00459	0.00410
61	0.00787	0.00564	0.00785	0.00895	0.01009	0.00562	0.00781	0.01010	0.01131	0.01467	0.02662	0.05523	0.04752	0.01355	0.00676	0.00225	0.00447	0.74465	0.00453	0.00452
62	0.00999	0.00482	0.00502	0.00485	0.00616	0.00475	0.00368	0.01225	0.01055	0.06848	0.01625	0.01822	0.01257	0.00575	0.00353	0.00117	0.00241	0.00460	0.80013	0.00482
63	0.01059	0.00854	0.00996	0.00741	0.01139	0.00681	0.00590	0.01357	0.06613	0.05332	0.05043	0.01363	0.03612	0.00458	0.00398	0.00090	0.00358	0.00374	0.00339	0.68603
64	0.01216	0.01168	0.01995	0.03016	0.79664	0.01168	0.01508	0.01508	0.01119	0.01605	0.00924	0.01216	0.00778	0.00438	0.00487	0.00146	0.00584	0.00438	0.00243	0.00778
65	0.01171	0.48087	0.36265	0.01084	0.01637	0.01596	0.01264	0.01508	0.01015	0.01330	0.00769	0.00897	0.00627	0.00441	0.00381	0.00127	0.00613	0.00306	0.00209	0.00672
66	0.01091	0.28316	0.55329	0.01221	0.01850	0.01399	0.01504	0.01529	0.01025	0.01428	0.00818	0.00958	0.00625	0.00452	0.00418	0.00139	0.00662	0.00331	0.00208	0.00696
67	0.01716	0.01276	0.01383	0.01059	0.01454	0.01364	0.00870	0.61691	0.05446	0.04135	0.01182	0.01192	0.00855	0.00559	0.00472	0.00137	0.00505	0.00425	0.00463	0.13815
68	0.00986	0.02542	0.80183	0.01401	0.02127	0.01141	0.01816	0.01556	0.01038	0.01556	0.00882	0.01038	0.00623	0.00467	0.00467	0.00156	0.00726	0.00363	0.00208	0.00726
69	0.00592	0.00484	0.00522	0.00542	0.00678	0.00415	0.00396	0.00716	0.01102	0.01355	0.09376	0.19953	0.59589	0.01287	0.00590	0.00172	0.00255	0.01098	0.00462	0.00415
70	0.01468	0.01648	0.01151	0.01055	0.01277	0.46027	0.00797	0.11570	0.01404	0.01482	0.01687	0.13865	0.10987	0.00789	0.00501	0.00148	0.00659	0.02585	0.00346	0.00556
71	0.01528	0.01748	0.01231	0.01118	0.01375	0.46178	0.00849	0.02122	0.30002	0.01526	0.01489	0.01483	0.06012	0.00613	0.00473	0.00144	0.00661	0.00451	0.00358	0.00637
72	0.00588	0.00496	0.00509	0.00509	0.00669	0.00417	0.00381	0.00718	0.01132	0.01363	0.09264	0.06435	0.73369	0.01237	0.00582	0.00166	0.00249	0.01037	0.00461	0.00417
73	0.01053	0.01001	0.01700	0.47457	0.36498	0.01125	0.01427	0.01365	0.01042	0.01407	0.00896	0.01269	0.00709	0.00468	0.00489	0.00156	0.00624	0.00437	0.00229	0.00647
74	0.01216	0.01168	0.01995	0.03016	0.79664	0.01168	0.01508	0.01508	0.01119	0.01605	0.00924	0.01216	0.00778	0.00438	0.00487	0.00146	0.00584	0.00438	0.00243	0.00778
75	0.02205	0.00836	0.01140	0.00874	0.01254	0.00722	0.00722	0.02395	0.01407	0.80004	0.01939	0.01673	0.01216	0.00608	0.00494	0.00152	0.00418	0.00494	0.00608	0.00836
76	0.01439	0.00962	0.01016	0.00827	0.01095	0.01043	0.00668	0.43337	0.01733	0.02526	0.01371	0.01474	0.01027	0.00582	0.00425	0.00133	0.00400	0.00449	0.38829	0.00665
77	0.00678	0.00551	0.00623	0.00722	0.00765	0.05555	0.00488	0.00766	0.00970	0.01251	0.02584	0.77178	0.03082	0.01473	0.00615	0.00195	0.00324	0.01328	0.00443	0.00410
78	0.00834	0.00533	0.00701	0.00642	0.00782	0.00487	0.00487	0.01062	0.01392	0.09124	0.72304	0.03488	0.04323	0.00968	0.00572	0.00154	0.00249	0.00853	0.00547	0.00498
79	0.01588	0.01237	0.01317	0.01074	0.01417	0.01393	0.00866	0.45287	0.35505	0.02645	0.01536	0.01464	0.01124	0.00623	0.00495	0.00156	0.00475	0.00492	0.00495	0.00811
80	0.00737	0.00558	0.00697	0.00712	0.00849	0.00536	0.00574	0.01018	0.06212	0.01671	0.32867	0.04404	0.19914	0.01152	0.00608	0.00182	0.00319	0.26030	0.00491	0.00470
81	0.01290	0.77079	0.08308	0.00882	0.01325	0.01885	0.00913	0.01478	0.01001	0.01186	0.00698	0.00807	0.00630	0.00424	0.00327	0.00109	0.00540	0.00270	0.00210	0.00638
82	0.00635	0.00486	0.00583	0.00588	0.00705	0.00433	0.00430	0.00800	0.01205	0.01598	0.37536	0.19565	0.31265	0.01196	0.00589	0.00168	0.00248	0.01042	0.00494	0.00433
83	0.00715	0.00476	0.00536	0.00536	0.00536	0.00476	0.00298	0.00715	0.00715	0.00953	0.01548	0.03216	0.01787	0.82729	0.02501	0.00476	0.00476	0.00715	0.00298	0.00298
84	0.01836	0.02321	0.01394	0.01263	0.01519	0.79008	0.00949	0.03641	0.01413	0.01245	0.00769	0.00893	0.00637	0.00508	0.00444	0.00127	0.00879	0.00319	0.00258	0.00576
85	0.01216	0.01168	0.01995	0.03016	0.79664	0.01168	0.01508	0.01508	0.01119	0.01605	0.00924	0.01216	0.00778	0.00438	0.00487	0.00146	0.00584	0.00438	0.00243	0.00778
86	0.00702	0.00527	0.00790	0.00790	0.00878	0.00614	0.00614	0.00878	0.00790	0.01141	0.01316	0.01931	0.01229	0.03686	0.80782	0.00790	0.01316	0.00527	0.00263	0.00439
87	0.00599	0.00428	0.00570	0.00684	0.00713	0.00399	0.00456	0.00684	0.00941	0.01254	0.02709	0.82409	0.03250	0.01540	0.00627	0.00200	0.00285	0.01397	0.00456	0.00399
88	0.01216	0.01168	0.01995	0.03016	0.79664	0.01168	0.01508	0.01508	0.01119	0.01605	0.00924	0.01216	0.00778	0.00438	0.00487	0.00146	0.00584	0.00438	0.00243	0.00778
89	0.01293	0.77861	0.07555	0.00877	0.01317	0.01893	0.00903	0.01477	0.01001	0.01182	0.00696	0.00804	0.00630	0.00423	0.00325	0.00108	0.00538	0.00269	0.00210	0.00637
90	0.01100	0.01830	0.35561	0.01470	0.01883	0.06389	0.14536	0.01460	0.00986	0.01412	0.00814	0.01090	0.00652	0.00592	0.00868	0.00175	0.27899	0.00420	0.00220	0.00642
91	0.00581	0.00498	0.00498	0.00498	0.00664	0.00415	0.00373	0.00705	0.01120	0.01328	0.04978	0.04729	0.79464	0.01245	0.00581	0.00166	0.00249	0.01037	0.00456	0.00415
92	0.00792	0.00566	0.00792	0.00905	0.01018	0.00566	0.00792	0.01018	0.01131	0.01471	0.02602	0.05543	0.02828	0.01358	0.00679	0.00226	0.00453	0.76356	0.00453	0.00453
93	0.01146	0.41915	0.42217	0.01127	0.01703	0.01534	0.01339	0.01515	0.01018	0.01361	0.00785	0.00916	0.00626	0.00444	0.00393	0.00131	0.00628	0.00314	0.00209	0.00679
94	0.00581	0.00498	0.00498	0.00498	0.00664	0.00415	0.00373	0.00705	0.01120	0.01328	0.04978	0.04729	0.79464	0.01245	0.00581	0.00166	0.00249	0.01037	0.00456	0.00415
95	0.00581	0.00498	0.00498	0.00498	0.00664	0.00415	0.00373	0.00705	0.01120	0.01328	0.04978	0.04729	0.79464	0.01245	0.00581	0.00166	0.00249	0.01037	0.00456	0.00415
96	0.01314	0.83025	0.02575	0.00841	0.01261	0.01945	0.00841	0.01472	0.00999	0.01156	0.00683	0.00788	0.00631	0.00420	0.00315	0.00105	0.00526	0.00263	0.00210	0.00631
97	0.02014	0.01142	0.01330	0.01019	0.01407	0.01176	0.00842	0.45194	0.01918	0.36483	0.01509	0.01394	0.01001	0.00598	0.00493	0.00149	0.00488	0.00465	0.00542	0.00836
98	0.01293	0.77861	0.07555	0.00877	0.01317	0.01893	0.00903	0.01477	0.01001	0.01182	0.00696	0.00804	0.00630	0.00423	0.00325	0.00108	0.00538	0.00269	0.00210	0.00637
99	0.01130	0.01079	0.01838	0.26605	0.56752	0.01145	0.01465	0.01432	0.01078	0.01500	0.00909	0.01244	0.00741	0.00454	0.00488	0.00151	0.00605	0.00438	0.00236	0.00709

[dist]
# distance from previous block
# <min> <max>
0	13

[block]
# block no. 4 follows, 51 sequences, length 181
# corresponding to MSA columns:
# 1107-1287
name=unknown_E
#
# <colnr> <probs for GDERKNQSTAVLIFYWHMCP>
#	G	D	E	R	K	N	Q	S	T	A	V	L	I	F	Y	W	H	M	C	P
0	0.01216	0.01168	0.01995	0.03016	0.79664	0.01168	0.01508	0.01508	0.01119	0.01605	0.00924	0.01216	0.00778	0.00438	0.00487	0.00146	0.00584	0.00438	0.00243	0.00778
1	0.00686	0.00502	0.00644	0.00608	0.00728	0.00460	0.00456	0.00909	0.01369	0.01918	0.73329	0.03757	0.10745	0.01024	0.00580	0.00155	0.00233	0.00901	0.00534	0.00460
2	0.01202	0.01153	0.01969	0.06914	0.75878	0.01164	0.01501	0.01496	0.01112	0.01588	0.00922	0.01221	0.00772	0.00441	0.00487	0.00147	0.00587	0.00438	0.00242	0.00767
3	0.01075	0.01075	0.01505	0.01290	0.01290	0.01505	0.01075	0.01183	0.00753	0.01183	0.00645	0.01075	0.00645	0.00860	0.01613	0.00215	0.81830	0.00430	0.00215	0.00538
4	0.01352	0.01048	0.01031	0.00902	0.01146	0.12287	0.00699	0.12044	0.18114	0.14101	0.18955	0.08672	0.05945	0.00798	0.00522	0.00156	0.00435	0.00662	0.00484	0.00647
5	0.01216	0.01168	0.01995	0.03016	0.79664	0.01168	0.01508	0.01508	0.01119	0.01605	0.00924	0.01216	0.00778	0.00438	0.00487	0.00146	0.00584	0.00438	0.00243	0.00778
6	0.00599	0.00428	0.00570	0.00684	0.00713	0.00399	0.00456	0.00684	0.00941	0.01254	0.02709	0.82409	0.03250	0.01540	0.00627	0.00200	0.00285	0.01397	0.00456	0.00399
7	0.01935	0.01199	0.01357	0.01048	0.01431	0.01270	0.00863	0.51677	0.05938	0.25929	0.01447	0.01360	0.00983	0.00599	0.00493	0.00150	0.00497	0.00464	0.00527	0.00833
8	0.01100	0.30642	0.53087	0.01205	0.01825	0.01422	0.01475	0.01527	0.01024	0.01417	0.00813	0.00951	0.00625	0.00451	0.00414	0.00138	0.00656	0.00328	0.00208	0.00693
9	0.86201	0.00950	0.00722	0.00646	0.00950	0.01102	0.00532	0.01445	0.00836	0.02205	0.00684	0.00798	0.00532	0.00456	0.00304	0.00152	0.00380	0.00266	0.00304	0.00532
10	0.00773	0.00487	0.00587	0.00562	0.00678	0.00462	0.00422	0.01003	0.01265	0.01922	0.52241	0.03029	0.03458	0.00854	0.00497	0.00141	0.00231	0.00738	0.30189	0.00462
11	0.01027	0.12701	0.70387	0.01330	0.02018	0.01243	0.01693	0.01546	0.01033	0.01506	0.00857	0.01006	0.00624	0.00461	0.00448	0.00149	0.00701	0.00350	0.00208	0.00714
12	0.01781	0.01121	0.01500	0.01152	0.01537	0.01144	0.11941	0.27188	0.14418	0.30539	0.01563	0.01487	0.01070	0.00584	0.00507	0.00155	0.00513	0.00500	0.00500	0.00801
13	0.02205	0.00836	0.01140	0.00874	0.01254	0.00722	0.00722	0.02395	0.01407	0.80004	0.01939	0.01673	0.01216	0.00608	0.00494	0.00152	0.00418	0.00494	0.00608	0.00836
14	0.00594	0.00454	0.00547	0.00618	0.00696	0.00406	0.00427	0.00696	0.01012	0.01294	0.04954	0.53795	0.29886	0.01426	0.00610	0.00187	0.00271	0.01262	0.00458	0.00406
15	0.21843	0.01063	0.01065	0.00927	0.01229	0.01214	0.00736	0.11906	0.47482	0.05016	0.01576	0.01495	0.01172	0.00604	0.00451	0.00160	0.00407	0.00469	0.00456	0.00728
16	0.01224	0.61101	0.23716	0.00993	0.01497	0.01726	0.01106	0.01495	0.01009	0.01265	0.00737	0.00856	0.00628	0.00433	0.00357	0.00119	0.00580	0.00290	0.00209	0.00657
17	0.01216	0.01168	0.01995	0.03016	0.79664	0.01168	0.01508	0.01508	0.01119	0.01605	0.00924	0.01216	0.00778	0.00438	0.00487	0.00146	0.00584	0.00438	0.00243	0.00778
18	0.01216	0.01168	0.01995	0.03016	0.79664	0.01168	0.01508	0.01508	0.01119	0.01605	0.00924	0.01216	0.00778	0.00438	0.00487	0.00146	0.00584	0.00438	0.00243	0.00778
19	0.00702	0.00527	0.00790	0.00790	0.00878	0.00614	0.00614	0.00878	0.00790	0.01141	0.01316	0.01931	0.01229	0.03686	0.80782	0.00790	0.01316	0.00527	0.00263	0.00439
20	0.00879	0.00696	0.00816	0.00752	0.00924	0.00729	0.00573	0.01515	0.28410	0.02000	0.52379	0.03029	0.03542	0.00887	0.00552	0.00159	0.00287	0.00772	0.00527	0.00573
21	0.01790	0.01338	0.01431	0.01115	0.01494	0.01488	0.00915	0.68943	0.11520	0.02972	0.01279	0.01259	0.00916	0.00599	0.00493	0.00150	0.00522	0.00456	0.00493	0.00829
22	0.86201	0.00950	0.00722	0.00646	0.00950	0.01102	0.00532	0.01445	0.00836	0.02205	0.00684	0.00798	0.00532	0.00456	0.00304	0.00152	0.00380	0.00266	0.00304	0.00532
23	0.00657	0.00473	0.00622	0.00645	0.00726	0.00438	0.00461	0.00830	0.01212	0.01685	0.48820	0.35070	0.04084	0.01218	0.00599	0.00173	0.00253	0.01091	0.00507	0.00438
24	0.01314	0.83025	0.02575	0.00841	0.01261	0.01945	0.00841	0.01472	0.00999	0.01156	0.00683	0.00788	0.00631	0.00420	0.00315	0.00105	0.00526	0.00263	0.00210	0.00631
25	0.01175	0.00981	0.01125	0.00916	0.01252	0.00979	0.03050	0.12895	0.29197	0.01950	0.01648	0.05353	0.05086	0.00624	0.00467	0.00134	0.00405	0.01947	0.00413	0.30403
26	0.01545	0.01459	0.01483	0.27113	0.02145	0.22540	0.03130	0.29259	0.01587	0.03622	0.00980	0.01158	0.00729	0.00532	0.00481	0.00148	0.00675	0.00412	0.00336	0.00667
27	0.00867	0.00831	0.01579	0.01274	0.01514	0.00781	0.33235	0.02444	0.01094	0.01481	0.08217	0.40231	0.02261	0.01003	0.00601	0.00181	0.00515	0.00993	0.00376	0.00524
28	0.00599	0.00428	0.00570	0.00684	0.00713	0.00399	0.00456	0.00684	0.00941	0.01254	0.02709	0.82409	0.03250	0.01540	0.00627	0.00200	0.00285	0.01397	0.00456	0.00399
29	0.01223	0.60712	0.24091	0.00996	0.01501	0.01722	0.01111	0.01495	0.01009	0.01267	0.00738	0.00857	0.00628	0.00433	0.00357	0.00119	0.00581	0.00291	0.00209	0.00657
30	0.00813	0.00590	0.00808	0.00910	0.01031	0.00598	0.00791	0.01097	0.04985	0.01500	0.02572	0.05359	0.02762	0.01323	0.00670	0.00223	0.00449	0.72594	0.00455	0.00469
31	0.01366	0.00590	0.00696	0.00603	0.00811	0.00550	0.00476	0.01581	0.01162	0.29125	0.01720	0.01776	0.01245	0.00585	0.00396	0.00128	0.00295	0.00471	0.55833	0.00590
32	0.00702	0.00527	0.00790	0.00790	0.00878	0.00614	0.00614	0.00878	0.00790	0.01141	0.01316	0.01931	0.01229	0.03686	0.80782	0.00790	0.01316	0.00527	0.00263	0.00439
33	0.01036	0.00888	0.01027	0.00750	0.01174	0.00701	0.00598	0.01350	0.07366	0.01638	0.00965	0.01086	0.00791	0.00389	0.00375	0.00080	0.00366	0.00313	0.00308	0.78799
34	0.01539	0.00862	0.01074	0.00798	0.01206	0.00698	0.00648	0.01773	0.03066	0.35663	0.01363	0.01323	0.00959	0.00477	0.00424	0.00109	0.00388	0.00386	0.00434	0.46809
35	0.00581	0.00498	0.00498	0.00498	0.00664	0.00415	0.00373	0.00705	0.01120	0.01328	0.04978	0.04729	0.79464	0.01245	0.00581	0.00166	0.00249	0.01037	0.00456	0.00415
36	0.00583	0.00498	0.00501	0.00501	0.00665	0.00416	0.00375	0.00710	0.01126	0.01342	0.06693	0.04705	0.77741	0.01239	0.00581	0.00166	0.00249	0.01034	0.00458	0.00416
37	0.01160	0.01326	0.02900	0.02071	0.02568	0.01243	0.77879	0.01574	0.01160	0.01574	0.00994	0.01326	0.00746	0.00414	0.00580	0.00166	0.00829	0.00580	0.00249	0.00663
38	0.01868	0.01376	0.01475	0.01131	0.01524	0.01524	0.00934	0.78025	0.02311	0.03097	0.01180	0.01180	0.00836	0.00590	0.00492	0.00147	0.00541	0.00442	0.00492	0.00836
39	0.86201	0.00950	0.00722	0.00646	0.00950	0.01102	0.00532	0.01445	0.00836	0.02205	0.00684	0.00798	0.00532	0.00456	0.00304	0.00152	0.00380	0.00266	0.00304	0.00532
40	0.86201	0.00950	0.00722	0.00646	0.00950	0.01102	0.00532	0.01445	0.00836	0.02205	0.00684	0.00798	0.00532	0.00456	0.00304	0.00152	0.00380	0.00266	0.00304	0.00532
