[name]
unknown

[dist]
# distance from previous block
# <min> <max>
0	1

[block]
# block no. 0 follows, 54 sequences, length 14
# corresponding to MSA columns:
# 1-14
name=unknown_A
#
# <colnr> <probs for GDERKNQSTAVLIFYWHMCP>
#	G	D	E	R	K	N	Q	S	T	A	V	L	I	F	Y	W	H	M	C	P
0	0.01634	0.00873	0.01084	0.00913	0.01209	0.00868	0.00762	0.20414	0.06116	0.37054	0.01852	0.02453	0.01492	0.00767	0.00519	0.00164	0.00436	0.20173	0.00512	0.00705
1	0.01960	0.00896	0.01133	0.00886	0.01241	0.00852	0.00726	0.12498	0.10814	0.61060	0.01770	0.01560	0.01151	0.00588	0.00474	0.00147	0.00413	0.00475	0.00556	0.00796
2	0.01168	0.01110	0.01833	0.02710	0.72941	0.01125	0.01380	0.01548	0.08554	0.01582	0.00985	0.01223	0.00813	0.00441	0.00468	0.00142	0.00542	0.00431	0.00257	0.00747
3	0.01023	0.00680	0.00899	0.00903	0.08455	0.00661	0.00625	0.07272	0.05705	0.12436	0.51803	0.02760	0.03211	0.00813	0.00526	0.00147	0.00310	0.00710	0.00495	0.00566
4	0.01635	0.14674	0.22953	0.00990	0.01452	0.01053	0.01012	0.08138	0.01261	0.40190	0.01332	0.01265	0.00893	0.00516	0.00439	0.00139	0.00507	0.00400	0.00409	0.00742
5	0.01638	0.01191	0.01369	0.01072	0.01421	0.03423	0.05801	0.47357	0.13281	0.12069	0.05444	0.01407	0.01119	0.00587	0.00482	0.00146	0.00494	0.00474	0.00468	0.00758
6	0.19923	0.01095	0.01417	0.01732	0.35436	0.03743	0.01019	0.13235	0.03667	0.12799	0.01035	0.01143	0.00779	0.00477	0.00430	0.00142	0.00494	0.00392	0.00338	0.00705
7	0.09923	0.01473	0.05350	0.01019	0.01345	0.25109	0.00837	0.17004	0.16336	0.10515	0.01163	0.01168	0.00860	0.00527	0.00434	0.00136	0.00562	0.00386	0.00375	0.05477
8	0.09534	0.01471	0.01491	0.01848	0.35315	0.28985	0.01089	0.05146	0.04256	0.01538	0.00932	0.01223	0.00792	0.00499	0.00445	0.00138	0.00627	0.03755	0.00272	0.00644
9	0.37730	0.01024	0.01338	0.01799	0.41433	0.01097	0.01002	0.01489	0.05976	0.01814	0.00854	0.01033	0.00690	0.00442	0.00393	0.00144	0.00465	0.00357	0.00274	0.00646
10	0.09200	0.00851	0.00869	0.00786	0.00994	0.05968	0.00607	0.01680	0.30644	0.06017	0.34124	0.02328	0.02529	0.00742	0.00490	0.00151	0.00342	0.00621	0.00468	0.00589
11	0.00686	0.00457	0.00514	0.00514	0.00514	0.00457	0.00286	0.00686	0.00686	0.00914	0.01486	0.03086	0.01714	0.83430	0.02400	0.00457	0.00457	0.00686	0.00286	0.00286
12	0.01113	0.01272	0.02782	0.01987	0.02464	0.01192	0.78776	0.01510	0.01113	0.01510	0.00954	0.01272	0.00715	0.00397	0.00556	0.00159	0.00795	0.00556	0.00238	0.00636
13	0.01332	0.01271	0.01109	0.00877	0.01238	0.24685	0.00686	0.04276	0.01159	0.07890	0.00899	0.00996	0.00713	0.00417	0.00386	0.00094	0.00508	0.00308	0.00300	0.50857

[dist]
# distance from previous block
# <min> <max>
0	3

[block]
# block no. 1 follows, 54 sequences, length 52
# corresponding to MSA columns:
# 18-69
name=unknown_B
#
# <colnr> <probs for GDERKNQSTAVLIFYWHMCP>
#	G	D	E	R	K	N	Q	S	T	A	V	L	I	F	Y	W	H	M	C	P
0	0.01553	0.39523	0.01846	0.00918	0.01299	0.01536	0.00821	0.29024	0.05698	0.11964	0.01046	0.01052	0.00791	0.00497	0.00394	0.00124	0.00489	0.00357	0.00361	0.00707
1	0.01261	0.83713	0.02471	0.00807	0.01210	0.01866	0.00807	0.01412	0.00958	0.01109	0.00656	0.00756	0.00605	0.00403	0.00303	0.00101	0.00504	0.00252	0.00202	0.00605
2	0.00667	0.00482	0.00630	0.00593	0.00704	0.00445	0.00445	0.00890	0.01335	0.01891	0.80239	0.03522	0.04449	0.00964	0.00556	0.00148	0.00222	0.00853	0.00519	0.00445
3	0.01042	0.01062	0.01615	0.01333	0.01394	0.01412	0.10931	0.01183	0.00772	0.01183	0.00662	0.01062	0.00631	0.00771	0.01421	0.00200	0.72155	0.00431	0.00210	0.00531
4	0.00563	0.00478	0.00486	0.00484	0.00641	0.00401	0.00363	0.00688	0.01089	0.01307	0.08848	0.04483	0.76205	0.01182	0.00557	0.00159	0.00238	0.00987	0.00442	0.00401
5	0.01461	0.01156	0.01228	0.01018	0.01336	0.01307	0.00816	0.38011	0.43662	0.02437	0.01553	0.01468	0.01143	0.00605	0.00476	0.00151	0.00441	0.00483	0.00476	0.00772
6	0.00699	0.00510	0.00664	0.00717	0.04941	0.00531	0.00450	0.00776	0.00757	0.01031	0.01617	0.02695	0.07080	0.47827	0.27209	0.00514	0.00702	0.00636	0.00283	0.00361
7	0.00997	0.15704	0.68171	0.01256	0.01905	0.01221	0.01589	0.01480	0.00989	0.01431	0.00815	0.00956	0.00599	0.00441	0.00424	0.00141	0.00665	0.00333	0.00200	0.00682
8	0.01261	0.83713	0.02471	0.00807	0.01210	0.01866	0.00807	0.01412	0.00958	0.01109	0.00656	0.00756	0.00605	0.00403	0.00303	0.00101	0.00504	0.00252	0.00202	0.00605
9	0.01113	0.01272	0.02782	0.01987	0.02464	0.01192	0.78776	0.01510	0.01113	0.01510	0.00954	0.01272	0.00715	0.00397	0.00556	0.00159	0.00795	0.00556	0.00238	0.00636
10	0.01011	0.00977	0.01864	0.01532	0.05211	0.00945	0.40085	0.05471	0.01160	0.01551	0.01576	0.02874	0.01519	0.00769	0.00586	0.00180	0.00626	0.31167	0.00329	0.00569
11	0.01072	0.01024	0.01743	0.30072	0.54050	0.01095	0.01400	0.01364	0.01029	0.01425	0.00870	0.01198	0.00706	0.00438	0.00468	0.00146	0.00584	0.00420	0.00225	0.00671
12	0.00557	0.00478	0.00478	0.00478	0.00637	0.00398	0.00358	0.00677	0.01075	0.01274	0.04776	0.04538	0.80297	0.01194	0.00557	0.00159	0.00239	0.00995	0.00438	0.00398
13	0.01761	0.02247	0.01336	0.01215	0.01458	0.81537	0.00911	0.01883	0.01336	0.01154	0.00729	0.00850	0.00607	0.00486	0.00425	0.00121	0.00850	0.00304	0.00243	0.00547
14	0.01030	0.01006	0.01777	0.33171	0.37789	0.01073	0.11198	0.01332	0.01028	0.01397	0.01028	0.01346	0.03793	0.00467	0.00483	0.00150	0.00604	0.00459	0.00233	0.00634
15	0.00686	0.00457	0.00514	0.00514	0.00514	0.00457	0.00286	0.00686	0.00686	0.00914	0.01486	0.03086	0.01714	0.83430	0.02400	0.00457	0.00457	0.00686	0.00286	0.00286
16	0.02115	0.00802	0.01094	0.00839	0.01204	0.00693	0.00693	0.02298	0.01350	0.80815	0.01860	0.01605	0.01167	0.00584	0.00474	0.00146	0.00401	0.00474	0.00584	0.00802
17	0.01430	0.01619	0.01658	0.02151	0.45520	0.36702	0.01210	0.01640	0.01190	0.01369	0.00817	0.01027	0.00685	0.00449	0.00448	0.00132	0.00689	0.00369	0.00238	0.00658
18	0.00900	0.00836	0.01183	0.01053	0.01081	0.01125	0.00859	0.01022	0.00733	0.01114	0.00864	0.01373	0.00842	0.04351	0.28578	0.00400	0.52533	0.00452	0.00224	0.00477
19	0.01622	0.02022	0.01246	0.01136	0.01362	0.71211	0.00852	0.01756	0.01336	0.01248	0.10853	0.01190	0.01096	0.00547	0.00442	0.00125	0.00770	0.00374	0.00278	0.00534
20	0.02034	0.00784	0.01068	0.00825	0.01176	0.00679	0.00679	0.02219	0.01349	0.76401	0.06244	0.01712	0.01351	0.00605	0.00479	0.00146	0.00391	0.00495	0.00580	0.00782
21	0.01071	0.01050	0.01651	0.39699	0.40333	0.05425	0.01354	0.01358	0.01027	0.01364	0.00856	0.01192	0.00684	0.00447	0.00467	0.00147	0.00608	0.00413	0.00223	0.00632
22	0.00688	0.00503	0.00663	0.00712	0.00821	0.00479	0.00580	0.00881	0.01146	0.01525	0.27296	0.11879	0.13177	0.01198	0.00605	0.00186	0.00328	0.36445	0.00462	0.00428
23	0.01092	0.40204	0.44503	0.01094	0.01655	0.01453	0.01307	0.01455	0.00978	0.01315	0.00758	0.00884	0.00601	0.00427	0.00380	0.00127	0.00607	0.00304	0.00200	0.00654
24	0.01245	0.71326	0.11297	0.00884	0.01314	0.04912	0.00917	0.01440	0.00977	0.01154	0.00680	0.00787	0.00604	0.00412	0.00324	0.00107	0.00540	0.00265	0.00203	0.00613
25	0.00595	0.00419	0.00541	0.00630	0.00652	0.00397	0.00409	0.00662	0.00862	0.01149	0.02389	0.68073	0.02854	0.16886	0.00940	0.00241	0.00308	0.01217	0.00409	0.00365
26	0.01167	0.01120	0.01914	0.02894	0.80488	0.01120	0.01447	0.01447	0.01074	0.01540	0.00887	0.01167	0.00747	0.00420	0.00467	0.00140	0.00560	0.00420	0.00233	0.00747
27	0.01098	0.05978	0.39511	0.01052	0.01503	0.00891	0.01180	0.01463	0.01109	0.15300	0.10992	0.03423	0.01531	0.00679	0.00491	0.00157	0.00530	0.12134	0.00345	0.00634
28	0.00986	0.12787	0.70989	0.01275	0.01935	0.01193	0.01623	0.01483	0.00991	0.01444	0.00822	0.00965	0.00598	0.00442	0.00429	0.00143	0.00672	0.00336	0.00199	0.00685
29	0.00574	0.00410	0.00547	0.00657	0.00684	0.00383	0.00438	0.00657	0.00903	0.01204	0.02599	0.83122	0.03119	0.01477	0.00602	0.00191	0.00274	0.01340	0.00438	0.00383
30	0.01061	0.13075	0.27631	0.14709	0.27396	0.01209	0.05603	0.01422	0.01013	0.01410	0.00837	0.01074	0.00658	0.00434	0.00443	0.00141	0.00620	0.00380	0.00214	0.00669
31	0.02525	0.00571	0.00670	0.00679	0.00832	0.00550	0.00544	0.01052	0.08627	0.05000	0.10328	0.05500	0.32081	0.04414	0.00644	0.00188	0.00330	0.24555	0.00446	0.00463
32	0.01152	0.01105	0.01887	0.07155	0.76343	0.01116	0.01440	0.01434	0.01067	0.01522	0.00884	0.01172	0.00741	0.00423	0.00467	0.00141	0.00564	0.00420	0.00232	0.00735
33	0.01100	0.01125	0.02134	0.16384	0.39429	0.01133	0.28802	0.01427	0.01065	0.01471	0.00902	0.01220	0.00715	0.00421	0.00499	0.00150	0.00655	0.00468	0.00231	0.00669
34	0.09175	0.02109	0.01282	0.01160	0.01410	0.72606	0.00876	0.03679	0.01311	0.01281	0.00732	0.00850	0.00604	0.00484	0.00415	0.00124	0.00800	0.00302	0.00253	0.00550
35	0.01046	0.25952	0.54146	0.01222	0.01822	0.01324	0.05476	0.01471	0.00991	0.01383	0.00796	0.00940	0.00606	0.00432	0.00411	0.00136	0.00646	0.00331	0.00202	0.00667
36	0.00582	0.00416	0.00556	0.00665	0.00696	0.00390	0.00451	0.00670	0.00910	0.01212	0.02595	0.79924	0.03102	0.01470	0.00604	0.00193	0.00280	0.04463	0.00438	0.00385
37	0.01168	0.01107	0.01806	0.02648	0.70396	0.01127	0.01358	0.01582	0.11077	0.01595	0.01018	0.01242	0.00835	0.00448	0.00468	0.00143	0.00536	0.00434	0.00265	0.00747
38	0.01550	0.01649	0.01130	0.01003	0.01236	0.48242	0.00766	0.14609	0.01399	0.01607	0.00995	0.01120	0.00787	0.00515	0.00410	0.00122	0.00640	0.00357	0.21300	0.00563
39	0.00614	0.00451	0.00576	0.00605	0.00687	0.00413	0.00431	0.00764	0.01119	0.01522	0.37821	0.37290	0.13544	0.01210	0.00576	0.00168	0.00246	0.01077	0.00474	0.00413
40	0.00973	0.09527	0.74139	0.01297	0.01968	0.01162	0.01661	0.01486	0.00992	0.01460	0.00830	0.00975	0.00598	0.00444	0.00435	0.00145	0.00680	0.00340	0.00199	0.00689
41	0.00946	0.02439	0.80987	0.01344	0.02041	0.01095	0.01742	0.01493	0.00995	0.01493	0.00846	0.00995	0.00597	0.00448	0.00448	0.00149	0.00697	0.00348	0.00199	0.00697
42	0.02115	0.00802	0.01094	0.00839	0.01204	0.00693	0.00693	0.02298	0.01350	0.80815	0.01860	0.01605	0.01167	0.00584	0.00474	0.00146	0.00401	0.00474	0.00584	0.00802
43	0.20911	0.00605	0.00632	0.00643	0.00782	0.00626	0.00473	0.05149	0.02879	0.01601	0.06469	0.39747	0.12161	0.01062	0.00500	0.00168	0.00301	0.00909	0.03929	0.00452
44	0.01126	0.49073	0.35935	0.01036	0.01564	0.01537	0.01205	0.01447	0.00974	0.01273	0.00737	0.00858	0.00602	0.00422	0.00365	0.00122	0.00586	0.00293	0.00201	0.00644
45	0.00946	0.02439	0.80987	0.01344	0.02041	0.01095	0.01742	0.01493	0.00995	0.01493	0.00846	0.00995	0.00597	0.00448	0.00448	0.00149	0.00697	0.00348	0.00199	0.00697
46	0.00557	0.00478	0.00478	0.00478	0.00637	0.00398	0.00358	0.00677	0.01075	0.01274	0.04776	0.04538	0.80297	0.01194	0.00557	0.00159	0.00239	0.00995	0.00438	0.00398
47	0.00959	0.05974	0.77571	0.01321	0.02005	0.01129	0.01701	0.01490	0.00994	0.01477	0.00838	0.00985	0.00598	0.00446	0.00442	0.00147	0.00688	0.00344	0.00199	0.00693
48	0.00574	0.00410	0.00547	0.00657	0.00684	0.00383	0.00438	0.00657	0.00903	0.01204	0.02599	0.83122	0.03119	0.01477	0.00602	0.00191	0.00274	0.01340	0.00438	0.00383
49	0.00645	0.00449	0.00533	0.00566	0.00595	0.00433	0.00356	0.00694	0.00820	0.01083	0.05279	0.25993	0.09107	0.47118	0.01600	0.00336	0.00376	0.03327	0.00356	0.00334
50	0.01261	0.83713	0.02471	0.00807	0.01210	0.01866	0.00807	0.01412	0.00958	0.01109	0.00656	0.00756	0.00605	0.00403	0.00303	0.00101	0.00504	0.00252	0.00202	0.00605
51	0.01024	0.22586	0.61523	0.01211	0.01835	0.01286	0.01510	0.01473	0.00986	0.01398	0.00799	0.00936	0.00599	0.00437	0.00412	0.00137	0.00649	0.00325	0.00200	0.00674

[dist]
# distance from previous block
# <min> <max>
1	2

[block]
# block no. 2 follows, 54 sequences, length 60
# corresponding to MSA columns:
# 72-131
name=unknown_C
#
# <colnr> <probs for GDERKNQSTAVLIFYWHMCP>
#	G	D	E	R	K	N	Q	S	T	A	V	L	I	F	Y	W	H	M	C	P
0	0.01141	0.32609	0.09000	0.05193	0.08941	0.01411	0.29193	0.01457	0.02642	0.01349	0.00870	0.02556	0.00721	0.00434	0.00438	0.00135	0.00629	0.00419	0.00228	0.00632
1	0.00562	0.00478	0.00485	0.00483	0.00640	0.00400	0.00362	0.00686	0.01087	0.01302	0.08227	0.04491	0.76829	0.01184	0.00557	0.00159	0.00238	0.00989	0.00442	0.00400
2	0.00996	0.00896	0.01220	0.00871	0.01298	0.00704	0.11060	0.01231	0.00996	0.01533	0.00854	0.01017	0.00701	0.00356	0.00377	0.00082	0.00409	0.00317	0.00274	0.74809
3	0.00691	0.00457	0.00509	0.00509	0.00520	0.00454	0.00290	0.00706	0.00714	0.00968	0.01599	0.03069	0.04336	0.76553	0.02235	0.00430	0.00438	0.00684	0.04541	0.00297
4	0.00598	0.00440	0.00616	0.00695	0.00740	0.00412	0.02523	0.00699	0.00933	0.01248	0.05991	0.75177	0.03102	0.01421	0.00600	0.00189	0.00290	0.03495	0.00436	0.00394
5	0.00667	0.00494	0.00585	0.00598	0.00707	0.00462	0.00450	0.00841	0.02916	0.01428	0.21933	0.08279	0.27601	0.13167	0.00834	0.00210	0.00305	0.14063	0.04053	0.00408
6	0.86760	0.00912	0.00693	0.00620	0.00912	0.01058	0.00511	0.01386	0.00802	0.02115	0.00657	0.00766	0.00511	0.00438	0.00292	0.00146	0.00365	0.00255	0.00292	0.00511
7	0.01000	0.16457	0.67444	0.01251	0.01897	0.01228	0.01581	0.01479	0.00989	0.01427	0.00813	0.00954	0.00599	0.00440	0.00423	0.00141	0.00664	0.00332	0.00200	0.00681
8	0.00667	0.00482	0.00630	0.00593	0.00704	0.00445	0.00445	0.00890	0.01335	0.01891	0.80239	0.03522	0.04449	0.00964	0.00556	0.00148	0.00222	0.00853	0.00519	0.00445
9	0.00686	0.00457	0.00514	0.00514	0.00514	0.00457	0.00286	0.00686	0.00686	0.00914	0.01486	0.03086	0.01714	0.83430	0.02400	0.00457	0.00457	0.00686	0.00286	0.00286
10	0.00588	0.00441	0.00546	0.00621	0.00691	0.00402	0.00439	0.00692	0.00968	0.01247	0.04746	0.53086	0.23678	0.02872	0.00626	0.00189	0.00279	0.07064	0.00436	0.00390
11	0.01575	0.01168	0.01268	0.01010	0.01328	0.01292	0.00817	0.61671	0.07562	0.02615	0.01294	0.05926	0.01038	0.04554	0.04479	0.00190	0.00528	0.00500	0.00451	0.00732
12	0.01097	0.01143	0.01353	0.01178	0.01214	0.12111	0.00959	0.01200	0.00804	0.01125	0.00705	0.01145	0.00696	0.04993	0.04983	0.00232	0.63925	0.00416	0.00217	0.00504
13	0.01334	0.26491	0.01949	0.01869	0.38003	0.20053	0.01128	0.01538	0.01100	0.01319	0.00780	0.00968	0.00671	0.00430	0.00407	0.00124	0.00611	0.00342	0.00226	0.00657
14	0.00721	0.00634	0.01115	0.00979	0.01130	0.00593	0.19935	0.00900	0.01013	0.01372	0.12613	0.52064	0.02699	0.01140	0.00584	0.00178	0.00396	0.01080	0.00399	0.00454
15	0.13799	0.01417	0.21855	0.01006	0.01437	0.02573	0.00985	0.18543	0.13022	0.12718	0.01175	0.01184	0.00840	0.00512	0.00431	0.00142	0.00498	0.00390	0.00373	0.07099
16	0.02459	0.01057	0.01808	0.19196	0.57673	0.01096	0.04809	0.01422	0.01052	0.03619	0.00902	0.01196	0.00729	0.00434	0.00469	0.00145	0.00577	0.00425	0.00239	0.00694
17	0.01173	0.01013	0.01066	0.00960	0.01226	0.01173	0.00746	0.02505	0.79636	0.01972	0.01919	0.01759	0.01439	0.00640	0.00480	0.00160	0.00373	0.00533	0.00480	0.00746
18	0.00979	0.01057	0.02226	0.01656	0.02021	0.00991	0.59279	0.01298	0.01061	0.01434	0.01363	0.21642	0.01313	0.00666	0.00568	0.00167	0.00665	0.00752	0.00288	0.00573
19	0.00995	0.10533	0.51375	0.01416	0.10795	0.01134	0.04127	0.01470	0.04604	0.01478	0.03072	0.05063	0.00881	0.00510	0.00450	0.00146	0.00617	0.00423	0.00237	0.00671
20	0.00581	0.00415	0.00555	0.00665	0.00695	0.00389	0.00450	0.00669	0.00910	0.01211	0.02595	0.80189	0.03103	0.01471	0.00604	0.00192	0.00280	0.04204	0.00438	0.00385
21	0.00574	0.00410	0.00547	0.00657	0.00684	0.00383	0.00438	0.00657	0.00903	0.01204	0.02599	0.83122	0.03119	0.01477	0.00602	0.00191	0.00274	0.01340	0.00438	0.00383
22	0.04180	0.00939	0.01466	0.01456	0.20025	0.00883	0.10477	0.01936	0.05471	0.43030	0.04197	0.01510	0.01121	0.00534	0.00480	0.00147	0.00478	0.00481	0.00442	0.00745
23	0.01043	0.06019	0.69025	0.01312	0.01965	0.01108	0.04735	0.01543	0.01022	0.06642	0.00908	0.01035	0.00640	0.00453	0.00447	0.00147	0.00673	0.00361	0.00226	0.00697
24	0.01496	0.00892	0.01047	0.00880	0.01170	0.00929	0.00700	0.07314	0.36479	0.30772	0.11318	0.01874	0.01662	0.00654	0.00486	0.00152	0.00375	0.00543	0.00522	0.00734
25	0.01167	0.01120	0.01914	0.02894	0.80488	0.01120	0.01447	0.01447	0.01074	0.01540	0.00887	0.01167	0.00747	0.00420	0.00467	0.00140	0.00560	0.00420	0.00233	0.00747
26	0.01028	0.16598	0.65393	0.01238	0.01876	0.01220	0.01554	0.01498	0.00997	0.03290	0.00837	0.00968	0.00612	0.00443	0.00423	0.00141	0.00656	0.00335	0.00209	0.00683
27	0.01069	0.01172	0.07361	0.23736	0.23865	0.03215	0.23350	0.01416	0.02309	0.02557	0.00993	0.02648	0.00808	0.00481	0.00499	0.00154	0.00649	0.02841	0.00245	0.00632
28	0.01084	0.00942	0.01420	0.01908	0.43639	0.00961	0.01050	0.01557	0.16883	0.04367	0.18115	0.01857	0.02962	0.00598	0.00490	0.00146	0.00440	0.00546	0.00359	0.00679
29	0.00840	0.00953	0.11844	0.03027	0.29483	0.00757	0.00980	0.01064	0.00998	0.01372	0.01986	0.31573	0.11386	0.00907	0.00525	0.00163	0.00435	0.00818	0.00328	0.00560
30	0.01145	0.01126	0.01988	0.06553	0.60133	0.01131	0.13925	0.01498	0.04967	0.01540	0.00946	0.01218	0.00770	0.00430	0.00482	0.00145	0.00592	0.00448	0.00245	0.00718
31	0.00968	0.02408	0.79484	0.01334	0.02025	0.01087	0.01722	0.01508	0.01002	0.02985	0.00865	0.01007	0.00608	0.00451	0.00448	0.00149	0.00691	0.00351	0.00206	0.00699
32	0.00557	0.00478	0.00478	0.00478	0.00637	0.00398	0.00358	0.00677	0.01075	0.01274	0.04776	0.04538	0.80297	0.01194	0.00557	0.00159	0.00239	0.00995	0.00438	0.00398
33	0.03024	0.04778	0.11109	0.01182	0.09471	0.10875	0.00950	0.09287	0.05213	0.37289	0.01361	0.01306	0.00930	0.00529	0.00454	0.00141	0.00523	0.00418	0.00422	0.00737
34	0.15839	0.06906	0.05578	0.00983	0.01321	0.19603	0.00832	0.26881	0.01493	0.10994	0.04500	0.01134	0.00888	0.00529	0.00423	0.00136	0.00551	0.00378	0.00371	0.00660
35	0.00573	0.00478	0.00499	0.00494	0.00646	0.00405	0.00370	0.00706	0.01111	0.01359	0.15227	0.04397	0.69793	0.01162	0.00557	0.00158	0.00237	0.00975	0.00449	0.00405
36	0.01010	0.03726	0.52112	0.01557	0.02171	0.01145	0.28553	0.01497	0.01036	0.01491	0.00880	0.01087	0.00639	0.00429	0.00483	0.00152	0.00727	0.00419	0.00213	0.00674
37	0.01567	0.01108	0.04997	0.01275	0.08535	0.04952	0.13725	0.10616	0.08697	0.31327	0.07075	0.01545	0.01222	0.00558	0.00490	0.00147	0.00514	0.00496	0.00434	0.00722
38	0.01139	0.01061	0.01670	0.02240	0.52525	0.01091	0.05014	0.03664	0.17247	0.01643	0.01269	0.05868	0.02357	0.00539	0.00483	0.00148	0.00511	0.00511	0.00305	0.00717
39	0.01623	0.00931	0.01012	0.00828	0.01124	0.06929	0.00665	0.13569	0.08506	0.37356	0.02029	0.01899	0.11722	0.00657	0.00468	0.00143	0.00411	0.00526	0.08918	0.00688
40	0.01253	0.01330	0.01625	0.19440	0.40786	0.20738	0.01253	0.01552	0.04899	0.01395	0.00888	0.01138	0.00721	0.00458	0.00458	0.00140	0.00637	0.00397	0.00242	0.00650
41	0.02451	0.29467	0.22997	0.00945	0.01351	0.01164	0.04403	0.01360	0.01091	0.07104	0.19335	0.01646	0.03678	0.00579	0.00430	0.00133	0.00487	0.00466	0.00311	0.00601
42	0.00576	0.00472	0.00509	0.00535	0.00662	0.00411	0.00388	0.00712	0.02793	0.01271	0.04145	0.24962	0.58408	0.01255	0.00567	0.00168	0.00251	0.01075	0.00439	0.00402
43	0.05769	0.01182	0.02267	0.02334	0.38535	0.01152	0.38712	0.01474	0.01078	0.01557	0.00907	0.01196	0.00719	0.00410	0.00501	0.00149	0.00663	0.00477	0.00239	0.00681
44	0.02917	0.12153	0.10216	0.01185	0.01609	0.01084	0.20259	0.08096	0.02314	0.30905	0.03707	0.01353	0.00984	0.00508	0.00468	0.00143	0.00548	0.00457	0.00389	0.00707
45	0.00979	0.01639	0.38384	0.01804	0.29772	0.01007	0.04073	0.01367	0.01044	0.01505	0.04984	0.05017	0.05261	0.00547	0.00476	0.00149	0.00585	0.00484	0.00252	0.00670
46	0.00749	0.00539	0.00745	0.00847	0.00958	0.00535	0.00738	0.00961	0.01085	0.01404	0.02620	0.05276	0.06908	0.01297	0.00646	0.00214	0.00424	0.73188	0.00434	0.00432
47	0.14021	0.26547	0.01557	0.00936	0.01264	0.17520	0.00790	0.15547	0.14486	0.01745	0.00968	0.01013	0.00767	0.00494	0.00386	0.00129	0.00534	0.00341	0.00318	0.00638
48	0.05022	0.30654	0.42897	0.01193	0.05460	0.04605	0.01312	0.01473	0.00991	0.01376	0.00768	0.00904	0.00604	0.00432	0.00390	0.00131	0.00614	0.00312	0.00208	0.00653
49	0.00574	0.00410	0.00547	0.00657	0.00684	0.00383	0.00438	0.00657	0.00903	0.01204	0.02599	0.83122	0.03119	0.01477	0.00602	0.00191	0.00274	0.01340	0.00438	0.00383
50	0.01167	0.01120	0.01914	0.02894	0.80488	0.01120	0.01447	0.01447	0.01074	0.01540	0.00887	0.01167	0.00747	0.00420	0.00467	0.00140	0.00560	0.00420	0.00233	0.00747
51	0.20188	0.00952	0.01134	0.00883	0.01239	0.00951	0.03363	0.18311	0.01408	0.44712	0.01416	0.01313	0.00933	0.00542	0.00437	0.00145	0.00432	0.00419	0.00485	0.00734
52	0.00955	0.01016	0.05360	0.01265	0.01405	0.01172	0.15312	0.01147	0.00819	0.01214	0.00877	0.03180	0.00815	0.01326	0.18470	0.00313	0.44127	0.00478	0.00227	0.00523
53	0.00574	0.00410	0.00547	0.00657	0.00684	0.00383	0.00438	0.00657	0.00903	0.01204	0.02599	0.83122	0.03119	0.01477	0.00602	0.00191	0.00274	0.01340	0.00438	0.00383
54	0.00674	0.00505	0.00758	0.00758	0.00842	0.00589	0.00589	0.00842	0.00758	0.01095	0.01263	0.01852	0.01179	0.03536	0.81561	0.00758	0.01263	0.00505	0.00253	0.00421
55	0.43256	0.01056	0.01655	0.01255	0.01621	0.01090	0.36774	0.01411	0.00951	0.01795	0.00880	0.04648	0.00721	0.00465	0.00428	0.00154	0.00560	0.00443	0.00274	0.00563
56	0.00928	0.00876	0.01481	0.71636	0.13618	0.01057	0.01328	0.01237	0.00960	0.01250	0.00845	0.01245	0.00644	0.00465	0.00471	0.00155	0.00619	0.00419	0.00213	0.00554
57	0.00686	0.00457	0.00514	0.00514	0.00514	0.00457	0.00286	0.00686	0.00686	0.00914	0.01486	0.03086	0.01714	0.83430	0.02400	0.00457	0.00457	0.00686	0.00286	0.00286
58	0.86760	0.00912	0.00693	0.00620	0.00912	0.01058	0.00511	0.01386	0.00802	0.02115	0.00657	0.00766	0.00511	0.00438	0.00292	0.00146	0.00365	0.00255	0.00292	0.00511
59	0.01679	0.01278	0.01436	0.01112	0.01480	0.01411	0.04633	0.65225	0.12252	0.02771	0.01226	0.01220	0.00881	0.00567	0.00477	0.00145	0.00513	0.00445	0.00461	0.00787

[dist]
# distance from previous block
# <min> <max>
0	1

[block]
# block no. 3 follows, 54 sequences, length 6
# corresponding to MSA columns:
# 133-138
name=unknown_D
#
# <colnr> <probs for GDERKNQSTAVLIFYWHMCP>
#	G	D	E	R	K	N	Q	S	T	A	V	L	I	F	Y	W	H	M	C	P
0	0.01675	0.02104	0.01349	0.01217	0.01432	0.72083	0.00925	0.01794	0.01264	0.01152	0.00716	0.00872	0.00609	0.00526	0.00558	0.00131	0.10495	0.00317	0.00239	0.00543
1	0.00557	0.00478	0.00478	0.00478	0.00637	0.00398	0.00358	0.00677	0.01075	0.01274	0.04776	0.04538	0.80297	0.01194	0.00557	0.00159	0.00239	0.00995	0.00438	0.00398
2	0.01334	0.01048	0.01257	0.01039	0.01254	0.01239	0.00851	0.41109	0.01501	0.02070	0.01045	0.01289	0.00853	0.01371	0.21051	0.00311	0.19941	0.00442	0.00355	0.00639
3	0.00574	0.00410	0.00547	0.00657	0.00684	0.00383	0.00438	0.00657	0.00903	0.01204	0.02599	0.83122	0.03119	0.01477	0.00602	0.00191	0.00274	0.01340	0.00438	0.00383
4	0.00946	0.02439	0.80987	0.01344	0.02041	0.01095	0.01742	0.01493	0.00995	0.01493	0.00846	0.00995	0.00597	0.00448	0.00448	0.00149	0.00697	0.00348	0.00199	0.00697
5	0.01797	0.01816	0.01348	0.01142	0.01442	0.47256	0.00891	0.29585	0.01653	0.07241	0.00951	0.01003	0.00715	0.00521	0.00445	0.00130	0.00701	0.00359	0.00348	0.00656

[dist]
# distance from previous block
# <min> <max>
0	5

# created by:
# /st0/software/busco_prod/Augustus/scripts/msa2prfl.pl ./align_prep/77810.fa
