[name]
unknown

[dist]
# distance from previous block
# <min> <max>
0	67

[block]
# block no. 0 follows, 49 sequences, length 25
# corresponding to MSA columns:
# 67-91
name=unknown_A
#
# <colnr> <probs for GDERKNQSTAVLIFYWHMCP>
#	G	D	E	R	K	N	Q	S	T	A	V	L	I	F	Y	W	H	M	C	P
0	0.00830	0.00603	0.00857	0.01006	0.03722	0.00603	0.00840	0.01065	0.01164	0.01518	0.02618	0.05551	0.02838	0.01364	0.00692	0.00230	0.00470	0.73093	0.00458	0.00477
1	0.01049	0.00899	0.01049	0.00749	0.01198	0.00674	0.00599	0.01273	0.01049	0.01648	0.00899	0.01049	0.00749	0.00374	0.00374	0.00075	0.00374	0.00300	0.00300	0.85320
2	0.02127	0.00849	0.01141	0.00889	0.01259	0.00749	0.00729	0.02380	0.04824	0.71197	0.06786	0.01857	0.01484	0.00654	0.00514	0.00157	0.00417	0.00537	0.00617	0.00834
3	0.01168	0.00920	0.01078	0.00778	0.01222	0.00720	0.00625	0.04885	0.01136	0.06777	0.00985	0.01100	0.00787	0.00402	0.00389	0.00084	0.00387	0.00320	0.00330	0.75906
4	0.02189	0.00863	0.01165	0.00890	0.01285	0.00739	0.00734	0.02387	0.01421	0.74367	0.01924	0.01677	0.01219	0.00610	0.00500	0.00151	0.00427	0.00495	0.00605	0.06353
5	0.01922	0.01416	0.01518	0.01163	0.01568	0.01568	0.00961	0.77388	0.02378	0.03187	0.01214	0.01214	0.00860	0.00607	0.00506	0.00152	0.00556	0.00455	0.00506	0.00860
6	0.01882	0.01340	0.01643	0.01241	0.01657	0.01430	0.09707	0.59167	0.02123	0.12680	0.01291	0.01296	0.00899	0.00589	0.00517	0.00155	0.00574	0.00478	0.00492	0.00840
7	0.01258	0.01086	0.01143	0.01029	0.01315	0.01258	0.00800	0.02687	0.78161	0.02115	0.02058	0.01887	0.01544	0.00686	0.00515	0.00172	0.00400	0.00572	0.00515	0.00800
8	0.01905	0.01456	0.01490	0.01161	0.01552	0.06651	0.00951	0.68012	0.04992	0.04868	0.01235	0.01231	0.00880	0.00605	0.00503	0.00151	0.00571	0.00452	0.00493	0.00840
9	0.00716	0.00517	0.00676	0.00636	0.00755	0.00477	0.00477	0.00954	0.01431	0.02028	0.78808	0.03777	0.04771	0.01034	0.00596	0.00159	0.00239	0.00914	0.00557	0.00477
10	0.82779	0.00974	0.00759	0.00673	0.00989	0.01120	0.00555	0.01522	0.00882	0.05060	0.00751	0.00854	0.00573	0.00475	0.00320	0.00156	0.00393	0.00282	0.00324	0.00559
11	0.01938	0.01391	0.01502	0.01151	0.01555	0.01530	0.00951	0.73909	0.02334	0.06727	0.01250	0.01238	0.00878	0.00608	0.00506	0.00152	0.00551	0.00458	0.00511	0.00860
12	0.67042	0.01028	0.01034	0.01206	0.18305	0.01149	0.00770	0.01501	0.00925	0.02132	0.00759	0.00917	0.00604	0.00465	0.00355	0.00155	0.00438	0.00313	0.00299	0.00604
13	0.07367	0.01297	0.01398	0.01090	0.01478	0.01419	0.00896	0.57933	0.07933	0.12039	0.01337	0.01299	0.00938	0.00606	0.00494	0.00154	0.00519	0.00459	0.00508	0.00835
14	0.01206	0.00956	0.01481	0.63269	0.03029	0.01136	0.01283	0.10390	0.01218	0.09634	0.01050	0.01371	0.00756	0.00530	0.00506	0.00165	0.00635	0.00456	0.00300	0.00628
15	0.01999	0.01293	0.01441	0.01105	0.01507	0.01385	0.00913	0.60765	0.02171	0.20102	0.01387	0.01327	0.00947	0.00611	0.00506	0.00153	0.00528	0.00467	0.00532	0.00860
16	0.01049	0.00899	0.01049	0.00749	0.01198	0.00674	0.00599	0.01273	0.01049	0.01648	0.00899	0.01049	0.00749	0.00374	0.00374	0.00075	0.00374	0.00300	0.00300	0.85320
17	0.01553	0.01225	0.01430	0.18849	0.01934	0.01397	0.01022	0.43091	0.19740	0.02517	0.01341	0.01401	0.00978	0.00603	0.00508	0.00160	0.00546	0.00481	0.00445	0.00780
18	0.10157	0.01138	0.01813	0.02590	0.61784	0.01140	0.01352	0.01653	0.01156	0.10891	0.01049	0.01262	0.00828	0.00473	0.00482	0.00152	0.00559	0.00439	0.00301	0.00782
19	0.11306	0.00712	0.00830	0.00740	0.00991	0.00631	0.00566	0.01187	0.01047	0.09370	0.01889	0.30050	0.04406	0.00924	0.00501	0.00151	0.00354	0.04826	0.00409	0.29108
20	0.15383	0.01261	0.01297	0.01048	0.01408	0.01419	0.00853	0.46113	0.21348	0.02766	0.01345	0.01321	0.00983	0.00605	0.00477	0.00158	0.00490	0.00455	0.00477	0.00794
21	0.02090	0.01203	0.01344	0.01042	0.01432	0.05833	0.00855	0.36129	0.01865	0.40499	0.01572	0.01445	0.01040	0.00611	0.00504	0.00153	0.00516	0.00474	0.00550	0.00844
22	0.01731	0.00877	0.01118	0.00833	0.01250	0.00713	0.00680	0.01939	0.01272	0.45132	0.01512	0.01425	0.01030	0.00515	0.00449	0.00121	0.00406	0.00416	0.00482	0.38100
23	0.01088	0.00896	0.01234	0.31217	0.02071	0.00849	0.00914	0.01354	0.01059	0.06291	0.00966	0.01204	0.00751	0.00440	0.00432	0.00115	0.00492	0.00369	0.00291	0.47967
24	0.01500	0.01189	0.01464	0.28056	0.02175	0.01343	0.01078	0.42241	0.06715	0.02384	0.01143	0.01292	0.00834	0.00564	0.00498	0.00154	0.00575	0.00451	0.00399	0.05945

[dist]
# distance from previous block
# <min> <max>
1	6

[block]
# block no. 1 follows, 49 sequences, length 11
# corresponding to MSA columns:
# 98-108
name=unknown_B
#
# <colnr> <probs for GDERKNQSTAVLIFYWHMCP>
#	G	D	E	R	K	N	Q	S	T	A	V	L	I	F	Y	W	H	M	C	P
0	0.58205	0.01090	0.00978	0.00814	0.01156	0.01229	0.00671	0.22077	0.01305	0.07048	0.00918	0.00980	0.00673	0.00516	0.00377	0.00155	0.00438	0.00337	0.00383	0.00650
1	0.17146	0.01300	0.01335	0.01058	0.01433	0.01455	0.00868	0.55298	0.10468	0.02901	0.01214	0.01217	0.00878	0.00591	0.00472	0.00155	0.00509	0.00435	0.00472	0.00796
2	0.06518	0.01616	0.01271	0.01126	0.01417	0.31072	0.00870	0.10613	0.36317	0.01911	0.01404	0.01382	0.01073	0.00602	0.00480	0.00153	0.00610	0.00449	0.00406	0.00711
3	0.00614	0.00448	0.00579	0.00683	0.00728	0.00413	0.00460	0.00706	0.00989	0.01299	0.03045	0.73393	0.11683	0.01551	0.00640	0.00202	0.00289	0.01397	0.00469	0.00413
4	0.01252	0.01201	0.02053	0.03104	0.79074	0.01201	0.01552	0.01552	0.01151	0.01652	0.00951	0.01252	0.00801	0.00451	0.00501	0.00150	0.00601	0.00451	0.00250	0.00801
5	0.01194	0.01364	0.02984	0.02131	0.02643	0.01279	0.77238	0.01620	0.01194	0.01620	0.01023	0.01364	0.00767	0.00426	0.00597	0.00171	0.00853	0.00597	0.00256	0.00682
6	0.00955	0.00899	0.01517	0.81013	0.03483	0.01123	0.01404	0.01292	0.01011	0.01292	0.00899	0.01348	0.00674	0.00506	0.00506	0.00169	0.00674	0.00449	0.00225	0.00562
7	0.01252	0.01201	0.02053	0.03104	0.79074	0.01201	0.01552	0.01552	0.01151	0.01652	0.00951	0.01252	0.00801	0.00451	0.00501	0.00150	0.00601	0.00451	0.00250	0.00801
8	0.01225	0.01052	0.01115	0.01005	0.01281	0.01210	0.00781	0.02582	0.73489	0.02110	0.06731	0.02002	0.01740	0.00707	0.00520	0.00171	0.00390	0.00593	0.00517	0.00781
9	0.01318	0.01073	0.01145	0.01021	0.01313	0.01227	0.00797	0.02674	0.73607	0.06704	0.02054	0.01877	0.01526	0.00682	0.00514	0.00171	0.00402	0.00568	0.00521	0.00804
10	0.01633	0.01272	0.01354	0.01105	0.01458	0.01433	0.00891	0.44821	0.35416	0.02720	0.01582	0.01507	0.01158	0.00641	0.00510	0.00160	0.00488	0.00506	0.00510	0.00834

[dist]
# distance from previous block
# <min> <max>
9	13

[block]
# block no. 2 follows, 49 sequences, length 37
# corresponding to MSA columns:
# 122-158
name=unknown_C
#
# <colnr> <probs for GDERKNQSTAVLIFYWHMCP>
#	G	D	E	R	K	N	Q	S	T	A	V	L	I	F	Y	W	H	M	C	P
0	0.50069	0.01001	0.00910	0.00798	0.01114	0.01126	0.00642	0.01914	0.25058	0.07139	0.01219	0.01223	0.00913	0.00543	0.00391	0.00157	0.00396	0.00383	0.00395	0.04609
1	0.85801	0.00978	0.00743	0.00665	0.00978	0.01134	0.00548	0.01486	0.00861	0.02269	0.00704	0.00821	0.00548	0.00469	0.00313	0.00156	0.00391	0.00274	0.00313	0.00548
2	0.05946	0.00938	0.01162	0.00928	0.01293	0.00906	0.00756	0.05756	0.17600	0.56205	0.01914	0.01692	0.01263	0.00630	0.00501	0.00159	0.00428	0.00509	0.00583	0.00833
3	0.82116	0.00997	0.00777	0.00687	0.01004	0.01153	0.00566	0.04820	0.00927	0.02309	0.00727	0.00839	0.00561	0.00475	0.00321	0.00156	0.00398	0.00282	0.00321	0.00561
4	0.01519	0.01169	0.01256	0.01060	0.01388	0.01316	0.00844	0.24666	0.50868	0.07451	0.01806	0.01678	0.01323	0.00659	0.00512	0.00165	0.00448	0.00533	0.00519	0.00822
5	0.85801	0.00978	0.00743	0.00665	0.00978	0.01134	0.00548	0.01486	0.00861	0.02269	0.00704	0.00821	0.00548	0.00469	0.00313	0.00156	0.00391	0.00274	0.00313	0.00548
6	0.85801	0.00978	0.00743	0.00665	0.00978	0.01134	0.00548	0.01486	0.00861	0.02269	0.00704	0.00821	0.00548	0.00469	0.00313	0.00156	0.00391	0.00274	0.00313	0.00548
7	0.00815	0.00582	0.00815	0.00931	0.01048	0.00582	0.00815	0.01048	0.01164	0.01513	0.02677	0.05704	0.02910	0.01397	0.00698	0.00233	0.00466	0.75671	0.00466	0.00466
8	0.00878	0.00439	0.00659	0.00659	0.00659	0.00439	0.00439	0.00659	0.00659	0.00878	0.00878	0.01537	0.00878	0.01757	0.01976	0.85288	0.00439	0.00439	0.00220	0.00220
9	0.00955	0.00899	0.01517	0.81013	0.03483	0.01123	0.01404	0.01292	0.01011	0.01292	0.00899	0.01348	0.00674	0.00506	0.00506	0.00169	0.00674	0.00449	0.00225	0.00562
10	0.00735	0.00490	0.00552	0.00552	0.00552	0.00490	0.00306	0.00735	0.00735	0.00980	0.01593	0.03309	0.01838	0.82229	0.02574	0.00490	0.00490	0.00735	0.00306	0.00306
11	0.00722	0.00542	0.00813	0.00813	0.00903	0.00632	0.00632	0.00903	0.00813	0.01174	0.01354	0.01987	0.01264	0.03792	0.80225	0.00813	0.01354	0.00542	0.00271	0.00451
12	0.01258	0.01086	0.01143	0.01029	0.01315	0.01258	0.00800	0.02687	0.78161	0.02115	0.02058	0.01887	0.01544	0.00686	0.00515	0.00172	0.00400	0.00572	0.00515	0.00800
13	0.01352	0.82533	0.02650	0.00865	0.01298	0.02001	0.00865	0.01514	0.01027	0.01190	0.00703	0.00811	0.00649	0.00433	0.00324	0.00108	0.00541	0.00270	0.00216	0.00649
14	0.01352	0.82533	0.02650	0.00865	0.01298	0.02001	0.00865	0.01514	0.01027	0.01190	0.00703	0.00811	0.00649	0.00433	0.00324	0.00108	0.00541	0.00270	0.00216	0.00649
15	0.01922	0.01416	0.01518	0.01163	0.01568	0.01568	0.00961	0.77388	0.02378	0.03187	0.01214	0.01214	0.00860	0.00607	0.00506	0.00152	0.00556	0.00455	0.00506	0.00860
16	0.01049	0.00899	0.01049	0.00749	0.01198	0.00674	0.00599	0.01273	0.01049	0.01648	0.00899	0.01049	0.00749	0.00374	0.00374	0.00075	0.00374	0.00300	0.00300	0.85320
17	0.85801	0.00978	0.00743	0.00665	0.00978	0.01134	0.00548	0.01486	0.00861	0.02269	0.00704	0.00821	0.00548	0.00469	0.00313	0.00156	0.00391	0.00274	0.00313	0.00548
18	0.00598	0.00512	0.00512	0.00512	0.00683	0.00427	0.00384	0.00726	0.01153	0.01366	0.05123	0.04866	0.78869	0.01281	0.00598	0.00171	0.00256	0.01067	0.00470	0.00427
19	0.01252	0.01201	0.02053	0.03104	0.79074	0.01201	0.01552	0.01552	0.01151	0.01652	0.00951	0.01252	0.00801	0.00451	0.00501	0.00150	0.00601	0.00451	0.00250	0.00801
20	0.00716	0.00517	0.00676	0.00636	0.00755	0.00477	0.00477	0.00954	0.01431	0.02028	0.78808	0.03777	0.04771	0.01034	0.00596	0.00159	0.00239	0.00914	0.00557	0.00477
21	0.85801	0.00978	0.00743	0.00665	0.00978	0.01134	0.00548	0.01486	0.00861	0.02269	0.00704	0.00821	0.00548	0.00469	0.00313	0.00156	0.00391	0.00274	0.00313	0.00548
22	0.01049	0.00899	0.01049	0.00749	0.01198	0.00674	0.00599	0.01273	0.01049	0.01648	0.00899	0.01049	0.00749	0.00374	0.00374	0.00075	0.00374	0.00300	0.00300	0.85320
23	0.00716	0.00517	0.00676	0.00636	0.00755	0.00477	0.00477	0.00954	0.01431	0.02028	0.78808	0.03777	0.04771	0.01034	0.00596	0.00159	0.00239	0.00914	0.00557	0.00477
24	0.01049	0.00899	0.01049	0.00749	0.01198	0.00674	0.00599	0.01273	0.01049	0.01648	0.00899	0.01049	0.00749	0.00374	0.00374	0.00075	0.00374	0.00300	0.00300	0.85320
25	0.00716	0.00517	0.00676	0.00636	0.00755	0.00477	0.00477	0.00954	0.01431	0.02028	0.78808	0.03777	0.04771	0.01034	0.00596	0.00159	0.00239	0.00914	0.00557	0.00477
26	0.00616	0.00440	0.00587	0.00704	0.00733	0.00411	0.00469	0.00704	0.00968	0.01291	0.02787	0.81899	0.03344	0.01584	0.00645	0.00205	0.00293	0.01438	0.00469	0.00411
27	0.00927	0.00564	0.00744	0.00672	0.00828	0.00513	0.00513	0.01159	0.01434	0.12545	0.68370	0.03498	0.04293	0.00978	0.00584	0.00159	0.00265	0.00859	0.00566	0.00529
28	0.00965	0.00695	0.00910	0.00963	0.01118	0.00716	0.00835	0.11421	0.01329	0.01741	0.02479	0.05094	0.02632	0.01290	0.00672	0.00222	0.00478	0.65450	0.00471	0.00519
29	0.01832	0.01372	0.01467	0.01145	0.01534	0.01526	0.00939	0.67238	0.12675	0.03041	0.01329	0.01305	0.00953	0.00618	0.00507	0.00154	0.00535	0.00471	0.00507	0.00852
30	0.00616	0.00440	0.00587	0.00704	0.00733	0.00411	0.00469	0.00704	0.00968	0.01291	0.02787	0.81899	0.03344	0.01584	0.00645	0.00205	0.00293	0.01438	0.00469	0.00411
31	0.00794	0.00573	0.00713	0.00767	0.00847	0.00568	0.00536	0.11124	0.01160	0.01548	0.02573	0.70935	0.03007	0.01451	0.00626	0.00198	0.00329	0.01304	0.00474	0.00472
32	0.00897	0.00616	0.00683	0.00635	0.00690	0.00637	0.00395	0.11151	0.00958	0.01280	0.01542	0.03024	0.01705	0.71138	0.02293	0.00444	0.00499	0.00697	0.00334	0.00382
33	0.12175	0.00576	0.00544	0.00533	0.00723	0.00523	0.00406	0.00829	0.01113	0.01489	0.04522	0.04317	0.68227	0.01170	0.00559	0.00169	0.00274	0.00959	0.00448	0.00443
34	0.02123	0.00929	0.01419	0.01067	0.01475	0.00816	0.11137	0.02350	0.01413	0.68852	0.01863	0.01673	0.01186	0.00599	0.00521	0.00158	0.00488	0.00521	0.00576	0.00836
35	0.01823	0.01409	0.01717	0.01295	0.01714	0.01529	0.11326	0.67093	0.02217	0.02974	0.01188	0.01234	0.00847	0.00582	0.00518	0.00154	0.00597	0.00474	0.00472	0.00836
36	0.00781	0.00632	0.00990	0.00839	0.01012	0.00586	0.10907	0.01045	0.01399	0.01972	0.68238	0.03449	0.04227	0.00951	0.00596	0.00161	0.00322	0.00871	0.00516	0.00505

[dist]
# distance from previous block
# <min> <max>
0	8

[block]
# block no. 3 follows, 49 sequences, length 12
# corresponding to MSA columns:
# 167-178
name=unknown_D
#
# <colnr> <probs for GDERKNQSTAVLIFYWHMCP>
#	G	D	E	R	K	N	Q	S	T	A	V	L	I	F	Y	W	H	M	C	P
0	0.00728	0.00500	0.00597	0.00582	0.00626	0.00485	0.00369	0.00815	0.00989	0.01362	0.29739	0.03480	0.02907	0.52632	0.01853	0.00370	0.00399	0.00801	0.00398	0.00369
1	0.00742	0.00530	0.00732	0.00848	0.00933	0.00520	0.00689	0.00922	0.01093	0.01432	0.02717	0.33478	0.03068	0.01465	0.00679	0.00223	0.00403	0.48612	0.00467	0.00446
2	0.00689	0.00492	0.00670	0.00787	0.00848	0.00473	0.00595	0.00829	0.01040	0.01372	0.02747	0.54125	0.03186	0.01516	0.00665	0.00215	0.00356	0.28496	0.00468	0.00431
3	0.01085	0.01031	0.01366	0.01117	0.01280	0.01230	0.00921	0.01237	0.00874	0.01374	0.00749	0.01085	0.00695	0.00699	0.01191	0.00168	0.51804	0.00390	0.00250	0.31452
4	0.01080	0.00842	0.00879	0.00750	0.01006	0.00843	0.00594	0.28670	0.01599	0.02030	0.03698	0.03535	0.50434	0.01035	0.00564	0.00164	0.00366	0.00844	0.00483	0.00585
5	0.00776	0.00466	0.00605	0.00605	0.00668	0.00435	0.00419	0.00683	0.00839	0.01056	0.02425	0.02751	0.29307	0.01583	0.01474	0.54261	0.00372	0.00668	0.00311	0.00295
6	0.85801	0.00978	0.00743	0.00665	0.00978	0.01134	0.00548	0.01486	0.00861	0.02269	0.00704	0.00821	0.00548	0.00469	0.00313	0.00156	0.00391	0.00274	0.00313	0.00548
7	0.01252	0.01201	0.02053	0.03104	0.79074	0.01201	0.01552	0.01552	0.01151	0.01652	0.00951	0.01252	0.00801	0.00451	0.00501	0.00150	0.00601	0.00451	0.00250	0.00801
8	0.00953	0.30423	0.01455	0.00804	0.01010	0.01116	0.00683	0.01108	0.00883	0.01159	0.01142	0.01697	0.01100	0.10781	0.42969	0.00522	0.00967	0.00463	0.00255	0.00508
9	0.01719	0.01667	0.01380	0.01173	0.01494	0.28823	0.00920	0.29684	0.23854	0.02201	0.01307	0.01302	0.00984	0.00600	0.00491	0.00150	0.00635	0.00444	0.00423	0.00748
10	0.00982	0.00775	0.01192	0.43497	0.10344	0.00894	0.01037	0.01278	0.01044	0.01546	0.01178	0.01534	0.00914	0.00530	0.00450	0.00148	0.00507	0.00458	0.31142	0.00554
11	0.01518	0.00961	0.01073	0.00866	0.01183	0.00965	0.00701	0.32460	0.01720	0.19805	0.02816	0.02660	0.29384	0.00857	0.00540	0.00160	0.00418	0.00690	0.00520	0.00702

[dist]
# distance from previous block
# <min> <max>
0	10

# created by:
# /st0/software/busco_prod/Augustus/scripts/msa2prfl.pl ./align_prep/78083.fa
