[name]
unknown

[dist]
# distance from previous block
# <min> <max>
0	2

[block]
# block no. 0 follows, 50 sequences, length 14
# corresponding to MSA columns:
# 2-15
name=unknown_A
#
# <colnr> <probs for GDERKNQSTAVLIFYWHMCP>
#	G	D	E	R	K	N	Q	S	T	A	V	L	I	F	Y	W	H	M	C	P
0	0.00889	0.00768	0.01233	0.50821	0.02523	0.00905	0.01164	0.01182	0.01054	0.01356	0.01550	0.02956	0.01500	0.00831	0.00570	0.00190	0.00587	0.29090	0.00312	0.00518
1	0.00974	0.00906	0.01455	0.72470	0.03198	0.01122	0.01319	0.01425	0.09505	0.01363	0.01011	0.01387	0.00759	0.00518	0.00499	0.00166	0.00635	0.00456	0.00253	0.00580
2	0.01278	0.01105	0.01535	0.31554	0.02290	0.03855	0.09453	0.16315	0.09996	0.04803	0.01125	0.01325	0.00837	0.00517	0.00490	0.00149	0.00591	0.00452	0.00337	0.11994
3	0.10793	0.01725	0.02032	0.01580	0.01959	0.33593	0.35562	0.04001	0.01271	0.01559	0.00882	0.01099	0.00689	0.00468	0.00498	0.00150	0.00806	0.00440	0.00268	0.00624
4	0.37939	0.01770	0.01121	0.01015	0.01294	0.46453	0.00782	0.01765	0.01171	0.01656	0.00738	0.00861	0.00598	0.00492	0.00389	0.00139	0.00679	0.00299	0.00279	0.00562
5	0.00742	0.00578	0.00858	0.00841	0.00923	0.00694	0.00660	0.00914	0.00798	0.01160	0.01282	0.01890	0.01200	0.03513	0.74314	0.00755	0.07636	0.00526	0.00263	0.00453
6	0.12757	0.01184	0.01155	0.00898	0.01286	0.10079	0.00722	0.19453	0.01392	0.08178	0.01006	0.01079	0.00766	0.00472	0.00411	0.00115	0.00479	0.00347	0.00366	0.37857
7	0.00712	0.00534	0.00801	0.00801	0.00890	0.00623	0.00623	0.00890	0.00801	0.01157	0.01335	0.01958	0.01246	0.03738	0.80507	0.00801	0.01335	0.00534	0.00267	0.00445
8	0.01153	0.01509	0.13204	0.02010	0.02545	0.01247	0.67466	0.01594	0.01160	0.01594	0.00993	0.01306	0.00740	0.00427	0.00573	0.00167	0.00827	0.00559	0.00247	0.00681
9	0.01034	0.00886	0.01034	0.00738	0.01181	0.00664	0.00591	0.01255	0.01034	0.01624	0.00886	0.01034	0.00738	0.00369	0.00369	0.00074	0.00369	0.00295	0.00295	0.85530
10	0.00628	0.00450	0.00597	0.00680	0.00728	0.00419	0.00464	0.00746	0.01051	0.01426	0.18927	0.65539	0.03595	0.01447	0.00626	0.00193	0.00278	0.01308	0.00481	0.00419
11	0.04048	0.03511	0.01249	0.00979	0.01344	0.29334	0.00769	0.08743	0.01305	0.05427	0.00916	0.01020	0.00730	0.00459	0.00413	0.00108	0.00583	0.00327	0.00315	0.38421
12	0.01200	0.01373	0.02816	0.02032	0.02503	0.04397	0.71018	0.01594	0.01167	0.01563	0.00983	0.01315	0.00747	0.00445	0.00631	0.00169	0.04563	0.00571	0.00251	0.00663
13	0.01422	0.01483	0.02077	0.01596	0.01947	0.17341	0.34636	0.09500	0.07408	0.04646	0.01048	0.01258	0.00807	0.00548	0.00686	0.00165	0.11962	0.00494	0.00308	0.00669

[dist]
# distance from previous block
# <min> <max>
0	13

[block]
# block no. 1 follows, 50 sequences, length 69
# corresponding to MSA columns:
# 29-97
name=unknown_B
#
# <colnr> <probs for GDERKNQSTAVLIFYWHMCP>
#	G	D	E	R	K	N	Q	S	T	A	V	L	I	F	Y	W	H	M	C	P
0	0.20824	0.01247	0.01410	0.01095	0.01471	0.03708	0.08439	0.38570	0.02882	0.06987	0.01077	0.01141	0.00784	0.00541	0.00478	0.00149	0.02201	0.00413	0.00412	0.06171
1	0.04117	0.12690	0.01618	0.01175	0.01322	0.05625	0.00992	0.08902	0.01006	0.01447	0.00733	0.01038	0.00671	0.00724	0.01165	0.00181	0.50932	0.00395	0.00254	0.05014
2	0.01230	0.71173	0.02325	0.00830	0.01201	0.01751	0.00798	0.01380	0.01005	0.01187	0.00983	0.12270	0.01014	0.00586	0.00364	0.00120	0.00499	0.00429	0.00248	0.00607
3	0.01820	0.09329	0.12436	0.00990	0.01420	0.01059	0.00925	0.16894	0.01498	0.41809	0.01698	0.01579	0.05054	0.00608	0.00483	0.00150	0.00495	0.00477	0.00488	0.00790
4	0.00607	0.00434	0.00578	0.00694	0.00723	0.00405	0.00463	0.00694	0.00954	0.01272	0.02747	0.82157	0.03297	0.01562	0.00636	0.00202	0.00289	0.01417	0.00463	0.00405
5	0.01000	0.02578	0.79900	0.01421	0.02157	0.01158	0.01842	0.01579	0.01052	0.01579	0.00895	0.01052	0.00631	0.00474	0.00474	0.00158	0.00737	0.00368	0.00210	0.00737
6	0.01403	0.05867	0.33222	0.01122	0.01590	0.05294	0.01198	0.01734	0.01166	0.25022	0.01593	0.01601	0.08625	0.00630	0.00586	0.00159	0.07645	0.00474	0.00361	0.00709
7	0.01007	0.04406	0.78138	0.01408	0.02137	0.01176	0.01819	0.01577	0.01051	0.01569	0.00890	0.01047	0.00632	0.00472	0.00470	0.00157	0.00732	0.00366	0.00211	0.00734
8	0.01862	0.02376	0.01413	0.01284	0.01541	0.80482	0.00963	0.01990	0.01413	0.01220	0.00770	0.00899	0.00642	0.00514	0.00449	0.00128	0.00899	0.00321	0.00257	0.00578
9	0.01130	0.02486	0.64846	0.01437	0.02094	0.12346	0.05643	0.01638	0.01110	0.01529	0.00883	0.01046	0.00639	0.00476	0.00476	0.00154	0.00765	0.00373	0.00219	0.00711
10	0.00959	0.00920	0.01629	0.61030	0.05076	0.01073	0.11600	0.01286	0.01030	0.01337	0.01072	0.05236	0.00906	0.00577	0.00526	0.00171	0.00659	0.04102	0.00249	0.00565
11	0.01386	0.00656	0.00895	0.00839	0.01049	0.00595	0.00672	0.01558	0.01216	0.36381	0.02370	0.26235	0.02263	0.01091	0.00590	0.00188	0.00394	0.20473	0.00531	0.00617
12	0.02062	0.01092	0.12258	0.00962	0.01397	0.00793	0.00889	0.02309	0.01374	0.68702	0.01815	0.01606	0.01149	0.00597	0.00497	0.00155	0.00468	0.00483	0.00560	0.00833
13	0.01021	0.07817	0.74851	0.01384	0.02100	0.01211	0.01777	0.01573	0.01050	0.01552	0.00881	0.01036	0.00632	0.00470	0.00464	0.00155	0.00723	0.00362	0.00211	0.00730
14	0.01039	0.11982	0.70838	0.01354	0.02054	0.01253	0.01726	0.01568	0.01048	0.01531	0.00871	0.01023	0.00632	0.00468	0.00456	0.00152	0.00713	0.00356	0.00211	0.00725
15	0.00607	0.00434	0.00578	0.00694	0.00723	0.00405	0.00463	0.00694	0.00954	0.01272	0.02747	0.82157	0.03297	0.01562	0.00636	0.00202	0.00289	0.01417	0.00463	0.00405
16	0.01227	0.01202	0.02119	0.02898	0.68185	0.01195	0.11001	0.01561	0.02735	0.01634	0.00969	0.01260	0.00800	0.00446	0.00506	0.00151	0.00619	0.00465	0.00253	0.00775
17	0.23472	0.01335	0.01896	0.01444	0.01818	0.09162	0.32906	0.12300	0.01246	0.01912	0.00901	0.01119	0.00693	0.00502	0.00573	0.00162	0.07170	0.00447	0.00299	0.00643
18	0.01234	0.01184	0.02023	0.03059	0.79373	0.01184	0.01530	0.01530	0.01135	0.01628	0.00938	0.01234	0.00790	0.00444	0.00493	0.00148	0.00592	0.00444	0.00247	0.00790
19	0.00595	0.00505	0.00513	0.00511	0.00677	0.00423	0.00383	0.00727	0.01150	0.01380	0.08888	0.04741	0.75311	0.01250	0.00589	0.00168	0.00252	0.01044	0.00467	0.00423
20	0.65782	0.01068	0.00916	0.00774	0.01104	0.01221	0.00638	0.19796	0.01208	0.02454	0.00815	0.00903	0.00614	0.00495	0.00354	0.00153	0.00425	0.00313	0.00354	0.00614
21	0.02151	0.01077	0.01230	0.00963	0.01338	0.08777	0.00786	0.12999	0.01555	0.61117	0.01739	0.01547	0.01121	0.00604	0.00496	0.00151	0.00489	0.00476	0.00564	0.00821
22	0.00607	0.00434	0.00578	0.00694	0.00723	0.00405	0.00463	0.00694	0.00954	0.01272	0.02747	0.82157	0.03297	0.01562	0.00636	0.00202	0.00289	0.01417	0.00463	0.00405
23	0.01234	0.01184	0.02023	0.03059	0.79373	0.01184	0.01530	0.01530	0.01135	0.01628	0.00938	0.01234	0.00790	0.00444	0.00493	0.00148	0.00592	0.00444	0.00247	0.00790
24	0.01876	0.01421	0.03163	0.01153	0.01559	0.01537	0.00966	0.76092	0.02316	0.03108	0.01190	0.01194	0.00843	0.00596	0.00498	0.00150	0.00552	0.00447	0.00493	0.00845
25	0.00606	0.00440	0.00572	0.00678	0.00719	0.00406	0.00455	0.00696	0.00970	0.01279	0.02948	0.75408	0.09916	0.01535	0.00632	0.00199	0.00286	0.01385	0.00463	0.00406
26	0.01240	0.01071	0.01127	0.01014	0.01296	0.01240	0.00789	0.02649	0.78473	0.02085	0.02029	0.01860	0.01522	0.00676	0.00507	0.00169	0.00394	0.00564	0.00507	0.00789
27	0.00589	0.00505	0.00505	0.00505	0.00673	0.00421	0.00379	0.00715	0.01136	0.01347	0.05049	0.04797	0.79171	0.01262	0.00589	0.00168	0.00252	0.01052	0.00463	0.00421
28	0.01304	0.75785	0.09355	0.00902	0.01356	0.01901	0.00939	0.01500	0.01016	0.01208	0.00711	0.00822	0.00639	0.00431	0.00333	0.00111	0.00551	0.00275	0.00213	0.00648
29	0.00608	0.00511	0.00531	0.00541	0.00705	0.00434	0.00416	0.00743	0.01137	0.01359	0.04839	0.04869	0.72514	0.01272	0.00598	0.00174	0.00270	0.07592	0.00463	0.00424
30	0.78582	0.00957	0.00799	0.07690	0.01179	0.01117	0.00613	0.01448	0.00861	0.02152	0.00711	0.00855	0.00551	0.00466	0.00325	0.00155	0.00410	0.00285	0.00301	0.00541
31	0.01777	0.09292	0.01526	0.01243	0.01506	0.67011	0.00960	0.04331	0.01374	0.01276	0.00771	0.00910	0.00649	0.00527	0.00501	0.00132	0.05037	0.00326	0.00259	0.00590
32	0.01000	0.02578	0.79900	0.01421	0.02157	0.01158	0.01842	0.01579	0.01052	0.01579	0.00895	0.01052	0.00631	0.00474	0.00474	0.00158	0.00737	0.00368	0.00210	0.00737
33	0.00705	0.00510	0.00666	0.00627	0.00745	0.00470	0.00470	0.00941	0.01411	0.01999	0.79110	0.03723	0.04703	0.01019	0.00588	0.00157	0.00235	0.00901	0.00549	0.00470
34	0.00941	0.00886	0.01495	0.81285	0.03433	0.01107	0.01384	0.01274	0.00997	0.01274	0.00886	0.01329	0.00664	0.00498	0.00498	0.00166	0.00664	0.00443	0.00221	0.00554
35	0.00712	0.00534	0.00801	0.00801	0.00890	0.00623	0.00623	0.00890	0.00801	0.01157	0.01335	0.01958	0.01246	0.03738	0.80507	0.00801	0.01335	0.00534	0.00267	0.00445
36	0.01176	0.01345	0.02941	0.02101	0.02605	0.01261	0.77563	0.01597	0.01176	0.01597	0.01008	0.01345	0.00756	0.00420	0.00588	0.00168	0.00840	0.00588	0.00252	0.00672
37	0.01333	0.82783	0.02612	0.00853	0.01279	0.01972	0.00853	0.01493	0.01013	0.01173	0.00693	0.00800	0.00640	0.00426	0.00320	0.00107	0.00533	0.00267	0.00213	0.00640
38	0.01172	0.01121	0.01912	0.19576	0.63339	0.01168	0.01499	0.01476	0.01106	0.01553	0.00927	0.01254	0.00763	0.00456	0.00494	0.00152	0.00607	0.00444	0.00241	0.00740
39	0.00605	0.00442	0.00570	0.00672	0.00717	0.00407	0.00453	0.00697	0.00976	0.01281	0.03017	0.73086	0.12194	0.01527	0.00631	0.00198	0.00285	0.01374	0.00463	0.00407
40	0.00606	0.00437	0.00575	0.00684	0.00720	0.00406	0.00458	0.00695	0.00964	0.01276	0.02867	0.78145	0.07232	0.01546	0.00634	0.00201	0.00287	0.01398	0.00463	0.00406
41	0.01163	0.01244	0.01475	0.62051	0.02978	0.20190	0.01283	0.01446	0.01097	0.01261	0.00858	0.01226	0.00659	0.00502	0.00487	0.00157	0.00721	0.00414	0.00230	0.00560
42	0.65618	0.13637	0.07927	0.00752	0.01116	0.01252	0.00701	0.01479	0.00891	0.02016	0.00711	0.00829	0.00563	0.00458	0.00325	0.00147	0.00439	0.00278	0.00285	0.00572
43	0.00606	0.00492	0.00541	0.00575	0.00707	0.00426	0.00424	0.00729	0.01093	0.01337	0.04351	0.23445	0.56344	0.01341	0.00606	0.00180	0.00274	0.05645	0.00463	0.00419
44	0.01333	0.82783	0.02612	0.00853	0.01279	0.01972	0.00853	0.01493	0.01013	0.01173	0.00693	0.00800	0.00640	0.00426	0.00320	0.00107	0.00533	0.00267	0.00213	0.00640
45	0.01246	0.61855	0.22778	0.01001	0.01508	0.01760	0.01111	0.01515	0.01023	0.01279	0.00746	0.00866	0.00638	0.00439	0.00360	0.00120	0.00586	0.00293	0.00213	0.00665
46	0.01333	0.82783	0.02612	0.00853	0.01279	0.01972	0.00853	0.01493	0.01013	0.01173	0.00693	0.00800	0.00640	0.00426	0.00320	0.00107	0.00533	0.00267	0.00213	0.00640
47	0.00803	0.00574	0.00803	0.00918	0.01033	0.00574	0.00803	0.01033	0.01147	0.01492	0.02639	0.05622	0.02869	0.01377	0.00688	0.00229	0.00459	0.76018	0.00459	0.00459
48	0.17686	0.63179	0.02192	0.00835	0.01231	0.05542	0.00798	0.01511	0.01000	0.01380	0.00697	0.00806	0.00621	0.00438	0.00324	0.00117	0.00522	0.00270	0.00234	0.00617
49	0.00983	0.00928	0.01569	0.70256	0.14139	0.01118	0.01405	0.01310	0.01016	0.01324	0.00893	0.01315	0.00682	0.00491	0.00498	0.00164	0.00654	0.00443	0.00225	0.00587
50	0.01240	0.01071	0.01127	0.01014	0.01296	0.01240	0.00789	0.02649	0.78473	0.02085	0.02029	0.01860	0.01522	0.00676	0.00507	0.00169	0.00394	0.00564	0.00507	0.00789
51	0.49949	0.01139	0.01117	0.00907	0.01248	0.01290	0.03707	0.29128	0.01401	0.02513	0.00888	0.00978	0.00663	0.00521	0.00423	0.00155	0.02593	0.00352	0.00373	0.00657
52	0.86003	0.00964	0.00733	0.00655	0.00964	0.01118	0.00540	0.01465	0.00848	0.02236	0.00694	0.00810	0.00540	0.00463	0.00308	0.00154	0.00386	0.00270	0.00308	0.00540
53	0.00725	0.00483	0.00544	0.00544	0.00544	0.00483	0.00302	0.00725	0.00725	0.00966	0.01571	0.03262	0.01812	0.82483	0.02537	0.00483	0.00483	0.00725	0.00302	0.00302
54	0.00706	0.00504	0.00691	0.00806	0.00878	0.00490	0.00633	0.00864	0.01051	0.01382	0.02693	0.43787	0.03082	0.01469	0.00662	0.00216	0.00374	0.38818	0.00461	0.00432
55	0.37605	0.01253	0.01439	0.01124	0.01497	0.05404	0.15220	0.26936	0.01438	0.02365	0.00925	0.01044	0.00689	0.00503	0.00432	0.00154	0.00552	0.00392	0.00359	0.00669
56	0.01830	0.02308	0.01398	0.01270	0.01528	0.76374	0.00954	0.02024	0.05407	0.01265	0.00836	0.00949	0.00688	0.00522	0.00452	0.00131	0.00873	0.00334	0.00270	0.00589
57	0.01260	0.01066	0.01128	0.01012	0.01296	0.01229	0.00788	0.02644	0.76883	0.03687	0.02027	0.01856	0.01516	0.00675	0.00507	0.00169	0.00395	0.00562	0.00509	0.00790
58	0.00696	0.00539	0.00654	0.00711	0.00852	0.00497	0.00590	0.00874	0.01142	0.01419	0.03848	0.05209	0.41122	0.01319	0.00639	0.00199	0.00355	0.38435	0.00461	0.00440
59	0.25270	0.01373	0.01161	0.01007	0.01312	0.20673	0.02783	0.07064	0.24526	0.08207	0.01259	0.01259	0.00942	0.00560	0.00438	0.00152	0.00540	0.00410	0.00391	0.00673
60	0.00983	0.00928	0.01569	0.70256	0.14139	0.01118	0.01405	0.01310	0.01016	0.01324	0.00893	0.01315	0.00682	0.00491	0.00498	0.00164	0.00654	0.00443	0.00225	0.00587
61	0.00705	0.00510	0.00666	0.00627	0.00745	0.00470	0.00470	0.00941	0.01411	0.01999	0.79110	0.03723	0.04703	0.01019	0.00588	0.00157	0.00235	0.00901	0.00549	0.00470
62	0.00691	0.00507	0.00650	0.00638	0.00754	0.00466	0.00482	0.00901	0.01324	0.01830	0.59145	0.10562	0.12913	0.01116	0.00599	0.00167	0.00257	0.06016	0.00526	0.00458
63	0.00941	0.00886	0.01495	0.81285	0.03433	0.01107	0.01384	0.01274	0.00997	0.01274	0.00886	0.01329	0.00664	0.00498	0.00498	0.00166	0.00664	0.00443	0.00221	0.00554
64	0.00607	0.00434	0.00578	0.00694	0.00723	0.00405	0.00463	0.00694	0.00954	0.01272	0.02747	0.82157	0.03297	0.01562	0.00636	0.00202	0.00289	0.01417	0.00463	0.00405
65	0.37246	0.01012	0.01041	0.00845	0.01196	0.01074	0.00695	0.16231	0.05353	0.28764	0.01291	0.01239	0.00885	0.00552	0.00420	0.00154	0.00430	0.00398	0.00460	0.00716
66	0.01219	0.01169	0.01996	0.07114	0.75437	0.01180	0.01522	0.01516	0.01128	0.01610	0.00935	0.01239	0.00783	0.00447	0.00494	0.00149	0.00596	0.00444	0.00245	0.00777
67	0.27750	0.01254	0.01693	0.01341	0.01614	0.09106	0.23944	0.01480	0.00978	0.01645	0.00785	0.01060	0.00648	0.00573	0.00788	0.00174	0.23902	0.00419	0.00260	0.00585
68	0.58813	0.00995	0.01005	0.16022	0.05543	0.01154	0.00783	0.07556	0.01011	0.02096	0.00783	0.00961	0.00601	0.00479	0.00369	0.00156	0.00462	0.00326	0.00304	0.00580

[dist]
# distance from previous block
# <min> <max>
1	3

[block]
# block no. 2 follows, 50 sequences, length 24
# corresponding to MSA columns:
# 101-111,167-179
name=unknown_C
#
# <colnr> <probs for GDERKNQSTAVLIFYWHMCP>
#	G	D	E	R	K	N	Q	S	T	A	V	L	I	F	Y	W	H	M	C	P
0	0.16093	0.01344	0.01430	0.32799	0.15374	0.22098	0.01150	0.01540	0.01104	0.01488	0.00831	0.01108	0.00658	0.00487	0.00451	0.00151	0.00665	0.00381	0.00250	0.00598
1	0.00922	0.00884	0.01613	0.01304	0.01516	0.00969	0.25940	0.01169	0.00919	0.01308	0.01125	0.01626	0.00996	0.02217	0.42385	0.00505	0.13276	0.00537	0.00255	0.00535
2	0.00805	0.00595	0.00786	0.00859	0.00990	0.00595	0.00732	0.01106	0.06396	0.01574	0.10990	0.05097	0.09237	0.01282	0.00657	0.00213	0.00414	0.56721	0.00472	0.00479
3	0.00885	0.00462	0.00480	0.00494	0.00596	0.00458	0.00360	0.01093	0.01024	0.01761	0.01753	0.11149	0.01528	0.03453	0.00455	0.00138	0.00247	0.00583	0.72628	0.00452
4	0.00712	0.00534	0.00801	0.00801	0.00890	0.00623	0.00623	0.00890	0.00801	0.01157	0.01335	0.01958	0.01246	0.03738	0.80507	0.00801	0.01335	0.00534	0.00267	0.00445
5	0.00786	0.00568	0.00779	0.00884	0.01003	0.00561	0.00768	0.01007	0.01147	0.01480	0.02837	0.05555	0.09131	0.01368	0.00680	0.00224	0.00442	0.69866	0.00459	0.00456
6	0.00704	0.00475	0.00550	0.00570	0.00575	0.00470	0.00330	0.00719	0.00765	0.01020	0.01776	0.17044	0.02071	0.68347	0.02205	0.00434	0.00449	0.00846	0.00330	0.00320
7	0.09812	0.00504	0.00614	0.00696	0.00767	0.00492	0.00480	0.00834	0.00959	0.03967	0.02501	0.70782	0.02933	0.01413	0.00597	0.00196	0.00304	0.01264	0.00451	0.00434
8	0.00725	0.00483	0.00544	0.00544	0.00544	0.00483	0.00302	0.00725	0.00725	0.00966	0.01571	0.03262	0.01812	0.82483	0.02537	0.00483	0.00483	0.00725	0.00302	0.00302
9	0.01063	0.00633	0.00798	0.00698	0.00891	0.00587	0.00542	0.06359	0.01448	0.16738	0.51437	0.03283	0.11644	0.00940	0.00566	0.00157	0.00294	0.00811	0.00549	0.00562
10	0.00654	0.00467	0.00631	0.00742	0.00793	0.00444	0.00539	0.00776	0.01010	0.01341	0.04839	0.62928	0.03240	0.01505	0.00647	0.00207	0.00326	0.18028	0.00464	0.00419
11	0.00872	0.00523	0.00656	0.00637	0.00720	0.00493	0.00431	0.00976	0.01039	0.10520	0.22749	0.19407	0.02828	0.34338	0.01383	0.00299	0.00370	0.00888	0.00438	0.00432
12	0.00696	0.00509	0.00653	0.00617	0.00739	0.00466	0.00463	0.00922	0.01388	0.01945	0.73032	0.03811	0.10815	0.01039	0.00588	0.00158	0.00237	0.00914	0.00542	0.00466
13	0.00725	0.00483	0.00544	0.00544	0.00544	0.00483	0.00302	0.00725	0.00725	0.00966	0.01571	0.03262	0.01812	0.82483	0.02537	0.00483	0.00483	0.00725	0.00302	0.00302
14	0.04101	0.00517	0.00605	0.00629	0.00674	0.00515	0.00404	0.03353	0.00918	0.01277	0.07666	0.31647	0.02479	0.41215	0.01549	0.00333	0.00393	0.00961	0.00385	0.00379
15	0.00672	0.00498	0.00574	0.00590	0.00720	0.00436	0.00429	0.00807	0.01140	0.04241	0.16168	0.25832	0.43539	0.01283	0.00599	0.00175	0.00266	0.01109	0.00482	0.00440
16	0.00620	0.00443	0.00593	0.00709	0.00744	0.00416	0.00486	0.00717	0.00967	0.01287	0.02740	0.77013	0.03268	0.01549	0.00640	0.00204	0.00301	0.06432	0.00462	0.00408
17	0.00795	0.00506	0.00740	0.00734	0.00795	0.00555	0.00540	0.00837	0.00762	0.02825	0.01226	0.01930	0.01179	0.09878	0.47940	0.26640	0.00965	0.00519	0.00262	0.00372
18	0.00645	0.00471	0.00594	0.00643	0.00714	0.00434	0.00447	0.00773	0.01087	0.01457	0.23512	0.42592	0.13787	0.08013	0.00774	0.00209	0.00289	0.02671	0.00473	0.00417
19	0.00845	0.00677	0.00758	0.00709	0.00876	0.00696	0.00529	0.01390	0.24824	0.01770	0.30866	0.03342	0.19893	0.09698	0.00772	0.00198	0.00314	0.00813	0.00491	0.00539
20	0.00605	0.00442	0.00570	0.00672	0.00717	0.00407	0.00453	0.00697	0.00976	0.01281	0.03020	0.72985	0.12293	0.01526	0.00631	0.00198	0.00285	0.01374	0.00463	0.00407
21	0.01234	0.01184	0.02023	0.03059	0.79373	0.01184	0.01530	0.01530	0.01135	0.01628	0.00938	0.01234	0.00790	0.00444	0.00493	0.00148	0.00592	0.00444	0.00247	0.00790
22	0.00663	0.00467	0.00556	0.00601	0.00633	0.00445	0.00378	0.00717	0.00877	0.01154	0.04303	0.34538	0.10894	0.39754	0.01528	0.00330	0.00376	0.01038	0.00389	0.00360
23	0.01089	0.01037	0.01763	0.41635	0.41925	0.01146	0.01458	0.01403	0.01067	0.01453	0.00912	0.01281	0.00728	0.00471	0.00496	0.00157	0.00628	0.00444	0.00234	0.00673

[dist]
# distance from previous block
# <min> <max>
0	0

# created by:
# /st0/software/busco_prod/Augustus/scripts/msa2prfl.pl ./align_prep/78504.fa
