[name]
unknown

[dist]
# distance from previous block
# <min> <max>
0	96

[block]
# block no. 0 follows, 50 sequences, length 7
# corresponding to MSA columns:
# 104-110
name=unknown_A
#
# <colnr> <probs for GDERKNQSTAVLIFYWHMCP>
#	G	D	E	R	K	N	Q	S	T	A	V	L	I	F	Y	W	H	M	C	P
0	0.01830	0.02151	0.01408	0.01248	0.01527	0.63963	0.00950	0.13338	0.06151	0.01559	0.00909	0.01001	0.00725	0.00536	0.00460	0.00134	0.00816	0.00355	0.00308	0.00631
1	0.00820	0.00629	0.00730	0.00708	0.00846	0.00631	0.00518	0.06082	0.12766	0.01712	0.24637	0.23054	0.16260	0.07411	0.00733	0.00197	0.00315	0.00963	0.00484	0.00505
2	0.07574	0.00925	0.01081	0.00893	0.01185	0.00939	0.00713	0.26539	0.01599	0.26710	0.09915	0.16310	0.01800	0.00814	0.00520	0.00162	0.00418	0.00676	0.00521	0.00706
3	0.00956	0.00906	0.01498	0.73285	0.03221	0.01149	0.01355	0.01266	0.00973	0.01266	0.00863	0.01305	0.00663	0.00536	0.00612	0.00171	0.08757	0.00442	0.00221	0.00553
4	0.00926	0.00544	0.00715	0.00728	0.00843	0.00507	0.00523	0.01113	0.04354	0.14653	0.16591	0.50868	0.03133	0.01266	0.00599	0.00185	0.00306	0.01133	0.00506	0.00508
5	0.01137	0.00612	0.00798	0.00713	0.00913	0.00549	0.00565	0.01345	0.01354	0.24058	0.40019	0.03467	0.13372	0.00970	0.00573	0.00164	0.00313	0.07960	0.00548	0.00571
6	0.08055	0.00637	0.00884	0.00797	0.00974	0.00602	0.05954	0.01195	0.01203	0.14482	0.29871	0.28223	0.03058	0.01039	0.00566	0.00172	0.00339	0.00927	0.00491	0.00531

[dist]
# distance from previous block
# <min> <max>
0	3

[block]
# block no. 1 follows, 50 sequences, length 7
# corresponding to MSA columns:
# 130-136
name=unknown_B
#
# <colnr> <probs for GDERKNQSTAVLIFYWHMCP>
#	G	D	E	R	K	N	Q	S	T	A	V	L	I	F	Y	W	H	M	C	P
0	0.08139	0.01240	0.01389	0.01128	0.01474	0.10258	0.09249	0.13250	0.26989	0.19305	0.01534	0.01479	0.01099	0.00588	0.00492	0.00157	0.00530	0.00485	0.00458	0.00754
1	0.01542	0.01305	0.01203	0.01046	0.01342	0.16856	0.00817	0.09329	0.42186	0.12938	0.04865	0.01662	0.01376	0.00643	0.00497	0.00157	0.00506	0.00510	0.00474	0.00748
2	0.01284	0.01076	0.01391	0.36888	0.02318	0.01264	0.01098	0.22395	0.23234	0.02009	0.01293	0.01443	0.00956	0.00576	0.00501	0.00162	0.00557	0.00479	0.00377	0.00700
3	0.10256	0.01174	0.01951	0.01446	0.01866	0.01159	0.35045	0.15134	0.04021	0.18062	0.03967	0.01436	0.01012	0.00526	0.00523	0.00160	0.00620	0.00523	0.00395	0.00723
4	0.10969	0.00920	0.00892	0.00778	0.00982	0.09469	0.00573	0.07833	0.03009	0.12782	0.07388	0.06119	0.01581	0.26785	0.01127	0.00253	0.00475	0.00584	0.00391	0.07091
5	0.01391	0.01161	0.01645	0.37339	0.02505	0.01319	0.09046	0.35433	0.01617	0.02141	0.01037	0.01271	0.00756	0.00535	0.00508	0.00159	0.00631	0.00461	0.00348	0.00697
6	0.00968	0.00882	0.01430	0.60722	0.05482	0.01057	0.04027	0.01359	0.06950	0.01365	0.01057	0.01518	0.00840	0.05928	0.00630	0.00185	0.00617	0.00477	0.03942	0.00564

[dist]
# distance from previous block
# <min> <max>
1	5

[block]
# block no. 2 follows, 50 sequences, length 67
# corresponding to MSA columns:
# 142-208
name=unknown_C
#
# <colnr> <probs for GDERKNQSTAVLIFYWHMCP>
#	G	D	E	R	K	N	Q	S	T	A	V	L	I	F	Y	W	H	M	C	P
0	0.01477	0.00726	0.00976	0.05659	0.01190	0.00678	0.00669	0.01767	0.05896	0.38834	0.33267	0.02508	0.02627	0.00777	0.00537	0.00157	0.00360	0.00664	0.00559	0.00673
1	0.05065	0.01072	0.01152	0.00927	0.01256	0.05799	0.00742	0.27337	0.02956	0.18209	0.08561	0.08843	0.01473	0.00684	0.00489	0.00144	0.00455	0.00552	0.00471	0.13814
2	0.01369	0.01301	0.06562	0.08573	0.48451	0.01271	0.01385	0.21395	0.01435	0.01993	0.00999	0.01220	0.00785	0.00490	0.00494	0.00150	0.00595	0.00441	0.00308	0.00783
3	0.34129	0.18452	0.18043	0.07210	0.01530	0.05496	0.00985	0.02940	0.01019	0.05039	0.00818	0.00949	0.00630	0.00472	0.00380	0.00145	0.00544	0.00319	0.00275	0.00624
4	0.01193	0.07158	0.43409	0.01530	0.02138	0.01291	0.22046	0.12138	0.01262	0.01774	0.00954	0.01135	0.00696	0.00474	0.00498	0.00156	0.00726	0.00432	0.00262	0.00729
5	0.00654	0.00507	0.00594	0.00573	0.00713	0.00448	0.00430	0.00840	0.01289	0.01708	0.46146	0.04201	0.37848	0.01127	0.00588	0.00162	0.00243	0.00968	0.00510	0.00448
6	0.01368	0.03205	0.33751	0.01185	0.01638	0.01097	0.01258	0.01704	0.01091	0.22984	0.01133	0.01231	0.00811	0.00590	0.00720	0.00162	0.17978	0.00412	0.00331	0.07349
7	0.01134	0.01561	0.26780	0.01995	0.36379	0.01056	0.01414	0.01503	0.01092	0.03039	0.00931	0.01141	0.00736	0.00441	0.00461	0.00135	0.00588	0.00389	0.00252	0.18973
8	0.86003	0.00964	0.00733	0.00655	0.00964	0.01118	0.00540	0.01465	0.00848	0.02236	0.00694	0.00810	0.00540	0.00463	0.00308	0.00154	0.00386	0.00270	0.00308	0.00540
9	0.00712	0.00534	0.00801	0.00801	0.00890	0.00623	0.00623	0.00890	0.00801	0.01157	0.01335	0.01958	0.01246	0.03738	0.80507	0.00801	0.01335	0.00534	0.00267	0.00445
10	0.01007	0.00737	0.01067	0.01379	0.25949	0.00728	0.00730	0.01117	0.00912	0.07332	0.01398	0.02487	0.01438	0.49706	0.01721	0.00350	0.00514	0.00617	0.00309	0.00501
11	0.01069	0.01802	0.36924	0.14140	0.13181	0.01180	0.21490	0.01529	0.01088	0.01543	0.00929	0.01196	0.00691	0.00459	0.00510	0.00160	0.00733	0.00448	0.00228	0.00699
12	0.00602	0.00467	0.00549	0.00609	0.00702	0.00414	0.00426	0.00711	0.01047	0.01326	0.06017	0.46019	0.36503	0.01415	0.00614	0.00186	0.00272	0.01242	0.00465	0.00414
13	0.01136	0.01085	0.01847	0.29177	0.54018	0.01159	0.01481	0.01444	0.01089	0.01510	0.00920	0.01265	0.00748	0.00462	0.00495	0.00154	0.00616	0.00444	0.00238	0.00711
14	0.01193	0.01296	0.06687	0.02217	0.43268	0.07420	0.01326	0.01432	0.01043	0.01460	0.00957	0.06061	0.00885	0.00631	0.00796	0.00169	0.21741	0.00487	0.00251	0.00683
15	0.00652	0.00507	0.00593	0.00571	0.00712	0.00448	0.00429	0.00838	0.01286	0.01701	0.45347	0.04213	0.38652	0.01130	0.00588	0.00162	0.00243	0.00970	0.00510	0.00448
16	0.01176	0.01345	0.02941	0.02101	0.02605	0.01261	0.77563	0.01597	0.01176	0.01597	0.01008	0.01345	0.00756	0.00420	0.00588	0.00168	0.00840	0.00588	0.00252	0.00672
17	0.01302	0.04538	0.59011	0.01278	0.01922	0.01081	0.01550	0.01777	0.01140	0.20031	0.01142	0.01197	0.00774	0.00506	0.00476	0.00155	0.00657	0.00397	0.00307	0.00760
18	0.01149	0.01156	0.01884	0.01986	0.26803	0.01379	0.11840	0.01362	0.00941	0.01394	0.00795	0.01172	0.00712	0.00671	0.01120	0.00188	0.44114	0.00460	0.00232	0.00642
19	0.00725	0.00483	0.00544	0.00544	0.00544	0.00483	0.00302	0.00725	0.00725	0.00966	0.01571	0.03262	0.01812	0.82483	0.02537	0.00483	0.00483	0.00725	0.00302	0.00302
20	0.01176	0.01345	0.02941	0.02101	0.02605	0.01261	0.77563	0.01597	0.01176	0.01597	0.01008	0.01345	0.00756	0.00420	0.00588	0.00168	0.00840	0.00588	0.00252	0.00672
21	0.01234	0.01184	0.02023	0.03059	0.79373	0.01184	0.01530	0.01530	0.01135	0.01628	0.00938	0.01234	0.00790	0.00444	0.00493	0.00148	0.00592	0.00444	0.00247	0.00790
22	0.01165	0.01087	0.01441	0.01633	0.29092	0.04882	0.00979	0.02808	0.01098	0.01610	0.00891	0.01104	0.00749	0.00436	0.00491	0.00112	0.05028	0.00360	0.00276	0.44757
23	0.01333	0.82783	0.02612	0.00853	0.01279	0.01972	0.00853	0.01493	0.01013	0.01173	0.00693	0.00800	0.00640	0.00426	0.00320	0.00107	0.00533	0.00267	0.00213	0.00640
24	0.86003	0.00964	0.00733	0.00655	0.00964	0.01118	0.00540	0.01465	0.00848	0.02236	0.00694	0.00810	0.00540	0.00463	0.00308	0.00154	0.00386	0.00270	0.00308	0.00540
25	0.01050	0.00964	0.01600	0.02367	0.56337	0.00956	0.01217	0.01285	0.01082	0.01524	0.01468	0.24936	0.01524	0.00771	0.00535	0.00164	0.00503	0.00729	0.00310	0.00677
26	0.01034	0.00886	0.01034	0.00738	0.01181	0.00664	0.00591	0.01255	0.01034	0.01624	0.00886	0.01034	0.00738	0.00369	0.00369	0.00074	0.00369	0.00295	0.00295	0.85530
27	0.00696	0.00509	0.00654	0.00618	0.00739	0.00466	0.00463	0.00923	0.01389	0.01948	0.73324	0.03807	0.10521	0.01038	0.00588	0.00158	0.00237	0.00913	0.00542	0.00466
28	0.00851	0.00694	0.00884	0.00809	0.00809	0.00845	0.00575	0.00889	0.00738	0.01047	0.01253	0.02510	0.01411	0.54217	0.02225	0.00391	0.28567	0.00625	0.00273	0.00386
29	0.00607	0.00434	0.00578	0.00694	0.00723	0.00405	0.00463	0.00694	0.00954	0.01272	0.02747	0.82157	0.03297	0.01562	0.00636	0.00202	0.00289	0.01417	0.00463	0.00405
30	0.01234	0.01184	0.02023	0.03059	0.79373	0.01184	0.01530	0.01530	0.01135	0.01628	0.00938	0.01234	0.00790	0.00444	0.00493	0.00148	0.00592	0.00444	0.00247	0.00790
31	0.80612	0.00939	0.00737	0.00672	0.00968	0.01084	0.00556	0.01438	0.00867	0.02189	0.00817	0.01114	0.00687	0.00521	0.00333	0.00159	0.00390	0.05064	0.00318	0.00535
32	0.48481	0.01157	0.01073	0.00875	0.01224	0.01309	0.00722	0.35480	0.01515	0.02640	0.00918	0.00982	0.00677	0.00523	0.00393	0.00152	0.00458	0.00350	0.00393	0.00677
33	0.01407	0.00804	0.00979	0.00777	0.01104	0.00702	0.00612	0.01713	0.09209	0.29829	0.05096	0.02021	0.08569	0.07956	0.00655	0.00162	0.00385	0.00532	0.00460	0.27028
34	0.00923	0.00647	0.00844	0.05887	0.01093	0.00660	0.00676	0.04649	0.07278	0.06031	0.24786	0.10865	0.02942	0.07041	0.00744	0.00208	0.00390	0.23348	0.00473	0.00517
35	0.01333	0.82783	0.02612	0.00853	0.01279	0.01972	0.00853	0.01493	0.01013	0.01173	0.00693	0.00800	0.00640	0.00426	0.00320	0.00107	0.00533	0.00267	0.00213	0.00640
36	0.01470	0.01609	0.02054	0.06692	0.15176	0.25274	0.27278	0.11234	0.01376	0.01662	0.00941	0.01171	0.00733	0.00480	0.00513	0.00150	0.00769	0.00457	0.00282	0.00678
37	0.01000	0.00591	0.00753	0.00685	0.00859	0.00541	0.00522	0.01249	0.04515	0.16820	0.45503	0.10409	0.12570	0.01005	0.00572	0.00162	0.00285	0.00874	0.00542	0.00544
38	0.00620	0.00443	0.00593	0.00708	0.00743	0.00416	0.00484	0.00715	0.00967	0.01286	0.02740	0.77314	0.03270	0.01550	0.00640	0.00204	0.00300	0.06138	0.00462	0.00408
39	0.00710	0.00511	0.00700	0.00707	0.00762	0.00562	0.00504	0.00822	0.00785	0.01099	0.01500	0.07258	0.01562	0.30310	0.49228	0.00657	0.00983	0.00652	0.00291	0.00394
40	0.27685	0.00967	0.01230	0.41804	0.02305	0.01145	0.01034	0.11320	0.01138	0.03185	0.00938	0.01285	0.00725	0.00529	0.00445	0.00162	0.00552	0.02661	0.00299	0.00590
41	0.00667	0.00518	0.00610	0.00623	0.00743	0.00476	0.00453	0.00886	0.05311	0.01579	0.28392	0.25078	0.30378	0.01232	0.00597	0.00174	0.00264	0.01075	0.00493	0.00452
42	0.01240	0.01071	0.01127	0.01014	0.01296	0.01240	0.00789	0.02649	0.78473	0.02085	0.02029	0.01860	0.01522	0.00676	0.00507	0.00169	0.00394	0.00564	0.00507	0.00789
43	0.00868	0.00608	0.00779	0.00776	0.00927	0.00595	0.00632	0.03433	0.05990	0.05214	0.34998	0.04227	0.09028	0.01118	0.00614	0.00185	0.00347	0.28643	0.00508	0.00510
44	0.06914	0.00718	0.00930	0.00766	0.01038	0.00650	0.00614	0.01762	0.01384	0.43179	0.33288	0.02465	0.02602	0.00771	0.00524	0.00155	0.00345	0.00650	0.00570	0.00675
45	0.00770	0.00515	0.00665	0.00732	0.00802	0.00493	0.00507	0.05654	0.01066	0.05290	0.02610	0.73034	0.03039	0.01454	0.00621	0.00197	0.00312	0.01310	0.00473	0.00455
46	0.01654	0.00916	0.01040	0.00835	0.01131	0.00938	0.00677	0.29642	0.01630	0.24402	0.01565	0.01569	0.01107	0.00597	0.00447	0.00139	0.00403	0.00469	0.30123	0.00714
47	0.00615	0.00444	0.00583	0.00679	0.00722	0.00412	0.00459	0.00717	0.01005	0.01342	0.09748	0.71238	0.07195	0.01498	0.00630	0.00197	0.00282	0.01352	0.00470	0.00412
48	0.00862	0.00546	0.00714	0.00657	0.00804	0.00502	0.00500	0.01080	0.01357	0.10283	0.60903	0.04858	0.08845	0.01136	0.04552	0.00190	0.00312	0.00859	0.00535	0.00506
49	0.86003	0.00964	0.00733	0.00655	0.00964	0.01118	0.00540	0.01465	0.00848	0.02236	0.00694	0.00810	0.00540	0.00463	0.00308	0.00154	0.00386	0.00270	0.00308	0.00540
50	0.00613	0.00480	0.00556	0.00592	0.00702	0.00423	0.00423	0.00742	0.01112	0.01419	0.15521	0.32623	0.40352	0.01333	0.00606	0.00179	0.00263	0.01161	0.00476	0.00423
51	0.59403	0.00905	0.00836	0.00718	0.01032	0.00979	0.00586	0.01678	0.01006	0.22567	0.01139	0.05391	0.00870	0.00562	0.00377	0.00157	0.00391	0.00392	0.00398	0.00614
52	0.61083	0.00903	0.00919	0.00795	0.01066	0.01004	0.07534	0.01340	0.00873	0.01946	0.00909	0.01360	0.00807	0.05804	0.00626	0.06849	0.00441	0.04929	0.00305	0.00507
53	0.05881	0.00563	0.00669	0.00715	0.00848	0.00542	0.00582	0.00921	0.01104	0.01474	0.08052	0.04726	0.27695	0.08635	0.00795	0.00223	0.00375	0.35321	0.00443	0.00438
54	0.56324	0.00868	0.00782	0.00691	0.00964	0.00956	0.00551	0.01524	0.04176	0.12046	0.08735	0.02965	0.01213	0.05758	0.00516	0.00177	0.00380	0.00425	0.00382	0.00565
55	0.01201	0.01378	0.12825	0.02832	0.68663	0.01181	0.01573	0.01536	0.01124	0.01622	0.00932	0.01209	0.00768	0.00448	0.00491	0.00149	0.00612	0.00434	0.00242	0.00782
56	0.00657	0.00484	0.00621	0.00719	0.00768	0.00470	0.00488	0.00847	0.07011	0.01336	0.02691	0.75884	0.03158	0.01492	0.00626	0.00200	0.00297	0.01350	0.00466	0.00435
57	0.00693	0.00492	0.00546	0.00548	0.00596	0.00470	0.00341	0.00740	0.00864	0.01115	0.05634	0.03714	0.20669	0.57356	0.01937	0.00387	0.00417	0.02786	0.00355	0.00342
58	0.00725	0.00519	0.00753	0.00753	0.00822	0.00589	0.00563	0.00848	0.00779	0.01108	0.01334	0.02113	0.01299	0.14914	0.63420	0.07087	0.01145	0.00554	0.00268	0.00407
59	0.01129	0.39017	0.38440	0.01100	0.01646	0.01476	0.01283	0.01489	0.01062	0.01426	0.06913	0.01146	0.00953	0.00495	0.00412	0.00134	0.00605	0.00364	0.00238	0.00672
60	0.00607	0.00434	0.00578	0.00694	0.00723	0.00405	0.00463	0.00694	0.00954	0.01272	0.02747	0.82157	0.03297	0.01562	0.00636	0.00202	0.00289	0.01417	0.00463	0.00405
61	0.09603	0.01257	0.01365	0.01055	0.01443	0.01359	0.00871	0.57069	0.02041	0.17006	0.01291	0.01253	0.00890	0.00589	0.00482	0.00151	0.00511	0.00442	0.00503	0.00820
62	0.00870	0.00774	0.00802	0.00767	0.00884	0.11619	0.00573	0.01050	0.01151	0.01524	0.35975	0.02717	0.02756	0.09236	0.26662	0.00391	0.00706	0.00686	0.00394	0.00462
63	0.01143	0.00883	0.01045	0.00752	0.01190	0.00671	0.00604	0.01362	0.01069	0.08724	0.00984	0.01094	0.00783	0.00392	0.00381	0.00081	0.00374	0.00314	0.00325	0.77832
64	0.01231	0.01138	0.01985	0.02152	0.36944	0.01059	0.21057	0.01536	0.01139	0.06114	0.01003	0.01243	0.00795	0.00431	0.00490	0.00137	0.00596	0.00451	0.00281	0.20220
65	0.01283	0.01169	0.01817	0.02406	0.54044	0.01162	0.03587	0.10482	0.04620	0.01824	0.01011	0.01233	0.00820	0.00461	0.00481	0.00140	0.00556	0.00434	0.00294	0.12176
66	0.01151	0.13049	0.28862	0.01541	0.08945	0.08100	0.17971	0.01519	0.01104	0.01478	0.01029	0.07420	0.00888	0.00537	0.00485	0.00149	0.00681	0.00484	0.00251	0.04356

[dist]
# distance from previous block
# <min> <max>
0	2

# created by:
# /st0/software/busco_prod/Augustus/scripts/msa2prfl.pl ./align_prep/78760.fa
