[name]
unknown

[dist]
# distance from previous block
# <min> <max>
3	565

[block]
# block no. 0 follows, 46 sequences, length 18
# corresponding to MSA columns:
# 603-620
name=unknown_A
#
# <colnr> <probs for GDERKNQSTAVLIFYWHMCP>
#	G	D	E	R	K	N	Q	S	T	A	V	L	I	F	Y	W	H	M	C	P
0	0.21620	0.23024	0.23619	0.01066	0.01563	0.07525	0.01116	0.01773	0.01135	0.11738	0.00979	0.01060	0.00733	0.00509	0.00419	0.00149	0.00605	0.00351	0.00309	0.00706
1	0.25389	0.05145	0.01343	0.01140	0.01444	0.49100	0.00884	0.05065	0.01355	0.03535	0.00841	0.00956	0.00675	0.00532	0.00433	0.00145	0.00757	0.00333	0.00306	0.00623
2	0.01278	0.30349	0.30465	0.01427	0.11533	0.01494	0.01357	0.04017	0.02777	0.04204	0.05635	0.01264	0.01006	0.00530	0.00457	0.00147	0.00627	0.00409	0.00282	0.00744
3	0.01146	0.04847	0.04424	0.19447	0.15808	0.03720	0.20479	0.03184	0.01163	0.01551	0.01276	0.13891	0.01194	0.00694	0.00626	0.00177	0.04764	0.00657	0.00295	0.00657
4	0.00764	0.00531	0.00671	0.00671	0.00703	0.00564	0.00438	0.00829	0.00797	0.01095	0.01580	0.02983	0.01715	0.54702	0.29126	0.00629	0.00824	0.00699	0.00308	0.00373
5	0.01158	0.00989	0.01128	0.03203	0.01340	0.03220	0.00669	0.01392	0.01120	0.03896	0.00969	0.01121	0.00792	0.00408	0.00402	0.00086	0.00421	0.00325	0.00319	0.77044
6	0.01640	0.05010	0.01710	0.06626	0.19363	0.39648	0.01193	0.01831	0.01291	0.04311	0.00893	0.01120	0.00744	0.00580	0.00662	0.00157	0.11875	0.00401	0.00275	0.00672
7	0.00755	0.00566	0.00850	0.00850	0.00944	0.00661	0.00661	0.00944	0.00850	0.01227	0.01416	0.02077	0.01322	0.03965	0.79326	0.00850	0.01416	0.00566	0.00283	0.00472
8	0.63955	0.01217	0.00951	0.05742	0.01287	0.11925	0.00701	0.01674	0.01025	0.06303	0.00833	0.00957	0.00636	0.00509	0.00371	0.00161	0.00505	0.00319	0.00332	0.00597
9	0.00644	0.00460	0.00613	0.00736	0.00767	0.00429	0.00491	0.00736	0.01012	0.01350	0.02914	0.81076	0.03497	0.01656	0.00675	0.00215	0.00307	0.01503	0.00491	0.00429
10	0.00776	0.00572	0.00837	0.00830	0.00908	0.00663	0.00632	0.00923	0.00832	0.01193	0.01393	0.02156	0.01339	0.11042	0.65896	0.05218	0.03480	0.00577	0.00282	0.00448
11	0.01355	0.00725	0.01013	0.00899	0.01115	0.00751	0.00717	0.05460	0.01155	0.26864	0.01630	0.01943	0.01295	0.02696	0.49139	0.00587	0.01053	0.00550	0.00419	0.00636
12	0.00755	0.00566	0.00850	0.00850	0.00944	0.00661	0.00661	0.00944	0.00850	0.01227	0.01416	0.02077	0.01322	0.03965	0.79326	0.00850	0.01416	0.00566	0.00283	0.00472
13	0.01429	0.01094	0.01172	0.01022	0.01263	0.10747	0.00812	0.21541	0.01446	0.10641	0.01378	0.01688	0.01127	0.02265	0.39301	0.00496	0.01024	0.00510	0.00390	0.00653
14	0.01060	0.02735	0.78682	0.01507	0.02288	0.01228	0.01953	0.01674	0.01116	0.01674	0.00949	0.01116	0.00670	0.00502	0.00502	0.00167	0.00781	0.00391	0.00223	0.00781
15	0.81730	0.01017	0.00796	0.00705	0.01036	0.01169	0.00581	0.01596	0.00925	0.05522	0.00792	0.00898	0.00603	0.00498	0.00336	0.00164	0.00411	0.00296	0.00341	0.00586
16	0.00984	0.00811	0.01259	0.15951	0.03201	0.00881	0.08547	0.05431	0.01166	0.03376	0.13622	0.13130	0.02061	0.10553	0.10076	0.00300	0.05558	0.02169	0.00376	0.00548
17	0.03708	0.00700	0.00992	0.27557	0.04563	0.00750	0.00851	0.01031	0.01109	0.01455	0.05307	0.21530	0.23834	0.01075	0.00594	0.00187	0.00449	0.03404	0.00393	0.00512

[dist]
# distance from previous block
# <min> <max>
4	6

[block]
# block no. 1 follows, 46 sequences, length 37
# corresponding to MSA columns:
# 627-663
name=unknown_B
#
# <colnr> <probs for GDERKNQSTAVLIFYWHMCP>
#	G	D	E	R	K	N	Q	S	T	A	V	L	I	F	Y	W	H	M	C	P
0	0.03534	0.01059	0.01643	0.14792	0.01932	0.06200	0.19735	0.01295	0.01076	0.01458	0.01510	0.25199	0.01560	0.00907	0.00780	0.00192	0.13626	0.00800	0.00326	0.02374
1	0.01456	0.01513	0.02139	0.05388	0.32520	0.16101	0.20055	0.03630	0.06513	0.03895	0.01095	0.01333	0.00862	0.00507	0.00541	0.00161	0.00738	0.00495	0.00301	0.00757
2	0.01088	0.01016	0.03003	0.36597	0.08515	0.04581	0.01201	0.04660	0.08277	0.01597	0.01576	0.07801	0.01469	0.00811	0.00577	0.00188	0.00608	0.15470	0.00348	0.00618
3	0.01030	0.01038	0.07453	0.28122	0.09307	0.01006	0.06081	0.04397	0.01209	0.03110	0.11753	0.11212	0.04947	0.00803	0.00625	0.00180	0.04113	0.02647	0.00352	0.00614
4	0.00784	0.00543	0.00690	0.00749	0.00800	0.00542	0.00545	0.00890	0.00965	0.01274	0.02223	0.13417	0.02503	0.40545	0.03780	0.00387	0.00503	0.28061	0.00401	0.00399
5	0.01426	0.01350	0.01369	0.05579	0.08841	0.12348	0.00980	0.06221	0.51396	0.02046	0.01743	0.01700	0.01323	0.00655	0.00527	0.00170	0.00538	0.00536	0.00457	0.00795
6	0.85155	0.01022	0.00777	0.00695	0.01022	0.01186	0.00573	0.01554	0.00900	0.02372	0.00736	0.00859	0.00573	0.00491	0.00327	0.00164	0.00409	0.00286	0.00327	0.00573
7	0.02372	0.00900	0.01227	0.00941	0.01350	0.00777	0.00777	0.02576	0.01513	0.78489	0.02086	0.01799	0.01309	0.00654	0.00532	0.00164	0.00450	0.00532	0.00654	0.00900
8	0.01096	0.00940	0.01096	0.00783	0.01253	0.00705	0.00626	0.01331	0.01096	0.01723	0.00940	0.01096	0.00783	0.00392	0.00392	0.00078	0.00392	0.00313	0.00313	0.84653
9	0.00743	0.00540	0.00699	0.00659	0.00786	0.00496	0.00494	0.00987	0.01483	0.02089	0.74568	0.04000	0.08284	0.01092	0.00624	0.00167	0.00250	0.00963	0.00578	0.00496
10	0.00631	0.00509	0.00562	0.00605	0.00732	0.00440	0.00432	0.00751	0.01138	0.01401	0.04512	0.31350	0.52191	0.01449	0.00642	0.00191	0.00281	0.01250	0.00491	0.00440
11	0.00769	0.00513	0.00577	0.00577	0.00577	0.00513	0.00320	0.00769	0.00769	0.01025	0.01666	0.03460	0.01922	0.81421	0.02691	0.00513	0.00513	0.00769	0.00320	0.00320
12	0.00716	0.00539	0.00661	0.00631	0.00770	0.00485	0.00473	0.00934	0.01419	0.01937	0.58669	0.04250	0.24277	0.01149	0.00624	0.00170	0.00254	0.00998	0.00558	0.00485
13	0.01096	0.00940	0.01096	0.00783	0.01253	0.00705	0.00626	0.01331	0.01096	0.01723	0.00940	0.01096	0.00783	0.00392	0.00392	0.00078	0.00392	0.00313	0.00313	0.84653
14	0.85155	0.01022	0.00777	0.00695	0.01022	0.01186	0.00573	0.01554	0.00900	0.02372	0.00736	0.00859	0.00573	0.00491	0.00327	0.00164	0.00409	0.00286	0.00327	0.00573
15	0.01984	0.02260	0.01520	0.01326	0.01636	0.59883	0.01017	0.20674	0.01745	0.01803	0.00930	0.01032	0.00735	0.00567	0.00490	0.00142	0.00860	0.00374	0.00337	0.00684
16	0.37371	0.01018	0.01078	0.00868	0.01244	0.01049	0.00717	0.10617	0.01365	0.37639	0.01421	0.01340	0.00950	0.00583	0.00445	0.00163	0.00448	0.00421	0.00501	0.00761
17	0.85155	0.01022	0.00777	0.00695	0.01022	0.01186	0.00573	0.01554	0.00900	0.02372	0.00736	0.00859	0.00573	0.00491	0.00327	0.00164	0.00409	0.00286	0.00327	0.00573
18	0.02010	0.01481	0.01587	0.01216	0.01639	0.01639	0.01005	0.76360	0.02486	0.03332	0.01269	0.01269	0.00899	0.00635	0.00529	0.00159	0.00582	0.00476	0.00529	0.00899
19	0.00776	0.00592	0.00870	0.00859	0.00943	0.00699	0.00664	0.00949	0.00843	0.01217	0.01396	0.02119	0.01328	0.08698	0.70665	0.00798	0.05260	0.00574	0.00283	0.00468
20	0.01288	0.01236	0.02110	0.08211	0.73313	0.01251	0.01612	0.01605	0.01194	0.01703	0.00991	0.01315	0.00829	0.00475	0.00524	0.00158	0.00633	0.00471	0.00260	0.00821
21	0.01248	0.01426	0.03119	0.02228	0.02763	0.01337	0.76203	0.01693	0.01248	0.01693	0.01070	0.01426	0.00802	0.00446	0.00624	0.00178	0.00891	0.00624	0.00267	0.00713
22	0.00953	0.00633	0.00806	0.00724	0.00890	0.00600	0.00555	0.06479	0.01568	0.07597	0.67041	0.03606	0.04437	0.01019	0.00610	0.00166	0.00287	0.00892	0.00583	0.00556
23	0.00998	0.00940	0.01586	0.80150	0.03641	0.01175	0.01468	0.01351	0.01057	0.01351	0.00940	0.01409	0.00705	0.00529	0.00529	0.00176	0.00705	0.00470	0.00235	0.00587
24	0.02010	0.01481	0.01587	0.01216	0.01639	0.01639	0.01005	0.76360	0.02486	0.03332	0.01269	0.01269	0.00899	0.00635	0.00529	0.00159	0.00582	0.00476	0.00529	0.00899
25	0.00654	0.00467	0.00625	0.00748	0.00783	0.00438	0.00509	0.00754	0.01022	0.01361	0.02908	0.77371	0.03474	0.01647	0.00677	0.00216	0.00316	0.05107	0.00491	0.00432
26	0.07738	0.00908	0.01198	0.00925	0.01328	0.00804	0.00764	0.02510	0.01473	0.73555	0.01998	0.01738	0.01261	0.00644	0.00518	0.00164	0.00447	0.00516	0.00633	0.00878
27	0.02010	0.01481	0.01587	0.01216	0.01639	0.01639	0.01005	0.76360	0.02486	0.03332	0.01269	0.01269	0.00899	0.00635	0.00529	0.00159	0.00582	0.00476	0.00529	0.00899
28	0.00748	0.00540	0.00707	0.00665	0.00790	0.00499	0.00499	0.00998	0.01496	0.02120	0.77844	0.03949	0.04988	0.01081	0.00624	0.00166	0.00249	0.00956	0.00582	0.00499
29	0.02372	0.00900	0.01227	0.00941	0.01350	0.00777	0.00777	0.02576	0.01513	0.78489	0.02086	0.01799	0.01309	0.00654	0.00532	0.00164	0.00450	0.00532	0.00654	0.00900
30	0.00644	0.00460	0.00613	0.00736	0.00767	0.00429	0.00491	0.00736	0.01012	0.01350	0.02914	0.81076	0.03497	0.01656	0.00675	0.00215	0.00307	0.01503	0.00491	0.00429
31	0.01014	0.00949	0.01566	0.76250	0.03529	0.01181	0.01437	0.01423	0.04811	0.01393	0.00999	0.01437	0.00750	0.00538	0.00529	0.00176	0.00691	0.00476	0.00250	0.00600
32	0.01308	0.01256	0.02146	0.03245	0.78123	0.01256	0.01622	0.01622	0.01204	0.01727	0.00994	0.01308	0.00837	0.00471	0.00523	0.00157	0.00628	0.00471	0.00262	0.00837
33	0.44403	0.00988	0.01015	0.00828	0.01196	0.01024	0.00683	0.05392	0.01245	0.36430	0.01363	0.01298	0.00916	0.00570	0.00428	0.00163	0.00435	0.00404	0.00482	0.00733
34	0.02756	0.00657	0.00903	0.21628	0.01588	0.00689	0.00805	0.01006	0.01128	0.01451	0.03074	0.17541	0.25653	0.01189	0.00625	0.00199	0.00443	0.17754	0.00419	0.00493
35	0.01480	0.47956	0.15776	0.01084	0.01583	0.01819	0.01109	0.18049	0.03573	0.01805	0.00930	0.01020	0.00752	0.00509	0.00415	0.00135	0.00603	0.00353	0.00301	0.00749
36	0.01816	0.10916	0.01636	0.01273	0.01560	0.51596	0.01002	0.12152	0.01532	0.01591	0.03137	0.01090	0.00839	0.00593	0.00574	0.00145	0.07204	0.00381	0.00308	0.00653

[dist]
# distance from previous block
# <min> <max>
0	1

[block]
# block no. 2 follows, 46 sequences, length 45
# corresponding to MSA columns:
# 665-681,697-711,717-729
name=unknown_C
#
# <colnr> <probs for GDERKNQSTAVLIFYWHMCP>
#	G	D	E	R	K	N	Q	S	T	A	V	L	I	F	Y	W	H	M	C	P
0	0.08549	0.37283	0.13005	0.01082	0.01525	0.17764	0.01041	0.03311	0.03291	0.07407	0.00936	0.01021	0.00747	0.00508	0.00414	0.00136	0.00651	0.00342	0.00291	0.00696
1	0.02788	0.03012	0.02287	0.10192	0.01372	0.00845	0.00763	0.05580	0.09853	0.19205	0.01478	0.06981	0.01220	0.01123	0.01078	0.30210	0.00485	0.00556	0.00399	0.00572
2	0.47498	0.01037	0.01347	0.08336	0.01592	0.01129	0.17481	0.01462	0.00974	0.01948	0.00953	0.01381	0.00815	0.11230	0.00726	0.00214	0.00557	0.00442	0.00304	0.00572
3	0.01038	0.00735	0.00957	0.04031	0.02680	0.00726	0.03427	0.02432	0.05995	0.12663	0.06044	0.09597	0.35342	0.01278	0.05983	0.00226	0.04916	0.00883	0.00470	0.00576
4	0.01152	0.01150	0.01618	0.03736	0.01455	0.01606	0.01166	0.01275	0.00817	0.01275	0.00701	0.01164	0.00694	0.00913	0.01699	0.00230	0.78076	0.00463	0.00231	0.00579
5	0.00654	0.00467	0.00625	0.00747	0.00782	0.00438	0.00508	0.00753	0.01022	0.01360	0.02908	0.77561	0.03475	0.01647	0.00677	0.00216	0.00315	0.04922	0.00491	0.00432
6	0.01413	0.81739	0.02770	0.00905	0.01357	0.02092	0.00905	0.01583	0.01074	0.01244	0.00735	0.00848	0.00678	0.00452	0.00339	0.00113	0.00565	0.00283	0.00226	0.00678
7	0.00755	0.00566	0.00850	0.00850	0.00944	0.00661	0.00661	0.00944	0.00850	0.01227	0.01416	0.02077	0.01322	0.03965	0.79326	0.00850	0.01416	0.00566	0.00283	0.00472
8	0.00763	0.00535	0.00690	0.00690	0.00729	0.00574	0.00461	0.00841	0.00802	0.01109	0.01562	0.02887	0.01674	0.49368	0.34404	0.00652	0.00886	0.00685	0.00305	0.00383
9	0.01529	0.01218	0.01298	0.01108	0.01443	0.01382	0.00879	0.21912	0.55373	0.04914	0.01920	0.01784	0.01418	0.00694	0.00535	0.00173	0.00462	0.00564	0.00539	0.00855
10	0.00691	0.00538	0.00627	0.00605	0.00754	0.00474	0.00453	0.00886	0.01360	0.01796	0.43950	0.04481	0.39084	0.01201	0.00624	0.00172	0.00258	0.01031	0.00539	0.00474
11	0.01479	0.72417	0.02621	0.00958	0.01390	0.11177	0.00918	0.01645	0.01124	0.01250	0.00745	0.00860	0.00679	0.00463	0.00355	0.00116	0.00611	0.00289	0.00232	0.00671
12	0.00711	0.00509	0.00689	0.00741	0.00787	0.00530	0.00513	0.00817	0.00900	0.01234	0.02106	0.35824	0.02376	0.20278	0.28928	0.00506	0.00745	0.01008	0.00379	0.00420
13	0.01653	0.29945	0.11045	0.01275	0.04026	0.38120	0.01109	0.04494	0.01332	0.01407	0.00826	0.00958	0.00691	0.00509	0.00435	0.00133	0.00775	0.00335	0.00259	0.00673
14	0.01109	0.02667	0.75824	0.01486	0.02253	0.01211	0.01910	0.01707	0.01131	0.04509	0.00991	0.01141	0.00693	0.00508	0.00503	0.00167	0.00769	0.00396	0.00239	0.00786
15	0.01095	0.02492	0.64684	0.01640	0.02376	0.01248	0.15708	0.01678	0.01141	0.01678	0.00971	0.01174	0.00694	0.00492	0.00525	0.00169	0.00802	0.00434	0.00231	0.00769
16	0.00670	0.00483	0.00660	0.00754	0.00797	0.00478	0.00520	0.00779	0.00973	0.01316	0.02579	0.63097	0.03017	0.04330	0.16489	0.00350	0.00535	0.01295	0.00444	0.00435
17	0.02024	0.01458	0.01572	0.01205	0.01628	0.01605	0.00996	0.73408	0.02447	0.06339	0.01302	0.01290	0.00915	0.00635	0.00529	0.00159	0.00576	0.00478	0.00534	0.00899
18	0.29385	0.00940	0.01080	0.00861	0.01243	0.00910	0.00710	0.02243	0.01313	0.53651	0.01645	0.01492	0.01068	0.00601	0.00465	0.00164	0.00436	0.00452	0.00548	0.00793
19	0.00710	0.00490	0.00648	0.00719	0.00780	0.00456	0.00494	0.00840	0.01132	0.03225	0.20794	0.58753	0.03762	0.03672	0.00714	0.00210	0.00302	0.01331	0.00512	0.00453
20	0.00757	0.00558	0.00808	0.00808	0.00889	0.00638	0.00609	0.00918	0.00837	0.01197	0.01454	0.02286	0.01412	0.15665	0.67750	0.00799	0.01280	0.00597	0.00289	0.00449
21	0.85155	0.01022	0.00777	0.00695	0.01022	0.01186	0.00573	0.01554	0.00900	0.02372	0.00736	0.00859	0.00573	0.00491	0.00327	0.00164	0.00409	0.00286	0.00327	0.00573
22	0.75749	0.07222	0.00960	0.00736	0.01061	0.01271	0.00619	0.01546	0.00910	0.02246	0.00735	0.00869	0.00585	0.00503	0.00378	0.00162	0.03259	0.00292	0.00316	0.00581
23	0.00755	0.00558	0.00803	0.00795	0.00889	0.00619	0.00606	0.00943	0.00974	0.01393	0.16745	0.02543	0.02096	0.08467	0.58531	0.00691	0.01123	0.00658	0.00345	0.00467
24	0.00666	0.00476	0.00639	0.00761	0.00802	0.00448	0.00529	0.00774	0.01034	0.01374	0.02902	0.73104	0.03448	0.01635	0.00681	0.00218	0.00326	0.09258	0.00490	0.00435
25	0.01152	0.04614	0.23758	0.01387	0.01821	0.06466	0.14365	0.01495	0.01078	0.01521	0.00972	0.01292	0.00804	0.02195	0.09097	0.00240	0.13552	0.00448	0.00257	0.13485
26	0.01243	0.22501	0.06246	0.26767	0.02246	0.10635	0.06003	0.01505	0.01088	0.01339	0.00886	0.01211	0.00740	0.00779	0.05933	0.00206	0.09391	0.00417	0.00241	0.00624
27	0.01248	0.01426	0.03119	0.02228	0.02763	0.01337	0.76203	0.01693	0.01248	0.01693	0.01070	0.01426	0.00802	0.00446	0.00624	0.00178	0.00891	0.00624	0.00267	0.00713
28	0.01268	0.01117	0.01695	0.09220	0.10850	0.01192	0.16283	0.02078	0.32524	0.06179	0.06788	0.04197	0.01521	0.00667	0.00582	0.00176	0.01867	0.00621	0.00424	0.00752
29	0.01361	0.14748	0.10545	0.03701	0.09827	0.03398	0.06763	0.19571	0.01461	0.04053	0.01480	0.16897	0.02417	0.00762	0.00529	0.00165	0.00582	0.00653	0.00375	0.00713
30	0.00765	0.00528	0.00656	0.00656	0.00683	0.00556	0.00419	0.00820	0.00792	0.01084	0.01593	0.03057	0.01747	0.58890	0.24983	0.00611	0.00775	0.00710	0.00310	0.00364
31	0.00648	0.00479	0.00606	0.00695	0.00759	0.00437	0.00475	0.00758	0.01080	0.01416	0.08418	0.62146	0.17031	0.01560	0.00662	0.00205	0.00296	0.01396	0.00497	0.00437
32	0.01217	0.04672	0.26460	0.11271	0.37166	0.01295	0.01645	0.04263	0.01186	0.01691	0.00963	0.01235	0.00760	0.00509	0.00553	0.00164	0.03480	0.00438	0.00254	0.00778
33	0.00868	0.00759	0.00934	0.00935	0.00996	0.03587	0.00697	0.01080	0.06829	0.01395	0.02312	0.46744	0.05989	0.01436	0.03666	0.00234	0.19524	0.01093	0.00417	0.00505
34	0.01254	0.00624	0.00677	0.00609	0.00795	0.00619	0.00474	0.07114	0.01269	0.12612	0.01740	0.01894	0.01314	0.00623	0.00404	0.00131	0.00300	0.00497	0.66472	0.00580
35	0.00646	0.00538	0.00564	0.00564	0.00734	0.00457	0.00427	0.00796	0.01237	0.01509	0.13252	0.04990	0.67525	0.01314	0.00628	0.00179	0.00273	0.03413	0.00501	0.00453
36	0.01107	0.01140	0.04661	0.32001	0.11294	0.01182	0.20395	0.04405	0.01163	0.01567	0.01211	0.10747	0.01079	0.00658	0.00634	0.00181	0.05011	0.00628	0.00287	0.00648
37	0.01505	0.01339	0.16908	0.06429	0.01660	0.01073	0.01058	0.03578	0.27717	0.23887	0.02037	0.01937	0.07116	0.00689	0.00535	0.00172	0.00512	0.00566	0.00483	0.00798
38	0.00657	0.00537	0.00580	0.00569	0.00734	0.00460	0.00427	0.00821	0.01281	0.01609	0.24347	0.04789	0.58804	0.01271	0.00624	0.00175	0.00263	0.01074	0.00515	0.00460
39	0.01045	0.00646	0.00932	0.08973	0.01254	0.00625	0.03360	0.01234	0.02544	0.15917	0.07358	0.46523	0.04962	0.01246	0.00624	0.00195	0.00393	0.01120	0.00494	0.00556
40	0.04180	0.01266	0.01671	0.22081	0.22104	0.04136	0.01256	0.26050	0.05153	0.05253	0.01153	0.01345	0.00864	0.00561	0.00520	0.00163	0.00620	0.00470	0.00373	0.00779
41	0.00642	0.00478	0.00598	0.00691	0.00756	0.00434	0.00471	0.00746	0.01064	0.01382	0.04923	0.62920	0.19819	0.01575	0.00663	0.00206	0.00297	0.01407	0.00493	0.00434
42	0.00755	0.00566	0.00850	0.00850	0.00944	0.00661	0.00661	0.00944	0.00850	0.01227	0.01416	0.02077	0.01322	0.03965	0.79326	0.00850	0.01416	0.00566	0.00283	0.00472
43	0.24986	0.01513	0.18137	0.03099	0.22825	0.04302	0.01237	0.03286	0.03032	0.11296	0.01071	0.01204	0.00796	0.00519	0.00463	0.00162	0.00586	0.00407	0.00332	0.00746
44	0.21392	0.03770	0.05132	0.10752	0.09079	0.08971	0.05594	0.16492	0.01419	0.09493	0.01063	0.01199	0.00785	0.00538	0.00472	0.00159	0.00608	0.00418	0.00364	0.02298

[dist]
# distance from previous block
# <min> <max>
1	5

[block]
# block no. 3 follows, 46 sequences, length 22
# corresponding to MSA columns:
# 735-756
name=unknown_D
#
# <colnr> <probs for GDERKNQSTAVLIFYWHMCP>
#	G	D	E	R	K	N	Q	S	T	A	V	L	I	F	Y	W	H	M	C	P
0	0.04416	0.01070	0.01404	0.01554	0.23149	0.01039	0.00968	0.11641	0.08703	0.10273	0.01773	0.01821	0.10388	0.00626	0.00503	0.00146	0.00479	0.00528	0.00408	0.19111
1	0.01442	0.01204	0.01727	0.22167	0.21551	0.01312	0.04060	0.22536	0.05306	0.04699	0.01143	0.01361	0.00866	0.00558	0.00560	0.00162	0.03015	0.00477	0.00359	0.05493
2	0.00699	0.00544	0.00643	0.00672	0.00814	0.00489	0.00523	0.00875	0.01247	0.01593	0.19291	0.12591	0.40223	0.01343	0.00651	0.00193	0.00313	0.16323	0.00509	0.00464
3	0.00802	0.00570	0.00662	0.00630	0.00764	0.00527	0.00452	0.01003	0.04072	0.04865	0.31400	0.04050	0.27898	0.18756	0.01070	0.00247	0.00328	0.00936	0.00496	0.00472
4	0.00647	0.00497	0.00592	0.00652	0.00749	0.00443	0.00457	0.00770	0.01133	0.01454	0.11019	0.44248	0.32487	0.01478	0.00650	0.00196	0.00286	0.01301	0.00500	0.00443
5	0.00678	0.00538	0.00609	0.00591	0.00746	0.00469	0.00443	0.00861	0.01330	0.01724	0.36377	0.04600	0.46703	0.01228	0.00624	0.00173	0.00260	0.01047	0.00530	0.00469
6	0.79275	0.01014	0.00809	0.00713	0.01046	0.01157	0.00587	0.01627	0.00943	0.07779	0.00832	0.00926	0.00625	0.00502	0.00342	0.00164	0.00412	0.00304	0.00350	0.00596
7	0.01157	0.01157	0.01619	0.01388	0.01388	0.01619	0.01157	0.01272	0.00810	0.01272	0.00694	0.01157	0.00694	0.00925	0.01735	0.00231	0.80453	0.00463	0.00231	0.00578
8	0.02010	0.01481	0.01587	0.01216	0.01639	0.01639	0.01005	0.76360	0.02486	0.03332	0.01269	0.01269	0.00899	0.00635	0.00529	0.00159	0.00582	0.00476	0.00529	0.00899
9	0.00782	0.00578	0.00754	0.00812	0.00946	0.00550	0.00677	0.01005	0.01281	0.01680	0.21228	0.05307	0.18499	0.01345	0.00684	0.00212	0.00386	0.42283	0.00510	0.00482
10	0.79275	0.01014	0.00809	0.00713	0.01046	0.01157	0.00587	0.01627	0.00943	0.07779	0.00832	0.00926	0.00625	0.00502	0.00342	0.00164	0.00412	0.00304	0.00350	0.00596
11	0.73153	0.01005	0.00842	0.00731	0.01070	0.01127	0.00602	0.01702	0.00989	0.13407	0.00932	0.00995	0.00679	0.00514	0.00357	0.00164	0.00415	0.00322	0.00375	0.00620
12	0.01227	0.01152	0.01937	0.02871	0.66911	0.01146	0.01460	0.01532	0.01246	0.01784	0.12136	0.01691	0.01439	0.00559	0.00538	0.00158	0.00573	0.00541	0.00308	0.00788
13	0.00658	0.00488	0.00613	0.00684	0.00760	0.00444	0.00474	0.00784	0.01131	0.01494	0.15910	0.53075	0.18555	0.01497	0.00656	0.00199	0.00289	0.01335	0.00506	0.00444
14	0.02215	0.00938	0.01229	0.00951	0.01342	0.00853	0.00782	0.10650	0.01620	0.64674	0.07427	0.01895	0.01527	0.00683	0.00538	0.00163	0.00450	0.00556	0.00635	0.00871
15	0.01237	0.01473	0.06221	0.02174	0.02704	0.01340	0.70996	0.01681	0.01230	0.01681	0.01054	0.01406	0.00794	0.00462	0.00650	0.00179	0.03132	0.00610	0.00265	0.00712
16	0.02069	0.01143	0.01503	0.01440	0.15267	0.01129	0.00999	0.25105	0.01757	0.41540	0.01638	0.01548	0.01098	0.00615	0.00529	0.00161	0.00523	0.00504	0.00545	0.00888
17	0.00790	0.00543	0.00702	0.00689	0.00813	0.00497	0.00513	0.00999	0.01376	0.05081	0.52450	0.17918	0.10716	0.01202	0.00633	0.00179	0.00278	0.03568	0.00558	0.00498
18	0.00757	0.00505	0.00666	0.00722	0.00800	0.00465	0.00505	0.00896	0.01168	0.05397	0.22340	0.54996	0.05890	0.01448	0.00653	0.00199	0.00298	0.01302	0.00523	0.00471
19	0.07593	0.01137	0.05239	0.12565	0.01781	0.01148	0.06217	0.10112	0.23797	0.13421	0.09939	0.01843	0.01549	0.00665	0.00533	0.00171	0.00514	0.00564	0.00465	0.00749
20	0.01501	0.43514	0.04636	0.04764	0.01677	0.01741	0.08765	0.18779	0.01427	0.03932	0.01029	0.04150	0.00869	0.00550	0.00444	0.00140	0.00603	0.00428	0.00322	0.00728
21	0.08077	0.00959	0.01161	0.06141	0.01434	0.00835	0.02533	0.03883	0.03714	0.07756	0.01149	0.04526	0.00946	0.00502	0.00433	0.00112	0.00434	0.00410	0.00356	0.54638

[dist]
# distance from previous block
# <min> <max>
0	4

[block]
# block no. 4 follows, 46 sequences, length 44
# corresponding to MSA columns:
# 761-767,769-790,807-821
name=unknown_E
#
# <colnr> <probs for GDERKNQSTAVLIFYWHMCP>
#	G	D	E	R	K	N	Q	S	T	A	V	L	I	F	Y	W	H	M	C	P
0	0.06557	0.11926	0.26092	0.03845	0.01795	0.08924	0.02781	0.09978	0.03082	0.16852	0.01179	0.01238	0.00842	0.00556	0.00505	0.00158	0.02149	0.00416	0.00361	0.00765
1	0.02455	0.00623	0.00659	0.00652	0.00824	0.00590	0.00494	0.01064	0.10427	0.01543	0.06910	0.04505	0.50581	0.08846	0.00814	0.00215	0.00331	0.07499	0.00480	0.00490
2	0.29353	0.02586	0.03722	0.00921	0.01294	0.02527	0.00781	0.17317	0.01490	0.26468	0.07406	0.01496	0.01230	0.00620	0.00466	0.00161	0.00470	0.00460	0.00486	0.00747
3	0.01164	0.04064	0.11334	0.20205	0.14561	0.01256	0.24827	0.01541	0.01138	0.01582	0.00970	0.01303	0.00758	0.00497	0.00600	0.00165	0.04974	0.00488	0.00255	0.08319
4	0.00938	0.00838	0.01170	0.01074	0.01103	0.01087	0.00849	0.01059	0.00847	0.01250	0.01312	0.13922	0.01401	0.09200	0.21706	0.00414	0.40355	0.00678	0.00293	0.00504
5	0.00658	0.00537	0.00581	0.00570	0.00734	0.00460	0.00427	0.00822	0.01282	0.01612	0.24619	0.04785	0.58530	0.01270	0.00624	0.00175	0.00263	0.01073	0.00515	0.00460
6	0.02005	0.02138	0.01420	0.01262	0.01555	0.61041	0.00959	0.02183	0.03145	0.15828	0.01132	0.02953	0.00883	0.00594	0.00493	0.00144	0.00832	0.00408	0.00355	0.00668
7	0.20970	0.01131	0.01145	0.00993	0.01321	0.01282	0.00790	0.10830	0.45400	0.07994	0.01718	0.01621	0.01268	0.00651	0.00487	0.00172	0.00437	0.00507	0.00496	0.00787
8	0.00644	0.00534	0.00564	0.00562	0.00727	0.00454	0.00419	0.00794	0.01243	0.01531	0.16307	0.07436	0.64341	0.01310	0.00626	0.00178	0.00266	0.01104	0.00505	0.00454
9	0.00669	0.00530	0.00601	0.00598	0.00745	0.00463	0.00443	0.00838	0.01287	0.01657	0.29908	0.11572	0.46257	0.01279	0.00629	0.00178	0.00265	0.01096	0.00522	0.00463
10	0.01664	0.01199	0.01317	0.01082	0.01416	0.01324	0.00864	0.36488	0.26211	0.09620	0.01663	0.01738	0.01260	0.06283	0.05205	0.00229	0.00560	0.00545	0.00515	0.00816
11	0.00631	0.00511	0.00561	0.00600	0.00731	0.00441	0.00430	0.00751	0.01143	0.01403	0.04571	0.29502	0.54001	0.01441	0.00641	0.00190	0.00280	0.01240	0.00491	0.00441
12	0.02054	0.01410	0.01543	0.01183	0.01604	0.01534	0.00977	0.67368	0.02367	0.12491	0.01369	0.01334	0.00949	0.00637	0.00529	0.00159	0.00566	0.00483	0.00544	0.00899
13	0.01826	0.01194	0.01338	0.01090	0.01460	0.01289	0.00879	0.28136	0.32002	0.22146	0.01830	0.01685	0.01289	0.00673	0.00533	0.00168	0.00483	0.00539	0.00565	0.00874
14	0.01096	0.00940	0.01096	0.00783	0.01253	0.00705	0.00626	0.01331	0.01096	0.01723	0.00940	0.01096	0.00783	0.00392	0.00392	0.00078	0.00392	0.00313	0.00313	0.84653
15	0.00705	0.00527	0.00664	0.00723	0.00829	0.00486	0.00548	0.00871	0.01201	0.01573	0.18434	0.30556	0.22338	0.01420	0.00664	0.00202	0.00324	0.16970	0.00508	0.00460
16	0.01485	0.71594	0.02607	0.00963	0.01392	0.11979	0.00920	0.01651	0.01128	0.01250	0.00745	0.00862	0.00679	0.00464	0.00357	0.00116	0.00615	0.00290	0.00232	0.00670
17	0.01242	0.01242	0.02266	0.05345	0.48220	0.01246	0.20576	0.01578	0.01209	0.01708	0.05561	0.01492	0.01064	0.00524	0.00611	0.00167	0.04366	0.00538	0.00280	0.00765
18	0.01096	0.00940	0.01096	0.00783	0.01253	0.00705	0.00626	0.01331	0.01096	0.01723	0.00940	0.01096	0.00783	0.00392	0.00392	0.00078	0.00392	0.00313	0.00313	0.84653
19	0.00732	0.00540	0.00685	0.00648	0.00780	0.00492	0.00486	0.00967	0.01459	0.02031	0.68561	0.04095	0.14326	0.01114	0.00624	0.00168	0.00252	0.00977	0.00570	0.00492
20	0.00997	0.00559	0.00749	0.00763	0.00884	0.00509	0.00548	0.01139	0.01195	0.16433	0.16027	0.52052	0.03337	0.01360	0.00638	0.00196	0.00324	0.01218	0.00539	0.00533
21	0.01422	0.04078	0.01171	0.01054	0.01260	0.39282	0.00789	0.03626	0.01334	0.03829	0.04255	0.20178	0.08990	0.01096	0.05072	0.00201	0.00703	0.00726	0.00372	0.00561
22	0.00689	0.00476	0.00628	0.00722	0.00751	0.00456	0.00481	0.00756	0.00959	0.01280	0.02562	0.60231	0.03030	0.13125	0.03625	0.05386	0.00387	0.03606	0.00444	0.00405
23	0.01413	0.81739	0.02770	0.00905	0.01357	0.02092	0.00905	0.01583	0.01074	0.01244	0.00735	0.00848	0.00678	0.00452	0.00339	0.00113	0.00565	0.00283	0.00226	0.00678
24	0.02855	0.01297	0.13073	0.01174	0.01466	0.01207	0.01066	0.12088	0.02340	0.17036	0.03574	0.08833	0.01241	0.00810	0.00920	0.00187	0.26142	0.00572	0.00399	0.03719
25	0.01045	0.01091	0.06565	0.01781	0.21985	0.01090	0.10333	0.01313	0.01014	0.01460	0.01227	0.01667	0.03215	0.01801	0.28510	0.00417	0.14044	0.00536	0.00269	0.00636
26	0.00758	0.00644	0.00825	0.00830	0.00896	0.00711	0.00620	0.00867	0.01020	0.01354	0.03095	0.40773	0.24110	0.01396	0.00907	0.00208	0.18935	0.01150	0.00430	0.00469
27	0.03229	0.17640	0.20714	0.01445	0.01898	0.12653	0.16431	0.04557	0.01192	0.01555	0.00908	0.01144	0.00734	0.00674	0.03651	0.00188	0.10015	0.00425	0.00257	0.00688
28	0.01669	0.01649	0.12864	0.03258	0.07364	0.13444	0.09380	0.21131	0.05192	0.12827	0.01312	0.01497	0.00981	0.00654	0.01796	0.00174	0.00693	0.02931	0.00403	0.00782
29	0.00769	0.00513	0.00577	0.00577	0.00577	0.00513	0.00320	0.00769	0.00769	0.01025	0.01666	0.03460	0.01922	0.81421	0.02691	0.00513	0.00513	0.00769	0.00320	0.00320
30	0.00755	0.00566	0.00850	0.00850	0.00944	0.00661	0.00661	0.00944	0.00850	0.01227	0.01416	0.02077	0.01322	0.03965	0.79326	0.00850	0.01416	0.00566	0.00283	0.00472
31	0.03786	0.20447	0.06508	0.02870	0.16025	0.07219	0.03579	0.08142	0.01342	0.15416	0.04555	0.01451	0.01083	0.00612	0.00534	0.02926	0.00591	0.01813	0.00363	0.00739
32	0.01412	0.01502	0.12285	0.19803	0.02382	0.04149	0.16373	0.24506	0.05924	0.02113	0.01148	0.01367	0.00850	0.00660	0.03014	0.00190	0.00730	0.00498	0.00350	0.00746
33	0.01004	0.00831	0.00879	0.00800	0.01037	0.00863	0.00619	0.08220	0.28065	0.01946	0.11520	0.03533	0.36537	0.01030	0.00586	0.00176	0.00347	0.00860	0.00520	0.00629
34	0.01440	0.26578	0.22085	0.01271	0.01719	0.22403	0.03420	0.01797	0.05555	0.01441	0.00901	0.01052	0.00735	0.00543	0.00549	0.00149	0.07047	0.00369	0.00257	0.00690
35	0.06921	0.06296	0.08067	0.01712	0.13712	0.08422	0.18595	0.11210	0.09857	0.08242	0.01213	0.01341	0.00908	0.00537	0.00520	0.00162	0.00669	0.00485	0.00359	0.00770
36	0.02538	0.01023	0.03337	0.01074	0.03509	0.08270	0.04859	0.04139	0.06967	0.18441	0.11493	0.05227	0.03594	0.01564	0.19977	0.00336	0.00740	0.01812	0.00443	0.00655
37	0.00764	0.00469	0.00641	0.00696	0.00725	0.00448	0.00466	0.00727	0.00897	0.01188	0.04477	0.38163	0.07218	0.04552	0.01318	0.35150	0.00373	0.01003	0.00379	0.00346
38	0.06396	0.02553	0.02789	0.16516	0.11774	0.03135	0.01113	0.26394	0.03620	0.03244	0.01355	0.01748	0.03209	0.00856	0.05099	0.00210	0.03502	0.05382	0.00383	0.00722
39	0.01347	0.03864	0.08855	0.11697	0.18312	0.08414	0.07420	0.03915	0.07398	0.09238	0.12697	0.01761	0.01515	0.00619	0.00537	0.00163	0.00610	0.00547	0.00371	0.00721
40	0.04239	0.01589	0.01330	0.03874	0.10994	0.33404	0.00958	0.03633	0.14241	0.01637	0.02729	0.12562	0.01386	0.00746	0.00522	0.00162	0.00656	0.01772	0.02916	0.00650
41	0.01007	0.00952	0.01588	0.75624	0.03512	0.01200	0.01450	0.01346	0.01043	0.01346	0.00926	0.01395	0.00704	0.00551	0.00598	0.00179	0.05288	0.00469	0.00235	0.00587
42	0.01573	0.01213	0.01419	0.01157	0.01503	0.01332	0.05843	0.29083	0.34255	0.06925	0.06172	0.01831	0.01491	0.02996	0.00607	0.00180	0.00503	0.00578	0.00520	0.00820
43	0.01535	0.00900	0.01089	0.00937	0.02996	0.00883	0.00724	0.19051	0.04372	0.24928	0.19139	0.06634	0.12748	0.00888	0.00572	0.00168	0.00407	0.00744	0.00565	0.00720

[dist]
# distance from previous block
# <min> <max>
6	26

[block]
# block no. 5 follows, 46 sequences, length 73
# corresponding to MSA columns:
# 861-899,901-911,914-936
name=unknown_F
#
# <colnr> <probs for GDERKNQSTAVLIFYWHMCP>
#	G	D	E	R	K	N	Q	S	T	A	V	L	I	F	Y	W	H	M	C	P
0	0.04885	0.18245	0.11555	0.02723	0.09871	0.08539	0.04581	0.06648	0.05653	0.03181	0.02314	0.01267	0.00902	0.00801	0.06147	0.00203	0.07668	0.00426	0.00301	0.04090
1	0.16498	0.01335	0.13752	0.01116	0.01511	0.01152	0.06548	0.17938	0.08789	0.05856	0.03974	0.09786	0.01310	0.00841	0.03948	0.00198	0.00573	0.00575	0.00409	0.03891
2	0.09810	0.05601	0.01677	0.01688	0.22712	0.01456	0.01104	0.39788	0.03313	0.02578	0.01199	0.04553	0.00961	0.00610	0.00504	0.00159	0.00562	0.00491	0.00418	0.00818
3	0.01578	0.01008	0.01538	0.14489	0.17206	0.01027	0.04960	0.07873	0.01359	0.27206	0.01620	0.09017	0.01312	0.00721	0.00596	0.00175	0.03241	0.03880	0.00440	0.00754
4	0.01159	0.01055	0.01282	0.17728	0.09699	0.07579	0.00949	0.08896	0.01267	0.01692	0.03362	0.07605	0.07301	0.00929	0.06600	0.00200	0.00608	0.00569	0.00341	0.21179
5	0.00647	0.00461	0.00613	0.00732	0.00762	0.00431	0.00487	0.00737	0.01006	0.01342	0.02883	0.79179	0.03458	0.03605	0.00724	0.00222	0.00312	0.01485	0.00487	0.00427
6	0.01400	0.71232	0.02689	0.01210	0.11379	0.01983	0.00998	0.01588	0.01091	0.01307	0.00769	0.00908	0.00699	0.00455	0.00363	0.00119	0.00574	0.00307	0.00231	0.00699
7	0.21605	0.12147	0.03781	0.01151	0.01454	0.42569	0.00938	0.01833	0.01237	0.01554	0.00782	0.00938	0.00656	0.00548	0.00522	0.00148	0.06917	0.00331	0.00275	0.00614
8	0.00793	0.00640	0.00863	0.01004	0.11630	0.00593	0.00642	0.01014	0.01349	0.01826	0.41434	0.05691	0.25366	0.01098	0.00615	0.00173	0.00319	0.03915	0.00505	0.00529
9	0.00653	0.00467	0.00624	0.00746	0.00781	0.00437	0.00506	0.00752	0.01021	0.01360	0.02909	0.77798	0.03477	0.01648	0.00677	0.00216	0.00315	0.04691	0.00491	0.00432
10	0.00685	0.00491	0.00619	0.00700	0.00749	0.00462	0.00475	0.00780	0.01019	0.01343	0.06027	0.50556	0.10439	0.16803	0.01056	0.00268	0.00352	0.06298	0.00462	0.00417
11	0.00653	0.00537	0.00575	0.00566	0.00732	0.00458	0.00424	0.00814	0.01273	0.01589	0.22161	0.04824	0.61003	0.01279	0.00625	0.00176	0.00264	0.01079	0.00512	0.00458
12	0.01621	0.01288	0.01368	0.01138	0.01491	0.01458	0.00911	0.35242	0.44237	0.02705	0.01763	0.01662	0.01299	0.00681	0.00534	0.00170	0.00490	0.00544	0.00534	0.00864
13	0.00876	0.00737	0.00787	0.00748	0.00957	0.00745	0.00576	0.01476	0.26227	0.01774	0.12719	0.03967	0.40952	0.01109	0.00601	0.00180	0.00325	0.04145	0.00517	0.00583
14	0.82536	0.01018	0.00791	0.00703	0.01033	0.01173	0.00579	0.01586	0.00919	0.04780	0.00779	0.00889	0.00596	0.00496	0.00334	0.00164	0.00410	0.00294	0.00338	0.00583
15	0.85155	0.01022	0.00777	0.00695	0.01022	0.01186	0.00573	0.01554	0.00900	0.02372	0.00736	0.00859	0.00573	0.00491	0.00327	0.00164	0.00409	0.00286	0.00327	0.00573
16	0.85155	0.01022	0.00777	0.00695	0.01022	0.01186	0.00573	0.01554	0.00900	0.02372	0.00736	0.00859	0.00573	0.00491	0.00327	0.00164	0.00409	0.00286	0.00327	0.00573
17	0.01528	0.01822	0.01182	0.01082	0.01329	0.50198	0.00815	0.04469	0.01438	0.01415	0.02340	0.02337	0.26315	0.00812	0.00528	0.00151	0.00712	0.00603	0.00355	0.00568
18	0.01031	0.00973	0.01644	0.72152	0.11387	0.01183	0.01484	0.01379	0.01072	0.01390	0.00945	0.01399	0.00719	0.00523	0.00528	0.00174	0.00697	0.00470	0.00238	0.00613
19	0.01413	0.81739	0.02770	0.00905	0.01357	0.02092	0.00905	0.01583	0.01074	0.01244	0.00735	0.00848	0.00678	0.00452	0.00339	0.00113	0.00565	0.00283	0.00226	0.00678
20	0.00705	0.00539	0.00656	0.00724	0.00816	0.00512	0.00512	0.00929	0.06977	0.01483	0.07371	0.51545	0.19508	0.01477	0.00653	0.00203	0.00311	0.04111	0.00499	0.00470
21	0.00655	0.00491	0.00612	0.00703	0.00779	0.00448	0.00496	0.00770	0.01077	0.01388	0.03526	0.55929	0.22399	0.01560	0.00666	0.00208	0.00311	0.07054	0.00490	0.00438
22	0.00748	0.00540	0.00707	0.00665	0.00790	0.00499	0.00499	0.00998	0.01496	0.02120	0.77844	0.03949	0.04988	0.01081	0.00624	0.00166	0.00249	0.00956	0.00582	0.00499
23	0.01132	0.01104	0.01705	0.25677	0.02207	0.01376	0.08310	0.03153	0.00993	0.01425	0.00840	0.01257	0.00720	0.00704	0.01112	0.00194	0.39462	0.00467	0.00250	0.07909
24	0.01478	0.33348	0.01848	0.00908	0.01358	0.01398	0.00806	0.12083	0.01324	0.09387	0.01018	0.01091	0.00810	0.00476	0.00404	0.00112	0.00494	0.00346	0.00343	0.30970
25	0.73908	0.01051	0.00866	0.00750	0.01089	0.01197	0.00618	0.07398	0.01058	0.06876	0.00856	0.00945	0.00641	0.00511	0.00355	0.00163	0.00425	0.00315	0.00362	0.00617
26	0.00661	0.00471	0.00624	0.00729	0.00761	0.00450	0.00486	0.00751	0.00981	0.01314	0.02717	0.69665	0.03231	0.08725	0.05495	0.00278	0.00390	0.01384	0.00464	0.00422
27	0.01315	0.01136	0.01195	0.01076	0.01375	0.01315	0.00837	0.02809	0.77168	0.02211	0.02152	0.01972	0.01614	0.00717	0.00538	0.00179	0.00418	0.00598	0.00538	0.00837
28	0.01664	0.11424	0.01446	0.01040	0.01373	0.12406	0.00847	0.19830	0.15041	0.14284	0.01810	0.01930	0.07122	0.04225	0.00608	0.00174	0.00552	0.03017	0.00462	0.00745
29	0.02010	0.01481	0.01587	0.01216	0.01639	0.01639	0.01005	0.76360	0.02486	0.03332	0.01269	0.01269	0.00899	0.00635	0.00529	0.00159	0.00582	0.00476	0.00529	0.00899
30	0.01124	0.01095	0.01918	0.31599	0.29267	0.01162	0.13208	0.02606	0.01176	0.01575	0.01432	0.01748	0.08603	0.00579	0.00552	0.00170	0.00661	0.00560	0.00280	0.00685
31	0.00764	0.00530	0.00667	0.00667	0.00698	0.00562	0.00433	0.00827	0.00796	0.01092	0.01583	0.03001	0.01723	0.55735	0.28104	0.00624	0.00812	0.00702	0.00308	0.00371
32	0.08519	0.01659	0.01402	0.01157	0.01516	0.28448	0.00919	0.25924	0.01771	0.21674	0.01278	0.01262	0.00902	0.00597	0.00496	0.00152	0.00664	0.00428	0.00456	0.00774
33	0.01413	0.81739	0.02770	0.00905	0.01357	0.02092	0.00905	0.01583	0.01074	0.01244	0.00735	0.00848	0.00678	0.00452	0.00339	0.00113	0.00565	0.00283	0.00226	0.00678
34	0.00652	0.00489	0.00605	0.00677	0.00756	0.00442	0.00469	0.00773	0.01118	0.01461	0.12447	0.52700	0.22474	0.01508	0.00656	0.00200	0.00290	0.01340	0.00502	0.00442
35	0.01157	0.01157	0.01619	0.01388	0.01388	0.01619	0.01157	0.01272	0.00810	0.01272	0.00694	0.01157	0.00694	0.00925	0.01735	0.00231	0.80453	0.00463	0.00231	0.00578
36	0.02176	0.00885	0.01185	0.00922	0.01300	0.00784	0.00756	0.05621	0.01554	0.66753	0.10439	0.02014	0.01698	0.00701	0.00542	0.00164	0.00433	0.00576	0.00641	0.00855
37	0.00852	0.00608	0.00852	0.00974	0.01095	0.00608	0.00852	0.01095	0.01217	0.01582	0.02799	0.05963	0.03042	0.01460	0.00730	0.00243	0.00487	0.74565	0.00487	0.00487
38	0.01378	0.01185	0.01230	0.01091	0.01399	0.02701	0.00853	0.08270	0.70289	0.02279	0.02063	0.01902	0.01544	0.00708	0.00536	0.00177	0.00440	0.00584	0.00533	0.00837
39	0.01447	0.01165	0.01387	0.01180	0.01413	0.01378	0.00973	0.31273	0.12246	0.02259	0.01458	0.02015	0.01260	0.01086	0.06957	0.00245	0.20938	0.10169	0.00430	0.00722
40	0.05160	0.01579	0.01386	0.01137	0.01501	0.27051	0.00905	0.19827	0.01716	0.32344	0.01423	0.01359	0.00977	0.00607	0.00505	0.00153	0.00647	0.00446	0.00486	0.00792
41	0.00651	0.00541	0.00572	0.00578	0.00748	0.00462	0.00443	0.00802	0.01228	0.01493	0.10771	0.05065	0.66698	0.01328	0.00633	0.00182	0.00283	0.06569	0.00498	0.00453
42	0.01166	0.00983	0.01133	0.00823	0.01283	0.00790	0.00660	0.06441	0.03975	0.01849	0.01006	0.01140	0.00821	0.00420	0.00406	0.00087	0.00405	0.00335	0.00336	0.75940
43	0.01466	0.01612	0.01808	0.19123	0.36445	0.27449	0.01387	0.01728	0.01271	0.01501	0.00923	0.01211	0.00756	0.00508	0.00509	0.00154	0.00754	0.00427	0.00260	0.00708
44	0.00753	0.00543	0.00713	0.00678	0.00803	0.00503	0.00514	0.01002	0.01485	0.02097	0.74680	0.04034	0.04906	0.01097	0.00628	0.00170	0.00259	0.04060	0.00578	0.00498
45	0.01276	0.00820	0.00982	0.00866	0.01001	0.02721	0.00639	0.23788	0.01256	0.01663	0.01023	0.01488	0.00907	0.01439	0.01559	0.56837	0.00508	0.00461	0.00322	0.00443
46	0.00658	0.00475	0.00623	0.00717	0.00768	0.00440	0.00488	0.00774	0.01089	0.01461	0.13534	0.66938	0.06953	0.01562	0.00665	0.00206	0.00297	0.01409	0.00504	0.00440
47	0.01876	0.01657	0.12404	0.01257	0.01730	0.01582	0.01138	0.65881	0.02293	0.03099	0.01224	0.01248	0.00867	0.00616	0.00525	0.00160	0.00610	0.00464	0.00486	0.00883
48	0.01064	0.00626	0.00704	0.00641	0.00807	0.00624	0.00493	0.09016	0.01395	0.04940	0.26949	0.02548	0.02511	0.00774	0.00476	0.00143	0.00290	0.00646	0.44800	0.00552
49	0.01413	0.81739	0.02770	0.00905	0.01357	0.02092	0.00905	0.01583	0.01074	0.01244	0.00735	0.00848	0.00678	0.00452	0.00339	0.00113	0.00565	0.00283	0.00226	0.00678
50	0.01157	0.01157	0.01619	0.01388	0.01388	0.01619	0.01157	0.01272	0.00810	0.01272	0.00694	0.01157	0.00694	0.00925	0.01735	0.00231	0.80453	0.00463	0.00231	0.00578
51	0.00691	0.00535	0.00807	0.00851	0.00921	0.00500	0.06346	0.00810	0.01030	0.01376	0.02771	0.74917	0.03288	0.01563	0.00671	0.00212	0.00352	0.01435	0.00473	0.00451
52	0.01526	0.01014	0.01070	0.00875	0.01156	0.01098	0.00705	0.40890	0.01835	0.02689	0.01484	0.01601	0.01114	0.00626	0.00454	0.00142	0.00423	0.00484	0.40106	0.00707
53	0.02030	0.00828	0.01096	0.00865	0.01226	0.00713	0.00706	0.02224	0.01462	0.63237	0.05172	0.02413	0.14040	0.00781	0.00550	0.00166	0.00413	0.00642	0.00625	0.00812
54	0.00775	0.00558	0.00744	0.00744	0.00868	0.00527	0.00589	0.01022	0.01425	0.01983	0.58746	0.04462	0.04493	0.01177	0.00651	0.00186	0.00310	0.19689	0.00558	0.00496
55	0.00918	0.00459	0.00689	0.00689	0.00689	0.00459	0.00459	0.00689	0.00689	0.00918	0.00918	0.01607	0.00918	0.01837	0.02066	0.84619	0.00459	0.00459	0.00230	0.00230
56	0.00985	0.00493	0.00493	0.00493	0.00616	0.00493	0.00370	0.01232	0.01109	0.01971	0.01725	0.01971	0.01355	0.00616	0.00370	0.00123	0.00246	0.00493	0.84356	0.00493
57	0.00663	0.00485	0.00650	0.00760	0.00789	0.00473	0.00515	0.00756	0.01005	0.01347	0.02833	0.78174	0.03395	0.01630	0.00713	0.00215	0.03217	0.01465	0.00481	0.00435
58	0.01248	0.01426	0.03119	0.02228	0.02763	0.01337	0.76203	0.01693	0.01248	0.01693	0.01070	0.01426	0.00802	0.00446	0.00624	0.00178	0.00891	0.00624	0.00267	0.00713
59	0.00726	0.00495	0.00589	0.00631	0.00641	0.00484	0.00378	0.00758	0.00851	0.01135	0.02089	0.29790	0.02456	0.54361	0.02007	0.00411	0.00443	0.01018	0.00378	0.00357
60	0.00773	0.00559	0.00741	0.00746	0.00871	0.00527	0.00592	0.01017	0.01411	0.01951	0.54987	0.04537	0.06762	0.01193	0.00653	0.00188	0.00315	0.21132	0.00553	0.00494
61	0.00918	0.00876	0.01645	0.01403	0.04004	0.00830	0.29634	0.01191	0.02963	0.01520	0.02123	0.44185	0.02320	0.01126	0.00648	0.00199	0.00549	0.02904	0.00399	0.00563
62	0.01071	0.00642	0.00831	0.00738	0.00923	0.00598	0.00568	0.03076	0.03916	0.15088	0.60834	0.03460	0.04163	0.00987	0.00603	0.00166	0.00296	0.00862	0.00592	0.00587
63	0.00741	0.00583	0.00684	0.00707	0.00865	0.00539	0.00566	0.00984	0.04560	0.01621	0.16430	0.05017	0.40982	0.01304	0.00651	0.00195	0.00334	0.22245	0.00507	0.00484
64	0.01975	0.02520	0.01498	0.01362	0.01634	0.79299	0.01021	0.02111	0.01498	0.01294	0.00817	0.00953	0.00681	0.00545	0.00477	0.00136	0.00953	0.00340	0.00272	0.00613
65	0.02636	0.00954	0.01570	0.76790	0.03544	0.01186	0.01440	0.03100	0.01087	0.01416	0.00943	0.01396	0.00707	0.00530	0.00525	0.00176	0.00696	0.00466	0.00244	0.00594
66	0.00802	0.00528	0.00626	0.00620	0.00641	0.00538	0.00375	0.00831	0.00795	0.02726	0.01642	0.03243	0.01830	0.69562	0.12649	0.00549	0.00629	0.00737	0.00323	0.00353
67	0.00664	0.00477	0.00630	0.00745	0.00789	0.00447	0.00515	0.00769	0.01034	0.01367	0.02986	0.69624	0.06707	0.03241	0.00718	0.00222	0.00325	0.07821	0.00487	0.00433
68	0.00765	0.00529	0.00660	0.00660	0.00689	0.00558	0.00424	0.00822	0.00794	0.01087	0.01589	0.03037	0.01738	0.57733	0.26127	0.00616	0.00789	0.00707	0.00309	0.00367
