[name]
unknown

[dist]
# distance from previous block
# <min> <max>
7	61

[block]
# block no. 0 follows, 44 sequences, length 30
# corresponding to MSA columns:
# 73-80,101-122
name=unknown_A
#
# <colnr> <probs for GDERKNQSTAVLIFYWHMCP>
#	G	D	E	R	K	N	Q	S	T	A	V	L	I	F	Y	W	H	M	C	P
0	0.01262	0.01179	0.01955	0.33235	0.44417	0.01283	0.01577	0.05475	0.01252	0.01716	0.01018	0.01388	0.00813	0.00518	0.00542	0.00170	0.00676	0.00486	0.00274	0.00765
1	0.01279	0.10203	0.28878	0.01540	0.11277	0.01209	0.06143	0.01645	0.01191	0.10981	0.01571	0.09645	0.05589	0.00724	0.00621	0.00175	0.05647	0.00601	0.00338	0.00741
2	0.24199	0.37594	0.01873	0.00944	0.01320	0.14214	0.00829	0.01727	0.01153	0.06098	0.00973	0.05165	0.00862	0.00571	0.00399	0.00143	0.00583	0.00384	0.00310	0.00659
3	0.01134	0.02625	0.69451	0.01490	0.02239	0.01251	0.01878	0.06020	0.01255	0.01851	0.05028	0.01315	0.00940	0.00558	0.00526	0.00172	0.00765	0.00439	0.00268	0.00797
4	0.01419	0.04538	0.01425	0.01258	0.07072	0.12939	0.03296	0.14328	0.17543	0.02122	0.15200	0.02116	0.06218	0.00749	0.00577	0.00163	0.02356	0.00610	0.00453	0.05618
5	0.00766	0.00592	0.00703	0.00669	0.00826	0.00547	0.00504	0.01062	0.05840	0.01970	0.50510	0.04318	0.27329	0.01175	0.00638	0.00176	0.00273	0.01015	0.00568	0.00518
6	0.00877	0.00942	0.09619	0.01117	0.05945	0.00824	0.00866	0.01146	0.05492	0.01540	0.06304	0.43349	0.05738	0.01286	0.00810	0.00208	0.11847	0.01098	0.00429	0.00561
7	0.01368	0.00861	0.01063	0.00919	0.01159	0.00887	0.00724	0.19921	0.01584	0.14973	0.18048	0.08971	0.05278	0.02882	0.18427	0.00340	0.00662	0.00747	0.00513	0.00670
8	0.00647	0.00542	0.00563	0.00579	0.00743	0.00458	0.00426	0.00779	0.01217	0.01462	0.05200	0.14900	0.67774	0.01423	0.00651	0.00189	0.00281	0.01202	0.00506	0.00458
9	0.00771	0.00512	0.00600	0.00635	0.00652	0.00503	0.00383	0.00814	0.00885	0.01213	0.02083	0.25061	0.02401	0.53553	0.02040	0.00417	0.00452	0.00987	0.05665	0.00373
10	0.01244	0.04486	0.68193	0.01478	0.02235	0.01239	0.01862	0.01822	0.01193	0.09682	0.01096	0.01218	0.00760	0.00533	0.00517	0.00171	0.00765	0.00415	0.00277	0.00816
11	0.02350	0.00987	0.01290	0.00999	0.01415	0.00901	0.00822	0.07969	0.06372	0.67638	0.02094	0.01827	0.01339	0.00677	0.00548	0.00169	0.00472	0.00548	0.00658	0.00924
12	0.00779	0.00584	0.00876	0.00876	0.00974	0.00681	0.00681	0.00974	0.00876	0.01266	0.01460	0.02142	0.01363	0.04089	0.78680	0.00876	0.01460	0.00584	0.00292	0.00487
13	0.01320	0.01473	0.03151	0.02254	0.02801	0.01392	0.72344	0.04839	0.01340	0.01817	0.01112	0.01464	0.00831	0.00468	0.00639	0.00183	0.00906	0.00637	0.00287	0.00743
14	0.00646	0.00547	0.00558	0.00567	0.00740	0.00459	0.00421	0.00781	0.01228	0.01467	0.05340	0.10709	0.71874	0.01404	0.00648	0.00187	0.00279	0.01180	0.00506	0.00459
15	0.01020	0.00880	0.01218	0.04847	0.21115	0.03876	0.02434	0.01270	0.01370	0.04271	0.30300	0.03267	0.20085	0.00937	0.00603	0.00171	0.00434	0.00825	0.00459	0.00620
16	0.81373	0.01064	0.00857	0.00822	0.04096	0.01226	0.00634	0.01605	0.00940	0.02420	0.00770	0.00904	0.00601	0.00505	0.00345	0.00168	0.00431	0.00303	0.00335	0.00601
17	0.01540	0.01602	0.01867	0.03193	0.01898	0.22897	0.20612	0.07948	0.01421	0.04334	0.03092	0.01308	0.00924	0.00537	0.00572	0.00146	0.03817	0.00465	0.00332	0.21497
18	0.06185	0.08334	0.53581	0.01439	0.02108	0.09460	0.03123	0.06526	0.01270	0.01806	0.00959	0.01114	0.00705	0.00526	0.00496	0.00165	0.00774	0.00393	0.00263	0.00774
19	0.00968	0.03817	0.01198	0.01033	0.01086	0.01088	0.00814	0.01091	0.00851	0.01239	0.01200	0.02034	0.01220	0.19328	0.29434	0.00525	0.31718	0.00577	0.00277	0.00504
20	0.01259	0.01256	0.06746	0.07422	0.06034	0.01179	0.25613	0.06298	0.15388	0.04770	0.10034	0.03651	0.02928	0.04108	0.00689	0.00194	0.00641	0.00663	0.00401	0.00726
21	0.01827	0.09055	0.11065	0.01337	0.01725	0.44423	0.01145	0.14111	0.07064	0.01790	0.01028	0.01124	0.00807	0.00576	0.00496	0.00149	0.00825	0.00394	0.00334	0.00724
22	0.11329	0.00977	0.01510	0.64767	0.03257	0.01213	0.01363	0.01400	0.01059	0.01519	0.00982	0.03286	0.00779	0.00585	0.00573	0.00183	0.03872	0.00487	0.00260	0.00599
23	0.00666	0.00486	0.00627	0.00734	0.00786	0.00447	0.00496	0.00771	0.01083	0.01427	0.05786	0.69569	0.11814	0.01652	0.00688	0.00216	0.00310	0.01487	0.00509	0.00447
24	0.00664	0.00474	0.00633	0.00759	0.00791	0.00443	0.00506	0.00759	0.01044	0.01392	0.03005	0.80485	0.03606	0.01708	0.00696	0.00221	0.00316	0.01550	0.00506	0.00443
25	0.01702	0.00789	0.01031	0.00853	0.01147	0.00720	0.00680	0.02019	0.06457	0.41861	0.28632	0.02660	0.02713	0.00832	0.00573	0.00168	0.00377	0.00705	0.05325	0.00754
26	0.00866	0.00678	0.00806	0.00846	0.00967	0.00705	0.00604	0.01380	0.22254	0.01703	0.08459	0.50647	0.05172	0.01382	0.00651	0.00206	0.00343	0.01234	0.00527	0.00567
27	0.00880	0.00581	0.00763	0.00704	0.00852	0.00533	0.00533	0.01134	0.01544	0.07064	0.72315	0.03929	0.04899	0.01086	0.00637	0.00171	0.00271	0.00958	0.00605	0.00541
28	0.01752	0.01279	0.01492	0.01347	0.09287	0.01375	0.00988	0.45447	0.08082	0.07676	0.13781	0.01856	0.01694	0.00720	0.00562	0.00167	0.00527	0.00585	0.00535	0.00848
29	0.01992	0.01482	0.01612	0.01248	0.01649	0.01661	0.01031	0.69164	0.02420	0.03268	0.01282	0.01319	0.00925	0.00673	0.00620	0.00167	0.05606	0.00490	0.02493	0.00896

[dist]
# distance from previous block
# <min> <max>
0	2

[block]
# block no. 1 follows, 44 sequences, length 14
# corresponding to MSA columns:
# 125-138
name=unknown_B
#
# <colnr> <probs for GDERKNQSTAVLIFYWHMCP>
#	G	D	E	R	K	N	Q	S	T	A	V	L	I	F	Y	W	H	M	C	P
0	0.62920	0.01179	0.01021	0.00859	0.01222	0.01346	0.00708	0.21107	0.01359	0.02707	0.00904	0.00997	0.00679	0.00545	0.00392	0.00167	0.00469	0.00347	0.00392	0.00679
1	0.44985	0.01762	0.17187	0.01061	0.01483	0.17812	0.01003	0.01821	0.05159	0.02048	0.00901	0.01024	0.00693	0.00533	0.00420	0.00164	0.00623	0.00347	0.00314	0.00659
2	0.01580	0.01282	0.01359	0.01155	0.01503	0.01461	0.00917	0.25651	0.53336	0.02642	0.01934	0.01807	0.01434	0.00713	0.00552	0.00178	0.00484	0.00577	0.00552	0.00883
3	0.04988	0.00891	0.01084	0.00931	0.01166	0.00948	0.00726	0.19634	0.01408	0.16296	0.01569	0.02080	0.01329	0.15929	0.28024	0.00476	0.00852	0.00579	0.00435	0.00655
4	0.10982	0.00941	0.01217	0.00944	0.01357	0.00845	0.00779	0.02547	0.01495	0.69994	0.02006	0.01755	0.01271	0.00657	0.00526	0.00169	0.00460	0.00522	0.00640	0.00893
5	0.00680	0.00523	0.00622	0.00661	0.00774	0.00465	0.00472	0.00827	0.01231	0.01597	0.20129	0.34140	0.33021	0.01450	0.00664	0.00196	0.00288	0.01269	0.00527	0.00465
6	0.00756	0.00538	0.00605	0.00599	0.00660	0.00511	0.00377	0.00826	0.01008	0.01323	0.14040	0.04024	0.19459	0.50775	0.01970	0.00396	0.00430	0.00903	0.00411	0.00388
7	0.02202	0.01319	0.01507	0.01156	0.01587	0.01382	0.00955	0.50309	0.02215	0.29240	0.01601	0.01499	0.01074	0.00661	0.00546	0.00165	0.00553	0.00511	0.00590	0.00927
8	0.00782	0.00529	0.00623	0.00651	0.00665	0.00525	0.00399	0.00816	0.00865	0.01150	0.01988	0.14182	0.02297	0.63609	0.02327	0.00464	0.00498	0.06902	0.00368	0.00360
9	0.02104	0.01372	0.01486	0.01166	0.01578	0.05036	0.00953	0.44134	0.09740	0.24253	0.01617	0.01522	0.01111	0.00664	0.00545	0.00166	0.00562	0.00513	0.00570	0.00907
10	0.01163	0.00756	0.00915	0.00823	0.01026	0.00766	0.00633	0.09094	0.08400	0.11407	0.21642	0.07103	0.11325	0.05858	0.12417	0.00299	0.00535	0.00802	0.04419	0.00616
11	0.01686	0.01085	0.01330	0.01094	0.01418	0.01123	0.04312	0.28965	0.09575	0.19396	0.04900	0.18983	0.01845	0.00908	0.00588	0.00181	0.00491	0.00775	0.00556	0.00789
12	0.01184	0.01197	0.01687	0.57997	0.11025	0.09787	0.01459	0.01503	0.01140	0.01422	0.00945	0.01374	0.00738	0.00567	0.00618	0.00179	0.05825	0.00469	0.00249	0.00635
13	0.01066	0.04456	0.09782	0.01001	0.01250	0.00990	0.00854	0.04011	0.25705	0.01714	0.01902	0.18906	0.01788	0.01580	0.13541	0.09015	0.00634	0.00757	0.00417	0.00633

[dist]
# distance from previous block
# <min> <max>
0	1

[block]
# block no. 2 follows, 44 sequences, length 24
# corresponding to MSA columns:
# 140-163
name=unknown_C
#
# <colnr> <probs for GDERKNQSTAVLIFYWHMCP>
#	G	D	E	R	K	N	Q	S	T	A	V	L	I	F	Y	W	H	M	C	P
0	0.01130	0.00969	0.01130	0.00807	0.01292	0.00727	0.00646	0.01373	0.01130	0.01776	0.00969	0.01130	0.00807	0.00404	0.00404	0.00081	0.00404	0.00323	0.00323	0.84173
1	0.00916	0.00746	0.00899	0.00777	0.01060	0.00597	0.00578	0.01093	0.01099	0.01604	0.02004	0.34401	0.05094	0.00988	0.00535	0.00144	0.00362	0.00869	0.00407	0.45828
2	0.01206	0.01361	0.15206	0.20447	0.02096	0.01206	0.01192	0.09407	0.25113	0.02040	0.10817	0.02013	0.04130	0.00710	0.00558	0.00178	0.00563	0.00595	0.00422	0.00740
3	0.04282	0.01677	0.01518	0.01234	0.01617	0.19895	0.00989	0.42142	0.09073	0.10120	0.01351	0.01341	0.00975	0.00638	0.00528	0.00161	0.00657	0.00470	0.00490	0.00842
4	0.01200	0.00863	0.00922	0.00821	0.01034	0.04963	0.00628	0.14751	0.01569	0.08581	0.23931	0.11229	0.17316	0.04101	0.00681	0.00187	0.00397	0.00879	0.05342	0.00606
5	0.02073	0.02086	0.01566	0.01322	0.01672	0.44121	0.01033	0.31137	0.01947	0.06300	0.01097	0.01159	0.00826	0.00604	0.00516	0.00151	0.00804	0.00417	0.00406	0.00764
6	0.01324	0.52340	0.30511	0.01161	0.01753	0.01829	0.01331	0.01667	0.01124	0.01446	0.00839	0.00976	0.00696	0.00485	0.00412	0.00137	0.00665	0.00332	0.00232	0.00739
7	0.00663	0.00478	0.00629	0.00751	0.00789	0.00444	0.00502	0.00760	0.01052	0.01395	0.03107	0.77435	0.06590	0.01695	0.00694	0.00220	0.00315	0.01534	0.00506	0.00444
8	0.01270	0.01080	0.01308	0.01339	0.12052	0.01192	0.00924	0.14163	0.24867	0.02125	0.07222	0.02539	0.17566	0.00871	0.00704	0.00183	0.08684	0.00699	0.00473	0.00739
9	0.00651	0.00553	0.00562	0.00560	0.00741	0.00463	0.00420	0.00796	0.01259	0.01511	0.09397	0.05183	0.73320	0.01366	0.00644	0.00183	0.00275	0.01142	0.00511	0.00463
10	0.06365	0.14529	0.14604	0.01227	0.01624	0.33519	0.01111	0.08617	0.01454	0.01720	0.07129	0.03489	0.01155	0.00622	0.00488	0.00151	0.00746	0.00445	0.00325	0.00682
11	0.01710	0.01260	0.01903	0.02509	0.49518	0.03621	0.01379	0.07862	0.01438	0.21382	0.01331	0.01464	0.00988	0.00550	0.00541	0.00163	0.00607	0.00498	0.00396	0.00878
12	0.00822	0.00570	0.00734	0.00686	0.00829	0.00521	0.00517	0.01068	0.01521	0.04822	0.69072	0.04082	0.10455	0.01119	0.00640	0.00172	0.00266	0.00983	0.00596	0.00525
13	0.00777	0.00530	0.00615	0.00622	0.00641	0.00529	0.00370	0.00807	0.00853	0.01139	0.04048	0.08335	0.05279	0.65965	0.06876	0.00505	0.00551	0.00848	0.00354	0.00357
14	0.01769	0.00974	0.01213	0.00900	0.01354	0.00801	0.00733	0.05076	0.01386	0.36454	0.01521	0.01468	0.01059	0.00538	0.00475	0.00124	0.00439	0.00433	0.00492	0.42790
15	0.00657	0.00529	0.00585	0.00621	0.00757	0.00458	0.00447	0.00788	0.01198	0.01485	0.08442	0.27781	0.51414	0.01465	0.00660	0.00195	0.00287	0.01262	0.00511	0.00458
16	0.01886	0.23027	0.01886	0.01282	0.01611	0.58763	0.01022	0.02035	0.01431	0.01321	0.00821	0.00955	0.00702	0.00537	0.00455	0.00134	0.00879	0.00336	0.00268	0.00650
17	0.03847	0.12804	0.43110	0.01528	0.06589	0.01444	0.03710	0.03003	0.03188	0.03376	0.00978	0.01175	0.00752	0.00579	0.00672	0.00174	0.11627	0.00417	0.00263	0.00764
18	0.01797	0.04622	0.01660	0.01290	0.01678	0.12202	0.05735	0.37991	0.22570	0.02639	0.01460	0.01457	0.01083	0.00645	0.00539	0.00166	0.00626	0.00508	0.00482	0.00848
19	0.00793	0.00529	0.00595	0.00595	0.00595	0.00529	0.00330	0.00793	0.00793	0.01057	0.01718	0.03568	0.01982	0.80840	0.02775	0.00529	0.00529	0.00793	0.00330	0.00330
20	0.01179	0.01303	0.06265	0.01941	0.15800	0.05084	0.32803	0.01504	0.01183	0.01598	0.01408	0.05141	0.03676	0.10315	0.06277	0.00266	0.00797	0.00652	0.02144	0.00666
21	0.00713	0.00533	0.00657	0.00708	0.00808	0.00488	0.00516	0.00865	0.01209	0.01585	0.18883	0.31741	0.23235	0.06165	0.00801	0.00223	0.00327	0.09565	0.00515	0.00462
22	0.21933	0.14036	0.01636	0.20583	0.05185	0.15159	0.03135	0.01794	0.08658	0.01739	0.00992	0.01192	0.00787	0.00540	0.00457	0.00160	0.00647	0.00401	0.00304	0.00662
23	0.01466	0.01441	0.01862	0.01531	0.05016	0.12506	0.21470	0.11057	0.19997	0.02022	0.01394	0.01536	0.01073	0.00718	0.03715	0.00191	0.00708	0.00534	0.03875	0.07887

[dist]
# distance from previous block
# <min> <max>
1	3

[block]
# block no. 3 follows, 44 sequences, length 19
# corresponding to MSA columns:
# 170-188
name=unknown_D
#
# <colnr> <probs for GDERKNQSTAVLIFYWHMCP>
#	G	D	E	R	K	N	Q	S	T	A	V	L	I	F	Y	W	H	M	C	P
0	0.11492	0.01069	0.01513	0.01997	0.36558	0.01121	0.01104	0.06971	0.06315	0.01847	0.01300	0.03997	0.01195	0.14748	0.06265	0.00279	0.00627	0.00562	0.00337	0.00704
1	0.43425	0.01183	0.01112	0.00926	0.01277	0.01332	0.00751	0.25385	0.08164	0.05375	0.01166	0.01302	0.00895	0.04893	0.00562	0.00188	0.00487	0.00422	0.00435	0.00720
2	0.15949	0.01394	0.01445	0.01141	0.01547	0.01551	0.00937	0.53804	0.09320	0.05586	0.01331	0.01325	0.00955	0.00638	0.00511	0.00167	0.00549	0.00472	0.00515	0.00864
3	0.00719	0.00605	0.00703	0.00773	0.06053	0.00529	0.00522	0.00895	0.01304	0.01641	0.19915	0.04736	0.57147	0.01264	0.00637	0.00180	0.00298	0.01071	0.00509	0.00499
4	0.01867	0.01408	0.01486	0.01188	0.01577	0.03686	0.00964	0.50843	0.19002	0.06131	0.05003	0.01611	0.01296	0.00693	0.00551	0.00168	0.00552	0.00540	0.00548	0.00886
5	0.01744	0.01618	0.08310	0.01442	0.01893	0.09005	0.15141	0.29309	0.14905	0.08872	0.01426	0.01467	0.01030	0.00614	0.00558	0.00170	0.00674	0.00525	0.00454	0.00840
6	0.01082	0.01053	0.01669	0.01382	0.01570	0.04644	0.20550	0.01308	0.01065	0.01498	0.01499	0.17878	0.01509	0.01301	0.09734	0.00280	0.22800	0.02118	0.06479	0.00582
7	0.01287	0.01471	0.03217	0.02298	0.02849	0.01379	0.75460	0.01746	0.01287	0.01746	0.01103	0.01471	0.00827	0.00460	0.00643	0.00184	0.00919	0.00643	0.00276	0.00735
8	0.00793	0.00529	0.00595	0.00595	0.00595	0.00529	0.00330	0.00793	0.00793	0.01057	0.01718	0.03568	0.01982	0.80840	0.02775	0.00529	0.00529	0.00793	0.00330	0.00330
9	0.01448	0.31256	0.04585	0.01279	0.07117	0.05099	0.06132	0.02051	0.22364	0.06905	0.01575	0.01593	0.05143	0.00614	0.00483	0.00154	0.00570	0.00492	0.00376	0.00763
10	0.00672	0.00512	0.00618	0.00679	0.00775	0.00459	0.00476	0.00804	0.01180	0.01528	0.14025	0.44414	0.28860	0.01515	0.00671	0.00202	0.00295	0.01337	0.00519	0.00459
11	0.01264	0.00970	0.01203	0.03771	0.11993	0.01032	0.00841	0.21867	0.07019	0.02065	0.01893	0.12964	0.05661	0.14579	0.04467	0.00266	0.00545	0.00737	0.06200	0.00661
12	0.01683	0.01336	0.01379	0.01145	0.01499	0.03939	0.00916	0.36064	0.35203	0.02763	0.01729	0.01668	0.01278	0.00688	0.00537	0.00170	0.00515	0.00543	0.06084	0.00861
13	0.15392	0.20143	0.13480	0.01036	0.01504	0.01351	0.01002	0.05358	0.08120	0.25511	0.01382	0.01348	0.00980	0.00579	0.00463	0.00158	0.00541	0.00427	0.00430	0.00794
14	0.08688	0.21473	0.21328	0.01265	0.01715	0.24839	0.01239	0.04826	0.01275	0.01602	0.00859	0.01020	0.00699	0.00555	0.00548	0.00153	0.06588	0.00360	0.00269	0.00699
15	0.07441	0.31489	0.26194	0.01513	0.07138	0.01616	0.14233	0.01682	0.01148	0.01622	0.00905	0.01098	0.00722	0.00486	0.00465	0.00153	0.00703	0.00401	0.00250	0.00742
16	0.18496	0.01194	0.01562	0.12886	0.01936	0.04331	0.13682	0.06669	0.08149	0.04851	0.01126	0.01303	0.00857	0.00520	0.00485	0.00152	0.00586	0.00444	0.00353	0.20419
17	0.01431	0.01093	0.01195	0.00947	0.01330	0.03838	0.00745	0.11041	0.17043	0.10005	0.03797	0.01671	0.01269	0.06130	0.00643	0.00158	0.00466	0.00483	0.00443	0.36274
18	0.01105	0.00889	0.00965	0.00869	0.01111	0.00936	0.00672	0.12304	0.25763	0.02144	0.16962	0.07463	0.24536	0.01037	0.00604	0.00181	0.00372	0.00874	0.00545	0.00667

[dist]
# distance from previous block
# <min> <max>
0	1

[block]
# block no. 4 follows, 44 sequences, length 6
# corresponding to MSA columns:
# 190-195
name=unknown_E
#
# <colnr> <probs for GDERKNQSTAVLIFYWHMCP>
#	G	D	E	R	K	N	Q	S	T	A	V	L	I	F	Y	W	H	M	C	P
0	0.00781	0.00575	0.00831	0.00831	0.00912	0.00657	0.00625	0.00944	0.00863	0.01232	0.01502	0.02372	0.01463	0.16473	0.66432	0.00820	0.01310	0.00618	0.00298	0.00462
1	0.00797	0.00570	0.00804	0.00804	0.00888	0.00644	0.00603	0.00963	0.00880	0.01283	0.01525	0.02372	0.01468	0.16653	0.60742	0.00768	0.01224	0.00614	0.05936	0.00462
2	0.00780	0.00578	0.00847	0.00847	0.00934	0.00666	0.00645	0.00955	0.00867	0.01244	0.01487	0.02290	0.01427	0.12091	0.70766	0.00840	0.01363	0.00606	0.00296	0.00470
3	0.00904	0.00765	0.01131	0.11345	0.01414	0.00958	0.00879	0.01090	0.00889	0.01278	0.01250	0.01944	0.01181	0.08414	0.46050	0.00620	0.18536	0.00562	0.00276	0.00515
4	0.01493	0.01002	0.01195	0.00885	0.01344	0.00831	0.00714	0.06049	0.05064	0.19014	0.01317	0.01349	0.00979	0.00496	0.00452	0.00111	0.00430	0.00398	0.00427	0.56449
5	0.01264	0.04531	0.01126	0.00941	0.01206	0.01050	0.00748	0.13671	0.24952	0.06262	0.06822	0.08822	0.16008	0.03171	0.00653	0.00194	0.00429	0.06925	0.00525	0.00699

[dist]
# distance from previous block
# <min> <max>
2	7

[block]
# block no. 5 follows, 44 sequences, length 12
# corresponding to MSA columns:
# 203-214
name=unknown_F
#
# <colnr> <probs for GDERKNQSTAVLIFYWHMCP>
#	G	D	E	R	K	N	Q	S	T	A	V	L	I	F	Y	W	H	M	C	P
0	0.01445	0.22698	0.21941	0.01378	0.08800	0.01429	0.03006	0.10255	0.01397	0.10166	0.09587	0.01526	0.01309	0.00608	0.00524	0.00157	0.02161	0.00479	0.00362	0.00772
1	0.08757	0.20116	0.06681	0.01322	0.03902	0.05896	0.06378	0.09688	0.01236	0.01755	0.04660	0.01258	0.00955	0.00677	0.00859	0.00176	0.24252	0.00445	0.00303	0.00685
2	0.00779	0.00533	0.00643	0.00655	0.00673	0.00546	0.00403	0.00819	0.00828	0.01120	0.01790	0.10131	0.02025	0.61455	0.14851	0.00558	0.00660	0.00826	0.00340	0.00366
3	0.01234	0.14640	0.28056	0.01185	0.01623	0.10267	0.01212	0.08437	0.01293	0.01676	0.01527	0.23376	0.01534	0.00862	0.00540	0.00173	0.00634	0.00709	0.00344	0.00678
4	0.01388	0.03811	0.30021	0.05409	0.07411	0.01363	0.05069	0.13177	0.20035	0.04806	0.01381	0.01457	0.01012	0.00594	0.00537	0.00173	0.00655	0.00493	0.00380	0.00831
5	0.01114	0.00780	0.00859	0.00766	0.00894	0.00822	0.00528	0.17356	0.05023	0.01780	0.07032	0.02938	0.01924	0.48657	0.01876	0.00381	0.00503	0.00714	0.05540	0.00512
6	0.00834	0.00655	0.00965	0.00911	0.01018	0.00694	0.05566	0.01027	0.01136	0.01627	0.20040	0.27802	0.02899	0.01770	0.15494	0.00325	0.08425	0.00980	0.07326	0.00508
7	0.01848	0.01222	0.08804	0.09214	0.25042	0.01035	0.01250	0.02148	0.01379	0.40077	0.01583	0.01596	0.01079	0.00590	0.00542	0.00168	0.00577	0.00509	0.00468	0.00866
8	0.06558	0.09048	0.05007	0.04703	0.28405	0.13426	0.12247	0.01893	0.10214	0.01745	0.01105	0.01315	0.00885	0.00527	0.00518	0.00162	0.00703	0.00470	0.00305	0.00766
9	0.00692	0.00524	0.00639	0.00673	0.00782	0.00471	0.00481	0.00852	0.01262	0.01668	0.27297	0.33496	0.26342	0.01421	0.00664	0.00194	0.00285	0.01250	0.00536	0.00471
10	0.00917	0.03888	0.00983	0.00979	0.08487	0.05509	0.03031	0.01140	0.03138	0.01631	0.10386	0.05689	0.42250	0.01075	0.00587	0.00171	0.00390	0.00908	0.08295	0.00548
11	0.01796	0.01477	0.08824	0.01313	0.01746	0.05364	0.10038	0.32304	0.05290	0.16618	0.01577	0.08425	0.01230	0.00714	0.00566	0.00173	0.00620	0.00604	0.00490	0.00831

[dist]
# distance from previous block
# <min> <max>
4	16

[block]
# block no. 6 follows, 44 sequences, length 14
# corresponding to MSA columns:
# 237-250
name=unknown_G
#
# <colnr> <probs for GDERKNQSTAVLIFYWHMCP>
#	G	D	E	R	K	N	Q	S	T	A	V	L	I	F	Y	W	H	M	C	P
0	0.01726	0.01671	0.12908	0.01412	0.07488	0.09649	0.01167	0.26189	0.20313	0.09632	0.01493	0.01485	0.01085	0.00634	0.00538	0.00168	0.00621	0.00499	0.00464	0.00857
1	0.01403	0.01012	0.01143	0.00942	0.01234	0.05752	0.00750	0.06456	0.05810	0.16530	0.17179	0.02321	0.09093	0.00799	0.00677	0.00158	0.09034	0.00626	0.00481	0.18600
2	0.17536	0.00963	0.07538	0.00900	0.01157	0.00845	0.00749	0.08808	0.01259	0.13083	0.02095	0.38544	0.02163	0.01112	0.00574	0.00193	0.00429	0.00952	0.00478	0.00623
3	0.02024	0.11525	0.01704	0.01369	0.08109	0.27620	0.01020	0.15302	0.01651	0.22563	0.01287	0.01297	0.00932	0.00591	0.00503	0.00151	0.00695	0.00434	0.00428	0.00794
4	0.00791	0.00535	0.00629	0.00629	0.00641	0.00547	0.00373	0.00815	0.00803	0.01083	0.01686	0.03393	0.01906	0.71461	0.12051	0.00571	0.00642	0.00767	0.00326	0.00349
5	0.01499	0.17713	0.01914	0.29171	0.04973	0.01402	0.05681	0.12450	0.01403	0.13000	0.01251	0.01593	0.00968	0.00602	0.00521	0.00166	0.00638	0.03961	0.00364	0.00731
6	0.00947	0.00473	0.00710	0.00710	0.00710	0.00473	0.00473	0.00710	0.00710	0.00947	0.00947	0.01657	0.00947	0.01894	0.02131	0.84138	0.00473	0.00473	0.00237	0.00237
7	0.00669	0.00484	0.00633	0.00741	0.00789	0.00448	0.00500	0.00776	0.01086	0.01443	0.07491	0.71068	0.08553	0.01652	0.00689	0.00216	0.00310	0.01491	0.00512	0.00448
8	0.01561	0.16449	0.11479	0.05666	0.01977	0.31516	0.12425	0.01827	0.01281	0.01436	0.00877	0.01105	0.00722	0.00563	0.00628	0.00159	0.08981	0.00411	0.00259	0.00676
9	0.01432	0.38618	0.01990	0.01132	0.07845	0.01449	0.00906	0.01632	0.01134	0.14407	0.01210	0.01428	0.01005	0.01490	0.21724	0.00336	0.00807	0.00432	0.00328	0.00695
10	0.00779	0.00584	0.00876	0.00876	0.00974	0.00681	0.00681	0.00974	0.00876	0.01266	0.01460	0.02142	0.01363	0.04089	0.78680	0.00876	0.01460	0.00584	0.00292	0.00487
11	0.01144	0.01086	0.01843	0.52144	0.30243	0.01241	0.01571	0.01494	0.01144	0.01532	0.00989	0.01416	0.00776	0.00524	0.00543	0.00175	0.00698	0.00485	0.00252	0.00698
12	0.01310	0.01380	0.08372	0.08315	0.02233	0.01212	0.29926	0.14204	0.01429	0.01986	0.01212	0.06457	0.01000	0.00574	0.00561	0.00160	0.00693	0.00576	0.00340	0.18060
13	0.06608	0.00992	0.07574	0.04832	0.01292	0.00821	0.00762	0.09390	0.01392	0.13738	0.03321	0.03202	0.36827	0.00957	0.00568	0.00171	0.00427	0.00779	0.00477	0.05869

[dist]
# distance from previous block
# <min> <max>
0	24

[block]
# block no. 7 follows, 44 sequences, length 32
# corresponding to MSA columns:
# 275-306
name=unknown_H
#
# <colnr> <probs for GDERKNQSTAVLIFYWHMCP>
#	G	D	E	R	K	N	Q	S	T	A	V	L	I	F	Y	W	H	M	C	P
0	0.50848	0.01092	0.01047	0.00864	0.01238	0.01183	0.00712	0.12975	0.01338	0.22257	0.01205	0.01202	0.00839	0.00572	0.00424	0.00168	0.00459	0.00391	0.00457	0.00729
1	0.01199	0.02194	0.46875	0.02290	0.33203	0.01278	0.01874	0.01705	0.01188	0.01749	0.00998	0.01232	0.00762	0.00505	0.00527	0.00168	0.00741	0.00437	0.00246	0.00829
2	0.00780	0.00545	0.00674	0.00648	0.00724	0.00520	0.00439	0.00932	0.01235	0.01722	0.46163	0.03865	0.03845	0.33867	0.01519	0.00318	0.00369	0.00907	0.00489	0.00439
3	0.01218	0.01161	0.01976	0.34643	0.47169	0.01261	0.01608	0.01558	0.01179	0.01622	0.01002	0.01392	0.00807	0.00510	0.00542	0.00170	0.00680	0.00485	0.00259	0.00758
4	0.01203	0.02012	0.33875	0.01953	0.02584	0.01346	0.41937	0.01719	0.01211	0.01719	0.01034	0.01327	0.00766	0.00506	0.00644	0.00182	0.04433	0.00537	0.00255	0.00758
5	0.01093	0.02820	0.78016	0.01554	0.02360	0.01266	0.02014	0.01727	0.01151	0.01727	0.00978	0.01151	0.00691	0.00518	0.00518	0.00173	0.00806	0.00403	0.00230	0.00806
6	0.00681	0.00487	0.00652	0.00779	0.00818	0.00458	0.00536	0.00789	0.01061	0.01411	0.02995	0.74572	0.03569	0.01692	0.00700	0.00224	0.00331	0.07294	0.00506	0.00448
7	0.01257	0.04749	0.30641	0.02588	0.46561	0.01315	0.01774	0.01692	0.01203	0.01743	0.00998	0.01258	0.00793	0.00497	0.00525	0.00164	0.00705	0.00448	0.00254	0.00836
8	0.01148	0.01089	0.01848	0.51424	0.30939	0.01242	0.01573	0.01496	0.01146	0.01536	0.00990	0.01415	0.00777	0.00523	0.00543	0.00174	0.00698	0.00485	0.00252	0.00701
9	0.01037	0.00980	0.01637	0.75825	0.03645	0.01233	0.01499	0.01389	0.01078	0.01389	0.00957	0.01441	0.00726	0.00564	0.00604	0.00184	0.04480	0.00484	0.00242	0.00605
10	0.01109	0.02142	0.48143	0.22102	0.10433	0.01258	0.03987	0.01635	0.01148	0.01646	0.00984	0.01260	0.00722	0.00520	0.00531	0.00174	0.00772	0.00440	0.00239	0.00757
11	0.01644	0.01484	0.01492	0.01218	0.01504	0.14952	0.00979	0.27467	0.01623	0.03584	0.01060	0.01312	0.00874	0.04478	0.00931	0.00183	0.20461	0.00452	0.00379	0.13924
12	0.01107	0.02728	0.72896	0.01605	0.02393	0.01274	0.07041	0.01728	0.01160	0.01728	0.00987	0.01173	0.00700	0.00514	0.00527	0.00173	0.00813	0.00419	0.00233	0.00801
13	0.00779	0.00584	0.00876	0.00876	0.00974	0.00681	0.00681	0.00974	0.00876	0.01266	0.01460	0.02142	0.01363	0.04089	0.78680	0.00876	0.01460	0.00584	0.00292	0.00487
14	0.00803	0.00683	0.00710	0.00691	0.00898	0.00653	0.00532	0.01235	0.16681	0.01647	0.04701	0.04637	0.57663	0.01256	0.00632	0.00188	0.00320	0.05008	0.00516	0.00545
15	0.00814	0.00651	0.00875	0.00994	0.10609	0.00601	0.00638	0.01051	0.01431	0.01959	0.49795	0.04012	0.22312	0.01099	0.00630	0.00173	0.00312	0.00962	0.00535	0.00546
16	0.00838	0.00664	0.00950	0.00920	0.00988	0.00801	0.00707	0.00992	0.00868	0.01253	0.01454	0.05975	0.01450	0.12950	0.53867	0.00705	0.13196	0.00640	0.00299	0.00482
17	0.01281	0.01952	0.31278	0.02508	0.40922	0.05043	0.05805	0.01722	0.01224	0.01737	0.01003	0.01262	0.00787	0.00500	0.00535	0.00166	0.00739	0.00456	0.00256	0.00823
18	0.01339	0.52026	0.02230	0.00887	0.01360	0.01637	0.00829	0.01538	0.01116	0.01462	0.00835	0.00968	0.00739	0.00444	0.00369	0.00104	0.00518	0.00303	0.00266	0.31032
19	0.00778	0.00593	0.00734	0.00726	0.00835	0.00616	0.00527	0.00983	0.05100	0.01348	0.04629	0.03377	0.21956	0.22404	0.32382	0.00547	0.00821	0.00801	0.00381	0.00462
20	0.01026	0.00936	0.01247	0.12397	0.11384	0.01053	0.00955	0.01496	0.15893	0.01661	0.05687	0.02854	0.26098	0.00939	0.00789	0.00190	0.13605	0.00747	0.00407	0.00637
21	0.00755	0.00567	0.00648	0.00621	0.00790	0.00494	0.00468	0.00945	0.01376	0.04255	0.34799	0.04654	0.45176	0.01248	0.00641	0.00178	0.00274	0.01063	0.00550	0.00498
22	0.00780	0.00578	0.00848	0.00848	0.00935	0.00666	0.00646	0.00955	0.00868	0.01244	0.01486	0.02287	0.01426	0.11896	0.70958	0.00841	0.01365	0.00605	0.00296	0.00471
23	0.01182	0.00699	0.00733	0.00686	0.00875	0.00739	0.00526	0.01758	0.20200	0.06308	0.01910	0.02023	0.01462	0.00664	0.00434	0.00144	0.00311	0.00538	0.58187	0.00621
24	0.11777	0.00942	0.01213	0.00941	0.01353	0.00849	0.00777	0.02537	0.01489	0.69266	0.01993	0.01746	0.01263	0.00656	0.00524	0.00169	0.00459	0.00520	0.00636	0.00890
25	0.01356	0.01171	0.01233	0.01109	0.01418	0.01356	0.00863	0.02897	0.76455	0.02281	0.02219	0.02034	0.01664	0.00740	0.00555	0.00185	0.00431	0.00616	0.00555	0.00863
26	0.00934	0.00482	0.00723	0.00723	0.00731	0.00490	0.00490	0.00731	0.00723	0.00972	0.00988	0.01696	0.00980	0.02069	0.08219	0.77516	0.00552	0.00482	0.00241	0.00257
27	0.02037	0.02598	0.01545	0.01404	0.01685	0.78652	0.01053	0.02177	0.01545	0.01334	0.00843	0.00983	0.00702	0.00562	0.00492	0.00140	0.00983	0.00351	0.00281	0.00632
28	0.00772	0.00557	0.00729	0.00686	0.00814	0.00514	0.00514	0.01029	0.01543	0.02186	0.77152	0.04072	0.05144	0.01115	0.00643	0.00171	0.00257	0.00986	0.00600	0.00514
29	0.02037	0.02598	0.01545	0.01404	0.01685	0.78652	0.01053	0.02177	0.01545	0.01334	0.00843	0.00983	0.00702	0.00562	0.00492	0.00140	0.00983	0.00351	0.00281	0.00632
30	0.27380	0.01905	0.01222	0.01126	0.01399	0.46763	0.00855	0.01855	0.01303	0.01683	0.01039	0.09101	0.00965	0.00662	0.00465	0.00157	0.00742	0.00457	0.00321	0.00600
31	0.01355	0.01425	0.02457	0.08394	0.41686	0.06971	0.26208	0.01714	0.01268	0.01709	0.01034	0.01371	0.00830	0.00487	0.00571	0.00169	0.00768	0.00528	0.00271	0.00785

[dist]
# distance from previous block
# <min> <max>
5	8

[block]
# block no. 8 follows, 44 sequences, length 30
# corresponding to MSA columns:
# 316-345
name=unknown_I
#
# <colnr> <probs for GDERKNQSTAVLIFYWHMCP>
#	G	D	E	R	K	N	Q	S	T	A	V	L	I	F	Y	W	H	M	C	P
0	0.03221	0.03948	0.16113	0.01045	0.01545	0.01064	0.00995	0.13035	0.05489	0.08271	0.05564	0.01426	0.01135	0.00550	0.00478	0.00132	0.00516	0.00435	0.00394	0.34643
1	0.00664	0.00474	0.00633	0.00759	0.00791	0.00443	0.00506	0.00759	0.01044	0.01392	0.03005	0.80485	0.03606	0.01708	0.00696	0.00221	0.00316	0.01550	0.00506	0.00443
2	0.01150	0.03000	0.06323	0.40039	0.02675	0.02968	0.03842	0.03793	0.01131	0.01550	0.00942	0.01309	0.00747	0.00572	0.00686	0.00167	0.11602	0.00446	0.00268	0.16790
3	0.01253	0.01448	0.21976	0.05931	0.01693	0.01009	0.01115	0.12258	0.04032	0.07465	0.01595	0.18543	0.01467	0.00795	0.00543	0.00165	0.00547	0.00673	0.00399	0.17092
4	0.00947	0.00473	0.00710	0.00710	0.00710	0.00473	0.00473	0.00710	0.00710	0.00947	0.00947	0.01657	0.00947	0.01894	0.02131	0.84138	0.00473	0.00473	0.00237	0.00237
5	0.00664	0.00474	0.00633	0.00759	0.00791	0.00443	0.00506	0.00759	0.01044	0.01392	0.03005	0.80485	0.03606	0.01708	0.00696	0.00221	0.00316	0.01550	0.00506	0.00443
6	0.08678	0.01047	0.01282	0.00996	0.01399	0.01008	0.00817	0.17597	0.01691	0.53841	0.01853	0.01729	0.01226	0.03538	0.00611	0.00181	0.00491	0.00526	0.00610	0.00880
7	0.01483	0.01151	0.01229	0.14939	0.01710	0.10227	0.00912	0.06074	0.21712	0.11920	0.01629	0.01714	0.01213	0.00656	0.00551	0.00165	0.03334	0.00518	0.18144	0.00717
8	0.17478	0.01251	0.01275	0.01056	0.01414	0.01405	0.00853	0.32561	0.25318	0.04628	0.01538	0.01512	0.01133	0.00652	0.00499	0.00169	0.00489	0.00496	0.05455	0.00818
9	0.01226	0.28996	0.42567	0.01426	0.04775	0.01548	0.06104	0.01669	0.01162	0.01596	0.03609	0.01188	0.00866	0.00517	0.00474	0.00154	0.00712	0.00404	0.00249	0.00757
10	0.01429	0.08826	0.02188	0.06361	0.17451	0.01362	0.21646	0.11627	0.03044	0.06867	0.08447	0.01639	0.01291	0.00605	0.00626	0.00171	0.04725	0.00566	0.00366	0.00763
11	0.01500	0.00964	0.01169	0.00867	0.01311	0.00787	0.00700	0.05854	0.01347	0.21479	0.05981	0.01508	0.01221	0.00531	0.00464	0.00114	0.00421	0.00431	0.00443	0.52908
12	0.01286	0.00964	0.01146	0.00827	0.01304	0.00736	0.00664	0.01524	0.01181	0.10749	0.01108	0.01216	0.00871	0.00436	0.00421	0.00091	0.00411	0.00350	0.00365	0.74351
13	0.01458	0.81168	0.02857	0.00933	0.01399	0.02157	0.00933	0.01632	0.01108	0.01283	0.00758	0.00875	0.00700	0.00466	0.00350	0.00117	0.00583	0.00292	0.00233	0.00700
14	0.00644	0.00552	0.00552	0.00552	0.00736	0.00460	0.00414	0.00782	0.01243	0.01473	0.05523	0.05247	0.77218	0.01381	0.00644	0.00184	0.00276	0.01151	0.00506	0.00460
15	0.00779	0.00584	0.00876	0.00876	0.00974	0.00681	0.00681	0.00974	0.00876	0.01266	0.01460	0.02142	0.01363	0.04089	0.78680	0.00876	0.01460	0.00584	0.00292	0.00487
16	0.02364	0.00910	0.01239	0.00956	0.01364	0.00787	0.00787	0.02577	0.01560	0.74123	0.05814	0.01964	0.01535	0.00696	0.00553	0.00169	0.00454	0.00570	0.00671	0.00908
17	0.00678	0.00554	0.00598	0.00587	0.00757	0.00474	0.00440	0.00847	0.01321	0.01659	0.24221	0.04940	0.58404	0.01311	0.00644	0.00181	0.00271	0.01108	0.00531	0.00474
18	0.68867	0.01030	0.00891	0.00766	0.01119	0.01142	0.00631	0.01805	0.01050	0.16948	0.01027	0.01072	0.00736	0.00539	0.00378	0.00169	0.00430	0.00344	0.00402	0.00655
19	0.00691	0.00494	0.00617	0.00704	0.00742	0.00464	0.00458	0.00769	0.01005	0.01324	0.02939	0.56484	0.09781	0.19493	0.01159	0.00287	0.00361	0.01344	0.00467	0.00419
20	0.01287	0.01471	0.03217	0.02298	0.02849	0.01379	0.75460	0.01746	0.01287	0.01746	0.01103	0.01471	0.00827	0.00460	0.00643	0.00184	0.00919	0.00643	0.00276	0.00735
21	0.01093	0.02820	0.78016	0.01554	0.02360	0.01266	0.02014	0.01727	0.01151	0.01727	0.00978	0.01151	0.00691	0.00518	0.00518	0.00173	0.00806	0.00403	0.00230	0.00806
22	0.00676	0.00508	0.00629	0.00711	0.00794	0.00461	0.00500	0.00800	0.01139	0.01474	0.08245	0.51762	0.23626	0.01573	0.00681	0.00210	0.00311	0.04935	0.00512	0.00455
23	0.01280	0.49689	0.24927	0.01111	0.01640	0.01742	0.01228	0.01593	0.01097	0.01412	0.00895	0.01086	0.00765	0.00853	0.08430	0.00211	0.00739	0.00355	0.00238	0.00709
24	0.01242	0.00975	0.01064	0.00990	0.01207	0.03869	0.00759	0.02109	0.43138	0.04576	0.07027	0.04866	0.01889	0.01069	0.00883	0.16419	0.00451	0.06313	0.00485	0.00671
25	0.01523	0.01227	0.01334	0.01067	0.01470	0.01278	0.00855	0.26237	0.29888	0.02509	0.01550	0.01528	0.01168	0.00612	0.00507	0.00147	0.00478	0.00488	0.00483	0.25650
26	0.01912	0.01001	0.01277	0.01079	0.05091	0.00915	0.00823	0.02388	0.15702	0.43943	0.01863	0.01714	0.01273	0.00622	0.00519	0.00153	0.00454	0.00511	0.00559	0.18200
27	0.04315	0.01713	0.19918	0.05515	0.49672	0.06043	0.01670	0.01704	0.01222	0.01750	0.00992	0.01267	0.00798	0.00501	0.00525	0.00164	0.00700	0.00451	0.00263	0.00816
28	0.02123	0.01092	0.01468	0.01464	0.16116	0.03430	0.00991	0.05064	0.07351	0.52191	0.01867	0.01725	0.01245	0.00639	0.00545	0.00168	0.00518	0.00533	0.00570	0.00901
29	0.00759	0.00597	0.00705	0.00754	0.00910	0.00553	0.00609	0.00988	0.03834	0.01571	0.05947	0.10072	0.41063	0.01419	0.00684	0.00211	0.00367	0.27958	0.00509	0.00490

[dist]
# distance from previous block
# <min> <max>
2	8

[block]
# block no. 9 follows, 44 sequences, length 48
# corresponding to MSA columns:
# 354-401
name=unknown_J
#
# <colnr> <probs for GDERKNQSTAVLIFYWHMCP>
#	G	D	E	R	K	N	Q	S	T	A	V	L	I	F	Y	W	H	M	C	P
0	0.05619	0.01644	0.02172	0.01660	0.02096	0.15700	0.30793	0.21662	0.09219	0.02209	0.01206	0.01366	0.00904	0.00561	0.00566	0.00170	0.00773	0.00529	0.00380	0.00773
1	0.01029	0.05843	0.43399	0.01255	0.01781	0.01069	0.01445	0.01546	0.04614	0.01787	0.13941	0.02611	0.01935	0.00812	0.00577	0.00185	0.00630	0.14487	0.00358	0.00697
2	0.04400	0.01589	0.04544	0.01538	0.01947	0.18068	0.25689	0.02183	0.20158	0.09457	0.01555	0.01633	0.03465	0.00606	0.00564	0.00172	0.00724	0.00560	0.00395	0.00753
3	0.04368	0.01065	0.04944	0.26155	0.16160	0.01037	0.01242	0.01832	0.01280	0.25359	0.01552	0.02044	0.01206	0.00678	0.00560	0.00181	0.00599	0.08575	0.00413	0.00751
4	0.01085	0.00782	0.00914	0.00771	0.01064	0.00684	0.00597	0.04667	0.03632	0.09325	0.02772	0.08867	0.24732	0.03698	0.07632	0.00225	0.00472	0.00751	0.00444	0.26885
5	0.01382	0.49338	0.15078	0.01056	0.01537	0.01677	0.03593	0.01656	0.01209	0.07313	0.10273	0.01408	0.01297	0.00570	0.00439	0.00139	0.00583	0.00427	0.00313	0.00713
6	0.01486	0.01089	0.03888	0.15872	0.14552	0.02309	0.01104	0.05153	0.07096	0.19736	0.01434	0.01609	0.01070	0.01043	0.10951	0.00256	0.00693	0.00501	0.00403	0.09757
7	0.01213	0.01234	0.01858	0.01515	0.01819	0.08672	0.27494	0.01734	0.15101	0.01706	0.01805	0.14106	0.01717	0.00894	0.00710	0.00199	0.05794	0.11374	0.00393	0.00662
8	0.00947	0.00473	0.00710	0.00710	0.00710	0.00473	0.00473	0.00710	0.00710	0.00947	0.00947	0.01657	0.00947	0.01894	0.02131	0.84138	0.00473	0.00473	0.00237	0.00237
9	0.00783	0.00699	0.00677	0.00655	0.00835	0.05292	0.00492	0.00995	0.03728	0.01663	0.22480	0.04599	0.52669	0.01246	0.00632	0.00178	0.00320	0.01045	0.00517	0.00497
10	0.01552	0.29571	0.05690	0.13411	0.02037	0.11150	0.10223	0.06840	0.02642	0.09010	0.01090	0.01301	0.00858	0.00548	0.00485	0.00152	0.00692	0.01705	0.00320	0.00723
11	0.01392	0.01378	0.02010	0.05949	0.58820	0.08428	0.01517	0.01816	0.08473	0.01769	0.01155	0.01473	0.00962	0.00538	0.00541	0.00165	0.00658	0.01828	0.00301	0.00825
12	0.00818	0.00600	0.00793	0.00861	0.00997	0.00576	0.00723	0.01052	0.01318	0.01731	0.19959	0.05541	0.15302	0.01398	0.00711	0.00223	0.00411	0.45964	0.00525	0.00498
13	0.00763	0.00558	0.00735	0.00828	0.00929	0.00530	0.00652	0.00945	0.01208	0.01580	0.10411	0.31522	0.13491	0.01521	0.00708	0.00224	0.00384	0.32021	0.00513	0.00477
14	0.01595	0.17867	0.27027	0.01354	0.01900	0.13157	0.04744	0.20942	0.01581	0.03430	0.01027	0.01140	0.00774	0.00550	0.00494	0.00155	0.00734	0.00410	0.00330	0.00789
15	0.25352	0.01492	0.01392	0.01117	0.01511	0.08633	0.00912	0.48012	0.02009	0.02964	0.01111	0.01160	0.00812	0.00604	0.00482	0.00163	0.00585	0.00423	0.00462	0.00805
16	0.00733	0.00526	0.00699	0.00752	0.00835	0.00493	0.00547	0.00914	0.01283	0.01762	0.35284	0.39730	0.04229	0.01429	0.00679	0.00203	0.00309	0.08569	0.00547	0.00480
17	0.01172	0.01168	0.01560	0.01357	0.01381	0.04610	0.01119	0.01302	0.00869	0.01307	0.00819	0.01310	0.00801	0.01354	0.11919	0.00319	0.66317	0.00486	0.00247	0.00583
18	0.01272	0.13041	0.04324	0.04695	0.21904	0.04707	0.01059	0.01540	0.01175	0.01673	0.00964	0.01177	0.00807	0.00457	0.00445	0.00119	0.00546	0.00376	0.01990	0.37730
19	0.46362	0.22312	0.01540	0.01070	0.08311	0.05809	0.00818	0.01700	0.01070	0.05627	0.00855	0.00978	0.00687	0.00505	0.00378	0.00153	0.00519	0.00327	0.00317	0.00663
20	0.11293	0.08595	0.01119	0.00816	0.01093	0.00864	0.00668	0.01680	0.02922	0.24599	0.34543	0.02748	0.02911	0.00853	0.00552	0.00168	0.00381	0.02971	0.00551	0.00671
21	0.01092	0.06745	0.44344	0.01400	0.04493	0.01129	0.07153	0.01558	0.01235	0.04132	0.12031	0.03394	0.07589	0.00689	0.00550	0.00171	0.00657	0.00585	0.00328	0.00725
22	0.00779	0.00584	0.00876	0.00876	0.00974	0.00681	0.00681	0.00974	0.00876	0.01266	0.01460	0.02142	0.01363	0.04089	0.78680	0.00876	0.01460	0.00584	0.00292	0.00487
23	0.01253	0.05080	0.53591	0.01420	0.02086	0.01356	0.01666	0.09372	0.15176	0.01985	0.01233	0.01320	0.00894	0.00571	0.00522	0.00172	0.00708	0.00447	0.00322	0.00825
24	0.01007	0.01951	0.47799	0.01190	0.01760	0.00970	0.01413	0.01458	0.01221	0.05102	0.07324	0.02521	0.22428	0.00806	0.00563	0.00176	0.00606	0.00657	0.00352	0.00695
25	0.00663	0.00478	0.00629	0.00749	0.00788	0.00444	0.00502	0.00760	0.01054	0.01396	0.03129	0.76767	0.07243	0.01692	0.00693	0.00220	0.00314	0.01530	0.00506	0.00444
26	0.04221	0.00995	0.01541	0.06574	0.09301	0.00991	0.13353	0.01838	0.11660	0.17463	0.06458	0.05117	0.06714	0.00830	0.00601	0.00187	0.00546	0.10421	0.00467	0.00721
27	0.01909	0.01432	0.01543	0.01216	0.01618	0.01596	0.00995	0.61658	0.13200	0.03169	0.01448	0.01452	0.01054	0.00824	0.04125	0.00199	0.00615	0.00513	0.00535	0.00898
28	0.00936	0.00721	0.01004	0.00894	0.01032	0.00772	0.03210	0.01185	0.02606	0.05295	0.45979	0.03252	0.07618	0.01354	0.08673	0.00254	0.13330	0.00834	0.00497	0.00554
29	0.01030	0.00969	0.01635	0.79530	0.03755	0.01211	0.01514	0.01393	0.01090	0.01393	0.00969	0.01453	0.00727	0.00545	0.00545	0.00182	0.00727	0.00484	0.00242	0.00606
30	0.00694	0.00495	0.00665	0.00783	0.00825	0.00472	0.00544	0.00805	0.01051	0.01401	0.02899	0.67896	0.03431	0.04256	0.03449	0.00257	0.00381	0.08757	0.00493	0.00447
31	0.00935	0.04245	0.00907	0.00772	0.00940	0.00672	0.00610	0.04817	0.01528	0.04706	0.57923	0.03874	0.04304	0.01166	0.02709	0.00195	0.00352	0.08226	0.00565	0.00555
32	0.62641	0.01020	0.00926	0.00785	0.01145	0.01110	0.00647	0.01885	0.01097	0.22654	0.01132	0.01146	0.00794	0.00551	0.00394	0.00169	0.00433	0.00363	0.00428	0.00681
33	0.00893	0.00694	0.00847	0.00885	0.01055	0.00699	0.00731	0.01335	0.13879	0.01759	0.10858	0.05041	0.20337	0.01309	0.00683	0.00216	0.00413	0.37290	0.00522	0.00554
34	0.00870	0.00629	0.00886	0.00979	0.01097	0.00626	0.02241	0.01095	0.01202	0.01568	0.02739	0.08334	0.02993	0.09473	0.00952	0.00277	0.00506	0.62565	0.00481	0.00487
35	0.00664	0.00474	0.00633	0.00759	0.00791	0.00443	0.00506	0.00759	0.01044	0.01392	0.03005	0.80485	0.03606	0.01708	0.00696	0.00221	0.00316	0.01550	0.00506	0.00443
36	0.01243	0.01073	0.01125	0.01021	0.01309	0.01214	0.00792	0.02561	0.64494	0.02152	0.02744	0.02545	0.13679	0.00842	0.00569	0.00185	0.00407	0.00701	0.00547	0.00799
37	0.00733	0.00556	0.00675	0.00645	0.00791	0.00498	0.00484	0.00954	0.01452	0.01971	0.55505	0.04427	0.26926	0.01195	0.00643	0.00175	0.00263	0.01036	0.00572	0.00498
38	0.01000	0.00620	0.00704	0.00646	0.00854	0.00534	0.00489	0.01153	0.01296	0.15587	0.11590	0.04379	0.50481	0.07273	0.00789	0.00206	0.00328	0.00996	0.00533	0.00542
39	0.00748	0.00556	0.00696	0.00661	0.00800	0.00504	0.00496	0.00983	0.01487	0.02053	0.63753	0.04292	0.18627	0.01164	0.00643	0.00174	0.00261	0.01017	0.00583	0.00504
40	0.01149	0.01091	0.01852	0.50965	0.31383	0.01243	0.01574	0.01498	0.01147	0.01538	0.00990	0.01414	0.00778	0.00523	0.00543	0.00174	0.00697	0.00485	0.00253	0.00702
41	0.01422	0.01393	0.06002	0.12474	0.42388	0.01365	0.09330	0.15282	0.01466	0.02030	0.01076	0.01358	0.00845	0.00523	0.00551	0.00168	0.00686	0.00499	0.00316	0.00826
42	0.01450	0.01664	0.14829	0.01642	0.02170	0.03777	0.29075	0.18839	0.08801	0.02174	0.01216	0.01385	0.00902	0.00539	0.00563	0.00166	0.00730	0.00524	0.00362	0.09193
43	0.00659	0.00494	0.00612	0.00706	0.00777	0.00447	0.00482	0.00765	0.01095	0.01413	0.03651	0.61172	0.22501	0.01624	0.00683	0.00212	0.00306	0.01447	0.00506	0.00447
44	0.01030	0.00952	0.01569	0.53869	0.10558	0.01161	0.01371	0.01346	0.01054	0.01406	0.01040	0.01541	0.00845	0.01153	0.13600	0.00299	0.05840	0.00501	0.00253	0.00611
45	0.06874	0.01279	0.02068	0.04688	0.05085	0.01221	0.29799	0.14370	0.01428	0.02081	0.01068	0.01299	0.00821	0.00484	0.00528	0.00148	0.00661	0.00487	0.00339	0.25273
46	0.01341	0.01272	0.01855	0.03788	0.13711	0.04511	0.11187	0.12629	0.01261	0.01762	0.01010	0.01389	0.00866	0.01131	0.10702	0.00281	0.29795	0.00511	0.00303	0.00695
47	0.00660	0.00553	0.00574	0.00568	0.00746	0.00467	0.00426	0.00812	0.01279	0.01559	0.14171	0.05105	0.68517	0.01349	0.00644	0.00183	0.00274	0.01131	0.00518	0.00467

[dist]
# distance from previous block
# <min> <max>
0	1

[block]
# block no. 10 follows, 44 sequences, length 11
# corresponding to MSA columns:
# 403-413
name=unknown_K
#
