[name]
unknown

[dist]
# distance from previous block
# <min> <max>
0	71

[block]
# block no. 0 follows, 45 sequences, length 48
# corresponding to MSA columns:
# 76-123
name=unknown_A
#
# <colnr> <probs for GDERKNQSTAVLIFYWHMCP>
#	G	D	E	R	K	N	Q	S	T	A	V	L	I	F	Y	W	H	M	C	P
0	0.00865	0.00618	0.00865	0.00989	0.01112	0.00618	0.00865	0.01112	0.01236	0.01606	0.02842	0.06055	0.03089	0.01483	0.00741	0.00247	0.00494	0.74174	0.00494	0.00494
1	0.01816	0.01392	0.01484	0.01190	0.01579	0.01560	0.00966	0.52670	0.26217	0.03020	0.01575	0.01516	0.01144	0.00671	0.00540	0.00168	0.00538	0.00523	0.00540	0.00893
2	0.01113	0.00954	0.01113	0.00795	0.01272	0.00716	0.00636	0.01352	0.01113	0.01749	0.00954	0.01113	0.00795	0.00398	0.00398	0.00080	0.00398	0.00318	0.00318	0.84417
3	0.01477	0.01627	0.01744	0.09178	0.36652	0.28903	0.01306	0.01713	0.01297	0.01526	0.01128	0.08835	0.01041	0.00626	0.00530	0.00159	0.00731	0.00531	0.00289	0.00707
4	0.01069	0.01508	0.22026	0.47464	0.03200	0.01232	0.12917	0.01511	0.01119	0.01511	0.00977	0.01355	0.00721	0.00517	0.00544	0.00177	0.00765	0.00480	0.00240	0.00668
5	0.00929	0.00473	0.00707	0.00712	0.00717	0.00473	0.00484	0.00717	0.00723	0.00962	0.01016	0.01825	0.01026	0.01848	0.02039	0.80713	0.00467	0.03680	0.00244	0.00244
6	0.00666	0.00522	0.00570	0.00598	0.00711	0.00462	0.00413	0.00767	0.01096	0.01355	0.04171	0.22028	0.46559	0.16414	0.01040	0.00253	0.00328	0.01156	0.00466	0.00425
7	0.01347	0.00709	0.00916	0.00860	0.01052	0.00666	0.00641	0.08566	0.01334	0.26052	0.02530	0.47974	0.02589	0.01258	0.00625	0.00196	0.00385	0.01111	0.00555	0.00634
8	0.00654	0.00467	0.00623	0.00747	0.00779	0.00436	0.00498	0.00747	0.01028	0.01370	0.02959	0.80785	0.03550	0.01682	0.00685	0.00218	0.00311	0.01526	0.00498	0.00436
9	0.00671	0.00474	0.00618	0.00726	0.00753	0.00447	0.00476	0.00752	0.00995	0.01327	0.02792	0.70654	0.03341	0.12099	0.00954	0.00258	0.00339	0.01428	0.00476	0.00421
10	0.00797	0.00546	0.00622	0.00637	0.00786	0.00477	0.00464	0.00934	0.01189	0.07237	0.05832	0.27651	0.43511	0.01358	0.00628	0.00188	0.00296	0.01169	0.05192	0.00486
11	0.00781	0.00520	0.00585	0.00585	0.00585	0.00520	0.00325	0.00781	0.00781	0.01041	0.01691	0.03513	0.01952	0.81135	0.02732	0.00520	0.00520	0.00781	0.00325	0.00325
12	0.00767	0.00575	0.00863	0.00863	0.00959	0.00671	0.00671	0.00959	0.00863	0.01246	0.01438	0.02109	0.01342	0.04026	0.79008	0.00863	0.01438	0.00575	0.00288	0.00479
13	0.01101	0.00641	0.00728	0.00652	0.00895	0.00541	0.00508	0.01256	0.01306	0.21620	0.04565	0.04288	0.57522	0.01177	0.00610	0.00177	0.00321	0.00977	0.00542	0.00574
14	0.02070	0.01200	0.01376	0.01066	0.01461	0.01245	0.00877	0.43000	0.02042	0.29564	0.01625	0.01547	0.01104	0.00650	0.00522	0.00159	0.00511	0.00505	0.08603	0.00874
15	0.00767	0.00575	0.00863	0.00863	0.00959	0.00671	0.00671	0.00959	0.00863	0.01246	0.01438	0.02109	0.01342	0.04026	0.79008	0.00863	0.01438	0.00575	0.00288	0.00479
16	0.00654	0.00467	0.00623	0.00747	0.00779	0.00436	0.00498	0.00747	0.01028	0.01370	0.02959	0.80785	0.03550	0.01682	0.00685	0.00218	0.00311	0.01526	0.00498	0.00436
17	0.00799	0.00559	0.00731	0.00816	0.00883	0.00553	0.00625	0.00939	0.01052	0.01382	0.02497	0.19034	0.02812	0.26922	0.01366	0.00329	0.00469	0.37362	0.00441	0.00430
18	0.00775	0.00525	0.00623	0.00653	0.00671	0.00522	0.00410	0.00816	0.00865	0.01148	0.01983	0.13275	0.02282	0.61991	0.02246	0.00451	0.00492	0.09548	0.00366	0.00359
19	0.84927	0.01038	0.00789	0.00706	0.01038	0.01204	0.00581	0.01578	0.00914	0.02408	0.00747	0.00872	0.00581	0.00498	0.00332	0.00166	0.00415	0.00291	0.00332	0.00581
20	0.02305	0.00937	0.01243	0.00968	0.01373	0.00841	0.00795	0.02639	0.08762	0.70873	0.02124	0.01844	0.01359	0.00671	0.00540	0.00168	0.00454	0.00546	0.00653	0.00907
21	0.02072	0.01197	0.01374	0.01065	0.01460	0.01241	0.00876	0.42649	0.02037	0.29921	0.01629	0.01549	0.01106	0.00650	0.00522	0.00159	0.00510	0.00505	0.08604	0.00874
22	0.00686	0.00546	0.00616	0.00598	0.00757	0.00475	0.00449	0.00871	0.01346	0.01742	0.35337	0.04686	0.47488	0.01251	0.00634	0.00176	0.00264	0.01066	0.00537	0.00475
23	0.00773	0.00552	0.00748	0.00748	0.00804	0.00609	0.00528	0.00885	0.00829	0.01161	0.01543	0.02691	0.01595	0.36018	0.47362	0.00721	0.01057	0.00660	0.00303	0.00415
24	0.00767	0.00575	0.00863	0.00863	0.00959	0.00671	0.00671	0.00959	0.00863	0.01246	0.01438	0.02109	0.01342	0.04026	0.79008	0.00863	0.01438	0.00575	0.00288	0.00479
25	0.01111	0.01077	0.01499	0.01310	0.01330	0.01474	0.01078	0.01276	0.03131	0.01321	0.00946	0.05744	0.00953	0.01271	0.09079	0.00293	0.65723	0.00543	0.00264	0.00576
26	0.00819	0.00783	0.00898	0.00794	0.01008	0.06450	0.07711	0.01005	0.01299	0.01583	0.16676	0.04301	0.52350	0.01168	0.00623	0.00176	0.00382	0.00999	0.00475	0.00501
27	0.01077	0.02777	0.78354	0.01530	0.02323	0.01247	0.01983	0.01700	0.01133	0.01700	0.00963	0.01133	0.00680	0.00510	0.00510	0.00170	0.00793	0.00397	0.00227	0.00793
28	0.01315	0.01413	0.01618	0.08932	0.01676	0.16124	0.01179	0.01459	0.00977	0.01304	0.00752	0.01160	0.00703	0.00828	0.01404	0.00211	0.57658	0.00447	0.00243	0.00595
29	0.46488	0.13758	0.03677	0.12122	0.05827	0.01322	0.00881	0.01639	0.01035	0.07716	0.00901	0.01055	0.00691	0.00509	0.00395	0.00160	0.00510	0.00349	0.00321	0.00647
30	0.00902	0.01320	0.28379	0.01027	0.01360	0.00746	0.01039	0.01193	0.01105	0.05790	0.02336	0.43808	0.06463	0.01189	0.00612	0.00196	0.00489	0.01046	0.00411	0.00591
31	0.01077	0.02777	0.78354	0.01530	0.02323	0.01247	0.01983	0.01700	0.01133	0.01700	0.00963	0.01133	0.00680	0.00510	0.00510	0.00170	0.00793	0.00397	0.00227	0.00793
32	0.01401	0.01152	0.01675	0.05749	0.37463	0.01216	0.01241	0.02110	0.26757	0.09630	0.01535	0.01646	0.01180	0.00739	0.03960	0.00199	0.00586	0.00532	0.00401	0.00829
33	0.01021	0.07834	0.30896	0.01357	0.01834	0.01114	0.15962	0.01407	0.01158	0.01599	0.05335	0.12355	0.10735	0.00800	0.00620	0.00178	0.04106	0.00705	0.00322	0.00660
34	0.01529	0.01130	0.01752	0.32975	0.02583	0.02680	0.13535	0.09618	0.07211	0.19474	0.01373	0.01546	0.00965	0.00579	0.00553	0.00174	0.00656	0.00526	0.00398	0.00744
35	0.00996	0.00935	0.01562	0.76239	0.03562	0.01159	0.01442	0.01344	0.01080	0.01375	0.01158	0.01601	0.04210	0.00574	0.00541	0.00179	0.00695	0.00507	0.00250	0.00590
36	0.06430	0.01165	0.01360	0.01087	0.01465	0.10483	0.05904	0.02396	0.08929	0.48934	0.03443	0.03251	0.01330	0.00663	0.00534	0.00166	0.00537	0.00544	0.00556	0.00823
37	0.01424	0.06668	0.48757	0.01312	0.01948	0.01182	0.01530	0.01983	0.06837	0.19724	0.02713	0.01398	0.00984	0.00570	0.00512	0.00167	0.00664	0.00450	0.00360	0.00815
38	0.01321	0.10172	0.47135	0.01490	0.03343	0.01288	0.10716	0.03772	0.01242	0.11053	0.02808	0.01301	0.00883	0.00533	0.00516	0.00165	0.00724	0.00449	0.00303	0.00787
39	0.00800	0.00614	0.00927	0.12651	0.01341	0.00628	0.04097	0.00961	0.01052	0.03384	0.02505	0.48659	0.06818	0.01635	0.08198	0.01804	0.00515	0.02495	0.00428	0.00488
40	0.01513	0.01171	0.05824	0.09087	0.35529	0.01069	0.05468	0.01823	0.01318	0.21844	0.08640	0.01722	0.01358	0.00592	0.00548	0.00166	0.00583	0.00546	0.00398	0.00801
41	0.01251	0.13737	0.59361	0.01397	0.02103	0.01370	0.01717	0.05892	0.01226	0.05712	0.01011	0.01140	0.00728	0.00518	0.00490	0.00161	0.00733	0.00393	0.00267	0.00791
42	0.01068	0.01060	0.01945	0.63146	0.03505	0.01228	0.17493	0.01446	0.01115	0.01446	0.00982	0.01435	0.00737	0.00519	0.00558	0.00179	0.00756	0.00511	0.00246	0.00624
43	0.00880	0.00736	0.00755	0.00710	0.00903	0.06433	0.02471	0.01036	0.01277	0.06309	0.11649	0.11686	0.50717	0.01236	0.00622	0.00179	0.00355	0.01045	0.00495	0.00505
44	0.01351	0.13424	0.45408	0.04916	0.02066	0.02645	0.04212	0.03129	0.01230	0.12845	0.03152	0.01298	0.00904	0.00543	0.00500	0.00162	0.00698	0.00430	0.00309	0.00776
45	0.00681	0.00555	0.00608	0.00623	0.00790	0.00483	0.00486	0.00845	0.01254	0.01541	0.11967	0.05188	0.59498	0.01353	0.00650	0.00190	0.00303	0.12015	0.00507	0.00464
46	0.01772	0.02177	0.01481	0.01341	0.01560	0.60544	0.01025	0.01912	0.01359	0.01304	0.00865	0.01100	0.00751	0.00918	0.07628	0.00217	0.12786	0.00384	0.00271	0.00604
47	0.01495	0.02195	0.53204	0.01355	0.02026	0.01137	0.01604	0.05335	0.01310	0.23255	0.01302	0.01335	0.00873	0.00559	0.00520	0.00168	0.00690	0.00441	0.00364	0.00833

[dist]
# distance from previous block
# <min> <max>
0	24

[block]
# block no. 1 follows, 45 sequences, length 30
# corresponding to MSA columns:
# 148-177
name=unknown_B
#
# <colnr> <probs for GDERKNQSTAVLIFYWHMCP>
#	G	D	E	R	K	N	Q	S	T	A	V	L	I	F	Y	W	H	M	C	P
0	0.00767	0.00562	0.00793	0.00841	0.00934	0.00598	0.00657	0.00938	0.00993	0.01350	0.02263	0.15946	0.07005	0.05147	0.39373	0.02226	0.00916	0.17844	0.00383	0.00465
1	0.00670	0.00483	0.00638	0.00756	0.00802	0.00451	0.00523	0.00778	0.01054	0.01393	0.03075	0.71020	0.07270	0.01650	0.00687	0.00218	0.00324	0.07268	0.00498	0.00441
2	0.00807	0.00619	0.00754	0.00765	0.00896	0.00610	0.00569	0.01186	0.12333	0.01825	0.31708	0.25610	0.12343	0.01266	0.00643	0.00192	0.00315	0.06487	0.00541	0.00530
3	0.05994	0.13249	0.23810	0.11051	0.28022	0.01398	0.01524	0.05821	0.01217	0.01752	0.00953	0.01189	0.00751	0.00502	0.00488	0.00159	0.00667	0.00417	0.00265	0.00770
4	0.00994	0.01544	0.28218	0.01341	0.01758	0.03354	0.13493	0.01377	0.01043	0.01484	0.01197	0.01626	0.01005	0.02110	0.36444	0.00488	0.01112	0.00516	0.00263	0.00633
5	0.00702	0.00513	0.00659	0.00764	0.00811	0.00497	0.00515	0.00884	0.05882	0.01415	0.02865	0.73029	0.03372	0.04398	0.00748	0.00226	0.00326	0.01441	0.00495	0.00459
6	0.06740	0.07335	0.07063	0.01113	0.01557	0.01371	0.00982	0.38461	0.01924	0.24705	0.02585	0.01419	0.01044	0.00625	0.00511	0.00160	0.00550	0.00475	0.00518	0.00863
7	0.10737	0.32786	0.01761	0.00854	0.01301	0.04062	0.00755	0.01506	0.01096	0.01617	0.00844	0.00981	0.00725	0.00439	0.00372	0.00105	0.00489	0.00304	0.00283	0.38981
8	0.01368	0.08473	0.13259	0.06627	0.38923	0.12518	0.01500	0.01679	0.01200	0.01582	0.00927	0.01201	0.00769	0.00533	0.00607	0.00161	0.07229	0.00430	0.00254	0.00760
9	0.01790	0.32399	0.02010	0.01207	0.01553	0.49913	0.00992	0.01941	0.01358	0.01295	0.00798	0.00928	0.00690	0.00518	0.00431	0.00129	0.00819	0.00324	0.00259	0.00647
10	0.01216	0.01156	0.09783	0.04256	0.02574	0.05006	0.00896	0.04253	0.20957	0.09307	0.14991	0.06161	0.10372	0.01001	0.03782	0.00204	0.00511	0.02409	0.00479	0.00686
11	0.01495	0.01628	0.20454	0.01317	0.01796	0.01327	0.08183	0.22573	0.21705	0.07106	0.05706	0.01640	0.01296	0.00642	0.00547	0.00171	0.00599	0.00539	0.00449	0.00826
12	0.00989	0.00807	0.00911	0.00894	0.01073	0.00873	0.00662	0.01781	0.37226	0.01878	0.10909	0.31019	0.06489	0.01147	0.00611	0.00194	0.00357	0.01007	0.00531	0.00642
13	0.01204	0.01342	0.02857	0.02100	0.04359	0.01256	0.65558	0.01624	0.01278	0.01730	0.05647	0.01800	0.05388	0.00541	0.00631	0.00180	0.00826	0.00677	0.00302	0.00699
14	0.04073	0.15359	0.01933	0.15237	0.02089	0.35322	0.10909	0.01884	0.05572	0.01454	0.00945	0.01150	0.00762	0.00529	0.00488	0.00150	0.00801	0.00410	0.00278	0.00654
15	0.01134	0.06041	0.46503	0.01770	0.17759	0.01239	0.01653	0.01700	0.07152	0.01707	0.01217	0.07547	0.01020	0.00611	0.00523	0.00170	0.00683	0.00514	0.00282	0.00776
16	0.00653	0.00514	0.00589	0.00635	0.00753	0.00451	0.00452	0.00782	0.01171	0.01477	0.10481	0.34814	0.42399	0.01464	0.00654	0.00195	0.00286	0.01274	0.00506	0.00451
17	0.00658	0.00488	0.00602	0.00690	0.00754	0.00445	0.00466	0.00755	0.01057	0.01368	0.03453	0.58282	0.20621	0.06705	0.00805	0.00229	0.00316	0.01387	0.00487	0.00433
18	0.20556	0.05857	0.38301	0.06369	0.06098	0.02873	0.02585	0.01596	0.01123	0.01854	0.07182	0.01326	0.01031	0.00553	0.00475	0.00166	0.00642	0.00426	0.00286	0.00701
19	0.01139	0.01156	0.01657	0.67153	0.04926	0.09984	0.03642	0.01475	0.01133	0.01383	0.00945	0.01377	0.00718	0.00535	0.00533	0.00174	0.00748	0.00467	0.00244	0.00608
20	0.00652	0.00515	0.00587	0.00631	0.00751	0.00451	0.00450	0.00781	0.01173	0.01476	0.10216	0.33674	0.43824	0.01461	0.00653	0.00194	0.00285	0.01269	0.00506	0.00451
21	0.01817	0.25219	0.01939	0.01141	0.01563	0.05815	0.00981	0.45750	0.06476	0.02579	0.01158	0.01188	0.00878	0.00590	0.00478	0.00147	0.00596	0.00425	0.00433	0.00828
22	0.03406	0.52644	0.15120	0.01024	0.01499	0.02908	0.01058	0.02956	0.03620	0.04572	0.01038	0.06121	0.00929	0.00569	0.00414	0.00137	0.00587	0.00410	0.00283	0.00705
23	0.00767	0.00575	0.00863	0.00863	0.00959	0.00671	0.00671	0.00959	0.00863	0.01246	0.01438	0.02109	0.01342	0.04026	0.79008	0.00863	0.01438	0.00575	0.00288	0.00479
24	0.01001	0.00500	0.00500	0.00500	0.00625	0.00500	0.00375	0.01251	0.01126	0.02001	0.01751	0.02001	0.01376	0.00625	0.00375	0.00125	0.00250	0.00500	0.84115	0.00500
25	0.57910	0.15560	0.07299	0.00807	0.01186	0.01328	0.00748	0.01557	0.01002	0.02130	0.05689	0.01092	0.00896	0.00531	0.00368	0.00157	0.00463	0.00342	0.00322	0.00613
26	0.01470	0.01369	0.02137	0.02790	0.56044	0.03755	0.07402	0.14796	0.01465	0.02025	0.01059	0.01320	0.00854	0.00508	0.00539	0.00161	0.00661	0.00487	0.00314	0.00844
27	0.01210	0.01083	0.01544	0.10386	0.19489	0.00982	0.04613	0.05473	0.01218	0.01794	0.00991	0.01225	0.00806	0.00448	0.00463	0.00119	0.00524	0.00397	0.00306	0.46927
28	0.00751	0.00542	0.00710	0.00681	0.00800	0.00501	0.00506	0.00992	0.01480	0.02091	0.71591	0.10099	0.04945	0.01144	0.00637	0.00173	0.00258	0.01015	0.00584	0.00501
29	0.01361	0.01166	0.01229	0.01098	0.01406	0.01347	0.00856	0.05579	0.74047	0.02288	0.02151	0.01976	0.01612	0.00725	0.00546	0.00181	0.00431	0.00602	0.00546	0.00852

[dist]
# distance from previous block
# <min> <max>
2	5

[block]
# block no. 2 follows, 45 sequences, length 237
# corresponding to MSA columns:
# 183-419
name=unknown_C
#
# <colnr> <probs for GDERKNQSTAVLIFYWHMCP>
#	G	D	E	R	K	N	Q	S	T	A	V	L	I	F	Y	W	H	M	C	P
0	0.01146	0.08342	0.50691	0.06543	0.06833	0.01303	0.04044	0.01634	0.01115	0.03480	0.00987	0.01216	0.00745	0.00691	0.04099	0.00201	0.05513	0.00422	0.00245	0.00751
1	0.03152	0.09102	0.01052	0.00840	0.00963	0.03307	0.00650	0.01054	0.00890	0.01240	0.01358	0.02173	0.01340	0.19430	0.47861	0.00652	0.03599	0.00570	0.00289	0.00480
2	0.01066	0.14195	0.49100	0.01244	0.01842	0.01229	0.01486	0.01564	0.03278	0.01696	0.11834	0.01770	0.06204	0.00644	0.00511	0.00163	0.00642	0.00512	0.00304	0.00718
3	0.01110	0.01050	0.08738	0.00853	0.01254	0.00788	0.00750	0.01530	0.11470	0.07610	0.02428	0.02390	0.21755	0.00735	0.00504	0.00137	0.00411	0.00603	0.00415	0.35468
4	0.01104	0.00944	0.01106	0.00797	0.01264	0.00714	0.00637	0.01341	0.01106	0.01736	0.00967	0.01140	0.00810	0.00495	0.02509	0.00101	0.00425	0.00325	0.00317	0.82162
5	0.00761	0.00563	0.00823	0.00831	0.00914	0.00643	0.00629	0.00929	0.00866	0.01236	0.01557	0.07237	0.01537	0.10760	0.67218	0.00791	0.01284	0.00654	0.00304	0.00463
6	0.01128	0.00947	0.01123	0.01142	0.08093	0.01033	0.00799	0.02084	0.42977	0.02168	0.29088	0.02661	0.02796	0.00838	0.00576	0.00175	0.00383	0.00726	0.00537	0.00727
7	0.00932	0.00466	0.00699	0.00699	0.00699	0.00466	0.00466	0.00699	0.00699	0.00932	0.00932	0.01632	0.00932	0.01865	0.02098	0.84382	0.00466	0.00466	0.00233	0.00233
8	0.01508	0.20969	0.01684	0.01091	0.01449	0.07290	0.00904	0.12775	0.42291	0.02096	0.01607	0.01547	0.01234	0.00638	0.00491	0.00159	0.00525	0.00492	0.00448	0.00802
9	0.00781	0.00520	0.00585	0.00585	0.00585	0.00520	0.00325	0.00781	0.00781	0.01041	0.01691	0.03513	0.01952	0.81135	0.02732	0.00520	0.00520	0.00781	0.00325	0.00325
10	0.00767	0.00575	0.00863	0.00863	0.00959	0.00671	0.00671	0.00959	0.00863	0.01246	0.01438	0.02109	0.01342	0.04026	0.79008	0.00863	0.01438	0.00575	0.00288	0.00479
11	0.01174	0.01174	0.01644	0.01409	0.01409	0.01644	0.01174	0.01292	0.00822	0.01292	0.00705	0.01174	0.00705	0.00940	0.01762	0.00235	0.80153	0.00470	0.00235	0.00587
12	0.02135	0.01238	0.01433	0.01111	0.01525	0.01286	0.00914	0.40724	0.07842	0.33503	0.01693	0.01561	0.01137	0.00659	0.00539	0.00165	0.00524	0.00516	0.00589	0.00908
13	0.00766	0.00520	0.00584	0.00590	0.00603	0.00512	0.00338	0.00779	0.00820	0.01081	0.01985	0.06993	0.06830	0.72592	0.02509	0.00486	0.00495	0.00836	0.00344	0.00338
14	0.00776	0.00538	0.00674	0.00674	0.00704	0.00568	0.00435	0.00837	0.00807	0.01106	0.01611	0.03066	0.01757	0.56578	0.27023	0.00629	0.00813	0.00715	0.00313	0.00374
15	0.00781	0.00520	0.00585	0.00585	0.00585	0.00520	0.00325	0.00781	0.00781	0.01041	0.01691	0.03513	0.01952	0.81135	0.02732	0.00520	0.00520	0.00781	0.00325	0.00325
16	0.02297	0.00979	0.01272	0.00988	0.01396	0.00901	0.00812	0.08466	0.07408	0.66374	0.02057	0.01798	0.01320	0.00668	0.00540	0.00167	0.00465	0.00540	0.00645	0.00909
17	0.00781	0.00520	0.00585	0.00585	0.00585	0.00520	0.00325	0.00781	0.00781	0.01041	0.01691	0.03513	0.01952	0.81135	0.02732	0.00520	0.00520	0.00781	0.00325	0.00325
18	0.01112	0.00959	0.01000	0.00918	0.01182	0.01054	0.00709	0.02189	0.52743	0.01992	0.03221	0.03010	0.25820	0.00929	0.00574	0.00182	0.00376	0.00774	0.00531	0.00723
19	0.00745	0.00548	0.00697	0.00660	0.00793	0.00500	0.00495	0.00984	0.01484	0.02068	0.68849	0.04149	0.13772	0.01129	0.00633	0.00170	0.00255	0.00990	0.00580	0.00500
20	0.01081	0.00578	0.00586	0.00557	0.00705	0.00590	0.00425	0.07002	0.01233	0.02108	0.01716	0.01946	0.01340	0.00627	0.00388	0.00128	0.00276	0.00499	0.77684	0.00532
21	0.02041	0.01504	0.01611	0.01235	0.01665	0.01665	0.01020	0.75997	0.02524	0.03383	0.01289	0.01289	0.00913	0.00644	0.00537	0.00161	0.00591	0.00483	0.00537	0.00913
22	0.01335	0.01153	0.01214	0.01092	0.01396	0.01335	0.00850	0.02852	0.76817	0.02245	0.02185	0.02003	0.01639	0.00728	0.00546	0.00182	0.00425	0.00607	0.00546	0.00850
23	0.00737	0.00548	0.00686	0.00651	0.00788	0.00497	0.00488	0.00968	0.01465	0.02023	0.64250	0.04222	0.18399	0.01146	0.00633	0.00171	0.00257	0.01001	0.00574	0.00497
24	0.84927	0.01038	0.00789	0.00706	0.01038	0.01204	0.00581	0.01578	0.00914	0.02408	0.00747	0.00872	0.00581	0.00498	0.00332	0.00166	0.00415	0.00291	0.00332	0.00581
25	0.00767	0.00575	0.00863	0.00863	0.00959	0.00671	0.00671	0.00959	0.00863	0.01246	0.01438	0.02109	0.01342	0.04026	0.79008	0.00863	0.01438	0.00575	0.00288	0.00479
26	0.84927	0.01038	0.00789	0.00706	0.01038	0.01204	0.00581	0.01578	0.00914	0.02408	0.00747	0.00872	0.00581	0.00498	0.00332	0.00166	0.00415	0.00291	0.00332	0.00581
27	0.02005	0.02558	0.01521	0.01383	0.01659	0.78980	0.01037	0.02143	0.01521	0.01314	0.00830	0.00968	0.00691	0.00553	0.00484	0.00138	0.00968	0.00346	0.00277	0.00622
28	0.00655	0.00554	0.00568	0.00574	0.00747	0.00476	0.00427	0.00825	0.03239	0.01465	0.05160	0.10900	0.69833	0.01367	0.00636	0.00184	0.00279	0.01149	0.00500	0.00462
29	0.01920	0.01344	0.01489	0.01167	0.01557	0.01473	0.00958	0.59770	0.04018	0.09713	0.01399	0.01441	0.01013	0.01010	0.08937	0.00237	0.00666	0.00501	0.00522	0.00865
30	0.01113	0.00954	0.01113	0.00795	0.01272	0.00716	0.00636	0.01352	0.01113	0.01749	0.00954	0.01113	0.00795	0.00398	0.00398	0.00080	0.00398	0.00318	0.00318	0.84417
31	0.01424	0.01416	0.01361	0.01213	0.01447	0.15680	0.00953	0.02392	0.46896	0.01872	0.01623	0.01637	0.01267	0.00741	0.00792	0.00185	0.17388	0.00530	0.00431	0.00752
32	0.01557	0.01665	0.01298	0.01185	0.01461	0.31980	0.00901	0.02438	0.42224	0.01821	0.01698	0.06603	0.01386	0.00720	0.00530	0.00167	0.00632	0.00562	0.00437	0.00733
33	0.01052	0.00842	0.00916	0.00869	0.01030	0.00932	0.00619	0.01851	0.40238	0.01707	0.02108	0.12540	0.01992	0.29356	0.01339	0.00307	0.00444	0.00785	0.00462	0.00611
34	0.01525	0.00741	0.00931	0.00801	0.01006	0.00695	0.00585	0.06327	0.01238	0.33457	0.02000	0.12179	0.01822	0.32608	0.01424	0.00312	0.00473	0.00753	0.00502	0.00622
35	0.79656	0.01068	0.00841	0.00740	0.01078	0.01233	0.00609	0.06310	0.01016	0.02470	0.00782	0.00899	0.00602	0.00508	0.00345	0.00166	0.00426	0.00303	0.00345	0.00602
36	0.01034	0.00975	0.01646	0.74977	0.08408	0.01198	0.01501	0.01389	0.01083	0.01396	0.00958	0.01425	0.00724	0.00533	0.00536	0.00178	0.00711	0.00477	0.00240	0.00612
37	0.00752	0.00567	0.00716	0.00799	0.00926	0.00532	0.00650	0.00936	0.01196	0.01514	0.03730	0.18509	0.28060	0.01476	0.00696	0.00220	0.00389	0.37366	0.00496	0.00471
38	0.00704	0.00533	0.00566	0.00565	0.00662	0.00485	0.00372	0.00780	0.01026	0.01275	0.05040	0.04386	0.41530	0.37972	0.01597	0.00337	0.00386	0.00968	0.00421	0.00395
39	0.00876	0.00641	0.00863	0.00968	0.01094	0.00651	0.00820	0.01202	0.07027	0.01627	0.02806	0.14718	0.03033	0.01449	0.00720	0.00239	0.00467	0.59788	0.00499	0.00515
40	0.00637	0.00544	0.00548	0.00547	0.00727	0.00454	0.00410	0.00776	0.01230	0.01466	0.07091	0.05139	0.75906	0.01353	0.00634	0.00181	0.00271	0.01129	0.00501	0.00454
41	0.01218	0.00631	0.00786	0.00700	0.00833	0.00591	0.00480	0.01315	0.01106	0.22098	0.14183	0.03138	0.02291	0.46285	0.01796	0.00367	0.00460	0.00746	0.00460	0.00514
42	0.00767	0.00575	0.00863	0.00863	0.00959	0.00671	0.00671	0.00959	0.00863	0.01246	0.01438	0.02109	0.01342	0.04026	0.79008	0.00863	0.01438	0.00575	0.00288	0.00479
43	0.02209	0.01233	0.01443	0.01107	0.01530	0.01263	0.00914	0.42315	0.02071	0.37705	0.01669	0.01536	0.01104	0.00654	0.00538	0.00163	0.00529	0.00509	0.00595	0.00913
44	0.00698	0.00511	0.00655	0.00694	0.00783	0.00468	0.00492	0.00865	0.01262	0.01718	0.35573	0.39374	0.12130	0.01394	0.00657	0.00193	0.00282	0.01243	0.00538	0.00468
45	0.00644	0.00542	0.00546	0.00546	0.00716	0.00457	0.00403	0.00771	0.01195	0.01424	0.05200	0.05061	0.72760	0.06432	0.00768	0.00203	0.00288	0.01110	0.00487	0.00445
46	0.84927	0.01038	0.00789	0.00706	0.01038	0.01204	0.00581	0.01578	0.00914	0.02408	0.00747	0.00872	0.00581	0.00498	0.00332	0.00166	0.00415	0.00291	0.00332	0.00581
47	0.00641	0.00519	0.00569	0.00609	0.00742	0.00448	0.00437	0.00763	0.01161	0.01425	0.04648	0.29248	0.53996	0.01462	0.00651	0.00193	0.00284	0.01258	0.00498	0.00448
48	0.01113	0.00954	0.01113	0.00795	0.01272	0.00716	0.00636	0.01352	0.01113	0.01749	0.00954	0.01113	0.00795	0.00398	0.00398	0.00080	0.00398	0.00318	0.00318	0.84417
49	0.00747	0.00548	0.00700	0.00662	0.00794	0.00501	0.00497	0.00989	0.01490	0.02083	0.70396	0.04124	0.12215	0.01123	0.00633	0.00170	0.00255	0.00987	0.00582	0.00501
50	0.01941	0.02452	0.01531	0.01385	0.01640	0.73029	0.01048	0.02078	0.01467	0.01312	0.00820	0.00984	0.00692	0.00583	0.00582	0.00146	0.07061	0.00355	0.00273	0.00620
51	0.73504	0.01057	0.00874	0.00757	0.01102	0.01200	0.00624	0.06213	0.01060	0.08297	0.00886	0.00971	0.00659	0.00520	0.00361	0.00166	0.00429	0.00322	0.00370	0.00627
52	0.00690	0.00535	0.00560	0.00560	0.00672	0.00479	0.00376	0.00774	0.01054	0.01294	0.04006	0.04534	0.48679	0.31838	0.01436	0.00311	0.00367	0.00998	0.00432	0.00404
53	0.00694	0.00484	0.00611	0.00696	0.00717	0.00463	0.00443	0.00758	0.00949	0.01265	0.02555	0.56176	0.03041	0.26985	0.01337	0.00314	0.00378	0.01289	0.00443	0.00401
54	0.00781	0.00520	0.00585	0.00585	0.00585	0.00520	0.00325	0.00781	0.00781	0.01041	0.01691	0.03513	0.01952	0.81135	0.02732	0.00520	0.00520	0.00781	0.00325	0.00325
55	0.02408	0.00914	0.01246	0.00955	0.01370	0.00789	0.00789	0.02616	0.01536	0.78158	0.02118	0.01827	0.01329	0.00664	0.00540	0.00166	0.00457	0.00540	0.00664	0.00914
56	0.46297	0.00826	0.00823	0.00778	0.01002	0.00959	0.00622	0.01294	0.00890	0.01875	0.01064	0.01440	0.00930	0.02117	0.36445	0.00486	0.00885	0.00421	0.00312	0.00534
57	0.00676	0.00484	0.00643	0.00732	0.00784	0.00451	0.00500	0.00804	0.01132	0.01536	0.18726	0.64546	0.03871	0.01558	0.00674	0.00208	0.00299	0.01409	0.00518	0.00451
58	0.84927	0.01038	0.00789	0.00706	0.01038	0.01204	0.00581	0.01578	0.00914	0.02408	0.00747	0.00872	0.00581	0.00498	0.00332	0.00166	0.00415	0.00291	0.00332	0.00581
59	0.01176	0.24617	0.57385	0.01360	0.02061	0.01490	0.01688	0.01674	0.01121	0.01579	0.00903	0.01058	0.00682	0.00496	0.00464	0.00155	0.00732	0.00366	0.00227	0.00764
60	0.00760	0.00544	0.00739	0.00753	0.00808	0.00593	0.00531	0.00873	0.00851	0.01187	0.01690	0.11018	0.01793	0.30922	0.43778	0.00673	0.00994	0.00749	0.00323	0.00420
61	0.00819	0.00512	0.00645	0.00645	0.00655	0.00522	0.00399	0.00778	0.00768	0.01034	0.01466	0.02872	0.01621	0.52212	0.10725	0.22430	0.00604	0.00677	0.00297	0.00318
62	0.67463	0.01028	0.00896	0.00766	0.01116	0.01141	0.00632	0.03825	0.01073	0.16364	0.01014	0.01059	0.00728	0.00533	0.00376	0.00166	0.00428	0.00342	0.00399	0.00652
63	0.01138	0.01096	0.01783	0.54116	0.26505	0.03308	0.01527	0.01477	0.01131	0.01488	0.00968	0.01387	0.00756	0.00519	0.00534	0.00172	0.00698	0.00474	0.00248	0.00675
64	0.19012	0.01035	0.01069	0.00968	0.01260	0.01167	0.00769	0.02321	0.45551	0.07052	0.06537	0.02187	0.01717	0.00756	0.00521	0.00182	0.00420	0.06219	0.00507	0.00749
65	0.00779	0.00526	0.00615	0.00615	0.00625	0.00537	0.00362	0.00800	0.00789	0.01063	0.01664	0.03363	0.01886	0.72888	0.10890	0.00557	0.00619	0.00759	0.00321	0.00342
66	0.00957	0.01496	0.29528	0.01184	0.01612	0.00905	0.09052	0.04059	0.01287	0.01785	0.17067	0.08793	0.13580	0.00906	0.00595	0.00181	0.00556	0.05428	0.00394	0.00636
67	0.01609	0.01052	0.01385	0.32189	0.02284	0.05980	0.01084	0.09672	0.01407	0.26778	0.01575	0.08337	0.01229	0.00709	0.00552	0.00175	0.00594	0.02229	0.00440	0.00720
68	0.00755	0.00537	0.00620	0.00650	0.00787	0.00468	0.00468	0.00879	0.01166	0.06296	0.04246	0.34855	0.43453	0.01443	0.00648	0.00195	0.00299	0.01251	0.00509	0.00476
69	0.00793	0.00613	0.00912	0.00897	0.00987	0.00733	0.00703	0.00980	0.00860	0.01249	0.01391	0.02049	0.01301	0.03830	0.74096	0.00823	0.06443	0.00568	0.00284	0.00486
70	0.01055	0.01225	0.12410	0.58548	0.03226	0.01207	0.03558	0.01429	0.01079	0.02790	0.01014	0.03327	0.00793	0.00586	0.00614	0.00182	0.05579	0.00496	0.00251	0.00629
71	0.01025	0.00966	0.01631	0.77028	0.06423	0.01196	0.01497	0.01382	0.01079	0.01386	0.00956	0.01427	0.00721	0.00535	0.00536	0.00178	0.00713	0.00477	0.00240	0.00606
72	0.00767	0.00575	0.00863	0.00863	0.00959	0.00671	0.00671	0.00959	0.00863	0.01246	0.01438	0.02109	0.01342	0.04026	0.79008	0.00863	0.01438	0.00575	0.00288	0.00479
73	0.01329	0.01275	0.02179	0.03295	0.77787	0.01275	0.01647	0.01647	0.01222	0.01754	0.01010	0.01329	0.00850	0.00478	0.00531	0.00159	0.00638	0.00478	0.00266	0.00850
74	0.01602	0.01188	0.01930	0.04085	0.45412	0.01171	0.06570	0.03628	0.06136	0.20784	0.01370	0.01505	0.01015	0.00544	0.00542	0.00164	0.00599	0.00513	0.00388	0.00853
75	0.00778	0.00575	0.00820	0.00815	0.00889	0.00658	0.00608	0.00928	0.00845	0.01204	0.01477	0.02386	0.01458	0.20193	0.61432	0.00778	0.02797	0.00616	0.00294	0.00449
76	0.01329	0.01275	0.02179	0.03295	0.77787	0.01275	0.01647	0.01647	0.01222	0.01754	0.01010	0.01329	0.00850	0.00478	0.00531	0.00159	0.00638	0.00478	0.00266	0.00850
77	0.00749	0.00541	0.00728	0.00845	0.00927	0.00520	0.00660	0.00915	0.01135	0.01483	0.03063	0.41874	0.08047	0.01570	0.00708	0.00229	0.00392	0.34653	0.00496	0.00464
78	0.02022	0.01445	0.01564	0.01209	0.01630	0.01590	0.00996	0.67022	0.06837	0.08071	0.01394	0.01365	0.00982	0.00651	0.00538	0.00163	0.00572	0.00494	0.00546	0.00909
79	0.01751	0.01198	0.01388	0.10622	0.01743	0.03361	0.00968	0.21119	0.26889	0.20830	0.01725	0.01664	0.01222	0.00668	0.00565	0.00172	0.02221	0.00534	0.00522	0.00839
80	0.01674	0.42355	0.02155	0.01130	0.01500	0.35190	0.00965	0.01918	0.06092	0.01347	0.00874	0.00980	0.00750	0.00517	0.00417	0.00129	0.00734	0.00333	0.00270	0.00670
81	0.01396	0.12414	0.01532	0.06921	0.16507	0.01061	0.01012	0.04351	0.01321	0.17834	0.04660	0.02843	0.07679	0.00844	0.00566	0.00178	0.00519	0.17226	0.00435	0.00701
82	0.09574	0.01350	0.01645	0.10218	0.01763	0.12399	0.06369	0.01479	0.00989	0.01444	0.00781	0.01164	0.00700	0.00762	0.01224	0.00204	0.46634	0.00447	0.00253	0.00602
83	0.00780	0.00567	0.00850	0.00850	0.00939	0.00655	0.00655	0.00939	0.00850	0.01222	0.01399	0.02072	0.01310	0.03860	0.73090	0.07290	0.01363	0.00567	0.00283	0.00460
84	0.01025	0.00607	0.00802	0.00720	0.00893	0.00552	0.00552	0.01271	0.01522	0.14365	0.65390	0.03659	0.04465	0.01028	0.00618	0.00168	0.00286	0.00902	0.00603	0.00572
85	0.01113	0.00954	0.01113	0.00795	0.01272	0.00716	0.00636	0.01352	0.01113	0.01749	0.00954	0.01113	0.00795	0.00398	0.00398	0.00080	0.00398	0.00318	0.00318	0.84417
86	0.01097	0.00984	0.01308	0.20507	0.01893	0.00958	0.00920	0.01349	0.01064	0.01594	0.00921	0.01200	0.00763	0.00505	0.00615	0.00125	0.11142	0.00378	0.00287	0.52391
87	0.01227	0.01340	0.02781	0.16632	0.10561	0.01319	0.54655	0.01648	0.01227	0.01659	0.01054	0.01433	0.00800	0.00471	0.00605	0.00178	0.00843	0.00589	0.00265	0.00713
88	0.00679	0.00495	0.00614	0.00685	0.00745	0.00457	0.00460	0.00781	0.01071	0.01410	0.10231	0.50541	0.15262	0.12810	0.00962	0.00250	0.00329	0.01305	0.00483	0.00430
89	0.44848	0.01405	0.01174	0.00982	0.01340	0.11833	0.00796	0.27618	0.01557	0.02601	0.00947	0.01030	0.00712	0.00557	0.00424	0.00161	0.00551	0.00365	0.00396	0.00703
90	0.00691	0.00483	0.00612	0.00700	0.00722	0.00461	0.00448	0.00757	0.00956	0.01274	0.02590	0.58312	0.03085	0.24789	0.01280	0.00306	0.00372	0.01309	0.00448	0.00404
91	0.00642	0.00539	0.00554	0.00561	0.00727	0.00455	0.00414	0.00775	0.01208	0.01452	0.06814	0.09896	0.69646	0.03072	0.00682	0.00191	0.00279	0.01147	0.00497	0.00451
92	0.27999	0.01064	0.01053	0.00932	0.01242	0.01204	0.00739	0.04255	0.40067	0.07148	0.07494	0.01767	0.01526	0.00677	0.00484	0.00174	0.00415	0.00527	0.00489	0.00744
93	0.01405	0.01251	0.02101	0.01604	0.02027	0.01270	0.35254	0.02266	0.32590	0.10114	0.01737	0.01792	0.02724	0.00607	0.00587	0.00180	0.00646	0.00622	0.00432	0.00791
94	0.00676	0.00545	0.00601	0.00587	0.00750	0.00471	0.00440	0.00850	0.01321	0.01681	0.29123	0.04786	0.53739	0.01273	0.00634	0.00177	0.00266	0.01080	0.00529	0.00471
95	0.00712	0.00529	0.00652	0.00657	0.00766	0.00481	0.00472	0.00889	0.01304	0.01764	0.41278	0.20528	0.20146	0.06438	0.00780	0.00205	0.00287	0.01111	0.00534	0.00468
96	0.00643	0.00509	0.00580	0.00637	0.00750	0.00445	0.00449	0.00760	0.01134	0.01413	0.04300	0.39876	0.43594	0.01507	0.00658	0.00198	0.00290	0.01313	0.00498	0.00445
97	0.01655	0.00758	0.01070	0.00913	0.01181	0.00735	0.00735	0.01855	0.01227	0.42855	0.01806	0.01956	0.01335	0.02207	0.36557	0.00486	0.00907	0.00556	0.00491	0.00714
98	0.00662	0.00473	0.00630	0.00742	0.00780	0.00441	0.00499	0.00768	0.01066	0.01430	0.08695	0.74877	0.03667	0.01637	0.00681	0.00214	0.00307	0.01483	0.00505	0.00441
99	0.00654	0.00545	0.00571	0.00564	0.00737	0.00461	0.00423	0.00808	0.01269	0.01559	0.16624	0.04986	0.66314	0.01319	0.00634	0.00179	0.00269	0.01108	0.00513	0.00461
100	0.01113	0.00954	0.01113	0.00795	0.01272	0.00716	0.00636	0.01352	0.01113	0.01749	0.00954	0.01113	0.00795	0.00398	0.00398	0.00080	0.00398	0.00318	0.00318	0.84417
101	0.78577	0.01029	0.00824	0.00725	0.01064	0.01172	0.00597	0.01658	0.00961	0.08237	0.00853	0.00945	0.00639	0.00511	0.00348	0.00166	0.00418	0.00310	0.00358	0.00607
102	0.00661	0.00545	0.00581	0.00572	0.00741	0.00464	0.00429	0.00822	0.01286	0.01599	0.20680	0.04921	0.62234	0.01304	0.00634	0.00179	0.00268	0.01099	0.00518	0.00464
103	0.10012	0.00781	0.00903	0.00776	0.01055	0.00739	0.00615	0.01726	0.08624	0.27961	0.15798	0.03081	0.23911	0.00928	0.00562	0.00172	0.00361	0.00765	0.00558	0.00671
104	0.00699	0.00517	0.00642	0.00688	0.00779	0.00475	0.00490	0.00844	0.01188	0.01574	0.22215	0.34689	0.19621	0.07567	0.00822	0.00223	0.00316	0.05691	0.00508	0.00453
105	0.00781	0.00520	0.00585	0.00585	0.00585	0.00520	0.00325	0.00781	0.00781	0.01041	0.01691	0.03513	0.01952	0.81135	0.02732	0.00520	0.00520	0.00781	0.00325	0.00325
106	0.00644	0.00506	0.00583	0.00645	0.00752	0.00445	0.00453	0.00759	0.01126	0.01410	0.04204	0.42790	0.40741	0.01520	0.00660	0.00200	0.00292	0.01328	0.00498	0.00445
107	0.00712	0.00492	0.00606	0.00673	0.00690	0.00475	0.00419	0.00763	0.00914	0.01219	0.02377	0.45316	0.02816	0.38151	0.01625	0.00357	0.00407	0.01184	0.00419	0.00385
108	0.00990	0.00565	0.00739	0.00760	0.00886	0.00509	0.00544	0.01121	0.01180	0.15896	0.08550	0.52258	0.11081	0.01413	0.00649	0.00201	0.00330	0.01258	0.00536	0.00533
109	0.01113	0.00954	0.01113	0.00795	0.01272	0.00716	0.00636	0.01352	0.01113	0.01749	0.00954	0.01113	0.00795	0.00398	0.00398	0.00080	0.00398	0.00318	0.00318	0.84417
110	0.02243	0.01178	0.01410	0.01081	0.01502	0.01182	0.00893	0.35539	0.01979	0.44609	0.01746	0.01586	0.01142	0.00655	0.00539	0.00164	0.00517	0.00514	0.00607	0.00913
111	0.01007	0.00520	0.00682	0.00683	0.00754	0.00508	0.00484	0.01008	0.00939	0.06713	0.01616	0.10636	0.01566	0.07529	0.01372	0.36740	0.00401	0.05305	0.21146	0.00393
112	0.00735	0.00548	0.00684	0.00650	0.00787	0.00496	0.00487	0.00966	0.01462	0.02016	0.63541	0.04234	0.19113	0.01148	0.00633	0.00171	0.00257	0.01002	0.00573	0.00496
113	0.00781	0.00520	0.00585	0.00585	0.00585	0.00520	0.00325	0.00781	0.00781	0.01041	0.01691	0.03513	0.01952	0.81135	0.02732	0.00520	0.00520	0.00781	0.00325	0.00325
114	0.01590	0.01284	0.01393	0.01225	0.04305	0.01452	0.00941	0.29244	0.47183	0.02638	0.01818	0.01720	0.01347	0.00689	0.00542	0.00174	0.00493	0.00557	0.00533	0.00873
115	0.00767	0.00575	0.00863	0.00863	0.00959	0.00671	0.00671	0.00959	0.00863	0.01246	0.01438	0.02109	0.01342	0.04026	0.79008	0.00863	0.01438	0.00575	0.00288	0.00479
116	0.00781	0.00520	0.00585	0.00585	0.00585	0.00520	0.00325	0.00781	0.00781	0.01041	0.01691	0.03513	0.01952	0.81135	0.02732	0.00520	0.00520	0.00781	0.00325	0.00325
117	0.01077	0.02777	0.78354	0.01530	0.02323	0.01247	0.01983	0.01700	0.01133	0.01700	0.00963	0.01133	0.00680	0.00510	0.00510	0.00170	0.00793	0.00397	0.00227	0.00793
118	0.10143	0.17782	0.08675	0.01896	0.25351	0.11992	0.08151	0.06893	0.01291	0.01769	0.00927	0.01129	0.00755	0.00499	0.00475	0.00151	0.00681	0.00410	0.00283	0.00747
119	0.00932	0.00466	0.00699	0.00699	0.00699	0.00466	0.00466	0.00699	0.00699	0.00932	0.00932	0.01632	0.00932	0.01865	0.02098	0.84382	0.00466	0.00466	0.00233	0.00233
120	0.01272	0.08824	0.01378	0.00905	0.01344	0.01038	0.00749	0.11368	0.01281	0.01892	0.00963	0.01116	0.00795	0.00471	0.00498	0.00104	0.05512	0.00347	0.00334	0.59811
121	0.00767	0.00575	0.00863	0.00863	0.00959	0.00671	0.00671	0.00959	0.00863	0.01246	0.01438	0.02109	0.01342	0.04026	0.79008	0.00863	0.01438	0.00575	0.00288	0.00479
122	0.01858	0.26951	0.01984	0.01127	0.01565	0.01787	0.00982	0.50335	0.02041	0.04717	0.01138	0.01167	0.00853	0.00586	0.00476	0.00146	0.00582	0.00422	0.00443	0.00842
123	0.00728	0.05681	0.00753	0.00635	0.00798	0.00574	0.00483	0.00898	0.01285	0.01652	0.27785	0.13833	0.40478	0.01258	0.00622	0.00178	0.00290	0.01076	0.00511	0.00483
124	0.02099	0.01409	0.01553	0.01190	0.01618	0.01525	0.00983	0.64262	0.02366	0.15341	0.01421	0.01375	0.00979	0.00648	0.00537	0.00162	0.00569	0.00492	0.00557	0.00913
125	0.00709	0.00514	0.00647	0.00678	0.00759	0.00476	0.00471	0.00859	0.01213	0.01648	0.32547	0.33019	0.11879	0.10993	0.00906	0.00231	0.00309	0.01175	0.00514	0.00452
126	0.00767	0.00575	0.00863	0.00863	0.00959	0.00671	0.00671	0.00959	0.00863	0.01246	0.01438	0.02109	0.01342	0.04026	0.79008	0.00863	0.01438	0.00575	0.00288	0.00479
127	0.00768	0.00569	0.00833	0.00833	0.00919	0.00655	0.00634	0.00939	0.00854	0.01224	0.01465	0.02259	0.01407	0.12280	0.70843	0.00826	0.01340	0.00597	0.00292	0.00463
128	0.02150	0.01329	0.01503	0.01152	0.01577	0.01405	0.00952	0.54241	0.02231	0.25552	0.01535	0.01448	0.01036	0.00650	0.00538	0.00163	0.00551	0.00500	0.00575	0.00913
129	0.00773	0.00550	0.00735	0.00735	0.00787	0.00602	0.00512	0.00877	0.00825	0.01152	0.01554	0.02753	0.01622	0.39420	0.43997	0.00706	0.01017	0.00669	0.00305	0.00409
130	0.00750	0.00548	0.00704	0.00665	0.00796	0.00502	0.00499	0.00994	0.01497	0.02099	0.71958	0.04099	0.10644	0.01118	0.00633	0.00170	0.00255	0.00983	0.00584	0.00502
131	0.01335	0.01153	0.01214	0.01092	0.01396	0.01335	0.00850	0.02852	0.76817	0.02245	0.02185	0.02003	0.01639	0.00728	0.00546	0.00182	0.00425	0.00607	0.00546	0.00850
132	0.00997	0.00809	0.00924	0.00928	0.01097	0.00884	0.00689	0.01793	0.37961	0.01809	0.02575	0.38382	0.02594	0.01207	0.00620	0.00202	0.00377	0.04988	0.00521	0.00641
133	0.01429	0.01200	0.01267	0.01111	0.01432	0.01379	0.00872	0.12602	0.66914	0.02397	0.02065	0.01908	0.01542	0.00717	0.00545	0.00179	0.00447	0.00590	0.00545	0.00858
134	0.01335	0.01153	0.01214	0.01092	0.01396	0.01335	0.00850	0.02852	0.76817	0.02245	0.02185	0.02003	0.01639	0.00728	0.00546	0.00182	0.00425	0.00607	0.00546	0.00850
135	0.00634	0.00544	0.00544	0.00544	0.00725	0.00453	0.00408	0.00770	0.01224	0.01450	0.05438	0.05166	0.77569	0.01359	0.00634	0.00181	0.00272	0.01133	0.00498	0.00453
136	0.84927	0.01038	0.00789	0.00706	0.01038	0.01204	0.00581	0.01578	0.00914	0.02408	0.00747	0.00872	0.00581	0.00498	0.00332	0.00166	0.00415	0.00291	0.00332	0.00581
137	0.00781	0.00520	0.00585	0.00585	0.00585	0.00520	0.00325	0.00781	0.00781	0.01041	0.01691	0.03513	0.01952	0.81135	0.02732	0.00520	0.00520	0.00781	0.00325	0.00325
138	0.84927	0.01038	0.00789	0.00706	0.01038	0.01204	0.00581	0.01578	0.00914	0.02408	0.00747	0.00872	0.00581	0.00498	0.00332	0.00166	0.00415	0.00291	0.00332	0.00581
139	0.01435	0.81458	0.02813	0.00918	0.01378	0.02124	0.00918	0.01607	0.01091	0.01263	0.00746	0.00861	0.00689	0.00459	0.00344	0.00115	0.00574	0.00287	0.00230	0.00689
140	0.00771	0.00558	0.00776	0.00776	0.00842	0.00624	0.00563	0.00903	0.00837	0.01182	0.01517	0.02547	0.01532	0.28095	0.55199	0.00756	0.01151	0.00639	0.00299	0.00431
141	0.01245	0.00674	0.00885	0.00769	0.00984	0.00617	0.00599	0.01532	0.04296	0.23563	0.53498	0.03321	0.03886	0.00962	0.00604	0.00169	0.00317	0.00836	0.00610	0.00634
142	0.01510	0.01034	0.01214	0.00905	0.01353	0.00899	0.00732	0.12066	0.05887	0.17061	0.01303	0.01331	0.00967	0.00504	0.00454	0.00114	0.00438	0.00402	0.00430	0.51394
143	0.01420	0.01195	0.01261	0.01110	0.01428	0.01375	0.00870	0.11636	0.67895	0.02382	0.02077	0.01917	0.01551	0.00718	0.00545	0.00180	0.00445	0.00592	0.00545	0.00857
144	0.00781	0.00520	0.00585	0.00585	0.00585	0.00520	0.00325	0.00781	0.00781	0.01041	0.01691	0.03513	0.01952	0.81135	0.02732	0.00520	0.00520	0.00781	0.00325	0.00325
145	0.36181	0.01268	0.04775	0.01476	0.01917	0.01232	0.36873	0.01599	0.01112	0.01990	0.01217	0.01432	0.05593	0.00531	0.00503	0.00174	0.00656	0.00513	0.00310	0.00650
146	0.01637	0.01004	0.01243	0.00981	0.04158	0.00850	0.00760	0.08788	0.01390	0.27202	0.01373	0.01374	0.00985	0.00512	0.00463	0.00119	0.00444	0.00413	0.00451	0.45853
147	0.01738	0.10307	0.01907	0.06384	0.01882	0.24546	0.10266	0.26521	0.01696	0.02050	0.01004	0.01168	0.00783	0.00590	0.00607	0.00159	0.06870	0.00439	0.00352	0.00734
148	0.01267	0.01448	0.03167	0.02262	0.02805	0.01357	0.75837	0.01719	0.01267	0.01719	0.01086	0.01448	0.00814	0.00452	0.00633	0.00181	0.00905	0.00633	0.00271	0.00724
149	0.01112	0.01602	0.27132	0.01148	0.01705	0.00980	0.04645	0.01482	0.01109	0.01703	0.00948	0.01139	0.00752	0.00471	0.00530	0.00124	0.05436	0.00368	0.00280	0.47334
150	0.01184	0.01186	0.06504	0.34335	0.10097	0.01328	0.01352	0.08778	0.01153	0.01591	0.00940	0.01346	0.00767	0.00778	0.02832	0.03306	0.21134	0.00473	0.00270	0.00647
151	0.01118	0.02523	0.65869	0.01648	0.08740	0.01256	0.01867	0.01784	0.06965	0.01747	0.01061	0.01217	0.00768	0.00524	0.00515	0.00170	0.00752	0.00420	0.00255	0.00803
152	0.00781	0.00520	0.00585	0.00585	0.00585	0.00520	0.00325	0.00781	0.00781	0.01041	0.01691	0.03513	0.01952	0.81135	0.02732	0.00520	0.00520	0.00781	0.00325	0.00325
153	0.84927	0.01038	0.00789	0.00706	0.01038	0.01204	0.00581	0.01578	0.00914	0.02408	0.00747	0.00872	0.00581	0.00498	0.00332	0.00166	0.00415	0.00291	0.00332	0.00581
154	0.38202	0.01172	0.01033	0.00891	0.01199	0.07161	0.00707	0.17362	0.06665	0.05398	0.01453	0.04458	0.05673	0.05780	0.00595	0.00189	0.00491	0.00496	0.00416	0.00657
155	0.01027	0.00524	0.00752	0.00755	0.00814	0.00504	0.00533	0.00941	0.00892	0.09328	0.01609	0.18676	0.01666	0.01673	0.01546	0.52223	0.00434	0.05385	0.00352	0.00365
156	0.00779	0.00528	0.00626	0.00626	0.00640	0.00543	0.00376	0.00807	0.00793	0.01071	0.01654	0.03306	0.01862	0.69793	0.13952	0.00571	0.00655	0.00750	0.00320	0.00348
157	0.00908	0.00736	0.00872	0.00808	0.00976	0.00775	0.00619	0.01446	0.20119	0.02000	0.41607	0.05262	0.14567	0.01048	0.00685	0.00179	0.05381	0.00885	0.00541	0.00587
158	0.00763	0.00547	0.00713	0.00678	0.00788	0.00520	0.00497	0.00983	0.01389	0.01963	0.63543	0.03820	0.04450	0.10408	0.06369	0.00257	0.00367	0.00921	0.00539	0.00484
159	0.00767	0.00575	0.00863	0.00863	0.00959	0.00671	0.00671	0.00959	0.00863	0.01246	0.01438	0.02109	0.01342	0.04026	0.79008	0.00863	0.01438	0.00575	0.00288	0.00479
160	0.01256	0.01577	0.12301	0.02390	0.18605	0.01326	0.50968	0.01702	0.01241	0.01724	0.01055	0.01384	0.00805	0.00465	0.00597	0.00175	0.00835	0.00571	0.00265	0.00759
161	0.00716	0.00592	0.00633	0.00615	0.00793	0.00533	0.00463	0.00983	0.07105	0.01665	0.20908	0.04670	0.55910	0.01254	0.00627	0.00179	0.00280	0.01057	0.00522	0.00495
