[name]
unknown

[dist]
# distance from previous block
# <min> <max>
0	227

[block]
# block no. 0 follows, 43 sequences, length 33
# corresponding to MSA columns:
# 227-259
name=unknown_A
#
# <colnr> <probs for GDERKNQSTAVLIFYWHMCP>
#	G	D	E	R	K	N	Q	S	T	A	V	L	I	F	Y	W	H	M	C	P
0	0.00892	0.00637	0.00892	0.01020	0.01147	0.00637	0.00892	0.01147	0.01275	0.01657	0.02932	0.06247	0.03187	0.01530	0.00765	0.00255	0.00510	0.73354	0.00510	0.00510
1	0.00962	0.00481	0.00722	0.00722	0.00722	0.00481	0.00481	0.00722	0.00722	0.00962	0.00962	0.01684	0.00962	0.01924	0.02165	0.83886	0.00481	0.00481	0.00241	0.00241
2	0.03194	0.01519	0.01406	0.01154	0.01492	0.14915	0.00922	0.42163	0.05052	0.02654	0.01633	0.01713	0.06719	0.02642	0.00625	0.00172	0.02887	0.00535	0.07820	0.00783
3	0.01620	0.01825	0.01319	0.01173	0.01428	0.45995	0.05773	0.01814	0.01419	0.01578	0.01564	0.01712	0.08075	0.00661	0.00496	0.00146	0.00738	0.00494	0.21570	0.00600
4	0.00795	0.00543	0.00643	0.00639	0.00671	0.00535	0.00393	0.00861	0.00982	0.01340	0.17923	0.06773	0.02753	0.58194	0.04348	0.00456	0.00495	0.00873	0.00401	0.00385
5	0.01133	0.04888	0.71127	0.01607	0.02401	0.01318	0.06454	0.01753	0.01176	0.01743	0.00996	0.01181	0.00710	0.00521	0.00529	0.00175	0.00819	0.00421	0.00237	0.00811
6	0.01587	0.05095	0.08142	0.01101	0.01589	0.00939	0.08572	0.01871	0.01302	0.25985	0.01457	0.04615	0.01098	0.00571	0.00502	0.00137	0.00525	0.00491	0.00432	0.33989
7	0.01666	0.01236	0.01362	0.01094	0.01436	0.01341	0.00884	0.48469	0.07201	0.03037	0.23708	0.02209	0.02259	0.00809	0.00584	0.00170	0.00495	0.00656	0.00571	0.00813
8	0.01700	0.01283	0.01640	0.01241	0.01667	0.01296	0.10731	0.36187	0.04493	0.08515	0.03050	0.01601	0.01132	0.05934	0.00693	0.00179	0.00584	0.00527	0.00471	0.17075
9	0.01233	0.00974	0.01053	0.04296	0.01254	0.04763	0.00740	0.22016	0.04655	0.02202	0.16083	0.15939	0.11693	0.04968	0.00720	0.00200	0.00457	0.02971	0.03149	0.00636
10	0.01006	0.02277	0.58006	0.01331	0.01983	0.01082	0.01640	0.01531	0.01219	0.01751	0.08296	0.02128	0.13972	0.00727	0.00559	0.00177	0.00680	0.00589	0.00314	0.00734
11	0.01481	0.80869	0.02902	0.00948	0.01421	0.02191	0.00948	0.01658	0.01125	0.01303	0.00770	0.00888	0.00711	0.00474	0.00355	0.00118	0.00592	0.00296	0.00237	0.00711
12	0.01091	0.02725	0.72992	0.01525	0.02302	0.01240	0.01954	0.01711	0.01193	0.01782	0.05599	0.01350	0.00976	0.00563	0.00534	0.00175	0.00785	0.00445	0.00257	0.00801
13	0.01563	0.01282	0.01357	0.01165	0.01511	0.01464	0.00922	0.21391	0.57331	0.02616	0.02018	0.01878	0.01500	0.00729	0.00561	0.00182	0.00482	0.00594	0.00561	0.00893
14	0.00658	0.00549	0.00574	0.00594	0.00757	0.00465	0.00435	0.00791	0.01231	0.01483	0.05209	0.17068	0.65377	0.01455	0.00663	0.00193	0.00287	0.01232	0.00514	0.00465
15	0.11322	0.01279	0.01314	0.01066	0.01408	0.04455	0.00861	0.42879	0.04038	0.02932	0.20526	0.02002	0.02006	0.00765	0.00553	0.00168	0.00511	0.00601	0.00533	0.00781
16	0.23097	0.02069	0.01391	0.01225	0.01549	0.46633	0.00947	0.13515	0.01572	0.01978	0.00909	0.01025	0.00720	0.00571	0.00468	0.00154	0.00792	0.00364	0.00342	0.00678
17	0.01582	0.01093	0.13017	0.00966	0.01337	0.00772	0.00896	0.01878	0.01494	0.35199	0.27484	0.02785	0.05280	0.00862	0.00594	0.00176	0.00449	0.02807	0.00578	0.00751
18	0.00805	0.00537	0.00604	0.00604	0.00604	0.00537	0.00336	0.00805	0.00805	0.01074	0.01745	0.03624	0.02013	0.80536	0.02819	0.00537	0.00537	0.00805	0.00336	0.00336
19	0.01637	0.01127	0.01200	0.00972	0.01271	0.01225	0.00772	0.44712	0.01968	0.02788	0.01519	0.01814	0.01208	0.09946	0.00768	0.00198	0.00497	0.00539	0.25092	0.00745
20	0.01825	0.01477	0.04267	0.01236	0.01649	0.01588	0.01029	0.48338	0.27195	0.03034	0.01628	0.01571	0.01184	0.00689	0.00556	0.00174	0.00560	0.00538	0.00546	0.00916
21	0.01474	0.01462	0.01641	0.47130	0.02949	0.18586	0.01342	0.15476	0.01492	0.01792	0.01021	0.01342	0.00771	0.00578	0.00542	0.00172	0.00772	0.00463	0.00313	0.00683
22	0.63735	0.01271	0.05645	0.00884	0.01274	0.01335	0.00774	0.15625	0.01272	0.02632	0.00891	0.00998	0.00671	0.00543	0.00394	0.00171	0.00487	0.00344	0.00376	0.00678
23	0.00689	0.00540	0.00627	0.00687	0.00802	0.00484	0.00490	0.00844	0.02707	0.01495	0.05709	0.39870	0.37699	0.01542	0.00680	0.00206	0.00310	0.03632	0.00517	0.00470
24	0.00756	0.00521	0.00640	0.00688	0.00707	0.00516	0.00429	0.00807	0.00906	0.01216	0.02211	0.31951	0.02579	0.45498	0.07735	0.00448	0.00528	0.01075	0.00399	0.00390
25	0.01192	0.01173	0.02111	0.42541	0.26897	0.01285	0.13666	0.01564	0.01189	0.01599	0.01025	0.01446	0.00799	0.00520	0.00568	0.00179	0.00745	0.00519	0.00261	0.00720
26	0.00655	0.00561	0.00561	0.00561	0.00748	0.00468	0.00421	0.00795	0.01262	0.01496	0.05610	0.05330	0.76857	0.01403	0.00655	0.00187	0.00281	0.01169	0.00514	0.00468
27	0.01850	0.01455	0.01710	0.01453	0.06816	0.01621	0.04383	0.50986	0.14033	0.02982	0.01411	0.01450	0.01039	0.00677	0.00636	0.00175	0.05395	0.00525	0.00505	0.00898
28	0.02100	0.01717	0.01648	0.01298	0.01717	0.13388	0.01055	0.64109	0.02446	0.03165	0.01258	0.01279	0.00907	0.00650	0.00546	0.00163	0.00669	0.00477	0.00513	0.00896
29	0.03623	0.16579	0.38487	0.04830	0.07135	0.03471	0.06768	0.06241	0.02952	0.03477	0.01030	0.01201	0.00775	0.00529	0.00504	0.00164	0.00736	0.00424	0.00282	0.00790
30	0.01230	0.15300	0.40320	0.04870	0.06086	0.01463	0.19686	0.01727	0.01198	0.01673	0.00990	0.01224	0.00747	0.00502	0.00531	0.00169	0.00798	0.00458	0.00248	0.00778
31	0.02837	0.02010	0.39563	0.01621	0.10720	0.01261	0.03672	0.02024	0.20301	0.03600	0.01430	0.04646	0.01114	0.00628	0.00544	0.00178	0.00663	0.00528	0.00349	0.02310
32	0.00928	0.00680	0.00835	0.00754	0.00925	0.00658	0.00577	0.09654	0.01666	0.02317	0.62926	0.03896	0.09849	0.01097	0.00642	0.00174	0.00303	0.00955	0.00596	0.00567

[dist]
# distance from previous block
# <min> <max>
0	23

[block]
# block no. 1 follows, 43 sequences, length 32
# corresponding to MSA columns:
# 283-314
name=unknown_B
#
# <colnr> <probs for GDERKNQSTAVLIFYWHMCP>
#	G	D	E	R	K	N	Q	S	T	A	V	L	I	F	Y	W	H	M	C	P
0	0.01295	0.02836	0.06201	0.01522	0.10348	0.08192	0.12129	0.04211	0.18658	0.04313	0.02082	0.13734	0.07385	0.00866	0.00599	0.00186	0.00595	0.03697	0.00426	0.00724
1	0.01308	0.01446	0.09600	0.05860	0.42245	0.03862	0.06783	0.02900	0.08201	0.01839	0.04970	0.01654	0.03206	0.00597	0.00601	0.00173	0.03078	0.00547	0.00323	0.00807
2	0.01230	0.05503	0.01219	0.01028	0.01240	0.08930	0.00815	0.06051	0.14903	0.04937	0.01623	0.01950	0.03201	0.02429	0.39371	0.00529	0.03460	0.00563	0.00377	0.00641
3	0.01148	0.00984	0.01148	0.00820	0.01312	0.00738	0.00656	0.01395	0.01148	0.01805	0.00984	0.01148	0.00820	0.00410	0.00410	0.00082	0.00410	0.00328	0.00328	0.83922
4	0.01460	0.11373	0.09868	0.06036	0.01852	0.05271	0.09123	0.07538	0.21292	0.07068	0.04093	0.01590	0.01212	0.00667	0.00675	0.00178	0.09002	0.00528	0.00399	0.00776
5	0.00730	0.00564	0.00666	0.00640	0.00794	0.00500	0.00480	0.00941	0.01440	0.01919	0.47120	0.04634	0.35084	0.01245	0.00654	0.00180	0.00269	0.01071	0.00570	0.00500
6	0.01258	0.01280	0.01810	0.01535	0.04585	0.11781	0.24297	0.06879	0.04439	0.01734	0.01923	0.22560	0.05264	0.00952	0.00683	0.00194	0.03866	0.03918	0.00393	0.00650
7	0.27939	0.01054	0.01183	0.00939	0.01343	0.01053	0.00775	0.10851	0.01504	0.45485	0.01645	0.01514	0.01081	0.00630	0.00490	0.00171	0.00474	0.00470	0.00563	0.00836
8	0.01607	0.01186	0.01305	0.04855	0.01505	0.01267	0.00873	0.45174	0.02055	0.05457	0.02605	0.02554	0.23246	0.00968	0.02615	0.00192	0.00537	0.00700	0.00525	0.00775
9	0.00778	0.00560	0.00729	0.00747	0.00839	0.00537	0.00533	0.02862	0.01318	0.01826	0.37959	0.32856	0.04105	0.05985	0.05525	0.00257	0.00383	0.01171	0.00537	0.00494
10	0.01298	0.01561	0.06906	0.02297	0.02870	0.01395	0.71499	0.01773	0.01300	0.01773	0.01114	0.01478	0.00834	0.00470	0.00647	0.00186	0.00928	0.00642	0.00278	0.00750
11	0.01891	0.02121	0.01396	0.01246	0.01525	0.54424	0.00947	0.11740	0.01635	0.01764	0.01087	0.01231	0.00868	0.00596	0.00487	0.00143	0.00816	0.00404	0.15020	0.00660
12	0.29634	0.01557	0.01480	0.14260	0.13483	0.23134	0.03503	0.01810	0.03240	0.01857	0.00923	0.01146	0.00735	0.00538	0.00470	0.00165	0.00693	0.00398	0.00304	0.00669
13	0.01249	0.01176	0.01911	0.31644	0.40677	0.01291	0.01543	0.01738	0.09956	0.01720	0.01162	0.01492	0.00920	0.00546	0.00552	0.00175	0.00662	0.00509	0.00297	0.00779
14	0.00792	0.00581	0.00765	0.00861	0.00974	0.00555	0.00695	0.00988	0.01239	0.01608	0.08416	0.24603	0.15394	0.01534	0.00725	0.00231	0.00408	0.38623	0.00518	0.00489
15	0.00851	0.00586	0.00733	0.00684	0.00843	0.00527	0.00517	0.01084	0.01505	0.06213	0.57882	0.04261	0.19907	0.01164	0.00648	0.00177	0.00277	0.01012	0.00594	0.00534
16	0.00706	0.00585	0.00622	0.00632	0.00800	0.00519	0.00466	0.00926	0.05444	0.01571	0.09114	0.16328	0.57540	0.01401	0.00657	0.00192	0.00294	0.01190	0.00522	0.00491
17	0.12251	0.01282	0.01428	0.01108	0.01534	0.01346	0.00915	0.41129	0.02049	0.29021	0.01558	0.01470	0.01049	0.00654	0.00529	0.00169	0.00540	0.00495	0.00574	0.00900
18	0.00700	0.00563	0.00624	0.00609	0.00776	0.00487	0.00457	0.00883	0.01370	0.01752	0.30786	0.04908	0.51521	0.01307	0.00654	0.00182	0.00274	0.01110	0.00548	0.00487
19	0.01481	0.80869	0.02902	0.00948	0.01421	0.02191	0.00948	0.01658	0.01125	0.01303	0.00770	0.00888	0.00711	0.00474	0.00355	0.00118	0.00592	0.00296	0.00237	0.00711
20	0.01600	0.01493	0.01866	0.06998	0.36541	0.10807	0.01359	0.18222	0.11639	0.02171	0.01242	0.01416	0.00972	0.00579	0.00546	0.00167	0.00664	0.00496	0.00375	0.00847
21	0.01920	0.01258	0.01415	0.01138	0.01521	0.01348	0.00929	0.39369	0.15564	0.18313	0.05036	0.01932	0.01461	0.00743	0.00567	0.00175	0.00524	0.03806	0.02094	0.00885
22	0.00679	0.00492	0.00642	0.00752	0.00800	0.00455	0.00508	0.00788	0.01103	0.01463	0.07196	0.70545	0.09177	0.01678	0.00700	0.00219	0.00315	0.01514	0.00519	0.00455
23	0.00695	0.00534	0.00601	0.00636	0.00740	0.00478	0.00436	0.00800	0.01128	0.01420	0.07059	0.26767	0.38095	0.16784	0.01088	0.00265	0.00341	0.01210	0.00484	0.00439
24	0.00674	0.00487	0.00638	0.00758	0.00800	0.00451	0.00508	0.00773	0.01073	0.01419	0.03208	0.75615	0.08122	0.01715	0.00704	0.00223	0.00319	0.01550	0.00514	0.00451
25	0.00711	0.00508	0.00684	0.00775	0.00815	0.00504	0.00527	0.00815	0.01001	0.01353	0.02621	0.57436	0.03063	0.10862	0.15176	0.00381	0.00558	0.01310	0.00455	0.00445
26	0.01151	0.04731	0.62513	0.01650	0.02411	0.01311	0.12647	0.01744	0.01188	0.01746	0.01006	0.01208	0.00726	0.00513	0.00537	0.00173	0.00817	0.00439	0.00243	0.03245
27	0.01505	0.77696	0.02848	0.00967	0.01433	0.05279	0.00953	0.01681	0.01143	0.01305	0.00773	0.00893	0.00711	0.00478	0.00361	0.00119	0.00609	0.00299	0.00239	0.00708
28	0.01111	0.02865	0.77667	0.01579	0.02397	0.01286	0.02046	0.01754	0.01169	0.01754	0.00994	0.01169	0.00702	0.00526	0.00526	0.00175	0.00818	0.00409	0.00234	0.00818
29	0.05655	0.00860	0.01132	0.04793	0.16975	0.04001	0.00885	0.01276	0.05674	0.01676	0.06759	0.37646	0.02601	0.01197	0.00631	0.00201	0.00461	0.06539	0.00442	0.00597
30	0.01101	0.00885	0.02762	0.23852	0.01888	0.00924	0.00932	0.03962	0.12185	0.07080	0.28207	0.02857	0.09366	0.00873	0.00599	0.00180	0.00466	0.00754	0.00483	0.00644
31	0.10827	0.05679	0.01066	0.00794	0.01114	0.00838	0.00651	0.01999	0.01345	0.38259	0.02026	0.01963	0.05493	0.00682	0.00477	0.00157	0.00401	0.00535	0.24956	0.00739

[dist]
# distance from previous block
# <min> <max>
0	1

[block]
# block no. 2 follows, 43 sequences, length 51
# corresponding to MSA columns:
# 316-323,325-367
name=unknown_C
#
# <colnr> <probs for GDERKNQSTAVLIFYWHMCP>
#	G	D	E	R	K	N	Q	S	T	A	V	L	I	F	Y	W	H	M	C	P
0	0.01363	0.08103	0.15088	0.02590	0.40539	0.05667	0.15255	0.01748	0.01260	0.01727	0.01016	0.01300	0.00818	0.00497	0.00546	0.00166	0.00750	0.00486	0.00266	0.00817
1	0.20707	0.00779	0.03597	0.00654	0.00891	0.00746	0.00544	0.01532	0.01154	0.09908	0.01572	0.01740	0.01195	0.00614	0.00400	0.00145	0.00341	0.00466	0.52425	0.00591
2	0.01873	0.01714	0.01783	0.01745	0.16292	0.21663	0.05581	0.30417	0.01865	0.06396	0.01200	0.01385	0.00931	0.03900	0.00638	0.00177	0.00730	0.00485	0.00411	0.00814
3	0.00803	0.00543	0.00620	0.00628	0.00659	0.00534	0.00385	0.00849	0.00913	0.01226	0.05220	0.05865	0.07487	0.62626	0.02327	0.00460	0.00491	0.04695	0.03299	0.00371
4	0.00692	0.00510	0.00648	0.00725	0.00799	0.00466	0.00501	0.00826	0.01185	0.01576	0.17104	0.54647	0.15141	0.01573	0.00689	0.00210	0.00304	0.01406	0.00532	0.00466
5	0.07790	0.28777	0.01943	0.01091	0.01506	0.07138	0.00944	0.29100	0.07777	0.04928	0.01181	0.01222	0.00910	0.00589	0.00463	0.00149	0.00590	0.00417	0.02686	0.00800
6	0.01135	0.00640	0.00778	0.00719	0.00828	0.00617	0.00486	0.01265	0.03407	0.15424	0.10749	0.03420	0.02311	0.50689	0.01991	0.00404	0.00488	0.03708	0.00447	0.00494
7	0.37815	0.09509	0.10182	0.00974	0.01362	0.06534	0.00893	0.09278	0.04329	0.02193	0.03041	0.01245	0.00917	0.00822	0.06000	0.00215	0.00614	0.00397	0.03006	0.00674
8	0.01896	0.03291	0.02700	0.04281	0.01572	0.01167	0.03508	0.16722	0.03551	0.33855	0.01641	0.01661	0.01151	0.00897	0.05285	0.00218	0.09632	0.00530	0.05621	0.00821
9	0.01568	0.04988	0.10895	0.01273	0.01662	0.15891	0.04640	0.08345	0.13796	0.08578	0.01359	0.04371	0.01084	0.00669	0.00653	0.00166	0.08531	0.00505	0.00391	0.10635
10	0.00698	0.00563	0.00621	0.00606	0.00774	0.00486	0.00455	0.00878	0.01364	0.01737	0.29309	0.04933	0.53008	0.01313	0.00654	0.00183	0.00274	0.01113	0.00546	0.00486
11	0.01319	0.27586	0.46737	0.01364	0.02023	0.08876	0.01605	0.01767	0.01193	0.01573	0.00910	0.01064	0.00706	0.00514	0.00469	0.00154	0.00764	0.00368	0.00240	0.00768
12	0.01529	0.00739	0.00961	0.02892	0.01132	0.00685	0.00656	0.01814	0.04071	0.32233	0.28041	0.04905	0.02777	0.00863	0.00567	0.00168	0.00365	0.00734	0.14166	0.00702
13	0.00689	0.00550	0.00589	0.00599	0.00737	0.00481	0.00424	0.00812	0.01193	0.01474	0.09846	0.12505	0.52677	0.13777	0.00998	0.00245	0.00323	0.01141	0.00493	0.00449
14	0.05517	0.00946	0.02933	0.00962	0.01341	0.00825	0.00796	0.02397	0.05248	0.58527	0.06310	0.08325	0.01740	0.00788	0.00565	0.00177	0.00452	0.00654	0.00637	0.00859
15	0.00787	0.00582	0.00668	0.00645	0.00820	0.00508	0.00492	0.00977	0.01385	0.04948	0.30694	0.04796	0.45362	0.01281	0.00654	0.00184	0.00291	0.03863	0.00555	0.00509
16	0.03968	0.01540	0.01643	0.01262	0.01703	0.01707	0.01042	0.73569	0.02566	0.03468	0.01317	0.01320	0.00934	0.00661	0.00549	0.00166	0.00605	0.00494	0.00549	0.00934
17	0.01859	0.01329	0.04844	0.01442	0.07731	0.06833	0.09976	0.08571	0.12501	0.30343	0.03893	0.01714	0.01287	0.00648	0.00587	0.00172	0.02145	0.00553	0.00505	0.03069
18	0.01923	0.01486	0.01558	0.01241	0.01648	0.03389	0.01009	0.55564	0.20872	0.03149	0.01549	0.01505	0.01123	0.00684	0.00555	0.00171	0.00576	0.00527	0.00550	0.00919
19	0.84448	0.01071	0.00814	0.00728	0.01071	0.01242	0.00600	0.01628	0.00943	0.02485	0.00771	0.00900	0.00600	0.00514	0.00343	0.00171	0.00428	0.00300	0.00343	0.00600
20	0.01903	0.05680	0.01609	0.01473	0.05823	0.64144	0.01070	0.02082	0.02552	0.01387	0.00928	0.01115	0.00785	0.00824	0.06116	0.00197	0.00990	0.00383	0.00288	0.00651
21	0.00679	0.00518	0.00640	0.00715	0.00803	0.00479	0.00501	0.00799	0.01110	0.01428	0.03731	0.48583	0.27110	0.01857	0.08050	0.00276	0.00418	0.01350	0.00494	0.00460
22	0.00706	0.00567	0.00632	0.00627	0.00794	0.00493	0.00477	0.00888	0.01353	0.01719	0.26456	0.05029	0.51645	0.01330	0.00660	0.00187	0.00288	0.05122	0.00542	0.00486
23	0.00755	0.00554	0.00708	0.00692	0.00816	0.00507	0.00510	0.00981	0.01466	0.02033	0.59124	0.14468	0.12839	0.01243	0.00661	0.00182	0.00271	0.01097	0.00586	0.00507
24	0.01085	0.00596	0.00621	0.00589	0.00741	0.00603	0.00449	0.06579	0.01306	0.02183	0.09269	0.02219	0.01766	0.00695	0.00426	0.00136	0.00284	0.00563	0.69344	0.00547
25	0.69764	0.01041	0.00845	0.00745	0.01076	0.01188	0.00610	0.05647	0.01072	0.04584	0.00939	0.01061	0.00718	0.00540	0.00364	0.00167	0.00423	0.00338	0.08258	0.00620
26	0.00675	0.00482	0.00643	0.00771	0.00803	0.00450	0.00514	0.00771	0.01060	0.01414	0.03053	0.80175	0.03663	0.01735	0.00707	0.00225	0.00321	0.01574	0.00514	0.00450
27	0.01868	0.01488	0.01661	0.08075	0.01895	0.05829	0.04929	0.52161	0.08082	0.02950	0.01355	0.01421	0.00985	0.00646	0.00550	0.00168	0.00631	0.00509	0.03933	0.00864
28	0.01767	0.42771	0.02253	0.01181	0.01563	0.39263	0.01007	0.01928	0.01342	0.01329	0.00812	0.00942	0.00712	0.00521	0.00426	0.00130	0.00790	0.00326	0.00261	0.00677
29	0.84448	0.01071	0.00814	0.00728	0.01071	0.01242	0.00600	0.01628	0.00943	0.02485	0.00771	0.00900	0.00600	0.00514	0.00343	0.00171	0.00428	0.00300	0.00343	0.00600
30	0.01308	0.02177	0.40053	0.01385	0.01951	0.08625	0.01488	0.02270	0.31009	0.01940	0.01482	0.01510	0.01096	0.00620	0.00538	0.00177	0.00684	0.00491	0.00370	0.00825
31	0.00725	0.00587	0.00648	0.00628	0.00801	0.00521	0.00472	0.00961	0.04208	0.01771	0.29397	0.04805	0.49934	0.01287	0.00651	0.00183	0.00280	0.01092	0.00548	0.00502
32	0.01179	0.01051	0.01410	0.01247	0.01320	0.01367	0.01023	0.01492	0.09523	0.03750	0.07831	0.05228	0.01563	0.01010	0.01369	0.00224	0.49853	0.05687	0.03250	0.00623
33	0.51729	0.00908	0.00837	0.00743	0.01031	0.00987	0.00597	0.01556	0.01190	0.09515	0.23574	0.01958	0.02052	0.00715	0.00456	0.00172	0.00383	0.00534	0.00455	0.00609
34	0.00708	0.00533	0.00648	0.00681	0.00786	0.00481	0.00482	0.00864	0.01265	0.01673	0.26528	0.31924	0.25135	0.04759	0.00764	0.00211	0.00300	0.01248	0.00536	0.00473
35	0.01162	0.00977	0.01266	0.01109	0.01189	0.01223	0.00872	0.11480	0.01098	0.01577	0.01229	0.03149	0.01227	0.20835	0.13695	0.00402	0.34677	0.00598	0.01670	0.00566
36	0.00826	0.00652	0.00686	0.00647	0.00855	0.00587	0.00494	0.05082	0.04319	0.03783	0.11764	0.04775	0.60966	0.01291	0.00643	0.00184	0.00308	0.01078	0.00532	0.00528
37	0.01568	0.01345	0.01928	0.10750	0.39942	0.01438	0.01419	0.24994	0.07025	0.02334	0.01213	0.01419	0.00941	0.00573	0.00552	0.00169	0.00636	0.00504	0.00380	0.00869
38	0.84448	0.01071	0.00814	0.00728	0.01071	0.01242	0.00600	0.01628	0.00943	0.02485	0.00771	0.00900	0.00600	0.00514	0.00343	0.00171	0.00428	0.00300	0.00343	0.00600
39	0.01057	0.00757	0.00976	0.00911	0.01065	0.03875	0.03885	0.01266	0.02900	0.10848	0.20835	0.29968	0.07140	0.02448	0.05050	0.00240	0.04646	0.01054	0.00511	0.00568
40	0.00946	0.00857	0.00852	0.00830	0.01010	0.09385	0.00602	0.01155	0.04311	0.01595	0.09641	0.37048	0.13708	0.01242	0.00617	0.00181	0.00406	0.01082	0.00469	0.14063
41	0.00694	0.00503	0.00656	0.00743	0.00804	0.00465	0.00510	0.00825	0.01170	0.01572	0.17206	0.60857	0.08747	0.01599	0.00693	0.00213	0.00307	0.01439	0.00532	0.00465
42	0.00785	0.00528	0.00610	0.00630	0.00635	0.00523	0.00363	0.00800	0.00845	0.01126	0.01947	0.15471	0.02269	0.68341	0.02492	0.00489	0.00504	0.00924	0.00363	0.00353
43	0.01916	0.01753	0.04201	0.01347	0.04074	0.20206	0.01066	0.34912	0.16497	0.06310	0.01416	0.01416	0.01043	0.00650	0.00542	0.00165	0.00673	0.00489	0.00477	0.00850
44	0.00820	0.00627	0.00878	0.00819	0.00962	0.00571	0.05547	0.01000	0.01249	0.02874	0.27312	0.28186	0.10762	0.10228	0.00900	0.00228	0.00370	0.01112	0.00502	0.05050
45	0.04948	0.01504	0.20790	0.01168	0.04643	0.03103	0.01092	0.11915	0.06831	0.11387	0.02406	0.01576	0.01119	0.00608	0.00492	0.00157	0.00542	0.00480	0.19368	0.05873
46	0.00757	0.00564	0.00659	0.00651	0.00803	0.00496	0.00482	0.00939	0.01360	0.03870	0.31965	0.14304	0.38506	0.01323	0.00658	0.00187	0.00284	0.01141	0.00555	0.00499
47	0.01489	0.07748	0.03387	0.06248	0.10844	0.21817	0.26083	0.01789	0.01301	0.01573	0.01014	0.01382	0.00842	0.00569	0.00661	0.00170	0.07245	0.02312	0.00279	0.03245
48	0.01327	0.01076	0.01371	0.01257	0.07538	0.05437	0.07085	0.09733	0.05762	0.08068	0.09652	0.15081	0.02972	0.00853	0.00575	0.00165	0.00509	0.03426	0.00455	0.17656
49	0.01334	0.10157	0.42807	0.01444	0.05114	0.03416	0.01556	0.11326	0.06251	0.01967	0.01095	0.01222	0.00817	0.00542	0.00504	0.00159	0.00703	0.00418	0.00309	0.08859
50	0.01483	0.73178	0.07191	0.01004	0.01490	0.05214	0.01016	0.01686	0.01146	0.01331	0.00786	0.00909	0.00710	0.00481	0.00371	0.00123	0.00622	0.00305	0.00239	0.00714

[dist]
# distance from previous block
# <min> <max>
4	7

[block]
# block no. 3 follows, 43 sequences, length 7
# corresponding to MSA columns:
# 376-382
name=unknown_D
#
# <colnr> <probs for GDERKNQSTAVLIFYWHMCP>
#	G	D	E	R	K	N	Q	S	T	A	V	L	I	F	Y	W	H	M	C	P
0	0.29477	0.01233	0.03277	0.09929	0.07601	0.06376	0.04501	0.04486	0.09573	0.06510	0.04405	0.01552	0.03811	0.00613	0.00485	0.00169	0.00551	0.00481	0.00386	0.04582
1	0.01582	0.01234	0.01328	0.01139	0.01476	0.01389	0.00900	0.22157	0.48631	0.05998	0.02050	0.06432	0.01591	0.00783	0.00569	0.00183	0.00479	0.00644	0.00564	0.00872
2	0.00805	0.00537	0.00604	0.00604	0.00604	0.00537	0.00336	0.00805	0.00805	0.01074	0.01745	0.03624	0.02013	0.80536	0.02819	0.00537	0.00537	0.00805	0.00336	0.00336
3	0.01578	0.00862	0.01177	0.15492	0.01682	0.00859	0.00862	0.01971	0.09262	0.32577	0.20937	0.02572	0.06129	0.00817	0.00586	0.00177	0.00455	0.00695	0.00563	0.00744
4	0.31353	0.10245	0.06661	0.01250	0.07780	0.06245	0.01001	0.25245	0.01575	0.02502	0.00993	0.01100	0.00758	0.00560	0.00451	0.00162	0.00585	0.00390	0.00382	0.00762
5	0.00687	0.00568	0.00606	0.00614	0.00791	0.00488	0.00472	0.00848	0.01289	0.01571	0.11300	0.05314	0.64215	0.01392	0.00664	0.00192	0.00300	0.07692	0.00522	0.00476
6	0.01215	0.01169	0.02162	0.06900	0.02099	0.01251	0.34441	0.01505	0.01111	0.04638	0.01192	0.01781	0.01032	0.11365	0.05025	0.00277	0.18373	0.00613	0.03210	0.00640

[dist]
# distance from previous block
# <min> <max>
2	3

[block]
# block no. 4 follows, 43 sequences, length 18
# corresponding to MSA columns:
# 386-403
name=unknown_E
#
# <colnr> <probs for GDERKNQSTAVLIFYWHMCP>
#	G	D	E	R	K	N	Q	S	T	A	V	L	I	F	Y	W	H	M	C	P
0	0.16393	0.23645	0.05580	0.01171	0.01554	0.35566	0.01001	0.06294	0.01380	0.01688	0.00853	0.00979	0.00706	0.00538	0.00437	0.00144	0.00755	0.00341	0.00296	0.00680
1	0.39384	0.05421	0.05952	0.05871	0.01787	0.09411	0.15320	0.04441	0.01169	0.02055	0.00892	0.01103	0.00696	0.00536	0.00512	0.00172	0.03895	0.00407	0.00311	0.00665
2	0.01228	0.01241	0.05552	0.35141	0.09985	0.02885	0.07165	0.05363	0.07941	0.01702	0.01133	0.01479	0.00883	0.00624	0.00724	0.00186	0.11425	0.00511	0.04136	0.00696
3	0.00796	0.00556	0.00694	0.00694	0.00730	0.00584	0.00451	0.00863	0.00846	0.01153	0.01775	0.03215	0.04006	0.53987	0.26714	0.00639	0.00830	0.00749	0.00328	0.00390
4	0.00785	0.00544	0.00742	0.00783	0.00856	0.00581	0.00568	0.00941	0.00969	0.01402	0.02041	0.26956	0.02163	0.09512	0.37896	0.00557	0.00887	0.00913	0.10434	0.00469
5	0.00827	0.00551	0.00666	0.00685	0.00774	0.00509	0.00463	0.00933	0.01126	0.05759	0.13475	0.28935	0.17018	0.24233	0.01290	0.00298	0.00376	0.01138	0.00486	0.00458
6	0.01263	0.01147	0.01616	0.01340	0.01593	0.01305	0.13554	0.07894	0.26760	0.02004	0.08140	0.10233	0.01791	0.00880	0.00871	0.00200	0.17515	0.00723	0.00444	0.00726
7	0.01198	0.00717	0.00751	0.00702	0.00895	0.00760	0.00539	0.01801	0.21085	0.05950	0.01945	0.02056	0.01489	0.00675	0.00443	0.00147	0.00317	0.00547	0.57351	0.00634
8	0.01641	0.01255	0.01516	0.08353	0.16221	0.06580	0.01085	0.09585	0.25303	0.15814	0.01683	0.01778	0.01266	0.04634	0.00666	0.00192	0.00574	0.00554	0.00471	0.00829
9	0.01810	0.02125	0.01694	0.13326	0.13734	0.50478	0.01237	0.06185	0.01512	0.01557	0.00931	0.01147	0.00756	0.00562	0.00518	0.00154	0.00885	0.00406	0.00293	0.00692
10	0.84448	0.01071	0.00814	0.00728	0.01071	0.01242	0.00600	0.01628	0.00943	0.02485	0.00771	0.00900	0.00600	0.00514	0.00343	0.00171	0.00428	0.00300	0.00343	0.00600
11	0.01742	0.01269	0.01463	0.09468	0.01768	0.01372	0.00988	0.47996	0.02073	0.06601	0.01557	0.12554	0.01320	0.00788	0.00566	0.00171	0.00561	0.00642	0.00507	0.06594
12	0.00726	0.00543	0.00674	0.00686	0.00803	0.00491	0.00497	0.00916	0.01364	0.01842	0.41092	0.24608	0.21020	0.01354	0.00668	0.00191	0.00282	0.01192	0.00563	0.00491
13	0.00847	0.00676	0.00998	0.00965	0.01051	0.00826	0.00762	0.01035	0.00884	0.01292	0.01383	0.02047	0.01297	0.03729	0.68130	0.00804	0.11897	0.00579	0.00289	0.00509
14	0.09619	0.01126	0.01660	0.35706	0.06865	0.01273	0.09020	0.15669	0.01414	0.02049	0.01133	0.01448	0.00854	0.00568	0.00526	0.00173	0.00648	0.00494	0.09060	0.00695
15	0.00695	0.00503	0.00651	0.00739	0.00796	0.00466	0.00502	0.00817	0.01145	0.01535	0.14832	0.60185	0.08928	0.04483	0.00772	0.00226	0.00317	0.01428	0.00523	0.00458
16	0.01555	0.01280	0.01561	0.05202	0.01726	0.03048	0.08834	0.32567	0.19166	0.02557	0.04173	0.08908	0.05295	0.00804	0.00588	0.00180	0.00566	0.00687	0.00502	0.00802
17	0.11620	0.12679	0.26050	0.01045	0.01455	0.01103	0.01093	0.01366	0.01151	0.01731	0.09366	0.18674	0.07069	0.00909	0.00567	0.00180	0.02196	0.00744	0.00366	0.00637

[dist]
# distance from previous block
# <min> <max>
0	1

[block]
# block no. 5 follows, 43 sequences, length 6
# corresponding to MSA columns:
# 405-410
name=unknown_F
#
# <colnr> <probs for GDERKNQSTAVLIFYWHMCP>
#	G	D	E	R	K	N	Q	S	T	A	V	L	I	F	Y	W	H	M	C	P
0	0.01620	0.62398	0.02587	0.01061	0.01490	0.20165	0.00977	0.01789	0.01230	0.01315	0.00790	0.00914	0.00711	0.00497	0.00389	0.00124	0.00688	0.00310	0.00248	0.00695
1	0.01111	0.02865	0.77667	0.01579	0.02397	0.01286	0.02046	0.01754	0.01169	0.01754	0.00994	0.01169	0.00702	0.00526	0.00526	0.00175	0.00818	0.00409	0.00234	0.00818
2	0.06618	0.06117	0.03824	0.03338	0.03885	0.04587	0.00978	0.23918	0.11115	0.24800	0.01574	0.01516	0.01101	0.00637	0.00524	0.00165	0.00557	0.00494	0.00517	0.03736
3	0.01519	0.01451	0.07374	0.01849	0.21058	0.07991	0.08934	0.09823	0.06000	0.08692	0.01274	0.01495	0.00995	0.02684	0.02546	0.00191	0.04538	0.00503	0.03333	0.07751
4	0.00679	0.00512	0.00628	0.00704	0.00790	0.00462	0.00488	0.00803	0.01165	0.01512	0.10641	0.51777	0.24662	0.01584	0.00687	0.00209	0.00304	0.01406	0.00523	0.00462
5	0.01240	0.05483	0.43294	0.01287	0.01844	0.08271	0.01453	0.01686	0.01308	0.07647	0.15679	0.05283	0.01754	0.00710	0.00551	0.00172	0.00670	0.00576	0.00358	0.00734

[dist]
# distance from previous block
# <min> <max>
9	17

[block]
# block no. 6 follows, 43 sequences, length 13
# corresponding to MSA columns:
# 429-441
name=unknown_G
#
# <colnr> <probs for GDERKNQSTAVLIFYWHMCP>
#	G	D	E	R	K	N	Q	S	T	A	V	L	I	F	Y	W	H	M	C	P
0	0.03269	0.08415	0.05878	0.01606	0.10841	0.09525	0.13303	0.08089	0.08169	0.18596	0.01496	0.01741	0.01144	0.00636	0.00555	0.00171	0.00665	0.04668	0.00425	0.00806
1	0.00906	0.00706	0.00822	0.00801	0.00954	0.00712	0.00607	0.08685	0.04341	0.01743	0.08856	0.20661	0.28353	0.06825	0.02974	0.00243	0.03783	0.06997	0.00497	0.00535
2	0.00995	0.00801	0.04173	0.00839	0.01017	0.00717	0.00641	0.11527	0.01302	0.03658	0.05580	0.34556	0.10284	0.13400	0.02955	0.00263	0.00449	0.01067	0.00473	0.05304
3	0.06175	0.18711	0.15023	0.04395	0.05824	0.07028	0.12690	0.04393	0.01274	0.06998	0.01270	0.01425	0.04734	0.00578	0.00546	0.00160	0.03295	0.00472	0.00317	0.04690
4	0.01458	0.23833	0.01596	0.00941	0.01232	0.05647	0.00793	0.07325	0.03420	0.12324	0.01545	0.01816	0.04370	0.07032	0.12058	0.00286	0.04399	0.00511	0.08746	0.00668
5	0.01310	0.00727	0.00933	0.00811	0.01044	0.00678	0.00632	0.01669	0.08117	0.23359	0.46976	0.03360	0.06130	0.00982	0.00618	0.00175	0.00337	0.00849	0.00624	0.00670
6	0.08858	0.01246	0.01476	0.01220	0.01527	0.05295	0.08207	0.12322	0.24705	0.08177	0.06727	0.01774	0.01446	0.00724	0.00698	0.00183	0.10059	0.00567	0.04023	0.00769
7	0.00797	0.00586	0.00683	0.00686	0.00817	0.00566	0.00502	0.03717	0.01186	0.01590	0.07918	0.15688	0.30791	0.08558	0.14408	0.00338	0.00528	0.00996	0.09162	0.00485
8	0.01326	0.06528	0.30154	0.04522	0.19360	0.06354	0.11930	0.03766	0.07405	0.01798	0.01113	0.01321	0.00851	0.00533	0.00542	0.00170	0.00758	0.00476	0.00289	0.00806
9	0.01119	0.01059	0.01794	0.62082	0.20364	0.01250	0.01575	0.01479	0.01142	0.01504	0.00997	0.01453	0.00770	0.00540	0.00552	0.00180	0.00720	0.00492	0.00252	0.00674
10	0.00759	0.00591	0.00700	0.00749	0.00863	0.00566	0.00531	0.01049	0.09598	0.01618	0.11030	0.44146	0.22785	0.01477	0.00672	0.00206	0.00318	0.01304	0.00529	0.00510
11	0.01128	0.04956	0.01004	0.00820	0.01026	0.00899	0.00630	0.19454	0.01488	0.01958	0.07007	0.09517	0.20700	0.17394	0.02374	0.00265	0.00465	0.04712	0.03624	0.00578
12	0.19671	0.01590	0.13913	0.01478	0.13065	0.07483	0.01161	0.16398	0.05690	0.07653	0.01238	0.01410	0.00942	0.00601	0.00497	0.00169	0.00608	0.02099	0.03551	0.00784

[dist]
# distance from previous block
# <min> <max>
0	1

[block]
# block no. 7 follows, 43 sequences, length 17
# corresponding to MSA columns:
# 443-459
name=unknown_H
#
# <colnr> <probs for GDERKNQSTAVLIFYWHMCP>
#	G	D	E	R	K	N	Q	S	T	A	V	L	I	F	Y	W	H	M	C	P
0	0.29996	0.04161	0.06577	0.03950	0.19671	0.01146	0.01001	0.04086	0.01187	0.02042	0.05316	0.03841	0.09667	0.00674	0.00484	0.00167	0.00505	0.00536	0.00356	0.04638
1	0.03409	0.01063	0.01723	0.35260	0.13450	0.01175	0.08931	0.04063	0.01198	0.01652	0.03187	0.04579	0.04641	0.02248	0.00680	0.00186	0.05263	0.00583	0.00306	0.06403
2	0.22456	0.00999	0.01002	0.05048	0.01237	0.03768	0.00681	0.14587	0.01324	0.06834	0.01773	0.05097	0.08636	0.19677	0.01046	0.00257	0.00507	0.00618	0.00416	0.04040
3	0.04145	0.00997	0.04117	0.11726	0.07546	0.02793	0.02576	0.09801	0.03381	0.05532	0.05087	0.30140	0.03662	0.01032	0.00601	0.00188	0.00502	0.00909	0.00440	0.04825
4	0.08488	0.17920	0.07179	0.04092	0.04384	0.12996	0.09379	0.13316	0.03890	0.07909	0.01181	0.03401	0.00935	0.00591	0.00499	0.00159	0.00676	0.00469	0.01783	0.00754
5	0.01493	0.07478	0.12226	0.04362	0.09081	0.22195	0.01140	0.07672	0.01389	0.01754	0.01065	0.03997	0.00897	0.00563	0.00487	0.00139	0.00686	0.00431	0.02556	0.20387
6	0.00704	0.00555	0.00635	0.00632	0.00783	0.00486	0.00468	0.00883	0.01352	0.01750	0.31135	0.12792	0.43178	0.01340	0.00660	0.00186	0.00278	0.01151	0.00549	0.00486
7	0.03771	0.29190	0.14082	0.01222	0.05345	0.07658	0.01108	0.05129	0.12575	0.05182	0.08446	0.01520	0.01336	0.00615	0.00481	0.00154	0.00600	0.00467	0.00364	0.00755
8	0.01667	0.01058	0.01107	0.00916	0.01212	0.03951	0.00733	0.28193	0.05511	0.12533	0.01672	0.01737	0.01228	0.00660	0.00483	0.00151	0.00450	0.00515	0.35476	0.00748
9	0.03222	0.00843	0.01021	0.00860	0.01104	0.00823	0.00641	0.06471	0.09204	0.31971	0.04995	0.02590	0.01760	0.30420	0.01399	0.00309	0.00491	0.00666	0.00525	0.00686
10	0.00803	0.00578	0.00688	0.00695	0.00823	0.00540	0.00506	0.04175	0.01350	0.01851	0.27499	0.26985	0.20752	0.01308	0.00639	0.00188	0.00299	0.01143	0.08672	0.00506
11	0.00937	0.00630	0.00812	0.00801	0.00967	0.00549	0.00581	0.01094	0.01179	0.08055	0.09793	0.48424	0.03065	0.01329	0.00635	0.00189	0.00352	0.03816	0.00503	0.16289
12	0.00719	0.00541	0.00654	0.00709	0.00811	0.00494	0.00514	0.00859	0.01185	0.01531	0.12323	0.31459	0.26960	0.08942	0.00889	0.00240	0.00344	0.09856	0.00508	0.00460
13	0.01444	0.01221	0.01822	0.19081	0.23314	0.04476	0.07795	0.07398	0.05689	0.09785	0.01320	0.04315	0.01066	0.03009	0.00677	0.00186	0.03657	0.00559	0.00361	0.02826
14	0.01271	0.01436	0.06456	0.07999	0.05398	0.01387	0.46986	0.04362	0.01264	0.01740	0.01149	0.03652	0.00943	0.00608	0.00788	0.00194	0.11146	0.02210	0.00291	0.00721
15	0.07648	0.03266	0.01175	0.02881	0.01307	0.05918	0.00805	0.12751	0.07733	0.04328	0.01748	0.11004	0.04305	0.01572	0.17279	0.00328	0.03550	0.03769	0.00415	0.08217
16	0.04068	0.01036	0.06287	0.04639	0.01317	0.00991	0.00808	0.14758	0.14663	0.02193	0.11957	0.04980	0.10184	0.02598	0.00666	0.03366	0.00445	0.02227	0.12154	0.00663

[dist]
# distance from previous block
# <min> <max>
0	20

[block]
# block no. 8 follows, 43 sequences, length 6
# corresponding to MSA columns:
# 607-612
name=unknown_I
#
# <colnr> <probs for GDERKNQSTAVLIFYWHMCP>
#	G	D	E	R	K	N	Q	S	T	A	V	L	I	F	Y	W	H	M	C	P
0	0.00742	0.00566	0.00688	0.00705	0.00837	0.00522	0.00534	0.00924	0.01282	0.01680	0.24932	0.12168	0.30441	0.05812	0.05976	0.00262	0.00403	0.10527	0.00517	0.00482
1	0.01021	0.00627	0.00763	0.00739	0.00933	0.00554	0.00576	0.01199	0.01333	0.14696	0.13705	0.14456	0.35258	0.01303	0.00659	0.00196	0.00346	0.10518	0.00556	0.00560
2	0.01894	0.01007	0.01205	0.00981	0.01320	0.01018	0.00789	0.17252	0.11815	0.34372	0.01908	0.01899	0.01356	0.03706	0.05476	0.00225	0.00532	0.00560	0.11857	0.00826
3	0.44523	0.00983	0.00933	0.00807	0.01136	0.01069	0.00654	0.01986	0.10921	0.18655	0.01412	0.01424	0.01021	0.00600	0.00424	0.00168	0.00416	0.00428	0.11744	0.00699
4	0.01755	0.17637	0.01682	0.01119	0.01488	0.17838	0.00921	0.17237	0.15013	0.10423	0.01753	0.01715	0.07706	0.00689	0.00513	0.00158	0.00614	0.00516	0.00445	0.00778
5	0.01470	0.12043	0.02170	0.07041	0.09459	0.03762	0.21860	0.03819	0.04547	0.11584	0.01308	0.03798	0.01039	0.00698	0.02436	0.00190	0.07145	0.00556	0.04332	0.00742

[dist]
# distance from previous block
# <min> <max>
17	20

[block]
# block no. 9 follows, 43 sequences, length 14
# corresponding to MSA columns:
# 702-715
name=unknown_J
#
# <colnr> <probs for GDERKNQSTAVLIFYWHMCP>
#	G	D	E	R	K	N	Q	S	T	A	V	L	I	F	Y	W	H	M	C	P
0	0.05195	0.09550	0.22348	0.02943	0.01835	0.03500	0.08274	0.06232	0.01191	0.01724	0.04328	0.01492	0.01030	0.00877	0.04837	0.00225	0.21117	0.02310	0.00295	0.00698
1	0.00764	0.00558	0.00755	0.00777	0.00850	0.00592	0.00558	0.00900	0.00960	0.01322	0.05670	0.17027	0.07114	0.19599	0.39307	0.00613	0.00933	0.00875	0.00374	0.00452
2	0.41891	0.09406	0.03856	0.04618	0.01480	0.14532	0.04384	0.03638	0.01178	0.04696	0.00940	0.01088	0.00732	0.00537	0.00417	0.00160	0.00591	0.00365	0.04844	0.00649
3	0.43912	0.05199	0.01208	0.04195	0.04931	0.01336	0.00802	0.19951	0.01417	0.02520	0.01288	0.01386	0.05787	0.00614	0.00437	0.00167	0.00490	0.00431	0.03235	0.00693
4	0.00708	0.00548	0.00646	0.00654	0.00789	0.00485	0.00478	0.00886	0.01340	0.01758	0.32441	0.19460	0.35087	0.01364	0.00664	0.00189	0.00281	0.01184	0.00551	0.00485
5	0.01285	0.01227	0.02068	0.12038	0.63496	0.01250	0.01596	0.01607	0.01243	0.01743	0.01338	0.01645	0.05892	0.00561	0.00556	0.00168	0.00642	0.00538	0.00287	0.00820
6	0.01365	0.04091	0.05835	0.07811	0.29592	0.07105	0.15370	0.04664	0.01256	0.01704	0.01010	0.01352	0.00833	0.00703	0.03467	0.00204	0.12097	0.00505	0.00279	0.00759
7	0.00709	0.00566	0.00641	0.00664	0.00822	0.00498	0.00511	0.00879	0.01291	0.01615	0.15068	0.11497	0.50025	0.01410	0.00675	0.00198	0.00314	0.11609	0.00527	0.00480
8	0.00789	0.00559	0.00739	0.00747	0.00798	0.00599	0.00514	0.00893	0.00890	0.01235	0.04524	0.08598	0.01975	0.37952	0.36063	0.00657	0.00930	0.00775	0.00342	0.00421
9	0.02003	0.02335	0.01531	0.01367	0.01672	0.61058	0.01038	0.07985	0.10353	0.03909	0.01096	0.01176	0.00865	0.00603	0.00513	0.00151	0.00887	0.00405	0.00351	0.00702
10	0.00755	0.00518	0.00682	0.00779	0.00846	0.00480	0.00546	0.00878	0.01132	0.03985	0.06809	0.63506	0.08416	0.01634	0.00700	0.00220	0.00335	0.06780	0.00524	0.00475
11	0.01175	0.28662	0.33057	0.01207	0.01735	0.01423	0.01364	0.01563	0.01197	0.01608	0.05411	0.02239	0.01441	0.00740	0.00523	0.00172	0.00651	0.14818	0.00310	0.00705
12	0.04560	0.05681	0.01476	0.01246	0.01427	0.32764	0.00987	0.01632	0.01194	0.01387	0.01225	0.01518	0.05944	0.01267	0.12451	0.00285	0.23586	0.00478	0.00290	0.00600
13	0.00923	0.00608	0.00812	0.00900	0.06333	0.00649	0.00612	0.01133	0.01019	0.01608	0.01647	0.04632	0.01487	0.09132	0.33788	0.00494	0.00835	0.00606	0.32267	0.00515

[dist]
# distance from previous block
# <min> <max>
0	6

[block]
# block no. 10 follows, 43 sequences, length 16
# corresponding to MSA columns:
# 722-737
name=unknown_K
#
# <colnr> <probs for GDERKNQSTAVLIFYWHMCP>
#	G	D	E	R	K	N	Q	S	T	A	V	L	I	F	Y	W	H	M	C	P
0	0.01939	0.01620	0.06235	0.01381	0.05919	0.05663	0.01113	0.58794	0.02302	0.03080	0.01293	0.01377	0.00950	0.02304	0.00591	0.00172	0.00632	0.00492	0.03254	0.00888
1	0.84448	0.01071	0.00814	0.00728	0.01071	0.01242	0.00600	0.01628	0.00943	0.02485	0.00771	0.00900	0.00600	0.00514	0.00343	0.00171	0.00428	0.00300	0.00343	0.00600
2	0.01203	0.01214	0.02022	0.01614	0.01784	0.01487	0.21825	0.01433	0.00997	0.01495	0.00944	0.01397	0.00837	0.01003	0.06048	0.00260	0.48341	0.00540	0.04923	0.00634
3	0.00714	0.00497	0.00616	0.00712	0.00777	0.00460	0.00486	0.00835	0.01101	0.01501	0.03270	0.60451	0.13785	0.01561	0.00662	0.00208	0.00308	0.01394	0.10201	0.00460
4	0.00725	0.00517	0.00639	0.00695	0.00746	0.00486	0.00457	0.00822	0.01080	0.01442	0.13492	0.41111	0.09989	0.23694	0.01286	0.00302	0.00369	0.01240	0.00478	0.00430
5	0.01221	0.13435	0.54583	0.01664	0.09506	0.03728	0.03300	0.01742	0.01187	0.01686	0.00966	0.01151	0.00726	0.00513	0.00504	0.00164	0.00771	0.00404	0.00243	0.02507
6	0.00691	0.00556	0.00611	0.00619	0.00763	0.00498	0.00449	0.00823	0.01173	0.01453	0.07494	0.10256	0.52995	0.10399	0.08466	0.00296	0.00428	0.01096	0.00477	0.00457
7	0.01153	0.00633	0.00645	0.00601	0.00766	0.00651	0.00462	0.09608	0.01324	0.02225	0.01753	0.01982	0.01366	0.00647	0.00406	0.00133	0.00298	0.00514	0.74269	0.00564
8	0.01270	0.04481	0.01282	0.00877	0.01363	0.00911	0.00713	0.09711	0.01311	0.01973	0.01014	0.01158	0.00829	0.00442	0.00424	0.00093	0.00440	0.00346	0.00350	0.71012
9	0.00737	0.00544	0.00679	0.00709	0.00785	0.00542	0.00491	0.00843	0.00990	0.01304	0.02845	0.21666	0.18897	0.24213	0.21746	0.00479	0.00679	0.01012	0.00407	0.00434
10	0.01348	0.01145	0.01204	0.01074	0.01382	0.01300	0.00838	0.07884	0.62397	0.02309	0.02565	0.02381	0.10092	0.00818	0.00573	0.00186	0.00433	0.00678	0.00557	0.00835
11	0.01218	0.01184	0.02083	0.37507	0.36788	0.01286	0.08776	0.01578	0.01196	0.01628	0.01024	0.01430	0.00811	0.00518	0.00561	0.00176	0.00721	0.00508	0.00262	0.00746
12	0.00951	0.00760	0.00873	0.00889	0.01055	0.00796	0.00668	0.03220	0.24841	0.01787	0.03162	0.33357	0.14798	0.01323	0.00656	0.00209	0.00379	0.09142	0.00530	0.00605
13	0.00891	0.00780	0.00790	0.00811	0.00931	0.09256	0.00597	0.01061	0.01312	0.01678	0.25950	0.26642	0.13439	0.04997	0.00764	0.00212	0.00403	0.08479	0.00509	0.00497
14	0.01557	0.03097	0.01505	0.10394	0.05957	0.06754	0.01065	0.19526	0.01516	0.10498	0.01420	0.05555	0.01221	0.02620	0.03124	0.00217	0.15296	0.05035	0.02920	0.00722
15	0.01020	0.11484	0.14144	0.01189	0.05924	0.00973	0.05105	0.01270	0.01126	0.03296	0.04297	0.22774	0.02108	0.11125	0.03849	0.00262	0.00588	0.08491	0.00379	0.00596

[dist]
# distance from previous block
# <min> <max>
1	8

[block]
# block no. 11 follows, 43 sequences, length 17
# corresponding to MSA columns:
# 746-762
name=unknown_L
#
# <colnr> <probs for GDERKNQSTAVLIFYWHMCP>
#	G	D	E	R	K	N	Q	S	T	A	V	L	I	F	Y	W	H	M	C	P
0	0.04308	0.10726	0.08916	0.05599	0.05256	0.08590	0.13877	0.08544	0.02716	0.01864	0.01022	0.01218	0.00808	0.00498	0.00493	0.00141	0.00664	0.00427	0.00316	0.24017
1	0.01307	0.03536	0.03022	0.06517	0.13368	0.08880	0.14363	0.06179	0.05254	0.01858	0.01506	0.05555	0.03365	0.00732	0.02464	0.00180	0.00637	0.00584	0.17435	0.03259
2	0.04807	0.02479	0.12448	0.01222	0.05349	0.07400	0.01970	0.08749	0.12042	0.04267	0.01743	0.08317	0.03872	0.08051	0.00790	0.00209	0.02351	0.06138	0.00407	0.07391
3	0.00935	0.00629	0.00768	0.00776	0.00874	0.00620	0.00537	0.07666	0.01187	0.05284	0.05357	0.38785	0.07464	0.21174	0.05050	0.00323	0.00461	0.01141	0.00475	0.00497
4	0.00885	0.00706	0.01029	0.18999	0.05352	0.00752	0.00869	0.04658	0.01176	0.01558	0.02381	0.47564	0.02675	0.01330	0.00662	0.00212	0.00465	0.07744	0.00442	0.00539
5	0.00686	0.00568	0.00604	0.00613	0.00790	0.00487	0.00471	0.00845	0.01286	0.01564	0.10554	0.05326	0.64940	0.01394	0.00664	0.00192	0.00300	0.07719	0.00521	0.00475
6	0.01393	0.35819	0.38971	0.01257	0.01893	0.01628	0.01468	0.01799	0.01188	0.08445	0.01007	0.01115	0.00766	0.00518	0.00456	0.00151	0.00691	0.00375	0.00276	0.00784
7	0.01460	0.55134	0.17763	0.01162	0.01688	0.09593	0.03315	0.01736	0.01184	0.01412	0.00834	0.00973	0.00713	0.00494	0.00413	0.00134	0.00688	0.00335	0.00242	0.00727
8	0.00716	0.00520	0.00684	0.00794	0.00860	0.00488	0.00573	0.00851	0.01137	0.01498	0.06352	0.57571	0.09857	0.01645	0.00710	0.00225	0.00349	0.14187	0.00517	0.00465
9	0.00820	0.00669	0.00948	0.01118	0.11541	0.00624	0.02513	0.01017	0.01284	0.01724	0.23381	0.27678	0.19825	0.01286	0.00659	0.00194	0.00364	0.03311	0.00501	0.00543
10	0.00767	0.00601	0.00699	0.00668	0.00832	0.00551	0.00503	0.01058	0.05889	0.01935	0.43683	0.04494	0.33858	0.01218	0.00648	0.00180	0.00280	0.01047	0.00569	0.00522
11	0.00797	0.00572	0.00781	0.00899	0.00990	0.00556	0.00718	0.00988	0.01203	0.01582	0.06152	0.34898	0.05230	0.01590	0.00735	0.00238	0.00421	0.40646	0.00516	0.00486
12	0.01146	0.07674	0.68541	0.01584	0.02366	0.01350	0.06332	0.01749	0.01175	0.01727	0.00987	0.01171	0.00710	0.00519	0.00523	0.00172	0.00811	0.00417	0.00237	0.00807
