[name]
unknown

[dist]
# distance from previous block
# <min> <max>
6	522

[block]
# block no. 0 follows, 50 sequences, length 6
# corresponding to MSA columns:
# 522-527
name=unknown_A
#
# <colnr> <probs for GDERKNQSTAVLIFYWHMCP>
#	G	D	E	R	K	N	Q	S	T	A	V	L	I	F	Y	W	H	M	C	P
0	0.01192	0.01115	0.01202	0.00896	0.01317	0.10066	0.04491	0.06168	0.01167	0.01671	0.00898	0.01044	0.00735	0.00403	0.00398	0.00090	0.00466	0.00323	0.00301	0.66059
1	0.01563	0.00932	0.01131	0.00839	0.01256	0.00792	0.00683	0.10598	0.01327	0.29645	0.01307	0.01289	0.00928	0.00484	0.00431	0.00111	0.00410	0.00387	0.00434	0.45453
2	0.01034	0.00886	0.01034	0.00738	0.01181	0.00664	0.00591	0.01255	0.01034	0.01624	0.00886	0.01034	0.00738	0.00369	0.00369	0.00074	0.00369	0.00295	0.00295	0.85530
3	0.01539	0.01548	0.01187	0.01038	0.01308	0.37913	0.00791	0.10021	0.01398	0.08248	0.05686	0.12588	0.01333	0.00687	0.00482	0.00137	0.00622	0.00534	0.00365	0.12576
4	0.01069	0.00889	0.00986	0.00936	0.01154	0.00996	0.00730	0.02078	0.53263	0.01908	0.08313	0.11181	0.02153	0.00896	0.00553	0.00180	0.00379	0.11160	0.00499	0.00676
5	0.01053	0.07465	0.09842	0.00822	0.01296	0.00821	0.00749	0.01309	0.01034	0.01584	0.00872	0.01017	0.00719	0.00385	0.00377	0.00086	0.00422	0.00301	0.00280	0.69566

[dist]
# distance from previous block
# <min> <max>
6	11

[block]
# block no. 1 follows, 50 sequences, length 29
# corresponding to MSA columns:
# 539-567
name=unknown_B
#
# <colnr> <probs for GDERKNQSTAVLIFYWHMCP>
#	G	D	E	R	K	N	Q	S	T	A	V	L	I	F	Y	W	H	M	C	P
0	0.01124	0.00983	0.01495	0.65963	0.03072	0.01191	0.01301	0.15887	0.01254	0.01631	0.00945	0.01304	0.00699	0.00517	0.00498	0.00163	0.00642	0.00444	0.00274	0.00610
1	0.02046	0.01216	0.01261	0.01004	0.01362	0.14162	0.00811	0.19496	0.01633	0.46636	0.04126	0.01516	0.01161	0.00609	0.00495	0.00149	0.00525	0.00472	0.00528	0.00791
2	0.22391	0.00893	0.01105	0.16206	0.01599	0.00930	0.00809	0.03491	0.04959	0.37855	0.01460	0.03994	0.01027	0.00589	0.00458	0.00159	0.00457	0.00465	0.00453	0.00699
3	0.00896	0.00965	0.15935	0.01008	0.01251	0.00688	0.00991	0.01187	0.01136	0.04751	0.02280	0.06342	0.02383	0.01177	0.00638	0.00212	0.00507	0.56708	0.00418	0.00527
4	0.06076	0.01101	0.01348	0.01139	0.01453	0.01236	0.11064	0.02440	0.63676	0.02028	0.01816	0.01731	0.01363	0.00630	0.00507	0.00168	0.00454	0.00550	0.00462	0.00759
5	0.01895	0.01396	0.01496	0.01147	0.01546	0.01546	0.00947	0.77711	0.02344	0.03141	0.01197	0.01197	0.00848	0.00598	0.00499	0.00150	0.00548	0.00449	0.00499	0.00848
6	0.01034	0.00886	0.01034	0.00738	0.01181	0.00664	0.00591	0.01255	0.01034	0.01624	0.00886	0.01034	0.00738	0.00369	0.00369	0.00074	0.00369	0.00295	0.00295	0.85530
7	0.00907	0.00554	0.00731	0.00661	0.00814	0.00505	0.00505	0.01136	0.01413	0.12222	0.68963	0.03457	0.04247	0.00966	0.00576	0.00156	0.00260	0.00849	0.00558	0.00520
8	0.60778	0.01199	0.13919	0.00799	0.01175	0.01060	0.00768	0.01533	0.00957	0.08231	0.04952	0.01073	0.00829	0.00506	0.00366	0.00155	0.00439	0.00338	0.00329	0.00593
9	0.01254	0.63826	0.20879	0.00987	0.01487	0.01780	0.01087	0.01513	0.01022	0.01269	0.00741	0.00859	0.00638	0.00438	0.00356	0.00119	0.00581	0.00291	0.00213	0.00663
10	0.00725	0.00483	0.00544	0.00544	0.00544	0.00483	0.00302	0.00725	0.00725	0.00966	0.01571	0.03262	0.01812	0.82483	0.02537	0.00483	0.00483	0.00725	0.00302	0.00302
11	0.01000	0.02578	0.79900	0.01421	0.02157	0.01158	0.01842	0.01579	0.01052	0.01579	0.00895	0.01052	0.00631	0.00474	0.00474	0.00158	0.00737	0.00368	0.00210	0.00737
12	0.01034	0.00886	0.01034	0.00738	0.01181	0.00664	0.00591	0.01255	0.01034	0.01624	0.00886	0.01034	0.00738	0.00369	0.00369	0.00074	0.00369	0.00295	0.00295	0.85530
13	0.00725	0.00483	0.00544	0.00544	0.00544	0.00483	0.00302	0.00725	0.00725	0.00966	0.01571	0.03262	0.01812	0.82483	0.02537	0.00483	0.00483	0.00725	0.00302	0.00302
14	0.01000	0.02578	0.79900	0.01421	0.02157	0.01158	0.01842	0.01579	0.01052	0.01579	0.00895	0.01052	0.00631	0.00474	0.00474	0.00158	0.00737	0.00368	0.00210	0.00737
15	0.01778	0.15104	0.01602	0.01216	0.01500	0.68054	0.00946	0.01912	0.01349	0.01212	0.00758	0.00883	0.00642	0.00500	0.00429	0.00125	0.00841	0.00312	0.00250	0.00588
16	0.01000	0.02578	0.79900	0.01421	0.02157	0.01158	0.01842	0.01579	0.01052	0.01579	0.00895	0.01052	0.00631	0.00474	0.00474	0.00158	0.00737	0.00368	0.00210	0.00737
17	0.01606	0.44025	0.11859	0.00936	0.01388	0.01436	0.00936	0.01831	0.01162	0.28674	0.01163	0.01145	0.00846	0.00499	0.00403	0.00130	0.00521	0.00361	0.00354	0.00725
18	0.01000	0.02578	0.79900	0.01421	0.02157	0.01158	0.01842	0.01579	0.01052	0.01579	0.00895	0.01052	0.00631	0.00474	0.00474	0.00158	0.00737	0.00368	0.00210	0.00737
19	0.00679	0.00558	0.00578	0.00590	0.00745	0.00470	0.00429	0.00777	0.01162	0.01414	0.04770	0.15230	0.68076	0.01347	0.00629	0.00188	0.00288	0.01119	0.00488	0.00463
20	0.00607	0.00434	0.00578	0.00694	0.00723	0.00405	0.00463	0.00694	0.00954	0.01272	0.02747	0.82157	0.03297	0.01562	0.00636	0.00202	0.00289	0.01417	0.00463	0.00405
21	0.86003	0.00964	0.00733	0.00655	0.00964	0.01118	0.00540	0.01465	0.00848	0.02236	0.00694	0.00810	0.00540	0.00463	0.00308	0.00154	0.00386	0.00270	0.00308	0.00540
22	0.01269	0.67449	0.17388	0.00961	0.01447	0.01817	0.01042	0.01509	0.01020	0.01250	0.00731	0.00848	0.00638	0.00435	0.00349	0.00116	0.00572	0.00286	0.00213	0.00658
23	0.01064	0.01075	0.01886	0.01447	0.01809	0.01063	0.38495	0.01688	0.22134	0.01677	0.02132	0.02339	0.16052	0.00694	0.00571	0.00171	0.00590	0.04097	0.00371	0.00646
24	0.01194	0.01359	0.16187	0.01092	0.01461	0.01224	0.00990	0.02444	0.63671	0.01988	0.01812	0.01705	0.01351	0.00637	0.00501	0.00167	0.00460	0.00526	0.00450	0.00779
25	0.00792	0.00616	0.00733	0.00685	0.00841	0.00611	0.00519	0.01237	0.16108	0.01929	0.54556	0.03509	0.13966	0.00986	0.00573	0.00161	0.00268	0.00857	0.00529	0.00525
26	0.01189	0.00879	0.01430	0.65914	0.03020	0.01036	0.01260	0.01494	0.01079	0.16271	0.01093	0.01399	0.00773	0.00521	0.00499	0.00164	0.00619	0.00454	0.00297	0.00610
27	0.01272	0.50073	0.20390	0.01088	0.01547	0.07451	0.03573	0.01532	0.01039	0.01286	0.00753	0.00903	0.00643	0.00474	0.00464	0.00130	0.06197	0.00316	0.00217	0.00652
28	0.01060	0.15778	0.64977	0.01346	0.02025	0.01295	0.03814	0.01565	0.01049	0.01512	0.00864	0.01019	0.00636	0.00464	0.00451	0.00150	0.00706	0.00358	0.00212	0.00719

[dist]
# distance from previous block
# <min> <max>
1	6

[block]
# block no. 2 follows, 50 sequences, length 31
# corresponding to MSA columns:
# 574-604
name=unknown_C
#
# <colnr> <probs for GDERKNQSTAVLIFYWHMCP>
#	G	D	E	R	K	N	Q	S	T	A	V	L	I	F	Y	W	H	M	C	P
0	0.04992	0.06328	0.53722	0.01276	0.01896	0.01238	0.01506	0.14873	0.01290	0.06884	0.00997	0.01095	0.00704	0.00502	0.00465	0.00153	0.00658	0.00381	0.00291	0.00749
1	0.01222	0.56120	0.28305	0.01042	0.01571	0.01701	0.01182	0.01521	0.01026	0.01308	0.00760	0.00884	0.00637	0.00442	0.00371	0.00124	0.00601	0.00300	0.00212	0.00672
2	0.86003	0.00964	0.00733	0.00655	0.00964	0.01118	0.00540	0.01465	0.00848	0.02236	0.00694	0.00810	0.00540	0.00463	0.00308	0.00154	0.00386	0.00270	0.00308	0.00540
3	0.01000	0.02578	0.79900	0.01421	0.02157	0.01158	0.01842	0.01579	0.01052	0.01579	0.00895	0.01052	0.00631	0.00474	0.00474	0.00158	0.00737	0.00368	0.00210	0.00737
4	0.01071	0.19769	0.63334	0.01299	0.01969	0.01332	0.01630	0.01560	0.01044	0.01492	0.00851	0.00998	0.00633	0.00463	0.00441	0.00147	0.00693	0.00347	0.00211	0.00716
5	0.00607	0.00434	0.00578	0.00694	0.00723	0.00405	0.00463	0.00694	0.00954	0.01272	0.02747	0.82157	0.03297	0.01562	0.00636	0.00202	0.00289	0.01417	0.00463	0.00405
6	0.00725	0.00483	0.00544	0.00544	0.00544	0.00483	0.00302	0.00725	0.00725	0.00966	0.01571	0.03262	0.01812	0.82483	0.02537	0.00483	0.00483	0.00725	0.00302	0.00302
7	0.86003	0.00964	0.00733	0.00655	0.00964	0.01118	0.00540	0.01465	0.00848	0.02236	0.00694	0.00810	0.00540	0.00463	0.00308	0.00154	0.00386	0.00270	0.00308	0.00540
8	0.16067	0.68544	0.02285	0.00819	0.01224	0.01824	0.00798	0.01488	0.00984	0.01358	0.00693	0.00801	0.00622	0.00433	0.00318	0.00115	0.00507	0.00267	0.00230	0.00622
9	0.01795	0.12591	0.01565	0.01229	0.01508	0.70507	0.00949	0.01927	0.01362	0.01214	0.00761	0.00886	0.00642	0.00503	0.00433	0.00126	0.00852	0.00314	0.00251	0.00586
10	0.00789	0.00564	0.00786	0.00895	0.01005	0.00561	0.00772	0.01011	0.01148	0.01501	0.05728	0.09517	0.02965	0.01372	0.00682	0.00225	0.00441	0.69119	0.00463	0.00457
11	0.01000	0.02578	0.79900	0.01421	0.02157	0.01158	0.01842	0.01579	0.01052	0.01579	0.00895	0.01052	0.00631	0.00474	0.00474	0.00158	0.00737	0.00368	0.00210	0.00737
12	0.01780	0.01798	0.01374	0.15123	0.01814	0.50049	0.00988	0.01957	0.01343	0.17588	0.01040	0.01140	0.00769	0.00533	0.00469	0.00140	0.00759	0.00380	0.00326	0.00630
13	0.01333	0.82783	0.02612	0.00853	0.01279	0.01972	0.00853	0.01493	0.01013	0.01173	0.00693	0.00800	0.00640	0.00426	0.00320	0.00107	0.00533	0.00267	0.00213	0.00640
14	0.00712	0.00534	0.00801	0.00801	0.00890	0.00623	0.00623	0.00890	0.00801	0.01157	0.01335	0.01958	0.01246	0.03738	0.80507	0.00801	0.01335	0.00534	0.00267	0.00445
15	0.00904	0.00822	0.01359	0.67284	0.02994	0.01003	0.01260	0.01208	0.01010	0.01296	0.01198	0.07329	0.01077	0.00664	0.00528	0.00175	0.00617	0.08474	0.00263	0.00534
16	0.01081	0.00993	0.06121	0.00788	0.01248	0.00699	0.00677	0.01324	0.01051	0.04818	0.00931	0.01062	0.00752	0.00386	0.00381	0.00083	0.00395	0.00308	0.00303	0.76599
17	0.01163	0.00922	0.00955	0.03593	0.01182	0.14500	0.00783	0.01375	0.01271	0.11795	0.15565	0.03810	0.02515	0.01035	0.00598	0.00187	0.00499	0.37265	0.00452	0.00536
18	0.01034	0.00886	0.01034	0.00738	0.01181	0.00664	0.00591	0.01255	0.01034	0.01624	0.00886	0.01034	0.00738	0.00369	0.00369	0.00074	0.00369	0.00295	0.00295	0.85530
19	0.01017	0.01828	0.42237	0.15284	0.02119	0.01262	0.01532	0.01409	0.00954	0.01409	0.00819	0.01112	0.00644	0.00600	0.00834	0.00178	0.25497	0.00402	0.00215	0.00646
20	0.00607	0.00434	0.00578	0.00694	0.00723	0.00405	0.00463	0.00694	0.00954	0.01272	0.02747	0.82157	0.03297	0.01562	0.00636	0.00202	0.00289	0.01417	0.00463	0.00405
21	0.01333	0.82783	0.02612	0.00853	0.01279	0.01972	0.00853	0.01493	0.01013	0.01173	0.00693	0.00800	0.00640	0.00426	0.00320	0.00107	0.00533	0.00267	0.00213	0.00640
22	0.01117	0.01159	0.01596	0.32290	0.02239	0.09386	0.06239	0.01335	0.00947	0.01256	0.00779	0.01180	0.00664	0.00661	0.01006	0.00186	0.36736	0.00437	0.00226	0.00560
23	0.00712	0.00534	0.00801	0.00801	0.00890	0.00623	0.00623	0.00890	0.00801	0.01157	0.01335	0.01958	0.01246	0.03738	0.80507	0.00801	0.01335	0.00534	0.00267	0.00445
24	0.01315	0.78608	0.06634	0.00882	0.01325	0.01930	0.00904	0.01497	0.01015	0.01194	0.00703	0.00813	0.00639	0.00429	0.00328	0.00109	0.00544	0.00272	0.00213	0.00645
25	0.00974	0.00766	0.00933	0.00772	0.01098	0.00620	0.00630	0.01188	0.01085	0.04167	0.03552	0.05654	0.04681	0.00721	0.00476	0.00125	0.00381	0.18648	0.00365	0.53164
26	0.05738	0.26184	0.11587	0.00933	0.01372	0.01185	0.00901	0.01989	0.01225	0.42080	0.01380	0.01298	0.00943	0.00533	0.00433	0.00140	0.00495	0.00402	0.00427	0.00756
27	0.00954	0.15974	0.08846	0.00995	0.01251	0.04173	0.05457	0.01192	0.01107	0.01407	0.02084	0.11239	0.06304	0.01035	0.00574	0.00186	0.00512	0.35811	0.00370	0.00529
28	0.00620	0.00443	0.00590	0.00686	0.00726	0.00413	0.00464	0.00725	0.01012	0.01365	0.12449	0.72193	0.03475	0.01493	0.00630	0.00197	0.00282	0.01352	0.00474	0.00413
29	0.01351	0.80061	0.02571	0.00867	0.01288	0.04629	0.00857	0.01509	0.01026	0.01174	0.00696	0.00803	0.00640	0.00429	0.00324	0.00107	0.00545	0.00268	0.00215	0.00638
30	0.01274	0.54402	0.02261	0.01004	0.01396	0.01691	0.08557	0.01723	0.17187	0.01437	0.03999	0.01187	0.00990	0.00501	0.00396	0.00128	0.00524	0.00385	0.00291	0.00668

[dist]
# distance from previous block
# <min> <max>
0	1

[block]
# block no. 3 follows, 50 sequences, length 28
# corresponding to MSA columns:
# 606-633
name=unknown_D
#
# <colnr> <probs for GDERKNQSTAVLIFYWHMCP>
#	G	D	E	R	K	N	Q	S	T	A	V	L	I	F	Y	W	H	M	C	P
0	0.07662	0.21120	0.53474	0.01249	0.01873	0.01348	0.03749	0.01550	0.01031	0.01535	0.00835	0.00983	0.00630	0.00460	0.00428	0.00146	0.00665	0.00343	0.00220	0.00697
1	0.01305	0.57124	0.15414	0.00983	0.01431	0.10252	0.01013	0.01533	0.01074	0.01268	0.02518	0.00998	0.02338	0.00474	0.00371	0.00120	0.00595	0.00319	0.00230	0.00641
2	0.00711	0.00512	0.00681	0.00681	0.00738	0.00556	0.00480	0.00814	0.00788	0.01090	0.01629	0.02638	0.05650	0.35455	0.44689	0.00639	0.00933	0.00639	0.00292	0.00386
3	0.01894	0.01427	0.01493	0.01151	0.01546	0.04022	0.00948	0.75336	0.02314	0.03081	0.01183	0.01187	0.00841	0.00596	0.00497	0.00149	0.00559	0.00445	0.00491	0.00839
4	0.01073	0.26651	0.47935	0.01174	0.01750	0.01334	0.01407	0.01487	0.01069	0.01482	0.06354	0.01337	0.01004	0.00532	0.00443	0.00145	0.00629	0.03273	0.00244	0.00678
5	0.00668	0.00515	0.00624	0.00688	0.00809	0.00471	0.00544	0.00822	0.01103	0.01382	0.03739	0.20783	0.37065	0.01363	0.00633	0.00197	0.00332	0.27368	0.00461	0.00431
6	0.01895	0.01396	0.01496	0.01147	0.01546	0.01546	0.00947	0.77711	0.02344	0.03141	0.01197	0.01197	0.00848	0.00598	0.00499	0.00150	0.00548	0.00449	0.00499	0.00848
7	0.01172	0.07293	0.09838	0.01950	0.02470	0.01302	0.65255	0.01588	0.01154	0.01565	0.00976	0.01279	0.00737	0.00425	0.00559	0.00163	0.00809	0.00545	0.00246	0.00676
8	0.43109	0.02825	0.01032	0.00851	0.01175	0.01222	0.00693	0.15258	0.20988	0.06572	0.01193	0.01195	0.00885	0.00549	0.00404	0.00156	0.00422	0.00389	0.00408	0.00677
9	0.01199	0.50654	0.33573	0.01080	0.01631	0.01646	0.01249	0.01527	0.01029	0.01335	0.00774	0.00901	0.00636	0.00445	0.00381	0.00127	0.00615	0.00307	0.00212	0.00679
10	0.00941	0.00886	0.01495	0.81285	0.03433	0.01107	0.01384	0.01274	0.00997	0.01274	0.00886	0.01329	0.00664	0.00498	0.00498	0.00166	0.00664	0.00443	0.00221	0.00554
11	0.01210	0.00684	0.00949	0.13772	0.01313	0.00707	0.00688	0.01348	0.01023	0.24578	0.01728	0.16259	0.01635	0.23575	0.03575	0.00279	0.05018	0.00713	0.00406	0.00542
12	0.02225	0.00866	0.01168	0.00895	0.01281	0.00759	0.00740	0.04851	0.01456	0.77255	0.01942	0.01680	0.01221	0.00616	0.00501	0.00154	0.00428	0.00500	0.00613	0.00848
13	0.02236	0.00848	0.01157	0.00887	0.01272	0.00733	0.00733	0.02429	0.01427	0.79719	0.01966	0.01697	0.01234	0.00617	0.00501	0.00154	0.00424	0.00501	0.00617	0.00848
14	0.01000	0.02578	0.79900	0.01421	0.02157	0.01158	0.01842	0.01579	0.01052	0.01579	0.00895	0.01052	0.00631	0.00474	0.00474	0.00158	0.00737	0.00368	0.00210	0.00737
15	0.01843	0.00988	0.01194	0.02802	0.01345	0.00985	0.00787	0.24691	0.06742	0.40258	0.02008	0.01962	0.07961	0.00696	0.00515	0.00158	0.00451	0.03281	0.00546	0.00786
16	0.01000	0.02578	0.79900	0.01421	0.02157	0.01158	0.01842	0.01579	0.01052	0.01579	0.00895	0.01052	0.00631	0.00474	0.00474	0.00158	0.00737	0.00368	0.00210	0.00737
17	0.00803	0.00574	0.00803	0.00918	0.01033	0.00574	0.00803	0.01033	0.01147	0.01492	0.02639	0.05622	0.02869	0.01377	0.00688	0.00229	0.00459	0.76018	0.00459	0.00459
18	0.05620	0.01086	0.01443	0.66470	0.03052	0.11521	0.01284	0.01378	0.01043	0.01318	0.00861	0.01245	0.00655	0.00498	0.00482	0.00161	0.00680	0.00418	0.00231	0.00556
19	0.01000	0.00962	0.01548	0.70619	0.11379	0.03519	0.01387	0.01322	0.01024	0.01309	0.00888	0.01306	0.00677	0.00493	0.00496	0.00163	0.00664	0.00439	0.00225	0.00579
20	0.00941	0.00886	0.01495	0.81285	0.03433	0.01107	0.01384	0.01274	0.00997	0.01274	0.00886	0.01329	0.00664	0.00498	0.00498	0.00166	0.00664	0.00443	0.00221	0.00554
21	0.01333	0.82783	0.02612	0.00853	0.01279	0.01972	0.00853	0.01493	0.01013	0.01173	0.00693	0.00800	0.00640	0.00426	0.00320	0.00107	0.00533	0.00267	0.00213	0.00640
22	0.00941	0.00886	0.01495	0.81285	0.03433	0.01107	0.01384	0.01274	0.00997	0.01274	0.00886	0.01329	0.00664	0.00498	0.00498	0.00166	0.00664	0.00443	0.00221	0.00554
23	0.02055	0.05274	0.09806	0.00943	0.01369	0.00843	0.00860	0.02288	0.01364	0.67148	0.01784	0.01580	0.01138	0.00591	0.00489	0.00152	0.00464	0.00475	0.00552	0.00825
24	0.01884	0.00893	0.01229	0.01191	0.12100	0.02349	0.00837	0.03952	0.01359	0.55443	0.01874	0.07747	0.01391	0.00701	0.00519	0.00160	0.00452	0.04602	0.00536	0.00781
25	0.86003	0.00964	0.00733	0.00655	0.00964	0.01118	0.00540	0.01465	0.00848	0.02236	0.00694	0.00810	0.00540	0.00463	0.00308	0.00154	0.00386	0.00270	0.00308	0.00540
26	0.00615	0.00504	0.00542	0.00537	0.00690	0.00431	0.00401	0.00764	0.01191	0.01486	0.21027	0.06708	0.60939	0.01218	0.00590	0.00167	0.00250	0.01029	0.00481	0.00431
27	0.01059	0.01054	0.01463	0.01259	0.01269	0.01458	0.01046	0.01169	0.00787	0.01209	0.00928	0.01321	0.05545	0.00897	0.01571	0.00215	0.76505	0.00475	0.00233	0.00538

[dist]
# distance from previous block
# <min> <max>
3	4

[block]
# block no. 4 follows, 50 sequences, length 11
# corresponding to MSA columns:
# 638,639,642-650
name=unknown_E
#
# <colnr> <probs for GDERKNQSTAVLIFYWHMCP>
#	G	D	E	R	K	N	Q	S	T	A	V	L	I	F	Y	W	H	M	C	P
0	0.01058	0.07391	0.01583	0.67708	0.03093	0.01215	0.01303	0.08190	0.01120	0.01434	0.00899	0.01275	0.00679	0.00502	0.00484	0.00160	0.00644	0.00430	0.00246	0.00587
1	0.01293	0.62176	0.12697	0.00983	0.01409	0.05300	0.01007	0.01503	0.01016	0.01231	0.00720	0.00860	0.00640	0.00472	0.00450	0.00123	0.06967	0.00296	0.00215	0.00642
2	0.00611	0.00440	0.00579	0.00683	0.00722	0.00408	0.00459	0.00705	0.00981	0.01306	0.06036	0.75535	0.06638	0.01526	0.00632	0.00199	0.00285	0.01380	0.00466	0.00408
3	0.41605	0.00721	0.00653	0.00618	0.00792	0.00787	0.00457	0.01110	0.00883	0.01703	0.07300	0.02332	0.06596	0.27842	0.01106	0.00268	0.00401	0.04039	0.00342	0.00444
4	0.00719	0.00506	0.00658	0.00658	0.00698	0.00545	0.00445	0.00798	0.00759	0.01051	0.01466	0.02682	0.01560	0.47453	0.37222	0.00625	0.00862	0.00640	0.00286	0.00366
5	0.31805	0.40324	0.14425	0.00873	0.01308	0.01533	0.00900	0.01497	0.00960	0.01622	0.00726	0.00844	0.00602	0.00447	0.00341	0.00132	0.00513	0.00284	0.00247	0.00619
6	0.01181	0.01244	0.02434	0.07061	0.32254	0.01235	0.40034	0.01533	0.01130	0.01571	0.00957	0.01288	0.00759	0.00456	0.00597	0.00163	0.04637	0.00517	0.00247	0.00705
7	0.01895	0.01396	0.01496	0.01147	0.01546	0.01546	0.00947	0.77711	0.02344	0.03141	0.01197	0.01197	0.00848	0.00598	0.00499	0.00150	0.00548	0.00449	0.00499	0.00848
8	0.01333	0.82783	0.02612	0.00853	0.01279	0.01972	0.00853	0.01493	0.01013	0.01173	0.00693	0.00800	0.00640	0.00426	0.00320	0.00107	0.00533	0.00267	0.00213	0.00640
9	0.01307	0.76711	0.08462	0.00896	0.01346	0.01911	0.00928	0.01499	0.01016	0.01203	0.00708	0.00819	0.00639	0.00430	0.00331	0.00110	0.00548	0.00274	0.00213	0.00647
10	0.01125	0.32856	0.50724	0.01206	0.01826	0.01465	0.01468	0.01546	0.01037	0.01425	0.00818	0.00957	0.00635	0.00456	0.00416	0.00139	0.00660	0.00330	0.00212	0.00700

[dist]
# distance from previous block
# <min> <max>
0	5

[block]
# block no. 5 follows, 50 sequences, length 15
# corresponding to MSA columns:
# 662-676
name=unknown_F
#
# <colnr> <probs for GDERKNQSTAVLIFYWHMCP>
#	G	D	E	R	K	N	Q	S	T	A	V	L	I	F	Y	W	H	M	C	P
0	0.01492	0.64230	0.02327	0.00895	0.01314	0.01799	0.00854	0.11788	0.01230	0.08773	0.00879	0.00937	0.00723	0.00467	0.00361	0.00117	0.00525	0.00313	0.00289	0.00687
1	0.13868	0.29444	0.08776	0.00806	0.01115	0.01160	0.00764	0.01268	0.01117	0.01644	0.24409	0.05331	0.02097	0.00723	0.00450	0.00146	0.00426	0.05540	0.00354	0.00561
2	0.35424	0.00760	0.00696	0.00649	0.00884	0.00798	0.00522	0.06491	0.01112	0.01863	0.04648	0.02963	0.33540	0.00894	0.00477	0.00166	0.00344	0.06862	0.00404	0.00504
3	0.01055	0.06671	0.01145	0.00746	0.01188	0.00757	0.00609	0.01272	0.01032	0.01592	0.00872	0.01017	0.00731	0.00373	0.00366	0.00076	0.00381	0.00293	0.00290	0.79533
4	0.01105	0.01024	0.01714	0.58563	0.03055	0.01189	0.12859	0.11560	0.01204	0.01573	0.00946	0.01314	0.00703	0.00500	0.00512	0.00164	0.00676	0.00466	0.00263	0.00611
5	0.01893	0.00837	0.01152	0.00927	0.01222	0.00814	0.00759	0.02068	0.01270	0.59695	0.01786	0.05695	0.01261	0.00921	0.06350	0.00211	0.11310	0.00541	0.00531	0.00757
6	0.01234	0.01184	0.02023	0.03059	0.79373	0.01184	0.01530	0.01530	0.01135	0.01628	0.00938	0.01234	0.00790	0.00444	0.00493	0.00148	0.00592	0.00444	0.00247	0.00790
7	0.00941	0.00886	0.01495	0.81285	0.03433	0.01107	0.01384	0.01274	0.00997	0.01274	0.00886	0.01329	0.00664	0.00498	0.00498	0.00166	0.00664	0.00443	0.00221	0.00554
8	0.00941	0.00886	0.01495	0.81285	0.03433	0.01107	0.01384	0.01274	0.00997	0.01274	0.00886	0.01329	0.00664	0.00498	0.00498	0.00166	0.00664	0.00443	0.00221	0.00554
9	0.02063	0.00853	0.01202	0.11654	0.01562	0.00783	0.00820	0.02274	0.01369	0.69212	0.01822	0.01647	0.01158	0.00601	0.00501	0.00156	0.00456	0.00493	0.00564	0.00809
10	0.31095	0.00888	0.01011	0.00807	0.01166	0.00865	0.00666	0.02097	0.01227	0.53025	0.01528	0.01391	0.00995	0.00564	0.00435	0.00154	0.00411	0.00422	0.00511	0.00742
11	0.01187	0.02316	0.67978	0.01340	0.02023	0.01093	0.01674	0.01707	0.01109	0.13409	0.01057	0.01150	0.00723	0.00495	0.00478	0.00157	0.00689	0.00388	0.00272	0.00754
12	0.01198	0.01395	0.13814	0.02811	0.67683	0.01180	0.01577	0.01537	0.01122	0.01621	0.00931	0.01206	0.00766	0.00449	0.00490	0.00150	0.00614	0.00433	0.00241	0.00782
13	0.02085	0.00899	0.01288	0.01216	0.13097	0.00801	0.00853	0.02293	0.01382	0.67896	0.01811	0.01626	0.01167	0.00591	0.00500	0.00153	0.00450	0.00493	0.00561	0.00839
14	0.01778	0.00766	0.00993	0.00804	0.01123	0.00672	0.00649	0.02000	0.04345	0.56703	0.02639	0.06397	0.17292	0.00799	0.00526	0.00160	0.00381	0.00663	0.00573	0.00736

[dist]
# distance from previous block
# <min> <max>
4	10

[block]
# block no. 6 follows, 50 sequences, length 45
# corresponding to MSA columns:
# 687-731
name=unknown_G
#
# <colnr> <probs for GDERKNQSTAVLIFYWHMCP>
#	G	D	E	R	K	N	Q	S	T	A	V	L	I	F	Y	W	H	M	C	P
0	0.01293	0.73343	0.11708	0.00920	0.01383	0.01876	0.00969	0.01503	0.01017	0.01220	0.00717	0.00829	0.00639	0.00432	0.00338	0.00113	0.00557	0.00279	0.00213	0.00651
1	0.01568	0.01042	0.06961	0.00964	0.01305	0.00957	0.00827	0.05062	0.30425	0.32119	0.05630	0.02069	0.03492	0.00703	0.00517	0.00164	0.00429	0.04471	0.00526	0.00769
2	0.01000	0.02578	0.79900	0.01421	0.02157	0.01158	0.01842	0.01579	0.01052	0.01579	0.00895	0.01052	0.00631	0.00474	0.00474	0.00158	0.00737	0.00368	0.00210	0.00737
3	0.00803	0.00574	0.00803	0.00918	0.01033	0.00574	0.00803	0.01033	0.01147	0.01492	0.02639	0.05622	0.02869	0.01377	0.00688	0.00229	0.00459	0.76018	0.00459	0.00459
4	0.00665	0.00508	0.00610	0.00584	0.00720	0.00453	0.00438	0.00862	0.01315	0.01771	0.53262	0.04098	0.30693	0.01104	0.00588	0.00161	0.00241	0.00954	0.00519	0.00453
5	0.01000	0.02578	0.79900	0.01421	0.02157	0.01158	0.01842	0.01579	0.01052	0.01579	0.00895	0.01052	0.00631	0.00474	0.00474	0.00158	0.00737	0.00368	0.00210	0.00737
6	0.01895	0.01396	0.01496	0.01147	0.01546	0.01546	0.00947	0.77711	0.02344	0.03141	0.01197	0.01197	0.00848	0.00598	0.00499	0.00150	0.00548	0.00449	0.00499	0.00848
7	0.00589	0.00505	0.00505	0.00505	0.00673	0.00421	0.00379	0.00715	0.01136	0.01347	0.05049	0.04797	0.79171	0.01262	0.00589	0.00168	0.00252	0.01052	0.00463	0.00421
8	0.01000	0.02578	0.79900	0.01421	0.02157	0.01158	0.01842	0.01579	0.01052	0.01579	0.00895	0.01052	0.00631	0.00474	0.00474	0.00158	0.00737	0.00368	0.00210	0.00737
9	0.01819	0.02304	0.01419	0.01285	0.01528	0.76079	0.00970	0.01946	0.01376	0.01219	0.00764	0.00910	0.00643	0.00534	0.00516	0.00133	0.05397	0.00327	0.00255	0.00576
10	0.00607	0.00434	0.00578	0.00694	0.00723	0.00405	0.00463	0.00694	0.00954	0.01272	0.02747	0.82157	0.03297	0.01562	0.00636	0.00202	0.00289	0.01417	0.00463	0.00405
11	0.01000	0.02578	0.79900	0.01421	0.02157	0.01158	0.01842	0.01579	0.01052	0.01579	0.00895	0.01052	0.00631	0.00474	0.00474	0.00158	0.00737	0.00368	0.00210	0.00737
12	0.01314	0.78311	0.06921	0.00885	0.01328	0.01927	0.00908	0.01497	0.01015	0.01195	0.00704	0.00814	0.00639	0.00429	0.00328	0.00109	0.00544	0.00272	0.00213	0.00645
13	0.01240	0.01071	0.01127	0.01014	0.01296	0.01240	0.00789	0.02649	0.78473	0.02085	0.02029	0.01860	0.01522	0.00676	0.00507	0.00169	0.00394	0.00564	0.00507	0.00789
14	0.01234	0.01184	0.02023	0.03059	0.79373	0.01184	0.01530	0.01530	0.01135	0.01628	0.00938	0.01234	0.00790	0.00444	0.00493	0.00148	0.00592	0.00444	0.00247	0.00790
15	0.86003	0.00964	0.00733	0.00655	0.00964	0.01118	0.00540	0.01465	0.00848	0.02236	0.00694	0.00810	0.00540	0.00463	0.00308	0.00154	0.00386	0.00270	0.00308	0.00540
16	0.01074	0.01066	0.01495	0.01287	0.01291	0.01488	0.01070	0.01186	0.00765	0.01198	0.00684	0.01128	0.00680	0.00996	0.05048	0.00243	0.78099	0.00440	0.00220	0.00541
17	0.01846	0.01372	0.01468	0.01137	0.01527	0.01523	0.00936	0.72124	0.08010	0.03063	0.01259	0.01246	0.00898	0.00604	0.00499	0.00151	0.00537	0.00457	0.00499	0.00843
18	0.00970	0.00836	0.00869	0.00803	0.01038	0.00900	0.00619	0.01847	0.46424	0.01779	0.03281	0.03077	0.33700	0.00919	0.00541	0.00169	0.00336	0.00766	0.00489	0.00636
19	0.01234	0.01184	0.02023	0.03059	0.79373	0.01184	0.01530	0.01530	0.01135	0.01628	0.00938	0.01234	0.00790	0.00444	0.00493	0.00148	0.00592	0.00444	0.00247	0.00790
20	0.01014	0.06048	0.76556	0.01396	0.02119	0.01193	0.01799	0.01575	0.01051	0.01561	0.00886	0.01041	0.00632	0.00472	0.00467	0.00156	0.00728	0.00364	0.00211	0.00732
21	0.00866	0.00433	0.00649	0.00649	0.00649	0.00433	0.00433	0.00649	0.00649	0.00866	0.00866	0.01515	0.00866	0.01732	0.01948	0.85498	0.00433	0.00433	0.00216	0.00216
22	0.00705	0.00510	0.00666	0.00627	0.00745	0.00470	0.00470	0.00941	0.01411	0.01999	0.79110	0.03723	0.04703	0.01019	0.00588	0.00157	0.00235	0.00901	0.00549	0.00470
23	0.01895	0.01396	0.01496	0.01147	0.01546	0.01546	0.00947	0.77711	0.02344	0.03141	0.01197	0.01197	0.00848	0.00598	0.00499	0.00150	0.00548	0.00449	0.00499	0.00848
24	0.00785	0.00561	0.00782	0.00897	0.01004	0.00558	0.00771	0.01001	0.01129	0.01471	0.02649	0.12823	0.02909	0.01394	0.00684	0.00227	0.00443	0.69000	0.00459	0.00454
25	0.00607	0.00434	0.00578	0.00694	0.00723	0.00405	0.00463	0.00694	0.00954	0.01272	0.02747	0.82157	0.03297	0.01562	0.00636	0.00202	0.00289	0.01417	0.00463	0.00405
26	0.67316	0.00938	0.00827	0.00707	0.01033	0.01032	0.00583	0.01680	0.00977	0.19521	0.00978	0.01008	0.00695	0.00497	0.00351	0.00154	0.00394	0.00322	0.00377	0.00609
27	0.01034	0.00886	0.01034	0.00738	0.01181	0.00664	0.00591	0.01255	0.01034	0.01624	0.00886	0.01034	0.00738	0.00369	0.00369	0.00074	0.00369	0.00295	0.00295	0.85530
28	0.00941	0.00886	0.01495	0.81285	0.03433	0.01107	0.01384	0.01274	0.00997	0.01274	0.00886	0.01329	0.00664	0.00498	0.00498	0.00166	0.00664	0.00443	0.00221	0.00554
29	0.01240	0.01071	0.01127	0.01014	0.01296	0.01240	0.00789	0.02649	0.78473	0.02085	0.02029	0.01860	0.01522	0.00676	0.00507	0.00169	0.00394	0.00564	0.00507	0.00789
30	0.01000	0.02578	0.79900	0.01421	0.02157	0.01158	0.01842	0.01579	0.01052	0.01579	0.00895	0.01052	0.00631	0.00474	0.00474	0.00158	0.00737	0.00368	0.00210	0.00737
31	0.00589	0.00505	0.00505	0.00505	0.00673	0.00421	0.00379	0.00715	0.01136	0.01347	0.05049	0.04797	0.79171	0.01262	0.00589	0.00168	0.00252	0.01052	0.00463	0.00421
32	0.02070	0.00960	0.01203	0.00929	0.01306	0.00909	0.00765	0.20163	0.01629	0.57515	0.01944	0.01739	0.05194	0.00646	0.00505	0.00154	0.00445	0.00517	0.00581	0.00826
33	0.01862	0.02376	0.01413	0.01284	0.01541	0.80482	0.00963	0.01990	0.01413	0.01220	0.00770	0.00899	0.00642	0.00514	0.00449	0.00128	0.00899	0.00321	0.00257	0.00578
34	0.00941	0.00886	0.01495	0.81285	0.03433	0.01107	0.01384	0.01274	0.00997	0.01274	0.00886	0.01329	0.00664	0.00498	0.00498	0.00166	0.00664	0.00443	0.00221	0.00554
35	0.00725	0.00483	0.00544	0.00544	0.00544	0.00483	0.00302	0.00725	0.00725	0.00966	0.01571	0.03262	0.01812	0.82483	0.02537	0.00483	0.00483	0.00725	0.00302	0.00302
36	0.01371	0.01602	0.02323	0.05321	0.12128	0.24060	0.42595	0.01688	0.01232	0.01479	0.00926	0.01201	0.00724	0.00453	0.00532	0.00154	0.00818	0.00487	0.00251	0.00655
37	0.01851	0.01453	0.01491	0.01165	0.01533	0.07420	0.00956	0.68098	0.02192	0.02897	0.01137	0.01169	0.00822	0.00606	0.00554	0.00152	0.04786	0.00439	0.00466	0.00812
38	0.00725	0.00483	0.00544	0.00544	0.00544	0.00483	0.00302	0.00725	0.00725	0.00966	0.01571	0.03262	0.01812	0.82483	0.02537	0.00483	0.00483	0.00725	0.00302	0.00302
39	0.00607	0.00434	0.00578	0.00694	0.00723	0.00405	0.00463	0.00694	0.00954	0.01272	0.02747	0.82157	0.03297	0.01562	0.00636	0.00202	0.00289	0.01417	0.00463	0.00405
40	0.00941	0.00886	0.01495	0.81285	0.03433	0.01107	0.01384	0.01274	0.00997	0.01274	0.00886	0.01329	0.00664	0.00498	0.00498	0.00166	0.00664	0.00443	0.00221	0.00554
41	0.01300	0.01173	0.01157	0.01037	0.01320	0.06975	0.00805	0.04393	0.71086	0.02048	0.01918	0.01774	0.01442	0.00663	0.00503	0.00166	0.00435	0.00543	0.00489	0.00775
42	0.00724	0.00486	0.00557	0.00557	0.00562	0.00491	0.00319	0.00733	0.00729	0.00976	0.01558	0.03194	0.01783	0.78389	0.06590	0.00500	0.00528	0.00715	0.00300	0.00309
43	0.00751	0.06456	0.00807	0.00643	0.00783	0.00579	0.00498	0.00981	0.01382	0.01939	0.73442	0.03512	0.04409	0.00976	0.00569	0.00153	0.00257	0.00856	0.00524	0.00483
44	0.01333	0.82783	0.02612	0.00853	0.01279	0.01972	0.00853	0.01493	0.01013	0.01173	0.00693	0.00800	0.00640	0.00426	0.00320	0.00107	0.00533	0.00267	0.00213	0.00640

[dist]
# distance from previous block
# <min> <max>
0	1

[block]
# block no. 7 follows, 50 sequences, length 485
# corresponding to MSA columns:
# 733-977,979-1004,1007-1220
name=unknown_H
#
# <colnr> <probs for GDERKNQSTAVLIFYWHMCP>
#	G	D	E	R	K	N	Q	S	T	A	V	L	I	F	Y	W	H	M	C	P
0	0.01068	0.01016	0.01725	0.47273	0.36451	0.01141	0.01448	0.01385	0.01057	0.01428	0.00908	0.01287	0.00719	0.00475	0.00496	0.00158	0.00633	0.00443	0.00232	0.00656
1	0.80970	0.00990	0.00778	0.00685	0.00999	0.01144	0.00564	0.06028	0.00938	0.02291	0.00724	0.00833	0.00558	0.00471	0.00320	0.00154	0.00395	0.00281	0.00320	0.00558
2	0.01655	0.01111	0.01598	0.01245	0.01561	0.04471	0.15667	0.07908	0.07183	0.32296	0.01470	0.01504	0.02412	0.00640	0.00744	0.00170	0.16697	0.00508	0.00431	0.00730
3	0.00750	0.00598	0.00946	0.00891	0.01001	0.00688	0.05009	0.00940	0.00821	0.01183	0.01295	0.01896	0.01200	0.03459	0.73472	0.00747	0.03845	0.00534	0.00265	0.00461
4	0.01059	0.00881	0.00972	0.00884	0.01110	0.00980	0.00681	0.02072	0.52456	0.02056	0.28052	0.02489	0.02596	0.00792	0.00534	0.00165	0.00341	0.00678	0.00521	0.00681
5	0.00712	0.00534	0.00801	0.00801	0.00890	0.00623	0.00623	0.00890	0.00801	0.01157	0.01335	0.01958	0.01246	0.03738	0.80507	0.00801	0.01335	0.00534	0.00267	0.00445
6	0.00941	0.00886	0.01495	0.81285	0.03433	0.01107	0.01384	0.01274	0.00997	0.01274	0.00886	0.01329	0.00664	0.00498	0.00498	0.00166	0.00664	0.00443	0.00221	0.00554
7	0.01311	0.65012	0.15027	0.00970	0.01437	0.06539	0.01019	0.01536	0.01043	0.01241	0.00730	0.00846	0.00638	0.00439	0.00352	0.00116	0.00588	0.00286	0.00215	0.00652
8	0.00980	0.00907	0.01495	0.78050	0.03357	0.01125	0.01367	0.04359	0.01051	0.01349	0.00898	0.01324	0.00672	0.00502	0.00498	0.00165	0.00660	0.00443	0.00233	0.00566
9	0.00592	0.00505	0.00510	0.00509	0.00675	0.00422	0.00381	0.00722	0.01144	0.01366	0.07207	0.04766	0.77001	0.01255	0.00589	0.00168	0.00252	0.01048	0.00465	0.00422
10	0.00952	0.00898	0.01507	0.77199	0.04876	0.01122	0.01378	0.01276	0.00992	0.01278	0.00880	0.01319	0.00667	0.00509	0.00534	0.00167	0.03222	0.00443	0.00222	0.00558
11	0.00972	0.00930	0.01612	0.72102	0.07698	0.01121	0.05951	0.01307	0.01015	0.01313	0.00896	0.01324	0.00677	0.00491	0.00503	0.00165	0.00671	0.00452	0.00225	0.00574
12	0.00803	0.00574	0.00803	0.00918	0.01033	0.00574	0.00803	0.01033	0.01147	0.01492	0.02639	0.05622	0.02869	0.01377	0.00688	0.00229	0.00459	0.76018	0.00459	0.00459
13	0.00929	0.00465	0.00465	0.00465	0.00581	0.00465	0.00348	0.01161	0.01045	0.01858	0.01626	0.01858	0.01278	0.00581	0.00348	0.00116	0.00232	0.00465	0.85250	0.00465
14	0.01000	0.02578	0.79900	0.01421	0.02157	0.01158	0.01842	0.01579	0.01052	0.01579	0.00895	0.01052	0.00631	0.00474	0.00474	0.00158	0.00737	0.00368	0.00210	0.00737
15	0.01178	0.01339	0.02912	0.02131	0.05033	0.01258	0.75158	0.01595	0.01175	0.01598	0.01006	0.01341	0.00757	0.00421	0.00585	0.00167	0.00832	0.00584	0.00252	0.00676
16	0.01862	0.02376	0.01413	0.01284	0.01541	0.80482	0.00963	0.01990	0.01413	0.01220	0.00770	0.00899	0.00642	0.00514	0.00449	0.00128	0.00899	0.00321	0.00257	0.00578
17	0.01317	0.01375	0.01682	0.02291	0.48159	0.20250	0.01278	0.01562	0.01204	0.01508	0.01167	0.01848	0.01083	0.00609	0.00514	0.00156	0.00645	0.12382	0.00283	0.00686
18	0.01890	0.01357	0.01463	0.01124	0.01517	0.01493	0.00927	0.73236	0.02282	0.06208	0.01236	0.01229	0.00871	0.00599	0.00496	0.00149	0.00538	0.00451	0.02094	0.00841
19	0.01895	0.01396	0.01496	0.01147	0.01546	0.01546	0.00947	0.77711	0.02344	0.03141	0.01197	0.01197	0.00848	0.00598	0.00499	0.00150	0.00548	0.00449	0.00499	0.00848
20	0.00725	0.00483	0.00544	0.00544	0.00544	0.00483	0.00302	0.00725	0.00725	0.00966	0.01571	0.03262	0.01812	0.82483	0.02537	0.00483	0.00483	0.00725	0.00302	0.00302
21	0.00704	0.00511	0.00665	0.00630	0.00749	0.00471	0.00475	0.00936	0.01398	0.01970	0.75430	0.03794	0.06725	0.01033	0.00590	0.00159	0.00240	0.02507	0.00544	0.00469
22	0.00701	0.00509	0.00660	0.00622	0.00742	0.00468	0.00467	0.00932	0.01400	0.01972	0.76121	0.03767	0.07709	0.01029	0.00588	0.00157	0.00236	0.00908	0.00545	0.00468
23	0.01818	0.01314	0.01423	0.01103	0.01481	0.01443	0.00907	0.68186	0.04473	0.05876	0.05870	0.01384	0.01110	0.00626	0.00504	0.00151	0.00521	0.00481	0.00506	0.00824
24	0.00714	0.00527	0.00768	0.00768	0.00845	0.00605	0.00581	0.00869	0.00791	0.01132	0.01366	0.02127	0.01319	0.13936	0.70410	0.00760	0.01225	0.00559	0.00272	0.00427
25	0.01303	0.01091	0.01162	0.01013	0.01316	0.01230	0.00798	0.12250	0.62257	0.02181	0.01867	0.01809	0.01418	0.00664	0.00502	0.00162	0.00414	0.02227	0.00492	0.05846
26	0.01303	0.75689	0.09448	0.00903	0.01357	0.01900	0.00940	0.01500	0.01016	0.01209	0.00711	0.00822	0.00639	0.00431	0.00333	0.00111	0.00551	0.00276	0.00213	0.00648
27	0.00611	0.00437	0.00582	0.00691	0.00724	0.00408	0.00463	0.00705	0.00974	0.01303	0.05996	0.78821	0.03357	0.01539	0.00634	0.00200	0.00287	0.01395	0.00466	0.00408
28	0.02236	0.00848	0.01157	0.00887	0.01272	0.00733	0.00733	0.02429	0.01427	0.79719	0.01966	0.01697	0.01234	0.00617	0.00501	0.00154	0.00424	0.00501	0.00617	0.00848
29	0.01570	0.03678	0.01429	0.02838	0.01473	0.49637	0.00975	0.04757	0.01236	0.01288	0.00800	0.01036	0.00695	0.00823	0.06275	0.00197	0.20093	0.00370	0.00256	0.00573
30	0.01421	0.04125	0.01827	0.02347	0.48653	0.25492	0.01310	0.01651	0.01195	0.01465	0.00863	0.01109	0.00732	0.00489	0.00539	0.00145	0.05285	0.00400	0.00247	0.00706
31	0.01080	0.02018	0.44940	0.01730	0.02361	0.01204	0.36239	0.01587	0.01109	0.01587	0.00946	0.01185	0.00688	0.00449	0.00526	0.00162	0.00784	0.00468	0.00229	0.00707
32	0.01084	0.01082	0.01525	0.04540	0.01394	0.01510	0.01102	0.01203	0.00773	0.01203	0.00664	0.01100	0.00655	0.00857	0.01590	0.00216	0.78301	0.00436	0.00218	0.00546
33	0.00740	0.00517	0.00677	0.00633	0.00757	0.00476	0.00476	0.00974	0.01411	0.03744	0.77378	0.03678	0.04625	0.01010	0.00586	0.00157	0.00239	0.00892	0.00550	0.00479
34	0.00607	0.00434	0.00578	0.00694	0.00723	0.00405	0.00463	0.00694	0.00954	0.01272	0.02747	0.82157	0.03297	0.01562	0.00636	0.00202	0.00289	0.01417	0.00463	0.00405
35	0.02236	0.00848	0.01157	0.00887	0.01272	0.00733	0.00733	0.02429	0.01427	0.79719	0.01966	0.01697	0.01234	0.00617	0.00501	0.00154	0.00424	0.00501	0.00617	0.00848
36	0.00712	0.00534	0.00801	0.00801	0.00890	0.00623	0.00623	0.00890	0.00801	0.01157	0.01335	0.01958	0.01246	0.03738	0.80507	0.00801	0.01335	0.00534	0.00267	0.00445
37	0.00725	0.00483	0.00544	0.00544	0.00544	0.00483	0.00302	0.00725	0.00725	0.00966	0.01571	0.03262	0.01812	0.82483	0.02537	0.00483	0.00483	0.00725	0.00302	0.00302
38	0.00607	0.00434	0.00578	0.00694	0.00723	0.00405	0.00463	0.00694	0.00954	0.01272	0.02747	0.82157	0.03297	0.01562	0.00636	0.00202	0.00289	0.01417	0.00463	0.00405
39	0.01034	0.00886	0.01034	0.00738	0.01181	0.00664	0.00591	0.01255	0.01034	0.01624	0.00886	0.01034	0.00738	0.00369	0.00369	0.00074	0.00369	0.00295	0.00295	0.85530
40	0.01007	0.04379	0.78165	0.01408	0.02138	0.01176	0.01819	0.01577	0.01051	0.01569	0.00890	0.01047	0.00632	0.00473	0.00470	0.00157	0.00732	0.00366	0.00211	0.00734
41	0.02236	0.00848	0.01157	0.00887	0.01272	0.00733	0.00733	0.02429	0.01427	0.79719	0.01966	0.01697	0.01234	0.00617	0.00501	0.00154	0.00424	0.00501	0.00617	0.00848
42	0.01034	0.00886	0.01034	0.00738	0.01181	0.00664	0.00591	0.01255	0.01034	0.01624	0.00886	0.01034	0.00738	0.00369	0.00369	0.00074	0.00369	0.00295	0.00295	0.85530
43	0.00786	0.00583	0.00779	0.00700	0.00756	0.00583	0.07155	0.00880	0.03903	0.01067	0.01539	0.03036	0.01707	0.71923	0.02283	0.00443	0.00511	0.00706	0.00306	0.00354
44	0.01176	0.01345	0.02941	0.02101	0.02605	0.01261	0.77563	0.01597	0.01176	0.01597	0.01008	0.01345	0.00756	0.00420	0.00588	0.00168	0.00840	0.00588	0.00252	0.00672
45	0.00799	0.00572	0.00797	0.00910	0.01025	0.00571	0.00795	0.01026	0.01147	0.01489	0.02688	0.05606	0.04406	0.01375	0.00686	0.00228	0.00455	0.74508	0.00459	0.00458
46	0.00612	0.00436	0.00577	0.00688	0.00715	0.00408	0.00456	0.00695	0.00945	0.01259	0.02697	0.78812	0.03234	0.04993	0.00717	0.00214	0.00297	0.01388	0.00456	0.00400
47	0.01053	0.15372	0.67571	0.01330	0.02017	0.01288	0.01684	0.01565	0.01046	0.01514	0.00862	0.01012	0.00633	0.00466	0.00449	0.00150	0.00704	0.00352	0.00211	0.00721
48	0.00589	0.00505	0.00505	0.00505	0.00673	0.00421	0.00379	0.00715	0.01136	0.01347	0.05049	0.04797	0.79171	0.01262	0.00589	0.00168	0.00252	0.01052	0.00463	0.00421
49	0.00749	0.00511	0.00623	0.00658	0.00693	0.00511	0.00455	0.00819	0.00854	0.01127	0.01897	0.03984	0.02135	0.57666	0.01971	0.00406	0.00476	0.23763	0.00350	0.00350
50	0.01333	0.82783	0.02612	0.00853	0.01279	0.01972	0.00853	0.01493	0.01013	0.01173	0.00693	0.00800	0.00640	0.00426	0.00320	0.00107	0.00533	0.00267	0.00213	0.00640
51	0.01250	0.01235	0.02040	0.04573	0.70279	0.04387	0.05824	0.01547	0.01146	0.01603	0.00934	0.01228	0.00779	0.00447	0.00497	0.00149	0.00620	0.00447	0.00247	0.00769
52	0.00705	0.00510	0.00666	0.00627	0.00745	0.00470	0.00470	0.00941	0.01411	0.01999	0.79110	0.03723	0.04703	0.01019	0.00588	0.00157	0.00235	0.00901	0.00549	0.00470
53	0.02236	0.00848	0.01157	0.00887	0.01272	0.00733	0.00733	0.02429	0.01427	0.79719	0.01966	0.01697	0.01234	0.00617	0.00501	0.00154	0.00424	0.00501	0.00617	0.00848
54	0.01234	0.01184	0.02023	0.03059	0.79373	0.01184	0.01530	0.01530	0.01135	0.01628	0.00938	0.01234	0.00790	0.00444	0.00493	0.00148	0.00592	0.00444	0.00247	0.00790
55	0.01165	0.42355	0.41569	0.01139	0.01722	0.01562	0.01351	0.01536	0.01033	0.01377	0.00795	0.00927	0.00636	0.00450	0.00397	0.00132	0.00636	0.00318	0.00212	0.00689
56	0.00795	0.00568	0.00794	0.00909	0.01020	0.00567	0.00789	0.01019	0.01140	0.01483	0.02643	0.08711	0.02886	0.01384	0.00686	0.00228	0.00452	0.73007	0.00459	0.00457
57	0.00705	0.00510	0.00666	0.00627	0.00745	0.00470	0.00470	0.00941	0.01411	0.01999	0.79110	0.03723	0.04703	0.01019	0.00588	0.00157	0.00235	0.00901	0.00549	0.00470
58	0.00607	0.00434	0.00578	0.00694	0.00723	0.00405	0.00463	0.00694	0.00954	0.01272	0.02747	0.82157	0.03297	0.01562	0.00636	0.00202	0.00289	0.01417	0.00463	0.00405
59	0.01895	0.01396	0.01496	0.01147	0.01546	0.01546	0.00947	0.77711	0.02344	0.03141	0.01197	0.01197	0.00848	0.00598	0.00499	0.00150	0.00548	0.00449	0.00499	0.00848
60	0.00592	0.00493	0.00517	0.00535	0.00681	0.00418	0.00392	0.00712	0.01107	0.01335	0.04677	0.17296	0.66912	0.01311	0.00597	0.00174	0.00258	0.01111	0.00463	0.00418
61	0.00721	0.00499	0.00622	0.00622	0.00650	0.00526	0.00400	0.00775	0.00748	0.01025	0.01498	0.02863	0.01639	0.58389	0.26394	0.00580	0.00744	0.00666	0.00291	0.00346
62	0.01034	0.00886	0.01034	0.00738	0.01181	0.00664	0.00591	0.01255	0.01034	0.01624	0.00886	0.01034	0.00738	0.00369	0.00369	0.00074	0.00369	0.00295	0.00295	0.85530
63	0.01261	0.01081	0.01139	0.01019	0.01304	0.01249	0.00794	0.05023	0.76065	0.02119	0.02002	0.01839	0.01500	0.00674	0.00507	0.00168	0.00399	0.00560	0.00507	0.00791
64	0.00712	0.00534	0.00801	0.00801	0.00890	0.00623	0.00623	0.00890	0.00801	0.01157	0.01335	0.01958	0.01246	0.03738	0.80507	0.00801	0.01335	0.00534	0.00267	0.00445
65	0.01013	0.05815	0.76781	0.01398	0.02122	0.01190	0.01802	0.01575	0.01051	0.01562	0.00886	0.01042	0.00632	0.00472	0.00467	0.00156	0.00728	0.00364	0.00211	0.00733
66	0.00941	0.00886	0.01495	0.81285	0.03433	0.01107	0.01384	0.01274	0.00997	0.01274	0.00886	0.01329	0.00664	0.00498	0.00498	0.00166	0.00664	0.00443	0.00221	0.00554
