[name]
unknown

[dist]
# distance from previous block
# <min> <max>
43	955

[block]
# block no. 0 follows, 37 sequences, length 6
# corresponding to MSA columns:
# 1093-1098
name=unknown_A
#
# <colnr> <probs for GDERKNQSTAVLIFYWHMCP>
#	G	D	E	R	K	N	Q	S	T	A	V	L	I	F	Y	W	H	M	C	P
0	0.00983	0.00749	0.01053	0.01241	0.10298	0.00739	0.00830	0.01214	0.01371	0.01874	0.23139	0.04648	0.06078	0.16261	0.06491	0.00349	0.00577	0.21017	0.00509	0.00579
1	0.01477	0.02749	0.52483	0.09436	0.02628	0.10801	0.01958	0.02048	0.01378	0.07740	0.01184	0.01367	0.00841	0.00605	0.00584	0.00190	0.00890	0.00468	0.00307	0.00868
2	0.07494	0.31244	0.13473	0.01407	0.01972	0.05742	0.12190	0.02118	0.01391	0.15733	0.01251	0.01349	0.00937	0.00585	0.00522	0.00169	0.00736	0.00466	0.00374	0.00846
3	0.01582	0.11823	0.35884	0.07336	0.02360	0.01672	0.01682	0.20441	0.07267	0.02397	0.01271	0.01403	0.00933	0.00636	0.00572	0.00185	0.00774	0.00488	0.00380	0.00913
4	0.09971	0.13153	0.01781	0.01484	0.15416	0.01253	0.01010	0.01859	0.01327	0.11224	0.01207	0.01346	0.00952	0.00532	0.00486	0.00137	0.00547	0.00421	0.00387	0.35505
5	0.10279	0.23230	0.02205	0.07476	0.10828	0.11624	0.05440	0.02158	0.01430	0.17961	0.01288	0.01399	0.00968	0.00603	0.00525	0.00170	0.00711	0.00468	0.00399	0.00836

[dist]
# distance from previous block
# <min> <max>
157	297

[block]
# block no. 1 follows, 37 sequences, length 67
# corresponding to MSA columns:
# 1466-1532
name=unknown_B
#
# <colnr> <probs for GDERKNQSTAVLIFYWHMCP>
#	G	D	E	R	K	N	Q	S	T	A	V	L	I	F	Y	W	H	M	C	P
0	0.01192	0.00933	0.01056	0.01007	0.01220	0.00987	0.00753	0.11682	0.21367	0.02261	0.10344	0.31596	0.10423	0.01347	0.00702	0.00218	0.00424	0.01174	0.00600	0.00714
1	0.01122	0.00763	0.00941	0.00982	0.06201	0.00735	0.00635	0.01375	0.06316	0.09117	0.12483	0.04006	0.20266	0.28490	0.03655	0.00359	0.00508	0.00945	0.00510	0.00591
2	0.00732	0.00620	0.00631	0.00629	0.00832	0.00520	0.00471	0.00894	0.01414	0.01699	0.10052	0.05817	0.70542	0.01533	0.00723	0.00206	0.00309	0.01281	0.00574	0.00520
3	0.01445	0.01651	0.03612	0.02580	0.03199	0.01548	0.72446	0.01961	0.01445	0.01961	0.01238	0.01651	0.00929	0.00516	0.00722	0.00206	0.01032	0.00722	0.00310	0.00826
4	0.01761	0.00899	0.01191	0.01087	0.01388	0.00857	0.00907	0.02173	0.08990	0.32430	0.10026	0.04190	0.02747	0.01170	0.00715	0.00227	0.00510	0.27266	0.00662	0.00805
5	0.82811	0.01184	0.00900	0.00805	0.01184	0.01373	0.00663	0.01799	0.01042	0.02746	0.00852	0.00994	0.00663	0.00568	0.00379	0.00189	0.00474	0.00331	0.00379	0.00663
6	0.00797	0.00583	0.00749	0.00792	0.00893	0.00535	0.00562	0.00988	0.01442	0.01965	0.34922	0.38300	0.12032	0.01587	0.00749	0.00220	0.00321	0.01415	0.00615	0.00535
7	0.82811	0.01184	0.00900	0.00805	0.01184	0.01373	0.00663	0.01799	0.01042	0.02746	0.00852	0.00994	0.00663	0.00568	0.00379	0.00189	0.00474	0.00331	0.00379	0.00663
8	0.01156	0.01088	0.01836	0.77016	0.04216	0.01360	0.01700	0.01564	0.01224	0.01564	0.01088	0.01632	0.00816	0.00612	0.00612	0.00204	0.00816	0.00544	0.00272	0.00680
9	0.00880	0.00636	0.00881	0.00881	0.00955	0.00710	0.00638	0.01027	0.00953	0.01345	0.01733	0.02923	0.01755	0.28504	0.52456	0.00857	0.01301	0.00732	0.00342	0.00490
10	0.01653	0.01363	0.01418	0.01254	0.01614	0.03524	0.00981	0.06704	0.64006	0.06696	0.02394	0.02200	0.01778	0.00816	0.00620	0.00204	0.00513	0.00673	0.00622	0.00970
11	0.01063	0.00532	0.00797	0.00797	0.00797	0.00532	0.00532	0.00797	0.00797	0.01063	0.01063	0.01861	0.01063	0.02127	0.02392	0.82190	0.00532	0.00532	0.00266	0.00266
12	0.01331	0.01398	0.02627	0.01960	0.02450	0.01357	0.45176	0.02025	0.15894	0.02026	0.02382	0.02540	0.14329	0.00765	0.00703	0.00207	0.00792	0.00819	0.00419	0.00799
13	0.02213	0.01658	0.01773	0.01385	0.01855	0.01845	0.01136	0.62829	0.12862	0.03675	0.01614	0.01585	0.01158	0.00748	0.00614	0.00187	0.00647	0.00571	0.00614	0.01031
14	0.00870	0.00585	0.00674	0.00694	0.00699	0.00580	0.00399	0.00885	0.00930	0.01240	0.02133	0.14469	0.02483	0.67673	0.02786	0.00545	0.00560	0.01010	0.00399	0.00389
15	0.02287	0.02917	0.01735	0.01577	0.01892	0.76030	0.01183	0.02444	0.01735	0.01498	0.00946	0.01104	0.00788	0.00631	0.00552	0.00158	0.01104	0.00394	0.00315	0.00710
16	0.00723	0.00620	0.00620	0.00620	0.00827	0.00517	0.00465	0.00878	0.01395	0.01654	0.06201	0.05891	0.74421	0.01550	0.00723	0.00207	0.00310	0.01292	0.00568	0.00517
17	0.30861	0.01177	0.01492	0.10962	0.10314	0.01256	0.06065	0.06868	0.01354	0.07757	0.01521	0.09356	0.03185	0.00753	0.00548	0.00193	0.00586	0.00620	0.00421	0.04711
18	0.01727	0.01433	0.02062	0.02712	0.44304	0.03885	0.01507	0.05349	0.17236	0.11118	0.01605	0.01736	0.01229	0.00644	0.00609	0.00188	0.00659	0.00581	0.00442	0.00973
19	0.00884	0.00618	0.00794	0.00794	0.00838	0.00662	0.00529	0.00971	0.00928	0.01281	0.01813	0.03365	0.01947	0.48891	0.32331	0.00750	0.01012	0.00796	0.00354	0.00441
20	0.01435	0.00657	0.00726	0.00666	0.00869	0.00631	0.00514	0.01712	0.01370	0.15628	0.02073	0.02246	0.01559	0.00721	0.00462	0.00151	0.00328	0.00579	0.67015	0.00657
21	0.01486	0.39330	0.36633	0.01392	0.02091	0.01928	0.01618	0.05882	0.01359	0.01808	0.01001	0.01154	0.00795	0.00563	0.00493	0.00163	0.00772	0.00398	0.00280	0.00855
22	0.06218	0.01507	0.02532	0.09120	0.15859	0.01546	0.28394	0.19098	0.01755	0.02461	0.04520	0.01674	0.01156	0.00619	0.00645	0.00195	0.00804	0.00627	0.00399	0.00871
23	0.00930	0.00601	0.00645	0.00634	0.00800	0.00553	0.00476	0.01170	0.01427	0.02101	0.20265	0.04085	0.28202	0.01133	0.00600	0.00177	0.00295	0.00949	0.34403	0.00553
24	0.01901	0.02601	0.15017	0.01841	0.02340	0.41717	0.18579	0.05385	0.01639	0.01792	0.01067	0.01285	0.00831	0.00599	0.00601	0.00177	0.01033	0.00491	0.00317	0.00786
25	0.01824	0.01453	0.01825	0.12124	0.02224	0.01617	0.07665	0.29265	0.26668	0.06110	0.01787	0.01815	0.01304	0.00731	0.00626	0.00197	0.00655	0.00617	0.00547	0.00946
26	0.01025	0.00964	0.01810	0.01492	0.01747	0.00906	0.27882	0.01277	0.01250	0.01680	0.02430	0.42263	0.02696	0.08371	0.00972	0.00264	0.00634	0.01276	0.00452	0.00611
27	0.00834	0.00606	0.00805	0.00932	0.01025	0.00577	0.00715	0.01011	0.01284	0.01673	0.03614	0.43923	0.11073	0.01795	0.00799	0.00257	0.00429	0.27557	0.00567	0.00524
28	0.01305	0.01240	0.02106	0.46556	0.33509	0.01399	0.01774	0.01695	0.01295	0.01745	0.01114	0.01583	0.00880	0.00584	0.00610	0.00195	0.00779	0.00545	0.00285	0.00800
29	0.01847	0.01732	0.02201	0.02804	0.44411	0.12110	0.01584	0.21382	0.01849	0.02439	0.01210	0.01444	0.00964	0.00609	0.00600	0.00179	0.00766	0.00526	0.00390	0.00952
30	0.00746	0.00533	0.00710	0.00852	0.00888	0.00497	0.00568	0.00852	0.01172	0.01563	0.03374	0.78088	0.04049	0.01918	0.00781	0.00249	0.00355	0.01740	0.00568	0.00497
31	0.01787	0.01461	0.01739	0.01400	0.01822	0.01603	0.08253	0.31782	0.31237	0.02968	0.02229	0.02163	0.07088	0.00815	0.00636	0.00197	0.00605	0.00683	0.00583	0.00949
32	0.02386	0.01620	0.01778	0.01363	0.01851	0.01757	0.01126	0.62791	0.02719	0.13919	0.01603	0.01556	0.01108	0.00738	0.00613	0.00185	0.00652	0.00560	0.00633	0.01041
33	0.00752	0.00612	0.00670	0.00709	0.00878	0.00530	0.00532	0.00909	0.01356	0.01653	0.05413	0.19217	0.55053	0.01630	0.00745	0.00221	0.00341	0.07693	0.00568	0.00517
34	0.00866	0.00626	0.00818	0.00770	0.00914	0.00578	0.00578	0.01155	0.01733	0.02455	0.74346	0.04572	0.05776	0.01251	0.00722	0.00193	0.00289	0.01107	0.00674	0.00578
35	0.02099	0.01504	0.01651	0.01324	0.01749	0.01645	0.01100	0.57557	0.02571	0.05504	0.01769	0.02289	0.01427	0.00870	0.00638	0.00196	0.00637	0.10440	0.04075	0.00954
36	0.01445	0.01651	0.03612	0.02580	0.03199	0.01548	0.72446	0.01961	0.01445	0.01961	0.01238	0.01651	0.00929	0.00516	0.00722	0.00206	0.01032	0.00722	0.00310	0.00826
37	0.00723	0.00620	0.00620	0.00620	0.00827	0.00517	0.00465	0.00878	0.01395	0.01654	0.06201	0.05891	0.74421	0.01550	0.00723	0.00207	0.00310	0.01292	0.00568	0.00517
38	0.29991	0.04055	0.01481	0.01299	0.01641	0.48650	0.01001	0.02208	0.01485	0.01927	0.00912	0.01063	0.00745	0.00607	0.00489	0.00168	0.00877	0.00371	0.00336	0.00695
39	0.00977	0.00767	0.01036	0.06371	0.01194	0.00903	0.00734	0.01090	0.00948	0.01327	0.01605	0.02951	0.01698	0.39424	0.23521	0.00624	0.13263	0.00742	0.00335	0.00491
40	0.00761	0.00632	0.00672	0.00692	0.00889	0.00543	0.00539	0.00934	0.01397	0.01679	0.05783	0.06034	0.64407	0.01570	0.00741	0.00217	0.00346	0.11074	0.00568	0.00523
41	0.01702	0.01253	0.01778	0.45535	0.03205	0.01443	0.01440	0.21274	0.01753	0.12579	0.01380	0.01651	0.00977	0.00666	0.00613	0.00196	0.00735	0.00556	0.00434	0.00830
42	0.01368	0.05730	0.01460	0.05206	0.11809	0.17934	0.01026	0.04972	0.01461	0.01761	0.04275	0.28180	0.05557	0.01183	0.00666	0.00205	0.00641	0.05448	0.00447	0.00671
43	0.01728	0.68130	0.03000	0.01122	0.01616	0.12819	0.01067	0.01919	0.01313	0.01448	0.00864	0.00999	0.00786	0.00539	0.00415	0.00135	0.00718	0.00337	0.00269	0.00775
44	0.00732	0.00587	0.00654	0.00708	0.00850	0.00509	0.00504	0.00869	0.01310	0.01619	0.05126	0.33344	0.47661	0.01690	0.00745	0.00223	0.00327	0.01462	0.00568	0.00509
45	0.01317	0.01262	0.02086	0.38734	0.30420	0.01468	0.01716	0.01670	0.01248	0.01716	0.01072	0.01547	0.00872	0.00652	0.00807	0.00205	0.11595	0.00543	0.00283	0.00788
46	0.11792	0.01633	0.01566	0.01288	0.01660	0.14938	0.02571	0.28012	0.04395	0.09884	0.10276	0.01808	0.01585	0.00779	0.00669	0.00187	0.05000	0.00578	0.00527	0.00851
47	0.01221	0.01167	0.02014	0.63051	0.14118	0.01382	0.05164	0.01628	0.01259	0.01645	0.01104	0.01616	0.00843	0.00598	0.00617	0.00201	0.00814	0.00553	0.00278	0.00728
48	0.00744	0.00621	0.00648	0.00641	0.00839	0.00525	0.00481	0.00918	0.01443	0.01767	0.15826	0.05705	0.64725	0.01508	0.00723	0.00205	0.00307	0.01266	0.00583	0.00525
49	0.01614	0.36944	0.29253	0.01377	0.02025	0.05283	0.01513	0.11898	0.01514	0.01966	0.01033	0.01170	0.00818	0.00579	0.00500	0.00163	0.00769	0.00408	0.00313	0.00862
50	0.01246	0.01518	0.14361	0.24135	0.08719	0.02612	0.14213	0.03275	0.01370	0.01836	0.01640	0.05726	0.01505	0.00851	0.00677	0.00217	0.00796	0.14200	0.00356	0.00746
51	0.00742	0.00582	0.00672	0.00742	0.00868	0.00513	0.00528	0.00878	0.01293	0.01617	0.04811	0.39175	0.39912	0.01724	0.00754	0.00228	0.00338	0.03545	0.00568	0.00509
52	0.01372	0.02160	0.32808	0.06628	0.36341	0.01442	0.06711	0.01893	0.01346	0.01949	0.01132	0.01438	0.00878	0.00562	0.00604	0.00190	0.00826	0.00518	0.00283	0.00918
53	0.03951	0.01698	0.01953	0.03264	0.05449	0.08861	0.08479	0.41392	0.06357	0.10164	0.01508	0.01554	0.01082	0.00695	0.00613	0.00186	0.00728	0.00563	0.00540	0.00963
54	0.00887	0.00606	0.00733	0.00733	0.00756	0.00629	0.00453	0.00932	0.00910	0.01236	0.01869	0.03673	0.02081	0.63133	0.18273	0.00675	0.00811	0.00841	0.00362	0.00407
55	0.02419	0.02233	0.01663	0.01419	0.01803	0.44933	0.01102	0.12505	0.01901	0.22036	0.01423	0.01424	0.01024	0.00680	0.00578	0.00170	0.00883	0.00477	0.00479	0.00848
56	0.00810	0.00589	0.00777	0.00904	0.00986	0.00556	0.00673	0.00969	0.01260	0.01646	0.03624	0.51230	0.11035	0.01818	0.00793	0.00253	0.00408	0.20585	0.00567	0.00517
57	0.00890	0.00593	0.00668	0.00668	0.00668	0.00593	0.00371	0.00890	0.00890	0.01187	0.01929	0.04006	0.02225	0.78487	0.03116	0.00593	0.00593	0.00890	0.00371	0.00371
58	0.01607	0.10249	0.21884	0.01399	0.01859	0.29728	0.01335	0.02007	0.04750	0.01799	0.11552	0.06036	0.01722	0.00776	0.00584	0.00177	0.00818	0.00593	0.00373	0.00752
59	0.00755	0.00576	0.00689	0.00772	0.00874	0.00519	0.00542	0.00884	0.01254	0.01593	0.04346	0.44898	0.29845	0.05037	0.00863	0.00249	0.00359	0.04883	0.00560	0.00502
60	0.01565	0.60611	0.09254	0.01297	0.05220	0.02233	0.01222	0.01807	0.01224	0.01514	0.00882	0.01071	0.00795	0.00586	0.00585	0.00153	0.08553	0.00370	0.00264	0.00793
61	0.05656	0.28205	0.12329	0.06676	0.07133	0.03170	0.01280	0.11548	0.03942	0.08867	0.04780	0.01497	0.01174	0.00639	0.00526	0.00170	0.00672	0.00484	0.00397	0.00855
62	0.01519	0.16305	0.29935	0.09196	0.02264	0.06796	0.01576	0.08056	0.01449	0.05452	0.01405	0.01574	0.05005	0.00689	0.00662	0.00186	0.06262	0.00505	0.00338	0.00826
63	0.01292	0.05612	0.06932	0.04994	0.12652	0.01193	0.06929	0.06119	0.11849	0.03648	0.08670	0.17481	0.06183	0.01033	0.00696	0.02005	0.00581	0.00895	0.00472	0.00765
64	0.15727	0.02829	0.09010	0.01711	0.12961	0.04554	0.08301	0.07614	0.10936	0.12611	0.01617	0.01761	0.02736	0.00676	0.00577	0.00189	0.00661	0.01898	0.00454	0.03174
65	0.04750	0.04414	0.08497	0.13014	0.22080	0.01282	0.01377	0.07001	0.03888	0.13148	0.05236	0.07808	0.03312	0.00780	0.00612	0.00193	0.00640	0.00675	0.00443	0.00851
66	0.06794	0.18142	0.23655	0.01363	0.01948	0.01657	0.02961	0.17621	0.05742	0.08524	0.01415	0.03582	0.01106	0.00690	0.00556	0.00182	0.00699	0.02049	0.00424	0.00890

[dist]
# distance from previous block
# <min> <max>
45	94

[block]
# block no. 2 follows, 37 sequences, length 124
# corresponding to MSA columns:
# 1632-1755
name=unknown_C
#
# <colnr> <probs for GDERKNQSTAVLIFYWHMCP>
#	G	D	E	R	K	N	Q	S	T	A	V	L	I	F	Y	W	H	M	C	P
0	0.01273	0.00825	0.00946	0.08938	0.01344	0.00861	0.00705	0.01831	0.14419	0.04435	0.01916	0.02111	0.01478	0.00700	0.00491	0.00158	0.00401	0.00571	0.48187	0.08411
1	0.49207	0.33338	0.01855	0.00905	0.01344	0.01807	0.00822	0.01813	0.01125	0.02206	0.00852	0.00989	0.00714	0.00550	0.00385	0.00165	0.00548	0.00330	0.00330	0.00714
2	0.01558	0.25053	0.02051	0.03597	0.09101	0.01692	0.01081	0.14911	0.14248	0.02203	0.04708	0.09022	0.04387	0.00838	0.00611	0.00182	0.02803	0.00670	0.00452	0.00831
3	0.34551	0.14626	0.04661	0.01097	0.01544	0.04708	0.00961	0.21566	0.01657	0.05500	0.01171	0.03414	0.00929	0.00656	0.00482	0.00179	0.00602	0.00451	0.00436	0.00811
4	0.00873	0.00660	0.00815	0.00795	0.00960	0.00615	0.00613	0.01187	0.04387	0.02214	0.48755	0.05031	0.20480	0.01349	0.00732	0.00206	0.00331	0.08782	0.00637	0.00578
5	0.01106	0.00952	0.01544	0.09077	0.24872	0.01042	0.01209	0.01388	0.01137	0.01619	0.01431	0.02048	0.01284	0.02923	0.44826	0.00654	0.01270	0.00610	0.00315	0.00694
6	0.01466	0.02928	0.03285	0.01153	0.01595	0.01188	0.02391	0.08531	0.01390	0.05533	0.01133	0.01343	0.00924	0.00617	0.00777	0.00143	0.14992	0.00434	0.00382	0.49796
7	0.01113	0.00573	0.00581	0.00581	0.00708	0.00573	0.00422	0.01367	0.01240	0.02161	0.01989	0.02472	0.01641	0.09281	0.00724	0.00192	0.00319	0.00606	0.72906	0.00549
8	0.01278	0.01420	0.05632	0.21764	0.03116	0.01348	0.40153	0.01718	0.01344	0.01815	0.01416	0.09810	0.01227	0.00691	0.00682	0.00205	0.00872	0.00758	0.00328	0.04424
9	0.45924	0.23035	0.11694	0.01018	0.01507	0.01677	0.01000	0.01885	0.04012	0.02266	0.00951	0.01083	0.00760	0.00568	0.00420	0.00174	0.00583	0.00361	0.00340	0.00742
10	0.00875	0.00653	0.00968	0.00968	0.01072	0.00757	0.00746	0.01083	0.00979	0.01409	0.01654	0.02484	0.01565	0.08267	0.72433	0.00964	0.01588	0.00668	0.00330	0.00538
11	0.00897	0.00603	0.00697	0.00706	0.00722	0.00602	0.00425	0.00927	0.00955	0.01273	0.04085	0.04249	0.02428	0.70292	0.02870	0.00558	0.00582	0.06343	0.00395	0.00392
12	0.01395	0.18866	0.45300	0.05645	0.06068	0.01664	0.05058	0.05784	0.01378	0.01923	0.01075	0.01281	0.00811	0.00575	0.00552	0.00180	0.00831	0.00453	0.00284	0.00875
13	0.01622	0.00989	0.01356	0.08806	0.09666	0.00986	0.00996	0.09404	0.03755	0.22225	0.02546	0.25298	0.05817	0.01134	0.00675	0.00211	0.00528	0.02624	0.00568	0.00793
14	0.00746	0.00533	0.00710	0.00852	0.00888	0.00497	0.00568	0.00852	0.01172	0.01563	0.03374	0.78088	0.04049	0.01918	0.00781	0.00249	0.00355	0.01740	0.00568	0.00497
15	0.01257	0.03001	0.70130	0.01686	0.02547	0.01372	0.02153	0.01937	0.01324	0.04078	0.04131	0.01449	0.01001	0.00614	0.00588	0.00194	0.00868	0.00484	0.00290	0.00895
16	0.01789	0.01195	0.01959	0.04323	0.14996	0.01149	0.15266	0.06478	0.03073	0.25034	0.02033	0.13613	0.01722	0.00881	0.00669	0.00205	0.00654	0.03568	0.00523	0.00871
17	0.01971	0.18338	0.16960	0.01391	0.01971	0.01884	0.01353	0.41327	0.02179	0.05019	0.01291	0.01348	0.00947	0.00660	0.00560	0.00175	0.00712	0.00486	0.00471	0.00959
18	0.01156	0.01088	0.01836	0.77016	0.04216	0.01360	0.01700	0.01564	0.01224	0.01564	0.01088	0.01632	0.00816	0.00612	0.00612	0.00204	0.00816	0.00544	0.00272	0.00680
19	0.02227	0.02792	0.01707	0.01551	0.01869	0.70204	0.01166	0.02508	0.07351	0.01581	0.01067	0.01196	0.00873	0.00646	0.00557	0.00162	0.01055	0.00418	0.00339	0.00730
20	0.01627	0.01837	0.26915	0.24020	0.04218	0.01278	0.07502	0.02101	0.01407	0.20974	0.01452	0.01634	0.00997	0.00631	0.00612	0.00197	0.00785	0.00546	0.00398	0.00869
21	0.01515	0.01454	0.02485	0.03757	0.74669	0.01454	0.01879	0.01879	0.01394	0.02000	0.01151	0.01515	0.00970	0.00545	0.00606	0.00182	0.00727	0.00545	0.00303	0.00970
22	0.01857	0.01084	0.01243	0.01067	0.01417	0.01136	0.00844	0.02819	0.36113	0.26584	0.02373	0.02217	0.01695	0.00784	0.00584	0.00189	0.00459	0.00644	0.15974	0.00918
23	0.02102	0.01139	0.01347	0.01081	0.01489	0.01115	0.00877	0.19155	0.08753	0.35680	0.02999	0.02763	0.16888	0.00927	0.00638	0.00193	0.00509	0.00751	0.00670	0.00923
24	0.01392	0.01447	0.02777	0.15202	0.23599	0.01494	0.32638	0.01806	0.01339	0.01851	0.01165	0.01606	0.00929	0.00704	0.02957	0.00226	0.07125	0.00625	0.00299	0.00822
25	0.00887	0.00633	0.00872	0.01013	0.01111	0.00619	0.00813	0.01096	0.01311	0.01720	0.03296	0.36373	0.03740	0.01785	0.00819	0.00268	0.00477	0.42064	0.00566	0.00536
26	0.01361	0.01220	0.02089	0.02739	0.44401	0.01190	0.09053	0.01670	0.01368	0.05180	0.01940	0.18002	0.05296	0.00893	0.00662	0.00200	0.00651	0.00858	0.00394	0.00835
27	0.01435	0.01430	0.02606	0.16814	0.46724	0.01457	0.16802	0.01839	0.01374	0.01912	0.01158	0.01565	0.00933	0.00551	0.00632	0.00191	0.00808	0.00583	0.00299	0.00886
28	0.00744	0.00540	0.00703	0.00834	0.00883	0.00499	0.00560	0.00854	0.01189	0.01570	0.03595	0.72443	0.09551	0.01889	0.00777	0.00245	0.00352	0.01705	0.00568	0.00499
29	0.00874	0.00656	0.00984	0.00984	0.01093	0.00765	0.00765	0.01093	0.00984	0.01421	0.01640	0.02405	0.01530	0.04591	0.76062	0.00984	0.01640	0.00656	0.00328	0.00547
30	0.01690	0.72644	0.03087	0.01091	0.01597	0.08443	0.01058	0.01883	0.01284	0.01445	0.00859	0.00992	0.00786	0.00532	0.00406	0.00133	0.00691	0.00333	0.00266	0.00779
31	0.02327	0.01715	0.01837	0.01408	0.01898	0.01898	0.01163	0.72628	0.02878	0.03858	0.01470	0.01470	0.01041	0.00735	0.00612	0.00184	0.00674	0.00551	0.00612	0.01041
32	0.00734	0.00579	0.00663	0.00731	0.00856	0.00507	0.00514	0.00866	0.01289	0.01610	0.04856	0.40247	0.40933	0.01725	0.00751	0.00227	0.00332	0.01505	0.00568	0.00507
33	0.82811	0.01184	0.00900	0.00805	0.01184	0.01373	0.00663	0.01799	0.01042	0.02746	0.00852	0.00994	0.00663	0.00568	0.00379	0.00189	0.00474	0.00331	0.00379	0.00663
34	0.01269	0.01088	0.01269	0.00907	0.01451	0.00816	0.00725	0.01541	0.01269	0.01995	0.01088	0.01269	0.00907	0.00453	0.00453	0.00091	0.00453	0.00363	0.00363	0.82229
35	0.00893	0.00698	0.00818	0.00775	0.00960	0.00660	0.00585	0.01295	0.09331	0.02220	0.45738	0.04732	0.26413	0.01298	0.00712	0.00198	0.00316	0.01119	0.00636	0.00601
36	0.00772	0.00551	0.00740	0.00882	0.00929	0.00519	0.00613	0.00897	0.01197	0.01591	0.03360	0.70455	0.03992	0.01893	0.00788	0.00252	0.00377	0.09118	0.00568	0.00504
37	0.00762	0.00622	0.00674	0.00661	0.00851	0.00533	0.00496	0.00954	0.01487	0.01872	0.24813	0.05531	0.55672	0.01469	0.00723	0.00203	0.00304	0.01241	0.00597	0.00533
38	0.01515	0.01454	0.02485	0.03757	0.74669	0.01454	0.01879	0.01879	0.01394	0.02000	0.01151	0.01515	0.00970	0.00545	0.00606	0.00182	0.00727	0.00545	0.00303	0.00970
39	0.00746	0.00533	0.00710	0.00852	0.00888	0.00497	0.00568	0.00852	0.01172	0.01563	0.03374	0.78088	0.04049	0.01918	0.00781	0.00249	0.00355	0.01740	0.00568	0.00497
40	0.01228	0.03166	0.75316	0.01745	0.02649	0.01422	0.02262	0.01939	0.01292	0.01939	0.01099	0.01292	0.00775	0.00582	0.00582	0.00194	0.00905	0.00452	0.00258	0.00905
41	0.02327	0.01715	0.01837	0.01408	0.01898	0.01898	0.01163	0.72628	0.02878	0.03858	0.01470	0.01470	0.01041	0.00735	0.00612	0.00184	0.00674	0.00551	0.00612	0.01041
42	0.00746	0.00533	0.00710	0.00852	0.00888	0.00497	0.00568	0.00852	0.01172	0.01563	0.03374	0.78088	0.04049	0.01918	0.00781	0.00249	0.00355	0.01740	0.00568	0.00497
43	0.00851	0.00625	0.00797	0.00754	0.00905	0.00571	0.00566	0.01125	0.01697	0.02369	0.67039	0.04714	0.13136	0.01283	0.00722	0.00194	0.00291	0.01127	0.00663	0.00571
44	0.00746	0.00533	0.00710	0.00852	0.00888	0.00497	0.00568	0.00852	0.01172	0.01563	0.03374	0.78088	0.04049	0.01918	0.00781	0.00249	0.00355	0.01740	0.00568	0.00497
45	0.82811	0.01184	0.00900	0.00805	0.01184	0.01373	0.00663	0.01799	0.01042	0.02746	0.00852	0.00994	0.00663	0.00568	0.00379	0.00189	0.00474	0.00331	0.00379	0.00663
46	0.01582	0.01344	0.01417	0.01258	0.01614	0.01550	0.00983	0.08346	0.68373	0.02656	0.02416	0.02224	0.01808	0.00823	0.00622	0.00206	0.00498	0.00682	0.00622	0.00974
47	0.00890	0.00593	0.00668	0.00668	0.00668	0.00593	0.00371	0.00890	0.00890	0.01187	0.01929	0.04006	0.02225	0.78487	0.03116	0.00593	0.00593	0.00890	0.00371	0.00371
48	0.01727	0.01417	0.01499	0.01287	0.01670	0.01618	0.01018	0.20921	0.55561	0.02891	0.02231	0.02076	0.01658	0.00806	0.00620	0.00202	0.00533	0.00656	0.00620	0.00987
49	0.82811	0.01184	0.00900	0.00805	0.01184	0.01373	0.00663	0.01799	0.01042	0.02746	0.00852	0.00994	0.00663	0.00568	0.00379	0.00189	0.00474	0.00331	0.00379	0.00663
50	0.01202	0.05043	0.29307	0.45827	0.03523	0.01426	0.01883	0.01715	0.01250	0.01699	0.01082	0.01479	0.00800	0.00597	0.00592	0.00197	0.00842	0.00501	0.00267	0.00768
51	0.01963	0.01364	0.01449	0.01151	0.01535	0.01491	0.00938	0.50787	0.02389	0.03374	0.01631	0.01719	0.01203	0.00728	0.00556	0.00171	0.00554	0.00557	0.25543	0.00897
52	0.01453	0.31388	0.25104	0.04659	0.01982	0.01636	0.01375	0.01831	0.01287	0.05602	0.01145	0.03726	0.00950	0.00591	0.00497	0.00154	0.00688	0.00444	0.00315	0.15173
53	0.01416	0.01740	0.18423	0.20078	0.36279	0.01407	0.05062	0.01868	0.01349	0.04872	0.01181	0.01522	0.00912	0.00576	0.00608	0.00191	0.00792	0.00535	0.00305	0.00885
54	0.00986	0.00705	0.00986	0.01127	0.01268	0.00705	0.00986	0.01268	0.01409	0.01832	0.03241	0.06905	0.03523	0.01691	0.00845	0.00282	0.00564	0.70549	0.00564	0.00564
55	0.01494	0.01440	0.02218	0.25171	0.46039	0.05553	0.01750	0.05510	0.01440	0.01940	0.01138	0.01525	0.00918	0.00580	0.00605	0.00187	0.00771	0.00537	0.00311	0.00873
56	0.10334	0.01367	0.04185	0.01175	0.01433	0.11995	0.00945	0.02041	0.22284	0.01922	0.01648	0.02003	0.01391	0.05802	0.24110	0.00460	0.05182	0.00590	0.00414	0.00718
57	0.00874	0.00656	0.00984	0.00984	0.01093	0.00765	0.00765	0.01093	0.00984	0.01421	0.01640	0.02405	0.01530	0.04591	0.76062	0.00984	0.01640	0.00656	0.00328	0.00547
58	0.00874	0.00656	0.00984	0.00984	0.01093	0.00765	0.00765	0.01093	0.00984	0.01421	0.01640	0.02405	0.01530	0.04591	0.76062	0.00984	0.01640	0.00656	0.00328	0.00547
59	0.01600	0.02410	0.27295	0.01574	0.03530	0.24268	0.03541	0.02318	0.17180	0.01981	0.07087	0.01721	0.01416	0.00701	0.00597	0.00186	0.00826	0.00548	0.00390	0.00832
60	0.01001	0.00817	0.01127	0.01057	0.01107	0.01007	0.00804	0.01135	0.00945	0.01368	0.01503	0.02579	0.01537	0.24600	0.36022	0.00686	0.21160	0.00691	0.00324	0.00529
61	0.01063	0.00532	0.00797	0.00797	0.00797	0.00532	0.00532	0.00797	0.00797	0.01063	0.01063	0.01861	0.01063	0.02127	0.02392	0.82190	0.00532	0.00532	0.00266	0.00266
62	0.01228	0.03166	0.75316	0.01745	0.02649	0.01422	0.02262	0.01939	0.01292	0.01939	0.01099	0.01292	0.00775	0.00582	0.00582	0.00194	0.00905	0.00452	0.00258	0.00905
63	0.04506	0.02237	0.36381	0.06641	0.28575	0.01438	0.07772	0.01893	0.01328	0.01973	0.01119	0.01409	0.00856	0.00564	0.00596	0.00191	0.00830	0.00508	0.00284	0.00900
64	0.01262	0.02415	0.45046	0.01885	0.02587	0.01398	0.20113	0.01847	0.01327	0.01909	0.01356	0.02005	0.01119	0.00711	0.00718	0.00210	0.04703	0.08248	0.00306	0.00835
65	0.01251	0.01029	0.01153	0.01073	0.01329	0.01134	0.00829	0.02375	0.43780	0.02436	0.24620	0.07197	0.03272	0.01064	0.00674	0.00209	0.00422	0.04718	0.00632	0.00802
66	0.00885	0.00613	0.00766	0.00766	0.00801	0.00647	0.00494	0.00954	0.00919	0.01260	0.01838	0.03505	0.02008	0.55389	0.25917	0.00715	0.00920	0.00817	0.00357	0.00426
67	0.22525	0.01438	0.02050	0.02472	0.36441	0.01523	0.07168	0.12958	0.01527	0.02465	0.01121	0.01380	0.00894	0.00594	0.00599	0.00189	0.02898	0.00505	0.00371	0.00882
68	0.01313	0.00621	0.00662	0.00626	0.00804	0.00606	0.00478	0.01593	0.01334	0.10089	0.02042	0.02261	0.01563	0.00718	0.00448	0.00148	0.00311	0.00575	0.73187	0.00621
69	0.00777	0.00603	0.00644	0.00660	0.00785	0.00538	0.00447	0.00879	0.01216	0.01501	0.04587	0.13054	0.44729	0.25190	0.01463	0.00330	0.00402	0.01217	0.00508	0.00470
70	0.01037	0.00815	0.00963	0.00932	0.01114	0.00847	0.00693	0.01722	0.23629	0.02262	0.34334	0.21031	0.05616	0.01284	0.00705	0.00211	0.00365	0.01131	0.00631	0.00678
71	0.01420	0.43474	0.05677	0.32526	0.02711	0.01940	0.01369	0.01726	0.01238	0.01512	0.00960	0.01264	0.00798	0.00563	0.00491	0.00164	0.00732	0.00422	0.00266	0.00747
72	0.01082	0.00894	0.00912	0.00951	0.01041	0.08948	0.00705	0.01212	0.01190	0.01478	0.02342	0.04839	0.02583	0.39370	0.01930	0.00422	0.00638	0.28537	0.00441	0.00485
73	0.01943	0.01221	0.01397	0.01192	0.01582	0.01309	0.00945	0.03160	0.48897	0.27474	0.02465	0.02215	0.01747	0.00805	0.00620	0.00201	0.00497	0.00666	0.00669	0.00994
74	0.01386	0.00895	0.01155	0.01053	0.01281	0.00977	0.00822	0.04765	0.15850	0.14339	0.01955	0.02384	0.01618	0.07477	0.40429	0.00635	0.01112	0.00666	0.00475	0.00726
75	0.01452	0.03200	0.05525	0.19934	0.26054	0.04632	0.22740	0.03381	0.03496	0.01908	0.01191	0.01566	0.00930	0.00569	0.00635	0.00193	0.00852	0.00587	0.00311	0.00844
76	0.02287	0.02917	0.01735	0.01577	0.01892	0.76030	0.01183	0.02444	0.01735	0.01498	0.00946	0.01104	0.00788	0.00631	0.00552	0.00158	0.01104	0.00394	0.00315	0.00710
77	0.00746	0.00533	0.00710	0.00852	0.00888	0.00497	0.00568	0.00852	0.01172	0.01563	0.03374	0.78088	0.04049	0.01918	0.00781	0.00249	0.00355	0.01740	0.00568	0.00497
78	0.01405	0.04581	0.28204	0.02783	0.39165	0.01501	0.05841	0.01882	0.01332	0.01930	0.01110	0.01418	0.00884	0.00583	0.00670	0.00190	0.04805	0.00515	0.00284	0.00917
79	0.01363	0.01012	0.01256	0.05291	0.20021	0.05058	0.00944	0.05322	0.01417	0.02213	0.01649	0.01945	0.01307	0.00662	0.00499	0.00159	0.00491	0.00552	0.48128	0.00711
80	0.00881	0.00630	0.00852	0.00852	0.00915	0.00693	0.00601	0.01008	0.00945	0.01323	0.01760	0.03073	0.01821	0.35446	0.45603	0.00821	0.01203	0.00754	0.00346	0.00473
81	0.01091	0.00738	0.00875	0.00863	0.01081	0.00680	0.00693	0.05146	0.01507	0.09319	0.06183	0.11134	0.37606	0.01482	0.00742	0.00226	0.00420	0.19012	0.00591	0.00611
82	0.04314	0.08639	0.17849	0.01560	0.02008	0.38821	0.01399	0.06732	0.01632	0.01862	0.01147	0.01446	0.00965	0.04216	0.00778	0.00211	0.04775	0.00475	0.00356	0.00814
83	0.01348	0.08669	0.02034	0.45974	0.10987	0.07025	0.01569	0.01675	0.01242	0.01582	0.01023	0.01478	0.00826	0.00661	0.00780	0.00200	0.11416	0.00511	0.00277	0.00722
84	0.00746	0.00533	0.00710	0.00852	0.00888	0.00497	0.00568	0.00852	0.01172	0.01563	0.03374	0.78088	0.04049	0.01918	0.00781	0.00249	0.00355	0.01740	0.00568	0.00497
85	0.00865	0.00666	0.00921	0.00978	0.01078	0.00651	0.03867	0.01152	0.07779	0.01713	0.05341	0.61625	0.03734	0.01723	0.00766	0.00243	0.00407	0.05366	0.00564	0.00561
86	0.10566	0.01645	0.02037	0.01588	0.01986	0.06014	0.13136	0.35762	0.02010	0.02836	0.01209	0.01404	0.00923	0.00738	0.00866	0.00203	0.15203	0.00545	0.00455	0.00875
87	0.05393	0.24168	0.07556	0.01502	0.06142	0.32871	0.01229	0.07915	0.01607	0.04880	0.01043	0.01174	0.00843	0.00603	0.00512	0.00159	0.00853	0.00408	0.00341	0.00800
88	0.01415	0.05923	0.13406	0.09227	0.16080	0.03239	0.15665	0.06232	0.04406	0.02049	0.09245	0.01833	0.01461	0.00692	0.00730	0.00196	0.06394	0.00618	0.00363	0.00827
89	0.01324	0.01060	0.01252	0.00909	0.01427	0.00807	0.00726	0.01595	0.01320	0.05836	0.05188	0.01494	0.01206	0.00513	0.00477	0.00101	0.00448	0.00417	0.00400	0.73499
90	0.00913	0.00652	0.00902	0.01043	0.01152	0.00641	0.00858	0.01141	0.01336	0.01749	0.03282	0.28740	0.03684	0.01761	0.00826	0.00272	0.00500	0.49442	0.00565	0.00543
91	0.00887	0.00592	0.00669	0.00672	0.00672	0.00591	0.00375	0.00889	0.00896	0.01195	0.01959	0.05576	0.02264	0.76864	0.03066	0.00586	0.00588	0.00908	0.00375	0.00374
92	0.01228	0.03166	0.75316	0.01745	0.02649	0.01422	0.02262	0.01939	0.01292	0.01939	0.01099	0.01292	0.00775	0.00582	0.00582	0.00194	0.00905	0.00452	0.00258	0.00905
93	0.00855	0.00625	0.00803	0.00758	0.00908	0.00573	0.00569	0.01134	0.01706	0.02392	0.69018	0.04676	0.11143	0.01275	0.00722	0.00194	0.00290	0.01121	0.00666	0.00573
94	0.01969	0.35922	0.02410	0.01444	0.05014	0.40633	0.01155	0.02153	0.01506	0.01495	0.00914	0.01069	0.00795	0.00580	0.00485	0.00147	0.00891	0.00372	0.00292	0.00754
95	0.02746	0.01042	0.01421	0.01089	0.01563	0.00900	0.00900	0.02983	0.01752	0.75093	0.02415	0.02083	0.01515	0.00758	0.00616	0.00189	0.00521	0.00616	0.00758	0.01042
96	0.00996	0.00688	0.00839	0.00779	0.00972	0.00632	0.00591	0.01319	0.05222	0.07419	0.48436	0.04615	0.22630	0.01271	0.00710	0.00197	0.00320	0.01098	0.00651	0.00615
97	0.00771	0.00555	0.00737	0.00873	0.00927	0.00521	0.00610	0.00899	0.01207	0.01596	0.03471	0.67379	0.06785	0.01878	0.00786	0.00251	0.00376	0.09303	0.00568	0.00505
98	0.01207	0.04780	0.04432	0.01012	0.01236	0.00907	0.00801	0.01723	0.16637	0.09747	0.08401	0.38809	0.03125	0.01375	0.00699	0.00222	0.00441	0.03171	0.00579	0.00696
99	0.01119	0.00703	0.00960	0.00992	0.01162	0.00670	0.00819	0.01385	0.01527	0.09857	0.24974	0.11238	0.04040	0.01474	0.00778	0.00242	0.00458	0.36369	0.00619	0.00614
100	0.01889	0.01455	0.01602	0.01201	0.01713	0.01450	0.00982	0.43200	0.02212	0.03087	0.01312	0.01387	0.00985	0.00618	0.00547	0.00145	0.00582	0.00473	0.00509	0.34651
101	0.01228	0.03166	0.75316	0.01745	0.02649	0.01422	0.02262	0.01939	0.01292	0.01939	0.01099	0.01292	0.00775	0.00582	0.00582	0.00194	0.00905	0.00452	0.00258	0.00905
102	0.00723	0.00620	0.00620	0.00620	0.00827	0.00517	0.00465	0.00878	0.01395	0.01654	0.06201	0.05891	0.74421	0.01550	0.00723	0.00207	0.00310	0.01292	0.00568	0.00517
103	0.00950	0.00735	0.01001	0.00963	0.01126	0.00720	0.03905	0.01363	0.09259	0.02173	0.39210	0.20706	0.04489	0.01373	0.00739	0.00218	0.00391	0.09453	0.00616	0.00611
104	0.00845	0.00604	0.00825	0.00966	0.01045	0.00583	0.00741	0.01025	0.01270	0.01674	0.03319	0.48620	0.03831	0.01824	0.00808	0.00262	0.00441	0.30225	0.00566	0.00525
105	0.01303	0.02334	0.43439	0.18090	0.17508	0.01404	0.02036	0.01870	0.01308	0.03445	0.01135	0.01426	0.00839	0.00584	0.00594	0.00193	0.00842	0.00494	0.00281	0.00873
106	0.01269	0.01088	0.01269	0.00907	0.01451	0.00816	0.00725	0.01541	0.01269	0.01995	0.01088	0.01269	0.00907	0.00453	0.00453	0.00091	0.00453	0.00363	0.00363	0.82229
107	0.05461	0.01615	0.01711	0.01352	0.01810	0.01804	0.01105	0.56294	0.16495	0.03561	0.01642	0.01608	0.01186	0.00747	0.00605	0.00189	0.00629	0.00569	0.00605	0.01012
108	0.02087	0.01089	0.01341	0.01070	0.01454	0.01053	0.00867	0.19879	0.02015	0.36024	0.20412	0.02709	0.05418	0.00908	0.00646	0.00189	0.00492	0.00750	0.00693	0.00904
109	0.01927	0.01898	0.02190	0.01735	0.02179	0.23213	0.21905	0.10257	0.17001	0.09095	0.01556	0.01647	0.01155	0.00663	0.00629	0.00188	0.00849	0.00591	0.00454	0.00866
110	0.01314	0.19208	0.60033	0.01597	0.02421	0.01634	0.02004	0.01916	0.01282	0.01833	0.01046	0.01227	0.00778	0.00569	0.00542	0.00181	0.00852	0.00426	0.00259	0.00879
111	0.01209	0.00685	0.00893	0.00888	0.01067	0.00619	0.00671	0.01394	0.01429	0.17310	0.13115	0.33729	0.13940	0.01504	0.00737	0.00226	0.00398	0.08931	0.00622	0.00634
112	0.01214	0.01224	0.02436	0.02011	0.07915	0.01217	0.37255	0.01595	0.01250	0.01740	0.01398	0.01952	0.01181	0.02205	0.31902	0.00526	0.01260	0.00681	0.00317	0.00721
113	0.09903	0.02430	0.01683	0.01466	0.01818	0.49722	0.01134	0.18530	0.01909	0.02160	0.01054	0.01185	0.00835	0.00662	0.00592	0.00170	0.03151	0.00429	0.00388	0.00780
114	0.00929	0.00787	0.00825	0.00804	0.01038	0.00764	0.00622	0.01458	0.18071	0.01877	0.05112	0.05137	0.52114	0.01395	0.00710	0.00213	0.00370	0.06568	0.00581	0.00625
115	0.01034	0.00698	0.00861	0.00893	0.01095	0.00638	0.00741	0.01254	0.01435	0.08696	0.04509	0.05987	0.35568	0.01539	0.00768	0.00239	0.00444	0.32429	0.00584	0.00588
116	0.00788	0.00613	0.00717	0.00711	0.00872	0.00541	0.00526	0.00996	0.01518	0.01993	0.35653	0.13269	0.36686	0.01460	0.00729	0.00205	0.00306	0.01261	0.00614	0.00541
117	0.01676	0.01619	0.02050	0.01645	0.02034	0.09697	0.17736	0.13250	0.29014	0.02371	0.01761	0.01847	0.02605	0.00760	0.00787	0.00205	0.08949	0.00639	0.00476	0.00878
118	0.02490	0.01365	0.01610	0.01244	0.01718	0.01390	0.01024	0.34951	0.06017	0.38624	0.01985	0.01812	0.01316	0.00751	0.00614	0.00188	0.00589	0.00590	0.00684	0.01038
119	0.01641	0.00965	0.01173	0.00999	0.01303	0.00963	0.00788	0.07820	0.16335	0.22544	0.32120	0.03111	0.03314	0.00974	0.00655	0.00193	0.00423	0.00828	0.03031	0.00821
120	0.01516	0.01441	0.02380	0.03519	0.67741	0.01461	0.01792	0.02009	0.08236	0.02053	0.01278	0.01588	0.01055	0.00572	0.00608	0.00184	0.00704	0.00559	0.00333	0.00970
121	0.01637	0.78856	0.03208	0.01047	0.01571	0.02422	0.01047	0.01833	0.01244	0.01440	0.00851	0.00982	0.00786	0.00524	0.00393	0.00131	0.00655	0.00327	0.00262	0.00786
122	0.00893	0.00622	0.00811	0.00811	0.00868	0.00672	0.00557	0.01007	0.00950	0.01342	0.01797	0.03188	0.01874	0.40796	0.36975	0.00756	0.01068	0.00768	0.03784	0.00461
123	0.00741	0.00553	0.00689	0.00799	0.00874	0.00502	0.00544	0.00858	0.01224	0.01584	0.04027	0.61406	0.20308	0.01833	0.00768	0.00239	0.00345	0.01637	0.00568	0.00502

[dist]
# distance from previous block
# <min> <max>
37	126

[block]
# block no. 3 follows, 37 sequences, length 157
# corresponding to MSA columns:
# 1882-2038
name=unknown_D
#
# <colnr> <probs for GDERKNQSTAVLIFYWHMCP>
#	G	D	E	R	K	N	Q	S	T	A	V	L	I	F	Y	W	H	M	C	P
0	0.01495	0.01645	0.07915	0.07630	0.28416	0.01516	0.31255	0.06506	0.03640	0.02088	0.01240	0.01584	0.00960	0.00561	0.00654	0.00195	0.00862	0.00617	0.00330	0.00891
1	0.01299	0.01133	0.01417	0.01253	0.10356	0.00894	0.00866	0.01582	0.01284	0.01995	0.01096	0.01299	0.00914	0.00465	0.00472	0.00102	0.00487	0.00385	0.00355	0.72346
2	0.00752	0.00537	0.00716	0.00848	0.00889	0.00501	0.00569	0.00868	0.01201	0.01608	0.06999	0.74333	0.04137	0.01884	0.00778	0.00246	0.00352	0.01708	0.00574	0.00501
3	0.00757	0.00585	0.00696	0.00778	0.00895	0.00523	0.00561	0.00900	0.01287	0.01625	0.04561	0.41306	0.33833	0.01742	0.00762	0.00234	0.00354	0.07522	0.00568	0.00511
4	0.01415	0.24327	0.15663	0.20533	0.12689	0.03874	0.04185	0.01793	0.01314	0.03091	0.02578	0.01549	0.03293	0.00613	0.00549	0.00176	0.00757	0.00502	0.00300	0.00798
5	0.18218	0.01515	0.01578	0.01246	0.01702	0.01670	0.01025	0.46791	0.07596	0.10439	0.01514	0.01495	0.01073	0.00711	0.00567	0.00187	0.00605	0.00524	0.00581	0.00961
6	0.00723	0.00620	0.00620	0.00620	0.00827	0.00517	0.00465	0.00878	0.01395	0.01654	0.06201	0.05891	0.74421	0.01550	0.00723	0.00207	0.00310	0.01292	0.00568	0.00517
7	0.01323	0.01033	0.01189	0.01161	0.06223	0.01094	0.00832	0.12241	0.22522	0.02528	0.20592	0.03188	0.12805	0.00990	0.00638	0.00191	0.00434	0.00836	0.09403	0.00776
8	0.01454	0.24679	0.09869	0.01922	0.02484	0.01781	0.37803	0.01862	0.01350	0.01792	0.03748	0.01507	0.01041	0.00585	0.00690	0.00186	0.05560	0.00583	0.00301	0.00802
9	0.01339	0.01339	0.01875	0.01607	0.01607	0.01875	0.01339	0.01473	0.00937	0.01473	0.00804	0.01339	0.00804	0.01071	0.02009	0.00268	0.77367	0.00536	0.00268	0.00670
10	0.02746	0.01042	0.01421	0.01089	0.01563	0.00900	0.00900	0.02983	0.01752	0.75093	0.02415	0.02083	0.01515	0.00758	0.00616	0.00189	0.00521	0.00616	0.00758	0.01042
11	0.01235	0.01210	0.02285	0.02126	0.17518	0.01151	0.29470	0.01630	0.01546	0.02161	0.29662	0.02759	0.02823	0.00808	0.00697	0.00196	0.00678	0.00834	0.00450	0.00760
12	0.01356	0.17870	0.45502	0.01787	0.02554	0.01648	0.17186	0.01922	0.01316	0.01844	0.01080	0.01308	0.00811	0.00556	0.00575	0.00184	0.00883	0.00486	0.00270	0.00864
13	0.01063	0.00532	0.00797	0.00797	0.00797	0.00532	0.00532	0.00797	0.00797	0.01063	0.01063	0.01861	0.01063	0.02127	0.02392	0.82190	0.00532	0.00532	0.00266	0.00266
14	0.01149	0.00853	0.01261	0.42285	0.02625	0.01001	0.01122	0.01501	0.01251	0.01890	0.01501	0.01927	0.01158	0.00658	0.00528	0.00176	0.00575	0.00556	0.37351	0.00630
15	0.01889	0.01964	0.01555	0.03634	0.01800	0.31888	0.01081	0.04863	0.37582	0.04663	0.01787	0.01753	0.01361	0.00737	0.00593	0.00186	0.00754	0.00559	0.00491	0.00859
16	0.01319	0.01148	0.01271	0.01271	0.06763	0.01262	0.00907	0.02548	0.49901	0.02289	0.03337	0.03145	0.20263	0.00993	0.00647	0.00205	0.00458	0.00834	0.00586	0.00854
17	0.00746	0.00533	0.00710	0.00852	0.00888	0.00497	0.00568	0.00852	0.01172	0.01563	0.03374	0.78088	0.04049	0.01918	0.00781	0.00249	0.00355	0.01740	0.00568	0.00497
18	0.82811	0.01184	0.00900	0.00805	0.01184	0.01373	0.00663	0.01799	0.01042	0.02746	0.00852	0.00994	0.00663	0.00568	0.00379	0.00189	0.00474	0.00331	0.00379	0.00663
19	0.01551	0.02928	0.46792	0.01732	0.02408	0.23051	0.05490	0.02064	0.01411	0.01790	0.01047	0.01258	0.00788	0.00616	0.00649	0.00188	0.04673	0.00453	0.00278	0.00833
20	0.01002	0.01675	0.30297	0.01331	0.06964	0.00949	0.01285	0.01374	0.01288	0.01754	0.04487	0.12333	0.23312	0.08199	0.00885	0.00240	0.00607	0.00919	0.00410	0.00689
21	0.00746	0.00533	0.00710	0.00852	0.00888	0.00497	0.00568	0.00852	0.01172	0.01563	0.03374	0.78088	0.04049	0.01918	0.00781	0.00249	0.00355	0.01740	0.00568	0.00497
22	0.05888	0.00876	0.01096	0.00980	0.01252	0.00832	0.00751	0.08358	0.01555	0.30746	0.02627	0.33591	0.02484	0.01226	0.00663	0.00211	0.00452	0.01061	0.04577	0.00773
23	0.01277	0.05937	0.29578	0.22128	0.11756	0.01451	0.10984	0.01778	0.01292	0.01800	0.01186	0.04308	0.00953	0.00634	0.00638	0.00197	0.02433	0.00566	0.00286	0.00816
24	0.01245	0.01205	0.01875	0.43101	0.05586	0.01577	0.01556	0.01537	0.01111	0.01541	0.00972	0.01506	0.00816	0.00801	0.01193	0.00230	0.32650	0.00541	0.00271	0.00686
25	0.01292	0.01019	0.01150	0.01042	0.01309	0.01108	0.00804	0.02371	0.41187	0.05044	0.32373	0.03229	0.03481	0.01003	0.00664	0.00201	0.00404	0.00862	0.00649	0.00809
26	0.01813	0.01782	0.01624	0.23824	0.02430	0.28822	0.01227	0.10943	0.01701	0.08253	0.04435	0.01919	0.07133	0.00749	0.00604	0.00183	0.00817	0.00579	0.00413	0.00751
27	0.01491	0.28298	0.16533	0.07123	0.02280	0.01674	0.17496	0.01884	0.01379	0.07164	0.07869	0.01652	0.01330	0.00623	0.00566	0.00175	0.00756	0.00550	0.00347	0.00809
28	0.01968	0.09452	0.02371	0.04354	0.02286	0.44360	0.19941	0.04850	0.01639	0.01705	0.01039	0.01268	0.00836	0.00594	0.00586	0.00171	0.01018	0.00485	0.00319	0.00758
29	0.00970	0.00712	0.00954	0.01069	0.01224	0.00706	0.00922	0.01280	0.03554	0.01832	0.03579	0.06644	0.12097	0.01648	0.00824	0.00270	0.00530	0.60047	0.00566	0.00570
30	0.01012	0.06572	0.01385	0.28761	0.05871	0.01020	0.01055	0.01289	0.01355	0.01735	0.13651	0.09188	0.22659	0.01065	0.00657	0.00200	0.00542	0.00917	0.00440	0.00627
31	0.02037	0.05460	0.17870	0.01556	0.09359	0.03896	0.01338	0.09548	0.06524	0.31202	0.03882	0.01788	0.01337	0.00698	0.00597	0.00186	0.00659	0.00564	0.00536	0.00962
32	0.00875	0.00625	0.00858	0.01000	0.01092	0.00608	0.00792	0.01075	0.01299	0.01707	0.03303	0.39973	0.03767	0.01796	0.00816	0.00266	0.00467	0.38583	0.00566	0.00533
33	0.01463	0.01451	0.01804	0.47648	0.03249	0.14636	0.01511	0.01774	0.01293	0.05100	0.01081	0.01512	0.00843	0.00698	0.00830	0.00206	0.13379	0.00520	0.00303	0.00701
34	0.01801	0.09014	0.17387	0.01561	0.05256	0.36901	0.01351	0.06447	0.01603	0.01792	0.04496	0.04394	0.01213	0.03416	0.00657	0.00186	0.00895	0.00519	0.00345	0.00764
35	0.01261	0.02686	0.55686	0.01735	0.02415	0.01534	0.04020	0.01828	0.01212	0.01828	0.01032	0.01314	0.00786	0.00697	0.00928	0.00212	0.19240	0.00480	0.00262	0.00846
36	0.00821	0.00639	0.00733	0.00768	0.00927	0.00579	0.00596	0.00997	0.01353	0.01684	0.08500	0.05849	0.42971	0.11319	0.01059	0.00275	0.00412	0.19457	0.00548	0.00514
37	0.01392	0.01421	0.05841	0.03081	0.53038	0.01321	0.07703	0.01773	0.01439	0.02050	0.11054	0.02084	0.01677	0.00673	0.00637	0.00189	0.00698	0.02679	0.00359	0.00890
38	0.01438	0.01742	0.17246	0.01620	0.10470	0.06605	0.01317	0.06031	0.29514	0.02230	0.04492	0.11065	0.01808	0.00870	0.00629	0.00201	0.00634	0.00736	0.00480	0.00870
39	0.00746	0.00533	0.00710	0.00852	0.00888	0.00497	0.00568	0.00852	0.01172	0.01563	0.03374	0.78088	0.04049	0.01918	0.00781	0.00249	0.00355	0.01740	0.00568	0.00497
40	0.04671	0.01375	0.01802	0.39998	0.03056	0.01604	0.01419	0.33748	0.01966	0.02646	0.01252	0.01535	0.00912	0.00666	0.00604	0.00194	0.00739	0.00539	0.00430	0.00843
