[name]
unknown

[dist]
# distance from previous block
# <min> <max>
0	221

[block]
# block no. 0 follows, 43 sequences, length 20
# corresponding to MSA columns:
# 244-263
name=unknown_A
#
# <colnr> <probs for GDERKNQSTAVLIFYWHMCP>
#	G	D	E	R	K	N	Q	S	T	A	V	L	I	F	Y	W	H	M	C	P
0	0.01034	0.21673	0.01394	0.00857	0.01136	0.01002	0.00705	0.01208	0.01123	0.01514	0.01897	0.30692	0.02089	0.01034	0.00543	0.00163	0.00436	0.08560	0.00392	0.22549
1	0.00685	0.00490	0.00652	0.00764	0.00806	0.00457	0.00515	0.00796	0.01107	0.01488	0.09819	0.73197	0.03806	0.01680	0.00702	0.00220	0.00316	0.01522	0.00523	0.00457
2	0.01241	0.02986	0.01445	0.16843	0.21364	0.04376	0.01105	0.01554	0.04564	0.09650	0.02508	0.02798	0.20963	0.00844	0.00586	0.00180	0.00549	0.05354	0.00403	0.00688
3	0.01625	0.01914	0.02331	0.02148	0.16896	0.32508	0.28417	0.01922	0.01390	0.01598	0.00986	0.01261	0.00793	0.00530	0.00608	0.00166	0.03407	0.00497	0.00280	0.00726
4	0.00673	0.00487	0.00637	0.00758	0.00800	0.00451	0.00508	0.00773	0.01073	0.01419	0.03216	0.75388	0.08344	0.01714	0.00704	0.00222	0.00319	0.01549	0.00514	0.00451
5	0.01319	0.01480	0.11111	0.02055	0.16843	0.01330	0.27351	0.09926	0.03200	0.01885	0.01150	0.01485	0.00917	0.00968	0.08996	0.02148	0.06214	0.00554	0.00310	0.00758
6	0.02039	0.01518	0.01625	0.01261	0.01692	0.01687	0.01037	0.68666	0.09281	0.03384	0.01414	0.01397	0.01010	0.00673	0.00555	0.00168	0.00594	0.00510	0.00555	0.00936
7	0.01884	0.10094	0.01612	0.01194	0.01551	0.22079	0.00966	0.25715	0.07414	0.11444	0.01334	0.01406	0.01011	0.00991	0.08611	0.00232	0.00773	0.00466	0.00438	0.00785
8	0.00675	0.00482	0.00643	0.00771	0.00803	0.00450	0.00514	0.00771	0.01060	0.01414	0.03053	0.80175	0.03663	0.01735	0.00707	0.00225	0.00321	0.01574	0.00514	0.00450
9	0.02070	0.01750	0.01628	0.01298	0.01706	0.16702	0.01049	0.58159	0.05225	0.03027	0.01272	0.01293	0.00926	0.00650	0.00544	0.00162	0.00679	0.00476	0.00502	0.00881
10	0.01322	0.00979	0.01166	0.00842	0.01326	0.00748	0.00677	0.01564	0.01205	0.11656	0.01141	0.01244	0.00892	0.00446	0.00429	0.00094	0.00418	0.00358	0.00375	0.73118
11	0.01435	0.01361	0.02103	0.11004	0.59232	0.04727	0.01596	0.08441	0.01382	0.01903	0.01054	0.01362	0.00862	0.00519	0.00547	0.00166	0.00677	0.00488	0.00297	0.00846
12	0.00856	0.00658	0.00947	0.00957	0.01048	0.00761	0.00768	0.01049	0.00978	0.01370	0.01794	0.03199	0.01816	0.07929	0.47173	0.00649	0.08342	0.18860	0.00348	0.00499
13	0.00864	0.00728	0.00773	0.00757	0.00968	0.00716	0.00590	0.01375	0.20044	0.01721	0.04455	0.04618	0.49383	0.01254	0.00645	0.00195	0.00347	0.09465	0.00526	0.00575
14	0.46215	0.01787	0.27288	0.01223	0.06264	0.05497	0.01190	0.01708	0.01074	0.02130	0.00869	0.01027	0.00658	0.00520	0.00427	0.00171	0.00608	0.00352	0.00298	0.00694
15	0.00809	0.00638	0.00734	0.00686	0.00859	0.00592	0.00503	0.02862	0.01114	0.01455	0.03319	0.03742	0.35158	0.18159	0.16897	0.00390	0.00602	0.00861	0.00412	0.10208
16	0.01752	0.01373	0.01678	0.05119	0.18174	0.12872	0.05855	0.09714	0.06183	0.20185	0.05205	0.01640	0.01249	0.00705	0.02449	0.00182	0.00658	0.00529	0.00441	0.04040
17	0.01589	0.01551	0.01451	0.01444	0.10330	0.19470	0.01010	0.12415	0.34428	0.02135	0.01892	0.01862	0.06549	0.00713	0.00552	0.00171	0.00608	0.00568	0.00459	0.00802
18	0.03067	0.16005	0.01534	0.00976	0.01389	0.06096	0.00820	0.02041	0.10288	0.23126	0.01531	0.01684	0.01179	0.00614	0.00484	0.00142	0.00508	0.04436	0.00448	0.23631
19	0.09138	0.01564	0.01469	0.08385	0.01743	0.24154	0.04235	0.05984	0.10805	0.06348	0.04997	0.01454	0.01125	0.00651	0.00649	0.00167	0.08881	0.00474	0.00376	0.07401

[dist]
# distance from previous block
# <min> <max>
2	18

[block]
# block no. 1 follows, 43 sequences, length 6
# corresponding to MSA columns:
# 283-288
name=unknown_B
#
# <colnr> <probs for GDERKNQSTAVLIFYWHMCP>
#	G	D	E	R	K	N	Q	S	T	A	V	L	I	F	Y	W	H	M	C	P
0	0.07706	0.01039	0.01679	0.62045	0.14168	0.01244	0.01487	0.01473	0.01117	0.01557	0.00976	0.01416	0.00747	0.00542	0.00536	0.00181	0.00702	0.00477	0.00258	0.00652
1	0.01161	0.00961	0.01213	0.18507	0.05049	0.01048	0.00927	0.13824	0.14181	0.02091	0.15551	0.02866	0.18570	0.00892	0.00595	0.00180	0.00478	0.00755	0.00476	0.00677
2	0.13542	0.01302	0.01864	0.01443	0.01859	0.01370	0.23159	0.18209	0.19240	0.06922	0.01522	0.04549	0.01169	0.00646	0.00562	0.00181	0.00621	0.00591	0.00450	0.00800
3	0.01118	0.01058	0.01791	0.62430	0.20028	0.01249	0.01574	0.01478	0.01141	0.01502	0.00997	0.01453	0.00769	0.00540	0.00553	0.00180	0.00721	0.00492	0.00252	0.00673
4	0.01071	0.01202	0.08564	0.33456	0.02731	0.01202	0.17659	0.01432	0.01093	0.01492	0.01095	0.01573	0.00887	0.01288	0.16304	0.00331	0.07180	0.00540	0.00262	0.00637
5	0.15716	0.01073	0.01643	0.48694	0.19548	0.01251	0.01410	0.01515	0.01113	0.01690	0.00960	0.01352	0.00745	0.00533	0.00516	0.00178	0.00666	0.00459	0.00269	0.00671

[dist]
# distance from previous block
# <min> <max>
94	348

[block]
# block no. 2 follows, 43 sequences, length 9
# corresponding to MSA columns:
# 699-707
name=unknown_C
#
# <colnr> <probs for GDERKNQSTAVLIFYWHMCP>
#	G	D	E	R	K	N	Q	S	T	A	V	L	I	F	Y	W	H	M	C	P
0	0.08254	0.08091	0.07144	0.01177	0.01503	0.28667	0.00997	0.01954	0.05801	0.11948	0.01606	0.01748	0.08003	0.00723	0.00633	0.00169	0.08010	0.02506	0.00377	0.00689
1	0.06910	0.00942	0.01186	0.01019	0.01288	0.00967	0.06259	0.10785	0.15892	0.08006	0.17488	0.18828	0.02548	0.00971	0.00596	0.00183	0.00436	0.00851	0.00524	0.04321
2	0.09036	0.00923	0.01017	0.00886	0.01136	0.00959	0.00691	0.23172	0.01608	0.07685	0.09832	0.11616	0.14518	0.08506	0.03340	0.00239	0.00479	0.03200	0.00508	0.00649
3	0.09037	0.11858	0.17653	0.01033	0.01449	0.01056	0.03430	0.01639	0.01301	0.16032	0.13806	0.04301	0.09978	0.00815	0.00547	0.00173	0.00517	0.04238	0.00441	0.00696
4	0.01232	0.01186	0.01808	0.21242	0.35545	0.04110	0.01422	0.01576	0.04856	0.01621	0.01226	0.08710	0.01116	0.00702	0.00732	0.00186	0.11109	0.00594	0.00300	0.00729
5	0.01770	0.01714	0.08763	0.01682	0.16144	0.11660	0.01230	0.37092	0.01927	0.02552	0.01145	0.01260	0.00864	0.00581	0.00528	0.00155	0.00669	0.00453	0.00412	0.09397
6	0.01153	0.01031	0.01321	0.12633	0.01715	0.00998	0.00890	0.01452	0.04240	0.01689	0.00995	0.01246	0.00829	0.00539	0.00673	0.00128	0.13649	0.00391	0.00311	0.54115
7	0.01916	0.01409	0.01527	0.01208	0.01596	0.01549	0.00981	0.65358	0.02399	0.03215	0.01558	0.11788	0.01303	0.00807	0.00574	0.00174	0.00571	0.00641	0.00549	0.00877
8	0.02086	0.01344	0.01509	0.01171	0.01588	0.01434	0.00962	0.51493	0.05820	0.20035	0.05587	0.01640	0.01302	0.00699	0.00560	0.00169	0.00552	0.00545	0.00587	0.00917

[dist]
# distance from previous block
# <min> <max>
7	17

[block]
# block no. 3 follows, 43 sequences, length 14
# corresponding to MSA columns:
# 738-751
name=unknown_D
#
# <colnr> <probs for GDERKNQSTAVLIFYWHMCP>
#	G	D	E	R	K	N	Q	S	T	A	V	L	I	F	Y	W	H	M	C	P
0	0.07293	0.01000	0.00992	0.00878	0.01152	0.09390	0.00682	0.03516	0.01259	0.01776	0.09571	0.10587	0.05735	0.06050	0.00692	0.00181	0.00474	0.10636	0.00414	0.27721
1	0.13804	0.01350	0.13145	0.01068	0.01452	0.01199	0.00965	0.08490	0.31018	0.05959	0.02117	0.07047	0.08493	0.00795	0.00541	0.00183	0.00491	0.00641	0.00476	0.00769
2	0.00795	0.00575	0.00798	0.00795	0.00869	0.00635	0.00579	0.00942	0.00920	0.01300	0.07500	0.02735	0.01863	0.25255	0.51111	0.00735	0.01123	0.00685	0.00332	0.00452
3	0.01325	0.07523	0.02139	0.14003	0.02278	0.03136	0.27327	0.12340	0.05625	0.01895	0.01333	0.06443	0.01115	0.00928	0.07208	0.00238	0.00789	0.00617	0.03031	0.00709
4	0.01365	0.00834	0.01023	0.00880	0.01148	0.00807	0.00697	0.07003	0.11830	0.19285	0.33178	0.03132	0.06390	0.00937	0.00604	0.00174	0.00380	0.04383	0.00592	0.05361
5	0.84448	0.01071	0.00814	0.00728	0.01071	0.01242	0.00600	0.01628	0.00943	0.02485	0.00771	0.00900	0.00600	0.00514	0.00343	0.00171	0.00428	0.00300	0.00343	0.00600
6	0.01555	0.46694	0.06239	0.01246	0.01716	0.09968	0.10472	0.08661	0.05694	0.01653	0.00973	0.01101	0.00806	0.00520	0.00447	0.00141	0.00682	0.00392	0.00296	0.00745
7	0.00699	0.00522	0.00654	0.00728	0.00816	0.00476	0.00518	0.00840	0.01193	0.01564	0.14229	0.47490	0.20607	0.01560	0.00691	0.00211	0.00315	0.05893	0.00528	0.00468
8	0.00794	0.00553	0.00729	0.00745	0.00799	0.00592	0.00516	0.00905	0.00892	0.01259	0.01801	0.12680	0.01921	0.33334	0.35234	0.00630	0.00907	0.00797	0.04485	0.00428
9	0.00962	0.00481	0.00722	0.00722	0.00722	0.00481	0.00481	0.00722	0.00722	0.00962	0.00962	0.01684	0.00962	0.01924	0.02165	0.83886	0.00481	0.00481	0.00241	0.00241
10	0.74497	0.01055	0.00871	0.00760	0.01113	0.01190	0.00626	0.01758	0.01021	0.11588	0.00943	0.01019	0.00693	0.00535	0.00369	0.00171	0.00434	0.00331	0.00384	0.00641
11	0.01888	0.01176	0.02010	0.02019	0.24981	0.01095	0.17146	0.02192	0.01425	0.37851	0.01603	0.01642	0.01105	0.00579	0.00575	0.00173	0.00629	0.00558	0.00471	0.00880
12	0.00925	0.00876	0.01549	0.01230	0.01498	0.00809	0.26487	0.01176	0.01248	0.01649	0.14925	0.11700	0.21116	0.11159	0.00936	0.00234	0.00542	0.00959	0.00425	0.00555
13	0.01337	0.01133	0.01120	0.00995	0.01196	0.10867	0.00746	0.19125	0.09558	0.01876	0.01525	0.02222	0.01405	0.24164	0.19839	0.00444	0.00829	0.00604	0.00397	0.00617

[dist]
# distance from previous block
# <min> <max>
0	1

[block]
# block no. 4 follows, 43 sequences, length 23
# corresponding to MSA columns:
# 753-775
name=unknown_E
#
# <colnr> <probs for GDERKNQSTAVLIFYWHMCP>
#	G	D	E	R	K	N	Q	S	T	A	V	L	I	F	Y	W	H	M	C	P
0	0.01607	0.01498	0.01758	0.06110	0.28472	0.11893	0.01267	0.17789	0.19757	0.02210	0.01370	0.01486	0.01059	0.00606	0.00547	0.00169	0.00645	0.00508	0.00404	0.00845
1	0.01115	0.00839	0.01146	0.01016	0.01215	0.00915	0.05606	0.07064	0.14244	0.05586	0.05031	0.02302	0.01619	0.12315	0.36805	0.00553	0.00973	0.00639	0.00401	0.00616
2	0.00931	0.00581	0.00599	0.00563	0.00750	0.00526	0.00427	0.01152	0.01191	0.01864	0.02866	0.02951	0.24164	0.00848	0.00471	0.00141	0.00282	0.00693	0.49319	0.09680
3	0.00968	0.00834	0.01147	0.01047	0.01080	0.01066	0.00813	0.01083	0.00851	0.01249	0.01240	0.02159	0.01279	0.22924	0.26924	0.00530	0.33420	0.00604	0.00284	0.00499
4	0.00962	0.00481	0.00722	0.00722	0.00722	0.00481	0.00481	0.00722	0.00722	0.00962	0.00962	0.01684	0.00962	0.01924	0.02165	0.83886	0.00481	0.00481	0.00241	0.00241
5	0.01148	0.00984	0.01148	0.00820	0.01312	0.00738	0.00656	0.01395	0.01148	0.01805	0.00984	0.01148	0.00820	0.00410	0.00410	0.00082	0.00410	0.00328	0.00328	0.83922
6	0.01032	0.00516	0.00516	0.00516	0.00645	0.00516	0.00387	0.01290	0.01161	0.02065	0.01807	0.02065	0.01420	0.00645	0.00387	0.00129	0.00258	0.00516	0.83611	0.00516
7	0.00810	0.00607	0.00780	0.00868	0.01010	0.00577	0.00731	0.01023	0.01261	0.01597	0.03758	0.09285	0.25764	0.01500	0.00729	0.00233	0.00431	0.48031	0.00511	0.00494
8	0.00947	0.00601	0.00783	0.00723	0.00883	0.00546	0.00547	0.01190	0.01531	0.09862	0.62305	0.07521	0.08164	0.01128	0.00646	0.00177	0.00287	0.00991	0.00608	0.00560
9	0.01160	0.00770	0.00941	0.16841	0.01463	0.00854	0.00735	0.10856	0.01319	0.02041	0.01663	0.01980	0.03654	0.03345	0.00577	0.00164	0.02845	0.00539	0.47664	0.00587
10	0.01119	0.00957	0.01056	0.00831	0.01201	0.03985	0.00650	0.05754	0.01325	0.01908	0.13847	0.06946	0.07288	0.00707	0.00499	0.00121	0.00408	0.00590	0.00411	0.50395
11	0.01457	0.75935	0.07632	0.00988	0.01483	0.02134	0.01017	0.01664	0.01128	0.01332	0.00784	0.00906	0.00710	0.00477	0.00366	0.00122	0.00607	0.00303	0.00237	0.00718
12	0.01159	0.01114	0.04955	0.00976	0.01489	0.00817	0.06608	0.01442	0.01162	0.01800	0.00996	0.01177	0.00816	0.00420	0.00435	0.00095	0.00471	0.00358	0.00320	0.73391
13	0.01078	0.18519	0.30601	0.01114	0.01563	0.01202	0.01198	0.03014	0.02349	0.01613	0.07522	0.14079	0.02885	0.07739	0.03009	0.00223	0.00624	0.00672	0.00336	0.00661
14	0.37851	0.05129	0.01266	0.00989	0.01362	0.01461	0.00813	0.24249	0.17341	0.02697	0.01254	0.01276	0.00940	0.00608	0.00454	0.00171	0.00493	0.00429	0.00448	0.00768
15	0.12432	0.15603	0.08975	0.05351	0.10570	0.09734	0.26288	0.01755	0.01229	0.01726	0.00958	0.01213	0.00759	0.00498	0.00516	0.00164	0.00764	0.00465	0.00275	0.00725
16	0.01149	0.01176	0.01663	0.08415	0.01856	0.08926	0.22159	0.03194	0.10554	0.01715	0.04682	0.07130	0.23219	0.00885	0.00619	0.00184	0.00612	0.00812	0.00409	0.00641
17	0.00701	0.00551	0.00634	0.00638	0.00783	0.00484	0.00469	0.00876	0.01336	0.01730	0.29398	0.16022	0.41684	0.01360	0.00662	0.00188	0.00280	0.01172	0.00547	0.00484
18	0.27647	0.01097	0.01102	0.05892	0.01420	0.01251	0.00797	0.08495	0.32372	0.02350	0.05009	0.01928	0.07024	0.00721	0.00503	0.00180	0.00450	0.00560	0.00471	0.00732
19	0.01525	0.05333	0.01795	0.25344	0.20050	0.20974	0.01332	0.06273	0.07194	0.03355	0.01101	0.01348	0.00864	0.00565	0.00530	0.00165	0.00742	0.00461	0.00315	0.00735
20	0.01130	0.09297	0.09230	0.01454	0.13707	0.01051	0.04576	0.01522	0.07696	0.03420	0.02024	0.13898	0.05205	0.00947	0.00594	0.00186	0.00541	0.15671	0.00399	0.07454
21	0.01228	0.06143	0.09698	0.09642	0.01956	0.01298	0.12539	0.06320	0.01177	0.01682	0.01012	0.01396	0.00857	0.04452	0.03289	0.00207	0.17682	0.00478	0.00292	0.18653
22	0.13022	0.01324	0.01358	0.01136	0.01463	0.11076	0.05719	0.18931	0.15652	0.06559	0.12590	0.05511	0.01781	0.00755	0.00548	0.00174	0.00551	0.00615	0.00488	0.00747

[dist]
# distance from previous block
# <min> <max>
1	15

[block]
# block no. 5 follows, 43 sequences, length 28
# corresponding to MSA columns:
# 791-799,801-819
name=unknown_F
#
# <colnr> <probs for GDERKNQSTAVLIFYWHMCP>
#	G	D	E	R	K	N	Q	S	T	A	V	L	I	F	Y	W	H	M	C	P
0	0.07637	0.01026	0.01303	0.02310	0.08932	0.04630	0.05137	0.04987	0.02542	0.01726	0.04796	0.01943	0.01308	0.08090	0.05695	0.08623	0.05099	0.04302	0.00341	0.19573
1	0.00986	0.00795	0.00949	0.05396	0.01201	0.00812	0.00703	0.08617	0.08261	0.01917	0.16903	0.10496	0.24625	0.01133	0.00680	0.00188	0.03839	0.06648	0.00502	0.05347
2	0.01065	0.01725	0.31165	0.01585	0.02092	0.01084	0.23252	0.01507	0.01209	0.01690	0.01667	0.14734	0.01610	0.00861	0.00631	0.00199	0.00724	0.12176	0.00336	0.00690
3	0.00750	0.00557	0.00699	0.00681	0.00811	0.00506	0.00504	0.00974	0.01463	0.02013	0.56914	0.12009	0.17591	0.01240	0.00659	0.00182	0.00271	0.01089	0.00583	0.00506
4	0.01212	0.01212	0.01696	0.01454	0.01454	0.01696	0.01212	0.01333	0.00848	0.01333	0.00727	0.01212	0.00727	0.00969	0.01818	0.00242	0.79523	0.00485	0.00242	0.00606
5	0.00784	0.00566	0.00740	0.00697	0.00827	0.00523	0.00523	0.01045	0.01568	0.02221	0.76789	0.04137	0.05226	0.01132	0.00653	0.00174	0.00261	0.01002	0.00610	0.00523
6	0.01381	0.01108	0.01607	0.39417	0.10222	0.01267	0.01292	0.18255	0.01530	0.06432	0.08728	0.01716	0.01285	0.00649	0.00596	0.00178	0.02683	0.00548	0.00381	0.00725
7	0.00803	0.00547	0.00654	0.00654	0.00671	0.00564	0.00398	0.00838	0.00820	0.01111	0.01699	0.03371	0.01903	0.67162	0.16042	0.00599	0.00703	0.00768	0.00329	0.00363
8	0.00805	0.00537	0.00604	0.00604	0.00604	0.00537	0.00336	0.00805	0.00805	0.01074	0.01745	0.03624	0.02013	0.80536	0.02819	0.00537	0.00537	0.00805	0.00336	0.00336
9	0.19030	0.00968	0.01190	0.00933	0.01345	0.00900	0.00771	0.02483	0.01455	0.62330	0.01900	0.01686	0.01215	0.00651	0.00514	0.00171	0.00463	0.00505	0.00616	0.00873
10	0.09794	0.72873	0.02693	0.00926	0.01386	0.02096	0.00913	0.01655	0.01107	0.01421	0.00770	0.00890	0.00700	0.00478	0.00354	0.00124	0.00576	0.00297	0.00248	0.00700
11	0.01736	0.01950	0.01719	0.17817	0.15659	0.40840	0.01278	0.09354	0.01524	0.01665	0.00964	0.01198	0.00771	0.00563	0.00525	0.00158	0.00844	0.00424	0.00302	0.00709
12	0.79779	0.01064	0.00841	0.00743	0.01091	0.01218	0.00612	0.01689	0.00979	0.06757	0.00852	0.00956	0.00644	0.00524	0.00355	0.00171	0.00431	0.00315	0.00362	0.00619
13	0.01009	0.00934	0.01559	0.71346	0.03513	0.01152	0.01435	0.01351	0.01103	0.01415	0.01192	0.09362	0.01031	0.00672	0.00569	0.00189	0.00696	0.00601	0.00273	0.00599
14	0.01051	0.00990	0.01642	0.71241	0.03560	0.01249	0.01490	0.01397	0.01082	0.01405	0.00980	0.01477	0.00756	0.00688	0.02878	0.00209	0.06553	0.00495	0.00247	0.00611
15	0.23194	0.01847	0.01311	0.01146	0.01480	0.40723	0.00891	0.02175	0.01413	0.19239	0.01142	0.01178	0.00836	0.00583	0.00473	0.00157	0.00731	0.00388	0.00393	0.00701
16	0.00962	0.00481	0.00722	0.00722	0.00722	0.00481	0.00481	0.00722	0.00722	0.00962	0.00962	0.01684	0.00962	0.01924	0.02165	0.83886	0.00481	0.00481	0.00241	0.00241
17	0.00703	0.00555	0.00634	0.00631	0.00782	0.00486	0.00467	0.00883	0.01353	0.01750	0.31096	0.12398	0.43617	0.01338	0.00659	0.00186	0.00278	0.01149	0.00549	0.00486
18	0.01303	0.01241	0.02086	0.16078	0.60356	0.01268	0.01613	0.01634	0.01229	0.01742	0.01029	0.01376	0.00850	0.00499	0.00541	0.00163	0.00657	0.00484	0.00272	0.05578
19	0.01231	0.01946	0.38530	0.18266	0.02421	0.01198	0.01563	0.07904	0.01287	0.04217	0.01056	0.01268	0.00772	0.00528	0.00515	0.00160	0.00699	0.00425	0.00295	0.15718
20	0.01479	0.03348	0.39406	0.01374	0.01935	0.06722	0.01495	0.07678	0.06924	0.12957	0.01380	0.01456	0.03010	0.00643	0.00650	0.00178	0.07718	0.00476	0.00362	0.00808
21	0.01620	0.01750	0.01536	0.01317	0.01598	0.38640	0.11546	0.04041	0.01431	0.03993	0.03376	0.01779	0.01196	0.02928	0.05120	0.00210	0.00827	0.04646	0.11815	0.00631
22	0.00713	0.00524	0.00675	0.00767	0.00845	0.00486	0.00554	0.00854	0.01171	0.01541	0.10844	0.51273	0.14526	0.01597	0.00702	0.00218	0.00335	0.11384	0.00523	0.00468
23	0.00809	0.00556	0.00695	0.00745	0.00862	0.00503	0.00547	0.00959	0.01224	0.05978	0.11890	0.39319	0.23349	0.01496	0.00684	0.00209	0.00332	0.08810	0.00534	0.00498
24	0.01261	0.01030	0.01182	0.00880	0.01342	0.00861	0.00703	0.05889	0.09339	0.04319	0.01270	0.01363	0.02436	0.00490	0.00444	0.00103	0.00424	0.00394	0.00382	0.65887
25	0.00803	0.00547	0.00656	0.00656	0.00674	0.00565	0.00401	0.00839	0.00821	0.01112	0.01697	0.03360	0.01899	0.66603	0.16595	0.00601	0.00710	0.00767	0.00328	0.00365
26	0.05244	0.09518	0.18793	0.05691	0.01753	0.04857	0.01151	0.06287	0.11763	0.21179	0.05348	0.01700	0.03016	0.00654	0.00525	0.00169	0.00589	0.00516	0.00446	0.00802
27	0.51353	0.07680	0.01190	0.00897	0.01262	0.01417	0.00745	0.13654	0.13078	0.02523	0.01095	0.01152	0.00836	0.00572	0.00413	0.00169	0.00472	0.00383	0.00403	0.00707

[dist]
# distance from previous block
# <min> <max>
0	30

[block]
# block no. 6 follows, 43 sequences, length 38
# corresponding to MSA columns:
# 853-890
name=unknown_G
#
# <colnr> <probs for GDERKNQSTAVLIFYWHMCP>
#	G	D	E	R	K	N	Q	S	T	A	V	L	I	F	Y	W	H	M	C	P
0	0.01298	0.01115	0.01833	0.08465	0.37398	0.02648	0.08010	0.01598	0.01271	0.07557	0.01630	0.08556	0.01536	0.00798	0.00610	0.00189	0.00628	0.13748	0.00366	0.00745
1	0.01089	0.01081	0.09211	0.13217	0.01738	0.00922	0.04688	0.09642	0.02377	0.02942	0.16875	0.15770	0.04506	0.00915	0.00593	0.00176	0.00507	0.02524	0.00435	0.10791
2	0.05681	0.02338	0.14951	0.03953	0.12862	0.01105	0.07126	0.06120	0.05131	0.06283	0.09505	0.07527	0.03240	0.00783	0.00612	0.00181	0.02945	0.05180	0.00398	0.04079
3	0.07389	0.00853	0.00955	0.14985	0.01478	0.04907	0.00750	0.01338	0.09571	0.01794	0.19163	0.08274	0.24406	0.01026	0.00597	0.00183	0.00429	0.00865	0.00467	0.00570
4	0.00962	0.00481	0.00722	0.00722	0.00722	0.00481	0.00481	0.00722	0.00722	0.00962	0.00962	0.01684	0.00962	0.01924	0.02165	0.83886	0.00481	0.00481	0.00241	0.00241
5	0.01118	0.01052	0.01765	0.31130	0.25657	0.01185	0.05133	0.01418	0.01127	0.01544	0.01260	0.09633	0.01163	0.00916	0.05260	0.00230	0.07658	0.01782	0.00291	0.00676
6	0.01330	0.03458	0.17543	0.01668	0.02164	0.11030	0.30974	0.01827	0.07117	0.04081	0.07441	0.01843	0.05677	0.00629	0.00592	0.00176	0.00767	0.00611	0.00345	0.00729
7	0.02485	0.00943	0.01285	0.00985	0.01414	0.00814	0.00814	0.02699	0.01585	0.77465	0.02185	0.01885	0.01371	0.00685	0.00557	0.00171	0.00471	0.00557	0.00685	0.00943
8	0.00835	0.00581	0.00612	0.00599	0.00765	0.00540	0.00451	0.01108	0.05248	0.01839	0.15720	0.03919	0.37158	0.01082	0.00564	0.00166	0.00279	0.00904	0.27117	0.00514
9	0.01516	0.21763	0.15073	0.15479	0.06892	0.13012	0.05238	0.06978	0.01347	0.06287	0.01022	0.01213	0.00789	0.00539	0.00496	0.00157	0.00734	0.00421	0.00300	0.00745
10	0.01082	0.08132	0.41610	0.01441	0.02025	0.01198	0.12975	0.01573	0.03245	0.01672	0.01720	0.10998	0.08446	0.00747	0.00568	0.00180	0.00698	0.00656	0.00311	0.00723
11	0.04901	0.00946	0.01271	0.00978	0.01404	0.00827	0.00808	0.02667	0.01566	0.75254	0.02143	0.01856	0.01348	0.00680	0.00551	0.00171	0.00470	0.00549	0.00675	0.00932
12	0.01447	0.07548	0.30347	0.01600	0.02139	0.21956	0.16242	0.03541	0.01323	0.01649	0.01025	0.02795	0.00814	0.00566	0.00573	0.00167	0.03169	0.00467	0.01902	0.00733
13	0.01077	0.06495	0.13940	0.06182	0.10937	0.00997	0.07363	0.02978	0.01275	0.04005	0.08936	0.10436	0.15061	0.00901	0.00589	0.00180	0.00544	0.03863	0.03583	0.00656
14	0.00860	0.00647	0.00850	0.00839	0.00972	0.00680	0.00651	0.01218	0.08927	0.01777	0.29300	0.03585	0.04896	0.06332	0.25628	0.00435	0.00719	0.10672	0.00474	0.00537
15	0.03217	0.01031	0.01171	0.01007	0.01278	0.06683	0.04405	0.05962	0.15386	0.19964	0.02146	0.06559	0.06164	0.10776	0.03877	0.00250	0.00550	0.03277	0.05596	0.00702
16	0.01729	0.02760	0.20440	0.01603	0.05785	0.01187	0.19576	0.06051	0.04112	0.28817	0.01511	0.01551	0.01031	0.00581	0.00570	0.00175	0.00687	0.00537	0.00437	0.00855
17	0.00768	0.00584	0.00738	0.00784	0.00875	0.00580	0.00578	0.00948	0.02799	0.01574	0.12537	0.36262	0.17162	0.03967	0.03194	0.00242	0.04591	0.08631	0.02701	0.00486
18	0.01255	0.05219	0.01334	0.00909	0.01378	0.00841	0.04640	0.01504	0.01207	0.07875	0.03494	0.01438	0.03472	0.00493	0.00447	0.00103	0.00444	0.00410	0.00364	0.63172
19	0.00896	0.00623	0.00846	0.00829	0.00958	0.00656	0.00635	0.01070	0.01079	0.07292	0.06947	0.14223	0.16551	0.02686	0.38100	0.00531	0.04272	0.00865	0.00417	0.00524
20	0.01576	0.06857	0.37345	0.01318	0.01924	0.01321	0.01447	0.17054	0.01524	0.14931	0.01255	0.01319	0.00882	0.00586	0.00552	0.00165	0.02709	0.00445	0.01516	0.05272
21	0.01366	0.34382	0.34322	0.01246	0.01840	0.01573	0.03341	0.01747	0.01186	0.08255	0.01120	0.05317	0.00925	0.00581	0.00472	0.00155	0.00672	0.00444	0.00291	0.00764
22	0.01046	0.00984	0.01661	0.79205	0.03814	0.01230	0.01538	0.01415	0.01107	0.01415	0.00984	0.01477	0.00738	0.00554	0.00554	0.00185	0.00738	0.00492	0.00246	0.00615
23	0.00730	0.00755	0.08563	0.00819	0.00974	0.00552	0.00671	0.00906	0.01143	0.01504	0.05611	0.49254	0.19586	0.01508	0.00678	0.00212	0.00372	0.05177	0.00488	0.00497
24	0.01449	0.03994	0.30625	0.01781	0.15544	0.05049	0.07639	0.01991	0.08304	0.13103	0.04201	0.01521	0.01112	0.00584	0.00548	0.00172	0.00693	0.00504	0.00360	0.00824
25	0.01349	0.01288	0.02159	0.10933	0.58421	0.01354	0.04174	0.04276	0.01263	0.01791	0.01025	0.01372	0.00852	0.00542	0.00651	0.00173	0.06772	0.00498	0.00279	0.00827
26	0.00816	0.00564	0.00669	0.00661	0.00672	0.00590	0.00401	0.00841	0.00816	0.01105	0.01685	0.03394	0.01906	0.69881	0.10879	0.00566	0.03092	0.00773	0.00329	0.00361
27	0.01127	0.24507	0.01847	0.01246	0.07176	0.01300	0.08483	0.01332	0.01026	0.01380	0.01188	0.01755	0.01117	0.10426	0.26255	0.00435	0.06011	0.00518	0.02265	0.00604
28	0.01392	0.06571	0.34042	0.01577	0.03167	0.01262	0.17924	0.01875	0.03551	0.14052	0.01342	0.05564	0.01033	0.00622	0.00607	0.00179	0.03550	0.00554	0.00344	0.00792
29	0.00994	0.01158	0.14951	0.01044	0.01390	0.00831	0.08250	0.05192	0.04396	0.04678	0.04346	0.12704	0.32879	0.01098	0.00629	0.00190	0.00488	0.03710	0.00452	0.00620
30	0.00823	0.00614	0.00855	0.00898	0.03854	0.00647	0.00636	0.01011	0.01131	0.01601	0.23963	0.11050	0.02862	0.12029	0.28187	0.00479	0.03131	0.03621	0.02112	0.00498
31	0.01195	0.09480	0.49708	0.06642	0.16219	0.01374	0.04392	0.01715	0.01183	0.01703	0.00986	0.01211	0.00742	0.00515	0.00521	0.00169	0.00767	0.00428	0.00244	0.00805
32	0.01418	0.01556	0.14602	0.03055	0.06052	0.12810	0.03081	0.12380	0.02434	0.07576	0.01673	0.22542	0.01617	0.00919	0.00664	0.00186	0.05562	0.00760	0.00407	0.00705
33	0.01427	0.09852	0.24104	0.07374	0.06588	0.03593	0.01305	0.12767	0.04213	0.09112	0.12687	0.01746	0.01538	0.00658	0.00539	0.00167	0.00622	0.00533	0.00398	0.00777
34	0.01039	0.00887	0.01351	0.09573	0.21324	0.00915	0.02959	0.03813	0.01290	0.02970	0.16151	0.19459	0.09738	0.01013	0.00684	0.00189	0.04689	0.00895	0.00425	0.00636
35	0.01343	0.00894	0.01164	0.00995	0.01278	0.00886	0.06435	0.03206	0.21385	0.18477	0.12068	0.11413	0.16110	0.00989	0.00613	0.00186	0.00423	0.00862	0.00559	0.00716
36	0.01071	0.00920	0.01381	0.21766	0.09682	0.01003	0.05657	0.07540	0.05986	0.01681	0.01891	0.24726	0.03760	0.07831	0.00828	0.00225	0.02173	0.00871	0.00390	0.00618
37	0.01560	0.01483	0.01568	0.01310	0.01596	0.24794	0.13046	0.03949	0.01372	0.11479	0.03827	0.12563	0.01533	0.05643	0.00787	0.00197	0.05220	0.02900	0.00396	0.04778

[dist]
# distance from previous block
# <min> <max>
7	52

[block]
# block no. 7 follows, 43 sequences, length 19
# corresponding to MSA columns:
# 946-964
name=unknown_H
#
# <colnr> <probs for GDERKNQSTAVLIFYWHMCP>
#	G	D	E	R	K	N	Q	S	T	A	V	L	I	F	Y	W	H	M	C	P
0	0.07485	0.01167	0.05748	0.19573	0.01908	0.09327	0.05188	0.02514	0.04112	0.01753	0.16397	0.05756	0.08373	0.02674	0.02061	0.00202	0.02611	0.02159	0.00389	0.00602
1	0.01371	0.01316	0.02248	0.03399	0.77081	0.01316	0.01700	0.01700	0.01261	0.01809	0.01042	0.01371	0.00877	0.00493	0.00548	0.00164	0.00658	0.00493	0.00274	0.00877
2	0.01094	0.01078	0.01957	0.65061	0.03645	0.01262	0.15068	0.01481	0.01144	0.01481	0.01009	0.01480	0.00757	0.00538	0.00572	0.00185	0.00774	0.00522	0.00252	0.00639
3	0.01301	0.20534	0.38344	0.01427	0.02061	0.01451	0.10663	0.01742	0.01188	0.05681	0.01013	0.01182	0.00767	0.00518	0.00531	0.00157	0.02946	0.00416	0.00273	0.07806
4	0.01018	0.00934	0.01516	0.64777	0.03303	0.01111	0.01362	0.01349	0.01106	0.01448	0.01190	0.09281	0.01036	0.00659	0.00557	0.00180	0.00669	0.00586	0.00280	0.07637
5	0.01938	0.01464	0.01627	0.09018	0.01903	0.01640	0.01086	0.61781	0.08663	0.03185	0.01373	0.01407	0.00985	0.00661	0.00555	0.00170	0.00608	0.00509	0.00524	0.00904
6	0.01446	0.04901	0.14939	0.05300	0.01718	0.01311	0.01109	0.19955	0.21492	0.04938	0.06570	0.01913	0.02905	0.02289	0.00594	0.00178	0.00559	0.02180	0.00460	0.05242
7	0.01841	0.01420	0.01513	0.01221	0.01617	0.01594	0.00989	0.48994	0.29275	0.03064	0.01665	0.01597	0.01214	0.00696	0.00557	0.00174	0.00547	0.00545	0.00557	0.00918
8	0.01148	0.00984	0.01148	0.00820	0.01312	0.00738	0.00656	0.01395	0.01148	0.01805	0.00984	0.01148	0.00820	0.00410	0.00410	0.00082	0.00410	0.00328	0.00328	0.83922
9	0.01023	0.12736	0.29560	0.01057	0.01450	0.01073	0.01112	0.01352	0.02628	0.01468	0.03044	0.06120	0.01428	0.23967	0.07560	0.00332	0.00701	0.00603	0.02179	0.00606
10	0.02033	0.01515	0.01621	0.01260	0.01690	0.01684	0.01035	0.68040	0.09916	0.03374	0.01422	0.01403	0.01016	0.00673	0.00555	0.00168	0.00592	0.00511	0.00555	0.00935
11	0.01146	0.01095	0.05635	0.00865	0.01376	0.00770	0.00738	0.01416	0.01150	0.01802	0.00985	0.01150	0.00813	0.00417	0.00417	0.00088	0.00434	0.00333	0.00323	0.79049
12	0.02415	0.01044	0.04042	0.01022	0.01465	0.00879	0.00871	0.06533	0.01625	0.70808	0.02097	0.01830	0.01324	0.00679	0.00556	0.00171	0.00491	0.00549	0.00662	0.00938
13	0.00795	0.00576	0.00804	0.00804	0.00873	0.00646	0.00585	0.00934	0.00865	0.01222	0.01562	0.02610	0.01573	0.27072	0.55682	0.00784	0.01199	0.00657	0.00308	0.00447
14	0.01612	0.05586	0.37349	0.01403	0.02023	0.01536	0.01514	0.37614	0.01868	0.02582	0.01148	0.01235	0.00819	0.00592	0.00532	0.00168	0.00707	0.00448	0.00390	0.00874
15	0.01400	0.00952	0.03055	0.00869	0.01280	0.00754	0.00711	0.01694	0.04517	0.19829	0.08018	0.06104	0.04397	0.00665	0.00501	0.00130	0.00414	0.00555	0.00462	0.43695
16	0.00748	0.00596	0.00745	0.00757	0.00856	0.00593	0.00556	0.00901	0.01227	0.01634	0.22253	0.31562	0.25056	0.01412	0.00785	0.00203	0.07908	0.01207	0.00512	0.00488
17	0.01273	0.01339	0.06518	0.02275	0.34211	0.01177	0.14899	0.01614	0.01216	0.01780	0.01025	0.01311	0.00838	0.00484	0.00574	0.00148	0.03637	0.00470	0.00287	0.24923
18	0.16815	0.04217	0.01371	0.02890	0.04698	0.02857	0.00890	0.24406	0.03018	0.06792	0.02677	0.05688	0.05128	0.00724	0.00611	0.00168	0.06974	0.00540	0.00435	0.09101

[dist]
# distance from previous block
# <min> <max>
3	10

[block]
# block no. 8 follows, 43 sequences, length 8
# corresponding to MSA columns:
# 975-982
name=unknown_I
#
# <colnr> <probs for GDERKNQSTAVLIFYWHMCP>
#	G	D	E	R	K	N	Q	S	T	A	V	L	I	F	Y	W	H	M	C	P
0	0.01338	0.01294	0.02133	0.02994	0.61307	0.01395	0.01598	0.01623	0.01175	0.01710	0.00976	0.01338	0.00846	0.00593	0.00813	0.00181	0.17108	0.00492	0.00268	0.00821
1	0.01156	0.01475	0.17689	0.40553	0.25227	0.01267	0.01692	0.01570	0.01166	0.01603	0.01003	0.01381	0.00772	0.00530	0.00546	0.00177	0.00731	0.00475	0.00252	0.00735
2	0.00941	0.00826	0.01269	0.44629	0.02560	0.00936	0.01144	0.01236	0.01174	0.01516	0.05025	0.06945	0.11998	0.00912	0.00608	0.00194	0.00582	0.12867	0.00359	0.04280
3	0.01342	0.01259	0.01987	0.09855	0.54606	0.01321	0.01513	0.01933	0.16853	0.01879	0.01289	0.01525	0.01034	0.00553	0.00552	0.00171	0.00619	0.00521	0.00332	0.00853
4	0.00806	0.00570	0.00699	0.00749	0.00837	0.00548	0.00529	0.04689	0.01208	0.01637	0.10707	0.43680	0.10987	0.09129	0.00875	0.00238	0.00353	0.05369	0.05908	0.00481
5	0.01981	0.01387	0.05182	0.01226	0.01667	0.01373	0.04872	0.42045	0.06474	0.20826	0.01806	0.01735	0.05403	0.00700	0.00565	0.00171	0.00574	0.00562	0.00554	0.00895
6	0.09348	0.05578	0.04429	0.01131	0.03144	0.07102	0.04727	0.08351	0.18534	0.03809	0.07048	0.18060	0.01908	0.00880	0.00559	0.00179	0.00514	0.00746	0.00455	0.03498
7	0.33937	0.08957	0.03630	0.00922	0.01304	0.10894	0.00778	0.05767	0.02995	0.06266	0.02802	0.01362	0.04838	0.00585	0.00431	0.00150	0.00527	0.00407	0.00370	0.13077

[dist]
# distance from previous block
# <min> <max>
5	50

[block]
# block no. 9 follows, 43 sequences, length 23
# corresponding to MSA columns:
# 1042-1064
name=unknown_J
#
# <colnr> <probs for GDERKNQSTAVLIFYWHMCP>
#	G	D	E	R	K	N	Q	S	T	A	V	L	I	F	Y	W	H	M	C	P
0	0.06765	0.04088	0.13964	0.01293	0.07202	0.12361	0.01078	0.11402	0.01415	0.04256	0.03108	0.10630	0.11882	0.00868	0.00633	0.00179	0.05244	0.02552	0.00392	0.00685
1	0.01026	0.01032	0.06918	0.00923	0.01088	0.10416	0.00744	0.03265	0.01092	0.01421	0.03991	0.06249	0.03996	0.21171	0.24552	0.02796	0.00865	0.04931	0.03017	0.00505
2	0.06157	0.22091	0.17760	0.01306	0.04790	0.16728	0.01206	0.10578	0.05816	0.03409	0.01103	0.01290	0.00885	0.00580	0.00478	0.00154	0.00695	0.02239	0.01980	0.00753
3	0.15549	0.04472	0.06087	0.06025	0.08239	0.33652	0.03722	0.08033	0.03692	0.01829	0.00958	0.01132	0.00763	0.00570	0.00530	0.00161	0.03169	0.00402	0.00316	0.00701
4	0.01231	0.07258	0.07862	0.04129	0.03750	0.04883	0.00911	0.07042	0.07453	0.02753	0.03287	0.08410	0.05614	0.05917	0.00723	0.00176	0.04216	0.00593	0.00376	0.23417
5	0.06684	0.13811	0.47605	0.01285	0.01930	0.01300	0.01531	0.01742	0.01197	0.09132	0.01459	0.01537	0.07284	0.00608	0.00503	0.00167	0.00680	0.00465	0.00310	0.00771
6	0.00783	0.00554	0.00732	0.00748	0.00794	0.00593	0.00511	0.00880	0.00874	0.01207	0.01797	0.12592	0.01950	0.37867	0.34983	0.00649	0.00916	0.00811	0.00341	0.00418
7	0.16254	0.14953	0.08855	0.16055	0.08667	0.04102	0.05924	0.01616	0.04865	0.01736	0.04789	0.01541	0.01089	0.06622	0.00660	0.00193	0.00626	0.00477	0.00308	0.00668
8	0.01418	0.19058	0.05307	0.05468	0.12620	0.13388	0.20165	0.01798	0.06130	0.01599	0.01161	0.05914	0.01007	0.00596	0.00557	0.00164	0.02086	0.00539	0.00299	0.00726
9	0.00713	0.00519	0.00625	0.00681	0.00743	0.00482	0.00451	0.00807	0.01076	0.01409	0.09248	0.39549	0.17797	0.21855	0.01235	0.00293	0.00364	0.01250	0.00476	0.00430
10	0.00810	0.00635	0.00751	0.00793	0.00854	0.04389	0.00549	0.00924	0.01013	0.01348	0.06572	0.33936	0.02636	0.20098	0.21616	0.00464	0.00706	0.01048	0.00411	0.00450
11	0.07893	0.17349	0.01808	0.01521	0.14798	0.22084	0.02901	0.05702	0.03225	0.05769	0.04229	0.06030	0.03131	0.00659	0.00501	0.00156	0.00663	0.00515	0.00353	0.00714
12	0.01478	0.00705	0.00899	0.00790	0.00981	0.00652	0.00583	0.01609	0.01207	0.31126	0.06055	0.03131	0.02010	0.34922	0.01540	0.00333	0.00482	0.06920	0.03971	0.00606
13	0.05734	0.00662	0.00744	0.00750	0.00924	0.00638	0.00585	0.03712	0.05043	0.01795	0.15097	0.14114	0.33191	0.01314	0.00653	0.00200	0.00350	0.13446	0.00522	0.00526
14	0.01152	0.01092	0.01862	0.50450	0.27530	0.01243	0.03147	0.01507	0.01167	0.01559	0.01067	0.01593	0.00863	0.00563	0.00561	0.00180	0.00709	0.02790	0.00264	0.00700
15	0.01085	0.17788	0.29464	0.01147	0.01584	0.01238	0.01221	0.01502	0.05493	0.01560	0.01436	0.13303	0.01358	0.03426	0.11011	0.00278	0.02976	0.00616	0.02840	0.00673
16	0.00791	0.00566	0.00765	0.00771	0.00828	0.00619	0.00543	0.00906	0.00865	0.01209	0.01665	0.06633	0.01746	0.34158	0.44688	0.00718	0.01052	0.00726	0.00323	0.00430
17	0.00774	0.00560	0.00737	0.00748	0.00862	0.00523	0.00566	0.01001	0.01427	0.01978	0.51491	0.18341	0.06885	0.01303	0.00678	0.00194	0.00305	0.10545	0.00576	0.00506
18	0.00800	0.00564	0.00711	0.00783	0.00836	0.00559	0.00554	0.00948	0.03426	0.01378	0.02512	0.30742	0.02869	0.30869	0.01500	0.00347	0.00452	0.19265	0.00448	0.00436
19	0.06638	0.23757	0.24133	0.01177	0.01645	0.01365	0.06282	0.01526	0.01234	0.01765	0.18116	0.01928	0.01809	0.00691	0.00557	0.00165	0.03366	0.02821	0.00339	0.00685
20	0.33983	0.14131	0.04534	0.01181	0.05118	0.09726	0.02862	0.01624	0.01054	0.01832	0.00839	0.01076	0.00715	0.00772	0.04512	0.00208	0.14523	0.00375	0.00290	0.00644
21	0.01437	0.01605	0.01945	0.26137	0.02574	0.23350	0.16756	0.01824	0.06936	0.01532	0.01043	0.01358	0.00824	0.00602	0.00703	0.00180	0.09738	0.00497	0.00288	0.00669
22	0.01448	0.01330	0.01656	0.05546	0.16772	0.05991	0.05379	0.11172	0.32248	0.02135	0.01725	0.01786	0.04138	0.00691	0.00639	0.00181	0.05336	0.00575	0.00435	0.00818

[dist]
# distance from previous block
# <min> <max>
0	2

[block]
# block no. 10 follows, 43 sequences, length 23
# corresponding to MSA columns:
# 1067-1089
name=unknown_K
#
# <colnr> <probs for GDERKNQSTAVLIFYWHMCP>
#	G	D	E	R	K	N	Q	S	T	A	V	L	I	F	Y	W	H	M	C	P
0	0.01547	0.34778	0.19299	0.01212	0.01721	0.10946	0.01219	0.12461	0.08634	0.01824	0.01055	0.01142	0.00837	0.00552	0.00460	0.00148	0.00680	0.00390	0.00319	0.00776
1	0.01245	0.14248	0.35463	0.04687	0.07986	0.01408	0.01512	0.01731	0.05601	0.03910	0.01062	0.01266	0.00830	0.00694	0.03216	0.00192	0.08715	0.00428	0.00280	0.05527
2	0.01552	0.05078	0.24190	0.01997	0.26933	0.08456	0.01494	0.04990	0.01359	0.13420	0.01219	0.01363	0.00905	0.00553	0.00524	0.00163	0.00687	0.00459	0.03831	0.00829
3	0.00849	0.00696	0.00876	0.00997	0.08213	0.03472	0.00654	0.01057	0.01367	0.01846	0.37665	0.22761	0.12694	0.01243	0.00654	0.00189	0.00352	0.03350	0.00527	0.00536
4	0.01238	0.24110	0.49775	0.01362	0.02037	0.01543	0.01632	0.01842	0.08386	0.01684	0.01054	0.01179	0.00800	0.00534	0.00483	0.00161	0.00720	0.00399	0.00267	0.00795
5	0.01185	0.01487	0.17062	0.17843	0.40192	0.01211	0.01613	0.01567	0.01212	0.01690	0.01462	0.01734	0.08146	0.00600	0.00555	0.00173	0.00670	0.00542	0.00284	0.00774
6	0.04251	0.01196	0.01421	0.01469	0.15021	0.04166	0.01001	0.30698	0.01864	0.02545	0.17914	0.02542	0.04879	0.00838	0.00589	0.00176	0.00530	0.07650	0.00492	0.00757
7	0.00686	0.00498	0.00647	0.00746	0.00802	0.00460	0.00508	0.00805	0.01135	0.01513	0.11735	0.65447	0.09696	0.01639	0.00697	0.00216	0.00311	0.01476	0.00525	0.00460
8	0.01061	0.01172	0.09124	0.03562	0.01860	0.00988	0.27671	0.05101	0.01273	0.01715	0.04340	0.18697	0.06597	0.06047	0.00794	0.00221	0.00645	0.08120	0.00388	0.00624
9	0.03501	0.00874	0.01275	0.01153	0.05795	0.00825	0.07896	0.06206	0.01402	0.26146	0.11943	0.19065	0.02306	0.08033	0.00807	0.00217	0.00480	0.00853	0.00527	0.00696
10	0.01290	0.00759	0.01041	0.00919	0.01095	0.00816	0.00733	0.01502	0.01249	0.20428	0.20696	0.02449	0.02261	0.01771	0.21666	0.00373	0.12529	0.00666	0.07127	0.00631
11	0.01263	0.00715	0.00925	0.00800	0.01020	0.00665	0.00624	0.06078	0.01637	0.19817	0.54694	0.03437	0.04060	0.00999	0.00625	0.00173	0.00332	0.00867	0.00624	0.00647
12	0.03534	0.04487	0.01915	0.48277	0.04657	0.05201	0.11670	0.09443	0.02361	0.01729	0.01038	0.01406	0.00784	0.00551	0.00551	0.00177	0.00745	0.00497	0.00293	0.00682
13	0.04463	0.05983	0.01991	0.08731	0.13808	0.36050	0.12451	0.06933	0.01467	0.01676	0.00962	0.01188	0.00772	0.00541	0.00526	0.00158	0.00846	0.00440	0.00297	0.00715
14	0.00655	0.00561	0.00561	0.00561	0.00748	0.00468	0.00421	0.00795	0.01262	0.01496	0.05610	0.05330	0.76857	0.01403	0.00655	0.00187	0.00281	0.01169	0.00514	0.00468
15	0.01012	0.00574	0.00695	0.00683	0.00771	0.00598	0.00487	0.01186	0.08186	0.01563	0.01500	0.02004	0.01297	0.05456	0.06194	0.32557	0.00454	0.00533	0.33817	0.00434
16	0.05161	0.01381	0.01392	0.01134	0.01490	0.11686	0.00915	0.29416	0.05656	0.21740	0.01526	0.01536	0.01092	0.00885	0.05484	0.00212	0.03094	0.00500	0.04878	0.00824
17	0.00675	0.00482	0.00643	0.00771	0.00803	0.00450	0.00514	0.00771	0.01060	0.01414	0.03053	0.80175	0.03663	0.01735	0.00707	0.00225	0.00321	0.01574	0.00514	0.00450
18	0.01280	0.01223	0.02084	0.24530	0.56659	0.01292	0.01655	0.01620	0.01218	0.01699	0.01026	0.01400	0.00839	0.00510	0.00550	0.00170	0.00680	0.00493	0.00266	0.00804
19	0.01344	0.01534	0.11006	0.02084	0.17200	0.03748	0.29395	0.08803	0.03710	0.01923	0.01288	0.03321	0.01074	0.00687	0.02479	0.00195	0.00775	0.04905	0.00330	0.04199
20	0.04545	0.08578	0.01207	0.01070	0.07149	0.03911	0.00776	0.01360	0.03469	0.08313	0.09846	0.14471	0.19939	0.01079	0.00708	0.00188	0.07768	0.04563	0.00453	0.00608
21	0.09727	0.01609	0.01849	0.01505	0.04650	0.16695	0.17031	0.21476	0.07066	0.04699	0.01192	0.01316	0.00897	0.00569	0.00533	0.00161	0.00709	0.00482	0.00397	0.07436
22	0.01253	0.01074	0.01146	0.17251	0.01695	0.13415	0.00883	0.03818	0.04131	0.08825	0.02108	0.20156	0.07858	0.07455	0.03117	0.00237	0.01993	0.02577	0.00415	0.00593

[dist]
# distance from previous block
# <min> <max>
38	80

[block]
# block no. 11 follows, 43 sequences, length 42
# corresponding to MSA columns:
# 1191-1208,1224-1233,1240-1253
name=unknown_L
#
# <colnr> <probs for GDERKNQSTAVLIFYWHMCP>
#	G	D	E	R	K	N	Q	S	T	A	V	L	I	F	Y	W	H	M	C	P
0	0.01587	0.01249	0.01684	0.02130	0.36792	0.08513	0.01217	0.04282	0.04762	0.16950	0.10966	0.04398	0.01640	0.00678	0.00565	0.00168	0.00581	0.00599	0.00429	0.00811
1	0.01403	0.05202	0.06689	0.00965	0.01339	0.00952	0.00830	0.08523	0.04205	0.15732	0.10831	0.10699	0.01821	0.00819	0.01674	0.00163	0.02950	0.00634	0.00464	0.24104
2	0.01169	0.01097	0.01844	0.19986	0.32845	0.01112	0.08230	0.01500	0.01270	0.01784	0.13783	0.01850	0.01568	0.00604	0.00563	0.00165	0.00610	0.00577	0.00330	0.09111
3	0.01457	0.01192	0.01874	0.23998	0.37935	0.01267	0.01455	0.10472	0.01419	0.09208	0.03549	0.01532	0.01030	0.00569	0.00555	0.00171	0.00644	0.00516	0.00350	0.00807
4	0.01120	0.00910	0.01104	0.04925	0.01351	0.00829	0.03041	0.06610	0.08644	0.04342	0.06241	0.04987	0.20506	0.00825	0.00544	0.00148	0.00421	0.01870	0.00443	0.31138
5	0.01153	0.00987	0.01453	0.01889	0.32528	0.00997	0.01065	0.08239	0.03116	0.01958	0.18366	0.10356	0.08119	0.04776	0.00734	0.00195	0.02159	0.00786	0.00426	0.00698
6	0.08930	0.01770	0.01800	0.02186	0.32866	0.29826	0.01308	0.01836	0.01294	0.01640	0.00909	0.01171	0.00773	0.00585	0.00674	0.00167	0.10828	0.00425	0.00280	0.00731
7	0.01115	0.06353	0.21335	0.39944	0.13243	0.01275	0.01602	0.01523	0.01143	0.01550	0.01089	0.05423	0.00898	0.00595	0.00542	0.00178	0.00717	0.00515	0.00260	0.00701
8	0.01244	0.01029	0.01322	0.01096	0.06763	0.00859	0.04051	0.06617	0.01319	0.04238	0.08350	0.01502	0.01274	0.00514	0.00469	0.00110	0.00453	0.00438	0.00376	0.57976
9	0.00948	0.00889	0.01404	0.01394	0.12949	0.00809	0.14647	0.01199	0.01271	0.01650	0.05112	0.03768	0.36833	0.01023	0.00631	0.00182	0.00492	0.07846	0.00422	0.06531
10	0.01514	0.11112	0.25716	0.01262	0.01779	0.01458	0.01280	0.22167	0.15660	0.05655	0.01470	0.05977	0.01157	0.00678	0.00533	0.00171	0.00618	0.00536	0.00421	0.00835
11	0.00889	0.01654	0.38541	0.01168	0.01587	0.00861	0.01268	0.01255	0.01114	0.01581	0.02040	0.41302	0.02206	0.01140	0.00618	0.00201	0.00566	0.01001	0.00376	0.00631
12	0.00968	0.01606	0.32865	0.01215	0.01671	0.00921	0.08120	0.01407	0.01378	0.01986	0.38299	0.02660	0.02941	0.00819	0.00601	0.00176	0.00555	0.00724	0.00423	0.00666
13	0.00970	0.11865	0.30067	0.01033	0.01481	0.01016	0.01132	0.01339	0.01294	0.01769	0.22891	0.02851	0.18394	0.00876	0.00567	0.00170	0.00519	0.00722	0.00399	0.00647
14	0.03081	0.13739	0.24165	0.09423	0.24335	0.05662	0.03115	0.03353	0.01241	0.01692	0.01178	0.01398	0.04176	0.00555	0.00513	0.00163	0.00704	0.00461	0.00273	0.00771
