[name]
unknown

[dist]
# distance from previous block
# <min> <max>
2	30

[block]
# block no. 0 follows, 45 sequences, length 51
# corresponding to MSA columns:
# 34-84
name=unknown_A
#
# <colnr> <probs for GDERKNQSTAVLIFYWHMCP>
#	G	D	E	R	K	N	Q	S	T	A	V	L	I	F	Y	W	H	M	C	P
0	0.15693	0.04230	0.04929	0.01546	0.07197	0.01247	0.25579	0.09982	0.03671	0.12348	0.04197	0.01446	0.01039	0.00546	0.00524	0.00165	0.00631	0.00513	0.00383	0.04134
1	0.09472	0.01266	0.08896	0.17681	0.22427	0.01184	0.11191	0.01640	0.08553	0.01752	0.01237	0.07285	0.01053	0.00603	0.00533	0.00172	0.00628	0.00558	0.00311	0.03560
2	0.03424	0.01597	0.02122	0.02154	0.26201	0.18369	0.20741	0.08664	0.03977	0.01830	0.01047	0.01278	0.00830	0.00508	0.00537	0.00157	0.00751	0.00482	0.00308	0.05022
3	0.01502	0.01099	0.01631	0.07676	0.32925	0.01051	0.01167	0.03132	0.06003	0.18166	0.01309	0.01437	0.00981	0.00523	0.00505	0.00146	0.00537	0.00464	0.00383	0.19362
4	0.01835	0.01848	0.01491	0.01269	0.01586	0.36205	0.02855	0.31303	0.01866	0.02177	0.03013	0.07671	0.01174	0.00714	0.00535	0.00158	0.00735	0.02435	0.00410	0.00719
5	0.01331	0.01015	0.01176	0.00876	0.01325	0.00863	0.00703	0.07565	0.09205	0.09038	0.01218	0.01287	0.00943	0.00477	0.00437	0.00105	0.00421	0.00382	0.00392	0.61242
6	0.00691	0.00523	0.00571	0.00590	0.00682	0.00475	0.00391	0.00771	0.01031	0.01288	0.03682	0.16204	0.38438	0.30667	0.01412	0.00311	0.00369	0.01064	0.00435	0.00404
7	0.01244	0.39481	0.43114	0.01245	0.01882	0.01656	0.01487	0.01657	0.01113	0.01496	0.00862	0.01006	0.00684	0.00486	0.00433	0.00144	0.00691	0.00346	0.00228	0.00745
8	0.09825	0.04563	0.01356	0.01066	0.01427	0.20809	0.00855	0.11619	0.01562	0.35987	0.01538	0.04605	0.01109	0.00651	0.00504	0.00158	0.00598	0.00490	0.00495	0.00781
9	0.00654	0.00467	0.00623	0.00747	0.00779	0.00436	0.00498	0.00747	0.01028	0.01370	0.02959	0.80785	0.03550	0.01682	0.00685	0.00218	0.00311	0.01526	0.00498	0.00436
10	0.03919	0.08887	0.01655	0.01176	0.01591	0.01657	0.00980	0.58536	0.11218	0.03026	0.01332	0.01324	0.00971	0.00634	0.00515	0.00159	0.00565	0.00475	0.00505	0.00876
11	0.01202	0.01147	0.01951	0.33972	0.48096	0.01242	0.01585	0.01537	0.01163	0.01601	0.00987	0.01370	0.00796	0.00502	0.00534	0.00167	0.00669	0.00478	0.00255	0.00748
12	0.01286	0.48717	0.34247	0.01173	0.01771	0.01759	0.01362	0.01646	0.01108	0.01445	0.00837	0.00974	0.00685	0.00480	0.00413	0.00138	0.00665	0.00333	0.00228	0.00732
13	0.01208	0.31633	0.50649	0.01306	0.01976	0.01568	0.01593	0.01666	0.01118	0.01540	0.00884	0.01033	0.00683	0.00491	0.00449	0.00150	0.00713	0.00356	0.00228	0.00755
14	0.00646	0.00500	0.00589	0.00660	0.00755	0.00443	0.00459	0.00757	0.01112	0.01405	0.04028	0.48167	0.35478	0.01543	0.00663	0.00202	0.00294	0.01356	0.00498	0.00443
15	0.00669	0.00543	0.00594	0.00587	0.00748	0.00467	0.00438	0.00836	0.01298	0.01640	0.25081	0.07420	0.55205	0.01299	0.00636	0.00179	0.00268	0.01102	0.00524	0.00467
16	0.03064	0.01532	0.01873	0.09228	0.22762	0.14759	0.08004	0.22132	0.02865	0.02078	0.01053	0.01270	0.00824	0.00573	0.00607	0.00165	0.05626	0.00469	0.00344	0.00772
17	0.01329	0.01275	0.02179	0.03295	0.77787	0.01275	0.01647	0.01647	0.01222	0.01754	0.01010	0.01329	0.00850	0.00478	0.00531	0.00159	0.00638	0.00478	0.00266	0.00850
18	0.00853	0.00548	0.00730	0.00730	0.00836	0.00608	0.00563	0.01066	0.00959	0.01523	0.01553	0.02069	0.01354	0.02779	0.50170	0.00592	0.01002	0.00548	0.31031	0.00487
19	0.01306	0.01252	0.02138	0.08815	0.72444	0.01269	0.01636	0.01628	0.01212	0.01726	0.01006	0.01336	0.00841	0.00482	0.00532	0.00161	0.00643	0.00478	0.00264	0.00832
20	0.70646	0.01064	0.00897	0.00771	0.01119	0.01202	0.00636	0.07605	0.01100	0.09532	0.00918	0.00994	0.00677	0.00525	0.00368	0.00166	0.00433	0.00329	0.00379	0.00639
21	0.00654	0.00467	0.00623	0.00747	0.00779	0.00436	0.00498	0.00747	0.01028	0.01370	0.02959	0.80785	0.03550	0.01682	0.00685	0.00218	0.00311	0.01526	0.00498	0.00436
22	0.00654	0.00467	0.00623	0.00747	0.00779	0.00436	0.00498	0.00747	0.01028	0.01370	0.02959	0.80785	0.03550	0.01682	0.00685	0.00218	0.00311	0.01526	0.00498	0.00436
23	0.55269	0.01364	0.01022	0.00895	0.01223	0.15844	0.00716	0.11235	0.01248	0.02290	0.01022	0.01117	0.03756	0.00562	0.00399	0.00161	0.00536	0.00360	0.00355	0.00627
24	0.00634	0.00544	0.00544	0.00544	0.00725	0.00453	0.00408	0.00770	0.01224	0.01450	0.05438	0.05166	0.77569	0.01359	0.00634	0.00181	0.00272	0.01133	0.00498	0.00453
25	0.02408	0.00914	0.01246	0.00955	0.01370	0.00789	0.00789	0.02616	0.01536	0.78158	0.02118	0.01827	0.01329	0.00664	0.00540	0.00166	0.00457	0.00540	0.00664	0.00914
26	0.01306	0.01339	0.02541	0.02916	0.50287	0.01306	0.28856	0.01674	0.01239	0.01741	0.01038	0.01372	0.00837	0.00469	0.00569	0.00167	0.00736	0.00535	0.00268	0.00804
27	0.01329	0.01275	0.02179	0.03295	0.77787	0.01275	0.01647	0.01647	0.01222	0.01754	0.01010	0.01329	0.00850	0.00478	0.00531	0.00159	0.00638	0.00478	0.00266	0.00850
28	0.02408	0.00914	0.01246	0.00955	0.01370	0.00789	0.00789	0.02616	0.01536	0.78158	0.02118	0.01827	0.01329	0.00664	0.00540	0.00166	0.00457	0.00540	0.00664	0.00914
29	0.01329	0.01275	0.02179	0.03295	0.77787	0.01275	0.01647	0.01647	0.01222	0.01754	0.01010	0.01329	0.00850	0.00478	0.00531	0.00159	0.00638	0.00478	0.00266	0.00850
30	0.01248	0.01391	0.02953	0.02287	0.09679	0.01321	0.64771	0.01669	0.01246	0.01702	0.01141	0.04353	0.00917	0.00509	0.00647	0.00181	0.02335	0.00649	0.00279	0.00723
31	0.02331	0.00914	0.01234	0.00951	0.01355	0.00801	0.00784	0.04501	0.01562	0.73054	0.05188	0.01902	0.01471	0.00682	0.00544	0.00166	0.00452	0.00556	0.00658	0.00897
32	0.01329	0.01275	0.02179	0.03295	0.77787	0.01275	0.01647	0.01647	0.01222	0.01754	0.01010	0.01329	0.00850	0.00478	0.00531	0.00159	0.00638	0.00478	0.00266	0.00850
33	0.01402	0.74140	0.09839	0.00975	0.01466	0.02042	0.01018	0.01616	0.01095	0.01304	0.00766	0.00886	0.00688	0.00464	0.00360	0.00120	0.00594	0.00297	0.00229	0.00699
34	0.01118	0.11863	0.69630	0.01459	0.02214	0.01348	0.01860	0.01689	0.01128	0.01649	0.00938	0.01102	0.00681	0.00504	0.00491	0.00164	0.00768	0.00384	0.00227	0.00781
35	0.00825	0.00532	0.00627	0.00675	0.00754	0.00519	0.00469	0.03941	0.01099	0.01593	0.02519	0.40649	0.06269	0.11367	0.00852	0.00227	0.00335	0.02920	0.23367	0.00461
36	0.01463	0.01150	0.01550	0.01260	0.01600	0.02781	0.14685	0.11708	0.30651	0.11762	0.04841	0.10821	0.01685	0.00778	0.00578	0.00180	0.00531	0.00701	0.00500	0.00777
37	0.01166	0.02658	0.71216	0.01503	0.02262	0.01286	0.01894	0.08610	0.01263	0.01856	0.00994	0.01148	0.00702	0.00522	0.00512	0.00169	0.00774	0.00405	0.00256	0.00804
38	0.01088	0.05173	0.76054	0.01511	0.02294	0.01273	0.01951	0.01697	0.01132	0.01687	0.00957	0.01125	0.00680	0.00508	0.00505	0.00168	0.00787	0.00393	0.00227	0.00790
39	0.01889	0.02371	0.01446	0.01317	0.01580	0.71681	0.00988	0.02038	0.01521	0.01392	0.07961	0.01251	0.01098	0.00604	0.00498	0.00141	0.00902	0.00404	0.00306	0.00612
40	0.01072	0.01007	0.01599	0.61916	0.06200	0.01253	0.01407	0.01512	0.08100	0.01460	0.01047	0.01455	0.00806	0.00591	0.00656	0.00184	0.08351	0.00488	0.00268	0.00629
41	0.01254	0.01087	0.01919	0.25443	0.27272	0.01129	0.13875	0.01575	0.01198	0.08703	0.01327	0.08558	0.01143	0.00640	0.00570	0.00177	0.00657	0.02440	0.00322	0.00714
42	0.00658	0.00469	0.00622	0.00742	0.00772	0.00439	0.00492	0.00749	0.01019	0.01359	0.02914	0.78059	0.03494	0.04485	0.00757	0.00229	0.00319	0.01500	0.00492	0.00432
43	0.01329	0.01275	0.02179	0.03295	0.77787	0.01275	0.01647	0.01647	0.01222	0.01754	0.01010	0.01329	0.00850	0.00478	0.00531	0.00159	0.00638	0.00478	0.00266	0.00850
44	0.01111	0.10222	0.71206	0.01472	0.02234	0.01330	0.01883	0.01691	0.01129	0.01659	0.00943	0.01108	0.00681	0.00505	0.00494	0.00165	0.00773	0.00386	0.00227	0.00783
45	0.01778	0.01155	0.03474	0.01608	0.08940	0.01042	0.25507	0.04978	0.01429	0.36388	0.03658	0.04870	0.01275	0.00626	0.00577	0.00172	0.00621	0.00611	0.00476	0.00813
46	0.00653	0.00470	0.00620	0.00740	0.00777	0.00437	0.00495	0.00748	0.01035	0.01373	0.03046	0.78117	0.06161	0.01670	0.00683	0.00217	0.00310	0.01512	0.00498	0.00437
47	0.02956	0.06909	0.02006	0.03582	0.18536	0.01336	0.17533	0.15558	0.10074	0.06274	0.03962	0.01796	0.01232	0.00626	0.00557	0.00171	0.00625	0.05091	0.00394	0.00782
48	0.01075	0.01367	0.15653	0.23741	0.07762	0.01235	0.12388	0.01413	0.01067	0.01493	0.01163	0.10598	0.01062	0.00730	0.00810	0.00192	0.16722	0.00607	0.00273	0.00648
49	0.01692	0.00925	0.01081	0.00897	0.01152	0.03935	0.00704	0.11536	0.01398	0.31606	0.01705	0.01992	0.01317	0.13747	0.04146	0.00247	0.05801	0.00554	0.14868	0.00697
50	0.01592	0.12112	0.41545	0.01249	0.01867	0.01197	0.01427	0.02012	0.01270	0.28629	0.01343	0.01344	0.00910	0.00558	0.00499	0.00162	0.00647	0.00433	0.00382	0.00822

[dist]
# distance from previous block
# <min> <max>
0	4

[block]
# block no. 1 follows, 45 sequences, length 35
# corresponding to MSA columns:
# 89-123
name=unknown_B
#
# <colnr> <probs for GDERKNQSTAVLIFYWHMCP>
#	G	D	E	R	K	N	Q	S	T	A	V	L	I	F	Y	W	H	M	C	P
0	0.02062	0.01398	0.21286	0.01104	0.01618	0.00908	0.01099	0.02378	0.01432	0.58287	0.01818	0.01647	0.01160	0.00624	0.00532	0.00167	0.00544	0.00503	0.00551	0.00882
1	0.01397	0.53092	0.02589	0.01759	0.28409	0.01824	0.01176	0.01622	0.01137	0.01437	0.00839	0.01026	0.00746	0.00466	0.00411	0.00131	0.00597	0.00355	0.00242	0.00746
2	0.01307	0.01336	0.02529	0.02930	0.51260	0.01304	0.27894	0.01673	0.01238	0.01742	0.01037	0.01371	0.00838	0.00469	0.00568	0.00167	0.00732	0.00533	0.00268	0.00806
3	0.01564	0.11493	0.20055	0.01622	0.14918	0.10802	0.01332	0.21264	0.03598	0.04120	0.01138	0.01354	0.00893	0.00580	0.00507	0.00158	0.00679	0.02775	0.00350	0.00797
4	0.01689	0.01010	0.01118	0.00910	0.01219	0.01061	0.00734	0.30524	0.06852	0.16803	0.01670	0.01693	0.01206	0.00647	0.00480	0.00151	0.00432	0.00508	0.30534	0.00761
5	0.00647	0.00494	0.00595	0.00677	0.00760	0.00442	0.00467	0.00755	0.01096	0.01398	0.03820	0.54500	0.29279	0.01570	0.00668	0.00205	0.00298	0.01389	0.00498	0.00442
6	0.01050	0.00918	0.01335	0.04737	0.25624	0.00840	0.00972	0.01290	0.01153	0.01656	0.03668	0.16703	0.03947	0.00793	0.00537	0.00152	0.00470	0.05756	0.00357	0.28039
7	0.01894	0.00913	0.01138	0.00929	0.01280	0.00866	0.00748	0.02397	0.18901	0.48899	0.05388	0.02335	0.10303	0.00776	0.00556	0.00172	0.00420	0.00640	0.00615	0.00830
8	0.00865	0.00618	0.00865	0.00989	0.01112	0.00618	0.00865	0.01112	0.01236	0.01606	0.02842	0.06055	0.03089	0.01483	0.00741	0.00247	0.00494	0.74174	0.00494	0.00494
9	0.01287	0.01391	0.02844	0.02601	0.27361	0.01331	0.51541	0.01696	0.01252	0.01731	0.01061	0.01409	0.00826	0.00461	0.00600	0.00174	0.00817	0.00583	0.00270	0.00765
10	0.01052	0.02642	0.73811	0.01484	0.02233	0.01199	0.01896	0.01644	0.01127	0.01681	0.01080	0.05788	0.00848	0.00578	0.00520	0.00173	0.00765	0.00463	0.00243	0.00772
11	0.00916	0.00688	0.00886	0.00931	0.01084	0.00707	0.00777	0.01369	0.13465	0.01839	0.20497	0.04916	0.03326	0.01270	0.00684	0.00218	0.00426	0.44922	0.00526	0.00554
12	0.01029	0.00585	0.00766	0.00751	0.00898	0.00527	0.00550	0.01194	0.01283	0.16802	0.23914	0.37160	0.09853	0.01289	0.00637	0.00191	0.00321	0.01141	0.00557	0.00552
13	0.03977	0.22391	0.27575	0.01597	0.02190	0.01522	0.27763	0.03903	0.01204	0.01668	0.00954	0.01171	0.00734	0.00480	0.00506	0.00159	0.00758	0.00451	0.00256	0.00739
14	0.01714	0.28267	0.03568	0.04845	0.01781	0.01681	0.09603	0.31603	0.01724	0.08584	0.01131	0.01212	0.00848	0.00554	0.00483	0.00149	0.00620	0.00438	0.00395	0.00799
15	0.00756	0.00530	0.00681	0.00701	0.00738	0.00556	0.00465	0.00833	0.00847	0.01160	0.01813	0.15466	0.02010	0.43336	0.27172	0.00583	0.00785	0.00834	0.00341	0.00393
16	0.01242	0.01047	0.01145	0.01072	0.01340	0.01193	0.00853	0.02508	0.61851	0.02119	0.02315	0.02805	0.01926	0.00878	0.00585	0.00195	0.00439	0.15174	0.00536	0.00779
17	0.01269	0.43279	0.36420	0.01244	0.01855	0.01703	0.04379	0.01653	0.01117	0.01475	0.00856	0.01006	0.00690	0.00482	0.00430	0.00142	0.00685	0.00350	0.00230	0.00737
18	0.01379	0.01467	0.02524	0.02460	0.29105	0.07895	0.35749	0.04932	0.01302	0.01745	0.01024	0.01343	0.00815	0.00506	0.00645	0.00172	0.05359	0.00538	0.00279	0.00760
19	0.01568	0.01729	0.01946	0.02618	0.50855	0.28765	0.01432	0.01823	0.01328	0.01598	0.00946	0.01201	0.00794	0.00505	0.00515	0.00152	0.00755	0.00431	0.00270	0.00770
20	0.00654	0.00467	0.00623	0.00747	0.00779	0.00436	0.00498	0.00747	0.01028	0.01370	0.02959	0.80785	0.03550	0.01682	0.00685	0.00218	0.00311	0.01526	0.00498	0.00436
21	0.01065	0.01078	0.01824	0.01592	0.10442	0.03323	0.28592	0.03732	0.01287	0.01676	0.07000	0.04896	0.26231	0.00851	0.00661	0.00179	0.03764	0.00803	0.00377	0.00627
22	0.01225	0.05338	0.00934	0.00810	0.00989	0.00641	0.00606	0.01360	0.01193	0.24417	0.02691	0.48934	0.06121	0.01290	0.00619	0.00195	0.00369	0.01139	0.00532	0.00595
23	0.01524	0.01093	0.01202	0.01047	0.01369	0.01206	0.00824	0.05197	0.57024	0.16156	0.02292	0.02092	0.05050	0.00743	0.00549	0.00178	0.00429	0.00615	0.00565	0.00845
24	0.07193	0.01765	0.28433	0.01235	0.01664	0.11383	0.01271	0.06056	0.07584	0.01816	0.01615	0.02652	0.01491	0.00833	0.00568	0.00189	0.00657	0.22551	0.00366	0.00678
25	0.01250	0.04010	0.13771	0.06363	0.25826	0.01331	0.36131	0.01673	0.01218	0.01696	0.01027	0.01346	0.00797	0.00473	0.00570	0.00171	0.00787	0.00533	0.00260	0.00765
26	0.00727	0.00530	0.00676	0.00674	0.00780	0.00487	0.00487	0.00924	0.01355	0.01873	0.51751	0.20166	0.11304	0.04926	0.00741	0.00196	0.00279	0.01093	0.00551	0.00478
27	0.01744	0.25620	0.01876	0.01125	0.01502	0.19412	0.02939	0.22720	0.03021	0.06462	0.03071	0.01248	0.00964	0.00576	0.00463	0.00141	0.00641	0.00416	0.05321	0.00738
28	0.03650	0.16175	0.36380	0.01276	0.01849	0.04776	0.01396	0.12094	0.11057	0.04703	0.01157	0.01229	0.00858	0.00555	0.00484	0.00159	0.00664	0.00416	0.00332	0.00790
29	0.00654	0.00467	0.00623	0.00747	0.00779	0.00436	0.00498	0.00747	0.01028	0.01370	0.02959	0.80785	0.03550	0.01682	0.00685	0.00218	0.00311	0.01526	0.00498	0.00436
30	0.03208	0.01893	0.28425	0.02109	0.18086	0.04944	0.27174	0.01725	0.01213	0.03220	0.01022	0.01283	0.00773	0.00496	0.00574	0.00171	0.02158	0.00494	0.00264	0.00767
31	0.01260	0.01157	0.01962	0.21517	0.51323	0.01216	0.03106	0.01575	0.01183	0.04266	0.01104	0.04364	0.00932	0.00552	0.00565	0.00168	0.02179	0.00523	0.00281	0.00768
32	0.01430	0.01300	0.02295	0.09653	0.35504	0.01306	0.23330	0.10155	0.01389	0.06653	0.01128	0.01400	0.00864	0.00507	0.00563	0.00168	0.00707	0.00528	0.00321	0.00801
33	0.01235	0.01110	0.01146	0.10991	0.01536	0.10633	0.00853	0.09097	0.24351	0.01929	0.09261	0.17663	0.02066	0.00911	0.00571	0.00179	0.00502	0.02174	0.03131	0.00662
34	0.01490	0.01234	0.03644	0.07166	0.45909	0.01223	0.02870	0.04896	0.11131	0.13037	0.01333	0.01492	0.01012	0.00548	0.00537	0.00165	0.00595	0.00505	0.00369	0.00843

[dist]
# distance from previous block
# <min> <max>
3	14

[block]
# block no. 2 follows, 45 sequences, length 18
# corresponding to MSA columns:
# 138-155
name=unknown_C
#
# <colnr> <probs for GDERKNQSTAVLIFYWHMCP>
#	G	D	E	R	K	N	Q	S	T	A	V	L	I	F	Y	W	H	M	C	P
0	0.01401	0.15444	0.26467	0.01772	0.17219	0.09375	0.06692	0.09005	0.04480	0.01786	0.01014	0.01183	0.00789	0.00518	0.00497	0.00156	0.00716	0.00423	0.00287	0.00779
1	0.04974	0.01274	0.05053	0.17722	0.12090	0.06686	0.13727	0.03071	0.07374	0.16995	0.04709	0.01589	0.01134	0.00581	0.00545	0.00170	0.00649	0.00528	0.00384	0.00745
2	0.01188	0.00965	0.00988	0.00936	0.01125	0.10486	0.01725	0.05881	0.13057	0.08377	0.11865	0.31125	0.05866	0.01135	0.00609	0.00187	0.00444	0.02931	0.00503	0.00608
3	0.04581	0.06680	0.38080	0.06872	0.05388	0.03347	0.04765	0.04170	0.06175	0.06530	0.01087	0.01255	0.00806	0.00570	0.00612	0.00172	0.07419	0.00436	0.00296	0.00758
4	0.01566	0.10740	0.02186	0.02021	0.25921	0.01299	0.18836	0.01973	0.07726	0.18841	0.01339	0.01468	0.00994	0.00542	0.00560	0.00164	0.02121	0.00517	0.00375	0.00810
5	0.00720	0.00514	0.00681	0.00786	0.00843	0.00495	0.00571	0.00845	0.01055	0.01394	0.02839	0.50789	0.05422	0.09614	0.02868	0.00270	0.00404	0.18974	0.00475	0.00441
6	0.01266	0.01659	0.22994	0.27396	0.02768	0.01326	0.18142	0.14509	0.01385	0.01889	0.01044	0.01329	0.00762	0.00529	0.00551	0.00174	0.00757	0.00491	0.00295	0.00734
7	0.01086	0.00764	0.04645	0.00743	0.00993	0.00622	0.00613	0.01361	0.05713	0.17420	0.17509	0.07180	0.37056	0.01103	0.00606	0.00177	0.00343	0.00931	0.00539	0.00597
8	0.01207	0.11189	0.64847	0.01424	0.02155	0.01310	0.01785	0.01753	0.01156	0.06915	0.01019	0.01152	0.00726	0.00515	0.00494	0.00164	0.00746	0.00395	0.00257	0.00790
9	0.01431	0.01636	0.01157	0.01113	0.01327	0.42294	0.00867	0.01604	0.01402	0.01459	0.06491	0.03095	0.13114	0.00947	0.00582	0.00175	0.00699	0.19664	0.00385	0.00557
10	0.01176	0.07987	0.61015	0.05407	0.02307	0.01289	0.06157	0.01724	0.01155	0.05469	0.01013	0.01182	0.00723	0.00512	0.00509	0.00167	0.00764	0.00414	0.00252	0.00778
11	0.01655	0.01409	0.06628	0.01587	0.02063	0.01317	0.31611	0.26119	0.01700	0.13178	0.01334	0.01466	0.00947	0.00560	0.00565	0.00168	0.00691	0.00549	0.05651	0.00803
12	0.00784	0.00564	0.00832	0.00856	0.00941	0.00529	0.05698	0.00910	0.01066	0.04318	0.04524	0.61541	0.03177	0.07394	0.00828	0.00236	0.00380	0.04474	0.00478	0.00470
13	0.01337	0.01263	0.02135	0.04903	0.57982	0.01284	0.08287	0.06728	0.01302	0.01833	0.01118	0.01571	0.00956	0.00551	0.00584	0.00168	0.02724	0.04167	0.00295	0.00812
14	0.01127	0.06129	0.19286	0.38154	0.16327	0.01286	0.07145	0.01535	0.01129	0.01533	0.00964	0.01314	0.00737	0.00509	0.00526	0.00170	0.00725	0.00460	0.00243	0.00701
15	0.01289	0.01386	0.02812	0.02633	0.29739	0.01328	0.49187	0.01694	0.01251	0.01732	0.01059	0.01405	0.00827	0.00462	0.00597	0.00173	0.00809	0.00578	0.00269	0.00769
16	0.00661	0.00485	0.00612	0.00706	0.00763	0.00445	0.00477	0.00763	0.01066	0.01398	0.06126	0.62575	0.15184	0.05099	0.00765	0.00224	0.00312	0.01410	0.00494	0.00437
17	0.17027	0.09222	0.07890	0.01315	0.10061	0.07755	0.06578	0.05888	0.02715	0.10513	0.11095	0.01739	0.04737	0.00640	0.00497	0.00160	0.00558	0.00520	0.00390	0.00700

[dist]
# distance from previous block
# <min> <max>
0	18

[block]
# block no. 3 follows, 45 sequences, length 30
# corresponding to MSA columns:
# 174-191,206-217
name=unknown_D
#
# <colnr> <probs for GDERKNQSTAVLIFYWHMCP>
#	G	D	E	R	K	N	Q	S	T	A	V	L	I	F	Y	W	H	M	C	P
0	0.01463	0.01103	0.01885	0.25122	0.15920	0.01153	0.15049	0.03691	0.01284	0.19287	0.04004	0.01584	0.01060	0.00582	0.00615	0.00175	0.04373	0.00538	0.00368	0.00743
1	0.00784	0.00552	0.00732	0.00825	0.00896	0.00542	0.00635	0.00934	0.01084	0.01429	0.04377	0.26841	0.03022	0.18748	0.01153	0.00296	0.00442	0.35805	0.00461	0.00441
2	0.01506	0.01487	0.04028	0.02315	0.29758	0.10859	0.24846	0.03741	0.01317	0.09378	0.01115	0.01359	0.00858	0.00525	0.00617	0.00168	0.04517	0.00515	0.00314	0.00777
3	0.01265	0.01885	0.28238	0.02024	0.08638	0.01336	0.39499	0.07173	0.01311	0.01838	0.01053	0.01321	0.00779	0.00488	0.00577	0.00174	0.00823	0.00530	0.00275	0.00771
4	0.00813	0.00591	0.00743	0.00735	0.00854	0.00566	0.00537	0.06431	0.01414	0.01947	0.43474	0.29662	0.07642	0.01273	0.00644	0.00185	0.00299	0.01129	0.00551	0.00510
5	0.10390	0.01996	0.11674	0.04829	0.06173	0.32111	0.09154	0.14030	0.01509	0.01888	0.00957	0.01123	0.00738	0.00541	0.00501	0.00157	0.00790	0.00413	0.00316	0.00711
6	0.08381	0.08176	0.19022	0.01139	0.01590	0.01078	0.08249	0.04447	0.02957	0.21204	0.07554	0.04710	0.06477	0.01981	0.00562	0.00173	0.00555	0.00586	0.00427	0.00731
7	0.00831	0.01418	0.32459	0.01055	0.01403	0.00772	0.01097	0.01140	0.01069	0.01497	0.02186	0.42741	0.04978	0.03966	0.00683	0.00208	0.00515	0.01023	0.00381	0.00579
8	0.44115	0.01483	0.01345	0.01290	0.09377	0.19274	0.06372	0.07760	0.01243	0.02115	0.00863	0.01018	0.00679	0.00517	0.00427	0.00160	0.00617	0.00364	0.00325	0.00656
9	0.01556	0.05751	0.01794	0.01726	0.17986	0.16689	0.08864	0.14497	0.03137	0.05959	0.04070	0.04516	0.02577	0.00683	0.00603	0.00167	0.04386	0.03933	0.00374	0.00734
10	0.01364	0.05044	0.36364	0.08020	0.12121	0.14922	0.01567	0.07267	0.05163	0.01749	0.01024	0.01200	0.00774	0.00535	0.00508	0.00162	0.00756	0.00418	0.00281	0.00763
11	0.01027	0.01055	0.02135	0.01634	0.01978	0.00987	0.44978	0.01349	0.01220	0.01658	0.09637	0.25929	0.02093	0.00895	0.00649	0.00191	0.00656	0.00941	0.00374	0.00613
12	0.01290	0.01646	0.23368	0.22745	0.20830	0.05371	0.01540	0.01784	0.07325	0.07276	0.01149	0.01373	0.00857	0.00541	0.00526	0.00169	0.00690	0.00463	0.00300	0.00759
13	0.01355	0.01290	0.02334	0.04361	0.44575	0.01286	0.22746	0.01766	0.05280	0.05640	0.01141	0.01422	0.00899	0.00508	0.00597	0.00170	0.02992	0.00532	0.00301	0.00804
14	0.01504	0.02070	0.25584	0.01402	0.01801	0.20325	0.01359	0.14961	0.03164	0.01819	0.00954	0.01151	0.00753	0.00654	0.00813	0.00177	0.20058	0.00422	0.00303	0.00724
15	0.00857	0.00724	0.01128	0.19521	0.15163	0.00761	0.00933	0.01052	0.01073	0.01439	0.02147	0.48262	0.02413	0.01202	0.00623	0.00199	0.00463	0.01097	0.00397	0.00547
16	0.07790	0.01347	0.27341	0.00938	0.01319	0.00797	0.00990	0.01201	0.01207	0.01743	0.17029	0.09335	0.24972	0.00973	0.00571	0.00177	0.00463	0.00811	0.00409	0.00589
17	0.01329	0.00715	0.00917	0.00857	0.01056	0.00681	0.00642	0.04186	0.08418	0.25809	0.08606	0.39457	0.02700	0.01187	0.00617	0.00192	0.00373	0.01047	0.00564	0.00648
18	0.00653	0.00470	0.00620	0.00740	0.00777	0.00437	0.00495	0.00748	0.01035	0.01373	0.03048	0.78066	0.06211	0.01670	0.00683	0.00217	0.00310	0.01512	0.00498	0.00437
19	0.01077	0.02777	0.78354	0.01530	0.02323	0.01247	0.01983	0.01700	0.01133	0.01700	0.00963	0.01133	0.00680	0.00510	0.00510	0.00170	0.00793	0.00397	0.00227	0.00793
20	0.01179	0.07370	0.03952	0.01692	0.04687	0.01164	0.41209	0.01569	0.03979	0.04469	0.11889	0.11139	0.01760	0.00707	0.00605	0.00177	0.00674	0.00744	0.00362	0.00675
21	0.01250	0.23644	0.51999	0.01343	0.02018	0.01514	0.01621	0.07699	0.01235	0.01720	0.00932	0.01073	0.00701	0.00507	0.00468	0.00155	0.00718	0.00374	0.00253	0.00775
22	0.00677	0.00514	0.00624	0.00664	0.00768	0.00461	0.00472	0.00828	0.01225	0.01612	0.24377	0.35821	0.27173	0.01419	0.00655	0.00193	0.00283	0.01249	0.00524	0.00461
23	0.02754	0.09624	0.08400	0.01050	0.04943	0.13354	0.00857	0.01578	0.01298	0.15976	0.06468	0.10619	0.19154	0.00889	0.00546	0.00165	0.00521	0.00725	0.00432	0.00646
24	0.01264	0.01286	0.04274	0.11972	0.57509	0.03042	0.05574	0.01591	0.01212	0.01681	0.01209	0.01512	0.04413	0.00528	0.00541	0.00164	0.00656	0.00512	0.00273	0.00788
25	0.01008	0.00581	0.00745	0.00726	0.00875	0.00521	0.00535	0.01138	0.01232	0.15175	0.17529	0.27828	0.19440	0.01329	0.00754	0.07015	0.00333	0.02187	0.00524	0.00523
26	0.01280	0.01244	0.02177	0.13780	0.61781	0.01270	0.07346	0.01615	0.01205	0.01698	0.01008	0.01352	0.00829	0.00484	0.00540	0.00164	0.00669	0.00490	0.00262	0.00805
27	0.20793	0.01977	0.33307	0.01345	0.03325	0.09356	0.06973	0.07260	0.01270	0.08149	0.01027	0.01151	0.00742	0.00529	0.00480	0.00165	0.00687	0.00404	0.00319	0.00741
28	0.03342	0.01321	0.14954	0.01080	0.01508	0.01037	0.01005	0.19150	0.02640	0.32365	0.07923	0.08143	0.01592	0.00748	0.00549	0.00170	0.00518	0.00613	0.00530	0.00813
29	0.01296	0.04509	0.41385	0.01689	0.05790	0.01312	0.18848	0.07275	0.05338	0.05740	0.01135	0.01300	0.00821	0.00523	0.00540	0.00170	0.00753	0.00477	0.00301	0.00795

[dist]
# distance from previous block
# <min> <max>
2	46

[block]
# block no. 4 follows, 45 sequences, length 81
# corresponding to MSA columns:
# 271-351
name=unknown_E
#
# <colnr> <probs for GDERKNQSTAVLIFYWHMCP>
#	G	D	E	R	K	N	Q	S	T	A	V	L	I	F	Y	W	H	M	C	P
0	0.01438	0.01286	0.01907	0.02558	0.51538	0.01346	0.01399	0.13140	0.15985	0.02095	0.01278	0.01452	0.01012	0.00552	0.00535	0.00164	0.00590	0.00504	0.00361	0.00860
1	0.09805	0.07078	0.32425	0.01479	0.09329	0.01201	0.08165	0.01661	0.02928	0.03685	0.00999	0.01170	0.00761	0.00484	0.00474	0.00149	0.00642	0.00402	0.00282	0.16881
2	0.00965	0.08760	0.01280	0.18187	0.11343	0.05287	0.00908	0.01166	0.01147	0.01427	0.02585	0.21449	0.21426	0.01013	0.00575	0.00178	0.00493	0.00875	0.00374	0.00563
3	0.01543	0.02403	0.27901	0.01383	0.01813	0.42555	0.01330	0.01853	0.01305	0.01439	0.00932	0.01142	0.00752	0.00889	0.08230	0.00223	0.02992	0.00389	0.00259	0.00666
4	0.01675	0.01874	0.27916	0.01287	0.01816	0.05696	0.01299	0.26935	0.10768	0.13315	0.01378	0.01380	0.00967	0.00606	0.00526	0.00166	0.00642	0.00469	0.00435	0.00848
5	0.01168	0.02229	0.50405	0.02154	0.28304	0.01259	0.03571	0.01682	0.01167	0.01719	0.00982	0.01208	0.00742	0.00498	0.00520	0.00167	0.00742	0.00430	0.00241	0.00811
6	0.01056	0.01110	0.02292	0.01741	0.02108	0.01040	0.49910	0.01385	0.01185	0.01599	0.01730	0.28751	0.01756	0.00876	0.00651	0.00194	0.00701	0.00941	0.00350	0.00625
7	0.00932	0.00862	0.01331	0.40746	0.14103	0.00951	0.01142	0.01207	0.01148	0.01458	0.02506	0.02701	0.27184	0.00811	0.00569	0.00177	0.00551	0.00703	0.00332	0.00586
8	0.01170	0.01125	0.01874	0.29027	0.26455	0.01256	0.09275	0.01605	0.08548	0.01608	0.01176	0.05071	0.00988	0.00617	0.00663	0.00180	0.07810	0.00554	0.00292	0.00707
9	0.01329	0.01275	0.02179	0.03295	0.77787	0.01275	0.01647	0.01647	0.01222	0.01754	0.01010	0.01329	0.00850	0.00478	0.00531	0.00159	0.00638	0.00478	0.00266	0.00850
10	0.00721	0.00496	0.00603	0.00661	0.00676	0.00481	0.00406	0.00765	0.00896	0.01195	0.02284	0.39631	0.02699	0.43998	0.01775	0.00379	0.00423	0.01129	0.00406	0.00377
11	0.01734	0.02045	0.01784	0.02148	0.32131	0.47877	0.01281	0.01945	0.01402	0.01490	0.00902	0.01112	0.00755	0.00523	0.00503	0.00147	0.00836	0.00399	0.00272	0.00714
12	0.01522	0.01044	0.01242	0.01214	0.08759	0.03439	0.00852	0.27644	0.01667	0.13693	0.01958	0.28739	0.01881	0.00985	0.00582	0.00180	0.00482	0.00846	0.02547	0.00724
13	0.00710	0.00520	0.00736	0.00806	0.00869	0.00546	0.00586	0.00852	0.00961	0.01323	0.02282	0.43674	0.02559	0.02712	0.35326	0.00504	0.00815	0.03356	0.00405	0.00457
14	0.01329	0.01275	0.02179	0.03295	0.77787	0.01275	0.01647	0.01647	0.01222	0.01754	0.01010	0.01329	0.00850	0.00478	0.00531	0.00159	0.00638	0.00478	0.00266	0.00850
15	0.01788	0.46064	0.02184	0.01006	0.01433	0.09654	0.00909	0.09205	0.01383	0.20037	0.01139	0.01147	0.00866	0.00537	0.00425	0.00134	0.00588	0.00373	0.00370	0.00758
16	0.01153	0.01096	0.01862	0.45990	0.36464	0.01229	0.01560	0.01494	0.01139	0.01541	0.00979	0.01386	0.00775	0.00511	0.00534	0.00170	0.00681	0.00478	0.00251	0.00709
17	0.00771	0.00533	0.00644	0.00625	0.00681	0.00514	0.00405	0.00883	0.01107	0.01533	0.35220	0.03733	0.03328	0.45738	0.01804	0.00365	0.00402	0.00865	0.00443	0.00405
18	0.00866	0.00856	0.01467	0.01150	0.01450	0.00770	0.26377	0.01125	0.01272	0.01623	0.12165	0.03754	0.42880	0.01017	0.00634	0.00180	0.00488	0.00943	0.00431	0.00552
19	0.01179	0.25259	0.56768	0.01355	0.02053	0.01497	0.01679	0.01673	0.01121	0.01575	0.00901	0.01056	0.00683	0.00495	0.00463	0.00154	0.00731	0.00365	0.00228	0.00763
20	0.00710	0.00544	0.00633	0.00612	0.00749	0.00486	0.00448	0.00890	0.01325	0.01753	0.40299	0.04439	0.34706	0.09059	0.00840	0.00208	0.00287	0.01019	0.00527	0.00467
21	0.01499	0.01505	0.01511	0.01303	0.01463	0.20199	0.01047	0.16456	0.01346	0.01719	0.01016	0.05664	0.00935	0.00984	0.05028	0.00227	0.36620	0.00507	0.00323	0.00647
22	0.01541	0.01012	0.01678	0.39618	0.08098	0.01076	0.08555	0.01854	0.01262	0.27858	0.01371	0.01562	0.00946	0.00568	0.00547	0.00173	0.00640	0.00514	0.00390	0.00736
23	0.01329	0.01275	0.02179	0.03295	0.77787	0.01275	0.01647	0.01647	0.01222	0.01754	0.01010	0.01329	0.00850	0.00478	0.00531	0.00159	0.00638	0.00478	0.00266	0.00850
24	0.00681	0.00484	0.00632	0.00721	0.00763	0.00454	0.00482	0.00788	0.01072	0.01448	0.13294	0.62430	0.03606	0.09396	0.00879	0.00241	0.00324	0.01375	0.00494	0.00435
25	0.01084	0.00980	0.01608	0.02357	0.49240	0.00969	0.01231	0.01323	0.01156	0.01618	0.01729	0.28798	0.01839	0.00919	0.00590	0.00182	0.00522	0.02805	0.00352	0.00698
26	0.04963	0.01549	0.08844	0.01513	0.15884	0.26117	0.01041	0.01500	0.01230	0.01503	0.01606	0.28517	0.01700	0.00921	0.00558	0.00174	0.00638	0.00780	0.00348	0.00617
27	0.00652	0.00475	0.00615	0.00727	0.00773	0.00438	0.00489	0.00750	0.01047	0.01378	0.03202	0.73365	0.10813	0.01650	0.00680	0.00214	0.00308	0.01487	0.00498	0.00438
28	0.01329	0.01275	0.02179	0.03295	0.77787	0.01275	0.01647	0.01647	0.01222	0.01754	0.01010	0.01329	0.00850	0.00478	0.00531	0.00159	0.00638	0.00478	0.00266	0.00850
29	0.01408	0.02338	0.51944	0.01428	0.02097	0.01390	0.01652	0.27268	0.01612	0.02279	0.01075	0.01187	0.00760	0.00556	0.00519	0.00167	0.00724	0.00426	0.00333	0.00834
30	0.01252	0.28459	0.01405	0.00716	0.00986	0.01173	0.00625	0.08707	0.01251	0.01883	0.01360	0.01539	0.01094	0.00570	0.00381	0.00125	0.00395	0.00425	0.47046	0.00606
31	0.01207	0.01151	0.01958	0.32952	0.49083	0.01243	0.01587	0.01541	0.01165	0.01606	0.00988	0.01368	0.00798	0.00501	0.00533	0.00167	0.00668	0.00478	0.00255	0.00752
32	0.01113	0.00901	0.01389	0.20668	0.27959	0.00958	0.01108	0.02852	0.01212	0.01806	0.08727	0.01815	0.01388	0.00600	0.00496	0.00155	0.00503	0.00533	0.25162	0.00653
33	0.00708	0.00547	0.00645	0.00621	0.00770	0.00484	0.00465	0.00912	0.01396	0.01861	0.47558	0.04490	0.35193	0.01206	0.00634	0.00174	0.00261	0.01038	0.00552	0.00484
34	0.00654	0.00467	0.00623	0.00747	0.00779	0.00436	0.00498	0.00747	0.01028	0.01370	0.02959	0.80785	0.03550	0.01682	0.00685	0.00218	0.00311	0.01526	0.00498	0.00436
35	0.00729	0.00574	0.00889	0.00913	0.01000	0.00539	0.07916	0.00868	0.01066	0.01421	0.02767	0.67837	0.03250	0.01547	0.00684	0.00216	0.00382	0.06458	0.00476	0.00468
36	0.01182	0.02130	0.44762	0.02209	0.28340	0.01267	0.09114	0.01684	0.01177	0.01720	0.00991	0.01231	0.00752	0.00493	0.00529	0.00167	0.00751	0.00448	0.00244	0.00806
37	0.01335	0.01153	0.01214	0.01092	0.01396	0.01335	0.00850	0.02852	0.76817	0.02245	0.02185	0.02003	0.01639	0.00728	0.00546	0.00182	0.00425	0.00607	0.00546	0.00850
38	0.01043	0.01050	0.02084	0.01561	0.01919	0.00981	0.42522	0.01407	0.01379	0.01911	0.34882	0.02581	0.02694	0.00738	0.00633	0.00176	0.00617	0.00783	0.00413	0.00628
39	0.01209	0.01186	0.01748	0.02004	0.27656	0.03404	0.01284	0.01403	0.00982	0.01447	0.00885	0.01314	0.00817	0.01074	0.08885	0.00268	0.43036	0.00480	0.00252	0.00668
40	0.01101	0.08214	0.73134	0.01488	0.02258	0.01307	0.01910	0.01694	0.01130	0.01670	0.00948	0.01114	0.00681	0.00506	0.00499	0.00166	0.00778	0.00389	0.00227	0.00786
41	0.00767	0.00575	0.00863	0.00863	0.00959	0.00671	0.00671	0.00959	0.00863	0.01246	0.01438	0.02109	0.01342	0.04026	0.79008	0.00863	0.01438	0.00575	0.00288	0.00479
42	0.02264	0.01146	0.01389	0.01065	0.01486	0.01134	0.00880	0.31491	0.01925	0.48734	0.01792	0.01615	0.01165	0.00657	0.00539	0.00164	0.00509	0.00518	0.00614	0.00913
43	0.01575	0.19249	0.37601	0.01216	0.01817	0.01292	0.01375	0.01969	0.01251	0.25772	0.01281	0.01294	0.00887	0.00548	0.00484	0.00157	0.00639	0.00418	0.00366	0.00809
44	0.01852	0.01359	0.02069	0.01529	0.01995	0.01373	0.26718	0.34860	0.01882	0.18682	0.01395	0.01458	0.00967	0.00583	0.00571	0.00169	0.00670	0.00547	0.00473	0.00848
45	0.00752	0.00548	0.00707	0.00668	0.00797	0.00503	0.00501	0.00999	0.01502	0.02111	0.73273	0.04078	0.09321	0.01113	0.00633	0.00170	0.00254	0.00980	0.00585	0.00503
46	0.01633	0.01271	0.01390	0.01066	0.01496	0.01297	0.00867	0.41181	0.11310	0.02679	0.01285	0.01317	0.00963	0.00570	0.00490	0.00136	0.00504	0.00442	0.00463	0.29642
47	0.01321	0.01297	0.02305	0.03163	0.68224	0.01286	0.11109	0.01657	0.01228	0.01749	0.01019	0.01344	0.00846	0.00475	0.00544	0.00162	0.00672	0.00498	0.00266	0.00834
48	0.00932	0.00466	0.00699	0.00699	0.00699	0.00466	0.00466	0.00699	0.00699	0.00932	0.00932	0.01632	0.00932	0.01865	0.02098	0.84382	0.00466	0.00466	0.00233	0.00233
49	0.01267	0.01448	0.03167	0.02262	0.02805	0.01357	0.75837	0.01719	0.01267	0.01719	0.01086	0.01448	0.00814	0.00452	0.00633	0.00181	0.00905	0.00633	0.00271	0.00724
50	0.01179	0.01189	0.04845	0.04590	0.27944	0.09088	0.05532	0.01456	0.01313	0.04058	0.16050	0.02596	0.12504	0.00786	0.00576	0.00169	0.00561	0.04510	0.00382	0.00671
51	0.01188	0.15885	0.56384	0.01485	0.02188	0.01395	0.09021	0.01708	0.01149	0.03452	0.00966	0.01135	0.00710	0.00499	0.00495	0.00162	0.00759	0.00405	0.00242	0.00772
52	0.00641	0.00517	0.00571	0.00614	0.00743	0.00447	0.00439	0.00762	0.01156	0.01423	0.04585	0.31189	0.52096	0.01470	0.00652	0.00194	0.00285	0.01268	0.00498	0.00447
53	0.00821	0.00635	0.00720	0.00676	0.00850	0.00591	0.00512	0.08242	0.01450	0.01900	0.32171	0.09573	0.37455	0.01212	0.00628	0.00177	0.00299	0.01035	0.00537	0.00517
54	0.01488	0.03239	0.05351	0.08107	0.31158	0.22730	0.01369	0.04928	0.01281	0.01591	0.00914	0.01194	0.00766	0.00583	0.00704	0.00166	0.13004	0.00433	0.00271	0.00725
55	0.02408	0.00914	0.01246	0.00955	0.01370	0.00789	0.00789	0.02616	0.01536	0.78158	0.02118	0.01827	0.01329	0.00664	0.00540	0.00166	0.00457	0.00540	0.00664	0.00914
56	0.02041	0.01504	0.01611	0.01235	0.01665	0.01665	0.01020	0.75997	0.02524	0.03383	0.01289	0.01289	0.00913	0.00644	0.00537	0.00161	0.00591	0.00483	0.00537	0.00913
57	0.01501	0.07228	0.02380	0.02252	0.25947	0.22734	0.26780	0.01806	0.01311	0.01587	0.00968	0.01238	0.00783	0.00489	0.00540	0.00158	0.00815	0.00482	0.00268	0.00733
58	0.00696	0.00499	0.00662	0.00729	0.00795	0.00465	0.00511	0.00848	0.01202	0.01646	0.28609	0.52448	0.04060	0.01476	0.00669	0.00202	0.00296	0.03197	0.00530	0.00462
59	0.00658	0.00476	0.00624	0.00740	0.00783	0.00442	0.00501	0.00758	0.01046	0.01381	0.03118	0.74014	0.08383	0.01656	0.00683	0.00216	0.00313	0.03272	0.00498	0.00439
60	0.00871	0.00506	0.00549	0.00562	0.00623	0.00503	0.00366	0.00997	0.00966	0.01521	0.01844	0.10389	0.01840	0.35767	0.01431	0.00306	0.00374	0.00723	0.39445	0.00418
61	0.09704	0.08819	0.16443	0.01565	0.17120	0.01230	0.02857	0.04270	0.08449	0.22316	0.01369	0.01402	0.00980	0.00563	0.00497	0.00162	0.00576	0.00459	0.00403	0.00814
62	0.01243	0.01612	0.19442	0.08068	0.47081	0.01273	0.10180	0.01648	0.01197	0.01711	0.01004	0.01305	0.00798	0.00487	0.00539	0.00166	0.00709	0.00477	0.00256	0.00805
63	0.00764	0.00583	0.00709	0.00754	0.00889	0.00549	0.00598	0.00989	0.03767	0.01589	0.12922	0.11638	0.29343	0.05855	0.00791	0.00225	0.00370	0.26686	0.00500	0.00479
64	0.01537	0.05367	0.01690	0.22919	0.02240	0.17426	0.07522	0.13521	0.14105	0.05353	0.01268	0.01467	0.00965	0.00597	0.00529	0.00166	0.00694	0.01541	0.00370	0.00722
65	0.05130	0.02828	0.01272	0.00997	0.01333	0.01040	0.03297	0.20082	0.08023	0.26850	0.15829	0.05425	0.03935	0.00787	0.00556	0.00169	0.00455	0.00655	0.00562	0.00776
66	0.00657	0.00473	0.00618	0.00732	0.00769	0.00440	0.00488	0.00750	0.01029	0.01363	0.03037	0.74502	0.07101	0.04340	0.00752	0.00226	0.00317	0.01482	0.00492	0.00433
67	0.01266	0.01861	0.28669	0.05778	0.08378	0.01347	0.30379	0.08959	0.01312	0.01843	0.01035	0.01302	0.00771	0.00518	0.00618	0.00176	0.04235	0.00510	0.00278	0.00764
68	0.01277	0.03069	0.09957	0.08942	0.14732	0.00953	0.06660	0.03830	0.01235	0.15492	0.01816	0.26170	0.01742	0.00899	0.00582	0.00182	0.00545	0.00814	0.00412	0.00691
69	0.01061	0.02467	0.65574	0.09193	0.02401	0.01211	0.03602	0.01637	0.01148	0.01689	0.04402	0.01299	0.00884	0.00538	0.00521	0.00171	0.00764	0.00436	0.00245	0.00759
70	0.01769	0.02140	0.01841	0.01931	0.20148	0.52607	0.08524	0.01982	0.01424	0.01460	0.00898	0.01102	0.00742	0.00525	0.00510	0.00148	0.00882	0.00406	0.00273	0.00687
71	0.04309	0.01679	0.26235	0.01343	0.05456	0.01232	0.02956	0.18186	0.11667	0.11753	0.02647	0.01717	0.01167	0.00651	0.00534	0.00172	0.00602	0.04592	0.02292	0.00809
72	0.01398	0.20896	0.05845	0.02004	0.24140	0.04707	0.20327	0.04192	0.01262	0.04361	0.01064	0.01350	0.00867	0.00508	0.00508	0.00154	0.00688	0.01857	0.03120	0.00752
73	0.00695	0.00694	0.08250	0.00824	0.00930	0.00516	0.00644	0.00841	0.01038	0.01403	0.02763	0.72970	0.03269	0.01567	0.00668	0.00213	0.00359	0.01415	0.00472	0.00471
74	0.02797	0.04391	0.08494	0.10937	0.33565	0.01086	0.01269	0.02879	0.01166	0.01638	0.03433	0.19372	0.03232	0.00808	0.00587	0.00177	0.02427	0.00723	0.00330	0.00688
75	0.01152	0.01706	0.27020	0.07791	0.13999	0.03593	0.20408	0.01568	0.01181	0.02930	0.01296	0.12422	0.01156	0.00660	0.00571	0.00177	0.00724	0.00635	0.00292	0.00716
76	0.03935	0.05893	0.06865	0.14740	0.18185	0.04802	0.09131	0.03894	0.02422	0.10267	0.08877	0.01830	0.05575	0.00630	0.00540	0.00166	0.00611	0.00560	0.00362	0.00715
77	0.01075	0.00919	0.00917	0.00888	0.01062	0.08408	0.00655	0.10012	0.13076	0.01805	0.05859	0.36273	0.10398	0.01187	0.00604	0.00187	0.00418	0.01027	0.03304	0.01927
78	0.21376	0.03125	0.29851	0.01397	0.08412	0.03201	0.05260	0.05411	0.02480	0.10951	0.01107	0.01221	0.00800	0.00533	0.00475	0.00165	0.00627	0.00415	0.02441	0.00751
79	0.01394	0.05873	0.08489	0.06641	0.16682	0.02612	0.22515	0.11814	0.02601	0.06494	0.01357	0.05015	0.02539	0.00615	0.00564	0.00171	0.00687	0.02831	0.00348	0.00757
80	0.01641	0.01353	0.04523	0.01276	0.01593	0.07702	0.08006	0.24577	0.03998	0.13367	0.04756	0.05658	0.01262	0.00857	0.03401	0.00202	0.14065	0.00572	0.00439	0.00752

[dist]
# distance from previous block
# <min> <max>
88	556

[block]
# block no. 5 follows, 45 sequences, length 57
# corresponding to MSA columns:
# 1024-1030,1035-1084
name=unknown_F
#
# <colnr> <probs for GDERKNQSTAVLIFYWHMCP>
#	G	D	E	R	K	N	Q	S	T	A	V	L	I	F	Y	W	H	M	C	P
0	0.00953	0.00741	0.02802	0.02615	0.01113	0.00711	0.02566	0.08767	0.06184	0.04100	0.04818	0.49725	0.02886	0.01360	0.00651	0.00207	0.00404	0.08349	0.00495	0.00554
1	0.03969	0.02956	0.30883	0.03770	0.08262	0.05890	0.17853	0.03589	0.06889	0.03764	0.01152	0.01440	0.00896	0.05551	0.00673	0.00191	0.00740	0.00495	0.00296	0.00740
2	0.09020	0.10271	0.10234	0.01423	0.09761	0.01215	0.10986	0.05461	0.05687	0.23632	0.03529	0.01478	0.01087	0.00568	0.00506	0.00160	0.00579	0.00486	0.00417	0.03499
3	0.01306	0.01541	0.16447	0.03980	0.09439	0.07926	0.13195	0.07770	0.03257	0.06428	0.03686	0.02042	0.12896	0.00716	0.00644	0.00175	0.05901	0.01584	0.00358	0.00708
4	0.05283	0.00846	0.03280	0.00783	0.00958	0.06916	0.00608	0.03164	0.06045	0.03254	0.13114	0.22175	0.08900	0.01130	0.03221	0.00195	0.00415	0.00863	0.18307	0.00544
5	0.01207	0.03337	0.09559	0.01482	0.11758	0.01041	0.14743	0.08236	0.03376	0.06754	0.10418	0.05718	0.14324	0.00791	0.00599	0.00172	0.02105	0.00710	0.02982	0.00688
6	0.01369	0.04130	0.24301	0.01559	0.09576	0.01238	0.12215	0.11209	0.09645	0.07893	0.01328	0.01584	0.01029	0.07282	0.00716	0.00197	0.00656	0.00517	0.02787	0.00769
7	0.00934	0.00736	0.00900	0.01029	0.06722	0.02917	0.00679	0.01319	0.15386	0.03884	0.02537	0.50979	0.02776	0.03858	0.00703	0.00213	0.00392	0.02991	0.00483	0.00563
8	0.01100	0.03382	0.24690	0.24242	0.09400	0.01206	0.11375	0.03618	0.01160	0.01603	0.01192	0.09834	0.01039	0.00649	0.00591	0.00179	0.03192	0.00582	0.00278	0.00689
9	0.01263	0.06241	0.21346	0.02087	0.14913	0.01376	0.34576	0.04005	0.03635	0.01752	0.01055	0.01323	0.00807	0.00498	0.00593	0.00172	0.02798	0.00520	0.00273	0.00766
10	0.01375	0.06409	0.06353	0.05936	0.01909	0.07704	0.18581	0.12936	0.01333	0.03731	0.01200	0.09676	0.01077	0.00743	0.00830	0.00185	0.18411	0.00598	0.00332	0.00683
11	0.01118	0.01096	0.01033	0.00965	0.01134	0.18655	0.03121	0.03244	0.01252	0.03661	0.08162	0.21072	0.17841	0.01410	0.08714	0.00251	0.05434	0.00885	0.00415	0.00537
12	0.06225	0.04170	0.32808	0.01220	0.01732	0.03316	0.03567	0.01920	0.11326	0.15271	0.05358	0.03555	0.02822	0.00676	0.00530	0.00173	0.00604	0.03573	0.00396	0.00758
13	0.01449	0.35554	0.13231	0.01259	0.07286	0.01672	0.01120	0.09969	0.17562	0.04210	0.01209	0.01258	0.00948	0.00552	0.00453	0.00147	0.00577	0.00415	0.00347	0.00782
14	0.00814	0.00524	0.00715	0.00777	0.00855	0.00505	0.00549	0.00942	0.01071	0.07322	0.07301	0.57277	0.03119	0.01943	0.13241	0.00314	0.00500	0.01263	0.00483	0.00484
15	0.01285	0.01501	0.07646	0.06268	0.04294	0.16259	0.25247	0.05009	0.03157	0.01612	0.01426	0.16790	0.01362	0.03063	0.00675	0.00188	0.02527	0.00712	0.00331	0.00647
16	0.10919	0.06851	0.16882	0.01301	0.04838	0.03079	0.05511	0.15039	0.17414	0.10852	0.01377	0.01399	0.01002	0.00589	0.00502	0.00166	0.00589	0.00470	0.00416	0.00804
17	0.01236	0.01186	0.01577	0.40841	0.13686	0.09745	0.01317	0.07148	0.03631	0.01619	0.01230	0.04205	0.01066	0.00669	0.00578	0.00179	0.02330	0.06795	0.00309	0.00654
18	0.00890	0.00826	0.06719	0.00901	0.01055	0.02669	0.04933	0.01087	0.00960	0.01395	0.01581	0.09373	0.01555	0.18170	0.29799	0.00494	0.03342	0.00673	0.13086	0.00492
19	0.03918	0.20757	0.10915	0.03823	0.08704	0.01591	0.14264	0.07607	0.04907	0.01699	0.00966	0.01204	0.00789	0.00589	0.00733	0.00170	0.15907	0.00449	0.00284	0.00722
20	0.00904	0.00821	0.01284	0.19726	0.06336	0.03174	0.09211	0.01124	0.01116	0.01474	0.06287	0.40170	0.02360	0.01121	0.00647	0.00196	0.02084	0.01029	0.00391	0.00543
