[name]
unknown

[dist]
# distance from previous block
# <min> <max>
9	161

[block]
# block no. 0 follows, 51 sequences, length 23
# corresponding to MSA columns:
# 223-245
name=unknown_A
#
# <colnr> <probs for GDERKNQSTAVLIFYWHMCP>
#	G	D	E	R	K	N	Q	S	T	A	V	L	I	F	Y	W	H	M	C	P
0	0.07712	0.05211	0.21096	0.01185	0.03593	0.11748	0.05378	0.05507	0.01135	0.04074	0.05752	0.07840	0.04068	0.00672	0.00625	0.00159	0.11182	0.00514	0.00304	0.02245
1	0.06789	0.02581	0.01116	0.05584	0.01294	0.06411	0.05727	0.12465	0.03964	0.04221	0.04574	0.22722	0.03234	0.00965	0.03080	0.00182	0.00489	0.06051	0.00393	0.08159
2	0.05221	0.04136	0.01405	0.01211	0.09479	0.01058	0.05806	0.14278	0.05870	0.26281	0.01482	0.01584	0.03513	0.03561	0.00636	0.00164	0.06468	0.01534	0.00427	0.05887
3	0.13595	0.01290	0.01017	0.00940	0.01167	0.28483	0.00729	0.04032	0.04479	0.10303	0.06016	0.10945	0.03932	0.00782	0.00490	0.00157	0.00548	0.08882	0.01644	0.00567
4	0.06439	0.04255	0.01049	0.00922	0.01102	0.23647	0.03872	0.03707	0.01145	0.03511	0.05788	0.25966	0.05610	0.04074	0.06495	0.00217	0.00585	0.00752	0.00360	0.00505
5	0.20822	0.03195	0.01087	0.00819	0.01196	0.06450	0.00663	0.14461	0.03072	0.01971	0.00909	0.01014	0.00720	0.00446	0.00379	0.00111	0.00436	0.00321	0.01797	0.40131
6	0.04546	0.15910	0.47442	0.01167	0.01753	0.01190	0.01373	0.01712	0.01100	0.17808	0.01060	0.01118	0.00744	0.00488	0.00440	0.00146	0.00615	0.00369	0.00295	0.00725
7	0.01307	0.76012	0.07323	0.00886	0.01321	0.03905	0.00904	0.01489	0.01011	0.01182	0.00697	0.00806	0.00630	0.00425	0.00328	0.00109	0.00547	0.00270	0.00211	0.00635
8	0.00709	0.00520	0.00729	0.05991	0.01018	0.00519	0.00659	0.00880	0.01054	0.01393	0.07449	0.39135	0.02990	0.01360	0.00638	0.00206	0.00377	0.33490	0.00445	0.00436
9	0.00955	0.00895	0.01483	0.70554	0.08856	0.01069	0.01325	0.01273	0.00995	0.01304	0.00877	0.01284	0.00669	0.00479	0.00483	0.00157	0.00631	0.00427	0.00225	0.06059
10	0.00612	0.00491	0.00552	0.00593	0.00721	0.00431	0.00447	0.00742	0.01082	0.01330	0.04163	0.22099	0.52488	0.01325	0.00604	0.00181	0.00284	0.10983	0.00456	0.00416
11	0.01824	0.01354	0.01450	0.01122	0.01507	0.01503	0.00923	0.72835	0.07573	0.03025	0.01236	0.01225	0.00881	0.00595	0.00492	0.00149	0.00530	0.00450	0.00492	0.00832
12	0.01270	0.01238	0.01890	0.04656	0.67014	0.06314	0.01420	0.04021	0.04411	0.01637	0.00966	0.01222	0.00798	0.00458	0.00485	0.00146	0.00596	0.00435	0.00262	0.00761
13	0.00590	0.00463	0.00534	0.00590	0.00688	0.00407	0.00414	0.00695	0.01031	0.01291	0.03855	0.43169	0.41750	0.01391	0.00604	0.00183	0.00267	0.01215	0.00456	0.00407
14	0.00620	0.00469	0.00577	0.00652	0.00736	0.00427	0.00472	0.00739	0.01032	0.01322	0.05287	0.46425	0.27193	0.01411	0.00618	0.00191	0.00293	0.10666	0.00458	0.00412
15	0.00979	0.00956	0.01548	0.70949	0.03194	0.03960	0.06261	0.01301	0.01010	0.01285	0.00877	0.01287	0.00662	0.00483	0.00491	0.00160	0.00665	0.00437	0.00224	0.03271
16	0.00942	0.00894	0.01527	0.77314	0.05304	0.01098	0.03519	0.01271	0.00991	0.01273	0.00878	0.01308	0.00661	0.00488	0.00494	0.00163	0.00658	0.00441	0.00220	0.00555
17	0.00599	0.00428	0.00570	0.00684	0.00713	0.00399	0.00456	0.00684	0.00941	0.01254	0.02709	0.82409	0.03250	0.01540	0.00627	0.00200	0.00285	0.01397	0.00456	0.00399
18	0.01051	0.01057	0.09185	0.01035	0.01303	0.04614	0.10280	0.02472	0.11958	0.04465	0.05833	0.07074	0.07240	0.00764	0.00604	0.00162	0.07548	0.06637	0.12582	0.04137
19	0.11681	0.01467	0.01312	0.01099	0.01412	0.25482	0.05742	0.16661	0.14909	0.09546	0.02553	0.01369	0.03465	0.00580	0.00466	0.00147	0.00593	0.00443	0.00393	0.00678
20	0.01031	0.02478	0.77215	0.01381	0.02094	0.01126	0.01775	0.01588	0.01051	0.04502	0.00922	0.01061	0.00645	0.00472	0.00468	0.00155	0.00715	0.00368	0.00223	0.00730
21	0.01351	0.06289	0.03883	0.04082	0.06138	0.11158	0.02764	0.18041	0.27142	0.01940	0.01508	0.09748	0.01278	0.00683	0.00495	0.00156	0.00525	0.01717	0.00403	0.00698
22	0.01651	0.07218	0.01532	0.01209	0.01525	0.41962	0.05865	0.16148	0.11830	0.01706	0.01018	0.01094	0.00797	0.00526	0.00457	0.00135	0.00708	0.00384	0.00329	0.03906

[dist]
# distance from previous block
# <min> <max>
0	1

[block]
# block no. 1 follows, 51 sequences, length 40
# corresponding to MSA columns:
# 247-286
name=unknown_B
#
# <colnr> <probs for GDERKNQSTAVLIFYWHMCP>
#	G	D	E	R	K	N	Q	S	T	A	V	L	I	F	Y	W	H	M	C	P
0	0.09724	0.05150	0.01016	0.04268	0.01148	0.05161	0.00636	0.04506	0.03276	0.10739	0.19488	0.03559	0.07378	0.00669	0.00460	0.00132	0.00389	0.00545	0.00406	0.21351
1	0.01465	0.01193	0.04174	0.10472	0.13763	0.06887	0.02704	0.11916	0.15176	0.15932	0.01301	0.01367	0.00954	0.00551	0.00522	0.00149	0.03543	0.00450	0.00387	0.07093
2	0.19489	0.00891	0.03813	0.00833	0.01120	0.00860	0.02163	0.05664	0.08867	0.23933	0.15463	0.04960	0.05231	0.00726	0.00504	0.00159	0.01975	0.02235	0.00470	0.00643
3	0.01560	0.00704	0.00893	0.00749	0.00985	0.00651	0.00572	0.02900	0.04975	0.43067	0.01861	0.07835	0.01505	0.19395	0.00946	0.00226	0.00402	0.00608	0.09527	0.00639
4	0.00695	0.03739	0.00904	0.00817	0.00935	0.00559	0.08992	0.00836	0.01026	0.01356	0.09358	0.54783	0.11523	0.01293	0.00601	0.00185	0.00346	0.01179	0.00431	0.00445
5	0.01083	0.23046	0.49922	0.01273	0.04608	0.01329	0.01456	0.01565	0.05092	0.01478	0.00963	0.01211	0.00769	0.00502	0.00439	0.00146	0.00640	0.03549	0.00235	0.00695
6	0.00607	0.00447	0.00569	0.00647	0.00708	0.00409	0.00444	0.00716	0.01022	0.01350	0.12111	0.60946	0.15359	0.01430	0.00614	0.00189	0.00273	0.01281	0.00466	0.00409
7	0.00916	0.00458	0.00458	0.00458	0.00573	0.00458	0.00344	0.01145	0.01031	0.01832	0.01603	0.01832	0.01260	0.00573	0.00344	0.00115	0.00229	0.00458	0.85457	0.00458
8	0.17146	0.17742	0.04436	0.04061	0.10728	0.12607	0.00934	0.10778	0.04037	0.10022	0.00975	0.01066	0.00749	0.00504	0.00438	0.00140	0.02281	0.00362	0.00324	0.00671
9	0.01155	0.01114	0.01926	0.19059	0.60798	0.01155	0.04693	0.01459	0.01093	0.01533	0.00917	0.01240	0.00752	0.00448	0.00491	0.00150	0.00609	0.00444	0.00238	0.00726
10	0.00599	0.00428	0.00570	0.00684	0.00713	0.00399	0.00456	0.00684	0.00941	0.01254	0.02709	0.82409	0.03250	0.01540	0.00627	0.00200	0.00285	0.01397	0.00456	0.00399
11	0.03084	0.21908	0.37056	0.01456	0.13855	0.04194	0.01377	0.01584	0.01065	0.06557	0.00893	0.01036	0.00686	0.00472	0.00462	0.00142	0.02869	0.00357	0.00244	0.00703
12	0.03908	0.00799	0.01118	0.05150	0.01273	0.03549	0.12087	0.01275	0.09192	0.04296	0.19317	0.15331	0.08087	0.03846	0.00623	0.00177	0.00430	0.05008	0.00416	0.04118
13	0.05403	0.00681	0.00879	0.00754	0.00988	0.00629	0.00600	0.03646	0.01364	0.33103	0.35355	0.06080	0.02819	0.00850	0.00537	0.00159	0.00336	0.04650	0.00547	0.00623
14	0.00662	0.00498	0.00612	0.00589	0.00715	0.00448	0.00440	0.00860	0.01302	0.01774	0.56859	0.06998	0.24266	0.01088	0.00582	0.00159	0.00238	0.00947	0.00515	0.00448
15	0.00828	0.00743	0.01252	0.40596	0.02221	0.00831	0.08339	0.01076	0.01008	0.01322	0.04317	0.28045	0.01761	0.00888	0.00557	0.00179	0.00526	0.04688	0.00322	0.00502
16	0.01387	0.40292	0.05674	0.00947	0.01321	0.04978	0.00866	0.08247	0.18950	0.07557	0.01218	0.03449	0.00994	0.00555	0.00413	0.00134	0.00505	0.01479	0.00342	0.00690
17	0.01252	0.01001	0.01512	0.04034	0.01602	0.00863	0.18547	0.05655	0.01172	0.12092	0.01060	0.01196	0.00800	0.00425	0.00443	0.00112	0.00499	0.00399	0.00332	0.47004
18	0.01382	0.01011	0.01075	0.00886	0.01179	0.03803	0.00710	0.32771	0.07154	0.08280	0.07214	0.05240	0.14300	0.00767	0.00505	0.00149	0.00425	0.02218	0.04600	0.06332
19	0.01836	0.02342	0.01393	0.01266	0.01519	0.80756	0.00950	0.01962	0.01393	0.01203	0.00760	0.00886	0.00633	0.00506	0.00443	0.00127	0.00886	0.00317	0.00253	0.00570
20	0.01664	0.00857	0.01106	0.00931	0.01231	0.00831	0.01861	0.13641	0.05963	0.39656	0.06445	0.02621	0.01742	0.00804	0.00543	0.00170	0.00438	0.18239	0.00539	0.00719
21	0.23086	0.01266	0.01108	0.00944	0.01249	0.16370	0.00749	0.16043	0.13509	0.13823	0.04721	0.02819	0.01095	0.00591	0.00443	0.00150	0.00506	0.00437	0.00419	0.00674
22	0.00702	0.00527	0.00790	0.00790	0.00878	0.00614	0.00614	0.00878	0.00790	0.01141	0.01316	0.01931	0.01229	0.03686	0.80782	0.00790	0.01316	0.00527	0.00263	0.00439
23	0.00650	0.00504	0.00601	0.00632	0.00759	0.00454	0.00491	0.00812	0.01152	0.01475	0.18847	0.14955	0.38425	0.01260	0.00607	0.00181	0.00293	0.16997	0.00472	0.00430
24	0.01168	0.00908	0.01268	0.39429	0.06029	0.01047	0.01037	0.13781	0.08393	0.04772	0.01203	0.01442	0.00900	0.00540	0.00465	0.00151	0.00522	0.00455	0.15870	0.00620
25	0.01011	0.00982	0.05578	0.43172	0.24407	0.01022	0.01277	0.01326	0.01031	0.01456	0.00997	0.01347	0.00778	0.00487	0.00467	0.00151	0.00575	0.00436	0.12893	0.00608
26	0.01807	0.01331	0.01424	0.01102	0.01480	0.01474	0.00907	0.72105	0.05561	0.03008	0.01230	0.01231	0.00879	0.00593	0.00487	0.00147	0.00523	0.00448	0.03443	0.00820
27	0.00715	0.00476	0.00536	0.00536	0.00536	0.00476	0.00298	0.00715	0.00715	0.00953	0.01548	0.03216	0.01787	0.82729	0.02501	0.00476	0.00476	0.00715	0.00298	0.00298
28	0.01213	0.64640	0.06740	0.00848	0.01238	0.03127	0.00843	0.01405	0.01066	0.01301	0.12396	0.01233	0.01226	0.00512	0.00366	0.00116	0.00500	0.00363	0.00260	0.00610
29	0.03747	0.00580	0.00749	0.00714	0.00841	0.00567	0.03321	0.04583	0.01094	0.01481	0.16402	0.16975	0.23041	0.01339	0.04362	0.12912	0.01888	0.04562	0.00411	0.00430
30	0.00599	0.00451	0.00555	0.00630	0.00701	0.00407	0.00434	0.00703	0.01014	0.01313	0.07420	0.56988	0.24144	0.01430	0.00612	0.00188	0.00272	0.01272	0.00461	0.00407
31	0.05660	0.00701	0.00853	0.00793	0.00979	0.00694	0.00601	0.07080	0.07802	0.21997	0.02097	0.29952	0.02063	0.09726	0.00758	0.00210	0.00386	0.06595	0.00477	0.00578
32	0.01322	0.22755	0.27240	0.01158	0.01595	0.22034	0.01182	0.05570	0.01178	0.01419	0.02066	0.01117	0.03578	0.00531	0.00495	0.00139	0.05366	0.00366	0.00249	0.00641
33	0.17407	0.01450	0.01157	0.01008	0.01297	0.26976	0.00788	0.12037	0.19004	0.07965	0.05279	0.01330	0.01092	0.00578	0.00448	0.00147	0.00563	0.00422	0.00393	0.00660
34	0.00710	0.00523	0.00665	0.00725	0.00844	0.00493	0.00592	0.00898	0.01141	0.01492	0.13362	0.12395	0.22792	0.01272	0.00624	0.00195	0.00347	0.37053	0.03437	0.00439
35	0.02460	0.00699	0.00755	0.00739	0.00896	0.05090	0.00559	0.06016	0.04033	0.08621	0.09176	0.28451	0.18693	0.01126	0.00566	0.00174	0.00353	0.07330	0.03757	0.00508
36	0.01359	0.01210	0.04094	0.04079	0.04261	0.07532	0.06778	0.10962	0.36873	0.07842	0.01625	0.03896	0.01270	0.00644	0.00506	0.00160	0.00510	0.03434	0.00431	0.02535
37	0.00736	0.00503	0.00616	0.00615	0.00737	0.00450	0.00448	0.00889	0.01175	0.06724	0.29939	0.24638	0.26100	0.03365	0.00638	0.00178	0.00270	0.01036	0.00492	0.00452
38	0.00708	0.00551	0.00846	0.00837	0.00925	0.00544	0.07799	0.00843	0.00928	0.01250	0.02150	0.41513	0.02437	0.13448	0.13408	0.00332	0.00545	0.10133	0.00383	0.00422
39	0.01255	0.03011	0.19114	0.07990	0.37630	0.06117	0.04096	0.01585	0.01128	0.08914	0.01057	0.04040	0.00849	0.00506	0.00486	0.00151	0.00621	0.00454	0.00276	0.00722

[dist]
# distance from previous block
# <min> <max>
4	6

[block]
# block no. 2 follows, 51 sequences, length 16
# corresponding to MSA columns:
# 294-309
name=unknown_C
#
# <colnr> <probs for GDERKNQSTAVLIFYWHMCP>
#	G	D	E	R	K	N	Q	S	T	A	V	L	I	F	Y	W	H	M	C	P
0	0.06035	0.13773	0.44300	0.01107	0.01664	0.01122	0.01287	0.01484	0.01046	0.05346	0.03983	0.03672	0.00899	0.00507	0.00432	0.00138	0.00581	0.00392	0.00265	0.11967
1	0.01035	0.00578	0.00681	0.03851	0.00854	0.00573	0.00490	0.05686	0.01242	0.09549	0.23722	0.02281	0.02167	0.00697	0.00440	0.00133	0.00284	0.00582	0.44633	0.00522
2	0.00778	0.00674	0.01126	0.05417	0.04396	0.00671	0.13422	0.00967	0.01035	0.01403	0.09620	0.43218	0.02561	0.01206	0.02317	0.00200	0.03432	0.06681	0.00395	0.00482
3	0.01163	0.23724	0.34845	0.01080	0.01581	0.08277	0.01194	0.01503	0.01103	0.04503	0.07361	0.01307	0.03384	0.00524	0.00431	0.00134	0.00594	0.00395	0.00268	0.06630
4	0.01092	0.01496	0.25005	0.20911	0.09325	0.04786	0.01353	0.02868	0.01036	0.04119	0.03817	0.02628	0.00868	0.00601	0.00725	0.00168	0.17874	0.00443	0.00253	0.00631
5	0.01028	0.00549	0.00692	0.00631	0.00790	0.00506	0.00482	0.01241	0.01272	0.16555	0.39916	0.08363	0.03048	0.00859	0.00508	0.00147	0.00270	0.00742	0.21875	0.00528
6	0.04889	0.01024	0.01176	0.00924	0.01262	0.01053	0.00756	0.36237	0.01759	0.29233	0.07813	0.01595	0.01301	0.00623	0.00480	0.00147	0.00440	0.00491	0.08034	0.00761
7	0.07533	0.10730	0.16972	0.01766	0.21382	0.01248	0.18296	0.04626	0.05203	0.04036	0.01085	0.01259	0.02717	0.00481	0.00474	0.00150	0.00618	0.00445	0.00278	0.00703
8	0.00756	0.00583	0.00673	0.00666	0.00810	0.00567	0.00492	0.01114	0.14332	0.03185	0.22728	0.22763	0.27183	0.01144	0.00576	0.00171	0.00281	0.00994	0.00488	0.00494
9	0.00665	0.00466	0.00599	0.00662	0.00693	0.00462	0.00445	0.00742	0.00863	0.01156	0.02156	0.40390	0.02502	0.29963	0.09383	0.00358	0.00470	0.07272	0.00381	0.00372
10	0.79378	0.00941	0.00756	0.00665	0.00975	0.01072	0.00548	0.01522	0.00883	0.08524	0.00786	0.00869	0.00588	0.00469	0.00320	0.00152	0.00383	0.00285	0.00329	0.00557
11	0.00751	0.00583	0.00839	0.01051	0.11806	0.00562	0.00691	0.00928	0.01095	0.01476	0.14387	0.34577	0.06473	0.01241	0.00612	0.00191	0.00362	0.21460	0.00439	0.00477
12	0.00709	0.00533	0.00681	0.00758	0.00881	0.00504	0.00632	0.00892	0.01112	0.01408	0.03360	0.11604	0.27027	0.01337	0.00644	0.00205	0.00375	0.46447	0.00454	0.00436
13	0.65423	0.00823	0.00685	0.00655	0.00893	0.00932	0.00514	0.01260	0.00862	0.01974	0.01176	0.20607	0.01192	0.00719	0.00383	0.00164	0.00357	0.00541	0.00341	0.00500
14	0.00764	0.00594	0.00857	0.00823	0.00890	0.00710	0.00638	0.00902	0.00820	0.01186	0.07550	0.02002	0.01434	0.07691	0.53680	0.05581	0.12618	0.00548	0.00278	0.00433
15	0.00749	0.00522	0.00621	0.00595	0.00746	0.00460	0.00451	0.00924	0.01245	0.07121	0.35713	0.08099	0.36804	0.01118	0.00579	0.00163	0.00261	0.02865	0.00502	0.00465

[dist]
# distance from previous block
# <min> <max>
3	9

[block]
# block no. 3 follows, 51 sequences, length 15
# corresponding to MSA columns:
# 319-333
name=unknown_D
#
# <colnr> <probs for GDERKNQSTAVLIFYWHMCP>
#	G	D	E	R	K	N	Q	S	T	A	V	L	I	F	Y	W	H	M	C	P
0	0.11979	0.44364	0.06741	0.00891	0.01286	0.01577	0.00849	0.16472	0.01247	0.03559	0.00922	0.03742	0.00782	0.00509	0.00374	0.00127	0.00502	0.00355	0.03068	0.00656
1	0.06723	0.03448	0.00846	0.00713	0.00869	0.00728	0.00525	0.06337	0.02921	0.05253	0.01334	0.02141	0.01301	0.32390	0.23442	0.00441	0.00692	0.00541	0.00319	0.09037
2	0.03180	0.04973	0.04617	0.00922	0.01318	0.05284	0.00780	0.18912	0.07191	0.15045	0.03218	0.01272	0.00974	0.00511	0.00435	0.00122	0.00463	0.00397	0.00402	0.29985
3	0.00940	0.00656	0.00876	0.00754	0.00959	0.00605	0.05284	0.04876	0.03156	0.10138	0.37243	0.05939	0.20153	0.00950	0.00559	0.00157	0.00322	0.02069	0.00494	0.03871
4	0.00678	0.00495	0.00697	0.00722	0.00787	0.00535	0.00528	0.00813	0.00855	0.01197	0.06483	0.21947	0.02002	0.12647	0.46623	0.00568	0.00894	0.00785	0.00332	0.00413
5	0.01044	0.01356	0.19463	0.33754	0.18845	0.01147	0.05008	0.01520	0.08453	0.01487	0.00994	0.01274	0.00758	0.00496	0.00514	0.00160	0.02376	0.00438	0.00249	0.00663
6	0.10156	0.05984	0.14565	0.01171	0.01551	0.24607	0.06501	0.07925	0.08129	0.08454	0.01136	0.01371	0.00898	0.00562	0.00463	0.00149	0.00648	0.04740	0.00331	0.00658
7	0.06168	0.00684	0.00746	0.00718	0.00766	0.07593	0.00498	0.00873	0.00754	0.01032	0.01029	0.01833	0.01061	0.21726	0.07603	0.40594	0.05266	0.00486	0.00247	0.00321
8	0.00754	0.00597	0.00648	0.00636	0.00803	0.00569	0.00475	0.01107	0.14990	0.03816	0.08813	0.16271	0.46395	0.01153	0.00571	0.00170	0.00284	0.00982	0.00474	0.00493
9	0.12661	0.03521	0.04386	0.00972	0.07354	0.00850	0.02941	0.05987	0.08862	0.03796	0.17744	0.09805	0.05158	0.02093	0.00524	0.00162	0.00387	0.04131	0.08093	0.00572
10	0.01162	0.01160	0.01826	0.22928	0.42940	0.06494	0.07348	0.01472	0.02368	0.01484	0.02060	0.01330	0.00827	0.00492	0.00529	0.00154	0.02961	0.01538	0.00249	0.00679
11	0.01268	0.01070	0.01056	0.00954	0.01127	0.18004	0.00748	0.03820	0.06064	0.11537	0.06088	0.01739	0.01283	0.01548	0.22649	0.03683	0.09798	0.02685	0.04321	0.00557
12	0.00663	0.00489	0.00675	0.00710	0.00776	0.00520	0.00516	0.00789	0.00851	0.01169	0.02026	0.26672	0.07526	0.11218	0.42430	0.00533	0.00838	0.00847	0.00339	0.00410
13	0.06239	0.01215	0.01508	0.17651	0.20178	0.14592	0.06715	0.06705	0.03210	0.03591	0.01232	0.01611	0.04541	0.00620	0.00549	0.03509	0.00614	0.04801	0.00298	0.00621
14	0.08185	0.01379	0.01678	0.01332	0.01648	0.16713	0.20204	0.16318	0.03912	0.07379	0.01100	0.01385	0.00875	0.00664	0.02625	0.00176	0.09638	0.03795	0.00340	0.00655

[dist]
# distance from previous block
# <min> <max>
2	4

[block]
# block no. 4 follows, 51 sequences, length 17
# corresponding to MSA columns:
# 339-355
name=unknown_E
#
# <colnr> <probs for GDERKNQSTAVLIFYWHMCP>
#	G	D	E	R	K	N	Q	S	T	A	V	L	I	F	Y	W	H	M	C	P
0	0.00730	0.00521	0.00618	0.00643	0.00784	0.00461	0.00491	0.00867	0.01089	0.06057	0.03689	0.25176	0.39769	0.01279	0.00598	0.00181	0.00305	0.13470	0.00460	0.02810
1	0.01014	0.01015	0.01895	0.43329	0.13588	0.01103	0.22955	0.01346	0.01049	0.01394	0.01025	0.06165	0.00853	0.00525	0.00524	0.00164	0.00672	0.00535	0.00245	0.00602
2	0.10501	0.00986	0.01498	0.27482	0.24484	0.01091	0.03404	0.04344	0.01089	0.03847	0.06452	0.01370	0.00987	0.00533	0.00551	0.00155	0.06188	0.00450	0.00283	0.04305
3	0.01184	0.00820	0.01019	0.00890	0.01108	0.00881	0.00704	0.17634	0.07709	0.10284	0.01508	0.10518	0.01331	0.01849	0.30453	0.00391	0.03618	0.00582	0.00391	0.07124
4	0.01091	0.00635	0.00833	0.00823	0.00988	0.00610	0.00659	0.06910	0.01235	0.17529	0.07313	0.27024	0.04240	0.01177	0.00604	0.00192	0.00384	0.26716	0.00494	0.00543
5	0.00678	0.00503	0.00649	0.00737	0.00833	0.00474	0.00582	0.00833	0.01063	0.01364	0.03171	0.31963	0.20138	0.01395	0.00639	0.00204	0.00349	0.33545	0.00455	0.00426
6	0.10202	0.00686	0.00911	0.06476	0.06489	0.00715	0.03360	0.01036	0.02370	0.01600	0.21576	0.14346	0.17040	0.02346	0.00641	0.00176	0.05274	0.03857	0.00405	0.00494
7	0.01988	0.00849	0.01114	0.00870	0.01220	0.00771	0.00712	0.08440	0.03249	0.63301	0.10429	0.01856	0.01569	0.00652	0.00504	0.00152	0.00407	0.00535	0.00589	0.00794
8	0.00598	0.00431	0.00567	0.00676	0.00711	0.00400	0.00453	0.00685	0.00948	0.01258	0.02804	0.79157	0.06441	0.01527	0.00625	0.00198	0.00284	0.01382	0.00456	0.00400
9	0.01007	0.04017	0.10122	0.44737	0.16010	0.01120	0.05752	0.02454	0.01036	0.01389	0.00994	0.06105	0.00835	0.00542	0.00512	0.00161	0.01867	0.00489	0.00241	0.00610
10	0.10605	0.01172	0.03080	0.01648	0.15468	0.01212	0.23488	0.03593	0.26704	0.03136	0.01285	0.01404	0.00981	0.00530	0.00538	0.00162	0.03439	0.00499	0.00346	0.00710
11	0.01236	0.00965	0.01062	0.00970	0.01230	0.01084	0.00765	0.02360	0.61569	0.08315	0.02083	0.04623	0.01676	0.00764	0.00523	0.00173	0.00395	0.08967	0.00502	0.00735
12	0.00632	0.00470	0.00580	0.00633	0.00713	0.00431	0.00450	0.00754	0.01053	0.01378	0.15146	0.39686	0.22049	0.07268	0.00748	0.00206	0.00294	0.06641	0.00458	0.00410
13	0.01305	0.01165	0.09966	0.09939	0.04960	0.01080	0.02672	0.30002	0.03553	0.05673	0.08604	0.09366	0.01496	0.02606	0.00598	0.02162	0.00512	0.03262	0.00409	0.00668
14	0.00758	0.00468	0.00572	0.00626	0.00709	0.00454	0.00466	0.00935	0.01053	0.01584	0.10743	0.31715	0.02591	0.01090	0.00523	0.00167	0.00284	0.12438	0.32389	0.00437
15	0.01256	0.73923	0.02378	0.00848	0.01234	0.01792	0.00835	0.01421	0.01013	0.01191	0.00895	0.01313	0.00873	0.00524	0.00355	0.00118	0.00517	0.08662	0.00237	0.00611
16	0.01374	0.04641	0.04604	0.19900	0.01969	0.01194	0.09498	0.10889	0.18069	0.14983	0.01323	0.01421	0.00961	0.00574	0.00574	0.00161	0.06304	0.00478	0.00380	0.00703

[dist]
# distance from previous block
# <min> <max>
4	6

[block]
# block no. 5 follows, 51 sequences, length 8
# corresponding to MSA columns:
# 362-369
name=unknown_F
#
# <colnr> <probs for GDERKNQSTAVLIFYWHMCP>
#	G	D	E	R	K	N	Q	S	T	A	V	L	I	F	Y	W	H	M	C	P
0	0.03705	0.05326	0.09571	0.01279	0.08501	0.05296	0.03002	0.11519	0.01217	0.12625	0.04283	0.02852	0.01029	0.00727	0.02727	0.00178	0.20052	0.01939	0.00339	0.03831
1	0.09616	0.19762	0.03722	0.00929	0.05670	0.01073	0.00745	0.04018	0.08663	0.03272	0.08878	0.07752	0.05320	0.00693	0.00449	0.00140	0.00418	0.05615	0.00357	0.12908
2	0.03500	0.00879	0.01121	0.00983	0.01162	0.07347	0.09275	0.05304	0.07607	0.01536	0.12911	0.05133	0.01759	0.06641	0.26128	0.00382	0.03944	0.03515	0.00350	0.00525
3	0.01353	0.00825	0.00933	0.00774	0.01046	0.00814	0.00620	0.21442	0.04542	0.20087	0.07550	0.02678	0.26686	0.00834	0.00515	0.00153	0.00367	0.00681	0.07460	0.00643
4	0.15616	0.19445	0.26046	0.01001	0.01461	0.07163	0.01053	0.05952	0.01121	0.05680	0.01203	0.01274	0.07105	0.00532	0.00413	0.00139	0.00558	0.00385	0.00288	0.03564
5	0.06134	0.00926	0.05573	0.24244	0.24643	0.00927	0.01114	0.01194	0.00938	0.01347	0.00965	0.01475	0.00841	0.00952	0.05453	0.18543	0.00603	0.03345	0.00241	0.00542
6	0.00607	0.00455	0.00565	0.00644	0.00715	0.00413	0.00450	0.00714	0.01013	0.01310	0.06225	0.56065	0.22778	0.01435	0.00616	0.00190	0.00281	0.04656	0.00459	0.00408
7	0.00681	0.00483	0.00633	0.00720	0.00797	0.00460	0.00548	0.00831	0.01051	0.01409	0.08226	0.42388	0.09344	0.01369	0.00621	0.00197	0.00327	0.24454	0.05036	0.00425

[dist]
# distance from previous block
# <min> <max>
0	1

[block]
# block no. 6 follows, 51 sequences, length 12
# corresponding to MSA columns:
# 371-382
name=unknown_G
#
# <colnr> <probs for GDERKNQSTAVLIFYWHMCP>
#	G	D	E	R	K	N	Q	S	T	A	V	L	I	F	Y	W	H	M	C	P
0	0.25488	0.06443	0.09950	0.04402	0.03191	0.01056	0.00821	0.13816	0.01193	0.05613	0.03885	0.15669	0.03561	0.00726	0.00475	0.00159	0.02011	0.00575	0.00364	0.00602
1	0.00763	0.00584	0.03225	0.00739	0.00851	0.00531	0.00573	0.00977	0.03938	0.04602	0.22648	0.31002	0.03034	0.05372	0.10124	0.00269	0.00443	0.09416	0.00448	0.00464
2	0.00598	0.00431	0.00566	0.00674	0.00710	0.00400	0.00452	0.00685	0.00950	0.01258	0.02828	0.78309	0.07272	0.01524	0.00625	0.00198	0.00283	0.01378	0.00456	0.00400
3	0.01147	0.01151	0.02122	0.17739	0.45850	0.01172	0.20584	0.01477	0.01103	0.01531	0.00932	0.01262	0.00747	0.00442	0.00511	0.00154	0.00659	0.00473	0.00240	0.00705
4	0.01187	0.46269	0.28103	0.01180	0.01711	0.01592	0.10898	0.01512	0.01032	0.01340	0.00788	0.00938	0.00643	0.00435	0.00399	0.00129	0.00630	0.00336	0.00214	0.00666
5	0.00665	0.00486	0.00605	0.00625	0.00686	0.00490	0.00428	0.00753	0.00853	0.01129	0.02347	0.16671	0.16943	0.31072	0.23594	0.00456	0.00633	0.00841	0.00346	0.00377
6	0.00599	0.00428	0.00570	0.00684	0.00713	0.00399	0.00456	0.00684	0.00941	0.01254	0.02709	0.82409	0.03250	0.01540	0.00627	0.00200	0.00285	0.01397	0.00456	0.00399
7	0.01017	0.10235	0.72765	0.01347	0.02044	0.01218	0.01723	0.01548	0.01034	0.01518	0.00863	0.01014	0.00623	0.00462	0.00452	0.00151	0.00707	0.00354	0.00208	0.00717
8	0.08796	0.01572	0.01620	0.03657	0.05957	0.29913	0.15770	0.08875	0.08179	0.09356	0.01074	0.01181	0.00807	0.00512	0.00476	0.00146	0.00688	0.00423	0.00334	0.00664
9	0.01715	0.00922	0.01094	0.00900	0.01221	0.00938	0.00724	0.08924	0.28011	0.39086	0.01862	0.01700	0.01285	0.00623	0.00482	0.00153	0.00401	0.00507	0.08671	0.00780
10	0.01181	0.41146	0.37638	0.01146	0.01701	0.04570	0.03548	0.01532	0.01036	0.01351	0.00785	0.00921	0.00630	0.00445	0.00397	0.00131	0.00639	0.00320	0.00212	0.00673
11	0.01234	0.07082	0.01124	0.00896	0.02980	0.09798	0.00692	0.16788	0.04302	0.07215	0.37544	0.02410	0.04364	0.00775	0.00516	0.00147	0.00416	0.00643	0.00468	0.00605

[dist]
# distance from previous block
# <min> <max>
0	1

[block]
# block no. 7 follows, 51 sequences, length 20
# corresponding to MSA columns:
# 384-403
name=unknown_H
#
# <colnr> <probs for GDERKNQSTAVLIFYWHMCP>
#	G	D	E	R	K	N	Q	S	T	A	V	L	I	F	Y	W	H	M	C	P
0	0.05475	0.00770	0.00970	0.00782	0.01094	0.00675	0.00623	0.03144	0.01206	0.33929	0.08560	0.10116	0.01568	0.00866	0.05582	0.00177	0.00431	0.00561	0.00464	0.23006
1	0.04336	0.25043	0.36630	0.03776	0.04136	0.05232	0.01281	0.01499	0.01025	0.03725	0.00884	0.01065	0.00701	0.00754	0.07771	0.00198	0.00702	0.00352	0.00233	0.00657
2	0.01171	0.01010	0.01009	0.00875	0.01101	0.12722	0.02934	0.12483	0.10770	0.05728	0.31637	0.02641	0.12239	0.00823	0.00533	0.00152	0.00422	0.00689	0.00470	0.00589
3	0.00704	0.00472	0.00539	0.00550	0.00552	0.00469	0.00312	0.00712	0.00735	0.00980	0.01655	0.10465	0.01921	0.75297	0.02330	0.00451	0.00459	0.00777	0.00312	0.00307
4	0.00782	0.00590	0.00715	0.00737	0.00887	0.00573	0.00597	0.01100	0.09765	0.03183	0.15203	0.07243	0.26641	0.01182	0.00608	0.00187	0.00342	0.28706	0.00476	0.00485
5	0.06015	0.03299	0.01035	0.00841	0.01120	0.00762	0.00681	0.08067	0.01325	0.42533	0.04516	0.17279	0.01777	0.00851	0.00524	0.00166	0.00401	0.07599	0.00525	0.00684
6	0.00640	0.00492	0.00585	0.00579	0.00704	0.00437	0.00428	0.00813	0.01233	0.01637	0.41515	0.13159	0.33684	0.01160	0.00586	0.00164	0.00245	0.01005	0.00498	0.00437
7	0.01472	0.01151	0.01221	0.01011	0.01331	0.01286	0.00811	0.37864	0.35282	0.02487	0.01819	0.01735	0.06788	0.00670	0.00498	0.00156	0.00446	0.00535	0.02666	0.00771
8	0.06038	0.35721	0.14637	0.03219	0.03638	0.16454	0.01035	0.06193	0.04833	0.02867	0.00856	0.00962	0.00693	0.00473	0.00395	0.00129	0.00615	0.00327	0.00262	0.00654
9	0.00997	0.00709	0.00827	0.00767	0.00958	0.00733	0.00602	0.03322	0.23802	0.07262	0.29186	0.03095	0.09396	0.00895	0.00541	0.00163	0.00322	0.08858	0.06979	0.00583
10	0.00647	0.00492	0.00606	0.00671	0.00775	0.00451	0.00513	0.00790	0.01076	0.01371	0.07223	0.30879	0.30576	0.01361	0.00622	0.00192	0.00313	0.20562	0.00459	0.00422
11	0.11838	0.02998	0.00823	0.00701	0.00888	0.00654	0.02809	0.02381	0.02378	0.06088	0.46033	0.03188	0.11508	0.00911	0.00535	0.00158	0.00308	0.04811	0.00481	0.00508
12	0.04194	0.01514	0.27564	0.10368	0.02093	0.01068	0.25066	0.01441	0.03336	0.01611	0.12039	0.03028	0.01301	0.00564	0.00547	0.00162	0.02651	0.00535	0.00285	0.00633
13	0.00652	0.00466	0.00545	0.00580	0.00625	0.00440	0.00370	0.00712	0.00891	0.01162	0.05937	0.28864	0.16637	0.38227	0.01465	0.00317	0.00363	0.01000	0.00388	0.00359
14	0.01990	0.01075	0.01268	0.00977	0.01352	0.01089	0.00806	0.38017	0.01817	0.40323	0.01566	0.01447	0.01039	0.00598	0.00486	0.00148	0.00468	0.00468	0.04246	0.00820
15	0.04541	0.10574	0.10085	0.06470	0.13371	0.08870	0.09357	0.02833	0.01133	0.14169	0.01141	0.06042	0.00934	0.00656	0.02725	0.00170	0.05480	0.00475	0.00313	0.00664
16	0.09287	0.01420	0.01302	0.12084	0.01621	0.23657	0.00928	0.21325	0.01424	0.04769	0.01130	0.01272	0.04490	0.00605	0.00597	0.00153	0.10452	0.00419	0.02436	0.00628
17	0.00736	0.00577	0.00855	0.00836	0.00915	0.00696	0.00656	0.00905	0.00786	0.01145	0.01255	0.01852	0.01175	0.03427	0.73535	0.00737	0.08686	0.00518	0.00259	0.00448
18	0.06901	0.03561	0.01343	0.18210	0.14711	0.03553	0.00950	0.03432	0.01062	0.03565	0.00992	0.01209	0.02795	0.00476	0.00481	0.00126	0.04447	0.00380	0.00279	0.31527
19	0.01266	0.12691	0.12268	0.15941	0.06615	0.06370	0.05165	0.06963	0.04941	0.08697	0.01182	0.04116	0.02007	0.00599	0.00560	0.00156	0.06595	0.02908	0.00308	0.00652

[dist]
# distance from previous block
# <min> <max>
0	1

[block]
# block no. 8 follows, 51 sequences, length 19
# corresponding to MSA columns:
# 405-423
name=unknown_I
#
# <colnr> <probs for GDERKNQSTAVLIFYWHMCP>
#	G	D	E	R	K	N	Q	S	T	A	V	L	I	F	Y	W	H	M	C	P
0	0.01534	0.00932	0.01399	0.01086	0.01407	0.00917	0.14054	0.10059	0.03526	0.31280	0.07712	0.01688	0.01323	0.00872	0.07436	0.00208	0.05470	0.00525	0.04091	0.04482
1	0.00723	0.00476	0.00533	0.00533	0.00537	0.00476	0.00300	0.00731	0.00727	0.00987	0.01551	0.03162	0.01766	0.79517	0.02417	0.00462	0.00467	0.00705	0.03628	0.00304
2	0.01263	0.01527	0.29434	0.06860	0.13226	0.01026	0.08374	0.04234	0.01199	0.16317	0.08921	0.01495	0.01178	0.00551	0.00522	0.00156	0.02193	0.00480	0.00335	0.00710
3	0.01168	0.02944	0.01010	0.06012	0.01213	0.05036	0.00658	0.08552	0.09240	0.05216	0.04879	0.01572	0.01180	0.02121	0.00459	0.00126	0.00404	0.01684	0.19208	0.27319
4	0.01036	0.01010	0.01399	0.01208	0.01208	0.01392	0.00990	0.01131	0.00748	0.01157	0.00744	0.01310	0.00770	0.09830	0.01710	0.00244	0.72917	0.00461	0.00224	0.00511
5	0.00715	0.00476	0.00536	0.00536	0.00536	0.00476	0.00298	0.00715	0.00715	0.00953	0.01548	0.03216	0.01787	0.82729	0.02501	0.00476	0.00476	0.00715	0.00298	0.00298
6	0.01403	0.01188	0.01288	0.01095	0.01401	0.06167	0.04901	0.19875	0.45560	0.03992	0.01716	0.01823	0.01328	0.00667	0.00510	0.00163	0.00483	0.05217	0.00469	0.00753
7	0.01378	0.73047	0.02429	0.00893	0.01293	0.11691	0.00854	0.01532	0.01047	0.01162	0.00693	0.00800	0.00631	0.00431	0.00331	0.00108	0.00570	0.00269	0.00216	0.00623
8	0.00677	0.00537	0.00612	0.00587	0.00737	0.00491	0.00442	0.00935	0.06429	0.01674	0.39251	0.04046	0.39603	0.01095	0.00575	0.00161	0.00250	0.00936	0.00498	0.00462
9	0.00696	0.00502	0.00657	0.00618	0.00734	0.00464	0.00464	0.00927	0.01391	0.01971	0.79405	0.03671	0.04637	0.01005	0.00580	0.00155	0.00232	0.00889	0.00541	0.00464
10	0.01314	0.83025	0.02575	0.00841	0.01261	0.01945	0.00841	0.01472	0.00999	0.01156	0.00683	0.00788	0.00631	0.00420	0.00315	0.00105	0.00526	0.00263	0.00210	0.00631
11	0.00685	0.00651	0.00572	0.00562	0.00735	0.07076	0.00421	0.00809	0.01143	0.01317	0.04629	0.04411	0.72928	0.01183	0.00569	0.00163	0.00302	0.00977	0.00440	0.00428
12	0.00646	0.00496	0.00591	0.00577	0.00706	0.00441	0.00429	0.00827	0.01259	0.01680	0.46159	0.09326	0.32822	0.01131	0.00583	0.00162	0.00242	0.00979	0.00503	0.00441
13	0.00645	0.00500	0.00587	0.00565	0.00703	0.00442	0.00424	0.00829	0.01272	0.01687	0.46602	0.04137	0.37616	0.01110	0.00580	0.00160	0.00239	0.00954	0.00504	0.00442
14	0.86201	0.00950	0.00722	0.00646	0.00950	0.01102	0.00532	0.01445	0.00836	0.02205	0.00684	0.00798	0.00532	0.00456	0.00304	0.00152	0.00380	0.00266	0.00304	0.00532
15	0.00857	0.00428	0.00631	0.00631	0.00637	0.00428	0.00422	0.00667	0.00661	0.00905	0.00893	0.01512	0.00875	0.01647	0.01837	0.81176	0.00416	0.00428	0.04721	0.00226
16	0.01075	0.01124	0.02097	0.01624	0.01889	0.01234	0.39462	0.01354	0.01013	0.01422	0.01112	0.01867	0.01021	0.00711	0.00957	0.00192	0.29160	0.11832	0.00267	0.00588
17	0.00620	0.00443	0.00592	0.00693	0.00735	0.00416	0.00479	0.00727	0.00991	0.01328	0.09061	0.70786	0.03337	0.01483	0.00627	0.00198	0.00292	0.06322	0.00463	0.00408
18	0.01028	0.07874	0.68366	0.01330	0.01998	0.01202	0.01664	0.01638	0.07481	0.01571	0.00961	0.01087	0.00696	0.00480	0.00459	0.00153	0.00685	0.00372	0.00232	0.00724

[dist]
# distance from previous block
# <min> <max>
1	4

[block]
# block no. 9 follows, 51 sequences, length 17
# corresponding to MSA columns:
# 429-445
name=unknown_J
#
# <colnr> <probs for GDERKNQSTAVLIFYWHMCP>
#	G	D	E	R	K	N	Q	S	T	A	V	L	I	F	Y	W	H	M	C	P
0	0.01143	0.01443	0.10329	0.02007	0.02526	0.01233	0.70567	0.01572	0.01148	0.01572	0.00983	0.01298	0.00734	0.00419	0.00569	0.00165	0.00819	0.00559	0.00245	0.00669
1	0.01226	0.01042	0.01400	0.03020	0.05966	0.00975	0.10147	0.18856	0.04166	0.01934	0.01128	0.03273	0.00944	0.00515	0.00456	0.00121	0.00484	0.04051	0.00347	0.39950
2	0.01381	0.01027	0.02931	0.05490	0.09408	0.03205	0.04287	0.07432	0.20512	0.18167	0.03013	0.07671	0.01307	0.01884	0.00524	0.00155	0.00469	0.00550	0.00428	0.10162
3	0.02674	0.04746	0.12407	0.05732	0.09601	0.09428	0.13670	0.18248	0.04166	0.03044	0.01017	0.01193	0.00778	0.00565	0.01883	0.00160	0.04107	0.00431	0.02402	0.03749
4	0.00651	0.00471	0.00619	0.00673	0.00747	0.00439	0.00487	0.00804	0.01128	0.01533	0.30064	0.43317	0.07353	0.01318	0.00613	0.00185	0.00281	0.08405	0.00486	0.00428
5	0.01185	0.01121	0.01830	0.11573	0.61656	0.01166	0.01404	0.01613	0.10477	0.01621	0.01049	0.01301	0.00852	0.00471	0.00489	0.00150	0.00568	0.00452	0.00271	0.00752
6	0.01119	0.04162	0.01210	0.11248	0.05403	0.00896	0.05772	0.05302	0.15589	0.11230	0.06730	0.25579	0.01921	0.00875	0.00537	0.00169	0.00437	0.00781	0.00426	0.00613
7	0.01042	0.01032	0.01489	0.01272	0.01299	0.01410	0.03932	0.01168	0.00772	0.01193	0.00723	0.01167	0.00705	0.01115	0.09184	0.00268	0.71031	0.00445	0.00221	0.00533
8	0.00916	0.00458	0.00458	0.00458	0.00573	0.00458	0.00344	0.01145	0.01031	0.01832	0.01603	0.01832	0.01260	0.00573	0.00344	0.00115	0.00229	0.00458	0.85457	0.00458
9	0.04967	0.00991	0.01192	0.00943	0.01299	0.00995	0.00771	0.21696	0.10671	0.44828	0.01679	0.01545	0.01128	0.00742	0.04066	0.00181	0.00485	0.00481	0.00539	0.00801
10	0.00998	0.00974	0.01645	0.19808	0.18180	0.03328	0.16958	0.01283	0.01113	0.01510	0.14767	0.03878	0.03700	0.00800	0.05138	0.00197	0.04244	0.00588	0.00302	0.00591
11	0.00833	0.00536	0.00682	0.00626	0.00777	0.00483	0.00476	0.01043	0.01350	0.09894	0.59776	0.03631	0.16011	0.01001	0.00571	0.00156	0.00254	0.00871	0.00535	0.00494
12	0.00599	0.00428	0.00570	0.00684	0.00713	0.00399	0.00456	0.00684	0.00941	0.01254	0.02709	0.82409	0.03250	0.01540	0.00627	0.00200	0.00285	0.01397	0.00456	0.00399
13	0.00961	0.01484	0.27156	0.01481	0.01917	0.01009	0.31274	0.01332	0.01051	0.01474	0.01373	0.21455	0.01327	0.00728	0.00593	0.00173	0.03605	0.00709	0.00286	0.00613
14	0.01523	0.01261	0.01920	0.04928	0.05391	0.04936	0.28209	0.21666	0.08136	0.13321	0.01239	0.01350	0.00892	0.00528	0.00546	0.00157	0.02376	0.00502	0.00383	0.00736
15	0.00660	0.00453	0.00552	0.00606	0.00620	0.00440	0.00373	0.00700	0.00822	0.01096	0.02099	0.40810	0.02481	0.44188	0.01612	0.00345	0.00386	0.01039	0.00373	0.00346
16	0.05533	0.01047	0.01554	0.14022	0.07245	0.01120	0.14419	0.04720	0.24016	0.16576	0.01426	0.01492	0.01034	0.00561	0.00533	0.00162	0.02929	0.00499	0.00396	0.00715

[dist]
# distance from previous block
# <min> <max>
0	1

[block]
# block no. 10 follows, 51 sequences, length 24
# corresponding to MSA columns:
# 447-470
name=unknown_K
#
# <colnr> <probs for GDERKNQSTAVLIFYWHMCP>
#	G	D	E	R	K	N	Q	S	T	A	V	L	I	F	Y	W	H	M	C	P
0	0.00745	0.00536	0.00712	0.00698	0.00748	0.00605	0.00500	0.00851	0.00775	0.01118	0.01386	0.02374	0.01413	0.34264	0.39573	0.00584	0.05909	0.00589	0.06228	0.00391
1	0.00796	0.00447	0.00597	0.00597	0.00597	0.00447	0.00373	0.00671	0.00671	0.00895	0.01141	0.02207	0.01240	0.35249	0.02161	0.50420	0.00447	0.00546	0.00248	0.00248
2	0.01245	0.01040	0.01193	0.05060	0.10905	0.10362	0.03504	0.18968	0.01357	0.04112	0.01498	0.19046	0.01413	0.00961	0.05813	0.00196	0.00554	0.00649	0.11516	0.00606
3	0.02783	0.11217	0.18812	0.05549	0.24661	0.07173	0.01275	0.09847	0.03966	0.08635	0.01023	0.01158	0.00776	0.00489	0.00458	0.00144	0.00604	0.00399	0.00300	0.00730
4	0.01194	0.27078	0.13234	0.01762	0.15856	0.01435	0.29668	0.01528	0.01085	0.01446	0.00869	0.01098	0.00699	0.00428	0.00465	0.00142	0.00676	0.00425	0.00230	0.00682
5	0.00893	0.00664	0.00871	0.15064	0.01320	0.00691	0.00696	0.08962	0.01165	0.05712	0.02645	0.31397	0.19405	0.01114	0.00593	0.00180	0.01921	0.05781	0.00421	0.00504
6	0.05893	0.34688	0.10437	0.01364	0.14120	0.07590	0.03692	0.07411	0.04580	0.01535	0.00855	0.00998	0.00707	0.00478	0.00450	0.00134	0.03784	0.00350	0.00259	0.00675
7	0.00701	0.00483	0.00557	0.00549	0.00585	0.00469	0.00336	0.00756	0.00878	0.01181	0.17081	0.03421	0.08277	0.60477	0.01978	0.00390	0.00411	0.00773	0.00358	0.00339
8	0.03955	0.01168	0.01231	0.01037	0.01357	0.01328	0.00827	0.29787	0.48894	0.02436	0.01665	0.01567	0.01232	0.00633	0.00491	0.00159	0.00443	0.00506	0.00491	0.00792
9	0.00841	0.00584	0.00864	0.05995	0.01045	0.00602	0.04722	0.00986	0.00926	0.07227	0.05463	0.19000	0.01938	0.20611	0.23539	0.00420	0.00686	0.03748	0.00355	0.00449
10	0.32444	0.07203	0.05483	0.08815	0.01508	0.28173	0.00876	0.07457	0.01174	0.01734	0.00777	0.00919	0.00613	0.00485	0.00393	0.00141	0.00619	0.00318	0.00281	0.00587
11	0.00599	0.00428	0.00570	0.00684	0.00713	0.00399	0.00456	0.00684	0.00941	0.01254	0.02709	0.82409	0.03250	0.01540	0.00627	0.00200	0.00285	0.01397	0.00456	0.00399
12	0.00602	0.00439	0.00567	0.00660	0.00709	0.00404	0.00447	0.00700	0.00985	0.01301	0.07086	0.69586	0.11750	0.01478	0.00620	0.00193	0.00278	0.01330	0.00461	0.00404
13	0.21571	0.09605	0.21135	0.03809	0.01478	0.04674	0.01007	0.03351	0.09221	0.12696	0.04082	0.01235	0.00937	0.00537	0.00455	0.00151	0.02659	0.00393	0.00339	0.00665
14	0.01160	0.01326	0.02900	0.02071	0.02568	0.01243	0.77879	0.01574	0.01160	0.01574	0.00994	0.01326	0.00746	0.00414	0.00580	0.00166	0.00829	0.00580	0.00249	0.00663
15	0.00683	0.00467	0.00542	0.00567	0.00581	0.00456	0.00336	0.00708	0.00784	0.01037	0.01968	0.20707	0.05841	0.60956	0.01997	0.00401	0.00423	0.00880	0.00340	0.00326
16	0.00833	0.00628	0.00742	0.00698	0.00839	0.00629	0.00528	0.11361	0.01313	0.01778	0.28156	0.20569	0.20893	0.01097	0.00615	0.00167	0.03899	0.00936	0.03826	0.00492
17	0.01011	0.08688	0.74257	0.01358	0.02061	0.01203	0.01741	0.01550	0.01035	0.01526	0.00867	0.01019	0.00623	0.00463	0.00455	0.00152	0.00711	0.00355	0.00208	0.00719
18	0.01314	0.83025	0.02575	0.00841	0.01261	0.01945	0.00841	0.01472	0.00999	0.01156	0.00683	0.00788	0.00631	0.00420	0.00315	0.00105	0.00526	0.00263	0.00210	0.00631
19	0.00590	0.00501	0.00510	0.00515	0.00679	0.00421	0.00391	0.00718	0.01121	0.01334	0.04878	0.04764	0.76243	0.01249	0.00585	0.00168	0.00257	0.04203	0.00456	0.00416
20	0.06659	0.23623	0.10493	0.00974	0.01344	0.01246	0.04456	0.04284	0.16750	0.10761	0.09761	0.01690	0.01409	0.00609	0.00452	0.00147	0.00479	0.03815	0.00378	0.00671
21	0.19659	0.03755	0.10147	0.03974	0.01262	0.00928	0.00787	0.05024	0.08936	0.19243	0.11448	0.05663	0.05829	0.00683	0.00466	0.00156	0.00422	0.00547	0.00428	0.00642
22	0.02229	0.00597	0.02804	0.00840	0.07164	0.00562	0.01942	0.01010	0.00987	0.01544	0.01897	0.32648	0.01934	0.01068	0.04053	0.00184	0.01867	0.00816	0.35381	0.00474
23	0.12276	0.09417	0.12403	0.05485	0.01216	0.03724	0.00777	0.07483	0.01107	0.01708	0.01534	0.03775	0.09133	0.00748	0.03250	0.01901	0.00470	0.00479	0.22561	0.00552

[dist]
# distance from previous block
# <min> <max>
1	31

[block]
# block no. 11 follows, 51 sequences, length 17
# corresponding to MSA columns:
# 502-518
name=unknown_L
#
# <colnr> <probs for GDERKNQSTAVLIFYWHMCP>
#	G	D	E	R	K	N	Q	S	T	A	V	L	I	F	Y	W	H	M	C	P
0	0.01979	0.00983	0.01162	0.00912	0.01262	0.04065	0.00745	0.19713	0.01576	0.51363	0.01704	0.03052	0.01147	0.00615	0.00482	0.00148	0.00447	0.00489	0.07368	0.00787
1	0.00679	0.00469	0.00566	0.00610	0.00635	0.00457	0.00390	0.00729	0.00836	0.01104	0.02140	0.27908	0.05691	0.47587	0.01693	0.00357	0.00406	0.07030	0.00366	0.00347
2	0.00695	0.03765	0.00677	0.00634	0.00745	0.00493	0.00463	0.00842	0.01138	0.03501	0.27707	0.34933	0.20133	0.01236	0.00586	0.00173	0.00273	0.01087	0.00477	0.00444
3	0.50955	0.04608	0.00928	0.00763	0.01062	0.01068	0.00631	0.01723	0.13653	0.11979	0.01213	0.01460	0.00967	0.00581	0.00391	0.00158	0.00399	0.06469	0.00383	0.00609
4	0.01816	0.00789	0.01048	0.00857	0.01173	0.00717	0.00702	0.02110	0.07609	0.57184	0.11222	0.02281	0.01795	0.00729	0.00522	0.00160	0.00397	0.07559	0.00577	0.00752
5	0.00718	0.00497	0.00577	0.00585	0.00612	0.00497	0.00356	0.00812	0.04195	0.01138	0.08930	0.14458	0.02246	0.60071	0.01970	0.00394	0.00423	0.00821	0.00352	0.00348
6	0.01757	0.02177	0.01356	0.01232	0.01488	0.70521	0.00927	0.02046	0.11351	0.01312	0.00919	0.01008	0.00745	0.00527	0.00450	0.00132	0.00822	0.00347	0.00285	0.00596
7	0.01607	0.01174	0.01262	0.01022	0.01356	0.01302	0.00827	0.44279	0.26083	0.06698	0.01510	0.01463	0.01098	0.00614	0.00482	0.00151	0.00462	0.00482	0.07342	0.00787
8	0.00628	0.00485	0.00574	0.00583	0.00701	0.00430	0.00425	0.00785	0.01185	0.01557	0.32851	0.20864	0.34729	0.01216	0.00590	0.00169	0.00250	0.01057	0.00489	0.00430
9	0.00617	0.00459	0.00565	0.00634	0.00702	0.00420	0.00439	0.00720	0.01002	0.01300	0.07473	0.49738	0.21866	0.07437	0.00754	0.00210	0.00295	0.04520	0.00449	0.00401
10	0.01211	0.01182	0.02078	0.02929	0.72537	0.01175	0.08568	0.01514	0.01123	0.01603	0.00931	0.01226	0.00775	0.00436	0.00495	0.00148	0.00606	0.00451	0.00244	0.00768
11	0.01159	0.00615	0.00671	0.00602	0.00771	0.00621	0.00459	0.07896	0.04832	0.11930	0.01624	0.01884	0.01278	0.08178	0.00582	0.00158	0.00310	0.00490	0.55402	0.00539
12	0.00672	0.00492	0.00625	0.00667	0.00751	0.00461	0.00477	0.03116	0.01146	0.01545	0.26300	0.44690	0.11629	0.01309	0.00606	0.00182	0.00279	0.04134	0.00483	0.00436
13	0.13393	0.03753	0.01158	0.08344	0.01363	0.02452	0.05136	0.10316	0.04193	0.15652	0.05384	0.03663	0.08202	0.04642	0.08282	0.00231	0.02288	0.00546	0.00394	0.00607
14	0.01250	0.16871	0.03317	0.18102	0.01693	0.11124	0.00916	0.12638	0.06472	0.03646	0.11189	0.08008	0.01463	0.00658	0.00474	0.00147	0.00536	0.00532	0.00350	0.00612
15	0.01279	0.03346	0.04848	0.09131	0.10183	0.07459	0.00975	0.17349	0.06784	0.04327	0.01397	0.03546	0.01245	0.02071	0.00537	0.00160	0.00536	0.14025	0.00368	0.10434
