[name]
unknown

[dist]
# distance from previous block
# <min> <max>
0	5

[block]
# block no. 0 follows, 48 sequences, length 8
# corresponding to MSA columns:
# 5-12
name=unknown_A
#
# <colnr> <probs for GDERKNQSTAVLIFYWHMCP>
#	G	D	E	R	K	N	Q	S	T	A	V	L	I	F	Y	W	H	M	C	P
0	0.04552	0.08091	0.21640	0.01093	0.01459	0.07102	0.01083	0.11740	0.04025	0.01749	0.01563	0.05998	0.01506	0.06174	0.00675	0.00198	0.00589	0.19774	0.00360	0.00629
1	0.01737	0.07350	0.16205	0.01212	0.01690	0.01547	0.01141	0.57600	0.02067	0.02790	0.01137	0.01175	0.00816	0.00579	0.00496	0.00152	0.00600	0.00433	0.00437	0.00836
2	0.01079	0.01092	0.04368	0.29086	0.13767	0.01047	0.15279	0.01402	0.01085	0.01522	0.00963	0.01325	0.00772	0.02747	0.00553	0.00153	0.00626	0.00450	0.00259	0.22424
3	0.01227	0.01701	0.22307	0.06280	0.04380	0.04001	0.37057	0.07427	0.01235	0.01699	0.00977	0.01255	0.00736	0.00505	0.00638	0.00171	0.06931	0.00502	0.00264	0.00706
4	0.00886	0.00818	0.01368	0.03137	0.01381	0.00871	0.18339	0.01082	0.01026	0.01415	0.02082	0.32929	0.07897	0.01096	0.00822	0.00197	0.15868	0.04184	0.04083	0.00518
5	0.00866	0.21608	0.01156	0.00715	0.00922	0.00882	0.00604	0.01020	0.01115	0.01379	0.08110	0.08163	0.28995	0.07333	0.00712	0.00195	0.00394	0.14937	0.00403	0.00492
6	0.10899	0.19088	0.36359	0.01163	0.01723	0.01388	0.01300	0.12646	0.01276	0.08239	0.00990	0.01076	0.00725	0.00507	0.00441	0.00149	0.00618	0.00369	0.00306	0.00740
7	0.01467	0.61598	0.02350	0.00973	0.01369	0.16580	0.00895	0.01716	0.06521	0.01282	0.00825	0.00919	0.00723	0.00474	0.00368	0.00118	0.00609	0.00306	0.00249	0.00657

[dist]
# distance from previous block
# <min> <max>
0	1

[block]
# block no. 1 follows, 48 sequences, length 7
# corresponding to MSA columns:
# 14-20
name=unknown_B
#
# <colnr> <probs for GDERKNQSTAVLIFYWHMCP>
#	G	D	E	R	K	N	Q	S	T	A	V	L	I	F	Y	W	H	M	C	P
0	0.00923	0.00470	0.00542	0.00542	0.00617	0.00470	0.00382	0.01005	0.00930	0.01541	0.01431	0.01900	0.01222	0.06301	0.01009	0.26051	0.00319	0.00486	0.53471	0.00389
1	0.00801	0.00600	0.00753	0.00719	0.00733	0.00682	0.00484	0.00846	0.00764	0.01061	0.01437	0.02814	0.01596	0.57699	0.14371	0.00507	0.12798	0.00671	0.00292	0.00371
2	0.00646	0.00462	0.00618	0.00725	0.00768	0.00433	0.00501	0.00757	0.01030	0.01380	0.08322	0.70818	0.03469	0.01554	0.00655	0.00207	0.00306	0.06443	0.00482	0.00425
3	0.00969	0.00912	0.01539	0.80734	0.03534	0.01140	0.01425	0.01311	0.01026	0.01311	0.00912	0.01368	0.00684	0.00513	0.00513	0.00171	0.00684	0.00456	0.00228	0.00570
4	0.01388	0.01030	0.01173	0.00902	0.01310	0.00957	0.00725	0.13720	0.17118	0.10763	0.01330	0.01343	0.01001	0.00511	0.00446	0.00118	0.00421	0.00410	0.00419	0.44914
5	0.00809	0.00665	0.00773	0.00668	0.00922	0.00537	0.00505	0.00984	0.01126	0.01567	0.11741	0.17515	0.24441	0.00956	0.00524	0.00139	0.00313	0.00820	0.00417	0.34577
6	0.04245	0.01151	0.01213	0.00990	0.01287	0.08692	0.03688	0.30380	0.04203	0.09256	0.17048	0.01878	0.01760	0.00686	0.00505	0.00151	0.00482	0.00554	0.11132	0.00698

[dist]
# distance from previous block
# <min> <max>
0	1

[block]
# block no. 2 follows, 48 sequences, length 12
# corresponding to MSA columns:
# 22-33
name=unknown_C
#
# <colnr> <probs for GDERKNQSTAVLIFYWHMCP>
#	G	D	E	R	K	N	Q	S	T	A	V	L	I	F	Y	W	H	M	C	P
0	0.01379	0.71719	0.02481	0.00897	0.01308	0.08321	0.00863	0.01539	0.01082	0.01220	0.00941	0.01034	0.04497	0.00489	0.00354	0.00115	0.00565	0.00319	0.00236	0.00642
1	0.01084	0.00708	0.00846	0.00695	0.00976	0.00599	0.00544	0.01329	0.03245	0.13245	0.21397	0.02589	0.14435	0.00763	0.00495	0.00132	0.00321	0.00642	0.08699	0.27256
2	0.00984	0.00933	0.01542	0.72988	0.03321	0.01182	0.01395	0.01304	0.01003	0.01304	0.00889	0.01344	0.00683	0.00551	0.00627	0.00176	0.08524	0.00455	0.00228	0.00569
3	0.01724	0.01175	0.01301	0.01066	0.01420	0.01282	0.00858	0.29060	0.35583	0.18143	0.01771	0.01638	0.01260	0.00655	0.00518	0.00164	0.00469	0.00525	0.00542	0.00846
4	0.01362	0.01145	0.01209	0.01062	0.01367	0.01316	0.00833	0.12206	0.68220	0.02285	0.01979	0.01827	0.01478	0.00686	0.00521	0.00171	0.00426	0.00565	0.00521	0.00820
5	0.01917	0.02445	0.01454	0.01322	0.01586	0.79907	0.00991	0.02049	0.01454	0.01256	0.00793	0.00925	0.00661	0.00529	0.00463	0.00132	0.00925	0.00330	0.00264	0.00595
6	0.03837	0.00856	0.01077	0.04943	0.03856	0.00868	0.00750	0.02018	0.22329	0.27977	0.23156	0.02311	0.02278	0.00750	0.00536	0.00164	0.00391	0.00636	0.00543	0.00722
7	0.01206	0.01077	0.01505	0.01105	0.01552	0.00956	0.15510	0.09449	0.08674	0.01876	0.01084	0.01226	0.00854	0.00446	0.00452	0.00113	0.00496	0.00406	0.00338	0.51675
8	0.01362	0.00949	0.01146	0.01259	0.16164	0.08166	0.00809	0.01605	0.03721	0.22686	0.15941	0.05402	0.16969	0.00830	0.00548	0.00161	0.00441	0.00707	0.00474	0.00662
9	0.01166	0.12388	0.31217	0.01457	0.08775	0.01192	0.11397	0.01607	0.04227	0.05520	0.07978	0.01507	0.01176	0.00547	0.00494	0.00152	0.00624	0.01894	0.00301	0.06381
10	0.01045	0.00833	0.00981	0.00771	0.01112	0.00714	0.00610	0.06855	0.03174	0.03612	0.11280	0.01933	0.08908	0.00924	0.08210	0.00180	0.00464	0.00506	0.00380	0.47508
11	0.09543	0.01035	0.01485	0.01503	0.20946	0.00930	0.07746	0.01578	0.01139	0.12067	0.01066	0.01213	0.00823	0.00448	0.00445	0.00123	0.00491	0.00396	0.00333	0.36693

[dist]
# distance from previous block
# <min> <max>
0	3

[block]
# block no. 3 follows, 48 sequences, length 46
# corresponding to MSA columns:
# 37-82
name=unknown_D
#
# <colnr> <probs for GDERKNQSTAVLIFYWHMCP>
#	G	D	E	R	K	N	Q	S	T	A	V	L	I	F	Y	W	H	M	C	P
0	0.01441	0.09168	0.06467	0.01076	0.07739	0.00966	0.00854	0.05078	0.02967	0.19636	0.01196	0.01243	0.00889	0.00476	0.00433	0.00116	0.00462	0.00381	0.00377	0.39035
1	0.01576	0.24652	0.01757	0.01173	0.07771	0.01468	0.00914	0.17060	0.21968	0.12746	0.01393	0.01368	0.01044	0.00571	0.00459	0.00145	0.00500	0.00443	0.00422	0.02569
2	0.01432	0.01596	0.04327	0.02368	0.47519	0.23964	0.01336	0.01690	0.01240	0.01552	0.00909	0.01147	0.00759	0.00473	0.00484	0.00141	0.00687	0.00405	0.00260	0.07711
3	0.01319	0.01147	0.01689	0.01733	0.22325	0.06189	0.14617	0.11433	0.03014	0.07367	0.21631	0.01988	0.01919	0.00652	0.00550	0.00158	0.00557	0.00607	0.00404	0.00702
4	0.01485	0.01144	0.03443	0.00969	0.01384	0.01076	0.00803	0.23630	0.15525	0.10126	0.01334	0.01338	0.00989	0.00535	0.00462	0.00127	0.00455	0.00424	0.00436	0.34314
5	0.00826	0.00701	0.00996	0.23914	0.01632	0.00786	0.00813	0.01108	0.04864	0.01584	0.25706	0.15026	0.11388	0.00980	0.00671	0.00179	0.07063	0.00835	0.00413	0.00515
6	0.01270	0.01219	0.02083	0.03149	0.78767	0.01219	0.01575	0.01575	0.01168	0.01676	0.00965	0.01270	0.00813	0.00457	0.00508	0.00152	0.00610	0.00457	0.00254	0.00813
7	0.01168	0.00882	0.00997	0.00895	0.01134	0.00958	0.00693	0.02095	0.44997	0.08374	0.28724	0.02570	0.02684	0.00814	0.00551	0.00168	0.00351	0.00696	0.00546	0.00703
8	0.01029	0.02654	0.79309	0.01462	0.02221	0.01192	0.01896	0.01625	0.01083	0.01625	0.00921	0.01083	0.00650	0.00487	0.00487	0.00162	0.00758	0.00379	0.00217	0.00758
9	0.00678	0.00484	0.00656	0.00775	0.00827	0.00462	0.00568	0.00805	0.01034	0.01369	0.02799	0.61871	0.03279	0.01558	0.00669	0.00216	0.00343	0.20702	0.00475	0.00431
10	0.01185	0.01308	0.02606	0.01926	0.02295	0.01377	0.54956	0.01525	0.01088	0.01525	0.00932	0.01308	0.00748	0.00567	0.00918	0.00188	0.24082	0.00560	0.00249	0.00654
11	0.00739	0.00750	0.09259	0.00728	0.00916	0.00551	0.00628	0.00996	0.01345	0.01882	0.56468	0.10069	0.11600	0.01059	0.00597	0.00167	0.00305	0.00927	0.00511	0.00503
12	0.00630	0.00450	0.00599	0.00711	0.00745	0.00420	0.00477	0.00726	0.01003	0.01343	0.06201	0.78164	0.03458	0.01583	0.00653	0.00206	0.00295	0.01435	0.00480	0.00420
13	0.01133	0.01014	0.01518	0.57214	0.02918	0.01251	0.01296	0.11317	0.06195	0.01610	0.01007	0.01361	0.00765	0.00577	0.00630	0.00174	0.08647	0.00464	0.00284	0.00625
14	0.00625	0.00447	0.00595	0.00714	0.00744	0.00417	0.00476	0.00714	0.00982	0.01310	0.02828	0.81633	0.03394	0.01608	0.00655	0.00208	0.00298	0.01459	0.00476	0.00417
15	0.01624	0.01616	0.01873	0.02006	0.28260	0.21641	0.09812	0.23167	0.01601	0.02007	0.01005	0.01183	0.00787	0.00518	0.00509	0.00150	0.00707	0.00443	0.00331	0.00760
16	0.01208	0.42585	0.36953	0.01183	0.01755	0.01625	0.03167	0.01571	0.01058	0.01405	0.00813	0.00961	0.00658	0.00473	0.00442	0.00138	0.02751	0.00334	0.00219	0.00701
17	0.01221	0.12243	0.59433	0.01362	0.03563	0.01246	0.01634	0.01712	0.01124	0.10359	0.01021	0.01130	0.00725	0.00498	0.00472	0.00155	0.00693	0.00383	0.00265	0.00760
18	0.01966	0.01412	0.01524	0.01169	0.01579	0.01554	0.00965	0.73732	0.02370	0.06617	0.01267	0.01255	0.00890	0.00617	0.00513	0.00154	0.00559	0.00464	0.00519	0.00873
19	0.01170	0.01281	0.02611	0.13152	0.06042	0.01303	0.54332	0.01547	0.01135	0.01552	0.00976	0.01347	0.00755	0.00498	0.00711	0.00178	0.09936	0.00560	0.00251	0.00665
20	0.01454	0.01722	0.05869	0.01828	0.14651	0.27107	0.23089	0.01945	0.14024	0.01604	0.01114	0.01288	0.00870	0.00515	0.00523	0.00156	0.00761	0.00475	0.00302	0.00703
21	0.00756	0.00548	0.00755	0.02443	0.00995	0.00539	0.00709	0.00943	0.01113	0.01453	0.02809	0.30199	0.05871	0.01457	0.00684	0.00224	0.00412	0.47166	0.00469	0.00455
22	0.00936	0.00746	0.00780	0.00731	0.00939	0.00780	0.00560	0.01618	0.31763	0.01818	0.08529	0.03184	0.30683	0.00932	0.00534	0.00164	0.00314	0.00777	0.13614	0.00595
23	0.00864	0.00633	0.00854	0.00953	0.01085	0.00647	0.00826	0.01200	0.07514	0.01586	0.02665	0.05468	0.02838	0.01358	0.00693	0.00231	0.00467	0.69139	0.00477	0.00501
24	0.01410	0.48931	0.19287	0.01066	0.01569	0.01760	0.01121	0.16375	0.01320	0.01697	0.00861	0.00960	0.00699	0.00484	0.00400	0.00130	0.00598	0.00334	0.00277	0.00722
25	0.01276	0.01102	0.01160	0.01044	0.01334	0.01276	0.00812	0.02727	0.77840	0.02146	0.02088	0.01914	0.01566	0.00696	0.00522	0.00174	0.00406	0.00580	0.00522	0.00812
26	0.00625	0.00447	0.00595	0.00714	0.00744	0.00417	0.00476	0.00714	0.00982	0.01310	0.02828	0.81633	0.03394	0.01608	0.00655	0.00208	0.00298	0.01459	0.00476	0.00417
27	0.01034	0.00979	0.01657	0.63871	0.19886	0.01157	0.01458	0.01368	0.01057	0.01390	0.00924	0.01347	0.00712	0.00501	0.00512	0.00167	0.00668	0.00456	0.00234	0.00623
28	0.01775	0.01131	0.01545	0.01203	0.01540	0.01204	0.09726	0.24210	0.04991	0.28939	0.01447	0.01480	0.01021	0.00803	0.04540	0.00202	0.12484	0.00505	0.00472	0.00783
29	0.00611	0.00520	0.00526	0.00525	0.00696	0.00435	0.00393	0.00745	0.01180	0.01412	0.08023	0.04895	0.75717	0.01290	0.00606	0.00173	0.00259	0.01077	0.00480	0.00435
30	0.01090	0.01075	0.01510	0.01304	0.01312	0.01495	0.01083	0.01209	0.00789	0.01231	0.00731	0.01196	0.00724	0.01142	0.08148	0.00274	0.74448	0.00457	0.00229	0.00553
31	0.85592	0.00992	0.00754	0.00675	0.00992	0.01151	0.00556	0.01508	0.00873	0.02302	0.00714	0.00834	0.00556	0.00476	0.00318	0.00159	0.00397	0.00278	0.00318	0.00556
32	0.01218	0.27255	0.15913	0.00965	0.01448	0.06528	0.00956	0.03182	0.01121	0.01514	0.00989	0.01111	0.03232	0.00464	0.00399	0.00111	0.00540	0.00339	0.00269	0.32446
33	0.01464	0.44523	0.11472	0.01242	0.09186	0.01706	0.01087	0.16011	0.01334	0.04777	0.00913	0.01019	0.00738	0.00497	0.00434	0.00133	0.02081	0.00354	0.00295	0.00733
34	0.00746	0.00497	0.00560	0.00560	0.00560	0.00497	0.00311	0.00746	0.00746	0.00995	0.01617	0.03358	0.01865	0.81967	0.02612	0.00497	0.00497	0.00746	0.00311	0.00311
35	0.01203	0.01401	0.10653	0.27746	0.14132	0.05045	0.24149	0.06462	0.01220	0.01623	0.00974	0.01296	0.00739	0.00485	0.00535	0.00165	0.00739	0.00487	0.00260	0.00685
36	0.00649	0.00457	0.00588	0.00684	0.00708	0.00433	0.00444	0.00721	0.00936	0.01248	0.02590	0.66273	0.03094	0.17376	0.01039	0.00265	0.00337	0.01319	0.00444	0.00396
37	0.40817	0.30157	0.06802	0.00871	0.01255	0.10078	0.00808	0.01585	0.01011	0.01753	0.00737	0.00857	0.00610	0.00470	0.00349	0.00139	0.00533	0.00289	0.00270	0.00610
38	0.01442	0.58351	0.02290	0.00952	0.01360	0.04400	0.00883	0.10444	0.12568	0.01581	0.00979	0.01035	0.00817	0.00500	0.00383	0.00125	0.00542	0.00343	0.00300	0.00704
39	0.01064	0.00760	0.05866	0.00721	0.00987	0.00581	0.00620	0.01258	0.01244	0.19336	0.07381	0.03834	0.43178	0.01059	0.00578	0.00170	0.00354	0.07004	0.00494	0.03510
40	0.04857	0.08021	0.01558	0.01100	0.01508	0.01495	0.00922	0.57724	0.02113	0.13690	0.01282	0.01257	0.00900	0.00599	0.00492	0.00151	0.00540	0.00448	0.00499	0.00844
41	0.01202	0.17012	0.01977	0.02316	0.51461	0.01262	0.01264	0.01455	0.01146	0.01579	0.07306	0.05130	0.01257	0.02857	0.00547	0.00157	0.00550	0.00514	0.00284	0.00724
42	0.00733	0.00550	0.00825	0.00825	0.00916	0.00641	0.00641	0.00916	0.00825	0.01191	0.01374	0.02016	0.01283	0.03848	0.79934	0.00825	0.01374	0.00550	0.00275	0.00458
43	0.01281	0.01536	0.18498	0.02346	0.46135	0.03427	0.01487	0.06170	0.06250	0.03456	0.03736	0.01358	0.00975	0.00515	0.00507	0.00156	0.00618	0.00463	0.00298	0.00788
44	0.01407	0.77068	0.02608	0.00907	0.01335	0.07111	0.00885	0.01570	0.01069	0.01210	0.00719	0.00830	0.00659	0.00445	0.00338	0.00111	0.00573	0.00278	0.00222	0.00654
45	0.01064	0.01028	0.01799	0.54897	0.22069	0.01173	0.07849	0.01404	0.01077	0.01429	0.00936	0.01345	0.00724	0.00492	0.00520	0.00167	0.00681	0.00469	0.00237	0.00640

[dist]
# distance from previous block
# <min> <max>
1	4

[block]
# block no. 4 follows, 48 sequences, length 26
# corresponding to MSA columns:
# 87-112
name=unknown_E
#
# <colnr> <probs for GDERKNQSTAVLIFYWHMCP>
#	G	D	E	R	K	N	Q	S	T	A	V	L	I	F	Y	W	H	M	C	P
0	0.37089	0.01231	0.01315	0.01197	0.07124	0.06006	0.04245	0.17398	0.01252	0.02159	0.00853	0.01034	0.00680	0.00585	0.00651	0.00169	0.15649	0.00380	0.00331	0.00651
1	0.29287	0.01033	0.01409	0.27377	0.20198	0.01208	0.01138	0.01431	0.00983	0.01720	0.00834	0.01141	0.00670	0.00528	0.00570	0.00168	0.09023	0.00396	0.00264	0.00622
2	0.00716	0.00542	0.00676	0.00716	0.00849	0.00502	0.00577	0.00909	0.01230	0.01595	0.21460	0.09536	0.29067	0.01302	0.00646	0.00196	0.00336	0.28191	0.00496	0.00459
3	0.01270	0.01219	0.02083	0.03149	0.78767	0.01219	0.01575	0.01575	0.01168	0.01676	0.00965	0.01270	0.00813	0.00457	0.00508	0.00152	0.00610	0.00457	0.00254	0.00813
4	0.07130	0.01164	0.01783	0.02247	0.42009	0.01357	0.01320	0.01433	0.00993	0.01542	0.00830	0.01180	0.00738	0.00637	0.00970	0.00182	0.33105	0.00441	0.00247	0.00693
5	0.17026	0.01247	0.01289	0.01018	0.01399	0.05905	0.00835	0.36624	0.01796	0.25811	0.01352	0.01297	0.00923	0.00592	0.00476	0.00155	0.00517	0.00437	0.00500	0.00800
6	0.00736	0.00537	0.00761	0.00761	0.00831	0.00607	0.00563	0.00876	0.00806	0.01144	0.01432	0.02336	0.01422	0.22464	0.61508	0.00747	0.01165	0.00597	0.00283	0.00423
7	0.00891	0.00446	0.00668	0.00668	0.00668	0.00446	0.00446	0.00668	0.00668	0.00891	0.00891	0.01560	0.00891	0.01783	0.02005	0.85071	0.00446	0.00446	0.00223	0.00223
8	0.01174	0.01845	0.30493	0.02052	0.15281	0.03317	0.35030	0.01636	0.01164	0.01632	0.00977	0.01244	0.00735	0.00459	0.00543	0.00165	0.00785	0.00491	0.00243	0.00734
9	0.01327	0.71929	0.12646	0.00954	0.01434	0.01921	0.01010	0.01548	0.01048	0.01261	0.00740	0.00857	0.00657	0.00445	0.00350	0.00117	0.00576	0.00288	0.00219	0.00671
10	0.00990	0.00934	0.01577	0.75252	0.08850	0.01146	0.01436	0.01330	0.01036	0.01337	0.00916	0.01361	0.00693	0.00509	0.00513	0.00170	0.00679	0.00456	0.00230	0.00587
11	0.85592	0.00992	0.00754	0.00675	0.00992	0.01151	0.00556	0.01508	0.00873	0.02302	0.00714	0.00834	0.00556	0.00476	0.00318	0.00159	0.00397	0.00278	0.00318	0.00556
12	0.01432	0.01698	0.11402	0.01180	0.01523	0.24315	0.01006	0.02385	0.45474	0.01818	0.01557	0.01516	0.01182	0.00620	0.00500	0.00160	0.00604	0.00481	0.00407	0.00741
13	0.00625	0.00447	0.00595	0.00714	0.00744	0.00417	0.00476	0.00714	0.00982	0.01310	0.02828	0.81633	0.03394	0.01608	0.00655	0.00208	0.00298	0.01459	0.00476	0.00417
14	0.00764	0.00600	0.00864	0.00794	0.00951	0.00557	0.06258	0.01006	0.01353	0.01853	0.50573	0.04120	0.13551	0.01097	0.00623	0.00176	0.00330	0.13524	0.00515	0.00491
15	0.00680	0.00523	0.00621	0.00597	0.00738	0.00464	0.00447	0.00878	0.01342	0.01796	0.49935	0.04263	0.33565	0.01147	0.00606	0.00166	0.00249	0.00988	0.00530	0.00464
16	0.01187	0.01330	0.02805	0.07648	0.02634	0.01309	0.65471	0.01587	0.01164	0.01587	0.01000	0.01362	0.00763	0.00476	0.00686	0.00177	0.07304	0.00582	0.00254	0.00673
17	0.37338	0.01249	0.01207	0.00967	0.01338	0.01405	0.00798	0.45093	0.01761	0.02840	0.01013	0.01063	0.00739	0.00557	0.00430	0.00156	0.00494	0.00384	0.00430	0.00739
18	0.30635	0.00691	0.00709	0.00660	0.00851	0.00720	0.00515	0.01155	0.01235	0.02115	0.47557	0.02847	0.05110	0.00862	0.00506	0.00162	0.00302	0.02387	0.00473	0.00508
19	0.01148	0.01096	0.01611	0.01278	0.01577	0.06583	0.26070	0.01749	0.22079	0.01752	0.08447	0.02046	0.03220	0.08542	0.00740	0.00195	0.00568	0.00618	0.10050	0.00632
20	0.29601	0.35736	0.01743	0.00918	0.01274	0.20685	0.00798	0.01652	0.01086	0.01584	0.00733	0.00851	0.00625	0.00473	0.00358	0.00132	0.00590	0.00289	0.00263	0.00609
21	0.00729	0.00526	0.00694	0.00682	0.00759	0.00545	0.00489	0.00874	0.00999	0.01393	0.23917	0.03062	0.05915	0.25668	0.30959	0.00509	0.00742	0.00740	0.00378	0.00422
22	0.01925	0.01362	0.01533	0.03431	0.05048	0.01487	0.00994	0.64923	0.02234	0.09928	0.01282	0.01284	0.00900	0.00608	0.00513	0.00155	0.00558	0.00466	0.00505	0.00862
23	0.04989	0.05815	0.01456	0.01112	0.01445	0.18332	0.06205	0.20302	0.01548	0.14052	0.04690	0.01540	0.04680	0.00809	0.05227	0.00188	0.02270	0.00481	0.00407	0.04450
24	0.01304	0.05882	0.02845	0.00976	0.03236	0.12302	0.00773	0.09908	0.08652	0.09635	0.10961	0.04137	0.15365	0.00849	0.00538	0.00161	0.00482	0.07563	0.00447	0.03985
25	0.01331	0.01193	0.01307	0.17570	0.06149	0.12142	0.00936	0.14288	0.06001	0.03936	0.05706	0.01544	0.01135	0.06303	0.00632	0.00164	0.00567	0.00465	0.00354	0.18278

[dist]
# distance from previous block
# <min> <max>
1	15

[block]
# block no. 5 follows, 48 sequences, length 33
# corresponding to MSA columns:
# 128-160
name=unknown_F
#
# <colnr> <probs for GDERKNQSTAVLIFYWHMCP>
#	G	D	E	R	K	N	Q	S	T	A	V	L	I	F	Y	W	H	M	C	P
0	0.08285	0.24028	0.21669	0.01160	0.01607	0.21736	0.01147	0.05428	0.06136	0.01575	0.00900	0.01013	0.00718	0.00511	0.00450	0.00141	0.02199	0.00348	0.00272	0.00678
1	0.01708	0.11625	0.08311	0.01155	0.01578	0.03941	0.02588	0.41710	0.12881	0.07461	0.01297	0.01293	0.00944	0.00589	0.00490	0.00152	0.00566	0.00451	0.00447	0.00815
2	0.10217	0.23801	0.01803	0.01078	0.01479	0.17794	0.08908	0.06588	0.01225	0.01623	0.00846	0.00990	0.00699	0.00459	0.00410	0.00121	0.00606	0.00341	0.00283	0.20730
3	0.09453	0.07728	0.59920	0.01342	0.02009	0.01241	0.03850	0.03201	0.01104	0.04304	0.00934	0.01075	0.00671	0.00489	0.00465	0.00159	0.00697	0.00375	0.00248	0.00736
4	0.10284	0.53813	0.10521	0.01100	0.01571	0.01745	0.11760	0.01558	0.01053	0.01429	0.00781	0.00931	0.00664	0.00447	0.00384	0.00129	0.00599	0.00333	0.00235	0.00663
5	0.01115	0.01061	0.01803	0.43027	0.40098	0.01178	0.01498	0.01439	0.01095	0.01489	0.00938	0.01320	0.00747	0.00486	0.00511	0.00162	0.00648	0.00457	0.00241	0.00688
6	0.00732	0.00717	0.08988	0.00756	0.00867	0.00547	0.00602	0.00860	0.00934	0.01256	0.02250	0.34498	0.04840	0.30473	0.01348	0.00310	0.00436	0.08777	0.00389	0.00421
7	0.01032	0.00977	0.01654	0.64380	0.19393	0.01157	0.01457	0.01367	0.01056	0.01388	0.00923	0.01347	0.00711	0.00501	0.00512	0.00167	0.00668	0.00456	0.00233	0.00621
8	0.00885	0.00745	0.01174	0.41928	0.02301	0.00859	0.01098	0.01168	0.01107	0.01438	0.06019	0.07088	0.01913	0.00941	0.00600	0.00197	0.00560	0.29106	0.00352	0.00521
9	0.00734	0.00545	0.00799	0.00799	0.00882	0.00628	0.00610	0.00900	0.00817	0.01172	0.01398	0.02144	0.01338	0.11314	0.72544	0.00793	0.01291	0.00569	0.00278	0.00444
10	0.02265	0.00933	0.01228	0.00941	0.01340	0.00843	0.00778	0.10442	0.01569	0.71039	0.01940	0.01692	0.01228	0.00633	0.00516	0.00158	0.00450	0.00510	0.00622	0.00873
11	0.00711	0.00490	0.00640	0.00722	0.00794	0.00454	0.00515	0.00835	0.01075	0.04093	0.08787	0.57324	0.10769	0.01481	0.00647	0.00203	0.00313	0.09215	0.00488	0.00445
12	0.00960	0.00609	0.00804	0.02498	0.01011	0.00595	0.00655	0.01226	0.07125	0.11463	0.06873	0.35903	0.04739	0.01297	0.00635	0.00203	0.00377	0.22000	0.00499	0.00529
13	0.01270	0.01219	0.02083	0.03149	0.78767	0.01219	0.01575	0.01575	0.01168	0.01676	0.00965	0.01270	0.00813	0.00457	0.00508	0.00152	0.00610	0.00457	0.00254	0.00813
14	0.00625	0.00447	0.00595	0.00714	0.00744	0.00417	0.00476	0.00714	0.00982	0.01310	0.02828	0.81633	0.03394	0.01608	0.00655	0.00208	0.00298	0.01459	0.00476	0.00417
15	0.05162	0.02253	0.59235	0.01400	0.01978	0.01269	0.01669	0.01538	0.01011	0.01576	0.00859	0.01079	0.00650	0.00573	0.00729	0.00175	0.17524	0.00389	0.00223	0.00707
16	0.01831	0.01852	0.01525	0.01434	0.09778	0.37834	0.01027	0.31876	0.01794	0.02110	0.01014	0.01115	0.00782	0.00558	0.00484	0.00143	0.00727	0.00401	0.02991	0.00725
17	0.00733	0.00550	0.00825	0.00825	0.00916	0.00641	0.00641	0.00916	0.00825	0.01191	0.01374	0.02016	0.01283	0.03848	0.79934	0.00825	0.01374	0.00550	0.00275	0.00458
18	0.74954	0.00977	0.00810	0.00705	0.01033	0.01100	0.00581	0.01635	0.00949	0.12113	0.00882	0.00950	0.00647	0.00497	0.00343	0.00159	0.00402	0.00308	0.00358	0.00596
19	0.00746	0.00497	0.00560	0.00560	0.00560	0.00497	0.00311	0.00746	0.00746	0.00995	0.01617	0.03358	0.01865	0.81967	0.02612	0.00497	0.00497	0.00746	0.00311	0.00311
20	0.01346	0.01237	0.09914	0.01311	0.01606	0.01199	0.12312	0.01590	0.01052	0.16906	0.01067	0.01292	0.00828	0.00728	0.02586	0.00191	0.32941	0.00462	0.00322	0.11109
21	0.01297	0.00944	0.01420	0.18179	0.23144	0.00934	0.01068	0.02819	0.02764	0.16089	0.01405	0.11448	0.01203	0.00642	0.00508	0.00152	0.00511	0.00571	0.00366	0.14535
22	0.05349	0.00967	0.02749	0.09323	0.01531	0.02423	0.08881	0.13603	0.05498	0.10972	0.16486	0.09828	0.08568	0.00817	0.00552	0.00168	0.00475	0.00714	0.00454	0.00641
23	0.01123	0.01123	0.01572	0.01347	0.01347	0.01572	0.01123	0.01235	0.00786	0.01235	0.00674	0.01123	0.00674	0.00898	0.01684	0.00225	0.81028	0.00449	0.00225	0.00561
24	0.01100	0.00520	0.00554	0.00525	0.00674	0.00508	0.00401	0.01335	0.01118	0.10137	0.01711	0.01895	0.01310	0.00602	0.00375	0.00124	0.00260	0.00482	0.75850	0.00520
25	0.00896	0.05370	0.18243	0.00907	0.01168	0.00748	0.00845	0.01196	0.05406	0.06039	0.07321	0.42061	0.05492	0.01139	0.00580	0.00184	0.00422	0.01001	0.00423	0.00560
26	0.01029	0.02654	0.79309	0.01462	0.02221	0.01192	0.01896	0.01625	0.01083	0.01625	0.00921	0.01083	0.00650	0.00487	0.00487	0.00162	0.00758	0.00379	0.00217	0.00758
27	0.02162	0.00832	0.01116	0.00868	0.01236	0.00725	0.00713	0.02365	0.01428	0.71070	0.01988	0.01764	0.01275	0.00631	0.00500	0.00155	0.00416	0.00512	0.09414	0.00832
28	0.00681	0.00497	0.00698	0.00756	0.00812	0.00524	0.00542	0.00808	0.00897	0.01237	0.02095	0.40789	0.02343	0.07343	0.36867	0.00506	0.00800	0.01003	0.00375	0.00429
29	0.01210	0.54503	0.20805	0.01000	0.01472	0.01658	0.01079	0.01470	0.01046	0.01318	0.00988	0.09492	0.00948	0.00575	0.00402	0.00133	0.00572	0.00426	0.00246	0.00657
30	0.01277	0.01037	0.01449	0.01242	0.01313	0.01363	0.01035	0.01412	0.00915	0.13326	0.01018	0.01506	0.00911	0.00973	0.03756	0.00233	0.61693	0.04636	0.00303	0.00602
31	0.00925	0.00599	0.00711	0.00682	0.00756	0.00681	0.00515	0.01098	0.00972	0.01610	0.01598	0.10410	0.01474	0.09320	0.02671	0.00204	0.15363	0.00607	0.49335	0.00469
32	0.03462	0.03550	0.06058	0.01525	0.11908	0.36861	0.02914	0.22625	0.01633	0.03300	0.00969	0.01087	0.00750	0.00538	0.00483	0.00144	0.00746	0.00394	0.00336	0.00718

[dist]
# distance from previous block
# <min> <max>
0	1

[block]
# block no. 6 follows, 48 sequences, length 20
# corresponding to MSA columns:
# 162-181
name=unknown_G
#
# <colnr> <probs for GDERKNQSTAVLIFYWHMCP>
#	G	D	E	R	K	N	Q	S	T	A	V	L	I	F	Y	W	H	M	C	P
0	0.01534	0.58587	0.02322	0.01010	0.01397	0.25139	0.00912	0.01689	0.01165	0.01222	0.00737	0.00853	0.00659	0.00466	0.00369	0.00116	0.00660	0.00291	0.00233	0.00640
1	0.00961	0.00789	0.00846	0.00784	0.00999	0.00837	0.00602	0.01732	0.36814	0.01898	0.17375	0.03141	0.24171	0.00929	0.00552	0.00168	0.00323	0.00783	0.05673	0.00622
2	0.01268	0.58152	0.25903	0.01055	0.01591	0.01776	0.01186	0.01563	0.01055	0.01334	0.00776	0.00902	0.00656	0.00454	0.00377	0.00126	0.00612	0.00306	0.00219	0.00689
3	0.04873	0.16762	0.11187	0.04816	0.07655	0.07607	0.06493	0.03263	0.01272	0.29290	0.01275	0.01300	0.00898	0.00531	0.00471	0.00149	0.00593	0.00428	0.00386	0.00753
4	0.02081	0.00937	0.01184	0.00928	0.01299	0.00884	0.00760	0.11921	0.07813	0.57838	0.01905	0.01706	0.01247	0.00635	0.00505	0.00157	0.00437	0.00512	0.06413	0.00841
5	0.00636	0.00464	0.00601	0.00701	0.00754	0.00429	0.00483	0.00742	0.01029	0.01356	0.05946	0.67082	0.11488	0.01545	0.00650	0.00204	0.00299	0.04688	0.00480	0.00424
6	0.04392	0.01072	0.06033	0.00921	0.01120	0.14914	0.00730	0.03991	0.01180	0.12273	0.02011	0.40533	0.02117	0.01246	0.04813	0.00214	0.00531	0.00925	0.00428	0.00558
7	0.00642	0.00456	0.00603	0.00714	0.00745	0.00430	0.00480	0.00732	0.00975	0.01298	0.02740	0.72907	0.03269	0.07138	0.00792	0.00230	0.00319	0.04652	0.00465	0.00412
8	0.00625	0.00447	0.00595	0.00714	0.00744	0.00417	0.00476	0.00714	0.00982	0.01310	0.02828	0.81633	0.03394	0.01608	0.00655	0.00208	0.00298	0.01459	0.00476	0.00417
9	0.00740	0.00521	0.00679	0.00679	0.00720	0.00562	0.00460	0.00823	0.00782	0.01083	0.01508	0.02753	0.01603	0.46790	0.37431	0.00645	0.00892	0.00658	0.00295	0.00377
10	0.02999	0.08056	0.14501	0.36061	0.05025	0.01300	0.03155	0.16889	0.01328	0.01807	0.00987	0.01251	0.00739	0.00522	0.00487	0.00159	0.00642	0.00430	0.02983	0.00678
11	0.01183	0.01132	0.01919	0.24534	0.55914	0.01207	0.01521	0.01493	0.01119	0.01564	0.00943	0.01293	0.00773	0.00484	0.00541	0.00159	0.02779	0.00457	0.00246	0.00739
12	0.00733	0.00550	0.00825	0.00825	0.00916	0.00641	0.00641	0.00916	0.00825	0.01191	0.01374	0.02016	0.01283	0.03848	0.79934	0.00825	0.01374	0.00550	0.00275	0.00458
13	0.00781	0.00543	0.00700	0.00767	0.00830	0.00541	0.00586	0.00908	0.00984	0.01291	0.02250	0.08801	0.02509	0.36044	0.01524	0.00347	0.00474	0.39318	0.00403	0.00400
14	0.01077	0.00992	0.01496	0.27210	0.15599	0.00976	0.04406	0.01362	0.01069	0.01543	0.00920	0.01214	0.00743	0.00453	0.00491	0.00128	0.02711	0.00397	0.00266	0.36946
15	0.00839	0.00682	0.00790	0.00693	0.00926	0.00614	0.00533	0.02666	0.07561	0.01707	0.21752	0.05513	0.25856	0.01136	0.06012	0.00192	0.00381	0.00777	0.00447	0.20923
16	0.01129	0.00939	0.01251	0.09445	0.01561	0.00796	0.05967	0.03762	0.01128	0.05136	0.01064	0.04656	0.00894	0.00470	0.00432	0.00105	0.00451	0.00406	0.00322	0.60087
17	0.03377	0.05944	0.20993	0.08007	0.11804	0.12764	0.01234	0.08723	0.03202	0.08920	0.08997	0.01465	0.01204	0.00577	0.00494	0.00154	0.00629	0.00462	0.00341	0.00710
18	0.01304	0.30521	0.20934	0.01337	0.08999	0.03899	0.04678	0.08853	0.05426	0.01648	0.00991	0.02975	0.00817	0.00510	0.00440	0.00139	0.00610	0.00399	0.00281	0.05237
19	0.05624	0.09403	0.27006	0.01271	0.05093	0.05871	0.08234	0.01440	0.01102	0.04929	0.01437	0.20198	0.01398	0.00770	0.00518	0.00167	0.00596	0.02484	0.00318	0.02141

[dist]
# distance from previous block
# <min> <max>
2	12

[block]
# block no. 7 follows, 48 sequences, length 26
# corresponding to MSA columns:
# 194-219
name=unknown_H
#
# <colnr> <probs for GDERKNQSTAVLIFYWHMCP>
#	G	D	E	R	K	N	Q	S	T	A	V	L	I	F	Y	W	H	M	C	P
0	0.01186	0.01486	0.23056	0.02248	0.01468	0.10575	0.01032	0.05831	0.05371	0.08014	0.01714	0.24528	0.03129	0.00855	0.00533	0.00166	0.00549	0.00722	0.00378	0.07160
1	0.03513	0.04334	0.35887	0.01183	0.01655	0.17960	0.01259	0.05717	0.01240	0.04136	0.02476	0.01252	0.00868	0.00542	0.00478	0.00148	0.02124	0.00399	0.14158	0.00670
2	0.01258	0.43976	0.05384	0.00859	0.01251	0.04491	0.00796	0.01441	0.01065	0.04262	0.03199	0.02706	0.00984	0.07925	0.00582	0.00146	0.00515	0.00380	0.00278	0.18503
3	0.00860	0.00714	0.00893	0.00805	0.00994	0.00697	0.00636	0.01025	0.01024	0.01434	0.04179	0.09402	0.15211	0.07436	0.07067	0.00241	0.11025	0.11867	0.00368	0.24120
4	0.06639	0.11293	0.03565	0.01120	0.01483	0.16690	0.00931	0.31065	0.18141	0.02277	0.01230	0.01243	0.00930	0.00583	0.00471	0.00149	0.00594	0.00426	0.00412	0.00758
5	0.01107	0.14797	0.59468	0.01547	0.10024	0.01324	0.01705	0.01606	0.01086	0.01566	0.00893	0.01063	0.00668	0.00477	0.00465	0.00153	0.00711	0.00371	0.00221	0.00749
6	0.03901	0.16505	0.29783	0.01395	0.01948	0.04020	0.18250	0.03273	0.02719	0.10200	0.01051	0.01183	0.00772	0.00488	0.00481	0.00152	0.00684	0.00425	0.00292	0.02478
7	0.01241	0.06009	0.59272	0.01359	0.02026	0.01266	0.01639	0.12134	0.03147	0.05673	0.01037	0.01145	0.00734	0.00515	0.00486	0.00159	0.00697	0.00397	0.00286	0.00777
8	0.00697	0.00552	0.00790	0.17736	0.01334	0.00572	0.00671	0.00843	0.01007	0.01316	0.02614	0.58269	0.08965	0.01349	0.00621	0.00198	0.00377	0.01214	0.00423	0.00451
9	0.02484	0.02096	0.06148	0.00799	0.00938	0.00644	0.00626	0.07722	0.01106	0.02992	0.02246	0.51045	0.02519	0.06530	0.05366	0.00247	0.00435	0.01089	0.04473	0.00495
10	0.01301	0.32517	0.21054	0.01202	0.01664	0.01538	0.07936	0.01754	0.10759	0.06644	0.01050	0.01163	0.00824	0.00538	0.00553	0.00150	0.07954	0.00400	0.00289	0.00711
11	0.00794	0.00567	0.00789	0.00907	0.01011	0.00562	0.00770	0.01006	0.01149	0.01499	0.02735	0.18173	0.03025	0.01448	0.00700	0.00232	0.00444	0.63253	0.00473	0.00463
12	0.00919	0.00837	0.01359	0.63707	0.02974	0.01009	0.01258	0.01228	0.01058	0.01345	0.01523	0.02231	0.08073	0.00695	0.00545	0.00179	0.00620	0.09614	0.00280	0.00546
13	0.01887	0.06473	0.03073	0.08125	0.01650	0.17459	0.02320	0.14952	0.02560	0.32106	0.01430	0.01484	0.01011	0.00601	0.00499	0.00153	0.00604	0.02402	0.00454	0.00758
14	0.01325	0.71295	0.13256	0.00959	0.01442	0.01915	0.01018	0.01549	0.01048	0.01265	0.00742	0.00859	0.00657	0.00446	0.00351	0.00117	0.00578	0.00289	0.00219	0.00672
15	0.01029	0.02654	0.79309	0.01462	0.02221	0.01192	0.01896	0.01625	0.01083	0.01625	0.00921	0.01083	0.00650	0.00487	0.00487	0.00162	0.00758	0.00379	0.00217	0.00758
16	0.01070	0.00977	0.01612	0.20143	0.42964	0.01026	0.01282	0.01331	0.01081	0.01490	0.01284	0.09024	0.01239	0.08075	0.00726	0.00198	0.00580	0.04956	0.00286	0.00656
17	0.01129	0.02441	0.69706	0.01398	0.02102	0.01154	0.01755	0.03952	0.01146	0.06697	0.01054	0.03347	0.00772	0.00532	0.00495	0.00163	0.00719	0.00420	0.00260	0.00760
18	0.02043	0.00953	0.01206	0.00939	0.01306	0.00901	0.00770	0.18196	0.01668	0.53971	0.10779	0.01880	0.01602	0.00679	0.00526	0.00158	0.00441	0.00553	0.00601	0.00828
19	0.00625	0.00447	0.00595	0.00714	0.00744	0.00417	0.00476	0.00714	0.00982	0.01310	0.02828	0.81633	0.03394	0.01608	0.00655	0.00208	0.00298	0.01459	0.00476	0.00417
20	0.01193	0.02188	0.55009	0.01689	0.11491	0.01166	0.09398	0.01701	0.01142	0.08712	0.01039	0.01197	0.00740	0.00492	0.00505	0.00162	0.00722	0.00424	0.00264	0.00769
21	0.01951	0.01437	0.01540	0.01181	0.01591	0.01591	0.00975	0.77056	0.02412	0.03234	0.01232	0.01232	0.00873	0.00616	0.00513	0.00154	0.00565	0.00462	0.00513	0.00873
22	0.00606	0.00520	0.00520	0.00520	0.00693	0.00433	0.00390	0.00736	0.01170	0.01386	0.05198	0.04938	0.78558	0.01299	0.00606	0.00173	0.00260	0.01083	0.00476	0.00433
23	0.00734	0.00544	0.00795	0.00795	0.00876	0.00625	0.00604	0.00897	0.00816	0.01169	0.01402	0.02166	0.01348	0.12599	0.71272	0.00788	0.01276	0.00572	0.00279	0.00442
24	0.01323	0.60583	0.06622	0.00956	0.01351	0.01819	0.00937	0.05899	0.01127	0.01405	0.05655	0.01078	0.00936	0.00532	0.00490	0.00129	0.07893	0.00348	0.00259	0.00657
25	0.01324	0.13790	0.05879	0.08324	0.40905	0.03228	0.05638	0.01703	0.06677	0.06129	0.01063	0.01272	0.00846	0.00488	0.00486	0.00150	0.00611	0.00443	0.00287	0.00759

[dist]
# distance from previous block
# <min> <max>
1	2

[block]
# block no. 8 follows, 48 sequences, length 39
# corresponding to MSA columns:
# 222-260
name=unknown_I
#
# <colnr> <probs for GDERKNQSTAVLIFYWHMCP>
#	G	D	E	R	K	N	Q	S	T	A	V	L	I	F	Y	W	H	M	C	P
0	0.00734	0.00511	0.00619	0.00619	0.00651	0.00527	0.00393	0.00785	0.00791	0.01065	0.01783	0.03144	0.06501	0.58752	0.20498	0.00553	0.00687	0.00721	0.00313	0.00353
1	0.00982	0.01864	0.44853	0.01374	0.01921	0.01025	0.15056	0.01455	0.01204	0.01742	0.21361	0.01861	0.01776	0.00625	0.00540	0.00164	0.00642	0.00564	0.00316	0.00674
2	0.01014	0.02548	0.75407	0.01422	0.02149	0.01157	0.01826	0.01592	0.01102	0.01646	0.04771	0.01220	0.00858	0.00515	0.00493	0.00162	0.00733	0.00406	0.00234	0.00745
3	0.01084	0.01018	0.01677	0.21759	0.46188	0.01061	0.01330	0.01373	0.01151	0.01576	0.06250	0.01887	0.10246	0.00607	0.00527	0.00160	0.00564	0.00560	0.00293	0.00688
4	0.01029	0.02654	0.79309	0.01462	0.02221	0.01192	0.01896	0.01625	0.01083	0.01625	0.00921	0.01083	0.00650	0.00487	0.00487	0.00162	0.00758	0.00379	0.00217	0.00758
5	0.01288	0.01063	0.01692	0.15102	0.39676	0.01115	0.01283	0.02696	0.01138	0.10291	0.01075	0.01354	0.00855	0.00714	0.05157	0.00195	0.07348	0.00457	0.00299	0.07201
6	0.01827	0.12654	0.01631	0.01320	0.03873	0.67546	0.00994	0.01969	0.01393	0.01262	0.00788	0.00923	0.00665	0.00515	0.00447	0.00130	0.00867	0.00327	0.00258	0.00610
7	0.01284	0.01089	0.01437	0.33400	0.02268	0.01301	0.01124	0.21794	0.13892	0.01955	0.01293	0.03615	0.02409	0.00660	0.00659	0.00174	0.10084	0.00516	0.00363	0.00683
8	0.00699	0.00523	0.00648	0.00617	0.00750	0.00473	0.00463	0.00916	0.01388	0.01905	0.61842	0.04084	0.21590	0.01106	0.00605	0.00164	0.00246	0.00963	0.00545	0.00473
9	0.00891	0.00446	0.00668	0.00668	0.00668	0.00446	0.00446	0.00668	0.00668	0.00891	0.00891	0.01560	0.00891	0.01783	0.02005	0.85071	0.00446	0.00446	0.00223	0.00223
10	0.01613	0.01682	0.02177	0.01654	0.02074	0.22311	0.34663	0.23632	0.01624	0.02002	0.01029	0.01218	0.00775	0.00511	0.00541	0.00157	0.00794	0.00491	0.00334	0.00719
11	0.00647	0.00456	0.00589	0.00687	0.00711	0.00431	0.00446	0.00720	0.00940	0.01253	0.02610	0.67511	0.03118	0.16105	0.01008	0.00261	0.00334	0.01330	0.00446	0.00398
12	0.01270	0.01219	0.02083	0.03149	0.78767	0.01219	0.01575	0.01575	0.01168	0.01676	0.00965	0.01270	0.00813	0.00457	0.00508	0.00152	0.00610	0.00457	0.00254	0.00813
13	0.00723	0.00493	0.00561	0.00576	0.00590	0.00484	0.00335	0.00742	0.00800	0.01056	0.01982	0.12734	0.06791	0.67451	0.02256	0.00443	0.00459	0.00851	0.00341	0.00331
14	0.01174	0.01121	0.01909	0.27975	0.54694	0.01194	0.01527	0.01490	0.01123	0.01559	0.00948	0.01301	0.00772	0.00475	0.00510	0.00158	0.00633	0.00457	0.00246	0.00735
15	0.00614	0.00507	0.00539	0.00560	0.00705	0.00432	0.00409	0.00741	0.01146	0.01397	0.07444	0.18734	0.62309	0.01346	0.00615	0.00179	0.00266	0.01145	0.00480	0.00432
16	0.03742	0.63625	0.18315	0.00992	0.01493	0.01833	0.01077	0.01554	0.01046	0.01324	0.00756	0.00877	0.00654	0.00450	0.00361	0.00122	0.00587	0.00296	0.00222	0.00676
17	0.01052	0.01019	0.01437	0.01253	0.01269	0.01404	0.01036	0.01177	0.00793	0.01227	0.00800	0.01284	0.00783	0.01430	0.15801	0.00333	0.66658	0.00467	0.00234	0.00543
18	0.00625	0.00447	0.00595	0.00714	0.00744	0.00417	0.00476	0.00714	0.00982	0.01310	0.02828	0.81633	0.03394	0.01608	0.00655	0.00208	0.00298	0.01459	0.00476	0.00417
19	0.00651	0.00465	0.00625	0.00744	0.00785	0.00439	0.00521	0.00759	0.01008	0.01339	0.02814	0.71895	0.03337	0.01583	0.00662	0.00212	0.00320	0.10941	0.00476	0.00424
20	0.01429	0.00849	0.01203	0.01200	0.11801	0.00807	0.04369	0.02913	0.09471	0.28757	0.14092	0.10295	0.08900	0.00829	0.00556	0.00167	0.00419	0.00728	0.00510	0.00704
21	0.01055	0.01010	0.01389	0.01205	0.01205	0.01378	0.00976	0.01147	0.00779	0.01192	0.00844	0.01526	0.00889	0.15523	0.01851	0.00274	0.66500	0.00503	0.00240	0.00516
22	0.01951	0.01437	0.01540	0.01181	0.01591	0.01591	0.00975	0.77056	0.02412	0.03234	0.01232	0.01232	0.00873	0.00616	0.00513	0.00154	0.00565	0.00462	0.00513	0.00873
23	0.01064	0.00912	0.01064	0.00760	0.01216	0.00684	0.00608	0.01292	0.01064	0.01672	0.00912	0.01064	0.00760	0.00380	0.00380	0.00076	0.00380	0.00304	0.00304	0.85104
24	0.01948	0.01519	0.01533	0.01192	0.01591	0.07977	0.00977	0.70939	0.02334	0.03072	0.01196	0.01207	0.00855	0.00609	0.00509	0.00152	0.00594	0.00451	0.00493	0.00850
25	0.01029	0.02654	0.79309	0.01462	0.02221	0.01192	0.01896	0.01625	0.01083	0.01625	0.00921	0.01083	0.00650	0.00487	0.00487	0.00162	0.00758	0.00379	0.00217	0.00758
26	0.00823	0.00857	0.10155	0.15007	0.01483	0.00703	0.00880	0.01124	0.01284	0.01780	0.41911	0.03423	0.03268	0.00954	0.00594	0.00177	0.00423	0.14178	0.00447	0.00530
27	0.01097	0.01042	0.01770	0.47783	0.35486	0.01174	0.01489	0.01423	0.01086	0.01466	0.00935	0.01326	0.00739	0.00489	0.00511	0.00163	0.00652	0.00456	0.00239	0.00673
28	0.01256	0.01205	0.02057	0.06780	0.75246	0.01215	0.01568	0.01562	0.01162	0.01659	0.00963	0.01275	0.00807	0.00460	0.00508	0.00153	0.00613	0.00457	0.00253	0.00801
29	0.01579	0.01059	0.06412	0.10468	0.01854	0.00922	0.17252	0.03758	0.01308	0.34919	0.01844	0.05709	0.05582	0.00688	0.00554	0.00170	0.00566	0.04174	0.00454	0.00726
30	0.01317	0.01384	0.20791	0.31005	0.02383	0.01118	0.01311	0.04132	0.11327	0.16696	0.01292	0.01434	0.00912	0.00565	0.00530	0.00167	0.02102	0.00465	0.00352	0.00717
31	0.14879	0.04169	0.45219	0.01540	0.11020	0.01223	0.06695	0.01667	0.05842	0.01764	0.00968	0.01130	0.00720	0.00490	0.00468	0.00161	0.00662	0.00397	0.00260	0.00728
32	0.05552	0.00919	0.01381	0.16759	0.12287	0.00903	0.04823	0.01856	0.01276	0.36880	0.04595	0.01877	0.07327	0.00637	0.00520	0.00162	0.00507	0.00550	0.00455	0.00733
33	0.01296	0.01227	0.16446	0.06825	0.14338	0.00923	0.01112	0.03340	0.04699	0.17839	0.12769	0.02101	0.03587	0.00680	0.00528	0.00160	0.00512	0.05166	0.00410	0.06042
34	0.01362	0.03662	0.09777	0.05272	0.16659	0.04201	0.10019	0.01630	0.01198	0.20335	0.01618	0.19008	0.01452	0.00758	0.00544	0.00168	0.00560	0.00690	0.00390	0.00695
35	0.01354	0.00963	0.01695	0.01575	0.14223	0.00893	0.22248	0.01608	0.01209	0.22189	0.01754	0.22474	0.01600	0.00797	0.00573	0.00173	0.00548	0.00773	0.00417	0.02938
36	0.01600	0.01601	0.24461	0.01434	0.03486	0.04742	0.18871	0.02013	0.04075	0.30399	0.01395	0.01426	0.00947	0.00538	0.00526	0.00162	0.00656	0.00489	0.00396	0.00781
37	0.01631	0.01130	0.11727	0.01213	0.07749	0.00883	0.04824	0.02014	0.08318	0.38485	0.03222	0.04244	0.06152	0.00719	0.00539	0.00168	0.00497	0.05224	0.00493	0.00767
38	0.01545	0.01787	0.34997	0.01508	0.10637	0.04752	0.06525	0.01939	0.01251	0.28067	0.01304	0.01344	0.00889	0.00533	0.00506	0.00159	0.00647	0.00448	0.00369	0.00792

[dist]
# distance from previous block
# <min> <max>
6	14

[block]
# block no. 9 follows, 48 sequences, length 10
# corresponding to MSA columns:
# 275-284
name=unknown_J
#
# <colnr> <probs for GDERKNQSTAVLIFYWHMCP>
#	G	D	E	R	K	N	Q	S	T	A	V	L	I	F	Y	W	H	M	C	P
0	0.01268	0.01116	0.01696	0.02276	0.49152	0.01115	0.01229	0.12328	0.01343	0.01898	0.08653	0.01621	0.01274	0.05261	0.00630	0.00167	0.00542	0.00508	0.00329	0.07593
1	0.01554	0.01147	0.01417	0.06580	0.23981	0.11459	0.01017	0.01815	0.03406	0.24906	0.04931	0.01828	0.08299	0.00629	0.00512	0.00152	0.00540	0.00531	0.00412	0.04884
2	0.18567	0.06826	0.06084	0.01794	0.32667	0.01135	0.01115	0.01760	0.01159	0.19289	0.01132	0.01239	0.00842	0.00499	0.00453	0.00150	0.00523	0.00411	0.00350	0.04005
3	0.01072	0.00963	0.01375	0.10857	0.21613	0.00892	0.03255	0.04446	0.01165	0.01648	0.01649	0.01808	0.13577	0.00579	0.00479	0.00129	0.00478	0.00506	0.00318	0.33192
4	0.01213	0.07343	0.33210	0.01340	0.01873	0.01105	0.15861	0.01657	0.04234	0.11337	0.01429	0.07176	0.04241	0.00609	0.00515	0.00160	0.00636	0.00544	0.00324	0.05192
5	0.01086	0.01019	0.01669	0.43592	0.29490	0.01110	0.01374	0.01401	0.01080	0.01484	0.00931	0.01295	0.00738	0.00477	0.00494	0.00153	0.00620	0.00437	0.00247	0.11303
6	0.00956	0.00478	0.00478	0.00478	0.00598	0.00478	0.00359	0.01196	0.01076	0.01913	0.01674	0.01913	0.01315	0.00598	0.00359	0.00120	0.00239	0.00478	0.84816	0.00478
7	0.00945	0.00767	0.01269	0.55896	0.02645	0.00925	0.01121	0.01112	0.00915	0.01181	0.00906	0.01427	0.00748	0.00907	0.00976	0.26509	0.00610	0.00453	0.00226	0.00462
8	0.01917	0.02445	0.01454	0.01322	0.01586	0.79907	0.00991	0.02049	0.01454	0.01256	0.00793	0.00925	0.00661	0.00529	0.00463	0.00132	0.00925	0.00330	0.00264	0.00595
9	0.00737	0.00503	0.00591	0.00607	0.00627	0.00503	0.00374	0.00772	0.00808	0.01074	0.01883	0.08945	0.04823	0.64221	0.06740	0.00469	0.00524	0.05123	0.00336	0.00341

[dist]
# distance from previous block
# <min> <max>
0	1

[block]
# block no. 10 follows, 48 sequences, length 21
# corresponding to MSA columns:
# 286-306
name=unknown_K
#
# <colnr> <probs for GDERKNQSTAVLIFYWHMCP>
#	G	D	E	R	K	N	Q	S	T	A	V	L	I	F	Y	W	H	M	C	P
0	0.01470	0.01246	0.13450	0.28932	0.11521	0.01072	0.03625	0.05795	0.01263	0.24654	0.01271	0.01418	0.00881	0.00542	0.00512	0.00163	0.00612	0.00467	0.00367	0.00738
