[name]
unknown

[dist]
# distance from previous block
# <min> <max>
19	57

[block]
# block no. 0 follows, 46 sequences, length 6
# corresponding to MSA columns:
# 59-64
name=unknown_A
#
# <colnr> <probs for GDERKNQSTAVLIFYWHMCP>
#	G	D	E	R	K	N	Q	S	T	A	V	L	I	F	Y	W	H	M	C	P
0	0.01245	0.32696	0.38622	0.01173	0.01752	0.01472	0.01362	0.01635	0.01155	0.05978	0.07367	0.01290	0.01071	0.00540	0.00452	0.00146	0.00635	0.00405	0.00279	0.00725
1	0.01754	0.00919	0.01164	0.00864	0.01303	0.00742	0.00704	0.01973	0.01311	0.41291	0.01530	0.01459	0.01054	0.00527	0.00464	0.00122	0.00422	0.00426	0.00489	0.41483
2	0.08590	0.26049	0.49257	0.01256	0.01900	0.01481	0.01520	0.01636	0.01085	0.01608	0.00866	0.01014	0.00664	0.00486	0.00438	0.00151	0.00684	0.00349	0.00233	0.00732
3	0.00750	0.00549	0.00781	0.00789	0.00861	0.00617	0.00584	0.00896	0.00845	0.01196	0.01565	0.07645	0.01583	0.18743	0.59273	0.00742	0.01167	0.00668	0.00304	0.00440
4	0.00751	0.00549	0.00704	0.00738	0.00849	0.00517	0.00574	0.00944	0.01257	0.01683	0.30312	0.13103	0.14679	0.08017	0.00834	0.00225	0.00351	0.22940	0.00508	0.00465
5	0.01226	0.02418	0.63646	0.01501	0.02219	0.01185	0.07880	0.01779	0.01172	0.10470	0.01089	0.01220	0.00754	0.00515	0.00516	0.00168	0.00752	0.00426	0.00276	0.00789

[dist]
# distance from previous block
# <min> <max>
0	1

[block]
# block no. 1 follows, 46 sequences, length 7
# corresponding to MSA columns:
# 66-72
name=unknown_B
#
# <colnr> <probs for GDERKNQSTAVLIFYWHMCP>
#	G	D	E	R	K	N	Q	S	T	A	V	L	I	F	Y	W	H	M	C	P
0	0.00854	0.00719	0.00961	0.00931	0.01005	0.00808	0.00704	0.00972	0.00964	0.01368	0.02014	0.43280	0.02322	0.04256	0.01021	0.00217	0.23036	0.04336	0.00391	0.09843
1	0.44792	0.03551	0.00824	0.00696	0.00953	0.00919	0.00558	0.01363	0.01133	0.06185	0.22924	0.05025	0.07744	0.00770	0.00457	0.00166	0.00357	0.00594	0.00431	0.00558
2	0.01083	0.00898	0.01045	0.00914	0.01228	0.00856	0.00736	0.01700	0.24518	0.01821	0.01845	0.06754	0.01703	0.00805	0.00530	0.00155	0.00417	0.17535	0.00432	0.35027
3	0.00761	0.00616	0.00686	0.00655	0.00829	0.00580	0.00495	0.01117	0.11308	0.01788	0.31863	0.04255	0.40781	0.01161	0.00613	0.00174	0.00281	0.00988	0.00531	0.00517
4	0.00734	0.00547	0.00701	0.00748	0.00852	0.00488	0.00524	0.00853	0.01024	0.01404	0.02528	0.59991	0.02957	0.05713	0.00741	0.00211	0.00341	0.05417	0.00453	0.13773
5	0.02267	0.01068	0.01331	0.01021	0.01434	0.01027	0.00843	0.23976	0.01795	0.56692	0.01849	0.01646	0.01190	0.00649	0.00531	0.00162	0.00488	0.00515	0.00618	0.00899
6	0.01582	0.58599	0.02415	0.01014	0.01438	0.12178	0.00936	0.13502	0.01354	0.01581	0.00830	0.00929	0.00714	0.00493	0.00387	0.00123	0.00619	0.00321	0.00280	0.00705

[dist]
# distance from previous block
# <min> <max>
0	1

[block]
# block no. 2 follows, 46 sequences, length 32
# corresponding to MSA columns:
# 74-105
name=unknown_C
#
# <colnr> <probs for GDERKNQSTAVLIFYWHMCP>
#	G	D	E	R	K	N	Q	S	T	A	V	L	I	F	Y	W	H	M	C	P
0	0.66779	0.01353	0.00936	0.00843	0.01158	0.18443	0.00672	0.01677	0.01032	0.02134	0.00754	0.00880	0.00596	0.00503	0.00360	0.00158	0.00529	0.00298	0.00315	0.00581
1	0.01085	0.29018	0.35696	0.01105	0.01629	0.01347	0.01263	0.01439	0.01105	0.01467	0.01641	0.08390	0.11383	0.00697	0.00478	0.00155	0.00598	0.00547	0.00283	0.00671
2	0.01463	0.01446	0.01668	0.25846	0.02275	0.16796	0.05720	0.18076	0.01419	0.01781	0.00944	0.01236	0.00747	0.00634	0.00779	0.00176	0.17565	0.00453	0.00308	0.00667
3	0.00816	0.00513	0.00580	0.00580	0.00615	0.00520	0.00359	0.00885	0.00851	0.01251	0.01658	0.03017	0.01747	0.57214	0.08466	0.00454	0.00528	0.00691	0.18883	0.00371
4	0.78699	0.01016	0.00802	0.00702	0.01040	0.01149	0.00577	0.01537	0.00915	0.02322	0.00752	0.00877	0.00589	0.00483	0.00332	0.00157	0.00408	0.00288	0.00326	0.07031
5	0.00724	0.00529	0.00679	0.00664	0.00780	0.00485	0.00489	0.00942	0.01406	0.01956	0.61499	0.14500	0.11012	0.01181	0.00631	0.00174	0.00259	0.01044	0.00562	0.00485
6	0.01867	0.01387	0.01489	0.01177	0.01572	0.01542	0.00961	0.57913	0.18956	0.05324	0.01489	0.01440	0.01069	0.00653	0.00531	0.00163	0.00542	0.00505	0.00535	0.00885
7	0.01621	0.01160	0.01274	0.01079	0.01420	0.01285	0.00858	0.16475	0.50602	0.15176	0.01976	0.01812	0.01430	0.00691	0.00535	0.00173	0.00454	0.00564	0.00556	0.00859
8	0.00740	0.00536	0.00700	0.00683	0.00800	0.00496	0.00512	0.00971	0.01430	0.02004	0.65416	0.11446	0.06538	0.01160	0.00633	0.00175	0.00266	0.04436	0.00567	0.00490
9	0.01648	0.00913	0.01278	0.04761	0.18240	0.00890	0.00906	0.05019	0.05149	0.31747	0.04190	0.01770	0.01309	0.00616	0.00497	0.00154	0.00452	0.00522	0.19172	0.00765
10	0.00769	0.00513	0.00577	0.00577	0.00577	0.00513	0.00320	0.00769	0.00769	0.01025	0.01666	0.03460	0.01922	0.81421	0.02691	0.00513	0.00513	0.00769	0.00320	0.00320
11	0.01413	0.81739	0.02770	0.00905	0.01357	0.02092	0.00905	0.01583	0.01074	0.01244	0.00735	0.00848	0.00678	0.00452	0.00339	0.00113	0.00565	0.00283	0.00226	0.00678
12	0.01501	0.31471	0.01825	0.01019	0.01391	0.03862	0.00874	0.07253	0.35387	0.07902	0.01516	0.01459	0.01163	0.00602	0.00460	0.00151	0.00503	0.00458	0.00422	0.00780
13	0.01002	0.00966	0.01686	0.05044	0.01667	0.01116	0.20767	0.01247	0.00954	0.01368	0.01112	0.01631	0.00990	0.02074	0.34415	0.00478	0.22100	0.00550	0.00263	0.00569
14	0.01060	0.02735	0.78682	0.01507	0.02288	0.01228	0.01953	0.01674	0.01116	0.01674	0.00949	0.01116	0.00670	0.00502	0.00502	0.00167	0.00781	0.00391	0.00223	0.00781
15	0.01060	0.02735	0.78682	0.01507	0.02288	0.01228	0.01953	0.01674	0.01116	0.01674	0.00949	0.01116	0.00670	0.00502	0.00502	0.00167	0.00781	0.00391	0.00223	0.00781
16	0.00644	0.00460	0.00613	0.00736	0.00767	0.00429	0.00491	0.00736	0.01012	0.01350	0.02914	0.81076	0.03497	0.01656	0.00675	0.00215	0.00307	0.01503	0.00491	0.00429
17	0.00644	0.00502	0.00585	0.00637	0.00744	0.00443	0.00450	0.00769	0.01143	0.01451	0.10360	0.39268	0.38201	0.01460	0.00647	0.00194	0.00284	0.01277	0.00499	0.00443
18	0.00918	0.00459	0.00689	0.00689	0.00689	0.00459	0.00459	0.00689	0.00689	0.00918	0.00918	0.01607	0.00918	0.01837	0.02066	0.84619	0.00459	0.00459	0.00230	0.00230
19	0.00954	0.00725	0.00928	0.00996	0.01157	0.00765	0.00849	0.01474	0.17996	0.01721	0.02656	0.05082	0.02727	0.01296	0.00688	0.00229	0.00472	0.58224	0.00498	0.00564
20	0.85155	0.01022	0.00777	0.00695	0.01022	0.01186	0.00573	0.01554	0.00900	0.02372	0.00736	0.00859	0.00573	0.00491	0.00327	0.00164	0.00409	0.00286	0.00327	0.00573
21	0.01975	0.02520	0.01498	0.01362	0.01634	0.79299	0.01021	0.02111	0.01498	0.01294	0.00817	0.00953	0.00681	0.00545	0.00477	0.00136	0.00953	0.00340	0.00272	0.00613
22	0.01240	0.01482	0.06365	0.02197	0.02743	0.01332	0.73014	0.01693	0.01242	0.01693	0.01064	0.01413	0.00796	0.00448	0.00619	0.00178	0.00887	0.00614	0.00265	0.00716
23	0.66784	0.01185	0.00951	0.00819	0.01158	0.05848	0.00669	0.13719	0.01192	0.02464	0.00827	0.00931	0.00632	0.00517	0.00369	0.00161	0.00469	0.00320	0.00357	0.00628
24	0.85155	0.01022	0.00777	0.00695	0.01022	0.01186	0.00573	0.01554	0.00900	0.02372	0.00736	0.00859	0.00573	0.00491	0.00327	0.00164	0.00409	0.00286	0.00327	0.00573
25	0.01068	0.01026	0.01449	0.01269	0.01290	0.01408	0.01047	0.01200	0.00818	0.01262	0.00853	0.01360	0.00833	0.01597	0.18877	0.00368	0.62992	0.00486	0.00243	0.00555
26	0.00748	0.00540	0.00707	0.00665	0.00790	0.00499	0.00499	0.00998	0.01496	0.02120	0.77844	0.03949	0.04988	0.01081	0.00624	0.00166	0.00249	0.00956	0.00582	0.00499
27	0.01374	0.01165	0.01229	0.01088	0.01397	0.01343	0.00851	0.09089	0.70792	0.02307	0.02076	0.01912	0.01553	0.00710	0.00537	0.00178	0.00432	0.00587	0.00537	0.00842
28	0.02010	0.01481	0.01587	0.01216	0.01639	0.01639	0.01005	0.76360	0.02486	0.03332	0.01269	0.01269	0.00899	0.00635	0.00529	0.00159	0.00582	0.00476	0.00529	0.00899
29	0.00757	0.00558	0.00805	0.00805	0.00884	0.00637	0.00606	0.00916	0.00837	0.01194	0.01457	0.02301	0.01419	0.16527	0.66897	0.00795	0.01269	0.00599	0.00289	0.00447
30	0.00767	0.00557	0.00803	0.00803	0.00888	0.00637	0.00610	0.00938	0.00853	0.01240	0.01458	0.02224	0.01389	0.12329	0.67224	0.00779	0.01262	0.00585	0.04197	0.00456
31	0.39573	0.01133	0.01072	0.00920	0.01252	0.01288	0.00741	0.17714	0.22981	0.04026	0.01343	0.03623	0.01038	0.00623	0.00444	0.00169	0.00446	0.00456	0.00441	0.00719

[dist]
# distance from previous block
# <min> <max>
0	1

[block]
# block no. 3 follows, 46 sequences, length 13
# corresponding to MSA columns:
# 107-119
name=unknown_D
#
# <colnr> <probs for GDERKNQSTAVLIFYWHMCP>
#	G	D	E	R	K	N	Q	S	T	A	V	L	I	F	Y	W	H	M	C	P
0	0.18733	0.01410	0.01362	0.01075	0.01472	0.07550	0.00877	0.47154	0.01935	0.02801	0.01090	0.01142	0.00803	0.00572	0.00469	0.00149	0.00555	0.00409	0.00444	0.09998
1	0.01823	0.01456	0.01390	0.01155	0.01509	0.14335	0.00919	0.29007	0.27147	0.13223	0.01604	0.01526	0.01159	0.00650	0.00524	0.00163	0.00570	0.00502	0.00507	0.00831
2	0.00789	0.00575	0.00773	0.00881	0.00994	0.00559	0.00737	0.00994	0.01181	0.01524	0.03128	0.18509	0.12175	0.01479	0.00708	0.00231	0.00430	0.53374	0.00488	0.00472
3	0.01248	0.01426	0.03119	0.02228	0.02763	0.01337	0.76203	0.01693	0.01248	0.01693	0.01070	0.01426	0.00802	0.00446	0.00624	0.00178	0.00891	0.00624	0.00267	0.00713
4	0.01271	0.01218	0.02078	0.12548	0.69113	0.01246	0.01604	0.01590	0.01186	0.01682	0.00988	0.01321	0.00821	0.00478	0.00524	0.00159	0.00637	0.00471	0.00258	0.00807
5	0.00755	0.00566	0.00850	0.00850	0.00944	0.00661	0.00661	0.00944	0.00850	0.01227	0.01416	0.02077	0.01322	0.03965	0.79326	0.00850	0.01416	0.00566	0.00283	0.00472
6	0.01315	0.01136	0.01195	0.01076	0.01375	0.01315	0.00837	0.02809	0.77168	0.02211	0.02152	0.01972	0.01614	0.00717	0.00538	0.00179	0.00418	0.00598	0.00538	0.00837
7	0.02049	0.01417	0.01547	0.01186	0.01608	0.01545	0.00980	0.68266	0.02379	0.11576	0.01359	0.01327	0.00944	0.00637	0.00529	0.00159	0.00567	0.00482	0.00543	0.00899
8	0.00769	0.00513	0.00577	0.00577	0.00577	0.00513	0.00320	0.00769	0.00769	0.01025	0.01666	0.03460	0.01922	0.81421	0.02691	0.00513	0.00513	0.00769	0.00320	0.00320
9	0.01183	0.01300	0.02722	0.22419	0.02990	0.01295	0.56839	0.01605	0.01198	0.01605	0.01036	0.01422	0.00777	0.00467	0.00599	0.00178	0.00843	0.00584	0.00259	0.00680
10	0.00748	0.00540	0.00707	0.00665	0.00790	0.00499	0.00499	0.00998	0.01496	0.02120	0.77844	0.03949	0.04988	0.01081	0.00624	0.00166	0.00249	0.00956	0.00582	0.00499
11	0.01350	0.01345	0.01602	0.01364	0.01445	0.10143	0.01123	0.10448	0.01088	0.01524	0.00777	0.01148	0.00717	0.00848	0.01451	0.00212	0.62070	0.00451	0.00272	0.00621
12	0.04653	0.01108	0.01802	0.01334	0.01782	0.01018	0.24311	0.05347	0.04598	0.36862	0.01562	0.01556	0.01062	0.00556	0.00538	0.00159	0.00584	0.00528	0.00474	0.10166

[dist]
# distance from previous block
# <min> <max>
0	1

[block]
# block no. 4 follows, 46 sequences, length 51
# corresponding to MSA columns:
# 121-171
name=unknown_E
#
# <colnr> <probs for GDERKNQSTAVLIFYWHMCP>
#	G	D	E	R	K	N	Q	S	T	A	V	L	I	F	Y	W	H	M	C	P
0	0.01225	0.39494	0.43361	0.01227	0.01855	0.01630	0.01465	0.01632	0.01097	0.01474	0.00849	0.00991	0.00674	0.00479	0.00426	0.00142	0.00681	0.00340	0.00225	0.00733
1	0.00700	0.00550	0.00640	0.00652	0.00805	0.00490	0.00512	0.00885	0.01284	0.01639	0.23961	0.04952	0.44692	0.01294	0.00644	0.00187	0.00304	0.14827	0.00514	0.00468
2	0.00748	0.00540	0.00707	0.00665	0.00790	0.00499	0.00499	0.00998	0.01496	0.02120	0.77844	0.03949	0.04988	0.01081	0.00624	0.00166	0.00249	0.00956	0.00582	0.00499
3	0.01022	0.00972	0.01591	0.68247	0.03301	0.01242	0.01421	0.01339	0.01020	0.01339	0.00903	0.01371	0.00703	0.00589	0.00711	0.00185	0.12757	0.00469	0.00234	0.00586
4	0.01234	0.03343	0.10041	0.02132	0.02688	0.01344	0.67709	0.01689	0.01232	0.01682	0.01051	0.01385	0.00787	0.00451	0.00606	0.00176	0.00874	0.00595	0.00262	0.00719
5	0.00625	0.00536	0.00536	0.00536	0.00714	0.00446	0.00402	0.00759	0.01205	0.01428	0.05355	0.05088	0.77909	0.01339	0.00625	0.00179	0.00268	0.01116	0.00491	0.00446
6	0.01417	0.02960	0.12825	0.00985	0.01343	0.00982	0.00900	0.09075	0.12604	0.21197	0.05441	0.03878	0.16689	0.03149	0.00662	0.00182	0.03842	0.00665	0.00484	0.00722
7	0.01338	0.01147	0.01208	0.01081	0.01384	0.01326	0.00842	0.05262	0.74678	0.02249	0.02122	0.01949	0.01590	0.00714	0.00538	0.00179	0.00424	0.00594	0.00538	0.00839
8	0.00891	0.00812	0.00762	0.00760	0.00925	0.08924	0.00562	0.04460	0.06752	0.01538	0.03705	0.25939	0.37836	0.01271	0.00615	0.00185	0.00382	0.02701	0.00473	0.00509
9	0.01512	0.66290	0.05722	0.00959	0.01420	0.01932	0.00949	0.08162	0.01227	0.06391	0.00877	0.00957	0.00738	0.00483	0.00375	0.00123	0.00568	0.00320	0.00280	0.00716
10	0.01883	0.01340	0.04855	0.01244	0.01684	0.01320	0.09169	0.38742	0.07666	0.20899	0.01482	0.01453	0.01026	0.00609	0.00534	0.00161	0.00572	0.00504	0.00509	0.04349
11	0.85155	0.01022	0.00777	0.00695	0.01022	0.01186	0.00573	0.01554	0.00900	0.02372	0.00736	0.00859	0.00573	0.00491	0.00327	0.00164	0.00409	0.00286	0.00327	0.00573
12	0.00668	0.00532	0.00598	0.00592	0.00743	0.00463	0.00440	0.00838	0.01291	0.01656	0.29619	0.09571	0.48577	0.01272	0.00628	0.00177	0.00264	0.01087	0.00522	0.00463
13	0.00663	0.00468	0.00608	0.00712	0.00738	0.00442	0.00465	0.00741	0.00975	0.01300	0.02725	0.69346	0.03259	0.13711	0.00979	0.00260	0.00338	0.01392	0.00465	0.00413
14	0.01780	0.00769	0.01037	0.00840	0.01145	0.00676	0.00676	0.02000	0.01507	0.50630	0.29722	0.02584	0.02651	0.00810	0.00565	0.00165	0.00377	0.00686	0.00628	0.00753
15	0.00644	0.00460	0.00613	0.00736	0.00767	0.00429	0.00491	0.00736	0.01012	0.01350	0.02914	0.81076	0.03497	0.01656	0.00675	0.00215	0.00307	0.01503	0.00491	0.00429
16	0.01315	0.01136	0.01195	0.01076	0.01375	0.01315	0.00837	0.02809	0.77168	0.02211	0.02152	0.01972	0.01614	0.00717	0.00538	0.00179	0.00418	0.00598	0.00538	0.00837
17	0.01415	0.01313	0.02171	0.01573	0.02060	0.01253	0.35894	0.21865	0.01544	0.02146	0.01090	0.01297	0.00823	0.00483	0.00537	0.00147	0.00676	0.00502	0.00350	0.22863
18	0.01315	0.01136	0.01195	0.01076	0.01375	0.01315	0.00837	0.02809	0.77168	0.02211	0.02152	0.01972	0.01614	0.00717	0.00538	0.00179	0.00418	0.00598	0.00538	0.00837
19	0.01819	0.01349	0.01452	0.01161	0.01546	0.01500	0.00943	0.50687	0.24816	0.06697	0.01574	0.01506	0.01133	0.00660	0.00532	0.00165	0.00526	0.00515	0.00538	0.00880
20	0.00644	0.00460	0.00613	0.00736	0.00767	0.00429	0.00491	0.00736	0.01012	0.01350	0.02914	0.81076	0.03497	0.01656	0.00675	0.00215	0.00307	0.01503	0.00491	0.00429
21	0.00998	0.00940	0.01586	0.80150	0.03641	0.01175	0.01468	0.01351	0.01057	0.01351	0.00940	0.01409	0.00705	0.00529	0.00529	0.00176	0.00705	0.00470	0.00235	0.00587
22	0.01157	0.01157	0.01619	0.01388	0.01388	0.01619	0.01157	0.01272	0.00810	0.01272	0.00694	0.01157	0.00694	0.00925	0.01735	0.00231	0.80453	0.00463	0.00231	0.00578
23	0.01245	0.01419	0.03079	0.02205	0.02726	0.01345	0.74170	0.01682	0.01236	0.01682	0.01059	0.01419	0.00799	0.00459	0.00654	0.00180	0.03047	0.00620	0.00266	0.00709
24	0.00631	0.00533	0.00547	0.00557	0.00726	0.00449	0.00417	0.00766	0.01195	0.01428	0.05164	0.09108	0.72158	0.01359	0.00630	0.00182	0.00275	0.02936	0.00491	0.00446
25	0.00998	0.00940	0.01586	0.80150	0.03641	0.01175	0.01468	0.01351	0.01057	0.01351	0.00940	0.01409	0.00705	0.00529	0.00529	0.00176	0.00705	0.00470	0.00235	0.00587
26	0.00998	0.00940	0.01586	0.80150	0.03641	0.01175	0.01468	0.01351	0.01057	0.01351	0.00940	0.01409	0.00705	0.00529	0.00529	0.00176	0.00705	0.00470	0.00235	0.00587
27	0.85155	0.01022	0.00777	0.00695	0.01022	0.01186	0.00573	0.01554	0.00900	0.02372	0.00736	0.00859	0.00573	0.00491	0.00327	0.00164	0.00409	0.00286	0.00327	0.00573
28	0.00643	0.00496	0.00587	0.00649	0.00746	0.00441	0.00454	0.00762	0.01123	0.01431	0.08722	0.44750	0.34327	0.01488	0.00651	0.00197	0.00287	0.01308	0.00497	0.00441
29	0.01101	0.00954	0.01157	0.00826	0.01298	0.00724	0.02884	0.01342	0.01101	0.01722	0.00944	0.01106	0.00784	0.00393	0.00398	0.00081	0.00406	0.00322	0.00312	0.82146
30	0.01308	0.01256	0.02146	0.03245	0.78123	0.01256	0.01622	0.01622	0.01204	0.01727	0.00994	0.01308	0.00837	0.00471	0.00523	0.00157	0.00628	0.00471	0.00262	0.00837
31	0.00762	0.00511	0.00585	0.00591	0.00594	0.00512	0.00336	0.00771	0.00783	0.01046	0.01722	0.07251	0.01986	0.75762	0.04304	0.00505	0.00523	0.00800	0.00328	0.00329
32	0.01315	0.01136	0.01195	0.01076	0.01375	0.01315	0.00837	0.02809	0.77168	0.02211	0.02152	0.01972	0.01614	0.00717	0.00538	0.00179	0.00418	0.00598	0.00538	0.00837
33	0.00930	0.00796	0.01074	0.00976	0.00995	0.01011	0.00744	0.01018	0.00803	0.01171	0.01203	0.02200	0.01279	0.31364	0.18172	0.00464	0.34467	0.00598	0.00275	0.00461
34	0.01119	0.01062	0.01803	0.50298	0.32553	0.01206	0.01528	0.01456	0.01114	0.01497	0.00961	0.01370	0.00756	0.00506	0.00527	0.00169	0.00675	0.00470	0.00245	0.00684
35	0.02010	0.01481	0.01587	0.01216	0.01639	0.01639	0.01005	0.76360	0.02486	0.03332	0.01269	0.01269	0.00899	0.00635	0.00529	0.00159	0.00582	0.00476	0.00529	0.00899
36	0.01427	0.05949	0.23758	0.01877	0.23154	0.25960	0.01434	0.01758	0.01264	0.01544	0.01000	0.01344	0.00840	0.00550	0.00501	0.00154	0.00760	0.04043	0.00264	0.02418
37	0.01632	0.01893	0.01578	0.22233	0.07586	0.45320	0.01188	0.05681	0.01378	0.01444	0.00879	0.01125	0.00710	0.00559	0.00559	0.00154	0.04777	0.00397	0.00273	0.00635
38	0.00860	0.00591	0.00821	0.00931	0.01046	0.00582	0.00787	0.01076	0.01190	0.03762	0.02798	0.18855	0.03071	0.01471	0.00715	0.00236	0.00455	0.59771	0.00492	0.00489
39	0.01219	0.01044	0.01108	0.02412	0.06183	0.09467	0.00782	0.04320	0.25359	0.05717	0.31576	0.04150	0.02769	0.00835	0.00566	0.00167	0.00434	0.00711	0.00508	0.00673
40	0.01249	0.44979	0.38091	0.01185	0.01790	0.01690	0.01392	0.01625	0.01094	0.01444	0.00834	0.00973	0.00674	0.00476	0.00415	0.00138	0.00666	0.00333	0.00225	0.00726
41	0.01082	0.00653	0.00909	0.00969	0.01134	0.00634	0.00841	0.01319	0.01262	0.13205	0.02691	0.05334	0.02780	0.01339	0.00700	0.00231	0.00481	0.63376	0.00512	0.00549
42	0.00732	0.00528	0.00693	0.00676	0.00786	0.00488	0.00498	0.00958	0.01423	0.02004	0.66520	0.15605	0.04763	0.01168	0.00631	0.00174	0.00258	0.01039	0.00568	0.00488
43	0.01139	0.00648	0.00664	0.00609	0.00779	0.00675	0.00471	0.12020	0.02946	0.02171	0.01669	0.01871	0.01295	0.00621	0.00396	0.00129	0.00298	0.00493	0.70549	0.00558
44	0.00852	0.00608	0.00852	0.00974	0.01095	0.00608	0.00852	0.01095	0.01217	0.01582	0.02799	0.05963	0.03042	0.01460	0.00730	0.00243	0.00487	0.74565	0.00487	0.00487
45	0.00736	0.00641	0.02271	0.00829	0.00971	0.00564	0.08824	0.00881	0.01080	0.01400	0.06361	0.33659	0.24712	0.13440	0.00954	0.00242	0.00397	0.01139	0.00439	0.00458
46	0.01237	0.01781	0.28021	0.01745	0.02331	0.01220	0.37456	0.05035	0.01253	0.04976	0.01134	0.03966	0.00872	0.00519	0.00562	0.00168	0.00771	0.00545	0.00291	0.06119
47	0.00821	0.00702	0.00952	0.00940	0.00973	0.00832	0.00709	0.00933	0.00985	0.01377	0.07091	0.45674	0.06319	0.01359	0.01023	0.00215	0.27097	0.01101	0.00410	0.00484
48	0.01982	0.01237	0.01523	0.01177	0.01587	0.01287	0.06250	0.36516	0.12216	0.28070	0.01647	0.01552	0.01126	0.00639	0.00538	0.00164	0.00538	0.00522	0.00553	0.00878
49	0.01141	0.00966	0.01120	0.00804	0.01272	0.00751	0.00645	0.05026	0.01165	0.01802	0.00956	0.01105	0.00789	0.00403	0.00398	0.00082	0.00401	0.00321	0.00324	0.80528
50	0.08914	0.04228	0.01442	0.01183	0.01404	0.18197	0.00959	0.03389	0.07803	0.17349	0.01150	0.01281	0.00890	0.00709	0.00916	0.00181	0.28512	0.00441	0.00368	0.00684

[dist]
# distance from previous block
# <min> <max>
0	2

[block]
# block no. 5 follows, 46 sequences, length 26
# corresponding to MSA columns:
# 174-199
name=unknown_F
#
# <colnr> <probs for GDERKNQSTAVLIFYWHMCP>
#	G	D	E	R	K	N	Q	S	T	A	V	L	I	F	Y	W	H	M	C	P
0	0.00998	0.00940	0.01586	0.80150	0.03641	0.01175	0.01468	0.01351	0.01057	0.01351	0.00940	0.01409	0.00705	0.00529	0.00529	0.00176	0.00705	0.00470	0.00235	0.00587
1	0.00667	0.00474	0.00630	0.00746	0.00782	0.00447	0.00510	0.00766	0.01016	0.01351	0.02841	0.71299	0.03381	0.05726	0.00782	0.00232	0.00331	0.07109	0.00482	0.00428
2	0.00680	0.00495	0.00640	0.00693	0.00771	0.00456	0.00486	0.00832	0.01203	0.01634	0.30104	0.46787	0.10416	0.01422	0.00652	0.00194	0.00283	0.01273	0.00524	0.00456
3	0.00791	0.00574	0.00777	0.00887	0.00997	0.00559	0.00741	0.00996	0.01178	0.01524	0.03069	0.19898	0.10395	0.01485	0.00710	0.00232	0.00432	0.53798	0.00488	0.00472
4	0.39818	0.00955	0.01023	0.00830	0.01202	0.00962	0.00685	0.02114	0.01236	0.44058	0.01475	0.01374	0.00976	0.00580	0.00439	0.00164	0.00431	0.00421	0.00506	0.00752
5	0.85155	0.01022	0.00777	0.00695	0.01022	0.01186	0.00573	0.01554	0.00900	0.02372	0.00736	0.00859	0.00573	0.00491	0.00327	0.00164	0.00409	0.00286	0.00327	0.00573
6	0.00942	0.00865	0.01197	0.01115	0.01127	0.01120	0.00877	0.01047	0.00895	0.01305	0.01625	0.34669	0.01869	0.01232	0.01290	0.00224	0.46846	0.00899	0.00340	0.00516
7	0.01248	0.01426	0.03119	0.02228	0.02763	0.01337	0.76203	0.01693	0.01248	0.01693	0.01070	0.01426	0.00802	0.00446	0.00624	0.00178	0.00891	0.00624	0.00267	0.00713
8	0.01496	0.15101	0.26776	0.01283	0.01832	0.01506	0.05121	0.29924	0.03733	0.02249	0.01074	0.01168	0.00797	0.00541	0.00487	0.00151	0.00645	0.00419	0.00355	0.05342
9	0.01220	0.29089	0.37258	0.01237	0.01769	0.05737	0.01392	0.01591	0.01115	0.01496	0.05180	0.01180	0.00919	0.00560	0.00569	0.00153	0.08193	0.00390	0.00248	0.00702
10	0.00669	0.00486	0.00637	0.00748	0.00804	0.00454	0.00529	0.00784	0.01057	0.01387	0.03129	0.64287	0.10448	0.01601	0.00677	0.00215	0.00326	0.10834	0.00490	0.00438
11	0.00629	0.00531	0.00545	0.00552	0.00719	0.00447	0.00410	0.00764	0.01201	0.01443	0.07243	0.09729	0.71283	0.01351	0.00628	0.00180	0.00270	0.01135	0.00493	0.00447
12	0.01262	0.47900	0.35285	0.01163	0.01756	0.01722	0.01354	0.01622	0.01092	0.01428	0.00827	0.00963	0.00675	0.00474	0.00409	0.00136	0.00658	0.00329	0.00225	0.00722
13	0.00732	0.00499	0.00597	0.00641	0.00654	0.00489	0.00392	0.00769	0.00861	0.01147	0.02102	0.28358	0.02462	0.53308	0.01982	0.00409	0.00446	0.03412	0.00380	0.00361
14	0.01413	0.81739	0.02770	0.00905	0.01357	0.02092	0.00905	0.01583	0.01074	0.01244	0.00735	0.00848	0.00678	0.00452	0.00339	0.00113	0.00565	0.00283	0.00226	0.00678
15	0.00707	0.00528	0.00668	0.00755	0.00843	0.00499	0.00557	0.00888	0.03610	0.01465	0.05883	0.46977	0.17148	0.01508	0.00670	0.00211	0.00337	0.15790	0.00495	0.00460
16	0.05831	0.01144	0.08647	0.28309	0.02227	0.01068	0.01134	0.06251	0.05412	0.29000	0.01418	0.01502	0.00972	0.00588	0.00534	0.00168	0.01907	0.00478	0.00423	0.02986
17	0.01412	0.01165	0.01236	0.01087	0.01401	0.01335	0.00852	0.10283	0.67713	0.04201	0.02060	0.01897	0.01534	0.00707	0.00537	0.00177	0.00436	0.00584	0.00540	0.00845
18	0.10737	0.00605	0.00756	0.00781	0.00909	0.00605	0.00578	0.01110	0.01071	0.10521	0.06349	0.42781	0.02639	0.01697	0.12050	0.00294	0.00503	0.05033	0.00465	0.00514
19	0.01529	0.01268	0.01767	0.02030	0.32159	0.02857	0.05738	0.14757	0.21585	0.08637	0.01442	0.01519	0.01088	0.00580	0.00534	0.00165	0.00572	0.00517	0.00414	0.00841
20	0.01060	0.02735	0.78682	0.01507	0.02288	0.01228	0.01953	0.01674	0.01116	0.01674	0.00949	0.01116	0.00670	0.00502	0.00502	0.00167	0.00781	0.00391	0.00223	0.00781
21	0.01060	0.00914	0.01247	0.01090	0.01328	0.00969	0.11866	0.01852	0.35051	0.01889	0.09341	0.22687	0.02291	0.00951	0.00586	0.00184	0.00435	0.00866	0.04731	0.00663
22	0.13531	0.01171	0.01560	0.22182	0.10724	0.04518	0.08166	0.05684	0.19301	0.06048	0.01290	0.01448	0.00968	0.00567	0.00508	0.00170	0.00593	0.00486	0.00366	0.00718
23	0.10501	0.00814	0.00891	0.00831	0.01025	0.00850	0.00628	0.21352	0.01454	0.02077	0.07610	0.35673	0.10022	0.01153	0.00581	0.00185	0.00383	0.00988	0.02401	0.00581
24	0.03576	0.03844	0.31136	0.00995	0.01406	0.00854	0.01077	0.01316	0.01284	0.04147	0.32666	0.02721	0.11204	0.00835	0.00556	0.00166	0.00479	0.00700	0.00415	0.00623
25	0.01157	0.13017	0.01602	0.02753	0.01374	0.04468	0.04720	0.03786	0.01125	0.01567	0.15460	0.01771	0.01590	0.00870	0.03060	0.00194	0.30830	0.02029	0.00324	0.08303

[dist]
# distance from previous block
# <min> <max>
1	5

[block]
# block no. 6 follows, 46 sequences, length 7
# corresponding to MSA columns:
# 205-211
name=unknown_G
#
# <colnr> <probs for GDERKNQSTAVLIFYWHMCP>
#	G	D	E	R	K	N	Q	S	T	A	V	L	I	F	Y	W	H	M	C	P
0	0.06238	0.04959	0.01408	0.01119	0.01430	0.18424	0.00902	0.08782	0.12391	0.26790	0.01440	0.01420	0.01035	0.00654	0.00651	0.00166	0.10517	0.00462	0.00454	0.00760
1	0.85155	0.01022	0.00777	0.00695	0.01022	0.01186	0.00573	0.01554	0.00900	0.02372	0.00736	0.00859	0.00573	0.00491	0.00327	0.00164	0.00409	0.00286	0.00327	0.00573
2	0.01064	0.00591	0.00602	0.00566	0.00721	0.00602	0.00433	0.08514	0.01248	0.02072	0.01892	0.02084	0.05766	0.00660	0.00400	0.00130	0.00280	0.00527	0.71319	0.00530
3	0.01847	0.00981	0.01192	0.00998	0.01345	0.00990	0.00806	0.02588	0.32826	0.42483	0.02154	0.02110	0.01535	0.00727	0.00546	0.00175	0.00439	0.04812	0.00596	0.00850
4	0.00686	0.00529	0.00618	0.00612	0.00745	0.00470	0.00448	0.00859	0.01290	0.01696	0.35763	0.11921	0.36140	0.04979	0.00725	0.00192	0.00275	0.01069	0.00522	0.00461
5	0.00640	0.00476	0.00597	0.00693	0.00756	0.00433	0.00472	0.00741	0.01053	0.01366	0.03434	0.64899	0.19338	0.01589	0.00664	0.00207	0.00298	0.01420	0.00491	0.00433
6	0.01037	0.00979	0.01655	0.70589	0.12901	0.01185	0.01487	0.01384	0.01075	0.01398	0.00946	0.01397	0.00721	0.00521	0.00528	0.00174	0.00695	0.00470	0.00238	0.00618

[dist]
# distance from previous block
# <min> <max>
0	2

[block]
# block no. 7 follows, 46 sequences, length 73
# corresponding to MSA columns:
# 214-286
name=unknown_H
#
# <colnr> <probs for GDERKNQSTAVLIFYWHMCP>
#	G	D	E	R	K	N	Q	S	T	A	V	L	I	F	Y	W	H	M	C	P
0	0.01212	0.04791	0.01912	0.21759	0.35580	0.05518	0.06045	0.01498	0.01141	0.01525	0.01161	0.03201	0.04031	0.00589	0.00635	0.00169	0.07753	0.00513	0.00266	0.00700
1	0.01566	0.01838	0.01559	0.01375	0.01511	0.40444	0.01089	0.01691	0.01154	0.01283	0.00756	0.01055	0.00687	0.00735	0.01106	0.00184	0.40718	0.00402	0.00252	0.00596
2	0.01989	0.01430	0.01549	0.01185	0.01609	0.01559	0.00978	0.69708	0.02381	0.06869	0.01295	0.01287	0.00914	0.00625	0.00523	0.00156	0.00568	0.00472	0.00526	0.04375
3	0.00998	0.00940	0.01586	0.80150	0.03641	0.01175	0.01468	0.01351	0.01057	0.01351	0.00940	0.01409	0.00705	0.00529	0.00529	0.00176	0.00705	0.00470	0.00235	0.00587
4	0.00758	0.00540	0.00723	0.00726	0.00777	0.00589	0.00506	0.00861	0.00818	0.01141	0.01565	0.04691	0.01643	0.38234	0.43369	0.00684	0.00987	0.00680	0.00305	0.00404
5	0.00644	0.00460	0.00613	0.00736	0.00767	0.00429	0.00491	0.00736	0.01012	0.01350	0.02914	0.81076	0.03497	0.01656	0.00675	0.00215	0.00307	0.01503	0.00491	0.00429
6	0.00877	0.00503	0.00535	0.00535	0.00596	0.00503	0.00345	0.01000	0.00939	0.01498	0.01695	0.02715	0.01638	0.41003	0.01530	0.00318	0.00379	0.00631	0.42354	0.00407
7	0.02019	0.00971	0.07040	0.00913	0.01300	0.00762	0.00801	0.02262	0.01428	0.59220	0.05095	0.01859	0.01419	0.00655	0.00512	0.00159	0.00440	0.00533	0.11793	0.00820
8	0.85155	0.01022	0.00777	0.00695	0.01022	0.01186	0.00573	0.01554	0.00900	0.02372	0.00736	0.00859	0.00573	0.00491	0.00327	0.00164	0.00409	0.00286	0.00327	0.00573
9	0.01440	0.77963	0.02710	0.00926	0.01370	0.05772	0.00910	0.01608	0.01094	0.01246	0.00739	0.00853	0.00679	0.00457	0.00346	0.00114	0.00584	0.00285	0.00228	0.00675
10	0.01477	0.01060	0.01852	0.01363	0.01793	0.00939	0.29400	0.01786	0.01328	0.24033	0.11589	0.01807	0.01504	0.00580	0.00552	0.00153	0.00580	0.00581	0.00431	0.17194
11	0.00907	0.00788	0.00786	0.00790	0.00860	0.11060	0.00546	0.00997	0.00937	0.01180	0.01711	0.15592	0.01872	0.34701	0.23062	0.00501	0.00785	0.02168	0.00335	0.00422
12	0.85155	0.01022	0.00777	0.00695	0.01022	0.01186	0.00573	0.01554	0.00900	0.02372	0.00736	0.00859	0.00573	0.00491	0.00327	0.00164	0.00409	0.00286	0.00327	0.00573
13	0.01285	0.01139	0.01370	0.01568	0.20414	0.04074	0.00992	0.04004	0.42763	0.01982	0.01846	0.02028	0.03076	0.04284	0.00630	0.00186	0.00491	0.03195	0.03902	0.00772
14	0.00696	0.00538	0.00634	0.00610	0.00758	0.00476	0.00457	0.00896	0.01372	0.01826	0.47011	0.04433	0.36005	0.01191	0.00624	0.00171	0.00257	0.01024	0.00543	0.00476
15	0.01376	0.01101	0.01184	0.01056	0.01353	0.01249	0.00822	0.06188	0.64843	0.06865	0.02147	0.06245	0.01664	0.00761	0.00545	0.00179	0.00422	0.00637	0.00542	0.00821
16	0.00644	0.00460	0.00613	0.00736	0.00767	0.00429	0.00491	0.00736	0.01012	0.01350	0.02914	0.81076	0.03497	0.01656	0.00675	0.00215	0.00307	0.01503	0.00491	0.00429
17	0.00937	0.00857	0.01418	0.66440	0.03145	0.01046	0.01299	0.01245	0.01049	0.01351	0.01280	0.15164	0.01187	0.00723	0.00554	0.00183	0.00636	0.00648	0.00279	0.00560
18	0.01413	0.81739	0.02770	0.00905	0.01357	0.02092	0.00905	0.01583	0.01074	0.01244	0.00735	0.00848	0.00678	0.00452	0.00339	0.00113	0.00565	0.00283	0.00226	0.00678
19	0.00873	0.00702	0.00857	0.00758	0.01010	0.00569	0.00559	0.01040	0.01066	0.01556	0.03809	0.39133	0.02177	0.01009	0.00532	0.00145	0.00348	0.00894	0.00404	0.42559
20	0.01794	0.02180	0.01367	0.01250	0.01504	0.65021	0.00937	0.01969	0.03383	0.03109	0.04832	0.04886	0.04234	0.00659	0.00501	0.00145	0.00838	0.00464	0.00321	0.00605
21	0.01851	0.01455	0.01494	0.01192	0.01579	0.05486	0.00968	0.55960	0.19344	0.02975	0.01446	0.01412	0.01050	0.00649	0.00528	0.00162	0.00564	0.00497	0.00518	0.00870
22	0.00644	0.00460	0.00613	0.00736	0.00767	0.00429	0.00491	0.00736	0.01012	0.01350	0.02914	0.81076	0.03497	0.01656	0.00675	0.00215	0.00307	0.01503	0.00491	0.00429
23	0.01830	0.01402	0.01543	0.01230	0.01553	0.05254	0.01011	0.48224	0.05421	0.08701	0.01234	0.01305	0.00911	0.00695	0.00775	0.00174	0.16978	0.00477	0.00466	0.00817
24	0.00892	0.00860	0.11117	0.00771	0.01018	0.00605	0.00693	0.01156	0.01367	0.08188	0.42467	0.05326	0.21417	0.01042	0.00601	0.00170	0.00343	0.00895	0.00516	0.00556
25	0.01114	0.02357	0.56875	0.01715	0.02425	0.01259	0.23381	0.01680	0.01154	0.01680	0.00984	0.01206	0.00708	0.00486	0.00537	0.00171	0.00813	0.00458	0.00236	0.00762
26	0.01157	0.01157	0.01619	0.01388	0.01388	0.01619	0.01157	0.01272	0.00810	0.01272	0.00694	0.01157	0.00694	0.00925	0.01735	0.00231	0.80453	0.00463	0.00231	0.00578
27	0.01219	0.01742	0.30167	0.01423	0.08304	0.01277	0.01320	0.02284	0.42292	0.01970	0.01604	0.01596	0.01195	0.00616	0.00523	0.00173	0.00572	0.00510	0.00397	0.00816
28	0.00634	0.00501	0.00571	0.00628	0.00738	0.00439	0.00443	0.00748	0.01117	0.01392	0.04235	0.39942	0.43777	0.01484	0.00648	0.00195	0.00286	0.01293	0.00491	0.00439
29	0.01295	0.01160	0.01725	0.02221	0.43370	0.01158	0.01248	0.08761	0.05432	0.01874	0.01177	0.03241	0.01018	0.00570	0.00561	0.00151	0.03886	0.03525	0.00326	0.17301
30	0.01315	0.01136	0.01195	0.01076	0.01375	0.01315	0.00837	0.02809	0.77168	0.02211	0.02152	0.01972	0.01614	0.00717	0.00538	0.00179	0.00418	0.00598	0.00538	0.00837
31	0.01157	0.01157	0.01619	0.01388	0.01388	0.01619	0.01157	0.01272	0.00810	0.01272	0.00694	0.01157	0.00694	0.00925	0.01735	0.00231	0.80453	0.00463	0.00231	0.00578
32	0.01675	0.01257	0.01356	0.01123	0.01480	0.01406	0.00900	0.32514	0.41326	0.08373	0.01790	0.01675	0.01302	0.00679	0.00534	0.00170	0.00487	0.00544	0.00543	0.00867
33	0.38986	0.01536	0.01133	0.00992	0.01306	0.28874	0.00783	0.01924	0.01218	0.15302	0.01000	0.01065	0.00743	0.00550	0.00451	0.00156	0.02621	0.00353	0.00363	0.00644
34	0.04792	0.01227	0.01324	0.01050	0.01398	0.01332	0.00855	0.54616	0.02158	0.02945	0.15639	0.02003	0.06790	0.00759	0.00545	0.00162	0.00493	0.00600	0.00529	0.00783
35	0.00644	0.00460	0.00613	0.00736	0.00767	0.00429	0.00491	0.00736	0.01012	0.01350	0.02914	0.81076	0.03497	0.01656	0.00675	0.00215	0.00307	0.01503	0.00491	0.00429
36	0.02005	0.01619	0.01575	0.01236	0.01639	0.12008	0.01007	0.66448	0.02354	0.03060	0.01209	0.01227	0.00870	0.00623	0.00522	0.00156	0.00631	0.00458	0.00495	0.00861
37	0.01413	0.81739	0.02770	0.00905	0.01357	0.02092	0.00905	0.01583	0.01074	0.01244	0.00735	0.00848	0.00678	0.00452	0.00339	0.00113	0.00565	0.00283	0.00226	0.00678
38	0.00769	0.00513	0.00577	0.00577	0.00577	0.00513	0.00320	0.00769	0.00769	0.01025	0.01666	0.03460	0.01922	0.81421	0.02691	0.00513	0.00513	0.00769	0.00320	0.00320
39	0.01585	0.58599	0.02427	0.00998	0.01438	0.03626	0.00934	0.21571	0.01460	0.01803	0.00879	0.00963	0.00737	0.00503	0.00393	0.00126	0.00578	0.00336	0.00308	0.00736
40	0.00748	0.00540	0.00707	0.00665	0.00790	0.00499	0.00499	0.00998	0.01496	0.02120	0.77844	0.03949	0.04988	0.01081	0.00624	0.00166	0.00249	0.00956	0.00582	0.00499
41	0.01248	0.01426	0.03119	0.02228	0.02763	0.01337	0.76203	0.01693	0.01248	0.01693	0.01070	0.01426	0.00802	0.00446	0.00624	0.00178	0.00891	0.00624	0.00267	0.00713
42	0.85155	0.01022	0.00777	0.00695	0.01022	0.01186	0.00573	0.01554	0.00900	0.02372	0.00736	0.00859	0.00573	0.00491	0.00327	0.00164	0.00409	0.00286	0.00327	0.00573
43	0.01975	0.02520	0.01498	0.01362	0.01634	0.79299	0.01021	0.02111	0.01498	0.01294	0.00817	0.00953	0.00681	0.00545	0.00477	0.00136	0.00953	0.00340	0.00272	0.00613
44	0.00723	0.00536	0.00781	0.00817	0.00893	0.00594	0.00612	0.00884	0.00897	0.01263	0.01848	0.24875	0.01949	0.03299	0.56628	0.00666	0.01096	0.00837	0.00343	0.00460
45	0.00644	0.00460	0.00613	0.00736	0.00767	0.00429	0.00491	0.00736	0.01012	0.01350	0.02914	0.81076	0.03497	0.01656	0.00675	0.00215	0.00307	0.01503	0.00491	0.00429
46	0.00637	0.00536	0.00553	0.00548	0.00722	0.00451	0.00411	0.00782	0.01234	0.01497	0.12546	0.04975	0.70676	0.01313	0.00625	0.00177	0.00266	0.01100	0.00500	0.00451
47	0.02010	0.01481	0.01587	0.01216	0.01639	0.01639	0.01005	0.76360	0.02486	0.03332	0.01269	0.01269	0.00899	0.00635	0.00529	0.00159	0.00582	0.00476	0.00529	0.00899
48	0.00985	0.00493	0.00493	0.00493	0.00616	0.00493	0.00370	0.01232	0.01109	0.01971	0.01725	0.01971	0.01355	0.00616	0.00370	0.00123	0.00246	0.00493	0.84356	0.00493
49	0.85155	0.01022	0.00777	0.00695	0.01022	0.01186	0.00573	0.01554	0.00900	0.02372	0.00736	0.00859	0.00573	0.00491	0.00327	0.00164	0.00409	0.00286	0.00327	0.00573
50	0.00740	0.00533	0.00734	0.00755	0.00813	0.00580	0.00539	0.00860	0.00856	0.01193	0.01743	0.16093	0.01861	0.24709	0.44828	0.00648	0.00978	0.00783	0.00329	0.00423
51	0.03990	0.01455	0.01551	0.01198	0.01614	0.01615	0.00987	0.71500	0.05547	0.03262	0.01293	0.01289	0.00921	0.00635	0.00524	0.00160	0.00571	0.00476	0.00524	0.00889
52	0.68662	0.11907	0.05965	0.00774	0.01147	0.01310	0.00704	0.01565	0.00937	0.02177	0.00749	0.00874	0.00593	0.00486	0.00340	0.00157	0.00453	0.00292	0.00307	0.00600
53	0.00958	0.00889	0.01458	0.69539	0.03266	0.01084	0.01344	0.01286	0.01077	0.01367	0.01424	0.01937	0.07925	0.00642	0.00546	0.00179	0.00655	0.03584	0.00269	0.00570
54	0.01345	0.01572	0.02903	0.02113	0.02612	0.11745	0.66166	0.01749	0.01281	0.01640	0.01036	0.01363	0.00786	0.00459	0.00604	0.00173	0.00900	0.00586	0.00268	0.00700
55	0.51409	0.01603	0.01072	0.00962	0.01271	0.30909	0.00754	0.03661	0.01167	0.01986	0.00780	0.00905	0.00622	0.00515	0.00389	0.00153	0.00620	0.00312	0.00311	0.00596
56	0.01781	0.02083	0.01540	0.01561	0.11805	0.52981	0.01071	0.05358	0.13680	0.01587	0.01075	0.01178	0.00861	0.00567	0.00495	0.00147	0.00808	0.00405	0.00325	0.00691
57	0.00643	0.00464	0.00609	0.00725	0.00764	0.00430	0.00486	0.00737	0.01023	0.01354	0.03054	0.76713	0.07769	0.01638	0.00672	0.00213	0.00304	0.01481	0.00491	0.00430
58	0.01834	0.01077	0.01368	0.01174	0.05095	0.01098	0.03988	0.11465	0.26716	0.35051	0.04066	0.01815	0.01421	0.00668	0.00539	0.00169	0.00477	0.00560	0.00564	0.00857
59	0.00770	0.00556	0.00613	0.00587	0.00764	0.00480	0.00444	0.00939	0.01285	0.06141	0.21326	0.04509	0.53812	0.01210	0.00608	0.00173	0.00273	0.01020	0.04002	0.00487
60	0.01413	0.81739	0.02770	0.00905	0.01357	0.02092	0.00905	0.01583	0.01074	0.01244	0.00735	0.00848	0.00678	0.00452	0.00339	0.00113	0.00565	0.00283	0.00226	0.00678
61	0.00998	0.00940	0.01586	0.80150	0.03641	0.01175	0.01468	0.01351	0.01057	0.01351	0.00940	0.01409	0.00705	0.00529	0.00529	0.00176	0.00705	0.00470	0.00235	0.00587
62	0.00769	0.00513	0.00577	0.00577	0.00577	0.00513	0.00320	0.00769	0.00769	0.01025	0.01666	0.03460	0.01922	0.81421	0.02691	0.00513	0.00513	0.00769	0.00320	0.00320
63	0.00644	0.00460	0.00613	0.00736	0.00767	0.00429	0.00491	0.00736	0.01012	0.01350	0.02914	0.81076	0.03497	0.01656	0.00675	0.00215	0.00307	0.01503	0.00491	0.00429
64	0.00838	0.00600	0.00835	0.00954	0.01073	0.00597	0.00827	0.01073	0.01208	0.01569	0.02855	0.09297	0.04561	0.01467	0.00726	0.00241	0.00474	0.69836	0.00487	0.00483
65	0.00748	0.00540	0.00707	0.00665	0.00790	0.00499	0.00499	0.00998	0.01496	0.02120	0.77844	0.03949	0.04988	0.01081	0.00624	0.00166	0.00249	0.00956	0.00582	0.00499
66	0.00794	0.00623	0.00924	0.00901	0.00987	0.00753	0.00708	0.00976	0.00846	0.01232	0.01347	0.01988	0.01261	0.03673	0.71871	0.00790	0.09010	0.00556	0.00278	0.00482
67	0.01413	0.81739	0.02770	0.00905	0.01357	0.02092	0.00905	0.01583	0.01074	0.01244	0.00735	0.00848	0.00678	0.00452	0.00339	0.00113	0.00565	0.00283	0.00226	0.00678
68	0.00734	0.00523	0.00712	0.00831	0.00898	0.00506	0.00636	0.00887	0.01091	0.01437	0.02831	0.47566	0.03263	0.03829	0.00755	0.00235	0.00388	0.31943	0.00484	0.00450
69	0.00998	0.00940	0.01586	0.80150	0.03641	0.01175	0.01468	0.01351	0.01057	0.01351	0.00940	0.01409	0.00705	0.00529	0.00529	0.00176	0.00705	0.00470	0.00235	0.00587
70	0.00852	0.00608	0.00852	0.00974	0.01095	0.00608	0.00852	0.01095	0.01217	0.01582	0.02799	0.05963	0.03042	0.01460	0.00730	0.00243	0.00487	0.74565	0.00487	0.00487
71	0.00650	0.00464	0.00620	0.00743	0.00776	0.00434	0.00501	0.00746	0.01018	0.01356	0.02911	0.78953	0.03484	0.01651	0.00676	0.00216	0.00312	0.03568	0.00491	0.00431
72	0.00998	0.00940	0.01586	0.80150	0.03641	0.01175	0.01468	0.01351	0.01057	0.01351	0.00940	0.01409	0.00705	0.00529	0.00529	0.00176	0.00705	0.00470	0.00235	0.00587

[dist]
# distance from previous block
# <min> <max>
0	1

[block]
# block no. 8 follows, 46 sequences, length 53
# corresponding to MSA columns:
# 288-340
name=unknown_I
#
# <colnr> <probs for GDERKNQSTAVLIFYWHMCP>
#	G	D	E	R	K	N	Q	S	T	A	V	L	I	F	Y	W	H	M	C	P
0	0.00788	0.00603	0.00824	0.00837	0.00954	0.00561	0.03808	0.04628	0.01111	0.01507	0.02560	0.63501	0.02977	0.01426	0.00640	0.00198	0.00360	0.03779	0.00466	0.08470
1	0.00685	0.00538	0.00619	0.00599	0.00751	0.00472	0.00449	0.00875	0.01347	0.01765	0.40650	0.04533	0.42404	0.01213	0.00624	0.00173	0.00259	0.01038	0.00535	0.00472
2	0.02063	0.01395	0.01533	0.01175	0.01596	0.01512	0.00971	0.65428	0.02341	0.14468	0.01390	0.01348	0.00960	0.00638	0.00529	0.00159	0.00562	0.00484	0.00547	0.00899
3	0.01096	0.00940	0.01096	0.00783	0.01253	0.00705	0.00626	0.01331	0.01096	0.01723	0.00940	0.01096	0.00783	0.00392	0.00392	0.00078	0.00392	0.00313	0.00313	0.84653
4	0.00629	0.00536	0.00542	0.00540	0.00717	0.00448	0.00405	0.00767	0.01215	0.01452	0.07898	0.05048	0.75351	0.01330	0.00625	0.00178	0.00267	0.01110	0.00494	0.00448
5	0.01235	0.01385	0.02950	0.02107	0.02636	0.01284	0.69873	0.01663	0.01235	0.01696	0.01059	0.01398	0.00801	0.00441	0.00604	0.00170	0.00849	0.00598	0.00271	0.07744
6	0.00801	0.00586	0.00742	0.00708	0.00843	0.00565	0.00536	0.01143	0.07457	0.02071	0.63567	0.06716	0.04473	0.01076	0.00616	0.00171	0.00275	0.04046	0.03087	0.00522
7	0.00717	0.00497	0.00671	0.00781	0.00838	0.00470	0.00561	0.00843	0.01072	0.02880	0.04993	0.63870	0.03415	0.01586	0.00681	0.00218	0.00340	0.14621	0.00496	0.00451
8	0.00667	0.00537	0.00593	0.00579	0.00740	0.00464	0.00435	0.00840	0.01304	0.01662	0.29876	0.04703	0.53243	0.01252	0.00624	0.00174	0.00262	0.01062	0.00522	0.00464
9	0.01292	0.54681	0.28769	0.01111	0.01676	0.01796	0.01264	0.01614	0.01089	0.01391	0.00808	0.00940	0.00675	0.00469	0.00395	0.00132	0.00639	0.00320	0.00225	0.00714
10	0.01118	0.00953	0.01108	0.00793	0.01262	0.00727	0.00636	0.03135	0.01130	0.01761	0.00948	0.01100	0.00786	0.00397	0.00395	0.00080	0.00396	0.00317	0.00318	0.82639
11	0.01256	0.01392	0.02892	0.02092	0.02599	0.01334	0.67282	0.01825	0.10235	0.01755	0.01198	0.01491	0.00898	0.00478	0.00614	0.00178	0.00835	0.00621	0.00299	0.00728
12	0.00735	0.00522	0.00704	0.00817	0.00881	0.00506	0.00620	0.00880	0.01074	0.01416	0.02772	0.45517	0.03196	0.07772	0.00853	0.00249	0.00393	0.30172	0.00476	0.00443
13	0.00650	0.00467	0.00618	0.00737	0.00775	0.00435	0.00499	0.00748	0.01024	0.01359	0.02984	0.76520	0.05735	0.01641	0.00675	0.00214	0.00311	0.03685	0.00491	0.00432
14	0.01217	0.01152	0.01952	0.32343	0.43453	0.01244	0.04756	0.04567	0.01202	0.01648	0.00988	0.01350	0.00788	0.00498	0.00530	0.00165	0.00667	0.00477	0.00263	0.00739
15	0.00769	0.00513	0.00577	0.00577	0.00577	0.00513	0.00320	0.00769	0.00769	0.01025	0.01666	0.03460	0.01922	0.81421	0.02691	0.00513	0.00513	0.00769	0.00320	0.00320
