[name]
unknown

[dist]
# distance from previous block
# <min> <max>
0	6

[block]
# block no. 0 follows, 49 sequences, length 47
# corresponding to MSA columns:
# 6-52
name=unknown_A
#
# <colnr> <probs for GDERKNQSTAVLIFYWHMCP>
#	G	D	E	R	K	N	Q	S	T	A	V	L	I	F	Y	W	H	M	C	P
0	0.03558	0.15212	0.04895	0.02511	0.01418	0.09716	0.04777	0.14574	0.06891	0.01752	0.01483	0.07217	0.01411	0.00845	0.01833	0.00179	0.04401	0.16329	0.00367	0.00630
1	0.05989	0.18844	0.01679	0.01235	0.06360	0.34528	0.00944	0.13545	0.04766	0.06202	0.00965	0.01044	0.00761	0.00522	0.00437	0.00135	0.00683	0.00361	0.00323	0.00679
2	0.01321	0.05822	0.01552	0.01301	0.12643	0.01027	0.08141	0.13132	0.01305	0.06781	0.01025	0.01162	0.00801	0.00445	0.00440	0.00114	0.00494	0.00385	0.00336	0.41773
3	0.03545	0.02022	0.01487	0.05527	0.11054	0.56871	0.01050	0.03623	0.03333	0.03784	0.00884	0.01034	0.00715	0.00528	0.00492	0.00140	0.02636	0.00364	0.00281	0.00630
4	0.00841	0.00747	0.00738	0.00697	0.00886	0.05266	0.00529	0.01273	0.17790	0.01665	0.20398	0.03756	0.41405	0.01054	0.00571	0.00166	0.00321	0.00884	0.00486	0.00528
5	0.01027	0.00802	0.01120	0.10175	0.13087	0.00817	0.02530	0.07323	0.05646	0.05736	0.26838	0.02755	0.12217	0.06881	0.00703	0.00185	0.00422	0.00714	0.00433	0.00589
6	0.00735	0.00490	0.00552	0.00552	0.00552	0.00490	0.00306	0.00735	0.00735	0.00980	0.01593	0.03309	0.01838	0.82229	0.02574	0.00490	0.00490	0.00735	0.00306	0.00306
7	0.01382	0.01592	0.01345	0.01197	0.01397	0.40602	0.08252	0.02871	0.01212	0.01301	0.01263	0.16329	0.01274	0.04577	0.07321	0.00227	0.06405	0.00607	0.00304	0.00542
8	0.01093	0.00925	0.01072	0.00770	0.01217	0.00719	0.00618	0.05132	0.01116	0.01726	0.00915	0.01057	0.00755	0.00386	0.00381	0.00079	0.00384	0.00307	0.00310	0.81039
9	0.00642	0.00465	0.00607	0.00675	0.00737	0.00430	0.00467	0.00773	0.01104	0.01494	0.23470	0.56441	0.07984	0.01418	0.00629	0.00191	0.00276	0.01275	0.00493	0.00430
10	0.00598	0.00512	0.00512	0.00512	0.00683	0.00427	0.00384	0.00726	0.01153	0.01366	0.05123	0.04866	0.78869	0.01281	0.00598	0.00171	0.00256	0.01067	0.00470	0.00427
11	0.01922	0.01416	0.01518	0.01163	0.01568	0.01568	0.00961	0.77388	0.02378	0.03187	0.01214	0.01214	0.00860	0.00607	0.00506	0.00152	0.00556	0.00455	0.00506	0.00860
12	0.11472	0.01155	0.01228	0.00969	0.01318	0.01251	0.00795	0.47917	0.01889	0.12218	0.01317	0.01333	0.00938	0.00591	0.00461	0.00148	0.00473	0.00443	0.13321	0.00765
13	0.00598	0.00512	0.00512	0.00512	0.00683	0.00427	0.00384	0.00726	0.01153	0.01366	0.05123	0.04866	0.78869	0.01281	0.00598	0.00171	0.00256	0.01067	0.00470	0.00427
14	0.01194	0.01364	0.02984	0.02131	0.02643	0.01279	0.77238	0.01620	0.01194	0.01620	0.01023	0.01364	0.00767	0.00426	0.00597	0.00171	0.00853	0.00597	0.00256	0.00682
15	0.01252	0.01201	0.02053	0.03104	0.79074	0.01201	0.01552	0.01552	0.01151	0.01652	0.00951	0.01252	0.00801	0.00451	0.00501	0.00150	0.00601	0.00451	0.00250	0.00801
16	0.00690	0.00516	0.00640	0.00609	0.00740	0.00466	0.00457	0.00904	0.01370	0.01882	0.62623	0.04017	0.21047	0.01088	0.00597	0.00162	0.00242	0.00948	0.00538	0.00466
17	0.01262	0.00710	0.01019	0.18374	0.01525	0.00704	0.00765	0.01508	0.01344	0.26458	0.37290	0.02590	0.02753	0.00788	0.00549	0.00160	0.00395	0.00683	0.00506	0.00618
18	0.00624	0.00456	0.00586	0.00674	0.00729	0.00419	0.00460	0.00731	0.01036	0.01372	0.10524	0.64872	0.12669	0.01493	0.00635	0.00197	0.00283	0.01341	0.00478	0.00419
19	0.00725	0.00531	0.00758	0.00758	0.00829	0.00602	0.00563	0.00868	0.00796	0.01133	0.01405	0.02265	0.01385	0.20321	0.63862	0.00745	0.01172	0.00583	0.00278	0.00421
20	0.01014	0.02616	0.79609	0.01441	0.02189	0.01174	0.01868	0.01601	0.01068	0.01601	0.00907	0.01068	0.00641	0.00480	0.00480	0.00160	0.00747	0.00374	0.00214	0.00747
21	0.01258	0.01086	0.01143	0.01029	0.01315	0.01258	0.00800	0.02687	0.78161	0.02115	0.02058	0.01887	0.01544	0.00686	0.00515	0.00172	0.00400	0.00572	0.00515	0.00800
22	0.01121	0.01063	0.01802	0.33569	0.46908	0.01151	0.01470	0.01434	0.01097	0.01506	0.00987	0.01434	0.00820	0.00503	0.00509	0.00160	0.00625	0.02897	0.00247	0.00696
23	0.01610	0.01034	0.01177	0.00993	0.01312	0.01108	0.00789	0.14442	0.39410	0.24150	0.01951	0.06799	0.01466	0.00713	0.00520	0.00166	0.00427	0.00590	0.00542	0.00802
24	0.01140	0.01071	0.01544	0.36984	0.23023	0.05140	0.01262	0.05129	0.10514	0.01575	0.01196	0.07053	0.01010	0.00595	0.00513	0.00164	0.00601	0.00528	0.00299	0.00659
25	0.00623	0.00464	0.00583	0.00675	0.00740	0.00424	0.00470	0.00728	0.01020	0.01320	0.03294	0.60740	0.19909	0.01507	0.00638	0.00199	0.00295	0.05486	0.00469	0.00417
26	0.00764	0.00616	0.01006	0.00928	0.01054	0.00680	0.08124	0.00958	0.00856	0.01218	0.01402	0.06017	0.01339	0.05763	0.65996	0.00709	0.01225	0.00599	0.00281	0.00468
27	0.00616	0.00440	0.00587	0.00704	0.00733	0.00411	0.00469	0.00704	0.00968	0.01291	0.02787	0.81899	0.03344	0.01584	0.00645	0.00205	0.00293	0.01438	0.00469	0.00411
28	0.00671	0.00515	0.00615	0.00590	0.00728	0.00458	0.00442	0.00869	0.01327	0.01780	0.51196	0.04185	0.32538	0.01126	0.00597	0.00163	0.00245	0.00972	0.00524	0.00458
29	0.85801	0.00978	0.00743	0.00665	0.00978	0.01134	0.00548	0.01486	0.00861	0.02269	0.00704	0.00821	0.00548	0.00469	0.00313	0.00156	0.00391	0.00274	0.00313	0.00548
30	0.01857	0.01384	0.01481	0.01150	0.01543	0.01538	0.00945	0.70065	0.09807	0.03082	0.01297	0.01280	0.00927	0.00615	0.00507	0.00154	0.00541	0.00467	0.00507	0.00854
31	0.01889	0.02410	0.01433	0.01303	0.01563	0.80199	0.00977	0.02019	0.01433	0.01238	0.00782	0.00912	0.00651	0.00521	0.00456	0.00130	0.00912	0.00326	0.00261	0.00586
32	0.04544	0.14120	0.01605	0.01195	0.01506	0.53367	0.00944	0.14032	0.01506	0.01577	0.00837	0.00943	0.00681	0.00520	0.00440	0.00131	0.00783	0.00337	0.00295	0.00638
33	0.01082	0.01053	0.01861	0.45727	0.29208	0.01167	0.09796	0.01417	0.01079	0.01451	0.00930	0.01317	0.00728	0.00478	0.00514	0.00162	0.00669	0.00466	0.00237	0.00657
34	0.01014	0.02616	0.79609	0.01441	0.02189	0.01174	0.01868	0.01601	0.01068	0.01601	0.00907	0.01068	0.00641	0.00480	0.00480	0.00160	0.00747	0.00374	0.00214	0.00747
35	0.01336	0.01189	0.01184	0.01054	0.01345	0.06275	0.00821	0.06999	0.68885	0.02122	0.01928	0.01786	0.01447	0.00671	0.00510	0.00168	0.00442	0.00549	0.00498	0.00790
36	0.00970	0.00914	0.01544	0.77064	0.07315	0.01127	0.01412	0.01305	0.01018	0.01310	0.00901	0.01343	0.00681	0.00503	0.00505	0.00168	0.00670	0.00449	0.00226	0.00574
37	0.00735	0.00490	0.00552	0.00552	0.00552	0.00490	0.00306	0.00735	0.00735	0.00980	0.01593	0.03309	0.01838	0.82229	0.02574	0.00490	0.00490	0.00735	0.00306	0.00306
38	0.00955	0.00899	0.01517	0.81013	0.03483	0.01123	0.01404	0.01292	0.01011	0.01292	0.00899	0.01348	0.00674	0.00506	0.00506	0.00169	0.00674	0.00449	0.00225	0.00562
39	0.00659	0.00490	0.00614	0.00656	0.00749	0.00448	0.00476	0.00810	0.01158	0.01539	0.26007	0.34746	0.20154	0.02711	0.00657	0.00191	0.00285	0.06721	0.00492	0.00436
40	0.00616	0.00440	0.00587	0.00704	0.00733	0.00411	0.00469	0.00704	0.00968	0.01291	0.02787	0.81899	0.03344	0.01584	0.00645	0.00205	0.00293	0.01438	0.00469	0.00411
41	0.01128	0.01592	0.26434	0.01360	0.01836	0.01172	0.17897	0.04188	0.27659	0.01809	0.01711	0.01755	0.07908	0.00614	0.00529	0.00167	0.00602	0.00555	0.00358	0.00726
42	0.00598	0.00512	0.00512	0.00512	0.00683	0.00427	0.00384	0.00726	0.01153	0.01366	0.05123	0.04866	0.78869	0.01281	0.00598	0.00171	0.00256	0.01067	0.00470	0.00427
43	0.01533	0.64626	0.02346	0.00888	0.01312	0.01773	0.00851	0.06090	0.01174	0.13930	0.00941	0.00981	0.00758	0.00474	0.00365	0.00118	0.00524	0.00320	0.00299	0.00695
44	0.00974	0.00918	0.01551	0.76080	0.08270	0.01128	0.01414	0.01308	0.01020	0.01315	0.00902	0.01342	0.00682	0.00502	0.00505	0.00167	0.00669	0.00449	0.00226	0.00577
45	0.01186	0.00964	0.01192	0.11887	0.07426	0.01070	0.00883	0.18274	0.23982	0.01977	0.01833	0.23683	0.01717	0.00874	0.00546	0.00174	0.00457	0.00759	0.00441	0.00674
46	0.01819	0.01136	0.01430	0.01178	0.04445	0.08718	0.09619	0.15075	0.01523	0.37689	0.01815	0.06138	0.05692	0.00674	0.00526	0.00158	0.00537	0.00574	0.00494	0.00760

[dist]
# distance from previous block
# <min> <max>
0	6

[block]
# block no. 1 follows, 49 sequences, length 24
# corresponding to MSA columns:
# 59-82
name=unknown_B
#
# <colnr> <probs for GDERKNQSTAVLIFYWHMCP>
#	G	D	E	R	K	N	Q	S	T	A	V	L	I	F	Y	W	H	M	C	P
0	0.01092	0.15620	0.22308	0.41740	0.02657	0.01314	0.01409	0.05517	0.01103	0.01458	0.00884	0.01173	0.00671	0.00492	0.00467	0.00155	0.00664	0.00399	0.00235	0.00642
1	0.00630	0.00451	0.00599	0.00695	0.00736	0.00420	0.00470	0.00738	0.01032	0.01392	0.13238	0.71159	0.03541	0.01509	0.00639	0.00199	0.00286	0.01366	0.00481	0.00420
2	0.01463	0.10633	0.01556	0.07274	0.04351	0.04396	0.03194	0.30262	0.05892	0.04943	0.11090	0.01600	0.02512	0.00659	0.00603	0.00156	0.07791	0.00507	0.00410	0.00708
3	0.00614	0.00511	0.00524	0.00522	0.00677	0.00434	0.00383	0.00738	0.01135	0.01371	0.08650	0.04691	0.69146	0.07473	0.00749	0.00195	0.00273	0.01034	0.00462	0.00420
4	0.00948	0.13285	0.22423	0.00999	0.01312	0.03290	0.00999	0.01210	0.00942	0.01291	0.01325	0.01770	0.05762	0.09207	0.26898	0.00401	0.06629	0.00493	0.00259	0.00557
5	0.01014	0.02616	0.79609	0.01441	0.02189	0.01174	0.01868	0.01601	0.01068	0.01601	0.00907	0.01068	0.00641	0.00480	0.00480	0.00160	0.00747	0.00374	0.00214	0.00747
6	0.01662	0.22756	0.01697	0.01153	0.01445	0.54103	0.00922	0.01805	0.01282	0.01220	0.00805	0.00969	0.00698	0.00749	0.06537	0.00177	0.00851	0.00328	0.00250	0.00592
7	0.01447	0.00886	0.01089	0.00798	0.01229	0.00697	0.00646	0.01662	0.01179	0.27012	0.01256	0.01268	0.00913	0.00456	0.00418	0.00101	0.00393	0.00368	0.00406	0.57776
8	0.01869	0.05362	0.01478	0.01287	0.01553	0.77318	0.00973	0.02001	0.01418	0.01236	0.00779	0.00908	0.00651	0.00518	0.00451	0.00129	0.00898	0.00324	0.00259	0.00589
9	0.01014	0.02616	0.79609	0.01441	0.02189	0.01174	0.01868	0.01601	0.01068	0.01601	0.00907	0.01068	0.00641	0.00480	0.00480	0.00160	0.00747	0.00374	0.00214	0.00747
10	0.00684	0.00489	0.00658	0.00704	0.00747	0.00509	0.00486	0.00782	0.00854	0.01171	0.01979	0.33773	0.02228	0.22765	0.29261	0.00492	0.00718	0.00943	0.00358	0.00399
11	0.01534	0.20266	0.22784	0.01239	0.01673	0.39533	0.01192	0.03674	0.01268	0.01374	0.00809	0.00939	0.00653	0.00493	0.00435	0.00134	0.00776	0.00330	0.00244	0.00650
12	0.01799	0.01189	0.01438	0.01431	0.16527	0.05998	0.00973	0.23747	0.08378	0.27784	0.04466	0.01528	0.01176	0.00601	0.00507	0.00154	0.00519	0.00492	0.00483	0.00812
13	0.13067	0.00778	0.01068	0.13262	0.12698	0.00829	0.02194	0.06075	0.01082	0.01614	0.01800	0.39581	0.01959	0.01011	0.00545	0.00181	0.00437	0.00898	0.00377	0.00544
14	0.15236	0.25957	0.43733	0.01142	0.01724	0.01412	0.01352	0.01556	0.01021	0.01591	0.00813	0.00951	0.00628	0.00464	0.00406	0.00144	0.00627	0.00327	0.00231	0.00685
15	0.00598	0.00512	0.00512	0.00512	0.00683	0.00427	0.00384	0.00726	0.01153	0.01366	0.05123	0.04866	0.78869	0.01281	0.00598	0.00171	0.00256	0.01067	0.00470	0.00427
16	0.00955	0.00899	0.01517	0.81013	0.03483	0.01123	0.01404	0.01292	0.01011	0.01292	0.00899	0.01348	0.00674	0.00506	0.00506	0.00169	0.00674	0.00449	0.00225	0.00562
17	0.01134	0.01045	0.01705	0.47461	0.29952	0.01185	0.01422	0.07216	0.01165	0.01564	0.00941	0.01304	0.00733	0.00494	0.00504	0.00161	0.00639	0.00450	0.00255	0.00669
18	0.00727	0.00515	0.00610	0.00651	0.03241	0.00500	0.00382	0.00776	0.00867	0.01150	0.07975	0.09324	0.10779	0.58145	0.01987	0.00396	0.00434	0.00829	0.00354	0.00357
19	0.00669	0.00500	0.00621	0.00623	0.00735	0.00452	0.00455	0.00851	0.01272	0.01725	0.46420	0.20598	0.20812	0.01205	0.00607	0.00171	0.00254	0.01059	0.00519	0.00452
20	0.11657	0.01213	0.01574	0.01202	0.01595	0.04048	0.15696	0.29647	0.01654	0.19907	0.01498	0.01507	0.05273	0.00595	0.00505	0.00157	0.00562	0.00503	0.00451	0.00754
21	0.06346	0.01423	0.01414	0.01128	0.01499	0.07727	0.00916	0.56294	0.13411	0.02825	0.01277	0.01268	0.00928	0.00604	0.00493	0.00153	0.00553	0.00452	0.00477	0.00813
22	0.00680	0.00539	0.00758	0.16330	0.01263	0.00552	0.00641	0.00821	0.01000	0.01301	0.02720	0.56288	0.12543	0.01335	0.00612	0.00194	0.00363	0.01197	0.00422	0.00442
23	0.35595	0.01121	0.01222	0.01230	0.12589	0.01250	0.02443	0.17348	0.16696	0.02299	0.01137	0.01216	0.00869	0.00612	0.02221	0.00173	0.00489	0.00409	0.00382	0.00700

[dist]
# distance from previous block
# <min> <max>
0	1

[block]
# block no. 2 follows, 49 sequences, length 53
# corresponding to MSA columns:
# 84-136
name=unknown_C
#
# <colnr> <probs for GDERKNQSTAVLIFYWHMCP>
#	G	D	E	R	K	N	Q	S	T	A	V	L	I	F	Y	W	H	M	C	P
0	0.01328	0.01030	0.01309	0.01053	0.01292	0.01124	0.08421	0.34844	0.01519	0.02055	0.01290	0.01928	0.01172	0.25503	0.08799	0.00323	0.05449	0.00561	0.00381	0.00618
1	0.01089	0.00877	0.00979	0.00798	0.01131	0.00817	0.00626	0.01687	0.25581	0.04217	0.05098	0.01870	0.08686	0.00610	0.00453	0.00124	0.00358	0.00503	0.05764	0.38733
2	0.01155	0.01103	0.01878	0.28489	0.54445	0.01176	0.01504	0.01467	0.01106	0.01535	0.00934	0.01283	0.00760	0.00468	0.00502	0.00156	0.00625	0.00450	0.00242	0.00723
3	0.01235	0.00933	0.01101	0.01008	0.06041	0.00979	0.00740	0.30292	0.05688	0.02408	0.36270	0.02564	0.05082	0.02646	0.00596	0.00164	0.00397	0.00693	0.00507	0.00655
4	0.00908	0.00764	0.00821	0.00792	0.00987	0.00810	0.00595	0.01633	0.36927	0.01699	0.03218	0.19289	0.27411	0.01066	0.00569	0.00178	0.00331	0.00913	0.00490	0.00597
5	0.01922	0.01416	0.01518	0.01163	0.01568	0.01568	0.00961	0.77388	0.02378	0.03187	0.01214	0.01214	0.00860	0.00607	0.00506	0.00152	0.00556	0.00455	0.00506	0.00860
6	0.02269	0.00861	0.01174	0.00900	0.01291	0.00743	0.00743	0.02464	0.01447	0.79425	0.01995	0.01721	0.01252	0.00626	0.00509	0.00156	0.00430	0.00509	0.00626	0.00861
7	0.00722	0.00542	0.00813	0.00813	0.00903	0.00632	0.00632	0.00903	0.00813	0.01174	0.01354	0.01987	0.01264	0.03792	0.80225	0.00813	0.01354	0.00542	0.00271	0.00451
8	0.85801	0.00978	0.00743	0.00665	0.00978	0.01134	0.00548	0.01486	0.00861	0.02269	0.00704	0.00821	0.00548	0.00469	0.00313	0.00156	0.00391	0.00274	0.00313	0.00548
9	0.00691	0.00516	0.00642	0.00611	0.00741	0.00467	0.00458	0.00907	0.01374	0.01892	0.63686	0.04001	0.19978	0.01084	0.00597	0.00161	0.00242	0.00946	0.00539	0.00467
10	0.00625	0.00455	0.00590	0.00678	0.00731	0.00420	0.00462	0.00734	0.01037	0.01380	0.11433	0.65969	0.10631	0.01495	0.00635	0.00197	0.00284	0.01345	0.00479	0.00420
11	0.85801	0.00978	0.00743	0.00665	0.00978	0.01134	0.00548	0.01486	0.00861	0.02269	0.00704	0.00821	0.00548	0.00469	0.00313	0.00156	0.00391	0.00274	0.00313	0.00548
12	0.00735	0.00490	0.00552	0.00552	0.00552	0.00490	0.00306	0.00735	0.00735	0.00980	0.01593	0.03309	0.01838	0.82229	0.02574	0.00490	0.00490	0.00735	0.00306	0.00306
13	0.00703	0.00516	0.00658	0.00622	0.00747	0.00472	0.00467	0.00929	0.01400	0.01954	0.70620	0.03898	0.13005	0.01061	0.00597	0.00160	0.00241	0.00931	0.00547	0.00472
14	0.01082	0.01036	0.01780	0.47122	0.33857	0.01160	0.03923	0.01407	0.01073	0.01447	0.00924	0.01310	0.00728	0.00481	0.00507	0.00161	0.00650	0.00455	0.00236	0.00662
15	0.00735	0.00490	0.00552	0.00552	0.00552	0.00490	0.00306	0.00735	0.00735	0.00980	0.01593	0.03309	0.01838	0.82229	0.02574	0.00490	0.00490	0.00735	0.00306	0.00306
16	0.00629	0.00449	0.00601	0.00718	0.00753	0.00422	0.00491	0.00726	0.00981	0.01305	0.02780	0.77080	0.03317	0.01572	0.00649	0.00207	0.00304	0.06132	0.00469	0.00414
17	0.01014	0.02616	0.79609	0.01441	0.02189	0.01174	0.01868	0.01601	0.01068	0.01601	0.00907	0.01068	0.00641	0.00480	0.00480	0.00160	0.00747	0.00374	0.00214	0.00747
18	0.68276	0.01051	0.00906	0.00779	0.01087	0.01224	0.00642	0.12766	0.01081	0.02343	0.00778	0.00897	0.00601	0.00515	0.00422	0.00160	0.05232	0.00311	0.00336	0.00594
19	0.00724	0.00537	0.00787	0.00787	0.00869	0.00618	0.00601	0.00887	0.00805	0.01155	0.01378	0.02114	0.01320	0.11373	0.72720	0.00782	0.01271	0.00560	0.00274	0.00437
20	0.00722	0.00542	0.00813	0.00813	0.00903	0.00632	0.00632	0.00903	0.00813	0.01174	0.01354	0.01987	0.01264	0.03792	0.80225	0.00813	0.01354	0.00542	0.00271	0.00451
21	0.00629	0.00449	0.00601	0.00718	0.00753	0.00422	0.00491	0.00726	0.00981	0.01305	0.02780	0.77080	0.03317	0.01572	0.00649	0.00207	0.00304	0.06132	0.00469	0.00414
22	0.00606	0.00488	0.00541	0.00580	0.00702	0.00422	0.00415	0.00723	0.01096	0.01354	0.05801	0.30914	0.51833	0.01378	0.00614	0.00182	0.00268	0.01189	0.00471	0.00422
23	0.00616	0.00440	0.00587	0.00704	0.00733	0.00411	0.00469	0.00704	0.00968	0.01291	0.02787	0.81899	0.03344	0.01584	0.00645	0.00205	0.00293	0.01438	0.00469	0.00411
24	0.00716	0.00517	0.00676	0.00636	0.00755	0.00477	0.00477	0.00954	0.01431	0.02028	0.78808	0.03777	0.04771	0.01034	0.00596	0.00159	0.00239	0.00914	0.00557	0.00477
25	0.01258	0.01086	0.01143	0.01029	0.01315	0.01258	0.00800	0.02687	0.78161	0.02115	0.02058	0.01887	0.01544	0.00686	0.00515	0.00172	0.00400	0.00572	0.00515	0.00800
26	0.01252	0.01201	0.02053	0.03104	0.79074	0.01201	0.01552	0.01552	0.01151	0.01652	0.00951	0.01252	0.00801	0.00451	0.00501	0.00150	0.00601	0.00451	0.00250	0.00801
27	0.00955	0.00899	0.01517	0.81013	0.03483	0.01123	0.01404	0.01292	0.01011	0.01292	0.00899	0.01348	0.00674	0.00506	0.00506	0.00169	0.00674	0.00449	0.00225	0.00562
28	0.01298	0.01269	0.01653	0.02085	0.38717	0.08714	0.01212	0.01915	0.25325	0.01710	0.01251	0.01403	0.01005	0.00579	0.00629	0.00163	0.09512	0.00476	0.00331	0.00753
29	0.01065	0.00810	0.01197	0.21409	0.22422	0.00872	0.00962	0.04161	0.01122	0.01723	0.01257	0.01555	0.00991	0.00532	0.00437	0.00141	0.00456	0.00460	0.37833	0.00597
30	0.00885	0.00480	0.00498	0.00493	0.00616	0.00468	0.00370	0.01111	0.01110	0.01852	0.10529	0.02376	0.09003	0.00704	0.00403	0.00127	0.00238	0.00577	0.67691	0.00468
31	0.15390	0.00952	0.01151	0.00897	0.01278	0.00913	0.00741	0.12095	0.01476	0.57307	0.01689	0.01513	0.01090	0.00599	0.00477	0.00156	0.00441	0.00465	0.00561	0.00811
32	0.00901	0.00771	0.01015	0.00911	0.00924	0.00967	0.00686	0.00976	0.00828	0.01199	0.09449	0.02365	0.01622	0.36806	0.01949	0.00333	0.36944	0.00622	0.00295	0.00436
33	0.00600	0.00504	0.00521	0.00534	0.00689	0.00425	0.00394	0.00723	0.01131	0.01357	0.04854	0.13710	0.70199	0.01316	0.00603	0.00175	0.00260	0.01110	0.00470	0.00425
34	0.80460	0.06135	0.00864	0.00678	0.00998	0.01189	0.00568	0.01488	0.00871	0.02201	0.00704	0.00821	0.00554	0.00467	0.00314	0.00153	0.00401	0.00274	0.00307	0.00554
35	0.01208	0.01232	0.01413	0.15182	0.22662	0.19509	0.01152	0.01453	0.01198	0.01449	0.01465	0.02639	0.01432	0.00785	0.00555	0.00176	0.00642	0.24930	0.00319	0.00601
36	0.01106	0.01106	0.01549	0.01328	0.01328	0.01549	0.01106	0.01217	0.00774	0.01217	0.00664	0.01106	0.00664	0.00885	0.01659	0.00221	0.81303	0.00443	0.00221	0.00553
37	0.00679	0.00530	0.00623	0.00668	0.00774	0.00501	0.00474	0.00918	0.08351	0.01453	0.09627	0.43254	0.27569	0.01357	0.00614	0.00187	0.00287	0.01194	0.00481	0.00458
38	0.00637	0.00514	0.00567	0.00554	0.00707	0.00444	0.00416	0.00803	0.01247	0.01589	0.29949	0.04500	0.53904	0.01197	0.00597	0.00167	0.00250	0.01016	0.00499	0.00444
39	0.00722	0.00542	0.00813	0.00813	0.00903	0.00632	0.00632	0.00903	0.00813	0.01174	0.01354	0.01987	0.01264	0.03792	0.80225	0.00813	0.01354	0.00542	0.00271	0.00451
40	0.01291	0.01079	0.01144	0.01025	0.01314	0.01241	0.00799	0.02680	0.75673	0.04622	0.02056	0.01881	0.01534	0.00684	0.00514	0.00171	0.00401	0.00570	0.00518	0.00802
41	0.00598	0.00512	0.00512	0.00512	0.00683	0.00427	0.00384	0.00726	0.01153	0.01366	0.05123	0.04866	0.78869	0.01281	0.00598	0.00171	0.00256	0.01067	0.00470	0.00427
42	0.01252	0.01201	0.02053	0.03104	0.79074	0.01201	0.01552	0.01552	0.01151	0.01652	0.00951	0.01252	0.00801	0.00451	0.00501	0.00150	0.00601	0.00451	0.00250	0.00801
43	0.01352	0.82533	0.02650	0.00865	0.01298	0.02001	0.00865	0.01514	0.01027	0.01190	0.00703	0.00811	0.00649	0.00433	0.00324	0.00108	0.00541	0.00270	0.00216	0.00649
44	0.01258	0.01086	0.01143	0.01029	0.01315	0.01258	0.00800	0.02687	0.78161	0.02115	0.02058	0.01887	0.01544	0.00686	0.00515	0.00172	0.00400	0.00572	0.00515	0.00800
45	0.01148	0.00705	0.00875	0.00771	0.00981	0.00692	0.00599	0.01622	0.17181	0.18062	0.47162	0.02964	0.03381	0.00878	0.00561	0.00161	0.00311	0.00760	0.00562	0.00623
46	0.00770	0.00568	0.00753	0.00845	0.00973	0.00550	0.00726	0.00982	0.01162	0.01483	0.03179	0.05532	0.18499	0.01373	0.00678	0.00220	0.00423	0.60361	0.00466	0.00458
47	0.00681	0.00516	0.00627	0.00608	0.00729	0.00479	0.00448	0.00856	0.01209	0.01626	0.39791	0.03880	0.27382	0.09280	0.09412	0.00266	0.00389	0.00905	0.00474	0.00442
48	0.01063	0.01009	0.01712	0.52657	0.30995	0.01152	0.01458	0.01387	0.01062	0.01423	0.00918	0.01313	0.00720	0.00486	0.00504	0.00162	0.00647	0.00450	0.00234	0.00649
49	0.00690	0.00516	0.00640	0.00609	0.00740	0.00466	0.00457	0.00904	0.01370	0.01882	0.62620	0.04017	0.21050	0.01088	0.00597	0.00162	0.00242	0.00948	0.00538	0.00466
50	0.01718	0.02004	0.01300	0.01175	0.01430	0.58936	0.00889	0.05677	0.09942	0.01500	0.01039	0.01141	0.00831	0.00551	0.00454	0.00135	0.00764	0.00375	0.09529	0.00611
51	0.01166	0.02310	0.63537	0.01346	0.02025	0.01160	0.01649	0.08780	0.01210	0.05747	0.00992	0.01114	0.00699	0.00494	0.00478	0.00154	0.00691	0.00384	0.00267	0.05798
52	0.01140	0.05943	0.12530	0.00887	0.01261	0.00882	0.00817	0.06313	0.08010	0.08301	0.23783	0.01971	0.02016	0.00648	0.00483	0.00134	0.00418	0.00539	0.00416	0.23508

[dist]
# distance from previous block
# <min> <max>
1	5

[block]
# block no. 3 follows, 49 sequences, length 46
# corresponding to MSA columns:
# 142-187
name=unknown_D
#
# <colnr> <probs for GDERKNQSTAVLIFYWHMCP>
#	G	D	E	R	K	N	Q	S	T	A	V	L	I	F	Y	W	H	M	C	P
0	0.01368	0.01133	0.01816	0.01340	0.01779	0.01058	0.28233	0.08637	0.11394	0.12110	0.01269	0.01376	0.00936	0.00488	0.00502	0.00140	0.00574	0.00484	0.00374	0.24989
1	0.01051	0.00857	0.01001	0.00808	0.01155	0.00742	0.00654	0.08147	0.05162	0.01775	0.04003	0.03880	0.06847	0.00680	0.00472	0.00123	0.00392	0.12099	0.00379	0.49774
2	0.01204	0.01272	0.01577	0.01348	0.01395	0.11092	0.03336	0.01326	0.00867	0.01231	0.00689	0.01090	0.00665	0.00827	0.01482	0.00209	0.69167	0.00433	0.00227	0.00561
3	0.01099	0.00929	0.01076	0.00773	0.01220	0.00726	0.00620	0.05657	0.01125	0.01736	0.00917	0.01058	0.00755	0.00388	0.00382	0.00079	0.00385	0.00309	0.00311	0.80456
4	0.00844	0.00744	0.01021	0.00971	0.01019	0.02538	0.02333	0.00966	0.00876	0.01235	0.01642	0.30983	0.01825	0.04413	0.19558	0.00359	0.27032	0.00840	0.00328	0.00473
5	0.01014	0.02616	0.79609	0.01441	0.02189	0.01174	0.01868	0.01601	0.01068	0.01601	0.00907	0.01068	0.00641	0.00480	0.00480	0.00160	0.00747	0.00374	0.00214	0.00747
6	0.01230	0.19043	0.26408	0.01494	0.02037	0.01409	0.26716	0.08476	0.03604	0.01688	0.02609	0.01208	0.00820	0.00482	0.00492	0.00152	0.00700	0.00451	0.00271	0.00711
7	0.00991	0.00936	0.01582	0.71552	0.12662	0.01133	0.01422	0.01324	0.01028	0.01336	0.00905	0.01336	0.00689	0.00499	0.00505	0.00166	0.00665	0.00450	0.00228	0.00591
8	0.00722	0.00542	0.00813	0.00813	0.00903	0.00632	0.00632	0.00903	0.00813	0.01174	0.01354	0.01987	0.01264	0.03792	0.80225	0.00813	0.01354	0.00542	0.00271	0.00451
9	0.00976	0.00866	0.01386	0.04560	0.40868	0.00855	0.01053	0.01219	0.01184	0.01660	0.20682	0.16149	0.04792	0.00823	0.00553	0.00163	0.00448	0.00759	0.00371	0.00632
10	0.01133	0.01081	0.01838	0.34233	0.48871	0.01170	0.01493	0.01448	0.01095	0.01508	0.00930	0.01290	0.00750	0.00473	0.00503	0.00158	0.00630	0.00450	0.00240	0.00705
11	0.00803	0.00578	0.00798	0.00908	0.01028	0.00574	0.00791	0.01030	0.01163	0.01505	0.02810	0.05658	0.07038	0.01391	0.00693	0.00229	0.00454	0.71616	0.00466	0.00464
12	0.00735	0.00490	0.00552	0.00552	0.00552	0.00490	0.00306	0.00735	0.00735	0.00980	0.01593	0.03309	0.01838	0.82229	0.02574	0.00490	0.00490	0.00735	0.00306	0.00306
13	0.01335	0.01433	0.02187	0.01676	0.02070	0.14850	0.42438	0.08216	0.07159	0.01713	0.01277	0.01840	0.01074	0.00596	0.00571	0.00170	0.00756	0.09653	0.00323	0.00663
14	0.01852	0.02253	0.01447	0.01291	0.01552	0.69050	0.00982	0.08795	0.01485	0.01413	0.00815	0.00949	0.00671	0.00548	0.00522	0.00137	0.05006	0.00343	0.00281	0.00609
15	0.00639	0.00514	0.00569	0.00555	0.00708	0.00444	0.00416	0.00805	0.01249	0.01596	0.30703	0.04488	0.53145	0.01195	0.00597	0.00167	0.00250	0.01014	0.00500	0.00444
16	0.01352	0.82533	0.02650	0.00865	0.01298	0.02001	0.00865	0.01514	0.01027	0.01190	0.00703	0.00811	0.00649	0.00433	0.00324	0.00108	0.00541	0.00270	0.00216	0.00649
17	0.00628	0.00449	0.00601	0.00718	0.00753	0.00421	0.00491	0.00725	0.00980	0.01305	0.02780	0.77214	0.03318	0.01573	0.00649	0.00207	0.00304	0.06002	0.00469	0.00414
18	0.01286	0.01295	0.01537	0.49361	0.08209	0.17489	0.01273	0.10701	0.01274	0.01536	0.00917	0.01235	0.00701	0.00517	0.00495	0.00157	0.00704	0.00425	0.00268	0.00620
19	0.01889	0.01394	0.01492	0.01147	0.01546	0.01539	0.00947	0.75462	0.02347	0.03141	0.01312	0.01306	0.02820	0.00624	0.00508	0.00152	0.00549	0.00471	0.00505	0.00849
20	0.01889	0.02410	0.01433	0.01303	0.01563	0.80199	0.00977	0.02019	0.01433	0.01238	0.00782	0.00912	0.00651	0.00521	0.00456	0.00130	0.00912	0.00326	0.00261	0.00586
21	0.00735	0.00490	0.00552	0.00552	0.00552	0.00490	0.00306	0.00735	0.00735	0.00980	0.01593	0.03309	0.01838	0.82229	0.02574	0.00490	0.00490	0.00735	0.00306	0.00306
22	0.00722	0.00542	0.00813	0.00813	0.00903	0.00632	0.00632	0.00903	0.00813	0.01174	0.01354	0.01987	0.01264	0.03792	0.80225	0.00813	0.01354	0.00542	0.00271	0.00451
23	0.00735	0.00490	0.00552	0.00552	0.00552	0.00490	0.00306	0.00735	0.00735	0.00980	0.01593	0.03309	0.01838	0.82229	0.02574	0.00490	0.00490	0.00735	0.00306	0.00306
24	0.01866	0.01362	0.01458	0.01124	0.01512	0.01505	0.00926	0.73015	0.02302	0.03112	0.01239	0.01253	0.00885	0.00606	0.00497	0.00150	0.00538	0.00456	0.05357	0.00838
25	0.00722	0.00542	0.00813	0.00813	0.00903	0.00632	0.00632	0.00903	0.00813	0.01174	0.01354	0.01987	0.01264	0.03792	0.80225	0.00813	0.01354	0.00542	0.00271	0.00451
26	0.01922	0.01416	0.01518	0.01163	0.01568	0.01568	0.00961	0.77388	0.02378	0.03187	0.01214	0.01214	0.00860	0.00607	0.00506	0.00152	0.00556	0.00455	0.00506	0.00860
27	0.00722	0.00542	0.00813	0.00813	0.00903	0.00632	0.00632	0.00903	0.00813	0.01174	0.01354	0.01987	0.01264	0.03792	0.80225	0.00813	0.01354	0.00542	0.00271	0.00451
28	0.01352	0.82533	0.02650	0.00865	0.01298	0.02001	0.00865	0.01514	0.01027	0.01190	0.00703	0.00811	0.00649	0.00433	0.00324	0.00108	0.00541	0.00270	0.00216	0.00649
29	0.00616	0.00442	0.00585	0.00699	0.00732	0.00411	0.00467	0.00705	0.00973	0.01293	0.02849	0.79847	0.05356	0.01576	0.00644	0.00204	0.00292	0.01428	0.00469	0.00411
30	0.01258	0.01086	0.01143	0.01029	0.01315	0.01258	0.00800	0.02687	0.78161	0.02115	0.02058	0.01887	0.01544	0.00686	0.00515	0.00172	0.00400	0.00572	0.00515	0.00800
31	0.00978	0.00931	0.01522	0.68671	0.03149	0.01189	0.01358	0.01280	0.00974	0.01280	0.00862	0.01311	0.00672	0.00564	0.00684	0.00177	0.13162	0.00448	0.00224	0.00560
32	0.01467	0.01190	0.01261	0.01071	0.01395	0.01356	0.00851	0.26235	0.54272	0.02453	0.01792	0.01675	0.01328	0.00661	0.00512	0.00165	0.00449	0.00535	0.00512	0.00819
33	0.00616	0.00440	0.00587	0.00704	0.00733	0.00411	0.00469	0.00704	0.00968	0.01291	0.02787	0.81899	0.03344	0.01584	0.00645	0.00205	0.00293	0.01438	0.00469	0.00411
34	0.01194	0.01364	0.02984	0.02131	0.02643	0.01279	0.77238	0.01620	0.01194	0.01620	0.01023	0.01364	0.00767	0.00426	0.00597	0.00171	0.00853	0.00597	0.00256	0.00682
35	0.00742	0.00571	0.00850	0.00839	0.00925	0.00679	0.00656	0.00919	0.00811	0.01176	0.01319	0.01941	0.01233	0.03643	0.76193	0.00782	0.05458	0.00537	0.00268	0.00457
36	0.01889	0.02410	0.01433	0.01303	0.01563	0.80199	0.00977	0.02019	0.01433	0.01238	0.00782	0.00912	0.00651	0.00521	0.00456	0.00130	0.00912	0.00326	0.00261	0.00586
37	0.00891	0.01429	0.33756	0.01041	0.01406	0.00824	0.01093	0.06732	0.01132	0.01600	0.05047	0.35876	0.02014	0.01049	0.02026	0.00190	0.00519	0.00863	0.01924	0.00589
38	0.01979	0.01325	0.01461	0.01120	0.01523	0.01433	0.00925	0.65091	0.02225	0.15700	0.01342	0.01297	0.00924	0.00610	0.00506	0.00153	0.00536	0.00464	0.00526	0.00860
39	0.06742	0.01003	0.08080	0.00917	0.01312	0.00793	0.00814	0.02157	0.03157	0.56104	0.06037	0.01819	0.01386	0.00640	0.00499	0.00156	0.00443	0.02774	0.00545	0.04621
40	0.01049	0.00899	0.01049	0.00749	0.01198	0.00674	0.00599	0.01273	0.01049	0.01648	0.00899	0.01049	0.00749	0.00374	0.00374	0.00075	0.00374	0.00300	0.00300	0.85320
41	0.01066	0.01013	0.01718	0.51724	0.31901	0.01153	0.01460	0.01390	0.01064	0.01427	0.00918	0.01312	0.00722	0.00485	0.00504	0.00162	0.00647	0.00450	0.00234	0.00652
42	0.00731	0.00508	0.00640	0.00640	0.00670	0.00538	0.00416	0.00792	0.00761	0.01046	0.01513	0.02863	0.01645	0.55792	0.28746	0.00599	0.00782	0.00670	0.00294	0.00355
43	0.00710	0.00517	0.00668	0.00630	0.00752	0.00475	0.00472	0.00943	0.01417	0.01994	0.75026	0.03833	0.08574	0.01046	0.00596	0.00160	0.00239	0.00922	0.00552	0.00475
44	0.85801	0.00978	0.00743	0.00665	0.00978	0.01134	0.00548	0.01486	0.00861	0.02269	0.00704	0.00821	0.00548	0.00469	0.00313	0.00156	0.00391	0.00274	0.00313	0.00548
45	0.01514	0.01208	0.10713	0.05090	0.01516	0.02892	0.00909	0.10621	0.11839	0.23178	0.03621	0.01459	0.01104	0.00555	0.00473	0.00138	0.00484	0.00447	0.00434	0.21806

[dist]
# distance from previous block
# <min> <max>
0	1

[block]
# block no. 4 follows, 49 sequences, length 10
# corresponding to MSA columns:
# 189-198
name=unknown_E
#
# <colnr> <probs for GDERKNQSTAVLIFYWHMCP>
#	G	D	E	R	K	N	Q	S	T	A	V	L	I	F	Y	W	H	M	C	P
0	0.00892	0.00606	0.00738	0.00674	0.00827	0.00585	0.00514	0.08502	0.01448	0.04189	0.53486	0.07046	0.07122	0.00968	0.00560	0.00156	0.00278	0.00840	0.10048	0.00519
1	0.01486	0.62527	0.02346	0.00974	0.01364	0.21526	0.00893	0.01640	0.01129	0.01202	0.00723	0.00836	0.00650	0.00455	0.00357	0.00114	0.00633	0.00284	0.00227	0.00633
2	0.00613	0.00487	0.00539	0.00578	0.00691	0.00426	0.00407	0.00719	0.01065	0.01317	0.04128	0.30087	0.49086	0.06590	0.00741	0.00203	0.00283	0.01168	0.00459	0.00414
3	0.01215	0.17346	0.39843	0.01174	0.01703	0.06840	0.01315	0.04634	0.05017	0.05361	0.09744	0.01390	0.01190	0.00559	0.00466	0.00148	0.00623	0.00431	0.00302	0.00699
4	0.01097	0.01148	0.04552	0.24451	0.13584	0.08935	0.07117	0.03422	0.05787	0.01558	0.09422	0.01958	0.10284	0.00664	0.00572	0.00163	0.03777	0.00573	0.00321	0.00614
5	0.01243	0.56733	0.27495	0.01051	0.01585	0.01734	0.01189	0.01542	0.01040	0.01323	0.00769	0.00894	0.00646	0.00448	0.00375	0.00125	0.00607	0.00304	0.00215	0.00681
6	0.01062	0.13982	0.68663	0.01359	0.02062	0.01292	0.01726	0.01589	0.01062	0.01543	0.00878	0.01031	0.00642	0.00474	0.00458	0.00153	0.00718	0.00359	0.00214	0.00733
7	0.01049	0.00899	0.01049	0.00749	0.01198	0.00674	0.00599	0.01273	0.01049	0.01648	0.00899	0.01049	0.00749	0.00374	0.00374	0.00075	0.00374	0.00300	0.00300	0.85320
8	0.00614	0.00448	0.00578	0.00682	0.00728	0.00413	0.00459	0.00707	0.00990	0.01300	0.03059	0.72922	0.12145	0.01549	0.00640	0.00201	0.00289	0.01394	0.00469	0.00413
9	0.01122	0.07380	0.01157	0.00799	0.01164	0.04757	0.00646	0.08059	0.01265	0.01809	0.17317	0.01613	0.01593	0.00546	0.00433	0.00105	0.00402	0.00442	0.00364	0.49027

[dist]
# distance from previous block
# <min> <max>
4	13

[block]
# block no. 5 follows, 49 sequences, length 26
# corresponding to MSA columns:
# 212-237
name=unknown_F
#
# <colnr> <probs for GDERKNQSTAVLIFYWHMCP>
#	G	D	E	R	K	N	Q	S	T	A	V	L	I	F	Y	W	H	M	C	P
0	0.05119	0.08731	0.63290	0.01330	0.01998	0.01256	0.01644	0.04526	0.04561	0.01684	0.00945	0.01078	0.00686	0.00490	0.00463	0.00156	0.00691	0.00373	0.00243	0.00737
1	0.04883	0.01237	0.09404	0.50977	0.15180	0.07082	0.01404	0.01428	0.01064	0.01420	0.00890	0.01248	0.00684	0.00494	0.00490	0.00161	0.00675	0.00425	0.00234	0.00620
2	0.00897	0.00678	0.00885	0.11776	0.01263	0.00704	0.00693	0.01321	0.13143	0.05022	0.39426	0.03352	0.09257	0.00948	0.00578	0.00171	0.00356	0.08491	0.00491	0.00549
3	0.01278	0.30459	0.11416	0.01026	0.01408	0.07990	0.00959	0.01957	0.29155	0.01624	0.04243	0.01521	0.01206	0.00594	0.00447	0.00146	0.00532	0.02991	0.00349	0.00698
4	0.00724	0.00534	0.00774	0.00774	0.00851	0.00611	0.00584	0.00878	0.00801	0.01145	0.01390	0.02183	0.01349	0.15446	0.68688	0.00765	0.01226	0.00571	0.00276	0.00430
5	0.06900	0.00867	0.01150	0.00887	0.01274	0.00765	0.00732	0.02410	0.01415	0.75147	0.01923	0.01671	0.01213	0.00617	0.00498	0.00156	0.00428	0.00496	0.00609	0.00843
6	0.00728	0.00497	0.00577	0.00577	0.00594	0.00502	0.00344	0.00752	0.00761	0.01017	0.01714	0.03235	0.04950	0.70691	0.10614	0.00511	0.00571	0.00729	0.00309	0.00327
7	0.00955	0.00899	0.01517	0.81013	0.03483	0.01123	0.01404	0.01292	0.01011	0.01292	0.00899	0.01348	0.00674	0.00506	0.00506	0.00169	0.00674	0.00449	0.00225	0.00562
8	0.30372	0.01256	0.01241	0.00989	0.01359	0.01410	0.00815	0.48970	0.04554	0.02837	0.01071	0.01105	0.00778	0.00563	0.00441	0.00154	0.00495	0.00398	0.00441	0.00752
9	0.01013	0.19960	0.01195	0.00741	0.00963	0.07479	0.00609	0.01298	0.06776	0.01683	0.31816	0.02619	0.11031	0.00803	0.00488	0.00142	0.00378	0.00658	0.09804	0.00544
10	0.01866	0.01359	0.01471	0.01123	0.01531	0.01473	0.00926	0.69148	0.02246	0.05498	0.01215	0.01217	0.00864	0.00590	0.00496	0.00146	0.00538	0.00445	0.00494	0.07354
11	0.00955	0.00899	0.01517	0.81013	0.03483	0.01123	0.01404	0.01292	0.01011	0.01292	0.00899	0.01348	0.00674	0.00506	0.00506	0.00169	0.00674	0.00449	0.00225	0.00562
12	0.01248	0.05426	0.17047	0.02393	0.49632	0.01260	0.01485	0.05858	0.07567	0.01743	0.01037	0.01245	0.00827	0.00484	0.00490	0.00152	0.00607	0.00437	0.00278	0.00786
13	0.00996	0.00940	0.01590	0.70305	0.13873	0.01134	0.01425	0.01328	0.01030	0.01341	0.00906	0.01335	0.00692	0.00498	0.00505	0.00166	0.00664	0.00450	0.00228	0.00595
14	0.00735	0.00490	0.00552	0.00552	0.00552	0.00490	0.00306	0.00735	0.00735	0.00980	0.01593	0.03309	0.01838	0.82229	0.02574	0.00490	0.00490	0.00735	0.00306	0.00306
15	0.00716	0.00517	0.00676	0.00636	0.00755	0.00477	0.00477	0.00954	0.01431	0.02028	0.78808	0.03777	0.04771	0.01034	0.00596	0.00159	0.00239	0.00914	0.00557	0.00477
16	0.00878	0.00439	0.00659	0.00659	0.00659	0.00439	0.00439	0.00659	0.00659	0.00878	0.00878	0.01537	0.00878	0.01757	0.01976	0.85288	0.00439	0.00439	0.00220	0.00220
17	0.01889	0.02410	0.01433	0.01303	0.01563	0.80199	0.00977	0.02019	0.01433	0.01238	0.00782	0.00912	0.00651	0.00521	0.00456	0.00130	0.00912	0.00326	0.00261	0.00586
18	0.02002	0.01218	0.11985	0.01015	0.01445	0.04444	0.00925	0.06900	0.05704	0.56294	0.01747	0.01573	0.01133	0.00603	0.00502	0.00156	0.00501	0.00482	0.00539	0.00829
19	0.00731	0.00508	0.00643	0.00643	0.00675	0.00540	0.00421	0.00794	0.00762	0.01048	0.01510	0.02845	0.01637	0.54732	0.29795	0.00603	0.00793	0.00668	0.00294	0.00357
20	0.00674	0.00523	0.00737	0.00798	0.00839	0.00531	0.02779	0.00774	0.00959	0.01294	0.02559	0.72827	0.03046	0.01492	0.00728	0.00206	0.07032	0.01330	0.00443	0.00431
21	0.00616	0.00440	0.00587	0.00704	0.00733	0.00411	0.00469	0.00704	0.00968	0.01291	0.02787	0.81899	0.03344	0.01584	0.00645	0.00205	0.00293	0.01438	0.00469	0.00411
22	0.01167	0.01372	0.10865	0.11490	0.34737	0.01227	0.25574	0.01537	0.01125	0.01579	0.00952	0.01273	0.00753	0.00469	0.00572	0.00162	0.03693	0.00488	0.00244	0.00721
23	0.01097	0.00928	0.01075	0.00772	0.01219	0.00724	0.00619	0.05506	0.01122	0.01733	0.00916	0.01058	0.00755	0.00387	0.00382	0.00079	0.00385	0.00308	0.00311	0.80624
24	0.00807	0.00576	0.00805	0.00922	0.01035	0.00575	0.00801	0.01033	0.01156	0.01504	0.02682	0.08849	0.02928	0.01405	0.00696	0.00232	0.00459	0.72606	0.00466	0.00463
25	0.03068	0.10011	0.24193	0.11513	0.09412	0.01244	0.20562	0.04632	0.01143	0.01621	0.01002	0.02594	0.00784	0.00492	0.00491	0.00155	0.00676	0.00461	0.05265	0.00681

[dist]
# distance from previous block
# <min> <max>
0	2

[block]
# block no. 6 follows, 49 sequences, length 177
# corresponding to MSA columns:
# 240-416
name=unknown_G
#
# <colnr> <probs for GDERKNQSTAVLIFYWHMCP>
#	G	D	E	R	K	N	Q	S	T	A	V	L	I	F	Y	W	H	M	C	P
0	0.39437	0.16884	0.01366	0.01098	0.11647	0.03406	0.00791	0.01538	0.04240	0.03514	0.04678	0.01134	0.00896	0.00526	0.00441	0.00148	0.04563	0.00362	0.02717	0.00615
1	0.00631	0.00512	0.00560	0.00552	0.00705	0.00440	0.00412	0.00789	0.01225	0.01548	0.25565	0.06649	0.56204	0.01220	0.00599	0.00168	0.00252	0.01035	0.00494	0.00440
2	0.00723	0.00520	0.00702	0.00773	0.00865	0.00499	0.00609	0.00912	0.01179	0.01586	0.23823	0.27928	0.05134	0.01350	0.00652	0.00203	0.00347	0.31250	0.00492	0.00452
3	0.00912	0.00850	0.01091	0.01027	0.01061	0.04314	0.00797	0.01016	0.00897	0.01261	0.01651	0.38290	0.01899	0.01181	0.01115	0.00207	0.38946	0.00893	0.00339	0.02252
4	0.01207	0.01156	0.01972	0.14851	0.67677	0.01190	0.01530	0.01513	0.01130	0.01598	0.00943	0.01266	0.00782	0.00459	0.00501	0.00153	0.00612	0.00450	0.00246	0.00765
5	0.01352	0.82533	0.02650	0.00865	0.01298	0.02001	0.00865	0.01514	0.01027	0.01190	0.00703	0.00811	0.00649	0.00433	0.00324	0.00108	0.00541	0.00270	0.00216	0.00649
6	0.00878	0.00439	0.00659	0.00659	0.00659	0.00439	0.00439	0.00659	0.00659	0.00878	0.00878	0.01537	0.00878	0.01757	0.01976	0.85288	0.00439	0.00439	0.00220	0.00220
7	0.00725	0.00539	0.00763	0.00946	0.06367	0.00521	0.00656	0.00874	0.01044	0.01387	0.02622	0.51836	0.03026	0.01444	0.00652	0.00210	0.00370	0.25107	0.00453	0.00456
8	0.00616	0.00440	0.00587	0.00704	0.00733	0.00411	0.00469	0.00704	0.00968	0.01291	0.02787	0.81899	0.03344	0.01584	0.00645	0.00205	0.00293	0.01438	0.00469	0.00411
9	0.01032	0.06929	0.75455	0.01410	0.02141	0.01219	0.01814	0.01597	0.01065	0.01579	0.00896	0.01054	0.00641	0.00478	0.00472	0.00157	0.00736	0.00368	0.00214	0.00742
10	0.00673	0.00508	0.00621	0.00609	0.00733	0.00456	0.00450	0.00865	0.01306	0.01767	0.50441	0.12082	0.25321	0.01159	0.00602	0.00167	0.00249	0.01011	0.00523	0.00456
11	0.00961	0.00821	0.00863	0.00799	0.01028	0.00877	0.00614	0.01796	0.42566	0.01815	0.08650	0.03188	0.32102	0.00944	0.00553	0.00170	0.00332	0.00790	0.00500	0.00631
12	0.01106	0.01106	0.01549	0.01328	0.01328	0.01549	0.01106	0.01217	0.00774	0.01217	0.00664	0.01106	0.00664	0.00885	0.01659	0.00221	0.81303	0.00443	0.00221	0.00553
13	0.85801	0.00978	0.00743	0.00665	0.00978	0.01134	0.00548	0.01486	0.00861	0.02269	0.00704	0.00821	0.00548	0.00469	0.00313	0.00156	0.00391	0.00274	0.00313	0.00548
14	0.00730	0.00511	0.00657	0.00657	0.00693	0.00547	0.00438	0.00803	0.00767	0.01058	0.01497	0.02776	0.01607	0.50625	0.33861	0.00620	0.00838	0.00657	0.00292	0.00365
15	0.00659	0.00515	0.00597	0.00576	0.00720	0.00453	0.00432	0.00844	0.01296	0.01707	0.43129	0.04305	0.40650	0.01153	0.00597	0.00165	0.00247	0.00988	0.00514	0.00453
16	0.01905	0.01547	0.01517	0.01220	0.03081	0.12208	0.00975	0.65702	0.02226	0.02893	0.01150	0.01174	0.00831	0.00592	0.00499	0.00149	0.00605	0.00438	0.00468	0.00822
17	0.01194	0.01364	0.02984	0.02131	0.02643	0.01279	0.77238	0.01620	0.01194	0.01620	0.01023	0.01364	0.00767	0.00426	0.00597	0.00171	0.00853	0.00597	0.00256	0.00682
18	0.01922	0.01416	0.01518	0.01163	0.01568	0.01568	0.00961	0.77388	0.02378	0.03187	0.01214	0.01214	0.00860	0.00607	0.00506	0.00152	0.00556	0.00455	0.00506	0.00860
19	0.01394	0.00959	0.00951	0.00798	0.01042	0.04973	0.00635	0.32592	0.01622	0.02388	0.01426	0.01559	0.01084	0.00593	0.00421	0.00132	0.00402	0.00457	0.45933	0.00637
20	0.00611	0.00512	0.00524	0.00521	0.00681	0.00433	0.00386	0.00739	0.01149	0.01386	0.09224	0.04731	0.70990	0.05039	0.00690	0.00185	0.00266	0.01043	0.00467	0.00424
21	0.01920	0.01489	0.01511	0.01174	0.01568	0.07290	0.00962	0.71904	0.02309	0.03045	0.01183	0.01192	0.00845	0.00601	0.00502	0.00150	0.00582	0.00446	0.00488	0.00840
22	0.00621	0.00513	0.00545	0.00537	0.00698	0.00437	0.00403	0.00772	0.01209	0.01499	0.19935	0.04648	0.63974	0.01231	0.00597	0.00168	0.00253	0.01037	0.00487	0.00437
23	0.00734	0.00494	0.00573	0.00573	0.00580	0.00502	0.00333	0.00749	0.00742	0.00996	0.01574	0.03203	0.01792	0.75908	0.08831	0.00516	0.00560	0.00720	0.00304	0.00318
24	0.85801	0.00978	0.00743	0.00665	0.00978	0.01134	0.00548	0.01486	0.00861	0.02269	0.00704	0.00821	0.00548	0.00469	0.00313	0.00156	0.00391	0.00274	0.00313	0.00548
25	0.00909	0.00837	0.01391	0.70139	0.03110	0.01027	0.01278	0.01212	0.01005	0.01292	0.01154	0.12255	0.01036	0.00652	0.00524	0.00174	0.00623	0.00583	0.00258	0.00541
26	0.01229	0.01195	0.01788	0.11778	0.01911	0.03960	0.17202	0.11037	0.01149	0.01609	0.00869	0.01193	0.00721	0.00637	0.00961	0.00176	0.32205	0.00459	0.00275	0.09647
27	0.00692	0.00516	0.00643	0.00612	0.00741	0.00467	0.00459	0.00909	0.01376	0.01896	0.64163	0.03994	0.19498	0.01083	0.00597	0.00161	0.00242	0.00945	0.00539	0.00467
