[name]
unknown

[dist]
# distance from previous block
# <min> <max>
0	58

[block]
# block no. 0 follows, 51 sequences, length 9
# corresponding to MSA columns:
# 58-66
name=unknown_A
#
# <colnr> <probs for GDERKNQSTAVLIFYWHMCP>
#	G	D	E	R	K	N	Q	S	T	A	V	L	I	F	Y	W	H	M	C	P
0	0.00792	0.00566	0.00792	0.00905	0.01018	0.00566	0.00792	0.01018	0.01131	0.01471	0.02602	0.05543	0.02828	0.01358	0.00679	0.00226	0.00453	0.76356	0.00453	0.00453
1	0.01968	0.00844	0.01116	0.00845	0.01237	0.00709	0.00694	0.02164	0.01329	0.64341	0.01726	0.01542	0.01119	0.00559	0.00468	0.00136	0.00407	0.00454	0.00545	0.17797
2	0.10369	0.01334	0.01281	0.04612	0.01475	0.10961	0.00868	0.35583	0.24208	0.02391	0.01303	0.01300	0.00965	0.00584	0.00469	0.00152	0.00527	0.00442	0.00434	0.00742
3	0.00854	0.00427	0.00640	0.00640	0.00640	0.00427	0.00427	0.00640	0.00640	0.00854	0.00854	0.01494	0.00854	0.01707	0.01921	0.85702	0.00427	0.00427	0.00213	0.00213
4	0.01339	0.00820	0.00963	0.00843	0.01097	0.00836	0.00658	0.05368	0.28184	0.24202	0.09787	0.12098	0.09980	0.00846	0.00530	0.00164	0.00362	0.00718	0.00525	0.00683
5	0.01561	0.01887	0.01870	0.01768	0.15257	0.47302	0.20133	0.01788	0.01288	0.01364	0.00846	0.01052	0.00686	0.00472	0.00485	0.00140	0.00820	0.00403	0.00250	0.00629
6	0.15686	0.01779	0.01299	0.19292	0.01846	0.49497	0.00974	0.01716	0.01207	0.01382	0.00773	0.00967	0.00621	0.00495	0.00431	0.00139	0.00750	0.00335	0.00254	0.00558
7	0.09445	0.09837	0.18307	0.01144	0.01621	0.01089	0.14231	0.05956	0.01158	0.11108	0.02960	0.01184	0.00842	0.00467	0.00441	0.00133	0.00553	0.00399	0.00315	0.18810
8	0.09404	0.01057	0.01088	0.00820	0.01225	0.06036	0.00658	0.13675	0.01234	0.01874	0.00897	0.01015	0.00720	0.00418	0.00384	0.00096	0.00428	0.00315	0.00322	0.58334

[dist]
# distance from previous block
# <min> <max>
3	19

[block]
# block no. 1 follows, 51 sequences, length 41
# corresponding to MSA columns:
# 86-126
name=unknown_B
#
# <colnr> <probs for GDERKNQSTAVLIFYWHMCP>
#	G	D	E	R	K	N	Q	S	T	A	V	L	I	F	Y	W	H	M	C	P
0	0.01532	0.01260	0.01426	0.01392	0.14000	0.03962	0.00971	0.36291	0.29396	0.02423	0.01418	0.01409	0.01057	0.00590	0.00492	0.00153	0.00505	0.00478	0.00447	0.00797
1	0.01327	0.01223	0.01915	0.01957	0.27550	0.03307	0.20814	0.15365	0.12441	0.03131	0.03403	0.01487	0.01039	0.00532	0.00519	0.00156	0.00604	0.02147	0.00344	0.00738
2	0.00928	0.00873	0.01474	0.81548	0.03385	0.01092	0.01365	0.01256	0.00983	0.01256	0.00873	0.01310	0.00655	0.00491	0.00491	0.00164	0.00655	0.00437	0.00218	0.00546
3	0.01038	0.00985	0.01672	0.51707	0.32370	0.01121	0.01419	0.01352	0.01034	0.01389	0.00893	0.01275	0.00702	0.00471	0.00489	0.00157	0.00628	0.00437	0.00228	0.00634
4	0.01075	0.01023	0.01740	0.41496	0.42288	0.01130	0.01438	0.01384	0.01052	0.01434	0.00899	0.01262	0.00718	0.00464	0.00489	0.00155	0.00619	0.00437	0.00231	0.00664
5	0.00854	0.00427	0.00640	0.00640	0.00640	0.00427	0.00427	0.00640	0.00640	0.00854	0.00854	0.01494	0.00854	0.01707	0.01921	0.85702	0.00427	0.00427	0.00213	0.00213
6	0.01664	0.02307	0.14096	0.01388	0.06086	0.63404	0.01121	0.01871	0.01320	0.01283	0.00789	0.00929	0.00640	0.00496	0.00449	0.00132	0.00843	0.00331	0.00245	0.00607
7	0.00596	0.00439	0.00559	0.00655	0.00705	0.00402	0.00443	0.00688	0.00969	0.01266	0.03066	0.70165	0.15263	0.01493	0.00620	0.00194	0.00279	0.01340	0.00456	0.00402
8	0.00996	0.05179	0.77641	0.01382	0.02099	0.01168	0.01784	0.01554	0.01036	0.01543	0.00875	0.01029	0.00623	0.00465	0.00462	0.00154	0.00720	0.00360	0.00208	0.00723
9	0.01314	0.83025	0.02575	0.00841	0.01261	0.01945	0.00841	0.01472	0.00999	0.01156	0.00683	0.00788	0.00631	0.00420	0.00315	0.00105	0.00526	0.00263	0.00210	0.00631
10	0.01047	0.00994	0.01688	0.49266	0.34741	0.01123	0.01424	0.01359	0.01039	0.01399	0.00894	0.01272	0.00706	0.00469	0.00489	0.00156	0.00626	0.00437	0.00229	0.00641
11	0.01511	0.01074	0.03558	0.01801	0.33515	0.01046	0.01088	0.02065	0.21374	0.25472	0.01510	0.01510	0.01094	0.00550	0.00492	0.00153	0.00487	0.00484	0.00420	0.00794
12	0.01643	0.01213	0.01317	0.01055	0.01385	0.01333	0.00852	0.63119	0.04595	0.02767	0.01453	0.14262	0.01246	0.00745	0.00514	0.00156	0.00495	0.00600	0.00486	0.00764
13	0.00599	0.00428	0.00570	0.00684	0.00713	0.00399	0.00456	0.00684	0.00941	0.01254	0.02709	0.82409	0.03250	0.01540	0.00627	0.00200	0.00285	0.01397	0.00456	0.00399
14	0.01428	0.01654	0.01519	0.26001	0.14643	0.40418	0.01171	0.01642	0.01197	0.01283	0.00816	0.01076	0.00664	0.00505	0.00513	0.00145	0.04115	0.00377	0.00239	0.00595
15	0.01632	0.01956	0.01591	0.01842	0.27244	0.54556	0.01133	0.01813	0.01303	0.01335	0.00814	0.00995	0.00681	0.00484	0.00457	0.00133	0.00787	0.00356	0.00250	0.00638
16	0.00611	0.00436	0.00578	0.00675	0.00711	0.00407	0.00453	0.00708	0.00979	0.01316	0.10018	0.73058	0.03349	0.03353	0.00666	0.00202	0.00284	0.01333	0.00461	0.00403
17	0.01138	0.01081	0.01848	0.10511	0.62952	0.01109	0.03063	0.01424	0.01075	0.01526	0.00958	0.01296	0.00809	0.00753	0.08169	0.00210	0.00666	0.00449	0.00243	0.00721
18	0.00874	0.00918	0.07993	0.08679	0.01323	0.03980	0.00889	0.01075	0.00860	0.01206	0.01161	0.01850	0.01098	0.06944	0.37955	0.00483	0.17392	0.04573	0.00256	0.00492
19	0.01165	0.01228	0.01670	0.01464	0.05672	0.09040	0.09297	0.01317	0.00877	0.01249	0.00708	0.01091	0.00662	0.00756	0.01330	0.00198	0.61050	0.00436	0.00224	0.00567
20	0.00740	0.00565	0.00612	0.00598	0.00722	0.00534	0.00421	0.08100	0.01104	0.01391	0.03392	0.16501	0.40248	0.21623	0.01060	0.00247	0.00340	0.00957	0.00420	0.00423
21	0.02205	0.00836	0.01140	0.00874	0.01254	0.00722	0.00722	0.02395	0.01407	0.80004	0.01939	0.01673	0.01216	0.00608	0.00494	0.00152	0.00418	0.00494	0.00608	0.00836
22	0.01255	0.07889	0.53931	0.01297	0.01906	0.06159	0.03347	0.07978	0.01200	0.09100	0.00988	0.01090	0.00701	0.00488	0.00462	0.00150	0.00680	0.00377	0.00273	0.00728
23	0.01129	0.35486	0.40755	0.01160	0.01691	0.01506	0.01344	0.01486	0.00994	0.01356	0.00778	0.00939	0.00628	0.00485	0.00514	0.00141	0.08402	0.00328	0.00209	0.00669
24	0.78081	0.08801	0.00900	0.00665	0.00980	0.01183	0.00562	0.01447	0.00852	0.02105	0.00684	0.00797	0.00542	0.00453	0.00305	0.00148	0.00394	0.00266	0.00295	0.00542
25	0.01104	0.08599	0.00816	0.00616	0.00791	0.08569	0.00488	0.06053	0.01143	0.01784	0.01406	0.01599	0.01111	0.00553	0.00360	0.00117	0.00342	0.00424	0.63618	0.00509
26	0.01611	0.01224	0.01337	0.01009	0.01415	0.01261	0.00827	0.54762	0.01919	0.02644	0.01087	0.01131	0.00803	0.00521	0.00453	0.00125	0.00487	0.00397	0.00431	0.26556
27	0.01181	0.15966	0.33856	0.01512	0.02065	0.08928	0.26605	0.01586	0.01105	0.01460	0.00873	0.01075	0.00665	0.00445	0.00476	0.00147	0.00741	0.00413	0.00226	0.00674
28	0.00877	0.00626	0.00766	0.00723	0.00874	0.00627	0.00571	0.08440	0.06067	0.01986	0.46660	0.03456	0.03447	0.00962	0.00560	0.00163	0.00308	0.13496	0.08875	0.00516
29	0.01160	0.01326	0.02900	0.02071	0.02568	0.01243	0.77879	0.01574	0.01160	0.01574	0.00994	0.01326	0.00746	0.00414	0.00580	0.00166	0.00829	0.00580	0.00249	0.00663
30	0.00707	0.00506	0.00686	0.00686	0.00738	0.00558	0.00485	0.00811	0.00759	0.01064	0.01411	0.02456	0.01457	0.36017	0.48763	0.00662	0.00973	0.00603	0.00277	0.00381
31	0.01282	0.46879	0.17271	0.00982	0.01432	0.01580	0.01011	0.01761	0.16155	0.05809	0.01048	0.01089	0.00831	0.00488	0.00391	0.00130	0.00532	0.00352	0.00288	0.00689
32	0.00755	0.00475	0.00619	0.00685	0.00761	0.00432	0.00474	0.00855	0.01004	0.09011	0.02850	0.67034	0.10340	0.01420	0.00610	0.00192	0.00295	0.01274	0.00471	0.00444
33	0.14834	0.00853	0.01078	0.00840	0.01209	0.00779	0.00694	0.02252	0.01321	0.68307	0.01750	0.01541	0.01114	0.00585	0.00466	0.00152	0.00412	0.00460	0.00563	0.00791
34	0.01204	0.01155	0.01972	0.06375	0.76402	0.01164	0.01502	0.01497	0.01113	0.01591	0.00922	0.01220	0.00773	0.00440	0.00487	0.00147	0.00587	0.00438	0.00242	0.00768
35	0.01084	0.01483	0.18419	0.01884	0.09091	0.01142	0.47987	0.01496	0.01128	0.01557	0.01229	0.01636	0.04340	0.00515	0.00554	0.00165	0.00740	0.04626	0.00260	0.00664
36	0.00597	0.00436	0.00562	0.00662	0.00707	0.00401	0.00446	0.00687	0.00962	0.01263	0.02980	0.73109	0.12374	0.01504	0.00622	0.00196	0.00281	0.01354	0.00456	0.00401
37	0.00599	0.00428	0.00570	0.00684	0.00713	0.00399	0.00456	0.00684	0.00941	0.01254	0.02709	0.82409	0.03250	0.01540	0.00627	0.00200	0.00285	0.01397	0.00456	0.00399
38	0.01175	0.28731	0.45193	0.01229	0.01805	0.08526	0.04012	0.01566	0.01061	0.01395	0.00810	0.00953	0.00630	0.00453	0.00419	0.00137	0.00679	0.00334	0.00214	0.00679
39	0.01437	0.16916	0.21419	0.01479	0.13209	0.33245	0.01229	0.03060	0.01208	0.01376	0.00808	0.00960	0.00655	0.00472	0.00433	0.00133	0.00729	0.00339	0.00237	0.00656
40	0.01725	0.11101	0.01394	0.01032	0.01345	0.24901	0.00830	0.03463	0.19319	0.25656	0.01405	0.01346	0.01017	0.00575	0.00488	0.00144	0.02702	0.00425	0.00418	0.00711

[dist]
# distance from previous block
# <min> <max>
4	45

[block]
# block no. 2 follows, 51 sequences, length 67
# corresponding to MSA columns:
# 616-682
name=unknown_C
#
# <colnr> <probs for GDERKNQSTAVLIFYWHMCP>
#	G	D	E	R	K	N	Q	S	T	A	V	L	I	F	Y	W	H	M	C	P
0	0.01424	0.08669	0.06694	0.12565	0.01934	0.23655	0.15406	0.14184	0.02906	0.01662	0.00963	0.01150	0.00743	0.00498	0.00469	0.00143	0.00697	0.00414	0.05184	0.00640
1	0.03062	0.01375	0.01650	0.01331	0.01577	0.15989	0.14939	0.19945	0.01326	0.01737	0.00921	0.01183	0.00758	0.00897	0.08108	0.00224	0.23602	0.00445	0.00301	0.00629
2	0.01332	0.01068	0.03370	0.01377	0.01755	0.00991	0.33717	0.10764	0.01366	0.16939	0.10539	0.02114	0.06200	0.00652	0.00557	0.00163	0.00585	0.05438	0.00406	0.00667
3	0.01137	0.01219	0.02482	0.02242	0.24258	0.01163	0.50890	0.01494	0.01133	0.01561	0.01093	0.06925	0.00929	0.00499	0.00557	0.00162	0.00722	0.00596	0.00261	0.00677
4	0.46958	0.00897	0.00918	0.00753	0.01092	0.00925	0.00621	0.01889	0.01103	0.38552	0.01270	0.01207	0.00852	0.00527	0.00393	0.00152	0.00398	0.00373	0.00446	0.00674
5	0.00653	0.00501	0.00598	0.00573	0.00708	0.00446	0.00430	0.00845	0.01290	0.01731	0.51716	0.04065	0.32475	0.01094	0.00580	0.00159	0.00238	0.00944	0.00509	0.00446
6	0.06460	0.07086	0.01519	0.01217	0.01368	0.22097	0.03926	0.01522	0.05933	0.01318	0.00791	0.01062	0.00703	0.00733	0.02403	0.00186	0.40460	0.00394	0.00250	0.00571
7	0.00826	0.00445	0.00667	0.00667	0.00683	0.00461	0.00461	0.00683	0.00667	0.00906	0.00938	0.01573	0.00922	0.02067	0.16269	0.70253	0.00589	0.00445	0.00222	0.00254
8	0.00599	0.00428	0.00570	0.00684	0.00713	0.00399	0.00456	0.00684	0.00941	0.01254	0.02709	0.82409	0.03250	0.01540	0.00627	0.00200	0.00285	0.01397	0.00456	0.00399
9	0.00752	0.00597	0.00867	0.01093	0.15099	0.00570	0.00666	0.00931	0.01134	0.01561	0.26869	0.35264	0.06088	0.01147	0.00588	0.00176	0.00331	0.05330	0.00444	0.00492
10	0.01251	0.01035	0.01481	0.29766	0.21706	0.01154	0.01159	0.21414	0.03039	0.01908	0.01074	0.01323	0.00821	0.00517	0.00473	0.00149	0.00553	0.00443	0.10057	0.00675
11	0.02205	0.00836	0.01140	0.00874	0.01254	0.00722	0.00722	0.02395	0.01407	0.80004	0.01939	0.01673	0.01216	0.00608	0.00494	0.00152	0.00418	0.00494	0.00608	0.00836
12	0.02170	0.00892	0.01175	0.00901	0.01282	0.00805	0.00744	0.10233	0.01500	0.72034	0.01860	0.01622	0.01177	0.00606	0.00494	0.00152	0.00431	0.00489	0.00596	0.00836
13	0.01131	0.01378	0.12027	0.01699	0.02097	0.01252	0.44254	0.05846	0.01109	0.01556	0.00948	0.01277	0.00750	0.00741	0.06323	0.00216	0.15989	0.00513	0.00252	0.00642
14	0.01285	0.01616	0.07960	0.01861	0.02325	0.17361	0.56996	0.01652	0.01199	0.01498	0.00939	0.01216	0.00714	0.00437	0.00544	0.00157	0.00833	0.00511	0.00247	0.00648
15	0.86201	0.00950	0.00722	0.00646	0.00950	0.01102	0.00532	0.01445	0.00836	0.02205	0.00684	0.00798	0.00532	0.00456	0.00304	0.00152	0.00380	0.00266	0.00304	0.00532
16	0.01075	0.01075	0.01505	0.01290	0.01290	0.01505	0.01075	0.01183	0.00753	0.01183	0.00645	0.01075	0.00645	0.00860	0.01613	0.00215	0.81830	0.00430	0.00215	0.00538
17	0.00986	0.02542	0.80183	0.01401	0.02127	0.01141	0.01816	0.01556	0.01038	0.01556	0.00882	0.01038	0.00623	0.00467	0.00467	0.00156	0.00726	0.00363	0.00208	0.00726
18	0.07262	0.25176	0.15527	0.01044	0.01462	0.06296	0.06058	0.01627	0.01120	0.15581	0.01203	0.01604	0.00999	0.00579	0.00444	0.00144	0.00560	0.09339	0.00325	0.03652
19	0.02106	0.00995	0.01239	0.00950	0.01334	0.00958	0.00785	0.24620	0.01672	0.57404	0.01716	0.01528	0.01105	0.00603	0.00493	0.00151	0.00454	0.00479	0.00574	0.00836
20	0.01143	0.00633	0.00813	0.00739	0.00938	0.00579	0.01827	0.01381	0.06604	0.25147	0.11683	0.25356	0.19043	0.01054	0.00562	0.00170	0.00328	0.00917	0.00511	0.00572
21	0.03078	0.04594	0.31062	0.04181	0.23006	0.08705	0.02682	0.02985	0.01148	0.04019	0.06386	0.01302	0.00989	0.00508	0.00469	0.00147	0.00624	0.00424	0.03002	0.00690
22	0.00605	0.00432	0.00577	0.00691	0.00722	0.00404	0.00467	0.00695	0.00947	0.01261	0.02705	0.80033	0.03237	0.01534	0.00629	0.00200	0.00290	0.03714	0.00456	0.00401
23	0.00599	0.00428	0.00570	0.00684	0.00713	0.00399	0.00456	0.00684	0.00941	0.01254	0.02709	0.82409	0.03250	0.01540	0.00627	0.00200	0.00285	0.01397	0.00456	0.00399
24	0.16642	0.01079	0.01613	0.33799	0.12872	0.02667	0.12269	0.10356	0.01163	0.01736	0.00897	0.01183	0.00683	0.00478	0.00469	0.00157	0.00612	0.00425	0.00274	0.00626
25	0.01344	0.04391	0.21297	0.01905	0.24762	0.02832	0.18352	0.01704	0.01162	0.15826	0.01102	0.01257	0.00804	0.00472	0.00497	0.00152	0.00647	0.00452	0.00301	0.00741
26	0.00982	0.00522	0.00529	0.00505	0.00639	0.00532	0.00385	0.06483	0.01119	0.01920	0.01574	0.01787	0.01230	0.00574	0.00354	0.00117	0.00251	0.00457	0.79558	0.00484
27	0.00696	0.00515	0.00750	0.00758	0.00834	0.00586	0.00573	0.00849	0.00793	0.01131	0.01435	0.07641	0.01422	0.11062	0.67764	0.00719	0.01165	0.00605	0.00280	0.00423
28	0.01266	0.12133	0.24198	0.18831	0.07524	0.21036	0.03690	0.03219	0.01146	0.01390	0.00837	0.01052	0.00652	0.00475	0.00453	0.00143	0.00715	0.00368	0.00231	0.00640
29	0.01502	0.11490	0.17034	0.01150	0.01560	0.18149	0.02236	0.16609	0.16977	0.06780	0.01182	0.01207	0.00882	0.00542	0.00459	0.00144	0.00615	0.00407	0.00357	0.00719
30	0.75859	0.00941	0.00813	0.10458	0.01246	0.01101	0.00633	0.01422	0.00854	0.02090	0.00707	0.00860	0.00547	0.00460	0.00327	0.00153	0.00413	0.00287	0.00294	0.00534
31	0.01169	0.01006	0.01280	0.45590	0.02380	0.07443	0.01065	0.15214	0.01265	0.01692	0.01054	0.01349	0.00797	0.00525	0.00460	0.00149	0.00574	0.00432	0.15971	0.00584
32	0.86201	0.00950	0.00722	0.00646	0.00950	0.01102	0.00532	0.01445	0.00836	0.02205	0.00684	0.00798	0.00532	0.00456	0.00304	0.00152	0.00380	0.00266	0.00304	0.00532
33	0.00581	0.00498	0.00498	0.00498	0.00664	0.00415	0.00373	0.00705	0.01120	0.01328	0.04978	0.04729	0.79464	0.01245	0.00581	0.00166	0.00249	0.01037	0.00456	0.00415
34	0.01436	0.01482	0.01211	0.01090	0.01362	0.27122	0.00837	0.04084	0.51875	0.01801	0.01578	0.01510	0.01203	0.00613	0.00481	0.00153	0.00554	0.00475	0.00419	0.00711
35	0.01533	0.07114	0.22116	0.01080	0.01541	0.01121	0.02448	0.13641	0.13552	0.24694	0.01469	0.01420	0.02321	0.00564	0.00474	0.00149	0.00524	0.00450	0.00421	0.03367
36	0.04049	0.05409	0.34545	0.06725	0.01790	0.01112	0.01253	0.09645	0.07096	0.21733	0.01250	0.01274	0.00862	0.00530	0.00469	0.00153	0.00579	0.00417	0.00365	0.00746
37	0.01836	0.02342	0.01393	0.01266	0.01519	0.80756	0.00950	0.01962	0.01393	0.01203	0.00760	0.00886	0.00633	0.00506	0.00443	0.00127	0.00886	0.00317	0.00253	0.00570
38	0.01255	0.01966	0.53982	0.01207	0.01802	0.01003	0.01434	0.02981	0.02382	0.19539	0.01431	0.01454	0.06250	0.00558	0.00482	0.00156	0.00614	0.00444	0.00326	0.00732
39	0.05542	0.23614	0.23579	0.01089	0.01543	0.06720	0.01109	0.16453	0.08001	0.03178	0.00992	0.01100	0.00772	0.02120	0.00487	0.00147	0.02184	0.00371	0.00305	0.00696
40	0.01107	0.30023	0.50699	0.01270	0.04741	0.01417	0.01471	0.01525	0.01027	0.01421	0.00816	0.00959	0.00631	0.00450	0.00416	0.00138	0.00652	0.00332	0.00210	0.00696
41	0.00682	0.00502	0.00638	0.00604	0.00726	0.00458	0.00453	0.00900	0.01358	0.01893	0.70379	0.03799	0.13711	0.01034	0.00580	0.00156	0.00234	0.00907	0.00531	0.00458
42	0.00949	0.01006	0.06969	0.71467	0.07683	0.01100	0.01404	0.01291	0.00994	0.01297	0.00877	0.01286	0.00660	0.00487	0.00489	0.00162	0.00656	0.00432	0.00219	0.00572
43	0.01249	0.01178	0.10844	0.20868	0.06625	0.01119	0.01074	0.15473	0.19043	0.06367	0.01371	0.04479	0.01056	0.00595	0.00485	0.00157	0.00521	0.00497	0.06308	0.00692
44	0.00843	0.00505	0.00519	0.00506	0.00621	0.00492	0.00364	0.03867	0.01041	0.01611	0.02304	0.02683	0.18175	0.15665	0.00793	0.00193	0.00290	0.00629	0.48465	0.00434
45	0.00599	0.00428	0.00570	0.00684	0.00713	0.00399	0.00456	0.00684	0.00941	0.01254	0.02709	0.82409	0.03250	0.01540	0.00627	0.00200	0.00285	0.01397	0.00456	0.00399
46	0.02027	0.01171	0.04050	0.01003	0.01391	0.06106	0.00845	0.27338	0.01691	0.46794	0.01575	0.01437	0.01032	0.00591	0.00489	0.00149	0.00499	0.00461	0.00533	0.00815
47	0.00768	0.00549	0.00765	0.00878	0.00981	0.00545	0.00751	0.00978	0.01108	0.01444	0.02615	0.14865	0.02879	0.01380	0.00673	0.00223	0.00432	0.67266	0.00453	0.00446
48	0.01466	0.01177	0.01248	0.01049	0.01371	0.01336	0.00837	0.31042	0.49949	0.02448	0.01691	0.01587	0.01250	0.00638	0.00497	0.00159	0.00446	0.00513	0.00497	0.00800
49	0.01166	0.00907	0.01113	0.00817	0.01220	0.00754	0.02153	0.03726	0.01082	0.09196	0.00974	0.01097	0.00773	0.00427	0.00464	0.00094	0.05579	0.00330	0.00322	0.67806
50	0.61534	0.01043	0.05888	0.00750	0.01095	0.01049	0.00660	0.05043	0.01013	0.15071	0.00943	0.00994	0.00678	0.00490	0.00355	0.00151	0.00413	0.00321	0.01900	0.00607
51	0.00986	0.02542	0.80183	0.01401	0.02127	0.01141	0.01816	0.01556	0.01038	0.01556	0.00882	0.01038	0.00623	0.00467	0.00467	0.00156	0.00726	0.00363	0.00208	0.00726
52	0.00928	0.00873	0.01474	0.81548	0.03385	0.01092	0.01365	0.01256	0.00983	0.01256	0.00873	0.01310	0.00655	0.00491	0.00491	0.00164	0.00655	0.00437	0.00218	0.00546
53	0.01918	0.01031	0.01224	0.00954	0.01320	0.01033	0.00783	0.30761	0.06177	0.41563	0.01851	0.01691	0.06080	0.00645	0.00499	0.00152	0.00452	0.00513	0.00548	0.00806
54	0.02205	0.00836	0.01140	0.00874	0.01254	0.00722	0.00722	0.02395	0.01407	0.80004	0.01939	0.01673	0.01216	0.00608	0.00494	0.00152	0.00418	0.00494	0.00608	0.00836
55	0.00960	0.00920	0.01596	0.71716	0.07960	0.01106	0.06253	0.01291	0.01002	0.01297	0.00884	0.01305	0.00668	0.00483	0.00497	0.00163	0.00662	0.00446	0.00222	0.00567
56	0.01149	0.01137	0.01750	0.29671	0.44079	0.06237	0.01399	0.01432	0.01069	0.01436	0.00880	0.01219	0.00719	0.00485	0.00550	0.00155	0.05299	0.00429	0.00234	0.00672
57	0.02205	0.00836	0.01140	0.00874	0.01254	0.00722	0.00722	0.02395	0.01407	0.80004	0.01939	0.01673	0.01216	0.00608	0.00494	0.00152	0.00418	0.00494	0.00608	0.00836
58	0.02205	0.00836	0.01140	0.00874	0.01254	0.00722	0.00722	0.02395	0.01407	0.80004	0.01939	0.01673	0.01216	0.00608	0.00494	0.00152	0.00418	0.00494	0.00608	0.00836
59	0.00998	0.01011	0.01889	0.49700	0.02926	0.01140	0.25062	0.01332	0.01023	0.01350	0.00956	0.03880	0.00765	0.00522	0.00588	0.00168	0.05365	0.00511	0.00235	0.00577
60	0.00986	0.02542	0.80183	0.01401	0.02127	0.01141	0.01816	0.01556	0.01038	0.01556	0.00882	0.01038	0.00623	0.00467	0.00467	0.00156	0.00726	0.00363	0.00208	0.00726
61	0.00599	0.00428	0.00570	0.00684	0.00713	0.00399	0.00456	0.00684	0.00941	0.01254	0.02709	0.82409	0.03250	0.01540	0.00627	0.00200	0.00285	0.01397	0.00456	0.00399
62	0.00715	0.00476	0.00536	0.00536	0.00536	0.00476	0.00298	0.00715	0.00715	0.00953	0.01548	0.03216	0.01787	0.82729	0.02501	0.00476	0.00476	0.00715	0.00298	0.00298
63	0.02105	0.01171	0.01218	0.00972	0.01329	0.16056	0.00784	0.09003	0.01484	0.58173	0.01647	0.01479	0.01072	0.00587	0.00484	0.00147	0.00518	0.00456	0.00530	0.00785
64	0.01357	0.00884	0.00929	0.00770	0.01013	0.00952	0.00617	0.36769	0.01624	0.02418	0.01407	0.01530	0.01063	0.00581	0.00412	0.00130	0.00373	0.00451	0.46087	0.00633
65	0.00599	0.00428	0.00570	0.00684	0.00713	0.00399	0.00456	0.00684	0.00941	0.01254	0.02709	0.82409	0.03250	0.01540	0.00627	0.00200	0.00285	0.01397	0.00456	0.00399
66	0.01725	0.01223	0.01370	0.01167	0.06820	0.01329	0.00891	0.59513	0.02026	0.06781	0.01252	0.01287	0.00903	0.00578	0.00473	0.00144	0.00500	0.00447	0.10784	0.00786

[dist]
# distance from previous block
# <min> <max>
0	4

[block]
# block no. 3 follows, 51 sequences, length 33
# corresponding to MSA columns:
# 687-719
name=unknown_D
#
# <colnr> <probs for GDERKNQSTAVLIFYWHMCP>
#	G	D	E	R	K	N	Q	S	T	A	V	L	I	F	Y	W	H	M	C	P
0	0.07386	0.02169	0.01355	0.01214	0.01482	0.68860	0.00921	0.08321	0.01433	0.01428	0.00790	0.00905	0.00643	0.00510	0.00438	0.00130	0.00824	0.00324	0.00277	0.00590
1	0.86201	0.00950	0.00722	0.00646	0.00950	0.01102	0.00532	0.01445	0.00836	0.02205	0.00684	0.00798	0.00532	0.00456	0.00304	0.00152	0.00380	0.00266	0.00304	0.00532
2	0.17178	0.02119	0.34908	0.01198	0.01668	0.28704	0.01237	0.03285	0.01157	0.03142	0.00830	0.00956	0.00626	0.00484	0.00429	0.00145	0.00707	0.00333	0.00255	0.00640
3	0.01041	0.02125	0.56534	0.01707	0.15973	0.01181	0.04672	0.01517	0.01033	0.01534	0.00874	0.01084	0.00657	0.00493	0.00571	0.00159	0.07521	0.00391	0.00216	0.00717
4	0.00886	0.00787	0.01101	0.00996	0.01028	0.01029	0.00792	0.01002	0.00760	0.01133	0.01023	0.01705	0.01027	0.14146	0.30392	0.00462	0.40510	0.00508	0.00245	0.00466
5	0.00633	0.00500	0.00570	0.00552	0.00696	0.00437	0.00414	0.00806	0.01243	0.01618	0.38607	0.04251	0.45655	0.01136	0.00580	0.00161	0.00241	0.00970	0.00495	0.00437
6	0.01246	0.01067	0.01124	0.01005	0.01287	0.01233	0.00784	0.05366	0.75983	0.02094	0.01970	0.01810	0.01476	0.00664	0.00500	0.00166	0.00394	0.00551	0.00500	0.00780
7	0.01302	0.00783	0.00977	0.00748	0.01099	0.00634	0.00598	0.01515	0.01214	0.24968	0.18044	0.01782	0.01712	0.00574	0.00449	0.00114	0.00352	0.00480	0.00439	0.42217
8	0.01531	0.01188	0.11821	0.10775	0.31126	0.00986	0.01233	0.01824	0.01203	0.31434	0.01300	0.01377	0.00911	0.00513	0.00487	0.00152	0.00547	0.00449	0.00375	0.00768
9	0.01160	0.01326	0.02900	0.02071	0.02568	0.01243	0.77879	0.01574	0.01160	0.01574	0.00994	0.01326	0.00746	0.00414	0.00580	0.00166	0.00829	0.00580	0.00249	0.00663
10	0.00599	0.00428	0.00570	0.00684	0.00713	0.00399	0.00456	0.00684	0.00941	0.01254	0.02709	0.82409	0.03250	0.01540	0.00627	0.00200	0.00285	0.01397	0.00456	0.00399
11	0.01044	0.02461	0.76410	0.01376	0.02085	0.01121	0.01763	0.01596	0.01055	0.05301	0.00932	0.01068	0.00651	0.00474	0.00468	0.00155	0.00712	0.00369	0.00227	0.00732
12	0.01083	0.01031	0.01753	0.39432	0.44292	0.01132	0.01442	0.01391	0.01056	0.01443	0.00901	0.01260	0.00721	0.00463	0.00489	0.00154	0.00617	0.00437	0.00232	0.00671
13	0.01093	0.01042	0.01772	0.36597	0.47047	0.01135	0.01447	0.01400	0.01061	0.01456	0.00903	0.01256	0.00726	0.00461	0.00489	0.00154	0.00614	0.00437	0.00233	0.00679
14	0.00792	0.00566	0.00792	0.00905	0.01018	0.00566	0.00792	0.01018	0.01131	0.01471	0.02602	0.05543	0.02828	0.01358	0.00679	0.00226	0.00453	0.76356	0.00453	0.00453
15	0.00928	0.00873	0.01474	0.81548	0.03385	0.01092	0.01365	0.01256	0.00983	0.01256	0.00873	0.01310	0.00655	0.00491	0.00491	0.00164	0.00655	0.00437	0.00218	0.00546
16	0.00984	0.01960	0.51509	0.22052	0.02450	0.01121	0.08056	0.01470	0.01034	0.01487	0.00907	0.01151	0.00657	0.00471	0.00480	0.00158	0.00705	0.00403	0.02279	0.00668
17	0.00581	0.00498	0.00498	0.00498	0.00664	0.00415	0.00373	0.00705	0.01120	0.01328	0.04978	0.04729	0.79464	0.01245	0.00581	0.00166	0.00249	0.01037	0.00456	0.00415
18	0.00702	0.00527	0.00790	0.00790	0.00878	0.00614	0.00614	0.00878	0.00790	0.01141	0.01316	0.01931	0.01229	0.03686	0.80782	0.00790	0.01316	0.00527	0.00263	0.00439
19	0.01431	0.01595	0.01827	0.02297	0.45329	0.29579	0.06113	0.01668	0.01212	0.01451	0.00864	0.01103	0.00722	0.00469	0.00500	0.00142	0.02357	0.00403	0.00247	0.00692
20	0.00684	0.00491	0.00666	0.00775	0.00846	0.00474	0.00602	0.00833	0.01032	0.01353	0.02747	0.45431	0.05933	0.01448	0.00648	0.00210	0.00358	0.34591	0.00455	0.00423
21	0.01210	0.25579	0.02727	0.01785	0.08659	0.01445	0.48579	0.01538	0.01109	0.01453	0.00896	0.01157	0.00714	0.00418	0.00493	0.00146	0.00718	0.00474	0.00237	0.00663
22	0.01161	0.01073	0.01752	0.32869	0.43947	0.01169	0.01405	0.07842	0.01167	0.01597	0.00926	0.01249	0.00736	0.00471	0.00489	0.00153	0.00607	0.00438	0.00255	0.00694
23	0.08420	0.01092	0.01728	0.13670	0.53029	0.01133	0.01322	0.04778	0.01148	0.07600	0.00985	0.01227	0.00776	0.00466	0.00473	0.00150	0.00562	0.00428	0.00283	0.00732
24	0.01007	0.00946	0.01569	0.62219	0.17031	0.01132	0.01369	0.02963	0.01026	0.01356	0.00880	0.01280	0.00681	0.00499	0.00538	0.00162	0.04081	0.00437	0.00229	0.00594
25	0.01092	0.01019	0.01583	0.50655	0.18826	0.02685	0.01328	0.07389	0.01104	0.01467	0.00887	0.01253	0.00694	0.00519	0.00584	0.00162	0.07457	0.00435	0.00246	0.00617
26	0.01017	0.00981	0.01669	0.52619	0.19511	0.01156	0.05660	0.01321	0.01000	0.01342	0.00869	0.01269	0.00686	0.00511	0.00602	0.00165	0.08353	0.00444	0.00225	0.00602
27	0.01116	0.00977	0.01348	0.21977	0.11698	0.01126	0.01035	0.05230	0.21219	0.03144	0.01247	0.03381	0.01009	0.00780	0.05122	0.00197	0.11312	0.00485	0.00329	0.07270
28	0.26099	0.13004	0.07845	0.05105	0.01600	0.01160	0.20943	0.01415	0.00997	0.01691	0.00962	0.04536	0.00801	0.00494	0.00420	0.00145	0.00542	0.00429	0.07426	0.04388
29	0.02456	0.27466	0.06070	0.00948	0.01328	0.01189	0.07256	0.01388	0.03377	0.04041	0.02441	0.01187	0.00867	0.00873	0.10973	0.00202	0.02850	0.00371	0.00273	0.24445
30	0.04750	0.36977	0.08289	0.01017	0.01427	0.05390	0.03051	0.23942	0.04714	0.01878	0.03630	0.01087	0.00865	0.00510	0.00409	0.00130	0.00550	0.00369	0.00323	0.00693
31	0.29707	0.04809	0.03303	0.13501	0.01527	0.01151	0.00814	0.05567	0.22683	0.06546	0.01193	0.01254	0.00893	0.00530	0.00416	0.00152	0.00451	0.00399	0.00365	0.04738
32	0.11903	0.02673	0.03399	0.00947	0.01317	0.02718	0.00799	0.29267	0.01644	0.33734	0.05598	0.01449	0.01143	0.00595	0.00470	0.00149	0.00468	0.00458	0.00501	0.00768

[dist]
# distance from previous block
# <min> <max>
21	61

[block]
# block no. 4 follows, 51 sequences, length 74
# corresponding to MSA columns:
# 785-858
name=unknown_E
#
# <colnr> <probs for GDERKNQSTAVLIFYWHMCP>
#	G	D	E	R	K	N	Q	S	T	A	V	L	I	F	Y	W	H	M	C	P
0	0.01247	0.10277	0.04840	0.23150	0.01927	0.08046	0.01021	0.10084	0.14821	0.02870	0.01075	0.01238	0.00834	0.00539	0.00534	0.00146	0.06357	0.00409	0.00314	0.10270
1	0.08994	0.03202	0.09318	0.20622	0.01777	0.05699	0.05092	0.06081	0.02434	0.01721	0.23735	0.01943	0.03426	0.00665	0.00532	0.00156	0.03129	0.00555	0.00349	0.00568
2	0.01418	0.04178	0.07589	0.29304	0.02202	0.36582	0.01148	0.07103	0.01266	0.01393	0.00840	0.01068	0.00657	0.00498	0.00459	0.00141	0.00744	0.00369	0.00254	0.02785
3	0.01001	0.00974	0.01230	0.02395	0.01197	0.08909	0.07693	0.01136	0.00934	0.01274	0.05821	0.11037	0.03208	0.14474	0.01258	0.00231	0.30600	0.00628	0.03037	0.02962
4	0.00581	0.00498	0.00498	0.00498	0.00664	0.00415	0.00373	0.00705	0.01120	0.01328	0.04978	0.04729	0.79464	0.01245	0.00581	0.00166	0.00249	0.01037	0.00456	0.00415
5	0.01547	0.01217	0.01294	0.01066	0.01402	0.01374	0.00856	0.40580	0.40278	0.02580	0.01587	0.01504	0.01166	0.00628	0.00496	0.00157	0.00465	0.00499	0.00496	0.00807
6	0.00996	0.02483	0.76837	0.01470	0.05446	0.01142	0.01803	0.01554	0.01041	0.01558	0.00884	0.01045	0.00629	0.00466	0.00468	0.00155	0.00720	0.00366	0.00209	0.00729
7	0.01776	0.06365	0.21681	0.01136	0.06169	0.00932	0.01059	0.02069	0.01269	0.50206	0.01528	0.01427	0.01001	0.00550	0.00476	0.00150	0.00514	0.00443	0.00458	0.00792
8	0.01545	0.01858	0.01436	0.01275	0.01432	0.50482	0.00998	0.01664	0.01148	0.01195	0.00716	0.00958	0.00638	0.00642	0.00890	0.00160	0.31808	0.00360	0.00239	0.00557
9	0.00599	0.00428	0.00570	0.00684	0.00713	0.00399	0.00456	0.00684	0.00941	0.01254	0.02709	0.82409	0.03250	0.01540	0.00627	0.00200	0.00285	0.01397	0.00456	0.00399
10	0.00651	0.00474	0.00613	0.00634	0.00721	0.00436	0.00454	0.00820	0.01203	0.01657	0.45361	0.33070	0.09633	0.01222	0.00597	0.00172	0.00253	0.01089	0.00503	0.00436
11	0.01779	0.05273	0.01401	0.01040	0.01404	0.01315	0.00867	0.54328	0.01992	0.15037	0.04708	0.01606	0.01168	0.00648	0.00498	0.00151	0.00502	0.05000	0.00496	0.00787
12	0.02205	0.00836	0.01140	0.00874	0.01254	0.00722	0.00722	0.02395	0.01407	0.80004	0.01939	0.01673	0.01216	0.00608	0.00494	0.00152	0.00418	0.00494	0.00608	0.00836
13	0.02205	0.00836	0.01140	0.00874	0.01254	0.00722	0.00722	0.02395	0.01407	0.80004	0.01939	0.01673	0.01216	0.00608	0.00494	0.00152	0.00418	0.00494	0.00608	0.00836
14	0.01140	0.04417	0.01051	0.00854	0.01063	0.05674	0.00684	0.22703	0.01568	0.02104	0.37499	0.02724	0.04082	0.02769	0.00628	0.00164	0.03586	0.06242	0.00469	0.00579
15	0.01788	0.02210	0.01509	0.01317	0.01597	0.70161	0.06616	0.06482	0.01430	0.01343	0.00802	0.00936	0.00653	0.00505	0.00456	0.00131	0.00861	0.00343	0.00267	0.00592
16	0.00702	0.00525	0.00780	0.00777	0.00867	0.00603	0.00603	0.00881	0.00834	0.01202	0.07069	0.02059	0.01480	0.03488	0.74873	0.00743	0.01236	0.00553	0.00284	0.00441
17	0.01831	0.01194	0.01337	0.01037	0.01404	0.01275	0.00852	0.54891	0.04282	0.18505	0.07120	0.01482	0.01212	0.00626	0.00499	0.00149	0.00489	0.00489	0.00519	0.00807
18	0.01874	0.01356	0.01285	0.06988	0.01502	0.27017	0.00880	0.02045	0.01304	0.40332	0.01342	0.01327	0.00926	0.00592	0.00592	0.00151	0.08941	0.00425	0.00423	0.00697
19	0.86201	0.00950	0.00722	0.00646	0.00950	0.01102	0.00532	0.01445	0.00836	0.02205	0.00684	0.00798	0.00532	0.00456	0.00304	0.00152	0.00380	0.00266	0.00304	0.00532
20	0.00960	0.01138	0.10770	0.33244	0.02361	0.01121	0.14237	0.01263	0.00991	0.01339	0.01353	0.01654	0.10304	0.00639	0.00732	0.00173	0.16376	0.00525	0.00251	0.00569
21	0.00690	0.00503	0.00668	0.00768	0.00854	0.00481	0.00608	0.00848	0.01055	0.01368	0.02935	0.35794	0.12369	0.01416	0.00646	0.00208	0.00362	0.37546	0.00454	0.00427
22	0.01019	0.00873	0.01019	0.00728	0.01165	0.00655	0.00582	0.01237	0.01019	0.01601	0.00873	0.01019	0.00728	0.00364	0.00364	0.00073	0.00364	0.00291	0.00291	0.85734
23	0.07922	0.04546	0.01425	0.01063	0.01421	0.01125	0.09757	0.21670	0.12383	0.26488	0.01495	0.02998	0.01087	0.03685	0.00561	0.00166	0.00495	0.00498	0.00467	0.00748
24	0.00687	0.00502	0.00645	0.00609	0.00729	0.00460	0.00457	0.00911	0.01371	0.01923	0.73922	0.03749	0.10149	0.01022	0.00580	0.00155	0.00233	0.00900	0.00535	0.00460
25	0.01848	0.01973	0.01424	0.01214	0.01521	0.50456	0.00944	0.31050	0.01744	0.01927	0.00920	0.00999	0.00711	0.00538	0.00462	0.00135	0.00754	0.00365	0.00344	0.00671
26	0.01377	0.46403	0.10824	0.01136	0.01573	0.13302	0.10393	0.07205	0.01177	0.01401	0.00791	0.00924	0.00659	0.00450	0.00396	0.00124	0.00639	0.00334	0.00242	0.00651
27	0.01959	0.07675	0.01262	0.00911	0.01265	0.08005	0.00750	0.02258	0.08856	0.56649	0.04081	0.01606	0.01248	0.00602	0.00478	0.00147	0.00460	0.00477	0.00532	0.00779
28	0.00610	0.00436	0.00583	0.00697	0.00731	0.00409	0.00476	0.00704	0.00952	0.01267	0.02702	0.77850	0.03225	0.01529	0.00630	0.00201	0.00295	0.05843	0.00456	0.00402
29	0.01177	0.00952	0.01050	0.00977	0.01227	0.01075	0.00778	0.02294	0.60699	0.04993	0.02114	0.02546	0.01746	0.00798	0.00534	0.00178	0.00402	0.15245	0.00495	0.00717
30	0.00603	0.00438	0.00569	0.00665	0.00710	0.00404	0.00450	0.00701	0.00983	0.01303	0.07463	0.71163	0.09770	0.01483	0.00620	0.00194	0.00279	0.01336	0.00461	0.00404
31	0.01813	0.01349	0.01444	0.01120	0.01503	0.01498	0.00921	0.71612	0.08813	0.03009	0.01250	0.01235	0.00892	0.00596	0.00492	0.00149	0.00528	0.00452	0.00492	0.00831
32	0.00780	0.00535	0.00668	0.00619	0.00764	0.00487	0.00469	0.02235	0.01356	0.06354	0.59722	0.03713	0.18400	0.01020	0.00573	0.00156	0.00251	0.00887	0.00528	0.00482
33	0.01019	0.00873	0.01019	0.00728	0.01165	0.00655	0.00582	0.01237	0.01019	0.01601	0.00873	0.01019	0.00728	0.00364	0.00364	0.00073	0.00364	0.00291	0.00291	0.85734
34	0.01205	0.35389	0.01948	0.01101	0.01287	0.04808	0.00972	0.01334	0.00881	0.01172	0.00666	0.00948	0.00639	0.00662	0.01024	0.00166	0.44650	0.00356	0.00215	0.00578
35	0.01027	0.00900	0.01131	0.00808	0.01249	0.00690	0.05204	0.01258	0.01027	0.01600	0.00881	0.01037	0.00729	0.00367	0.00377	0.00078	0.00392	0.00308	0.00289	0.80647
36	0.01299	0.01195	0.08762	0.18202	0.02093	0.01193	0.18041	0.06086	0.01122	0.15150	0.01048	0.01286	0.00778	0.00590	0.00787	0.00173	0.20763	0.00470	0.00307	0.00653
37	0.01813	0.01319	0.01422	0.01106	0.01486	0.01457	0.00908	0.66707	0.10466	0.06277	0.01300	0.01271	0.00923	0.00599	0.00493	0.00150	0.00519	0.00457	0.00498	0.00830
38	0.00599	0.00428	0.00570	0.00684	0.00713	0.00399	0.00456	0.00684	0.00941	0.01254	0.02709	0.82409	0.03250	0.01540	0.00627	0.00200	0.00285	0.01397	0.00456	0.00399
39	0.01435	0.51973	0.06896	0.01047	0.01442	0.24082	0.04227	0.01619	0.01119	0.01211	0.00730	0.00854	0.00636	0.00447	0.00372	0.00117	0.00652	0.00297	0.00224	0.00621
40	0.01075	0.01075	0.01505	0.01290	0.01290	0.01505	0.01075	0.01183	0.00753	0.01183	0.00645	0.01075	0.00645	0.00860	0.01613	0.00215	0.81830	0.00430	0.00215	0.00538
41	0.00687	0.00503	0.00645	0.00613	0.00734	0.00461	0.00463	0.00909	0.01360	0.01899	0.70624	0.03814	0.11650	0.01035	0.00582	0.00157	0.00239	0.02636	0.00531	0.00459
42	0.01021	0.00881	0.01037	0.00749	0.01169	0.00687	0.00601	0.01235	0.01009	0.01586	0.00865	0.01021	0.00725	0.00382	0.00411	0.00078	0.03403	0.00296	0.00288	0.82556
43	0.00883	0.00483	0.00522	0.00511	0.00628	0.00485	0.00381	0.01092	0.00983	0.01690	0.01539	0.01896	0.01268	0.05840	0.09842	0.00213	0.00375	0.00475	0.67266	0.03627
44	0.00695	0.00471	0.00539	0.00553	0.00562	0.00465	0.00320	0.00711	0.00757	0.01004	0.01818	0.12959	0.04863	0.69759	0.02200	0.00431	0.00445	0.00810	0.00323	0.00315
45	0.00970	0.00921	0.01304	0.01149	0.01174	0.01255	0.00946	0.01097	0.00763	0.01171	0.00834	0.01316	0.00809	0.01655	0.23878	0.00377	0.59187	0.00457	0.00229	0.00510
46	0.00928	0.00873	0.01474	0.81548	0.03385	0.01092	0.01365	0.01256	0.00983	0.01256	0.00873	0.01310	0.00655	0.00491	0.00491	0.00164	0.00655	0.00437	0.00218	0.00546
47	0.00817	0.00649	0.00804	0.00740	0.00966	0.00543	0.00574	0.00989	0.01019	0.01449	0.01983	0.29285	0.04925	0.00987	0.00523	0.00149	0.00351	0.15775	0.00385	0.37087
48	0.00649	0.00473	0.00531	0.00556	0.00613	0.00441	0.00355	0.00705	0.00888	0.01132	0.02852	0.20400	0.26076	0.40436	0.01513	0.00322	0.00366	0.00958	0.00380	0.00355
49	0.00715	0.00476	0.00536	0.00536	0.00536	0.00476	0.00298	0.00715	0.00715	0.00953	0.01548	0.03216	0.01787	0.82729	0.02501	0.00476	0.00476	0.00715	0.00298	0.00298
50	0.01075	0.01075	0.01505	0.01290	0.01290	0.01505	0.01075	0.01183	0.00753	0.01183	0.00645	0.01075	0.00645	0.00860	0.01613	0.00215	0.81830	0.00430	0.00215	0.00538
51	0.01019	0.00873	0.01019	0.00728	0.01165	0.00655	0.00582	0.01237	0.01019	0.01601	0.00873	0.01019	0.00728	0.00364	0.00364	0.00073	0.00364	0.00291	0.00291	0.85734
52	0.00783	0.00527	0.00635	0.00652	0.00755	0.00496	0.00457	0.00966	0.05887	0.07389	0.09612	0.36214	0.19133	0.13126	0.00868	0.00223	0.00317	0.01055	0.00455	0.00451
53	0.00717	0.00542	0.00679	0.00721	0.00840	0.00520	0.00569	0.00967	0.05795	0.01547	0.20160	0.18633	0.19432	0.01247	0.00616	0.00189	0.00326	0.25567	0.00476	0.00457
54	0.00715	0.00476	0.00536	0.00536	0.00536	0.00476	0.00298	0.00715	0.00715	0.00953	0.01548	0.03216	0.01787	0.82729	0.02501	0.00476	0.00476	0.00715	0.00298	0.00298
55	0.00715	0.00470	0.00533	0.00546	0.00562	0.00465	0.00321	0.00746	0.00774	0.01067	0.01751	0.12400	0.03318	0.65063	0.02071	0.00409	0.00430	0.00779	0.07254	0.00325
56	0.01305	0.01102	0.01555	0.01335	0.06230	0.01181	0.16877	0.10663	0.38797	0.06851	0.01580	0.01614	0.01187	0.00811	0.06429	0.00208	0.00579	0.00535	0.00421	0.00739
57	0.00598	0.00431	0.00567	0.00675	0.00710	0.00400	0.00452	0.00685	0.00950	0.01258	0.02819	0.78645	0.06943	0.01525	0.00625	0.00198	0.00283	0.01380	0.00456	0.00400
58	0.00624	0.00445	0.00564	0.00649	0.00685	0.00419	0.00430	0.00700	0.00918	0.01210	0.02660	0.60201	0.08586	0.16386	0.00968	0.00249	0.00322	0.03174	0.00427	0.00383
59	0.00702	0.00527	0.00790	0.00790	0.00878	0.00614	0.00614	0.00878	0.00790	0.01141	0.01316	0.01931	0.01229	0.03686	0.80782	0.00790	0.01316	0.00527	0.00263	0.00439
60	0.01053	0.01042	0.01462	0.01260	0.01266	0.01452	0.01048	0.01164	0.00755	0.01180	0.00685	0.01126	0.00680	0.01029	0.06347	0.00249	0.77016	0.00436	0.00218	0.00532
61	0.00958	0.00913	0.01568	0.72653	0.08972	0.01103	0.04370	0.01287	0.01000	0.01294	0.00882	0.01304	0.00668	0.00484	0.00494	0.00163	0.00657	0.00442	0.00221	0.00568
62	0.00662	0.00460	0.00578	0.00635	0.00658	0.00453	0.00410	0.00722	0.00838	0.01123	0.02104	0.40130	0.02460	0.36574	0.07339	0.00363	0.00448	0.03307	0.00374	0.00360
63	0.00618	0.00473	0.00566	0.00598	0.00700	0.00422	0.00428	0.00756	0.01126	0.01471	0.23821	0.32903	0.31767	0.01289	0.00597	0.00175	0.00258	0.01130	0.00479	0.00422
64	0.01693	0.03615	0.07551	0.01274	0.04865	0.45162	0.01007	0.17348	0.04547	0.04493	0.01006	0.03365	0.00809	0.00555	0.00463	0.00138	0.00730	0.00396	0.00325	0.00659
65	0.00733	0.00541	0.00639	0.00659	0.00772	0.00514	0.00484	0.06463	0.01153	0.01520	0.12341	0.31637	0.24299	0.05716	0.00695	0.00195	0.00310	0.07255	0.03631	0.00444
66	0.00645	0.00485	0.00571	0.00600	0.00692	0.00443	0.00427	0.00763	0.01051	0.01358	0.15478	0.21816	0.30134	0.15921	0.00944	0.00232	0.00312	0.07285	0.00441	0.00401
67	0.01632	0.00965	0.01135	0.00903	0.01215	0.00979	0.00733	0.33269	0.01766	0.25953	0.20886	0.02077	0.04823	0.00722	0.00517	0.00151	0.00417	0.00591	0.00538	0.00728
68	0.04383	0.05797	0.03686	0.06972	0.01563	0.01326	0.00915	0.39055	0.16299	0.12927	0.01361	0.01340	0.00971	0.00582	0.00477	0.00151	0.00504	0.00452	0.00459	0.00779
69	0.00673	0.00472	0.00541	0.00559	0.00594	0.00453	0.00344	0.00716	0.00844	0.01104	0.05331	0.17295	0.14231	0.52688	0.01800	0.00367	0.00398	0.00891	0.00360	0.00340
70	0.01019	0.00873	0.01019	0.00728	0.01165	0.00655	0.00582	0.01237	0.01019	0.01601	0.00873	0.01019	0.00728	0.00364	0.00364	0.00073	0.00364	0.00291	0.00291	0.85734
71	0.33553	0.01255	0.01223	0.01195	0.10893	0.12514	0.03060	0.13462	0.09396	0.07533	0.01035	0.01106	0.00779	0.00513	0.00417	0.00149	0.00519	0.00377	0.00358	0.00665
72	0.01166	0.11208	0.01232	0.09066	0.01344	0.01048	0.00776	0.19214	0.09100	0.04211	0.20039	0.04920	0.06259	0.00799	0.00517	0.00157	0.00427	0.07463	0.00438	0.00616
73	0.03981	0.00738	0.00771	0.00739	0.00897	0.05708	0.00549	0.06731	0.06967	0.04777	0.16581	0.26166	0.15348	0.04271	0.00633	0.00180	0.00354	0.02170	0.00456	0.01982

[dist]
# distance from previous block
# <min> <max>
0	2

[block]
# block no. 5 follows, 51 sequences, length 8
# corresponding to MSA columns:
# 861-868
name=unknown_F
#
# <colnr> <probs for GDERKNQSTAVLIFYWHMCP>
#	G	D	E	R	K	N	Q	S	T	A	V	L	I	F	Y	W	H	M	C	P
0	0.03483	0.01161	0.01293	0.01144	0.05278	0.12773	0.07371	0.14474	0.10418	0.11902	0.03190	0.15572	0.01411	0.00720	0.00504	0.00152	0.00515	0.00616	0.00413	0.07610
1	0.08056	0.01086	0.01247	0.07755	0.12386	0.07308	0.00880	0.24838	0.05793	0.01883	0.01010	0.01261	0.00816	0.00835	0.00840	0.22128	0.00532	0.00420	0.00330	0.00596
2	0.00730	0.00521	0.00680	0.00695	0.00795	0.00512	0.00519	0.00944	0.04074	0.03283	0.29730	0.22465	0.07637	0.05663	0.11967	0.00279	0.00442	0.08159	0.00456	0.00453
3	0.01041	0.01095	0.02196	0.30886	0.02706	0.01128	0.43950	0.01391	0.01061	0.01410	0.00994	0.01468	0.00794	0.06886	0.00698	0.00189	0.00738	0.00538	0.00241	0.00592
4	0.00699	0.00491	0.00570	0.00617	0.00713	0.00465	0.00448	0.00874	0.03748	0.01404	0.03006	0.31288	0.23144	0.06976	0.00698	0.00197	0.00300	0.08577	0.15359	0.00425
5	0.08914	0.00714	0.00791	0.00704	0.00900	0.00720	0.00535	0.12566	0.02802	0.13901	0.06029	0.13545	0.10106	0.11435	0.00745	0.00196	0.00363	0.00696	0.13785	0.00552
6	0.00674	0.00470	0.00585	0.00632	0.00709	0.00429	0.00436	0.00783	0.01035	0.03995	0.13955	0.46395	0.17882	0.08703	0.00776	0.00210	0.00292	0.01163	0.00459	0.00417
7	0.00762	0.00488	0.00632	0.00666	0.00761	0.00444	0.00472	0.00893	0.01099	0.08523	0.19235	0.49498	0.12047	0.01308	0.00600	0.00182	0.00282	0.01166	0.00488	0.00454

[dist]
# distance from previous block
# <min> <max>
0	1

[block]
# block no. 6 follows, 51 sequences, length 7
# corresponding to MSA columns:
# 870-876
name=unknown_G
#
# <colnr> <probs for GDERKNQSTAVLIFYWHMCP>
#	G	D	E	R	K	N	Q	S	T	A	V	L	I	F	Y	W	H	M	C	P
0	0.03935	0.00618	0.00779	0.00724	0.00909	0.00571	0.00546	0.01358	0.04941	0.25084	0.15152	0.30045	0.11225	0.01062	0.00558	0.00171	0.00320	0.00925	0.00513	0.00565
1	0.01229	0.00724	0.00882	0.00796	0.01009	0.00708	0.00616	0.09136	0.10567	0.21816	0.11463	0.23490	0.10580	0.01001	0.00556	0.00170	0.00354	0.03778	0.00514	0.00611
