[name]
unknown

[dist]
# distance from previous block
# <min> <max>
0	1837

[block]
# block no. 0 follows, 42 sequences, length 62
# corresponding to MSA columns:
# 1854-1862,1866-1918
name=unknown_A
#
# <colnr> <probs for GDERKNQSTAVLIFYWHMCP>
#	G	D	E	R	K	N	Q	S	T	A	V	L	I	F	Y	W	H	M	C	P
0	0.01332	0.27629	0.10020	0.17441	0.01945	0.01374	0.01118	0.01628	0.01284	0.10338	0.13833	0.02081	0.01736	0.00710	0.00524	0.00165	0.00582	0.05189	0.00376	0.00696
1	0.01821	0.01874	0.06555	0.17117	0.04602	0.24749	0.01261	0.30916	0.01882	0.02293	0.01103	0.01270	0.00827	0.00609	0.00544	0.00166	0.00781	0.00456	0.00387	0.00787
2	0.28948	0.21657	0.01681	0.01095	0.01452	0.33779	0.00899	0.01911	0.01272	0.01741	0.00820	0.00954	0.00686	0.00536	0.00418	0.00148	0.00721	0.00328	0.00297	0.00656
3	0.00686	0.00490	0.00653	0.00784	0.00816	0.00457	0.00522	0.00784	0.01077	0.01437	0.03102	0.79855	0.03722	0.01763	0.00718	0.00229	0.00326	0.01600	0.00522	0.00457
4	0.01143	0.37124	0.13163	0.00932	0.01338	0.01404	0.00939	0.01405	0.01272	0.01629	0.18021	0.02480	0.15516	0.00806	0.00508	0.00154	0.00506	0.00634	0.00373	0.00652
5	0.00741	0.00573	0.00676	0.00650	0.00807	0.00507	0.00487	0.00955	0.01462	0.01947	0.46659	0.04714	0.35259	0.01266	0.00664	0.00182	0.00274	0.01089	0.00579	0.00507
6	0.00665	0.00570	0.00570	0.00570	0.00760	0.00475	0.00428	0.00808	0.01283	0.01520	0.05701	0.05416	0.76483	0.01425	0.00665	0.00190	0.00285	0.01188	0.00523	0.00475
7	0.01328	0.01518	0.03321	0.02372	0.02941	0.01423	0.74668	0.01803	0.01328	0.01803	0.01139	0.01518	0.00854	0.00474	0.00664	0.00190	0.00949	0.00664	0.00285	0.00759
8	0.01713	0.54588	0.02535	0.01072	0.01543	0.02068	0.00998	0.25739	0.01638	0.02055	0.00969	0.01050	0.00799	0.00545	0.00427	0.00136	0.00608	0.00369	0.00347	0.00799
9	0.00907	0.00648	0.00907	0.01036	0.01166	0.00648	0.00907	0.01166	0.01296	0.01684	0.02980	0.06348	0.03239	0.01555	0.00777	0.00259	0.00518	0.72924	0.00518	0.00518
10	0.00665	0.00570	0.00570	0.00570	0.00760	0.00475	0.00428	0.00808	0.01283	0.01520	0.05701	0.05416	0.76483	0.01425	0.00665	0.00190	0.00285	0.01188	0.00523	0.00475
11	0.01494	0.78393	0.05025	0.00981	0.01472	0.02201	0.00994	0.01688	0.01145	0.01337	0.00789	0.00911	0.00722	0.00483	0.00366	0.00122	0.00608	0.00304	0.00241	0.00725
12	0.00738	0.00529	0.00597	0.00652	0.00766	0.00476	0.00462	0.00881	0.01179	0.01581	0.03963	0.36186	0.33364	0.01439	0.00642	0.00196	0.00299	0.01251	0.14322	0.00476
13	0.02115	0.01564	0.01675	0.01290	0.01736	0.01734	0.01064	0.72480	0.05041	0.03508	0.01382	0.01376	0.00982	0.00678	0.00563	0.00170	0.00614	0.00511	0.00563	0.00955
14	0.02525	0.00958	0.01306	0.01001	0.01437	0.00827	0.00827	0.02743	0.01611	0.77102	0.02220	0.01915	0.01393	0.00697	0.00566	0.00174	0.00479	0.00566	0.00697	0.00958
15	0.01806	0.41340	0.02267	0.01208	0.01593	0.40369	0.01026	0.01968	0.01371	0.01351	0.00826	0.00959	0.00724	0.00531	0.00435	0.00133	0.00810	0.00332	0.00266	0.00687
16	0.01134	0.01097	0.01703	0.46304	0.02867	0.01450	0.01423	0.01403	0.01014	0.01403	0.00890	0.01387	0.00745	0.00740	0.01103	0.00212	0.33758	0.00497	0.00248	0.00621
17	0.00686	0.00490	0.00653	0.00784	0.00816	0.00457	0.00522	0.00784	0.01077	0.01437	0.03102	0.79855	0.03722	0.01763	0.00718	0.00229	0.00326	0.01600	0.00522	0.00457
18	0.01152	0.07724	0.72697	0.01564	0.02374	0.01364	0.02010	0.01776	0.01185	0.01754	0.00996	0.01170	0.00713	0.00531	0.00524	0.00175	0.00817	0.00409	0.00238	0.00825
19	0.66684	0.06000	0.01075	0.09964	0.01450	0.01307	0.00751	0.01665	0.01010	0.04693	0.00855	0.01014	0.00658	0.00530	0.00381	0.00172	0.00484	0.00336	0.00341	0.00629
20	0.00686	0.00490	0.00653	0.00784	0.00816	0.00457	0.00522	0.00784	0.01077	0.01437	0.03102	0.79855	0.03722	0.01763	0.00718	0.00229	0.00326	0.01600	0.00522	0.00457
21	0.01063	0.01000	0.01688	0.78870	0.03876	0.01250	0.01563	0.01438	0.01125	0.01438	0.01000	0.01500	0.00750	0.00563	0.00563	0.00188	0.00750	0.00500	0.00250	0.00625
22	0.01400	0.01209	0.01273	0.01145	0.01463	0.01400	0.00891	0.02990	0.75695	0.02354	0.02291	0.02100	0.01718	0.00764	0.00573	0.00191	0.00445	0.00636	0.00573	0.00891
23	0.01328	0.01518	0.03321	0.02372	0.02941	0.01423	0.74668	0.01803	0.01328	0.01803	0.01139	0.01518	0.00854	0.00474	0.00664	0.00190	0.00949	0.00664	0.00285	0.00759
24	0.01049	0.00525	0.00525	0.00525	0.00656	0.00525	0.00393	0.01311	0.01180	0.02098	0.01836	0.02098	0.01442	0.00656	0.00393	0.00131	0.00262	0.00525	0.83346	0.00525
25	0.02221	0.00906	0.01219	0.00964	0.01344	0.00799	0.00784	0.04394	0.01609	0.62604	0.10737	0.06225	0.01951	0.00804	0.00585	0.00177	0.00450	0.00670	0.00675	0.00883
26	0.01350	0.01165	0.01225	0.01106	0.01416	0.01337	0.00859	0.02842	0.70634	0.02297	0.02522	0.02325	0.06803	0.00809	0.00579	0.00191	0.00434	0.00674	0.00569	0.00862
27	0.02117	0.01565	0.01676	0.01290	0.01737	0.01735	0.01064	0.72629	0.04889	0.03510	0.01380	0.01374	0.00980	0.00678	0.00563	0.00170	0.00614	0.00511	0.00563	0.00955
28	0.02263	0.01136	0.01389	0.01088	0.01505	0.01120	0.00890	0.22889	0.08020	0.47830	0.02012	0.04328	0.01374	0.00731	0.00571	0.00176	0.00510	0.00589	0.00643	0.00936
29	0.01243	0.01696	0.26220	0.01271	0.01731	0.01273	0.01263	0.02365	0.42693	0.02077	0.01954	0.06116	0.01586	0.00789	0.00580	0.00193	0.00571	0.05096	0.00456	0.00826
30	0.00686	0.00490	0.00653	0.00784	0.00816	0.00457	0.00522	0.00784	0.01077	0.01437	0.03102	0.79855	0.03722	0.01763	0.00718	0.00229	0.00326	0.01600	0.00522	0.00457
31	0.01400	0.01209	0.01273	0.01145	0.01463	0.01400	0.00891	0.02990	0.75695	0.02354	0.02291	0.02100	0.01718	0.00764	0.00573	0.00191	0.00445	0.00636	0.00573	0.00891
32	0.01328	0.01518	0.03321	0.02372	0.02941	0.01423	0.74668	0.01803	0.01328	0.01803	0.01139	0.01518	0.00854	0.00474	0.00664	0.00190	0.00949	0.00664	0.00285	0.00759
33	0.01284	0.01432	0.03049	0.15117	0.03097	0.01394	0.62488	0.01742	0.01294	0.01742	0.01115	0.01515	0.00837	0.00489	0.00647	0.00189	0.00916	0.00637	0.00279	0.00737
34	0.01136	0.02862	0.74717	0.01631	0.02453	0.01311	0.04620	0.01783	0.01193	0.01783	0.01014	0.01200	0.00718	0.00533	0.00539	0.00179	0.00836	0.00425	0.00239	0.00829
35	0.00752	0.00645	0.00653	0.00638	0.00843	0.00584	0.00482	0.01065	0.10047	0.01618	0.05299	0.05025	0.67678	0.01347	0.00654	0.00190	0.00304	0.01123	0.00528	0.00524
36	0.01063	0.01000	0.01688	0.78870	0.03876	0.01250	0.01563	0.01438	0.01125	0.01438	0.01000	0.01500	0.00750	0.00563	0.00563	0.00188	0.00750	0.00500	0.00250	0.00625
37	0.04419	0.01068	0.01113	0.00944	0.01236	0.01177	0.00751	0.27237	0.18973	0.02675	0.01736	0.01798	0.01309	0.00683	0.00492	0.00160	0.00435	0.00537	0.32495	0.00763
38	0.00686	0.00490	0.00653	0.00784	0.00816	0.00457	0.00522	0.00784	0.01077	0.01437	0.03102	0.79855	0.03722	0.01763	0.00718	0.00229	0.00326	0.01600	0.00522	0.00457
39	0.01129	0.02911	0.77306	0.01604	0.02436	0.01307	0.02079	0.01782	0.01188	0.01782	0.01010	0.01188	0.00713	0.00535	0.00535	0.00178	0.00832	0.00416	0.00238	0.00832
40	0.01875	0.01422	0.01523	0.01231	0.01631	0.01591	0.00996	0.46027	0.29838	0.05180	0.01726	0.01646	0.01253	0.00709	0.00567	0.00177	0.00551	0.00557	0.00570	0.00932
41	0.01393	0.01337	0.02284	0.03454	0.76712	0.01337	0.01727	0.01727	0.01281	0.01839	0.01059	0.01393	0.00891	0.00501	0.00557	0.00167	0.00669	0.00501	0.00279	0.00891
42	0.00686	0.00490	0.00653	0.00784	0.00816	0.00457	0.00522	0.00784	0.01077	0.01437	0.03102	0.79855	0.03722	0.01763	0.00718	0.00229	0.00326	0.01600	0.00522	0.00457
43	0.00778	0.00561	0.00736	0.00721	0.00837	0.00519	0.00530	0.01016	0.01507	0.02120	0.64200	0.16808	0.05045	0.01253	0.00673	0.00186	0.00276	0.01115	0.00603	0.00519
44	0.01154	0.01093	0.01852	0.58090	0.23945	0.01274	0.01608	0.01518	0.01168	0.01548	0.01016	0.01471	0.00789	0.00546	0.00561	0.00182	0.00728	0.00500	0.00258	0.00699
45	0.00830	0.00604	0.00861	0.00936	0.01036	0.00639	0.00755	0.01036	0.01096	0.01483	0.02385	0.15742	0.02556	0.04451	0.31536	0.00518	0.00883	0.31726	0.00429	0.00499
46	0.00818	0.00546	0.00614	0.00614	0.00614	0.00546	0.00341	0.00818	0.00818	0.01091	0.01773	0.03683	0.02046	0.80222	0.02864	0.00546	0.00546	0.00818	0.00341	0.00341
47	0.02011	0.01452	0.01552	0.01204	0.01617	0.01601	0.00990	0.66176	0.02473	0.03376	0.01408	0.01439	0.01014	0.00673	0.00543	0.00164	0.00577	0.00509	0.10313	0.00906
48	0.01208	0.14506	0.59792	0.01662	0.08508	0.01448	0.01881	0.01763	0.01189	0.01718	0.00980	0.01162	0.00729	0.00524	0.00510	0.00169	0.00783	0.00406	0.00242	0.00820
49	0.00686	0.00490	0.00653	0.00784	0.00816	0.00457	0.00522	0.00784	0.01077	0.01437	0.03102	0.79855	0.03722	0.01763	0.00718	0.00229	0.00326	0.01600	0.00522	0.00457
50	0.00686	0.00490	0.00653	0.00784	0.00816	0.00457	0.00522	0.00784	0.01077	0.01437	0.03102	0.79855	0.03722	0.01763	0.00718	0.00229	0.00326	0.01600	0.00522	0.00457
51	0.00681	0.00506	0.00636	0.00740	0.00805	0.00461	0.00503	0.00789	0.01120	0.01454	0.03637	0.64539	0.18693	0.01694	0.00707	0.00221	0.00318	0.01515	0.00522	0.00461
52	0.01685	0.01195	0.01297	0.01124	0.01470	0.03057	0.00885	0.04554	0.55727	0.19091	0.02220	0.02016	0.01605	0.00742	0.00569	0.00186	0.00470	0.00611	0.00594	0.00902
53	0.01354	0.01297	0.02214	0.12336	0.68134	0.01327	0.01708	0.01693	0.01263	0.01791	0.01052	0.01406	0.00875	0.00509	0.00558	0.00170	0.00678	0.00501	0.00275	0.00860
54	0.08492	0.01170	0.01509	0.01242	0.01601	0.01220	0.09598	0.27550	0.04550	0.11421	0.01996	0.02842	0.04519	0.00895	0.00616	0.00197	0.00581	0.18712	0.00516	0.00774
55	0.01255	0.01269	0.01803	0.53835	0.18997	0.10303	0.01542	0.01594	0.01214	0.01515	0.00997	0.01420	0.00777	0.00552	0.00555	0.00178	0.00764	0.00484	0.00261	0.00685
56	0.00712	0.00508	0.00683	0.00813	0.00857	0.00480	0.00568	0.00829	0.01103	0.01466	0.03087	0.71198	0.03665	0.01739	0.00725	0.00232	0.00349	0.10000	0.00522	0.00464
57	0.01823	0.02076	0.01451	0.01248	0.01597	0.50070	0.00953	0.04049	0.01487	0.03966	0.00982	0.01133	0.00804	0.00662	0.03027	0.00155	0.00842	0.00373	0.00323	0.22979
58	0.01173	0.12056	0.68549	0.01528	0.02319	0.01415	0.01948	0.01771	0.01183	0.01728	0.00983	0.01155	0.00714	0.00528	0.00514	0.00171	0.00805	0.00402	0.00238	0.00819
59	0.10854	0.01011	0.01587	0.69668	0.03548	0.01252	0.01451	0.01463	0.01106	0.01566	0.00975	0.01431	0.00734	0.00558	0.00537	0.00186	0.00713	0.00477	0.00262	0.00623
60	0.00720	0.00583	0.00644	0.00681	0.00825	0.00528	0.00490	0.00940	0.06010	0.01545	0.04579	0.31030	0.46417	0.01500	0.00678	0.00203	0.00310	0.01295	0.00526	0.00496
61	0.01187	0.06232	0.05339	0.00883	0.01400	0.00875	0.00761	0.01454	0.01167	0.01798	0.00987	0.01151	0.00820	0.00427	0.00419	0.00091	0.00451	0.00336	0.00322	0.73900

[dist]
# distance from previous block
# <min> <max>
2	9

[block]
# block no. 1 follows, 42 sequences, length 45
# corresponding to MSA columns:
# 1946-1990
name=unknown_B
#
# <colnr> <probs for GDERKNQSTAVLIFYWHMCP>
#	G	D	E	R	K	N	Q	S	T	A	V	L	I	F	Y	W	H	M	C	P
0	0.02090	0.01053	0.01295	0.01047	0.01435	0.01038	0.00847	0.08188	0.22105	0.46800	0.06259	0.02049	0.01665	0.00738	0.00573	0.00179	0.00469	0.00606	0.00648	0.00916
1	0.01600	0.01265	0.01353	0.01166	0.01515	0.01434	0.00921	0.16532	0.57930	0.06598	0.02110	0.01949	0.01557	0.00743	0.00570	0.00186	0.00480	0.00608	0.00577	0.00907
2	0.64237	0.01297	0.00992	0.00869	0.01215	0.09674	0.00703	0.09319	0.01209	0.02493	0.00883	0.01006	0.00683	0.00549	0.00389	0.00169	0.00513	0.00339	0.02815	0.00648
3	0.01981	0.10937	0.01691	0.01339	0.01660	0.57008	0.01038	0.02295	0.09802	0.05552	0.01091	0.01172	0.00871	0.00596	0.00502	0.00149	0.00877	0.00397	0.00338	0.00703
4	0.01170	0.11398	0.69180	0.01534	0.02327	0.01407	0.01957	0.01772	0.01183	0.01732	0.00985	0.01157	0.00714	0.00529	0.00516	0.00172	0.00807	0.00403	0.00238	0.00820
5	0.00686	0.00490	0.00653	0.00784	0.00816	0.00457	0.00522	0.00784	0.01077	0.01437	0.03102	0.79855	0.03722	0.01763	0.00718	0.00229	0.00326	0.01600	0.00522	0.00457
6	0.01201	0.01142	0.01938	0.47191	0.34471	0.01287	0.01632	0.01559	0.01191	0.01606	0.01025	0.01455	0.00810	0.00537	0.00560	0.00179	0.00716	0.00501	0.00262	0.00737
7	0.01335	0.01498	0.03205	0.02493	0.11160	0.01414	0.66541	0.01794	0.01323	0.01807	0.01130	0.01504	0.00858	0.00477	0.00652	0.00187	0.00918	0.00646	0.00284	0.00774
8	0.00978	0.00489	0.00733	0.00733	0.00733	0.00489	0.00489	0.00733	0.00733	0.00978	0.00978	0.01711	0.00978	0.01955	0.02199	0.83627	0.00489	0.00489	0.00244	0.00244
9	0.00686	0.00490	0.00653	0.00784	0.00816	0.00457	0.00522	0.00784	0.01077	0.01437	0.03102	0.79855	0.03722	0.01763	0.00718	0.00229	0.00326	0.01600	0.00522	0.00457
10	0.01063	0.01000	0.01688	0.78870	0.03876	0.01250	0.01563	0.01438	0.01125	0.01438	0.01000	0.01500	0.00750	0.00563	0.00563	0.00188	0.00750	0.00500	0.00250	0.00625
11	0.00796	0.00575	0.00752	0.00708	0.00841	0.00531	0.00531	0.01062	0.01593	0.02257	0.76415	0.04204	0.05310	0.01150	0.00664	0.00177	0.00265	0.01018	0.00619	0.00531
12	0.00796	0.00575	0.00752	0.00708	0.00841	0.00531	0.00531	0.01062	0.01593	0.02257	0.76415	0.04204	0.05310	0.01150	0.00664	0.00177	0.00265	0.01018	0.00619	0.00531
13	0.84197	0.01088	0.00827	0.00740	0.01088	0.01262	0.00609	0.01654	0.00958	0.02525	0.00784	0.00914	0.00609	0.00522	0.00348	0.00174	0.00435	0.00305	0.00348	0.00609
14	0.00683	0.00499	0.00644	0.00760	0.00810	0.00459	0.00512	0.00786	0.01100	0.01446	0.03391	0.71561	0.11829	0.01725	0.00712	0.00224	0.00322	0.01554	0.00522	0.00459
15	0.06255	0.01552	0.01646	0.01267	0.01712	0.01721	0.01047	0.71165	0.02561	0.03495	0.01323	0.01329	0.00940	0.00668	0.00552	0.00169	0.00610	0.00497	0.00552	0.00940
16	0.01310	0.01305	0.02541	0.02041	0.10477	0.01233	0.46504	0.04413	0.01336	0.01920	0.01234	0.01559	0.00951	0.00508	0.00587	0.00169	0.00757	0.00592	0.13081	0.07483
17	0.04645	0.09411	0.43300	0.01480	0.02132	0.01362	0.09592	0.03550	0.07372	0.08438	0.02734	0.01390	0.00965	0.00571	0.00535	0.00174	0.00729	0.00473	0.00330	0.00817
18	0.01867	0.01441	0.01536	0.01240	0.01641	0.01618	0.01004	0.48371	0.29554	0.03107	0.01697	0.01627	0.01237	0.00708	0.00567	0.00177	0.00555	0.00554	0.00567	0.00933
19	0.00845	0.00620	0.00759	0.00817	0.00914	0.00603	0.00573	0.09037	0.01275	0.01681	0.03191	0.62973	0.11366	0.01605	0.00695	0.00218	0.00355	0.01433	0.00527	0.00515
20	0.01920	0.03809	0.01569	0.01410	0.03430	0.54645	0.01054	0.07017	0.13929	0.01688	0.01159	0.01260	0.00930	0.00724	0.02890	0.00177	0.00893	0.00427	0.00354	0.00714
21	0.01767	0.00836	0.01065	0.00873	0.01196	0.00749	0.00700	0.05239	0.03007	0.42214	0.18170	0.03048	0.16825	0.00933	0.00605	0.00178	0.00403	0.00779	0.00638	0.00774
22	0.00940	0.00545	0.00607	0.00592	0.00726	0.00524	0.00444	0.01198	0.01332	0.02125	0.28451	0.03010	0.06576	0.00870	0.00503	0.00150	0.00265	0.00733	0.49884	0.00524
23	0.00691	0.00522	0.00642	0.00733	0.00818	0.00473	0.00515	0.00811	0.01151	0.01475	0.03876	0.53533	0.25562	0.01650	0.00705	0.00219	0.00324	0.05311	0.00522	0.00466
24	0.05586	0.01388	0.05882	0.01439	0.01869	0.03642	0.19050	0.12488	0.21469	0.14140	0.01725	0.05965	0.01320	0.00695	0.00586	0.00184	0.00630	0.00631	0.00480	0.00831
25	0.01176	0.01148	0.01995	0.50254	0.09792	0.01348	0.12780	0.03202	0.01176	0.01569	0.01006	0.01461	0.00782	0.00592	0.00718	0.00192	0.09344	0.00525	0.00265	0.00676
26	0.00745	0.00543	0.00721	0.00770	0.00844	0.00519	0.00545	0.00913	0.01278	0.01764	0.32667	0.45898	0.04250	0.01552	0.02392	0.00223	0.02014	0.01319	0.00551	0.00491
27	0.01827	0.04583	0.01620	0.01396	0.06692	0.15266	0.01049	0.33774	0.20712	0.02597	0.01593	0.01590	0.03391	0.00684	0.00551	0.00169	0.00639	0.00526	0.00484	0.00858
28	0.01464	0.01241	0.01309	0.01158	0.01488	0.01430	0.00906	0.09275	0.69305	0.02458	0.02208	0.02034	0.01651	0.00756	0.00572	0.00189	0.00461	0.00625	0.00572	0.00897
29	0.00686	0.00490	0.00653	0.00784	0.00816	0.00457	0.00522	0.00784	0.01077	0.01437	0.03102	0.79855	0.03722	0.01763	0.00718	0.00229	0.00326	0.01600	0.00522	0.00457
30	0.01129	0.02911	0.77306	0.01604	0.02436	0.01307	0.02079	0.01782	0.01188	0.01782	0.01010	0.01188	0.00713	0.00535	0.00535	0.00178	0.00832	0.00416	0.00238	0.00832
31	0.14093	0.01395	0.06168	0.04671	0.02341	0.01310	0.42610	0.01814	0.05288	0.06047	0.01427	0.01662	0.04945	0.00583	0.00631	0.00188	0.03147	0.00606	0.00341	0.00733
32	0.01102	0.00830	0.00955	0.00929	0.01102	0.00875	0.00685	0.15414	0.14628	0.02028	0.02690	0.45567	0.05750	0.01329	0.00651	0.00206	0.00400	0.01169	0.03057	0.00633
33	0.00686	0.00490	0.00653	0.00784	0.00816	0.00457	0.00522	0.00784	0.01077	0.01437	0.03102	0.79855	0.03722	0.01763	0.00718	0.00229	0.00326	0.01600	0.00522	0.00457
34	0.01283	0.02003	0.37320	0.17272	0.10473	0.01279	0.12753	0.01786	0.01240	0.07625	0.01127	0.01378	0.00813	0.00540	0.00564	0.00180	0.00788	0.00491	0.00287	0.00796
35	0.00966	0.00837	0.01390	0.01655	0.19702	0.00811	0.09140	0.01189	0.01190	0.01615	0.02363	0.40185	0.02632	0.01277	0.00682	0.00214	0.00510	0.12599	0.00436	0.00607
36	0.01989	0.13632	0.03639	0.01285	0.01707	0.19993	0.01077	0.42682	0.04358	0.02619	0.01172	0.01223	0.00884	0.00623	0.00519	0.00157	0.00711	0.00443	0.00442	0.00844
37	0.01405	0.60012	0.22626	0.01133	0.01707	0.01983	0.01258	0.01711	0.01155	0.01445	0.00843	0.00978	0.00720	0.00496	0.00407	0.00136	0.00663	0.00331	0.00240	0.00751
38	0.01385	0.15589	0.32179	0.01747	0.13540	0.05556	0.08246	0.01807	0.01273	0.07177	0.03927	0.02945	0.01037	0.00577	0.00529	0.00167	0.00731	0.00486	0.00305	0.00796
39	0.01191	0.08865	0.69740	0.01540	0.02335	0.01367	0.01963	0.01798	0.01195	0.03551	0.01021	0.01184	0.00730	0.00534	0.00522	0.00174	0.00805	0.00411	0.00249	0.00826
40	0.00678	0.00518	0.00624	0.00708	0.00796	0.00463	0.00489	0.00792	0.01150	0.01466	0.04024	0.53443	0.29539	0.01643	0.00699	0.00215	0.00312	0.01454	0.00522	0.00463
41	0.01209	0.01112	0.01890	0.35723	0.32902	0.01215	0.05432	0.01561	0.01205	0.01692	0.01123	0.01523	0.00888	0.00543	0.00547	0.00173	0.00675	0.00512	0.09345	0.00729
42	0.01487	0.06938	0.13969	0.01689	0.02188	0.01432	0.29167	0.05968	0.12803	0.10139	0.01369	0.01526	0.01011	0.00605	0.00689	0.00185	0.07085	0.00564	0.00376	0.00809
43	0.00710	0.00542	0.00660	0.00742	0.00847	0.00492	0.00544	0.00848	0.01185	0.01504	0.04037	0.41794	0.30338	0.01609	0.00707	0.00219	0.00339	0.11888	0.00522	0.00473
44	0.00726	0.00519	0.00698	0.00825	0.00876	0.00491	0.00588	0.00855	0.01126	0.01498	0.04793	0.65629	0.03677	0.01713	0.00727	0.00233	0.00358	0.13675	0.00524	0.00469

[dist]
# distance from previous block
# <min> <max>
7	11

[block]
# block no. 2 follows, 42 sequences, length 24
# corresponding to MSA columns:
# 2040-2063
name=unknown_C
#
# <colnr> <probs for GDERKNQSTAVLIFYWHMCP>
#	G	D	E	R	K	N	Q	S	T	A	V	L	I	F	Y	W	H	M	C	P
0	0.03932	0.19189	0.40072	0.01490	0.07501	0.01480	0.01560	0.01859	0.09871	0.01773	0.01216	0.01527	0.00983	0.00604	0.00511	0.00171	0.00695	0.04471	0.00300	0.00795
1	0.01129	0.02911	0.77306	0.01604	0.02436	0.01307	0.02079	0.01782	0.01188	0.01782	0.01010	0.01188	0.00713	0.00535	0.00535	0.00178	0.00832	0.00416	0.00238	0.00832
2	0.01176	0.12702	0.67931	0.01523	0.02311	0.01423	0.01938	0.01770	0.01183	0.01724	0.00981	0.01152	0.00714	0.00528	0.00513	0.00171	0.00803	0.00401	0.00238	0.00818
3	0.00969	0.00724	0.00850	0.00827	0.00995	0.00712	0.00626	0.13641	0.01507	0.01990	0.16853	0.29346	0.20518	0.01368	0.00674	0.00202	0.00371	0.06715	0.00547	0.00566
4	0.01137	0.01083	0.01790	0.57441	0.15577	0.01320	0.01551	0.01476	0.01120	0.01494	0.00979	0.01451	0.00772	0.00602	0.00711	0.00191	0.09882	0.00499	0.00254	0.00668
5	0.01082	0.01027	0.01692	0.69846	0.03596	0.01306	0.01524	0.01428	0.01095	0.01428	0.00970	0.01469	0.00749	0.00612	0.00712	0.00194	0.09896	0.00499	0.00250	0.00624
6	0.00695	0.00494	0.00650	0.00771	0.00801	0.00464	0.00509	0.00786	0.01058	0.01411	0.03003	0.74207	0.03598	0.07581	0.00877	0.00252	0.00343	0.01542	0.00509	0.00448
7	0.01234	0.01031	0.01140	0.01086	0.01339	0.01164	0.00852	0.02427	0.54463	0.02135	0.02501	0.11587	0.02206	0.01012	0.00624	0.00207	0.00445	0.13212	0.00558	0.00778
8	0.01184	0.01031	0.01587	0.35635	0.20518	0.01181	0.01314	0.01654	0.09385	0.01746	0.01291	0.01633	0.01010	0.00602	0.00583	0.00176	0.03628	0.00519	0.14624	0.00701
9	0.02525	0.00958	0.01306	0.01001	0.01437	0.00827	0.00827	0.02743	0.01611	0.77102	0.02220	0.01915	0.01393	0.00697	0.00566	0.00174	0.00479	0.00566	0.00697	0.00958
10	0.00871	0.00608	0.00761	0.00837	0.00982	0.00585	0.00704	0.01101	0.01273	0.01712	0.03463	0.05419	0.21006	0.01375	0.00686	0.00221	0.00419	0.43324	0.14144	0.00509
11	0.08012	0.01729	0.08047	0.01686	0.03499	0.17536	0.25024	0.08012	0.01379	0.01834	0.01155	0.07094	0.01004	0.00683	0.00739	0.00186	0.10765	0.00583	0.00324	0.00709
12	0.02151	0.02481	0.01561	0.01398	0.01704	0.68970	0.01057	0.02305	0.01597	0.10206	0.01027	0.01120	0.00803	0.00594	0.00514	0.00148	0.00952	0.00386	0.00337	0.00688
13	0.00686	0.00490	0.00653	0.00784	0.00816	0.00457	0.00522	0.00784	0.01077	0.01437	0.03102	0.79855	0.03722	0.01763	0.00718	0.00229	0.00326	0.01600	0.00522	0.00457
14	0.01173	0.01112	0.01886	0.53780	0.28107	0.01279	0.01618	0.01534	0.01177	0.01571	0.01020	0.01465	0.00797	0.00542	0.00561	0.00181	0.00723	0.00501	0.00260	0.00714
15	0.01228	0.01167	0.01967	0.35227	0.40862	0.01292	0.01607	0.01568	0.01189	0.01635	0.01038	0.01460	0.00844	0.00667	0.03177	0.00203	0.03342	0.00504	0.00266	0.00757
16	0.01049	0.00525	0.00525	0.00525	0.00656	0.00525	0.00393	0.01311	0.01180	0.02098	0.01836	0.02098	0.01442	0.00656	0.00393	0.00131	0.00262	0.00525	0.83346	0.00525
17	0.01167	0.01093	0.01927	0.17843	0.26626	0.01126	0.14021	0.01512	0.01268	0.01716	0.03075	0.02875	0.01598	0.00816	0.00640	0.00201	0.00684	0.20761	0.00347	0.00703
18	0.01233	0.17166	0.50666	0.01617	0.02338	0.01499	0.14390	0.01768	0.01204	0.01700	0.00990	0.01192	0.00739	0.00514	0.00525	0.00169	0.00809	0.00437	0.00246	0.00799
19	0.01517	0.01124	0.01465	0.01225	0.02812	0.01215	0.08633	0.22039	0.10104	0.07924	0.03364	0.03917	0.04396	0.00805	0.00693	0.00183	0.08202	0.04845	0.14782	0.00755
20	0.00687	0.00507	0.00636	0.00736	0.00797	0.00464	0.00497	0.00790	0.01106	0.01438	0.03541	0.62422	0.17530	0.05031	0.00799	0.00235	0.00328	0.01488	0.00515	0.00456
21	0.04931	0.03561	0.34311	0.01803	0.14961	0.01398	0.05437	0.12652	0.09893	0.03859	0.01234	0.01368	0.00912	0.00575	0.00543	0.00176	0.00705	0.00479	0.00348	0.00855
22	0.01670	0.02579	0.01358	0.01174	0.04539	0.04480	0.00886	0.35420	0.03418	0.09726	0.03575	0.14125	0.04975	0.06796	0.00764	0.00208	0.00545	0.02467	0.00523	0.00772
23	0.37055	0.04175	0.01077	0.00873	0.01205	0.06067	0.00697	0.06744	0.05599	0.02236	0.07848	0.08322	0.01437	0.00698	0.00459	0.00161	0.00465	0.00524	0.00406	0.13951

[dist]
# distance from previous block
# <min> <max>
1	36

[block]
# block no. 3 follows, 42 sequences, length 12
# corresponding to MSA columns:
# 2100-2111
name=unknown_D
#
# <colnr> <probs for GDERKNQSTAVLIFYWHMCP>
#	G	D	E	R	K	N	Q	S	T	A	V	L	I	F	Y	W	H	M	C	P
0	0.01172	0.31753	0.19821	0.01032	0.01471	0.01378	0.01054	0.01437	0.01106	0.01475	0.01329	0.13121	0.01344	0.10610	0.00773	0.00199	0.00589	0.00590	0.00304	0.09441
1	0.01198	0.01000	0.01121	0.00861	0.01283	0.00863	0.00685	0.09217	0.07982	0.02004	0.02020	0.02054	0.14894	0.00661	0.00492	0.00122	0.00416	0.00536	0.00414	0.52176
2	0.01344	0.04507	0.45624	0.01449	0.02060	0.05672	0.01633	0.12710	0.01396	0.01961	0.01162	0.01329	0.03096	0.00627	0.00671	0.00177	0.09120	0.00451	0.00304	0.04707
3	0.01376	0.28083	0.07328	0.01857	0.02411	0.01686	0.45916	0.01762	0.01259	0.01641	0.01012	0.01293	0.00802	0.00480	0.00555	0.00166	0.00826	0.00529	0.00267	0.00751
4	0.00791	0.00505	0.00682	0.00755	0.00798	0.00478	0.00518	0.00786	0.00993	0.01303	0.02659	0.42484	0.10482	0.01782	0.01212	0.28194	0.00385	0.04370	0.00429	0.00390
5	0.00955	0.00782	0.01017	0.00934	0.00945	0.00957	0.00678	0.01018	0.00842	0.01202	0.01398	0.02705	0.01540	0.45604	0.10476	0.00483	0.27022	0.00686	0.00305	0.00450
6	0.00978	0.00489	0.00733	0.00733	0.00733	0.00489	0.00489	0.00733	0.00733	0.00978	0.00978	0.01711	0.00978	0.01955	0.02199	0.83627	0.00489	0.00489	0.00244	0.00244
7	0.01505	0.80561	0.02949	0.00963	0.01444	0.02227	0.00963	0.01685	0.01143	0.01324	0.00782	0.00903	0.00722	0.00481	0.00361	0.00120	0.00602	0.00301	0.00241	0.00722
8	0.02139	0.01576	0.01689	0.01295	0.01745	0.01745	0.01070	0.74835	0.02646	0.03547	0.01351	0.01351	0.00957	0.00676	0.00563	0.00169	0.00619	0.00507	0.00563	0.00957
9	0.00978	0.00489	0.00733	0.00733	0.00733	0.00489	0.00489	0.00733	0.00733	0.00978	0.00978	0.01711	0.00978	0.01955	0.02199	0.83627	0.00489	0.00489	0.00244	0.00244
10	0.01505	0.80561	0.02949	0.00963	0.01444	0.02227	0.00963	0.01685	0.01143	0.01324	0.00782	0.00903	0.00722	0.00481	0.00361	0.00120	0.00602	0.00301	0.00241	0.00722
11	0.01084	0.01029	0.01692	0.69231	0.03577	0.01309	0.01522	0.01427	0.01092	0.01427	0.00968	0.01467	0.00749	0.00615	0.00723	0.00195	0.10520	0.00499	0.00250	0.00624

[dist]
# distance from previous block
# <min> <max>
7	25

[block]
# block no. 4 follows, 42 sequences, length 8
# corresponding to MSA columns:
# 2137-2144
name=unknown_E
#
# <colnr> <probs for GDERKNQSTAVLIFYWHMCP>
#	G	D	E	R	K	N	Q	S	T	A	V	L	I	F	Y	W	H	M	C	P
0	0.02131	0.01832	0.01667	0.01331	0.01744	0.19373	0.01074	0.58047	0.02403	0.03045	0.01240	0.01273	0.00903	0.00653	0.00550	0.00163	0.00711	0.00473	0.00500	0.00887
1	0.01383	0.01389	0.01266	0.00976	0.01428	0.18609	0.00764	0.01609	0.01266	0.01728	0.00970	0.01132	0.00808	0.00455	0.00438	0.00098	0.00555	0.00340	0.00323	0.64463
2	0.01063	0.01000	0.01688	0.78870	0.03876	0.01250	0.01563	0.01438	0.01125	0.01438	0.01000	0.01500	0.00750	0.00563	0.00563	0.00188	0.00750	0.00500	0.00250	0.00625
3	0.01351	0.00894	0.01055	0.00942	0.01198	0.00902	0.00722	0.09885	0.18368	0.14333	0.12854	0.22804	0.05428	0.01065	0.00616	0.00187	0.00406	0.00921	0.00569	0.05499
4	0.01496	0.01507	0.01738	0.01459	0.01669	0.13376	0.07653	0.08624	0.18487	0.01829	0.01209	0.01435	0.00993	0.00798	0.01123	0.00206	0.34784	0.00522	0.00361	0.00729
5	0.01192	0.01119	0.01603	0.37208	0.02584	0.01430	0.01306	0.01771	0.18292	0.01624	0.01219	0.01557	0.00970	0.00738	0.00958	0.00206	0.24686	0.00529	0.00323	0.00684
6	0.01191	0.01019	0.01249	0.24798	0.02001	0.06057	0.00993	0.14406	0.01553	0.02020	0.19134	0.09601	0.07662	0.00946	0.00616	0.00187	0.00548	0.04933	0.00453	0.00633
7	0.01027	0.00889	0.01321	0.01125	0.01375	0.03227	0.16084	0.01292	0.03828	0.06220	0.03394	0.19095	0.28719	0.01198	0.00703	0.00202	0.02663	0.06581	0.00470	0.00587

[dist]
# distance from previous block
# <min> <max>
21	104

[block]
# block no. 5 follows, 42 sequences, length 18
# corresponding to MSA columns:
# 2255-2272
name=unknown_F
#
# <colnr> <probs for GDERKNQSTAVLIFYWHMCP>
#	G	D	E	R	K	N	Q	S	T	A	V	L	I	F	Y	W	H	M	C	P
0	0.01421	0.01226	0.01835	0.01442	0.01838	0.01267	0.23243	0.07494	0.32440	0.07866	0.02315	0.02290	0.11184	0.00751	0.00611	0.00188	0.00592	0.00702	0.00487	0.00806
1	0.01369	0.00987	0.01128	0.01019	0.01250	0.01048	0.00792	0.33664	0.01797	0.02428	0.02248	0.34498	0.02334	0.01204	0.00637	0.00200	0.00470	0.07318	0.04922	0.00688
2	0.17109	0.01371	0.01232	0.01104	0.01428	0.11399	0.00861	0.02633	0.49428	0.04764	0.01818	0.01728	0.01368	0.00692	0.00522	0.00181	0.00519	0.00536	0.00497	0.00809
3	0.00754	0.00496	0.00629	0.00735	0.00786	0.00470	0.00498	0.00883	0.01097	0.01561	0.02864	0.65224	0.03293	0.01555	0.00657	0.00210	0.00314	0.01398	0.16107	0.00470
4	0.01559	0.01223	0.01311	0.01140	0.01480	0.01380	0.00898	0.12341	0.58859	0.07868	0.02250	0.02074	0.03526	0.00764	0.00573	0.00187	0.00466	0.00628	0.00579	0.00894
5	0.00924	0.00743	0.00908	0.00808	0.01073	0.00602	0.00594	0.01098	0.01122	0.01634	0.02059	0.40818	0.02289	0.01095	0.00569	0.00157	0.00371	0.00972	0.00429	0.41735
6	0.01587	0.01257	0.01351	0.01156	0.01488	0.01412	0.00912	0.29462	0.39262	0.02684	0.02041	0.11450	0.01683	0.00855	0.00587	0.00187	0.00495	0.00707	0.00563	0.00862
7	0.01287	0.01072	0.01232	0.00891	0.01385	0.00873	0.00717	0.10509	0.01350	0.02046	0.01044	0.01190	0.00849	0.00449	0.00435	0.00094	0.00442	0.00355	0.00362	0.73420
8	0.02139	0.01576	0.01689	0.01295	0.01745	0.01745	0.01070	0.74835	0.02646	0.03547	0.01351	0.01351	0.00957	0.00676	0.00563	0.00169	0.00619	0.00507	0.00563	0.00957
9	0.01167	0.01000	0.01167	0.00834	0.01334	0.00750	0.00667	0.01417	0.01167	0.01834	0.01000	0.01167	0.00834	0.00417	0.00417	0.00083	0.00417	0.00333	0.00333	0.83663
10	0.01162	0.01237	0.10596	0.00929	0.01470	0.00819	0.00842	0.01462	0.01170	0.01827	0.01001	0.01170	0.00819	0.00431	0.00431	0.00095	0.00468	0.00344	0.00322	0.73405
11	0.01938	0.02409	0.01808	0.01555	0.01875	0.61633	0.10734	0.02202	0.05458	0.01484	0.00976	0.01145	0.00795	0.00588	0.00571	0.00156	0.03272	0.00420	0.00303	0.00678
12	0.02081	0.01547	0.01656	0.01283	0.01723	0.01718	0.01055	0.69149	0.08427	0.03452	0.01425	0.01410	0.01017	0.00683	0.00564	0.00171	0.00606	0.00517	0.00564	0.00952
13	0.01167	0.01000	0.01167	0.00834	0.01334	0.00750	0.00667	0.01417	0.01167	0.01834	0.01000	0.01167	0.00834	0.00417	0.00417	0.00083	0.00417	0.00333	0.00333	0.83663
14	0.01469	0.01194	0.01135	0.00971	0.01174	0.10579	0.00705	0.28549	0.01595	0.02041	0.01504	0.02484	0.01477	0.40748	0.01716	0.00356	0.00631	0.00646	0.00417	0.00609
15	0.01407	0.01389	0.01195	0.01091	0.01359	0.19604	0.00843	0.05562	0.31480	0.02023	0.12088	0.02717	0.11254	0.00890	0.00591	0.00181	0.00551	0.04556	0.00501	0.00718
16	0.01100	0.00847	0.01039	0.00866	0.01191	0.00739	0.00695	0.05174	0.01313	0.04267	0.13397	0.02654	0.05482	0.01241	0.10701	0.00240	0.00555	0.09522	0.00429	0.38548
17	0.01760	0.01521	0.01414	0.01204	0.01532	0.20749	0.03235	0.18420	0.13078	0.11572	0.01730	0.13737	0.01492	0.00817	0.00570	0.00172	0.00630	0.00664	0.00484	0.05216

[dist]
# distance from previous block
# <min> <max>
14	33

[block]
# block no. 6 follows, 42 sequences, length 10
# corresponding to MSA columns:
# 2311-2320
name=unknown_G
#
# <colnr> <probs for GDERKNQSTAVLIFYWHMCP>
#	G	D	E	R	K	N	Q	S	T	A	V	L	I	F	Y	W	H	M	C	P
0	0.01484	0.01016	0.01617	0.07875	0.10167	0.01007	0.12669	0.01912	0.09804	0.20862	0.02003	0.09462	0.01749	0.03957	0.00716	0.00211	0.00588	0.11673	0.00477	0.00749
1	0.01352	0.01355	0.01992	0.18828	0.49691	0.08830	0.01554	0.01665	0.01280	0.01691	0.01298	0.01612	0.05247	0.00576	0.00560	0.00171	0.00697	0.00527	0.00288	0.00788
2	0.01298	0.01216	0.02041	0.03019	0.64682	0.01209	0.01537	0.01622	0.01331	0.01905	0.13007	0.01839	0.01592	0.00604	0.00574	0.00169	0.00605	0.00583	0.00333	0.00834
3	0.01183	0.01071	0.01453	0.01280	0.01344	0.01402	0.01041	0.08477	0.01072	0.01574	0.01223	0.11459	0.01248	0.01567	0.13649	0.00341	0.49030	0.00653	0.00322	0.00611
4	0.01373	0.01394	0.02127	0.01724	0.05152	0.13278	0.34034	0.01700	0.03082	0.06019	0.01686	0.09742	0.04318	0.07821	0.00833	0.00219	0.00767	0.03692	0.00363	0.00674
5	0.01511	0.01442	0.01324	0.01194	0.01507	0.13539	0.00922	0.02873	0.63946	0.02199	0.02065	0.01928	0.01560	0.00734	0.00562	0.00184	0.00536	0.00593	0.00528	0.00853
6	0.01666	0.01340	0.01231	0.01110	0.01359	0.20721	0.00852	0.04970	0.10392	0.19460	0.04486	0.20418	0.01933	0.00977	0.00664	0.00187	0.04752	0.02272	0.00500	0.00710
7	0.00890	0.00758	0.00785	0.00855	0.00938	0.08163	0.00591	0.04089	0.01198	0.01515	0.02904	0.62450	0.07118	0.03979	0.00754	0.00225	0.00411	0.01385	0.00496	0.00495
8	0.01508	0.01618	0.01438	0.05394	0.01647	0.31812	0.06971	0.08949	0.03053	0.01677	0.01678	0.19489	0.01703	0.04270	0.00697	0.00199	0.00731	0.06146	0.00392	0.00628
9	0.06554	0.01847	0.03304	0.01467	0.01814	0.29918	0.12881	0.10652	0.11040	0.04494	0.01261	0.03967	0.01018	0.00667	0.00648	0.00175	0.06658	0.00519	0.00378	0.00738

[dist]
# distance from previous block
# <min> <max>
3	223

[block]
# block no. 7 follows, 42 sequences, length 21
# corresponding to MSA columns:
# 2563-2583
name=unknown_H
#
# <colnr> <probs for GDERKNQSTAVLIFYWHMCP>
#	G	D	E	R	K	N	Q	S	T	A	V	L	I	F	Y	W	H	M	C	P
0	0.02728	0.10876	0.07373	0.14685	0.01906	0.06838	0.04981	0.13825	0.01525	0.03791	0.13304	0.06674	0.07588	0.00798	0.00567	0.00173	0.00598	0.00667	0.00413	0.00689
1	0.16788	0.02974	0.01190	0.01057	0.05349	0.04568	0.00802	0.04789	0.03858	0.01990	0.07222	0.02234	0.06466	0.00755	0.00591	0.00160	0.05460	0.08291	0.00396	0.25059
2	0.28222	0.05452	0.12110	0.00937	0.01331	0.01138	0.00873	0.10106	0.02718	0.02231	0.09938	0.05540	0.09429	0.00759	0.00496	0.00169	0.00482	0.00585	0.00412	0.07072
3	0.02744	0.01195	0.01608	0.05406	0.01784	0.01211	0.12230	0.10950	0.23100	0.05052	0.01544	0.03467	0.01201	0.00626	0.00565	0.00160	0.02087	0.00548	0.01894	0.22628
4	0.06705	0.00948	0.01071	0.00911	0.01183	0.04301	0.02105	0.04019	0.08164	0.19468	0.01850	0.12044	0.01684	0.19319	0.01085	0.00254	0.00497	0.00702	0.00472	0.13216
5	0.01533	0.01072	0.01251	0.00951	0.01399	0.00954	0.00765	0.10396	0.10771	0.15172	0.03914	0.01536	0.01204	0.00563	0.00487	0.00126	0.00450	0.00455	0.00463	0.46538
6	0.03971	0.01003	0.01658	0.76137	0.03778	0.01251	0.01530	0.01445	0.01119	0.01476	0.00993	0.01480	0.00745	0.00561	0.00555	0.00187	0.00739	0.00493	0.00253	0.00625
7	0.01901	0.01659	0.01542	0.01276	0.01656	0.15276	0.01017	0.39351	0.25330	0.02785	0.01559	0.01525	0.01154	0.00686	0.00556	0.00171	0.00636	0.00521	0.00517	0.00882
8	0.01063	0.01000	0.01688	0.78870	0.03876	0.01250	0.01563	0.01438	0.01125	0.01438	0.01000	0.01500	0.00750	0.00563	0.00563	0.00188	0.00750	0.00500	0.00250	0.00625
9	0.00713	0.00508	0.00675	0.00778	0.00814	0.00493	0.00522	0.00811	0.01030	0.01384	0.02785	0.63171	0.03291	0.10719	0.09159	0.00335	0.00476	0.01407	0.00479	0.00449
10	0.01376	0.01420	0.01381	0.01134	0.01441	0.18913	0.00900	0.01569	0.01177	0.01581	0.00940	0.01213	0.00822	0.00830	0.05694	0.00188	0.19271	0.00395	0.00301	0.39452
11	0.01407	0.01295	0.01249	0.01129	0.01424	0.09431	0.00872	0.02698	0.59617	0.02240	0.10354	0.02218	0.02011	0.00787	0.00576	0.00184	0.00486	0.00649	0.00548	0.00826
12	0.01455	0.41685	0.23407	0.01198	0.01755	0.01827	0.01278	0.09622	0.09577	0.01802	0.01073	0.01163	0.00855	0.00548	0.00454	0.00149	0.00651	0.00392	0.00311	0.00796
13	0.01370	0.01365	0.01260	0.00967	0.01422	0.17504	0.00758	0.01597	0.01260	0.01735	0.00972	0.01134	0.00810	0.00452	0.00436	0.00097	0.00547	0.00340	0.00324	0.65651
14	0.01773	0.01484	0.01456	0.01205	0.01565	0.09960	0.00961	0.37653	0.24082	0.02816	0.09545	0.01839	0.01619	0.00741	0.00570	0.00174	0.00574	0.00583	0.00542	0.00858
15	0.04795	0.00969	0.01172	0.00935	0.01241	0.00938	0.00743	0.01307	0.01085	0.01694	0.03775	0.04639	0.05018	0.06000	0.00920	0.00168	0.17503	0.00513	0.00342	0.46244
16	0.01405	0.36433	0.10612	0.01281	0.01714	0.06861	0.09257	0.01831	0.10265	0.01568	0.01251	0.01391	0.04229	0.00623	0.00621	0.00161	0.09003	0.00459	0.00302	0.00732
17	0.07150	0.18788	0.01879	0.01198	0.01625	0.10160	0.01011	0.43185	0.05347	0.02709	0.01181	0.01223	0.00893	0.00617	0.00500	0.00157	0.00639	0.00439	0.00450	0.00848
18	0.04938	0.01045	0.01287	0.01116	0.01222	0.01308	0.00884	0.10321	0.06106	0.01768	0.01255	0.01893	0.01173	0.17263	0.01588	0.00279	0.35839	0.00566	0.09540	0.00608
19	0.16030	0.01480	0.01486	0.01179	0.01595	0.05105	0.00965	0.49702	0.06873	0.08109	0.01350	0.01347	0.00965	0.00652	0.00525	0.00170	0.00586	0.00478	0.00523	0.00880
20	0.05103	0.13641	0.01814	0.01223	0.01655	0.06609	0.01025	0.51513	0.07164	0.02952	0.01275	0.01295	0.00944	0.00640	0.00521	0.00162	0.00623	0.00467	0.00489	0.00884

[dist]
# distance from previous block
# <min> <max>
8	89

[block]
# block no. 8 follows, 42 sequences, length 6
# corresponding to MSA columns:
# 2693-2698
name=unknown_I
#
# <colnr> <probs for GDERKNQSTAVLIFYWHMCP>
#	G	D	E	R	K	N	Q	S	T	A	V	L	I	F	Y	W	H	M	C	P
0	0.01622	0.01756	0.01731	0.01445	0.01758	0.34333	0.15836	0.01915	0.04368	0.06520	0.10566	0.02119	0.04647	0.00752	0.00638	0.00174	0.03761	0.04999	0.00388	0.00671
1	0.00894	0.00697	0.00859	0.00734	0.00977	0.00590	0.00563	0.01146	0.01448	0.02082	0.49655	0.03415	0.09086	0.00959	0.00593	0.00151	0.00310	0.00833	0.00530	0.24477
2	0.00940	0.00760	0.00925	0.00810	0.01090	0.00612	0.00599	0.01119	0.01125	0.01647	0.01990	0.38216	0.02194	0.01051	0.00559	0.00152	0.00374	0.00930	0.00422	0.44486
3	0.01031	0.00910	0.01498	0.16021	0.24147	0.00941	0.04730	0.01293	0.01193	0.01613	0.01993	0.26920	0.02119	0.01072	0.00648	0.00206	0.00566	0.12070	0.00388	0.00641
4	0.01507	0.01105	0.01248	0.01019	0.01319	0.01174	0.00816	0.40100	0.02150	0.02939	0.36694	0.02694	0.03007	0.00899	0.00610	0.00173	0.00453	0.00747	0.00590	0.00756
5	0.01167	0.01000	0.01167	0.00834	0.01334	0.00750	0.00667	0.01417	0.01167	0.01834	0.01000	0.01167	0.00834	0.00417	0.00417	0.00083	0.00417	0.00333	0.00333	0.83663

[dist]
# distance from previous block
# <min> <max>
4	17

[block]
# block no. 9 follows, 42 sequences, length 15
# corresponding to MSA columns:
# 2716-2730
name=unknown_J
#
# <colnr> <probs for GDERKNQSTAVLIFYWHMCP>
#	G	D	E	R	K	N	Q	S	T	A	V	L	I	F	Y	W	H	M	C	P
0	0.00822	0.00651	0.00930	0.18591	0.01524	0.00674	0.00758	0.01063	0.01339	0.01820	0.36581	0.22439	0.08293	0.01185	0.00654	0.00193	0.00393	0.01054	0.00505	0.00531
1	0.64792	0.01110	0.00943	0.00816	0.01159	0.01264	0.00668	0.12023	0.01257	0.02646	0.07864	0.01281	0.01094	0.00602	0.00408	0.00174	0.00446	0.00399	0.00404	0.00652
2	0.00892	0.00643	0.00886	0.01007	0.01140	0.00637	0.00877	0.01143	0.01295	0.01674	0.03151	0.06289	0.07859	0.01546	0.00770	0.00255	0.00503	0.68398	0.00518	0.00515
3	0.61395	0.01196	0.01049	0.00881	0.01257	0.01355	0.00726	0.18722	0.01380	0.06159	0.00981	0.01061	0.00726	0.00566	0.00408	0.00173	0.00480	0.00364	0.00414	0.00706
4	0.01231	0.01231	0.01724	0.01477	0.01477	0.01724	0.01231	0.01354	0.00862	0.01354	0.00739	0.01231	0.00739	0.00985	0.01847	0.00246	0.79192	0.00492	0.00246	0.00616
5	0.01725	0.06788	0.01368	0.01081	0.01414	0.12073	0.00876	0.08783	0.19146	0.20763	0.02318	0.02546	0.09518	0.00846	0.00577	0.00180	0.00552	0.08135	0.00528	0.00784
6	0.00665	0.00570	0.00570	0.00570	0.00760	0.00475	0.00428	0.00808	0.01283	0.01520	0.05701	0.05416	0.76483	0.01425	0.00665	0.00190	0.00285	0.01188	0.00523	0.00475
7	0.01720	0.01299	0.02212	0.02444	0.36481	0.01260	0.16857	0.07683	0.01480	0.20780	0.01389	0.01547	0.01014	0.00558	0.00582	0.00174	0.00676	0.00552	0.00406	0.00885
8	0.01231	0.01231	0.01724	0.01477	0.01477	0.01724	0.01231	0.01354	0.00862	0.01354	0.00739	0.01231	0.00739	0.00985	0.01847	0.00246	0.79192	0.00492	0.00246	0.00616
9	0.06852	0.01006	0.01628	0.73429	0.03682	0.01251	0.01497	0.01453	0.01114	0.01514	0.00985	0.01460	0.00740	0.00560	0.00548	0.00187	0.00728	0.00487	0.00257	0.00624
10	0.00818	0.00546	0.00614	0.00614	0.00614	0.00546	0.00341	0.00818	0.00818	0.01091	0.01773	0.03683	0.02046	0.80222	0.02864	0.00546	0.00546	0.00818	0.00341	0.00341
11	0.01804	0.01493	0.01457	0.01279	0.04079	0.13133	0.00978	0.23979	0.29600	0.09653	0.05324	0.01772	0.01455	0.00713	0.00563	0.00174	0.00586	0.00563	0.00531	0.00863
12	0.07137	0.01278	0.01868	0.02594	0.49661	0.03659	0.01410	0.01900	0.13944	0.01937	0.01374	0.01797	0.01166	0.00711	0.02544	0.00196	0.00637	0.05006	0.00349	0.00831
13	0.02906	0.00851	0.01301	0.09769	0.18304	0.00850	0.02531	0.01406	0.01292	0.10266	0.23707	0.06253	0.02457	0.05887	0.00913	0.09011	0.00494	0.00733	0.00438	0.00631
14	0.00842	0.00571	0.00684	0.00676	0.00756	0.00546	0.00453	0.00948	0.01108	0.03995	0.18281	0.08955	0.13485	0.38755	0.05582	0.00395	0.00480	0.02596	0.00452	0.00441

[dist]
# distance from previous block
# <min> <max>
2	4

[block]
# block no. 10 follows, 42 sequences, length 12
# corresponding to MSA columns:
# 2736-2747
name=unknown_K
#
# <colnr> <probs for GDERKNQSTAVLIFYWHMCP>
#	G	D	E	R	K	N	Q	S	T	A	V	L	I	F	Y	W	H	M	C	P
0	0.09951	0.01164	0.01344	0.01075	0.01476	0.01202	0.00878	0.22135	0.13368	0.35695	0.01834	0.01707	0.01252	0.00812	0.03334	0.00202	0.00545	0.00537	0.00594	0.00898
1	0.01417	0.01228	0.01334	0.01184	0.01478	0.01446	0.00931	0.06107	0.65250	0.02313	0.02100	0.01983	0.01590	0.00781	0.00693	0.00195	0.07943	0.00617	0.00541	0.00868
2	0.01049	0.00525	0.00525	0.00525	0.00656	0.00525	0.00393	0.01311	0.01180	0.02098	0.01836	0.02098	0.01442	0.00656	0.00393	0.00131	0.00262	0.00525	0.83346	0.00525
3	0.01404	0.33158	0.02080	0.04180	0.11615	0.01681	0.01057	0.02147	0.29232	0.01803	0.01506	0.01716	0.01248	0.00648	0.00495	0.00163	0.00553	0.04134	0.00385	0.00795
4	0.00695	0.00494	0.00650	0.00772	0.00802	0.00463	0.00510	0.00786	0.01059	0.01412	0.03009	0.74510	0.03604	0.07268	0.00869	0.00251	0.00342	0.01545	0.00510	0.00449
5	0.01049	0.00525	0.00525	0.00525	0.00656	0.00525	0.00393	0.01311	0.01180	0.02098	0.01836	0.02098	0.01442	0.00656	0.00393	0.00131	0.00262	0.00525	0.83346	0.00525
6	0.01397	0.01616	0.02756	0.02054	0.02521	0.14526	0.54557	0.01777	0.01349	0.01693	0.01289	0.09273	0.01119	0.00622	0.00643	0.00186	0.00898	0.00706	0.00309	0.00710
