[name]
unknown

[dist]
# distance from previous block
# <min> <max>
9	156

[block]
# block no. 0 follows, 48 sequences, length 41
# corresponding to MSA columns:
# 181-221
name=unknown_A
#
# <colnr> <probs for GDERKNQSTAVLIFYWHMCP>
#	G	D	E	R	K	N	Q	S	T	A	V	L	I	F	Y	W	H	M	C	P
0	0.01600	0.01188	0.07538	0.17886	0.01902	0.01154	0.01041	0.24236	0.09763	0.20853	0.01524	0.06520	0.01145	0.00660	0.00522	0.00165	0.00540	0.00543	0.00458	0.00765
1	0.01736	0.09693	0.01344	0.00973	0.01327	0.01140	0.00797	0.03837	0.35698	0.34896	0.01899	0.01714	0.01330	0.00641	0.00499	0.00160	0.00437	0.00518	0.00538	0.00823
2	0.01147	0.11652	0.45539	0.01704	0.18176	0.01306	0.01591	0.01722	0.09307	0.01642	0.01030	0.01181	0.00783	0.00498	0.00477	0.00155	0.00664	0.00405	0.00258	0.00764
3	0.01754	0.01477	0.09776	0.01168	0.01585	0.01438	0.01030	0.61393	0.02137	0.04461	0.01342	0.07619	0.01057	0.00681	0.00522	0.00159	0.00562	0.00533	0.00481	0.00824
4	0.01241	0.28797	0.45708	0.01239	0.01855	0.01511	0.01461	0.09664	0.01212	0.01659	0.00886	0.01013	0.00677	0.00485	0.00438	0.00144	0.00668	0.00353	0.00249	0.00738
5	0.68998	0.01081	0.00910	0.00775	0.01111	0.01238	0.00639	0.16497	0.01179	0.02487	0.00817	0.00913	0.00619	0.00504	0.00356	0.00158	0.00430	0.00314	0.00356	0.00619
6	0.10987	0.00832	0.00814	0.00753	0.00926	0.09122	0.00573	0.01288	0.07457	0.02008	0.54862	0.03013	0.03624	0.00897	0.00549	0.00159	0.00347	0.00759	0.00500	0.00531
7	0.01065	0.01038	0.01885	0.40222	0.18016	0.01130	0.17322	0.01407	0.01110	0.01478	0.01142	0.01825	0.00972	0.00582	0.00552	0.00175	0.00685	0.08495	0.00266	0.00633
8	0.00744	0.00507	0.00609	0.00609	0.00626	0.00524	0.00373	0.00778	0.00761	0.01031	0.01572	0.03108	0.01757	0.67400	0.17030	0.00558	0.00661	0.00710	0.00304	0.00338
9	0.00612	0.00500	0.00541	0.00573	0.00707	0.00429	0.00414	0.00730	0.01118	0.01365	0.04548	0.25966	0.57950	0.01384	0.00620	0.00183	0.00270	0.01186	0.00476	0.00429
10	0.00979	0.00912	0.01488	0.72180	0.03286	0.01091	0.01338	0.01309	0.01030	0.01350	0.00912	0.01335	0.00692	0.00499	0.00499	0.00161	0.00651	0.00440	0.00236	0.09612
11	0.00623	0.00455	0.00586	0.00691	0.00738	0.00419	0.00466	0.00717	0.01005	0.01319	0.03110	0.72514	0.12330	0.01571	0.00649	0.00204	0.00293	0.01414	0.00476	0.00419
12	0.01100	0.01046	0.01777	0.46835	0.36406	0.01175	0.01490	0.01426	0.01088	0.01471	0.00935	0.01325	0.00740	0.00489	0.00511	0.00163	0.00651	0.00457	0.00239	0.00676
13	0.01029	0.02654	0.79309	0.01462	0.02221	0.01192	0.01896	0.01625	0.01083	0.01625	0.00921	0.01083	0.00650	0.00487	0.00487	0.00162	0.00758	0.00379	0.00217	0.00758
14	0.01372	0.82276	0.02689	0.00878	0.01317	0.02030	0.00878	0.01536	0.01043	0.01207	0.00713	0.00823	0.00658	0.00439	0.00329	0.00110	0.00549	0.00274	0.00219	0.00658
15	0.01590	0.00828	0.01115	0.00939	0.01140	0.00872	0.00750	0.01730	0.01139	0.38871	0.01688	0.02267	0.01395	0.17924	0.01237	0.00251	0.18655	0.06496	0.00461	0.00652
16	0.01085	0.01232	0.10101	0.01165	0.01641	0.03371	0.18669	0.01391	0.01121	0.01624	0.01280	0.01445	0.06935	0.00482	0.00465	0.00118	0.00543	0.00446	0.00296	0.46589
17	0.00699	0.00536	0.00642	0.00613	0.00755	0.00485	0.00460	0.00931	0.03069	0.01838	0.52555	0.04155	0.29136	0.01124	0.00604	0.00166	0.00252	0.00971	0.00535	0.00475
18	0.85592	0.00992	0.00754	0.00675	0.00992	0.01151	0.00556	0.01508	0.00873	0.02302	0.00714	0.00834	0.00556	0.00476	0.00318	0.00159	0.00397	0.00278	0.00318	0.00556
19	0.19150	0.01479	0.06573	0.07455	0.33714	0.15875	0.05464	0.01638	0.01147	0.01700	0.00878	0.01115	0.00709	0.00479	0.00464	0.00153	0.00652	0.00399	0.00266	0.00691
20	0.01088	0.04833	0.63545	0.01322	0.01979	0.01115	0.01641	0.01607	0.01146	0.06548	0.09282	0.01411	0.01138	0.00555	0.00497	0.00160	0.00676	0.00443	0.00280	0.00733
21	0.00635	0.00521	0.00560	0.00550	0.00711	0.00446	0.00413	0.00793	0.01238	0.01549	0.22956	0.04670	0.60699	0.01239	0.00606	0.00170	0.00256	0.01045	0.00498	0.00446
22	0.00661	0.00469	0.00610	0.00681	0.00727	0.00441	0.00458	0.00772	0.01054	0.01430	0.18656	0.55905	0.03518	0.11044	0.00877	0.00233	0.00310	0.01262	0.00475	0.00418
23	0.01513	0.01067	0.01342	0.22812	0.01967	0.01188	0.00995	0.23768	0.17346	0.14783	0.01557	0.06814	0.01196	0.00673	0.00525	0.00167	0.00526	0.00560	0.00455	0.00747
24	0.00652	0.00481	0.00614	0.00700	0.00771	0.00444	0.00500	0.00776	0.01073	0.01407	0.09275	0.54108	0.16389	0.01490	0.00648	0.00202	0.00305	0.09252	0.00483	0.00431
25	0.01197	0.10884	0.02119	0.06978	0.13057	0.09633	0.27792	0.01489	0.01117	0.01437	0.01025	0.01384	0.00857	0.01173	0.17282	0.00296	0.00893	0.00494	0.00256	0.00638
26	0.01946	0.00794	0.01077	0.00853	0.01187	0.00693	0.00693	0.02155	0.01465	0.61716	0.19296	0.02218	0.02077	0.00729	0.00536	0.00159	0.00393	0.00609	0.00619	0.00785
27	0.00734	0.00545	0.00803	0.00803	0.00887	0.00629	0.00614	0.00902	0.00818	0.01175	0.01395	0.02127	0.01331	0.10352	0.73497	0.00797	0.01301	0.00566	0.00278	0.00446
28	0.01064	0.00912	0.01064	0.00760	0.01216	0.00684	0.00608	0.01292	0.01064	0.01672	0.00912	0.01064	0.00760	0.00380	0.00380	0.00076	0.00380	0.00304	0.00304	0.85104
29	0.00975	0.00920	0.01540	0.77827	0.03454	0.01156	0.01414	0.01308	0.01017	0.01308	0.00903	0.01359	0.00684	0.00527	0.00556	0.00173	0.03627	0.00456	0.00228	0.00570
30	0.01798	0.01664	0.01627	0.01658	0.19012	0.24239	0.01109	0.35910	0.01824	0.04650	0.01069	0.01167	0.00810	0.00555	0.00497	0.00147	0.00676	0.00424	0.00386	0.00778
31	0.01656	0.01248	0.01474	0.01407	0.12615	0.01357	0.01008	0.42597	0.16026	0.06539	0.01510	0.01752	0.01178	0.00673	0.00530	0.00164	0.00528	0.06437	0.00480	0.00821
32	0.00895	0.00576	0.00656	0.00605	0.00804	0.00493	0.00465	0.01056	0.01269	0.13724	0.18245	0.04232	0.52793	0.01149	0.00592	0.00169	0.00284	0.00965	0.00518	0.00512
33	0.01479	0.01248	0.18716	0.01011	0.01383	0.00899	0.00954	0.14021	0.01376	0.26529	0.01782	0.18502	0.01560	0.07270	0.00705	0.00196	0.00506	0.00694	0.00461	0.00706
34	0.00620	0.00468	0.00573	0.00658	0.00729	0.00422	0.00451	0.00721	0.01037	0.01332	0.03517	0.59346	0.25235	0.01518	0.00641	0.00198	0.00287	0.01349	0.00476	0.00422
35	0.01222	0.01143	0.01675	0.19409	0.28536	0.07300	0.06908	0.01502	0.01158	0.05091	0.02918	0.04926	0.00994	0.00534	0.00501	0.00147	0.00602	0.00492	0.00293	0.14650
36	0.40041	0.01055	0.01138	0.17709	0.01693	0.01193	0.00851	0.17479	0.01301	0.11599	0.01024	0.01141	0.00736	0.00533	0.00424	0.00160	0.00498	0.00383	0.00378	0.00664
37	0.01381	0.00855	0.00988	0.00845	0.01138	0.00848	0.00667	0.02018	0.28818	0.24697	0.07765	0.02629	0.19042	0.00821	0.00537	0.00163	0.00370	0.00683	0.00536	0.05198
38	0.01206	0.50974	0.26384	0.01047	0.01553	0.01641	0.01163	0.01499	0.01050	0.01345	0.00946	0.07329	0.00873	0.00547	0.00404	0.00134	0.00594	0.00401	0.00239	0.00670
39	0.01627	0.01679	0.07571	0.19142	0.01981	0.34223	0.01081	0.01865	0.01309	0.16256	0.03142	0.01280	0.00899	0.00548	0.00485	0.00146	0.00716	0.00413	0.00334	0.05304
40	0.01903	0.01484	0.01509	0.01181	0.01574	0.06951	0.00965	0.66924	0.07399	0.03025	0.01259	0.01257	0.00905	0.00615	0.00510	0.00154	0.00579	0.00461	0.00497	0.00849

[dist]
# distance from previous block
# <min> <max>
2	4

[block]
# block no. 1 follows, 48 sequences, length 32
# corresponding to MSA columns:
# 286-317
name=unknown_B
#
# <colnr> <probs for GDERKNQSTAVLIFYWHMCP>
#	G	D	E	R	K	N	Q	S	T	A	V	L	I	F	Y	W	H	M	C	P
0	0.06561	0.10486	0.01605	0.01290	0.05646	0.01390	0.04513	0.01266	0.00870	0.01336	0.00846	0.01257	0.00791	0.01326	0.16037	0.00313	0.43207	0.00444	0.00243	0.00573
1	0.01192	0.01565	0.21576	0.07076	0.55193	0.01208	0.01647	0.01573	0.01139	0.01643	0.00951	0.01228	0.00764	0.00468	0.00503	0.00156	0.00651	0.00437	0.00243	0.00785
2	0.00733	0.00550	0.00825	0.00825	0.00916	0.00641	0.00641	0.00916	0.00825	0.01191	0.01374	0.02016	0.01283	0.03848	0.79934	0.00825	0.01374	0.00550	0.00275	0.00458
3	0.00746	0.00497	0.00560	0.00560	0.00560	0.00497	0.00311	0.00746	0.00746	0.00995	0.01617	0.03358	0.01865	0.81967	0.02612	0.00497	0.00497	0.00746	0.00311	0.00311
4	0.09575	0.02807	0.01550	0.19776	0.20953	0.22044	0.01159	0.03034	0.01242	0.11636	0.01021	0.01213	0.00776	0.00516	0.00477	0.00152	0.00666	0.00411	0.00310	0.00681
5	0.00624	0.00470	0.00572	0.00651	0.00722	0.00425	0.00444	0.00722	0.01029	0.01320	0.03483	0.55969	0.25577	0.04565	0.00715	0.00209	0.00294	0.01320	0.00470	0.00418
6	0.01268	0.01144	0.01577	0.11065	0.26864	0.01296	0.01178	0.07174	0.30175	0.01871	0.01370	0.01506	0.01071	0.00614	0.00644	0.00171	0.09384	0.00503	0.00367	0.00761
7	0.01068	0.02600	0.76935	0.01446	0.02193	0.01178	0.01861	0.01652	0.01095	0.03980	0.00954	0.01103	0.00669	0.00492	0.00488	0.00162	0.00749	0.00383	0.00229	0.00762
8	0.00743	0.00617	0.00793	0.00761	0.00863	0.00666	0.00586	0.00901	0.01089	0.01473	0.20406	0.12409	0.26473	0.01661	0.14778	0.00298	0.13702	0.00893	0.00420	0.00468
9	0.01917	0.02445	0.01454	0.01322	0.01586	0.79907	0.00991	0.02049	0.01454	0.01256	0.00793	0.00925	0.00661	0.00529	0.00463	0.00132	0.00925	0.00330	0.00264	0.00595
10	0.01913	0.01273	0.01356	0.01082	0.01450	0.06706	0.00877	0.39711	0.10749	0.23702	0.01583	0.04703	0.01150	0.00665	0.00517	0.00158	0.00525	0.00522	0.00529	0.00828
11	0.01316	0.01122	0.01183	0.01052	0.01349	0.01295	0.00822	0.07131	0.73370	0.02211	0.02038	0.01874	0.01525	0.00691	0.00522	0.00173	0.00415	0.00573	0.00522	0.00816
12	0.01237	0.01030	0.01137	0.10268	0.01494	0.05483	0.00833	0.06618	0.38403	0.05537	0.17677	0.02260	0.02077	0.00752	0.00540	0.00169	0.00447	0.02854	0.00485	0.00700
13	0.00669	0.00501	0.00621	0.00636	0.00743	0.00453	0.00460	0.00841	0.01251	0.01685	0.39556	0.26411	0.21757	0.01268	0.00620	0.00178	0.00262	0.01117	0.00519	0.00453
14	0.01156	0.01056	0.05876	0.08728	0.01638	0.01001	0.13355	0.20386	0.01594	0.02191	0.34357	0.02379	0.02532	0.00755	0.00566	0.00162	0.00498	0.00681	0.00449	0.00640
15	0.00688	0.00523	0.00633	0.00605	0.00743	0.00468	0.00454	0.00894	0.01362	0.01843	0.55040	0.04186	0.28431	0.01129	0.00606	0.00165	0.00248	0.00978	0.00537	0.00468
16	0.01192	0.00930	0.01000	0.00869	0.01125	0.00982	0.00681	0.26640	0.16220	0.02173	0.06611	0.11915	0.25586	0.00979	0.00565	0.00170	0.00393	0.00815	0.00502	0.00653
17	0.00625	0.00447	0.00595	0.00714	0.00744	0.00417	0.00476	0.00714	0.00982	0.01310	0.02828	0.81633	0.03394	0.01608	0.00655	0.00208	0.00298	0.01459	0.00476	0.00417
18	0.01776	0.05909	0.01412	0.01277	0.10385	0.20972	0.00909	0.05797	0.10472	0.27801	0.01705	0.01647	0.06402	0.00629	0.00498	0.00151	0.00577	0.00493	0.00443	0.00746
19	0.01008	0.01147	0.10663	0.63322	0.11303	0.01154	0.01496	0.01375	0.01048	0.01386	0.00919	0.01324	0.00694	0.00504	0.00509	0.00168	0.00685	0.00447	0.00229	0.00618
20	0.01903	0.01414	0.01513	0.01171	0.01573	0.01569	0.00964	0.71824	0.07722	0.03157	0.01292	0.01280	0.00921	0.00622	0.00514	0.00155	0.00553	0.00470	0.00514	0.00868
21	0.00626	0.00463	0.00585	0.00676	0.00736	0.00422	0.00461	0.00728	0.01034	0.01352	0.06133	0.64645	0.17205	0.01530	0.00644	0.00200	0.00289	0.01370	0.00480	0.00422
22	0.01192	0.40452	0.42936	0.01185	0.01792	0.01590	0.01413	0.01583	0.01064	0.01427	0.00822	0.00960	0.00654	0.00464	0.00412	0.00137	0.00659	0.00329	0.00218	0.00711
23	0.11681	0.38977	0.02069	0.24880	0.02039	0.03741	0.05758	0.02998	0.01066	0.01443	0.00806	0.01034	0.00665	0.00471	0.00407	0.00140	0.00601	0.00355	0.00244	0.00624
24	0.00625	0.00447	0.00595	0.00714	0.00744	0.00417	0.00476	0.00714	0.00982	0.01310	0.02828	0.81633	0.03394	0.01608	0.00655	0.00208	0.00298	0.01459	0.00476	0.00417
25	0.00726	0.00524	0.00686	0.00646	0.00767	0.00484	0.00484	0.00968	0.01452	0.02058	0.78496	0.03833	0.04841	0.01049	0.00605	0.00161	0.00242	0.00928	0.00565	0.00484
26	0.01372	0.82276	0.02689	0.00878	0.01317	0.02030	0.00878	0.01536	0.01043	0.01207	0.00713	0.00823	0.00658	0.00439	0.00329	0.00110	0.00549	0.00274	0.00219	0.00658
27	0.01390	0.01266	0.01614	0.43039	0.02672	0.09681	0.05473	0.25046	0.01515	0.01924	0.01006	0.01279	0.00746	0.00542	0.00513	0.00162	0.00683	0.00453	0.00323	0.00674
28	0.01343	0.75523	0.09188	0.00928	0.01394	0.01959	0.00964	0.01544	0.01046	0.01243	0.00731	0.00845	0.00658	0.00443	0.00343	0.00114	0.00567	0.00283	0.00219	0.00667
29	0.01114	0.16098	0.01210	0.00793	0.01026	0.04525	0.00648	0.05839	0.05813	0.07205	0.46139	0.02728	0.03197	0.00836	0.00530	0.00150	0.00373	0.00702	0.00485	0.00590
30	0.01064	0.00912	0.01064	0.00760	0.01216	0.00684	0.00608	0.01292	0.01064	0.01672	0.00912	0.01064	0.00760	0.00380	0.00380	0.00076	0.00380	0.00304	0.00304	0.85104
31	0.01109	0.01129	0.02080	0.35211	0.15179	0.01251	0.24209	0.01445	0.01077	0.01462	0.00931	0.01328	0.00732	0.00525	0.00677	0.00175	0.10094	0.00501	0.00241	0.00645

[dist]
# distance from previous block
# <min> <max>
0	99

[block]
# block no. 2 follows, 48 sequences, length 54
# corresponding to MSA columns:
# 417-470
name=unknown_C
#
# <colnr> <probs for GDERKNQSTAVLIFYWHMCP>
#	G	D	E	R	K	N	Q	S	T	A	V	L	I	F	Y	W	H	M	C	P
0	0.01406	0.77263	0.02611	0.00906	0.01334	0.06921	0.00885	0.01569	0.01068	0.01210	0.00718	0.00830	0.00659	0.00445	0.00338	0.00111	0.00572	0.00278	0.00222	0.00654
1	0.00672	0.00522	0.00611	0.00589	0.00733	0.00461	0.00442	0.00864	0.01325	0.01755	0.45410	0.04332	0.38117	0.01162	0.00606	0.00167	0.00250	0.00998	0.00525	0.00461
2	0.01917	0.02445	0.01454	0.01322	0.01586	0.79907	0.00991	0.02049	0.01454	0.01256	0.00793	0.00925	0.00661	0.00529	0.00463	0.00132	0.00925	0.00330	0.00264	0.00595
3	0.01372	0.82276	0.02689	0.00878	0.01317	0.02030	0.00878	0.01536	0.01043	0.01207	0.00713	0.00823	0.00658	0.00439	0.00329	0.00110	0.00549	0.00274	0.00219	0.00658
4	0.01847	0.02329	0.01464	0.01324	0.01565	0.73036	0.01003	0.01977	0.01395	0.01254	0.00783	0.00943	0.00662	0.00561	0.00570	0.00140	0.07952	0.00341	0.00261	0.00592
5	0.01782	0.22997	0.01828	0.01485	0.21464	0.01221	0.01001	0.01999	0.01275	0.37883	0.01394	0.01373	0.00986	0.00536	0.00463	0.00144	0.00512	0.00435	0.00423	0.00799
6	0.01064	0.00912	0.01064	0.00760	0.01216	0.00684	0.00608	0.01292	0.01064	0.01672	0.00912	0.01064	0.00760	0.00380	0.00380	0.00076	0.00380	0.00304	0.00304	0.85104
7	0.01003	0.02234	0.61669	0.01492	0.08731	0.01094	0.01668	0.01519	0.01129	0.01659	0.08332	0.01529	0.04568	0.00574	0.00506	0.00162	0.00675	0.00469	0.00264	0.00723
8	0.00759	0.00493	0.00569	0.00569	0.00569	0.00493	0.00323	0.00739	0.00739	0.00986	0.01553	0.03200	0.01780	0.74933	0.02558	0.07917	0.00493	0.00720	0.00303	0.00303
9	0.00682	0.00539	0.00679	0.00721	0.00800	0.00537	0.00526	0.00805	0.01068	0.01404	0.10312	0.43155	0.23615	0.01401	0.00730	0.00197	0.07372	0.04550	0.00462	0.00443
10	0.01917	0.02445	0.01454	0.01322	0.01586	0.79907	0.00991	0.02049	0.01454	0.01256	0.00793	0.00925	0.00661	0.00529	0.00463	0.00132	0.00925	0.00330	0.00264	0.00595
11	0.01085	0.00673	0.00840	0.00786	0.00963	0.00661	0.00591	0.01501	0.15405	0.15798	0.30114	0.24161	0.03201	0.01060	0.00587	0.00176	0.00323	0.00933	0.00546	0.00597
12	0.01064	0.00912	0.01064	0.00760	0.01216	0.00684	0.00608	0.01292	0.01064	0.01672	0.00912	0.01064	0.00760	0.00380	0.00380	0.00076	0.00380	0.00304	0.00304	0.85104
13	0.00733	0.00550	0.00825	0.00825	0.00916	0.00641	0.00641	0.00916	0.00825	0.01191	0.01374	0.02016	0.01283	0.03848	0.79934	0.00825	0.01374	0.00550	0.00275	0.00458
14	0.00971	0.00802	0.04513	0.00855	0.01096	0.00697	0.07294	0.08181	0.01445	0.06860	0.40530	0.03355	0.19423	0.00956	0.00586	0.00164	0.00366	0.00838	0.00503	0.00565
15	0.00694	0.00523	0.00641	0.00612	0.00747	0.00470	0.00459	0.00906	0.01376	0.01877	0.58788	0.04130	0.24662	0.01116	0.00606	0.00165	0.00247	0.00970	0.00541	0.00470
16	0.01277	0.41925	0.01900	0.00941	0.01289	0.01600	0.00830	0.01969	0.32416	0.01590	0.01333	0.01374	0.01084	0.00843	0.07391	0.00199	0.00563	0.00424	0.00348	0.00704
17	0.00668	0.00502	0.00618	0.00631	0.00741	0.00453	0.00457	0.00839	0.01252	0.01680	0.38944	0.25179	0.23629	0.01265	0.00619	0.00177	0.00262	0.01112	0.00518	0.00453
18	0.01345	0.73770	0.07906	0.01004	0.04303	0.01942	0.00974	0.01544	0.01050	0.01253	0.00737	0.00858	0.00664	0.00443	0.00347	0.00115	0.00565	0.00288	0.00221	0.00671
19	0.01029	0.02654	0.79309	0.01462	0.02221	0.01192	0.01896	0.01625	0.01083	0.01625	0.00921	0.01083	0.00650	0.00487	0.00487	0.00162	0.00758	0.00379	0.00217	0.00758
20	0.01871	0.01849	0.01414	0.01209	0.01529	0.40907	0.00941	0.22485	0.12263	0.08745	0.01199	0.01217	0.00897	0.00585	0.00489	0.00146	0.00713	0.00417	0.00400	0.00724
21	0.01276	0.01102	0.01160	0.01044	0.01334	0.01276	0.00812	0.02727	0.77840	0.02146	0.02088	0.01914	0.01566	0.00696	0.00522	0.00174	0.00406	0.00580	0.00522	0.00812
22	0.01323	0.01050	0.01238	0.00922	0.01352	0.00940	0.02843	0.21409	0.01440	0.03914	0.01100	0.01325	0.00891	0.00492	0.00438	0.00108	0.00448	0.03400	0.00373	0.54994
23	0.00803	0.00608	0.00688	0.00627	0.00814	0.00535	0.00467	0.03997	0.01234	0.03776	0.21071	0.07306	0.36594	0.08604	0.00762	0.00190	0.00311	0.00902	0.00468	0.10242
24	0.35695	0.06564	0.42707	0.01106	0.01665	0.01223	0.01288	0.01572	0.00995	0.01878	0.00824	0.00966	0.00612	0.00480	0.00409	0.00158	0.00598	0.00332	0.00258	0.00670
25	0.01522	0.01224	0.01299	0.01094	0.01428	0.01391	0.00872	0.29835	0.50330	0.02543	0.01776	0.01665	0.01313	0.00667	0.00519	0.00167	0.00464	0.00537	0.00519	0.00834
26	0.00820	0.00678	0.00807	0.00863	0.07662	0.00647	0.00585	0.04500	0.08432	0.01747	0.24199	0.03869	0.41121	0.01071	0.00585	0.00167	0.00313	0.00911	0.00487	0.00535
27	0.00668	0.00522	0.00605	0.00585	0.00731	0.00459	0.00438	0.00856	0.01315	0.01732	0.42973	0.04368	0.40568	0.01170	0.00606	0.00167	0.00251	0.01003	0.00522	0.00459
28	0.00746	0.00497	0.00560	0.00560	0.00560	0.00497	0.00311	0.00746	0.00746	0.00995	0.01617	0.03358	0.01865	0.81967	0.02612	0.00497	0.00497	0.00746	0.00311	0.00311
29	0.01300	0.04125	0.37497	0.01431	0.05661	0.22511	0.02676	0.01774	0.07905	0.01532	0.01063	0.04756	0.00869	0.00582	0.00542	0.00158	0.04212	0.00440	0.00271	0.00694
30	0.45075	0.01283	0.15185	0.22501	0.01919	0.01168	0.01045	0.03580	0.00995	0.01937	0.00820	0.01034	0.00616	0.00492	0.00407	0.00163	0.00545	0.00350	0.00281	0.00605
31	0.00645	0.00521	0.00573	0.00560	0.00717	0.00449	0.00420	0.00810	0.01260	0.01601	0.28625	0.04585	0.54998	0.01219	0.00606	0.00169	0.00254	0.01033	0.00505	0.00449
32	0.01181	0.01264	0.03818	0.02280	0.26447	0.01214	0.41272	0.01522	0.01133	0.01576	0.01046	0.01503	0.00877	0.07617	0.00802	0.00197	0.04739	0.00559	0.00260	0.00691
33	0.02302	0.00873	0.01191	0.00913	0.01310	0.00754	0.00754	0.02501	0.01469	0.79122	0.02024	0.01746	0.01270	0.00635	0.00516	0.00159	0.00437	0.00516	0.00635	0.00873
34	0.00804	0.00677	0.00632	0.00618	0.00702	0.07443	0.00404	0.00868	0.00977	0.01194	0.06501	0.03667	0.26126	0.45324	0.01690	0.00346	0.00447	0.00825	0.00372	0.00383
35	0.01372	0.82276	0.02689	0.00878	0.01317	0.02030	0.00878	0.01536	0.01043	0.01207	0.00713	0.00823	0.00658	0.00439	0.00329	0.00110	0.00549	0.00274	0.00219	0.00658
36	0.00969	0.00912	0.01539	0.80734	0.03534	0.01140	0.01425	0.01311	0.01026	0.01311	0.00912	0.01368	0.00684	0.00513	0.00513	0.00171	0.00684	0.00456	0.00228	0.00570
37	0.01372	0.82276	0.02689	0.00878	0.01317	0.02030	0.00878	0.01536	0.01043	0.01207	0.00713	0.00823	0.00658	0.00439	0.00329	0.00110	0.00549	0.00274	0.00219	0.00658
38	0.01259	0.01249	0.02253	0.02971	0.65017	0.01233	0.15188	0.01587	0.01176	0.01670	0.00978	0.01291	0.00807	0.00453	0.00526	0.00156	0.00656	0.00484	0.00255	0.00791
39	0.01064	0.00912	0.01064	0.00760	0.01216	0.00684	0.00608	0.01292	0.01064	0.01672	0.00912	0.01064	0.00760	0.00380	0.00380	0.00076	0.00380	0.00304	0.00304	0.85104
40	0.01917	0.02445	0.01454	0.01322	0.01586	0.79907	0.00991	0.02049	0.01454	0.01256	0.00793	0.00925	0.00661	0.00529	0.00463	0.00132	0.00925	0.00330	0.00264	0.00595
41	0.01276	0.01102	0.01160	0.01044	0.01334	0.01276	0.00812	0.02727	0.77840	0.02146	0.02088	0.01914	0.01566	0.00696	0.00522	0.00174	0.00406	0.00580	0.00522	0.00812
42	0.01064	0.00912	0.01064	0.00760	0.01216	0.00684	0.00608	0.01292	0.01064	0.01672	0.00912	0.01064	0.00760	0.00380	0.00380	0.00076	0.00380	0.00304	0.00304	0.85104
43	0.01917	0.02445	0.01454	0.01322	0.01586	0.79907	0.00991	0.02049	0.01454	0.01256	0.00793	0.00925	0.00661	0.00529	0.00463	0.00132	0.00925	0.00330	0.00264	0.00595
44	0.01951	0.01437	0.01540	0.01181	0.01591	0.01591	0.00975	0.77056	0.02412	0.03234	0.01232	0.01232	0.00873	0.00616	0.00513	0.00154	0.00565	0.00462	0.00513	0.00873
45	0.01199	0.42186	0.41267	0.01172	0.01772	0.01608	0.01390	0.01581	0.01063	0.01418	0.00818	0.00954	0.00654	0.00463	0.00409	0.00136	0.00654	0.00327	0.00218	0.00709
46	0.00686	0.00508	0.00641	0.00640	0.00750	0.00462	0.00467	0.00879	0.01310	0.01795	0.51113	0.20129	0.16313	0.01205	0.00616	0.00173	0.00256	0.01063	0.00532	0.00462
47	0.01119	0.01602	0.22977	0.01582	0.01917	0.01400	0.20273	0.01443	0.00973	0.01443	0.00832	0.01177	0.00693	0.00671	0.01091	0.00195	0.39264	0.00469	0.00231	0.00647
48	0.00740	0.00523	0.00691	0.00691	0.00737	0.00569	0.00475	0.00831	0.00785	0.01092	0.01496	0.02691	0.01576	0.43182	0.41002	0.00660	0.00933	0.00649	0.00293	0.00384
49	0.01863	0.01147	0.01301	0.01019	0.01366	0.01206	0.00820	0.44543	0.03747	0.23440	0.01520	0.01681	0.01134	0.11857	0.00804	0.00203	0.00517	0.00519	0.00519	0.00794
50	0.00721	0.00540	0.00690	0.00774	0.00890	0.00509	0.00628	0.00896	0.01137	0.01446	0.03458	0.21257	0.24917	0.01423	0.00668	0.00212	0.00375	0.38536	0.00474	0.00450
51	0.13515	0.01211	0.01458	0.01121	0.01522	0.01271	0.07514	0.38067	0.03625	0.23481	0.01378	0.01346	0.00945	0.00588	0.00495	0.00158	0.00529	0.00467	0.00497	0.00812
52	0.01429	0.01030	0.01348	0.01187	0.04774	0.01070	0.08039	0.02290	0.39833	0.17944	0.01907	0.02087	0.01468	0.00691	0.00535	0.00169	0.00469	0.07102	0.00491	0.06134
53	0.01045	0.01000	0.01455	0.01592	0.22216	0.07763	0.11377	0.01320	0.01342	0.01827	0.39997	0.02546	0.02823	0.00758	0.00566	0.00158	0.00488	0.00704	0.00412	0.00612

[dist]
# distance from previous block
# <min> <max>
0	3

[block]
# block no. 3 follows, 48 sequences, length 185
# corresponding to MSA columns:
# 474-522,524-659
name=unknown_D
#
# <colnr> <probs for GDERKNQSTAVLIFYWHMCP>
#	G	D	E	R	K	N	Q	S	T	A	V	L	I	F	Y	W	H	M	C	P
0	0.00999	0.00951	0.01198	0.01088	0.01223	0.07240	0.07982	0.01359	0.13898	0.01463	0.01950	0.35678	0.03300	0.01100	0.00832	0.00196	0.17677	0.00918	0.00393	0.00555
1	0.01408	0.01115	0.01161	0.01011	0.01280	0.07363	0.00822	0.33786	0.05596	0.03455	0.10972	0.05193	0.06935	0.00910	0.00573	0.00175	0.00498	0.16584	0.00489	0.00674
2	0.03057	0.14783	0.07947	0.01635	0.25305	0.01152	0.01114	0.01944	0.01256	0.33241	0.01347	0.01364	0.00956	0.00528	0.00474	0.00147	0.00533	0.00439	0.00403	0.02377
3	0.01623	0.37242	0.02011	0.01013	0.01440	0.01713	0.00903	0.37517	0.01697	0.02210	0.00976	0.01037	0.00769	0.00519	0.00421	0.00128	0.00543	0.00366	0.00366	0.07505
4	0.71437	0.01050	0.01088	0.00974	0.05083	0.01172	0.09596	0.01528	0.00928	0.02193	0.00765	0.00920	0.00595	0.00470	0.00361	0.00160	0.00463	0.00325	0.00308	0.00585
5	0.22413	0.26262	0.01700	0.06772	0.01500	0.01585	0.00874	0.29486	0.01507	0.02237	0.00920	0.01017	0.00714	0.00519	0.00408	0.00143	0.00527	0.00358	0.00353	0.00706
6	0.10640	0.00788	0.00890	0.00709	0.01001	0.00688	0.00530	0.01311	0.00999	0.12003	0.01258	0.01839	0.01147	0.25629	0.01081	0.00227	0.00426	0.00466	0.00352	0.38015
7	0.00869	0.00699	0.00914	0.00802	0.00983	0.00705	0.00614	0.01029	0.00882	0.01310	0.01216	0.01876	0.01170	0.15648	0.36135	0.00491	0.07281	0.00499	0.00286	0.26591
8	0.00746	0.00497	0.00560	0.00560	0.00560	0.00497	0.00311	0.00746	0.00746	0.00995	0.01617	0.03358	0.01865	0.81967	0.02612	0.00497	0.00497	0.00746	0.00311	0.00311
9	0.01547	0.00913	0.01260	0.25584	0.01965	0.00958	0.00974	0.13164	0.01421	0.29244	0.01884	0.02229	0.07312	0.00729	0.00542	0.00171	0.00522	0.08414	0.00461	0.00702
10	0.00638	0.00456	0.00610	0.00729	0.00764	0.00428	0.00498	0.00736	0.00995	0.01324	0.02821	0.76898	0.03366	0.01596	0.00658	0.00210	0.00309	0.06069	0.00476	0.00420
11	0.01309	0.15455	0.32272	0.02150	0.34639	0.01405	0.01617	0.01666	0.01188	0.01686	0.01025	0.01285	0.00836	0.00546	0.00521	0.00171	0.00695	0.00434	0.00275	0.00823
12	0.17995	0.01352	0.01389	0.01084	0.01476	0.01507	0.00895	0.62564	0.02117	0.03055	0.01133	0.01155	0.00812	0.00589	0.00476	0.00155	0.00532	0.00427	0.00476	0.00812
13	0.01339	0.01077	0.01219	0.00899	0.01334	0.00977	0.00729	0.24696	0.01476	0.02148	0.01007	0.01117	0.00793	0.00461	0.00441	0.00102	0.01635	0.00355	0.00367	0.57827
14	0.01150	0.01203	0.02021	0.01599	0.01759	0.01487	0.24533	0.01361	0.00917	0.01361	0.00786	0.01203	0.00706	0.00754	0.01351	0.00209	0.56264	0.00497	0.00235	0.00602
15	0.01007	0.00955	0.01628	0.67115	0.13216	0.01140	0.03327	0.01342	0.01048	0.01367	0.00960	0.02936	0.00756	0.00525	0.00517	0.00169	0.00671	0.00480	0.00237	0.00602
16	0.01064	0.00912	0.01064	0.00760	0.01216	0.00684	0.00608	0.01292	0.01064	0.01672	0.00912	0.01064	0.00760	0.00380	0.00380	0.00076	0.00380	0.00304	0.00304	0.85104
17	0.01084	0.00878	0.01163	0.01193	0.08486	0.01004	0.00839	0.13736	0.03137	0.03375	0.01815	0.36889	0.01962	0.01113	0.00866	0.00196	0.20370	0.00904	0.00404	0.00586
18	0.00643	0.00466	0.00607	0.00690	0.00745	0.00430	0.00472	0.00763	0.01081	0.01453	0.16991	0.62435	0.08354	0.01485	0.00643	0.00197	0.00285	0.01337	0.00493	0.00430
19	0.00629	0.00519	0.00552	0.00547	0.00708	0.00442	0.00409	0.00780	0.01219	0.01511	0.18977	0.06124	0.63291	0.01258	0.00607	0.00172	0.00257	0.01061	0.00493	0.00442
20	0.00625	0.00447	0.00595	0.00714	0.00744	0.00417	0.00476	0.00714	0.00982	0.01310	0.02828	0.81633	0.03394	0.01608	0.00655	0.00208	0.00298	0.01459	0.00476	0.00417
21	0.01209	0.01226	0.02297	0.13884	0.44557	0.01232	0.24824	0.01558	0.01161	0.01614	0.00980	0.01319	0.00784	0.00458	0.00539	0.00161	0.00699	0.00503	0.00252	0.00741
22	0.01019	0.00963	0.01629	0.67883	0.15995	0.01153	0.01450	0.01355	0.01050	0.01372	0.00921	0.01352	0.00705	0.00504	0.00512	0.00168	0.00672	0.00456	0.00232	0.00610
23	0.01251	0.06061	0.31909	0.01226	0.01795	0.01156	0.07282	0.14198	0.01316	0.03376	0.00990	0.01126	0.00742	0.00474	0.00462	0.00134	0.00607	0.00386	0.00303	0.25205
24	0.00625	0.00447	0.00595	0.00714	0.00744	0.00417	0.00476	0.00714	0.00982	0.01310	0.02828	0.81633	0.03394	0.01608	0.00655	0.00208	0.00298	0.01459	0.00476	0.00417
25	0.01372	0.82276	0.02689	0.00878	0.01317	0.02030	0.00878	0.01536	0.01043	0.01207	0.00713	0.00823	0.00658	0.00439	0.00329	0.00110	0.00549	0.00274	0.00219	0.00658
26	0.00742	0.00514	0.00641	0.00641	0.00670	0.00542	0.00413	0.00799	0.00770	0.01056	0.01542	0.02943	0.01685	0.57835	0.26498	0.00599	0.00768	0.00685	0.00300	0.00356
27	0.01372	0.82276	0.02689	0.00878	0.01317	0.02030	0.00878	0.01536	0.01043	0.01207	0.00713	0.00823	0.00658	0.00439	0.00329	0.00110	0.00549	0.00274	0.00219	0.00658
28	0.01845	0.08102	0.01491	0.01157	0.01454	0.32819	0.00926	0.09384	0.05997	0.20908	0.01200	0.01233	0.00889	0.00608	0.00611	0.00152	0.09716	0.00413	0.00388	0.00706
29	0.85592	0.00992	0.00754	0.00675	0.00992	0.01151	0.00556	0.01508	0.00873	0.02302	0.00714	0.00834	0.00556	0.00476	0.00318	0.00159	0.00397	0.00278	0.00318	0.00556
30	0.00743	0.00586	0.00770	0.00832	0.06997	0.00528	0.03221	0.00820	0.01053	0.01308	0.03650	0.08369	0.48502	0.01323	0.00900	0.18323	0.00351	0.00902	0.00397	0.00427
31	0.00984	0.00932	0.01542	0.73181	0.03326	0.01181	0.01396	0.01304	0.01003	0.01304	0.00889	0.01345	0.00683	0.00550	0.00624	0.00176	0.08329	0.00455	0.00228	0.00569
32	0.01259	0.01114	0.01801	0.10769	0.01986	0.01156	0.25820	0.22059	0.04201	0.01993	0.01544	0.15003	0.01428	0.00775	0.00583	0.00179	0.00620	0.06655	0.00387	0.00668
33	0.00770	0.00530	0.00663	0.00700	0.00744	0.00538	0.00497	0.00858	0.00887	0.01178	0.01937	0.04001	0.02155	0.50845	0.08199	0.00443	0.00560	0.23766	0.00358	0.00373
34	0.01491	0.15085	0.08152	0.03238	0.32235	0.07885	0.01279	0.21057	0.01482	0.01954	0.00973	0.01144	0.00775	0.00504	0.00474	0.00145	0.00627	0.00411	0.00312	0.00776
35	0.00655	0.00476	0.00617	0.00678	0.00747	0.00439	0.00472	0.00795	0.01143	0.01547	0.26393	0.51474	0.09844	0.01410	0.00636	0.00191	0.00277	0.01265	0.00504	0.00439
36	0.01161	0.01152	0.01488	0.01134	0.01533	0.09733	0.16960	0.01477	0.05378	0.01611	0.01173	0.08830	0.01048	0.00542	0.00472	0.00121	0.00539	0.00497	0.00318	0.44834
37	0.00621	0.00508	0.00548	0.00564	0.00709	0.00435	0.00413	0.00755	0.01165	0.01437	0.11780	0.17536	0.59094	0.01327	0.00614	0.00178	0.00264	0.01130	0.00485	0.00435
38	0.00692	0.00511	0.00572	0.00564	0.00652	0.00472	0.00376	0.00790	0.01049	0.01363	0.19338	0.04027	0.30063	0.35679	0.01462	0.00309	0.00357	0.00906	0.00425	0.00392
39	0.02210	0.00853	0.01161	0.00897	0.01278	0.00738	0.00738	0.02411	0.01468	0.74624	0.06487	0.01868	0.01479	0.00659	0.00521	0.00159	0.00425	0.00540	0.00631	0.00851
40	0.01274	0.00907	0.01174	0.05150	0.10336	0.00980	0.00815	0.21928	0.10127	0.01790	0.01132	0.01467	0.00944	0.01119	0.01175	0.37812	0.00505	0.00467	0.00341	0.00555
41	0.01372	0.82276	0.02689	0.00878	0.01317	0.02030	0.00878	0.01536	0.01043	0.01207	0.00713	0.00823	0.00658	0.00439	0.00329	0.00110	0.00549	0.00274	0.00219	0.00658
42	0.00969	0.00912	0.01539	0.80734	0.03534	0.01140	0.01425	0.01311	0.01026	0.01311	0.00912	0.01368	0.00684	0.00513	0.00513	0.00171	0.00684	0.00456	0.00228	0.00570
43	0.85592	0.00992	0.00754	0.00675	0.00992	0.01151	0.00556	0.01508	0.00873	0.02302	0.00714	0.00834	0.00556	0.00476	0.00318	0.00159	0.00397	0.00278	0.00318	0.00556
44	0.01376	0.07902	0.01275	0.01036	0.01307	0.25489	0.00807	0.02101	0.35261	0.01706	0.06155	0.01968	0.10054	0.00711	0.00502	0.00155	0.00552	0.00554	0.00416	0.00672
45	0.01080	0.00937	0.01145	0.00951	0.07409	0.00727	0.00685	0.01315	0.01072	0.01672	0.00916	0.01080	0.00764	0.00386	0.00390	0.00082	0.00398	0.00316	0.00300	0.78372
46	0.01761	0.00921	0.01157	0.00863	0.01286	0.00771	0.00705	0.06115	0.01350	0.42288	0.01512	0.01430	0.01033	0.00527	0.00459	0.00124	0.00420	0.00424	0.00489	0.36367
47	0.01399	0.01606	0.01524	0.32198	0.02327	0.36067	0.04929	0.01619	0.01195	0.01281	0.00890	0.01267	0.00743	0.05046	0.00684	0.00175	0.05805	0.00423	0.00250	0.00572
48	0.01290	0.01301	0.02332	0.01739	0.02178	0.01314	0.47333	0.08001	0.24979	0.01926	0.01378	0.01536	0.01029	0.00529	0.00572	0.00172	0.00699	0.00586	0.00361	0.00744
49	0.01842	0.00929	0.01152	0.00926	0.01263	0.00904	0.00749	0.12888	0.12709	0.44362	0.14588	0.02043	0.01848	0.00710	0.00531	0.00161	0.00418	0.00586	0.00590	0.00800
50	0.01919	0.02365	0.01461	0.01311	0.01587	0.73653	0.00990	0.08039	0.01531	0.01414	0.00828	0.00950	0.00678	0.00536	0.00467	0.00134	0.00897	0.00341	0.00284	0.00617
51	0.01567	0.01037	0.01169	0.01007	0.01327	0.01128	0.00796	0.02662	0.56171	0.23987	0.02070	0.01867	0.01482	0.00679	0.00520	0.00170	0.00415	0.00562	0.00554	0.00829
52	0.01352	0.01140	0.01203	0.01060	0.01363	0.01312	0.00831	0.11086	0.69356	0.02269	0.01992	0.01838	0.01488	0.00687	0.00521	0.00172	0.00424	0.00567	0.00521	0.00819
53	0.00622	0.00502	0.00554	0.00580	0.00713	0.00434	0.00420	0.00753	0.01150	0.01431	0.11585	0.23826	0.52930	0.01352	0.00618	0.00181	0.00268	0.01161	0.00485	0.00434
54	0.01239	0.01042	0.01296	0.25662	0.02017	0.01208	0.01018	0.14570	0.33115	0.02000	0.01721	0.02028	0.03515	0.00701	0.00535	0.00175	0.00520	0.06505	0.00424	0.00709
55	0.00651	0.00522	0.00581	0.00566	0.00720	0.00452	0.00425	0.00822	0.01275	0.01635	0.32417	0.04528	0.51184	0.01206	0.00606	0.00169	0.00253	0.01025	0.00509	0.00452
56	0.01565	0.01843	0.01244	0.01163	0.01381	0.52772	0.00877	0.01825	0.08600	0.01349	0.01260	0.06062	0.01180	0.04958	0.05567	0.00210	0.00812	0.06439	0.00320	0.00573
57	0.00678	0.00507	0.00629	0.00632	0.00745	0.00458	0.00461	0.00862	0.01289	0.01748	0.45933	0.20711	0.21013	0.01224	0.00616	0.00174	0.00258	0.01076	0.00526	0.00458
58	0.01089	0.14617	0.01826	0.53848	0.16241	0.01303	0.01359	0.01395	0.01054	0.01357	0.00888	0.01260	0.00702	0.00491	0.00481	0.00157	0.00648	0.00426	0.00231	0.00627
59	0.01372	0.82276	0.02689	0.00878	0.01317	0.02030	0.00878	0.01536	0.01043	0.01207	0.00713	0.00823	0.00658	0.00439	0.00329	0.00110	0.00549	0.00274	0.00219	0.00658
60	0.00824	0.00597	0.00754	0.00688	0.00832	0.00573	0.00523	0.07045	0.01529	0.02152	0.72325	0.03625	0.04524	0.01014	0.00598	0.00161	0.00268	0.00891	0.00561	0.00515
61	0.01372	0.82276	0.02689	0.00878	0.01317	0.02030	0.00878	0.01536	0.01043	0.01207	0.00713	0.00823	0.00658	0.00439	0.00329	0.00110	0.00549	0.00274	0.00219	0.00658
62	0.01372	0.82276	0.02689	0.00878	0.01317	0.02030	0.00878	0.01536	0.01043	0.01207	0.00713	0.00823	0.00658	0.00439	0.00329	0.00110	0.00549	0.00274	0.00219	0.00658
63	0.00625	0.00447	0.00595	0.00714	0.00744	0.00417	0.00476	0.00714	0.00982	0.01310	0.02828	0.81633	0.03394	0.01608	0.00655	0.00208	0.00298	0.01459	0.00476	0.00417
64	0.01117	0.00943	0.01092	0.00785	0.01238	0.00738	0.00630	0.05808	0.01144	0.01765	0.00931	0.01074	0.00767	0.00394	0.00388	0.00081	0.00391	0.00313	0.00316	0.80083
65	0.01064	0.00912	0.01064	0.00760	0.01216	0.00684	0.00608	0.01292	0.01064	0.01672	0.00912	0.01064	0.00760	0.00380	0.00380	0.00076	0.00380	0.00304	0.00304	0.85104
66	0.00994	0.00898	0.01393	0.01970	0.41613	0.00872	0.01086	0.01236	0.01178	0.01580	0.04413	0.03133	0.23332	0.00872	0.00572	0.00173	0.00478	0.13206	0.00362	0.00640
67	0.00746	0.00497	0.00560	0.00560	0.00560	0.00497	0.00311	0.00746	0.00746	0.00995	0.01617	0.03358	0.01865	0.81967	0.02612	0.00497	0.00497	0.00746	0.00311	0.00311
68	0.01276	0.01102	0.01160	0.01044	0.01334	0.01276	0.00812	0.02727	0.77840	0.02146	0.02088	0.01914	0.01566	0.00696	0.00522	0.00174	0.00406	0.00580	0.00522	0.00812
69	0.01041	0.01903	0.42485	0.26069	0.02704	0.01193	0.14335	0.01531	0.01087	0.01531	0.00938	0.01222	0.00682	0.00486	0.00515	0.00167	0.00753	0.00441	0.00227	0.00689
70	0.39006	0.06255	0.09358	0.00891	0.01295	0.01144	0.00817	0.09740	0.01237	0.24056	0.01162	0.01160	0.00808	0.00535	0.00413	0.00156	0.00473	0.00375	0.00411	0.00707
71	0.00983	0.00693	0.01070	0.00890	0.01109	0.00630	0.11779	0.01225	0.01360	0.11933	0.43756	0.06548	0.13998	0.00962	0.00596	0.00166	0.00364	0.00870	0.00513	0.00556
72	0.00733	0.00550	0.00825	0.00825	0.00916	0.00641	0.00641	0.00916	0.00825	0.01191	0.01374	0.02016	0.01283	0.03848	0.79934	0.00825	0.01374	0.00550	0.00275	0.00458
73	0.00937	0.00855	0.01416	0.65610	0.04726	0.01050	0.01279	0.01241	0.00991	0.01288	0.01004	0.01549	0.00820	0.05393	0.09561	0.00262	0.00750	0.00483	0.00238	0.00548
74	0.01299	0.01114	0.01173	0.01049	0.01343	0.01287	0.00818	0.05281	0.75248	0.02184	0.02059	0.01891	0.01542	0.00693	0.00522	0.00173	0.00412	0.00576	0.00522	0.00814
75	0.01135	0.01099	0.01923	0.36685	0.40095	0.01191	0.07526	0.01466	0.01110	0.01515	0.00948	0.01322	0.00754	0.00479	0.00518	0.00162	0.00662	0.00469	0.00243	0.00698
76	0.00640	0.00515	0.00573	0.00587	0.00730	0.00447	0.00439	0.00789	0.01193	0.01496	0.17066	0.14726	0.52692	0.01303	0.00618	0.00179	0.00272	0.04801	0.00491	0.00442
77	0.01590	0.04604	0.01796	0.02178	0.38369	0.39720	0.01266	0.01805	0.01304	0.01455	0.00872	0.01086	0.00733	0.00492	0.00480	0.00141	0.00762	0.00389	0.00258	0.00701
78	0.01029	0.02654	0.79309	0.01462	0.02221	0.01192	0.01896	0.01625	0.01083	0.01625	0.00921	0.01083	0.00650	0.00487	0.00487	0.00162	0.00758	0.00379	0.00217	0.00758
79	0.01101	0.00779	0.00853	0.00748	0.00872	0.00827	0.00512	0.22447	0.03161	0.01659	0.01519	0.02718	0.01576	0.56838	0.01964	0.00392	0.00514	0.00661	0.00374	0.00483
80	0.00798	0.00585	0.00757	0.00721	0.00808	0.00619	0.00511	0.02549	0.00844	0.01190	0.01428	0.02488	0.01474	0.37215	0.37148	0.00599	0.02193	0.00611	0.00297	0.07165
81	0.01097	0.01083	0.07329	0.00864	0.01316	0.00824	0.00745	0.01559	0.13947	0.01748	0.01110	0.01208	0.00886	0.00442	0.00412	0.00099	0.00415	0.00356	0.00334	0.64225
82	0.00703	0.00526	0.00669	0.00749	0.00857	0.00492	0.00591	0.00867	0.01129	0.01447	0.06126	0.27755	0.23983	0.01428	0.00661	0.00208	0.00354	0.30529	0.00478	0.00446
83	0.01223	0.01056	0.01109	0.01002	0.01283	0.01209	0.00778	0.02568	0.71717	0.02086	0.02337	0.02156	0.07715	0.00744	0.00529	0.00174	0.00394	0.00620	0.00518	0.00782
84	0.85592	0.00992	0.00754	0.00675	0.00992	0.01151	0.00556	0.01508	0.00873	0.02302	0.00714	0.00834	0.00556	0.00476	0.00318	0.00159	0.00397	0.00278	0.00318	0.00556
85	0.01057	0.00906	0.01443	0.08275	0.38222	0.00906	0.01127	0.01327	0.01227	0.03974	0.17629	0.02697	0.07337	0.00780	0.00563	0.00169	0.00491	0.10844	0.00373	0.00654
86	0.01305	0.01007	0.01160	0.00847	0.01291	0.00856	0.00685	0.15400	0.01339	0.06796	0.01041	0.01138	0.00813	0.00440	0.00413	0.00096	0.00418	0.00346	0.00363	0.64245
87	0.00622	0.00520	0.00541	0.00536	0.00702	0.00440	0.00402	0.00766	0.01206	0.01472	0.14573	0.04797	0.69130	0.01267	0.00606	0.00172	0.00258	0.01063	0.00488	0.00440
88	0.01066	0.01037	0.01598	0.36694	0.08500	0.01352	0.01293	0.01296	0.00923	0.01304	0.00803	0.01243	0.00689	0.00692	0.01071	0.00195	0.38979	0.00453	0.00228	0.00585
89	0.00796	0.00771	0.03769	0.01136	0.14001	0.00660	0.05246	0.01007	0.01192	0.01523	0.09649	0.03955	0.46278	0.01067	0.00594	0.00173	0.00388	0.06840	0.00424	0.00531
90	0.01141	0.00910	0.01072	0.00770	0.01222	0.00688	0.00617	0.01367	0.01089	0.06507	0.00981	0.01107	0.00792	0.00396	0.00388	0.00081	0.00384	0.00317	0.00325	0.79846
91	0.00633	0.00460	0.00598	0.00692	0.00742	0.00424	0.00470	0.00740	0.01042	0.01387	0.10217	0.68105	0.09534	0.01530	0.00646	0.00201	0.00289	0.01378	0.00485	0.00424
92	0.00918	0.00813	0.01086	0.01254	0.14032	0.07069	0.00826	0.01117	0.00933	0.01278	0.01259	0.01804	0.01154	0.03014	0.60261	0.00657	0.01210	0.00517	0.00271	0.00529
93	0.00693	0.00506	0.00544	0.00544	0.00611	0.00473	0.00341	0.00742	0.00908	0.01144	0.02983	0.03961	0.31128	0.51188	0.01847	0.00374	0.00407	0.00875	0.00374	0.00358
94	0.01670	0.19572	0.22618	0.01124	0.01621	0.06514	0.01141	0.14381	0.01426	0.23303	0.01225	0.01224	0.00862	0.00542	0.00463	0.00146	0.00601	0.00404	0.00386	0.00776
95	0.01058	0.00905	0.01057	0.00758	0.01208	0.00680	0.00606	0.01286	0.01071	0.01679	0.02360	0.01116	0.00836	0.00392	0.00384	0.00078	0.00377	0.00316	0.00309	0.83525
96	0.01064	0.00912	0.01064	0.00760	0.01216	0.00684	0.00608	0.01292	0.01064	0.01672	0.00912	0.01064	0.00760	0.00380	0.00380	0.00076	0.00380	0.00304	0.00304	0.85104
97	0.00606	0.00520	0.00520	0.00520	0.00693	0.00433	0.00390	0.00736	0.01170	0.01386	0.05198	0.04938	0.78558	0.01299	0.00606	0.00173	0.00260	0.01083	0.00476	0.00433
98	0.13613	0.00820	0.05825	0.00998	0.01206	0.00748	0.04660	0.01194	0.01130	0.01662	0.02219	0.04528	0.02340	0.01168	0.00631	0.00217	0.00499	0.55607	0.00423	0.00514
99	0.02302	0.00873	0.01191	0.00913	0.01310	0.00754	0.00754	0.02501	0.01469	0.79122	0.02024	0.01746	0.01270	0.00635	0.00516	0.00159	0.00437	0.00516	0.00635	0.00873
100	0.00744	0.00508	0.00611	0.00611	0.00628	0.00525	0.00374	0.00779	0.00761	0.01033	0.01570	0.03100	0.01753	0.66943	0.17483	0.00560	0.00666	0.00708	0.00304	0.00339
101	0.01372	0.82276	0.02689	0.00878	0.01317	0.02030	0.00878	0.01536	0.01043	0.01207	0.00713	0.00823	0.00658	0.00439	0.00329	0.00110	0.00549	0.00274	0.00219	0.00658
102	0.01211	0.01384	0.03028	0.02163	0.02682	0.01298	0.76903	0.01644	0.01211	0.01644	0.01038	0.01384	0.00779	0.00433	0.00606	0.00173	0.00865	0.00606	0.00260	0.00692
103	0.01372	0.82276	0.02689	0.00878	0.01317	0.02030	0.00878	0.01536	0.01043	0.01207	0.00713	0.00823	0.00658	0.00439	0.00329	0.00110	0.00549	0.00274	0.00219	0.00658
104	0.01951	0.01437	0.01540	0.01181	0.01591	0.01591	0.00975	0.77056	0.02412	0.03234	0.01232	0.01232	0.00873	0.00616	0.00513	0.00154	0.00565	0.00462	0.00513	0.00873
105	0.00625	0.00447	0.00595	0.00714	0.00744	0.00417	0.00476	0.00714	0.00982	0.01310	0.02828	0.81633	0.03394	0.01608	0.00655	0.00208	0.00298	0.01459	0.00476	0.00417
106	0.01917	0.02445	0.01454	0.01322	0.01586	0.79907	0.00991	0.02049	0.01454	0.01256	0.00793	0.00925	0.00661	0.00529	0.00463	0.00132	0.00925	0.00330	0.00264	0.00595
107	0.01815	0.01356	0.17924	0.01083	0.01540	0.01031	0.01033	0.10737	0.14530	0.40879	0.01710	0.01575	0.01143	0.00612	0.00511	0.00162	0.00515	0.00492	0.00513	0.00838
108	0.01461	0.01194	0.01264	0.01082	0.01405	0.01362	0.00857	0.23059	0.57207	0.02444	0.01854	0.01728	0.01377	0.00674	0.00520	0.00169	0.00449	0.00548	0.00520	0.00829
109	0.00625	0.00447	0.00595	0.00714	0.00744	0.00417	0.00476	0.00714	0.00982	0.01310	0.02828	0.81633	0.03394	0.01608	0.00655	0.00208	0.00298	0.01459	0.00476	0.00417
110	0.00689	0.00523	0.00635	0.00607	0.00744	0.00468	0.00455	0.00897	0.01365	0.01850	0.55825	0.04175	0.27642	0.01126	0.00606	0.00165	0.00248	0.00976	0.00538	0.00468
111	0.00733	0.00548	0.00815	0.00815	0.00904	0.00636	0.00630	0.00910	0.00822	0.01184	0.01383	0.02063	0.01303	0.06624	0.77186	0.00813	0.01343	0.00557	0.00276	0.00453
