[name]
unknown

[dist]
# distance from previous block
# <min> <max>
0	50

[block]
# block no. 0 follows, 47 sequences, length 15
# corresponding to MSA columns:
# 53-67
name=unknown_A
#
# <colnr> <probs for GDERKNQSTAVLIFYWHMCP>
#	G	D	E	R	K	N	Q	S	T	A	V	L	I	F	Y	W	H	M	C	P
0	0.01362	0.16156	0.09832	0.01063	0.01422	0.01278	0.00990	0.23037	0.07365	0.04339	0.01772	0.02654	0.04151	0.00837	0.00543	0.00175	0.00538	0.21364	0.00425	0.00699
1	0.01278	0.19421	0.01689	0.01092	0.01395	0.01224	0.11416	0.18234	0.03172	0.04984	0.01711	0.28669	0.01732	0.00906	0.00541	0.00168	0.00510	0.00798	0.00409	0.00650
2	0.01461	0.24291	0.09466	0.01455	0.01881	0.18113	0.22876	0.01738	0.01203	0.05485	0.00923	0.01118	0.00737	0.00512	0.00570	0.00151	0.06650	0.00423	0.00266	0.00678
3	0.01179	0.22582	0.25170	0.01125	0.01664	0.01296	0.05393	0.01633	0.08170	0.01603	0.00994	0.01121	0.00788	0.00467	0.00432	0.00127	0.00576	0.00367	0.00277	0.25036
4	0.00751	0.00586	0.00771	0.00772	0.00845	0.00642	0.00574	0.00874	0.00920	0.01244	0.02330	0.14446	0.15138	0.17734	0.28115	0.00479	0.08510	0.04477	0.00356	0.00436
5	0.00818	0.00724	0.01000	0.01319	0.22965	0.00670	0.00755	0.01005	0.01189	0.01531	0.08879	0.10943	0.44067	0.01086	0.00591	0.00172	0.00368	0.00942	0.00425	0.00552
6	0.00906	0.00847	0.01142	0.13580	0.14908	0.05202	0.03475	0.01118	0.01165	0.01471	0.05803	0.15131	0.27236	0.01015	0.00588	0.00178	0.00469	0.04830	0.00388	0.00549
7	0.01202	0.01543	0.16559	0.24783	0.26558	0.10760	0.03334	0.01557	0.01180	0.01553	0.05297	0.01388	0.00967	0.00528	0.00515	0.00161	0.00694	0.00463	0.00262	0.00694
8	0.01900	0.00790	0.01069	0.00852	0.01179	0.00691	0.00691	0.02113	0.01486	0.57860	0.22840	0.02351	0.02279	0.00759	0.00548	0.00162	0.00389	0.00638	0.00625	0.00778
9	0.00839	0.00599	0.00839	0.00959	0.01079	0.00599	0.00839	0.01079	0.01199	0.01558	0.02757	0.05874	0.02997	0.01439	0.00719	0.00240	0.00480	0.74945	0.00480	0.00480
10	0.01358	0.01576	0.29854	0.08842	0.01950	0.01057	0.07523	0.01725	0.01172	0.21403	0.01411	0.07609	0.01120	0.00685	0.00647	0.00177	0.08053	0.02754	0.00362	0.00722
11	0.01657	0.10202	0.23931	0.01163	0.01666	0.01308	0.01176	0.27516	0.01659	0.18367	0.05318	0.01411	0.01094	0.00596	0.00499	0.00155	0.00584	0.00461	0.00431	0.00808
12	0.00811	0.00588	0.00799	0.00896	0.01021	0.00576	0.00772	0.01041	0.01219	0.01585	0.08716	0.05644	0.10114	0.01399	0.00702	0.00228	0.00442	0.62484	0.00487	0.00477
13	0.67535	0.07362	0.01024	0.00792	0.01093	0.05136	0.00660	0.01536	0.00921	0.02105	0.00725	0.00875	0.00588	0.00520	0.00450	0.00162	0.07339	0.00299	0.00304	0.00575
14	0.00850	0.00458	0.00667	0.00692	0.00702	0.00453	0.00466	0.00701	0.00753	0.01003	0.01332	0.15979	0.01448	0.03897	0.01767	0.64897	0.00428	0.02952	0.00282	0.00271

[dist]
# distance from previous block
# <min> <max>
0	1

[block]
# block no. 1 follows, 47 sequences, length 440
# corresponding to MSA columns:
# 69-508
name=unknown_B
#
# <colnr> <probs for GDERKNQSTAVLIFYWHMCP>
#	G	D	E	R	K	N	Q	S	T	A	V	L	I	F	Y	W	H	M	C	P
0	0.01892	0.12171	0.01461	0.01001	0.01384	0.12302	0.00825	0.07242	0.10350	0.36119	0.01546	0.01448	0.01077	0.00584	0.00478	0.00144	0.00529	0.00448	0.00481	0.08518
1	0.01193	0.24308	0.10644	0.00913	0.01289	0.01205	0.00861	0.09361	0.04192	0.03751	0.24872	0.01948	0.02065	0.00669	0.00477	0.00138	0.00459	0.00537	0.00394	0.10722
2	0.26226	0.28601	0.09837	0.01092	0.04282	0.03899	0.05881	0.01637	0.04615	0.03922	0.00947	0.03434	0.00795	0.00529	0.00433	0.00148	0.02387	0.00383	0.00292	0.00658
3	0.28144	0.02770	0.01201	0.00927	0.01309	0.01156	0.00768	0.23013	0.01562	0.32132	0.01386	0.01317	0.00937	0.00585	0.00456	0.00159	0.00469	0.00428	0.00500	0.00781
4	0.01121	0.25173	0.18263	0.00911	0.01237	0.04821	0.00883	0.01315	0.00981	0.04115	0.01193	0.01972	0.01185	0.33294	0.01318	0.00285	0.00596	0.00507	0.00277	0.00553
5	0.00641	0.00531	0.00562	0.00561	0.00728	0.00453	0.00425	0.00792	0.01227	0.01507	0.15277	0.04888	0.65289	0.01288	0.00619	0.00177	0.00269	0.03821	0.00496	0.00448
6	0.01080	0.00926	0.01080	0.00771	0.01234	0.00694	0.00617	0.01311	0.01080	0.01697	0.00926	0.01080	0.00771	0.00386	0.00386	0.00077	0.00386	0.00309	0.00309	0.84882
7	0.00751	0.00564	0.00720	0.00803	0.00932	0.00533	0.00668	0.00943	0.01177	0.01490	0.03554	0.12533	0.26530	0.01419	0.00682	0.00217	0.00396	0.45146	0.00481	0.00462
8	0.02336	0.00886	0.01209	0.00927	0.01329	0.00765	0.00765	0.02538	0.01491	0.78810	0.02055	0.01773	0.01289	0.00645	0.00524	0.00161	0.00443	0.00524	0.00645	0.00886
9	0.01950	0.02345	0.01487	0.01322	0.01611	0.69183	0.01004	0.12055	0.01606	0.01543	0.00864	0.00981	0.00700	0.00548	0.00476	0.00137	0.00890	0.00353	0.00302	0.00641
10	0.01445	0.03379	0.44152	0.01588	0.13918	0.01107	0.01535	0.01885	0.01220	0.22923	0.01247	0.01310	0.00859	0.00530	0.00503	0.00161	0.00652	0.00434	0.00343	0.00809
11	0.01083	0.02604	0.74548	0.01508	0.03293	0.01201	0.03325	0.01671	0.01113	0.03564	0.00965	0.01125	0.00680	0.00497	0.00498	0.00165	0.00762	0.00394	0.00232	0.00772
12	0.01945	0.02482	0.01476	0.01342	0.01610	0.79608	0.01006	0.02079	0.01476	0.01275	0.00805	0.00939	0.00671	0.00537	0.00470	0.00134	0.00939	0.00335	0.00268	0.00604
13	0.00905	0.00800	0.01294	0.15464	0.23654	0.00820	0.03795	0.01118	0.01077	0.01453	0.02031	0.37782	0.05603	0.01042	0.00592	0.00186	0.00481	0.00960	0.00366	0.00577
14	0.01528	0.00894	0.01395	0.15496	0.13970	0.00881	0.05959	0.01783	0.01250	0.30969	0.01651	0.09261	0.01288	0.00670	0.00522	0.00163	0.00507	0.00597	0.10499	0.00717
15	0.00626	0.00496	0.00560	0.00610	0.00722	0.00434	0.00430	0.00738	0.01099	0.01366	0.04204	0.36432	0.45734	0.03225	0.00681	0.00198	0.00285	0.01249	0.00480	0.00430
16	0.00664	0.00474	0.00638	0.00759	0.00802	0.00448	0.00534	0.00776	0.01026	0.01362	0.02854	0.70577	0.03380	0.01604	0.00672	0.00216	0.00327	0.11973	0.00483	0.00431
17	0.01333	0.07621	0.33529	0.01868	0.19892	0.03600	0.11892	0.01753	0.01193	0.10842	0.01076	0.01242	0.00792	0.00496	0.00507	0.00159	0.00700	0.00442	0.00287	0.00775
18	0.01056	0.05204	0.40169	0.01371	0.01867	0.01166	0.10123	0.01515	0.03887	0.02897	0.01149	0.05554	0.00963	0.01090	0.12102	0.00270	0.08160	0.00507	0.00267	0.00681
19	0.00684	0.00522	0.00640	0.00705	0.00817	0.00477	0.00539	0.00837	0.01148	0.01465	0.08813	0.29600	0.30924	0.01431	0.00657	0.00202	0.00328	0.19275	0.00489	0.00448
20	0.01461	0.01679	0.13689	0.05973	0.01816	0.22909	0.11531	0.02911	0.09042	0.10160	0.10823	0.01626	0.01382	0.00619	0.00549	0.00160	0.02103	0.00516	0.00367	0.00685
21	0.11215	0.01237	0.04464	0.26746	0.07749	0.08346	0.10144	0.04293	0.06541	0.10036	0.01186	0.03752	0.00913	0.00566	0.00508	0.00166	0.00639	0.00491	0.00334	0.00675
22	0.00692	0.00494	0.00670	0.00791	0.00847	0.00473	0.00584	0.00825	0.01054	0.01394	0.02838	0.60092	0.03318	0.01577	0.00680	0.00219	0.00352	0.22178	0.00482	0.00439
23	0.11384	0.01062	0.03684	0.27593	0.04935	0.01140	0.03204	0.16879	0.04152	0.05279	0.10329	0.01713	0.01342	0.04400	0.00610	0.00182	0.00556	0.00522	0.00376	0.00657
24	0.14617	0.07949	0.20321	0.03600	0.01571	0.08269	0.01063	0.01870	0.01222	0.25753	0.01426	0.02990	0.02483	0.00621	0.00479	0.00161	0.00575	0.03917	0.00395	0.00719
25	0.05618	0.10377	0.15172	0.06621	0.10606	0.01128	0.01068	0.11419	0.03975	0.01787	0.03294	0.18903	0.05097	0.00824	0.00525	0.00169	0.00523	0.01873	0.00363	0.00657
26	0.01279	0.01228	0.02096	0.05633	0.76089	0.01235	0.01593	0.01590	0.01181	0.01690	0.00978	0.01292	0.00821	0.00466	0.00516	0.00155	0.00621	0.00464	0.00257	0.00817
27	0.08684	0.04684	0.08342	0.00811	0.01037	0.00834	0.00680	0.01353	0.16324	0.01620	0.05318	0.20177	0.15754	0.11117	0.00812	0.00219	0.00407	0.00851	0.00423	0.00553
28	0.01192	0.20576	0.34233	0.02963	0.01986	0.05983	0.14832	0.01627	0.03049	0.01556	0.04860	0.01330	0.02532	0.00527	0.00487	0.00153	0.00703	0.00448	0.00262	0.00701
29	0.04831	0.00860	0.01070	0.01096	0.08193	0.00883	0.00767	0.17086	0.05930	0.09639	0.10707	0.27489	0.02361	0.01035	0.00582	0.00182	0.00418	0.05734	0.00492	0.00644
30	0.01304	0.01005	0.01605	0.01274	0.01597	0.00986	0.23197	0.10512	0.10170	0.13416	0.02130	0.19256	0.08079	0.00874	0.00593	0.00180	0.00539	0.02151	0.00452	0.00679
31	0.20543	0.05487	0.25674	0.01459	0.01978	0.02719	0.23603	0.06485	0.01170	0.01877	0.00921	0.01128	0.00693	0.00498	0.00530	0.00166	0.03667	0.00432	0.00277	0.00695
32	0.01247	0.01153	0.01753	0.12984	0.27723	0.01353	0.03138	0.10388	0.01173	0.01665	0.00936	0.01298	0.00796	0.00836	0.05555	0.00222	0.26340	0.00471	0.00277	0.00692
33	0.00954	0.04658	0.01111	0.00951	0.01141	0.10106	0.07931	0.01168	0.01284	0.01628	0.24473	0.12534	0.12421	0.01087	0.00612	0.00182	0.00461	0.16333	0.00450	0.00517
34	0.02973	0.01352	0.01946	0.01709	0.12083	0.14943	0.28844	0.01663	0.02676	0.08375	0.04762	0.01941	0.11878	0.00639	0.00577	0.00164	0.01851	0.00609	0.00346	0.00670
35	0.01331	0.01242	0.05995	0.01286	0.01653	0.06325	0.21263	0.14467	0.06166	0.08532	0.08007	0.05028	0.13498	0.02059	0.00604	0.00173	0.00585	0.00683	0.00422	0.00680
36	0.01202	0.00914	0.01031	0.00942	0.01154	0.00986	0.00715	0.24902	0.17958	0.02157	0.05719	0.35618	0.02314	0.01092	0.00588	0.00185	0.00408	0.00947	0.00509	0.00657
37	0.01416	0.50147	0.22398	0.01063	0.01588	0.01699	0.01153	0.05182	0.01174	0.08553	0.00926	0.01010	0.00733	0.00485	0.00402	0.00132	0.00603	0.00338	0.00275	0.00725
38	0.01154	0.13704	0.44265	0.01593	0.02234	0.01365	0.23200	0.01669	0.03026	0.01607	0.00968	0.01170	0.00721	0.00477	0.00507	0.00161	0.00761	0.00441	0.00240	0.00737
39	0.00983	0.00926	0.01562	0.80447	0.03587	0.01157	0.01446	0.01331	0.01041	0.01331	0.00926	0.01388	0.00694	0.00521	0.00521	0.00174	0.00694	0.00463	0.00231	0.00579
40	0.00825	0.07184	0.19399	0.00932	0.01176	0.02416	0.00871	0.01046	0.01023	0.01383	0.02106	0.48905	0.02377	0.03341	0.04332	0.00228	0.00502	0.01045	0.00383	0.00527
41	0.21551	0.04596	0.15583	0.01694	0.21685	0.11776	0.05314	0.03024	0.03866	0.01805	0.00995	0.02237	0.00820	0.00533	0.00465	0.00159	0.00633	0.02278	0.00290	0.00697
42	0.01687	0.01444	0.01461	0.01635	0.21572	0.25500	0.01031	0.01964	0.05982	0.21023	0.03043	0.08744	0.01266	0.00667	0.00520	0.00157	0.00625	0.00550	0.00402	0.00727
43	0.00656	0.00479	0.00618	0.00689	0.00755	0.00441	0.00476	0.00787	0.01127	0.01514	0.20673	0.55609	0.11314	0.01468	0.00648	0.00197	0.00285	0.01316	0.00504	0.00441
44	0.01082	0.03143	0.21879	0.09130	0.20794	0.01149	0.14102	0.01450	0.01120	0.01582	0.04044	0.10914	0.01218	0.00661	0.00615	0.00173	0.05369	0.00604	0.00283	0.00689
45	0.01115	0.01162	0.06165	0.27727	0.02296	0.08196	0.16419	0.01440	0.01254	0.04917	0.20508	0.02044	0.03177	0.00660	0.00559	0.00167	0.00627	0.00612	0.00349	0.00606
46	0.01139	0.01139	0.01595	0.01367	0.01367	0.01595	0.01139	0.01253	0.00798	0.01253	0.00684	0.01139	0.00684	0.00911	0.01709	0.00228	0.80745	0.00456	0.00228	0.00570
47	0.01233	0.00942	0.01211	0.01321	0.14282	0.00998	0.00866	0.17684	0.13893	0.05560	0.01903	0.26479	0.01847	0.01227	0.07828	0.00239	0.00539	0.00814	0.00450	0.00682
48	0.01199	0.01167	0.02050	0.24378	0.50883	0.01223	0.08436	0.01531	0.01150	0.01596	0.00971	0.01327	0.00786	0.00477	0.00526	0.00162	0.00663	0.00477	0.00251	0.00746
49	0.01930	0.02430	0.01480	0.01339	0.01605	0.76124	0.01008	0.03914	0.01486	0.01324	0.00814	0.00951	0.00676	0.00546	0.00495	0.00137	0.02515	0.00341	0.00274	0.00610
50	0.01762	0.00767	0.00981	0.00793	0.01120	0.00657	0.00642	0.01940	0.01389	0.52970	0.03130	0.02854	0.26978	0.00870	0.00554	0.00166	0.00383	0.00716	0.00591	0.00737
51	0.01120	0.04094	0.46336	0.01689	0.02310	0.01296	0.25884	0.01621	0.01116	0.01613	0.00947	0.01195	0.00704	0.00510	0.00629	0.00172	0.07339	0.00462	0.00235	0.00729
52	0.17848	0.00812	0.03813	0.00859	0.01108	0.00744	0.03402	0.01433	0.01200	0.18211	0.12149	0.15397	0.06734	0.00984	0.00558	0.00184	0.00410	0.13083	0.00479	0.00592
53	0.01187	0.08959	0.25535	0.01108	0.01544	0.01242	0.01119	0.02122	0.37505	0.01897	0.01571	0.01578	0.01184	0.00605	0.00481	0.00160	0.00517	0.00484	0.10449	0.00752
54	0.00683	0.00515	0.00576	0.00586	0.00682	0.00469	0.00400	0.00784	0.01063	0.01356	0.12660	0.12055	0.35192	0.27558	0.01287	0.00287	0.00349	0.02655	0.00440	0.00405
55	0.01497	0.10216	0.18329	0.01572	0.02062	0.21845	0.26386	0.01841	0.01273	0.08596	0.01021	0.01194	0.00765	0.00496	0.00514	0.00155	0.00798	0.00450	0.00286	0.00704
56	0.01214	0.01361	0.02829	0.02059	0.02498	0.01363	0.64131	0.01600	0.01158	0.01600	0.00993	0.01361	0.00773	0.00517	0.00795	0.00184	0.14039	0.00588	0.00258	0.00681
57	0.01945	0.02482	0.01476	0.01342	0.01610	0.79608	0.01006	0.02079	0.01476	0.01275	0.00805	0.00939	0.00671	0.00537	0.00470	0.00134	0.00939	0.00335	0.00268	0.00604
58	0.01004	0.00750	0.00908	0.00871	0.01042	0.00761	0.01968	0.19396	0.01425	0.01875	0.04320	0.36104	0.13714	0.01278	0.00629	0.00195	0.00399	0.12316	0.00490	0.00553
59	0.01296	0.01197	0.01767	0.03805	0.50120	0.02828	0.01321	0.01927	0.22879	0.02881	0.01409	0.01608	0.02272	0.00567	0.00524	0.00163	0.00558	0.01727	0.00347	0.00805
60	0.00646	0.00461	0.00598	0.00702	0.00735	0.00432	0.00463	0.00729	0.00980	0.01300	0.02832	0.70802	0.05944	0.09678	0.00863	0.00240	0.00321	0.01394	0.00467	0.00413
61	0.00668	0.00501	0.00636	0.00687	0.00764	0.00488	0.00484	0.00782	0.00982	0.01288	0.02991	0.36338	0.21089	0.10143	0.19268	0.00378	0.00568	0.01099	0.00419	0.00426
62	0.23573	0.09026	0.08086	0.01192	0.01592	0.19581	0.09964	0.11539	0.02332	0.07136	0.00976	0.01084	0.00738	0.00520	0.00449	0.00152	0.00654	0.00387	0.00335	0.00684
63	0.01762	0.01160	0.06491	0.01021	0.01395	0.01081	0.00877	0.26996	0.08758	0.28256	0.14709	0.01930	0.01758	0.00705	0.00537	0.00162	0.00472	0.00573	0.00552	0.00805
64	0.00974	0.24284	0.03132	0.00893	0.01082	0.01110	0.00766	0.01141	0.01039	0.01376	0.09308	0.18710	0.02059	0.04311	0.09098	0.00259	0.10136	0.09436	0.00352	0.00533
65	0.01243	0.01259	0.02350	0.09987	0.48915	0.01254	0.24018	0.01595	0.01185	0.01657	0.00997	0.01333	0.00803	0.00462	0.00546	0.00163	0.00703	0.00509	0.00257	0.00766
66	0.09301	0.15279	0.03486	0.08421	0.04475	0.14338	0.00970	0.17764	0.11886	0.04196	0.01150	0.01238	0.00884	0.00559	0.00456	0.00149	0.00594	0.00413	0.03726	0.00715
67	0.01256	0.33318	0.18377	0.01538	0.02083	0.01587	0.31671	0.01622	0.01136	0.01490	0.00900	0.01119	0.00716	0.00453	0.00480	0.00148	0.00730	0.00436	0.00239	0.00703
68	0.00749	0.00589	0.02003	0.00635	0.00791	0.00523	0.00490	0.01019	0.04882	0.01840	0.41659	0.05819	0.27214	0.01089	0.00587	0.00165	0.00269	0.00936	0.08246	0.00493
69	0.01065	0.06610	0.08324	0.10025	0.01489	0.08054	0.00908	0.04288	0.10561	0.01581	0.06895	0.11521	0.16915	0.00902	0.00660	0.00174	0.08329	0.00722	0.00381	0.00594
70	0.01409	0.01180	0.01524	0.03177	0.25768	0.01286	0.01096	0.10502	0.40369	0.05557	0.01639	0.01643	0.01241	0.00615	0.00524	0.00167	0.00502	0.00531	0.00443	0.00830
71	0.01045	0.02694	0.79000	0.01484	0.02254	0.01209	0.01924	0.01649	0.01099	0.01649	0.00935	0.01099	0.00660	0.00495	0.00495	0.00165	0.00770	0.00385	0.00220	0.00770
72	0.01678	0.04298	0.01286	0.01004	0.01250	0.01006	0.00831	0.01849	0.01205	0.40638	0.03522	0.01848	0.06230	0.01061	0.08105	0.00240	0.22220	0.00545	0.00468	0.00715
73	0.27440	0.01098	0.01336	0.01154	0.01255	0.01462	0.00960	0.01340	0.00825	0.01591	0.00697	0.01048	0.00646	0.00778	0.01276	0.00207	0.55661	0.00401	0.00257	0.00568
74	0.00900	0.00815	0.01030	0.11145	0.12288	0.07808	0.00828	0.01065	0.01083	0.01389	0.02164	0.48968	0.02453	0.01217	0.00610	0.00193	0.00463	0.04661	0.00400	0.00519
75	0.00769	0.00586	0.00764	0.00783	0.00872	0.00617	0.00571	0.01051	0.08762	0.01556	0.19950	0.34517	0.03034	0.04303	0.16061	0.00328	0.03507	0.01026	0.00455	0.00490
76	0.01269	0.01293	0.02434	0.02862	0.53169	0.01264	0.26623	0.01622	0.01200	0.01690	0.01004	0.01328	0.00813	0.00456	0.00549	0.00162	0.00705	0.00514	0.00260	0.00784
77	0.00671	0.00485	0.00635	0.00692	0.00762	0.00449	0.00483	0.00820	0.01178	0.01609	0.30383	0.50311	0.06758	0.01413	0.00644	0.00193	0.00280	0.01270	0.00516	0.00449
78	0.01713	0.00876	0.01100	0.00888	0.01197	0.00838	0.00715	0.15219	0.03541	0.37862	0.27325	0.02391	0.02435	0.00783	0.00554	0.00162	0.00400	0.00655	0.00596	0.00753
79	0.00955	0.03012	0.14359	0.01491	0.12241	0.00929	0.19471	0.01269	0.01183	0.01580	0.06654	0.07843	0.25129	0.00837	0.00578	0.00171	0.00555	0.00773	0.00354	0.00618
80	0.01256	0.01397	0.01207	0.21874	0.01843	0.32606	0.00947	0.01431	0.01202	0.01308	0.01526	0.27904	0.01603	0.00898	0.00548	0.00170	0.00662	0.00751	0.00330	0.00537
81	0.01146	0.29639	0.41621	0.01181	0.01754	0.01436	0.01380	0.01606	0.04690	0.01571	0.08378	0.01318	0.01117	0.00543	0.00453	0.00147	0.00629	0.00412	0.00269	0.00711
82	0.06822	0.08535	0.01776	0.43786	0.04562	0.05319	0.08575	0.01432	0.01044	0.01418	0.00869	0.01244	0.00693	0.00554	0.00653	0.00172	0.11259	0.00441	0.00242	0.00604
83	0.07616	0.01746	0.01465	0.01200	0.01560	0.27586	0.00957	0.43606	0.01978	0.05718	0.01100	0.01141	0.00809	0.00587	0.00490	0.00149	0.00678	0.00414	0.00428	0.00770
84	0.01176	0.01060	0.01662	0.04291	0.50490	0.01087	0.01230	0.03006	0.08118	0.01616	0.01231	0.01797	0.01120	0.17033	0.02699	0.00243	0.00595	0.00537	0.00300	0.00709
85	0.00736	0.00556	0.00657	0.00697	0.00787	0.00544	0.00489	0.00958	0.08025	0.01379	0.04109	0.32035	0.19219	0.18594	0.03558	0.00284	0.00393	0.06086	0.00447	0.00447
86	0.01194	0.01129	0.01856	0.27120	0.48000	0.01218	0.01480	0.01622	0.08146	0.01629	0.01067	0.01380	0.00854	0.00504	0.00518	0.00163	0.00623	0.00475	0.00275	0.00748
87	0.01174	0.01925	0.38906	0.01740	0.07393	0.01185	0.25635	0.03359	0.01213	0.05053	0.05181	0.02689	0.01017	0.00533	0.00546	0.00168	0.00740	0.00519	0.00285	0.00739
88	0.01239	0.49302	0.02453	0.02736	0.01617	0.01628	0.17864	0.01472	0.01118	0.01366	0.01357	0.01698	0.07973	0.00593	0.00453	0.00142	0.00600	0.05476	0.00273	0.00640
89	0.00885	0.00691	0.00732	0.00767	0.00875	0.07728	0.00547	0.01015	0.01163	0.06671	0.12826	0.47942	0.12167	0.01349	0.00626	0.00191	0.00361	0.02495	0.00486	0.00483
90	0.01182	0.01070	0.01465	0.36956	0.13827	0.06250	0.01193	0.12723	0.01313	0.01705	0.04027	0.13360	0.01303	0.00714	0.00541	0.00171	0.00606	0.00625	0.00331	0.00637
91	0.01401	0.23073	0.11331	0.04455	0.34114	0.10345	0.01338	0.01684	0.01184	0.05109	0.00935	0.01131	0.00763	0.00481	0.00460	0.00143	0.00651	0.00393	0.00262	0.00747
92	0.01430	0.01194	0.01026	0.00910	0.01163	0.21862	0.00704	0.03931	0.06398	0.17277	0.14381	0.02791	0.21579	0.00874	0.00551	0.00161	0.00502	0.02168	0.00476	0.00622
93	0.04446	0.11776	0.08448	0.03401	0.26592	0.05062	0.24910	0.05158	0.02197	0.01703	0.00975	0.01227	0.00774	0.00472	0.00513	0.00156	0.00707	0.00470	0.00270	0.00741
94	0.01236	0.01179	0.02017	0.06861	0.68155	0.01195	0.02849	0.01541	0.01156	0.01649	0.01006	0.01347	0.00850	0.00699	0.05862	0.00202	0.00679	0.00473	0.00258	0.00786
95	0.01109	0.08148	0.68693	0.01409	0.02124	0.02801	0.01777	0.01657	0.01121	0.03328	0.02633	0.01154	0.00768	0.00508	0.00486	0.00160	0.00739	0.00392	0.00238	0.00756
96	0.00901	0.00721	0.00984	0.09462	0.01244	0.00841	0.00753	0.02824	0.08339	0.01379	0.01836	0.35469	0.01994	0.01331	0.02429	0.12292	0.15430	0.00907	0.00374	0.00489
97	0.03516	0.01645	0.24247	0.01537	0.13033	0.04829	0.05113	0.16753	0.02802	0.10514	0.02562	0.08660	0.01144	0.00649	0.00525	0.00165	0.00618	0.00549	0.00375	0.00762
98	0.01318	0.07523	0.46378	0.01332	0.04164	0.09999	0.01469	0.04060	0.01219	0.08739	0.01087	0.01210	0.00791	0.00523	0.00474	0.00153	0.00687	0.00399	0.07741	0.00735
99	0.00774	0.00598	0.00738	0.00759	0.00842	0.02837	0.00546	0.03141	0.00971	0.01296	0.02202	0.25791	0.09055	0.14919	0.32523	0.00500	0.00793	0.00901	0.00371	0.00444
100	0.01358	0.01577	0.20087	0.03941	0.14701	0.05888	0.02748	0.02174	0.30939	0.08915	0.01501	0.01527	0.01112	0.00588	0.00516	0.00166	0.00585	0.00494	0.00390	0.00794
101	0.01170	0.02042	0.42125	0.07006	0.26773	0.04882	0.05426	0.01634	0.01147	0.01629	0.00948	0.01186	0.00722	0.00486	0.00508	0.00161	0.00730	0.00424	0.00237	0.00764
102	0.00935	0.00843	0.01289	0.01125	0.01213	0.01041	0.07758	0.01096	0.00849	0.01244	0.01131	0.01813	0.01097	0.11562	0.34818	0.00514	0.30352	0.00549	0.00263	0.00508
103	0.01489	0.24819	0.02940	0.00884	0.01214	0.08328	0.00768	0.02992	0.02378	0.22011	0.14086	0.02218	0.10205	0.00739	0.00493	0.00149	0.00479	0.02699	0.00441	0.00669
104	0.01327	0.17778	0.40925	0.01459	0.06250	0.05565	0.07913	0.01747	0.01169	0.09700	0.01017	0.01147	0.00749	0.00497	0.00477	0.00153	0.00704	0.00400	0.00274	0.00751
105	0.01108	0.02201	0.01351	0.35392	0.02228	0.06277	0.01079	0.01563	0.14108	0.02854	0.08339	0.02910	0.01358	0.05673	0.00814	0.00198	0.11064	0.00550	0.00332	0.00601
106	0.01577	0.01051	0.01237	0.08315	0.01563	0.01151	0.00872	0.05544	0.46794	0.22992	0.01957	0.01818	0.01397	0.00669	0.00527	0.00171	0.00453	0.00555	0.00533	0.00821
107	0.01101	0.09301	0.37593	0.01606	0.02188	0.01248	0.27970	0.01557	0.01131	0.01586	0.01147	0.09035	0.00979	0.00582	0.00539	0.00168	0.00743	0.00563	0.00261	0.00703
108	0.19115	0.08543	0.02853	0.24765	0.24480	0.04145	0.01190	0.01509	0.01076	0.02889	0.00951	0.02876	0.00782	0.00517	0.00457	0.00158	0.00586	0.00425	0.02023	0.00659
109	0.01346	0.25070	0.24048	0.01832	0.27340	0.01425	0.01409	0.01688	0.01152	0.08626	0.00991	0.01148	0.00775	0.00484	0.00458	0.00146	0.00628	0.00393	0.00272	0.00769
110	0.00878	0.00583	0.00743	0.00788	0.00939	0.00540	0.00644	0.01059	0.01194	0.08569	0.03496	0.15840	0.26435	0.01355	0.00661	0.00209	0.00384	0.34692	0.00496	0.00496
111	0.01259	0.08409	0.01338	0.01362	0.19436	0.05709	0.02695	0.05543	0.08646	0.03245	0.01393	0.01572	0.01100	0.00561	0.00437	0.00138	0.00456	0.00465	0.35579	0.00656
112	0.01132	0.01126	0.02932	0.12988	0.38877	0.01118	0.15111	0.01482	0.03473	0.01629	0.03700	0.04729	0.08141	0.00614	0.00552	0.00166	0.00617	0.00604	0.00301	0.00708
113	0.01176	0.01160	0.01143	0.17203	0.04096	0.20006	0.00889	0.07830	0.01261	0.01520	0.01733	0.32257	0.01832	0.00980	0.00563	0.00176	0.00572	0.02140	0.02909	0.00555
114	0.01427	0.01290	0.01755	0.03822	0.45897	0.08405	0.01295	0.01984	0.19064	0.07827	0.01313	0.01450	0.01023	0.00543	0.00515	0.00159	0.00587	0.00486	0.00352	0.00805
115	0.20032	0.01221	0.01502	0.30013	0.05748	0.10590	0.06849	0.04991	0.01143	0.05082	0.00923	0.01200	0.00710	0.00548	0.00577	0.00169	0.07365	0.00421	0.00291	0.00626
116	0.01613	0.02190	0.27376	0.01499	0.08837	0.33185	0.01333	0.03295	0.03525	0.10765	0.01059	0.01159	0.00785	0.00535	0.00491	0.00151	0.00772	0.00396	0.00308	0.00725
117	0.00660	0.00534	0.00590	0.00588	0.00747	0.00463	0.00449	0.00827	0.01258	0.01584	0.22942	0.04796	0.55215	0.01265	0.00622	0.00177	0.00274	0.06049	0.00505	0.00455
118	0.01284	0.57247	0.26542	0.01076	0.01623	0.01795	0.01214	0.01587	0.01071	0.01358	0.00790	0.00918	0.00666	0.00461	0.00384	0.00128	0.00623	0.00312	0.00222	0.00700
119	0.01377	0.19914	0.21636	0.07052	0.20641	0.08956	0.01382	0.08544	0.01275	0.03239	0.00937	0.01118	0.00739	0.00497	0.00466	0.00147	0.00671	0.00391	0.00272	0.00745
120	0.00749	0.00503	0.00687	0.00751	0.00812	0.00500	0.00526	0.00862	0.00965	0.04897	0.02388	0.52971	0.02715	0.07550	0.20114	0.00382	0.00590	0.01161	0.00430	0.00448
121	0.09024	0.01133	0.01145	0.01031	0.01327	0.02712	0.00804	0.02641	0.69089	0.02176	0.01968	0.01824	0.01479	0.00683	0.00510	0.00174	0.00421	0.00556	0.00506	0.00796
122	0.01619	0.01894	0.25758	0.01543	0.12030	0.12469	0.01339	0.23578	0.02712	0.10355	0.01151	0.01230	0.00830	0.00554	0.00505	0.00156	0.00676	0.00431	0.00369	0.00800
123	0.01021	0.08368	0.01669	0.73145	0.03380	0.01240	0.01395	0.01352	0.01043	0.01321	0.00907	0.01338	0.00692	0.00514	0.00504	0.00168	0.00682	0.00446	0.00231	0.00587
124	0.00651	0.00535	0.00576	0.00582	0.00747	0.00460	0.00448	0.00806	0.01222	0.01502	0.13755	0.04957	0.62571	0.01299	0.00625	0.00180	0.00281	0.07858	0.00494	0.00449
125	0.01294	0.01278	0.02206	0.03055	0.68880	0.02652	0.09695	0.01614	0.01196	0.01690	0.00984	0.01295	0.00818	0.00463	0.00525	0.00157	0.00652	0.00478	0.00259	0.00808
126	0.01184	0.02277	0.00964	0.00866	0.02433	0.00795	0.00622	0.14942	0.08024	0.03075	0.01100	0.01538	0.00965	0.01415	0.01527	0.56576	0.00476	0.00466	0.00317	0.00435
127	0.03782	0.00862	0.01166	0.00925	0.01300	0.00758	0.00768	0.02385	0.01452	0.70262	0.02094	0.02131	0.01432	0.00714	0.00538	0.00168	0.00446	0.07350	0.00623	0.00843
128	0.01292	0.01281	0.03449	0.04382	0.74489	0.02669	0.01591	0.01604	0.01187	0.01687	0.00975	0.01281	0.00817	0.00467	0.00514	0.00155	0.00628	0.00460	0.00257	0.00816
129	0.17207	0.04096	0.01421	0.02588	0.02857	0.01316	0.07778	0.14781	0.32883	0.07465	0.01518	0.01498	0.01122	0.00605	0.00489	0.00166	0.00496	0.00493	0.00451	0.00769
130	0.01767	0.00965	0.01164	0.00957	0.01290	0.00972	0.00768	0.09858	0.24433	0.37606	0.12481	0.02063	0.01838	0.00719	0.00538	0.00166	0.00420	0.00595	0.00588	0.00813
131	0.00634	0.00453	0.00604	0.00725	0.00755	0.00423	0.00483	0.00725	0.00997	0.01329	0.02870	0.81358	0.03444	0.01632	0.00665	0.00211	0.00302	0.01480	0.00483	0.00423
132	0.00940	0.02148	0.00899	0.00797	0.00979	0.00662	0.03922	0.02583	0.09516	0.08021	0.29337	0.20079	0.15844	0.01109	0.00602	0.00177	0.00334	0.00977	0.00519	0.00555
133	0.01058	0.05854	0.75961	0.01461	0.02217	0.01243	0.01883	0.01646	0.01098	0.01632	0.00926	0.01089	0.00660	0.00493	0.00488	0.00163	0.00761	0.00381	0.00220	0.00766
134	0.00905	0.00452	0.00678	0.00678	0.00678	0.00452	0.00452	0.00678	0.00678	0.00905	0.00905	0.01583	0.00905	0.01809	0.02035	0.84848	0.00452	0.00452	0.00226	0.00226
135	0.01308	0.01091	0.01665	0.23995	0.26995	0.01185	0.04202	0.01921	0.20768	0.09479	0.01368	0.01538	0.01030	0.00559	0.00525	0.00167	0.00579	0.00508	0.00359	0.00757
136	0.01168	0.07572	0.29238	0.01864	0.05675	0.01310	0.40357	0.01635	0.01176	0.01641	0.02752	0.01310	0.00832	0.00474	0.00549	0.00166	0.00792	0.00512	0.00252	0.00724
137	0.01809	0.00769	0.01037	0.00837	0.01147	0.00674	0.00674	0.02021	0.01474	0.53652	0.24733	0.03654	0.03584	0.00795	0.00554	0.00163	0.00380	0.00671	0.00618	0.00755
138	0.00819	0.00593	0.00811	0.00919	0.01044	0.00585	0.00798	0.01049	0.01198	0.01545	0.02988	0.05795	0.09903	0.01428	0.00710	0.00234	0.00460	0.68167	0.00480	0.00476
139	0.24299	0.05051	0.46484	0.01303	0.01910	0.01246	0.08347	0.02749	0.01072	0.01849	0.00885	0.01050	0.00649	0.00487	0.00453	0.00163	0.00668	0.00375	0.00257	0.00705
140	0.01477	0.60475	0.02543	0.01083	0.01512	0.11500	0.07855	0.05704	0.01200	0.01383	0.00793	0.00923	0.00692	0.00466	0.00387	0.00123	0.00634	0.00327	0.00248	0.00675
141	0.67622	0.08455	0.00995	0.00749	0.01079	0.01265	0.00625	0.01681	0.10057	0.02216	0.00892	0.00976	0.00696	0.00507	0.00348	0.00158	0.00418	0.00318	0.00338	0.00605
142	0.01642	0.15893	0.19929	0.01291	0.01716	0.43491	0.01202	0.06280	0.01374	0.01472	0.00848	0.00978	0.00680	0.00517	0.00456	0.00139	0.00813	0.00345	0.00264	0.00670
143	0.01296	0.02818	0.10563	0.06371	0.54448	0.01229	0.08453	0.01644	0.01186	0.05503	0.01028	0.01299	0.00818	0.00476	0.00520	0.00158	0.00653	0.00469	0.00272	0.00796
144	0.51363	0.01017	0.00949	0.07623	0.01320	0.01182	0.00712	0.01850	0.22855	0.02197	0.03624	0.01304	0.01008	0.00569	0.00408	0.00167	0.00425	0.00406	0.00382	0.00637
145	0.01116	0.01166	0.01004	0.00961	0.01114	0.25763	0.00730	0.01274	0.01067	0.01239	0.01549	0.01998	0.07713	0.05502	0.44804	0.00544	0.01120	0.00541	0.00294	0.00501
146	0.01349	0.01305	0.02602	0.02391	0.26238	0.01241	0.46198	0.01726	0.01240	0.08759	0.01122	0.01402	0.00847	0.00466	0.00575	0.00168	0.00757	0.00559	0.00297	0.00758
147	0.00634	0.00453	0.00604	0.00725	0.00755	0.00423	0.00483	0.00725	0.00997	0.01329	0.02870	0.81358	0.03444	0.01632	0.00665	0.00211	0.00302	0.01480	0.00483	0.00423
148	0.00615	0.00528	0.00528	0.00528	0.00703	0.00440	0.00396	0.00747	0.01187	0.01407	0.05276	0.05012	0.78238	0.01319	0.00615	0.00176	0.00264	0.01099	0.00484	0.00440
149	0.01039	0.13899	0.48736	0.01305	0.01872	0.01217	0.05555	0.01473	0.01076	0.01525	0.01230	0.14593	0.01137	0.00685	0.00533	0.00167	0.02434	0.00568	0.00267	0.00688
150	0.01235	0.01116	0.01805	0.05711	0.55726	0.01138	0.01395	0.01641	0.08193	0.03337	0.01358	0.02017	0.01210	0.00631	0.00546	0.00170	0.00579	0.11103	0.00321	0.00767
151	0.00744	0.00557	0.00831	0.00831	0.00922	0.00648	0.00644	0.00926	0.00835	0.01205	0.01400	0.02076	0.01315	0.05626	0.77932	0.00830	0.01375	0.00562	0.00280	0.00462
152	0.00859	0.00544	0.00687	0.00679	0.00778	0.00592	0.00509	0.02693	0.00961	0.01511	0.01537	0.02151	0.01376	0.11868	0.38414	0.00509	0.00830	0.00552	0.32486	0.00464
153	0.01140	0.01126	0.03778	0.02538	0.52747	0.01075	0.08917	0.01424	0.01149	0.01619	0.01381	0.18007	0.01364	0.00706	0.00556	0.00169	0.00582	0.00689	0.00305	0.00727
154	0.01289	0.47309	0.15294	0.01096	0.01555	0.01613	0.07528	0.03936	0.01133	0.04167	0.01087	0.09794	0.01010	0.00596	0.00434	0.00140	0.00589	0.00472	0.00279	0.00676
155	0.01392	0.82012	0.02729	0.00891	0.01337	0.02061	0.00891	0.01559	0.01058	0.01225	0.00724	0.00835	0.00668	0.00446	0.00334	0.00111	0.00557	0.00278	0.00223	0.00668
156	0.01463	0.01253	0.02379	0.01787	0.03858	0.01234	0.45999	0.03250	0.06697	0.17191	0.01299	0.01487	0.00940	0.00547	0.00687	0.00177	0.08077	0.00574	0.00360	0.00742
157	0.07004	0.01350	0.08810	0.01730	0.12523	0.01233	0.26291	0.18531	0.01454	0.02074	0.03628	0.06776	0.01169	0.00624	0.00551	0.00169	0.00650	0.02821	0.01890	0.00722
158	0.01087	0.01060	0.03167	0.31617	0.35083	0.01119	0.04908	0.01393	0.01104	0.01509	0.01183	0.10893	0.01082	0.00631	0.00558	0.00171	0.01896	0.00590	0.00274	0.00674
159	0.02336	0.00886	0.01209	0.00927	0.01329	0.00765	0.00765	0.02538	0.01491	0.78810	0.02055	0.01773	0.01289	0.00645	0.00524	0.00161	0.00443	0.00524	0.00645	0.00886
160	0.01080	0.01505	0.22973	0.34473	0.16637	0.01232	0.04417	0.01472	0.01068	0.01491	0.00921	0.01269	0.00711	0.00536	0.00625	0.00173	0.08055	0.00447	0.00234	0.00680
161	0.01529	0.01656	0.27597	0.01408	0.01946	0.01129	0.17497	0.10610	0.03000	0.22468	0.04928	0.01510	0.01100	0.00569	0.00538	0.00165	0.00651	0.00511	0.00401	0.00788
162	0.00799	0.00684	0.01141	0.01232	0.10322	0.00652	0.11473	0.00968	0.01050	0.01420	0.02359	0.58985	0.02715	0.01362	0.02033	0.00211	0.00441	0.01219	0.00421	0.00512
163	0.01515	0.12070	0.32946	0.01345	0.01837	0.38669	0.01363	0.01844	0.01274	0.01420	0.00848	0.00992	0.00666	0.00509	0.00464	0.00144	0.00825	0.00349	0.00243	0.00678
164	0.01467	0.00921	0.01248	0.01036	0.01343	0.00920	0.08709	0.02085	0.25783	0.26858	0.03720	0.09217	0.09622	0.00929	0.03498	0.00199	0.00480	0.00708	0.00522	0.00737
165	0.01203	0.01171	0.02056	0.23474	0.51759	0.01223	0.08438	0.01534	0.01152	0.01601	0.00972	0.01326	0.00787	0.00477	0.00526	0.00162	0.00662	0.00478	0.00251	0.00749
166	0.00965	0.00898	0.01504	0.75270	0.03409	0.01113	0.01390	0.01298	0.01042	0.01335	0.01050	0.05205	0.00865	0.00589	0.00531	0.00177	0.00672	0.01873	0.00248	0.00569
167	0.01215	0.01393	0.07148	0.02411	0.26265	0.01253	0.45938	0.01610	0.01199	0.01665	0.01091	0.04321	0.00892	0.00494	0.00578	0.00170	0.00769	0.00586	0.00267	0.00734
168	0.01076	0.00919	0.01673	0.01561	0.12529	0.00863	0.25414	0.01324	0.01158	0.08609	0.02097	0.31460	0.07061	0.00965	0.00611	0.00185	0.00545	0.00940	0.00394	0.00615
169	0.00632	0.00463	0.00594	0.00698	0.00748	0.00425	0.00471	0.00728	0.01023	0.01340	0.03203	0.70786	0.13802	0.01588	0.00658	0.00207	0.00297	0.01428	0.00483	0.00425
170	0.01270	0.01866	0.26291	0.01838	0.09206	0.08837	0.26585	0.05150	0.01214	0.01653	0.00951	0.01215	0.00733	0.00533	0.00681	0.00172	0.10355	0.00476	0.00258	0.00718
171	0.01948	0.12847	0.01609	0.01281	0.08515	0.26949	0.00950	0.05631	0.02520	0.30759	0.01322	0.01301	0.00942	0.00565	0.00479	0.00145	0.00644	0.00420	0.00419	0.00756
172	0.01156	0.18651	0.31820	0.01825	0.25714	0.01324	0.01474	0.01530	0.01108	0.01547	0.01082	0.08470	0.00969	0.00579	0.00483	0.00155	0.00635	0.00488	0.00257	0.00734
173	0.00649	0.00525	0.00561	0.00571	0.00728	0.00452	0.00430	0.00797	0.01198	0.01487	0.11483	0.09863	0.60803	0.01300	0.00616	0.00178	0.00274	0.04539	0.03099	0.00446
174	0.01470	0.29986	0.20623	0.01038	0.01527	0.01387	0.01078	0.09432	0.01306	0.16253	0.01503	0.01508	0.07928	0.00593	0.00455	0.00144	0.00558	0.00446	0.00358	0.02409
175	0.01316	0.01343	0.05694	0.08238	0.45012	0.02777	0.12710	0.08087	0.05062	0.01811	0.01056	0.01325	0.00840	0.00500	0.00549	0.00162	0.01958	0.00487	0.00291	0.00783
176	0.04999	0.01018	0.01395	0.50814	0.02701	0.08245	0.03968	0.02779	0.01105	0.01458	0.01194	0.10908	0.01059	0.00657	0.00518	0.00171	0.00634	0.00571	0.05238	0.00567
177	0.02532	0.00936	0.01575	0.77560	0.03524	0.01160	0.02800	0.01340	0.01042	0.01355	0.00924	0.01379	0.00694	0.00518	0.00519	0.00173	0.00692	0.00462	0.00234	0.00580
178	0.01456	0.01221	0.01718	0.02065	0.36167	0.06318	0.05614	0.07297	0.11956	0.11251	0.08366	0.01658	0.01355	0.00590	0.00531	0.00159	0.00568	0.00533	0.00392	0.00784
179	0.01075	0.01135	0.10749	0.09891	0.14665	0.00970	0.10687	0.02820	0.07749	0.04818	0.17578	0.09868	0.04206	0.00766	0.00566	0.00171	0.00533	0.00705	0.00389	0.00660
180	0.00661	0.00479	0.00625	0.00694	0.00758	0.00443	0.00480	0.00797	0.01139	0.01541	0.23557	0.55565	0.08414	0.01458	0.00648	0.00196	0.00284	0.01310	0.00508	0.00443
181	0.00862	0.00738	0.00774	0.00725	0.00874	0.07785	0.00545	0.01144	0.04998	0.01952	0.60526	0.03636	0.11406	0.01024	0.00597	0.00163	0.00319	0.00885	0.00535	0.00512
182	0.01229	0.12250	0.01600	0.03594	0.08899	0.04091	0.08604	0.03313	0.19857	0.05272	0.01739	0.13433	0.01614	0.00824	0.00583	0.00176	0.02943	0.08904	0.00399	0.00676
183	0.00653	0.00467	0.00626	0.00747	0.00785	0.00439	0.00516	0.00758	0.01016	0.01350	0.02860	0.74432	0.03403	0.01614	0.00670	0.00214	0.00318	0.08221	0.00483	0.00428
184	0.00927	0.09517	0.01063	0.00842	0.00996	0.00810	0.00680	0.01113	0.00910	0.06466	0.01371	0.01893	0.01232	0.03245	0.64139	0.00699	0.01218	0.00524	0.01840	0.00516
185	0.01291	0.43875	0.28489	0.01130	0.01663	0.05322	0.01242	0.01725	0.08109	0.01459	0.00928	0.01032	0.00750	0.00490	0.00413	0.00137	0.00634	0.00346	0.00252	0.00714
186	0.01057	0.05640	0.76167	0.01462	0.02220	0.01241	0.01886	0.01646	0.01098	0.01633	0.00927	0.01090	0.00660	0.00493	0.00489	0.00163	0.00762	0.00381	0.00220	0.00766
187	0.01083	0.01125	0.02287	0.01863	0.09113	0.01102	0.45978	0.01431	0.01103	0.01528	0.01153	0.01594	0.00953	0.01524	0.25277	0.00380	0.01016	0.00583	0.00268	0.00639
188	0.01307	0.01285	0.01766	0.07726	0.47658	0.10648	0.01357	0.03193	0.06502	0.01672	0.01258	0.01863	0.01119	0.00617	0.00537	0.00166	0.00630	0.09648	0.00309	0.00740
189	0.01654	0.01297	0.01379	0.01132	0.01491	0.01463	0.00911	0.41477	0.38215	0.02756	0.01665	0.01580	0.01221	0.00664	0.00525	0.00166	0.00496	0.00526	0.00525	0.00856
190	0.00633	0.00460	0.00597	0.00707	0.00751	0.00425	0.00475	0.00727	0.01014	0.01336	0.03091	0.74351	0.10309	0.01603	0.00660	0.00208	0.00299	0.01445	0.00483	0.00425
191	0.01045	0.02694	0.79000	0.01484	0.02254	0.01209	0.01924	0.01649	0.01099	0.01649	0.00935	0.01099	0.00660	0.00495	0.00495	0.00165	0.00770	0.00385	0.00220	0.00770
192	0.01218	0.01202	0.02296	0.02377	0.34651	0.01164	0.33783	0.01574	0.01191	0.01721	0.01114	0.01432	0.00883	0.00474	0.00537	0.00159	0.00677	0.00532	0.12292	0.00724
193	0.01457	0.01694	0.01161	0.01064	0.01274	0.47644	0.00798	0.01636	0.01475	0.01603	0.32063	0.02131	0.02385	0.00750	0.00528	0.00146	0.00659	0.00580	0.00392	0.00558
194	0.00632	0.00462	0.00595	0.00702	0.00749	0.00425	0.00473	0.00728	0.01020	0.01339	0.03158	0.72236	0.12381	0.01594	0.00659	0.00207	0.00298	0.01435	0.00483	0.00425
195	0.01127	0.02674	0.71885	0.01471	0.02195	0.08405	0.01840	0.01689	0.01134	0.01615	0.00923	0.01085	0.00661	0.00499	0.00492	0.00162	0.00785	0.00380	0.00224	0.00754
196	0.00980	0.00810	0.01280	0.59484	0.02805	0.00981	0.01163	0.01300	0.01055	0.01491	0.01128	0.01533	0.00862	0.00543	0.00480	0.00160	0.00576	0.00469	0.22346	0.00554
197	0.01307	0.01124	0.01184	0.01062	0.01358	0.01301	0.00827	0.03978	0.76280	0.02197	0.02105	0.01932	0.01578	0.00705	0.00530	0.00176	0.00415	0.00587	0.00530	0.00825
198	0.02185	0.01129	0.01358	0.01042	0.01450	0.01125	0.00860	0.33931	0.01896	0.46845	0.01714	0.01551	0.01118	0.00636	0.00523	0.00159	0.00498	0.00500	0.00592	0.00886
199	0.01321	0.01325	0.01629	0.01297	0.01607	0.19387	0.24372	0.06748	0.02624	0.01757	0.03895	0.01843	0.06219	0.00621	0.00513	0.00152	0.00637	0.02208	0.21235	0.00611
200	0.00644	0.00460	0.00613	0.00719	0.00757	0.00429	0.00484	0.00749	0.01041	0.01399	0.09782	0.74248	0.03579	0.01579	0.00660	0.00207	0.00297	0.01431	0.00492	0.00429
201	0.00735	0.00543	0.00748	0.00748	0.00827	0.00598	0.00551	0.00874	0.00851	0.01182	0.01807	0.02627	0.08497	0.21306	0.54927	0.00701	0.01089	0.00653	0.00306	0.00429
202	0.00961	0.00892	0.01495	0.73140	0.03343	0.01111	0.01373	0.01294	0.01023	0.01319	0.00969	0.01449	0.00750	0.00831	0.07782	0.00234	0.00759	0.00472	0.00236	0.00568
203	0.01465	0.01297	0.08061	0.01474	0.01908	0.01180	0.28315	0.06917	0.21335	0.16535	0.01603	0.04938	0.01202	0.00615	0.00562	0.00173	0.00621	0.00599	0.00428	0.00775
204	0.02241	0.00908	0.01206	0.00939	0.01332	0.00814	0.00771	0.02559	0.08468	0.71777	0.02060	0.01788	0.01317	0.00650	0.00524	0.00163	0.00440	0.00530	0.00634	0.00881
205	0.01139	0.01139	0.01595	0.01367	0.01367	0.01595	0.01139	0.01253	0.00798	0.01253	0.00684	0.01139	0.00684	0.00911	0.01709	0.00228	0.80745	0.00456	0.00228	0.00570
206	0.02825	0.00879	0.01188	0.01006	0.01257	0.00911	0.06725	0.10022	0.09199	0.17580	0.07366	0.10173	0.08770	0.01294	0.11182	0.00266	0.05218	0.03012	0.00469	0.00658
207	0.01045	0.02694	0.79000	0.01484	0.02254	0.01209	0.01924	0.01649	0.01099	0.01649	0.00935	0.01099	0.00660	0.00495	0.00495	0.00165	0.00770	0.00385	0.00220	0.00770
208	0.00983	0.00926	0.01562	0.80447	0.03587	0.01157	0.01446	0.01331	0.01041	0.01331	0.00926	0.01388	0.00694	0.00521	0.00521	0.00174	0.00694	0.00463	0.00231	0.00579
209	0.00983	0.00926	0.01562	0.80447	0.03587	0.01157	0.01446	0.01331	0.01041	0.01331	0.00926	0.01388	0.00694	0.00521	0.00521	0.00174	0.00694	0.00463	0.00231	0.00579
210	0.01243	0.01320	0.02644	0.03216	0.02385	0.01352	0.55900	0.01638	0.03338	0.03918	0.01039	0.01378	0.00805	0.00548	0.00826	0.00186	0.16729	0.00577	0.00275	0.00683
211	0.00807	0.00576	0.00802	0.00922	0.01028	0.00572	0.00783	0.01023	0.01167	0.01522	0.02775	0.17741	0.03067	0.01469	0.00711	0.00235	0.00452	0.63395	0.00480	0.00471
212	0.00722	0.00532	0.00676	0.00640	0.00769	0.00485	0.00480	0.00954	0.01440	0.02006	0.69392	0.04025	0.13748	0.01095	0.00614	0.00165	0.00248	0.00961	0.00562	0.00485
213	0.01125	0.19744	0.34494	0.08847	0.02166	0.01362	0.16299	0.01541	0.01104	0.01507	0.01041	0.06549	0.00879	0.00552	0.00497	0.00159	0.00705	0.00488	0.00248	0.00692
214	0.01256	0.01088	0.01182	0.01125	0.04615	0.01242	0.00838	0.02596	0.69470	0.02112	0.02228	0.02121	0.05159	0.00736	0.00536	0.00177	0.00415	0.01788	0.00515	0.00801
215	0.00905	0.00452	0.00678	0.00678	0.00678	0.00452	0.00452	0.00678	0.00678	0.00905	0.00905	0.01583	0.00905	0.01809	0.02035	0.84848	0.00452	0.00452	0.00226	0.00226
216	0.01261	0.01209	0.02063	0.10287	0.71579	0.01230	0.01584	0.01574	0.01173	0.01667	0.00975	0.01298	0.00813	0.00469	0.00516	0.00156	0.00626	0.00464	0.00255	0.00802
217	0.01136	0.02967	0.24215	0.01226	0.01615	0.05302	0.10525	0.12933	0.01296	0.01750	0.03284	0.20625	0.01589	0.08247	0.00751	0.00205	0.00610	0.00731	0.00354	0.00637
218	0.02336	0.00886	0.01209	0.00927	0.01329	0.00765	0.00765	0.02538	0.01491	0.78810	0.02055	0.01773	0.01289	0.00645	0.00524	0.00161	0.00443	0.00524	0.00645	0.00886
219	0.00891	0.00566	0.00745	0.00681	0.00831	0.00518	0.00518	0.01132	0.01476	0.09451	0.70870	0.03687	0.04566	0.01024	0.00606	0.00164	0.00265	0.00902	0.00580	0.00529
220	0.04059	0.01633	0.01950	0.02127	0.30175	0.25557	0.14621	0.03419	0.06099	0.03858	0.01039	0.01242	0.00826	0.00506	0.00514	0.00154	0.00739	0.00455	0.00298	0.00730
221	0.01254	0.01292	0.02363	0.01838	0.04952	0.01401	0.41009	0.08396	0.01198	0.01678	0.01008	0.03701	0.00847	0.00640	0.00946	0.00190	0.25759	0.00572	0.00282	0.00674
222	0.00820	0.00586	0.00818	0.00938	0.01049	0.00583	0.00807	0.01046	0.01180	0.01537	0.02768	0.12802	0.03038	0.01456	0.00714	0.00237	0.00463	0.68202	0.00480	0.00474
223	0.01519	0.01595	0.01244	0.01128	0.01384	0.32823	0.00857	0.09259	0.26895	0.01814	0.05147	0.11051	0.01528	0.00757	0.00525	0.00161	0.00620	0.00598	0.00420	0.00678
224	0.01193	0.01331	0.02868	0.02081	0.02571	0.01251	0.69609	0.01614	0.01226	0.01658	0.01210	0.01815	0.00993	0.00531	0.00624	0.00181	0.00841	0.07437	0.00283	0.00682
225	0.00983	0.00926	0.01562	0.80447	0.03587	0.01157	0.01446	0.01331	0.01041	0.01331	0.00926	0.01388	0.00694	0.00521	0.00521	0.00174	0.00694	0.00463	0.00231	0.00579
