[name]
unknown

[dist]
# distance from previous block
# <min> <max>
0	0

[block]
# block no. 0 follows, 45 sequences, length 17
# corresponding to MSA columns:
# 0-16
name=unknown_A
#
# <colnr> <probs for GDERKNQSTAVLIFYWHMCP>
#	G	D	E	R	K	N	Q	S	T	A	V	L	I	F	Y	W	H	M	C	P
0	0.00865	0.00618	0.00865	0.00989	0.01112	0.00618	0.00865	0.01112	0.01236	0.01606	0.02842	0.06055	0.03089	0.01483	0.00741	0.00247	0.00494	0.74174	0.00494	0.00494
1	0.01340	0.60507	0.22928	0.01081	0.01630	0.01890	0.01202	0.01632	0.01102	0.01379	0.00804	0.00934	0.00686	0.00473	0.00389	0.00130	0.00632	0.00316	0.00229	0.00717
2	0.01661	0.01144	0.01182	0.00993	0.01312	0.09664	0.00788	0.08814	0.18414	0.25473	0.04964	0.02264	0.13197	0.00784	0.00585	0.00167	0.03009	0.00623	0.00526	0.04438
3	0.01274	0.01168	0.02320	0.13800	0.02461	0.01132	0.43923	0.01652	0.01308	0.10251	0.13469	0.01900	0.01540	0.00593	0.00608	0.00177	0.00721	0.00653	0.00362	0.00690
4	0.01280	0.01226	0.02091	0.15163	0.66300	0.01263	0.01623	0.01605	0.01199	0.01694	0.01001	0.01344	0.00829	0.00487	0.00532	0.00162	0.00650	0.00478	0.00261	0.00811
5	0.00647	0.00495	0.00594	0.00674	0.00759	0.00442	0.00465	0.00756	0.01099	0.01399	0.03858	0.53361	0.30394	0.01565	0.00667	0.00205	0.00297	0.01383	0.00498	0.00442
6	0.14355	0.01052	0.01078	0.00935	0.01243	0.01158	0.00742	0.14007	0.33065	0.07296	0.02294	0.02188	0.13009	0.00767	0.00517	0.00172	0.00421	0.00610	0.04344	0.00745
7	0.01099	0.07767	0.73562	0.01491	0.02263	0.01302	0.01916	0.01694	0.01131	0.01672	0.00950	0.01116	0.00681	0.00507	0.00499	0.00166	0.00779	0.00390	0.00227	0.00787
8	0.00696	0.00498	0.00669	0.00778	0.00832	0.00471	0.00556	0.00828	0.01104	0.01478	0.09683	0.62255	0.03616	0.01598	0.00689	0.00218	0.00335	0.12739	0.00506	0.00451
9	0.00654	0.00467	0.00623	0.00747	0.00779	0.00436	0.00498	0.00747	0.01028	0.01370	0.02959	0.80785	0.03550	0.01682	0.00685	0.00218	0.00311	0.01526	0.00498	0.00436
10	0.14023	0.00967	0.01483	0.67576	0.03285	0.01194	0.01350	0.01403	0.01049	0.01532	0.00922	0.01344	0.00695	0.00531	0.00505	0.00177	0.00669	0.00448	0.00253	0.00594
11	0.02408	0.00914	0.01246	0.00955	0.01370	0.00789	0.00789	0.02616	0.01536	0.78158	0.02118	0.01827	0.01329	0.00664	0.00540	0.00166	0.00457	0.00540	0.00664	0.00914
12	0.01335	0.01153	0.01214	0.01092	0.01396	0.01335	0.00850	0.02852	0.76817	0.02245	0.02185	0.02003	0.01639	0.00728	0.00546	0.00182	0.00425	0.00607	0.00546	0.00850
13	0.00684	0.00556	0.00612	0.00645	0.00791	0.00497	0.00478	0.00875	0.04398	0.01474	0.04526	0.23651	0.51438	0.01419	0.00650	0.00194	0.00302	0.05840	0.00500	0.00468
14	0.01270	0.59243	0.11746	0.00967	0.01401	0.01755	0.00984	0.01485	0.01086	0.01333	0.01116	0.13286	0.01131	0.00655	0.00418	0.00138	0.00560	0.00493	0.00271	0.00662
15	0.01180	0.00901	0.01120	0.00831	0.01250	0.00707	0.02682	0.01424	0.01219	0.08722	0.12931	0.01636	0.01506	0.00532	0.00453	0.00104	0.00394	0.00448	0.00390	0.61571
16	0.01820	0.14464	0.01639	0.01225	0.01535	0.51201	0.00962	0.02110	0.08956	0.06041	0.04393	0.01239	0.01015	0.00587	0.00478	0.00142	0.00791	0.00402	0.00333	0.00668

[dist]
# distance from previous block
# <min> <max>
0	2

[block]
# block no. 1 follows, 45 sequences, length 57
# corresponding to MSA columns:
# 19-75
name=unknown_B
#
# <colnr> <probs for GDERKNQSTAVLIFYWHMCP>
#	G	D	E	R	K	N	Q	S	T	A	V	L	I	F	Y	W	H	M	C	P
0	0.01267	0.01448	0.03167	0.02262	0.02805	0.01357	0.75837	0.01719	0.01267	0.01719	0.01086	0.01448	0.00814	0.00452	0.00633	0.00181	0.00905	0.00633	0.00271	0.00724
1	0.01040	0.01006	0.01772	0.71757	0.03604	0.01210	0.09241	0.01408	0.01094	0.01408	0.00968	0.01433	0.00726	0.00528	0.00547	0.00179	0.00735	0.00493	0.00242	0.00610
2	0.01153	0.11481	0.03731	0.02169	0.38085	0.01172	0.08993	0.01414	0.01157	0.01585	0.01495	0.22167	0.01532	0.00790	0.00558	0.00172	0.00575	0.00743	0.00322	0.00706
3	0.01989	0.01110	0.01951	0.01435	0.01897	0.00998	0.28345	0.02287	0.01437	0.50092	0.01739	0.01688	0.01140	0.00587	0.00574	0.00172	0.00621	0.00574	0.00520	0.00844
4	0.02408	0.00914	0.01246	0.00955	0.01370	0.00789	0.00789	0.02616	0.01536	0.78158	0.02118	0.01827	0.01329	0.00664	0.00540	0.00166	0.00457	0.00540	0.00664	0.00914
5	0.01042	0.02386	0.63385	0.01412	0.02068	0.01177	0.01740	0.01585	0.01163	0.01732	0.10841	0.01508	0.01248	0.00614	0.00606	0.00174	0.05827	0.00476	0.00274	0.00743
6	0.01272	0.38403	0.34116	0.01480	0.11648	0.01650	0.01455	0.01651	0.01125	0.01508	0.00870	0.01035	0.00706	0.00483	0.00437	0.00144	0.00673	0.00357	0.00233	0.00753
7	0.01267	0.01448	0.03167	0.02262	0.02805	0.01357	0.75837	0.01719	0.01267	0.01719	0.01086	0.01448	0.00814	0.00452	0.00633	0.00181	0.00905	0.00633	0.00271	0.00724
8	0.00654	0.00467	0.00623	0.00747	0.00779	0.00436	0.00498	0.00747	0.01028	0.01370	0.02959	0.80785	0.03550	0.01682	0.00685	0.00218	0.00311	0.01526	0.00498	0.00436
9	0.02022	0.01718	0.11439	0.01258	0.01689	0.24612	0.05857	0.06122	0.01514	0.36188	0.01469	0.01425	0.00997	0.00596	0.00525	0.00159	0.00691	0.00466	0.00458	0.00798
10	0.01267	0.01448	0.03167	0.02262	0.02805	0.01357	0.75837	0.01719	0.01267	0.01719	0.01086	0.01448	0.00814	0.00452	0.00633	0.00181	0.00905	0.00633	0.00271	0.00724
11	0.00692	0.00546	0.00623	0.00604	0.00760	0.00478	0.00453	0.00881	0.01359	0.01771	0.38336	0.04638	0.44470	0.01240	0.00634	0.00176	0.00263	0.01059	0.00541	0.00478
12	0.01157	0.01375	0.11559	0.03782	0.01596	0.01579	0.01288	0.01347	0.00870	0.01347	0.00746	0.01177	0.00702	0.00872	0.01563	0.00225	0.67507	0.00461	0.00234	0.00614
13	0.01329	0.01275	0.02179	0.03295	0.77787	0.01275	0.01647	0.01647	0.01222	0.01754	0.01010	0.01329	0.00850	0.00478	0.00531	0.00159	0.00638	0.00478	0.00266	0.00850
14	0.00634	0.00544	0.00544	0.00544	0.00725	0.00453	0.00408	0.00770	0.01224	0.01450	0.05438	0.05166	0.77569	0.01359	0.00634	0.00181	0.00272	0.01133	0.00498	0.00453
15	0.00634	0.00544	0.00544	0.00544	0.00725	0.00453	0.00408	0.00770	0.01224	0.01450	0.05438	0.05166	0.77569	0.01359	0.00634	0.00181	0.00272	0.01133	0.00498	0.00453
16	0.84927	0.01038	0.00789	0.00706	0.01038	0.01204	0.00581	0.01578	0.00914	0.02408	0.00747	0.00872	0.00581	0.00498	0.00332	0.00166	0.00415	0.00291	0.00332	0.00581
17	0.00781	0.00520	0.00585	0.00585	0.00585	0.00520	0.00325	0.00781	0.00781	0.01041	0.01691	0.03513	0.01952	0.81135	0.02732	0.00520	0.00520	0.00781	0.00325	0.00325
18	0.11624	0.00603	0.00714	0.00699	0.00839	0.00585	0.00518	0.01032	0.01314	0.01990	0.47930	0.21742	0.04016	0.01141	0.00600	0.00178	0.00292	0.00998	0.00528	0.02657
19	0.01113	0.00954	0.01113	0.00795	0.01272	0.00716	0.00636	0.01352	0.01113	0.01749	0.00954	0.01113	0.00795	0.00398	0.00398	0.00080	0.00398	0.00318	0.00318	0.84417
20	0.01598	0.01170	0.01278	0.01094	0.01432	0.01304	0.00866	0.13753	0.54660	0.13558	0.02041	0.01870	0.01485	0.00706	0.00544	0.00177	0.00454	0.00579	0.00562	0.00868
21	0.00644	0.00506	0.00583	0.00645	0.00752	0.00445	0.00453	0.00759	0.01126	0.01410	0.04207	0.42706	0.40823	0.01519	0.00660	0.00200	0.00292	0.01328	0.00498	0.00445
22	0.00696	0.00497	0.00671	0.00796	0.00845	0.00472	0.00571	0.00820	0.01069	0.01417	0.02935	0.65870	0.03458	0.01642	0.00696	0.00224	0.00348	0.16025	0.00497	0.00448
23	0.01232	0.01600	0.12824	0.05266	0.02779	0.01337	0.63321	0.01703	0.01242	0.01703	0.01065	0.01407	0.00793	0.00463	0.00614	0.00179	0.00883	0.00597	0.00264	0.00728
24	0.00675	0.00545	0.00601	0.00587	0.00750	0.00471	0.00440	0.00850	0.01320	0.01680	0.29020	0.04788	0.53843	0.01274	0.00634	0.00177	0.00266	0.01080	0.00529	0.00471
25	0.00732	0.00548	0.00679	0.00646	0.00785	0.00495	0.00485	0.00959	0.01454	0.01998	0.61610	0.04265	0.21055	0.01155	0.00633	0.00172	0.00257	0.01007	0.00571	0.00495
26	0.00865	0.00618	0.00865	0.00989	0.01112	0.00618	0.00865	0.01112	0.01236	0.01606	0.02842	0.06055	0.03089	0.01483	0.00741	0.00247	0.00494	0.74174	0.00494	0.00494
27	0.01275	0.01445	0.02876	0.12243	0.02858	0.05596	0.62122	0.01698	0.01256	0.01652	0.01055	0.01419	0.00795	0.00469	0.00613	0.00178	0.00884	0.00597	0.00268	0.00702
28	0.01694	0.01943	0.01496	0.01527	0.11400	0.45202	0.01047	0.02234	0.21934	0.01652	0.03805	0.01398	0.01117	0.00609	0.00512	0.00154	0.00754	0.00455	0.00359	0.00710
29	0.01407	0.15413	0.26915	0.01264	0.01753	0.15823	0.01273	0.03803	0.23600	0.01755	0.01271	0.01318	0.00972	0.00577	0.00489	0.00158	0.00675	0.00433	0.00338	0.00764
30	0.00774	0.00600	0.00802	0.00797	0.00872	0.00628	0.00590	0.00951	0.01248	0.01753	0.40108	0.31932	0.03943	0.01292	0.00798	0.00195	0.10603	0.01111	0.00511	0.00491
31	0.01191	0.26655	0.45218	0.01248	0.01898	0.01447	0.01483	0.01627	0.01118	0.01572	0.00896	0.01047	0.00698	0.00480	0.00445	0.00141	0.00675	0.00353	0.00239	0.11571
32	0.01082	0.01083	0.01968	0.01510	0.01851	0.02629	0.38464	0.04497	0.01243	0.01623	0.02157	0.05928	0.14623	0.11192	0.00909	0.00231	0.00673	0.07383	0.00358	0.00599
33	0.01181	0.11376	0.01347	0.00823	0.01297	0.00924	0.00683	0.03470	0.01150	0.01732	0.00937	0.01085	0.00785	0.00412	0.00395	0.00086	0.00426	0.00319	0.00313	0.71261
34	0.00760	0.00549	0.00718	0.00675	0.00802	0.00506	0.00506	0.01013	0.01519	0.02153	0.77503	0.04010	0.05065	0.01097	0.00633	0.00169	0.00253	0.00971	0.00591	0.00506
35	0.01014	0.00954	0.01610	0.79845	0.03697	0.01193	0.01491	0.01371	0.01073	0.01371	0.00954	0.01431	0.00716	0.00537	0.00537	0.00179	0.00716	0.00477	0.00239	0.00596
36	0.01133	0.01217	0.02463	0.01850	0.02220	0.01211	0.51149	0.01470	0.01162	0.01594	0.01410	0.17247	0.01346	0.00761	0.00790	0.00195	0.11031	0.00790	0.00312	0.00649
37	0.02408	0.00914	0.01246	0.00955	0.01370	0.00789	0.00789	0.02616	0.01536	0.78158	0.02118	0.01827	0.01329	0.00664	0.00540	0.00166	0.00457	0.00540	0.00664	0.00914
38	0.72472	0.01050	0.00853	0.00761	0.01091	0.01213	0.00620	0.01763	0.10738	0.03901	0.00961	0.01037	0.00733	0.00531	0.00364	0.00168	0.00417	0.00337	0.00366	0.00623
39	0.02092	0.00843	0.01144	0.00901	0.01261	0.00735	0.00735	0.02308	0.01533	0.63563	0.16594	0.02246	0.02046	0.00748	0.00558	0.00167	0.00418	0.00623	0.00650	0.00835
40	0.00712	0.00547	0.00651	0.00625	0.00773	0.00486	0.00469	0.00921	0.01407	0.01885	0.50044	0.04450	0.32691	0.01197	0.00634	0.00174	0.00260	0.01033	0.00556	0.00486
41	0.00799	0.00624	0.00959	0.11073	0.01313	0.00738	0.00777	0.01012	0.00890	0.01262	0.01375	0.02021	0.01261	0.03575	0.68864	0.00774	0.01344	0.00562	0.00281	0.00494
42	0.00690	0.00495	0.00663	0.00784	0.00835	0.00468	0.00560	0.00811	0.01069	0.01413	0.03005	0.65764	0.05454	0.01639	0.00694	0.00222	0.00342	0.14147	0.00498	0.00447
43	0.01329	0.01275	0.02179	0.03295	0.77787	0.01275	0.01647	0.01647	0.01222	0.01754	0.01010	0.01329	0.00850	0.00478	0.00531	0.00159	0.00638	0.00478	0.00266	0.00850
44	0.02005	0.02558	0.01521	0.01383	0.01659	0.78980	0.01037	0.02143	0.01521	0.01314	0.00830	0.00968	0.00691	0.00553	0.00484	0.00138	0.00968	0.00346	0.00277	0.00622
45	0.00731	0.00530	0.00676	0.00768	0.00821	0.00520	0.00528	0.00917	0.05887	0.01403	0.02735	0.59626	0.03183	0.11875	0.00945	0.00257	0.00361	0.07304	0.00479	0.00453
46	0.00643	0.00542	0.00557	0.00557	0.00731	0.00456	0.00416	0.00786	0.01238	0.01494	0.10082	0.06761	0.71206	0.01349	0.00635	0.00181	0.00272	0.01131	0.00504	0.00456
47	0.01813	0.01917	0.01449	0.01265	0.01582	0.39542	0.00978	0.17934	0.24162	0.02028	0.01330	0.01344	0.01020	0.00625	0.00514	0.00156	0.00727	0.00453	0.00412	0.00751
48	0.01897	0.01591	0.01727	0.01557	0.11544	0.10911	0.04087	0.52846	0.03885	0.02831	0.01210	0.01278	0.00891	0.00606	0.00534	0.00159	0.00651	0.00475	0.00460	0.00861
49	0.02033	0.01740	0.01591	0.01268	0.01663	0.18989	0.01024	0.59448	0.02299	0.02919	0.01186	0.01217	0.00863	0.00624	0.00525	0.00156	0.00675	0.00452	0.00479	0.00848
50	0.00932	0.00466	0.00699	0.00699	0.00699	0.00466	0.00466	0.00699	0.00699	0.00932	0.00932	0.01632	0.00932	0.01865	0.02098	0.84382	0.00466	0.00466	0.00233	0.00233
51	0.01633	0.01358	0.06848	0.01451	0.01897	0.01265	0.23641	0.28140	0.01777	0.13709	0.11182	0.01759	0.01467	0.00639	0.00577	0.00169	0.00635	0.00595	0.00462	0.00796
52	0.01380	0.69426	0.14365	0.01012	0.01522	0.01990	0.01081	0.01622	0.01097	0.01330	0.00779	0.00903	0.00688	0.00467	0.00370	0.00123	0.00608	0.00304	0.00229	0.00705
53	0.01150	0.01110	0.01707	0.25950	0.16442	0.01409	0.01342	0.01382	0.00982	0.01420	0.00863	0.01302	0.00751	0.00721	0.01120	0.00201	0.38839	0.00474	0.02198	0.00637
54	0.01144	0.17599	0.64123	0.01415	0.02145	0.01412	0.01783	0.01683	0.01125	0.01618	0.00922	0.01082	0.00682	0.00500	0.00479	0.00160	0.00752	0.00376	0.00227	0.00774
55	0.01889	0.00919	0.01166	0.00929	0.01282	0.00857	0.00752	0.09205	0.07810	0.45657	0.16917	0.02185	0.02026	0.00739	0.00551	0.00163	0.00423	0.00613	0.00609	0.05307
56	0.01275	0.12191	0.30259	0.02220	0.34038	0.01366	0.05724	0.01691	0.01183	0.03717	0.00993	0.01216	0.00778	0.00491	0.00505	0.00159	0.00696	0.00434	0.00258	0.00803

[dist]
# distance from previous block
# <min> <max>
1	2

[block]
# block no. 2 follows, 45 sequences, length 28
# corresponding to MSA columns:
# 78-105
name=unknown_C
#
# <colnr> <probs for GDERKNQSTAVLIFYWHMCP>
#	G	D	E	R	K	N	Q	S	T	A	V	L	I	F	Y	W	H	M	C	P
0	0.73460	0.00960	0.00766	0.00712	0.01003	0.01100	0.00570	0.01465	0.00929	0.02267	0.01048	0.11746	0.00985	0.00659	0.00380	0.00173	0.00401	0.00459	0.00355	0.00562
1	0.01241	0.03775	0.36987	0.01381	0.01939	0.14867	0.09155	0.01661	0.01251	0.01677	0.08697	0.01420	0.01156	0.00555	0.00512	0.00152	0.00723	0.00457	0.00290	0.12104
2	0.01173	0.01020	0.01397	0.01000	0.01484	0.00805	0.10874	0.01440	0.01147	0.04043	0.01007	0.01180	0.00814	0.00413	0.00434	0.00096	0.00468	0.00368	0.00322	0.70517
3	0.00682	0.00549	0.00617	0.00658	0.00808	0.00483	0.00510	0.00835	0.01201	0.01471	0.04609	0.15026	0.53413	0.01425	0.00662	0.00199	0.00321	0.15575	0.00498	0.00459
4	0.01060	0.01154	0.11601	0.04913	0.01494	0.00790	0.00865	0.01354	0.01139	0.01718	0.03796	0.01667	0.03641	0.00542	0.00457	0.00114	0.00464	0.04889	0.00328	0.58013
5	0.00780	0.00524	0.00602	0.00602	0.00608	0.00530	0.00346	0.00791	0.00786	0.01053	0.01676	0.03427	0.01914	0.76434	0.07383	0.00541	0.00576	0.00768	0.00323	0.00335
6	0.02138	0.01308	0.01485	0.01143	0.01565	0.01379	0.00943	0.50871	0.04194	0.26968	0.01574	0.01478	0.01064	0.00653	0.00538	0.00163	0.00544	0.00504	0.00577	0.00911
7	0.00634	0.00544	0.00544	0.00544	0.00725	0.00453	0.00408	0.00770	0.01224	0.01450	0.05438	0.05166	0.77569	0.01359	0.00634	0.00181	0.00272	0.01133	0.00498	0.00453
8	0.01174	0.01174	0.01644	0.01409	0.01409	0.01644	0.01174	0.01292	0.00822	0.01292	0.00705	0.01174	0.00705	0.00940	0.01762	0.00235	0.80153	0.00470	0.00235	0.00587
9	0.01077	0.02777	0.78354	0.01530	0.02323	0.01247	0.01983	0.01700	0.01133	0.01700	0.00963	0.01133	0.00680	0.00510	0.00510	0.00170	0.00793	0.00397	0.00227	0.00793
10	0.01267	0.01448	0.03167	0.02262	0.02805	0.01357	0.75837	0.01719	0.01267	0.01719	0.01086	0.01448	0.00814	0.00452	0.00633	0.00181	0.00905	0.00633	0.00271	0.00724
11	0.01435	0.81458	0.02813	0.00918	0.01378	0.02124	0.00918	0.01607	0.01091	0.01263	0.00746	0.00861	0.00689	0.00459	0.00344	0.00115	0.00574	0.00287	0.00230	0.00689
12	0.01057	0.00998	0.01687	0.69429	0.13779	0.01204	0.01512	0.01409	0.01094	0.01424	0.00962	0.01417	0.00734	0.00529	0.00536	0.00176	0.00705	0.00477	0.00242	0.00631
13	0.02276	0.11874	0.01459	0.00950	0.01371	0.00971	0.00807	0.02479	0.01476	0.67695	0.01931	0.01696	0.01242	0.00636	0.00513	0.00159	0.00473	0.00505	0.00605	0.00883
14	0.00865	0.00618	0.00865	0.00989	0.01112	0.00618	0.00865	0.01112	0.01236	0.01606	0.02842	0.06055	0.03089	0.01483	0.00741	0.00247	0.00494	0.74174	0.00494	0.00494
15	0.00639	0.00544	0.00550	0.00549	0.00728	0.00455	0.00411	0.00779	0.01234	0.01476	0.08098	0.05123	0.74893	0.01350	0.00634	0.00181	0.00271	0.01127	0.00502	0.00455
16	0.01014	0.00954	0.01610	0.79845	0.03697	0.01193	0.01491	0.01371	0.01073	0.01371	0.00954	0.01431	0.00716	0.00537	0.00537	0.00179	0.00716	0.00477	0.00239	0.00596
17	0.30120	0.31926	0.01787	0.00937	0.01341	0.03509	0.00832	0.20403	0.01402	0.02191	0.00886	0.00975	0.00709	0.00522	0.00392	0.00145	0.00533	0.00339	0.00343	0.00707
18	0.01836	0.01213	0.01438	0.11834	0.01813	0.01321	0.00993	0.32617	0.18140	0.20619	0.01634	0.01590	0.01142	0.00653	0.00540	0.00169	0.00540	0.00523	0.00529	0.00856
19	0.00634	0.00544	0.00544	0.00544	0.00725	0.00453	0.00408	0.00770	0.01224	0.01450	0.05438	0.05166	0.77569	0.01359	0.00634	0.00181	0.00272	0.01133	0.00498	0.00453
20	0.00760	0.00549	0.00718	0.00675	0.00802	0.00506	0.00506	0.01013	0.01519	0.02153	0.77503	0.04010	0.05065	0.01097	0.00633	0.00169	0.00253	0.00971	0.00591	0.00506
21	0.01273	0.45975	0.36879	0.01194	0.01804	0.01728	0.01399	0.01649	0.01110	0.01460	0.00844	0.00984	0.00685	0.00482	0.00419	0.00140	0.00673	0.00336	0.00228	0.00736
22	0.02408	0.00914	0.01246	0.00955	0.01370	0.00789	0.00789	0.02616	0.01536	0.78158	0.02118	0.01827	0.01329	0.00664	0.00540	0.00166	0.00457	0.00540	0.00664	0.00914
23	0.00645	0.00534	0.00565	0.00580	0.00737	0.00454	0.00426	0.00782	0.01215	0.01482	0.09494	0.15385	0.63076	0.01387	0.00641	0.00186	0.00276	0.01176	0.00504	0.00454
24	0.00760	0.00549	0.00718	0.00675	0.00802	0.00506	0.00506	0.01013	0.01519	0.02153	0.77503	0.04010	0.05065	0.01097	0.00633	0.00169	0.00253	0.00971	0.00591	0.00506
25	0.01156	0.01167	0.01786	0.01478	0.01558	0.01526	0.11289	0.01322	0.00913	0.01382	0.03416	0.03985	0.00962	0.00904	0.01534	0.00225	0.63996	0.00544	0.00261	0.00598
26	0.01866	0.01153	0.11670	0.01006	0.01417	0.00881	0.00918	0.09365	0.01575	0.45439	0.16746	0.02110	0.01937	0.00727	0.00554	0.00167	0.00476	0.00600	0.00578	0.00817
27	0.01113	0.00954	0.01113	0.00795	0.01272	0.00716	0.00636	0.01352	0.01113	0.01749	0.00954	0.01113	0.00795	0.00398	0.00398	0.00080	0.00398	0.00318	0.00318	0.84417

[dist]
# distance from previous block
# <min> <max>
0	1

[block]
# block no. 3 follows, 45 sequences, length 36
# corresponding to MSA columns:
# 107-142
name=unknown_D
#
# <colnr> <probs for GDERKNQSTAVLIFYWHMCP>
#	G	D	E	R	K	N	Q	S	T	A	V	L	I	F	Y	W	H	M	C	P
0	0.01181	0.33028	0.42863	0.01230	0.01833	0.01521	0.01452	0.01587	0.01108	0.01504	0.01040	0.07451	0.00915	0.00585	0.00460	0.00153	0.00670	0.00445	0.00250	0.00724
1	0.00760	0.00602	0.00786	0.00892	0.07014	0.00543	0.00581	0.00930	0.01213	0.01634	0.21319	0.33126	0.20490	0.01284	0.00629	0.00184	0.00320	0.01137	0.00490	0.06066
2	0.00635	0.00540	0.00548	0.00554	0.00728	0.00452	0.00412	0.00769	0.01214	0.01446	0.05315	0.08914	0.73900	0.01375	0.00637	0.00183	0.00274	0.01152	0.00498	0.00452
3	0.01152	0.01096	0.01860	0.46154	0.36305	0.01229	0.01560	0.01493	0.01139	0.01540	0.00979	0.01386	0.00775	0.00511	0.00534	0.00170	0.00681	0.00478	0.00250	0.00708
4	0.06890	0.00747	0.00811	0.00750	0.00922	0.04755	0.00570	0.01290	0.07538	0.03932	0.57405	0.03456	0.06892	0.00996	0.00595	0.00169	0.00322	0.00856	0.00551	0.00553
5	0.01267	0.01448	0.03167	0.02262	0.02805	0.01357	0.75837	0.01719	0.01267	0.01719	0.01086	0.01448	0.00814	0.00452	0.00633	0.00181	0.00905	0.00633	0.00271	0.00724
6	0.00658	0.00478	0.00623	0.00738	0.00784	0.00443	0.00501	0.00760	0.01049	0.01383	0.03155	0.72554	0.09506	0.01650	0.00683	0.00216	0.00313	0.03568	0.00498	0.00439
7	0.01731	0.00983	0.01102	0.00889	0.01200	0.01016	0.00720	0.30301	0.01759	0.20403	0.01659	0.01687	0.01187	0.00642	0.00476	0.00149	0.00430	0.00503	0.32409	0.00756
8	0.00804	0.00590	0.00716	0.00680	0.00793	0.00574	0.00485	0.01091	0.07395	0.01851	0.48948	0.03793	0.08151	0.20497	0.01135	0.00256	0.00333	0.00905	0.00518	0.00487
9	0.01001	0.00500	0.00500	0.00500	0.00625	0.00500	0.00375	0.01251	0.01126	0.02001	0.01751	0.02001	0.01376	0.00625	0.00375	0.00125	0.00250	0.00500	0.84115	0.00500
10	0.00701	0.00524	0.00652	0.00668	0.00778	0.00474	0.00482	0.00882	0.01311	0.01770	0.39939	0.26691	0.20506	0.01326	0.00649	0.00186	0.00274	0.01168	0.00544	0.00474
11	0.01865	0.02060	0.01497	0.01307	0.01589	0.49325	0.01012	0.19911	0.01670	0.01809	0.00983	0.01150	0.00798	0.00878	0.06905	0.00208	0.05611	0.00405	0.00338	0.00679
12	0.01353	0.01443	0.01545	0.01347	0.01425	0.18518	0.01093	0.01531	0.03647	0.01365	0.00836	0.01199	0.00768	0.00832	0.01371	0.00206	0.56058	0.00449	0.04413	0.00600
13	0.00638	0.00541	0.00551	0.00554	0.00729	0.00454	0.00414	0.00776	0.01224	0.01466	0.07240	0.07779	0.73081	0.01364	0.00636	0.00182	0.00273	0.01142	0.00501	0.00454
14	0.00634	0.00544	0.00544	0.00544	0.00725	0.00453	0.00408	0.00770	0.01224	0.01450	0.05438	0.05166	0.77569	0.01359	0.00634	0.00181	0.00272	0.01133	0.00498	0.00453
15	0.01304	0.01245	0.02096	0.09222	0.68940	0.01271	0.01604	0.01673	0.04204	0.01743	0.01052	0.01363	0.00871	0.00493	0.00532	0.00162	0.00635	0.00483	0.00275	0.00830
16	0.01952	0.02009	0.01535	0.01306	0.01618	0.43142	0.01022	0.27364	0.01819	0.04723	0.02493	0.01180	0.00874	0.00624	0.00592	0.00154	0.06064	0.00420	0.00383	0.00727
17	0.01435	0.81458	0.02813	0.00918	0.01378	0.02124	0.00918	0.01607	0.01091	0.01263	0.00746	0.00861	0.00689	0.00459	0.00344	0.00115	0.00574	0.00287	0.00230	0.00689
18	0.00781	0.00520	0.00585	0.00585	0.00585	0.00520	0.00325	0.00781	0.00781	0.01041	0.01691	0.03513	0.01952	0.81135	0.02732	0.00520	0.00520	0.00781	0.00325	0.00325
19	0.01113	0.00954	0.01113	0.00795	0.01272	0.00716	0.00636	0.01352	0.01113	0.01749	0.00954	0.01113	0.00795	0.00398	0.00398	0.00080	0.00398	0.00318	0.00318	0.84417
20	0.73431	0.06765	0.00990	0.00768	0.01087	0.01299	0.00645	0.01561	0.00920	0.02253	0.00745	0.00891	0.00597	0.00525	0.00428	0.00167	0.05720	0.00302	0.00318	0.00589
21	0.01035	0.00975	0.01648	0.74763	0.08616	0.01198	0.01501	0.01390	0.01083	0.01397	0.00958	0.01424	0.00725	0.00533	0.00536	0.00178	0.00710	0.00477	0.00240	0.00613
22	0.00932	0.00466	0.00699	0.00699	0.00699	0.00466	0.00466	0.00699	0.00699	0.00932	0.00932	0.01632	0.00932	0.01865	0.02098	0.84382	0.00466	0.00466	0.00233	0.00233
23	0.01218	0.01048	0.01161	0.00936	0.01331	0.01009	0.00737	0.02062	0.36935	0.01984	0.01536	0.01534	0.01194	0.00554	0.00468	0.00128	0.00410	0.00455	0.00426	0.44873
24	0.01271	0.01436	0.03097	0.02336	0.08136	0.01352	0.70563	0.01714	0.01264	0.01722	0.01081	0.01439	0.00817	0.00454	0.00626	0.00179	0.00886	0.00622	0.00271	0.00733
25	0.00736	0.00548	0.00684	0.00650	0.00787	0.00496	0.00488	0.00967	0.01463	0.02018	0.63715	0.04231	0.18937	0.01148	0.00633	0.00171	0.00257	0.01002	0.00573	0.00496
26	0.00760	0.00549	0.00718	0.00675	0.00802	0.00506	0.00506	0.01013	0.01519	0.02153	0.77503	0.04010	0.05065	0.01097	0.00633	0.00169	0.00253	0.00971	0.00591	0.00506
27	0.01435	0.81458	0.02813	0.00918	0.01378	0.02124	0.00918	0.01607	0.01091	0.01263	0.00746	0.00861	0.00689	0.00459	0.00344	0.00115	0.00574	0.00287	0.00230	0.00689
28	0.01668	0.01870	0.01785	0.02180	0.34386	0.37385	0.01286	0.04513	0.06780	0.01640	0.01019	0.01208	0.00835	0.00537	0.00511	0.00151	0.00774	0.00426	0.00300	0.00746
29	0.00669	0.00545	0.00592	0.00580	0.00746	0.00468	0.00435	0.00837	0.01305	0.01644	0.25283	0.04848	0.57603	0.01287	0.00634	0.00178	0.00267	0.01088	0.00524	0.00468
30	0.07869	0.01524	0.01673	0.01288	0.01712	0.05840	0.07023	0.60673	0.02253	0.03066	0.01209	0.01254	0.00869	0.00614	0.00527	0.00162	0.00624	0.00474	0.00487	0.00858
31	0.00641	0.00519	0.00569	0.00610	0.00742	0.00448	0.00437	0.00763	0.01160	0.01424	0.04637	0.29606	0.53646	0.01464	0.00651	0.00193	0.00285	0.01260	0.00498	0.00448
32	0.00821	0.00552	0.00748	0.00748	0.00839	0.00615	0.00563	0.01003	0.00912	0.01391	0.01538	0.02254	0.01423	0.12536	0.52227	0.00656	0.01062	0.00583	0.19065	0.00465
33	0.00661	0.00472	0.00631	0.00756	0.00790	0.00442	0.00511	0.00760	0.01035	0.01378	0.02955	0.78232	0.03535	0.01675	0.00687	0.00219	0.00318	0.04008	0.00498	0.00438
34	0.01267	0.01448	0.03167	0.02262	0.02805	0.01357	0.75837	0.01719	0.01267	0.01719	0.01086	0.01448	0.00814	0.00452	0.00633	0.00181	0.00905	0.00633	0.00271	0.00724
35	0.02011	0.02398	0.01535	0.01360	0.01660	0.67249	0.01035	0.13349	0.01673	0.01628	0.00899	0.01017	0.00725	0.00567	0.00492	0.00142	0.00911	0.00367	0.00316	0.00666

[dist]
# distance from previous block
# <min> <max>
0	1

[block]
# block no. 4 follows, 45 sequences, length 51
# corresponding to MSA columns:
# 144-194
name=unknown_E
#
# <colnr> <probs for GDERKNQSTAVLIFYWHMCP>
#	G	D	E	R	K	N	Q	S	T	A	V	L	I	F	Y	W	H	M	C	P
0	0.01447	0.01350	0.01815	0.06763	0.01950	0.07937	0.19554	0.19652	0.01527	0.02075	0.01057	0.01248	0.00814	0.00494	0.00507	0.00137	0.00642	0.00450	0.00351	0.30227
1	0.01435	0.81458	0.02813	0.00918	0.01378	0.02124	0.00918	0.01607	0.01091	0.01263	0.00746	0.00861	0.00689	0.00459	0.00344	0.00115	0.00574	0.00287	0.00230	0.00689
2	0.00930	0.00676	0.00851	0.00735	0.00968	0.00585	0.00568	0.01164	0.01341	0.05675	0.42099	0.04754	0.06794	0.01104	0.05464	0.00191	0.00383	0.02264	0.00494	0.22958
3	0.01974	0.02499	0.01552	0.01472	0.05208	0.75358	0.01066	0.02120	0.01507	0.01334	0.00838	0.00985	0.00699	0.00550	0.00486	0.00139	0.00953	0.00352	0.00276	0.00633
4	0.56323	0.01088	0.00951	0.00812	0.01157	0.05937	0.00661	0.01867	0.01128	0.21875	0.03054	0.01204	0.00895	0.00560	0.00403	0.00164	0.00456	0.00376	0.00421	0.00668
5	0.00932	0.00466	0.00699	0.00699	0.00699	0.00466	0.00466	0.00699	0.00699	0.00932	0.00932	0.01632	0.00932	0.01865	0.02098	0.84382	0.00466	0.00466	0.00233	0.00233
6	0.01777	0.02017	0.01537	0.01349	0.01586	0.46486	0.01051	0.11288	0.07072	0.01638	0.00960	0.01130	0.00792	0.00663	0.00777	0.00166	0.18314	0.00410	0.00320	0.00668
7	0.84927	0.01038	0.00789	0.00706	0.01038	0.01204	0.00581	0.01578	0.00914	0.02408	0.00747	0.00872	0.00581	0.00498	0.00332	0.00166	0.00415	0.00291	0.00332	0.00581
8	0.02408	0.00914	0.01246	0.00955	0.01370	0.00789	0.00789	0.02616	0.01536	0.78158	0.02118	0.01827	0.01329	0.00664	0.00540	0.00166	0.00457	0.00540	0.00664	0.00914
9	0.00657	0.00474	0.00617	0.00729	0.00769	0.00440	0.00487	0.00750	0.01032	0.01364	0.03071	0.73487	0.08120	0.04309	0.00750	0.00226	0.00316	0.01477	0.00493	0.00433
10	0.00821	0.00558	0.00767	0.00766	0.00880	0.00512	0.02666	0.00995	0.01265	0.06482	0.31712	0.40459	0.07368	0.01343	0.00652	0.00193	0.00313	0.01207	0.00538	0.00502
11	0.01185	0.00861	0.00894	0.00827	0.01051	0.00961	0.00637	0.02135	0.42903	0.02136	0.01990	0.02002	0.01521	0.00682	0.00470	0.00157	0.00347	0.00559	0.37989	0.00693
12	0.00831	0.00594	0.00826	0.00950	0.01059	0.00589	0.00807	0.01054	0.01203	0.01569	0.02861	0.17938	0.03163	0.01514	0.00732	0.00243	0.00465	0.62622	0.00495	0.00485
13	0.00767	0.00575	0.00863	0.00863	0.00959	0.00671	0.00671	0.00959	0.00863	0.01246	0.01438	0.02109	0.01342	0.04026	0.79008	0.00863	0.01438	0.00575	0.00288	0.00479
14	0.01267	0.01448	0.03167	0.02262	0.02805	0.01357	0.75837	0.01719	0.01267	0.01719	0.01086	0.01448	0.00814	0.00452	0.00633	0.00181	0.00905	0.00633	0.00271	0.00724
15	0.00654	0.00467	0.00623	0.00747	0.00779	0.00436	0.00498	0.00747	0.01028	0.01370	0.02959	0.80785	0.03550	0.01682	0.00685	0.00218	0.00311	0.01526	0.00498	0.00436
16	0.00780	0.00578	0.00731	0.00688	0.00826	0.00544	0.00517	0.01088	0.05214	0.02113	0.69236	0.03984	0.09477	0.01096	0.00629	0.00170	0.00263	0.00963	0.00583	0.00520
17	0.01329	0.01275	0.02179	0.03295	0.77787	0.01275	0.01647	0.01647	0.01222	0.01754	0.01010	0.01329	0.00850	0.00478	0.00531	0.00159	0.00638	0.00478	0.00266	0.00850
18	0.01455	0.01485	0.01415	0.01249	0.01493	0.19090	0.02770	0.02358	0.42937	0.01834	0.01559	0.01591	0.01220	0.00723	0.00772	0.00182	0.16185	0.00521	0.00417	0.00743
19	0.00767	0.00575	0.00863	0.00863	0.00959	0.00671	0.00671	0.00959	0.00863	0.01246	0.01438	0.02109	0.01342	0.04026	0.79008	0.00863	0.01438	0.00575	0.00288	0.00479
20	0.01077	0.02777	0.78354	0.01530	0.02323	0.01247	0.01983	0.01700	0.01133	0.01700	0.00963	0.01133	0.00680	0.00510	0.00510	0.00170	0.00793	0.00397	0.00227	0.00793
21	0.00767	0.00575	0.00863	0.00863	0.00959	0.00671	0.00671	0.00959	0.00863	0.01246	0.01438	0.02109	0.01342	0.04026	0.79008	0.00863	0.01438	0.00575	0.00288	0.00479
22	0.01329	0.01275	0.02179	0.03295	0.77787	0.01275	0.01647	0.01647	0.01222	0.01754	0.01010	0.01329	0.00850	0.00478	0.00531	0.00159	0.00638	0.00478	0.00266	0.00850
23	0.01155	0.01092	0.01817	0.45438	0.33126	0.01233	0.01522	0.01555	0.04867	0.01567	0.01037	0.01418	0.00815	0.00523	0.00535	0.00171	0.00670	0.00484	0.00265	0.00710
24	0.01921	0.01298	0.01459	0.01144	0.01510	0.01418	0.00933	0.51844	0.04210	0.14772	0.01444	0.01555	0.01067	0.06134	0.02496	0.00206	0.04707	0.00517	0.00522	0.00845
25	0.03536	0.07082	0.43951	0.01402	0.05666	0.04874	0.01506	0.04188	0.01285	0.17855	0.02915	0.01327	0.00930	0.00557	0.00505	0.00163	0.00681	0.00435	0.00344	0.00799
26	0.01109	0.09857	0.71556	0.01475	0.02238	0.01326	0.01887	0.01692	0.01129	0.01661	0.00944	0.01109	0.00681	0.00505	0.00495	0.00165	0.00774	0.00387	0.00227	0.00784
27	0.01014	0.00954	0.01610	0.79845	0.03697	0.01193	0.01491	0.01371	0.01073	0.01371	0.00954	0.01431	0.00716	0.00537	0.00537	0.00179	0.00716	0.00477	0.00239	0.00596
28	0.19888	0.00948	0.01026	0.00888	0.01191	0.01005	0.00705	0.02142	0.26443	0.21035	0.15521	0.02133	0.03384	0.00740	0.00515	0.00172	0.00397	0.00596	0.00536	0.00737
29	0.01149	0.00953	0.01117	0.00800	0.01275	0.00718	0.00640	0.01387	0.01125	0.03892	0.00987	0.01133	0.00810	0.00405	0.00402	0.00082	0.00399	0.00324	0.00328	0.82075
30	0.00654	0.00467	0.00623	0.00747	0.00779	0.00436	0.00498	0.00747	0.01028	0.01370	0.02959	0.80785	0.03550	0.01682	0.00685	0.00218	0.00311	0.01526	0.00498	0.00436
31	0.01727	0.06979	0.01491	0.01249	0.01547	0.46118	0.00962	0.02366	0.28706	0.01647	0.01314	0.01335	0.01034	0.00611	0.00498	0.00153	0.00747	0.00436	0.00371	0.00709
32	0.01077	0.02777	0.78354	0.01530	0.02323	0.01247	0.01983	0.01700	0.01133	0.01700	0.00963	0.01133	0.00680	0.00510	0.00510	0.00170	0.00793	0.00397	0.00227	0.00793
33	0.02408	0.00914	0.01246	0.00955	0.01370	0.00789	0.00789	0.02616	0.01536	0.78158	0.02118	0.01827	0.01329	0.00664	0.00540	0.00166	0.00457	0.00540	0.00664	0.00914
34	0.00865	0.00618	0.00865	0.00989	0.01112	0.00618	0.00865	0.01112	0.01236	0.01606	0.02842	0.06055	0.03089	0.01483	0.00741	0.00247	0.00494	0.74174	0.00494	0.00494
35	0.02006	0.02527	0.01524	0.01378	0.01660	0.76682	0.01037	0.04339	0.01551	0.01375	0.00843	0.00978	0.00698	0.00556	0.00486	0.00139	0.00957	0.00350	0.00284	0.00631
36	0.00667	0.00476	0.00637	0.00762	0.00798	0.00447	0.00520	0.00769	0.01040	0.01384	0.02952	0.76337	0.03523	0.01670	0.00688	0.00220	0.00322	0.05850	0.00498	0.00439
37	0.00654	0.00467	0.00623	0.00747	0.00779	0.00436	0.00498	0.00747	0.01028	0.01370	0.02959	0.80785	0.03550	0.01682	0.00685	0.00218	0.00311	0.01526	0.00498	0.00436
38	0.00654	0.00467	0.00623	0.00747	0.00779	0.00436	0.00498	0.00747	0.01028	0.01370	0.02959	0.80785	0.03550	0.01682	0.00685	0.00218	0.00311	0.01526	0.00498	0.00436
39	0.01113	0.00954	0.01113	0.00795	0.01272	0.00716	0.00636	0.01352	0.01113	0.01749	0.00954	0.01113	0.00795	0.00398	0.00398	0.00080	0.00398	0.00318	0.00318	0.84417
40	0.00968	0.00848	0.01515	0.01342	0.01581	0.00820	0.22512	0.01265	0.01232	0.01624	0.02342	0.09391	0.02461	0.01197	0.00707	0.00226	0.00602	0.48380	0.00430	0.00557
41	0.00663	0.00548	0.00587	0.00609	0.00774	0.00472	0.00468	0.00809	0.01213	0.01464	0.04974	0.10049	0.64089	0.01394	0.00650	0.00191	0.00301	0.09790	0.00498	0.00457
42	0.00767	0.00575	0.00863	0.00863	0.00959	0.00671	0.00671	0.00959	0.00863	0.01246	0.01438	0.02109	0.01342	0.04026	0.79008	0.00863	0.01438	0.00575	0.00288	0.00479
43	0.01394	0.06540	0.02458	0.01786	0.02212	0.12833	0.42287	0.01968	0.15565	0.01710	0.01216	0.01432	0.00939	0.00544	0.00633	0.00173	0.04710	0.00556	0.00320	0.00724
44	0.00650	0.00484	0.00605	0.00703	0.00767	0.00440	0.00478	0.00752	0.01071	0.01388	0.03504	0.64136	0.19847	0.01611	0.00674	0.00210	0.00303	0.01439	0.00498	0.00440
45	0.00850	0.00613	0.00844	0.00960	0.01087	0.00607	0.00835	0.01090	0.01235	0.01596	0.03011	0.05997	0.07940	0.01475	0.00734	0.00243	0.00480	0.69417	0.00495	0.00492
46	0.00799	0.00595	0.00786	0.03417	0.01004	0.00579	0.00651	0.01071	0.03685	0.01839	0.37527	0.10714	0.10237	0.01255	0.00665	0.00199	0.00355	0.23582	0.00533	0.00506
47	0.01561	0.01704	0.01508	0.19562	0.02068	0.33716	0.02482	0.07676	0.13384	0.01643	0.01177	0.03946	0.00963	0.00644	0.00599	0.00166	0.05717	0.00481	0.00335	0.00668
48	0.00677	0.00485	0.00644	0.00732	0.00784	0.00452	0.00500	0.00806	0.01136	0.01543	0.19371	0.63882	0.03884	0.01553	0.00674	0.00207	0.00299	0.01404	0.00519	0.00452
49	0.00723	0.00549	0.00679	0.00759	0.00866	0.00516	0.00574	0.00914	0.03661	0.01481	0.03621	0.37905	0.24768	0.01508	0.00680	0.00213	0.00349	0.19267	0.00499	0.00469
50	0.05891	0.01967	0.01616	0.01356	0.01698	0.45998	0.09325	0.06145	0.04021	0.15213	0.01153	0.01221	0.00857	0.00570	0.00508	0.00152	0.00806	0.00426	0.00371	0.00707

[dist]
# distance from previous block
# <min> <max>
1	5

[block]
# block no. 5 follows, 45 sequences, length 52
# corresponding to MSA columns:
# 200-251
name=unknown_F
#
# <colnr> <probs for GDERKNQSTAVLIFYWHMCP>
#	G	D	E	R	K	N	Q	S	T	A	V	L	I	F	Y	W	H	M	C	P
0	0.01281	0.08401	0.04294	0.01695	0.02214	0.01234	0.45061	0.01647	0.01218	0.04580	0.01058	0.01316	0.00815	0.00448	0.00540	0.00148	0.00724	0.00512	0.00294	0.22521
1	0.01911	0.01534	0.01532	0.01222	0.01616	0.08438	0.00991	0.56317	0.15794	0.02996	0.01409	0.01389	0.01024	0.00651	0.00534	0.00163	0.00594	0.00493	0.00516	0.00876
2	0.01108	0.09730	0.71678	0.01476	0.02240	0.01324	0.01889	0.01692	0.01130	0.01661	0.00944	0.01109	0.00681	0.00506	0.00495	0.00165	0.00774	0.00387	0.00227	0.00784
3	0.01291	0.01602	0.13131	0.02107	0.02678	0.01318	0.62684	0.01756	0.01261	0.05061	0.01115	0.01423	0.00819	0.00469	0.00613	0.00179	0.00870	0.00598	0.00283	0.00742
4	0.01799	0.01269	0.01364	0.01073	0.01424	0.01388	0.00867	0.57695	0.02161	0.04689	0.01405	0.01593	0.01076	0.07756	0.00709	0.00188	0.00536	0.00513	0.11690	0.00806
5	0.00763	0.00552	0.00722	0.00689	0.00817	0.00511	0.00524	0.01013	0.01497	0.02107	0.71771	0.04148	0.06608	0.01124	0.00639	0.00173	0.00267	0.04986	0.00584	0.00505
6	0.00654	0.00467	0.00623	0.00747	0.00779	0.00436	0.00498	0.00747	0.01028	0.01370	0.02959	0.80785	0.03550	0.01682	0.00685	0.00218	0.00311	0.01526	0.00498	0.00436
7	0.00681	0.00487	0.00654	0.00779	0.00822	0.00460	0.00546	0.00795	0.01055	0.01401	0.02943	0.71098	0.03491	0.01656	0.00692	0.00222	0.00335	0.10943	0.00498	0.00444
8	0.01267	0.01448	0.03167	0.02262	0.02805	0.01357	0.75837	0.01719	0.01267	0.01719	0.01086	0.01448	0.00814	0.00452	0.00633	0.00181	0.00905	0.00633	0.00271	0.00724
9	0.01329	0.01275	0.02179	0.03295	0.77787	0.01275	0.01647	0.01647	0.01222	0.01754	0.01010	0.01329	0.00850	0.00478	0.00531	0.00159	0.00638	0.00478	0.00266	0.00850
10	0.01286	0.01469	0.02617	0.01948	0.02389	0.11611	0.56061	0.01650	0.01270	0.01620	0.01295	0.11683	0.01153	0.00626	0.00620	0.00180	0.00836	0.00711	0.00302	0.00673
11	0.00731	0.00625	0.00637	0.00620	0.00816	0.00572	0.00469	0.01054	0.11331	0.01571	0.06511	0.04719	0.65905	0.01270	0.00623	0.00181	0.00292	0.01059	0.00507	0.00507
12	0.00654	0.00467	0.00623	0.00747	0.00779	0.00436	0.00498	0.00747	0.01028	0.01370	0.02959	0.80785	0.03550	0.01682	0.00685	0.00218	0.00311	0.01526	0.00498	0.00436
13	0.01329	0.01275	0.02179	0.03295	0.77787	0.01275	0.01647	0.01647	0.01222	0.01754	0.01010	0.01329	0.00850	0.00478	0.00531	0.00159	0.00638	0.00478	0.00266	0.00850
14	0.00634	0.00544	0.00544	0.00544	0.00725	0.00453	0.00408	0.00770	0.01224	0.01450	0.05438	0.05166	0.77569	0.01359	0.00634	0.00181	0.00272	0.01133	0.00498	0.00453
15	0.00770	0.00563	0.00802	0.00802	0.00877	0.00638	0.00596	0.00920	0.00845	0.01201	0.01493	0.02415	0.01475	0.20822	0.62394	0.00788	0.01238	0.00620	0.00296	0.00446
16	0.00783	0.00596	0.00883	0.00874	0.00963	0.00703	0.00678	0.00965	0.00858	0.01241	0.01419	0.02123	0.01339	0.06611	0.73411	0.00827	0.04385	0.00578	0.00287	0.00478
17	0.02265	0.00946	0.01241	0.00973	0.01374	0.00862	0.00797	0.02648	0.11596	0.68014	0.02127	0.01851	0.01370	0.00673	0.00541	0.00168	0.00452	0.00549	0.00649	0.00905
18	0.00654	0.00467	0.00623	0.00747	0.00779	0.00436	0.00498	0.00747	0.01028	0.01370	0.02959	0.80785	0.03550	0.01682	0.00685	0.00218	0.00311	0.01526	0.00498	0.00436
19	0.01242	0.01072	0.01124	0.01019	0.01306	0.01217	0.00791	0.02574	0.66715	0.02139	0.02620	0.02425	0.11785	0.00813	0.00558	0.00182	0.00404	0.00677	0.00540	0.00797
20	0.01267	0.01448	0.03167	0.02262	0.02805	0.01357	0.75837	0.01719	0.01267	0.01719	0.01086	0.01448	0.00814	0.00452	0.00633	0.00181	0.00905	0.00633	0.00271	0.00724
21	0.00770	0.00563	0.00802	0.00802	0.00877	0.00638	0.00595	0.00920	0.00845	0.01201	0.01493	0.02416	0.01476	0.20918	0.62298	0.00788	0.01237	0.00620	0.00296	0.00446
22	0.01858	0.01231	0.01352	0.01075	0.01444	0.01331	0.00875	0.44639	0.12656	0.14312	0.01602	0.01566	0.01140	0.00657	0.00517	0.00160	0.00502	0.00511	0.11726	0.00849
23	0.00654	0.00467	0.00623	0.00747	0.00779	0.00436	0.00498	0.00747	0.01028	0.01370	0.02959	0.80785	0.03550	0.01682	0.00685	0.00218	0.00311	0.01526	0.00498	0.00436
24	0.01113	0.00954	0.01113	0.00795	0.01272	0.00716	0.00636	0.01352	0.01113	0.01749	0.00954	0.01113	0.00795	0.00398	0.00398	0.00080	0.00398	0.00318	0.00318	0.84417
25	0.00654	0.00467	0.00623	0.00747	0.00779	0.00436	0.00498	0.00747	0.01028	0.01370	0.02959	0.80785	0.03550	0.01682	0.00685	0.00218	0.00311	0.01526	0.00498	0.00436
26	0.01330	0.58395	0.24956	0.01098	0.01655	0.01867	0.01231	0.01634	0.01103	0.01391	0.00810	0.00941	0.00686	0.00474	0.00393	0.00131	0.00638	0.00319	0.00229	0.00719
27	0.00689	0.00494	0.00654	0.00724	0.00786	0.00459	0.00501	0.00834	0.01189	0.01626	0.27345	0.55669	0.04046	0.01491	0.00668	0.00202	0.00292	0.01344	0.00529	0.00459
28	0.00634	0.00544	0.00544	0.00544	0.00725	0.00453	0.00408	0.00770	0.01224	0.01450	0.05438	0.05166	0.77569	0.01359	0.00634	0.00181	0.00272	0.01133	0.00498	0.00453
29	0.01471	0.01221	0.01290	0.01120	0.01448	0.01399	0.00883	0.16945	0.62503	0.02465	0.02012	0.01865	0.01499	0.00712	0.00544	0.00178	0.00457	0.00583	0.00544	0.00862
30	0.01393	0.01420	0.02043	0.09436	0.61422	0.11652	0.01553	0.01691	0.01250	0.01663	0.00981	0.01289	0.00818	0.00493	0.00526	0.00158	0.00688	0.00460	0.00265	0.00799
31	0.01161	0.21342	0.60530	0.01386	0.02100	0.01454	0.01732	0.01678	0.01123	0.01597	0.00912	0.01069	0.00682	0.00498	0.00471	0.00157	0.00742	0.00371	0.00227	0.00769
32	0.00783	0.00616	0.00721	0.00715	0.00880	0.00584	0.00559	0.01112	0.08635	0.01797	0.29761	0.04603	0.32870	0.01227	0.00643	0.00188	0.00316	0.12938	0.00535	0.00517
33	0.00781	0.00520	0.00585	0.00585	0.00585	0.00520	0.00325	0.00781	0.00781	0.01041	0.01691	0.03513	0.01952	0.81135	0.02732	0.00520	0.00520	0.00781	0.00325	0.00325
34	0.02009	0.01355	0.01495	0.01168	0.01578	0.01470	0.00958	0.53623	0.12282	0.16070	0.01551	0.01477	0.01081	0.00659	0.00539	0.00165	0.00546	0.00510	0.00560	0.00905
35	0.01339	0.01389	0.02531	0.02080	0.12434	0.06110	0.47987	0.06283	0.01339	0.01834	0.01148	0.01456	0.00882	0.00494	0.00575	0.00168	0.00779	0.00570	0.09883	0.00721
36	0.00932	0.00466	0.00699	0.00699	0.00699	0.00466	0.00466	0.00699	0.00699	0.00932	0.00932	0.01632	0.00932	0.01865	0.02098	0.84382	0.00466	0.00466	0.00233	0.00233
37	0.00865	0.00618	0.00865	0.00989	0.01112	0.00618	0.00865	0.01112	0.01236	0.01606	0.02842	0.06055	0.03089	0.01483	0.00741	0.00247	0.00494	0.74174	0.00494	0.00494
38	0.01077	0.02777	0.78354	0.01530	0.02323	0.01247	0.01983	0.01700	0.01133	0.01700	0.00963	0.01133	0.00680	0.00510	0.00510	0.00170	0.00793	0.00397	0.00227	0.00793
39	0.00655	0.00545	0.00573	0.00566	0.00738	0.00462	0.00424	0.00811	0.01273	0.01568	0.17483	0.04973	0.65450	0.01316	0.00634	0.00179	0.00269	0.01106	0.00514	0.00462
40	0.01001	0.00500	0.00500	0.00500	0.00625	0.00500	0.00375	0.01251	0.01126	0.02001	0.01751	0.02001	0.01376	0.00625	0.00375	0.00125	0.00250	0.00500	0.84115	0.00500
41	0.01048	0.01020	0.01818	0.69477	0.03578	0.01215	0.11426	0.01418	0.01099	0.01418	0.00972	0.01433	0.00729	0.00525	0.00550	0.00179	0.00741	0.00498	0.00243	0.00613
42	0.01200	0.01331	0.02859	0.02075	0.02559	0.01266	0.65792	0.01618	0.01213	0.01656	0.01133	0.01536	0.00885	0.00930	0.11107	0.00272	0.00976	0.00626	0.00274	0.00691
43	0.00677	0.00545	0.00604	0.00589	0.00751	0.00471	0.00442	0.00854	0.01325	0.01692	0.30213	0.04768	0.52643	0.01269	0.00634	0.00177	0.00265	0.01077	0.00530	0.00471
44	0.01535	0.00704	0.00928	0.00822	0.01069	0.00618	0.00632	0.01697	0.01328	0.39910	0.05690	0.28186	0.12385	0.01106	0.00604	0.00185	0.00377	0.00958	0.00585	0.00680
45	0.01309	0.45992	0.26347	0.01134	0.01677	0.01743	0.01244	0.01803	0.11224	0.01532	0.01007	0.01099	0.00813	0.00511	0.00423	0.00141	0.00623	0.00364	0.00271	0.00743
46	0.01069	0.00892	0.01447	0.66028	0.03192	0.01084	0.01313	0.01406	0.01099	0.04584	0.01108	0.01523	0.00829	0.00554	0.00515	0.00171	0.00643	0.00483	0.11465	0.00596
