[name]
unknown

[dist]
# distance from previous block
# <min> <max>
10	111

[block]
# block no. 0 follows, 50 sequences, length 133
# corresponding to MSA columns:
# 131-263
name=unknown_A
#
# <colnr> <probs for GDERKNQSTAVLIFYWHMCP>
#	G	D	E	R	K	N	Q	S	T	A	V	L	I	F	Y	W	H	M	C	P
0	0.09323	0.10248	0.15469	0.02579	0.08791	0.01025	0.00967	0.05839	0.01233	0.16049	0.13558	0.01638	0.02796	0.00590	0.00461	0.00143	0.00478	0.00476	0.00380	0.07958
1	0.03176	0.21023	0.12488	0.00993	0.01410	0.04471	0.00936	0.13635	0.06638	0.21332	0.02861	0.01340	0.01000	0.02993	0.00506	0.00150	0.00526	0.00418	0.00394	0.03710
2	0.03225	0.09000	0.09488	0.00949	0.01344	0.05233	0.00852	0.08817	0.04386	0.30252	0.02933	0.05732	0.01174	0.00610	0.00467	0.00141	0.00484	0.01603	0.00438	0.12873
3	0.01460	0.01367	0.18945	0.01030	0.01425	0.06007	0.00979	0.09428	0.14084	0.23100	0.09442	0.03862	0.05288	0.00681	0.00509	0.00158	0.00502	0.00555	0.00454	0.00726
4	0.03092	0.05864	0.26584	0.01124	0.03598	0.01012	0.02494	0.09349	0.01310	0.26274	0.04764	0.04735	0.02906	0.00607	0.00486	0.00152	0.00535	0.00494	0.00404	0.04216
5	0.02741	0.20209	0.10763	0.01091	0.04453	0.03134	0.08312	0.03545	0.07186	0.05330	0.05443	0.13771	0.07402	0.00731	0.00486	0.00151	0.00501	0.00624	0.00348	0.03779
6	0.02799	0.07796	0.58937	0.03506	0.01996	0.01211	0.01584	0.07664	0.01174	0.07398	0.00979	0.01097	0.00692	0.00491	0.00465	0.00154	0.00676	0.00378	0.00265	0.00738
7	0.01505	0.02932	0.20188	0.08229	0.04881	0.08852	0.04938	0.03222	0.02276	0.27185	0.03447	0.01546	0.04295	0.00584	0.00514	0.00154	0.02111	0.00476	0.01953	0.00713
8	0.01414	0.04518	0.22003	0.07204	0.07534	0.01115	0.23024	0.03548	0.01214	0.21681	0.01205	0.01328	0.00841	0.00496	0.00511	0.00158	0.00659	0.00474	0.00337	0.00737
9	0.02648	0.04525	0.72845	0.02907	0.02113	0.01166	0.01754	0.01591	0.01056	0.03633	0.00914	0.01064	0.00646	0.00476	0.00468	0.00157	0.00715	0.00369	0.00223	0.00730
10	0.00965	0.00905	0.01510	0.61021	0.16520	0.01065	0.01331	0.01272	0.01025	0.01339	0.01145	0.04540	0.04173	0.00562	0.00507	0.00164	0.00620	0.00507	0.00246	0.00584
11	0.01431	0.06955	0.38584	0.01260	0.05890	0.03279	0.01308	0.03276	0.03192	0.24650	0.02770	0.01389	0.02693	0.00548	0.00478	0.00153	0.00596	0.00436	0.00359	0.00753
12	0.01014	0.06038	0.76566	0.01396	0.02119	0.01193	0.01799	0.01575	0.01051	0.01561	0.00886	0.01041	0.00632	0.00472	0.00467	0.00156	0.00728	0.00364	0.00211	0.00732
13	0.00619	0.00443	0.00589	0.00686	0.00726	0.00413	0.00464	0.00724	0.01010	0.01361	0.12061	0.72591	0.03468	0.01495	0.00630	0.00197	0.00283	0.01354	0.00473	0.00413
14	0.01233	0.06867	0.16184	0.04766	0.09638	0.13581	0.22728	0.01590	0.02650	0.03274	0.03100	0.02728	0.01009	0.00551	0.00509	0.00155	0.00694	0.04657	0.03436	0.00651
15	0.03888	0.03238	0.01628	0.03365	0.07565	0.05138	0.17471	0.08412	0.04023	0.26555	0.04282	0.06628	0.02675	0.00634	0.00541	0.00159	0.02087	0.00571	0.00425	0.00713
16	0.00734	0.00509	0.00614	0.00607	0.00622	0.00537	0.00377	0.00765	0.00738	0.01004	0.01506	0.02990	0.01688	0.67522	0.14906	0.00526	0.03044	0.00686	0.00294	0.00332
17	0.00707	0.00514	0.00605	0.00593	0.00735	0.00453	0.00443	0.00874	0.01233	0.04852	0.32576	0.12583	0.38625	0.01177	0.00591	0.00168	0.00260	0.02054	0.00502	0.00456
18	0.04542	0.05877	0.09261	0.02963	0.01514	0.13747	0.04585	0.08478	0.11001	0.26112	0.02745	0.03057	0.01080	0.00595	0.00505	0.00153	0.02164	0.00469	0.00423	0.00728
19	0.06198	0.05155	0.56013	0.01276	0.01880	0.08738	0.01513	0.06080	0.01154	0.01649	0.01104	0.01223	0.04845	0.00525	0.00464	0.00153	0.00687	0.00396	0.00251	0.00696
20	0.00643	0.00488	0.00713	0.00769	0.00828	0.00455	0.04738	0.00755	0.00986	0.01322	0.05945	0.74293	0.03217	0.01475	0.00631	0.00199	0.00317	0.01349	0.00455	0.00423
21	0.07162	0.01327	0.04830	0.16360	0.06343	0.10103	0.27581	0.07494	0.01209	0.03780	0.01025	0.04590	0.00830	0.00540	0.00571	0.00163	0.04659	0.00507	0.00286	0.00640
22	0.03536	0.10198	0.50306	0.01232	0.01837	0.01204	0.01447	0.07496	0.02793	0.13773	0.01081	0.01148	0.00758	0.00504	0.00461	0.00152	0.00637	0.00386	0.00304	0.00748
23	0.01143	0.01091	0.01859	0.27398	0.55746	0.01160	0.01484	0.01450	0.01092	0.01518	0.00922	0.01263	0.00751	0.00461	0.00495	0.00154	0.00615	0.00444	0.00239	0.00716
24	0.00630	0.00510	0.00597	0.00602	0.00736	0.00481	0.00452	0.00766	0.01018	0.01277	0.03753	0.07531	0.50562	0.04242	0.24167	0.00365	0.00579	0.00908	0.00401	0.00424
25	0.04206	0.06053	0.28620	0.01662	0.12293	0.05593	0.18972	0.04486	0.02479	0.09383	0.01038	0.01196	0.00762	0.00479	0.00492	0.00154	0.00684	0.00437	0.00287	0.00724
26	0.01542	0.01212	0.01903	0.01433	0.01834	0.01238	0.29277	0.22769	0.12883	0.14824	0.01395	0.03147	0.01023	0.00574	0.00563	0.00163	0.02496	0.00546	0.00421	0.00758
27	0.01222	0.01172	0.02002	0.06254	0.76272	0.01181	0.01524	0.01519	0.01129	0.01614	0.00935	0.01238	0.00784	0.00446	0.00494	0.00149	0.00595	0.00444	0.00246	0.00780
28	0.01646	0.01024	0.01304	0.24961	0.01959	0.04730	0.00969	0.13998	0.07870	0.31616	0.01494	0.03890	0.01061	0.00607	0.00502	0.00159	0.00531	0.00500	0.00449	0.00729
29	0.01216	0.01291	0.10125	0.06013	0.05284	0.01131	0.40480	0.04824	0.01182	0.08827	0.01239	0.09378	0.01036	0.00595	0.00617	0.00170	0.05003	0.00613	0.00310	0.00668
30	0.00723	0.00872	0.14778	0.00901	0.01086	0.00596	0.04844	0.00921	0.00993	0.01358	0.03850	0.55452	0.02643	0.04296	0.00677	0.00203	0.00412	0.04516	0.00402	0.00478
31	0.00941	0.00886	0.01495	0.81285	0.03433	0.01107	0.01384	0.01274	0.00997	0.01274	0.00886	0.01329	0.00664	0.00498	0.00498	0.00166	0.00664	0.00443	0.00221	0.00554
32	0.01200	0.04430	0.07933	0.01366	0.01711	0.06044	0.28500	0.05552	0.01196	0.09069	0.04042	0.17012	0.01432	0.00889	0.04850	0.00201	0.02916	0.00689	0.00346	0.00622
33	0.01095	0.01631	0.25274	0.03710	0.10210	0.01173	0.41751	0.01529	0.01120	0.01570	0.01058	0.05574	0.00857	0.00501	0.00545	0.00165	0.00751	0.00550	0.00250	0.00686
34	0.01862	0.02376	0.01413	0.01284	0.01541	0.80482	0.00963	0.01990	0.01413	0.01220	0.00770	0.00899	0.00642	0.00514	0.00449	0.00128	0.00899	0.00321	0.00257	0.00578
35	0.01235	0.00959	0.01398	0.03183	0.01469	0.00978	0.16468	0.16027	0.13021	0.09146	0.07200	0.18107	0.05582	0.00829	0.00555	0.00169	0.00483	0.00756	0.01783	0.00653
36	0.01779	0.01586	0.01329	0.01214	0.05618	0.34683	0.00899	0.08045	0.12989	0.20688	0.03472	0.01362	0.01055	0.00588	0.00508	0.00146	0.02491	0.00437	0.00408	0.00704
37	0.00902	0.00720	0.00810	0.08845	0.01082	0.04043	0.00539	0.01049	0.00959	0.01368	0.04350	0.02251	0.05581	0.29369	0.01166	0.00243	0.00433	0.00548	0.11105	0.24637
38	0.01103	0.09687	0.54047	0.01330	0.03087	0.01187	0.05721	0.03339	0.03992	0.04968	0.03009	0.01324	0.03980	0.00527	0.00476	0.00154	0.00659	0.00427	0.00267	0.00715
39	0.00803	0.00694	0.01056	0.27077	0.05069	0.00806	0.00886	0.00981	0.00952	0.01279	0.01805	0.42347	0.02005	0.01082	0.00709	0.00190	0.10488	0.00937	0.00345	0.00487
40	0.01034	0.00886	0.01034	0.00738	0.01181	0.00664	0.00591	0.01255	0.01034	0.01624	0.00886	0.01034	0.00738	0.00369	0.00369	0.00074	0.00369	0.00295	0.00295	0.85530
41	0.35870	0.05474	0.05328	0.00865	0.01245	0.01058	0.03022	0.06183	0.04488	0.23624	0.01169	0.01170	0.00825	0.00512	0.00404	0.00146	0.00445	0.00374	0.00401	0.07398
42	0.01099	0.26548	0.56801	0.01251	0.01895	0.01401	0.01546	0.01553	0.01041	0.01457	0.00834	0.00977	0.00634	0.00459	0.00428	0.00143	0.00676	0.00338	0.00211	0.00708
43	0.05829	0.02056	0.46275	0.01351	0.04834	0.03160	0.01456	0.23698	0.03199	0.02072	0.00996	0.01103	0.00716	0.00514	0.00473	0.00154	0.00654	0.00393	0.00309	0.00758
44	0.00878	0.17455	0.01196	0.00814	0.00947	0.00961	0.00657	0.01013	0.00827	0.01130	0.01181	0.01873	0.01167	0.16971	0.42483	0.00546	0.08672	0.00504	0.00258	0.00469
45	0.00725	0.00483	0.00544	0.00544	0.00544	0.00483	0.00302	0.00725	0.00725	0.00966	0.01571	0.03262	0.01812	0.82483	0.02537	0.00483	0.00483	0.00725	0.00302	0.00302
46	0.01547	0.00738	0.00924	0.00774	0.01004	0.00699	0.00580	0.01817	0.10388	0.40769	0.03308	0.02315	0.01542	0.29925	0.01232	0.00274	0.00438	0.00596	0.00490	0.00638
47	0.01099	0.01047	0.01781	0.38970	0.44512	0.01149	0.01463	0.01412	0.01071	0.01466	0.00914	0.01277	0.00732	0.00469	0.00496	0.00156	0.00625	0.00444	0.00235	0.00681
48	0.00650	0.00460	0.00627	0.00708	0.00756	0.00462	0.00496	0.00767	0.00922	0.01276	0.02340	0.58148	0.02685	0.02043	0.20223	0.00345	0.00543	0.01149	0.04983	0.00418
49	0.01333	0.82783	0.02612	0.00853	0.01279	0.01972	0.00853	0.01493	0.01013	0.01173	0.00693	0.00800	0.00640	0.00426	0.00320	0.00107	0.00533	0.00267	0.00213	0.00640
50	0.01895	0.01396	0.01496	0.01147	0.01546	0.01546	0.00947	0.77711	0.02344	0.03141	0.01197	0.01197	0.00848	0.00598	0.00499	0.00150	0.00548	0.00449	0.00499	0.00848
51	0.01886	0.01669	0.01473	0.01185	0.01544	0.23574	0.00952	0.56580	0.02084	0.02605	0.01078	0.01114	0.00790	0.00575	0.00485	0.00144	0.00646	0.00413	0.00431	0.00772
52	0.00620	0.00444	0.00590	0.00685	0.00726	0.00414	0.00464	0.00727	0.01015	0.01370	0.12968	0.71659	0.03485	0.01489	0.00630	0.00196	0.00282	0.01348	0.00474	0.00414
53	0.01234	0.01184	0.02023	0.03059	0.79373	0.01184	0.01530	0.01530	0.01135	0.01628	0.00938	0.01234	0.00790	0.00444	0.00493	0.00148	0.00592	0.00444	0.00247	0.00790
54	0.01177	0.01126	0.01921	0.18240	0.64637	0.01169	0.01502	0.01480	0.01108	0.01560	0.00928	0.01252	0.00765	0.00455	0.00494	0.00152	0.00606	0.00444	0.00242	0.00744
55	0.01862	0.02376	0.01413	0.01284	0.01541	0.80482	0.00963	0.01990	0.01413	0.01220	0.00770	0.00899	0.00642	0.00514	0.00449	0.00128	0.00899	0.00321	0.00257	0.00578
56	0.01240	0.01071	0.01127	0.01014	0.01296	0.01240	0.00789	0.02649	0.78473	0.02085	0.02029	0.01860	0.01522	0.00676	0.00507	0.00169	0.00394	0.00564	0.00507	0.00789
57	0.02236	0.00848	0.01157	0.00887	0.01272	0.00733	0.00733	0.02429	0.01427	0.79719	0.01966	0.01697	0.01234	0.00617	0.00501	0.00154	0.00424	0.00501	0.00617	0.00848
58	0.00720	0.00483	0.00551	0.00555	0.00558	0.00484	0.00315	0.00728	0.00735	0.00982	0.01609	0.06164	0.01854	0.77640	0.04283	0.00480	0.00496	0.00746	0.00307	0.00309
59	0.00705	0.00510	0.00666	0.00627	0.00745	0.00470	0.00470	0.00941	0.01411	0.01999	0.79110	0.03723	0.04703	0.01019	0.00588	0.00157	0.00235	0.00901	0.00549	0.00470
60	0.01234	0.01184	0.02023	0.03059	0.79373	0.01184	0.01530	0.01530	0.01135	0.01628	0.00938	0.01234	0.00790	0.00444	0.00493	0.00148	0.00592	0.00444	0.00247	0.00790
61	0.01166	0.01115	0.01901	0.21115	0.61845	0.01167	0.01496	0.01471	0.01103	0.01547	0.00926	0.01256	0.00761	0.00457	0.00495	0.00152	0.00609	0.00444	0.00241	0.00735
62	0.00607	0.00437	0.00575	0.00686	0.00721	0.00406	0.00459	0.00695	0.00962	0.01275	0.02840	0.79028	0.06366	0.01549	0.00634	0.00201	0.00288	0.01402	0.00463	0.00406
63	0.01234	0.01184	0.02023	0.03059	0.79373	0.01184	0.01530	0.01530	0.01135	0.01628	0.00938	0.01234	0.00790	0.00444	0.00493	0.00148	0.00592	0.00444	0.00247	0.00790
64	0.01018	0.01081	0.02248	0.01687	0.02056	0.01014	0.54552	0.01349	0.01134	0.01534	0.04195	0.19703	0.01547	0.00735	0.00603	0.00178	0.00681	0.03773	0.00318	0.00597
65	0.00725	0.00483	0.00544	0.00544	0.00544	0.00483	0.00302	0.00725	0.00725	0.00966	0.01571	0.03262	0.01812	0.82483	0.02537	0.00483	0.00483	0.00725	0.00302	0.00302
66	0.01240	0.01071	0.01127	0.01014	0.01296	0.01240	0.00789	0.02649	0.78473	0.02085	0.02029	0.01860	0.01522	0.00676	0.00507	0.00169	0.00394	0.00564	0.00507	0.00789
67	0.02082	0.00910	0.01172	0.00919	0.01291	0.00847	0.00752	0.06743	0.11904	0.64857	0.01931	0.01690	0.01251	0.00624	0.00502	0.00156	0.00427	0.00507	0.00595	0.00840
68	0.01603	0.01086	0.01648	0.01261	0.01653	0.01074	0.21349	0.08030	0.22628	0.28338	0.01624	0.01582	0.01135	0.00569	0.00521	0.00158	0.00535	0.00529	0.00467	0.04211
69	0.01176	0.01345	0.02941	0.02101	0.02605	0.01261	0.77563	0.01597	0.01176	0.01597	0.01008	0.01345	0.00756	0.00420	0.00588	0.00168	0.00840	0.00588	0.00252	0.00672
70	0.00607	0.00434	0.00578	0.00694	0.00723	0.00405	0.00463	0.00694	0.00954	0.01272	0.02747	0.82157	0.03297	0.01562	0.00636	0.00202	0.00289	0.01417	0.00463	0.00405
71	0.01180	0.41488	0.20843	0.00969	0.01469	0.01447	0.01029	0.01501	0.03906	0.01409	0.00836	0.00954	0.00693	0.00434	0.00375	0.00114	0.00539	0.00309	0.00242	0.20263
72	0.16044	0.01105	0.01214	0.00950	0.01324	0.01152	0.00781	0.34069	0.04375	0.25926	0.02531	0.01334	0.00988	0.00577	0.00462	0.00148	0.00463	0.00437	0.00492	0.05630
73	0.00606	0.00437	0.00575	0.00684	0.00720	0.00406	0.00458	0.00695	0.00964	0.01276	0.02866	0.78168	0.07210	0.01546	0.00634	0.00201	0.00287	0.01398	0.00463	0.00406
74	0.00672	0.00480	0.00653	0.00768	0.00825	0.00461	0.00575	0.00806	0.01018	0.01345	0.02712	0.56899	0.03155	0.01501	0.00653	0.00211	0.00345	0.26037	0.00461	0.00423
75	0.01166	0.01148	0.02072	0.23949	0.38197	0.01195	0.19019	0.04308	0.01152	0.01581	0.00950	0.01284	0.00750	0.00459	0.00517	0.00158	0.00667	0.00477	0.00250	0.00701
76	0.01233	0.58831	0.25693	0.01022	0.01542	0.01729	0.01148	0.01518	0.01025	0.01294	0.00753	0.00875	0.00637	0.00441	0.00366	0.00122	0.00594	0.00297	0.00212	0.00669
77	0.00718	0.00516	0.00698	0.00770	0.00862	0.00496	0.00611	0.00907	0.01163	0.01563	0.23199	0.26832	0.04604	0.01332	0.00645	0.00201	0.00348	0.33604	0.00484	0.00446
78	0.01780	0.01293	0.01503	0.04299	0.09934	0.01409	0.00998	0.58318	0.04000	0.08200	0.01239	0.01268	0.00885	0.00581	0.00496	0.00150	0.00540	0.00455	0.01829	0.00823
79	0.40767	0.01018	0.00996	0.00828	0.01165	0.03264	0.00676	0.08984	0.09170	0.26658	0.01281	0.01235	0.00891	0.00547	0.00411	0.00155	0.00428	0.00391	0.00442	0.00692
80	0.00607	0.00434	0.00578	0.00694	0.00723	0.00405	0.00463	0.00694	0.00954	0.01272	0.02747	0.82157	0.03297	0.01562	0.00636	0.00202	0.00289	0.01417	0.00463	0.00405
81	0.01862	0.02376	0.01413	0.01284	0.01541	0.80482	0.00963	0.01990	0.01413	0.01220	0.00770	0.00899	0.00642	0.00514	0.00449	0.00128	0.00899	0.00321	0.00257	0.00578
82	0.00607	0.00434	0.00578	0.00694	0.00723	0.00405	0.00463	0.00694	0.00954	0.01272	0.02747	0.82157	0.03297	0.01562	0.00636	0.00202	0.00289	0.01417	0.00463	0.00405
83	0.01544	0.01222	0.01298	0.01076	0.01412	0.01382	0.00862	0.37469	0.43157	0.02575	0.01643	0.01552	0.01209	0.00640	0.00503	0.00160	0.00466	0.00510	0.00503	0.00816
84	0.01234	0.01184	0.02023	0.03059	0.79373	0.01184	0.01530	0.01530	0.01135	0.01628	0.00938	0.01234	0.00790	0.00444	0.00493	0.00148	0.00592	0.00444	0.00247	0.00790
85	0.00712	0.00534	0.00801	0.00801	0.00890	0.00623	0.00623	0.00890	0.00801	0.01157	0.01335	0.01958	0.01246	0.03738	0.80507	0.00801	0.01335	0.00534	0.00267	0.00445
86	0.00589	0.00505	0.00505	0.00505	0.00673	0.00421	0.00379	0.00715	0.01136	0.01347	0.05049	0.04797	0.79171	0.01262	0.00589	0.00168	0.00252	0.01052	0.00463	0.00421
87	0.01895	0.01396	0.01496	0.01147	0.01546	0.01546	0.00947	0.77711	0.02344	0.03141	0.01197	0.01197	0.00848	0.00598	0.00499	0.00150	0.00548	0.00449	0.00499	0.00848
88	0.01000	0.02578	0.79900	0.01421	0.02157	0.01158	0.01842	0.01579	0.01052	0.01579	0.00895	0.01052	0.00631	0.00474	0.00474	0.00158	0.00737	0.00368	0.00210	0.00737
89	0.00643	0.00507	0.00580	0.00562	0.00706	0.00444	0.00421	0.00820	0.01264	0.01649	0.39426	0.04299	0.44605	0.01149	0.00589	0.00163	0.00244	0.00982	0.00503	0.00444
90	0.01366	0.00859	0.00910	0.00758	0.00998	0.00917	0.00606	0.32691	0.01591	0.04715	0.01460	0.01581	0.01099	0.00589	0.00415	0.00131	0.00368	0.00459	0.47853	0.00634
91	0.02079	0.00978	0.01312	0.01003	0.01394	0.00921	0.05009	0.15246	0.04718	0.59163	0.01785	0.01598	0.01153	0.00605	0.00506	0.00155	0.00467	0.00500	0.00572	0.00836
92	0.02236	0.00848	0.01157	0.00887	0.01272	0.00733	0.00733	0.02429	0.01427	0.79719	0.01966	0.01697	0.01234	0.00617	0.00501	0.00154	0.00424	0.00501	0.00617	0.00848
93	0.00605	0.00442	0.00569	0.00671	0.00717	0.00407	0.00452	0.00697	0.00977	0.01281	0.03029	0.72700	0.12573	0.01525	0.00630	0.00198	0.00285	0.01372	0.00463	0.00407
94	0.01403	0.00823	0.00999	0.00829	0.01086	0.00811	0.00659	0.21104	0.01626	0.22497	0.33285	0.06236	0.04817	0.00838	0.00545	0.00157	0.00368	0.00709	0.00547	0.00662
95	0.01024	0.08413	0.74278	0.01379	0.02093	0.01217	0.01770	0.01572	0.01049	0.01549	0.00880	0.01034	0.00632	0.00470	0.00462	0.00154	0.00722	0.00361	0.00211	0.00730
96	0.02194	0.00839	0.01143	0.00880	0.01258	0.00725	0.00725	0.02388	0.01426	0.77550	0.04119	0.01753	0.01331	0.00628	0.00504	0.00154	0.00419	0.00512	0.00615	0.00838
97	0.01234	0.01184	0.02023	0.03059	0.79373	0.01184	0.01530	0.01530	0.01135	0.01628	0.00938	0.01234	0.00790	0.00444	0.00493	0.00148	0.00592	0.00444	0.00247	0.00790
98	0.00611	0.00449	0.00575	0.00674	0.00726	0.00413	0.00462	0.00709	0.00988	0.01291	0.03084	0.68056	0.14501	0.01511	0.00631	0.00198	0.00290	0.03958	0.00463	0.00409
99	0.01234	0.01184	0.02023	0.03059	0.79373	0.01184	0.01530	0.01530	0.01135	0.01628	0.00938	0.01234	0.00790	0.00444	0.00493	0.00148	0.00592	0.00444	0.00247	0.00790
100	0.00814	0.00590	0.00808	0.00913	0.01032	0.00596	0.00789	0.01089	0.04475	0.01508	0.02617	0.08557	0.02828	0.01354	0.00679	0.00226	0.00449	0.69745	0.00461	0.00471
101	0.01485	0.01210	0.01245	0.01054	0.01373	0.04449	0.00837	0.26738	0.47528	0.04185	0.01772	0.01665	0.02862	0.00655	0.00504	0.00161	0.00462	0.00526	0.00496	0.00793
102	0.01333	0.82783	0.02612	0.00853	0.01279	0.01972	0.00853	0.01493	0.01013	0.01173	0.00693	0.00800	0.00640	0.00426	0.00320	0.00107	0.00533	0.00267	0.00213	0.00640
103	0.00666	0.00508	0.00611	0.00586	0.00720	0.00453	0.00439	0.00864	0.01318	0.01777	0.53935	0.04088	0.30016	0.01102	0.00588	0.00161	0.00241	0.00953	0.00520	0.00453
104	0.14870	0.00976	0.01020	0.00791	0.01176	0.04042	0.00632	0.03259	0.08613	0.07635	0.03110	0.01196	0.00922	0.00461	0.00395	0.00108	0.00400	0.00353	0.00352	0.49689
105	0.02158	0.00872	0.01164	0.00889	0.01278	0.00761	0.00733	0.05348	0.01442	0.72477	0.01878	0.01641	0.01192	0.00603	0.00494	0.00150	0.00426	0.00488	0.00595	0.05411
106	0.00998	0.00577	0.00760	0.00685	0.00855	0.00523	0.00531	0.01221	0.01392	0.16825	0.58297	0.03457	0.06728	0.00967	0.00576	0.00160	0.00282	0.04071	0.00555	0.00540
107	0.00662	0.00489	0.00619	0.00625	0.00728	0.00446	0.00454	0.00843	0.01251	0.01712	0.48108	0.23999	0.15828	0.01196	0.00600	0.00170	0.00252	0.01057	0.00513	0.00446
108	0.01099	0.00961	0.03028	0.00952	0.01203	0.01030	0.00772	0.04204	0.51512	0.01932	0.05438	0.04136	0.07831	0.00856	0.00547	0.00178	0.00399	0.12743	0.00489	0.00688
109	0.00612	0.00436	0.00577	0.00688	0.00716	0.00408	0.00456	0.00695	0.00945	0.01260	0.02700	0.78965	0.03237	0.04835	0.00713	0.00214	0.00297	0.01389	0.00456	0.00401
110	0.01335	0.00629	0.00716	0.00621	0.00827	0.00609	0.00490	0.06812	0.01234	0.22115	0.01684	0.01770	0.01236	0.00591	0.00398	0.00128	0.00304	0.00473	0.57436	0.00591
111	0.01888	0.01606	0.01478	0.01176	0.01545	0.18474	0.00951	0.61473	0.02144	0.02729	0.01105	0.01133	0.00804	0.00580	0.00488	0.00145	0.00624	0.00421	0.00447	0.00790
112	0.01019	0.01024	0.04772	0.25265	0.27060	0.01090	0.04828	0.01301	0.00990	0.01385	0.00972	0.01386	0.00820	0.01147	0.16228	0.00289	0.09099	0.00464	0.00239	0.00620
113	0.00610	0.00436	0.00581	0.00692	0.00724	0.00407	0.00463	0.00701	0.00968	0.01294	0.05031	0.79811	0.03339	0.01545	0.00635	0.00201	0.00288	0.01402	0.00465	0.00407
114	0.01091	0.01091	0.01527	0.01309	0.01309	0.01527	0.01091	0.01200	0.00763	0.01200	0.00654	0.01091	0.00654	0.00872	0.01636	0.00218	0.81570	0.00436	0.00218	0.00545
115	0.01139	0.01031	0.01930	0.16973	0.05315	0.01038	0.36031	0.03269	0.03099	0.04736	0.01186	0.01474	0.00895	0.00490	0.00507	0.00155	0.00628	0.00520	0.18963	0.00622
116	0.01162	0.01065	0.01090	0.00988	0.01208	0.07203	0.00767	0.02111	0.50419	0.01840	0.08033	0.05507	0.06683	0.00786	0.00633	0.00171	0.08567	0.00627	0.00457	0.00683
117	0.00712	0.00534	0.00801	0.00801	0.00890	0.00623	0.00623	0.00890	0.00801	0.01157	0.01335	0.01958	0.01246	0.03738	0.80507	0.00801	0.01335	0.00534	0.00267	0.00445
118	0.06417	0.05339	0.02778	0.00929	0.01307	0.00871	0.04056	0.05687	0.01398	0.57540	0.07096	0.01691	0.01356	0.00614	0.00490	0.00152	0.00445	0.00503	0.00545	0.00785
119	0.01251	0.63203	0.21480	0.00991	0.01494	0.01773	0.01094	0.01514	0.01022	0.01272	0.00742	0.00861	0.00638	0.00438	0.00357	0.00119	0.00583	0.00291	0.00213	0.00663
120	0.00725	0.00483	0.00544	0.00544	0.00544	0.00483	0.00302	0.00725	0.00725	0.00966	0.01571	0.03262	0.01812	0.82483	0.02537	0.00483	0.00483	0.00725	0.00302	0.00302
121	0.03605	0.38304	0.01909	0.00951	0.01352	0.04559	0.00849	0.22094	0.01470	0.18803	0.01108	0.01105	0.00822	0.00518	0.00412	0.00130	0.00524	0.00368	0.00381	0.00736
122	0.03680	0.01123	0.01358	0.01064	0.01416	0.09459	0.11847	0.09326	0.08580	0.10874	0.11873	0.01669	0.01443	0.00580	0.00484	0.00135	0.00505	0.01685	0.00400	0.22498
123	0.01245	0.01306	0.10273	0.01462	0.01833	0.01225	0.27677	0.05912	0.19909	0.06890	0.01343	0.04904	0.01060	0.00623	0.00693	0.00174	0.11860	0.00560	0.00351	0.00699
124	0.00697	0.00475	0.00569	0.00608	0.00622	0.00467	0.00376	0.00735	0.00813	0.01082	0.01959	0.25198	0.02285	0.55283	0.01901	0.00391	0.00428	0.05414	0.00356	0.00340
125	0.00671	0.00463	0.00570	0.00622	0.00638	0.00454	0.00387	0.00718	0.00831	0.01112	0.02091	0.38772	0.02458	0.42821	0.04835	0.00370	0.00430	0.01029	0.00373	0.00354
126	0.01013	0.05854	0.76744	0.01397	0.02121	0.01191	0.01801	0.01575	0.01051	0.01562	0.00886	0.01042	0.00632	0.00472	0.00467	0.00156	0.00728	0.00364	0.00211	0.00733
127	0.02014	0.01544	0.01293	0.01086	0.01399	0.35904	0.00855	0.03976	0.01414	0.39940	0.01365	0.01307	0.00939	0.00582	0.00527	0.00146	0.04137	0.00418	0.00438	0.00716
128	0.00866	0.00433	0.00649	0.00649	0.00649	0.00433	0.00433	0.00649	0.00649	0.00866	0.00866	0.01515	0.00866	0.01732	0.01948	0.85498	0.00433	0.00433	0.00216	0.00216
129	0.01176	0.01345	0.02941	0.02101	0.02605	0.01261	0.77563	0.01597	0.01176	0.01597	0.01008	0.01345	0.00756	0.00420	0.00588	0.00168	0.00840	0.00588	0.00252	0.00672
130	0.01227	0.01178	0.02011	0.04820	0.77664	0.01183	0.01526	0.01524	0.01132	0.01620	0.00936	0.01236	0.00787	0.00445	0.00494	0.00148	0.00594	0.00444	0.00246	0.00784
131	0.01270	0.00800	0.00906	0.00817	0.01038	0.04428	0.00630	0.05401	0.12982	0.22271	0.11920	0.19653	0.11958	0.00973	0.00555	0.00169	0.00375	0.02720	0.00513	0.00621
132	0.00607	0.00434	0.00578	0.00694	0.00723	0.00405	0.00463	0.00694	0.00954	0.01272	0.02747	0.82157	0.03297	0.01562	0.00636	0.00202	0.00289	0.01417	0.00463	0.00405

[dist]
# distance from previous block
# <min> <max>
2	5

[block]
# block no. 1 follows, 50 sequences, length 84
# corresponding to MSA columns:
# 269-352
name=unknown_B
#
# <colnr> <probs for GDERKNQSTAVLIFYWHMCP>
#	G	D	E	R	K	N	Q	S	T	A	V	L	I	F	Y	W	H	M	C	P
0	0.55763	0.01076	0.00931	0.00806	0.01122	0.03293	0.00654	0.11887	0.15000	0.03762	0.01027	0.01069	0.00773	0.00523	0.00377	0.00156	0.00423	0.00352	0.00374	0.00632
1	0.01016	0.06511	0.76111	0.01393	0.02114	0.01198	0.01793	0.01574	0.01050	0.01559	0.00885	0.01040	0.00632	0.00471	0.00466	0.00155	0.00727	0.00363	0.00211	0.00732
2	0.01234	0.01184	0.02023	0.03059	0.79373	0.01184	0.01530	0.01530	0.01135	0.01628	0.00938	0.01234	0.00790	0.00444	0.00493	0.00148	0.00592	0.00444	0.00247	0.00790
3	0.00637	0.00501	0.00559	0.00554	0.00684	0.00440	0.00402	0.00781	0.01169	0.01498	0.26271	0.08131	0.46366	0.08873	0.00775	0.00196	0.00271	0.00995	0.00473	0.00423
4	0.16442	0.01168	0.01465	0.01126	0.01510	0.05846	0.13830	0.19938	0.01485	0.24900	0.03262	0.01341	0.00974	0.00546	0.00476	0.00151	0.00539	0.00455	0.00437	0.04110
5	0.01862	0.02376	0.01413	0.01284	0.01541	0.80482	0.00963	0.01990	0.01413	0.01220	0.00770	0.00899	0.00642	0.00514	0.00449	0.00128	0.00899	0.00321	0.00257	0.00578
6	0.01187	0.00837	0.01004	0.00746	0.01145	0.00651	0.00596	0.01397	0.01115	0.14404	0.04073	0.03133	0.05061	0.00504	0.00415	0.00097	0.00366	0.00413	0.00369	0.62487
7	0.01895	0.01396	0.01496	0.01147	0.01546	0.01546	0.00947	0.77711	0.02344	0.03141	0.01197	0.01197	0.00848	0.00598	0.00499	0.00150	0.00548	0.00449	0.00499	0.00848
8	0.01234	0.01184	0.02023	0.03059	0.79373	0.01184	0.01530	0.01530	0.01135	0.01628	0.00938	0.01234	0.00790	0.00444	0.00493	0.00148	0.00592	0.00444	0.00247	0.00790
9	0.00676	0.00483	0.00658	0.00773	0.00832	0.00464	0.00583	0.00814	0.01023	0.01350	0.02709	0.55132	0.03146	0.01496	0.00655	0.00212	0.00349	0.27759	0.00461	0.00424
10	0.00941	0.00886	0.01495	0.81285	0.03433	0.01107	0.01384	0.01274	0.00997	0.01274	0.00886	0.01329	0.00664	0.00498	0.00498	0.00166	0.00664	0.00443	0.00221	0.00554
11	0.00705	0.00510	0.00666	0.00627	0.00745	0.00470	0.00470	0.00941	0.01411	0.01999	0.79110	0.03723	0.04703	0.01019	0.00588	0.00157	0.00235	0.00901	0.00549	0.00470
12	0.01333	0.82783	0.02612	0.00853	0.01279	0.01972	0.00853	0.01493	0.01013	0.01173	0.00693	0.00800	0.00640	0.00426	0.00320	0.00107	0.00533	0.00267	0.00213	0.00640
13	0.00607	0.00434	0.00578	0.00694	0.00723	0.00405	0.00463	0.00694	0.00954	0.01272	0.02747	0.82157	0.03297	0.01562	0.00636	0.00202	0.00289	0.01417	0.00463	0.00405
14	0.00952	0.00896	0.01514	0.78529	0.06108	0.01110	0.01389	0.01283	0.01002	0.01286	0.00888	0.01326	0.00669	0.00496	0.00498	0.00165	0.00662	0.00443	0.00222	0.00562
15	0.00651	0.00452	0.00565	0.00638	0.00656	0.00434	0.00403	0.00706	0.00869	0.01159	0.02309	0.52795	0.02744	0.31678	0.01344	0.00307	0.00361	0.01159	0.00403	0.00367
16	0.00720	0.00503	0.00645	0.00645	0.00680	0.00538	0.00428	0.00790	0.00755	0.01041	0.01478	0.02749	0.01589	0.51506	0.33209	0.00608	0.00818	0.00650	0.00288	0.00358
17	0.04087	0.00810	0.01072	0.00836	0.01190	0.00713	0.00687	0.02269	0.01372	0.69462	0.01899	0.01693	0.01222	0.00609	0.00480	0.00150	0.00402	0.00492	0.09755	0.00799
18	0.01008	0.04635	0.77918	0.01406	0.02135	0.01178	0.01816	0.01576	0.01051	0.01568	0.00889	0.01046	0.00632	0.00472	0.00470	0.00157	0.00731	0.00366	0.00211	0.00734
19	0.00606	0.00438	0.00574	0.00683	0.00720	0.00406	0.00458	0.00695	0.00964	0.01277	0.02876	0.77843	0.07528	0.01545	0.00634	0.00201	0.00287	0.01397	0.00463	0.00406
20	0.00663	0.00504	0.00610	0.00592	0.00721	0.00451	0.00441	0.00854	0.01297	0.01749	0.51060	0.08495	0.28494	0.01128	0.00591	0.00163	0.00244	0.00979	0.00516	0.00451
21	0.01895	0.01396	0.01496	0.01147	0.01546	0.01546	0.00947	0.77711	0.02344	0.03141	0.01197	0.01197	0.00848	0.00598	0.00499	0.00150	0.00548	0.00449	0.00499	0.00848
22	0.01321	0.00973	0.01092	0.00903	0.01169	0.01031	0.00726	0.41026	0.01861	0.02518	0.29016	0.04109	0.07588	0.00840	0.00546	0.00157	0.00410	0.03540	0.00512	0.00662
23	0.86003	0.00964	0.00733	0.00655	0.00964	0.01118	0.00540	0.01465	0.00848	0.02236	0.00694	0.00810	0.00540	0.00463	0.00308	0.00154	0.00386	0.00270	0.00308	0.00540
24	0.00650	0.00507	0.00589	0.00569	0.00711	0.00447	0.00427	0.00833	0.01280	0.01687	0.43736	0.04236	0.40272	0.01135	0.00588	0.00162	0.00243	0.00973	0.00508	0.00447
25	0.00654	0.00495	0.00523	0.00523	0.00611	0.00451	0.00342	0.00720	0.00940	0.01165	0.03388	0.04064	0.42221	0.40056	0.01519	0.00319	0.00363	0.00896	0.00386	0.00364
26	0.01500	0.01396	0.01848	0.01408	0.01803	0.11158	0.24996	0.25022	0.09675	0.04142	0.01148	0.01270	0.00859	0.00525	0.00538	0.00149	0.02724	0.00475	0.00368	0.08995
27	0.06459	0.01569	0.01182	0.01108	0.01340	0.38906	0.00882	0.11097	0.02856	0.01622	0.01441	0.02462	0.01391	0.00801	0.00525	0.00166	0.00675	0.24584	0.00359	0.00575
28	0.01211	0.01161	0.01983	0.09051	0.73557	0.01178	0.01519	0.01510	0.01124	0.01601	0.00934	0.01241	0.00780	0.00448	0.00494	0.00149	0.00598	0.00444	0.00245	0.00771
29	0.01061	0.00961	0.01434	0.01115	0.01467	0.00896	0.18893	0.05214	0.13451	0.01751	0.06984	0.05721	0.05602	0.00655	0.00510	0.00142	0.00480	0.05465	0.00374	0.27825
30	0.86003	0.00964	0.00733	0.00655	0.00964	0.01118	0.00540	0.01465	0.00848	0.02236	0.00694	0.00810	0.00540	0.00463	0.00308	0.00154	0.00386	0.00270	0.00308	0.00540
31	0.00607	0.00434	0.00578	0.00694	0.00723	0.00405	0.00463	0.00694	0.00954	0.01272	0.02747	0.82157	0.03297	0.01562	0.00636	0.00202	0.00289	0.01417	0.00463	0.00405
32	0.09490	0.00930	0.01231	0.00915	0.01329	0.00802	0.07565	0.03131	0.01198	0.30549	0.01284	0.01288	0.00906	0.00478	0.00434	0.00121	0.00437	0.00398	0.00415	0.37099
33	0.00750	0.00662	0.01170	0.01047	0.01195	0.00619	0.19783	0.00920	0.01010	0.01354	0.02312	0.61907	0.02660	0.01276	0.00624	0.00194	0.00427	0.01209	0.00410	0.00472
34	0.00607	0.00434	0.00578	0.00694	0.00723	0.00405	0.00463	0.00694	0.00954	0.01272	0.02747	0.82157	0.03297	0.01562	0.00636	0.00202	0.00289	0.01417	0.00463	0.00405
35	0.86003	0.00964	0.00733	0.00655	0.00964	0.01118	0.00540	0.01465	0.00848	0.02236	0.00694	0.00810	0.00540	0.00463	0.00308	0.00154	0.00386	0.00270	0.00308	0.00540
36	0.01578	0.01151	0.01116	0.00952	0.01224	0.16484	0.00756	0.16755	0.02754	0.22330	0.17886	0.04135	0.03934	0.00770	0.00527	0.00156	0.00497	0.05840	0.00488	0.00666
37	0.00777	0.00516	0.00609	0.00583	0.00710	0.00491	0.00438	0.01042	0.03995	0.01899	0.47189	0.03228	0.10751	0.00905	0.00517	0.00147	0.00242	0.00779	0.24706	0.00475
38	0.00607	0.00434	0.00578	0.00694	0.00723	0.00405	0.00463	0.00694	0.00954	0.01272	0.02747	0.82157	0.03297	0.01562	0.00636	0.00202	0.00289	0.01417	0.00463	0.00405
39	0.00970	0.00797	0.00889	0.00815	0.01022	0.00861	0.00626	0.01798	0.40984	0.01985	0.32844	0.02862	0.09763	0.00865	0.00547	0.00164	0.00319	0.00741	0.00520	0.00630
40	0.21473	0.01466	0.01461	0.01212	0.01484	0.23934	0.11571	0.05442	0.05735	0.05521	0.00919	0.01085	0.00727	0.00572	0.00658	0.00161	0.15261	0.00397	0.00306	0.00615
41	0.00620	0.00449	0.00587	0.00673	0.00723	0.00415	0.00459	0.00731	0.01030	0.01381	0.13796	0.66372	0.07987	0.01466	0.00627	0.00194	0.00279	0.01322	0.00475	0.00415
42	0.00589	0.00505	0.00505	0.00505	0.00673	0.00421	0.00379	0.00715	0.01136	0.01347	0.05049	0.04797	0.79171	0.01262	0.00589	0.00168	0.00252	0.01052	0.00463	0.00421
43	0.07046	0.01037	0.01284	0.01010	0.01376	0.01048	0.04542	0.21234	0.12280	0.39049	0.01677	0.03660	0.01166	0.00626	0.00497	0.00157	0.00466	0.00511	0.00531	0.00801
44	0.01157	0.01313	0.02858	0.02052	0.02539	0.01231	0.74861	0.01565	0.01169	0.01585	0.01069	0.04177	0.00845	0.00460	0.00590	0.00169	0.00821	0.00617	0.00259	0.00663
45	0.01333	0.82783	0.02612	0.00853	0.01279	0.01972	0.00853	0.01493	0.01013	0.01173	0.00693	0.00800	0.00640	0.00426	0.00320	0.00107	0.00533	0.00267	0.00213	0.00640
46	0.01219	0.01170	0.01997	0.06895	0.75650	0.01181	0.01523	0.01517	0.01128	0.01611	0.00935	0.01238	0.00783	0.00447	0.00494	0.00149	0.00596	0.00444	0.00245	0.00778
47	0.01115	0.30462	0.53031	0.01223	0.01852	0.01441	0.01498	0.01549	0.01039	0.01437	0.00824	0.00964	0.00634	0.00457	0.00420	0.00140	0.00666	0.00333	0.00211	0.00703
48	0.07181	0.41505	0.36672	0.01090	0.01645	0.01551	0.01268	0.01529	0.01019	0.01428	0.00782	0.00912	0.00629	0.00450	0.00387	0.00133	0.00613	0.00312	0.00219	0.00675
49	0.01044	0.01017	0.01414	0.01224	0.01227	0.01402	0.01005	0.01147	0.00762	0.01178	0.00759	0.01309	0.00776	0.07865	0.04918	0.00264	0.71476	0.00465	0.00227	0.00521
50	0.01581	0.01200	0.01246	0.01009	0.01321	0.06808	0.00815	0.46614	0.03998	0.06403	0.17660	0.01954	0.03836	0.00721	0.00521	0.00153	0.00487	0.02449	0.00496	0.00727
51	0.01862	0.02376	0.01413	0.01284	0.01541	0.80482	0.00963	0.01990	0.01413	0.01220	0.00770	0.00899	0.00642	0.00514	0.00449	0.00128	0.00899	0.00321	0.00257	0.00578
52	0.00658	0.00458	0.00561	0.00622	0.00643	0.00440	0.00390	0.00708	0.00859	0.01141	0.02303	0.45260	0.04978	0.36960	0.01466	0.00324	0.00373	0.01103	0.00392	0.00360
53	0.01911	0.01370	0.01480	0.01135	0.01533	0.01508	0.00937	0.74171	0.02300	0.06743	0.01233	0.01220	0.00866	0.00599	0.00499	0.00150	0.00543	0.00451	0.00504	0.00848
54	0.00606	0.00520	0.00521	0.00518	0.00690	0.00442	0.00390	0.00767	0.03185	0.01366	0.04969	0.04719	0.77114	0.01247	0.00587	0.00168	0.00256	0.01039	0.00464	0.00431
55	0.00614	0.00506	0.00540	0.00531	0.00689	0.00431	0.00398	0.00764	0.01195	0.01487	0.21021	0.04565	0.63111	0.01210	0.00589	0.00166	0.00249	0.01020	0.00481	0.00431
56	0.00607	0.00434	0.00578	0.00694	0.00723	0.00405	0.00463	0.00694	0.00954	0.01272	0.02747	0.82157	0.03297	0.01562	0.00636	0.00202	0.00289	0.01417	0.00463	0.00405
57	0.01895	0.01396	0.01496	0.01147	0.01546	0.01546	0.00947	0.77711	0.02344	0.03141	0.01197	0.01197	0.00848	0.00598	0.00499	0.00150	0.00548	0.00449	0.00499	0.00848
58	0.00725	0.00483	0.00544	0.00544	0.00544	0.00483	0.00302	0.00725	0.00725	0.00966	0.01571	0.03262	0.01812	0.82483	0.02537	0.00483	0.00483	0.00725	0.00302	0.00302
59	0.00929	0.00465	0.00465	0.00465	0.00581	0.00465	0.00348	0.01161	0.01045	0.01858	0.01626	0.01858	0.01278	0.00581	0.00348	0.00116	0.00232	0.00465	0.85250	0.00465
60	0.01056	0.01003	0.01703	0.50530	0.33289	0.01138	0.01441	0.01374	0.01051	0.01413	0.00906	0.01291	0.00714	0.00477	0.00496	0.00159	0.00636	0.00443	0.00231	0.00646
61	0.01128	0.01154	0.01521	0.01307	0.01320	0.05398	0.01084	0.01238	0.00795	0.01201	0.00660	0.01081	0.00654	0.00855	0.01578	0.00214	0.77615	0.00431	0.00220	0.00547
62	0.00917	0.00467	0.00476	0.00474	0.00590	0.00465	0.00355	0.01149	0.01066	0.01866	0.06000	0.01964	0.01471	0.00605	0.00362	0.00118	0.00232	0.00489	0.80469	0.00465
63	0.86003	0.00964	0.00733	0.00655	0.00964	0.01118	0.00540	0.01465	0.00848	0.02236	0.00694	0.00810	0.00540	0.00463	0.00308	0.00154	0.00386	0.00270	0.00308	0.00540
64	0.01095	0.25462	0.57848	0.01259	0.01907	0.01390	0.01560	0.01554	0.01041	0.01463	0.00837	0.00980	0.00634	0.00460	0.00430	0.00143	0.00679	0.00339	0.00211	0.00709
65	0.01000	0.02578	0.79900	0.01421	0.02157	0.01158	0.01842	0.01579	0.01052	0.01579	0.00895	0.01052	0.00631	0.00474	0.00474	0.00158	0.00737	0.00368	0.00210	0.00737
66	0.00712	0.00534	0.00801	0.00801	0.00890	0.00623	0.00623	0.00890	0.00801	0.01157	0.01335	0.01958	0.01246	0.03738	0.80507	0.00801	0.01335	0.00534	0.00267	0.00445
67	0.02236	0.00848	0.01157	0.00887	0.01272	0.00733	0.00733	0.02429	0.01427	0.79719	0.01966	0.01697	0.01234	0.00617	0.00501	0.00154	0.00424	0.00501	0.00617	0.00848
68	0.86003	0.00964	0.00733	0.00655	0.00964	0.01118	0.00540	0.01465	0.00848	0.02236	0.00694	0.00810	0.00540	0.00463	0.00308	0.00154	0.00386	0.00270	0.00308	0.00540
69	0.00607	0.00434	0.00578	0.00694	0.00723	0.00405	0.00463	0.00694	0.00954	0.01272	0.02747	0.82157	0.03297	0.01562	0.00636	0.00202	0.00289	0.01417	0.00463	0.00405
70	0.00779	0.00588	0.00730	0.00684	0.00823	0.00579	0.00516	0.01179	0.12441	0.01992	0.66009	0.05568	0.04209	0.00985	0.00578	0.00160	0.00259	0.00867	0.00540	0.00514
71	0.01188	0.00977	0.01116	0.00811	0.01246	0.00822	0.00654	0.14935	0.01268	0.01896	0.00942	0.01063	0.00758	0.00410	0.00392	0.00087	0.00401	0.00323	0.00332	0.70378
72	0.01143	0.01071	0.01904	0.25206	0.12727	0.01121	0.25626	0.03065	0.09580	0.05068	0.05777	0.01606	0.02716	0.00539	0.00535	0.00163	0.00635	0.00545	0.00313	0.00660
73	0.01126	0.01093	0.01767	0.37824	0.42822	0.03944	0.01445	0.01432	0.01083	0.01456	0.00909	0.01264	0.00729	0.00471	0.00494	0.00155	0.00635	0.00439	0.00236	0.00677
74	0.00758	0.00567	0.00751	0.00852	0.02346	0.00546	0.00708	0.00964	0.01149	0.01468	0.04520	0.05312	0.21252	0.01326	0.00659	0.00212	0.00408	0.55289	0.00458	0.00456
75	0.01047	0.00986	0.01661	0.01322	0.01622	0.00984	0.30213	0.07270	0.15794	0.01703	0.01991	0.22148	0.07356	0.00856	0.00581	0.00177	0.00542	0.02737	0.00393	0.00616
76	0.01212	0.11723	0.19143	0.01481	0.03960	0.13324	0.25138	0.01537	0.01143	0.02967	0.02662	0.09925	0.01059	0.00594	0.00526	0.00156	0.01990	0.00547	0.00274	0.00640
77	0.00610	0.00435	0.00578	0.00691	0.00719	0.00407	0.00459	0.00695	0.00949	0.01265	0.02720	0.80349	0.03263	0.03416	0.00680	0.00209	0.00294	0.01401	0.00459	0.00403
78	0.02156	0.00921	0.01196	0.00920	0.01302	0.00846	0.00759	0.13385	0.01560	0.67001	0.03386	0.01664	0.01246	0.00622	0.00503	0.00154	0.00439	0.00502	0.00598	0.00841
79	0.01255	0.05091	0.18403	0.04832	0.24304	0.05057	0.09146	0.03939	0.08018	0.07544	0.01255	0.05665	0.02125	0.00563	0.00500	0.00156	0.00611	0.00505	0.00311	0.00720
80	0.01232	0.01188	0.02047	0.03035	0.77418	0.01186	0.03467	0.01531	0.01136	0.01628	0.00939	0.01236	0.00789	0.00444	0.00496	0.00149	0.00598	0.00448	0.00247	0.00787
81	0.00813	0.00672	0.00953	0.00896	0.00949	0.00839	0.00698	0.00947	0.00780	0.01140	0.01192	0.01922	0.01174	0.14511	0.48494	0.00602	0.22171	0.00536	0.00259	0.00450
82	0.52970	0.13925	0.07372	0.00941	0.05030	0.06671	0.02007	0.03333	0.00983	0.01932	0.00744	0.00872	0.00592	0.00463	0.00351	0.00145	0.00492	0.00298	0.00283	0.00595
83	0.09805	0.00675	0.00827	0.00750	0.00915	0.03541	0.05067	0.01051	0.01284	0.01867	0.50767	0.06843	0.09115	0.00965	0.00560	0.00163	0.00326	0.04512	0.00480	0.00487

[dist]
# distance from previous block
# <min> <max>
0	1

[block]
# block no. 2 follows, 50 sequences, length 97
# corresponding to MSA columns:
# 354-450
name=unknown_C
#
# <colnr> <probs for GDERKNQSTAVLIFYWHMCP>
#	G	D	E	R	K	N	Q	S	T	A	V	L	I	F	Y	W	H	M	C	P
0	0.01179	0.01606	0.29044	0.01293	0.01777	0.01135	0.13081	0.03889	0.26286	0.05734	0.04791	0.01513	0.01161	0.00561	0.00504	0.00159	0.00581	0.00495	0.00360	0.04852
1	0.00652	0.00501	0.00603	0.00632	0.00752	0.00451	0.00478	0.00813	0.01171	0.01519	0.23305	0.20522	0.33868	0.01277	0.00612	0.00181	0.00284	0.11459	0.00484	0.00436
2	0.01034	0.00886	0.01034	0.00738	0.01181	0.00664	0.00591	0.01255	0.01034	0.01624	0.00886	0.01034	0.00738	0.00369	0.00369	0.00074	0.00369	0.00295	0.00295	0.85530
3	0.01350	0.01013	0.01472	0.01824	0.34917	0.01020	0.01069	0.14036	0.03972	0.12185	0.13610	0.02047	0.03357	0.00665	0.00525	0.00157	0.00485	0.05159	0.00410	0.00728
4	0.01856	0.01366	0.01464	0.01127	0.01513	0.01511	0.00926	0.75167	0.02290	0.03069	0.01209	0.01265	0.00880	0.03305	0.00566	0.00161	0.00546	0.00458	0.00492	0.00830
5	0.01307	0.31500	0.06756	0.01085	0.01502	0.05821	0.09270	0.07344	0.16012	0.01629	0.01064	0.01145	0.00850	0.00486	0.00422	0.00128	0.00551	0.00385	0.00308	0.12433
6	0.00664	0.00457	0.00562	0.00622	0.00637	0.00442	0.00386	0.00709	0.00845	0.01126	0.02184	0.44411	0.02586	0.40277	0.01546	0.00337	0.00382	0.01086	0.00386	0.00356
7	0.00607	0.00434	0.00578	0.00694	0.00723	0.00405	0.00463	0.00694	0.00954	0.01272	0.02747	0.82157	0.03297	0.01562	0.00636	0.00202	0.00289	0.01417	0.00463	0.00405
8	0.04531	0.00982	0.01102	0.00889	0.01243	0.00965	0.00707	0.10914	0.25735	0.12295	0.01507	0.05192	0.01177	0.00586	0.00456	0.00133	0.00403	0.00477	0.00437	0.30270
9	0.01598	0.00922	0.01129	0.00838	0.01254	0.00779	0.00683	0.09349	0.01321	0.32848	0.01347	0.01314	0.00946	0.00491	0.00435	0.00113	0.00409	0.00393	0.00444	0.43389
10	0.01305	0.76144	0.09009	0.00900	0.01352	0.01905	0.00935	0.01500	0.01016	0.01206	0.00710	0.00820	0.00639	0.00430	0.00333	0.00111	0.00550	0.00275	0.00213	0.00648
11	0.01146	0.01095	0.01865	0.26479	0.56638	0.01161	0.01486	0.01453	0.01094	0.01522	0.00922	0.01262	0.00752	0.00460	0.00495	0.00153	0.00614	0.00444	0.00239	0.00719
12	0.01176	0.01345	0.02941	0.02101	0.02605	0.01261	0.77563	0.01597	0.01176	0.01597	0.01008	0.01345	0.00756	0.00420	0.00588	0.00168	0.00840	0.00588	0.00252	0.00672
13	0.11715	0.01074	0.03353	0.01367	0.01701	0.01055	0.33515	0.09355	0.01194	0.03812	0.01354	0.15769	0.01239	0.00686	0.00575	0.00168	0.04071	0.00660	0.06725	0.00611
14	0.01863	0.02337	0.01416	0.01279	0.01541	0.77331	0.00962	0.05012	0.01450	0.01297	0.00787	0.00911	0.00650	0.00517	0.00451	0.00129	0.00885	0.00326	0.00266	0.00589
15	0.00615	0.00440	0.00586	0.00689	0.00725	0.00410	0.00463	0.00714	0.00992	0.01333	0.09068	0.75665	0.03413	0.01517	0.00632	0.00199	0.00285	0.01374	0.00470	0.00410
16	0.00985	0.00938	0.01610	0.69012	0.12602	0.01122	0.04094	0.01316	0.01020	0.01328	0.00897	0.01318	0.00683	0.00489	0.00501	0.00164	0.00662	0.00448	0.00226	0.00586
17	0.07803	0.01989	0.01326	0.01222	0.03028	0.56851	0.00912	0.03911	0.15374	0.01505	0.01007	0.01081	0.00802	0.00540	0.00452	0.00139	0.00756	0.00367	0.00312	0.00624
18	0.00655	0.00468	0.00633	0.00748	0.00798	0.00446	0.00545	0.00776	0.01001	0.01326	0.02721	0.63592	0.03193	0.01517	0.00649	0.00209	0.00330	0.19513	0.00462	0.00418
19	0.00607	0.00434	0.00578	0.00694	0.00723	0.00405	0.00463	0.00694	0.00954	0.01272	0.02747	0.82157	0.03297	0.01562	0.00636	0.00202	0.00289	0.01417	0.00463	0.00405
20	0.01127	0.01076	0.01831	0.31528	0.51736	0.01156	0.01477	0.01436	0.01085	0.01499	0.00919	0.01268	0.00744	0.00464	0.00495	0.00155	0.00618	0.00444	0.00238	0.00704
21	0.18816	0.63939	0.02195	0.00823	0.01221	0.03712	0.00791	0.01499	0.00989	0.01393	0.00695	0.00804	0.00619	0.00436	0.00321	0.00117	0.00512	0.00269	0.00234	0.00618
22	0.00712	0.00534	0.00801	0.00801	0.00890	0.00623	0.00623	0.00890	0.00801	0.01157	0.01335	0.01958	0.01246	0.03738	0.80507	0.00801	0.01335	0.00534	0.00267	0.00445
