[name]
unknown

[dist]
# distance from previous block
# <min> <max>
6	115

[block]
# block no. 0 follows, 46 sequences, length 72
# corresponding to MSA columns:
# 145-216
name=unknown_A
#
# <colnr> <probs for GDERKNQSTAVLIFYWHMCP>
#	G	D	E	R	K	N	Q	S	T	A	V	L	I	F	Y	W	H	M	C	P
0	0.01385	0.16520	0.02904	0.01178	0.02967	0.07423	0.09446	0.03249	0.19006	0.07570	0.05576	0.01656	0.01295	0.00611	0.00526	0.00149	0.02668	0.02856	0.00386	0.12627
1	0.01190	0.01011	0.01110	0.01054	0.03361	0.08115	0.00818	0.04270	0.17302	0.05346	0.17760	0.03006	0.04350	0.00933	0.00694	0.00183	0.07953	0.15636	0.00467	0.05442
2	0.08795	0.01184	0.04434	0.01319	0.10160	0.01137	0.05028	0.22392	0.02848	0.29178	0.01503	0.01489	0.01038	0.00596	0.00506	0.00160	0.00525	0.00487	0.06402	0.00821
3	0.01467	0.01302	0.06371	0.06091	0.01686	0.02821	0.06557	0.29131	0.17896	0.03843	0.13467	0.01853	0.01660	0.00700	0.00581	0.00169	0.02586	0.00581	0.00472	0.00768
4	0.00808	0.00631	0.00744	0.00700	0.00863	0.00612	0.00529	0.01223	0.13039	0.01982	0.50271	0.03897	0.20529	0.01082	0.00611	0.00171	0.00279	0.00936	0.00555	0.00539
5	0.01100	0.01019	0.01694	0.68115	0.03413	0.01225	0.06691	0.07599	0.01189	0.01539	0.00976	0.01399	0.00728	0.00532	0.00535	0.00175	0.00708	0.00481	0.00262	0.00622
6	0.00659	0.00485	0.00622	0.00726	0.00787	0.00448	0.00509	0.00771	0.01060	0.01382	0.03278	0.62866	0.14870	0.01590	0.00672	0.00212	0.00316	0.07820	0.00490	0.00437
7	0.01191	0.01067	0.01187	0.01035	0.07947	0.07262	0.00728	0.01408	0.01125	0.03233	0.01009	0.01284	0.00870	0.06121	0.00575	0.00122	0.00469	0.00366	0.00313	0.62689
8	0.00636	0.00536	0.00550	0.00547	0.00721	0.00451	0.00410	0.00780	0.01230	0.01489	0.11682	0.04988	0.71545	0.01316	0.00625	0.00177	0.00266	0.01102	0.00499	0.00451
9	0.00856	0.00912	0.08790	0.01010	0.04519	0.02897	0.06054	0.01126	0.01267	0.01743	0.34834	0.05303	0.12548	0.01476	0.14003	0.00285	0.00587	0.00807	0.00436	0.00547
10	0.85155	0.01022	0.00777	0.00695	0.01022	0.01186	0.00573	0.01554	0.00900	0.02372	0.00736	0.00859	0.00573	0.00491	0.00327	0.00164	0.00409	0.00286	0.00327	0.00573
11	0.00852	0.00608	0.00852	0.00974	0.01095	0.00608	0.00852	0.01095	0.01217	0.01582	0.02799	0.05963	0.03042	0.01460	0.00730	0.00243	0.00487	0.74565	0.00487	0.00487
12	0.01313	0.01165	0.01424	0.01598	0.19844	0.01301	0.01026	0.02524	0.58888	0.02095	0.01873	0.01813	0.01427	0.00658	0.00534	0.00174	0.00469	0.00567	0.00471	0.00837
13	0.00985	0.00493	0.00493	0.00493	0.00616	0.00493	0.00370	0.01232	0.01109	0.01971	0.01725	0.01971	0.01355	0.00616	0.00370	0.00123	0.00246	0.00493	0.84356	0.00493
14	0.05412	0.01406	0.03003	0.02152	0.02677	0.01329	0.72450	0.01686	0.01230	0.01727	0.01053	0.01398	0.00791	0.00448	0.00609	0.00178	0.00867	0.00607	0.00270	0.00706
15	0.01946	0.01547	0.01628	0.01405	0.08314	0.08050	0.01060	0.63677	0.02292	0.03023	0.01208	0.01246	0.00876	0.00613	0.00524	0.00157	0.00617	0.00464	0.00484	0.00870
16	0.00985	0.00493	0.00493	0.00493	0.00616	0.00493	0.00370	0.01232	0.01109	0.01971	0.01725	0.01971	0.01355	0.00616	0.00370	0.00123	0.00246	0.00493	0.84356	0.00493
17	0.00748	0.00540	0.00707	0.00665	0.00790	0.00499	0.00499	0.00998	0.01496	0.02120	0.77844	0.03949	0.04988	0.01081	0.00624	0.00166	0.00249	0.00956	0.00582	0.00499
18	0.01093	0.01087	0.01595	0.70946	0.05721	0.07995	0.01434	0.01425	0.01100	0.01357	0.00931	0.01367	0.00707	0.00528	0.00524	0.00172	0.00724	0.00459	0.00239	0.00597
19	0.01785	0.02153	0.01640	0.01802	0.20029	0.57015	0.01158	0.02025	0.04826	0.01439	0.00920	0.01085	0.00761	0.00535	0.00491	0.00143	0.00851	0.00383	0.00282	0.00677
20	0.00628	0.00536	0.00540	0.00539	0.00716	0.00448	0.00404	0.00766	0.01213	0.01448	0.07434	0.05055	0.75818	0.01331	0.00625	0.00178	0.00267	0.01111	0.00494	0.00448
21	0.01123	0.02329	0.56642	0.01759	0.08948	0.01251	0.14002	0.01717	0.04114	0.01703	0.01019	0.01217	0.00743	0.00499	0.00525	0.00169	0.00772	0.00444	0.00246	0.00777
22	0.29814	0.06353	0.32542	0.01125	0.01655	0.01305	0.01222	0.10852	0.04993	0.04182	0.00994	0.01093	0.00729	0.00526	0.00439	0.00162	0.00591	0.00374	0.00323	0.00725
23	0.01536	0.01718	0.01571	0.01399	0.03590	0.32647	0.05898	0.02046	0.21067	0.01565	0.01156	0.01310	0.00940	0.00675	0.00814	0.00174	0.20427	0.00460	0.00331	0.00675
24	0.00684	0.00541	0.00623	0.00647	0.00793	0.00480	0.00499	0.00851	0.01237	0.01561	0.16772	0.12387	0.46503	0.01346	0.00646	0.00190	0.00304	0.12971	0.00505	0.00460
25	0.43661	0.01126	0.01321	0.08102	0.09096	0.01241	0.07105	0.13657	0.01256	0.05286	0.01004	0.03228	0.00788	0.00549	0.00439	0.00166	0.00523	0.00421	0.00357	0.00673
26	0.10735	0.01596	0.03974	0.01753	0.11234	0.16908	0.24679	0.12556	0.06901	0.01959	0.01072	0.01260	0.00825	0.00528	0.00541	0.00163	0.01777	0.00480	0.00330	0.00728
27	0.01230	0.01327	0.08434	0.08181	0.58891	0.01211	0.05550	0.01568	0.01179	0.01676	0.01086	0.05264	0.00944	0.00535	0.00535	0.00163	0.00644	0.00524	0.00268	0.00789
28	0.01034	0.00823	0.03224	0.00852	0.02468	0.00680	0.00651	0.06847	0.01206	0.06182	0.02143	0.31625	0.08242	0.00985	0.00542	0.00153	0.00383	0.00858	0.00428	0.30672
29	0.85155	0.01022	0.00777	0.00695	0.01022	0.01186	0.00573	0.01554	0.00900	0.02372	0.00736	0.00859	0.00573	0.00491	0.00327	0.00164	0.00409	0.00286	0.00327	0.00573
30	0.00842	0.00570	0.00686	0.00639	0.00809	0.00503	0.00485	0.01043	0.01385	0.08516	0.43116	0.04203	0.32952	0.01144	0.00616	0.00171	0.00274	0.00981	0.00553	0.00513
31	0.00673	0.00513	0.00641	0.02895	0.00838	0.00471	0.00495	0.00821	0.01181	0.01553	0.21173	0.39588	0.24427	0.01401	0.00645	0.00192	0.00294	0.01238	0.00505	0.00455
32	0.08420	0.02623	0.01786	0.01954	0.27278	0.22146	0.09353	0.05660	0.06695	0.02961	0.05258	0.01380	0.01060	0.00551	0.00510	0.00156	0.00684	0.00472	0.00327	0.00725
33	0.01020	0.00616	0.00736	0.00667	0.00867	0.00552	0.00514	0.01256	0.03604	0.15268	0.30876	0.03805	0.30762	0.01060	0.00589	0.00168	0.00296	0.00900	0.05885	0.00560
34	0.01264	0.01224	0.01742	0.42041	0.24981	0.08244	0.01427	0.07686	0.01251	0.01617	0.00965	0.01321	0.00757	0.00532	0.00554	0.00167	0.02809	0.00459	0.00270	0.00688
35	0.00748	0.00540	0.00707	0.00665	0.00790	0.00499	0.00499	0.00998	0.01496	0.02120	0.77844	0.03949	0.04988	0.01081	0.00624	0.00166	0.00249	0.00956	0.00582	0.00499
36	0.00891	0.00970	0.10084	0.00993	0.01260	0.02914	0.09887	0.01166	0.01264	0.03245	0.24420	0.05789	0.19681	0.01261	0.07145	0.00235	0.00536	0.07268	0.00439	0.00552
37	0.00644	0.00460	0.00613	0.00736	0.00767	0.00429	0.00491	0.00736	0.01012	0.01350	0.02914	0.81076	0.03497	0.01656	0.00675	0.00215	0.00307	0.01503	0.00491	0.00429
38	0.01383	0.14474	0.44632	0.01375	0.02009	0.01305	0.08362	0.03826	0.01227	0.14871	0.01131	0.01225	0.00799	0.00519	0.00494	0.00159	0.00696	0.00422	0.00310	0.00783
39	0.01079	0.07021	0.74564	0.01474	0.02238	0.01275	0.01896	0.01669	0.01114	0.01651	0.00937	0.01102	0.00670	0.00500	0.00493	0.00164	0.00770	0.00385	0.00223	0.00776
40	0.03911	0.01625	0.01822	0.08822	0.24202	0.26079	0.07843	0.05607	0.01322	0.04887	0.00965	0.01207	0.00776	0.00556	0.00625	0.00161	0.08149	0.00440	0.00293	0.00708
41	0.01913	0.01013	0.07925	0.07520	0.01532	0.00820	0.00891	0.03569	0.01394	0.52874	0.01907	0.07291	0.01352	0.00698	0.00527	0.00165	0.00477	0.00579	0.06751	0.00800
42	0.65234	0.00993	0.00885	0.00754	0.01101	0.01088	0.00622	0.01800	0.01047	0.20689	0.01061	0.01085	0.00750	0.00530	0.00376	0.00164	0.00419	0.00345	0.00406	0.00651
43	0.00883	0.00771	0.01060	0.00976	0.01111	0.06240	0.06925	0.01073	0.00921	0.01253	0.01367	0.02064	0.01286	0.10192	0.60557	0.00714	0.01261	0.00573	0.00284	0.00489
44	0.00714	0.00523	0.00573	0.00569	0.00646	0.00487	0.00366	0.00785	0.00992	0.01268	0.09616	0.04100	0.30117	0.45032	0.01752	0.00360	0.00400	0.00913	0.00406	0.00382
45	0.01319	0.47214	0.28651	0.01139	0.01691	0.04035	0.01267	0.03421	0.04198	0.01480	0.00880	0.00998	0.00718	0.00487	0.00412	0.00136	0.00645	0.00339	0.00246	0.00723
46	0.00755	0.00566	0.00850	0.00850	0.00944	0.00661	0.00661	0.00944	0.00850	0.01227	0.01416	0.02077	0.01322	0.03965	0.79326	0.00850	0.01416	0.00566	0.00283	0.00472
47	0.01442	0.66175	0.06327	0.00985	0.01420	0.11222	0.00959	0.01628	0.01125	0.01274	0.00814	0.03031	0.00754	0.00498	0.00373	0.00121	0.00615	0.00328	0.00239	0.00669
48	0.01264	0.01026	0.01242	0.01046	0.07678	0.00866	0.00760	0.09323	0.03039	0.04884	0.01052	0.01180	0.00839	0.00441	0.00426	0.00099	0.00434	0.00359	0.00350	0.63692
49	0.04659	0.01419	0.10668	0.10703	0.01845	0.03430	0.03226	0.20268	0.24801	0.02180	0.01393	0.02691	0.01067	0.00663	0.00644	0.00176	0.08485	0.00510	0.00408	0.00764
50	0.00859	0.00828	0.02802	0.03266	0.01471	0.00762	0.23059	0.01094	0.01154	0.01550	0.10894	0.37067	0.09390	0.01141	0.00659	0.00194	0.01776	0.01081	0.00419	0.00536
51	0.01154	0.00986	0.01049	0.00970	0.01233	0.01103	0.00759	0.02305	0.57536	0.02021	0.02784	0.02845	0.15604	0.00887	0.00568	0.00184	0.00396	0.06352	0.00525	0.00739
52	0.02856	0.47770	0.03429	0.01069	0.01477	0.20124	0.00960	0.13786	0.01400	0.01616	0.00844	0.00945	0.00713	0.00505	0.00404	0.00127	0.00660	0.00329	0.00287	0.00699
53	0.03241	0.00935	0.01109	0.00805	0.01262	0.00727	0.00648	0.01526	0.01155	0.13458	0.01110	0.01198	0.00858	0.00434	0.00411	0.00093	0.00401	0.00346	0.00366	0.69915
54	0.02852	0.01041	0.06538	0.01069	0.03530	0.00894	0.04055	0.04650	0.11245	0.35080	0.05306	0.08356	0.01561	0.00814	0.02793	0.00184	0.00494	0.00613	0.02664	0.06261
55	0.03769	0.07005	0.08980	0.19536	0.13403	0.01282	0.28531	0.01666	0.01187	0.07980	0.01070	0.01352	0.00800	0.00492	0.00541	0.00168	0.00728	0.00506	0.00286	0.00717
56	0.00630	0.00516	0.00556	0.00587	0.00728	0.00442	0.00425	0.00753	0.01155	0.01408	0.04724	0.24736	0.58668	0.01421	0.00638	0.00188	0.00278	0.01216	0.00491	0.00442
57	0.02224	0.01102	0.01273	0.01008	0.01397	0.07735	0.00819	0.07750	0.07858	0.60132	0.01923	0.01703	0.01250	0.00649	0.00527	0.00162	0.00500	0.00517	0.00602	0.00869
58	0.01726	0.01352	0.04416	0.01163	0.01473	0.14070	0.06184	0.16830	0.01487	0.22349	0.01396	0.01688	0.01096	0.12246	0.03012	0.00233	0.07620	0.00518	0.00427	0.00712
59	0.01563	0.33157	0.17092	0.01050	0.01527	0.01454	0.01062	0.07117	0.05071	0.19494	0.03536	0.03456	0.01088	0.00586	0.00457	0.00146	0.00559	0.00444	0.00379	0.00761
60	0.00627	0.00536	0.00539	0.00538	0.00715	0.00447	0.00403	0.00763	0.01210	0.01441	0.06696	0.05067	0.76560	0.01334	0.00625	0.00178	0.00267	0.01113	0.00493	0.00447
61	0.01273	0.54333	0.10026	0.01148	0.07757	0.01694	0.01036	0.01512	0.01131	0.01418	0.06387	0.01578	0.01200	0.00591	0.00425	0.00137	0.00563	0.06839	0.00277	0.00673
62	0.01427	0.47820	0.16691	0.01283	0.07944	0.14034	0.01178	0.01687	0.01160	0.01372	0.00809	0.00953	0.00690	0.00478	0.00407	0.00131	0.00672	0.00328	0.00236	0.00700
63	0.00802	0.00573	0.00795	0.00916	0.01016	0.00565	0.00765	0.01009	0.01168	0.01526	0.02827	0.24039	0.03152	0.01508	0.00717	0.00236	0.00443	0.56983	0.00488	0.00473
64	0.85155	0.01022	0.00777	0.00695	0.01022	0.01186	0.00573	0.01554	0.00900	0.02372	0.00736	0.00859	0.00573	0.00491	0.00327	0.00164	0.00409	0.00286	0.00327	0.00573
65	0.00769	0.00513	0.00577	0.00577	0.00577	0.00513	0.00320	0.00769	0.00769	0.01025	0.01666	0.03460	0.01922	0.81421	0.02691	0.00513	0.00513	0.00769	0.00320	0.00320
66	0.01244	0.21476	0.40448	0.01485	0.08544	0.06969	0.01519	0.01666	0.02515	0.01525	0.00893	0.01076	0.00707	0.00530	0.00566	0.00157	0.07332	0.00378	0.00237	0.00734
67	0.01174	0.00702	0.00723	0.00655	0.00840	0.00742	0.00508	0.13208	0.07637	0.02205	0.01688	0.01860	0.01305	0.00627	0.00409	0.00133	0.00314	0.00499	0.64184	0.00585
68	0.01512	0.01309	0.02808	0.01086	0.01412	0.09998	0.00881	0.29235	0.12572	0.03266	0.04554	0.01556	0.01199	0.01156	0.12963	0.00261	0.02550	0.00492	0.00428	0.10763
69	0.00813	0.00628	0.00874	0.00850	0.00984	0.00690	0.00656	0.01089	0.06257	0.01348	0.01559	0.08882	0.01487	0.03238	0.60366	0.00683	0.01164	0.00629	0.00322	0.07479
70	0.01357	0.11642	0.05345	0.03467	0.05109	0.05311	0.07160	0.13764	0.19528	0.01972	0.01648	0.01689	0.07708	0.00624	0.00501	0.00150	0.00549	0.00516	0.00391	0.11568
71	0.08981	0.27020	0.20492	0.01077	0.01575	0.01369	0.04452	0.01655	0.05214	0.05932	0.01078	0.04527	0.00894	0.00536	0.00434	0.00139	0.00566	0.00412	0.00302	0.13342

[dist]
# distance from previous block
# <min> <max>
0	37

[block]
# block no. 1 follows, 46 sequences, length 61
# corresponding to MSA columns:
# 254-314
name=unknown_B
#
# <colnr> <probs for GDERKNQSTAVLIFYWHMCP>
#	G	D	E	R	K	N	Q	S	T	A	V	L	I	F	Y	W	H	M	C	P
0	0.05028	0.03081	0.01548	0.15839	0.10909	0.01018	0.09336	0.06023	0.01323	0.23835	0.01917	0.03276	0.11248	0.00675	0.00538	0.00166	0.00548	0.00592	0.00423	0.02675
1	0.01297	0.03119	0.18368	0.01358	0.10221	0.01181	0.01127	0.17771	0.16758	0.02038	0.04373	0.06263	0.01298	0.00833	0.00731	0.11051	0.00552	0.00555	0.00388	0.00719
2	0.01459	0.00871	0.01019	0.00882	0.01154	0.00891	0.00692	0.06969	0.24494	0.22983	0.12537	0.07570	0.06002	0.00828	0.00544	0.00168	0.00382	0.00697	0.09130	0.00730
3	0.01362	0.05598	0.01712	0.20278	0.02150	0.16919	0.12876	0.02824	0.17471	0.04134	0.03101	0.05154	0.01159	0.00634	0.00559	0.00168	0.02331	0.00547	0.00349	0.00675
4	0.00650	0.00531	0.00574	0.00576	0.00733	0.00455	0.00427	0.00803	0.01246	0.01555	0.19073	0.10708	0.58203	0.01314	0.00628	0.00179	0.00267	0.01115	0.00508	0.00455
5	0.01255	0.02907	0.03988	0.38708	0.02468	0.09041	0.01184	0.13180	0.05148	0.01675	0.01109	0.01522	0.00899	0.06156	0.05939	0.00237	0.03162	0.00484	0.00308	0.00634
6	0.00679	0.00538	0.00611	0.00593	0.00747	0.00469	0.00444	0.00864	0.01333	0.01733	0.37286	0.04586	0.45788	0.01225	0.00624	0.00173	0.00260	0.01045	0.00531	0.00469
7	0.00990	0.01400	0.20584	0.01049	0.01347	0.11217	0.02560	0.01263	0.01210	0.01580	0.16226	0.18876	0.12216	0.00994	0.00658	0.00179	0.05861	0.00827	0.00389	0.00574
8	0.85155	0.01022	0.00777	0.00695	0.01022	0.01186	0.00573	0.01554	0.00900	0.02372	0.00736	0.00859	0.00573	0.00491	0.00327	0.00164	0.00409	0.00286	0.00327	0.00573
9	0.00852	0.00608	0.00852	0.00974	0.01095	0.00608	0.00852	0.01095	0.01217	0.01582	0.02799	0.05963	0.03042	0.01460	0.00730	0.00243	0.00487	0.74565	0.00487	0.00487
10	0.01323	0.01143	0.01331	0.10594	0.06748	0.01316	0.00975	0.07469	0.58132	0.02152	0.01873	0.01815	0.01407	0.00673	0.00535	0.00176	0.00477	0.00566	0.00483	0.00811
11	0.00985	0.00493	0.00493	0.00493	0.00616	0.00493	0.00370	0.01232	0.01109	0.01971	0.01725	0.01971	0.01355	0.00616	0.00370	0.00123	0.00246	0.00493	0.84356	0.00493
12	0.01392	0.01608	0.02686	0.02202	0.12596	0.15916	0.52193	0.01762	0.01289	0.01623	0.01012	0.01322	0.00784	0.00468	0.00583	0.00168	0.00868	0.00550	0.00268	0.00711
13	0.01958	0.01604	0.01612	0.01371	0.06725	0.11947	0.01048	0.61511	0.02269	0.02954	0.01191	0.01230	0.00866	0.00612	0.00522	0.00156	0.00634	0.00458	0.00477	0.00857
14	0.00985	0.00493	0.00493	0.00493	0.00616	0.00493	0.00370	0.01232	0.01109	0.01971	0.01725	0.01971	0.01355	0.00616	0.00370	0.00123	0.00246	0.00493	0.84356	0.00493
15	0.00748	0.00540	0.00707	0.00665	0.00790	0.00499	0.00499	0.00998	0.01496	0.02120	0.77844	0.03949	0.04988	0.01081	0.00624	0.00166	0.00249	0.00956	0.00582	0.00499
16	0.01323	0.01435	0.01634	0.47365	0.08761	0.23402	0.02767	0.02647	0.01212	0.01396	0.00911	0.01264	0.00713	0.00538	0.00543	0.00164	0.02615	0.00436	0.00252	0.00621
17	0.01931	0.02436	0.01541	0.01487	0.06704	0.74126	0.01061	0.02079	0.01479	0.01323	0.00829	0.00977	0.00691	0.00540	0.00480	0.00138	0.00932	0.00349	0.00272	0.00628
18	0.00625	0.00536	0.00536	0.00536	0.00714	0.00446	0.00402	0.00759	0.01205	0.01428	0.05355	0.05088	0.77909	0.01339	0.00625	0.00179	0.00268	0.01116	0.00491	0.00446
19	0.01077	0.02631	0.73190	0.01612	0.06235	0.01231	0.03427	0.01672	0.01123	0.01677	0.00954	0.01132	0.00681	0.00500	0.00506	0.00167	0.00776	0.00400	0.00226	0.00783
20	0.58288	0.01170	0.01039	0.00864	0.01222	0.01332	0.00712	0.25726	0.01412	0.02682	0.00908	0.00991	0.00678	0.00537	0.00392	0.00162	0.00465	0.00348	0.00392	0.00678
21	0.01672	0.01883	0.01579	0.03191	0.13248	0.41252	0.01112	0.06936	0.11415	0.01615	0.01038	0.01196	0.00844	0.00607	0.00645	0.00159	0.10180	0.00420	0.00317	0.00691
22	0.00671	0.00547	0.00602	0.00628	0.00790	0.00478	0.00492	0.00827	0.01208	0.01472	0.06595	0.07832	0.59416	0.01366	0.00646	0.00192	0.00310	0.14979	0.00492	0.00455
23	0.40176	0.01176	0.01349	0.04591	0.21882	0.01298	0.00983	0.16355	0.03917	0.02343	0.00967	0.01120	0.00749	0.00523	0.00434	0.00162	0.00513	0.00391	0.00353	0.00717
24	0.12469	0.13024	0.09102	0.00990	0.01356	0.02846	0.00888	0.10078	0.26697	0.02023	0.01954	0.01984	0.11348	0.00714	0.00491	0.00165	0.00485	0.02250	0.00419	0.00715
25	0.01165	0.01097	0.01863	0.20033	0.43720	0.01146	0.06834	0.01517	0.03765	0.01636	0.01263	0.06762	0.02432	0.00591	0.00538	0.00167	0.00614	0.00567	0.03564	0.00724
26	0.01379	0.01087	0.04632	0.01108	0.08427	0.00881	0.00834	0.06624	0.05007	0.13486	0.01200	0.01278	0.00911	0.00476	0.00446	0.00113	0.00453	0.00389	0.00382	0.50886
27	0.85155	0.01022	0.00777	0.00695	0.01022	0.01186	0.00573	0.01554	0.00900	0.02372	0.00736	0.00859	0.00573	0.00491	0.00327	0.00164	0.00409	0.00286	0.00327	0.00573
28	0.00684	0.00535	0.00619	0.00604	0.00752	0.00470	0.00451	0.00871	0.01336	0.01752	0.39476	0.07158	0.40947	0.01228	0.00626	0.00174	0.00260	0.01054	0.00534	0.00470
29	0.01021	0.01048	0.06629	0.04151	0.09279	0.00982	0.15248	0.03020	0.02727	0.03041	0.10904	0.13857	0.11893	0.02601	0.00791	0.00192	0.10834	0.00797	0.00377	0.00609
30	0.01542	0.01400	0.06972	0.04869	0.19313	0.01418	0.08287	0.28951	0.03386	0.05072	0.01136	0.01344	0.00874	0.01880	0.00726	0.00177	0.10994	0.00491	0.00374	0.00795
31	0.00625	0.00536	0.00536	0.00536	0.00714	0.00446	0.00402	0.00759	0.01205	0.01428	0.05355	0.05088	0.77909	0.01339	0.00625	0.00179	0.00268	0.01116	0.00491	0.00446
32	0.01248	0.01488	0.16036	0.18301	0.16332	0.04506	0.08718	0.08386	0.10317	0.01842	0.04959	0.01511	0.01083	0.00567	0.00532	0.00167	0.00656	0.00505	0.02111	0.00734
33	0.00748	0.00540	0.00707	0.00665	0.00790	0.00499	0.00499	0.00998	0.01496	0.02120	0.77844	0.03949	0.04988	0.01081	0.00624	0.00166	0.00249	0.00956	0.00582	0.00499
34	0.01268	0.13414	0.08310	0.01341	0.01712	0.07839	0.21019	0.11230	0.02948	0.01739	0.01495	0.20410	0.01452	0.00785	0.00551	0.00169	0.00633	0.00718	0.02308	0.00659
35	0.00644	0.00460	0.00613	0.00736	0.00767	0.00429	0.00491	0.00736	0.01012	0.01350	0.02914	0.81076	0.03497	0.01656	0.00675	0.00215	0.00307	0.01503	0.00491	0.00429
36	0.01634	0.28542	0.25640	0.01115	0.01651	0.02919	0.01191	0.03034	0.01258	0.26344	0.01246	0.01246	0.00882	0.00537	0.00457	0.00147	0.00603	0.00400	0.00369	0.00784
37	0.04406	0.19580	0.26114	0.01356	0.05753	0.07869	0.05959	0.06822	0.01301	0.14429	0.01103	0.01187	0.00808	0.00523	0.00473	0.00152	0.00666	0.00407	0.00328	0.00764
38	0.01266	0.01220	0.02104	0.13361	0.65830	0.01248	0.04040	0.01589	0.01186	0.01676	0.00990	0.01326	0.00819	0.00478	0.00527	0.00160	0.00647	0.00476	0.00258	0.00800
39	0.01391	0.01249	0.01223	0.04317	0.04005	0.20026	0.04284	0.13284	0.01439	0.06654	0.04268	0.25236	0.01807	0.00914	0.00554	0.00169	0.00565	0.00777	0.07217	0.00619
40	0.18990	0.00924	0.01137	0.00891	0.01284	0.00859	0.00736	0.02371	0.01390	0.63209	0.01815	0.01611	0.01161	0.00621	0.00491	0.00164	0.00442	0.00482	0.00589	0.00834
41	0.01043	0.03638	0.02745	0.23395	0.01835	0.07491	0.00921	0.01555	0.18197	0.01596	0.06471	0.14885	0.12322	0.00894	0.00562	0.00177	0.00508	0.00763	0.00402	0.00602
42	0.00958	0.00588	0.00767	0.00695	0.00860	0.00533	0.00531	0.01196	0.01484	0.12262	0.63983	0.03722	0.08284	0.01037	0.00611	0.00167	0.00277	0.00908	0.00587	0.00550
43	0.01177	0.01911	0.34963	0.04569	0.17105	0.01267	0.21315	0.01753	0.07505	0.01724	0.01089	0.01316	0.00817	0.00500	0.00542	0.00170	0.00748	0.00487	0.00269	0.00773
44	0.00748	0.00567	0.00813	0.00817	0.00905	0.00643	0.00623	0.00915	0.00879	0.01238	0.01777	0.07613	0.06582	0.08074	0.62752	0.00730	0.02878	0.00675	0.00312	0.00461
45	0.01451	0.76449	0.02685	0.00935	0.01375	0.07247	0.00912	0.01618	0.01102	0.01247	0.00740	0.00855	0.00679	0.00458	0.00348	0.00115	0.00591	0.00287	0.00229	0.00674
46	0.09654	0.01162	0.06406	0.09925	0.06735	0.01049	0.00946	0.11459	0.07356	0.08677	0.02941	0.01343	0.00974	0.00526	0.00464	0.00137	0.00499	0.00421	0.00378	0.28950
47	0.08993	0.03249	0.04262	0.13808	0.07941	0.06361	0.10507	0.08552	0.07889	0.16845	0.01516	0.01603	0.04935	0.00601	0.00520	0.00166	0.00603	0.00514	0.00399	0.00735
48	0.01096	0.01017	0.03177	0.03187	0.05895	0.00938	0.32325	0.01417	0.02437	0.06768	0.15043	0.12601	0.05776	0.04986	0.00721	0.00196	0.00596	0.00807	0.00393	0.00624
49	0.00893	0.00708	0.00819	0.00812	0.00950	0.00762	0.00597	0.01410	0.23172	0.01602	0.02662	0.25407	0.13452	0.08213	0.08885	0.00285	0.03064	0.00938	0.04815	0.00554
50	0.01559	0.09456	0.02698	0.01136	0.01479	0.12723	0.00922	0.17723	0.42075	0.02205	0.01617	0.01555	0.01224	0.00646	0.00507	0.00162	0.00550	0.00501	0.00462	0.00801
51	0.03090	0.05091	0.01193	0.00842	0.01257	0.00793	0.00685	0.01759	0.01237	0.29441	0.01470	0.06634	0.01144	0.00575	0.00457	0.00122	0.00416	0.00469	0.00444	0.42882
52	0.01541	0.08671	0.24197	0.02982	0.03759	0.08219	0.06224	0.06891	0.07720	0.18204	0.01331	0.01461	0.00982	0.04759	0.00620	0.00178	0.00651	0.00469	0.00376	0.00764
53	0.01304	0.10802	0.22138	0.01695	0.06116	0.04959	0.28626	0.06085	0.01272	0.04725	0.01160	0.06571	0.00956	0.00567	0.00542	0.00166	0.00740	0.00550	0.00297	0.00728
54	0.00633	0.00523	0.00556	0.00575	0.00726	0.00446	0.00421	0.00765	0.01185	0.01444	0.08022	0.17983	0.62133	0.01382	0.00633	0.00184	0.00274	0.01175	0.00495	0.00446
55	0.01966	0.00816	0.01099	0.00884	0.01219	0.00719	0.00713	0.02197	0.03065	0.59101	0.14716	0.07414	0.02071	0.00793	0.00557	0.00168	0.00406	0.00668	0.00629	0.00801
56	0.01249	0.07229	0.58628	0.01384	0.02065	0.01283	0.01674	0.06755	0.06309	0.06902	0.01113	0.01213	0.00791	0.00532	0.00498	0.00164	0.00709	0.00413	0.00293	0.00794
57	0.01110	0.00834	0.01454	0.01241	0.01495	0.00784	0.21096	0.01369	0.01228	0.11821	0.03881	0.19762	0.04206	0.01109	0.00659	0.00206	0.00543	0.26158	0.00453	0.00590
58	0.00625	0.00536	0.00536	0.00536	0.00714	0.00446	0.00402	0.00759	0.01205	0.01428	0.05355	0.05088	0.77909	0.01339	0.00625	0.00179	0.00268	0.01116	0.00491	0.00446
59	0.01403	0.61391	0.02309	0.00874	0.01286	0.01762	0.00834	0.05422	0.01194	0.06514	0.01467	0.01497	0.11008	0.00593	0.00400	0.00128	0.00519	0.00420	0.00306	0.00674
60	0.01416	0.65872	0.07778	0.01063	0.01531	0.07119	0.05973	0.01632	0.01117	0.01306	0.00777	0.00911	0.00686	0.00461	0.00378	0.00123	0.00627	0.00316	0.00232	0.00683

[dist]
# distance from previous block
# <min> <max>
0	3

[block]
# block no. 2 follows, 46 sequences, length 14
# corresponding to MSA columns:
# 318-331
name=unknown_C
#
# <colnr> <probs for GDERKNQSTAVLIFYWHMCP>
#	G	D	E	R	K	N	Q	S	T	A	V	L	I	F	Y	W	H	M	C	P
0	0.00931	0.00764	0.00885	0.00984	0.01110	0.07615	0.00830	0.01149	0.01221	0.01533	0.02634	0.13150	0.02878	0.01399	0.00702	0.00231	0.00510	0.60514	0.00468	0.00492
1	0.77670	0.01043	0.00899	0.00923	0.07905	0.01192	0.00666	0.01560	0.00927	0.02314	0.00759	0.00899	0.00596	0.00489	0.00345	0.00163	0.00429	0.00303	0.00321	0.00596
2	0.00769	0.00513	0.00577	0.00577	0.00577	0.00513	0.00320	0.00769	0.00769	0.01025	0.01666	0.03460	0.01922	0.81421	0.02691	0.00513	0.00513	0.00769	0.00320	0.00320
3	0.01126	0.05965	0.54932	0.01767	0.16639	0.01255	0.01751	0.01689	0.04411	0.01701	0.03272	0.01261	0.00870	0.00520	0.00504	0.00163	0.00711	0.00427	0.00255	0.00781
4	0.02372	0.00900	0.01227	0.00941	0.01350	0.00777	0.00777	0.02576	0.01513	0.78489	0.02086	0.01799	0.01309	0.00654	0.00532	0.00164	0.00450	0.00532	0.00654	0.00900
5	0.01731	0.01402	0.01661	0.13696	0.09936	0.04845	0.02903	0.48900	0.05195	0.02684	0.01202	0.01315	0.00881	0.00596	0.00529	0.00162	0.00622	0.00477	0.00439	0.00825
6	0.00953	0.04975	0.00860	0.00718	0.00880	0.00605	0.00549	0.01165	0.01390	0.10832	0.50801	0.15967	0.06074	0.01097	0.00606	0.00171	0.00300	0.00962	0.00554	0.00543
7	0.01544	0.08218	0.02800	0.01133	0.03350	0.04681	0.09998	0.05791	0.02609	0.25923	0.04977	0.10666	0.04819	0.00841	0.00647	0.04584	0.01837	0.02406	0.02486	0.00691
8	0.04014	0.13088	0.12740	0.01094	0.01547	0.03053	0.05940	0.06212	0.15022	0.06157	0.05090	0.01426	0.01142	0.00550	0.00469	0.00139	0.00532	0.00446	0.00370	0.20969
9	0.16296	0.04159	0.06284	0.01156	0.07730	0.01106	0.04720	0.13858	0.06000	0.08893	0.01781	0.01899	0.11457	0.05037	0.00609	0.00176	0.00499	0.00539	0.00404	0.07395
10	0.03124	0.18974	0.07335	0.04454	0.05203	0.04725	0.07012	0.05022	0.13914	0.09616	0.09521	0.03564	0.02749	0.00654	0.00522	0.00158	0.01804	0.00540	0.00393	0.00715
11	0.03384	0.14511	0.08797	0.01286	0.01715	0.12342	0.12232	0.15132	0.08098	0.07729	0.01152	0.01254	0.00874	0.00571	0.00541	0.01741	0.02049	0.00441	0.00360	0.05790
12	0.08469	0.08204	0.11447	0.01185	0.02943	0.17938	0.04787	0.11155	0.06225	0.03770	0.09339	0.01451	0.01256	0.00588	0.00484	0.00147	0.00619	0.00456	0.00362	0.09175
13	0.13277	0.01289	0.06799	0.04755	0.03305	0.03103	0.10991	0.19243	0.11828	0.05100	0.01682	0.03302	0.08458	0.00661	0.00518	0.00166	0.00557	0.00555	0.00412	0.04001

[dist]
# distance from previous block
# <min> <max>
10	43

[block]
# block no. 3 follows, 46 sequences, length 109
# corresponding to MSA columns:
# 380-488
name=unknown_D
#
# <colnr> <probs for GDERKNQSTAVLIFYWHMCP>
#	G	D	E	R	K	N	Q	S	T	A	V	L	I	F	Y	W	H	M	C	P
0	0.15688	0.05091	0.03199	0.01252	0.13123	0.02930	0.00869	0.01566	0.11934	0.03400	0.22415	0.03785	0.03638	0.00768	0.00626	0.00170	0.07878	0.00611	0.00412	0.00644
1	0.01626	0.03177	0.03140	0.01471	0.15762	0.04995	0.05260	0.08335	0.09843	0.25158	0.04567	0.05472	0.04864	0.00728	0.00587	0.02655	0.00530	0.00594	0.00466	0.00771
2	0.03226	0.02622	0.06919	0.01247	0.11696	0.05233	0.06269	0.01366	0.03038	0.09001	0.07315	0.11729	0.24877	0.00953	0.00577	0.00174	0.00476	0.02242	0.00424	0.00616
3	0.06768	0.08884	0.12257	0.00929	0.01361	0.02645	0.00863	0.03225	0.05072	0.10161	0.12166	0.01592	0.01448	0.00572	0.00459	0.00130	0.00468	0.00454	0.00384	0.30160
4	0.07101	0.08840	0.08869	0.01156	0.07870	0.01089	0.04710	0.15520	0.01470	0.03541	0.16907	0.02479	0.16725	0.00796	0.00536	0.00162	0.00478	0.00663	0.00425	0.00662
5	0.05091	0.09872	0.36256	0.01167	0.01660	0.06334	0.01278	0.08200	0.01283	0.01826	0.09088	0.06963	0.01408	0.00674	0.00499	0.00161	0.00613	0.01876	0.05064	0.00686
6	0.07763	0.20219	0.03931	0.03588	0.09559	0.06479	0.25453	0.03121	0.01228	0.06242	0.02829	0.01455	0.04765	0.00538	0.00502	0.00155	0.00671	0.00499	0.00306	0.00695
7	0.04401	0.10572	0.36810	0.01429	0.06935	0.05223	0.04622	0.05262	0.04244	0.12170	0.01136	0.01229	0.00821	0.00527	0.00488	0.00157	0.00671	0.00418	0.00321	0.02564
8	0.01297	0.04681	0.01516	0.01190	0.01465	0.04879	0.17614	0.08893	0.01315	0.13720	0.01960	0.31218	0.01962	0.03415	0.00663	0.00194	0.00542	0.02403	0.00442	0.00632
9	0.00658	0.00480	0.00621	0.00723	0.00777	0.00448	0.00498	0.00763	0.01034	0.01359	0.03123	0.64536	0.12067	0.03661	0.02756	0.00236	0.00345	0.05001	0.00481	0.00433
10	0.01364	0.01168	0.01582	0.24149	0.09927	0.01321	0.05374	0.18287	0.25093	0.02125	0.01421	0.01558	0.01065	0.00602	0.00533	0.00170	0.00580	0.00520	0.02397	0.00763
11	0.01217	0.01162	0.01980	0.26037	0.56049	0.01232	0.01577	0.01542	0.01160	0.01616	0.00978	0.01338	0.00798	0.00488	0.00525	0.00163	0.00651	0.00471	0.00254	0.00763
12	0.10945	0.00593	0.00596	0.00559	0.00733	0.00601	0.00432	0.01397	0.01123	0.09280	0.01643	0.01825	0.01259	0.00605	0.00380	0.00132	0.00285	0.00472	0.66601	0.00541
13	0.00793	0.00561	0.00675	0.00659	0.00670	0.00602	0.00412	0.00821	0.00780	0.01063	0.01575	0.03159	0.01776	0.67808	0.10825	0.00530	0.05901	0.00727	0.00310	0.00354
14	0.00664	0.00469	0.00607	0.00710	0.00736	0.00443	0.00463	0.00741	0.00973	0.01297	0.02711	0.68457	0.03241	0.14625	0.01003	0.00263	0.00340	0.01384	0.00463	0.00412
15	0.01157	0.01164	0.01694	0.03752	0.01524	0.01592	0.04961	0.01296	0.00839	0.01296	0.00720	0.01178	0.00700	0.00889	0.01643	0.00227	0.74079	0.00471	0.00233	0.00585
16	0.00678	0.00538	0.00610	0.00592	0.00747	0.00469	0.00444	0.00862	0.01331	0.01728	0.36814	0.04594	0.46262	0.01227	0.00624	0.00173	0.00260	0.01046	0.00530	0.00469
17	0.01116	0.01264	0.06637	0.39953	0.03162	0.01252	0.35795	0.01526	0.01148	0.01526	0.01000	0.01401	0.00747	0.00489	0.00571	0.00177	0.00795	0.00536	0.00249	0.00656
18	0.85155	0.01022	0.00777	0.00695	0.01022	0.01186	0.00573	0.01554	0.00900	0.02372	0.00736	0.00859	0.00573	0.00491	0.00327	0.00164	0.00409	0.00286	0.00327	0.00573
19	0.00852	0.00608	0.00852	0.00974	0.01095	0.00608	0.00852	0.01095	0.01217	0.01582	0.02799	0.05963	0.03042	0.01460	0.00730	0.00243	0.00487	0.74565	0.00487	0.00487
20	0.01315	0.01136	0.01195	0.01076	0.01375	0.01315	0.00837	0.02809	0.77168	0.02211	0.02152	0.01972	0.01614	0.00717	0.00538	0.00179	0.00418	0.00598	0.00538	0.00837
21	0.00985	0.00493	0.00493	0.00493	0.00616	0.00493	0.00370	0.01232	0.01109	0.01971	0.01725	0.01971	0.01355	0.00616	0.00370	0.00123	0.00246	0.00493	0.84356	0.00493
22	0.07040	0.00907	0.01201	0.00927	0.01331	0.00800	0.00765	0.02519	0.01479	0.74197	0.02010	0.01746	0.01267	0.00645	0.00520	0.00164	0.00448	0.00518	0.00636	0.00881
23	0.02010	0.01481	0.01587	0.01216	0.01639	0.01639	0.01005	0.76360	0.02486	0.03332	0.01269	0.01269	0.00899	0.00635	0.00529	0.00159	0.00582	0.00476	0.00529	0.00899
24	0.00985	0.00493	0.00493	0.00493	0.00616	0.00493	0.00370	0.01232	0.01109	0.01971	0.01725	0.01971	0.01355	0.00616	0.00370	0.00123	0.00246	0.00493	0.84356	0.00493
25	0.00748	0.00540	0.00707	0.00665	0.00790	0.00499	0.00499	0.00998	0.01496	0.02120	0.77844	0.03949	0.04988	0.01081	0.00624	0.00166	0.00249	0.00956	0.00582	0.00499
26	0.02176	0.01144	0.01373	0.01061	0.01469	0.01146	0.00878	0.34494	0.01927	0.43950	0.01751	0.01677	0.01176	0.00667	0.00536	0.00164	0.00508	0.02422	0.00596	0.00889
27	0.02201	0.00938	0.01222	0.00962	0.01354	0.00864	0.00787	0.02614	0.13750	0.66152	0.02096	0.01827	0.01358	0.00664	0.00533	0.00166	0.00445	0.00542	0.00635	0.00890
28	0.00625	0.00536	0.00536	0.00536	0.00714	0.00446	0.00402	0.00759	0.01205	0.01428	0.05355	0.05088	0.77909	0.01339	0.00625	0.00179	0.00268	0.01116	0.00491	0.00446
29	0.01060	0.02735	0.78682	0.01507	0.02288	0.01228	0.01953	0.01674	0.01116	0.01674	0.00949	0.01116	0.00670	0.00502	0.00502	0.00167	0.00781	0.00391	0.00223	0.00781
30	0.01308	0.01256	0.02146	0.03245	0.78123	0.01256	0.01622	0.01622	0.01204	0.01727	0.00994	0.01308	0.00837	0.00471	0.00523	0.00157	0.00628	0.00471	0.00262	0.00837
31	0.01157	0.01157	0.01619	0.01388	0.01388	0.01619	0.01157	0.01272	0.00810	0.01272	0.00694	0.01157	0.00694	0.00925	0.01735	0.00231	0.80453	0.00463	0.00231	0.00578
32	0.00985	0.00493	0.00493	0.00493	0.00616	0.00493	0.00370	0.01232	0.01109	0.01971	0.01725	0.01971	0.01355	0.00616	0.00370	0.00123	0.00246	0.00493	0.84356	0.00493
33	0.01112	0.01044	0.01761	0.44217	0.33198	0.01170	0.01489	0.01442	0.01126	0.01516	0.01085	0.01671	0.00912	0.00567	0.00540	0.00173	0.00660	0.05375	0.00262	0.00680
34	0.01291	0.01238	0.02114	0.07582	0.73923	0.01251	0.01614	0.01607	0.01195	0.01706	0.00991	0.01314	0.00830	0.00474	0.00524	0.00158	0.00632	0.00471	0.00260	0.00823
35	0.00627	0.00526	0.00545	0.00560	0.00721	0.00444	0.00413	0.00756	0.01181	0.01418	0.05056	0.14403	0.68787	0.01378	0.00631	0.00183	0.00273	0.01163	0.00491	0.00444
36	0.00809	0.00639	0.00961	0.01024	0.06062	0.00735	0.00736	0.01001	0.00911	0.01314	0.05281	0.05689	0.01539	0.03311	0.62150	0.00705	0.05711	0.00617	0.00303	0.00502
37	0.85155	0.01022	0.00777	0.00695	0.01022	0.01186	0.00573	0.01554	0.00900	0.02372	0.00736	0.00859	0.00573	0.00491	0.00327	0.00164	0.00409	0.00286	0.00327	0.00573
38	0.00698	0.00509	0.00657	0.00682	0.00775	0.00468	0.00488	0.00877	0.01284	0.01764	0.42843	0.34081	0.10257	0.01326	0.00644	0.00186	0.00273	0.01182	0.00539	0.00468
39	0.01256	0.46572	0.36561	0.01173	0.01771	0.01707	0.01371	0.01624	0.01093	0.01435	0.00830	0.00967	0.00675	0.00475	0.00412	0.00137	0.00661	0.00331	0.00225	0.00724
40	0.01927	0.01440	0.01540	0.01200	0.01608	0.01601	0.00985	0.67588	0.11393	0.03198	0.01374	0.01353	0.00984	0.00644	0.00530	0.00161	0.00562	0.00490	0.00530	0.00892
41	0.00652	0.00537	0.00574	0.00565	0.00731	0.00458	0.00423	0.00812	0.01270	0.01583	0.21580	0.04833	0.61588	0.01281	0.00625	0.00176	0.00264	0.01080	0.00511	0.00458
42	0.00644	0.00460	0.00613	0.00736	0.00767	0.00429	0.00491	0.00736	0.01012	0.01350	0.02914	0.81076	0.03497	0.01656	0.00675	0.00215	0.00307	0.01503	0.00491	0.00429
43	0.00692	0.00538	0.00628	0.00606	0.00755	0.00475	0.00454	0.00888	0.01363	0.01802	0.44575	0.04472	0.38455	0.01199	0.00624	0.00172	0.00258	0.01029	0.00540	0.00475
44	0.02313	0.00994	0.01285	0.00985	0.01397	0.00917	0.00814	0.14572	0.01671	0.66270	0.01953	0.01713	0.01242	0.00651	0.00531	0.00163	0.00471	0.00523	0.00634	0.00900
45	0.00644	0.00460	0.00613	0.00736	0.00767	0.00429	0.00491	0.00736	0.01012	0.01350	0.02914	0.81076	0.03497	0.01656	0.00675	0.00215	0.00307	0.01503	0.00491	0.00429
46	0.00644	0.00460	0.00613	0.00736	0.00767	0.00429	0.00491	0.00736	0.01012	0.01350	0.02914	0.81076	0.03497	0.01656	0.00675	0.00215	0.00307	0.01503	0.00491	0.00429
47	0.15831	0.00920	0.01154	0.00901	0.01296	0.00843	0.00744	0.02410	0.01413	0.66114	0.01866	0.01646	0.01189	0.00628	0.00498	0.00164	0.00443	0.00492	0.00601	0.00846
48	0.02372	0.00900	0.01227	0.00941	0.01350	0.00777	0.00777	0.02576	0.01513	0.78489	0.02086	0.01799	0.01309	0.00654	0.00532	0.00164	0.00450	0.00532	0.00654	0.00900
49	0.01308	0.01256	0.02146	0.03245	0.78123	0.01256	0.01622	0.01622	0.01204	0.01727	0.00994	0.01308	0.00837	0.00471	0.00523	0.00157	0.00628	0.00471	0.00262	0.00837
50	0.02372	0.00900	0.01227	0.00941	0.01350	0.00777	0.00777	0.02576	0.01513	0.78489	0.02086	0.01799	0.01309	0.00654	0.00532	0.00164	0.00450	0.00532	0.00654	0.00900
51	0.01060	0.02735	0.78682	0.01507	0.02288	0.01228	0.01953	0.01674	0.01116	0.01674	0.00949	0.01116	0.00670	0.00502	0.00502	0.00167	0.00781	0.00391	0.00223	0.00781
52	0.00734	0.00540	0.00687	0.00650	0.00781	0.00493	0.00487	0.00970	0.01462	0.02039	0.69381	0.04082	0.13502	0.01111	0.00624	0.00168	0.00252	0.00975	0.00571	0.00493
53	0.01341	0.01256	0.02083	0.06635	0.69648	0.01278	0.01574	0.06557	0.01282	0.01816	0.01010	0.01310	0.00835	0.00484	0.00524	0.00158	0.00628	0.00471	0.00278	0.00830
54	0.00758	0.00556	0.00795	0.00795	0.00871	0.00631	0.00593	0.00909	0.00834	0.01187	0.01466	0.02353	0.01441	0.19407	0.64048	0.00782	0.01236	0.00607	0.00291	0.00442
55	0.01717	0.38878	0.02082	0.01152	0.01507	0.43864	0.00968	0.01869	0.01304	0.01271	0.00779	0.00905	0.00680	0.00502	0.00414	0.00126	0.00775	0.00314	0.00251	0.00643
56	0.03347	0.12173	0.24946	0.01194	0.01717	0.01173	0.05415	0.04246	0.01320	0.35148	0.01422	0.01397	0.00962	0.00573	0.00529	0.00160	0.02591	0.00453	0.00425	0.00810
57	0.01644	0.01904	0.01508	0.20767	0.05956	0.48586	0.01143	0.01883	0.03252	0.03362	0.01013	0.01360	0.00842	0.00586	0.00506	0.00154	0.00828	0.03792	0.00289	0.00625
58	0.00724	0.00670	0.06567	0.00761	0.00893	0.00522	0.00605	0.00929	0.01245	0.01733	0.37633	0.39132	0.03977	0.01301	0.00638	0.00189	0.00316	0.01164	0.00513	0.00488
59	0.00874	0.00703	0.00802	0.00772	0.00944	0.00719	0.00578	0.01444	0.23786	0.01883	0.28681	0.15975	0.18538	0.01118	0.00607	0.00180	0.00312	0.00970	0.00536	0.00577
60	0.05818	0.06569	0.01445	0.01194	0.05316	0.01441	0.00917	0.24727	0.40029	0.04400	0.01660	0.01592	0.01237	0.00649	0.00510	0.00166	0.00488	0.00516	0.00493	0.00833
61	0.01795	0.01036	0.06304	0.00918	0.01375	0.00779	0.00797	0.02039	0.01327	0.43934	0.01570	0.01484	0.01065	0.00543	0.00476	0.00131	0.00449	0.00438	0.00495	0.33045
62	0.01316	0.02364	0.55210	0.01522	0.06379	0.06409	0.01682	0.08969	0.02901	0.06783	0.01072	0.01193	0.00763	0.00530	0.00507	0.00164	0.00736	0.00414	0.00293	0.00793
63	0.01660	0.32749	0.10635	0.01195	0.01602	0.36511	0.01080	0.06206	0.01351	0.01437	0.00827	0.00950	0.00691	0.00510	0.00430	0.00132	0.00764	0.00332	0.00264	0.00674
64	0.00644	0.00536	0.00562	0.00556	0.00726	0.00454	0.00417	0.00796	0.01250	0.01535	0.16532	0.04912	0.66665	0.01299	0.00625	0.00177	0.00265	0.01091	0.00505	0.00454
65	0.02372	0.00900	0.01227	0.00941	0.01350	0.00777	0.00777	0.02576	0.01513	0.78489	0.02086	0.01799	0.01309	0.00654	0.00532	0.00164	0.00450	0.00532	0.00654	0.00900
66	0.01429	0.01226	0.02102	0.02909	0.64234	0.01205	0.06398	0.01738	0.01243	0.10688	0.01127	0.01373	0.00890	0.00491	0.00531	0.00159	0.00624	0.00488	0.00308	0.00837
67	0.02010	0.01481	0.01587	0.01216	0.01639	0.01639	0.01005	0.76360	0.02486	0.03332	0.01269	0.01269	0.00899	0.00635	0.00529	0.00159	0.00582	0.00476	0.00529	0.00899
68	0.00628	0.00523	0.00548	0.00568	0.00723	0.00444	0.00416	0.00755	0.01174	0.01415	0.04958	0.17442	0.65810	0.01390	0.00633	0.00184	0.00274	0.01179	0.00491	0.00444
69	0.01509	0.01232	0.01305	0.01115	0.01449	0.01406	0.00884	0.23381	0.56280	0.02525	0.01905	0.01776	0.01414	0.00694	0.00535	0.00174	0.00464	0.00564	0.00535	0.00854
70	0.01257	0.11967	0.57081	0.01388	0.02071	0.01398	0.01674	0.13806	0.01334	0.01892	0.00975	0.01109	0.00708	0.00518	0.00487	0.00160	0.00723	0.00392	0.00273	0.00788
71	0.00644	0.00460	0.00613	0.00736	0.00767	0.00429	0.00491	0.00736	0.01012	0.01350	0.02914	0.81076	0.03497	0.01656	0.00675	0.00215	0.00307	0.01503	0.00491	0.00429
72	0.85155	0.01022	0.00777	0.00695	0.01022	0.01186	0.00573	0.01554	0.00900	0.02372	0.00736	0.00859	0.00573	0.00491	0.00327	0.00164	0.00409	0.00286	0.00327	0.00573
73	0.00769	0.00513	0.00577	0.00577	0.00577	0.00513	0.00320	0.00769	0.00769	0.01025	0.01666	0.03460	0.01922	0.81421	0.02691	0.00513	0.00513	0.00769	0.00320	0.00320
74	0.01168	0.00937	0.01104	0.00792	0.01258	0.00709	0.00635	0.01401	0.01120	0.06052	0.01004	0.01136	0.00813	0.00406	0.00399	0.00083	0.00395	0.00326	0.00332	0.79930
75	0.01445	0.01177	0.01243	0.01077	0.01393	0.01343	0.00849	0.18191	0.57738	0.02435	0.01945	0.01825	0.01451	0.00695	0.00528	0.00172	0.00444	0.00567	0.04650	0.00833
76	0.01071	0.05064	0.76444	0.01489	0.02261	0.01253	0.01922	0.01672	0.01115	0.01662	0.00942	0.01108	0.00670	0.00501	0.00497	0.00166	0.00775	0.00387	0.00223	0.00778
77	0.00698	0.00514	0.00654	0.00671	0.00772	0.00469	0.00484	0.00882	0.01301	0.01779	0.44055	0.29185	0.13975	0.01301	0.00640	0.00184	0.00270	0.01155	0.00540	0.00469
78	0.00630	0.00524	0.00551	0.00569	0.00724	0.00445	0.00417	0.00760	0.01180	0.01429	0.06352	0.16916	0.64919	0.01383	0.00633	0.00184	0.00273	0.01173	0.00493	0.00445
79	0.01242	0.43512	0.22473	0.01079	0.01551	0.05655	0.01148	0.01531	0.01071	0.01358	0.00907	0.01124	0.00781	0.01041	0.13231	0.00248	0.00781	0.00360	0.00237	0.00669
80	0.01060	0.02735	0.78682	0.01507	0.02288	0.01228	0.01953	0.01674	0.01116	0.01674	0.00949	0.01116	0.00670	0.00502	0.00502	0.00167	0.00781	0.00391	0.00223	0.00781
81	0.01096	0.00940	0.01096	0.00783	0.01253	0.00705	0.00626	0.01331	0.01096	0.01723	0.00940	0.01096	0.00783	0.00392	0.00392	0.00078	0.00392	0.00313	0.00313	0.84653
82	0.35600	0.31804	0.08469	0.00928	0.01338	0.10009	0.00876	0.03025	0.01079	0.01786	0.00773	0.00895	0.00639	0.00486	0.00367	0.00142	0.00563	0.00303	0.00278	0.00641
83	0.01813	0.01588	0.01363	0.01167	0.01497	0.25563	0.00914	0.15302	0.28365	0.14521	0.01573	0.01505	0.01150	0.00639	0.00516	0.00160	0.00618	0.00486	0.00473	0.00788
84	0.85155	0.01022	0.00777	0.00695	0.01022	0.01186	0.00573	0.01554	0.00900	0.02372	0.00736	0.00859	0.00573	0.00491	0.00327	0.00164	0.00409	0.00286	0.00327	0.00573
85	0.00991	0.02370	0.65984	0.01368	0.02037	0.01099	0.01710	0.01523	0.01112	0.01627	0.01430	0.09087	0.06055	0.00669	0.00527	0.00173	0.00702	0.00546	0.00267	0.00725
86	0.02055	0.01210	0.01314	0.01056	0.01431	0.08610	0.00853	0.18447	0.13519	0.41287	0.03441	0.01677	0.01287	0.00659	0.00529	0.00162	0.00518	0.00521	0.00571	0.00853
87	0.01287	0.09980	0.51328	0.01359	0.01995	0.05750	0.01586	0.13805	0.01372	0.01899	0.04139	0.01223	0.00886	0.00545	0.00495	0.00159	0.00716	0.00415	0.00291	0.00769
88	0.00733	0.00540	0.00686	0.00649	0.00781	0.00492	0.00487	0.00968	0.01461	0.02035	0.68958	0.04089	0.13927	0.01112	0.00624	0.00168	0.00252	0.00976	0.00571	0.00492
89	0.01075	0.04300	0.74879	0.01546	0.04505	0.01246	0.01922	0.01671	0.01118	0.01667	0.00946	0.01116	0.00675	0.00500	0.00500	0.00166	0.00772	0.00391	0.00224	0.00781
90	0.00636	0.00512	0.00568	0.00604	0.00734	0.00443	0.00434	0.00763	0.01158	0.01435	0.07917	0.28693	0.51400	0.01426	0.00640	0.00189	0.00279	0.01229	0.00495	0.00443
91	0.01060	0.02735	0.78682	0.01507	0.02288	0.01228	0.01953	0.01674	0.01116	0.01674	0.00949	0.01116	0.00670	0.00502	0.00502	0.00167	0.00781	0.00391	0.00223	0.00781
