[name]
unknown

[dist]
# distance from previous block
# <min> <max>
0	466

[block]
# block no. 0 follows, 44 sequences, length 8
# corresponding to MSA columns:
# 466-473
name=unknown_A
#
# <colnr> <probs for GDERKNQSTAVLIFYWHMCP>
#	G	D	E	R	K	N	Q	S	T	A	V	L	I	F	Y	W	H	M	C	P
0	0.01272	0.00796	0.03433	0.00965	0.05550	0.02430	0.00696	0.01424	0.01194	0.20889	0.06552	0.14154	0.08539	0.13745	0.04543	0.05300	0.00499	0.04245	0.03183	0.00590
1	0.08270	0.01321	0.05396	0.27185	0.28538	0.06950	0.03701	0.03278	0.01239	0.07482	0.01063	0.01349	0.00814	0.00531	0.00524	0.00169	0.00680	0.00465	0.00302	0.00740
2	0.05035	0.02059	0.01069	0.02971	0.04771	0.02605	0.00724	0.09049	0.03795	0.15639	0.13102	0.08784	0.16386	0.05917	0.00744	0.00196	0.02514	0.00780	0.00497	0.03363
3	0.01145	0.14380	0.02970	0.00888	0.01128	0.08512	0.00715	0.07559	0.04118	0.01646	0.02119	0.24816	0.08803	0.03444	0.04064	0.00208	0.00518	0.00821	0.06946	0.05200
4	0.01076	0.00779	0.01022	0.14355	0.01470	0.00826	0.00774	0.08300	0.04912	0.07579	0.19030	0.18596	0.09283	0.06026	0.00786	0.00209	0.03005	0.00903	0.00481	0.00589
5	0.00896	0.00652	0.00749	0.00730	0.00830	0.03523	0.00508	0.03109	0.01079	0.01460	0.12291	0.16534	0.07868	0.18164	0.06180	0.14718	0.00484	0.00845	0.03939	0.05440
6	0.00993	0.00814	0.00888	0.00915	0.04363	0.07037	0.00638	0.06904	0.01389	0.03419	0.24347	0.25854	0.15136	0.01237	0.00680	0.02913	0.00393	0.01038	0.00502	0.00542
7	0.01437	0.00849	0.00925	0.00809	0.01050	0.05384	0.00632	0.05399	0.06060	0.21700	0.09720	0.02492	0.11309	0.01036	0.05219	0.02868	0.00463	0.00647	0.21350	0.00653

[dist]
# distance from previous block
# <min> <max>
3	22

[block]
# block no. 1 follows, 44 sequences, length 7
# corresponding to MSA columns:
# 496-502
name=unknown_B
#
# <colnr> <probs for GDERKNQSTAVLIFYWHMCP>
#	G	D	E	R	K	N	Q	S	T	A	V	L	I	F	Y	W	H	M	C	P
0	0.00955	0.00725	0.00984	0.00901	0.01055	0.00744	0.06046	0.05647	0.08018	0.01810	0.17190	0.23483	0.05840	0.03861	0.04289	0.04550	0.02924	0.00938	0.09495	0.00546
1	0.13933	0.00688	0.00754	0.00718	0.00886	0.00700	0.00532	0.04997	0.01130	0.08119	0.02326	0.15844	0.13167	0.10644	0.07071	0.05029	0.00469	0.00790	0.11682	0.00521
2	0.06477	0.00911	0.05648	0.01168	0.11861	0.00799	0.00794	0.04139	0.01214	0.15388	0.07527	0.14111	0.05332	0.18328	0.01045	0.00254	0.00474	0.00774	0.03134	0.00622
3	0.03520	0.04621	0.05944	0.01170	0.03999	0.02705	0.04023	0.09767	0.27120	0.04795	0.02034	0.07818	0.07911	0.03198	0.03024	0.00209	0.03888	0.00661	0.00450	0.03144
4	0.00953	0.00765	0.00817	0.00787	0.00959	0.04645	0.00575	0.04312	0.07391	0.03921	0.11284	0.28477	0.19419	0.06093	0.00751	0.00205	0.00380	0.01049	0.00491	0.06725
5	0.03064	0.12421	0.05484	0.01220	0.08105	0.01136	0.06529	0.03377	0.12834	0.15292	0.04549	0.02109	0.07781	0.06617	0.00685	0.00189	0.00512	0.00592	0.06782	0.00722
6	0.06076	0.01141	0.01332	0.01091	0.01414	0.07049	0.04667	0.12103	0.08768	0.28380	0.01635	0.01671	0.01178	0.01045	0.09373	0.00248	0.04865	0.00521	0.06669	0.00773

[dist]
# distance from previous block
# <min> <max>
0	1

[block]
# block no. 2 follows, 44 sequences, length 6
# corresponding to MSA columns:
# 504-509
name=unknown_C
#
# <colnr> <probs for GDERKNQSTAVLIFYWHMCP>
#	G	D	E	R	K	N	Q	S	T	A	V	L	I	F	Y	W	H	M	C	P
0	0.12530	0.01335	0.02445	0.01928	0.06585	0.01426	0.42486	0.01614	0.01123	0.01734	0.00955	0.01315	0.00769	0.00591	0.00883	0.00194	0.20578	0.00546	0.00274	0.00688
1	0.01098	0.01081	0.01521	0.01298	0.01430	0.07167	0.10977	0.01286	0.00963	0.01341	0.01104	0.01691	0.01035	0.06482	0.29435	0.00471	0.30237	0.00546	0.00271	0.00563
2	0.00978	0.13060	0.01396	0.01021	0.01168	0.01100	0.03891	0.01153	0.00915	0.01280	0.01226	0.01862	0.01172	0.08769	0.43937	0.00591	0.15130	0.00539	0.00276	0.00537
3	0.00838	0.00874	0.09771	0.00929	0.01120	0.00721	0.05042	0.01054	0.01000	0.01398	0.08865	0.02727	0.07084	0.21174	0.34376	0.00558	0.00937	0.00694	0.00337	0.00501
4	0.01370	0.19850	0.30637	0.01247	0.01746	0.10729	0.01317	0.06297	0.03727	0.04078	0.01072	0.01327	0.00875	0.05392	0.04996	0.00218	0.03686	0.00424	0.00291	0.00721
5	0.01082	0.09434	0.60941	0.01382	0.02066	0.01243	0.01716	0.01624	0.01200	0.01749	0.11245	0.01521	0.01293	0.00594	0.00520	0.00168	0.00712	0.00472	0.00280	0.00757

[dist]
# distance from previous block
# <min> <max>
0	2

[block]
# block no. 3 follows, 44 sequences, length 191
# corresponding to MSA columns:
# 512-702
name=unknown_D
#
# <colnr> <probs for GDERKNQSTAVLIFYWHMCP>
#	G	D	E	R	K	N	Q	S	T	A	V	L	I	F	Y	W	H	M	C	P
0	0.01225	0.03196	0.19819	0.06021	0.05357	0.01405	0.10085	0.01541	0.01073	0.05351	0.04807	0.01410	0.00986	0.00733	0.01078	0.00200	0.34234	0.00506	0.00283	0.00689
1	0.01523	0.01228	0.03645	0.08257	0.42486	0.01188	0.07329	0.05886	0.01378	0.15578	0.05112	0.01590	0.01155	0.00564	0.00555	0.00167	0.00623	0.00533	0.00372	0.00830
2	0.01132	0.00987	0.01307	0.03915	0.20743	0.01046	0.00964	0.01877	0.29769	0.01992	0.17003	0.06442	0.08822	0.00847	0.00583	0.00178	0.00442	0.00745	0.00475	0.00730
3	0.03755	0.06969	0.06207	0.04674	0.09278	0.03260	0.01153	0.43077	0.07858	0.02675	0.01229	0.01314	0.00918	0.00628	0.00585	0.00166	0.04491	0.00473	0.00441	0.00849
4	0.01648	0.04212	0.03258	0.07233	0.11557	0.39560	0.05317	0.03472	0.01332	0.01467	0.00877	0.01136	0.00739	0.00615	0.00745	0.00167	0.15303	0.00419	0.00272	0.00671
5	0.00710	0.00561	0.00649	0.00688	0.00838	0.00500	0.00537	0.00878	0.01248	0.01558	0.10570	0.13834	0.46273	0.01424	0.00675	0.00202	0.00330	0.17539	0.00513	0.00472
6	0.00733	0.00590	0.00657	0.00634	0.00805	0.00533	0.00477	0.00997	0.05767	0.01783	0.31689	0.04626	0.46261	0.01245	0.00639	0.00179	0.00278	0.01059	0.00544	0.00504
7	0.00947	0.00473	0.00710	0.00710	0.00710	0.00473	0.00473	0.00710	0.00710	0.00947	0.00947	0.01657	0.00947	0.01894	0.02131	0.84138	0.00473	0.00473	0.00237	0.00237
8	0.01016	0.00508	0.00508	0.00508	0.00635	0.00508	0.00381	0.01270	0.01143	0.02033	0.01778	0.02033	0.01397	0.00635	0.00381	0.00127	0.00254	0.00508	0.83867	0.00508
9	0.01668	0.01101	0.01242	0.01070	0.01410	0.01197	0.00845	0.02828	0.55003	0.23916	0.02199	0.01983	0.01574	0.00721	0.00553	0.00180	0.00441	0.00597	0.00589	0.00882
10	0.01324	0.01214	0.01805	0.02456	0.47390	0.01277	0.01354	0.02053	0.26541	0.01940	0.01536	0.01861	0.01266	0.00631	0.00557	0.00175	0.00566	0.04830	0.00379	0.00842
11	0.07469	0.01637	0.01570	0.01239	0.01648	0.11804	0.01009	0.61102	0.02322	0.03094	0.01212	0.01238	0.00875	0.00633	0.00525	0.00161	0.00639	0.00460	0.00497	0.00866
12	0.00951	0.01033	0.06975	0.05965	0.01778	0.00915	0.24987	0.01230	0.01152	0.01566	0.05230	0.34417	0.03958	0.01079	0.00709	0.00202	0.04463	0.02417	0.00388	0.00584
13	0.01364	0.02468	0.62126	0.01443	0.02166	0.03051	0.01769	0.01908	0.01235	0.15637	0.01190	0.01276	0.00811	0.00548	0.00523	0.00171	0.00747	0.00428	0.00313	0.00824
14	0.01093	0.02820	0.78016	0.01554	0.02360	0.01266	0.02014	0.01727	0.01151	0.01727	0.00978	0.01151	0.00691	0.00518	0.00518	0.00173	0.00806	0.00403	0.00230	0.00806
15	0.01262	0.01330	0.02562	0.01900	0.02360	0.01307	0.52306	0.01958	0.19005	0.01886	0.05274	0.03601	0.01309	0.00588	0.00624	0.00184	0.00756	0.00676	0.00363	0.00747
16	0.00829	0.00638	0.00887	0.00878	0.00967	0.02569	0.00673	0.00986	0.00877	0.01239	0.01411	0.02135	0.01338	0.07639	0.66718	0.05712	0.03164	0.00580	0.00289	0.00470
17	0.01349	0.01295	0.02213	0.03346	0.77440	0.01295	0.01673	0.01673	0.01241	0.01781	0.01025	0.01349	0.00864	0.00486	0.00540	0.00162	0.00648	0.00486	0.00270	0.00864
18	0.01016	0.00508	0.00508	0.00508	0.00635	0.00508	0.00381	0.01270	0.01143	0.02033	0.01778	0.02033	0.01397	0.00635	0.00381	0.00127	0.00254	0.00508	0.83867	0.00508
19	0.02794	0.01291	0.02666	0.09538	0.07044	0.01248	0.54081	0.01593	0.01231	0.01688	0.01296	0.10456	0.01132	0.00612	0.00628	0.00186	0.00807	0.00716	0.00300	0.00694
20	0.02037	0.02598	0.01545	0.01404	0.01685	0.78652	0.01053	0.02177	0.01545	0.01334	0.00843	0.00983	0.00702	0.00562	0.00492	0.00140	0.00983	0.00351	0.00281	0.00632
21	0.00709	0.00493	0.00619	0.00702	0.00723	0.00472	0.00445	0.00771	0.00957	0.01276	0.02561	0.53940	0.03045	0.29017	0.01413	0.00327	0.00390	0.01289	0.00445	0.00404
22	0.01356	0.01171	0.01233	0.01109	0.01418	0.01356	0.00863	0.02897	0.76455	0.02281	0.02219	0.02034	0.01664	0.00740	0.00555	0.00185	0.00431	0.00616	0.00555	0.00863
23	0.01022	0.00801	0.01224	0.03307	0.21112	0.00772	0.02554	0.01296	0.01418	0.05634	0.43373	0.04667	0.05098	0.00936	0.00615	0.00175	0.00409	0.04463	0.00492	0.00630
24	0.02446	0.00928	0.01265	0.00970	0.01392	0.00801	0.00801	0.02657	0.01560	0.77817	0.02151	0.01856	0.01350	0.00675	0.00548	0.00169	0.00464	0.00548	0.00675	0.00928
25	0.00651	0.00525	0.00580	0.00624	0.00755	0.00454	0.00446	0.00774	0.01174	0.01445	0.04654	0.31212	0.51814	0.01494	0.00662	0.00197	0.00290	0.01288	0.00506	0.00454
26	0.02696	0.02739	0.74359	0.01525	0.02308	0.01268	0.01954	0.01757	0.03288	0.01756	0.01009	0.01171	0.00716	0.00524	0.00516	0.00173	0.00788	0.00407	0.00241	0.00803
27	0.01030	0.00969	0.01635	0.79530	0.03755	0.01211	0.01514	0.01393	0.01090	0.01393	0.00969	0.01453	0.00727	0.00545	0.00545	0.00182	0.00727	0.00484	0.00242	0.00606
28	0.01458	0.81168	0.02857	0.00933	0.01399	0.02157	0.00933	0.01632	0.01108	0.01283	0.00758	0.00875	0.00700	0.00466	0.00350	0.00117	0.00583	0.00292	0.00233	0.00700
29	0.01002	0.00866	0.01378	0.53035	0.02807	0.01021	0.01207	0.01324	0.01214	0.03415	0.21009	0.02137	0.01904	0.00706	0.00603	0.00178	0.02840	0.00614	0.00348	0.02392
30	0.02393	0.03157	0.01335	0.00989	0.01413	0.00901	0.00821	0.07786	0.01619	0.70474	0.02053	0.01790	0.01302	0.00668	0.00543	0.00167	0.00477	0.00537	0.00654	0.00922
31	0.00678	0.00495	0.00662	0.02903	0.00877	0.00469	0.00538	0.00786	0.01058	0.01401	0.03054	0.73374	0.06652	0.01658	0.00691	0.00219	0.00330	0.03206	0.00499	0.00449
32	0.00793	0.00529	0.00595	0.00595	0.00595	0.00529	0.00330	0.00793	0.00793	0.01057	0.01718	0.03568	0.01982	0.80840	0.02775	0.00529	0.00529	0.00793	0.00330	0.00330
33	0.01585	0.50121	0.10648	0.01131	0.01586	0.21631	0.01084	0.04031	0.01269	0.01410	0.00820	0.00946	0.00706	0.00502	0.00410	0.00130	0.00710	0.00325	0.00255	0.00701
34	0.01362	0.49382	0.29116	0.01176	0.01751	0.06068	0.01318	0.01695	0.01147	0.01441	0.00840	0.00977	0.00697	0.00490	0.00417	0.00138	0.00683	0.00334	0.00235	0.00733
35	0.01424	0.05417	0.01024	0.00791	0.01014	0.00727	0.00608	0.01596	0.01313	0.29224	0.23874	0.02864	0.02571	0.19854	0.05058	0.00287	0.00476	0.00721	0.00526	0.00630
36	0.00776	0.00529	0.00636	0.00650	0.00667	0.00538	0.00396	0.00812	0.00833	0.01123	0.01835	0.12412	0.02092	0.61613	0.12360	0.00538	0.00624	0.00855	0.00346	0.00364
37	0.00710	0.00505	0.00674	0.00793	0.00839	0.00480	0.00561	0.00826	0.01066	0.01414	0.02908	0.62853	0.03428	0.06316	0.00828	0.00245	0.00362	0.14250	0.00495	0.00447
38	0.02004	0.04324	0.01593	0.01449	0.03833	0.74735	0.01068	0.02150	0.01527	0.01346	0.00846	0.00991	0.00707	0.00557	0.00490	0.00141	0.00965	0.00354	0.00280	0.00640
39	0.00696	0.00508	0.00654	0.00714	0.00792	0.00467	0.00499	0.00845	0.01220	0.01647	0.26333	0.48736	0.11895	0.01489	0.00674	0.00202	0.00294	0.01332	0.00535	0.00467
40	0.01554	0.01300	0.01342	0.01154	0.01493	0.03638	0.00911	0.20959	0.55951	0.02541	0.01954	0.01824	0.01454	0.00713	0.00551	0.00178	0.00489	0.00578	0.00545	0.00872
41	0.01016	0.00508	0.00508	0.00508	0.00635	0.00508	0.00381	0.01270	0.01143	0.02033	0.01778	0.02033	0.01397	0.00635	0.00381	0.00127	0.00254	0.00508	0.83867	0.00508
42	0.00940	0.00774	0.01009	0.00941	0.00964	0.00939	0.00692	0.03100	0.00907	0.01282	0.01583	0.16304	0.01779	0.33108	0.06465	0.00386	0.27226	0.00800	0.00335	0.00466
43	0.01040	0.00940	0.01486	0.04462	0.08501	0.01073	0.09129	0.01271	0.01109	0.01533	0.01838	0.11225	0.01939	0.01124	0.01004	0.00226	0.23275	0.27868	0.00371	0.00586
44	0.32462	0.00974	0.01096	0.00878	0.01269	0.00955	0.00724	0.02272	0.01330	0.50310	0.01643	0.01502	0.01072	0.00613	0.00471	0.00169	0.00449	0.00456	0.00552	0.00805
45	0.00783	0.00568	0.00794	0.00794	0.00863	0.00637	0.00579	0.00921	0.00852	0.01205	0.01535	0.02558	0.01544	0.26503	0.56513	0.00775	0.01188	0.00645	0.00303	0.00441
46	0.01830	0.32989	0.02118	0.01127	0.01576	0.01875	0.00995	0.46392	0.01988	0.02585	0.01091	0.01137	0.00837	0.00580	0.00468	0.00145	0.00593	0.00412	0.00422	0.00837
47	0.01936	0.01033	0.01491	0.01274	0.05910	0.01070	0.04450	0.03712	0.01376	0.46096	0.05420	0.01748	0.01325	0.00742	0.00854	0.00186	0.19490	0.00553	0.00521	0.00815
48	0.01439	0.77256	0.06610	0.00964	0.01447	0.02113	0.00987	0.01637	0.01110	0.01305	0.00769	0.00888	0.00699	0.00469	0.00358	0.00119	0.00594	0.00297	0.00233	0.00705
49	0.01093	0.02820	0.78016	0.01554	0.02360	0.01266	0.02014	0.01727	0.01151	0.01727	0.00978	0.01151	0.00691	0.00518	0.00518	0.00173	0.00806	0.00403	0.00230	0.00806
50	0.01016	0.00508	0.00508	0.00508	0.00635	0.00508	0.00381	0.01270	0.01143	0.02033	0.01778	0.02033	0.01397	0.00635	0.00381	0.00127	0.00254	0.00508	0.83867	0.00508
51	0.00711	0.00574	0.00646	0.00682	0.00849	0.00508	0.00547	0.00882	0.01246	0.01518	0.04768	0.05505	0.56000	0.01417	0.00675	0.00203	0.00341	0.21950	0.00505	0.00472
52	0.01436	0.01126	0.01573	0.01308	0.01460	0.01399	0.04755	0.03638	0.06474	0.15881	0.01411	0.01633	0.05404	0.00879	0.01310	0.00214	0.48497	0.00549	0.00369	0.00686
53	0.00997	0.00929	0.01272	0.01176	0.01218	0.02945	0.03024	0.01125	0.00968	0.01374	0.01723	0.31479	0.01954	0.01248	0.01252	0.00229	0.41008	0.05186	0.00357	0.00538
54	0.00649	0.00546	0.00563	0.00573	0.00743	0.00460	0.00424	0.00786	0.01233	0.01482	0.06972	0.11620	0.69282	0.01402	0.00649	0.00187	0.00279	0.01181	0.00508	0.00460
55	0.01623	0.58664	0.02481	0.01068	0.01481	0.24067	0.00967	0.01788	0.01233	0.01297	0.00782	0.00906	0.00700	0.00494	0.00390	0.00123	0.00698	0.00309	0.00247	0.00680
56	0.01150	0.05559	0.19791	0.40871	0.02917	0.01352	0.05886	0.05203	0.01165	0.01581	0.00960	0.01320	0.00732	0.00576	0.00660	0.00181	0.08697	0.00464	0.00256	0.00680
57	0.01075	0.02290	0.56139	0.23888	0.02759	0.01250	0.01871	0.01631	0.01134	0.01631	0.00976	0.01238	0.00701	0.00526	0.00526	0.00175	0.00783	0.00426	0.00234	0.00748
58	0.01350	0.01321	0.02130	0.08594	0.67045	0.04394	0.01623	0.01663	0.01231	0.01722	0.01005	0.01338	0.00843	0.00506	0.00574	0.00165	0.02919	0.00480	0.00267	0.00828
59	0.02446	0.00928	0.01265	0.00970	0.01392	0.00801	0.00801	0.02657	0.01560	0.77817	0.02151	0.01856	0.01350	0.00675	0.00548	0.00169	0.00464	0.00548	0.00675	0.00928
60	0.01275	0.25988	0.02038	0.01277	0.01421	0.01821	0.01112	0.01411	0.00920	0.01303	0.00729	0.01094	0.00711	0.00803	0.01343	0.00201	0.55269	0.00420	0.00237	0.00628
61	0.00700	0.00558	0.00630	0.00621	0.00783	0.00487	0.00472	0.00885	0.01347	0.01727	0.30148	0.04886	0.48608	0.01295	0.00649	0.00183	0.00281	0.04720	0.00538	0.00481
62	0.01195	0.00988	0.01114	0.01074	0.01321	0.01111	0.00868	0.02302	0.51160	0.02062	0.02443	0.03418	0.02160	0.00997	0.00621	0.00207	0.00455	0.25223	0.00537	0.00742
63	0.01647	0.01316	0.01397	0.01168	0.01529	0.01492	0.00933	0.32466	0.46412	0.02750	0.01849	0.01739	0.01365	0.00705	0.00551	0.00176	0.00500	0.00565	0.00551	0.00889
64	0.00664	0.00474	0.00633	0.00759	0.00791	0.00443	0.00506	0.00759	0.01044	0.01392	0.03005	0.80485	0.03606	0.01708	0.00696	0.00221	0.00316	0.01550	0.00506	0.00443
65	0.01458	0.81168	0.02857	0.00933	0.01399	0.02157	0.00933	0.01632	0.01108	0.01283	0.00758	0.00875	0.00700	0.00466	0.00350	0.00117	0.00583	0.00292	0.00233	0.00700
66	0.02369	0.00930	0.01257	0.00960	0.01386	0.00797	0.00792	0.02582	0.01535	0.73355	0.02081	0.01813	0.01318	0.00659	0.00540	0.00164	0.00460	0.00535	0.00654	0.05813
67	0.84691	0.01054	0.00801	0.00717	0.01054	0.01223	0.00590	0.01603	0.00928	0.02446	0.00759	0.00886	0.00590	0.00506	0.00337	0.00169	0.00422	0.00295	0.00337	0.00590
68	0.01361	0.50206	0.28729	0.01171	0.01745	0.05670	0.01312	0.01692	0.01145	0.01438	0.00838	0.00975	0.00697	0.00489	0.00415	0.00137	0.00680	0.00333	0.00235	0.00733
69	0.00772	0.00557	0.00729	0.00686	0.00814	0.00514	0.00514	0.01029	0.01543	0.02186	0.77152	0.04072	0.05144	0.01115	0.00643	0.00171	0.00257	0.00986	0.00600	0.00514
70	0.00793	0.00529	0.00595	0.00595	0.00595	0.00529	0.00330	0.00793	0.00793	0.01057	0.01718	0.03568	0.01982	0.80840	0.02775	0.00529	0.00529	0.00793	0.00330	0.00330
71	0.01522	0.01260	0.01431	0.01193	0.01546	0.01408	0.05268	0.23554	0.47123	0.02540	0.02058	0.01954	0.05177	0.00731	0.00562	0.00179	0.00501	0.00609	0.00533	0.00854
72	0.27572	0.00980	0.01132	0.00899	0.01295	0.00950	0.00742	0.03972	0.01390	0.53115	0.01707	0.01547	0.01108	0.00623	0.00484	0.00169	0.00454	0.00470	0.00569	0.00825
73	0.84691	0.01054	0.00801	0.00717	0.01054	0.01223	0.00590	0.01603	0.00928	0.02446	0.00759	0.00886	0.00590	0.00506	0.00337	0.00169	0.00422	0.00295	0.00337	0.00590
74	0.01030	0.00969	0.01635	0.79530	0.03755	0.01211	0.01514	0.01393	0.01090	0.01393	0.00969	0.01453	0.00727	0.00545	0.00545	0.00182	0.00727	0.00484	0.00242	0.00606
75	0.00783	0.00568	0.00796	0.00796	0.00865	0.00638	0.00581	0.00922	0.00852	0.01206	0.01534	0.02550	0.01540	0.26072	0.56939	0.00777	0.01193	0.00644	0.00303	0.00442
76	0.01753	0.02126	0.01587	0.01414	0.01600	0.52758	0.01100	0.01886	0.01306	0.01327	0.00800	0.01054	0.00707	0.00694	0.00928	0.00173	0.27509	0.00393	0.00267	0.00620
77	0.02072	0.01527	0.01636	0.01254	0.01691	0.01691	0.01036	0.75622	0.02563	0.03436	0.01309	0.01309	0.00927	0.00654	0.00545	0.00164	0.00600	0.00491	0.00545	0.00927
78	0.00664	0.00474	0.00633	0.00759	0.00791	0.00443	0.00506	0.00759	0.01044	0.01392	0.03005	0.80485	0.03606	0.01708	0.00696	0.00221	0.00316	0.01550	0.00506	0.00443
79	0.00665	0.00553	0.00581	0.00574	0.00749	0.00469	0.00430	0.00822	0.01291	0.01588	0.17046	0.05058	0.65624	0.01338	0.00644	0.00182	0.00273	0.01124	0.00521	0.00469
80	0.01130	0.00969	0.01130	0.00807	0.01292	0.00727	0.00646	0.01373	0.01130	0.01776	0.00969	0.01130	0.00807	0.00404	0.00404	0.00081	0.00404	0.00323	0.00323	0.84173
81	0.00652	0.00523	0.00583	0.00631	0.00757	0.00454	0.00449	0.00774	0.01167	0.01442	0.04568	0.33764	0.49317	0.01505	0.00664	0.00198	0.00291	0.01302	0.00506	0.00454
82	0.00854	0.00612	0.00849	0.00972	0.01090	0.00607	0.00835	0.01089	0.01236	0.01607	0.02961	0.12604	0.04969	0.01521	0.00745	0.00247	0.00480	0.65723	0.00502	0.00496
83	0.01268	0.01515	0.06781	0.03716	0.02781	0.01383	0.67213	0.01720	0.01257	0.01720	0.01077	0.01443	0.00814	0.00486	0.00685	0.00186	0.04335	0.00621	0.00271	0.00730
84	0.01093	0.02820	0.78016	0.01554	0.02360	0.01266	0.02014	0.01727	0.01151	0.01727	0.00978	0.01151	0.00691	0.00518	0.00518	0.00173	0.00806	0.00403	0.00230	0.00806
85	0.25257	0.01231	0.01722	0.02357	0.47317	0.01298	0.01284	0.05418	0.05631	0.02083	0.01033	0.01255	0.00835	0.00515	0.00483	0.00165	0.00568	0.00439	0.00320	0.00788
86	0.00738	0.00527	0.00706	0.00755	0.00801	0.00548	0.00519	0.00842	0.00918	0.01258	0.02125	0.32718	0.02394	0.23857	0.28169	0.00530	0.00768	0.01013	0.00385	0.00428
87	0.01144	0.08610	0.64404	0.01441	0.02164	0.01298	0.01798	0.01756	0.04293	0.03182	0.04212	0.01302	0.00930	0.00551	0.00512	0.00169	0.00744	0.00430	0.00268	0.00790
88	0.84691	0.01054	0.00801	0.00717	0.01054	0.01223	0.00590	0.01603	0.00928	0.02446	0.00759	0.00886	0.00590	0.00506	0.00337	0.00169	0.00422	0.00295	0.00337	0.00590
89	0.84691	0.01054	0.00801	0.00717	0.01054	0.01223	0.00590	0.01603	0.00928	0.02446	0.00759	0.00886	0.00590	0.00506	0.00337	0.00169	0.00422	0.00295	0.00337	0.00590
90	0.00780	0.00523	0.00598	0.00611	0.00615	0.00520	0.00348	0.00789	0.00818	0.01091	0.01849	0.11427	0.02148	0.72754	0.02562	0.00497	0.00507	0.00870	0.00348	0.00342
91	0.01475	0.01087	0.01331	0.02946	0.05916	0.01159	0.03668	0.10823	0.34942	0.12947	0.02180	0.08744	0.05382	0.00812	0.00572	0.00181	0.00476	0.02095	0.00524	0.02741
92	0.01517	0.18286	0.14678	0.01685	0.05852	0.24539	0.22527	0.01845	0.01303	0.01527	0.00931	0.01146	0.00744	0.00502	0.00513	0.00154	0.00838	0.00438	0.00261	0.00715
93	0.00780	0.00581	0.00862	0.00862	0.00954	0.00674	0.00664	0.00964	0.00872	0.01255	0.01473	0.02214	0.01394	0.07988	0.74824	0.00859	0.01413	0.00595	0.00294	0.00479
94	0.01180	0.01251	0.03660	0.01573	0.01748	0.03260	0.19973	0.01403	0.00977	0.01421	0.00928	0.01418	0.00844	0.03081	0.09816	0.00297	0.45763	0.00534	0.00257	0.00619
95	0.02258	0.01230	0.01452	0.01113	0.01542	0.01249	0.00920	0.39406	0.02065	0.40354	0.01727	0.01580	0.01137	0.00665	0.00547	0.00166	0.00532	0.00519	0.00610	0.00927
96	0.00772	0.00557	0.00729	0.00686	0.00814	0.00514	0.00514	0.01029	0.01543	0.02186	0.77152	0.04072	0.05144	0.01115	0.00643	0.00171	0.00257	0.00986	0.00600	0.00514
97	0.02446	0.00928	0.01265	0.00970	0.01392	0.00801	0.00801	0.02657	0.01560	0.77817	0.02151	0.01856	0.01350	0.00675	0.00548	0.00169	0.00464	0.00548	0.00675	0.00928
98	0.00772	0.00557	0.00729	0.00686	0.00814	0.00514	0.00514	0.01029	0.01543	0.02186	0.77152	0.04072	0.05144	0.01115	0.00643	0.00171	0.00257	0.00986	0.00600	0.00514
99	0.00684	0.00554	0.00609	0.00604	0.00768	0.00478	0.00455	0.00855	0.01316	0.01660	0.23952	0.06785	0.54801	0.01323	0.00648	0.00183	0.00278	0.03042	0.00530	0.00475
100	0.01349	0.01295	0.02213	0.03346	0.77440	0.01295	0.01673	0.01673	0.01241	0.01781	0.01025	0.01349	0.00864	0.00486	0.00540	0.00162	0.00648	0.00486	0.00270	0.00864
101	0.01479	0.01290	0.02064	0.06768	0.60408	0.01316	0.01541	0.11030	0.01416	0.05773	0.01115	0.01375	0.00889	0.00519	0.00541	0.00163	0.00636	0.00489	0.00323	0.00862
102	0.63000	0.13410	0.01195	0.00825	0.01176	0.09824	0.00693	0.01670	0.01023	0.02148	0.00768	0.00895	0.00619	0.00506	0.00356	0.00158	0.00508	0.00301	0.00315	0.00612
103	0.01838	0.01381	0.01483	0.01194	0.01585	0.01542	0.00967	0.47706	0.28117	0.05817	0.01656	0.01580	0.01198	0.00685	0.00549	0.00171	0.00536	0.00536	0.00553	0.00905
104	0.00680	0.00486	0.00649	0.00772	0.00811	0.00455	0.00528	0.00788	0.01069	0.01426	0.04877	0.74186	0.03617	0.01681	0.00698	0.00222	0.00326	0.05774	0.00508	0.00448
105	0.01247	0.01142	0.01704	0.01246	0.01721	0.01003	0.20049	0.07334	0.05969	0.01920	0.01160	0.03299	0.00946	0.00492	0.00494	0.00124	0.00552	0.00468	0.00347	0.48785
106	0.02937	0.69902	0.09181	0.01001	0.01487	0.05130	0.01024	0.01662	0.01126	0.01343	0.00780	0.00903	0.00697	0.00475	0.00370	0.00123	0.00615	0.00303	0.00237	0.00704
107	0.00757	0.00545	0.00712	0.00694	0.00807	0.00505	0.00509	0.00986	0.01457	0.02051	0.65158	0.14818	0.04862	0.02843	0.00694	0.00186	0.00271	0.01061	0.00581	0.00501
108	0.01358	0.01271	0.01241	0.05025	0.01493	0.12394	0.00888	0.04960	0.45379	0.01950	0.01792	0.01879	0.01411	0.03037	0.13163	0.00296	0.00700	0.00566	0.00452	0.00747
109	0.01807	0.05145	0.06832	0.01383	0.03744	0.20063	0.01145	0.35703	0.01842	0.02332	0.01046	0.01184	0.00811	0.00660	0.00728	0.00169	0.13792	0.00441	0.00390	0.00783
110	0.00666	0.00501	0.00619	0.00711	0.00788	0.00454	0.00494	0.00779	0.01106	0.01423	0.03698	0.56982	0.23985	0.01610	0.00684	0.00212	0.00312	0.04020	0.00506	0.00450
111	0.01073	0.01022	0.01669	0.62737	0.06973	0.01292	0.01468	0.01393	0.01055	0.01398	0.00929	0.01405	0.00732	0.00611	0.00753	0.00190	0.13957	0.00483	0.00243	0.00617
112	0.08822	0.31941	0.08520	0.01278	0.01612	0.01752	0.08967	0.01541	0.01022	0.01483	0.00798	0.01069	0.00708	0.00639	0.00881	0.00174	0.27474	0.00401	0.00249	0.00667
113	0.00690	0.00494	0.00657	0.00779	0.00823	0.00465	0.00541	0.00801	0.01066	0.01413	0.03015	0.69462	0.04935	0.03209	0.00741	0.00230	0.00340	0.09391	0.00502	0.00447
114	0.01030	0.00969	0.01635	0.79530	0.03755	0.01211	0.01514	0.01393	0.01090	0.01393	0.00969	0.01453	0.00727	0.00545	0.00545	0.00182	0.00727	0.00484	0.00242	0.00606
115	0.37482	0.01682	0.01487	0.01279	0.03215	0.29716	0.12571	0.01824	0.01217	0.01886	0.00865	0.01052	0.00692	0.00599	0.02204	0.00176	0.00735	0.00381	0.00304	0.00632
116	0.01349	0.01295	0.02213	0.03346	0.77440	0.01295	0.01673	0.01673	0.01241	0.01781	0.01025	0.01349	0.00864	0.00486	0.00540	0.00162	0.00648	0.00486	0.00270	0.00864
117	0.01208	0.01165	0.02023	0.36095	0.41329	0.01264	0.05935	0.01557	0.01179	0.01612	0.01006	0.01401	0.00803	0.00510	0.00548	0.00172	0.00698	0.00494	0.00258	0.00745
118	0.02143	0.00861	0.01168	0.00919	0.01287	0.00749	0.00749	0.02362	0.01557	0.64121	0.15733	0.02257	0.02037	0.00754	0.00565	0.00169	0.00426	0.00628	0.00661	0.00853
119	0.01016	0.00508	0.00508	0.00508	0.00635	0.00508	0.00381	0.01270	0.01143	0.02033	0.01778	0.02033	0.01397	0.00635	0.00381	0.00127	0.00254	0.00508	0.83867	0.00508
120	0.00793	0.00529	0.00595	0.00595	0.00595	0.00529	0.00330	0.00793	0.00793	0.01057	0.01718	0.03568	0.01982	0.80840	0.02775	0.00529	0.00529	0.00793	0.00330	0.00330
121	0.01564	0.00988	0.01197	0.00879	0.01343	0.00802	0.00713	0.05844	0.01334	0.23913	0.01330	0.01351	0.00971	0.00496	0.00453	0.00111	0.00432	0.00398	0.00437	0.55444
122	0.05869	0.00625	0.04576	0.00753	0.00813	0.00557	0.00557	0.00813	0.00745	0.01074	0.00938	0.01587	0.00913	0.01744	0.01945	0.75017	0.00487	0.00459	0.00242	0.00286
123	0.00772	0.00557	0.00729	0.00686	0.00814	0.00514	0.00514	0.01029	0.01543	0.02186	0.77152	0.04072	0.05144	0.01115	0.00643	0.00171	0.00257	0.00986	0.00600	0.00514
124	0.84691	0.01054	0.00801	0.00717	0.01054	0.01223	0.00590	0.01603	0.00928	0.02446	0.00759	0.00886	0.00590	0.00506	0.00337	0.00169	0.00422	0.00295	0.00337	0.00590
125	0.02072	0.01527	0.01636	0.01254	0.01691	0.01691	0.01036	0.75622	0.02563	0.03436	0.01309	0.01309	0.00927	0.00654	0.00545	0.00164	0.00600	0.00491	0.00545	0.00927
126	0.00912	0.00814	0.01277	0.01169	0.01273	0.00912	0.10640	0.01081	0.01047	0.01447	0.02137	0.39998	0.02421	0.01320	0.00983	0.00225	0.21324	0.10086	0.00405	0.00529
127	0.02446	0.00928	0.01265	0.00970	0.01392	0.00801	0.00801	0.02657	0.01560	0.77817	0.02151	0.01856	0.01350	0.00675	0.00548	0.00169	0.00464	0.00548	0.00675	0.00928
128	0.84691	0.01054	0.00801	0.00717	0.01054	0.01223	0.00590	0.01603	0.00928	0.02446	0.00759	0.00886	0.00590	0.00506	0.00337	0.00169	0.00422	0.00295	0.00337	0.00590
129	0.00947	0.00473	0.00710	0.00710	0.00710	0.00473	0.00473	0.00710	0.00710	0.00947	0.00947	0.01657	0.00947	0.01894	0.02131	0.84138	0.00473	0.00473	0.00237	0.00237
130	0.00925	0.00797	0.00821	0.00772	0.01006	0.00814	0.00591	0.01618	0.30955	0.01792	0.04218	0.03978	0.47371	0.01127	0.00609	0.00184	0.00337	0.00940	0.00525	0.00619
131	0.00736	0.00554	0.00681	0.00653	0.00794	0.00499	0.00488	0.00958	0.01454	0.01982	0.56805	0.06097	0.23905	0.01197	0.00645	0.00176	0.00263	0.01042	0.00574	0.00499
132	0.01130	0.00969	0.01130	0.00807	0.01292	0.00727	0.00646	0.01373	0.01130	0.01776	0.00969	0.01130	0.00807	0.00404	0.00404	0.00081	0.00404	0.00323	0.00323	0.84173
133	0.00651	0.00553	0.00561	0.00559	0.00740	0.00463	0.00419	0.00795	0.01258	0.01509	0.09178	0.05187	0.73541	0.01367	0.00644	0.00183	0.00275	0.01142	0.00511	0.00463
134	0.01007	0.00919	0.01313	0.01182	0.01225	0.01225	0.00963	0.01160	0.00853	0.01291	0.01050	0.01619	0.01007	0.02363	0.36359	0.00525	0.44602	0.00525	0.00263	0.00547
135	0.01366	0.01134	0.01245	0.05695	0.01538	0.01304	0.00890	0.02752	0.67104	0.05282	0.04041	0.02044	0.01685	0.00735	0.00556	0.00184	0.00446	0.00615	0.00542	0.00842
136	0.00664	0.00477	0.00630	0.00753	0.00789	0.00443	0.00503	0.00760	0.01050	0.01394	0.03081	0.78198	0.05843	0.01698	0.00694	0.00220	0.00315	0.01538	0.00506	0.00443
137	0.01250	0.01412	0.03065	0.02207	0.02728	0.01324	0.71061	0.01688	0.01273	0.01726	0.01215	0.06108	0.00990	0.00533	0.00646	0.00186	0.00884	0.00697	0.00289	0.00718
138	0.01109	0.01059	0.01738	0.54627	0.15808	0.01296	0.01491	0.01428	0.01076	0.01446	0.00939	0.01396	0.00748	0.00598	0.00736	0.00187	0.12940	0.00484	0.00246	0.00648
139	0.01228	0.23785	0.51273	0.01356	0.02016	0.03097	0.01630	0.03262	0.01163	0.01613	0.00932	0.01125	0.00724	0.02101	0.00547	0.00165	0.02596	0.00383	0.00241	0.00762
140	0.84691	0.01054	0.00801	0.00717	0.01054	0.01223	0.00590	0.01603	0.00928	0.02446	0.00759	0.00886	0.00590	0.00506	0.00337	0.00169	0.00422	0.00295	0.00337	0.00590
141	0.76173	0.04484	0.00878	0.00719	0.01042	0.01223	0.00590	0.01556	0.00928	0.02314	0.00815	0.01043	0.00677	0.05219	0.00481	0.00188	0.00435	0.00324	0.00332	0.00580
142	0.00873	0.00623	0.00872	0.00998	0.01121	0.00623	0.00869	0.01120	0.01249	0.01625	0.02890	0.08119	0.03150	0.01511	0.00751	0.00250	0.00497	0.71856	0.00502	0.00500
143	0.01215	0.02229	0.55953	0.01351	0.02001	0.01104	0.01627	0.01761	0.03018	0.10994	0.10114	0.03568	0.01387	0.00642	0.00542	0.00174	0.00679	0.00522	0.00342	0.00779
144	0.00718	0.00555	0.00655	0.00630	0.00782	0.00492	0.00472	0.00926	0.01417	0.01888	0.47172	0.04564	0.35310	0.01226	0.00644	0.00177	0.00265	0.01055	0.00561	0.00492
145	0.00933	0.00733	0.00864	0.00801	0.00983	0.00753	0.00609	0.01552	0.22985	0.02178	0.52112	0.03547	0.07747	0.01020	0.00618	0.00176	0.00308	0.00888	0.00582	0.00612
146	0.01458	0.81168	0.02857	0.00933	0.01399	0.02157	0.00933	0.01632	0.01108	0.01283	0.00758	0.00875	0.00700	0.00466	0.00350	0.00117	0.00583	0.00292	0.00233	0.00700
147	0.01016	0.00508	0.00508	0.00508	0.00635	0.00508	0.00381	0.01270	0.01143	0.02033	0.01778	0.02033	0.01397	0.00635	0.00381	0.00127	0.00254	0.00508	0.83867	0.00508
148	0.02037	0.02598	0.01545	0.01404	0.01685	0.78652	0.01053	0.02177	0.01545	0.01334	0.00843	0.00983	0.00702	0.00562	0.00492	0.00140	0.00983	0.00351	0.00281	0.00632
149	0.02037	0.02598	0.01545	0.01404	0.01685	0.78652	0.01053	0.02177	0.01545	0.01334	0.00843	0.00983	0.00702	0.00562	0.00492	0.00140	0.00983	0.00351	0.00281	0.00632
150	0.01101	0.01176	0.02288	0.01706	0.02082	0.01151	0.45893	0.01424	0.01200	0.01598	0.02117	0.02429	0.18542	0.05164	0.00886	0.00209	0.09322	0.00751	0.00328	0.00634
151	0.00772	0.00557	0.00729	0.00686	0.00814	0.00514	0.00514	0.01029	0.01543	0.02186	0.77152	0.04072	0.05144	0.01115	0.00643	0.00171	0.00257	0.00986	0.00600	0.00514
152	0.01349	0.01295	0.02213	0.03346	0.77440	0.01295	0.01673	0.01673	0.01241	0.01781	0.01025	0.01349	0.00864	0.00486	0.00540	0.00162	0.00648	0.00486	0.00270	0.00864
153	0.01400	0.01235	0.01241	0.01107	0.01416	0.05195	0.00862	0.07032	0.64943	0.02264	0.02248	0.02086	0.05023	0.00755	0.00555	0.00181	0.00462	0.00620	0.00538	0.00837
154	0.02446	0.00928	0.01265	0.00970	0.01392	0.00801	0.00801	0.02657	0.01560	0.77817	0.02151	0.01856	0.01350	0.00675	0.00548	0.00169	0.00464	0.00548	0.00675	0.00928
155	0.01984	0.00973	0.01198	0.00964	0.01336	0.00931	0.00782	0.08856	0.14719	0.47971	0.02535	0.02287	0.11397	0.00778	0.00562	0.00173	0.00445	0.00635	0.00620	0.00855
156	0.01876	0.24949	0.01934	0.01248	0.01604	0.45743	0.01016	0.12518	0.01565	0.01620	0.00885	0.00999	0.00734	0.00548	0.00459	0.00137	0.00814	0.00354	0.00305	0.00694
157	0.00784	0.00564	0.00775	0.00775	0.00837	0.00626	0.00555	0.00908	0.00846	0.01190	0.01553	0.02655	0.01586	0.31737	0.51336	0.00751	0.01125	0.00659	0.00306	0.00430
158	0.00793	0.00529	0.00595	0.00595	0.00595	0.00529	0.00330	0.00793	0.00793	0.01057	0.01718	0.03568	0.01982	0.80840	0.02775	0.00529	0.00529	0.00793	0.00330	0.00330
159	0.34690	0.01963	0.01253	0.01129	0.01436	0.46246	0.00870	0.03684	0.01325	0.01823	0.00821	0.00952	0.00663	0.00542	0.00432	0.00152	0.00752	0.00332	0.00309	0.00623
160	0.01657	0.11249	0.03561	0.04216	0.06098	0.26485	0.01016	0.16294	0.01550	0.01885	0.00973	0.01113	0.00781	0.00525	0.00470	0.00132	0.00688	0.00379	0.00334	0.20595
161	0.02072	0.01527	0.01636	0.01254	0.01691	0.01691	0.01036	0.75622	0.02563	0.03436	0.01309	0.01309	0.00927	0.00654	0.00545	0.00164	0.00600	0.00491	0.00545	0.00927
162	0.01016	0.00508	0.00508	0.00508	0.00635	0.00508	0.00381	0.01270	0.01143	0.02033	0.01778	0.02033	0.01397	0.00635	0.00381	0.00127	0.00254	0.00508	0.83867	0.00508
163	0.02446	0.00928	0.01265	0.00970	0.01392	0.00801	0.00801	0.02657	0.01560	0.77817	0.02151	0.01856	0.01350	0.00675	0.00548	0.00169	0.00464	0.00548	0.00675	0.00928
164	0.02321	0.00623	0.00793	0.00717	0.00887	0.00574	0.00546	0.02670	0.01534	0.05654	0.67053	0.03713	0.04589	0.01039	0.00620	0.00167	0.00284	0.00911	0.00584	0.04721
165	0.01332	0.01466	0.01205	0.01132	0.01300	0.33429	0.00869	0.01499	0.01154	0.01297	0.01156	0.01598	0.01046	0.02417	0.41166	0.00528	0.06088	0.00480	0.00284	0.00554
166	0.02179	0.01356	0.01530	0.01173	0.01605	0.01437	0.00969	0.54785	0.02277	0.24677	0.01549	0.01465	0.01048	0.00660	0.00546	0.00165	0.00561	0.00507	0.00582	0.00927
167	0.00664	0.00474	0.00633	0.00759	0.00791	0.00443	0.00506	0.00759	0.01044	0.01392	0.03005	0.80485	0.03606	0.01708	0.00696	0.00221	0.00316	0.01550	0.00506	0.00443
168	0.01012	0.00809	0.00861	0.02449	0.01053	0.00799	0.00605	0.17125	0.06042	0.01986	0.08519	0.04052	0.50316	0.01152	0.00615	0.00179	0.00364	0.00952	0.00517	0.00592
169	0.01551	0.68529	0.02646	0.01009	0.01445	0.14463	0.00952	0.01720	0.01178	0.01291	0.00772	0.00892	0.00700	0.00482	0.00373	0.00120	0.00647	0.00301	0.00241	0.00689
170	0.01328	0.01274	0.02175	0.08327	0.72622	0.01290	0.01663	0.01655	0.01231	0.01756	0.01022	0.01356	0.00855	0.00490	0.00540	0.00163	0.00653	0.00486	0.00268	0.00847
171	0.00860	0.00713	0.00930	0.00917	0.01024	0.05275	0.00712	0.01050	0.00915	0.01270	0.01411	0.02057	0.01313	0.03825	0.72709	0.00822	0.02842	0.00569	0.00290	0.00497
172	0.02037	0.02598	0.01545	0.01404	0.01685	0.78652	0.01053	0.02177	0.01545	0.01334	0.00843	0.00983	0.00702	0.00562	0.00492	0.00140	0.00983	0.00351	0.00281	0.00632
173	0.01130	0.00969	0.01130	0.00807	0.01292	0.00727	0.00646	0.01373	0.01130	0.01776	0.00969	0.01130	0.00807	0.00404	0.00404	0.00081	0.00404	0.00323	0.00323	0.84173
174	0.00644	0.00552	0.00552	0.00552	0.00736	0.00460	0.00414	0.00782	0.01243	0.01473	0.05523	0.05247	0.77218	0.01381	0.00644	0.00184	0.00276	0.01151	0.00506	0.00460
175	0.84691	0.01054	0.00801	0.00717	0.01054	0.01223	0.00590	0.01603	0.00928	0.02446	0.00759	0.00886	0.00590	0.00506	0.00337	0.00169	0.00422	0.00295	0.00337	0.00590
176	0.01458	0.81168	0.02857	0.00933	0.01399	0.02157	0.00933	0.01632	0.01108	0.01283	0.00758	0.00875	0.00700	0.00466	0.00350	0.00117	0.00583	0.00292	0.00233	0.00700
177	0.02037	0.02598	0.01545	0.01404	0.01685	0.78652	0.01053	0.02177	0.01545	0.01334	0.00843	0.00983	0.00702	0.00562	0.00492	0.00140	0.00983	0.00351	0.00281	0.00632
178	0.02072	0.01527	0.01636	0.01254	0.01691	0.01691	0.01036	0.75622	0.02563	0.03436	0.01309	0.01309	0.00927	0.00654	0.00545	0.00164	0.00600	0.00491	0.00545	0.00927
179	0.01616	0.57141	0.03942	0.01080	0.01500	0.24050	0.00988	0.01790	0.01234	0.01306	0.00786	0.00911	0.00700	0.00495	0.00394	0.00125	0.00702	0.00311	0.00247	0.00682
180	0.01366	0.01351	0.02181	0.07020	0.67645	0.05223	0.03876	0.01687	0.01251	0.01738	0.01016	0.01340	0.00847	0.00492	0.00541	0.00162	0.00677	0.00484	0.00269	0.00835
181	0.00671	0.00477	0.00631	0.00751	0.00781	0.00447	0.00497	0.00761	0.01031	0.01375	0.02941	0.76643	0.03525	0.05660	0.00800	0.00237	0.00327	0.01512	0.00497	0.00437
182	0.01016	0.00508	0.00508	0.00508	0.00635	0.00508	0.00381	0.01270	0.01143	0.02033	0.01778	0.02033	0.01397	0.00635	0.00381	0.00127	0.00254	0.00508	0.83867	0.00508
183	0.03776	0.01331	0.01443	0.01211	0.03020	0.05894	0.02778	0.25758	0.30003	0.16243	0.01752	0.01656	0.01256	0.00673	0.00544	0.00172	0.00539	0.00539	0.00540	0.00872
184	0.00664	0.00474	0.00633	0.00759	0.00791	0.00443	0.00506	0.00759	0.01044	0.01392	0.03005	0.80485	0.03606	0.01708	0.00696	0.00221	0.00316	0.01550	0.00506	0.00443
185	0.01016	0.00508	0.00508	0.00508	0.00635	0.00508	0.00381	0.01270	0.01143	0.02033	0.01778	0.02033	0.01397	0.00635	0.00381	0.00127	0.00254	0.00508	0.83867	0.00508
186	0.01311	0.01132	0.01226	0.02980	0.03355	0.01292	0.00870	0.04229	0.65667	0.02212	0.02382	0.02223	0.07154	0.00774	0.00561	0.00184	0.00436	0.00646	0.00536	0.00829
187	0.84691	0.01054	0.00801	0.00717	0.01054	0.01223	0.00590	0.01603	0.00928	0.02446	0.00759	0.00886	0.00590	0.00506	0.00337	0.00169	0.00422	0.00295	0.00337	0.00590
188	0.01184	0.01184	0.05986	0.02482	0.51103	0.01077	0.01362	0.01505	0.01305	0.01877	0.19613	0.01993	0.01897	0.00637	0.00558	0.00161	0.00550	0.00596	0.00351	0.04580
189	0.00695	0.00554	0.00622	0.00605	0.00767	0.00482	0.00454	0.00880	0.01362	0.01755	0.33879	0.04782	0.48686	0.01275	0.00644	0.00179	0.00269	0.01085	0.00543	0.00482
190	0.01177	0.01007	0.01206	0.00866	0.01350	0.00787	0.02559	0.04773	0.01200	0.01851	0.00988	0.01147	0.00813	0.00417	0.00416	0.00087	0.00426	0.00339	0.00332	0.78257

[dist]
# distance from previous block
# <min> <max>
0	1

[block]
# block no. 4 follows, 44 sequences, length 114
# corresponding to MSA columns:
# 704-817
name=unknown_E
#
# <colnr> <probs for GDERKNQSTAVLIFYWHMCP>
#	G	D	E	R	K	N	Q	S	T	A	V	L	I	F	Y	W	H	M	C	P
0	0.80218	0.01054	0.00822	0.00734	0.01067	0.01218	0.00601	0.03761	0.00979	0.02450	0.00830	0.02831	0.00674	0.00540	0.00352	0.00170	0.00424	0.00331	0.00348	0.00597
1	0.01151	0.01093	0.01855	0.50537	0.31797	0.01243	0.01575	0.01500	0.01148	0.01541	0.00990	0.01414	0.00779	0.00522	0.00543	0.00174	0.00697	0.00485	0.00253	0.00704
2	0.01016	0.00508	0.00508	0.00508	0.00635	0.00508	0.00381	0.01270	0.01143	0.02033	0.01778	0.02033	0.01397	0.00635	0.00381	0.00127	0.00254	0.00508	0.83867	0.00508
3	0.01783	0.01383	0.01473	0.01196	0.01580	0.01556	0.00966	0.46260	0.32396	0.02969	0.01676	0.01602	0.01225	0.00689	0.00549	0.00172	0.00532	0.00542	0.00549	0.00901
4	0.01819	0.01051	0.01287	0.04163	0.01485	0.00986	0.00822	0.19586	0.01656	0.31025	0.05836	0.03698	0.01355	0.00646	0.00519	0.00147	0.00476	0.00524	0.00527	0.22390
5	0.01809	0.01180	0.01540	0.07799	0.06560	0.03206	0.06365	0.11381	0.22896	0.28637	0.01789	0.01724	0.01251	0.00650	0.00554	0.00174	0.00551	0.00553	0.00524	0.00857
6	0.01458	0.81168	0.02857	0.00933	0.01399	0.02157	0.00933	0.01632	0.01108	0.01283	0.00758	0.00875	0.00700	0.00466	0.00350	0.00117	0.00583	0.00292	0.00233	0.00700
7	0.01183	0.01000	0.01159	0.00833	0.01314	0.00781	0.00668	0.05548	0.01211	0.01870	0.00988	0.01141	0.00814	0.00418	0.00412	0.00085	0.00415	0.00332	0.00336	0.79492
8	0.00779	0.00584	0.00876	0.00876	0.00974	0.00681	0.00681	0.00974	0.00876	0.01266	0.01460	0.02142	0.01363	0.04089	0.78680	0.00876	0.01460	0.00584	0.00292	0.00487
9	0.01404	0.00714	0.00912	0.00796	0.00974	0.00694	0.00578	0.04494	0.01140	0.27286	0.01805	0.02655	0.01620	0.37457	0.14659	0.00450	0.00666	0.00662	0.00450	0.00584
10	0.84691	0.01054	0.00801	0.00717	0.01054	0.01223	0.00590	0.01603	0.00928	0.02446	0.00759	0.00886	0.00590	0.00506	0.00337	0.00169	0.00422	0.00295	0.00337	0.00590
11	0.00783	0.00566	0.00785	0.00785	0.00851	0.00632	0.00568	0.00915	0.00849	0.01198	0.01544	0.02604	0.01563	0.28951	0.54092	0.00764	0.01158	0.00652	0.00304	0.00436
12	0.01229	0.32006	0.50017	0.01323	0.02002	0.01598	0.01611	0.01691	0.01135	0.01561	0.00896	0.01048	0.00694	0.00499	0.00455	0.00152	0.00723	0.00361	0.00231	0.00766
13	0.84691	0.01054	0.00801	0.00717	0.01054	0.01223	0.00590	0.01603	0.00928	0.02446	0.00759	0.00886	0.00590	0.00506	0.00337	0.00169	0.00422	0.00295	0.00337	0.00590
14	0.02446	0.00928	0.01265	0.00970	0.01392	0.00801	0.00801	0.02657	0.01560	0.77817	0.02151	0.01856	0.01350	0.00675	0.00548	0.00169	0.00464	0.00548	0.00675	0.00928
15	0.00793	0.00529	0.00595	0.00595	0.00595	0.00529	0.00330	0.00793	0.00793	0.01057	0.01718	0.03568	0.01982	0.80840	0.02775	0.00529	0.00529	0.00793	0.00330	0.00330
16	0.01086	0.01026	0.01736	0.66172	0.16675	0.01226	0.01542	0.01442	0.01117	0.01461	0.00979	0.01435	0.00751	0.00535	0.00544	0.00178	0.00713	0.00485	0.00247	0.00651
17	0.01016	0.00508	0.00508	0.00508	0.00635	0.00508	0.00381	0.01270	0.01143	0.02033	0.01778	0.02033	0.01397	0.00635	0.00381	0.00127	0.00254	0.00508	0.83867	0.00508
18	0.00664	0.00474	0.00633	0.00759	0.00791	0.00443	0.00506	0.00759	0.01044	0.01392	0.03005	0.80485	0.03606	0.01708	0.00696	0.00221	0.00316	0.01550	0.00506	0.00443
19	0.00699	0.00501	0.00665	0.00743	0.00804	0.00467	0.00516	0.00843	0.01190	0.01622	0.24098	0.57307	0.04034	0.01535	0.00682	0.00208	0.00303	0.02786	0.00533	0.00464
20	0.01093	0.02820	0.78016	0.01554	0.02360	0.01266	0.02014	0.01727	0.01151	0.01727	0.00978	0.01151	0.00691	0.00518	0.00518	0.00173	0.00806	0.00403	0.00230	0.00806
21	0.02088	0.01036	0.01468	0.01483	0.17529	0.00966	0.00991	0.08596	0.01577	0.51122	0.06001	0.01824	0.01421	0.00657	0.00551	0.00167	0.00503	0.00554	0.00574	0.00891
22	0.84691	0.01054	0.00801	0.00717	0.01054	0.01223	0.00590	0.01603	0.00928	0.02446	0.00759	0.00886	0.00590	0.00506	0.00337	0.00169	0.00422	0.00295	0.00337	0.00590
23	0.01411	0.71146	0.12471	0.01012	0.01522	0.02043	0.01071	0.01644	0.01113	0.01339	0.00786	0.00910	0.00698	0.00473	0.00371	0.00124	0.00612	0.00306	0.00233	0.00713
24	0.00731	0.00556	0.00673	0.00643	0.00790	0.00497	0.00483	0.00951	0.01448	0.01960	0.54413	0.04445	0.28024	0.01199	0.00643	0.00175	0.00263	0.01038	0.00570	0.00497
