[name]
unknown

[dist]
# distance from previous block
# <min> <max>
43	302

[block]
# block no. 0 follows, 47 sequences, length 106
# corresponding to MSA columns:
# 387-483,485-493
name=unknown_A
#
# <colnr> <probs for GDERKNQSTAVLIFYWHMCP>
#	G	D	E	R	K	N	Q	S	T	A	V	L	I	F	Y	W	H	M	C	P
0	0.03221	0.05039	0.04112	0.00834	0.01024	0.06198	0.00651	0.03639	0.12122	0.07160	0.01942	0.05734	0.07031	0.29387	0.04416	0.00315	0.00538	0.05704	0.00393	0.00540
1	0.02916	0.16739	0.01375	0.06763	0.04886	0.06767	0.02306	0.01388	0.08094	0.03537	0.10599	0.13625	0.08642	0.05010	0.00699	0.02363	0.02634	0.00704	0.00377	0.00574
2	0.01052	0.00976	0.01613	0.70062	0.10467	0.01183	0.01442	0.04402	0.01112	0.01444	0.00944	0.01374	0.00714	0.00520	0.00520	0.00171	0.00682	0.00463	0.00246	0.00614
3	0.01361	0.01135	0.00889	0.00805	0.01005	0.21094	0.00616	0.11812	0.01378	0.01953	0.01406	0.01587	0.01101	0.00591	0.00413	0.00129	0.00468	0.00444	0.51240	0.00571
4	0.85377	0.01007	0.00765	0.00685	0.01007	0.01168	0.00564	0.01531	0.00886	0.02336	0.00725	0.00846	0.00564	0.00483	0.00322	0.00161	0.00403	0.00282	0.00322	0.00564
5	0.01289	0.01237	0.02114	0.03196	0.78450	0.01237	0.01598	0.01598	0.01186	0.01701	0.00980	0.01289	0.00825	0.00464	0.00516	0.00155	0.00619	0.00464	0.00258	0.00825
6	0.00677	0.00528	0.00614	0.00597	0.00742	0.00465	0.00446	0.00865	0.01326	0.01746	0.41729	0.06501	0.39498	0.01200	0.00616	0.00171	0.00256	0.01031	0.00529	0.00465
7	0.00798	0.00696	0.00898	0.01151	0.15671	0.02987	0.00690	0.00951	0.01123	0.01434	0.03327	0.33458	0.30357	0.01254	0.00614	0.00186	0.00373	0.03084	0.00434	0.00513
8	0.01495	0.01255	0.01760	0.13880	0.32665	0.01364	0.01294	0.31173	0.01646	0.02247	0.01117	0.03292	0.00891	0.00579	0.00557	0.00162	0.02974	0.00491	0.00362	0.00794
9	0.00735	0.00558	0.00695	0.00741	0.00879	0.00518	0.00605	0.00934	0.01244	0.01603	0.18407	0.06807	0.30202	0.01327	0.00661	0.00202	0.00353	0.32565	0.00499	0.00466
10	0.00933	0.00841	0.01301	0.28833	0.01977	0.01001	0.04347	0.01194	0.01164	0.01622	0.30820	0.02305	0.02332	0.00813	0.00820	0.00182	0.17949	0.00654	0.00365	0.00548
11	0.00634	0.00453	0.00604	0.00725	0.00755	0.00423	0.00483	0.00725	0.00997	0.01329	0.02870	0.81358	0.03444	0.01632	0.00665	0.00211	0.00302	0.01480	0.00483	0.00423
12	0.01163	0.01182	0.07549	0.07052	0.30018	0.01134	0.01185	0.01872	0.26772	0.01856	0.09426	0.03960	0.03226	0.00662	0.00535	0.00167	0.00512	0.00589	0.00388	0.00751
13	0.01945	0.02482	0.01476	0.01342	0.01610	0.79608	0.01006	0.02079	0.01476	0.01275	0.00805	0.00939	0.00671	0.00537	0.00470	0.00134	0.00939	0.00335	0.00268	0.00604
14	0.00757	0.00505	0.00568	0.00568	0.00568	0.00505	0.00316	0.00757	0.00757	0.01010	0.01641	0.03408	0.01893	0.81698	0.02651	0.00505	0.00505	0.00757	0.00316	0.00316
15	0.00839	0.00599	0.00839	0.00959	0.01079	0.00599	0.00839	0.01079	0.01199	0.01558	0.02757	0.05874	0.02997	0.01439	0.00719	0.00240	0.00480	0.74945	0.00480	0.00480
16	0.00971	0.00485	0.00485	0.00485	0.00607	0.00485	0.00364	0.01213	0.01092	0.01942	0.01699	0.01942	0.01335	0.00607	0.00364	0.00121	0.00243	0.00485	0.84589	0.00485
17	0.01139	0.01139	0.01595	0.01367	0.01367	0.01595	0.01139	0.01253	0.00798	0.01253	0.00684	0.01139	0.00684	0.00911	0.01709	0.00228	0.80745	0.00456	0.00228	0.00570
18	0.01720	0.01301	0.03897	0.23141	0.02144	0.03376	0.01117	0.42011	0.01868	0.12389	0.01243	0.01343	0.00872	0.00592	0.00519	0.00161	0.00605	0.00468	0.00441	0.00790
19	0.01622	0.01943	0.01524	0.01352	0.01512	0.48275	0.01060	0.01748	0.01203	0.01266	0.00756	0.01020	0.00676	0.00687	0.00967	0.00172	0.32992	0.00384	0.00252	0.00590
20	0.00684	0.00486	0.00648	0.00735	0.00777	0.00479	0.00509	0.00785	0.00957	0.01285	0.02487	0.53301	0.02900	0.13839	0.11159	0.00338	0.00488	0.07293	0.00432	0.00417
21	0.01106	0.00916	0.10935	0.06666	0.01239	0.00730	0.00766	0.01398	0.05375	0.13976	0.12010	0.06978	0.01939	0.19385	0.05809	0.00282	0.00519	0.00669	0.08731	0.00570
22	0.00690	0.00531	0.00632	0.00619	0.00761	0.00474	0.00469	0.00886	0.01333	0.01769	0.43334	0.06392	0.34423	0.01199	0.00621	0.00173	0.00265	0.04429	0.00530	0.00468
23	0.01186	0.10738	0.58935	0.01398	0.02047	0.08126	0.01679	0.03556	0.01148	0.01596	0.00898	0.01064	0.00668	0.00516	0.00532	0.00159	0.04406	0.00375	0.00232	0.00739
24	0.00736	0.00498	0.00583	0.00610	0.00619	0.00492	0.00364	0.00761	0.00817	0.01088	0.01910	0.18432	0.02224	0.63913	0.02211	0.00441	0.00465	0.03142	0.00353	0.00341
25	0.31105	0.01682	0.01251	0.01116	0.01347	0.35698	0.00879	0.01714	0.01127	0.01643	0.00751	0.00948	0.00636	0.00596	0.00677	0.00163	0.17462	0.00342	0.00279	0.00583
26	0.01278	0.01117	0.01551	0.01786	0.31854	0.01027	0.01053	0.11074	0.01297	0.01902	0.00989	0.01184	0.00807	0.00447	0.00454	0.00118	0.00502	0.00391	0.00316	0.40853
27	0.01353	0.01501	0.01480	0.43206	0.02598	0.30713	0.01215	0.01604	0.01196	0.01335	0.00906	0.01234	0.00715	0.00549	0.00549	0.00159	0.04451	0.00416	0.04239	0.00583
28	0.01179	0.00638	0.00792	0.00693	0.00919	0.00556	0.00541	0.01371	0.01378	0.25092	0.29488	0.03643	0.29592	0.01027	0.00587	0.00167	0.00312	0.00870	0.00563	0.00593
29	0.01945	0.02482	0.01476	0.01342	0.01610	0.79608	0.01006	0.02079	0.01476	0.01275	0.00805	0.00939	0.00671	0.00537	0.00470	0.00134	0.00939	0.00335	0.00268	0.00604
30	0.00718	0.00492	0.00591	0.00624	0.00644	0.00479	0.00383	0.00769	0.00897	0.01207	0.09128	0.27068	0.02644	0.49946	0.01860	0.00384	0.00419	0.00994	0.00390	0.00364
31	0.00666	0.00478	0.00629	0.00739	0.00786	0.00450	0.00518	0.00773	0.01021	0.01348	0.02913	0.64444	0.06857	0.05245	0.00760	0.00227	0.00332	0.10913	0.00475	0.00426
32	0.00737	0.00532	0.00696	0.00655	0.00778	0.00491	0.00491	0.00983	0.01474	0.02088	0.78175	0.03890	0.04914	0.01065	0.00614	0.00164	0.00246	0.00942	0.00573	0.00491
33	0.85377	0.01007	0.00765	0.00685	0.01007	0.01168	0.00564	0.01531	0.00886	0.02336	0.00725	0.00846	0.00564	0.00483	0.00322	0.00161	0.00403	0.00282	0.00322	0.00564
34	0.01473	0.01471	0.01629	0.15399	0.22650	0.21003	0.02636	0.16100	0.01461	0.01800	0.01156	0.08656	0.01018	0.00631	0.00522	0.00159	0.00679	0.00530	0.00328	0.00699
35	0.01945	0.02482	0.01476	0.01342	0.01610	0.79608	0.01006	0.02079	0.01476	0.01275	0.00805	0.00939	0.00671	0.00537	0.00470	0.00134	0.00939	0.00335	0.00268	0.00604
36	0.85377	0.01007	0.00765	0.00685	0.01007	0.01168	0.00564	0.01531	0.00886	0.02336	0.00725	0.00846	0.00564	0.00483	0.00322	0.00161	0.00403	0.00282	0.00322	0.00564
37	0.01849	0.01333	0.01424	0.01106	0.01485	0.01469	0.00909	0.66967	0.02273	0.03109	0.01308	0.01340	0.00944	0.00623	0.00501	0.00152	0.00530	0.00471	0.11373	0.00834
38	0.85377	0.01007	0.00765	0.00685	0.01007	0.01168	0.00564	0.01531	0.00886	0.02336	0.00725	0.00846	0.00564	0.00483	0.00322	0.00161	0.00403	0.00282	0.00322	0.00564
39	0.01289	0.01237	0.02114	0.03196	0.78450	0.01237	0.01598	0.01598	0.01186	0.01701	0.00980	0.01289	0.00825	0.00464	0.00516	0.00155	0.00619	0.00464	0.00258	0.00825
40	0.01980	0.01459	0.01563	0.01198	0.01615	0.01615	0.00990	0.76713	0.02448	0.03282	0.01250	0.01250	0.00886	0.00625	0.00521	0.00156	0.00573	0.00469	0.00521	0.00886
41	0.02336	0.00886	0.01209	0.00927	0.01329	0.00765	0.00765	0.02538	0.01491	0.78810	0.02055	0.01773	0.01289	0.00645	0.00524	0.00161	0.00443	0.00524	0.00645	0.00886
42	0.00670	0.00530	0.00604	0.00585	0.00737	0.00463	0.00439	0.00854	0.01317	0.01714	0.38168	0.04506	0.45154	0.01204	0.00615	0.00170	0.00256	0.01028	0.00524	0.00463
43	0.00628	0.00479	0.00577	0.00656	0.00737	0.00429	0.00453	0.00733	0.01064	0.01357	0.03716	0.54520	0.29737	0.01522	0.00647	0.00199	0.00289	0.01346	0.00483	0.00429
44	0.01947	0.00996	0.01214	0.00987	0.01351	0.00994	0.00797	0.06004	0.28784	0.47895	0.02041	0.01810	0.01378	0.00666	0.00526	0.00166	0.00438	0.00545	0.00598	0.00864
45	0.06268	0.00892	0.01188	0.00915	0.01314	0.00784	0.00756	0.02490	0.01462	0.75190	0.01992	0.01729	0.01255	0.00637	0.00514	0.00161	0.00441	0.00512	0.00629	0.00871
46	0.00664	0.00478	0.00635	0.00750	0.00801	0.00450	0.00532	0.00778	0.01036	0.01367	0.02967	0.66584	0.06919	0.01588	0.00670	0.00214	0.00327	0.12323	0.00483	0.00432
47	0.01559	0.00895	0.01079	0.00913	0.01208	0.00907	0.00724	0.04507	0.28014	0.30399	0.21277	0.02351	0.02297	0.00772	0.00549	0.00167	0.00386	0.00650	0.00583	0.00765
48	0.00645	0.00493	0.00592	0.00643	0.00740	0.00440	0.00453	0.00776	0.01144	0.01483	0.16207	0.41090	0.30567	0.01425	0.00639	0.00191	0.00279	0.01254	0.00498	0.00440
49	0.85377	0.01007	0.00765	0.00685	0.01007	0.01168	0.00564	0.01531	0.00886	0.02336	0.00725	0.00846	0.00564	0.00483	0.00322	0.00161	0.00403	0.00282	0.00322	0.00564
50	0.00664	0.00473	0.00634	0.00751	0.00792	0.00448	0.00525	0.00772	0.01017	0.01351	0.02824	0.69605	0.03347	0.03670	0.00723	0.00223	0.00330	0.10945	0.00479	0.00428
51	0.55943	0.01019	0.00914	0.00801	0.01126	0.01150	0.00649	0.01938	0.18828	0.11347	0.01208	0.01211	0.00889	0.00555	0.00395	0.00165	0.00410	0.00382	0.00409	0.00663
52	0.28959	0.00974	0.00929	0.00783	0.01067	0.01078	0.00634	0.25945	0.01467	0.02508	0.01233	0.01357	0.00936	0.00572	0.00402	0.00146	0.00403	0.00413	0.29552	0.00642
53	0.01742	0.01651	0.01578	0.15373	0.07739	0.24610	0.01121	0.35656	0.01817	0.02224	0.01041	0.01185	0.00784	0.00568	0.00505	0.00153	0.00706	0.00428	0.00375	0.00743
54	0.02336	0.00886	0.01209	0.00927	0.01329	0.00765	0.00765	0.02538	0.01491	0.78810	0.02055	0.01773	0.01289	0.00645	0.00524	0.00161	0.00443	0.00524	0.00645	0.00886
55	0.15886	0.01061	0.01432	0.39427	0.11902	0.03042	0.01192	0.07850	0.06758	0.01786	0.01083	0.01481	0.00862	0.00567	0.00493	0.00170	0.00600	0.03453	0.00308	0.00647
56	0.01784	0.03566	0.01729	0.01288	0.01682	0.07890	0.20374	0.05504	0.05297	0.36061	0.06164	0.03562	0.01351	0.00627	0.00546	0.00163	0.00592	0.00572	0.00481	0.00770
57	0.01295	0.01119	0.01178	0.01060	0.01354	0.01295	0.00824	0.02767	0.77509	0.02178	0.02120	0.01943	0.01590	0.00707	0.00530	0.00177	0.00412	0.00589	0.00530	0.00824
58	0.01971	0.02183	0.01483	0.01291	0.01598	0.58767	0.00992	0.18601	0.01692	0.05256	0.00960	0.01046	0.00747	0.00561	0.00483	0.00140	0.00836	0.00373	0.00341	0.00679
59	0.00983	0.00926	0.01562	0.80447	0.03587	0.01157	0.01446	0.01331	0.01041	0.01331	0.00926	0.01388	0.00694	0.00521	0.00521	0.00174	0.00694	0.00463	0.00231	0.00579
60	0.01844	0.01006	0.01160	0.00918	0.01254	0.01024	0.00749	0.31121	0.01761	0.29486	0.01649	0.01613	0.01144	0.00627	0.00481	0.00149	0.00442	0.00492	0.22297	0.00782
61	0.01785	0.01520	0.01493	0.05297	0.04976	0.14837	0.01006	0.41677	0.15240	0.04902	0.01323	0.01343	0.00972	0.00613	0.00514	0.00157	0.00612	0.00468	0.00457	0.00808
62	0.01979	0.01530	0.01524	0.01195	0.01592	0.10085	0.00975	0.62484	0.04184	0.07314	0.01269	0.01263	0.00903	0.00619	0.00516	0.00155	0.00602	0.00460	0.00501	0.00853
63	0.00793	0.00524	0.00639	0.00671	0.00792	0.00465	0.00479	0.00917	0.01135	0.08672	0.07640	0.42932	0.29613	0.01399	0.00631	0.00192	0.00299	0.01228	0.00503	0.00476
64	0.01229	0.01251	0.02288	0.08398	0.40687	0.01301	0.23559	0.01554	0.01138	0.01606	0.00959	0.01311	0.00787	0.00519	0.00699	0.00172	0.11044	0.00507	0.00254	0.00738
65	0.03938	0.31589	0.03668	0.01746	0.26471	0.01555	0.04499	0.11316	0.01308	0.05651	0.01016	0.01250	0.00843	0.00513	0.00452	0.00143	0.00585	0.02398	0.00306	0.00754
66	0.00650	0.00460	0.00600	0.00706	0.00732	0.00433	0.00463	0.00729	0.00967	0.01290	0.02718	0.71734	0.03253	0.11517	0.00910	0.00248	0.00327	0.01391	0.00463	0.00410
67	0.00627	0.00528	0.00543	0.00539	0.00710	0.00444	0.00405	0.00769	0.01214	0.01470	0.12053	0.04907	0.71422	0.01295	0.00615	0.00175	0.00262	0.01084	0.00492	0.00444
68	0.01227	0.01174	0.02002	0.18777	0.63350	0.01221	0.01568	0.01544	0.01157	0.01627	0.00969	0.01309	0.00799	0.00475	0.00517	0.00158	0.00634	0.00464	0.00252	0.00775
69	0.01566	0.01868	0.01548	0.05098	0.01642	0.45271	0.04488	0.01717	0.01226	0.01294	0.00978	0.01218	0.04029	0.00679	0.00860	0.00168	0.25073	0.00424	0.00263	0.00590
70	0.85377	0.01007	0.00765	0.00685	0.01007	0.01168	0.00564	0.01531	0.00886	0.02336	0.00725	0.00846	0.00564	0.00483	0.00322	0.00161	0.00403	0.00282	0.00322	0.00564
71	0.01075	0.02479	0.66376	0.01602	0.02332	0.01227	0.14334	0.01652	0.01121	0.01652	0.00954	0.01150	0.00681	0.00485	0.00515	0.00167	0.00788	0.00423	0.00227	0.00758
72	0.01761	0.01179	0.01318	0.01063	0.01433	0.01261	0.00859	0.30678	0.27749	0.19133	0.02953	0.01634	0.01273	0.00653	0.00520	0.00161	0.00476	0.00522	0.00542	0.04835
73	0.01622	0.01440	0.01924	0.01476	0.01888	0.07848	0.23844	0.30592	0.17161	0.04728	0.01355	0.01428	0.00994	0.00579	0.00547	0.00165	0.00659	0.00528	0.00428	0.00795
74	0.02336	0.00886	0.01209	0.00927	0.01329	0.00765	0.00765	0.02538	0.01491	0.78810	0.02055	0.01773	0.01289	0.00645	0.00524	0.00161	0.00443	0.00524	0.00645	0.00886
75	0.01200	0.00995	0.01287	0.11540	0.13404	0.01088	0.00951	0.12363	0.23950	0.02123	0.21319	0.02176	0.02110	0.00724	0.00543	0.00165	0.00456	0.00625	0.02272	0.00708
76	0.00633	0.00528	0.00552	0.00546	0.00714	0.00447	0.00410	0.00782	0.01229	0.01507	0.16006	0.04847	0.67445	0.01281	0.00615	0.00174	0.00261	0.01076	0.00497	0.00447
77	0.01263	0.02337	0.60850	0.01386	0.02066	0.01213	0.01678	0.09009	0.04882	0.08785	0.01122	0.01215	0.00782	0.00531	0.00502	0.00164	0.00704	0.00415	0.00302	0.00794
78	0.00618	0.00519	0.00536	0.00549	0.00709	0.00438	0.00405	0.00745	0.01166	0.01398	0.05013	0.13342	0.70078	0.01353	0.00621	0.00180	0.00268	0.01141	0.00484	0.00438
79	0.01212	0.01142	0.03581	0.01145	0.01356	0.01343	0.00935	0.02185	0.48152	0.01878	0.05508	0.01773	0.01456	0.00781	0.00890	0.00191	0.24751	0.00560	0.00431	0.00729
80	0.00635	0.00474	0.00593	0.00687	0.00752	0.00431	0.00473	0.00739	0.01045	0.01353	0.03405	0.62367	0.20141	0.01557	0.00655	0.00204	0.00298	0.03280	0.00483	0.00428
81	0.03602	0.01574	0.22985	0.01136	0.01609	0.01208	0.01127	0.29709	0.05148	0.15508	0.01376	0.01395	0.00965	0.00590	0.00493	0.00157	0.00558	0.00458	0.09604	0.00799
82	0.01945	0.02482	0.01476	0.01342	0.01610	0.79608	0.01006	0.02079	0.01476	0.01275	0.00805	0.00939	0.00671	0.00537	0.00470	0.00134	0.00939	0.00335	0.00268	0.00604
83	0.01497	0.22338	0.11612	0.01014	0.01423	0.01310	0.00955	0.08348	0.16445	0.17884	0.05359	0.01712	0.03232	0.00709	0.02189	0.00168	0.00527	0.02098	0.00427	0.00753
84	0.61375	0.01110	0.00890	0.00775	0.01090	0.06350	0.00629	0.10196	0.01135	0.03935	0.00901	0.01011	0.00689	0.00517	0.00363	0.00155	0.00445	0.00329	0.07502	0.00604
85	0.00880	0.00639	0.00788	0.00745	0.00872	0.00621	0.00535	0.04888	0.01087	0.03431	0.11117	0.24457	0.04396	0.21907	0.04766	0.00289	0.03681	0.03170	0.00415	0.11316
86	0.01210	0.26645	0.13661	0.24656	0.02286	0.06351	0.10530	0.01532	0.01109	0.01418	0.00916	0.01177	0.00727	0.00489	0.00458	0.00148	0.00675	0.00406	0.04960	0.00647
87	0.01653	0.00935	0.01164	0.02870	0.01345	0.00791	0.00718	0.06744	0.01338	0.33654	0.01429	0.01403	0.01002	0.00516	0.00454	0.00120	0.00426	0.00415	0.02209	0.40811
88	0.00751	0.00529	0.00688	0.00688	0.00729	0.00570	0.00465	0.00834	0.00793	0.01099	0.01531	0.02800	0.01629	0.46992	0.36996	0.00653	0.00902	0.00668	0.00299	0.00382
89	0.01199	0.15355	0.31535	0.10039	0.26624	0.03462	0.01573	0.01597	0.01124	0.01552	0.00909	0.01141	0.00718	0.00480	0.00476	0.00153	0.00682	0.00399	0.00235	0.00746
90	0.01324	0.01013	0.04841	0.12076	0.11465	0.00904	0.00952	0.02788	0.01155	0.17070	0.01287	0.01544	0.02274	0.06287	0.02287	0.00177	0.04321	0.00456	0.00357	0.27421
91	0.01221	0.43313	0.34750	0.01186	0.01761	0.01634	0.04083	0.01582	0.01075	0.01419	0.00844	0.01003	0.00688	0.00568	0.02757	0.00158	0.00683	0.00344	0.00225	0.00706
92	0.00963	0.00935	0.06789	0.17251	0.05773	0.00849	0.00912	0.01256	0.05291	0.01765	0.26357	0.04373	0.19472	0.02330	0.00688	0.00196	0.02929	0.00809	0.00453	0.00607
93	0.00750	0.00547	0.00773	0.00776	0.00848	0.00614	0.00577	0.00893	0.00829	0.01172	0.01496	0.02489	0.01495	0.22403	0.58827	0.00739	0.01154	0.02894	0.00294	0.00430
94	0.85377	0.01007	0.00765	0.00685	0.01007	0.01168	0.00564	0.01531	0.00886	0.02336	0.00725	0.00846	0.00564	0.00483	0.00322	0.00161	0.00403	0.00282	0.00322	0.00564
95	0.03025	0.27209	0.03469	0.11714	0.05164	0.03348	0.00928	0.07260	0.01185	0.01619	0.00881	0.01057	0.00730	0.00454	0.00407	0.00116	0.00531	0.00341	0.00282	0.30282
96	0.01197	0.01376	0.14917	0.22495	0.11382	0.01318	0.05400	0.04721	0.01086	0.05118	0.00934	0.01265	0.00742	0.00634	0.00881	0.00185	0.24955	0.00459	0.00265	0.00672
97	0.00620	0.00511	0.00544	0.00570	0.00715	0.00436	0.00415	0.00743	0.01146	0.01390	0.04753	0.21591	0.61996	0.01387	0.00626	0.00184	0.00272	0.01182	0.00484	0.00436
98	0.01077	0.00925	0.00971	0.00890	0.01144	0.01017	0.00688	0.02114	0.52485	0.01953	0.06106	0.02904	0.23764	0.00897	0.00558	0.00176	0.00363	0.00750	0.00518	0.00700
99	0.00762	0.00519	0.00593	0.00574	0.00712	0.00475	0.00431	0.00975	0.01293	0.01854	0.37399	0.03710	0.25117	0.01020	0.00550	0.00156	0.00250	0.00869	0.22266	0.00475
100	0.00820	0.01103	0.20937	0.00869	0.01166	0.00690	0.00862	0.01176	0.02946	0.01930	0.51576	0.03206	0.08817	0.00927	0.00582	0.00165	0.00386	0.00801	0.00475	0.00567
101	0.00983	0.00926	0.01562	0.80447	0.03587	0.01157	0.01446	0.01331	0.01041	0.01331	0.00926	0.01388	0.00694	0.00521	0.00521	0.00174	0.00694	0.00463	0.00231	0.00579
102	0.01360	0.01215	0.01643	0.01340	0.01643	0.03690	0.15880	0.07452	0.36834	0.05598	0.01605	0.01759	0.01248	0.00696	0.00731	0.00183	0.12872	0.03073	0.00426	0.00750
103	0.00617	0.00522	0.00533	0.00542	0.00707	0.00438	0.00402	0.00746	0.01173	0.01401	0.05104	0.10444	0.72916	0.01341	0.00619	0.00178	0.00267	0.01126	0.00484	0.00438
104	0.01382	0.01355	0.01591	0.29140	0.02329	0.15014	0.07467	0.13470	0.14512	0.01796	0.01197	0.02848	0.00932	0.00602	0.00575	0.00168	0.04106	0.00494	0.00342	0.00680
105	0.01620	0.01113	0.01863	0.01422	0.01787	0.02366	0.26767	0.01983	0.06825	0.30831	0.02905	0.03706	0.01218	0.00662	0.00709	0.00178	0.10371	0.02489	0.00439	0.00747

[dist]
# distance from previous block
# <min> <max>
0	2

[block]
# block no. 1 follows, 47 sequences, length 225
# corresponding to MSA columns:
# 496-588,609-680,683-742
name=unknown_B
#
# <colnr> <probs for GDERKNQSTAVLIFYWHMCP>
#	G	D	E	R	K	N	Q	S	T	A	V	L	I	F	Y	W	H	M	C	P
0	0.31699	0.01262	0.01238	0.01000	0.01370	0.01422	0.00820	0.42092	0.09772	0.02828	0.01154	0.01179	0.00845	0.00583	0.00451	0.00160	0.00495	0.00415	0.00451	0.00764
1	0.14322	0.01179	0.01300	0.01016	0.01402	0.01244	0.00837	0.40038	0.01888	0.25576	0.04975	0.01468	0.01145	0.00630	0.00497	0.00159	0.00494	0.00480	0.00531	0.00820
2	0.33101	0.01279	0.01252	0.01002	0.01379	0.01438	0.00825	0.46224	0.04315	0.02893	0.01083	0.01122	0.00788	0.00575	0.00447	0.00159	0.00504	0.00403	0.00447	0.00764
3	0.04642	0.01444	0.01356	0.01128	0.01468	0.15499	0.00899	0.31681	0.19764	0.10487	0.01449	0.01437	0.01065	0.00785	0.04347	0.00191	0.00622	0.00477	0.00472	0.00789
4	0.00744	0.00558	0.00837	0.00837	0.00930	0.00651	0.00651	0.00930	0.00837	0.01209	0.01395	0.02046	0.01302	0.03906	0.79635	0.00837	0.01395	0.00558	0.00279	0.00465
5	0.01327	0.17487	0.13701	0.02142	0.40656	0.01315	0.01373	0.01640	0.01189	0.08000	0.05509	0.01361	0.01045	0.00515	0.00483	0.00149	0.00593	0.00448	0.00295	0.00771
6	0.00641	0.00489	0.00593	0.00671	0.00758	0.00440	0.00476	0.00756	0.01077	0.01372	0.03703	0.49715	0.29554	0.01510	0.00651	0.00201	0.00300	0.06177	0.00483	0.00433
7	0.01211	0.01177	0.02077	0.11946	0.56748	0.01192	0.10145	0.01527	0.01164	0.01634	0.01086	0.05709	0.00949	0.00532	0.00536	0.00162	0.00640	0.00537	0.00268	0.00760
8	0.03963	0.31520	0.01934	0.01105	0.01485	0.25431	0.00939	0.21737	0.01565	0.04470	0.00934	0.01010	0.00745	0.00529	0.00431	0.00133	0.00669	0.00355	0.00333	0.00711
9	0.01718	0.01634	0.30651	0.01163	0.01692	0.01041	0.01222	0.12689	0.01478	0.35080	0.05281	0.01548	0.01173	0.00606	0.00517	0.00162	0.00575	0.00484	0.00463	0.00823
10	0.03199	0.01327	0.01702	0.19988	0.07157	0.12582	0.08171	0.07701	0.02390	0.01548	0.00892	0.01232	0.00741	0.00700	0.02055	0.00193	0.27059	0.00456	0.00272	0.00634
11	0.74310	0.01079	0.00884	0.02986	0.03358	0.04252	0.00654	0.02770	0.00946	0.02243	0.00749	0.00890	0.00587	0.00497	0.00370	0.00162	0.02068	0.00301	0.00317	0.00579
12	0.01081	0.01059	0.01810	0.36120	0.14371	0.01232	0.12316	0.01399	0.02305	0.01458	0.03228	0.04146	0.00957	0.00629	0.00762	0.00182	0.15518	0.00535	0.00263	0.00629
13	0.01052	0.00804	0.00908	0.00799	0.01015	0.00828	0.00622	0.16310	0.13093	0.02217	0.37020	0.03228	0.16433	0.00959	0.00578	0.00166	0.00339	0.00813	0.02206	0.00611
14	0.00720	0.00532	0.00672	0.00637	0.00767	0.00484	0.00478	0.00950	0.01434	0.01992	0.67881	0.04048	0.15268	0.01101	0.00614	0.00165	0.00248	0.00964	0.00561	0.00484
15	0.01889	0.01414	0.01512	0.01180	0.01581	0.01573	0.00968	0.66954	0.12354	0.03136	0.01365	0.01342	0.00979	0.00636	0.00522	0.00159	0.00552	0.00485	0.00522	0.00878
16	0.01268	0.03220	0.09453	0.05240	0.36425	0.01279	0.03784	0.03345	0.26772	0.01858	0.01356	0.01486	0.01056	0.00552	0.00518	0.00163	0.00574	0.00499	0.00348	0.00803
17	0.01555	0.01323	0.01901	0.02425	0.48801	0.01383	0.01363	0.30584	0.01673	0.02311	0.01084	0.01274	0.00848	0.00526	0.00518	0.00155	0.00601	0.00466	0.00359	0.00848
18	0.00814	0.00664	0.00993	0.31446	0.01826	0.00736	0.00832	0.01031	0.01104	0.01481	0.21700	0.18580	0.02538	0.12957	0.00891	0.00228	0.00469	0.00839	0.00385	0.00485
19	0.03352	0.37070	0.02097	0.01065	0.01496	0.02937	0.07803	0.11531	0.01386	0.24697	0.01220	0.01223	0.00891	0.00530	0.00443	0.00139	0.00558	0.00408	0.00393	0.00761
20	0.01136	0.23590	0.58906	0.01328	0.02012	0.01434	0.01652	0.01626	0.01089	0.01538	0.00879	0.01030	0.00662	0.00482	0.00452	0.00151	0.00714	0.00357	0.00221	0.00743
21	0.00632	0.00479	0.00583	0.00660	0.00740	0.00431	0.00456	0.00741	0.01074	0.01381	0.06306	0.54561	0.27050	0.01513	0.00647	0.00199	0.00288	0.01341	0.00487	0.00431
22	0.01063	0.01045	0.01835	0.26630	0.14479	0.01141	0.18768	0.01418	0.04629	0.01503	0.01408	0.10307	0.04601	0.00695	0.00672	0.00180	0.08052	0.00644	0.00296	0.00634
23	0.01101	0.01046	0.01775	0.50637	0.32475	0.01188	0.01505	0.01434	0.01097	0.01474	0.00946	0.01350	0.00745	0.00499	0.00519	0.00166	0.00665	0.00463	0.00242	0.00674
24	0.00696	0.00536	0.00648	0.00698	0.00828	0.00488	0.00548	0.00864	0.01190	0.01512	0.12096	0.17839	0.36257	0.01377	0.00653	0.00199	0.00330	0.22295	0.00492	0.00454
25	0.00695	0.00509	0.00633	0.00714	0.00791	0.00483	0.00506	0.00877	0.04533	0.01446	0.05319	0.54803	0.14681	0.01464	0.00640	0.00201	0.00310	0.06562	0.04383	0.00453
26	0.00750	0.06424	0.04844	0.03644	0.01019	0.00631	0.00670	0.00903	0.01036	0.01370	0.02533	0.58176	0.02944	0.01422	0.00635	0.00205	0.00383	0.11498	0.00442	0.00472
27	0.01173	0.00644	0.00832	0.05888	0.01066	0.00650	0.00609	0.02919	0.01125	0.17884	0.02012	0.02409	0.08764	0.08678	0.18822	0.00340	0.00617	0.02555	0.22450	0.00560
28	0.00839	0.00664	0.00844	0.00803	0.00807	0.00780	0.00558	0.00883	0.00805	0.01123	0.01577	0.14771	0.01812	0.48113	0.02098	0.00387	0.21629	0.00789	0.00318	0.00399
29	0.25886	0.01965	0.01266	0.03958	0.01500	0.52120	0.00890	0.01914	0.03369	0.01607	0.00822	0.00956	0.00666	0.00525	0.00431	0.00144	0.00762	0.00331	0.00290	0.00597
30	0.00627	0.00528	0.00543	0.00539	0.00710	0.00444	0.00405	0.00769	0.01214	0.01470	0.12017	0.04908	0.71458	0.01295	0.00615	0.00175	0.00262	0.01085	0.00492	0.00444
31	0.01388	0.01566	0.02486	0.01863	0.02289	0.16877	0.50068	0.06150	0.01323	0.01654	0.01059	0.01435	0.00844	0.00615	0.02941	0.00189	0.03717	0.02575	0.00285	0.00676
32	0.00862	0.00560	0.00736	0.00676	0.00821	0.00513	0.00513	0.01104	0.01475	0.08063	0.72247	0.03725	0.04631	0.01032	0.00607	0.00164	0.00261	0.00909	0.00579	0.00522
33	0.01238	0.46937	0.36456	0.01153	0.01742	0.01684	0.01348	0.01599	0.01076	0.01413	0.00817	0.00952	0.00664	0.00467	0.00405	0.00135	0.00651	0.00325	0.00221	0.00713
34	0.01945	0.02482	0.01476	0.01342	0.01610	0.79608	0.01006	0.02079	0.01476	0.01275	0.00805	0.00939	0.00671	0.00537	0.00470	0.00134	0.00939	0.00335	0.00268	0.00604
35	0.01080	0.00926	0.01080	0.00771	0.01234	0.00694	0.00617	0.01311	0.01080	0.01697	0.00926	0.01080	0.00771	0.00386	0.00386	0.00077	0.00386	0.00309	0.00309	0.84882
36	0.00862	0.00573	0.00661	0.00614	0.00802	0.00495	0.00469	0.01036	0.01309	0.11101	0.26345	0.04284	0.47211	0.01161	0.00604	0.00170	0.00280	0.00982	0.00530	0.00510
37	0.00809	0.00494	0.00547	0.00558	0.00597	0.00492	0.00345	0.00889	0.00878	0.01313	0.01771	0.10127	0.01871	0.50501	0.01796	0.00365	0.00409	0.00744	0.25120	0.00375
38	0.00723	0.00530	0.00678	0.00646	0.00770	0.00485	0.00482	0.00954	0.01434	0.02004	0.69278	0.06266	0.11596	0.01105	0.00616	0.00166	0.00249	0.00972	0.00562	0.00485
39	0.00660	0.00471	0.00633	0.00754	0.00795	0.00445	0.00527	0.00769	0.01022	0.01357	0.02856	0.72100	0.03389	0.01608	0.00671	0.00215	0.00324	0.10491	0.00483	0.00430
40	0.01945	0.02482	0.01476	0.01342	0.01610	0.79608	0.01006	0.02079	0.01476	0.01275	0.00805	0.00939	0.00671	0.00537	0.00470	0.00134	0.00939	0.00335	0.00268	0.00604
41	0.01229	0.01405	0.03073	0.02195	0.02722	0.01317	0.76558	0.01668	0.01229	0.01668	0.01054	0.01405	0.00790	0.00439	0.00615	0.00176	0.00878	0.00615	0.00263	0.00702
42	0.01293	0.59361	0.24509	0.01060	0.01599	0.01818	0.01186	0.01585	0.01070	0.01346	0.00784	0.00911	0.00666	0.00460	0.00380	0.00127	0.00618	0.00309	0.00222	0.00697
43	0.01750	0.00946	0.01151	0.00956	0.01259	0.00937	0.00757	0.25363	0.01654	0.33450	0.02029	0.23800	0.01763	0.00914	0.00562	0.00174	0.00445	0.00773	0.00561	0.00757
44	0.02295	0.00952	0.01249	0.00958	0.01362	0.00864	0.00791	0.11112	0.01601	0.70080	0.01962	0.01712	0.01242	0.00642	0.00523	0.00161	0.00458	0.00517	0.00630	0.00886
45	0.00983	0.00926	0.01562	0.80447	0.03587	0.01157	0.01446	0.01331	0.01041	0.01331	0.00926	0.01388	0.00694	0.00521	0.00521	0.00174	0.00694	0.00463	0.00231	0.00579
46	0.01405	0.02217	0.49118	0.01374	0.02007	0.01366	0.01564	0.30615	0.01620	0.02279	0.01056	0.01158	0.00747	0.00545	0.00505	0.00162	0.00694	0.00417	0.00336	0.00814
47	0.00729	0.00493	0.00576	0.00605	0.00612	0.00486	0.00355	0.00750	0.00813	0.01084	0.01927	0.21527	0.02254	0.63088	0.02189	0.00437	0.00458	0.00925	0.00355	0.00341
48	0.00634	0.00453	0.00604	0.00725	0.00755	0.00423	0.00483	0.00725	0.00997	0.01329	0.02870	0.81358	0.03444	0.01632	0.00665	0.00211	0.00302	0.01480	0.00483	0.00423
49	0.01275	0.01223	0.02089	0.06705	0.75050	0.01234	0.01591	0.01586	0.01179	0.01684	0.00977	0.01293	0.00819	0.00467	0.00516	0.00156	0.00622	0.00464	0.00257	0.00814
50	0.01265	0.49179	0.29188	0.01184	0.04399	0.01713	0.01274	0.01627	0.03321	0.01418	0.00847	0.00976	0.00698	0.00471	0.00402	0.00133	0.00629	0.00331	0.00232	0.00714
51	0.01092	0.00761	0.00898	0.00867	0.01030	0.00787	0.00661	0.21955	0.01442	0.03221	0.02286	0.41260	0.02450	0.01218	0.00602	0.00191	0.00396	0.10103	0.08211	0.00572
52	0.01188	0.31960	0.49547	0.01263	0.01905	0.02845	0.01527	0.01623	0.01091	0.01486	0.00855	0.00999	0.00663	0.00477	0.00435	0.00145	0.00694	0.00345	0.00222	0.00729
53	0.01069	0.01446	0.24000	0.00981	0.01534	0.00846	0.01002	0.01411	0.01086	0.01683	0.00928	0.01086	0.00738	0.00418	0.00418	0.00103	0.00499	0.00331	0.00282	0.60140
54	0.08405	0.02382	0.03059	0.01642	0.22715	0.01262	0.01083	0.28255	0.02942	0.21094	0.01331	0.01359	0.00946	0.00571	0.00501	0.00157	0.00541	0.00464	0.00453	0.00837
55	0.01541	0.01298	0.01910	0.02488	0.51513	0.01345	0.01379	0.25779	0.01601	0.04440	0.01098	0.01290	0.00858	0.00521	0.00518	0.00155	0.00599	0.00467	0.00354	0.00846
56	0.01622	0.01982	0.01854	0.01534	0.01853	0.49327	0.22043	0.01844	0.01362	0.01399	0.01057	0.05021	0.00938	0.00607	0.00549	0.00156	0.02094	0.03856	0.00286	0.00617
57	0.00750	0.00552	0.00822	0.00822	0.00908	0.00639	0.00632	0.00915	0.00829	0.01191	0.01387	0.02078	0.01309	0.06601	0.74244	0.03697	0.01331	0.00561	0.00278	0.00451
58	0.01276	0.01210	0.01834	0.08174	0.22041	0.03784	0.16386	0.07100	0.21748	0.01867	0.01466	0.05367	0.01217	0.00634	0.00553	0.00172	0.00609	0.03450	0.00368	0.00745
59	0.00663	0.00465	0.00596	0.00689	0.00712	0.00442	0.00444	0.00733	0.00941	0.01255	0.02585	0.63240	0.03084	0.20242	0.01126	0.00280	0.00349	0.01312	0.00444	0.00398
60	0.00722	0.00491	0.00582	0.00615	0.00627	0.00481	0.00368	0.00755	0.00846	0.01131	0.04233	0.25374	0.02419	0.56784	0.02032	0.00412	0.00440	0.00966	0.00370	0.00351
61	0.01028	0.00714	0.00891	0.00908	0.01063	0.00732	0.00718	0.09547	0.09609	0.06326	0.02522	0.32680	0.02675	0.01293	0.00645	0.00209	0.00415	0.26962	0.00501	0.00565
62	0.01289	0.01237	0.02114	0.03196	0.78450	0.01237	0.01598	0.01598	0.01186	0.01701	0.00980	0.01289	0.00825	0.00464	0.00516	0.00155	0.00619	0.00464	0.00258	0.00825
63	0.04738	0.00890	0.01196	0.00920	0.01320	0.00777	0.00760	0.02509	0.01473	0.76599	0.02016	0.01746	0.01268	0.00640	0.00518	0.00161	0.00442	0.00517	0.00635	0.00877
64	0.01295	0.01119	0.01178	0.01060	0.01354	0.01295	0.00824	0.02767	0.77509	0.02178	0.02120	0.01943	0.01590	0.00707	0.00530	0.00177	0.00412	0.00589	0.00530	0.00824
65	0.01229	0.01405	0.03073	0.02195	0.02722	0.01317	0.76558	0.01668	0.01229	0.01668	0.01054	0.01405	0.00790	0.00439	0.00615	0.00176	0.00878	0.00615	0.00263	0.00702
66	0.00639	0.00498	0.00583	0.00637	0.00744	0.00441	0.00456	0.00764	0.01122	0.01421	0.08746	0.38377	0.38196	0.01444	0.00641	0.00193	0.00287	0.03882	0.00489	0.00437
67	0.01350	0.72430	0.11943	0.00963	0.01447	0.01958	0.01016	0.01570	0.01063	0.01276	0.00749	0.00867	0.00667	0.00451	0.00354	0.00118	0.00583	0.00291	0.00222	0.00681
68	0.01310	0.00979	0.01052	0.00923	0.01165	0.04893	0.00715	0.20038	0.15741	0.07990	0.19305	0.15295	0.05142	0.00927	0.00566	0.00170	0.00417	0.00785	0.01917	0.00672
69	0.00751	0.00513	0.00528	0.00525	0.00676	0.00460	0.00393	0.00932	0.01180	0.01657	0.10763	0.03832	0.44506	0.01046	0.00527	0.00156	0.00255	0.00869	0.29969	0.00460
70	0.02932	0.00995	0.01487	0.01539	0.17697	0.01002	0.10201	0.01811	0.16198	0.15658	0.02143	0.06126	0.11163	0.00782	0.00598	0.00176	0.02983	0.05357	0.00436	0.00718
71	0.01382	0.06935	0.27387	0.01323	0.01814	0.07071	0.11687	0.12651	0.01376	0.10196	0.01433	0.09534	0.03549	0.00665	0.00527	0.00164	0.00655	0.00568	0.00355	0.00725
72	0.01527	0.01302	0.01999	0.02317	0.40612	0.01336	0.10555	0.25284	0.01600	0.04934	0.01149	0.01404	0.00901	0.00538	0.00534	0.00160	0.00627	0.02037	0.00360	0.00824
73	0.00634	0.00453	0.00604	0.00725	0.00755	0.00423	0.00483	0.00725	0.00997	0.01329	0.02870	0.81358	0.03444	0.01632	0.00665	0.00211	0.00302	0.01480	0.00483	0.00423
74	0.04492	0.05525	0.01313	0.02762	0.01410	0.34789	0.00873	0.01961	0.19135	0.03803	0.01535	0.01679	0.06527	0.02386	0.04648	0.00198	0.04343	0.01627	0.00358	0.00637
75	0.06505	0.12867	0.31213	0.01634	0.11379	0.01317	0.15095	0.03760	0.01188	0.08766	0.01031	0.01192	0.00763	0.00491	0.00490	0.00157	0.00684	0.00430	0.00286	0.00751
76	0.01030	0.00542	0.00548	0.00527	0.00665	0.00551	0.00400	0.05613	0.01171	0.02020	0.01673	0.01901	0.01309	0.00608	0.00373	0.00123	0.00262	0.00484	0.79691	0.00509
77	0.01205	0.00864	0.01141	0.01020	0.01152	0.01011	0.00811	0.06438	0.05842	0.13051	0.06460	0.16735	0.01798	0.03549	0.08482	0.00269	0.25792	0.03364	0.00414	0.00601
78	0.01284	0.02785	0.13089	0.02457	0.10757	0.02487	0.01077	0.03216	0.08077	0.13250	0.05318	0.01724	0.02804	0.01068	0.10385	0.00250	0.11951	0.01760	0.00366	0.05893
79	0.00954	0.01202	0.13396	0.01351	0.01712	0.00947	0.27081	0.01322	0.04678	0.01556	0.02382	0.14845	0.19281	0.00897	0.00647	0.00184	0.03752	0.02852	0.00359	0.00602
80	0.03723	0.00952	0.01292	0.24378	0.01925	0.04902	0.00998	0.01648	0.01128	0.24829	0.01357	0.04143	0.01050	0.01163	0.12689	0.00277	0.12003	0.00517	0.00376	0.00649
81	0.02408	0.03208	0.21319	0.15112	0.23357	0.01200	0.10638	0.05093	0.01212	0.06387	0.01068	0.01312	0.00803	0.00502	0.00511	0.00161	0.00668	0.00461	0.03841	0.00740
82	0.01396	0.13679	0.01949	0.03033	0.02969	0.06284	0.15725	0.11100	0.07146	0.05444	0.01161	0.03608	0.00986	0.00683	0.00802	0.00175	0.19697	0.03145	0.00333	0.00685
83	0.01385	0.00850	0.01115	0.00955	0.01109	0.00949	0.00748	0.04889	0.01114	0.24719	0.01785	0.09086	0.05970	0.17572	0.01335	0.00257	0.24466	0.00667	0.00423	0.00607
84	0.01298	0.01283	0.01599	0.19472	0.21033	0.12572	0.03314	0.05483	0.14188	0.01688	0.03340	0.03245	0.01131	0.00632	0.00595	0.00168	0.05125	0.02808	0.00331	0.00695
85	0.05157	0.02847	0.10195	0.04404	0.06767	0.12850	0.21614	0.02756	0.04601	0.01555	0.01022	0.01360	0.00844	0.03195	0.07602	0.00239	0.11581	0.00487	0.00274	0.00650
86	0.01201	0.17223	0.16099	0.10919	0.03378	0.10307	0.08019	0.01511	0.01232	0.04306	0.16065	0.01812	0.04528	0.00635	0.00504	0.00153	0.00613	0.00531	0.00326	0.00640
87	0.00647	0.00466	0.00611	0.00716	0.00761	0.00434	0.00488	0.00749	0.01028	0.01365	0.05950	0.69903	0.07596	0.03214	0.00702	0.00215	0.00308	0.03936	0.00483	0.00426
88	0.01366	0.07344	0.24028	0.01426	0.11531	0.03319	0.02756	0.11984	0.06125	0.10708	0.02820	0.06380	0.04927	0.00674	0.00520	0.00163	0.00587	0.02216	0.00377	0.00748
89	0.01092	0.01087	0.01312	0.01124	0.01292	0.13308	0.11192	0.01321	0.03087	0.01581	0.19301	0.11322	0.04748	0.03159	0.00864	0.00187	0.17175	0.00726	0.05574	0.00548
90	0.00922	0.00877	0.03336	0.04349	0.16064	0.05597	0.00842	0.01168	0.04796	0.01449	0.02383	0.26302	0.13430	0.04218	0.07975	0.00255	0.00548	0.04549	0.00386	0.00553
91	0.01080	0.02323	0.60736	0.04532	0.13673	0.01200	0.02702	0.01638	0.02582	0.01665	0.02537	0.01215	0.00792	0.00506	0.00503	0.00164	0.00728	0.00417	0.00240	0.00766
92	0.01165	0.01104	0.01879	0.12009	0.48665	0.01127	0.07482	0.01511	0.03778	0.01637	0.01374	0.04229	0.03508	0.00630	0.00551	0.00170	0.00608	0.07546	0.00299	0.00729
93	0.03219	0.01298	0.01812	0.07505	0.42231	0.02944	0.01323	0.24560	0.06177	0.02192	0.01119	0.01307	0.00872	0.00533	0.00514	0.00157	0.00599	0.00467	0.00354	0.00817
94	0.00839	0.00733	0.00961	0.12817	0.09510	0.05082	0.00776	0.01008	0.01095	0.01422	0.06991	0.45536	0.07340	0.01223	0.00611	0.00191	0.00427	0.02516	0.00415	0.00505
95	0.01252	0.16115	0.23861	0.05462	0.20143	0.05883	0.15235	0.01658	0.02710	0.01564	0.00946	0.01174	0.00745	0.00476	0.00493	0.00154	0.00715	0.00431	0.00247	0.00735
96	0.00975	0.00890	0.03120	0.03567	0.13031	0.00922	0.09909	0.01253	0.03269	0.02430	0.11366	0.04956	0.01704	0.05238	0.22934	0.00378	0.08964	0.02656	0.01856	0.00580
97	0.00850	0.10684	0.05585	0.00857	0.01041	0.00774	0.03264	0.03684	0.01150	0.01531	0.12529	0.38352	0.06794	0.01342	0.04188	0.00215	0.00441	0.05772	0.00432	0.00515
98	0.01394	0.01574	0.22846	0.09560	0.13318	0.02789	0.10581	0.06645	0.06986	0.14428	0.02709	0.01484	0.02169	0.00559	0.00528	0.00165	0.00647	0.00496	0.00356	0.00767
99	0.05057	0.02667	0.11773	0.04491	0.23823	0.07859	0.13500	0.11476	0.01367	0.05510	0.01282	0.01530	0.04434	0.00565	0.00525	0.00161	0.00665	0.02248	0.00325	0.00742
100	0.01152	0.19693	0.28252	0.05367	0.06174	0.03094	0.12472	0.03192	0.01133	0.01527	0.01147	0.11049	0.01042	0.00626	0.00519	0.00160	0.01906	0.00541	0.00270	0.00684
101	0.00679	0.00521	0.00596	0.00596	0.00736	0.00467	0.00442	0.00848	0.01223	0.01607	0.24607	0.11378	0.42368	0.01381	0.05050	0.00210	0.00325	0.01024	0.05487	0.00456
102	0.01391	0.06216	0.29906	0.03593	0.04477	0.06811	0.01303	0.01828	0.07123	0.15941	0.02586	0.01441	0.03104	0.00627	0.00660	0.00168	0.11286	0.00461	0.00343	0.00734
103	0.01258	0.03620	0.24930	0.03330	0.01496	0.00905	0.01058	0.05088	0.03576	0.17723	0.27596	0.03382	0.02320	0.00748	0.00542	0.00163	0.00489	0.00628	0.00455	0.00692
104	0.00858	0.01311	0.26727	0.01058	0.01349	0.00865	0.01063	0.01135	0.01035	0.01451	0.03542	0.28127	0.08950	0.03345	0.00809	0.00204	0.11812	0.05441	0.00357	0.00562
105	0.01141	0.02322	0.59732	0.01800	0.16119	0.01202	0.04259	0.01672	0.01133	0.04418	0.00987	0.01168	0.00717	0.00493	0.00503	0.00163	0.00734	0.00412	0.00243	0.00782
106	0.09118	0.13528	0.46461	0.01299	0.01905	0.03781	0.03931	0.05570	0.06610	0.01764	0.00986	0.01111	0.00734	0.00508	0.00463	0.00157	0.00678	0.00385	0.00270	0.00739
107	0.01259	0.01416	0.11544	0.02986	0.69105	0.01234	0.01638	0.01604	0.01175	0.01695	0.00974	0.01266	0.00805	0.00468	0.00513	0.00156	0.00637	0.00454	0.00253	0.00818
108	0.00822	0.00707	0.01110	0.04027	0.02447	0.00773	0.08687	0.00983	0.00979	0.01355	0.04830	0.37904	0.02262	0.05378	0.13155	0.00317	0.12415	0.00986	0.00373	0.00491
109	0.01480	0.05069	0.12014	0.14528	0.10668	0.01242	0.03465	0.16018	0.06474	0.14722	0.01393	0.02427	0.03175	0.00612	0.00572	0.00165	0.04330	0.00498	0.00387	0.00760
110	0.01288	0.01534	0.09647	0.05126	0.14459	0.24052	0.03636	0.01577	0.03985	0.03770	0.04215	0.03779	0.17274	0.00751	0.00536	0.00160	0.00634	0.02601	0.00344	0.00632
111	0.00638	0.00472	0.00591	0.00680	0.00739	0.00431	0.00461	0.00738	0.01039	0.01355	0.05467	0.61670	0.17809	0.04403	0.00724	0.00214	0.00300	0.01366	0.00480	0.00424
112	0.01083	0.01331	0.17871	0.06790	0.24034	0.01009	0.11568	0.01417	0.01136	0.04553	0.01571	0.18716	0.03240	0.00773	0.00565	0.00176	0.00604	0.02561	0.00323	0.00679
113	0.01828	0.16301	0.03665	0.01159	0.01557	0.14774	0.00983	0.45465	0.01949	0.04276	0.01120	0.02580	0.00860	0.00593	0.00480	0.00146	0.00629	0.00429	0.00419	0.00787
114	0.01240	0.00940	0.06402	0.01463	0.22961	0.00809	0.00910	0.01454	0.01182	0.17030	0.15695	0.02415	0.01947	0.22031	0.01097	0.00251	0.00494	0.00637	0.00406	0.00637
115	0.16293	0.05526	0.45037	0.04885	0.01904	0.01182	0.01424	0.03428	0.01144	0.13006	0.01058	0.01157	0.00741	0.00517	0.00463	0.00162	0.00639	0.00388	0.00307	0.00739
116	0.01293	0.01119	0.03673	0.20996	0.15298	0.04317	0.09510	0.05070	0.03473	0.11093	0.07564	0.01910	0.04075	0.00657	0.00605	0.00171	0.04493	0.03638	0.00360	0.00683
117	0.00701	0.00487	0.00633	0.00697	0.00764	0.00451	0.00483	0.00818	0.01104	0.02874	0.18414	0.52044	0.09262	0.03826	0.00752	0.02970	0.00304	0.02488	0.00491	0.00438
118	0.15297	0.02539	0.03176	0.09625	0.49879	0.01219	0.01348	0.01614	0.02206	0.05200	0.00985	0.01241	0.00792	0.00493	0.00506	0.00159	0.02249	0.00433	0.00285	0.00753
119	0.01043	0.13556	0.27884	0.04805	0.01737	0.01198	0.08085	0.01464	0.05426	0.01591	0.10478	0.04680	0.08207	0.00708	0.00610	0.00166	0.06813	0.00578	0.00317	0.00653
120	0.01157	0.01537	0.18400	0.01776	0.20761	0.11275	0.10897	0.01491	0.01228	0.01633	0.10775	0.09717	0.01646	0.00719	0.00556	0.00168	0.00641	0.04629	0.00325	0.00669
121	0.00758	0.00581	0.00687	0.00765	0.00848	0.02601	0.00550	0.00982	0.06650	0.01474	0.05317	0.53581	0.08275	0.01426	0.00637	0.00202	0.00339	0.09479	0.04379	0.00470
122	0.07842	0.01608	0.12565	0.01936	0.25410	0.14889	0.11807	0.03022	0.03487	0.08004	0.01124	0.03980	0.00901	0.00543	0.00510	0.00159	0.00684	0.00481	0.00312	0.00734
123	0.01226	0.14622	0.28434	0.10063	0.03715	0.04002	0.20831	0.01632	0.01150	0.05275	0.01045	0.03818	0.00823	0.00521	0.00509	0.00160	0.00727	0.00478	0.00264	0.00705
124	0.01331	0.00804	0.01098	0.01185	0.12636	0.00798	0.00780	0.08158	0.01298	0.20429	0.05498	0.26565	0.02001	0.00951	0.00606	0.00174	0.04052	0.00820	0.10163	0.00654
125	0.01283	0.01466	0.07188	0.10335	0.25770	0.10101	0.24553	0.01699	0.05734	0.01618	0.01085	0.01445	0.00875	0.00521	0.00566	0.00166	0.02064	0.02534	0.00277	0.00719
126	0.02873	0.01096	0.01129	0.00974	0.01262	0.08218	0.00767	0.08610	0.27428	0.19847	0.05507	0.04776	0.11298	0.00795	0.00572	0.00169	0.02788	0.00640	0.00514	0.00736
127	0.01071	0.01599	0.29130	0.01897	0.25605	0.01099	0.04283	0.01447	0.01113	0.01597	0.01351	0.08891	0.01278	0.00741	0.00640	0.00181	0.06520	0.10566	0.00292	0.00700
128	0.00670	0.00497	0.00676	0.00756	0.00806	0.00503	0.00532	0.00783	0.00968	0.01306	0.02619	0.59340	0.06393	0.02064	0.16910	0.00339	0.02724	0.01245	0.00434	0.00436
129	0.08340	0.04784	0.08793	0.01017	0.01423	0.00969	0.02882	0.04663	0.01362	0.51057	0.01693	0.04258	0.01163	0.00649	0.00562	0.00164	0.04385	0.00511	0.00520	0.00804
130	0.00905	0.00452	0.00678	0.00678	0.00678	0.00452	0.00452	0.00678	0.00678	0.00905	0.00905	0.01583	0.00905	0.01809	0.02035	0.84848	0.00452	0.00452	0.00226	0.00226
131	0.00978	0.00802	0.01174	0.26547	0.04140	0.00881	0.03272	0.10337	0.01218	0.01604	0.01915	0.27229	0.03480	0.04687	0.00690	0.00206	0.00517	0.09386	0.00386	0.00552
132	0.01321	0.01022	0.03530	0.01252	0.09162	0.04637	0.06678	0.09264	0.07720	0.14911	0.09008	0.21778	0.04158	0.00913	0.00594	0.00176	0.01933	0.00804	0.00464	0.00673
133	0.00833	0.00553	0.00727	0.00671	0.00811	0.00508	0.00508	0.01076	0.01475	0.06668	0.73631	0.03764	0.04697	0.01040	0.00609	0.00164	0.00257	0.00917	0.00578	0.00515
134	0.04367	0.01223	0.01324	0.01300	0.10101	0.11054	0.04371	0.12736	0.23040	0.04932	0.01924	0.09262	0.08021	0.03254	0.00601	0.00178	0.00528	0.00645	0.00434	0.00707
