[name]
unknown

[dist]
# distance from previous block
# <min> <max>
0	582

[block]
# block no. 0 follows, 53 sequences, length 6
# corresponding to MSA columns:
# 599-604
name=unknown_A
#
# <colnr> <probs for GDERKNQSTAVLIFYWHMCP>
#	G	D	E	R	K	N	Q	S	T	A	V	L	I	F	Y	W	H	M	C	P
0	0.00961	0.00552	0.00774	0.00777	0.00907	0.00548	0.00608	0.01119	0.00996	0.16968	0.02044	0.26066	0.02075	0.01932	0.25701	0.00369	0.00648	0.16048	0.00414	0.00495
1	0.01809	0.00941	0.01138	0.00918	0.01258	0.00945	0.00743	0.11294	0.25734	0.47070	0.01818	0.01620	0.01226	0.00607	0.00482	0.00152	0.00412	0.00493	0.00546	0.00796
2	0.29182	0.01316	0.01245	0.01245	0.10609	0.20700	0.00894	0.01456	0.00952	0.01529	0.00699	0.00929	0.00604	0.00576	0.00746	0.00160	0.26011	0.00340	0.00250	0.00557
3	0.00619	0.00478	0.00514	0.00510	0.00615	0.00428	0.00351	0.00715	0.00998	0.01252	0.12754	0.04019	0.46674	0.26691	0.01146	0.00254	0.00309	0.00894	0.00406	0.00374
4	0.01212	0.26757	0.02116	0.02275	0.55645	0.01371	0.01265	0.01456	0.01052	0.01426	0.00826	0.01053	0.00712	0.00421	0.00421	0.00130	0.00550	0.00373	0.00227	0.00712
5	0.00877	0.00823	0.00989	0.00938	0.00986	0.07904	0.00724	0.00986	0.00849	0.01156	0.01433	0.26751	0.01578	0.05031	0.17635	0.00323	0.29534	0.00732	0.00298	0.00454

[dist]
# distance from previous block
# <min> <max>
0	1

[block]
# block no. 1 follows, 53 sequences, length 7
# corresponding to MSA columns:
# 606-612
name=unknown_B
#
# <colnr> <probs for GDERKNQSTAVLIFYWHMCP>
#	G	D	E	R	K	N	Q	S	T	A	V	L	I	F	Y	W	H	M	C	P
0	0.00728	0.00623	0.00808	0.20884	0.01384	0.00655	0.00667	0.01034	0.09888	0.01366	0.06237	0.18948	0.32951	0.01012	0.00543	0.00167	0.00362	0.00874	0.00394	0.00474
1	0.00602	0.00431	0.00542	0.00623	0.00657	0.00403	0.00408	0.00673	0.00890	0.01172	0.02617	0.61354	0.09563	0.16580	0.00943	0.00241	0.00309	0.01206	0.00415	0.00371
2	0.01143	0.01224	0.02387	0.01755	0.02186	0.01204	0.59138	0.01782	0.20600	0.01648	0.01210	0.01412	0.00908	0.00464	0.00545	0.00161	0.00699	0.00558	0.00303	0.00672
3	0.01350	0.01469	0.01719	0.02262	0.49012	0.25145	0.01263	0.01568	0.01133	0.01404	0.00825	0.01074	0.00702	0.00486	0.00567	0.00143	0.08578	0.00390	0.00237	0.00674
4	0.30592	0.08582	0.46639	0.01064	0.01604	0.01161	0.01257	0.01469	0.00938	0.01700	0.00775	0.00909	0.00576	0.00447	0.00387	0.00146	0.00574	0.00313	0.00235	0.00633
5	0.00786	0.00589	0.00669	0.00679	0.00806	0.00604	0.00495	0.01225	0.20520	0.01577	0.10441	0.32337	0.12786	0.01057	0.00528	0.00165	0.00284	0.00924	0.13032	0.00497
6	0.00714	0.00485	0.00583	0.00611	0.00638	0.00485	0.00409	0.00769	0.00796	0.01052	0.01761	0.03691	0.01990	0.62822	0.01992	0.00403	0.00458	0.19689	0.00327	0.00327

[dist]
# distance from previous block
# <min> <max>
0	4

[block]
# block no. 2 follows, 53 sequences, length 11
# corresponding to MSA columns:
# 617-627
name=unknown_C
#
# <colnr> <probs for GDERKNQSTAVLIFYWHMCP>
#	G	D	E	R	K	N	Q	S	T	A	V	L	I	F	Y	W	H	M	C	P
0	0.01026	0.01027	0.14668	0.00887	0.01142	0.02538	0.00804	0.12512	0.05550	0.05597	0.01551	0.18024	0.01442	0.01444	0.19334	0.00298	0.00640	0.00632	0.10315	0.00567
1	0.50524	0.20686	0.13310	0.00805	0.01189	0.04033	0.00792	0.01445	0.00899	0.01774	0.00697	0.00812	0.00557	0.00439	0.00327	0.00137	0.00471	0.00274	0.00258	0.00570
2	0.01237	0.01977	0.48473	0.01241	0.01804	0.01228	0.01400	0.24287	0.10182	0.02009	0.01065	0.01137	0.00762	0.00511	0.00465	0.00150	0.00616	0.00397	0.00315	0.00743
3	0.00876	0.00798	0.01316	0.49382	0.15998	0.00918	0.01145	0.01134	0.00969	0.01280	0.01274	0.20293	0.01247	0.00707	0.00508	0.00164	0.00541	0.00643	0.00271	0.00537
4	0.00580	0.00466	0.00517	0.00543	0.00664	0.00404	0.00392	0.00700	0.01067	0.01329	0.11059	0.25304	0.52769	0.01266	0.00577	0.00169	0.00250	0.01089	0.00451	0.00404
5	0.00945	0.00516	0.00676	0.00689	0.00811	0.00463	0.00495	0.01056	0.01040	0.19729	0.02705	0.55252	0.11228	0.01254	0.00575	0.00180	0.00304	0.01115	0.00478	0.00489
6	0.01780	0.01124	0.01256	0.00980	0.01331	0.01198	0.00804	0.49883	0.06624	0.20934	0.01402	0.01350	0.00972	0.00581	0.00467	0.00143	0.00464	0.00450	0.07477	0.00780
7	0.01088	0.00616	0.00797	0.00690	0.00879	0.00572	0.00537	0.05956	0.01411	0.20322	0.56971	0.02970	0.03509	0.00863	0.00539	0.00149	0.00286	0.00749	0.00538	0.00557
8	0.00831	0.00591	0.00681	0.00662	0.00796	0.00611	0.00493	0.01293	0.19386	0.01783	0.29765	0.16455	0.02785	0.00891	0.00499	0.00151	0.00269	0.00775	0.20771	0.00510
9	0.01393	0.01337	0.01186	0.00994	0.01314	0.20136	0.00778	0.15245	0.29209	0.01875	0.01265	0.01270	0.00972	0.00530	0.00441	0.00128	0.00513	0.00406	0.00381	0.20627
10	0.00655	0.00472	0.00619	0.00616	0.00709	0.00436	0.00449	0.00847	0.01251	0.01754	0.61933	0.22069	0.04195	0.01098	0.00575	0.00161	0.00238	0.00980	0.00507	0.00436

[dist]
# distance from previous block
# <min> <max>
18	22

[block]
# block no. 3 follows, 53 sequences, length 13
# corresponding to MSA columns:
# 651-663
name=unknown_D
#
# <colnr> <probs for GDERKNQSTAVLIFYWHMCP>
#	G	D	E	R	K	N	Q	S	T	A	V	L	I	F	Y	W	H	M	C	P
0	0.01055	0.00849	0.00975	0.08160	0.01230	0.02681	0.00695	0.15261	0.21828	0.01972	0.28781	0.06665	0.02414	0.04555	0.00606	0.00169	0.00384	0.00669	0.00457	0.00594
1	0.11115	0.01021	0.00948	0.00773	0.01082	0.12393	0.00608	0.08446	0.01203	0.03539	0.10628	0.01738	0.11240	0.00592	0.00424	0.00117	0.00417	0.00463	0.00353	0.32899
2	0.00715	0.00506	0.00667	0.00630	0.00726	0.00482	0.02076	0.00875	0.01116	0.03246	0.44343	0.06341	0.07094	0.21043	0.06427	0.00271	0.00377	0.02210	0.00438	0.00417
3	0.00730	0.00558	0.00685	0.00651	0.00788	0.00534	0.00485	0.01059	0.10366	0.01767	0.50978	0.14792	0.08758	0.01000	0.00552	0.00155	0.00258	0.00880	0.00493	0.04511
4	0.01414	0.01181	0.01464	0.01171	0.01514	0.01301	0.12067	0.30691	0.39354	0.02308	0.01507	0.01475	0.01112	0.00585	0.00495	0.00155	0.00495	0.00503	0.00448	0.00761
5	0.00615	0.00471	0.00566	0.00587	0.00696	0.00422	0.00431	0.00765	0.01130	0.01482	0.28544	0.24527	0.32127	0.01214	0.00581	0.00169	0.00255	0.04531	0.00470	0.00417
6	0.00942	0.00580	0.00616	0.00571	0.00723	0.00593	0.00438	0.08639	0.06432	0.01897	0.13706	0.02213	0.07879	0.00680	0.00411	0.00128	0.00264	0.00558	0.52229	0.00499
7	0.00861	0.01076	0.13086	0.01306	0.01627	0.00830	0.32493	0.01149	0.01037	0.01413	0.04012	0.31626	0.05595	0.00871	0.00565	0.00172	0.00552	0.00857	0.00329	0.00542
8	0.00623	0.00486	0.00565	0.00545	0.00681	0.00428	0.00409	0.00799	0.01227	0.01617	0.44010	0.04063	0.40656	0.01089	0.00564	0.00156	0.00233	0.00933	0.00487	0.00428
9	0.01183	0.01136	0.01940	0.02934	0.80221	0.01136	0.01467	0.01467	0.01088	0.01562	0.00899	0.01183	0.00757	0.00426	0.00473	0.00142	0.00568	0.00426	0.00237	0.00757
10	0.00994	0.01079	0.02227	0.01628	0.02021	0.01004	0.58060	0.01335	0.01149	0.01541	0.10755	0.02035	0.12649	0.00587	0.00564	0.00160	0.00656	0.00664	0.00304	0.00587
11	0.13679	0.01028	0.01259	0.01022	0.01302	0.04827	0.09803	0.23670	0.01335	0.08400	0.01288	0.01470	0.04685	0.01279	0.19446	0.00295	0.03769	0.00466	0.00359	0.00617
12	0.01127	0.45090	0.39579	0.01076	0.01626	0.01521	0.01267	0.01470	0.00989	0.01309	0.00756	0.00882	0.00610	0.00430	0.00377	0.00126	0.00604	0.00302	0.00203	0.00657

[dist]
# distance from previous block
# <min> <max>
0	4

[block]
# block no. 4 follows, 53 sequences, length 21
# corresponding to MSA columns:
# 668-688
name=unknown_E
#
# <colnr> <probs for GDERKNQSTAVLIFYWHMCP>
#	G	D	E	R	K	N	Q	S	T	A	V	L	I	F	Y	W	H	M	C	P
0	0.49838	0.01093	0.01075	0.01091	0.12456	0.04649	0.00759	0.17187	0.01191	0.05480	0.00851	0.00950	0.00644	0.00476	0.00372	0.00145	0.00453	0.00329	0.00335	0.00626
1	0.00908	0.04046	0.45193	0.01040	0.01510	0.00892	0.01203	0.03662	0.01153	0.03404	0.22147	0.02049	0.09470	0.00672	0.00491	0.00150	0.00516	0.00555	0.00329	0.00612
2	0.00696	0.00498	0.00722	0.00722	0.00789	0.00565	0.00540	0.00814	0.00747	0.01062	0.01279	0.02025	0.01246	0.14869	0.64054	0.07097	0.01098	0.00531	0.00257	0.00391
3	0.01167	0.01119	0.01911	0.07530	0.75752	0.01131	0.01459	0.01453	0.01081	0.01542	0.00896	0.01188	0.00750	0.00429	0.00473	0.00143	0.00572	0.00426	0.00235	0.00744
4	0.01112	0.01063	0.01812	0.23012	0.60699	0.01117	0.01431	0.01405	0.01055	0.01475	0.00886	0.01206	0.00727	0.00439	0.00474	0.00146	0.00585	0.00426	0.00230	0.00700
5	0.01183	0.01136	0.01940	0.02934	0.80221	0.01136	0.01467	0.01467	0.01088	0.01562	0.00899	0.01183	0.00757	0.00426	0.00473	0.00142	0.00568	0.00426	0.00237	0.00757
6	0.00933	0.00884	0.01472	0.70577	0.08667	0.01096	0.01317	0.01234	0.00949	0.01241	0.00837	0.01251	0.00645	0.00500	0.00556	0.00162	0.06495	0.00424	0.00214	0.00547
7	0.01529	0.01185	0.01249	0.01008	0.01329	0.03368	0.00815	0.49939	0.18946	0.02588	0.09961	0.01614	0.02988	0.00645	0.00490	0.00148	0.00464	0.00510	0.00478	0.00746
8	0.00830	0.00415	0.00623	0.00623	0.00623	0.00415	0.00415	0.00623	0.00623	0.00830	0.00830	0.01453	0.00830	0.01660	0.01868	0.86094	0.00415	0.00415	0.00208	0.00208
9	0.03569	0.01119	0.02010	0.01505	0.01880	0.01101	0.43497	0.15363	0.04320	0.05418	0.01334	0.14123	0.01168	0.00625	0.00542	0.00162	0.00625	0.00652	0.00343	0.00643
10	0.00582	0.00416	0.00555	0.00666	0.00693	0.00388	0.00444	0.00666	0.00915	0.01220	0.02634	0.82891	0.03161	0.01497	0.00610	0.00194	0.00277	0.01359	0.00444	0.00388
11	0.01185	0.46744	0.31528	0.01072	0.01584	0.06197	0.02977	0.01492	0.01011	0.01281	0.00748	0.00874	0.00613	0.00430	0.00375	0.00123	0.00611	0.00302	0.00207	0.00645
12	0.00959	0.02472	0.80726	0.01362	0.02069	0.01110	0.01766	0.01514	0.01009	0.01514	0.00858	0.01009	0.00605	0.00454	0.00454	0.00151	0.00706	0.00353	0.00202	0.00706
13	0.00596	0.00477	0.00510	0.00513	0.00638	0.00416	0.00367	0.00708	0.01048	0.01298	0.11843	0.09368	0.56136	0.12974	0.00836	0.00206	0.00274	0.00972	0.00430	0.00391
14	0.01205	0.01177	0.01919	0.02872	0.77378	0.04030	0.01447	0.01483	0.01098	0.01547	0.00893	0.01171	0.00752	0.00428	0.00472	0.00141	0.00578	0.00422	0.00237	0.00750
15	0.07274	0.00579	0.00774	0.00700	0.00820	0.00581	0.06033	0.04892	0.00929	0.01408	0.04653	0.07637	0.07751	0.01107	0.01001	0.33623	0.00372	0.00556	0.18926	0.00384
16	0.00628	0.00483	0.00574	0.00559	0.00686	0.00429	0.00416	0.00805	0.01228	0.01636	0.46637	0.07993	0.34007	0.01095	0.00567	0.00157	0.00235	0.00946	0.00490	0.00429
17	0.01278	0.83490	0.02505	0.00818	0.01227	0.01891	0.00818	0.01431	0.00971	0.01125	0.00664	0.00767	0.00613	0.00409	0.00307	0.00102	0.00511	0.00256	0.00204	0.00613
18	0.74249	0.00862	0.00693	0.00625	0.00894	0.00983	0.00508	0.01333	0.00891	0.02112	0.12048	0.01177	0.01091	0.00520	0.00334	0.00148	0.00349	0.00346	0.00329	0.00508
19	0.00948	0.00893	0.01483	0.55758	0.18508	0.01061	0.01282	0.01231	0.00965	0.01285	0.00957	0.06352	0.00819	0.00555	0.00556	0.00161	0.05905	0.00483	0.00232	0.00567
20	0.05037	0.01772	0.01215	0.01076	0.01313	0.50888	0.00809	0.14778	0.03328	0.01508	0.00945	0.01255	0.00827	0.12380	0.00722	0.00177	0.00716	0.00388	0.00300	0.00564

[dist]
# distance from previous block
# <min> <max>
0	5

[block]
# block no. 5 follows, 53 sequences, length 9
# corresponding to MSA columns:
# 694-702
name=unknown_F
#
# <colnr> <probs for GDERKNQSTAVLIFYWHMCP>
#	G	D	E	R	K	N	Q	S	T	A	V	L	I	F	Y	W	H	M	C	P
0	0.01216	0.32888	0.30409	0.01078	0.01563	0.13282	0.01158	0.01579	0.05297	0.01344	0.00826	0.00937	0.00662	0.00447	0.00391	0.00124	0.00617	0.00316	0.00230	0.05636
1	0.01071	0.09129	0.09496	0.00923	0.01225	0.01108	0.00807	0.02005	0.48810	0.01815	0.12471	0.01992	0.05767	0.00678	0.00480	0.00153	0.00398	0.00561	0.00432	0.00677
2	0.01046	0.01046	0.01464	0.01255	0.01255	0.01464	0.01046	0.01150	0.00732	0.01150	0.00627	0.01046	0.00627	0.00837	0.01569	0.00209	0.82328	0.00418	0.00209	0.00523
3	0.01042	0.23705	0.60226	0.01220	0.01848	0.01315	0.01517	0.01492	0.00999	0.01412	0.00807	0.00946	0.00608	0.00442	0.00415	0.00138	0.00655	0.00328	0.00203	0.00682
4	0.00695	0.00463	0.00521	0.00521	0.00521	0.00463	0.00290	0.00695	0.00695	0.00927	0.01506	0.03128	0.01738	0.83203	0.02433	0.00463	0.00463	0.00695	0.00290	0.00290
5	0.01238	0.69909	0.10894	0.00886	0.01319	0.01766	0.00917	0.01505	0.05543	0.01218	0.00760	0.00852	0.00662	0.00428	0.00333	0.00111	0.00525	0.00283	0.00221	0.00632
6	0.00658	0.00484	0.00606	0.00663	0.00749	0.00456	0.00502	0.00791	0.01017	0.01318	0.09502	0.24378	0.20392	0.12517	0.00860	0.00228	0.00339	0.23713	0.00429	0.00399
7	0.00877	0.00851	0.01524	0.01192	0.01472	0.00804	0.32393	0.01226	0.07026	0.01558	0.15287	0.09095	0.18512	0.00808	0.00559	0.00163	0.00488	0.03054	0.02573	0.00538
8	0.00636	0.00447	0.00563	0.00609	0.00671	0.00417	0.00419	0.00761	0.01032	0.01421	0.23856	0.43452	0.08579	0.08992	0.00750	0.00200	0.00275	0.01083	0.05436	0.00401

[dist]
# distance from previous block
# <min> <max>
0	2

[block]
# block no. 6 follows, 53 sequences, length 29
# corresponding to MSA columns:
# 705-733
name=unknown_G
#
# <colnr> <probs for GDERKNQSTAVLIFYWHMCP>
#	G	D	E	R	K	N	Q	S	T	A	V	L	I	F	Y	W	H	M	C	P
0	0.01081	0.33630	0.50644	0.01153	0.01745	0.01410	0.01401	0.01482	0.00995	0.01364	0.00783	0.00916	0.00609	0.00437	0.00397	0.00132	0.00631	0.00316	0.00203	0.00671
1	0.01270	0.01250	0.01760	0.13208	0.53911	0.10644	0.01337	0.08004	0.01200	0.01592	0.00894	0.01154	0.00729	0.00453	0.00469	0.00142	0.00608	0.00412	0.00255	0.00707
2	0.00967	0.00889	0.01140	0.01357	0.22282	0.06252	0.00818	0.01218	0.05611	0.01466	0.06848	0.24622	0.02788	0.00799	0.00537	0.00146	0.03670	0.00699	0.00341	0.17549
3	0.00687	0.00496	0.00687	0.00687	0.00745	0.00553	0.00496	0.00802	0.00744	0.01050	0.01354	0.02288	0.01373	0.29700	0.55437	0.00668	0.01012	0.00572	0.00267	0.00382
4	0.01207	0.01143	0.07063	0.20470	0.34950	0.01083	0.13117	0.01520	0.01086	0.10821	0.01008	0.01259	0.00763	0.00463	0.00506	0.00151	0.01983	0.00448	0.00271	0.00688
5	0.00803	0.00425	0.00602	0.00602	0.00602	0.00425	0.00390	0.00637	0.00637	0.00850	0.00967	0.01793	0.01014	0.18202	0.01983	0.68722	0.00425	0.00472	0.00224	0.00224
6	0.00967	0.00556	0.00729	0.00676	0.00805	0.00555	0.00500	0.01085	0.00912	0.17198	0.01946	0.02548	0.11939	0.25326	0.31607	0.00474	0.00731	0.00625	0.00359	0.00463
7	0.02093	0.00896	0.01161	0.00890	0.01262	0.00826	0.00735	0.14392	0.01507	0.68293	0.01769	0.01551	0.01125	0.00589	0.00480	0.00147	0.00426	0.00473	0.00574	0.00813
8	0.00991	0.00559	0.00688	0.00661	0.00828	0.00498	0.00492	0.01153	0.03579	0.21336	0.03168	0.33358	0.28528	0.01145	0.00558	0.00170	0.00301	0.00993	0.00482	0.00513
9	0.01534	0.01787	0.01219	0.01116	0.01352	0.52709	0.00840	0.03402	0.21050	0.01418	0.01212	0.08029	0.01048	0.00618	0.00461	0.00139	0.00684	0.00458	0.00328	0.00596
10	0.00646	0.00471	0.00597	0.00651	0.00738	0.00419	0.00450	0.00748	0.00951	0.02664	0.02716	0.64550	0.11998	0.01341	0.00579	0.00178	0.00283	0.01202	0.00431	0.08387
11	0.01279	0.01437	0.01389	0.01218	0.01310	0.28331	0.00976	0.01391	0.00953	0.01167	0.00734	0.03630	0.00707	0.00733	0.01131	0.00177	0.50665	0.00409	0.00231	0.02134
12	0.00996	0.12065	0.71465	0.01298	0.01969	0.01203	0.01654	0.01504	0.01005	0.01468	0.00835	0.00980	0.00606	0.00449	0.00437	0.00146	0.00683	0.00342	0.00202	0.00695
13	0.00997	0.00946	0.01604	0.55373	0.29234	0.01087	0.01374	0.01304	0.01000	0.01336	0.00866	0.01243	0.00678	0.00460	0.00476	0.00153	0.00614	0.00425	0.00221	0.00607
14	0.01135	0.01269	0.02702	0.02138	0.12941	0.01199	0.68137	0.01522	0.01123	0.01535	0.00958	0.01275	0.00730	0.00406	0.00552	0.00159	0.00774	0.00545	0.00241	0.00660
15	0.01458	0.01746	0.01141	0.01045	0.01277	0.54114	0.00787	0.01745	0.11781	0.01306	0.01733	0.01744	0.16839	0.00659	0.00466	0.00136	0.00671	0.00481	0.00319	0.00551
16	0.00695	0.00463	0.00521	0.00521	0.00521	0.00463	0.00290	0.00695	0.00695	0.00927	0.01506	0.03128	0.01738	0.83203	0.02433	0.00463	0.00463	0.00695	0.00290	0.00290
17	0.00577	0.00436	0.00534	0.00611	0.00679	0.00393	0.00420	0.00672	0.00967	0.01241	0.03295	0.59444	0.26181	0.01411	0.00597	0.00184	0.00267	0.01254	0.00444	0.00393
18	0.01698	0.01027	0.01181	0.00957	0.01291	0.01082	0.00774	0.23693	0.28326	0.30475	0.03195	0.01584	0.01238	0.00613	0.00483	0.00152	0.00427	0.00494	0.00523	0.00787
19	0.00920	0.00669	0.00818	0.00740	0.00907	0.00674	0.00587	0.16682	0.01500	0.02074	0.53574	0.03323	0.03523	0.00941	0.00559	0.00158	0.00315	0.11006	0.00505	0.00523
20	0.00601	0.00431	0.00572	0.00652	0.00697	0.00401	0.00445	0.00713	0.01004	0.01361	0.18323	0.66799	0.03435	0.01392	0.00601	0.00185	0.00267	0.01258	0.00460	0.00401
21	0.01009	0.00906	0.00877	0.00840	0.00927	0.19273	0.00622	0.01022	0.00847	0.01019	0.00958	0.01448	0.00900	0.02029	0.29251	0.32965	0.04073	0.00424	0.00234	0.00377
22	0.01080	0.01031	0.01755	0.31912	0.52046	0.01109	0.01416	0.01377	0.01040	0.01437	0.00881	0.01216	0.00713	0.00445	0.00475	0.00148	0.00593	0.00425	0.00228	0.00674
23	0.00978	0.01027	0.02128	0.01594	0.01943	0.01003	0.52219	0.01303	0.01007	0.01389	0.01073	0.01488	0.00884	0.01476	0.27793	0.00366	0.00966	0.00547	0.00247	0.00571
24	0.00617	0.00490	0.00559	0.00568	0.00705	0.00432	0.00436	0.00773	0.01146	0.01456	0.22637	0.08084	0.49038	0.01180	0.00578	0.00167	0.00263	0.09988	0.00463	0.00419
25	0.01128	0.01281	0.07307	0.01699	0.08549	0.04729	0.38387	0.01508	0.06388	0.02880	0.01130	0.01403	0.03923	0.02025	0.00750	0.00171	0.15333	0.00518	0.00265	0.00627
26	0.01171	0.01123	0.01918	0.06434	0.76817	0.01132	0.01461	0.01456	0.01082	0.01546	0.00897	0.01187	0.00752	0.00428	0.00473	0.00143	0.00571	0.00426	0.00236	0.00747
27	0.01347	0.01065	0.01271	0.01048	0.01252	0.01264	0.00852	0.39608	0.01489	0.02054	0.01053	0.01378	0.00889	0.07071	0.13705	0.00283	0.22922	0.00459	0.00356	0.00635
28	0.07226	0.00704	0.00784	0.00660	0.00891	0.00673	0.00518	0.11498	0.01280	0.03118	0.27835	0.02175	0.05248	0.00678	0.00443	0.00126	0.00305	0.00561	0.17389	0.17887

[dist]
# distance from previous block
# <min> <max>
1	3

[block]
# block no. 7 follows, 53 sequences, length 24
# corresponding to MSA columns:
# 737-760
name=unknown_H
#
# <colnr> <probs for GDERKNQSTAVLIFYWHMCP>
#	G	D	E	R	K	N	Q	S	T	A	V	L	I	F	Y	W	H	M	C	P
0	0.46213	0.01123	0.11198	0.00831	0.01166	0.01059	0.00760	0.01708	0.19811	0.05365	0.01161	0.01357	0.00916	0.00552	0.00392	0.00156	0.00421	0.04853	0.00351	0.00608
1	0.01239	0.04837	0.15603	0.01337	0.01727	0.22785	0.22134	0.01560	0.02718	0.03248	0.07327	0.01583	0.01141	0.00555	0.00492	0.00146	0.00680	0.05934	0.00286	0.04667
2	0.01039	0.01012	0.01788	0.41774	0.33746	0.01107	0.09932	0.01353	0.01027	0.01391	0.00882	0.01240	0.00695	0.00449	0.00486	0.00153	0.00628	0.00441	0.00225	0.00633
3	0.02054	0.00816	0.01100	0.00839	0.01213	0.00697	0.00692	0.02241	0.01339	0.74370	0.01805	0.01577	0.01146	0.00573	0.00471	0.00142	0.00403	0.00465	0.00567	0.07490
4	0.00845	0.01502	0.37738	0.01015	0.01408	0.04917	0.02784	0.01185	0.01082	0.01490	0.15495	0.16466	0.10487	0.00816	0.00515	0.00159	0.00505	0.00697	0.00332	0.00562
5	0.00695	0.00463	0.00521	0.00521	0.00521	0.00463	0.00290	0.00695	0.00695	0.00927	0.01506	0.03128	0.01738	0.83203	0.02433	0.00463	0.00463	0.00695	0.00290	0.00290
6	0.00990	0.00938	0.01575	0.48176	0.32013	0.01056	0.01330	0.01286	0.01012	0.01352	0.01074	0.01411	0.04769	0.00496	0.00481	0.00153	0.00591	0.00455	0.00233	0.00609
7	0.01714	0.02160	0.01365	0.01234	0.01456	0.73620	0.00935	0.01836	0.01295	0.01168	0.00728	0.00880	0.00617	0.00526	0.00540	0.00131	0.08684	0.00318	0.00243	0.00551
8	0.00620	0.00480	0.00565	0.00557	0.00683	0.00425	0.00413	0.00789	0.01202	0.01588	0.41037	0.10889	0.36787	0.01122	0.00568	0.00159	0.00237	0.00969	0.00484	0.00425
9	0.00991	0.00850	0.00991	0.00708	0.01133	0.00637	0.00566	0.01203	0.00991	0.01557	0.00850	0.00991	0.00708	0.00354	0.00354	0.00071	0.00354	0.00283	0.00283	0.86124
10	0.02440	0.06370	0.24189	0.03697	0.22629	0.04414	0.06817	0.09558	0.02996	0.08547	0.01970	0.01229	0.02022	0.00489	0.00464	0.00145	0.00600	0.00420	0.00294	0.00711
11	0.03063	0.00995	0.01446	0.01096	0.01466	0.00959	0.15254	0.18257	0.03638	0.39392	0.05141	0.01652	0.04156	0.00592	0.00500	0.00150	0.00491	0.00521	0.00486	0.00744
12	0.00830	0.00415	0.00623	0.00623	0.00623	0.00415	0.00415	0.00623	0.00623	0.00830	0.00830	0.01453	0.00830	0.01660	0.01868	0.86094	0.00415	0.00415	0.00208	0.00208
13	0.00679	0.00517	0.00742	0.00950	0.09489	0.00497	0.00609	0.00806	0.00964	0.01292	0.02427	0.61412	0.02831	0.01351	0.00603	0.00193	0.00335	0.13448	0.00420	0.00437
14	0.01317	0.06622	0.08994	0.06873	0.01547	0.06293	0.04923	0.25227	0.13521	0.03627	0.09924	0.01741	0.01382	0.00632	0.00488	0.00151	0.00523	0.05147	0.00394	0.00673
15	0.01051	0.26006	0.58004	0.01204	0.01824	0.01337	0.01491	0.01490	0.00998	0.01401	0.00802	0.00939	0.00608	0.00441	0.00411	0.00137	0.00650	0.00325	0.00203	0.00679
16	0.04248	0.10307	0.01693	0.08142	0.32722	0.14628	0.05090	0.01570	0.08606	0.01460	0.01051	0.06463	0.00922	0.00530	0.00457	0.00142	0.00585	0.00460	0.00273	0.00651
17	0.01693	0.01375	0.01360	0.01068	0.01433	0.10160	0.00867	0.57797	0.07052	0.02604	0.01126	0.01143	0.00823	0.00549	0.00462	0.00135	0.00537	0.00410	0.00434	0.08972
18	0.00964	0.00779	0.00918	0.00705	0.01069	0.00605	0.00568	0.01166	0.01026	0.04307	0.01487	0.01833	0.09646	0.00549	0.00411	0.00098	0.00352	0.07736	0.00327	0.65454
19	0.00858	0.01896	0.56924	0.01159	0.01699	0.00920	0.03412	0.01288	0.01017	0.01447	0.01729	0.09507	0.14765	0.00685	0.00491	0.00157	0.00586	0.00570	0.00268	0.00621
20	0.01157	0.09062	0.04664	0.02345	0.56036	0.01211	0.01310	0.01413	0.01029	0.01472	0.00842	0.01109	0.00720	0.00466	0.00569	0.00141	0.09547	0.00397	0.00232	0.06278
21	0.00905	0.00751	0.01162	0.01074	0.05144	0.00755	0.13281	0.01222	0.08608	0.05514	0.12802	0.17143	0.11884	0.00965	0.00635	0.00175	0.05751	0.11292	0.00408	0.00532
22	0.03061	0.01020	0.01142	0.00926	0.01226	0.09681	0.04697	0.14570	0.04276	0.23905	0.16424	0.01960	0.03922	0.00662	0.00489	0.00142	0.00453	0.03071	0.00459	0.07914
23	0.08903	0.19167	0.11173	0.00929	0.01286	0.03173	0.04812	0.01641	0.06195	0.22011	0.03454	0.11539	0.02463	0.00646	0.00446	0.00145	0.00470	0.00528	0.00376	0.00642

[dist]
# distance from previous block
# <min> <max>
7	35

[block]
# block no. 8 follows, 53 sequences, length 18
# corresponding to MSA columns:
# 796-813
name=unknown_I
#
# <colnr> <probs for GDERKNQSTAVLIFYWHMCP>
#	G	D	E	R	K	N	Q	S	T	A	V	L	I	F	Y	W	H	M	C	P
0	0.01071	0.15916	0.44036	0.01129	0.01634	0.08806	0.01280	0.03490	0.03859	0.01437	0.01262	0.06322	0.06631	0.00580	0.00446	0.00144	0.00611	0.00451	0.00257	0.00639
1	0.01000	0.19787	0.24207	0.00933	0.01311	0.01090	0.00961	0.07945	0.06565	0.01553	0.07676	0.12751	0.10856	0.00740	0.00468	0.00147	0.00474	0.00605	0.00333	0.00599
2	0.01225	0.24333	0.32882	0.01104	0.01602	0.01399	0.01195	0.14193	0.14423	0.01732	0.01035	0.01096	0.00785	0.00494	0.00423	0.00138	0.00568	0.00370	0.00295	0.00707
3	0.14504	0.07459	0.29351	0.01076	0.01479	0.19975	0.01096	0.03559	0.01088	0.01511	0.01067	0.09006	0.00977	0.00615	0.00442	0.00149	0.00615	0.05169	0.00272	0.00591
4	0.00809	0.03399	0.26315	0.00851	0.01161	0.00737	0.00873	0.03954	0.01095	0.01509	0.19496	0.05314	0.15210	0.12601	0.02341	0.00211	0.00463	0.02789	0.00354	0.00517
5	0.00959	0.02472	0.80726	0.01362	0.02069	0.01110	0.01766	0.01514	0.01009	0.01514	0.00858	0.01009	0.00605	0.00454	0.00454	0.00151	0.00706	0.00353	0.00202	0.00706
6	0.01322	0.00951	0.00892	0.00800	0.00969	0.16286	0.00579	0.06165	0.01122	0.21113	0.01605	0.14588	0.01545	0.28590	0.01150	0.00256	0.00502	0.00653	0.00393	0.00520
7	0.01122	0.28815	0.24622	0.01314	0.01826	0.01367	0.23453	0.01498	0.03202	0.01406	0.00855	0.01030	0.00673	0.00423	0.00431	0.00133	0.00637	0.00382	0.00228	0.06584
8	0.01147	0.50183	0.34662	0.01042	0.01573	0.01570	0.01208	0.01465	0.00987	0.01284	0.00744	0.00866	0.00610	0.00427	0.00367	0.00122	0.00591	0.00296	0.00203	0.00652
9	0.00733	0.00524	0.00659	0.00762	0.08136	0.00522	0.00414	0.00766	0.00749	0.01010	0.01534	0.09034	0.01753	0.69067	0.02107	0.00412	0.00459	0.00720	0.00296	0.00342
10	0.01148	0.01074	0.01509	0.01722	0.27439	0.01243	0.03070	0.01800	0.31156	0.01623	0.01234	0.01382	0.00993	0.00617	0.00763	0.00168	0.21567	0.00472	0.00326	0.00694
11	0.01752	0.01363	0.27482	0.01020	0.01501	0.00837	0.01055	0.02059	0.01249	0.54371	0.01545	0.01422	0.00992	0.00546	0.00472	0.00149	0.00506	0.00438	0.00462	0.00778
12	0.00599	0.00428	0.00573	0.00684	0.00719	0.00402	0.00472	0.00693	0.00931	0.01238	0.02625	0.76218	0.03126	0.01482	0.00614	0.00196	0.00291	0.07872	0.00443	0.00393
13	0.09532	0.01074	0.01069	0.00939	0.01226	0.06977	0.00737	0.02351	0.53470	0.14715	0.01725	0.01594	0.01263	0.00608	0.00463	0.00156	0.00418	0.00487	0.00468	0.00728
14	0.01086	0.34719	0.49593	0.01146	0.01734	0.01421	0.01389	0.01481	0.00994	0.01359	0.00781	0.00913	0.00609	0.00436	0.00395	0.00132	0.00629	0.00314	0.00203	0.00669
15	0.00984	0.00897	0.01481	0.02182	0.53878	0.00888	0.01128	0.01201	0.01031	0.01448	0.01474	0.28248	0.01553	0.00781	0.00519	0.00159	0.00472	0.00735	0.00305	0.00635
16	0.00959	0.02472	0.80726	0.01362	0.02069	0.01110	0.01766	0.01514	0.01009	0.01514	0.00858	0.01009	0.00605	0.00454	0.00454	0.00151	0.00706	0.00353	0.00202	0.00706
17	0.01390	0.01288	0.23733	0.01302	0.14215	0.00859	0.01090	0.03448	0.01206	0.30217	0.08920	0.07518	0.01404	0.00629	0.00489	0.00151	0.00494	0.00536	0.00404	0.00708

[dist]
# distance from previous block
# <min> <max>
0	4

[block]
# block no. 9 follows, 53 sequences, length 7
# corresponding to MSA columns:
# 818-824
name=unknown_J
#
# <colnr> <probs for GDERKNQSTAVLIFYWHMCP>
#	G	D	E	R	K	N	Q	S	T	A	V	L	I	F	Y	W	H	M	C	P
0	0.01395	0.27633	0.01632	0.00970	0.01282	0.17549	0.04366	0.08279	0.07877	0.09004	0.07629	0.03645	0.03054	0.00601	0.00437	0.00134	0.00538	0.03006	0.00345	0.00621
1	0.01400	0.08473	0.23612	0.01253	0.01648	0.24197	0.05101	0.15988	0.01309	0.01622	0.00841	0.00992	0.00656	0.00527	0.00578	0.00145	0.10374	0.00365	0.00269	0.00650
2	0.00700	0.00565	0.00833	0.00810	0.00868	0.00583	0.07144	0.00795	0.00868	0.01177	0.02047	0.50569	0.02392	0.18800	0.01093	0.00250	0.08680	0.01054	0.00370	0.00403
3	0.14225	0.01454	0.01320	0.01369	0.16050	0.25272	0.00919	0.20286	0.06594	0.01896	0.01163	0.01245	0.05102	0.00542	0.00441	0.00140	0.00586	0.00406	0.00335	0.00654
4	0.01010	0.00882	0.01357	0.04661	0.42893	0.03696	0.01015	0.01147	0.00952	0.01303	0.01159	0.12292	0.01161	0.07442	0.00908	0.16237	0.00505	0.00566	0.00263	0.00553
5	0.00595	0.00426	0.00566	0.00657	0.00696	0.00397	0.00445	0.00697	0.00974	0.01313	0.12961	0.72299	0.03341	0.01428	0.00604	0.00188	0.00270	0.01293	0.00455	0.00397
6	0.26350	0.00607	0.00587	0.00579	0.00725	0.00625	0.00424	0.00927	0.00912	0.01494	0.06468	0.11033	0.22728	0.20007	0.00926	0.00233	0.00343	0.04250	0.00368	0.00414

[dist]
# distance from previous block
# <min> <max>
5	7

[block]
# block no. 10 follows, 53 sequences, length 28
# corresponding to MSA columns:
# 832-859
name=unknown_K
#
# <colnr> <probs for GDERKNQSTAVLIFYWHMCP>
#	G	D	E	R	K	N	Q	S	T	A	V	L	I	F	Y	W	H	M	C	P
0	0.01298	0.01116	0.01627	0.23743	0.33576	0.01221	0.01242	0.24615	0.03546	0.01917	0.00989	0.01213	0.00761	0.00490	0.00476	0.00148	0.00569	0.00430	0.00309	0.00713
1	0.01523	0.44229	0.01949	0.01018	0.01348	0.40273	0.00869	0.01662	0.01156	0.01146	0.00700	0.00813	0.00614	0.00449	0.00367	0.00112	0.00681	0.00281	0.00225	0.00585
2	0.02144	0.00813	0.01109	0.00850	0.01220	0.00702	0.00702	0.02329	0.01368	0.80552	0.01886	0.01627	0.01183	0.00592	0.00481	0.00148	0.00407	0.00481	0.00592	0.00813
3	0.01032	0.17192	0.59583	0.01320	0.01952	0.01262	0.08320	0.01500	0.01013	0.01444	0.00832	0.00989	0.00617	0.00441	0.00437	0.00143	0.00679	0.00354	0.00206	0.00684
4	0.00859	0.00848	0.01650	0.08380	0.01735	0.00818	0.35463	0.01109	0.01018	0.01364	0.01730	0.37497	0.01841	0.00914	0.00579	0.00177	0.00549	0.02619	0.00333	0.00517
5	0.00671	0.00456	0.00541	0.00564	0.00575	0.00454	0.00338	0.00697	0.00745	0.00998	0.01733	0.19930	0.02011	0.61829	0.06105	0.00422	0.00466	0.00826	0.00320	0.00318
6	0.00632	0.00506	0.00578	0.00614	0.00759	0.00452	0.00497	0.00786	0.01093	0.01337	0.04084	0.04859	0.54689	0.01247	0.00596	0.00181	0.00307	0.25927	0.00443	0.00416
7	0.01008	0.15122	0.68513	0.01277	0.01937	0.01232	0.01618	0.01501	0.01003	0.01453	0.00828	0.00971	0.00607	0.00447	0.00431	0.00144	0.00676	0.00338	0.00202	0.00692
8	0.01203	0.21038	0.02231	0.01695	0.15879	0.02793	0.29229	0.01437	0.01068	0.01424	0.01007	0.01398	0.00878	0.05502	0.07714	0.00230	0.03871	0.00483	0.00264	0.00655
9	0.00582	0.00416	0.00555	0.00666	0.00693	0.00388	0.00444	0.00666	0.00915	0.01220	0.02634	0.82891	0.03161	0.01497	0.00610	0.00194	0.00277	0.01359	0.00444	0.00388
10	0.06804	0.01296	0.01371	0.01065	0.01435	0.01441	0.00877	0.69695	0.06576	0.02903	0.01165	0.01162	0.00832	0.00570	0.00468	0.00145	0.00508	0.00426	0.00468	0.00792
11	0.01125	0.01122	0.01674	0.20274	0.38787	0.06314	0.01299	0.01363	0.00989	0.01361	0.00812	0.01150	0.00690	0.00541	0.00736	0.00161	0.20324	0.00416	0.00225	0.00637
12	0.01352	0.07022	0.40245	0.01272	0.01752	0.37522	0.01330	0.01688	0.01164	0.01335	0.00793	0.00928	0.00611	0.00469	0.00435	0.00136	0.00766	0.00327	0.00222	0.00632
13	0.00582	0.00416	0.00555	0.00666	0.00693	0.00388	0.00444	0.00666	0.00915	0.01220	0.02634	0.82891	0.03161	0.01497	0.00610	0.00194	0.00277	0.01359	0.00444	0.00388
14	0.00834	0.00776	0.01143	0.01010	0.01092	0.00932	0.07461	0.00972	0.00892	0.01255	0.05821	0.21463	0.11928	0.01202	0.06498	0.00230	0.34930	0.00765	0.00319	0.00475
15	0.01198	0.36989	0.26263	0.01234	0.01733	0.08493	0.15029	0.01516	0.01044	0.01320	0.00784	0.00942	0.00631	0.00429	0.00409	0.00130	0.00654	0.00345	0.00214	0.00642
16	0.00582	0.00416	0.00555	0.00666	0.00693	0.00388	0.00444	0.00666	0.00915	0.01220	0.02634	0.82891	0.03161	0.01497	0.00610	0.00194	0.00277	0.01359	0.00444	0.00388
17	0.01278	0.83490	0.02505	0.00818	0.01227	0.01891	0.00818	0.01431	0.00971	0.01125	0.00664	0.00767	0.00613	0.00409	0.00307	0.00102	0.00511	0.00256	0.00204	0.00613
18	0.86579	0.00924	0.00702	0.00629	0.00924	0.01072	0.00518	0.01405	0.00813	0.02144	0.00666	0.00776	0.00518	0.00444	0.00296	0.00148	0.00370	0.00259	0.00296	0.00518
19	0.02144	0.00813	0.01109	0.00850	0.01220	0.00702	0.00702	0.02329	0.01368	0.80552	0.01886	0.01627	0.01183	0.00592	0.00481	0.00148	0.00407	0.00481	0.00592	0.00813
20	0.01785	0.02278	0.01354	0.01231	0.01478	0.81284	0.00924	0.01909	0.01354	0.01170	0.00739	0.00862	0.00616	0.00493	0.00431	0.00123	0.00862	0.00308	0.00246	0.00554
21	0.00650	0.00505	0.00602	0.00628	0.00763	0.00457	0.00504	0.00823	0.01148	0.01465	0.19953	0.04621	0.40969	0.01194	0.00593	0.00177	0.00298	0.23765	0.00460	0.00424
22	0.01097	0.01506	0.17074	0.01895	0.02419	0.01191	0.64448	0.01528	0.01106	0.01528	0.00947	0.01238	0.00703	0.00412	0.00544	0.00159	0.00788	0.00525	0.00234	0.00656
23	0.01786	0.01309	0.01402	0.01078	0.01451	0.01448	0.00889	0.76053	0.02206	0.02971	0.01161	0.01169	0.00827	0.00573	0.00473	0.00142	0.00516	0.00431	0.03314	0.00801
24	0.00656	0.00488	0.00611	0.00580	0.00702	0.00442	0.00435	0.00862	0.01305	0.01802	0.66223	0.03759	0.18327	0.01020	0.00564	0.00152	0.00229	0.00891	0.00511	0.00442
25	0.00582	0.00416	0.00555	0.00666	0.00693	0.00388	0.00444	0.00666	0.00915	0.01220	0.02634	0.82891	0.03161	0.01497	0.00610	0.00194	0.00277	0.01359	0.00444	0.00388
26	0.02045	0.00925	0.06186	0.00886	0.01275	0.00741	0.00772	0.02283	0.03285	0.73557	0.01822	0.01591	0.01153	0.00584	0.00479	0.00148	0.00425	0.00474	0.00564	0.00805
27	0.01817	0.01339	0.01434	0.01100	0.01482	0.01482	0.00908	0.78627	0.02247	0.03012	0.01148	0.01148	0.00813	0.00574	0.00478	0.00143	0.00526	0.00430	0.00478	0.00813

[dist]
# distance from previous block
# <min> <max>
0	2

[block]
# block no. 11 follows, 53 sequences, length 85
# corresponding to MSA columns:
# 862-946
name=unknown_L
#
# <colnr> <probs for GDERKNQSTAVLIFYWHMCP>
#	G	D	E	R	K	N	Q	S	T	A	V	L	I	F	Y	W	H	M	C	P
0	0.00959	0.02472	0.80726	0.01362	0.02069	0.01110	0.01766	0.01514	0.01009	0.01514	0.00858	0.01009	0.00605	0.00454	0.00454	0.00151	0.00706	0.00353	0.00202	0.00706
1	0.01135	0.01376	0.13879	0.02450	0.47418	0.01152	0.22517	0.01491	0.01087	0.01546	0.00911	0.01186	0.00726	0.00424	0.00495	0.00149	0.00653	0.00453	0.00233	0.00719
2	0.01150	0.01227	0.02463	0.02387	0.34008	0.01179	0.47260	0.01505	0.01112	0.01543	0.00939	0.01246	0.00738	0.00412	0.00527	0.00153	0.00709	0.00508	0.00240	0.00690
3	0.00676	0.00489	0.00639	0.00601	0.00714	0.00451	0.00451	0.00902	0.01353	0.01917	0.79969	0.03570	0.04510	0.00977	0.00564	0.00150	0.00225	0.00864	0.00526	0.00451
4	0.00900	0.05612	0.01279	0.06046	0.03045	0.08395	0.15443	0.01085	0.01027	0.01292	0.01904	0.32115	0.05074	0.04554	0.00639	0.00186	0.00501	0.10071	0.00347	0.00485
5	0.01242	0.00904	0.01252	0.01454	0.22693	0.03717	0.02510	0.08266	0.04397	0.14837	0.08174	0.08764	0.01783	0.00799	0.00534	0.00165	0.00466	0.16990	0.00411	0.00639
6	0.00634	0.00453	0.00613	0.00724	0.00774	0.00432	0.00533	0.00754	0.00966	0.01277	0.02606	0.61754	0.03049	0.01449	0.00624	0.00201	0.00322	0.21990	0.00443	0.00402
7	0.00760	0.00547	0.00756	0.00860	0.00973	0.00543	0.00749	0.00975	0.01100	0.01423	0.02649	0.05351	0.06708	0.01315	0.00655	0.00217	0.00430	0.73112	0.00440	0.00438
8	0.01016	0.13608	0.54647	0.01349	0.01955	0.01206	0.12967	0.01478	0.01036	0.01479	0.04310	0.01129	0.00795	0.00463	0.00454	0.00146	0.00673	0.00393	0.00222	0.00673
9	0.01023	0.01019	0.01646	0.16678	0.03458	0.01257	0.15117	0.03046	0.00927	0.01321	0.04081	0.01367	0.03643	0.00694	0.01055	0.00184	0.42204	0.00485	0.00244	0.00551
10	0.00565	0.00484	0.00484	0.00484	0.00646	0.00403	0.00363	0.00686	0.01089	0.01291	0.04842	0.04600	0.80027	0.01210	0.00565	0.00161	0.00242	0.01009	0.00444	0.00403
11	0.01168	0.55731	0.29305	0.01004	0.01515	0.01624	0.01143	0.01459	0.00984	0.01258	0.00731	0.00850	0.00611	0.00424	0.00357	0.00119	0.00578	0.00289	0.00204	0.00645
12	0.01382	0.01594	0.16287	0.08185	0.13862	0.19489	0.05192	0.08396	0.08723	0.08660	0.02934	0.01240	0.00883	0.00511	0.00470	0.00145	0.00635	0.00419	0.00314	0.00679
13	0.02144	0.00813	0.01109	0.00850	0.01220	0.00702	0.00702	0.02329	0.01368	0.80552	0.01886	0.01627	0.01183	0.00592	0.00481	0.00148	0.00407	0.00481	0.00592	0.00813
14	0.00565	0.00484	0.00484	0.00484	0.00646	0.00403	0.00363	0.00686	0.01089	0.01291	0.04842	0.04600	0.80027	0.01210	0.00565	0.00161	0.00242	0.01009	0.00444	0.00403
15	0.08346	0.17781	0.03427	0.01140	0.07584	0.13124	0.00890	0.25087	0.07238	0.07724	0.01068	0.02684	0.00832	0.00529	0.00425	0.00135	0.00543	0.00392	0.00357	0.00692
16	0.00959	0.02472	0.80726	0.01362	0.02069	0.01110	0.01766	0.01514	0.01009	0.01514	0.00858	0.01009	0.00605	0.00454	0.00454	0.00151	0.00706	0.00353	0.00202	0.00706
17	0.01926	0.00765	0.01039	0.00813	0.01145	0.00665	0.00665	0.02117	0.01366	0.68875	0.13480	0.01915	0.01677	0.00649	0.00493	0.00148	0.00380	0.00538	0.00582	0.00760
18	0.01163	0.43691	0.36856	0.01079	0.01610	0.05613	0.01240	0.01492	0.01007	0.01298	0.00753	0.00878	0.00610	0.00433	0.00378	0.00125	0.00615	0.00301	0.00205	0.00651
19	0.04863	0.01023	0.01593	0.12995	0.49347	0.01076	0.01228	0.04840	0.06793	0.01650	0.01058	0.01365	0.00867	0.00487	0.00461	0.00146	0.00524	0.02240	0.06759	0.00688
20	0.00684	0.00475	0.00580	0.00563	0.00619	0.00456	0.00371	0.00796	0.01022	0.01418	0.40059	0.04681	0.03123	0.41452	0.01484	0.00305	0.00343	0.00789	0.00408	0.00371
21	0.00959	0.02472	0.80726	0.01362	0.02069	0.01110	0.01766	0.01514	0.01009	0.01514	0.00858	0.01009	0.00605	0.00454	0.00454	0.00151	0.00706	0.00353	0.00202	0.00706
22	0.01228	0.01337	0.07943	0.09222	0.30010	0.11053	0.06739	0.06806	0.12837	0.01617	0.01108	0.04274	0.00910	0.00531	0.00503	0.00150	0.02284	0.00467	0.00294	0.00684
23	0.00967	0.00819	0.01338	0.69968	0.02941	0.00986	0.01209	0.01261	0.00996	0.06994	0.01227	0.01552	0.06694	0.00542	0.00485	0.00159	0.00590	0.00473	0.00257	0.00542
24	0.00588	0.00418	0.00553	0.00658	0.00684	0.00392	0.00436	0.00667	0.00904	0.01205	0.02577	0.78806	0.03088	0.05681	0.00703	0.00208	0.00287	0.01325	0.00436	0.00383
25	0.01323	0.76305	0.02403	0.00854	0.01249	0.08915	0.00827	0.01473	0.01005	0.01129	0.00671	0.00775	0.00614	0.00416	0.00318	0.00104	0.00542	0.00260	0.00208	0.00608
26	0.01496	0.21720	0.14302	0.01048	0.01477	0.01459	0.00998	0.36066	0.09682	0.05597	0.01097	0.01118	0.00814	0.00523	0.00433	0.00137	0.00531	0.00389	0.00372	0.00741
27	0.00683	0.00512	0.00768	0.00768	0.00853	0.00597	0.00597	0.00853	0.00768	0.01110	0.01280	0.01878	0.01195	0.03585	0.81308	0.00768	0.01280	0.00512	0.00256	0.00427
28	0.01069	0.30393	0.53769	0.01175	0.01779	0.01379	0.01439	0.01485	0.00996	0.01380	0.00791	0.00926	0.00608	0.00439	0.00403	0.00134	0.00639	0.00320	0.00203	0.00674
29	0.01108	0.27349	0.51827	0.01187	0.01784	0.01336	0.03007	0.01521	0.01014	0.04564	0.00842	0.00965	0.00634	0.00445	0.00412	0.00136	0.00636	0.00333	0.00219	0.00681
30	0.00565	0.00484	0.00484	0.00484	0.00646	0.00403	0.00363	0.00686	0.01089	0.01291	0.04842	0.04600	0.80027	0.01210	0.00565	0.00161	0.00242	0.01009	0.00444	0.00403
31	0.00610	0.00436	0.00587	0.00697	0.00737	0.00412	0.00492	0.00714	0.00943	0.01251	0.02619	0.71382	0.03100	0.01471	0.00618	0.00198	0.00301	0.12592	0.00443	0.00396
32	0.40151	0.00844	0.00762	0.00661	0.00911	0.00940	0.00533	0.16856	0.01167	0.02195	0.01069	0.01196	0.00819	0.00509	0.00346	0.00134	0.00351	0.00357	0.29648	0.00552
33	0.01156	0.01229	0.01448	0.01251	0.01288	0.13317	0.01028	0.01263	0.00824	0.01153	0.00644	0.01018	0.00626	0.00785	0.01400	0.00196	0.70231	0.00402	0.00215	0.00527
34	0.00775	0.00515	0.00646	0.00598	0.00742	0.00462	0.00454	0.00976	0.01300	0.08317	0.57998	0.03621	0.19802	0.00993	0.00557	0.00152	0.00244	0.00862	0.00515	0.00471
35	0.01045	0.00995	0.01691	0.41791	0.42440	0.01099	0.01398	0.01346	0.01023	0.01394	0.00875	0.01228	0.00698	0.00451	0.00475	0.00150	0.00602	0.00425	0.00225	0.00646
36	0.01103	0.39178	0.45287	0.01116	0.01687	0.01464	0.01336	0.01476	0.00992	0.01337	0.00770	0.00899	0.00609	0.00434	0.00387	0.00129	0.00618	0.00309	0.00203	0.00664
37	0.01306	0.01085	0.01147	0.00996	0.01288	0.01244	0.00785	0.16734	0.64973	0.02188	0.01797	0.01665	0.01338	0.00635	0.00485	0.00159	0.00406	0.00520	0.00485	0.00767
38	0.00770	0.00550	0.00770	0.00880	0.00990	0.00550	0.00770	0.00990	0.01100	0.01430	0.02531	0.05391	0.02751	0.01320	0.00660	0.00220	0.00440	0.77004	0.00440	0.00440
39	0.00959	0.02472	0.80726	0.01362	0.02069	0.01110	0.01766	0.01514	0.01009	0.01514	0.00858	0.01009	0.00605	0.00454	0.00454	0.00151	0.00706	0.00353	0.00202	0.00706
40	0.01183	0.01136	0.01940	0.02934	0.80221	0.01136	0.01467	0.01467	0.01088	0.01562	0.00899	0.01183	0.00757	0.00426	0.00473	0.00142	0.00568	0.00426	0.00237	0.00757
41	0.00666	0.00517	0.00625	0.00679	0.00815	0.00476	0.00563	0.00835	0.01095	0.01360	0.03707	0.04989	0.42075	0.01264	0.00612	0.00190	0.00339	0.38331	0.00442	0.00421
42	0.86579	0.00924	0.00702	0.00629	0.00924	0.01072	0.00518	0.01405	0.00813	0.02144	0.00666	0.00776	0.00518	0.00444	0.00296	0.00148	0.00370	0.00259	0.00296	0.00518
43	0.44529	0.01685	0.40004	0.00989	0.01486	0.01091	0.01131	0.01458	0.00910	0.01835	0.00760	0.00891	0.00561	0.00449	0.00374	0.00150	0.00535	0.00305	0.00250	0.00610
44	0.01183	0.01136	0.01940	0.02934	0.80221	0.01136	0.01467	0.01467	0.01088	0.01562	0.00899	0.01183	0.00757	0.00426	0.00473	0.00142	0.00568	0.00426	0.00237	0.00757
45	0.01785	0.02278	0.01354	0.01231	0.01478	0.81284	0.00924	0.01909	0.01354	0.01170	0.00739	0.00862	0.00616	0.00493	0.00431	0.00123	0.00862	0.00308	0.00246	0.00554
46	0.01783	0.01057	0.01673	0.01239	0.01645	0.01006	0.23411	0.17334	0.01474	0.42039	0.01471	0.01433	0.00976	0.00533	0.00504	0.00151	0.00547	0.00495	0.00467	0.00764
47	0.00770	0.00550	0.00770	0.00880	0.00990	0.00550	0.00770	0.00990	0.01100	0.01430	0.02531	0.05391	0.02751	0.01320	0.00660	0.00220	0.00440	0.77004	0.00440	0.00440
48	0.00565	0.00484	0.00484	0.00484	0.00646	0.00403	0.00363	0.00686	0.01089	0.01291	0.04842	0.04600	0.80027	0.01210	0.00565	0.00161	0.00242	0.01009	0.00444	0.00403
49	0.00995	0.02255	0.67902	0.01618	0.14790	0.01114	0.01717	0.01506	0.01022	0.01521	0.00864	0.01037	0.00630	0.00450	0.00457	0.00150	0.00684	0.00365	0.00207	0.00715
50	0.00577	0.00485	0.00501	0.00497	0.00653	0.00409	0.00373	0.00709	0.01118	0.01359	0.12995	0.04488	0.71832	0.01185	0.00565	0.00160	0.00240	0.00993	0.00453	0.00409
51	0.02144	0.00813	0.01109	0.00850	0.01220	0.00702	0.00702	0.02329	0.01368	0.80552	0.01886	0.01627	0.01183	0.00592	0.00481	0.00148	0.00407	0.00481	0.00592	0.00813
52	0.01785	0.02278	0.01354	0.01231	0.01478	0.81284	0.00924	0.01909	0.01354	0.01170	0.00739	0.00862	0.00616	0.00493	0.00431	0.00123	0.00862	0.00308	0.00246	0.00554
53	0.05038	0.01739	0.01346	0.01395	0.13089	0.46036	0.00946	0.01980	0.20812	0.01476	0.01062	0.01137	0.00844	0.00520	0.00446	0.00137	0.00677	0.00382	0.00307	0.00633
