[name]
unknown

[dist]
# distance from previous block
# <min> <max>
0	278

[block]
# block no. 0 follows, 44 sequences, length 25
# corresponding to MSA columns:
# 278-302
name=unknown_A
#
# <colnr> <probs for GDERKNQSTAVLIFYWHMCP>
#	G	D	E	R	K	N	Q	S	T	A	V	L	I	F	Y	W	H	M	C	P
0	0.01513	0.11674	0.23400	0.01290	0.01749	0.10369	0.01288	0.20868	0.01560	0.03854	0.01277	0.01798	0.01085	0.00711	0.00615	0.00174	0.05843	0.09813	0.00364	0.00754
1	0.01541	0.27286	0.26773	0.01262	0.01774	0.16320	0.01311	0.03750	0.01269	0.08372	0.00983	0.01101	0.00762	0.00550	0.00529	0.00152	0.04856	0.00377	0.00289	0.00742
2	0.01816	0.02135	0.01444	0.01309	0.01598	0.53555	0.00992	0.02411	0.25867	0.01642	0.01290	0.01324	0.01015	0.00620	0.00512	0.00155	0.00804	0.00437	0.00370	0.00707
3	0.84691	0.01054	0.00801	0.00717	0.01054	0.01223	0.00590	0.01603	0.00928	0.02446	0.00759	0.00886	0.00590	0.00506	0.00337	0.00169	0.00422	0.00295	0.00337	0.00590
4	0.00793	0.00529	0.00595	0.00595	0.00595	0.00529	0.00330	0.00793	0.00793	0.01057	0.01718	0.03568	0.01982	0.80840	0.02775	0.00529	0.00529	0.00793	0.00330	0.00330
5	0.08058	0.14595	0.37120	0.01272	0.01875	0.01443	0.01415	0.16672	0.01451	0.09576	0.01109	0.01188	0.00797	0.00552	0.00486	0.00161	0.00665	0.00409	0.00346	0.00809
6	0.26518	0.14596	0.33997	0.01287	0.01868	0.01408	0.09904	0.01676	0.01092	0.01876	0.00891	0.01064	0.00677	0.00499	0.00451	0.00164	0.00667	0.00380	0.00268	0.00715
7	0.00941	0.00476	0.00706	0.00706	0.00706	0.00476	0.00468	0.00713	0.00713	0.00951	0.00977	0.01733	0.00988	0.05021	0.02156	0.80827	0.00476	0.00486	0.00240	0.00240
8	0.84691	0.01054	0.00801	0.00717	0.01054	0.01223	0.00590	0.01603	0.00928	0.02446	0.00759	0.00886	0.00590	0.00506	0.00337	0.00169	0.00422	0.00295	0.00337	0.00590
9	0.57667	0.27066	0.01469	0.00787	0.01166	0.01526	0.00702	0.01612	0.00986	0.02068	0.00759	0.00882	0.00626	0.00493	0.00341	0.00152	0.00474	0.00294	0.00304	0.00626
10	0.00779	0.00584	0.00876	0.00876	0.00974	0.00681	0.00681	0.00974	0.00876	0.01266	0.01460	0.02142	0.01363	0.04089	0.78680	0.00876	0.01460	0.00584	0.00292	0.00487
11	0.00844	0.00587	0.00763	0.00837	0.00911	0.00587	0.00655	0.00992	0.01067	0.01397	0.02410	0.05097	0.02667	0.33843	0.01577	0.00364	0.00513	0.44024	0.00432	0.00432
12	0.05212	0.27824	0.46340	0.01353	0.02014	0.01556	0.05384	0.01691	0.01133	0.01619	0.00904	0.01066	0.00696	0.00498	0.00462	0.00155	0.00722	0.00374	0.00239	0.00758
13	0.02446	0.00928	0.01265	0.00970	0.01392	0.00801	0.00801	0.02657	0.01560	0.77817	0.02151	0.01856	0.01350	0.00675	0.00548	0.00169	0.00464	0.00548	0.00675	0.00928
14	0.01349	0.01295	0.02213	0.03346	0.77440	0.01295	0.01673	0.01673	0.01241	0.01781	0.01025	0.01349	0.00864	0.00486	0.00540	0.00162	0.00648	0.00486	0.00270	0.00864
15	0.00939	0.00858	0.01240	0.01706	0.32014	0.00806	0.00942	0.01157	0.01243	0.01604	0.03605	0.03687	0.43713	0.01020	0.00605	0.00177	0.00435	0.03215	0.00410	0.00626
16	0.01981	0.01175	0.01359	0.01094	0.01479	0.01229	0.00886	0.26446	0.21922	0.31155	0.01919	0.03988	0.01361	0.00715	0.00553	0.00173	0.00495	0.00577	0.00596	0.00896
17	0.01349	0.01295	0.02213	0.03346	0.77440	0.01295	0.01673	0.01673	0.01241	0.01781	0.01025	0.01349	0.00864	0.00486	0.00540	0.00162	0.00648	0.00486	0.00270	0.00864
18	0.00664	0.00474	0.00633	0.00759	0.00791	0.00443	0.00506	0.00759	0.01044	0.01392	0.03005	0.80485	0.03606	0.01708	0.00696	0.00221	0.00316	0.01550	0.00506	0.00443
19	0.01093	0.02820	0.78016	0.01554	0.02360	0.01266	0.02014	0.01727	0.01151	0.01727	0.00978	0.01151	0.00691	0.00518	0.00518	0.00173	0.00806	0.00403	0.00230	0.00806
20	0.01205	0.26730	0.55079	0.01364	0.02067	0.01538	0.01684	0.01698	0.01138	0.01591	0.00911	0.01067	0.00693	0.00502	0.00467	0.00156	0.00738	0.00369	0.00231	0.00773
21	0.01287	0.01471	0.03217	0.02298	0.02849	0.01379	0.75460	0.01746	0.01287	0.01746	0.01103	0.01471	0.00827	0.00460	0.00643	0.00184	0.00919	0.00643	0.00276	0.00735
22	0.00792	0.00531	0.00608	0.00608	0.00612	0.00536	0.00347	0.00801	0.00797	0.01067	0.01706	0.03502	0.01954	0.77306	0.06270	0.00545	0.00571	0.00783	0.00329	0.00338
23	0.01817	0.03366	0.01536	0.26562	0.02246	0.01246	0.01106	0.23235	0.04015	0.27094	0.01488	0.01546	0.01017	0.00623	0.00541	0.00170	0.00591	0.00506	0.00481	0.00815
24	0.01973	0.01139	0.01466	0.01180	0.01480	0.06733	0.04355	0.02203	0.03382	0.45368	0.01629	0.01620	0.01127	0.00819	0.02933	0.00204	0.20561	0.00523	0.00504	0.00800

[dist]
# distance from previous block
# <min> <max>
0	2

[block]
# block no. 1 follows, 44 sequences, length 96
# corresponding to MSA columns:
# 305-372,374-401
name=unknown_B
#
# <colnr> <probs for GDERKNQSTAVLIFYWHMCP>
#	G	D	E	R	K	N	Q	S	T	A	V	L	I	F	Y	W	H	M	C	P
0	0.03987	0.01001	0.01296	0.00999	0.01419	0.00919	0.00824	0.10662	0.03254	0.66561	0.02033	0.01780	0.01295	0.00671	0.00544	0.00168	0.00477	0.00538	0.00651	0.00920
1	0.01974	0.01713	0.01549	0.01247	0.01629	0.19517	0.01002	0.53696	0.02247	0.02835	0.02991	0.01463	0.04285	0.00674	0.00539	0.00159	0.00668	0.00498	0.00483	0.00829
2	0.01363	0.32346	0.01764	0.00967	0.01265	0.21258	0.00815	0.01558	0.01375	0.01617	0.27888	0.02037	0.02277	0.00721	0.00490	0.00142	0.00570	0.00553	0.00376	0.00617
3	0.21611	0.01074	0.04322	0.00826	0.01283	0.00889	0.00697	0.01487	0.03224	0.01953	0.00954	0.01097	0.00774	0.00443	0.00397	0.00109	0.00426	0.00328	0.00329	0.57777
4	0.00876	0.02901	0.20131	0.00883	0.01108	0.00764	0.00815	0.01066	0.00910	0.01269	0.01536	0.06007	0.01627	0.46648	0.10827	0.00457	0.00698	0.00692	0.00306	0.00481
5	0.01159	0.01099	0.01850	0.47048	0.32936	0.01231	0.01553	0.01504	0.01151	0.01558	0.00991	0.01403	0.00783	0.00517	0.00539	0.00171	0.00686	0.00480	0.00256	0.03085
6	0.01147	0.01071	0.01824	0.04771	0.49466	0.01063	0.05999	0.01418	0.01185	0.01660	0.01575	0.23183	0.01614	0.00823	0.00589	0.00180	0.00576	0.00789	0.00335	0.00732
7	0.01975	0.01479	0.01581	0.01235	0.01654	0.01645	0.01013	0.65741	0.12603	0.03279	0.01433	0.01407	0.01027	0.00666	0.00547	0.00167	0.00577	0.00508	0.00547	0.00918
8	0.01813	0.29828	0.01990	0.01231	0.01577	0.49528	0.01005	0.02012	0.03881	0.01348	0.00859	0.00980	0.00733	0.00535	0.00444	0.00134	0.00826	0.00339	0.00273	0.00663
9	0.00664	0.00474	0.00633	0.00759	0.00791	0.00443	0.00506	0.00759	0.01044	0.01392	0.03005	0.80485	0.03606	0.01708	0.00696	0.00221	0.00316	0.01550	0.00506	0.00443
10	0.00793	0.00529	0.00595	0.00595	0.00595	0.00529	0.00330	0.00793	0.00793	0.01057	0.01718	0.03568	0.01982	0.80840	0.02775	0.00529	0.00529	0.00793	0.00330	0.00330
11	0.01941	0.09867	0.07393	0.01375	0.04396	0.05995	0.13637	0.10485	0.01537	0.35561	0.01526	0.01502	0.01040	0.00589	0.00537	0.00163	0.00632	0.00506	0.00475	0.00842
12	0.81946	0.01106	0.00826	0.00740	0.01075	0.03795	0.00606	0.01622	0.00948	0.02409	0.00762	0.00889	0.00594	0.00508	0.00343	0.00168	0.00440	0.00297	0.00336	0.00592
13	0.00669	0.00553	0.00587	0.00578	0.00752	0.00471	0.00434	0.00831	0.01301	0.01612	0.19544	0.05017	0.63110	0.01329	0.00644	0.00182	0.00272	0.01118	0.00525	0.00471
14	0.02072	0.01527	0.01636	0.01254	0.01691	0.01691	0.01036	0.75622	0.02563	0.03436	0.01309	0.01309	0.00927	0.00654	0.00545	0.00164	0.00600	0.00491	0.00545	0.00927
15	0.00644	0.00552	0.00552	0.00552	0.00736	0.00460	0.00414	0.00782	0.01243	0.01473	0.05523	0.05247	0.77218	0.01381	0.00644	0.00184	0.00276	0.01151	0.00506	0.00460
16	0.00792	0.00533	0.00618	0.00618	0.00625	0.00541	0.00359	0.00808	0.00800	0.01074	0.01697	0.03452	0.01932	0.74590	0.08957	0.00557	0.00604	0.00776	0.00327	0.00343
17	0.00830	0.00570	0.00747	0.00696	0.00834	0.00524	0.00524	0.01085	0.01544	0.04806	0.74554	0.03996	0.05013	0.01099	0.00640	0.00171	0.00264	0.00971	0.00603	0.00529
18	0.02037	0.02598	0.01545	0.01404	0.01685	0.78652	0.01053	0.02177	0.01545	0.01334	0.00843	0.00983	0.00702	0.00562	0.00492	0.00140	0.00983	0.00351	0.00281	0.00632
19	0.84691	0.01054	0.00801	0.00717	0.01054	0.01223	0.00590	0.01603	0.00928	0.02446	0.00759	0.00886	0.00590	0.00506	0.00337	0.00169	0.00422	0.00295	0.00337	0.00590
20	0.00794	0.00632	0.00947	0.13124	0.04298	0.00695	0.00777	0.00972	0.01001	0.01366	0.02078	0.38807	0.02286	0.02217	0.25332	0.00420	0.02351	0.01017	0.00383	0.00501
21	0.01321	0.01134	0.01203	0.01084	0.01382	0.01306	0.00842	0.02785	0.71976	0.02275	0.06699	0.02156	0.01872	0.00762	0.00560	0.00184	0.00421	0.00638	0.00557	0.00842
22	0.01930	0.11736	0.01677	0.01315	0.01625	0.62485	0.01020	0.06733	0.01549	0.01466	0.00998	0.01114	0.02931	0.00580	0.00483	0.00140	0.00891	0.00376	0.00299	0.00654
23	0.01130	0.00969	0.01130	0.00807	0.01292	0.00727	0.00646	0.01373	0.01130	0.01776	0.00969	0.01130	0.00807	0.00404	0.00404	0.00081	0.00404	0.00323	0.00323	0.84173
24	0.02054	0.01518	0.01626	0.01251	0.01684	0.01682	0.01032	0.73762	0.04453	0.03406	0.01332	0.01327	0.00946	0.00657	0.00546	0.00164	0.00596	0.00494	0.00546	0.00925
25	0.02404	0.00994	0.01306	0.01002	0.01425	0.00900	0.00827	0.10767	0.01672	0.69550	0.02057	0.01795	0.01303	0.00673	0.00548	0.00168	0.00479	0.00542	0.00660	0.00928
26	0.01464	0.74924	0.06004	0.00977	0.01451	0.04955	0.00983	0.01657	0.01126	0.01303	0.00770	0.00890	0.00699	0.00472	0.00362	0.00120	0.00607	0.00298	0.00235	0.00702
27	0.01093	0.02820	0.78016	0.01554	0.02360	0.01266	0.02014	0.01727	0.01151	0.01727	0.00978	0.01151	0.00691	0.00518	0.00518	0.00173	0.00806	0.00403	0.00230	0.00806
28	0.00664	0.00474	0.00633	0.00759	0.00791	0.00443	0.00506	0.00759	0.01044	0.01392	0.03005	0.80485	0.03606	0.01708	0.00696	0.00221	0.00316	0.01550	0.00506	0.00443
29	0.01349	0.01295	0.02213	0.03346	0.77440	0.01295	0.01673	0.01673	0.01241	0.01781	0.01025	0.01349	0.00864	0.00486	0.00540	0.00162	0.00648	0.00486	0.00270	0.00864
30	0.01028	0.00966	0.01614	0.74889	0.03603	0.01211	0.01480	0.01376	0.01080	0.01390	0.01005	0.03196	0.00790	0.00586	0.00595	0.00185	0.03651	0.00508	0.00248	0.00602
31	0.00655	0.00536	0.00579	0.00612	0.00759	0.00461	0.00447	0.00786	0.01197	0.01458	0.04877	0.22510	0.58403	0.01459	0.00659	0.00194	0.00291	0.03152	0.00506	0.00457
32	0.00879	0.00628	0.00879	0.01004	0.01130	0.00628	0.00879	0.01130	0.01255	0.01632	0.02887	0.06150	0.03138	0.01506	0.00753	0.00251	0.00502	0.73770	0.00502	0.00502
33	0.00879	0.00628	0.00879	0.01004	0.01130	0.00628	0.00879	0.01130	0.01255	0.01632	0.02887	0.06150	0.03138	0.01506	0.00753	0.00251	0.00502	0.73770	0.00502	0.00502
34	0.00833	0.00685	0.01061	0.00928	0.01107	0.00640	0.10865	0.01114	0.03076	0.01948	0.47430	0.15778	0.08569	0.01133	0.00652	0.00184	0.00368	0.02559	0.00532	0.00538
35	0.01190	0.01193	0.01615	0.01394	0.01409	0.03795	0.01155	0.01315	0.00858	0.01310	0.00768	0.01249	0.00757	0.01147	0.06762	0.00277	0.72493	0.00480	0.00243	0.00590
36	0.84691	0.01054	0.00801	0.00717	0.01054	0.01223	0.00590	0.01603	0.00928	0.02446	0.00759	0.00886	0.00590	0.00506	0.00337	0.00169	0.00422	0.00295	0.00337	0.00590
37	0.84691	0.01054	0.00801	0.00717	0.01054	0.01223	0.00590	0.01603	0.00928	0.02446	0.00759	0.00886	0.00590	0.00506	0.00337	0.00169	0.00422	0.00295	0.00337	0.00590
38	0.01130	0.00942	0.01033	0.00943	0.01187	0.01038	0.00726	0.02184	0.48468	0.02200	0.25614	0.02870	0.07572	0.00897	0.00588	0.00181	0.00368	0.00765	0.00566	0.00729
39	0.00789	0.00545	0.00678	0.00678	0.00707	0.00574	0.00434	0.00846	0.00818	0.01119	0.01641	0.03145	0.01799	0.58094	0.25271	0.00632	0.00805	0.00731	0.00319	0.00377
40	0.01183	0.01178	0.01651	0.01418	0.01421	0.01647	0.01181	0.01304	0.00836	0.01311	0.00733	0.01215	0.00731	0.01028	0.03600	0.00254	0.77997	0.00480	0.00240	0.00594
41	0.01199	0.01192	0.01653	0.01419	0.01431	0.01658	0.01180	0.01374	0.03772	0.01350	0.00774	0.01225	0.00752	0.00946	0.01741	0.00236	0.76758	0.00483	0.00251	0.00607
42	0.00779	0.00584	0.00876	0.00876	0.00974	0.00681	0.00681	0.00974	0.00876	0.01266	0.01460	0.02142	0.01363	0.04089	0.78680	0.00876	0.01460	0.00584	0.00292	0.00487
43	0.01184	0.02272	0.50395	0.02157	0.26109	0.01281	0.05506	0.01711	0.01186	0.01745	0.00999	0.01229	0.00752	0.00505	0.00531	0.00170	0.00761	0.00441	0.00245	0.00821
44	0.01042	0.00982	0.01658	0.76571	0.06617	0.01215	0.01520	0.01404	0.01096	0.01408	0.00971	0.01449	0.00732	0.00543	0.00545	0.00181	0.00724	0.00485	0.00243	0.00616
45	0.01840	0.01359	0.01490	0.01127	0.01575	0.01405	0.00925	0.53486	0.02151	0.05759	0.01251	0.01282	0.00911	0.00590	0.00508	0.00142	0.00544	0.00449	0.00492	0.22712
46	0.01336	0.01448	0.04541	0.01376	0.01500	0.12348	0.01147	0.01728	0.14283	0.01502	0.01009	0.01310	0.00880	0.00845	0.01341	0.00213	0.51755	0.00481	0.00300	0.00656
47	0.01356	0.01171	0.01233	0.01109	0.01418	0.01356	0.00863	0.02897	0.76455	0.02281	0.02219	0.02034	0.01664	0.00740	0.00555	0.00185	0.00431	0.00616	0.00555	0.00863
48	0.01468	0.01334	0.01364	0.03038	0.06279	0.08465	0.00959	0.08507	0.57312	0.02235	0.01918	0.01824	0.01446	0.00696	0.00547	0.00178	0.00516	0.00571	0.00504	0.00841
49	0.00785	0.00560	0.00755	0.00755	0.00811	0.00616	0.00531	0.00896	0.00840	0.01176	0.01571	0.02753	0.01628	0.37003	0.46129	0.00727	0.01061	0.00674	0.00308	0.00420
50	0.00925	0.00778	0.00830	0.00783	0.01000	0.00797	0.00597	0.01595	0.28978	0.01867	0.14250	0.06506	0.36748	0.01119	0.00613	0.00184	0.00332	0.00945	0.00537	0.00616
51	0.00644	0.00552	0.00552	0.00552	0.00736	0.00460	0.00414	0.00782	0.01243	0.01473	0.05523	0.05247	0.77218	0.01381	0.00644	0.00184	0.00276	0.01151	0.00506	0.00460
52	0.06962	0.00935	0.01240	0.00956	0.01373	0.00824	0.00790	0.02599	0.01526	0.73679	0.02074	0.01802	0.01308	0.00666	0.00537	0.00169	0.00462	0.00534	0.00656	0.00909
53	0.01969	0.01588	0.06427	0.01265	0.01717	0.01644	0.01088	0.66734	0.06772	0.03261	0.01341	0.01341	0.00955	0.00651	0.00544	0.00165	0.00603	0.00493	0.00526	0.00916
54	0.01437	0.01675	0.01137	0.01051	0.01280	0.42867	0.00789	0.01629	0.03057	0.01547	0.16159	0.02651	0.20821	0.00874	0.00559	0.00158	0.00659	0.00676	0.00403	0.00572
55	0.00672	0.00480	0.00639	0.00754	0.00792	0.00448	0.00507	0.00778	0.01080	0.01449	0.08311	0.75017	0.03716	0.01666	0.00692	0.00218	0.00312	0.01509	0.00513	0.00448
56	0.01130	0.00969	0.01130	0.00807	0.01292	0.00727	0.00646	0.01373	0.01130	0.01776	0.00969	0.01130	0.00807	0.00404	0.00404	0.00081	0.00404	0.00323	0.00323	0.84173
57	0.01458	0.81168	0.02857	0.00933	0.01399	0.02157	0.00933	0.01632	0.01108	0.01283	0.00758	0.00875	0.00700	0.00466	0.00350	0.00117	0.00583	0.00292	0.00233	0.00700
58	0.00772	0.00556	0.00724	0.00683	0.00807	0.00515	0.00508	0.01021	0.01518	0.02149	0.74646	0.04056	0.05039	0.03763	0.00714	0.00183	0.00266	0.00980	0.00591	0.00508
59	0.01349	0.01295	0.02213	0.03346	0.77440	0.01295	0.01673	0.01673	0.01241	0.01781	0.01025	0.01349	0.00864	0.00486	0.00540	0.00162	0.00648	0.00486	0.00270	0.00864
60	0.00772	0.00557	0.00729	0.00686	0.00814	0.00514	0.00514	0.01029	0.01543	0.02186	0.77152	0.04072	0.05144	0.01115	0.00643	0.00171	0.00257	0.00986	0.00600	0.00514
61	0.01052	0.00992	0.01675	0.74224	0.08887	0.01217	0.01525	0.01412	0.01101	0.01420	0.00973	0.01446	0.00736	0.00541	0.00545	0.00180	0.00721	0.00485	0.00244	0.00624
62	0.01955	0.02083	0.01664	0.01621	0.11975	0.43826	0.01132	0.25317	0.01826	0.02059	0.01015	0.01136	0.00795	0.00581	0.00515	0.00151	0.00816	0.00414	0.00363	0.00757
63	0.00810	0.00614	0.00771	0.00846	0.00990	0.00590	0.00704	0.01058	0.03838	0.01582	0.03678	0.08836	0.26493	0.03069	0.00751	0.00232	0.00421	0.43720	0.00502	0.00495
64	0.01737	0.13598	0.01637	0.01243	0.01559	0.43077	0.00976	0.02325	0.25153	0.01626	0.01265	0.01299	0.01006	0.00604	0.00491	0.00151	0.00750	0.00426	0.00360	0.00715
65	0.01414	0.01114	0.01214	0.01070	0.01351	0.01240	0.00831	0.25358	0.34762	0.02429	0.02123	0.20887	0.01904	0.00948	0.00586	0.00187	0.00457	0.00804	0.00540	0.00781
66	0.04131	0.05303	0.22515	0.01300	0.01815	0.07096	0.01271	0.41847	0.03468	0.02645	0.01174	0.01241	0.00851	0.00599	0.00517	0.00162	0.00668	0.00445	0.02109	0.00843
67	0.01087	0.01016	0.01614	0.12813	0.43196	0.01021	0.01256	0.01360	0.01229	0.01650	0.04382	0.02563	0.23018	0.00769	0.00573	0.00171	0.00540	0.00691	0.00343	0.00703
68	0.00700	0.00570	0.00591	0.00586	0.00738	0.00509	0.00420	0.00862	0.03756	0.01418	0.04609	0.04755	0.58894	0.16297	0.02703	0.00263	0.00354	0.01053	0.00470	0.00450
69	0.00649	0.00547	0.00562	0.00571	0.00742	0.00460	0.00423	0.00786	0.01234	0.01483	0.06967	0.10918	0.69998	0.01399	0.00648	0.00187	0.00279	0.01177	0.00508	0.00460
70	0.05036	0.01449	0.01596	0.07596	0.01828	0.01612	0.01053	0.64993	0.02358	0.05135	0.01283	0.01319	0.00909	0.00641	0.00538	0.00165	0.00600	0.00485	0.00516	0.00889
71	0.01697	0.00964	0.01197	0.00884	0.01342	0.00778	0.00719	0.03486	0.01339	0.33381	0.01467	0.01435	0.01035	0.00522	0.00467	0.00119	0.00433	0.00420	0.00474	0.47841
72	0.01229	0.01297	0.02576	0.23637	0.18553	0.01316	0.39948	0.01635	0.01224	0.01657	0.01050	0.01441	0.00807	0.00488	0.00595	0.00179	0.00810	0.00567	0.00265	0.00726
73	0.00941	0.00476	0.00706	0.00706	0.00706	0.00476	0.00468	0.00713	0.00713	0.00951	0.00976	0.01728	0.00985	0.04821	0.02155	0.81039	0.00476	0.00485	0.00240	0.00240
74	0.00767	0.00557	0.00722	0.00681	0.00812	0.00512	0.00511	0.01020	0.01532	0.02160	0.74496	0.04116	0.07816	0.01124	0.00643	0.00172	0.00258	0.00992	0.00597	0.00512
75	0.00769	0.00555	0.00726	0.00688	0.00814	0.00513	0.00514	0.01022	0.01530	0.02165	0.75210	0.06074	0.05104	0.01130	0.00644	0.00173	0.00259	0.01001	0.00598	0.00513
76	0.01458	0.81168	0.02857	0.00933	0.01399	0.02157	0.00933	0.01632	0.01108	0.01283	0.00758	0.00875	0.00700	0.00466	0.00350	0.00117	0.00583	0.00292	0.00233	0.00700
77	0.01100	0.00588	0.00597	0.00567	0.00718	0.00601	0.00433	0.07130	0.01255	0.02143	0.01741	0.01975	0.01360	0.00637	0.00394	0.00130	0.00281	0.00507	0.77300	0.00541
78	0.00693	0.00508	0.00651	0.00714	0.00791	0.00466	0.00498	0.00840	0.01212	0.01632	0.24887	0.49506	0.12595	0.01497	0.00674	0.00203	0.00294	0.01339	0.00533	0.00466
79	0.03349	0.01601	0.17134	0.02172	0.31248	0.04886	0.09431	0.03564	0.01334	0.18093	0.01258	0.01403	0.00917	0.00538	0.00542	0.00167	0.00679	0.00489	0.00357	0.00837
80	0.01372	0.04305	0.35616	0.01865	0.10695	0.14281	0.18400	0.01825	0.01268	0.03824	0.01017	0.01230	0.00762	0.00512	0.00541	0.00167	0.00828	0.00459	0.00266	0.00768
81	0.28066	0.01347	0.04260	0.01499	0.14146	0.12389	0.07258	0.03159	0.03194	0.01941	0.01326	0.02125	0.01219	0.00716	0.00519	0.00182	0.00617	0.15029	0.00351	0.00659
82	0.01135	0.01072	0.01811	0.47337	0.31526	0.01210	0.01531	0.01472	0.01145	0.01540	0.01077	0.04775	0.00901	0.00572	0.00549	0.00176	0.00679	0.00530	0.00264	0.00696
83	0.00677	0.00536	0.00610	0.00635	0.00772	0.00469	0.00464	0.00828	0.01249	0.01585	0.17723	0.23050	0.45095	0.01414	0.00659	0.00192	0.00287	0.02764	0.00523	0.00467
84	0.00700	0.00502	0.00666	0.00748	0.00809	0.00468	0.00521	0.00843	0.01183	0.01610	0.22575	0.57737	0.03996	0.01544	0.00684	0.00209	0.00307	0.03903	0.00531	0.00464
85	0.01475	0.78864	0.02821	0.00942	0.01408	0.02144	0.00936	0.03774	0.01150	0.01345	0.00774	0.00887	0.00706	0.00472	0.00355	0.00118	0.00584	0.00297	0.00242	0.00706
86	0.00801	0.00617	0.00919	0.00906	0.00998	0.00734	0.00709	0.00992	0.00874	0.01268	0.01420	0.02091	0.01328	0.03921	0.74571	0.00842	0.05648	0.00578	0.00289	0.00493
87	0.01609	0.01326	0.01823	0.02218	0.37909	0.01403	0.01300	0.23813	0.15524	0.05459	0.01375	0.01484	0.01050	0.00590	0.00545	0.00167	0.00586	0.00514	0.00420	0.00885
88	0.01133	0.01025	0.01493	0.28757	0.15214	0.00994	0.01126	0.01431	0.01135	0.01643	0.00979	0.01281	0.00789	0.00467	0.00476	0.00130	0.00558	0.00407	0.00286	0.40676
89	0.00779	0.00584	0.00876	0.00876	0.00974	0.00681	0.00681	0.00974	0.00876	0.01266	0.01460	0.02142	0.01363	0.04089	0.78680	0.00876	0.01460	0.00584	0.00292	0.00487
90	0.00664	0.00474	0.00633	0.00759	0.00791	0.00443	0.00506	0.00759	0.01044	0.01392	0.03005	0.80485	0.03606	0.01708	0.00696	0.00221	0.00316	0.01550	0.00506	0.00443
91	0.00664	0.00474	0.00633	0.00759	0.00791	0.00443	0.00506	0.00759	0.01044	0.01392	0.03005	0.80485	0.03606	0.01708	0.00696	0.00221	0.00316	0.01550	0.00506	0.00443
92	0.00779	0.00582	0.00865	0.00865	0.00958	0.00675	0.00667	0.00966	0.00873	0.01257	0.01471	0.02199	0.01388	0.07189	0.75614	0.00862	0.01423	0.00593	0.00294	0.00480
93	0.01422	0.01204	0.01270	0.01123	0.01443	0.01387	0.00879	0.09579	0.69665	0.02387	0.02135	0.01967	0.01596	0.00732	0.00554	0.00183	0.00447	0.00605	0.00554	0.00869
94	0.01852	0.02320	0.01957	0.01625	0.01972	0.59615	0.19384	0.02071	0.01481	0.01436	0.00907	0.01103	0.00733	0.00537	0.00529	0.00151	0.00967	0.00423	0.00280	0.00657
95	0.01296	0.01402	0.02755	0.02032	0.02438	0.01466	0.53332	0.04777	0.01226	0.01707	0.01013	0.01393	0.00803	0.00594	0.00932	0.00197	0.21057	0.00594	0.00278	0.00708

[dist]
# distance from previous block
# <min> <max>
0	1

[block]
# block no. 2 follows, 44 sequences, length 14
# corresponding to MSA columns:
# 403-416
name=unknown_C
#
# <colnr> <probs for GDERKNQSTAVLIFYWHMCP>
#	G	D	E	R	K	N	Q	S	T	A	V	L	I	F	Y	W	H	M	C	P
0	0.01392	0.01376	0.02171	0.03226	0.72736	0.06099	0.01635	0.01704	0.01260	0.01753	0.01014	0.01327	0.00854	0.00490	0.00537	0.00161	0.00668	0.00477	0.00271	0.00849
1	0.01264	0.01049	0.01238	0.01194	0.08808	0.01068	0.00841	0.02151	0.38308	0.04831	0.08613	0.02017	0.04045	0.00682	0.00526	0.00155	0.00426	0.00577	0.00475	0.21731
2	0.01949	0.01466	0.01567	0.01229	0.01644	0.01633	0.01006	0.63137	0.15248	0.03238	0.01465	0.01433	0.01054	0.00669	0.00547	0.00167	0.00571	0.00512	0.00547	0.00916
3	0.01287	0.01471	0.03217	0.02298	0.02849	0.01379	0.75460	0.01746	0.01287	0.01746	0.01103	0.01471	0.00827	0.00460	0.00643	0.00184	0.00919	0.00643	0.00276	0.00735
4	0.01130	0.00969	0.01130	0.00807	0.01292	0.00727	0.00646	0.01373	0.01130	0.01776	0.00969	0.01130	0.00807	0.00404	0.00404	0.00081	0.00404	0.00323	0.00323	0.84173
5	0.07312	0.01206	0.01729	0.23635	0.28823	0.01325	0.01339	0.19793	0.01501	0.02131	0.01130	0.01480	0.00896	0.00576	0.00530	0.00170	0.00627	0.02399	0.02627	0.00769
6	0.00660	0.00491	0.00615	0.00715	0.00779	0.00447	0.00486	0.00764	0.01086	0.01409	0.03545	0.64356	0.19386	0.01638	0.00685	0.00213	0.00308	0.01464	0.00506	0.00447
7	0.01856	0.05014	0.01430	0.01110	0.01446	0.20123	0.05163	0.08665	0.01555	0.29028	0.09185	0.02012	0.05775	0.04399	0.00648	0.00177	0.00608	0.00577	0.00490	0.00739
8	0.00793	0.00529	0.00595	0.00595	0.00595	0.00529	0.00330	0.00793	0.00793	0.01057	0.01718	0.03568	0.01982	0.80840	0.02775	0.00529	0.00529	0.00793	0.00330	0.00330
9	0.31504	0.01262	0.06011	0.01250	0.10571	0.02851	0.00936	0.12062	0.08175	0.13652	0.04018	0.01389	0.01060	0.00592	0.00469	0.00166	0.00510	0.00446	0.00429	0.02645
10	0.01340	0.01287	0.01867	0.06994	0.52388	0.08879	0.01426	0.01621	0.01261	0.03679	0.01394	0.06343	0.03392	0.00661	0.00561	0.00171	0.00642	0.05011	0.00315	0.00769
11	0.12326	0.01018	0.01128	0.01229	0.11868	0.07876	0.00813	0.03599	0.04041	0.04582	0.09911	0.18680	0.06421	0.02300	0.00651	0.00183	0.04124	0.02423	0.00421	0.06405
12	0.01466	0.04134	0.02001	0.02532	0.48833	0.01244	0.05627	0.03591	0.07883	0.10996	0.03044	0.03838	0.01162	0.00582	0.00548	0.00166	0.00600	0.00549	0.00363	0.00839
13	0.01506	0.18390	0.03533	0.01803	0.25887	0.10387	0.01175	0.09471	0.03414	0.04029	0.01120	0.01425	0.00947	0.00558	0.00488	0.00145	0.00623	0.03789	0.00328	0.10980

[dist]
# distance from previous block
# <min> <max>
28	127

[block]
# block no. 3 follows, 44 sequences, length 47
# corresponding to MSA columns:
# 588-634
name=unknown_D
#
# <colnr> <probs for GDERKNQSTAVLIFYWHMCP>
#	G	D	E	R	K	N	Q	S	T	A	V	L	I	F	Y	W	H	M	C	P
0	0.01664	0.01260	0.01471	0.01319	0.09097	0.04503	0.02938	0.24579	0.13468	0.12174	0.01665	0.01661	0.05055	0.00636	0.00526	0.00153	0.00532	0.00519	0.00474	0.16307
1	0.01880	0.01632	0.01384	0.01172	0.01509	0.26511	0.00920	0.22352	0.12065	0.14428	0.01781	0.03552	0.06943	0.00720	0.00541	0.00163	0.00648	0.00547	0.00477	0.00775
2	0.03222	0.05646	0.03416	0.01070	0.01441	0.13332	0.00873	0.14500	0.23093	0.03757	0.01610	0.01612	0.04544	0.00634	0.00497	0.00148	0.00547	0.00489	0.03215	0.16356
3	0.01902	0.01534	0.01650	0.01502	0.10952	0.07540	0.01092	0.54453	0.06974	0.02948	0.01337	0.03237	0.01013	0.00657	0.00545	0.00164	0.00618	0.00513	0.00491	0.00881
4	0.06682	0.09599	0.03551	0.06003	0.22764	0.13796	0.04603	0.10560	0.06966	0.01870	0.01048	0.01253	0.00846	0.00580	0.00615	0.00165	0.07573	0.00448	0.00321	0.00757
5	0.01366	0.01168	0.01637	0.01305	0.01635	0.04883	0.18262	0.12704	0.13922	0.06622	0.12826	0.07928	0.01929	0.02936	0.00685	0.00187	0.02760	0.02282	0.00459	0.04504
6	0.02342	0.01094	0.01368	0.01049	0.01475	0.01048	0.00866	0.22895	0.01839	0.57187	0.01917	0.01704	0.01232	0.00669	0.00547	0.00167	0.00502	0.00532	0.00639	0.00928
7	0.00850	0.00719	0.01126	0.38602	0.02231	0.00821	0.01008	0.01082	0.01076	0.01404	0.02021	0.38917	0.02200	0.01140	0.00626	0.00204	0.00522	0.04547	0.00379	0.00524
8	0.01344	0.01151	0.01242	0.01147	0.03302	0.01319	0.00869	0.04736	0.68592	0.02294	0.06139	0.02105	0.01809	0.00751	0.00559	0.00183	0.00432	0.00629	0.00550	0.00846
9	0.02446	0.00928	0.01265	0.00970	0.01392	0.00801	0.00801	0.02657	0.01560	0.77817	0.02151	0.01856	0.01350	0.00675	0.00548	0.00169	0.00464	0.00548	0.00675	0.00928
10	0.01271	0.00847	0.01007	0.00887	0.01131	0.00871	0.00690	0.03968	0.26325	0.14478	0.38176	0.02964	0.03264	0.00907	0.00596	0.00175	0.00358	0.00779	0.00596	0.00708
11	0.01458	0.81168	0.02857	0.00933	0.01399	0.02157	0.00933	0.01632	0.01108	0.01283	0.00758	0.00875	0.00700	0.00466	0.00350	0.00117	0.00583	0.00292	0.00233	0.00700
12	0.01130	0.00969	0.01130	0.00807	0.01292	0.00727	0.00646	0.01373	0.01130	0.01776	0.00969	0.01130	0.00807	0.00404	0.00404	0.00081	0.00404	0.00323	0.00323	0.84173
13	0.05874	0.01892	0.03128	0.06508	0.18674	0.39294	0.01183	0.03780	0.01438	0.11632	0.01073	0.01215	0.00825	0.00557	0.00507	0.00154	0.00784	0.00417	0.00336	0.00729
14	0.00793	0.00529	0.00595	0.00595	0.00595	0.00529	0.00330	0.00793	0.00793	0.01057	0.01718	0.03568	0.01982	0.80840	0.02775	0.00529	0.00529	0.00793	0.00330	0.00330
15	0.00664	0.00474	0.00633	0.00759	0.00791	0.00443	0.00506	0.00759	0.01044	0.01392	0.03005	0.80485	0.03606	0.01708	0.00696	0.00221	0.00316	0.01550	0.00506	0.00443
16	0.10179	0.01438	0.01484	0.01350	0.08711	0.08614	0.00992	0.34338	0.15164	0.05902	0.01363	0.01382	0.01009	0.00618	0.00513	0.00161	0.00576	0.00473	0.00469	0.05263
17	0.01093	0.02820	0.78016	0.01554	0.02360	0.01266	0.02014	0.01727	0.01151	0.01727	0.00978	0.01151	0.00691	0.00518	0.00518	0.00173	0.00806	0.00403	0.00230	0.00806
18	0.00793	0.00529	0.00595	0.00595	0.00595	0.00529	0.00330	0.00793	0.00793	0.01057	0.01718	0.03568	0.01982	0.80840	0.02775	0.00529	0.00529	0.00793	0.00330	0.00330
19	0.00785	0.00559	0.00750	0.00750	0.00804	0.00613	0.00524	0.00893	0.00839	0.01172	0.01575	0.02780	0.01640	0.38425	0.44722	0.00721	0.01043	0.00677	0.00309	0.00417
20	0.01775	0.01946	0.01808	0.02180	0.32951	0.40746	0.01296	0.03744	0.01445	0.05625	0.00999	0.01188	0.00809	0.00539	0.00516	0.00151	0.00808	0.00420	0.00304	0.00750
21	0.01992	0.02524	0.01552	0.01406	0.01672	0.74569	0.01061	0.02131	0.01507	0.01333	0.00836	0.00994	0.00703	0.00583	0.00560	0.00146	0.05166	0.00358	0.00279	0.00630
22	0.02072	0.01527	0.01636	0.01254	0.01691	0.01691	0.01036	0.75622	0.02563	0.03436	0.01309	0.01309	0.00927	0.00654	0.00545	0.00164	0.00600	0.00491	0.00545	0.00927
23	0.01030	0.00969	0.01635	0.79530	0.03755	0.01211	0.01514	0.01393	0.01090	0.01393	0.00969	0.01453	0.00727	0.00545	0.00545	0.00182	0.00727	0.00484	0.00242	0.00606
24	0.00664	0.00474	0.00633	0.00759	0.00791	0.00443	0.00506	0.00759	0.01044	0.01392	0.03005	0.80485	0.03606	0.01708	0.00696	0.00221	0.00316	0.01550	0.00506	0.00443
25	0.01193	0.01193	0.01670	0.01431	0.01431	0.01670	0.01193	0.01312	0.00835	0.01312	0.00716	0.01193	0.00716	0.00954	0.01789	0.00239	0.79843	0.00477	0.00239	0.00596
26	0.01193	0.01193	0.01670	0.01431	0.01431	0.01670	0.01193	0.01312	0.00835	0.01312	0.00716	0.01193	0.00716	0.00954	0.01789	0.00239	0.79843	0.00477	0.00239	0.00596
27	0.00644	0.00552	0.00552	0.00552	0.00736	0.00460	0.00414	0.00782	0.01243	0.01473	0.05523	0.05247	0.77218	0.01381	0.00644	0.00184	0.00276	0.01151	0.00506	0.00460
28	0.02446	0.00928	0.01265	0.00970	0.01392	0.00801	0.00801	0.02657	0.01560	0.77817	0.02151	0.01856	0.01350	0.00675	0.00548	0.00169	0.00464	0.00548	0.00675	0.00928
29	0.01356	0.01171	0.01233	0.01109	0.01418	0.01356	0.00863	0.02897	0.76455	0.02281	0.02219	0.02034	0.01664	0.00740	0.00555	0.00185	0.00431	0.00616	0.00555	0.00863
30	0.00664	0.00474	0.00633	0.00759	0.00791	0.00443	0.00506	0.00759	0.01044	0.01392	0.03005	0.80485	0.03606	0.01708	0.00696	0.00221	0.00316	0.01550	0.00506	0.00443
31	0.84691	0.01054	0.00801	0.00717	0.01054	0.01223	0.00590	0.01603	0.00928	0.02446	0.00759	0.00886	0.00590	0.00506	0.00337	0.00169	0.00422	0.00295	0.00337	0.00590
32	0.02361	0.01015	0.01313	0.01012	0.01432	0.00936	0.00834	0.12239	0.04189	0.65538	0.02043	0.01790	0.01305	0.00674	0.00548	0.00169	0.00481	0.00543	0.00654	0.00926
33	0.76492	0.01091	0.00873	0.00766	0.01110	0.01260	0.00630	0.06892	0.03161	0.02512	0.00839	0.00948	0.00644	0.00523	0.00358	0.00169	0.00435	0.00318	0.00358	0.00622
34	0.00793	0.00529	0.00595	0.00595	0.00595	0.00529	0.00330	0.00793	0.00793	0.01057	0.01718	0.03568	0.01982	0.80840	0.02775	0.00529	0.00529	0.00793	0.00330	0.00330
35	0.01349	0.01295	0.02213	0.03346	0.77440	0.01295	0.01673	0.01673	0.01241	0.01781	0.01025	0.01349	0.00864	0.00486	0.00540	0.00162	0.00648	0.00486	0.00270	0.00864
36	0.01308	0.01513	0.06531	0.02267	0.05278	0.01357	0.67844	0.01765	0.01286	0.03603	0.01120	0.01461	0.00835	0.00468	0.00632	0.00182	0.00894	0.00625	0.00283	0.00747
37	0.00820	0.00644	0.00954	0.00931	0.01019	0.00779	0.00732	0.01007	0.00872	0.01270	0.01387	0.02048	0.01299	0.03780	0.71112	0.00813	0.09175	0.00574	0.00287	0.00498
38	0.00753	0.00557	0.00703	0.00666	0.00803	0.00507	0.00500	0.00993	0.01499	0.02082	0.66703	0.04244	0.15658	0.01153	0.00643	0.00173	0.00260	0.01010	0.00586	0.00507
39	0.07075	0.00993	0.01065	0.00872	0.01172	0.01050	0.00704	0.30070	0.01733	0.13010	0.01583	0.01655	0.01157	0.00640	0.00464	0.00150	0.00427	0.00493	0.34956	0.00732
40	0.01196	0.18573	0.50965	0.03065	0.02193	0.01461	0.08282	0.01755	0.04571	0.01656	0.01001	0.01169	0.00750	0.00513	0.00497	0.00163	0.00752	0.00413	0.00250	0.00776
41	0.00671	0.00479	0.00640	0.00767	0.00802	0.00449	0.00518	0.00771	0.01051	0.01399	0.03001	0.78113	0.03591	0.01702	0.00698	0.00222	0.00322	0.03854	0.00506	0.00445
42	0.01030	0.00969	0.01635	0.79530	0.03755	0.01211	0.01514	0.01393	0.01090	0.01393	0.00969	0.01453	0.00727	0.00545	0.00545	0.00182	0.00727	0.00484	0.00242	0.00606
43	0.01189	0.09134	0.34704	0.01822	0.05783	0.01345	0.30134	0.01670	0.01198	0.01678	0.01121	0.05652	0.00913	0.00555	0.00562	0.00174	0.00795	0.00553	0.00265	0.00752
44	0.01639	0.09746	0.05088	0.05231	0.22748	0.02708	0.15529	0.03667	0.04758	0.21443	0.01356	0.01474	0.00987	0.00548	0.00541	0.00165	0.00650	0.00512	0.00389	0.00822
45	0.03256	0.01314	0.01749	0.08921	0.01844	0.06084	0.09354	0.15470	0.01324	0.05082	0.00994	0.01297	0.00810	0.00739	0.01083	0.00196	0.35147	0.00488	0.02227	0.02621
46	0.45196	0.05409	0.01111	0.00888	0.01227	0.05140	0.00722	0.06979	0.16711	0.04415	0.04618	0.01333	0.01080	0.00595	0.00426	0.00166	0.00466	0.00417	0.00409	0.02692

[dist]
# distance from previous block
# <min> <max>
0	1

[block]
# block no. 4 follows, 44 sequences, length 14
# corresponding to MSA columns:
# 636-649
name=unknown_E
#
# <colnr> <probs for GDERKNQSTAVLIFYWHMCP>
#	G	D	E	R	K	N	Q	S	T	A	V	L	I	F	Y	W	H	M	C	P
0	0.22217	0.01335	0.01758	0.06136	0.31744	0.08166	0.07794	0.04625	0.03910	0.01943	0.01002	0.01254	0.00809	0.00608	0.02298	0.00184	0.02725	0.00447	0.00308	0.00737
1	0.25093	0.09684	0.03723	0.01208	0.08836	0.03102	0.00921	0.23971	0.04200	0.02436	0.01083	0.01190	0.00834	0.00555	0.00445	0.00153	0.00528	0.00402	0.05098	0.06537
2	0.00793	0.00529	0.00595	0.00595	0.00595	0.00529	0.00330	0.00793	0.00793	0.01057	0.01718	0.03568	0.01982	0.80840	0.02775	0.00529	0.00529	0.00793	0.00330	0.00330
3	0.01136	0.00932	0.01126	0.00892	0.03948	0.00724	0.00673	0.01375	0.01173	0.04091	0.06364	0.04343	0.01232	0.00513	0.00440	0.00098	0.00401	0.00428	0.00358	0.69754
4	0.01938	0.01117	0.04339	0.01853	0.28957	0.00990	0.01163	0.02207	0.01418	0.44546	0.01730	0.01817	0.01221	0.00634	0.00552	0.00170	0.00544	0.03416	0.00505	0.00883
5	0.01030	0.00969	0.01635	0.79530	0.03755	0.01211	0.01514	0.01393	0.01090	0.01393	0.00969	0.01453	0.00727	0.00545	0.00545	0.00182	0.00727	0.00484	0.00242	0.00606
6	0.04024	0.13185	0.24263	0.01499	0.07172	0.03641	0.11329	0.04656	0.04607	0.14099	0.01320	0.03430	0.01023	0.00600	0.00525	0.00167	0.00671	0.02649	0.00357	0.00782
7	0.01260	0.04688	0.26901	0.01300	0.03218	0.01144	0.06479	0.01959	0.20504	0.09499	0.03368	0.09607	0.03942	0.00771	0.00564	0.00181	0.00586	0.02852	0.00414	0.00763
8	0.00679	0.00485	0.00650	0.00776	0.00815	0.00456	0.00532	0.00785	0.01059	0.01409	0.02996	0.75216	0.03573	0.01694	0.00700	0.00224	0.00329	0.06669	0.00506	0.00447
9	0.01149	0.01015	0.01667	0.18473	0.36047	0.01047	0.03201	0.01456	0.01275	0.04057	0.14895	0.02336	0.05672	0.00717	0.00579	0.00175	0.00569	0.04606	0.00360	0.00706
10	0.01415	0.05579	0.19288	0.01747	0.06339	0.01427	0.26325	0.18170	0.07122	0.02117	0.01197	0.01396	0.00898	0.00682	0.03653	0.00200	0.00777	0.00526	0.00344	0.00799
11	0.01241	0.01083	0.03919	0.09070	0.13139	0.03522	0.12023	0.03737	0.02863	0.09743	0.04131	0.23623	0.01797	0.00918	0.00694	0.00191	0.06412	0.00824	0.00399	0.00671
12	0.00865	0.00705	0.03925	0.00992	0.06486	0.00607	0.02228	0.01049	0.02988	0.05722	0.02966	0.48361	0.13629	0.05860	0.00774	0.00222	0.00390	0.01228	0.00474	0.00528
13	0.06048	0.02732	0.03258	0.09210	0.17358	0.04403	0.04525	0.11409	0.01408	0.09517	0.03604	0.04527	0.01177	0.00620	0.00520	0.00156	0.00572	0.02669	0.01838	0.14452

[dist]
# distance from previous block
# <min> <max>
3	17

[block]
# block no. 5 follows, 44 sequences, length 35
# corresponding to MSA columns:
# 668-702
name=unknown_F
#
# <colnr> <probs for GDERKNQSTAVLIFYWHMCP>
#	G	D	E	R	K	N	Q	S	T	A	V	L	I	F	Y	W	H	M	C	P
0	0.09952	0.05801	0.08165	0.03041	0.10474	0.10303	0.01040	0.07641	0.12184	0.07341	0.01771	0.01997	0.08576	0.00717	0.00550	0.00170	0.02302	0.04693	0.00401	0.02880
1	0.15975	0.01104	0.01230	0.03003	0.01413	0.01154	0.03056	0.17490	0.15874	0.09725	0.02940	0.01556	0.01159	0.02296	0.00529	0.00162	0.00473	0.00481	0.05889	0.14490
2	0.13663	0.01504	0.03157	0.04854	0.03966	0.15434	0.04184	0.25363	0.01659	0.04246	0.01236	0.03097	0.02401	0.00619	0.00501	0.00155	0.00628	0.01996	0.00399	0.10939
3	0.05511	0.07658	0.10575	0.01722	0.23521	0.02948	0.02891	0.04090	0.04239	0.17098	0.07472	0.01742	0.03117	0.02403	0.00573	0.00170	0.00569	0.00529	0.00401	0.02771
4	0.01203	0.01119	0.01534	0.44270	0.05963	0.04961	0.01263	0.07465	0.07535	0.01672	0.01299	0.01603	0.04528	0.00627	0.00625	0.00174	0.06275	0.00509	0.00314	0.07060
5	0.00837	0.00579	0.00803	0.00800	0.00879	0.00655	0.00601	0.00988	0.00905	0.01350	0.01550	0.06082	0.01489	0.10654	0.48022	0.05629	0.04178	0.00630	0.12907	0.00462
6	0.00721	0.00554	0.00654	0.00629	0.00777	0.00493	0.00469	0.00922	0.01400	0.01865	0.46028	0.04533	0.34204	0.03498	0.00704	0.00187	0.00273	0.01047	0.00554	0.00487
7	0.00879	0.00628	0.00879	0.01004	0.01130	0.00628	0.00879	0.01130	0.01255	0.01632	0.02887	0.06150	0.03138	0.01506	0.00753	0.00251	0.00502	0.73770	0.00502	0.00502
8	0.01193	0.01193	0.01670	0.01431	0.01431	0.01670	0.01193	0.01312	0.00835	0.01312	0.00716	0.01193	0.00716	0.00954	0.01789	0.00239	0.79843	0.00477	0.00239	0.00596
9	0.00644	0.00552	0.00552	0.00552	0.00736	0.00460	0.00414	0.00782	0.01243	0.01473	0.05523	0.05247	0.77218	0.01381	0.00644	0.00184	0.00276	0.01151	0.00506	0.00460
10	0.01458	0.81168	0.02857	0.00933	0.01399	0.02157	0.00933	0.01632	0.01108	0.01283	0.00758	0.00875	0.00700	0.00466	0.00350	0.00117	0.00583	0.00292	0.00233	0.00700
11	0.00879	0.00628	0.00879	0.01004	0.01130	0.00628	0.00879	0.01130	0.01255	0.01632	0.02887	0.06150	0.03138	0.01506	0.00753	0.00251	0.00502	0.73770	0.00502	0.00502
12	0.01458	0.81168	0.02857	0.00933	0.01399	0.02157	0.00933	0.01632	0.01108	0.01283	0.00758	0.00875	0.00700	0.00466	0.00350	0.00117	0.00583	0.00292	0.00233	0.00700
13	0.01016	0.00508	0.00508	0.00508	0.00635	0.00508	0.00381	0.01270	0.01143	0.02033	0.01778	0.02033	0.01397	0.00635	0.00381	0.00127	0.00254	0.00508	0.83867	0.00508
14	0.00793	0.00529	0.00595	0.00595	0.00595	0.00529	0.00330	0.00793	0.00793	0.01057	0.01718	0.03568	0.01982	0.80840	0.02775	0.00529	0.00529	0.00793	0.00330	0.00330
15	0.00793	0.00529	0.00595	0.00595	0.00595	0.00529	0.00330	0.00793	0.00793	0.01057	0.01718	0.03568	0.01982	0.80840	0.02775	0.00529	0.00529	0.00793	0.00330	0.00330
16	0.00772	0.00557	0.00729	0.00686	0.00814	0.00514	0.00514	0.01029	0.01543	0.02186	0.77152	0.04072	0.05144	0.01115	0.00643	0.00171	0.00257	0.00986	0.00600	0.00514
17	0.02072	0.01527	0.01636	0.01254	0.01691	0.01691	0.01036	0.75622	0.02563	0.03436	0.01309	0.01309	0.00927	0.00654	0.00545	0.00164	0.00600	0.00491	0.00545	0.00927
18	0.00772	0.00557	0.00729	0.00686	0.00814	0.00514	0.00514	0.01029	0.01543	0.02186	0.77152	0.04072	0.05144	0.01115	0.00643	0.00171	0.00257	0.00986	0.00600	0.00514
19	0.84691	0.01054	0.00801	0.00717	0.01054	0.01223	0.00590	0.01603	0.00928	0.02446	0.00759	0.00886	0.00590	0.00506	0.00337	0.00169	0.00422	0.00295	0.00337	0.00590
20	0.00664	0.00474	0.00633	0.00759	0.00791	0.00443	0.00506	0.00759	0.01044	0.01392	0.03005	0.80485	0.03606	0.01708	0.00696	0.00221	0.00316	0.01550	0.00506	0.00443
21	0.01030	0.00969	0.01635	0.79530	0.03755	0.01211	0.01514	0.01393	0.01090	0.01393	0.00969	0.01453	0.00727	0.00545	0.00545	0.00182	0.00727	0.00484	0.00242	0.00606
22	0.01593	0.01365	0.01896	0.02426	0.45069	0.04689	0.01368	0.20220	0.06593	0.05612	0.01264	0.03219	0.01011	0.00585	0.00544	0.00165	0.00620	0.00517	0.00382	0.00863
23	0.01139	0.01125	0.01512	0.12647	0.01698	0.05622	0.01138	0.01309	0.00918	0.01316	0.00896	0.01394	0.00836	0.01450	0.15676	0.00342	0.49661	0.00491	0.00251	0.00580
24	0.01130	0.00969	0.01130	0.00807	0.01292	0.00727	0.00646	0.01373	0.01130	0.01776	0.00969	0.01130	0.00807	0.00404	0.00404	0.00081	0.00404	0.00323	0.00323	0.84173
25	0.01148	0.04145	0.41694	0.01482	0.01917	0.01471	0.01616	0.01538	0.01008	0.01528	0.00854	0.01163	0.00702	0.00713	0.01085	0.00201	0.36359	0.00433	0.00234	0.00709
26	0.00679	0.00480	0.00643	0.00766	0.00800	0.00450	0.00518	0.00771	0.01042	0.01388	0.02944	0.75725	0.03517	0.01706	0.00737	0.02521	0.00327	0.04048	0.00499	0.00439
27	0.01085	0.01026	0.01736	0.66248	0.16601	0.01226	0.01542	0.01442	0.01116	0.01461	0.00979	0.01435	0.00751	0.00535	0.00544	0.00178	0.00713	0.00485	0.00247	0.00651
28	0.81707	0.03927	0.00875	0.00725	0.01067	0.01257	0.00603	0.01604	0.00934	0.02404	0.00759	0.00885	0.00594	0.00505	0.00338	0.00167	0.00428	0.00295	0.00334	0.00594
29	0.00924	0.00873	0.01563	0.01320	0.01508	0.00888	0.23747	0.01134	0.01092	0.01491	0.02126	0.45997	0.02380	0.01227	0.00819	0.00212	0.10612	0.01133	0.00401	0.00553
30	0.01130	0.00969	0.01130	0.00807	0.01292	0.00727	0.00646	0.01373	0.01130	0.01776	0.00969	0.01130	0.00807	0.00404	0.00404	0.00081	0.00404	0.00323	0.00323	0.84173
31	0.00732	0.00553	0.00675	0.00650	0.00791	0.00497	0.00486	0.00949	0.01440	0.01956	0.54206	0.07080	0.25568	0.01211	0.00645	0.00177	0.00265	0.01052	0.00570	0.00497
32	0.02359	0.00910	0.01231	0.00950	0.01360	0.00785	0.00783	0.02566	0.01545	0.74133	0.02314	0.02019	0.05010	0.00709	0.00553	0.00169	0.00455	0.00577	0.00667	0.00905
33	0.00788	0.00665	0.04452	0.00723	0.00878	0.00551	0.00578	0.01051	0.01488	0.02109	0.69831	0.03907	0.04776	0.04939	0.00740	0.00189	0.00297	0.00948	0.00569	0.00520
34	0.05383	0.01165	0.01212	0.01090	0.01400	0.01350	0.00850	0.02834	0.72805	0.02289	0.02148	0.01979	0.01612	0.00728	0.00544	0.00184	0.00431	0.00601	0.00544	0.00850

[dist]
# distance from previous block
# <min> <max>
8	12

[block]
# block no. 6 follows, 44 sequences, length 26
# corresponding to MSA columns:
# 715-740
name=unknown_G
#
# <colnr> <probs for GDERKNQSTAVLIFYWHMCP>
#	G	D	E	R	K	N	Q	S	T	A	V	L	I	F	Y	W	H	M	C	P
0	0.00761	0.00561	0.00714	0.00687	0.00823	0.00514	0.00522	0.01002	0.01486	0.02058	0.63193	0.04352	0.14676	0.01173	0.00650	0.00178	0.00274	0.05289	0.00582	0.00506
1	0.01259	0.01083	0.01384	0.00999	0.01484	0.00904	0.07577	0.10404	0.01318	0.01975	0.01023	0.01183	0.00824	0.00439	0.00443	0.00100	0.00475	0.00373	0.00346	0.66409
2	0.01129	0.00847	0.00985	0.00857	0.01078	0.00874	0.00668	0.18314	0.09996	0.02455	0.48730	0.03261	0.06627	0.00978	0.00611	0.00172	0.00356	0.00838	0.00579	0.00645
