[name]
unknown

[dist]
# distance from previous block
# <min> <max>
0	74

[block]
# block no. 0 follows, 48 sequences, length 77
# corresponding to MSA columns:
# 74-145,152-156
name=unknown_A
#
# <colnr> <probs for GDERKNQSTAVLIFYWHMCP>
#	G	D	E	R	K	N	Q	S	T	A	V	L	I	F	Y	W	H	M	C	P
0	0.01171	0.35715	0.47494	0.01220	0.01845	0.01540	0.01473	0.01588	0.01066	0.01451	0.00835	0.00975	0.00654	0.00467	0.00422	0.00141	0.00671	0.00336	0.00218	0.00717
1	0.00972	0.00805	0.01412	0.01111	0.01359	0.00749	0.23752	0.01239	0.01293	0.06688	0.39186	0.02937	0.05415	0.09799	0.00822	0.00202	0.00473	0.00788	0.00445	0.00551
2	0.01122	0.01039	0.01652	0.35014	0.34330	0.03034	0.01352	0.01423	0.01091	0.01522	0.01002	0.01364	0.00803	0.00514	0.00539	0.00159	0.03763	0.00456	0.09158	0.00661
3	0.01174	0.01001	0.01342	0.34039	0.02242	0.01027	0.01009	0.14101	0.01276	0.01786	0.00966	0.01219	0.00747	0.00475	0.00458	0.00129	0.00537	0.00394	0.00308	0.35772
4	0.01523	0.07660	0.01383	0.01056	0.01413	0.41304	0.00824	0.01697	0.01262	0.01425	0.00837	0.00975	0.00702	0.00460	0.00419	0.00107	0.00671	0.00315	0.00278	0.35690
5	0.01171	0.00933	0.01015	0.00885	0.01140	0.01006	0.00694	0.17896	0.29893	0.02221	0.20367	0.02765	0.16118	0.00871	0.00555	0.00167	0.00375	0.00727	0.00522	0.00680
6	0.00659	0.00532	0.00646	0.00646	0.00786	0.00520	0.00494	0.00811	0.01026	0.01305	0.03610	0.03725	0.46471	0.02358	0.33545	0.00444	0.00723	0.00862	0.00393	0.00444
7	0.01298	0.05893	0.29608	0.01097	0.01643	0.01093	0.01156	0.14305	0.01325	0.07057	0.01048	0.01149	0.00779	0.00483	0.00447	0.00129	0.00558	0.00374	0.02017	0.28541
8	0.01334	0.73464	0.11169	0.00943	0.01417	0.01937	0.00991	0.01546	0.01047	0.01253	0.00736	0.00852	0.00658	0.00444	0.00347	0.00116	0.00572	0.00286	0.00219	0.00670
9	0.00641	0.00503	0.00586	0.00625	0.00741	0.00439	0.00443	0.00764	0.01100	0.01408	0.08849	0.39114	0.36895	0.01385	0.00619	0.00184	0.00280	0.01211	0.00476	0.03737
10	0.01237	0.01185	0.02023	0.11736	0.70440	0.01210	0.01558	0.01546	0.01153	0.01636	0.00959	0.01281	0.00799	0.00463	0.00509	0.00154	0.00618	0.00457	0.00251	0.00786
11	0.00690	0.00523	0.00635	0.00607	0.00744	0.00469	0.00455	0.00898	0.01366	0.01853	0.56173	0.04169	0.27292	0.01125	0.00606	0.00165	0.00248	0.00975	0.00538	0.00469
12	0.01372	0.82276	0.02689	0.00878	0.01317	0.02030	0.00878	0.01536	0.01043	0.01207	0.00713	0.00823	0.00658	0.00439	0.00329	0.00110	0.00549	0.00274	0.00219	0.00658
13	0.01853	0.00947	0.01167	0.00936	0.01307	0.00905	0.00756	0.02436	0.24683	0.47107	0.01921	0.01722	0.01304	0.00625	0.00503	0.00154	0.00421	0.00512	0.00564	0.10177
14	0.01675	0.01039	0.01196	0.01000	0.01322	0.01096	0.00796	0.19944	0.28307	0.25753	0.01949	0.10526	0.01515	0.00760	0.00533	0.00168	0.00441	0.00630	0.00549	0.00801
15	0.00746	0.00497	0.00560	0.00560	0.00560	0.00497	0.00311	0.00746	0.00746	0.00995	0.01617	0.03358	0.01865	0.81967	0.02612	0.00497	0.00497	0.00746	0.00311	0.00311
16	0.00969	0.00912	0.01539	0.80734	0.03534	0.01140	0.01425	0.01311	0.01026	0.01311	0.00912	0.01368	0.00684	0.00513	0.00513	0.00171	0.00684	0.00456	0.00228	0.00570
17	0.01238	0.01187	0.02025	0.11347	0.70817	0.01211	0.01559	0.01547	0.01153	0.01638	0.00960	0.01280	0.00799	0.00463	0.00509	0.00154	0.00617	0.00457	0.00251	0.00787
18	0.00646	0.00520	0.00576	0.00565	0.00718	0.00449	0.00423	0.00811	0.01257	0.01603	0.28966	0.06433	0.52780	0.01226	0.00607	0.00170	0.00255	0.01042	0.00505	0.00449
19	0.01842	0.01136	0.01294	0.00988	0.01394	0.03132	0.00808	0.31187	0.01743	0.28393	0.02972	0.01412	0.01055	0.00575	0.00484	0.00137	0.00482	0.00450	0.00501	0.20013
20	0.01229	0.01114	0.01766	0.02423	0.55139	0.01053	0.01281	0.01510	0.01157	0.03621	0.03009	0.01297	0.00916	0.00458	0.00478	0.00133	0.00537	0.00432	0.00284	0.22161
21	0.01465	0.01695	0.01581	0.20079	0.07443	0.37495	0.02997	0.01661	0.01187	0.01303	0.00814	0.01106	0.00683	0.00596	0.00739	0.00163	0.17748	0.00400	0.00247	0.00600
22	0.02175	0.01077	0.01317	0.01010	0.01412	0.01057	0.00834	0.29449	0.01810	0.51692	0.01738	0.01560	0.01126	0.00628	0.00515	0.00157	0.00483	0.00496	0.00591	0.00873
23	0.00618	0.00520	0.00535	0.00532	0.00700	0.00438	0.00399	0.00758	0.01196	0.01449	0.12049	0.04835	0.71669	0.01276	0.00606	0.00172	0.00258	0.01068	0.00485	0.00438
24	0.36277	0.00942	0.00868	0.00771	0.01044	0.01067	0.00615	0.09092	0.20461	0.02262	0.01337	0.01399	0.01020	0.00574	0.00398	0.00153	0.00378	0.00419	0.20292	0.00633
25	0.00746	0.00497	0.00560	0.00560	0.00560	0.00497	0.00311	0.00746	0.00746	0.00995	0.01617	0.03358	0.01865	0.81967	0.02612	0.00497	0.00497	0.00746	0.00311	0.00311
26	0.01502	0.01030	0.01417	0.01181	0.01325	0.01275	0.00980	0.04574	0.01063	0.25468	0.01148	0.01363	0.00895	0.00946	0.04999	0.00230	0.49100	0.00475	0.00366	0.00665
27	0.00656	0.00502	0.00602	0.00618	0.00734	0.00448	0.00448	0.00817	0.01226	0.01617	0.31951	0.24693	0.31260	0.01287	0.00619	0.00178	0.00263	0.01124	0.00509	0.00448
28	0.00875	0.00451	0.00656	0.00656	0.00656	0.00451	0.00431	0.00677	0.00677	0.00903	0.00972	0.01759	0.00999	0.10657	0.02072	0.75711	0.00451	0.00479	0.00233	0.00233
29	0.01178	0.01126	0.01917	0.26778	0.55855	0.01195	0.01529	0.01494	0.01125	0.01565	0.00949	0.01300	0.00774	0.00474	0.00510	0.00158	0.00632	0.00457	0.00246	0.00739
30	0.00613	0.00520	0.00529	0.00527	0.00697	0.00436	0.00395	0.00750	0.01186	0.01425	0.09462	0.04874	0.74270	0.01285	0.00606	0.00173	0.00259	0.01074	0.00482	0.00436
31	0.01240	0.38462	0.21247	0.01410	0.01950	0.01605	0.24277	0.01590	0.01104	0.01441	0.00862	0.01057	0.00693	0.00449	0.00452	0.00142	0.00696	0.00400	0.00231	0.00693
32	0.01302	0.02417	0.47100	0.01466	0.02022	0.23815	0.06951	0.01726	0.01182	0.01498	0.00879	0.01062	0.00664	0.00519	0.00557	0.00158	0.05369	0.00385	0.00234	0.00695
33	0.01372	0.82276	0.02689	0.00878	0.01317	0.02030	0.00878	0.01536	0.01043	0.01207	0.00713	0.00823	0.00658	0.00439	0.00329	0.00110	0.00549	0.00274	0.00219	0.00658
34	0.01036	0.01005	0.01553	0.45852	0.02573	0.01330	0.01292	0.01278	0.00920	0.01278	0.00807	0.01260	0.00679	0.00682	0.01027	0.00195	0.35987	0.00453	0.00226	0.00566
35	0.00654	0.00478	0.00615	0.00672	0.00745	0.00439	0.00469	0.00794	0.01146	0.01546	0.26135	0.49450	0.12154	0.01403	0.00634	0.00190	0.00277	0.01255	0.00503	0.00439
36	0.01029	0.02654	0.79309	0.01462	0.02221	0.01192	0.01896	0.01625	0.01083	0.01625	0.00921	0.01083	0.00650	0.00487	0.00487	0.00162	0.00758	0.00379	0.00217	0.00758
37	0.02023	0.00989	0.01222	0.00973	0.01347	0.00969	0.00792	0.10805	0.19464	0.52690	0.01952	0.01729	0.01296	0.00647	0.00517	0.00162	0.00444	0.00525	0.00595	0.00859
38	0.00759	0.01006	0.19165	0.00842	0.01096	0.00628	0.00805	0.01033	0.01215	0.01693	0.33026	0.23295	0.11278	0.01087	0.00590	0.00175	0.00380	0.00951	0.00451	0.00526
39	0.01369	0.00954	0.01141	0.00852	0.01275	0.02072	0.02015	0.03186	0.06304	0.18138	0.02655	0.01323	0.00997	0.00475	0.00430	0.00106	0.00413	0.00388	0.00396	0.55511
40	0.01140	0.01087	0.01848	0.36584	0.46346	0.01185	0.01510	0.01461	0.01107	0.01519	0.00942	0.01312	0.00757	0.00481	0.00510	0.00160	0.00642	0.00457	0.00243	0.00708
41	0.03173	0.15137	0.20902	0.01114	0.01609	0.03502	0.01110	0.22748	0.04266	0.11799	0.01146	0.01184	0.00834	0.00532	0.00459	0.00142	0.00577	0.00399	0.00375	0.08993
42	0.01203	0.01363	0.02850	0.02061	0.02535	0.02857	0.69358	0.01603	0.01188	0.01606	0.01072	0.03871	0.00853	0.00494	0.00656	0.00176	0.04694	0.00619	0.00265	0.00675
43	0.00740	0.00555	0.00808	0.00800	0.00888	0.00633	0.00614	0.00918	0.00889	0.01277	0.09911	0.02276	0.01698	0.07861	0.65388	0.00722	0.02660	0.00601	0.00308	0.00455
44	0.85592	0.00992	0.00754	0.00675	0.00992	0.01151	0.00556	0.01508	0.00873	0.02302	0.00714	0.00834	0.00556	0.00476	0.00318	0.00159	0.00397	0.00278	0.00318	0.00556
45	0.01252	0.01160	0.01106	0.01006	0.01273	0.09448	0.00775	0.02378	0.58910	0.01959	0.04127	0.03761	0.09086	0.00764	0.00529	0.00170	0.00440	0.00629	0.00491	0.00736
46	0.00746	0.00497	0.00560	0.00560	0.00560	0.00497	0.00311	0.00746	0.00746	0.00995	0.01617	0.03358	0.01865	0.81967	0.02612	0.00497	0.00497	0.00746	0.00311	0.00311
47	0.00707	0.00539	0.00755	0.00760	0.00862	0.00590	0.00583	0.00875	0.00903	0.01246	0.03826	0.06081	0.14522	0.04569	0.59950	0.00667	0.01098	0.00692	0.00325	0.00450
48	0.01404	0.77632	0.02617	0.00904	0.01333	0.06561	0.00885	0.01566	0.01067	0.01210	0.00718	0.00829	0.00659	0.00444	0.00337	0.00111	0.00571	0.00278	0.00222	0.00655
49	0.03943	0.21219	0.34050	0.01244	0.01764	0.21226	0.01323	0.05494	0.02552	0.01543	0.00869	0.00996	0.00679	0.00496	0.00441	0.00142	0.00724	0.00347	0.00252	0.00694
50	0.01169	0.00872	0.00696	0.00658	0.00815	0.14896	0.00497	0.04313	0.01197	0.01846	0.01497	0.01708	0.01179	0.00586	0.00384	0.00123	0.00376	0.00451	0.66222	0.00515
51	0.01923	0.00880	0.01129	0.00910	0.01255	0.00828	0.00736	0.02376	0.16711	0.55228	0.10501	0.02011	0.01725	0.00693	0.00527	0.00162	0.00409	0.00574	0.00605	0.00818
52	0.00733	0.00550	0.00825	0.00825	0.00916	0.00641	0.00641	0.00916	0.00825	0.01191	0.01374	0.02016	0.01283	0.03848	0.79934	0.00825	0.01374	0.00550	0.00275	0.00458
53	0.00643	0.00521	0.00570	0.00558	0.00715	0.00449	0.00419	0.00807	0.01256	0.01591	0.27521	0.04601	0.56108	0.01223	0.00606	0.00170	0.00254	0.01036	0.00503	0.00449
54	0.00621	0.00520	0.00540	0.00535	0.00702	0.00439	0.00401	0.00764	0.01204	0.01467	0.14017	0.04805	0.69689	0.01269	0.00606	0.00172	0.00258	0.01064	0.00487	0.00439
55	0.00733	0.00550	0.00825	0.00825	0.00916	0.00641	0.00641	0.00916	0.00825	0.01191	0.01374	0.02016	0.01283	0.03848	0.79934	0.00825	0.01374	0.00550	0.00275	0.00458
56	0.02259	0.00942	0.01234	0.00946	0.01344	0.00857	0.00781	0.11655	0.01584	0.69804	0.01927	0.01683	0.01221	0.00633	0.00516	0.00158	0.00452	0.00509	0.00620	0.00873
57	0.02235	0.00918	0.01207	0.00928	0.01319	0.00828	0.00766	0.09690	0.01550	0.69860	0.01939	0.01701	0.01233	0.00632	0.00512	0.00157	0.00444	0.00510	0.02707	0.00863
58	0.08021	0.01424	0.01398	0.01107	0.01488	0.12062	0.00901	0.45679	0.01972	0.18907	0.01302	0.01270	0.00905	0.00598	0.00493	0.00152	0.00575	0.00442	0.00491	0.00812
59	0.00763	0.00566	0.00711	0.00712	0.00856	0.00487	0.00506	0.00899	0.01058	0.03203	0.08404	0.52178	0.07270	0.01263	0.00587	0.00173	0.00312	0.01128	0.00450	0.18473
60	0.01362	0.00958	0.01293	0.01383	0.17951	0.00957	0.02160	0.07721	0.16449	0.16472	0.18260	0.02183	0.05240	0.00709	0.00533	0.00158	0.00433	0.00616	0.00477	0.04685
61	0.85592	0.00992	0.00754	0.00675	0.00992	0.01151	0.00556	0.01508	0.00873	0.02302	0.00714	0.00834	0.00556	0.00476	0.00318	0.00159	0.00397	0.00278	0.00318	0.00556
62	0.06659	0.01099	0.01290	0.01118	0.01319	0.01347	0.00903	0.06447	0.36145	0.05929	0.01512	0.01578	0.02595	0.00756	0.00916	0.00189	0.28568	0.00514	0.00410	0.00708
63	0.04090	0.00707	0.00865	0.00816	0.00957	0.02249	0.00623	0.07753	0.05161	0.02956	0.01679	0.02258	0.06733	0.13543	0.46594	0.00590	0.00991	0.00593	0.00337	0.00506
64	0.01510	0.00781	0.00941	0.00785	0.01049	0.00758	0.00626	0.10995	0.05924	0.29067	0.17849	0.02254	0.04114	0.00732	0.00500	0.00151	0.00359	0.00606	0.20315	0.00684
65	0.01623	0.35429	0.01937	0.01105	0.01448	0.37571	0.00925	0.03466	0.09438	0.01372	0.00907	0.00995	0.00761	0.00511	0.00415	0.00128	0.00706	0.00336	0.00278	0.00650
66	0.01200	0.01248	0.02262	0.02195	0.25415	0.01364	0.29072	0.01488	0.01058	0.01519	0.00896	0.01263	0.00754	0.00593	0.00930	0.00184	0.27117	0.00509	0.00246	0.00686
67	0.01442	0.12981	0.31847	0.01298	0.01771	0.29588	0.01323	0.05973	0.01268	0.01501	0.00866	0.01025	0.00684	0.00601	0.02437	0.00163	0.03943	0.00359	0.00253	0.00678
68	0.01276	0.01102	0.01160	0.01044	0.01334	0.01276	0.00812	0.02727	0.77840	0.02146	0.02088	0.01914	0.01566	0.00696	0.00522	0.00174	0.00406	0.00580	0.00522	0.00812
69	0.00607	0.00516	0.00524	0.00530	0.00696	0.00432	0.00394	0.00735	0.01160	0.01382	0.05077	0.08865	0.74710	0.01315	0.00609	0.00175	0.00262	0.01102	0.00476	0.00432
70	0.01508	0.01259	0.01263	0.01077	0.01394	0.06214	0.00852	0.25390	0.46398	0.02413	0.01726	0.01644	0.01286	0.00657	0.00508	0.00163	0.00479	0.00524	0.04444	0.00802
71	0.00969	0.00912	0.01539	0.80734	0.03534	0.01140	0.01425	0.01311	0.01026	0.01311	0.00912	0.01368	0.00684	0.00513	0.00513	0.00171	0.00684	0.00456	0.00228	0.00570
72	0.01039	0.04840	0.77205	0.01446	0.02196	0.01215	0.01868	0.01623	0.01082	0.01613	0.00915	0.01076	0.00650	0.00486	0.00483	0.00161	0.00753	0.00376	0.00217	0.00756
73	0.00904	0.00884	0.01485	0.01165	0.01465	0.00831	0.27166	0.01293	0.09304	0.01644	0.12955	0.03234	0.33687	0.00901	0.00597	0.00172	0.00484	0.00843	0.00417	0.00570
74	0.01270	0.01219	0.02083	0.03149	0.78767	0.01219	0.01575	0.01575	0.01168	0.01676	0.00965	0.01270	0.00813	0.00457	0.00508	0.00152	0.00610	0.00457	0.00254	0.00813
75	0.01366	0.01082	0.01196	0.00958	0.01333	0.01090	0.00763	0.18059	0.29214	0.04935	0.01487	0.03106	0.01149	0.00580	0.00471	0.00134	0.00429	0.00470	0.00443	0.31737
76	0.10515	0.01531	0.01246	0.01031	0.01385	0.28555	0.00808	0.11625	0.05424	0.09009	0.01056	0.01121	0.00808	0.00513	0.00440	0.00127	0.00603	0.00365	0.00361	0.23475

[dist]
# distance from previous block
# <min> <max>
0	1

[block]
# block no. 1 follows, 48 sequences, length 61
# corresponding to MSA columns:
# 158-218
name=unknown_B
#
# <colnr> <probs for GDERKNQSTAVLIFYWHMCP>
#	G	D	E	R	K	N	Q	S	T	A	V	L	I	F	Y	W	H	M	C	P
0	0.03264	0.00783	0.00983	0.00822	0.01093	0.00748	0.00653	0.05288	0.09972	0.34013	0.31398	0.02530	0.02646	0.00796	0.00543	0.00160	0.00359	0.00673	0.02574	0.00701
1	0.01207	0.00895	0.00994	0.00878	0.01122	0.04047	0.00682	0.06175	0.24490	0.10900	0.18351	0.06759	0.06116	0.01112	0.08068	0.00224	0.00481	0.00683	0.00490	0.06324
2	0.00624	0.00484	0.00569	0.00625	0.00724	0.00429	0.00439	0.00742	0.01096	0.01395	0.09102	0.42910	0.36160	0.01435	0.00630	0.00190	0.00277	0.01259	0.00483	0.00429
3	0.01039	0.04912	0.77136	0.01446	0.02195	0.01215	0.01867	0.01622	0.01082	0.01613	0.00915	0.01076	0.00650	0.00486	0.00483	0.00161	0.00752	0.00376	0.00217	0.00755
4	0.00969	0.00912	0.01539	0.80734	0.03534	0.01140	0.01425	0.01311	0.01026	0.01311	0.00912	0.01368	0.00684	0.00513	0.00513	0.00171	0.00684	0.00456	0.00228	0.00570
5	0.01020	0.00983	0.00880	0.00848	0.00949	0.19488	0.00607	0.01126	0.00947	0.01136	0.01322	0.02235	0.01343	0.30978	0.33351	0.00543	0.00954	0.00568	0.00285	0.00438
6	0.00606	0.00520	0.00520	0.00520	0.00693	0.00433	0.00390	0.00736	0.01170	0.01386	0.05198	0.04938	0.78558	0.01299	0.00606	0.00173	0.00260	0.01083	0.00476	0.00433
7	0.01123	0.01123	0.01572	0.01347	0.01347	0.01572	0.01123	0.01235	0.00786	0.01235	0.00674	0.01123	0.00674	0.00898	0.01684	0.00225	0.81028	0.00449	0.00225	0.00561
8	0.00727	0.00518	0.00656	0.00656	0.00709	0.00539	0.00445	0.00816	0.00852	0.01161	0.06256	0.04766	0.07944	0.42249	0.28940	0.00559	0.00762	0.00731	0.00330	0.00384
9	0.00891	0.00446	0.00668	0.00668	0.00668	0.00446	0.00446	0.00668	0.00668	0.00891	0.00891	0.01560	0.00891	0.01783	0.02005	0.85071	0.00446	0.00446	0.00223	0.00223
10	0.00624	0.00452	0.00589	0.00699	0.00740	0.00418	0.00469	0.00716	0.00997	0.01316	0.03016	0.75558	0.09347	0.01583	0.00651	0.00206	0.00295	0.01429	0.00476	0.00418
11	0.85592	0.00992	0.00754	0.00675	0.00992	0.01151	0.00556	0.01508	0.00873	0.02302	0.00714	0.00834	0.00556	0.00476	0.00318	0.00159	0.00397	0.00278	0.00318	0.00556
12	0.04504	0.01465	0.18615	0.05908	0.13159	0.03875	0.01192	0.14670	0.04677	0.20105	0.05729	0.01486	0.01136	0.00583	0.00504	0.00158	0.00572	0.00476	0.00409	0.00776
13	0.01709	0.02178	0.07760	0.01573	0.10688	0.54874	0.03889	0.04788	0.01387	0.01423	0.00843	0.01016	0.00691	0.00535	0.00535	0.00144	0.04684	0.00370	0.00267	0.00646
14	0.00886	0.00603	0.00725	0.00660	0.00835	0.00554	0.00506	0.05388	0.01425	0.08029	0.46162	0.03848	0.26297	0.01066	0.00593	0.00164	0.00281	0.00915	0.00541	0.00522
15	0.01818	0.01338	0.01442	0.01134	0.01522	0.01475	0.00926	0.58086	0.16562	0.06226	0.01420	0.01379	0.01018	0.00626	0.00512	0.00156	0.00525	0.00483	0.00515	0.02838
16	0.01289	0.02008	0.45412	0.01254	0.01869	0.01169	0.01422	0.17842	0.01383	0.05369	0.01034	0.01141	0.00744	0.00503	0.00475	0.00145	0.00636	0.00390	0.00314	0.15599
17	0.01232	0.06404	0.20862	0.01709	0.02237	0.01222	0.42182	0.01674	0.03082	0.07744	0.01198	0.05927	0.00949	0.00536	0.00555	0.00168	0.00743	0.00573	0.00296	0.00707
18	0.01403	0.01550	0.01704	0.25638	0.29752	0.28312	0.01329	0.01660	0.01224	0.01423	0.00890	0.01180	0.00722	0.00498	0.00494	0.00151	0.00741	0.00413	0.00250	0.00665
19	0.01396	0.01140	0.01539	0.46161	0.02690	0.01336	0.01230	0.34229	0.01629	0.02147	0.01051	0.01309	0.00766	0.00558	0.00513	0.00164	0.00632	0.00459	0.00352	0.00702
20	0.01655	0.01342	0.01776	0.02036	0.35131	0.01430	0.01236	0.44253	0.01872	0.02557	0.01116	0.01248	0.00847	0.00547	0.00511	0.00153	0.00584	0.00460	0.00401	0.00847
21	0.01799	0.01902	0.01487	0.01269	0.01572	0.45727	0.05294	0.21093	0.01648	0.05106	0.01133	0.07458	0.00964	0.00635	0.00501	0.00147	0.00759	0.00477	0.00360	0.00669
22	0.01447	0.00684	0.00917	0.00768	0.01015	0.00608	0.00608	0.01669	0.01460	0.37283	0.43542	0.02879	0.03209	0.00860	0.00564	0.00160	0.00331	0.00740	0.00597	0.00662
23	0.01764	0.00756	0.01023	0.00834	0.01136	0.00666	0.00676	0.01977	0.01451	0.52542	0.25025	0.02552	0.02417	0.00794	0.00551	0.00163	0.00380	0.03948	0.00607	0.00739
24	0.00939	0.00860	0.01216	0.01105	0.01136	0.01137	0.00891	0.01069	0.00824	0.01232	0.01177	0.12387	0.01227	0.01874	0.24860	0.00401	0.46264	0.00617	0.00274	0.00511
25	0.01270	0.01219	0.02083	0.03149	0.78767	0.01219	0.01575	0.01575	0.01168	0.01676	0.00965	0.01270	0.00813	0.00457	0.00508	0.00152	0.00610	0.00457	0.00254	0.00813
26	0.00606	0.00520	0.00520	0.00520	0.00693	0.00433	0.00390	0.00736	0.01170	0.01386	0.05198	0.04938	0.78558	0.01299	0.00606	0.00173	0.00260	0.01083	0.00476	0.00433
27	0.00948	0.01008	0.01938	0.01449	0.01817	0.00922	0.43651	0.01249	0.01193	0.01532	0.02846	0.02929	0.34581	0.00809	0.00606	0.00173	0.00602	0.00813	0.00354	0.00580
28	0.01029	0.02654	0.79309	0.01462	0.02221	0.01192	0.01896	0.01625	0.01083	0.01625	0.00921	0.01083	0.00650	0.00487	0.00487	0.00162	0.00758	0.00379	0.00217	0.00758
29	0.00635	0.00451	0.00593	0.00702	0.00730	0.00423	0.00463	0.00717	0.00964	0.01285	0.02732	0.75432	0.03273	0.07973	0.00810	0.00231	0.00314	0.01402	0.00463	0.00408
30	0.01372	0.82276	0.02689	0.00878	0.01317	0.02030	0.00878	0.01536	0.01043	0.01207	0.00713	0.00823	0.00658	0.00439	0.00329	0.00110	0.00549	0.00274	0.00219	0.00658
31	0.01292	0.00955	0.01077	0.00955	0.01181	0.01025	0.00733	0.36994	0.06290	0.02271	0.02027	0.38749	0.02090	0.01083	0.00580	0.00181	0.00431	0.00934	0.00497	0.00656
32	0.00902	0.00799	0.01149	0.01052	0.01103	0.01046	0.00851	0.01055	0.00808	0.01210	0.01070	0.01628	0.01018	0.02566	0.45927	0.00564	0.35991	0.00506	0.00253	0.00503
33	0.00661	0.00462	0.00585	0.00668	0.00689	0.00441	0.00427	0.00724	0.00912	0.01215	0.02465	0.58149	0.02935	0.25717	0.01242	0.00295	0.00358	0.01245	0.00427	0.00385
34	0.30407	0.25562	0.01590	0.00952	0.01284	0.18466	0.00810	0.06754	0.01159	0.03140	0.00787	0.00910	0.00650	0.00513	0.00448	0.00142	0.05197	0.00315	0.00291	0.00622
35	0.01572	0.01871	0.01505	0.01333	0.01482	0.45864	0.01048	0.01695	0.01164	0.01247	0.00741	0.01011	0.00666	0.00689	0.00993	0.00172	0.35737	0.00382	0.00247	0.00580
36	0.01034	0.00842	0.01195	0.01476	0.24134	0.00846	0.00886	0.01483	0.13863	0.04701	0.30857	0.02864	0.07751	0.00837	0.00565	0.00166	0.00400	0.04995	0.00457	0.00646
37	0.03879	0.01051	0.01214	0.01000	0.01350	0.01103	0.00804	0.12582	0.34771	0.33573	0.01913	0.01728	0.01328	0.00655	0.00513	0.00165	0.00440	0.00531	0.00562	0.00839
38	0.01573	0.01128	0.01240	0.01042	0.01371	0.01245	0.00831	0.21039	0.44749	0.13820	0.04950	0.01798	0.01483	0.00681	0.00522	0.00166	0.00443	0.00555	0.00538	0.00823
39	0.00963	0.01367	0.19007	0.01442	0.01895	0.00976	0.33974	0.01327	0.01169	0.01551	0.02446	0.02542	0.27553	0.00743	0.00580	0.00171	0.00633	0.00720	0.00325	0.00617
40	0.00736	0.00537	0.00761	0.00761	0.00831	0.00607	0.00563	0.00876	0.00806	0.01144	0.01432	0.02336	0.01422	0.22473	0.61500	0.00747	0.01165	0.00597	0.00283	0.00423
41	0.00969	0.00912	0.01539	0.80734	0.03534	0.01140	0.01425	0.01311	0.01026	0.01311	0.00912	0.01368	0.00684	0.00513	0.00513	0.00171	0.00684	0.00456	0.00228	0.00570
42	0.01029	0.02654	0.79309	0.01462	0.02221	0.01192	0.01896	0.01625	0.01083	0.01625	0.00921	0.01083	0.00650	0.00487	0.00487	0.00162	0.00758	0.00379	0.00217	0.00758
43	0.01514	0.01193	0.01275	0.01076	0.01405	0.01347	0.00857	0.27064	0.49212	0.04684	0.03525	0.01729	0.01404	0.00676	0.00521	0.00167	0.00455	0.00547	0.00523	0.00826
44	0.01211	0.01384	0.03028	0.02163	0.02682	0.01298	0.76903	0.01644	0.01211	0.01644	0.01038	0.01384	0.00779	0.00433	0.00606	0.00173	0.00865	0.00606	0.00260	0.00692
45	0.51912	0.01339	0.01029	0.00901	0.01198	0.18760	0.00721	0.05527	0.01117	0.07377	0.00847	0.00955	0.00652	0.00531	0.00454	0.00156	0.05263	0.00326	0.00332	0.00603
46	0.01333	0.01502	0.01321	0.01202	0.01318	0.32409	0.00936	0.01455	0.01083	0.01251	0.01097	0.13074	0.01121	0.01091	0.07245	0.00233	0.30942	0.00560	0.00282	0.00545
47	0.01029	0.02654	0.79309	0.01462	0.02221	0.01192	0.01896	0.01625	0.01083	0.01625	0.00921	0.01083	0.00650	0.00487	0.00487	0.00162	0.00758	0.00379	0.00217	0.00758
48	0.26782	0.01259	0.01254	0.01011	0.01378	0.01417	0.00828	0.44390	0.12258	0.02808	0.01195	0.01206	0.00873	0.00585	0.00456	0.00158	0.00493	0.00423	0.00456	0.00770
49	0.01487	0.00820	0.01095	0.01081	0.11695	0.00712	0.00738	0.01684	0.01283	0.34842	0.02674	0.02540	0.24169	0.00774	0.00523	0.00151	0.00400	0.00648	0.00491	0.12193
50	0.00969	0.00912	0.01539	0.80734	0.03534	0.01140	0.01425	0.01311	0.01026	0.01311	0.00912	0.01368	0.00684	0.00513	0.00513	0.00171	0.00684	0.00456	0.00228	0.00570
51	0.00746	0.00497	0.00560	0.00560	0.00560	0.00497	0.00311	0.00746	0.00746	0.00995	0.01617	0.03358	0.01865	0.81967	0.02612	0.00497	0.00497	0.00746	0.00311	0.00311
52	0.00625	0.00447	0.00595	0.00714	0.00744	0.00417	0.00476	0.00714	0.00982	0.01310	0.02828	0.81633	0.03394	0.01608	0.00655	0.00208	0.00298	0.01459	0.00476	0.00417
53	0.01971	0.01405	0.01520	0.01165	0.01575	0.01543	0.00963	0.72776	0.02358	0.07590	0.01277	0.01261	0.00895	0.00617	0.00513	0.00154	0.00557	0.00465	0.00520	0.00873
54	0.00734	0.00546	0.00804	0.00804	0.00888	0.00630	0.00615	0.00903	0.00818	0.01176	0.01394	0.02122	0.01329	0.10036	0.73809	0.00799	0.01305	0.00565	0.00278	0.00446
55	0.00746	0.00497	0.00560	0.00560	0.00560	0.00497	0.00311	0.00746	0.00746	0.00995	0.01617	0.03358	0.01865	0.81967	0.02612	0.00497	0.00497	0.00746	0.00311	0.00311
56	0.01246	0.01195	0.02040	0.09295	0.72807	0.01213	0.01563	0.01554	0.01157	0.01647	0.00961	0.01278	0.00803	0.00462	0.00508	0.00154	0.00615	0.00457	0.00252	0.00794
57	0.01365	0.17422	0.20551	0.03605	0.27914	0.07972	0.01374	0.04048	0.01205	0.06943	0.01004	0.01227	0.00801	0.00503	0.00469	0.00147	0.00646	0.01782	0.00277	0.00746
58	0.48940	0.23486	0.02995	0.00771	0.01111	0.01367	0.00680	0.01571	0.07014	0.01897	0.00879	0.01067	0.00741	0.05161	0.00472	0.00166	0.00453	0.00330	0.00304	0.00595
59	0.37598	0.00730	0.00734	0.00705	0.00890	0.00822	0.00545	0.01134	0.00873	0.01676	0.01483	0.05540	0.07286	0.09483	0.28010	0.00424	0.00728	0.00535	0.00322	0.00483
60	0.01024	0.27370	0.02814	0.00781	0.01066	0.01161	0.00674	0.01460	0.18032	0.01481	0.02713	0.02784	0.28748	0.05503	0.00612	0.00172	0.00414	0.02210	0.00388	0.00590

[dist]
# distance from previous block
# <min> <max>
0	4

[block]
# block no. 2 follows, 48 sequences, length 6
# corresponding to MSA columns:
# 223-228
name=unknown_C
#
# <colnr> <probs for GDERKNQSTAVLIFYWHMCP>
#	G	D	E	R	K	N	Q	S	T	A	V	L	I	F	Y	W	H	M	C	P
0	0.00660	0.00522	0.00594	0.00576	0.00726	0.00456	0.00432	0.00839	0.01295	0.01684	0.37763	0.04447	0.45807	0.01188	0.00606	0.00168	0.00252	0.01014	0.00516	0.00456
1	0.00974	0.00909	0.01471	0.16094	0.18423	0.01028	0.06601	0.01186	0.01006	0.01398	0.01494	0.26895	0.01581	0.00925	0.00808	0.00190	0.17335	0.00785	0.00314	0.00581
2	0.01681	0.01218	0.01296	0.01034	0.01375	0.01346	0.00841	0.53620	0.11726	0.02852	0.01422	0.01444	0.01042	0.00623	0.00486	0.00150	0.00484	0.00480	0.16088	0.00792
3	0.70553	0.01035	0.00873	0.00748	0.01082	0.01175	0.00617	0.10217	0.01088	0.07453	0.00860	0.00939	0.00639	0.00503	0.00353	0.00158	0.00419	0.00315	0.00361	0.00613
4	0.01657	0.01232	0.01330	0.01105	0.01417	0.14839	0.07439	0.10398	0.15527	0.23631	0.01721	0.10687	0.01375	0.00717	0.00524	0.00161	0.00543	0.00603	0.04366	0.00727
5	0.00993	0.24826	0.01368	0.00867	0.01034	0.07416	0.00693	0.01110	0.01021	0.01269	0.01851	0.44215	0.02128	0.01113	0.00633	0.00175	0.07481	0.00930	0.00361	0.00515

[dist]
# distance from previous block
# <min> <max>
0	1

[block]
# block no. 3 follows, 48 sequences, length 29
# corresponding to MSA columns:
# 230-258
name=unknown_D
#
# <colnr> <probs for GDERKNQSTAVLIFYWHMCP>
#	G	D	E	R	K	N	Q	S	T	A	V	L	I	F	Y	W	H	M	C	P
0	0.01110	0.00895	0.01031	0.01055	0.08362	0.03052	0.00727	0.20450	0.06758	0.01976	0.09685	0.22613	0.18120	0.01038	0.00576	0.00173	0.00407	0.00891	0.00470	0.00612
1	0.08298	0.01752	0.01420	0.01188	0.01517	0.31594	0.00940	0.34762	0.06053	0.03782	0.01071	0.01129	0.00808	0.00584	0.00512	0.00149	0.02910	0.00405	0.00398	0.00730
2	0.01670	0.01146	0.01356	0.01099	0.01447	0.01238	0.04152	0.29108	0.26541	0.17353	0.01667	0.01623	0.01204	0.00896	0.06874	0.00216	0.00566	0.00524	0.00510	0.00812
3	0.01203	0.01013	0.01194	0.01040	0.08716	0.03783	0.00739	0.03828	0.03860	0.05384	0.02555	0.01201	0.00898	0.00437	0.00416	0.00097	0.00429	0.00357	0.00333	0.62518
4	0.01236	0.12362	0.09646	0.01494	0.12492	0.01181	0.15633	0.07446	0.05586	0.05583	0.10052	0.06556	0.01456	0.00622	0.00513	0.00152	0.00565	0.00569	0.00353	0.06502
5	0.01035	0.02492	0.15418	0.16575	0.04601	0.00984	0.08716	0.05142	0.03168	0.02964	0.05342	0.06536	0.06216	0.07206	0.00750	0.01875	0.02237	0.01966	0.00323	0.06456
6	0.01309	0.03536	0.01218	0.00934	0.01325	0.18777	0.00735	0.03173	0.10480	0.01654	0.01029	0.01132	0.00835	0.00458	0.00417	0.00103	0.00515	0.00346	0.00323	0.51701
7	0.01012	0.00935	0.01539	0.77278	0.03450	0.01160	0.01405	0.04602	0.01086	0.01395	0.00926	0.01362	0.00692	0.00517	0.00513	0.00170	0.00679	0.00456	0.00240	0.00583
8	0.00625	0.00447	0.00595	0.00714	0.00744	0.00417	0.00476	0.00714	0.00982	0.01310	0.02828	0.81633	0.03394	0.01608	0.00655	0.00208	0.00298	0.01459	0.00476	0.00417
9	0.00737	0.00536	0.00753	0.00753	0.00820	0.00602	0.00552	0.00870	0.00803	0.01138	0.01440	0.02380	0.01441	0.25040	0.58958	0.00736	0.01136	0.00603	0.00285	0.00418
10	0.01214	0.01375	0.02973	0.02220	0.07086	0.01293	0.72543	0.01640	0.01209	0.01645	0.01034	0.01377	0.00781	0.00434	0.00600	0.00172	0.00850	0.00597	0.00259	0.00699
11	0.00627	0.00481	0.00576	0.00636	0.00727	0.00429	0.00445	0.00745	0.01094	0.01405	0.10515	0.46239	0.31350	0.01443	0.00632	0.00191	0.00279	0.01272	0.00484	0.00429
12	0.01179	0.00945	0.01279	0.04485	0.07484	0.02451	0.00927	0.09233	0.03449	0.07353	0.01180	0.01602	0.01024	0.04707	0.27343	0.00411	0.23526	0.00503	0.00318	0.00603
13	0.67823	0.01000	0.00868	0.00741	0.01076	0.01116	0.00611	0.06098	0.01056	0.14215	0.00947	0.00998	0.00685	0.00509	0.00360	0.00158	0.00413	0.00325	0.00378	0.00623
14	0.01108	0.01058	0.01572	0.51611	0.16215	0.04416	0.01338	0.01607	0.12967	0.01502	0.01099	0.01417	0.00842	0.00532	0.00511	0.00167	0.00638	0.00470	0.00280	0.00651
15	0.01462	0.01129	0.01737	0.02196	0.42824	0.01164	0.03242	0.01936	0.14555	0.16910	0.01351	0.01469	0.01023	0.00563	0.00595	0.00163	0.06013	0.00493	0.00374	0.00804
16	0.00952	0.00596	0.00760	0.00691	0.00815	0.00565	0.00489	0.01010	0.06963	0.01248	0.01114	0.01646	0.01026	0.06759	0.01454	0.47870	0.00414	0.00452	0.08234	0.16940
17	0.00811	0.00693	0.01084	0.00969	0.01152	0.00631	0.12418	0.00983	0.01036	0.01432	0.02167	0.50590	0.02456	0.01189	0.00623	0.00181	0.02065	0.03899	0.00407	0.15213
18	0.00973	0.00935	0.01600	0.66801	0.03219	0.01128	0.07391	0.01301	0.01040	0.01339	0.01161	0.01567	0.05199	0.00567	0.00570	0.00173	0.03715	0.00504	0.00245	0.00572
19	0.01382	0.00755	0.00825	0.00702	0.00929	0.00773	0.00558	0.18675	0.01439	0.13609	0.01625	0.01733	0.01208	0.00607	0.00417	0.00133	0.00342	0.00480	0.53181	0.00626
20	0.00645	0.00520	0.00566	0.00555	0.00706	0.00450	0.00411	0.00798	0.01223	0.01544	0.24348	0.04568	0.55283	0.05268	0.00706	0.00186	0.00267	0.01025	0.00491	0.00440
21	0.01096	0.02184	0.51070	0.01722	0.02391	0.01231	0.29663	0.01632	0.01131	0.01632	0.00964	0.01195	0.00698	0.00467	0.00531	0.00166	0.00798	0.00463	0.00233	0.00734
22	0.00867	0.00777	0.01390	0.01204	0.01404	0.00750	0.22683	0.01106	0.01130	0.01518	0.07668	0.30943	0.02560	0.01161	0.00676	0.00202	0.02453	0.20577	0.00413	0.00519
23	0.01599	0.10047	0.01802	0.05246	0.37530	0.01173	0.01185	0.06123	0.01303	0.24136	0.01255	0.01353	0.00924	0.00515	0.00487	0.00148	0.00545	0.00449	0.00376	0.03802
24	0.01653	0.04196	0.01373	0.01103	0.01443	0.09836	0.00883	0.27061	0.35970	0.08533	0.01613	0.01531	0.01185	0.00638	0.00506	0.00159	0.00522	0.00498	0.00490	0.00808
25	0.00617	0.00513	0.00540	0.00548	0.00704	0.00436	0.00405	0.00752	0.01174	0.01431	0.10670	0.12074	0.65753	0.01309	0.00611	0.00176	0.00262	0.01106	0.00483	0.00436
26	0.01664	0.25644	0.07801	0.01092	0.01528	0.01640	0.00997	0.40421	0.07905	0.04801	0.01146	0.01169	0.00860	0.00560	0.00457	0.00143	0.00558	0.00411	0.00407	0.00795
27	0.00891	0.00446	0.00668	0.00668	0.00668	0.00446	0.00446	0.00668	0.00668	0.00891	0.00891	0.01560	0.00891	0.01783	0.02005	0.85071	0.00446	0.00446	0.00223	0.00223
28	0.01310	0.09263	0.14191	0.01390	0.01841	0.01329	0.21992	0.17866	0.13785	0.01993	0.01505	0.04452	0.05491	0.00616	0.00529	0.00163	0.00624	0.00562	0.00366	0.00732

[dist]
# distance from previous block
# <min> <max>
0	1

[block]
# block no. 4 follows, 48 sequences, length 40
# corresponding to MSA columns:
# 260-299
name=unknown_E
#
# <colnr> <probs for GDERKNQSTAVLIFYWHMCP>
#	G	D	E	R	K	N	Q	S	T	A	V	L	I	F	Y	W	H	M	C	P
0	0.01092	0.00988	0.01195	0.01062	0.01123	0.06954	0.00861	0.01247	0.00914	0.01404	0.01021	0.01416	0.00909	0.01147	0.10616	0.00263	0.45047	0.00460	0.21753	0.00530
1	0.00746	0.00497	0.00560	0.00560	0.00560	0.00497	0.00311	0.00746	0.00746	0.00995	0.01617	0.03358	0.01865	0.81967	0.02612	0.00497	0.00497	0.00746	0.00311	0.00311
2	0.22846	0.02038	0.01283	0.01161	0.01430	0.57588	0.00887	0.01887	0.01286	0.01517	0.00769	0.00909	0.00635	0.00528	0.00467	0.00142	0.03447	0.00321	0.00276	0.00584
3	0.01926	0.01270	0.01398	0.01081	0.01466	0.01368	0.00890	0.59069	0.02154	0.15165	0.01393	0.01369	0.00972	0.00618	0.00501	0.00152	0.00518	0.00472	0.07378	0.00841
4	0.35833	0.46701	0.01865	0.00808	0.01185	0.01657	0.00753	0.01516	0.00966	0.01656	0.00713	0.00836	0.00617	0.00467	0.00363	0.00133	0.02776	0.00281	0.00260	0.00614
5	0.00996	0.00980	0.01527	0.01267	0.01464	0.06773	0.20125	0.01224	0.00962	0.01312	0.01156	0.01689	0.01041	0.04521	0.40884	0.00516	0.12223	0.00539	0.00264	0.00538
6	0.00663	0.00522	0.00598	0.00579	0.00728	0.00457	0.00434	0.00845	0.01302	0.01701	0.39617	0.04419	0.43942	0.01182	0.00606	0.00168	0.00252	0.01010	0.00518	0.00457
7	0.00827	0.00591	0.00827	0.00945	0.01063	0.00591	0.00827	0.01063	0.01181	0.01536	0.02717	0.05788	0.02953	0.01417	0.00709	0.00236	0.00472	0.75313	0.00472	0.00472
8	0.00661	0.00505	0.00593	0.00602	0.00716	0.00452	0.00431	0.00809	0.01190	0.01559	0.28556	0.19373	0.33130	0.08147	0.00786	0.00204	0.00282	0.01076	0.00491	0.00436
9	0.00625	0.00447	0.00595	0.00714	0.00744	0.00417	0.00476	0.00714	0.00982	0.01310	0.02828	0.81633	0.03394	0.01608	0.00655	0.00208	0.00298	0.01459	0.00476	0.00417
10	0.01245	0.01280	0.02384	0.01987	0.12473	0.05679	0.46936	0.01580	0.01190	0.05502	0.01253	0.10447	0.01094	0.00603	0.00628	0.00173	0.03915	0.00656	0.00301	0.00675
11	0.01236	0.01056	0.01130	0.01035	0.01310	0.01214	0.00813	0.02577	0.70928	0.02091	0.02145	0.02264	0.01691	0.00761	0.00539	0.00180	0.00412	0.07318	0.00518	0.00782
12	0.04397	0.12631	0.24552	0.01145	0.01647	0.01196	0.04094	0.08892	0.01316	0.27420	0.01276	0.01285	0.00884	0.00550	0.00514	0.00153	0.03373	0.00423	0.00392	0.03861
13	0.09244	0.01287	0.01398	0.07010	0.01640	0.10661	0.07347	0.12809	0.30406	0.07919	0.01466	0.01473	0.01085	0.00593	0.00496	0.00160	0.00551	0.00485	0.00428	0.03540
14	0.00831	0.00775	0.00862	0.00819	0.00958	0.06349	0.02891	0.01024	0.04245	0.01408	0.06152	0.18577	0.35866	0.01247	0.02337	0.00199	0.10749	0.03801	0.00423	0.00485
15	0.00926	0.00690	0.00800	0.00756	0.00920	0.00704	0.00562	0.03534	0.19965	0.04706	0.28032	0.15291	0.12344	0.07523	0.00747	0.00200	0.00330	0.00901	0.00511	0.00559
16	0.00743	0.00510	0.00622	0.00622	0.00644	0.00532	0.00389	0.00786	0.00765	0.01041	0.01559	0.03040	0.01728	0.63476	0.20914	0.00575	0.00705	0.00700	0.00302	0.00346
17	0.00723	0.00524	0.00681	0.00642	0.00764	0.00483	0.00481	0.00962	0.01444	0.02038	0.76375	0.03865	0.06974	0.01056	0.00605	0.00162	0.00243	0.00932	0.00562	0.00483
18	0.00891	0.00446	0.00668	0.00668	0.00668	0.00446	0.00446	0.00668	0.00668	0.00891	0.00891	0.01560	0.00891	0.01783	0.02005	0.85071	0.00446	0.00446	0.00223	0.00223
19	0.00625	0.00521	0.00546	0.00539	0.00704	0.00441	0.00404	0.00772	0.01213	0.01490	0.16550	0.04767	0.67142	0.01261	0.00606	0.00171	0.00257	0.01059	0.00490	0.00441
20	0.85592	0.00992	0.00754	0.00675	0.00992	0.01151	0.00556	0.01508	0.00873	0.02302	0.00714	0.00834	0.00556	0.00476	0.00318	0.00159	0.00397	0.00278	0.00318	0.00556
21	0.00969	0.00912	0.01539	0.80734	0.03534	0.01140	0.01425	0.01311	0.01026	0.01311	0.00912	0.01368	0.00684	0.00513	0.00513	0.00171	0.00684	0.00456	0.00228	0.00570
22	0.01860	0.01357	0.01466	0.01137	0.01526	0.01494	0.00935	0.68024	0.05090	0.04872	0.05949	0.01426	0.01147	0.00645	0.00519	0.00155	0.00536	0.00496	0.00520	0.00847
23	0.01724	0.01325	0.01412	0.01135	0.01505	0.01486	0.00921	0.52112	0.27725	0.02869	0.01519	0.01461	0.01105	0.00643	0.00516	0.00161	0.00511	0.00502	0.00516	0.00852
24	0.18235	0.01256	0.01329	0.01038	0.01428	0.01366	0.00857	0.49916	0.01956	0.15761	0.01264	0.01241	0.00878	0.00592	0.00476	0.00156	0.00511	0.00435	0.00496	0.00811
25	0.22947	0.01400	0.01279	0.01045	0.01402	0.12054	0.00845	0.37409	0.07458	0.07645	0.01158	0.01175	0.00842	0.00576	0.00458	0.00154	0.00551	0.00410	0.00439	0.00751
26	0.02787	0.00634	0.00708	0.00650	0.00852	0.00588	0.00500	0.03697	0.05620	0.11813	0.15363	0.06707	0.39215	0.01054	0.00562	0.00166	0.00301	0.00884	0.07359	0.00540
27	0.01050	0.07464	0.74680	0.01427	0.02166	0.01242	0.01834	0.01620	0.01081	0.01600	0.00908	0.01068	0.00650	0.00485	0.00478	0.00159	0.00746	0.00373	0.00217	0.00752
28	0.00969	0.00912	0.01539	0.80734	0.03534	0.01140	0.01425	0.01311	0.01026	0.01311	0.00912	0.01368	0.00684	0.00513	0.00513	0.00171	0.00684	0.00456	0.00228	0.00570
29	0.00837	0.00749	0.01147	0.47929	0.02383	0.00857	0.01017	0.01106	0.01116	0.01429	0.12408	0.05484	0.19924	0.00813	0.00553	0.00172	0.00509	0.00706	0.00342	0.00520
30	0.04876	0.01201	0.01171	0.00987	0.01195	0.11269	0.00753	0.30848	0.01498	0.01983	0.01226	0.01878	0.01145	0.27929	0.01324	0.00274	0.08933	0.00532	0.00375	0.00603
31	0.31358	0.00915	0.01038	0.00830	0.01199	0.00893	0.00685	0.02154	0.01261	0.52323	0.01567	0.01428	0.01021	0.00580	0.00447	0.00159	0.00423	0.00433	0.00524	0.00762
32	0.00618	0.00474	0.00567	0.00642	0.00725	0.00423	0.00444	0.00723	0.01052	0.01338	0.03715	0.52941	0.31513	0.01492	0.00637	0.00195	0.00284	0.01318	0.00476	0.00423
33	0.07770	0.12817	0.12216	0.13722	0.14097	0.03943	0.01164	0.04872	0.01233	0.21638	0.01175	0.01273	0.00845	0.00524	0.00467	0.00152	0.00581	0.00418	0.00354	0.00737
34	0.00913	0.00524	0.00710	0.00715	0.00801	0.00501	0.00523	0.00938	0.02547	0.07320	0.07760	0.15351	0.11193	0.01488	0.01222	0.36868	0.00386	0.09464	0.00386	0.00390
35	0.29594	0.00767	0.00833	0.00721	0.00976	0.00774	0.00575	0.01527	0.01262	0.21105	0.33574	0.02313	0.02524	0.00755	0.00487	0.00160	0.00342	0.00608	0.00499	0.00604
36	0.04251	0.01642	0.13967	0.04095	0.07277	0.13725	0.24760	0.04797	0.15080	0.01741	0.01247	0.01403	0.02551	0.00535	0.00526	0.00162	0.00711	0.00501	0.00316	0.00710
37	0.03061	0.01071	0.01750	0.32344	0.41829	0.01169	0.01418	0.01516	0.05505	0.01571	0.01121	0.01436	0.02963	0.00516	0.00509	0.00161	0.00612	0.00477	0.00267	0.00704
38	0.00863	0.00764	0.01245	0.01101	0.01207	0.00833	0.14128	0.00992	0.00947	0.01309	0.01846	0.40734	0.02087	0.04384	0.01049	0.06453	0.18240	0.00983	0.00357	0.00479
39	0.08951	0.01090	0.01738	0.17571	0.21218	0.02284	0.16131	0.04736	0.04298	0.03044	0.01090	0.01365	0.00847	0.00517	0.00513	0.01360	0.00600	0.00472	0.09103	0.03072

[dist]
# distance from previous block
# <min> <max>
2	6

[block]
# block no. 5 follows, 48 sequences, length 40
# corresponding to MSA columns:
# 306-345
name=unknown_F
#
# <colnr> <probs for GDERKNQSTAVLIFYWHMCP>
#	G	D	E	R	K	N	Q	S	T	A	V	L	I	F	Y	W	H	M	C	P
0	0.06277	0.03091	0.04532	0.01052	0.01436	0.04815	0.04327	0.25879	0.07284	0.18840	0.06876	0.01531	0.01245	0.00605	0.00492	0.00149	0.00508	0.00484	0.02033	0.08545
1	0.01295	0.08599	0.29184	0.01267	0.05201	0.10955	0.02908	0.05833	0.03645	0.04346	0.00982	0.01110	0.00752	0.00478	0.00452	0.00132	0.00631	0.00370	0.00288	0.21572
2	0.00676	0.00544	0.00649	0.00656	0.00797	0.00491	0.01927	0.00870	0.03727	0.01511	0.15596	0.21869	0.41929	0.01300	0.00620	0.00183	0.00294	0.05415	0.00487	0.00457
3	0.01397	0.00830	0.00972	0.00849	0.01111	0.00851	0.00673	0.03393	0.27535	0.23061	0.12966	0.02432	0.05354	0.00773	0.00522	0.00163	0.00368	0.03921	0.12125	0.00706
4	0.00635	0.00521	0.00559	0.00549	0.00710	0.00445	0.00412	0.00791	0.01236	0.01544	0.22410	0.04679	0.61248	0.01241	0.00606	0.00170	0.00256	0.01047	0.00497	0.00445
5	0.00720	0.00524	0.00677	0.00639	0.00763	0.00482	0.00479	0.00956	0.01438	0.02023	0.74724	0.03890	0.08635	0.01062	0.00605	0.00162	0.00243	0.00936	0.00560	0.00482
6	0.01372	0.82276	0.02689	0.00878	0.01317	0.02030	0.00878	0.01536	0.01043	0.01207	0.00713	0.00823	0.00658	0.00439	0.00329	0.00110	0.00549	0.00274	0.00219	0.00658
7	0.01372	0.82276	0.02689	0.00878	0.01317	0.02030	0.00878	0.01536	0.01043	0.01207	0.00713	0.00823	0.00658	0.00439	0.00329	0.00110	0.00549	0.00274	0.00219	0.00658
8	0.85592	0.00992	0.00754	0.00675	0.00992	0.01151	0.00556	0.01508	0.00873	0.02302	0.00714	0.00834	0.00556	0.00476	0.00318	0.00159	0.00397	0.00278	0.00318	0.00556
9	0.00733	0.00550	0.00825	0.00825	0.00916	0.00641	0.00641	0.00916	0.00825	0.01191	0.01374	0.02016	0.01283	0.03848	0.79934	0.00825	0.01374	0.00550	0.00275	0.00458
10	0.01029	0.02654	0.79309	0.01462	0.02221	0.01192	0.01896	0.01625	0.01083	0.01625	0.00921	0.01083	0.00650	0.00487	0.00487	0.00162	0.00758	0.00379	0.00217	0.00758
11	0.01211	0.01384	0.03028	0.02163	0.02682	0.01298	0.76903	0.01644	0.01211	0.01644	0.01038	0.01384	0.00779	0.00433	0.00606	0.00173	0.00865	0.00606	0.00260	0.00692
12	0.02043	0.01288	0.01448	0.01110	0.01517	0.01370	0.00917	0.57375	0.02163	0.23266	0.01441	0.01368	0.00978	0.00621	0.00514	0.00155	0.00531	0.00476	0.00545	0.00873
13	0.00804	0.00574	0.00800	0.00919	0.01027	0.00571	0.00787	0.01023	0.01158	0.01510	0.02729	0.14451	0.03003	0.01439	0.00703	0.00233	0.00453	0.66877	0.00473	0.00466
14	0.06200	0.01213	0.01312	0.01019	0.01419	0.01264	0.00830	0.40706	0.12506	0.06128	0.01282	0.01288	0.00943	0.00563	0.00472	0.00138	0.00483	0.00433	0.00459	0.21343
15	0.01385	0.03318	0.18502	0.01156	0.01582	0.04590	0.10356	0.08037	0.01341	0.19376	0.06382	0.03673	0.12231	0.00702	0.00552	0.00160	0.02093	0.00594	0.00411	0.03559
16	0.01309	0.04851	0.36379	0.01708	0.18563	0.03237	0.05361	0.01744	0.02749	0.12678	0.02736	0.01294	0.00892	0.00510	0.00495	0.00154	0.00650	0.00435	0.00305	0.03949
17	0.01132	0.01201	0.04325	0.26839	0.02334	0.09327	0.20361	0.02692	0.02594	0.01489	0.01198	0.08276	0.01049	0.00647	0.00624	0.00172	0.06722	0.02248	0.06172	0.00597
18	0.01270	0.01219	0.02083	0.03149	0.78767	0.01219	0.01575	0.01575	0.01168	0.01676	0.00965	0.01270	0.00813	0.00457	0.00508	0.00152	0.00610	0.00457	0.00254	0.00813
19	0.01232	0.15418	0.33663	0.06367	0.01911	0.15421	0.06194	0.01590	0.01136	0.01445	0.03749	0.01256	0.00875	0.04252	0.00607	0.00167	0.03399	0.00412	0.00247	0.00659
20	0.00806	0.01052	0.18072	0.01014	0.01282	0.00700	0.09010	0.01086	0.01165	0.01630	0.24036	0.32978	0.02931	0.01075	0.00599	0.00181	0.00443	0.00978	0.00422	0.00540
21	0.00891	0.00446	0.00668	0.00668	0.00668	0.00446	0.00446	0.00668	0.00668	0.00891	0.00891	0.01560	0.00891	0.01783	0.02005	0.85071	0.00446	0.00446	0.00223	0.00223
22	0.01917	0.02445	0.01454	0.01322	0.01586	0.79907	0.00991	0.02049	0.01454	0.01256	0.00793	0.00925	0.00661	0.00529	0.00463	0.00132	0.00925	0.00330	0.00264	0.00595
