[name]
unknown

[dist]
# distance from previous block
# <min> <max>
0	26

[block]
# block no. 0 follows, 37 sequences, length 22
# corresponding to MSA columns:
# 38-59
name=unknown_A
#
# <colnr> <probs for GDERKNQSTAVLIFYWHMCP>
#	G	D	E	R	K	N	Q	S	T	A	V	L	I	F	Y	W	H	M	C	P
0	0.01758	0.01911	0.01456	0.01387	0.01643	0.38152	0.01106	0.07524	0.03438	0.01835	0.01886	0.03352	0.01865	0.01054	0.00705	0.00210	0.02751	0.26841	0.00439	0.00686
1	0.01501	0.01440	0.02460	0.06564	0.71970	0.01451	0.01872	0.01867	0.01387	0.01983	0.01149	0.01519	0.00964	0.00548	0.00606	0.00183	0.00731	0.00545	0.00302	0.00959
2	0.00787	0.00582	0.00736	0.00783	0.00888	0.00531	0.00555	0.00971	0.01420	0.01914	0.30575	0.38413	0.16381	0.01606	0.00749	0.00221	0.00323	0.01427	0.00608	0.00531
3	0.16545	0.01365	0.01379	0.01195	0.01574	0.01565	0.00949	0.15781	0.47258	0.02834	0.02003	0.01898	0.01495	0.00765	0.00576	0.00200	0.00517	0.00600	0.00576	0.00926
4	0.45705	0.01108	0.00934	0.00852	0.01137	0.06860	0.00671	0.01607	0.01356	0.02540	0.28541	0.02351	0.02598	0.00830	0.00521	0.00188	0.00453	0.00628	0.00485	0.00634
5	0.00886	0.00581	0.00623	0.00656	0.00798	0.00532	0.00475	0.01079	0.01301	0.01869	0.03955	0.21457	0.30483	0.01321	0.00626	0.00192	0.00311	0.01125	0.31197	0.00532
6	0.00890	0.00593	0.00668	0.00668	0.00668	0.00593	0.00371	0.00890	0.00890	0.01187	0.01929	0.04006	0.02225	0.78487	0.03116	0.00593	0.00593	0.00890	0.00371	0.00371
7	0.82811	0.01184	0.00900	0.00805	0.01184	0.01373	0.00663	0.01799	0.01042	0.02746	0.00852	0.00994	0.00663	0.00568	0.00379	0.00189	0.00474	0.00331	0.00379	0.00663
8	0.01279	0.30033	0.01705	0.00892	0.01089	0.01244	0.00726	0.01187	0.00966	0.01205	0.00983	0.01530	0.00959	0.01523	0.01639	0.51282	0.00578	0.00455	0.00264	0.00462
9	0.01088	0.00960	0.01488	0.48338	0.03021	0.01131	0.01306	0.01548	0.06720	0.01854	0.19108	0.06955	0.02291	0.00861	0.00650	0.00204	0.00636	0.00763	0.00413	0.00666
10	0.01270	0.01245	0.01860	0.30010	0.02590	0.01681	0.01475	0.01507	0.01045	0.01507	0.00911	0.01449	0.00808	0.00898	0.01483	0.00244	0.48534	0.00539	0.00269	0.00674
11	0.01222	0.01053	0.01096	0.01010	0.01304	0.01144	0.00779	0.02358	0.46381	0.02219	0.03889	0.03642	0.29196	0.01102	0.00661	0.00207	0.00419	0.00918	0.00602	0.00799
12	0.00826	0.00609	0.00881	0.00934	0.01016	0.00664	0.00691	0.01002	0.01055	0.01474	0.02293	0.30911	0.02479	0.03584	0.47707	0.00707	0.01156	0.01064	0.00418	0.00528
13	0.01259	0.01175	0.02044	0.02437	0.35025	0.01140	0.13103	0.01620	0.01530	0.02165	0.28735	0.02689	0.02773	0.00806	0.00669	0.00190	0.00613	0.00786	0.00444	0.00798
14	0.01018	0.00800	0.00988	0.00822	0.01116	0.00667	0.00633	0.01301	0.01558	0.02281	0.46753	0.03328	0.03942	0.00951	0.00621	0.00154	0.00351	0.00827	0.00557	0.31332
15	0.01833	0.01034	0.01251	0.01037	0.01310	0.01117	0.00842	0.14646	0.01643	0.22663	0.01820	0.01925	0.01332	0.00789	0.00776	0.00184	0.13216	0.00574	0.31208	0.00802
16	0.32676	0.01215	0.01599	0.01238	0.01701	0.01213	0.12694	0.04255	0.01464	0.33773	0.01605	0.01585	0.01084	0.00646	0.00544	0.00192	0.00592	0.00525	0.00537	0.00863
17	0.01596	0.07162	0.02172	0.14966	0.35494	0.01557	0.01533	0.14590	0.06174	0.02255	0.01257	0.01521	0.00996	0.00601	0.00584	0.00178	0.00695	0.00528	0.00374	0.05768
18	0.32042	0.01328	0.01774	0.01454	0.01692	0.01636	0.11983	0.01671	0.01054	0.02027	0.00889	0.01257	0.00770	0.00797	0.01198	0.00229	0.36705	0.00487	0.00316	0.00691
19	0.01354	0.02864	0.57758	0.02066	0.14548	0.06971	0.02118	0.01966	0.01342	0.01916	0.01096	0.01315	0.00809	0.00579	0.00583	0.00189	0.00890	0.00463	0.00270	0.00901
20	0.48045	0.00964	0.00873	0.00852	0.01107	0.01068	0.00651	0.04836	0.01179	0.02354	0.01832	0.30055	0.01956	0.01085	0.00542	0.00211	0.00439	0.00873	0.00461	0.00619
21	0.00741	0.00591	0.00651	0.00696	0.00836	0.00515	0.00491	0.00871	0.01293	0.01596	0.05045	0.28403	0.47799	0.06527	0.00893	0.00244	0.00342	0.01407	0.00556	0.00501

[dist]
# distance from previous block
# <min> <max>
10	77

[block]
# block no. 1 follows, 37 sequences, length 48
# corresponding to MSA columns:
# 159-180,182-207
name=unknown_B
#
# <colnr> <probs for GDERKNQSTAVLIFYWHMCP>
#	G	D	E	R	K	N	Q	S	T	A	V	L	I	F	Y	W	H	M	C	P
0	0.14915	0.01127	0.01300	0.06908	0.01649	0.01131	0.00911	0.14360	0.01526	0.05559	0.01477	0.02080	0.01271	0.01112	0.08256	0.00250	0.00661	0.08421	0.00440	0.26649
1	0.01707	0.01327	0.01577	0.01427	0.09072	0.01342	0.01033	0.24480	0.13737	0.05852	0.01549	0.01649	0.01190	0.00948	0.06402	0.00222	0.00651	0.00529	0.00494	0.24813
2	0.01450	0.00984	0.01257	0.01235	0.08751	0.02880	0.00849	0.01734	0.04528	0.16217	0.02033	0.02424	0.07051	0.10440	0.18103	0.00397	0.00789	0.00646	0.00454	0.17777
3	0.06306	0.01323	0.01421	0.06922	0.07291	0.15208	0.01029	0.02008	0.01394	0.21073	0.01585	0.01836	0.01224	0.01735	0.20936	0.00398	0.02976	0.00554	0.04022	0.00762
4	0.11865	0.01044	0.01128	0.00941	0.01264	0.01098	0.00759	0.20908	0.01750	0.15784	0.01768	0.01875	0.01303	0.00926	0.04728	0.00215	0.00531	0.00548	0.30773	0.00792
5	0.09650	0.01264	0.13460	0.01123	0.01524	0.00947	0.09763	0.01706	0.01388	0.10992	0.07858	0.02570	0.11847	0.00817	0.00572	0.00182	0.00532	0.00694	0.22396	0.00717
6	0.07601	0.01162	0.01706	0.02294	0.37029	0.01187	0.01275	0.01813	0.10509	0.02220	0.19308	0.02631	0.05208	0.00825	0.00630	0.00192	0.00550	0.02584	0.00456	0.00822
7	0.01629	0.17393	0.20508	0.02270	0.27244	0.17238	0.01665	0.02003	0.01411	0.01770	0.01036	0.01269	0.00847	0.00568	0.00547	0.00170	0.00836	0.00448	0.00286	0.00863
8	0.01452	0.01082	0.01288	0.00929	0.01464	0.00826	0.00747	0.01720	0.01329	0.11031	0.01252	0.01370	0.00982	0.00491	0.00473	0.00103	0.00462	0.00394	0.00411	0.72193
9	0.01637	0.78856	0.03208	0.01047	0.01571	0.02422	0.01047	0.01833	0.01244	0.01440	0.00851	0.00982	0.00786	0.00524	0.00393	0.00131	0.00655	0.00327	0.00262	0.00786
10	0.02362	0.01583	0.01747	0.01347	0.01828	0.01713	0.01110	0.57784	0.05804	0.15856	0.01675	0.01609	0.01158	0.00743	0.00613	0.00186	0.00639	0.00568	0.00637	0.01038
11	0.01063	0.00532	0.00797	0.00797	0.00797	0.00532	0.00532	0.00797	0.00797	0.01063	0.01063	0.01861	0.01063	0.02127	0.02392	0.82190	0.00532	0.00532	0.00266	0.00266
12	0.00866	0.00626	0.00818	0.00770	0.00914	0.00578	0.00578	0.01155	0.01733	0.02455	0.74346	0.04572	0.05776	0.01251	0.00722	0.00193	0.00289	0.01107	0.00674	0.00578
13	0.01885	0.01201	0.01385	0.01147	0.01518	0.01262	0.00917	0.19708	0.23470	0.20820	0.17255	0.02514	0.02396	0.00877	0.00639	0.00194	0.00499	0.00725	0.00664	0.00923
14	0.00866	0.00626	0.00818	0.00770	0.00914	0.00578	0.00578	0.01155	0.01733	0.02455	0.74346	0.04572	0.05776	0.01251	0.00722	0.00193	0.00289	0.01107	0.00674	0.00578
15	0.01403	0.01331	0.01705	0.01482	0.01602	0.01753	0.01211	0.02090	0.26113	0.01850	0.01389	0.01667	0.01173	0.00988	0.01528	0.00247	0.50716	0.00590	0.00391	0.00773
16	0.01339	0.01339	0.01875	0.01607	0.01607	0.01875	0.01339	0.01473	0.00937	0.01473	0.00804	0.01339	0.00804	0.01071	0.02009	0.00268	0.77367	0.00536	0.00268	0.00670
17	0.00746	0.00533	0.00710	0.00852	0.00888	0.00497	0.00568	0.00852	0.01172	0.01563	0.03374	0.78088	0.04049	0.01918	0.00781	0.00249	0.00355	0.01740	0.00568	0.00497
18	0.01445	0.01651	0.03612	0.02580	0.03199	0.01548	0.72446	0.01961	0.01445	0.01961	0.01238	0.01651	0.00929	0.00516	0.00722	0.00206	0.01032	0.00722	0.00310	0.00826
19	0.01691	0.01399	0.01479	0.01280	0.01656	0.01601	0.01010	0.17766	0.58776	0.02832	0.02278	0.02113	0.01695	0.00810	0.00621	0.00203	0.00524	0.00663	0.00621	0.00984
20	0.01445	0.01651	0.03612	0.02580	0.03199	0.01548	0.72446	0.01961	0.01445	0.01961	0.01238	0.01651	0.00929	0.00516	0.00722	0.00206	0.01032	0.00722	0.00310	0.00826
21	0.02112	0.01460	0.01570	0.01230	0.01651	0.01593	0.01007	0.55568	0.02515	0.06688	0.01615	0.01656	0.01166	0.00732	0.00576	0.00176	0.00591	0.00558	0.16588	0.00949
22	0.82811	0.01184	0.00900	0.00805	0.01184	0.01373	0.00663	0.01799	0.01042	0.02746	0.00852	0.00994	0.00663	0.00568	0.00379	0.00189	0.00474	0.00331	0.00379	0.00663
23	0.00723	0.00620	0.00620	0.00620	0.00827	0.00517	0.00465	0.00878	0.01395	0.01654	0.06201	0.05891	0.74421	0.01550	0.00723	0.00207	0.00310	0.01292	0.00568	0.00517
24	0.00743	0.00543	0.00700	0.00826	0.00881	0.00499	0.00557	0.00855	0.01197	0.01573	0.03695	0.69885	0.12044	0.01876	0.00775	0.00244	0.00350	0.01689	0.00568	0.00499
25	0.01637	0.78856	0.03208	0.01047	0.01571	0.02422	0.01047	0.01833	0.01244	0.01440	0.00851	0.00982	0.00786	0.00524	0.00393	0.00131	0.00655	0.00327	0.00262	0.00786
26	0.01269	0.01088	0.01269	0.00907	0.01451	0.00816	0.00725	0.01541	0.01269	0.01995	0.01088	0.01269	0.00907	0.00453	0.00453	0.00091	0.00453	0.00363	0.00363	0.82229
27	0.01551	0.63021	0.18293	0.01193	0.01797	0.02213	0.01301	0.01855	0.01254	0.01544	0.00903	0.01047	0.00783	0.00536	0.00432	0.00144	0.00707	0.00353	0.00261	0.00810
28	0.01637	0.78856	0.03208	0.01047	0.01571	0.02422	0.01047	0.01833	0.01244	0.01440	0.00851	0.00982	0.00786	0.00524	0.00393	0.00131	0.00655	0.00327	0.00262	0.00786
29	0.01175	0.00734	0.00855	0.00799	0.00911	0.00849	0.00628	0.01427	0.01203	0.02089	0.01737	0.02088	0.01408	0.00897	0.02883	0.00192	0.16449	0.00566	0.62520	0.00591
30	0.00836	0.00625	0.00777	0.00739	0.00896	0.00565	0.00554	0.01097	0.01662	0.02287	0.60090	0.04848	0.20136	0.01314	0.00722	0.00195	0.00293	0.01146	0.00652	0.00565
31	0.11530	0.01231	0.01720	0.51745	0.03355	0.01474	0.01459	0.16460	0.01547	0.02191	0.01139	0.01519	0.00844	0.00632	0.00583	0.00198	0.00744	0.00519	0.00356	0.00753
32	0.01637	0.78856	0.03208	0.01047	0.01571	0.02422	0.01047	0.01833	0.01244	0.01440	0.00851	0.00982	0.00786	0.00524	0.00393	0.00131	0.00655	0.00327	0.00262	0.00786
33	0.00866	0.00626	0.00818	0.00770	0.00914	0.00578	0.00578	0.01155	0.01733	0.02455	0.74346	0.04572	0.05776	0.01251	0.00722	0.00193	0.00289	0.01107	0.00674	0.00578
34	0.02746	0.01042	0.01421	0.01089	0.01563	0.00900	0.00900	0.02983	0.01752	0.75093	0.02415	0.02083	0.01515	0.00758	0.00616	0.00189	0.00521	0.00616	0.00758	0.01042
35	0.01637	0.78856	0.03208	0.01047	0.01571	0.02422	0.01047	0.01833	0.01244	0.01440	0.00851	0.00982	0.00786	0.00524	0.00393	0.00131	0.00655	0.00327	0.00262	0.00786
36	0.01637	0.78856	0.03208	0.01047	0.01571	0.02422	0.01047	0.01833	0.01244	0.01440	0.00851	0.00982	0.00786	0.00524	0.00393	0.00131	0.00655	0.00327	0.00262	0.00786
37	0.01156	0.01088	0.01836	0.77016	0.04216	0.01360	0.01700	0.01564	0.01224	0.01564	0.01088	0.01632	0.00816	0.00612	0.00612	0.00204	0.00816	0.00544	0.00272	0.00680
38	0.01228	0.03166	0.75316	0.01745	0.02649	0.01422	0.02262	0.01939	0.01292	0.01939	0.01099	0.01292	0.00775	0.00582	0.00582	0.00194	0.00905	0.00452	0.00258	0.00905
39	0.01287	0.01773	0.18096	0.02092	0.02670	0.01368	0.43679	0.01786	0.01322	0.01850	0.01288	0.01724	0.01015	0.01330	0.15496	0.00357	0.01125	0.00653	0.00303	0.00787
40	0.00723	0.00620	0.00620	0.00620	0.00827	0.00517	0.00465	0.00878	0.01395	0.01654	0.06201	0.05891	0.74421	0.01550	0.00723	0.00207	0.00310	0.01292	0.00568	0.00517
41	0.00858	0.00709	0.00920	0.00952	0.01016	0.00772	0.00698	0.00980	0.01173	0.01564	0.03460	0.47904	0.18133	0.01675	0.01010	0.00244	0.15477	0.01410	0.00509	0.00535
42	0.02746	0.01042	0.01421	0.01089	0.01563	0.00900	0.00900	0.02983	0.01752	0.75093	0.02415	0.02083	0.01515	0.00758	0.00616	0.00189	0.00521	0.00616	0.00758	0.01042
43	0.01699	0.01476	0.01861	0.01535	0.01713	0.01883	0.01275	0.27411	0.01645	0.02342	0.01046	0.01387	0.00890	0.00949	0.01500	0.00237	0.49411	0.00541	0.00393	0.00805
44	0.00886	0.00608	0.00742	0.00742	0.00767	0.00634	0.00463	0.00938	0.00912	0.01242	0.01861	0.03631	0.02063	0.61184	0.20196	0.00685	0.00838	0.00835	0.00361	0.00412
45	0.01374	0.30170	0.49589	0.01496	0.02265	0.01779	0.01828	0.01901	0.01275	0.01761	0.01010	0.01182	0.00779	0.00561	0.00514	0.00171	0.00815	0.00408	0.00260	0.00862
46	0.01637	0.78856	0.03208	0.01047	0.01571	0.02422	0.01047	0.01833	0.01244	0.01440	0.00851	0.00982	0.00786	0.00524	0.00393	0.00131	0.00655	0.00327	0.00262	0.00786
47	0.02048	0.01357	0.01553	0.01168	0.01673	0.01314	0.00956	0.33416	0.02085	0.18114	0.01535	0.01529	0.01094	0.00642	0.00558	0.00153	0.00565	0.00499	0.00556	0.29185

[dist]
# distance from previous block
# <min> <max>
0	2

[block]
# block no. 2 follows, 37 sequences, length 17
# corresponding to MSA columns:
# 210-226
name=unknown_C
#
# <colnr> <probs for GDERKNQSTAVLIFYWHMCP>
#	G	D	E	R	K	N	Q	S	T	A	V	L	I	F	Y	W	H	M	C	P
0	0.74534	0.01238	0.00996	0.00867	0.01257	0.01427	0.00714	0.09084	0.01231	0.02861	0.00916	0.01043	0.00702	0.00585	0.00403	0.00189	0.00494	0.00354	0.00403	0.00702
1	0.01166	0.00979	0.01159	0.00896	0.01340	0.00753	0.00694	0.01405	0.01250	0.01909	0.01539	0.16414	0.01526	0.00742	0.00518	0.00122	0.00434	0.00634	0.00403	0.66117
2	0.01637	0.78856	0.03208	0.01047	0.01571	0.02422	0.01047	0.01833	0.01244	0.01440	0.00851	0.00982	0.00786	0.00524	0.00393	0.00131	0.00655	0.00327	0.00262	0.00786
3	0.01269	0.01088	0.01269	0.00907	0.01451	0.00816	0.00725	0.01541	0.01269	0.01995	0.01088	0.01269	0.00907	0.00453	0.00453	0.00091	0.00453	0.00363	0.00363	0.82229
4	0.82811	0.01184	0.00900	0.00805	0.01184	0.01373	0.00663	0.01799	0.01042	0.02746	0.00852	0.00994	0.00663	0.00568	0.00379	0.00189	0.00474	0.00331	0.00379	0.00663
5	0.00866	0.00626	0.00818	0.00770	0.00914	0.00578	0.00578	0.01155	0.01733	0.02455	0.74346	0.04572	0.05776	0.01251	0.00722	0.00193	0.00289	0.01107	0.00674	0.00578
6	0.01401	0.01160	0.01701	0.01242	0.01765	0.00946	0.14540	0.01708	0.01339	0.08305	0.01364	0.05835	0.01145	0.00576	0.00538	0.00131	0.00565	0.00533	0.00399	0.54810
7	0.01445	0.01651	0.03612	0.02580	0.03199	0.01548	0.72446	0.01961	0.01445	0.01961	0.01238	0.01651	0.00929	0.00516	0.00722	0.00206	0.01032	0.00722	0.00310	0.00826
8	0.82811	0.01184	0.00900	0.00805	0.01184	0.01373	0.00663	0.01799	0.01042	0.02746	0.00852	0.00994	0.00663	0.00568	0.00379	0.00189	0.00474	0.00331	0.00379	0.00663
9	0.82811	0.01184	0.00900	0.00805	0.01184	0.01373	0.00663	0.01799	0.01042	0.02746	0.00852	0.00994	0.00663	0.00568	0.00379	0.00189	0.00474	0.00331	0.00379	0.00663
10	0.82811	0.01184	0.00900	0.00805	0.01184	0.01373	0.00663	0.01799	0.01042	0.02746	0.00852	0.00994	0.00663	0.00568	0.00379	0.00189	0.00474	0.00331	0.00379	0.00663
11	0.01637	0.78856	0.03208	0.01047	0.01571	0.02422	0.01047	0.01833	0.01244	0.01440	0.00851	0.00982	0.00786	0.00524	0.00393	0.00131	0.00655	0.00327	0.00262	0.00786
12	0.82811	0.01184	0.00900	0.00805	0.01184	0.01373	0.00663	0.01799	0.01042	0.02746	0.00852	0.00994	0.00663	0.00568	0.00379	0.00189	0.00474	0.00331	0.00379	0.00663
13	0.02746	0.01042	0.01421	0.01089	0.01563	0.00900	0.00900	0.02983	0.01752	0.75093	0.02415	0.02083	0.01515	0.00758	0.00616	0.00189	0.00521	0.00616	0.00758	0.01042
14	0.02327	0.01715	0.01837	0.01408	0.01898	0.01898	0.01163	0.72628	0.02878	0.03858	0.01470	0.01470	0.01041	0.00735	0.00612	0.00184	0.00674	0.00551	0.00612	0.01041
15	0.82811	0.01184	0.00900	0.00805	0.01184	0.01373	0.00663	0.01799	0.01042	0.02746	0.00852	0.00994	0.00663	0.00568	0.00379	0.00189	0.00474	0.00331	0.00379	0.00663
16	0.02327	0.01715	0.01837	0.01408	0.01898	0.01898	0.01163	0.72628	0.02878	0.03858	0.01470	0.01470	0.01041	0.00735	0.00612	0.00184	0.00674	0.00551	0.00612	0.01041

[dist]
# distance from previous block
# <min> <max>
0	1

[block]
# block no. 3 follows, 37 sequences, length 20
# corresponding to MSA columns:
# 228-247
name=unknown_D
#
# <colnr> <probs for GDERKNQSTAVLIFYWHMCP>
#	G	D	E	R	K	N	Q	S	T	A	V	L	I	F	Y	W	H	M	C	P
0	0.02327	0.01715	0.01837	0.01408	0.01898	0.01898	0.01163	0.72628	0.02878	0.03858	0.01470	0.01470	0.01041	0.00735	0.00612	0.00184	0.00674	0.00551	0.00612	0.01041
1	0.00866	0.00626	0.00818	0.00770	0.00914	0.00578	0.00578	0.01155	0.01733	0.02455	0.74346	0.04572	0.05776	0.01251	0.00722	0.00193	0.00289	0.01107	0.00674	0.00578
2	0.82811	0.01184	0.00900	0.00805	0.01184	0.01373	0.00663	0.01799	0.01042	0.02746	0.00852	0.00994	0.00663	0.00568	0.00379	0.00189	0.00474	0.00331	0.00379	0.00663
3	0.01523	0.01315	0.01384	0.01246	0.01592	0.01523	0.00969	0.03253	0.73563	0.02561	0.02491	0.02284	0.01869	0.00830	0.00623	0.00208	0.00484	0.00692	0.00623	0.00969
4	0.82811	0.01184	0.00900	0.00805	0.01184	0.01373	0.00663	0.01799	0.01042	0.02746	0.00852	0.00994	0.00663	0.00568	0.00379	0.00189	0.00474	0.00331	0.00379	0.00663
5	0.02327	0.01715	0.01837	0.01408	0.01898	0.01898	0.01163	0.72628	0.02878	0.03858	0.01470	0.01470	0.01041	0.00735	0.00612	0.00184	0.00674	0.00551	0.00612	0.01041
6	0.01269	0.01088	0.01269	0.00907	0.01451	0.00816	0.00725	0.01541	0.01269	0.01995	0.01088	0.01269	0.00907	0.00453	0.00453	0.00091	0.00453	0.00363	0.00363	0.82229
7	0.01637	0.78856	0.03208	0.01047	0.01571	0.02422	0.01047	0.01833	0.01244	0.01440	0.00851	0.00982	0.00786	0.00524	0.00393	0.00131	0.00655	0.00327	0.00262	0.00786
8	0.00723	0.00620	0.00620	0.00620	0.00827	0.00517	0.00465	0.00878	0.01395	0.01654	0.06201	0.05891	0.74421	0.01550	0.00723	0.00207	0.00310	0.01292	0.00568	0.00517
9	0.00890	0.00593	0.00668	0.00668	0.00668	0.00593	0.00371	0.00890	0.00890	0.01187	0.01929	0.04006	0.02225	0.78487	0.03116	0.00593	0.00593	0.00890	0.00371	0.00371
10	0.01259	0.01289	0.02469	0.50475	0.03853	0.01427	0.26925	0.01705	0.01303	0.01705	0.01142	0.01639	0.00856	0.00578	0.00651	0.00205	0.00893	0.00608	0.00285	0.00732
11	0.01659	0.51239	0.02593	0.01131	0.01602	0.02131	0.01035	0.07763	0.21503	0.01941	0.01356	0.01382	0.01107	0.00626	0.00474	0.00156	0.00609	0.00446	0.00390	0.00857
12	0.01564	0.01262	0.01427	0.01046	0.01575	0.01117	0.00847	0.21327	0.01717	0.02513	0.01194	0.01325	0.00944	0.00532	0.00498	0.00117	0.00515	0.00415	0.00432	0.59632
13	0.30507	0.01268	0.01211	0.01089	0.01446	0.01469	0.00860	0.02735	0.47705	0.02627	0.01907	0.01824	0.01439	0.00737	0.00536	0.00201	0.00481	0.00563	0.00536	0.00860
14	0.08303	0.02273	0.01540	0.01330	0.01714	0.49255	0.01015	0.02143	0.01551	0.01734	0.00978	0.01141	0.00812	0.00577	0.00511	0.00142	0.00874	0.00381	0.00334	0.23395
15	0.24330	0.01284	0.01288	0.01121	0.01499	0.01451	0.00892	0.08247	0.41025	0.09605	0.01948	0.01842	0.01435	0.00743	0.00553	0.00199	0.00500	0.00573	0.00567	0.00896
16	0.13453	0.14533	0.30338	0.01342	0.01939	0.06078	0.01443	0.12419	0.01553	0.02286	0.08028	0.01526	0.01276	0.00660	0.00538	0.00179	0.00720	0.00488	0.00372	0.00828
17	0.02307	0.01189	0.01800	0.02040	0.27629	0.01097	0.01249	0.02589	0.01624	0.49031	0.01964	0.01881	0.01321	0.00682	0.00612	0.00187	0.00594	0.00591	0.00596	0.01016
18	0.18097	0.01039	0.01125	0.00865	0.01315	0.00896	0.00690	0.01537	0.01291	0.02219	0.11988	0.01706	0.01584	0.00596	0.00478	0.00126	0.00433	0.00467	0.00413	0.53133
19	0.07020	0.01239	0.01302	0.01155	0.01505	0.01390	0.00901	0.02870	0.57828	0.02522	0.07387	0.02279	0.01989	0.00813	0.00600	0.00196	0.00467	0.00671	0.00589	0.07277

[dist]
# distance from previous block
# <min> <max>
0	57

[block]
# block no. 4 follows, 37 sequences, length 18
# corresponding to MSA columns:
# 341-358
name=unknown_E
#
# <colnr> <probs for GDERKNQSTAVLIFYWHMCP>
#	G	D	E	R	K	N	Q	S	T	A	V	L	I	F	Y	W	H	M	C	P
0	0.24877	0.07158	0.01559	0.24455	0.02298	0.09381	0.01114	0.09334	0.01417	0.02166	0.01297	0.01527	0.04656	0.00647	0.00518	0.00180	0.00671	0.00479	0.00364	0.05903
1	0.17327	0.52473	0.02449	0.00971	0.01443	0.01970	0.00916	0.01759	0.01239	0.01805	0.05738	0.01245	0.01102	0.00575	0.00417	0.00143	0.00579	0.00383	0.00320	0.07148
2	0.23774	0.01365	0.01148	0.06002	0.01488	0.18502	0.00846	0.01757	0.03253	0.07151	0.04733	0.23639	0.01981	0.01024	0.00588	0.00201	0.00605	0.00829	0.00457	0.00659
3	0.29673	0.01394	0.01426	0.01138	0.01583	0.01519	0.00938	0.33204	0.04283	0.16947	0.01472	0.01451	0.01029	0.00686	0.00534	0.00187	0.00571	0.00493	0.00561	0.00911
4	0.01825	0.01293	0.01427	0.01228	0.01610	0.01431	0.00971	0.08652	0.53999	0.16813	0.02396	0.02181	0.01735	0.00809	0.00621	0.00202	0.00506	0.00666	0.00648	0.00989
5	0.01628	0.01300	0.01462	0.01077	0.01602	0.01183	0.00874	0.25647	0.01815	0.02626	0.01217	0.01337	0.00952	0.00549	0.00507	0.00122	0.00528	0.00427	0.00447	0.54698
6	0.01272	0.01079	0.01433	0.01256	0.01304	0.01433	0.01030	0.01457	0.01055	0.01747	0.01208	0.01659	0.01063	0.00950	0.01473	0.00225	0.51229	0.00548	0.27945	0.00636
7	0.00723	0.00620	0.00620	0.00620	0.00827	0.00517	0.00465	0.00878	0.01395	0.01654	0.06201	0.05891	0.74421	0.01550	0.00723	0.00207	0.00310	0.01292	0.00568	0.00517
8	0.01228	0.03166	0.75316	0.01745	0.02649	0.01422	0.02262	0.01939	0.01292	0.01939	0.01099	0.01292	0.00775	0.00582	0.00582	0.00194	0.00905	0.00452	0.00258	0.00905
9	0.00866	0.00626	0.00818	0.00770	0.00914	0.00578	0.00578	0.01155	0.01733	0.02455	0.74346	0.04572	0.05776	0.01251	0.00722	0.00193	0.00289	0.01107	0.00674	0.00578
10	0.01300	0.01063	0.01137	0.01038	0.01274	0.01184	0.00758	0.02395	0.46532	0.02076	0.02254	0.02834	0.01958	0.27152	0.01463	0.00335	0.00520	0.00748	0.00529	0.03450
11	0.02270	0.01689	0.01659	0.01304	0.01769	0.13641	0.01054	0.37374	0.02247	0.18077	0.01531	0.01512	0.01081	0.00686	0.00582	0.00168	0.00683	0.00514	0.00562	0.11596
12	0.01781	0.01869	0.01585	0.01546	0.07149	0.26783	0.01109	0.02876	0.43819	0.02158	0.01867	0.01826	0.01435	0.00741	0.00598	0.00189	0.00713	0.00580	0.00495	0.00881
13	0.01480	0.02062	0.26481	0.01440	0.01973	0.07050	0.01423	0.02747	0.43694	0.02270	0.01904	0.01860	0.01417	0.00731	0.00604	0.00199	0.00673	0.00589	0.00476	0.00928
14	0.01789	0.01209	0.01390	0.01066	0.01521	0.01140	0.00864	0.24961	0.01924	0.15075	0.07360	0.02129	0.07922	0.00754	0.00577	0.00156	0.00512	0.00605	0.00553	0.28491
15	0.29366	0.00957	0.00968	0.00836	0.01163	0.00996	0.00672	0.02099	0.06059	0.22385	0.01755	0.01790	0.01266	0.00684	0.00475	0.00176	0.00427	0.00510	0.26661	0.00757
16	0.01269	0.01088	0.01269	0.00907	0.01451	0.00816	0.00725	0.01541	0.01269	0.01995	0.01088	0.01269	0.00907	0.00453	0.00453	0.00091	0.00453	0.00363	0.00363	0.82229
17	0.00866	0.00622	0.00843	0.00963	0.01062	0.00600	0.00757	0.01070	0.01337	0.01768	0.09687	0.36633	0.06312	0.01743	0.00803	0.00257	0.00443	0.33123	0.00575	0.00535

[dist]
# distance from previous block
# <min> <max>
2	5

[block]
# block no. 5 follows, 37 sequences, length 19
# corresponding to MSA columns:
# 364-382
name=unknown_F
#
# <colnr> <probs for GDERKNQSTAVLIFYWHMCP>
#	G	D	E	R	K	N	Q	S	T	A	V	L	I	F	Y	W	H	M	C	P
0	0.82811	0.01184	0.00900	0.00805	0.01184	0.01373	0.00663	0.01799	0.01042	0.02746	0.00852	0.00994	0.00663	0.00568	0.00379	0.00189	0.00474	0.00331	0.00379	0.00663
1	0.00746	0.00533	0.00710	0.00852	0.00888	0.00497	0.00568	0.00852	0.01172	0.01563	0.03374	0.78088	0.04049	0.01918	0.00781	0.00249	0.00355	0.01740	0.00568	0.00497
2	0.01260	0.01270	0.02554	0.01994	0.02421	0.01208	0.43643	0.01682	0.01430	0.01909	0.02046	0.03769	0.01974	0.00990	0.00772	0.00237	0.00843	0.28867	0.00412	0.00720
3	0.00866	0.00626	0.00818	0.00770	0.00914	0.00578	0.00578	0.01155	0.01733	0.02455	0.74346	0.04572	0.05776	0.01251	0.00722	0.00193	0.00289	0.01107	0.00674	0.00578
4	0.01156	0.01088	0.01836	0.77016	0.04216	0.01360	0.01700	0.01564	0.01224	0.01564	0.01088	0.01632	0.00816	0.00612	0.00612	0.00204	0.00816	0.00544	0.00272	0.00680
5	0.01156	0.01088	0.01836	0.77016	0.04216	0.01360	0.01700	0.01564	0.01224	0.01564	0.01088	0.01632	0.00816	0.00612	0.00612	0.00204	0.00816	0.00544	0.00272	0.00680
6	0.25042	0.01565	0.01572	0.01238	0.01697	0.01750	0.01022	0.52638	0.02360	0.03544	0.01295	0.01336	0.00934	0.00688	0.00546	0.00185	0.00617	0.00489	0.00546	0.00934
7	0.02327	0.01715	0.01837	0.01408	0.01898	0.01898	0.01163	0.72628	0.02878	0.03858	0.01470	0.01470	0.01041	0.00735	0.00612	0.00184	0.00674	0.00551	0.00612	0.01041
8	0.01521	0.57494	0.23559	0.01244	0.01875	0.02140	0.01390	0.01863	0.01257	0.01581	0.00921	0.01070	0.00783	0.00540	0.00446	0.00149	0.00725	0.00363	0.00261	0.00819
9	0.01269	0.01088	0.01269	0.00907	0.01451	0.00816	0.00725	0.01541	0.01269	0.01995	0.01088	0.01269	0.00907	0.00453	0.00453	0.00091	0.00453	0.00363	0.00363	0.82229
10	0.02298	0.02578	0.01764	0.01529	0.01894	0.55107	0.01177	0.22253	0.02057	0.02164	0.01094	0.01207	0.00860	0.00660	0.00569	0.00165	0.00982	0.00439	0.00399	0.00803
11	0.00745	0.00537	0.00706	0.00841	0.00885	0.00498	0.00563	0.00854	0.01183	0.01567	0.03508	0.74666	0.07384	0.01900	0.00779	0.00247	0.00353	0.01719	0.00568	0.00498
12	0.00913	0.00760	0.01039	0.01065	0.01091	0.00886	0.00786	0.01028	0.01106	0.01537	0.02648	0.56427	0.03133	0.01679	0.01128	0.00254	0.22091	0.01400	0.00483	0.00546
13	0.02379	0.01214	0.02039	0.01510	0.02025	0.01083	0.21092	0.02695	0.01665	0.54453	0.02083	0.01961	0.01350	0.00689	0.00646	0.00194	0.00665	0.00646	0.00631	0.00981
14	0.01786	0.01362	0.01444	0.01168	0.01562	0.01467	0.00945	0.44733	0.10249	0.03093	0.02918	0.02807	0.21842	0.00976	0.00645	0.00193	0.00550	0.00776	0.00601	0.00885
15	0.23907	0.00716	0.00764	0.00839	0.00971	0.00744	0.00595	0.01120	0.01135	0.01897	0.02662	0.56330	0.03093	0.01537	0.00668	0.00232	0.00389	0.01343	0.00515	0.00544
16	0.01332	0.01221	0.02014	0.02914	0.53853	0.01207	0.01511	0.01674	0.01489	0.02128	0.21809	0.02378	0.02326	0.00745	0.00639	0.00185	0.00603	0.00704	0.00408	0.00859
17	0.02386	0.01143	0.01425	0.01145	0.01583	0.01112	0.00929	0.05586	0.22060	0.52037	0.02402	0.02118	0.01598	0.00777	0.00618	0.00194	0.00516	0.00635	0.00714	0.01021
18	0.03883	0.02739	0.59274	0.01609	0.02413	0.01373	0.01969	0.04208	0.03808	0.11121	0.01312	0.01420	0.00908	0.00616	0.00582	0.00193	0.00823	0.00480	0.00347	0.00921

[dist]
# distance from previous block
# <min> <max>
0	15

[block]
# block no. 6 follows, 37 sequences, length 8
# corresponding to MSA columns:
# 401-408
name=unknown_G
#
# <colnr> <probs for GDERKNQSTAVLIFYWHMCP>
#	G	D	E	R	K	N	Q	S	T	A	V	L	I	F	Y	W	H	M	C	P
0	0.59341	0.01564	0.01154	0.01013	0.01391	0.15430	0.00812	0.09284	0.01363	0.02628	0.00934	0.01064	0.00726	0.00597	0.00436	0.00183	0.00613	0.00366	0.00391	0.00711
1	0.22393	0.01400	0.01448	0.01177	0.01607	0.01542	0.00959	0.30343	0.16726	0.13878	0.01664	0.01608	0.01186	0.00716	0.00556	0.00191	0.00562	0.00534	0.00578	0.00932
2	0.02295	0.02671	0.01756	0.01542	0.01894	0.60849	0.01179	0.16817	0.01969	0.01981	0.01053	0.01179	0.00840	0.00652	0.00564	0.00163	0.01016	0.00426	0.00376	0.00777
3	0.01515	0.01454	0.02485	0.03757	0.74669	0.01454	0.01879	0.01879	0.01394	0.02000	0.01151	0.01515	0.00970	0.00545	0.00606	0.00182	0.00727	0.00545	0.00303	0.00970
4	0.01156	0.01088	0.01836	0.77016	0.04216	0.01360	0.01700	0.01564	0.01224	0.01564	0.01088	0.01632	0.00816	0.00612	0.00612	0.00204	0.00816	0.00544	0.00272	0.00680
5	0.01063	0.00532	0.00797	0.00797	0.00797	0.00532	0.00532	0.00797	0.00797	0.01063	0.01063	0.01861	0.01063	0.02127	0.02392	0.82190	0.00532	0.00532	0.00266	0.00266
6	0.02327	0.01715	0.01837	0.01408	0.01898	0.01898	0.01163	0.72628	0.02878	0.03858	0.01470	0.01470	0.01041	0.00735	0.00612	0.00184	0.00674	0.00551	0.00612	0.01041
7	0.02746	0.01042	0.01421	0.01089	0.01563	0.00900	0.00900	0.02983	0.01752	0.75093	0.02415	0.02083	0.01515	0.00758	0.00616	0.00189	0.00521	0.00616	0.00758	0.01042

[dist]
# distance from previous block
# <min> <max>
6	9

[block]
# block no. 7 follows, 37 sequences, length 11
# corresponding to MSA columns:
# 418-428
name=unknown_H
#
# <colnr> <probs for GDERKNQSTAVLIFYWHMCP>
#	G	D	E	R	K	N	Q	S	T	A	V	L	I	F	Y	W	H	M	C	P
0	0.01637	0.78856	0.03208	0.01047	0.01571	0.02422	0.01047	0.01833	0.01244	0.01440	0.00851	0.00982	0.00786	0.00524	0.00393	0.00131	0.00655	0.00327	0.00262	0.00786
1	0.02003	0.01523	0.01663	0.01255	0.01761	0.01567	0.01029	0.50857	0.02385	0.03287	0.01353	0.01408	0.01000	0.00649	0.00564	0.00155	0.00606	0.00493	0.00536	0.25906
2	0.01269	0.01088	0.01269	0.00907	0.01451	0.00816	0.00725	0.01541	0.01269	0.01995	0.01088	0.01269	0.00907	0.00453	0.00453	0.00091	0.00453	0.00363	0.00363	0.82229
3	0.01299	0.13407	0.42275	0.01388	0.02127	0.01380	0.01617	0.01802	0.01278	0.01884	0.01060	0.01241	0.00817	0.00534	0.00515	0.00153	0.00730	0.00407	0.00291	0.25794
4	0.01303	0.24905	0.02256	0.53750	0.03406	0.01685	0.01500	0.01646	0.01230	0.01526	0.01015	0.01433	0.00807	0.00585	0.00545	0.00182	0.00767	0.00478	0.00269	0.00712
5	0.00895	0.00725	0.01073	0.24151	0.01910	0.00778	0.00912	0.01132	0.01311	0.01747	0.17070	0.36605	0.06611	0.01367	0.00715	0.00222	0.00481	0.01226	0.00499	0.00570
6	0.00980	0.00624	0.00837	0.00912	0.00992	0.00603	0.00644	0.01105	0.01221	0.08749	0.03127	0.61976	0.03591	0.04225	0.00891	0.00256	0.03407	0.04734	0.00568	0.00556
7	0.00776	0.00572	0.00734	0.00851	0.00931	0.00530	0.00610	0.00916	0.01244	0.01617	0.03843	0.55509	0.16117	0.01822	0.00780	0.00246	0.00377	0.11446	0.00568	0.00510
8	0.01659	0.34065	0.22874	0.01337	0.01944	0.01947	0.01404	0.17087	0.08337	0.02199	0.01205	0.01294	0.00938	0.00613	0.00514	0.00167	0.00713	0.00444	0.00369	0.00890
9	0.01463	0.01363	0.02123	0.02916	0.52258	0.01325	0.01548	0.01935	0.08084	0.02051	0.01263	0.01534	0.01040	0.00552	0.00575	0.00165	0.00646	0.00520	0.00345	0.18293
10	0.02178	0.01413	0.02195	0.01635	0.02150	0.01384	0.22882	0.20353	0.05639	0.30890	0.01819	0.01806	0.01234	0.00682	0.00648	0.00194	0.00714	0.00636	0.00577	0.00972

[dist]
# distance from previous block
# <min> <max>
0	25

[block]
# block no. 8 follows, 37 sequences, length 16
# corresponding to MSA columns:
# 454-469
name=unknown_I
#
# <colnr> <probs for GDERKNQSTAVLIFYWHMCP>
#	G	D	E	R	K	N	Q	S	T	A	V	L	I	F	Y	W	H	M	C	P
0	0.51029	0.01168	0.01150	0.01028	0.01279	0.01417	0.00836	0.03936	0.01091	0.02338	0.01139	0.09608	0.01084	0.00847	0.00833	0.00215	0.19421	0.00545	0.00380	0.00659
1	0.01038	0.00972	0.01802	0.01496	0.01746	0.00976	0.24736	0.01313	0.01204	0.01654	0.02091	0.29123	0.02199	0.02132	0.21020	0.00433	0.03973	0.01060	0.00405	0.00627
2	0.00986	0.00609	0.00809	0.00880	0.00983	0.00553	0.00611	0.01113	0.01240	0.09698	0.03184	0.66875	0.03654	0.01736	0.00751	0.00236	0.00377	0.01565	0.00582	0.03558
3	0.07357	0.01521	0.09627	0.01243	0.01720	0.01376	0.01099	0.28622	0.08153	0.18046	0.01811	0.08202	0.01407	0.00803	0.00599	0.00188	0.00595	0.00641	0.00568	0.06422
4	0.01254	0.01830	0.27698	0.01206	0.01878	0.01032	0.01274	0.01683	0.01278	0.01975	0.01092	0.01278	0.00860	0.00499	0.00499	0.00127	0.00614	0.00395	0.00325	0.53203
5	0.01412	0.10550	0.21242	0.02205	0.02884	0.01613	0.47262	0.01941	0.01385	0.01898	0.01161	0.01489	0.00875	0.00533	0.00651	0.00195	0.00959	0.00612	0.00292	0.00841
6	0.01063	0.00532	0.00797	0.00797	0.00797	0.00532	0.00532	0.00797	0.00797	0.01063	0.01063	0.01861	0.01063	0.02127	0.02392	0.82190	0.00532	0.00532	0.00266	0.00266
7	0.01606	0.03077	0.49054	0.01685	0.02379	0.28050	0.01877	0.02119	0.01450	0.01781	0.01044	0.01225	0.00780	0.00599	0.00571	0.00181	0.00976	0.00432	0.00279	0.00835
8	0.01099	0.02260	0.48726	0.01397	0.02030	0.01120	0.01661	0.01659	0.01450	0.02123	0.27242	0.02463	0.02560	0.00821	0.00632	0.00193	0.00685	0.00686	0.00407	0.00788
9	0.01322	0.14033	0.37850	0.01362	0.02066	0.01407	0.01544	0.01897	0.06183	0.01921	0.01152	0.01305	0.00889	0.00553	0.00518	0.00155	0.00707	0.00424	0.00314	0.24398
10	0.01491	0.51841	0.28944	0.01296	0.01956	0.02065	0.01481	0.01871	0.01261	0.01618	0.00939	0.01093	0.00782	0.00544	0.00460	0.00153	0.00744	0.00372	0.00261	0.00828
11	0.01491	0.51841	0.28944	0.01296	0.01956	0.02065	0.01481	0.01871	0.01261	0.01618	0.00939	0.01093	0.00782	0.00544	0.00460	0.00153	0.00744	0.00372	0.00261	0.00828
12	0.25723	0.28861	0.01836	0.00950	0.01395	0.01598	0.00836	0.01871	0.06848	0.04078	0.05559	0.01388	0.01180	0.00599	0.00444	0.00152	0.00525	0.00419	0.00381	0.15356
13	0.31223	0.01503	0.01625	0.01301	0.01723	0.07911	0.09142	0.18456	0.04502	0.11918	0.01308	0.01392	0.00953	0.00661	0.00594	0.00191	0.03799	0.00491	0.00472	0.00833
14	0.09364	0.01477	0.02733	0.02014	0.02506	0.01482	0.43674	0.05421	0.01449	0.08711	0.03189	0.01650	0.01075	0.00635	0.00814	0.00206	0.09613	0.00646	0.00378	0.02965
15	0.03849	0.01618	0.03150	0.02312	0.02818	0.03758	0.55610	0.01953	0.04199	0.01926	0.01207	0.01598	0.00936	0.00610	0.00882	0.00213	0.11567	0.00674	0.00318	0.00801

[dist]
# distance from previous block
# <min> <max>
2	32

[block]
# block no. 9 follows, 37 sequences, length 23
# corresponding to MSA columns:
# 502-524
name=unknown_J
#
# <colnr> <probs for GDERKNQSTAVLIFYWHMCP>
#	G	D	E	R	K	N	Q	S	T	A	V	L	I	F	Y	W	H	M	C	P
0	0.06693	0.18627	0.01966	0.01200	0.01685	0.01581	0.03796	0.19942	0.07087	0.23059	0.01600	0.01559	0.01142	0.00662	0.00544	0.00170	0.00599	0.00510	0.00532	0.07046
1	0.16442	0.01332	0.01462	0.01182	0.01597	0.01433	0.00971	0.29211	0.08777	0.21276	0.03851	0.01917	0.01399	0.00782	0.00624	0.00195	0.02707	0.03316	0.00599	0.00925
2	0.27837	0.01061	0.01063	0.00936	0.01270	0.02940	0.00728	0.03588	0.07899	0.09297	0.03851	0.18585	0.01813	0.00915	0.00548	0.00185	0.00465	0.00741	0.00490	0.15789
3	0.04017	0.01512	0.01369	0.01223	0.01510	0.24014	0.03701	0.02110	0.06717	0.19277	0.06042	0.21660	0.02161	0.01038	0.00643	0.00197	0.00661	0.00869	0.00530	0.00748
4	0.01350	0.01360	0.02170	0.01692	0.01966	0.01558	0.18807	0.01609	0.01137	0.01710	0.00975	0.01401	0.00858	0.00796	0.01343	0.00213	0.41306	0.00543	0.00299	0.18906
5	0.01445	0.01651	0.03612	0.02580	0.03199	0.01548	0.72446	0.01961	0.01445	0.01961	0.01238	0.01651	0.00929	0.00516	0.00722	0.00206	0.01032	0.00722	0.00310	0.00826
6	0.01306	0.01060	0.01224	0.00915	0.01408	0.00849	0.00728	0.01685	0.07206	0.05390	0.01751	0.01830	0.08014	0.00603	0.00500	0.00116	0.00445	0.00490	0.00422	0.64059
7	0.00890	0.00593	0.00668	0.00668	0.00668	0.00593	0.00371	0.00890	0.00890	0.01187	0.01929	0.04006	0.02225	0.78487	0.03116	0.00593	0.00593	0.00890	0.00371	0.00371
8	0.02644	0.01460	0.01491	0.01198	0.01636	0.17663	0.00963	0.02863	0.01748	0.58672	0.02087	0.01865	0.01353	0.00729	0.00601	0.00182	0.00651	0.00566	0.00659	0.00968
9	0.01156	0.01088	0.01836	0.77016	0.04216	0.01360	0.01700	0.01564	0.01224	0.01564	0.01088	0.01632	0.00816	0.00612	0.00612	0.00204	0.00816	0.00544	0.00272	0.00680
10	0.02327	0.01715	0.01837	0.01408	0.01898	0.01898	0.01163	0.72628	0.02878	0.03858	0.01470	0.01470	0.01041	0.00735	0.00612	0.00184	0.00674	0.00551	0.00612	0.01041
11	0.82811	0.01184	0.00900	0.00805	0.01184	0.01373	0.00663	0.01799	0.01042	0.02746	0.00852	0.00994	0.00663	0.00568	0.00379	0.00189	0.00474	0.00331	0.00379	0.00663
12	0.01156	0.01088	0.01836	0.77016	0.04216	0.01360	0.01700	0.01564	0.01224	0.01564	0.01088	0.01632	0.00816	0.00612	0.00612	0.00204	0.00816	0.00544	0.00272	0.00680
13	0.00746	0.00533	0.00710	0.00852	0.00888	0.00497	0.00568	0.00852	0.01172	0.01563	0.03374	0.78088	0.04049	0.01918	0.00781	0.00249	0.00355	0.01740	0.00568	0.00497
14	0.02327	0.01715	0.01837	0.01408	0.01898	0.01898	0.01163	0.72628	0.02878	0.03858	0.01470	0.01470	0.01041	0.00735	0.00612	0.00184	0.00674	0.00551	0.00612	0.01041
15	0.00986	0.00705	0.00986	0.01127	0.01268	0.00705	0.00986	0.01268	0.01409	0.01832	0.03241	0.06905	0.03523	0.01691	0.00845	0.00282	0.00564	0.70549	0.00564	0.00564
16	0.01445	0.01651	0.03612	0.02580	0.03199	0.01548	0.72446	0.01961	0.01445	0.01961	0.01238	0.01651	0.00929	0.00516	0.00722	0.00206	0.01032	0.00722	0.00310	0.00826
17	0.00890	0.00593	0.00668	0.00668	0.00668	0.00593	0.00371	0.00890	0.00890	0.01187	0.01929	0.04006	0.02225	0.78487	0.03116	0.00593	0.00593	0.00890	0.00371	0.00371
18	0.00746	0.00533	0.00710	0.00852	0.00888	0.00497	0.00568	0.00852	0.01172	0.01563	0.03374	0.78088	0.04049	0.01918	0.00781	0.00249	0.00355	0.01740	0.00568	0.00497
19	0.82811	0.01184	0.00900	0.00805	0.01184	0.01373	0.00663	0.01799	0.01042	0.02746	0.00852	0.00994	0.00663	0.00568	0.00379	0.00189	0.00474	0.00331	0.00379	0.00663
20	0.06196	0.57055	0.02645	0.01025	0.01511	0.02003	0.00975	0.01987	0.01346	0.13995	0.05293	0.01373	0.01186	0.00607	0.00448	0.00147	0.00601	0.00420	0.00375	0.00810
21	0.64608	0.01626	0.17503	0.01015	0.01511	0.01384	0.01020	0.01830	0.01098	0.02566	0.00907	0.01061	0.00688	0.00571	0.00424	0.00190	0.00570	0.00358	0.00352	0.00717
22	0.02176	0.02064	0.01584	0.01389	0.01738	0.39016	0.01073	0.02730	0.19034	0.18174	0.01642	0.01614	0.01212	0.00721	0.00628	0.00180	0.03174	0.00520	0.00487	0.00845

[dist]
# distance from previous block
# <min> <max>
0	2

[block]
# block no. 10 follows, 37 sequences, length 15
# corresponding to MSA columns:
# 528-542
name=unknown_K
#
# <colnr> <probs for GDERKNQSTAVLIFYWHMCP>
#	G	D	E	R	K	N	Q	S	T	A	V	L	I	F	Y	W	H	M	C	P
0	0.82811	0.01184	0.00900	0.00805	0.01184	0.01373	0.00663	0.01799	0.01042	0.02746	0.00852	0.00994	0.00663	0.00568	0.00379	0.00189	0.00474	0.00331	0.00379	0.00663
1	0.00876	0.00651	0.00960	0.00960	0.01061	0.00752	0.00735	0.01078	0.00977	0.01403	0.01662	0.02527	0.01583	0.10227	0.70498	0.00954	0.01560	0.00674	0.00331	0.00533
2	0.01422	0.01360	0.02317	0.22720	0.56433	0.01430	0.01832	0.01797	0.01350	0.01887	0.01135	0.01545	0.00930	0.00563	0.00608	0.00188	0.00750	0.00545	0.00295	0.00895
3	0.01063	0.00532	0.00797	0.00797	0.00797	0.00532	0.00532	0.00797	0.00797	0.01063	0.01063	0.01861	0.01063	0.02127	0.02392	0.82190	0.00532	0.00532	0.00266	0.00266
4	0.00952	0.00693	0.00938	0.01061	0.01210	0.00680	0.00918	0.01217	0.01407	0.01808	0.03630	0.06771	0.12851	0.01672	0.00829	0.00272	0.00530	0.61437	0.00564	0.00557
5	0.01343	0.24499	0.54993	0.01548	0.02345	0.01704	0.01919	0.01909	0.01279	0.01798	0.01029	0.01205	0.00778	0.00565	0.00528	0.00176	0.00834	0.00417	0.00259	0.00871
6	0.02746	0.01042	0.01421	0.01089	0.01563	0.00900	0.00900	0.02983	0.01752	0.75093	0.02415	0.02083	0.01515	0.00758	0.00616	0.00189	0.00521	0.00616	0.00758	0.01042
7	0.02746	0.01042	0.01421	0.01089	0.01563	0.00900	0.00900	0.02983	0.01752	0.75093	0.02415	0.02083	0.01515	0.00758	0.00616	0.00189	0.00521	0.00616	0.00758	0.01042
8	0.01228	0.03166	0.75316	0.01745	0.02649	0.01422	0.02262	0.01939	0.01292	0.01939	0.01099	0.01292	0.00775	0.00582	0.00582	0.00194	0.00905	0.00452	0.00258	0.00905
9	0.01515	0.01454	0.02485	0.03757	0.74669	0.01454	0.01879	0.01879	0.01394	0.02000	0.01151	0.01515	0.00970	0.00545	0.00606	0.00182	0.00727	0.00545	0.00303	0.00970
10	0.01264	0.00664	0.00894	0.00914	0.01063	0.00601	0.00654	0.01404	0.01322	0.20595	0.03126	0.58415	0.03393	0.01617	0.00738	0.00233	0.00398	0.01449	0.00617	0.00638
11	0.01777	0.01480	0.02968	0.02151	0.02705	0.01395	0.50765	0.02204	0.01502	0.20869	0.01524	0.01749	0.01075	0.00603	0.00752	0.00205	0.04294	0.00686	0.00424	0.00875
12	0.01931	0.01610	0.02209	0.01723	0.02101	0.12942	0.21201	0.05557	0.03590	0.20814	0.01445	0.01617	0.01062	0.00743	0.00956	0.00208	0.18417	0.00592	0.00440	0.00842
13	0.01768	0.01523	0.02767	0.02029	0.02560	0.04657	0.44103	0.05738	0.01565	0.17212	0.01523	0.03835	0.01133	0.00636	0.00718	0.00199	0.03180	0.00687	0.00426	0.03739
14	0.01704	0.01494	0.02177	0.01654	0.02125	0.07436	0.24330	0.05327	0.12351	0.12215	0.01518	0.01660	0.01132	0.00641	0.00709	0.00181	0.05881	0.00587	0.00440	0.16437

[dist]
# distance from previous block
# <min> <max>
4	57

[block]
# block no. 11 follows, 37 sequences, length 26
# corresponding to MSA columns:
# 611-628,630-637
name=unknown_L
#
# <colnr> <probs for GDERKNQSTAVLIFYWHMCP>
#	G	D	E	R	K	N	Q	S	T	A	V	L	I	F	Y	W	H	M	C	P
0	0.27445	0.01262	0.04059	0.03913	0.01607	0.01358	0.03224	0.08162	0.07640	0.10828	0.01358	0.01555	0.01050	0.01173	0.09775	0.00294	0.10806	0.00507	0.00433	0.03551
1	0.01804	0.04254	0.01907	0.13261	0.02203	0.03955	0.05810	0.24910	0.04085	0.08871	0.01318	0.01517	0.00995	0.00735	0.00855	0.00195	0.14846	0.00540	0.00447	0.07492
2	0.27862	0.01211	0.01462	0.01203	0.01562	0.03072	0.10028	0.11056	0.01442	0.08250	0.01596	0.14834	0.01465	0.00992	0.03350	0.00225	0.03162	0.00703	0.00456	0.06068
3	0.11256	0.01387	0.02442	0.01781	0.02321	0.01291	0.38133	0.04213	0.01426	0.07072	0.01504	0.01735	0.04721	0.00586	0.00615	0.00179	0.00762	0.00618	0.00383	0.17575
4	0.14401	0.02017	0.01788	0.01494	0.01878	0.32622	0.10647	0.12323	0.06359	0.04728	0.01322	0.05288	0.01087	0.00704	0.00576	0.00182	0.00837	0.00548	0.00415	0.00783
5	0.24675	0.01781	0.02068	0.01611	0.02073	0.16087	0.21671	0.18594	0.01724	0.02537	0.01127	0.01317	0.00853	0.00604	0.00567	0.00187	0.00805	0.00508	0.00401	0.00808
6	0.02024	0.01028	0.01282	0.01072	0.01402	0.00998	0.00858	0.15501	0.01741	0.35518	0.02267	0.03097	0.01878	0.16386	0.01149	0.00283	0.00571	0.11489	0.00623	0.00834
7	0.00880	0.00634	0.00871	0.00871	0.00942	0.00704	0.00625	0.01021	0.00950	0.01338	0.01742	0.02974	0.01778	0.30870	0.50121	0.00845	0.01268	0.00739	0.00343	0.00484
8	0.02045	0.01645	0.01669	0.01363	0.01787	0.06751	0.01102	0.45379	0.23068	0.03253	0.01792	0.01875	0.01351	0.00790	0.00620	0.00192	0.00644	0.03100	0.00594	0.00981
