[name]
unknown

[dist]
# distance from previous block
# <min> <max>
0	3

[block]
# block no. 0 follows, 44 sequences, length 41
# corresponding to MSA columns:
# 8-48
name=unknown_A
#
# <colnr> <probs for GDERKNQSTAVLIFYWHMCP>
#	G	D	E	R	K	N	Q	S	T	A	V	L	I	F	Y	W	H	M	C	P
0	0.01619	0.01789	0.01251	0.01165	0.01387	0.45069	0.00875	0.01781	0.01538	0.01725	0.20426	0.02343	0.02144	0.00833	0.00576	0.00172	0.00721	0.05539	0.08419	0.00629
1	0.01745	0.01437	0.01445	0.01232	0.01586	0.06740	0.00967	0.26223	0.44887	0.04412	0.01906	0.01840	0.01430	0.00757	0.00586	0.00191	0.00556	0.00584	0.00564	0.00913
2	0.00762	0.00545	0.00702	0.00823	0.00863	0.00501	0.00548	0.00831	0.01102	0.01479	0.03067	0.79459	0.03652	0.01752	0.00732	0.00237	0.00350	0.01564	0.00534	0.00493
3	0.77659	0.01108	0.00902	0.00800	0.01147	0.01240	0.00646	0.01738	0.01034	0.07935	0.00954	0.01086	0.00735	0.00580	0.00394	0.00185	0.00457	0.00345	0.00392	0.00662
4	0.01222	0.01033	0.01193	0.00871	0.01357	0.00781	0.00686	0.01436	0.01188	0.01858	0.01061	0.01258	0.00895	0.00467	0.00445	0.00099	0.00436	0.00355	0.00354	0.83007
5	0.01437	0.01354	0.02260	0.03373	0.76399	0.01341	0.01698	0.01732	0.01297	0.01863	0.01117	0.01473	0.00950	0.00547	0.00579	0.00179	0.00676	0.00515	0.00302	0.00907
6	0.01411	0.01511	0.10020	0.03189	0.68713	0.01338	0.01733	0.01738	0.01288	0.01857	0.01112	0.01453	0.00932	0.00551	0.00576	0.00180	0.00693	0.00506	0.00298	0.00901
7	0.01544	0.80068	0.02894	0.00994	0.01463	0.02191	0.00969	0.01692	0.01165	0.01372	0.00853	0.01005	0.00788	0.00528	0.00391	0.00134	0.00613	0.00323	0.00266	0.00746
8	0.83569	0.01117	0.00869	0.00782	0.01123	0.01270	0.00631	0.01663	0.00988	0.02518	0.00854	0.01016	0.00681	0.00568	0.00379	0.00185	0.00454	0.00327	0.00368	0.00638
9	0.12441	0.01770	0.01566	0.01279	0.01670	0.19383	0.01019	0.48478	0.02162	0.02887	0.01220	0.01306	0.00919	0.00674	0.00546	0.00176	0.00695	0.00463	0.00486	0.00860
10	0.01222	0.01033	0.01193	0.00871	0.01357	0.00781	0.00686	0.01436	0.01188	0.01858	0.01061	0.01258	0.00895	0.00467	0.00445	0.00099	0.00436	0.00355	0.00354	0.83007
11	0.02115	0.02639	0.01601	0.01459	0.01745	0.77574	0.01088	0.02229	0.01596	0.01423	0.00936	0.01113	0.00791	0.00622	0.00531	0.00158	0.01007	0.00382	0.00313	0.00679
12	0.01158	0.00654	0.00788	0.00698	0.00931	0.00565	0.00543	0.01346	0.01405	0.22036	0.23104	0.04038	0.38370	0.01124	0.00618	0.00177	0.00321	0.00947	0.00575	0.00599
13	0.01227	0.31527	0.50477	0.01326	0.02008	0.01593	0.01618	0.01692	0.01135	0.01564	0.00898	0.01050	0.00694	0.00499	0.00456	0.00152	0.00724	0.00362	0.00231	0.00767
14	0.00793	0.00529	0.00595	0.00595	0.00595	0.00529	0.00330	0.00793	0.00793	0.01057	0.01718	0.03568	0.01982	0.80840	0.02775	0.00529	0.00529	0.00793	0.00330	0.00330
15	0.00792	0.00531	0.00605	0.00605	0.00609	0.00534	0.00344	0.00800	0.00796	0.01065	0.01708	0.03514	0.01959	0.77960	0.05624	0.00542	0.00564	0.00785	0.00329	0.00336
16	0.01468	0.01624	0.02227	0.01731	0.02132	0.18422	0.35056	0.02148	0.22506	0.01789	0.01344	0.01511	0.01031	0.00581	0.00631	0.00177	0.03960	0.00565	0.00354	0.00743
17	0.02172	0.01367	0.01537	0.01178	0.01611	0.01453	0.00974	0.56145	0.02296	0.23291	0.01534	0.01455	0.01040	0.00660	0.00546	0.00165	0.00564	0.00506	0.00580	0.00927
18	0.01247	0.00990	0.01160	0.00836	0.01315	0.00772	0.00672	0.04590	0.01216	0.06280	0.01052	0.01180	0.00844	0.00430	0.00418	0.00089	0.00416	0.00343	0.00353	0.75796
19	0.01093	0.02820	0.78016	0.01554	0.02360	0.01266	0.02014	0.01727	0.01151	0.01727	0.00978	0.01151	0.00691	0.00518	0.00518	0.00173	0.00806	0.00403	0.00230	0.00806
20	0.01645	0.01315	0.01396	0.01168	0.01528	0.01491	0.00933	0.32272	0.46608	0.02747	0.01851	0.01741	0.01366	0.00705	0.00551	0.00176	0.00500	0.00566	0.00551	0.00889
21	0.00664	0.00474	0.00633	0.00759	0.00791	0.00443	0.00506	0.00759	0.01044	0.01392	0.03005	0.80485	0.03606	0.01708	0.00696	0.00221	0.00316	0.01550	0.00506	0.00443
22	0.01287	0.01471	0.03217	0.02298	0.02849	0.01379	0.75460	0.01746	0.01287	0.01746	0.01103	0.01471	0.00827	0.00460	0.00643	0.00184	0.00919	0.00643	0.00276	0.00735
23	0.77299	0.01113	0.00829	0.00744	0.01071	0.05179	0.00606	0.01620	0.00968	0.02373	0.00802	0.00934	0.00626	0.00514	0.00347	0.00166	0.00444	0.00306	0.03470	0.00589
24	0.00793	0.00529	0.00595	0.00595	0.00595	0.00529	0.00330	0.00793	0.00793	0.01057	0.01718	0.03568	0.01982	0.80840	0.02775	0.00529	0.00529	0.00793	0.00330	0.00330
25	0.01093	0.02820	0.78016	0.01554	0.02360	0.01266	0.02014	0.01727	0.01151	0.01727	0.00978	0.01151	0.00691	0.00518	0.00518	0.00173	0.00806	0.00403	0.00230	0.00806
26	0.01686	0.01306	0.01397	0.01163	0.01527	0.01470	0.00931	0.32231	0.43829	0.05583	0.01849	0.01735	0.01355	0.00703	0.00551	0.00176	0.00501	0.00563	0.00555	0.00891
27	0.00687	0.00554	0.00611	0.00597	0.00763	0.00478	0.00448	0.00865	0.01343	0.01712	0.29503	0.04854	0.53089	0.01292	0.00644	0.00180	0.00270	0.01095	0.00538	0.00478
28	0.01030	0.00969	0.01635	0.79530	0.03755	0.01211	0.01514	0.01393	0.01090	0.01393	0.00969	0.01453	0.00727	0.00545	0.00545	0.00182	0.00727	0.00484	0.00242	0.00606
29	0.00896	0.00846	0.01595	0.01332	0.01558	0.00791	0.28429	0.01127	0.01134	0.01524	0.02296	0.51049	0.02571	0.01243	0.00676	0.00207	0.00541	0.01212	0.00420	0.00552
30	0.00947	0.00473	0.00710	0.00710	0.00710	0.00473	0.00473	0.00710	0.00710	0.00947	0.00947	0.01657	0.00947	0.01894	0.02131	0.84138	0.00473	0.00473	0.00237	0.00237
31	0.00664	0.00474	0.00633	0.00759	0.00791	0.00443	0.00506	0.00759	0.01044	0.01392	0.03005	0.80485	0.03606	0.01708	0.00696	0.00221	0.00316	0.01550	0.00506	0.00443
32	0.03767	0.01458	0.03145	0.02251	0.02796	0.01374	0.73233	0.01742	0.01276	0.01767	0.01093	0.01453	0.00820	0.00461	0.00634	0.00183	0.00904	0.00633	0.00278	0.00731
33	0.01349	0.01295	0.02213	0.03346	0.77440	0.01295	0.01673	0.01673	0.01241	0.01781	0.01025	0.01349	0.00864	0.00486	0.00540	0.00162	0.00648	0.00486	0.00270	0.00864
34	0.01808	0.02217	0.01579	0.01412	0.01616	0.57776	0.01091	0.01942	0.01352	0.01328	0.00808	0.01040	0.00706	0.00668	0.00843	0.00167	0.22368	0.00385	0.00269	0.00622
35	0.01002	0.00597	0.00660	0.00631	0.00728	0.00639	0.00457	0.03700	0.01077	0.01770	0.01664	0.02323	0.01474	0.20032	0.03924	0.00260	0.05776	0.00577	0.52224	0.00485
36	0.01338	0.01284	0.02192	0.06080	0.74796	0.01292	0.01667	0.01663	0.01236	0.01767	0.01023	0.01353	0.00859	0.00488	0.00540	0.00163	0.00651	0.00486	0.00269	0.00854
37	0.01349	0.01295	0.02213	0.03346	0.77440	0.01295	0.01673	0.01673	0.01241	0.01781	0.01025	0.01349	0.00864	0.00486	0.00540	0.00162	0.00648	0.00486	0.00270	0.00864
38	0.00831	0.00653	0.00902	0.00871	0.00965	0.02769	0.02848	0.00989	0.00888	0.01236	0.01490	0.02406	0.01466	0.20861	0.57453	0.00759	0.01225	0.00626	0.00300	0.00464
39	0.00663	0.00479	0.00627	0.00746	0.00787	0.00444	0.00500	0.00761	0.01056	0.01397	0.03166	0.75675	0.08312	0.01687	0.00693	0.00219	0.00314	0.01524	0.00506	0.00444
40	0.02327	0.00974	0.01396	0.01065	0.01492	0.00861	0.05869	0.02604	0.04284	0.69890	0.02082	0.01836	0.01326	0.00663	0.00555	0.00170	0.00494	0.00557	0.00643	0.00912

[dist]
# distance from previous block
# <min> <max>
1	3

[block]
# block no. 1 follows, 44 sequences, length 31
# corresponding to MSA columns:
# 52-82
name=unknown_B
#
# <colnr> <probs for GDERKNQSTAVLIFYWHMCP>
#	G	D	E	R	K	N	Q	S	T	A	V	L	I	F	Y	W	H	M	C	P
0	0.01203	0.26314	0.55478	0.01368	0.02072	0.01533	0.01690	0.01698	0.01138	0.01593	0.00912	0.01068	0.00693	0.00503	0.00468	0.00156	0.00739	0.00369	0.00231	0.00774
1	0.01187	0.01009	0.01159	0.00853	0.01319	0.00823	0.00681	0.04308	0.08388	0.01887	0.01101	0.01224	0.00894	0.00445	0.00424	0.00094	0.00414	0.00357	0.00354	0.73078
2	0.00817	0.00698	0.00758	0.00645	0.00932	0.00554	0.00498	0.00995	0.01212	0.01597	0.05838	0.03782	0.48696	0.01033	0.00561	0.00148	0.00320	0.00858	0.00445	0.29614
3	0.01402	0.01194	0.01259	0.01119	0.01435	0.01378	0.00874	0.07588	0.71688	0.02355	0.02160	0.01987	0.01617	0.00734	0.00554	0.00184	0.00442	0.00608	0.00554	0.00867
4	0.01325	0.01271	0.02170	0.09040	0.71932	0.01289	0.01661	0.01652	0.01230	0.01752	0.01021	0.01357	0.00853	0.00490	0.00540	0.00163	0.00654	0.00486	0.00268	0.00844
5	0.01093	0.02820	0.78016	0.01554	0.02360	0.01266	0.02014	0.01727	0.01151	0.01727	0.00978	0.01151	0.00691	0.00518	0.00518	0.00173	0.00806	0.00403	0.00230	0.00806
6	0.02072	0.01527	0.01636	0.01254	0.01691	0.01691	0.01036	0.75622	0.02563	0.03436	0.01309	0.01309	0.00927	0.00654	0.00545	0.00164	0.00600	0.00491	0.00545	0.00927
7	0.00664	0.00474	0.00633	0.00759	0.00791	0.00443	0.00506	0.00759	0.01044	0.01392	0.03005	0.80485	0.03606	0.01708	0.00696	0.00221	0.00316	0.01550	0.00506	0.00443
8	0.02405	0.00994	0.01306	0.01001	0.01425	0.00899	0.00827	0.10703	0.01671	0.69615	0.02058	0.01795	0.01303	0.00673	0.00548	0.00168	0.00479	0.00542	0.00660	0.00928
9	0.01269	0.01417	0.02919	0.02131	0.02576	0.01435	0.61142	0.01663	0.01200	0.01663	0.01028	0.01417	0.00806	0.00555	0.00864	0.00194	0.16135	0.00611	0.00269	0.00709
10	0.00664	0.00474	0.00633	0.00759	0.00791	0.00443	0.00506	0.00759	0.01044	0.01392	0.03005	0.80485	0.03606	0.01708	0.00696	0.00221	0.00316	0.01550	0.00506	0.00443
11	0.00661	0.00505	0.00608	0.00684	0.00773	0.00452	0.00474	0.00777	0.01132	0.01450	0.06667	0.51413	0.29299	0.01572	0.00676	0.00207	0.00300	0.01390	0.00510	0.00452
12	0.00666	0.00550	0.00585	0.00583	0.00752	0.00469	0.00435	0.00823	0.01285	0.01589	0.17445	0.07995	0.62241	0.01349	0.00646	0.00183	0.00275	0.01139	0.00522	0.00469
13	0.01236	0.01365	0.02627	0.01959	0.02355	0.04355	0.52462	0.01589	0.01197	0.01621	0.01227	0.09634	0.01093	0.00675	0.00832	0.00195	0.13908	0.00699	0.00294	0.00678
14	0.00781	0.00524	0.00598	0.00610	0.00613	0.00521	0.00347	0.00790	0.00816	0.01088	0.01836	0.10650	0.02132	0.73554	0.02583	0.00500	0.00509	0.00863	0.00347	0.00341
15	0.00665	0.00502	0.00616	0.00696	0.00777	0.00452	0.00480	0.00783	0.01132	0.01465	0.08421	0.54209	0.24673	0.01577	0.00678	0.00208	0.00301	0.01400	0.00512	0.00452
16	0.01287	0.01471	0.03217	0.02298	0.02849	0.01379	0.75460	0.01746	0.01287	0.01746	0.01103	0.01471	0.00827	0.00460	0.00643	0.00184	0.00919	0.00643	0.00276	0.00735
17	0.00779	0.00584	0.00876	0.00876	0.00974	0.00681	0.00681	0.00974	0.00876	0.01266	0.01460	0.02142	0.01363	0.04089	0.78680	0.00876	0.01460	0.00584	0.00292	0.00487
18	0.00946	0.00871	0.01591	0.01251	0.01522	0.00812	0.26613	0.01266	0.01430	0.01994	0.47047	0.06898	0.03566	0.00915	0.00646	0.00178	0.00491	0.00894	0.00483	0.00588
19	0.01093	0.02820	0.78016	0.01554	0.02360	0.01266	0.02014	0.01727	0.01151	0.01727	0.00978	0.01151	0.00691	0.00518	0.00518	0.00173	0.00806	0.00403	0.00230	0.00806
20	0.05366	0.00970	0.01243	0.00982	0.01383	0.00903	0.00803	0.02655	0.13179	0.63244	0.02109	0.01847	0.01370	0.00679	0.00541	0.00171	0.00457	0.00549	0.00643	0.00905
21	0.01334	0.01279	0.02185	0.07067	0.73841	0.01291	0.01665	0.01659	0.01234	0.01762	0.01023	0.01354	0.00857	0.00489	0.00540	0.00163	0.00652	0.00486	0.00269	0.00851
22	0.00664	0.00474	0.00633	0.00759	0.00791	0.00443	0.00506	0.00759	0.01044	0.01392	0.03005	0.80485	0.03606	0.01708	0.00696	0.00221	0.00316	0.01550	0.00506	0.00443
23	0.84691	0.01054	0.00801	0.00717	0.01054	0.01223	0.00590	0.01603	0.00928	0.02446	0.00759	0.00886	0.00590	0.00506	0.00337	0.00169	0.00422	0.00295	0.00337	0.00590
24	0.01349	0.01295	0.02213	0.03346	0.77440	0.01295	0.01673	0.01673	0.01241	0.01781	0.01025	0.01349	0.00864	0.00486	0.00540	0.00162	0.00648	0.00486	0.00270	0.00864
25	0.02020	0.02521	0.01540	0.01391	0.01678	0.73774	0.01048	0.04886	0.03578	0.01436	0.00896	0.01023	0.00736	0.00570	0.00495	0.00142	0.00954	0.00363	0.00298	0.00649
26	0.02150	0.01402	0.01559	0.01195	0.01628	0.01505	0.00987	0.60421	0.02354	0.18932	0.01484	0.01423	0.01015	0.00659	0.00546	0.00165	0.00572	0.00503	0.00572	0.00927
27	0.01620	0.01213	0.02228	0.01637	0.02108	0.01126	0.38816	0.02073	0.07695	0.25226	0.04489	0.01718	0.01226	0.00572	0.00592	0.00173	0.00681	0.00606	0.00438	0.05763
28	0.01243	0.31236	0.45698	0.01445	0.06926	0.01592	0.01598	0.01689	0.01141	0.01569	0.00901	0.01063	0.00705	0.00497	0.00458	0.00152	0.00714	0.00368	0.00234	0.00771
29	0.01194	0.01029	0.01261	0.00915	0.01393	0.00833	0.04328	0.05049	0.04500	0.01877	0.01047	0.01195	0.00852	0.00433	0.00429	0.00094	0.00440	0.00360	0.00342	0.72429
30	0.01217	0.01020	0.01177	0.00849	0.01329	0.00816	0.00682	0.08210	0.01262	0.01929	0.01000	0.01147	0.00819	0.00427	0.00417	0.00088	0.00422	0.00338	0.00343	0.76507

[dist]
# distance from previous block
# <min> <max>
0	1

[block]
# block no. 2 follows, 44 sequences, length 43
# corresponding to MSA columns:
# 84-126
name=unknown_C
#
# <colnr> <probs for GDERKNQSTAVLIFYWHMCP>
#	G	D	E	R	K	N	Q	S	T	A	V	L	I	F	Y	W	H	M	C	P
0	0.02007	0.00992	0.01219	0.00996	0.01366	0.00978	0.00803	0.02675	0.27163	0.48484	0.02157	0.01925	0.01459	0.00695	0.00543	0.00172	0.00443	0.00570	0.04466	0.00886
1	0.01356	0.01171	0.01233	0.01109	0.01418	0.01356	0.00863	0.02897	0.76455	0.02281	0.02219	0.02034	0.01664	0.00740	0.00555	0.00185	0.00431	0.00616	0.00555	0.00863
2	0.01030	0.00969	0.01635	0.79530	0.03755	0.01211	0.01514	0.01393	0.01090	0.01393	0.00969	0.01453	0.00727	0.00545	0.00545	0.00182	0.00727	0.00484	0.00242	0.00606
3	0.00652	0.00523	0.00582	0.00629	0.00757	0.00454	0.00448	0.00774	0.01169	0.01443	0.04585	0.33265	0.49805	0.01503	0.00664	0.00198	0.00291	0.01299	0.00506	0.00454
4	0.01130	0.00969	0.01130	0.00807	0.01292	0.00727	0.00646	0.01373	0.01130	0.01776	0.00969	0.01130	0.00807	0.00404	0.00404	0.00081	0.00404	0.00323	0.00323	0.84173
5	0.00828	0.00611	0.00808	0.00906	0.01044	0.00591	0.00778	0.01054	0.01252	0.01597	0.03459	0.05953	0.19229	0.01479	0.00729	0.00236	0.00453	0.57996	0.00503	0.00493
6	0.01030	0.00969	0.01635	0.79530	0.03755	0.01211	0.01514	0.01393	0.01090	0.01393	0.00969	0.01453	0.00727	0.00545	0.00545	0.00182	0.00727	0.00484	0.00242	0.00606
7	0.00950	0.00509	0.00541	0.00553	0.00656	0.00509	0.00397	0.01158	0.01087	0.01840	0.01886	0.10084	0.01682	0.09573	0.02956	0.00202	0.00325	0.00646	0.63964	0.00482
8	0.00793	0.00529	0.00595	0.00595	0.00595	0.00529	0.00330	0.00793	0.00793	0.01057	0.01718	0.03568	0.01982	0.80840	0.02775	0.00529	0.00529	0.00793	0.00330	0.00330
9	0.00801	0.00602	0.00827	0.00921	0.00990	0.00628	0.00724	0.00964	0.01115	0.01486	0.02756	0.42100	0.03156	0.01557	0.00815	0.00235	0.07305	0.32055	0.00481	0.00481
10	0.01458	0.81168	0.02857	0.00933	0.01399	0.02157	0.00933	0.01632	0.01108	0.01283	0.00758	0.00875	0.00700	0.00466	0.00350	0.00117	0.00583	0.00292	0.00233	0.00700
11	0.00793	0.00529	0.00595	0.00595	0.00595	0.00529	0.00330	0.00793	0.00793	0.01057	0.01718	0.03568	0.01982	0.80840	0.02775	0.00529	0.00529	0.00793	0.00330	0.00330
12	0.01349	0.01295	0.02213	0.03346	0.77440	0.01295	0.01673	0.01673	0.01241	0.01781	0.01025	0.01349	0.00864	0.00486	0.00540	0.00162	0.00648	0.00486	0.00270	0.00864
13	0.01531	0.01322	0.01309	0.01000	0.01442	0.11913	0.00798	0.18250	0.01531	0.05590	0.01082	0.01183	0.00845	0.00495	0.00455	0.00112	0.00532	0.00375	0.00383	0.49853
14	0.72652	0.01279	0.00910	0.00817	0.01146	0.12501	0.00658	0.01686	0.01018	0.02284	0.00771	0.00900	0.00607	0.00514	0.00360	0.00165	0.00504	0.00303	0.00329	0.00596
15	0.84691	0.01054	0.00801	0.00717	0.01054	0.01223	0.00590	0.01603	0.00928	0.02446	0.00759	0.00886	0.00590	0.00506	0.00337	0.00169	0.00422	0.00295	0.00337	0.00590
16	0.53474	0.01022	0.00987	0.00820	0.01190	0.01086	0.00677	0.03913	0.01194	0.29097	0.01265	0.01239	0.00867	0.00570	0.00417	0.00169	0.00441	0.00390	0.00462	0.00718
17	0.00664	0.00474	0.00633	0.00759	0.00791	0.00443	0.00506	0.00759	0.01044	0.01392	0.03005	0.80485	0.03606	0.01708	0.00696	0.00221	0.00316	0.01550	0.00506	0.00443
18	0.01016	0.00508	0.00508	0.00508	0.00635	0.00508	0.00381	0.01270	0.01143	0.02033	0.01778	0.02033	0.01397	0.00635	0.00381	0.00127	0.00254	0.00508	0.83867	0.00508
19	0.00854	0.00751	0.00933	0.00856	0.00979	0.00843	0.00676	0.01073	0.04299	0.01600	0.18756	0.03613	0.34415	0.01339	0.05383	0.00235	0.21539	0.00883	0.00444	0.00526
20	0.00644	0.00552	0.00552	0.00552	0.00736	0.00460	0.00414	0.00782	0.01243	0.01473	0.05523	0.05247	0.77218	0.01381	0.00644	0.00184	0.00276	0.01151	0.00506	0.00460
21	0.00747	0.00509	0.00608	0.00653	0.00664	0.00498	0.00392	0.00781	0.00881	0.01175	0.02172	0.30739	0.02556	0.52886	0.02040	0.00420	0.00454	0.01060	0.00392	0.00370
22	0.02137	0.01423	0.01572	0.01205	0.01639	0.01537	0.00996	0.63008	0.02390	0.16294	0.01454	0.01403	0.01000	0.00658	0.00546	0.00164	0.00576	0.00501	0.00568	0.00927
23	0.01421	0.01195	0.01224	0.01094	0.01404	0.04504	0.00852	0.02780	0.66458	0.06508	0.02273	0.02092	0.04245	0.00751	0.00555	0.00182	0.00451	0.00620	0.00548	0.00843
24	0.00879	0.00628	0.00879	0.01004	0.01130	0.00628	0.00879	0.01130	0.01255	0.01632	0.02887	0.06150	0.03138	0.01506	0.00753	0.00251	0.00502	0.73770	0.00502	0.00502
25	0.00788	0.00548	0.00694	0.00694	0.00728	0.00583	0.00454	0.00857	0.00822	0.01131	0.01627	0.03064	0.01763	0.53727	0.29589	0.00651	0.00858	0.00719	0.00317	0.00386
26	0.01030	0.00969	0.01635	0.79530	0.03755	0.01211	0.01514	0.01393	0.01090	0.01393	0.00969	0.01453	0.00727	0.00545	0.00545	0.00182	0.00727	0.00484	0.00242	0.00606
27	0.00789	0.00543	0.00670	0.00670	0.00696	0.00569	0.00424	0.00841	0.00815	0.01113	0.01649	0.03188	0.01817	0.60397	0.22993	0.00621	0.00777	0.00737	0.00320	0.00372
28	0.01143	0.01084	0.01839	0.52618	0.29785	0.01241	0.01570	0.01492	0.01144	0.01530	0.00989	0.01417	0.00775	0.00524	0.00543	0.00175	0.00699	0.00485	0.00252	0.00697
29	0.02340	0.05612	0.01400	0.01011	0.01430	0.04189	0.00840	0.08919	0.01621	0.63825	0.01944	0.01716	0.01249	0.00656	0.00534	0.00164	0.00504	0.00520	0.00622	0.00902
30	0.01138	0.09186	0.67515	0.01605	0.06550	0.01341	0.01906	0.01716	0.01153	0.01693	0.00963	0.01140	0.00701	0.00512	0.00505	0.00167	0.00778	0.00398	0.00233	0.00800
31	0.01287	0.01471	0.03217	0.02298	0.02849	0.01379	0.75460	0.01746	0.01287	0.01746	0.01103	0.01471	0.00827	0.00460	0.00643	0.00184	0.00919	0.00643	0.00276	0.00735
32	0.01048	0.00988	0.01668	0.75198	0.07945	0.01216	0.01523	0.01409	0.01099	0.01415	0.00972	0.01448	0.00735	0.00542	0.00545	0.00181	0.00722	0.00485	0.00244	0.00620
33	0.55108	0.00849	0.00769	0.00715	0.00933	0.00958	0.00549	0.01287	0.00851	0.01916	0.00825	0.01158	0.00716	0.00996	0.00971	0.29832	0.00440	0.00358	0.00302	0.00465
34	0.01236	0.01180	0.02009	0.30259	0.51410	0.01266	0.01617	0.01574	0.01188	0.01644	0.01006	0.01386	0.00815	0.00507	0.00542	0.00169	0.00676	0.00485	0.00260	0.00772
35	0.01349	0.01295	0.02213	0.03346	0.77440	0.01295	0.01673	0.01673	0.01241	0.01781	0.01025	0.01349	0.00864	0.00486	0.00540	0.00162	0.00648	0.00486	0.00270	0.00864
36	0.00788	0.00527	0.00596	0.00600	0.00601	0.00526	0.00336	0.00792	0.00802	0.01069	0.01763	0.06253	0.02039	0.78077	0.02702	0.00518	0.00521	0.00819	0.00336	0.00334
37	0.01458	0.81168	0.02857	0.00933	0.01399	0.02157	0.00933	0.01632	0.01108	0.01283	0.00758	0.00875	0.00700	0.00466	0.00350	0.00117	0.00583	0.00292	0.00233	0.00700
38	0.00793	0.00529	0.00595	0.00595	0.00595	0.00529	0.00330	0.00793	0.00793	0.01057	0.01718	0.03568	0.01982	0.80840	0.02775	0.00529	0.00529	0.00793	0.00330	0.00330
39	0.01809	0.01340	0.01446	0.01175	0.01559	0.01491	0.00949	0.40916	0.32461	0.08277	0.01738	0.01642	0.01256	0.00690	0.00549	0.00173	0.00522	0.00546	0.00558	0.00901
40	0.00722	0.00555	0.00660	0.00634	0.00784	0.00493	0.00475	0.00933	0.01426	0.01908	0.49218	0.04530	0.33251	0.01218	0.00644	0.00176	0.00265	0.01050	0.00564	0.00493
41	0.55494	0.01556	0.01068	0.00954	0.01277	0.25433	0.00753	0.04804	0.01187	0.02139	0.00808	0.00933	0.00639	0.00530	0.00394	0.00160	0.00604	0.00321	0.00328	0.00617
42	0.01349	0.01295	0.02213	0.03346	0.77440	0.01295	0.01673	0.01673	0.01241	0.01781	0.01025	0.01349	0.00864	0.00486	0.00540	0.00162	0.00648	0.00486	0.00270	0.00864

[dist]
# distance from previous block
# <min> <max>
3	29

[block]
# block no. 3 follows, 44 sequences, length 33
# corresponding to MSA columns:
# 156-188
name=unknown_D
#
# <colnr> <probs for GDERKNQSTAVLIFYWHMCP>
#	G	D	E	R	K	N	Q	S	T	A	V	L	I	F	Y	W	H	M	C	P
0	0.01349	0.01295	0.02213	0.03346	0.77440	0.01295	0.01673	0.01673	0.01241	0.01781	0.01025	0.01349	0.00864	0.00486	0.00540	0.00162	0.00648	0.00486	0.00270	0.00864
1	0.01458	0.81168	0.02857	0.00933	0.01399	0.02157	0.00933	0.01632	0.01108	0.01283	0.00758	0.00875	0.00700	0.00466	0.00350	0.00117	0.00583	0.00292	0.00233	0.00700
2	0.01130	0.00969	0.01130	0.00807	0.01292	0.00727	0.00646	0.01373	0.01130	0.01776	0.00969	0.01130	0.00807	0.00404	0.00404	0.00081	0.00404	0.00323	0.00323	0.84173
3	0.01630	0.02000	0.01255	0.01155	0.01408	0.55805	0.00867	0.01769	0.01457	0.01375	0.02210	0.02229	0.23060	0.00801	0.00536	0.00153	0.00777	0.00585	0.00347	0.00582
4	0.19047	0.00658	0.00615	0.00603	0.00811	0.00628	0.00460	0.00966	0.01170	0.01698	0.06028	0.08503	0.54596	0.01201	0.00580	0.00183	0.00310	0.00982	0.00471	0.00489
5	0.01287	0.01471	0.03217	0.02298	0.02849	0.01379	0.75460	0.01746	0.01287	0.01746	0.01103	0.01471	0.00827	0.00460	0.00643	0.00184	0.00919	0.00643	0.00276	0.00735
6	0.00738	0.00527	0.00718	0.00844	0.00908	0.00507	0.00635	0.00887	0.01117	0.01475	0.02964	0.54783	0.03444	0.01638	0.00716	0.00232	0.00381	0.26520	0.00505	0.00463
7	0.00688	0.00493	0.00654	0.00743	0.00796	0.00458	0.00508	0.00818	0.01153	0.01566	0.19236	0.63757	0.03943	0.01578	0.00684	0.00210	0.00303	0.01426	0.00527	0.00458
8	0.00769	0.00625	0.00673	0.00682	0.00831	0.02208	0.00498	0.04734	0.01293	0.01627	0.12339	0.26804	0.42165	0.01392	0.00651	0.00192	0.00318	0.01198	0.00514	0.00489
9	0.01301	0.47468	0.35186	0.01200	0.01812	0.01774	0.01398	0.01673	0.01126	0.01474	0.00853	0.00993	0.00696	0.00489	0.00422	0.00141	0.00679	0.00339	0.00232	0.00745
10	0.00661	0.00558	0.00576	0.00585	0.00765	0.00472	0.00448	0.00808	0.01244	0.01484	0.05330	0.05313	0.71789	0.01390	0.00652	0.00189	0.00293	0.06472	0.00506	0.00463
11	0.01093	0.02820	0.78016	0.01554	0.02360	0.01266	0.02014	0.01727	0.01151	0.01727	0.00978	0.01151	0.00691	0.00518	0.00518	0.00173	0.00806	0.00403	0.00230	0.00806
12	0.01393	0.01389	0.02463	0.01836	0.02304	0.01406	0.45484	0.10201	0.23390	0.02088	0.01452	0.01617	0.01083	0.00563	0.00607	0.00182	0.00742	0.00619	0.00387	0.00794
13	0.02304	0.01004	0.03241	0.00984	0.01401	0.00871	0.00830	0.08585	0.01610	0.65646	0.02031	0.01802	0.01300	0.00667	0.00538	0.00166	0.00473	0.00538	0.05109	0.00902
14	0.00664	0.00474	0.00633	0.00759	0.00791	0.00443	0.00506	0.00759	0.01044	0.01392	0.03005	0.80485	0.03606	0.01708	0.00696	0.00221	0.00316	0.01550	0.00506	0.00443
15	0.00717	0.00555	0.00654	0.00629	0.00781	0.00491	0.00472	0.00924	0.01415	0.01883	0.46661	0.04572	0.35825	0.01228	0.00644	0.00177	0.00265	0.01056	0.00560	0.00491
16	0.01133	0.11430	0.69756	0.01486	0.02254	0.01364	0.01895	0.01716	0.01146	0.01678	0.00954	0.01121	0.00692	0.00512	0.00499	0.00166	0.00781	0.00391	0.00231	0.00794
17	0.02446	0.00928	0.01265	0.00970	0.01392	0.00801	0.00801	0.02657	0.01560	0.77817	0.02151	0.01856	0.01350	0.00675	0.00548	0.00169	0.00464	0.00548	0.00675	0.00928
18	0.01374	0.37294	0.35160	0.01261	0.01851	0.11533	0.01415	0.01743	0.01182	0.01481	0.00864	0.01008	0.00696	0.00501	0.00441	0.00144	0.00730	0.00347	0.00238	0.00737
19	0.00779	0.00493	0.00607	0.00678	0.00748	0.00470	0.00470	0.00938	0.01128	0.01666	0.10795	0.49164	0.03130	0.01329	0.00598	0.00188	0.00292	0.01183	0.24874	0.00470
20	0.00809	0.00591	0.00846	0.00883	0.00977	0.00649	0.00700	0.00999	0.00978	0.01350	0.01905	0.03470	0.01949	0.11769	0.47568	0.00655	0.01078	0.21991	0.00358	0.00474
21	0.01027	0.00951	0.01602	0.76675	0.03645	0.01185	0.01476	0.01368	0.01076	0.01377	0.00968	0.01461	0.00735	0.00594	0.00602	0.03223	0.00718	0.00484	0.00242	0.00592
22	0.00674	0.00540	0.00605	0.00652	0.00779	0.00480	0.00465	0.00836	0.03414	0.01464	0.04411	0.35403	0.45358	0.01493	0.00662	0.00199	0.00297	0.01295	0.00508	0.00465
23	0.01138	0.00998	0.01199	0.00887	0.01310	0.00847	0.00716	0.01365	0.01093	0.01717	0.00937	0.01138	0.00796	0.00474	0.00581	0.00101	0.10540	0.00343	0.00312	0.73508
24	0.00812	0.00660	0.00812	0.00802	0.00939	0.02694	0.00617	0.01065	0.05292	0.01433	0.06663	0.03184	0.21690	0.05158	0.42975	0.00569	0.00958	0.02791	0.00387	0.00502
25	0.00682	0.00554	0.00604	0.00591	0.00759	0.00476	0.00443	0.00854	0.01330	0.01681	0.26452	0.04904	0.56159	0.01303	0.00644	0.00180	0.00271	0.01102	0.00534	0.00476
26	0.00779	0.00582	0.00863	0.00863	0.00956	0.00674	0.00665	0.00965	0.00872	0.01256	0.01472	0.02207	0.01391	0.07600	0.75207	0.00860	0.01418	0.00594	0.00294	0.00480
27	0.00650	0.00553	0.00560	0.00558	0.00740	0.00463	0.00419	0.00793	0.01256	0.01504	0.08677	0.05195	0.74044	0.01369	0.00644	0.00184	0.00275	0.01143	0.00510	0.00463
28	0.01030	0.00969	0.01635	0.79530	0.03755	0.01211	0.01514	0.01393	0.01090	0.01393	0.00969	0.01453	0.00727	0.00545	0.00545	0.00182	0.00727	0.00484	0.00242	0.00606
29	0.01130	0.00969	0.01130	0.00807	0.01292	0.00727	0.00646	0.01373	0.01130	0.01776	0.00969	0.01130	0.00807	0.00404	0.00404	0.00081	0.00404	0.00323	0.00323	0.84173
30	0.01093	0.02820	0.78016	0.01554	0.02360	0.01266	0.02014	0.01727	0.01151	0.01727	0.00978	0.01151	0.00691	0.00518	0.00518	0.00173	0.00806	0.00403	0.00230	0.00806
31	0.00724	0.00555	0.00662	0.00635	0.00785	0.00494	0.00477	0.00936	0.01430	0.01917	0.50084	0.04516	0.32380	0.01215	0.00644	0.00176	0.00264	0.01048	0.00565	0.00494
32	0.01416	0.46023	0.26761	0.01188	0.01743	0.09547	0.01294	0.03723	0.01205	0.01488	0.00852	0.00986	0.00703	0.00498	0.00423	0.00138	0.00695	0.00339	0.00246	0.00733

[dist]
# distance from previous block
# <min> <max>
0	2

[block]
# block no. 4 follows, 44 sequences, length 82
# corresponding to MSA columns:
# 191-272
name=unknown_E
#
# <colnr> <probs for GDERKNQSTAVLIFYWHMCP>
#	G	D	E	R	K	N	Q	S	T	A	V	L	I	F	Y	W	H	M	C	P
0	0.01287	0.01255	0.02026	0.24470	0.53998	0.04273	0.01605	0.01615	0.01211	0.01656	0.01003	0.01364	0.00819	0.00505	0.00539	0.00167	0.00683	0.00480	0.00263	0.00783
1	0.13993	0.01413	0.10921	0.01376	0.01853	0.02566	0.19720	0.12681	0.01494	0.23671	0.04018	0.01514	0.01087	0.00587	0.00539	0.00172	0.00635	0.00521	0.00443	0.00795
2	0.00903	0.00689	0.00788	0.00801	0.00900	0.00729	0.00546	0.01373	0.22185	0.01526	0.02339	0.31853	0.02499	0.28748	0.01374	0.00317	0.00422	0.01026	0.00459	0.00522
3	0.01969	0.01597	0.27766	0.01179	0.01734	0.00986	0.01226	0.04320	0.01446	0.49531	0.01723	0.01598	0.01111	0.00620	0.00538	0.00170	0.00586	0.00497	0.00518	0.00886
4	0.20397	0.01545	0.01489	0.01236	0.01595	0.20796	0.09794	0.08295	0.17735	0.09915	0.01328	0.01365	0.00987	0.00595	0.00499	0.00166	0.00644	0.00463	0.00415	0.00740
5	0.01171	0.01113	0.01891	0.45836	0.36343	0.01248	0.01584	0.01517	0.01157	0.01565	0.00994	0.01407	0.00787	0.00519	0.00543	0.00173	0.00692	0.00485	0.00254	0.00720
6	0.00657	0.00502	0.00604	0.00687	0.00772	0.00449	0.00474	0.00767	0.01114	0.01420	0.03888	0.54087	0.29433	0.01593	0.00678	0.00208	0.00302	0.01410	0.00506	0.00449
7	0.01141	0.01068	0.01531	0.57463	0.03105	0.03514	0.01336	0.01795	0.20113	0.01615	0.01281	0.01586	0.00962	0.00595	0.00546	0.00181	0.00660	0.00514	0.00322	0.00671
8	0.01240	0.34260	0.47856	0.01305	0.01974	0.01624	0.01580	0.01689	0.01134	0.01548	0.00890	0.01040	0.00694	0.00497	0.00450	0.00150	0.00716	0.00358	0.00231	0.00763
9	0.00644	0.00552	0.00552	0.00552	0.00736	0.00460	0.00414	0.00782	0.01243	0.01473	0.05523	0.05247	0.77218	0.01381	0.00644	0.00184	0.00276	0.01151	0.00506	0.00460
10	0.00693	0.00503	0.00654	0.00724	0.00794	0.00464	0.00502	0.00837	0.01198	0.01621	0.24052	0.53757	0.09144	0.01518	0.00677	0.00205	0.00297	0.01363	0.00533	0.00464
11	0.01573	0.31845	0.01860	0.01011	0.01396	0.01565	0.00875	0.07581	0.27717	0.12926	0.01676	0.03472	0.02962	0.00657	0.00480	0.00156	0.00500	0.00507	0.00446	0.00795
12	0.01785	0.02120	0.01411	0.01290	0.01568	0.55093	0.00979	0.02249	0.18621	0.01567	0.01409	0.01581	0.03844	0.00669	0.00522	0.00156	0.00812	0.03289	0.00360	0.00673
13	0.01087	0.01047	0.01647	0.52129	0.02940	0.01372	0.01401	0.01365	0.01001	0.01365	0.00880	0.01362	0.00723	0.00689	0.00982	0.00202	0.28484	0.00482	0.00241	0.00602
14	0.01120	0.01145	0.02190	0.52433	0.03437	0.01270	0.27458	0.01517	0.01159	0.01517	0.01016	0.01459	0.00762	0.00515	0.00580	0.00182	0.00794	0.00540	0.00254	0.00651
15	0.24511	0.00723	0.00786	0.00714	0.00922	0.00734	0.00556	0.01303	0.01371	0.07504	0.50446	0.03022	0.03599	0.00913	0.00550	0.00170	0.00318	0.00761	0.00531	0.00564
16	0.01108	0.05859	0.75100	0.01530	0.02322	0.01301	0.01972	0.01723	0.01149	0.01709	0.00970	0.01140	0.00691	0.00516	0.00511	0.00170	0.00797	0.00399	0.00230	0.00802
17	0.00661	0.00558	0.00576	0.00585	0.00765	0.00472	0.00448	0.00808	0.01244	0.01484	0.05331	0.05312	0.71841	0.01390	0.00652	0.00189	0.00293	0.06422	0.00506	0.00463
18	0.00977	0.00773	0.00906	0.00834	0.01026	0.00810	0.00637	0.01684	0.27826	0.02219	0.50862	0.03357	0.03923	0.00983	0.00612	0.00176	0.00318	0.00856	0.00584	0.00637
19	0.01627	0.01348	0.06650	0.01134	0.01515	0.03555	0.00965	0.28243	0.23946	0.09160	0.08669	0.01973	0.01623	0.00733	0.00556	0.00171	0.00521	0.03201	0.00525	0.03883
20	0.01492	0.69338	0.07052	0.01006	0.01481	0.06221	0.01005	0.04537	0.01190	0.01394	0.00797	0.00913	0.00708	0.00482	0.00375	0.00123	0.00618	0.00309	0.00248	0.00711
21	0.01093	0.02820	0.78016	0.01554	0.02360	0.01266	0.02014	0.01727	0.01151	0.01727	0.00978	0.01151	0.00691	0.00518	0.00518	0.00173	0.00806	0.00403	0.00230	0.00806
22	0.01116	0.07602	0.73429	0.01516	0.02301	0.01320	0.01948	0.01721	0.01148	0.01699	0.00965	0.01134	0.00691	0.00515	0.00508	0.00169	0.00792	0.00396	0.00230	0.00799
23	0.01246	0.35723	0.46452	0.01293	0.01956	0.01640	0.01560	0.01687	0.01133	0.01540	0.00886	0.01035	0.00694	0.00496	0.00447	0.00149	0.00712	0.00356	0.00231	0.00761
24	0.02438	0.00941	0.01273	0.00976	0.01398	0.00821	0.00806	0.04273	0.01583	0.76170	0.02132	0.01843	0.01340	0.00674	0.00548	0.00169	0.00467	0.00547	0.00672	0.00928
25	0.01356	0.01171	0.01233	0.01109	0.01418	0.01356	0.00863	0.02897	0.76455	0.02281	0.02219	0.02034	0.01664	0.00740	0.00555	0.00185	0.00431	0.00616	0.00555	0.00863
26	0.01193	0.01193	0.01670	0.01431	0.01431	0.01670	0.01193	0.01312	0.00835	0.01312	0.00716	0.01193	0.00716	0.00954	0.01789	0.00239	0.79843	0.00477	0.00239	0.00596
27	0.00676	0.00572	0.00587	0.00580	0.00764	0.00492	0.00436	0.00867	0.03626	0.01551	0.10741	0.05059	0.69492	0.01341	0.00641	0.00183	0.00280	0.01122	0.00515	0.00477
28	0.00697	0.00554	0.00625	0.00608	0.00769	0.00483	0.00456	0.00885	0.01367	0.01768	0.35214	0.04760	0.47343	0.01270	0.00644	0.00179	0.00268	0.01082	0.00545	0.00483
29	0.00779	0.00584	0.00876	0.00876	0.00974	0.00681	0.00681	0.00974	0.00876	0.01266	0.01460	0.02142	0.01363	0.04089	0.78680	0.00876	0.01460	0.00584	0.00292	0.00487
30	0.01130	0.00969	0.01130	0.00807	0.01292	0.00727	0.00646	0.01373	0.01130	0.01776	0.00969	0.01130	0.00807	0.00404	0.00404	0.00081	0.00404	0.00323	0.00323	0.84173
31	0.00927	0.03919	0.08343	0.00775	0.01015	0.00662	0.00679	0.01192	0.01433	0.07462	0.47832	0.03725	0.17852	0.01050	0.00613	0.00172	0.00342	0.00902	0.00538	0.00570
32	0.00745	0.00556	0.00692	0.00658	0.00798	0.00503	0.00493	0.00977	0.01480	0.02037	0.62188	0.04318	0.20201	0.01170	0.00643	0.00174	0.00261	0.01020	0.00581	0.00503
33	0.01458	0.81168	0.02857	0.00933	0.01399	0.02157	0.00933	0.01632	0.01108	0.01283	0.00758	0.00875	0.00700	0.00466	0.00350	0.00117	0.00583	0.00292	0.00233	0.00700
34	0.01130	0.00969	0.01130	0.00807	0.01292	0.00727	0.00646	0.01373	0.01130	0.01776	0.00969	0.01130	0.00807	0.00404	0.00404	0.00081	0.00404	0.00323	0.00323	0.84173
35	0.01007	0.00941	0.01306	0.01195	0.01207	0.01239	0.00952	0.01118	0.00908	0.01340	0.01519	0.29012	0.01730	0.01219	0.01406	0.00233	0.51941	0.00853	0.00332	0.00542
36	0.01139	0.01000	0.01222	0.00895	0.01336	0.00827	0.02193	0.01375	0.01106	0.01733	0.00948	0.01143	0.00799	0.00456	0.00537	0.00097	0.07787	0.00344	0.00314	0.74748
37	0.01330	0.53680	0.29226	0.01151	0.01736	0.01845	0.01312	0.01665	0.01123	0.01438	0.00835	0.00972	0.00696	0.00484	0.00409	0.00136	0.00661	0.00331	0.00232	0.00737
38	0.01196	0.24875	0.56859	0.01379	0.02089	0.01517	0.01710	0.01700	0.01139	0.01602	0.00916	0.01073	0.00693	0.00503	0.00471	0.00157	0.00743	0.00372	0.00231	0.00776
39	0.00779	0.00584	0.00876	0.00876	0.00974	0.00681	0.00681	0.00974	0.00876	0.01266	0.01460	0.02142	0.01363	0.04089	0.78680	0.00876	0.01460	0.00584	0.00292	0.00487
40	0.02446	0.00928	0.01265	0.00970	0.01392	0.00801	0.00801	0.02657	0.01560	0.77817	0.02151	0.01856	0.01350	0.00675	0.00548	0.00169	0.00464	0.00548	0.00675	0.00928
41	0.01030	0.00969	0.01635	0.79530	0.03755	0.01211	0.01514	0.01393	0.01090	0.01393	0.00969	0.01453	0.00727	0.00545	0.00545	0.00182	0.00727	0.00484	0.00242	0.00606
42	0.01130	0.00969	0.01130	0.00807	0.01292	0.00727	0.00646	0.01373	0.01130	0.01776	0.00969	0.01130	0.00807	0.00404	0.00404	0.00081	0.00404	0.00323	0.00323	0.84173
43	0.00872	0.00720	0.00788	0.00765	0.00956	0.00722	0.00579	0.01419	0.22284	0.01804	0.15273	0.12538	0.34677	0.01201	0.00628	0.00188	0.00328	0.03146	0.00534	0.00580
44	0.00793	0.00529	0.00595	0.00595	0.00595	0.00529	0.00330	0.00793	0.00793	0.01057	0.01718	0.03568	0.01982	0.80840	0.02775	0.00529	0.00529	0.00793	0.00330	0.00330
45	0.01247	0.01191	0.02029	0.27607	0.53975	0.01269	0.01622	0.01584	0.01193	0.01657	0.01007	0.01382	0.00820	0.00505	0.00541	0.00168	0.00673	0.00485	0.00261	0.00781
46	0.01030	0.00969	0.01635	0.79530	0.03755	0.01211	0.01514	0.01393	0.01090	0.01393	0.00969	0.01453	0.00727	0.00545	0.00545	0.00182	0.00727	0.00484	0.00242	0.00606
47	0.55471	0.25411	0.05121	0.00822	0.01221	0.01508	0.00762	0.01618	0.00993	0.02059	0.00769	0.00895	0.00628	0.00495	0.00350	0.00153	0.00489	0.00299	0.00301	0.00634
48	0.18740	0.01759	0.01632	0.01936	0.28135	0.30924	0.01175	0.06383	0.01374	0.01848	0.00918	0.01112	0.00750	0.00529	0.00480	0.00155	0.00727	0.00395	0.00305	0.00723
49	0.01160	0.01131	0.01575	0.01359	0.01365	0.01567	0.01124	0.01281	0.00842	0.01319	0.00804	0.01334	0.00801	0.04130	0.04153	0.00267	0.72404	0.00493	0.02310	0.00581
50	0.00772	0.00557	0.00729	0.00686	0.00814	0.00514	0.00514	0.01029	0.01543	0.02186	0.77152	0.04072	0.05144	0.01115	0.00643	0.00171	0.00257	0.00986	0.00600	0.00514
51	0.00879	0.00628	0.00879	0.01004	0.01130	0.00628	0.00879	0.01130	0.01255	0.01632	0.02887	0.06150	0.03138	0.01506	0.00753	0.00251	0.00502	0.73770	0.00502	0.00502
52	0.00678	0.00510	0.00632	0.00723	0.00806	0.00465	0.00514	0.00800	0.01119	0.01436	0.03703	0.52512	0.24285	0.01597	0.00687	0.00214	0.00322	0.08038	0.00506	0.00453
53	0.01193	0.01193	0.01670	0.01431	0.01431	0.01670	0.01193	0.01312	0.00835	0.01312	0.00716	0.01193	0.00716	0.00954	0.01789	0.00239	0.79843	0.00477	0.00239	0.00596
54	0.00947	0.00473	0.00710	0.00710	0.00710	0.00473	0.00473	0.00710	0.00710	0.00947	0.00947	0.01657	0.00947	0.01894	0.02131	0.84138	0.00473	0.00473	0.00237	0.00237
55	0.00787	0.00581	0.00863	0.00863	0.00961	0.00675	0.00671	0.00984	0.00886	0.01293	0.01472	0.02138	0.01364	0.03964	0.75861	0.00849	0.01417	0.00581	0.03301	0.00488
56	0.00801	0.00577	0.00842	0.00842	0.00942	0.00665	0.00654	0.01001	0.00901	0.01337	0.01490	0.02132	0.01366	0.03768	0.71413	0.00807	0.01348	0.00577	0.08049	0.00489
57	0.00781	0.00524	0.00598	0.00610	0.00613	0.00521	0.00347	0.00790	0.00816	0.01088	0.01837	0.10707	0.02133	0.73496	0.02582	0.00500	0.00509	0.00863	0.00347	0.00341
58	0.01130	0.00969	0.01130	0.00807	0.01292	0.00727	0.00646	0.01373	0.01130	0.01776	0.00969	0.01130	0.00807	0.00404	0.00404	0.00081	0.00404	0.00323	0.00323	0.84173
59	0.01093	0.02820	0.78016	0.01554	0.02360	0.01266	0.02014	0.01727	0.01151	0.01727	0.00978	0.01151	0.00691	0.00518	0.00518	0.00173	0.00806	0.00403	0.00230	0.00806
60	0.02072	0.01527	0.01636	0.01254	0.01691	0.01691	0.01036	0.75622	0.02563	0.03436	0.01309	0.01309	0.00927	0.00654	0.00545	0.00164	0.00600	0.00491	0.00545	0.00927
61	0.00779	0.00582	0.00866	0.00866	0.00960	0.00676	0.00669	0.00967	0.00873	0.01258	0.01470	0.02194	0.01386	0.06897	0.75903	0.00863	0.01426	0.00592	0.00293	0.00481
62	0.01458	0.81168	0.02857	0.00933	0.01399	0.02157	0.00933	0.01632	0.01108	0.01283	0.00758	0.00875	0.00700	0.00466	0.00350	0.00117	0.00583	0.00292	0.00233	0.00700
63	0.01739	0.01361	0.01448	0.01187	0.01564	0.01535	0.00956	0.41753	0.36975	0.02898	0.01733	0.01647	0.01270	0.00694	0.00550	0.00174	0.00521	0.00549	0.00550	0.00897
64	0.00947	0.00473	0.00710	0.00710	0.00710	0.00473	0.00473	0.00710	0.00710	0.00947	0.00947	0.01657	0.00947	0.01894	0.02131	0.84138	0.00473	0.00473	0.00237	0.00237
65	0.01505	0.00877	0.01066	0.00916	0.01198	0.00881	0.00721	0.02164	0.25849	0.26779	0.28487	0.02691	0.02783	0.00850	0.00584	0.00175	0.00381	0.00724	0.00610	0.00762
66	0.00928	0.00756	0.00901	0.00735	0.01041	0.00609	0.00567	0.01153	0.01268	0.01843	0.25656	0.07867	0.11514	0.00832	0.00528	0.00131	0.00336	0.00713	0.00445	0.42174
67	0.02037	0.02598	0.01545	0.01404	0.01685	0.78652	0.01053	0.02177	0.01545	0.01334	0.00843	0.00983	0.00702	0.00562	0.00492	0.00140	0.00983	0.00351	0.00281	0.00632
68	0.01831	0.01736	0.01459	0.01228	0.01574	0.26028	0.00968	0.33495	0.16228	0.02418	0.01610	0.01602	0.06002	0.00689	0.00537	0.00162	0.00668	0.00514	0.00460	0.00790
69	0.00781	0.00524	0.00598	0.00610	0.00613	0.00521	0.00346	0.00790	0.00816	0.01088	0.01835	0.10597	0.02130	0.73608	0.02585	0.00500	0.00509	0.00862	0.00346	0.00341
70	0.01424	0.74008	0.09726	0.00990	0.01487	0.02076	0.01032	0.01641	0.01112	0.01323	0.00778	0.00900	0.00699	0.00471	0.00365	0.00122	0.00603	0.00302	0.00233	0.00709
71	0.00673	0.00480	0.00642	0.00769	0.00804	0.00450	0.00520	0.00773	0.01052	0.01401	0.03000	0.77611	0.03588	0.01700	0.00698	0.00223	0.00323	0.04341	0.00506	0.00445
72	0.01130	0.00969	0.01130	0.00807	0.01292	0.00727	0.00646	0.01373	0.01130	0.01776	0.00969	0.01130	0.00807	0.00404	0.00404	0.00081	0.00404	0.00323	0.00323	0.84173
73	0.01377	0.63896	0.19426	0.01070	0.01611	0.01961	0.01171	0.01653	0.01117	0.01381	0.00807	0.00935	0.00698	0.00478	0.00387	0.00129	0.00632	0.00316	0.00233	0.00723
74	0.01743	0.02086	0.01489	0.01341	0.01557	0.53935	0.01032	0.04069	0.01374	0.01385	0.00909	0.01167	0.00790	0.01054	0.10080	0.00246	0.14437	0.00405	0.00283	0.00617
75	0.00708	0.00552	0.00643	0.00626	0.00777	0.00486	0.00467	0.00904	0.01384	0.01824	0.40980	0.07444	0.38727	0.01261	0.00646	0.00179	0.00268	0.01084	0.00553	0.00486
76	0.01104	0.00938	0.01096	0.00798	0.01251	0.00711	0.00630	0.01333	0.01115	0.01738	0.01057	0.03580	0.00934	0.03415	0.00500	0.00101	0.00406	0.00377	0.00329	0.78586
77	0.01144	0.13727	0.67553	0.01467	0.02226	0.01390	0.01864	0.01713	0.01145	0.01665	0.00948	0.01113	0.00692	0.00511	0.00495	0.00165	0.00775	0.00387	0.00231	0.00791
78	0.01937	0.02115	0.01457	0.01273	0.01575	0.51525	0.00978	0.20069	0.01752	0.01923	0.01056	0.01174	0.00831	0.00592	0.00493	0.00145	0.00812	0.00402	0.09200	0.00691
79	0.01132	0.00976	0.01147	0.00827	0.01296	0.00756	0.00663	0.01371	0.01121	0.01762	0.00961	0.01132	0.00805	0.00421	0.00447	0.00086	0.02897	0.00328	0.00320	0.81550
80	0.01172	0.02137	0.51023	0.01309	0.01968	0.01068	0.01548	0.01660	0.01175	0.06998	0.01201	0.04278	0.00955	0.00584	0.00511	0.00158	0.00669	0.03080	0.00300	0.18206
81	0.01934	0.01449	0.01631	0.01256	0.01673	0.01585	0.04271	0.66707	0.02412	0.03233	0.03813	0.03202	0.02851	0.00700	0.00558	0.00166	0.00590	0.00551	0.00533	0.00885

[dist]
# distance from previous block
# <min> <max>
2	3

[block]
# block no. 5 follows, 44 sequences, length 49
# corresponding to MSA columns:
# 277-325
name=unknown_F
#
# <colnr> <probs for GDERKNQSTAVLIFYWHMCP>
#	G	D	E	R	K	N	Q	S	T	A	V	L	I	F	Y	W	H	M	C	P
0	0.01135	0.11102	0.65680	0.03916	0.02313	0.01363	0.03791	0.01707	0.01148	0.01669	0.00958	0.01139	0.00696	0.00512	0.00504	0.00167	0.00782	0.00400	0.00232	0.00786
1	0.03364	0.00944	0.01523	0.67781	0.03334	0.01174	0.01384	0.01386	0.01079	0.01470	0.01018	0.01473	0.00776	0.00568	0.00577	0.00179	0.03938	0.00481	0.06954	0.00597
2	0.00947	0.00473	0.00710	0.00710	0.00710	0.00473	0.00473	0.00710	0.00710	0.00947	0.00947	0.01657	0.00947	0.01894	0.02131	0.84138	0.00473	0.00473	0.00237	0.00237
3	0.01001	0.00927	0.01533	0.69110	0.03377	0.01149	0.01397	0.01327	0.01071	0.01382	0.01137	0.07597	0.00979	0.02609	0.00650	0.00195	0.03134	0.00574	0.00265	0.00586
4	0.00772	0.00557	0.00729	0.00686	0.00814	0.00514	0.00514	0.01029	0.01543	0.02186	0.77152	0.04072	0.05144	0.01115	0.00643	0.00171	0.00257	0.00986	0.00600	0.00514
5	0.02106	0.01473	0.01602	0.01229	0.01664	0.01610	0.01015	0.68998	0.02472	0.10188	0.01385	0.01359	0.00965	0.00656	0.00546	0.00164	0.00588	0.00496	0.00557	0.00927
