[name]
unknown

[dist]
# distance from previous block
# <min> <max>
0	657

[block]
# block no. 0 follows, 43 sequences, length 14
# corresponding to MSA columns:
# 701-705,708-716
name=unknown_A
#
# <colnr> <probs for GDERKNQSTAVLIFYWHMCP>
#	G	D	E	R	K	N	Q	S	T	A	V	L	I	F	Y	W	H	M	C	P
0	0.00813	0.00581	0.00802	0.00930	0.01023	0.00569	0.00755	0.01011	0.01197	0.01569	0.02976	0.33078	0.03360	0.01604	0.00744	0.00244	0.00442	0.47303	0.00511	0.00488
1	0.01175	0.01116	0.01894	0.49178	0.32836	0.01264	0.01602	0.01528	0.01168	0.01571	0.01007	0.01435	0.00793	0.00530	0.00552	0.00177	0.00706	0.00493	0.00257	0.00719
2	0.01148	0.00984	0.01148	0.00820	0.01312	0.00738	0.00656	0.01395	0.01148	0.01805	0.00984	0.01148	0.00820	0.00410	0.00410	0.00082	0.00410	0.00328	0.00328	0.83922
3	0.00791	0.00593	0.00890	0.00890	0.00989	0.00692	0.00692	0.00989	0.00890	0.01286	0.01483	0.02176	0.01385	0.04154	0.78341	0.00890	0.01483	0.00593	0.00297	0.00494
4	0.00991	0.00934	0.01742	0.01345	0.01646	0.00870	0.30051	0.01334	0.01465	0.02044	0.46817	0.03090	0.03489	0.00869	0.00653	0.00179	0.00528	0.00864	0.00479	0.00611
5	0.01148	0.00984	0.01148	0.00820	0.01312	0.00738	0.00656	0.01395	0.01148	0.01805	0.00984	0.01148	0.00820	0.00410	0.00410	0.00082	0.00410	0.00328	0.00328	0.83922
6	0.02105	0.01551	0.01662	0.01274	0.01717	0.01717	0.01053	0.75235	0.02604	0.03490	0.01330	0.01330	0.00942	0.00665	0.00554	0.00166	0.00609	0.00499	0.00554	0.00942
7	0.01440	0.02120	0.31969	0.02185	0.29338	0.10831	0.01683	0.10450	0.01421	0.01930	0.01034	0.01240	0.00795	0.00536	0.00534	0.00166	0.00758	0.00444	0.00293	0.00833
8	0.01156	0.01168	0.02191	0.48868	0.11223	0.01289	0.22977	0.01549	0.01182	0.01561	0.01030	0.01471	0.00783	0.00522	0.00582	0.00183	0.00787	0.00539	0.00259	0.00681
9	0.00671	0.00530	0.00605	0.00653	0.00775	0.00464	0.00464	0.00801	0.01202	0.01509	0.09071	0.34901	0.43362	0.01517	0.00675	0.00201	0.00295	0.01319	0.00520	0.00464
10	0.01774	0.00785	0.01057	0.00865	0.01169	0.00692	0.00692	0.02007	0.01578	0.46000	0.33382	0.02827	0.02983	0.00872	0.00597	0.00173	0.00383	0.00743	0.00654	0.00767
11	0.00713	0.00563	0.00642	0.00622	0.00784	0.00492	0.00467	0.00908	0.01400	0.01822	0.37660	0.04793	0.44603	0.01281	0.00654	0.00181	0.00272	0.01094	0.00557	0.00492
12	0.01046	0.00984	0.01661	0.79205	0.03814	0.01230	0.01538	0.01415	0.01107	0.01415	0.00984	0.01477	0.00738	0.00554	0.00554	0.00185	0.00738	0.00492	0.00246	0.00615
13	0.01440	0.72389	0.11030	0.01016	0.01528	0.02093	0.01067	0.01669	0.01130	0.01352	0.00794	0.00919	0.00710	0.00480	0.00374	0.00125	0.00617	0.00308	0.00237	0.00722

[dist]
# distance from previous block
# <min> <max>
0	4

[block]
# block no. 1 follows, 43 sequences, length 39
# corresponding to MSA columns:
# 721-759
name=unknown_B
#
# <colnr> <probs for GDERKNQSTAVLIFYWHMCP>
#	G	D	E	R	K	N	Q	S	T	A	V	L	I	F	Y	W	H	M	C	P
0	0.02105	0.01551	0.01662	0.01274	0.01717	0.01717	0.01053	0.75235	0.02604	0.03490	0.01330	0.01330	0.00942	0.00665	0.00554	0.00166	0.00609	0.00499	0.00554	0.00942
1	0.00732	0.00586	0.00670	0.00711	0.00879	0.00523	0.00575	0.00910	0.01266	0.01549	0.04734	0.05630	0.52734	0.01444	0.00691	0.00209	0.00356	0.24806	0.00513	0.00481
2	0.01481	0.80869	0.02902	0.00948	0.01421	0.02191	0.00948	0.01658	0.01125	0.01303	0.00770	0.00888	0.00711	0.00474	0.00355	0.00118	0.00592	0.00296	0.00237	0.00711
3	0.01111	0.02865	0.77667	0.01579	0.02397	0.01286	0.02046	0.01754	0.01169	0.01754	0.00994	0.01169	0.00702	0.00526	0.00526	0.00175	0.00818	0.00409	0.00234	0.00818
4	0.01417	0.67485	0.15730	0.01056	0.01589	0.02036	0.01136	0.01675	0.01133	0.01380	0.00808	0.00937	0.00709	0.00483	0.00385	0.00128	0.00631	0.00316	0.00236	0.00729
5	0.01004	0.00606	0.00729	0.00714	0.00892	0.00528	0.00528	0.01149	0.01269	0.15510	0.07316	0.29149	0.35775	0.01367	0.00654	0.00196	0.00328	0.01181	0.00550	0.00552
6	0.02105	0.01551	0.01662	0.01274	0.01717	0.01717	0.01053	0.75235	0.02604	0.03490	0.01330	0.01330	0.00942	0.00665	0.00554	0.00166	0.00609	0.00499	0.00554	0.00942
7	0.01481	0.80869	0.02902	0.00948	0.01421	0.02191	0.00948	0.01658	0.01125	0.01303	0.00770	0.00888	0.00711	0.00474	0.00355	0.00118	0.00592	0.00296	0.00237	0.00711
8	0.01481	0.80869	0.02902	0.00948	0.01421	0.02191	0.00948	0.01658	0.01125	0.01303	0.00770	0.00888	0.00711	0.00474	0.00355	0.00118	0.00592	0.00296	0.00237	0.00711
9	0.00768	0.00565	0.00718	0.00680	0.00817	0.00516	0.00510	0.01014	0.01529	0.02129	0.67807	0.04288	0.14265	0.01166	0.00653	0.00176	0.00264	0.01023	0.00598	0.00516
10	0.01265	0.35363	0.46518	0.01316	0.01991	0.01663	0.01589	0.01714	0.01151	0.01566	0.00901	0.01052	0.00705	0.00504	0.00455	0.00152	0.00724	0.00362	0.00235	0.00774
11	0.01481	0.80869	0.02902	0.00948	0.01421	0.02191	0.00948	0.01658	0.01125	0.01303	0.00770	0.00888	0.00711	0.00474	0.00355	0.00118	0.00592	0.00296	0.00237	0.00711
12	0.01200	0.21718	0.59596	0.01426	0.02161	0.01505	0.01781	0.01731	0.01159	0.01645	0.00940	0.01101	0.00704	0.00514	0.00485	0.00162	0.00764	0.00382	0.00235	0.00792
13	0.00784	0.00566	0.00740	0.00697	0.00827	0.00523	0.00523	0.01045	0.01568	0.02221	0.76789	0.04137	0.05226	0.01132	0.00653	0.00174	0.00261	0.01002	0.00610	0.00523
14	0.00805	0.00537	0.00604	0.00604	0.00604	0.00537	0.00336	0.00805	0.00805	0.01074	0.01745	0.03624	0.02013	0.80536	0.02819	0.00537	0.00537	0.00805	0.00336	0.00336
15	0.00655	0.00561	0.00561	0.00561	0.00748	0.00468	0.00421	0.00795	0.01262	0.01496	0.05610	0.05330	0.76857	0.01403	0.00655	0.00187	0.00281	0.01169	0.00514	0.00468
16	0.01264	0.01207	0.02056	0.28222	0.53090	0.01288	0.01647	0.01606	0.01211	0.01680	0.01023	0.01405	0.00832	0.00513	0.00550	0.00171	0.00684	0.00493	0.00265	0.00791
17	0.01481	0.80869	0.02902	0.00948	0.01421	0.02191	0.00948	0.01658	0.01125	0.01303	0.00770	0.00888	0.00711	0.00474	0.00355	0.00118	0.00592	0.00296	0.00237	0.00711
18	0.29253	0.01098	0.01201	0.00955	0.01358	0.01123	0.00788	0.15910	0.01565	0.39082	0.01562	0.01459	0.01038	0.00626	0.00486	0.00170	0.00483	0.00462	0.00549	0.00830
19	0.01074	0.01013	0.01713	0.72556	0.10241	0.01238	0.01552	0.01440	0.01121	0.01450	0.00989	0.01467	0.00750	0.00548	0.00553	0.00183	0.00731	0.00492	0.00249	0.00638
20	0.01681	0.01340	0.01423	0.01188	0.01556	0.01519	0.00950	0.33081	0.45449	0.02806	0.01869	0.01759	0.01378	0.00715	0.00560	0.00179	0.00510	0.00573	0.00560	0.00904
21	0.01976	0.00856	0.01066	0.00857	0.01189	0.00796	0.00695	0.08600	0.01536	0.46287	0.01986	0.01895	0.01349	0.00670	0.00501	0.00157	0.00414	0.00538	0.27828	0.00803
22	0.01264	0.01207	0.02056	0.28222	0.53090	0.01288	0.01647	0.01606	0.01211	0.01680	0.01023	0.01405	0.00832	0.00513	0.00550	0.00171	0.00684	0.00493	0.00265	0.00791
23	0.01060	0.00912	0.01238	0.29693	0.02147	0.01057	0.01042	0.01752	0.25662	0.01731	0.02022	0.19234	0.01902	0.00961	0.00609	0.00201	0.00529	0.07163	0.00432	0.00656
24	0.01643	0.01348	0.01368	0.01148	0.01450	0.11016	0.00920	0.39790	0.01875	0.02462	0.01333	0.01584	0.01070	0.01795	0.26014	0.00399	0.00936	0.00512	0.02591	0.00746
25	0.01111	0.02865	0.77667	0.01579	0.02397	0.01286	0.02046	0.01754	0.01169	0.01754	0.00994	0.01169	0.00702	0.00526	0.00526	0.00175	0.00818	0.00409	0.00234	0.00818
26	0.01232	0.28407	0.53185	0.01372	0.02078	0.01583	0.01687	0.01723	0.01155	0.01606	0.00921	0.01077	0.00705	0.00509	0.00470	0.00157	0.00744	0.00372	0.00235	0.00783
27	0.01241	0.01273	0.02430	0.27831	0.25865	0.01319	0.28572	0.01634	0.01228	0.01667	0.01052	0.01451	0.00818	0.00503	0.00589	0.00179	0.00785	0.00552	0.00267	0.00744
28	0.84448	0.01071	0.00814	0.00728	0.01071	0.01242	0.00600	0.01628	0.00943	0.02485	0.00771	0.00900	0.00600	0.00514	0.00343	0.00171	0.00428	0.00300	0.00343	0.00600
29	0.01267	0.00633	0.00853	0.00841	0.01003	0.00569	0.00612	0.01402	0.01232	0.26317	0.02768	0.54539	0.02912	0.01391	0.00658	0.00207	0.00370	0.01241	0.00570	0.00611
30	0.01371	0.01316	0.02248	0.03399	0.77081	0.01316	0.01700	0.01700	0.01261	0.01809	0.01042	0.01371	0.00877	0.00493	0.00548	0.00164	0.00658	0.00493	0.00274	0.00877
31	0.01046	0.00984	0.01661	0.79205	0.03814	0.01230	0.01538	0.01415	0.01107	0.01415	0.00984	0.01477	0.00738	0.00554	0.00554	0.00185	0.00738	0.00492	0.00246	0.00615
32	0.01148	0.00984	0.01148	0.00820	0.01312	0.00738	0.00656	0.01395	0.01148	0.01805	0.00984	0.01148	0.00820	0.00410	0.00410	0.00082	0.00410	0.00328	0.00328	0.83922
33	0.00675	0.00482	0.00643	0.00771	0.00803	0.00450	0.00514	0.00771	0.01060	0.01414	0.03053	0.80175	0.03663	0.01735	0.00707	0.00225	0.00321	0.01574	0.00514	0.00450
34	0.00892	0.00637	0.00892	0.01020	0.01147	0.00637	0.00892	0.01147	0.01275	0.01657	0.02932	0.06247	0.03187	0.01530	0.00765	0.00255	0.00510	0.73354	0.00510	0.00510
35	0.02485	0.00943	0.01285	0.00985	0.01414	0.00814	0.00814	0.02699	0.01585	0.77465	0.02185	0.01885	0.01371	0.00685	0.00557	0.00171	0.00471	0.00557	0.00685	0.00943
36	0.01188	0.01008	0.01170	0.00839	0.01329	0.00779	0.00673	0.04454	0.01209	0.01875	0.00999	0.01156	0.00825	0.00421	0.00416	0.00086	0.00418	0.00335	0.00337	0.80484
37	0.01046	0.00984	0.01661	0.79205	0.03814	0.01230	0.01538	0.01415	0.01107	0.01415	0.00984	0.01477	0.00738	0.00554	0.00554	0.00185	0.00738	0.00492	0.00246	0.00615
38	0.01071	0.01019	0.01666	0.67369	0.03455	0.01301	0.01488	0.01403	0.01068	0.01403	0.00945	0.01436	0.00737	0.00617	0.00746	0.00193	0.12732	0.00491	0.00246	0.00614

[dist]
# distance from previous block
# <min> <max>
5	38

[block]
# block no. 2 follows, 43 sequences, length 11
# corresponding to MSA columns:
# 799-809
name=unknown_C
#
# <colnr> <probs for GDERKNQSTAVLIFYWHMCP>
#	G	D	E	R	K	N	Q	S	T	A	V	L	I	F	Y	W	H	M	C	P
0	0.14357	0.01242	0.01430	0.19741	0.01987	0.05320	0.01074	0.19767	0.06315	0.02138	0.01283	0.04819	0.03026	0.00735	0.00746	0.00188	0.14226	0.00530	0.00378	0.00699
1	0.17262	0.06839	0.01543	0.01176	0.01561	0.17952	0.00956	0.37105	0.06207	0.02640	0.01142	0.01193	0.00858	0.00609	0.00491	0.00160	0.00648	0.00426	0.00438	0.00796
2	0.02034	0.01516	0.01622	0.01260	0.01690	0.01684	0.01035	0.68149	0.09806	0.03375	0.01420	0.01402	0.01015	0.00673	0.00555	0.00168	0.00593	0.00511	0.00555	0.00935
3	0.07119	0.01136	0.01267	0.01042	0.01386	0.01213	0.00838	0.26011	0.19319	0.16693	0.15893	0.02107	0.01982	0.00767	0.00562	0.00174	0.00466	0.00621	0.00577	0.00825
4	0.01148	0.00984	0.01148	0.00820	0.01312	0.00738	0.00656	0.01395	0.01148	0.01805	0.00984	0.01148	0.00820	0.00410	0.00410	0.00082	0.00410	0.00328	0.00328	0.83922
5	0.00655	0.00561	0.00561	0.00561	0.00748	0.00468	0.00421	0.00795	0.01262	0.01496	0.05610	0.05330	0.76857	0.01403	0.00655	0.00187	0.00281	0.01169	0.00514	0.00468
6	0.00861	0.00636	0.00883	0.00988	0.01085	0.00658	0.00823	0.01070	0.01199	0.01580	0.02827	0.23314	0.03150	0.01544	0.00815	0.00247	0.05265	0.52059	0.00495	0.00502
7	0.01311	0.01231	0.02078	0.03101	0.67571	0.01231	0.01599	0.01631	0.01263	0.01790	0.01279	0.01982	0.01167	0.00623	0.00575	0.00176	0.00639	0.09619	0.00304	0.00831
8	0.01279	0.01299	0.02461	0.02755	0.42662	0.01262	0.28230	0.01636	0.01258	0.01758	0.01267	0.09139	0.01137	0.00605	0.00602	0.00178	0.00725	0.00658	0.00300	0.00788
9	0.01087	0.01029	0.01458	0.01287	0.01316	0.01399	0.01058	0.01231	0.00861	0.01319	0.00951	0.01497	0.00921	0.01911	0.24449	0.00434	0.56443	0.00517	0.00258	0.00573
10	0.01136	0.01076	0.01823	0.58280	0.24039	0.01254	0.01583	0.01494	0.01150	0.01524	0.01000	0.01447	0.00777	0.00537	0.00552	0.00179	0.00716	0.00493	0.00254	0.00688

[dist]
# distance from previous block
# <min> <max>
1	3

[block]
# block no. 3 follows, 43 sequences, length 21
# corresponding to MSA columns:
# 813-833
name=unknown_D
#
# <colnr> <probs for GDERKNQSTAVLIFYWHMCP>
#	G	D	E	R	K	N	Q	S	T	A	V	L	I	F	Y	W	H	M	C	P
0	0.00992	0.00520	0.00532	0.00532	0.00638	0.00520	0.00378	0.01204	0.01098	0.01888	0.01796	0.02343	0.01525	0.14883	0.00821	0.00202	0.00308	0.00568	0.68770	0.00484
1	0.03740	0.00601	0.00828	0.14645	0.01261	0.00650	0.00644	0.01051	0.00934	0.01435	0.01222	0.01739	0.01052	0.01237	0.01266	0.40246	0.00456	0.00488	0.26100	0.00405
2	0.01183	0.01149	0.01736	0.59361	0.13368	0.05773	0.01507	0.03355	0.01182	0.01513	0.00983	0.01420	0.00760	0.00566	0.00601	0.00181	0.03957	0.00484	0.00260	0.00660
3	0.00985	0.00528	0.00594	0.00594	0.00711	0.00546	0.00447	0.01205	0.01088	0.01864	0.01701	0.02063	0.01387	0.01343	0.14380	0.04997	0.00489	0.00528	0.64053	0.00497
4	0.01032	0.00516	0.00516	0.00516	0.00645	0.00516	0.00387	0.01290	0.01161	0.02065	0.01807	0.02065	0.01420	0.00645	0.00387	0.00129	0.00258	0.00516	0.83611	0.00516
5	0.01111	0.02865	0.77667	0.01579	0.02397	0.01286	0.02046	0.01754	0.01169	0.01754	0.00994	0.01169	0.00702	0.00526	0.00526	0.00175	0.00818	0.00409	0.00234	0.00818
6	0.01148	0.00984	0.01148	0.00820	0.01312	0.00738	0.00656	0.01395	0.01148	0.01805	0.00984	0.01148	0.00820	0.00410	0.00410	0.00082	0.00410	0.00328	0.00328	0.83922
7	0.00805	0.00537	0.00604	0.00604	0.00604	0.00537	0.00336	0.00805	0.00805	0.01074	0.01745	0.03624	0.02013	0.80536	0.02819	0.00537	0.00537	0.00805	0.00336	0.00336
8	0.00992	0.00520	0.00532	0.00532	0.00638	0.00520	0.00378	0.01204	0.01098	0.01888	0.01796	0.02343	0.01525	0.14883	0.00821	0.00202	0.00308	0.00568	0.68770	0.00484
9	0.00791	0.00593	0.00890	0.00890	0.00989	0.00692	0.00692	0.00989	0.00890	0.01286	0.01483	0.02176	0.01385	0.04154	0.78341	0.00890	0.01483	0.00593	0.00297	0.00494
10	0.50447	0.01013	0.00983	0.00825	0.01191	0.01073	0.00677	0.02015	0.03726	0.28372	0.01474	0.01430	0.03489	0.00612	0.00435	0.00172	0.00439	0.00429	0.00475	0.00723
11	0.00675	0.00482	0.00643	0.00771	0.00803	0.00450	0.00514	0.00771	0.01060	0.01414	0.03053	0.80175	0.03663	0.01735	0.00707	0.00225	0.00321	0.01574	0.00514	0.00450
12	0.02162	0.00860	0.01171	0.00947	0.01305	0.00749	0.00761	0.02355	0.01492	0.63911	0.02340	0.15838	0.01779	0.00873	0.00584	0.00181	0.00445	0.00738	0.00655	0.00855
13	0.02288	0.00987	0.01279	0.01011	0.01418	0.00914	0.00825	0.02743	0.14862	0.64072	0.02197	0.01917	0.01428	0.00697	0.00558	0.00174	0.00465	0.00569	0.00664	0.00931
14	0.00692	0.00528	0.00636	0.00683	0.00790	0.00472	0.00484	0.00839	0.01241	0.01619	0.20076	0.37793	0.29171	0.01489	0.00677	0.00201	0.00294	0.01310	0.00535	0.00472
15	0.01249	0.01078	0.01129	0.01026	0.01317	0.01215	0.00795	0.02560	0.62747	0.02171	0.02852	0.02648	0.15087	0.00867	0.00580	0.00188	0.00410	0.00723	0.00555	0.00804
16	0.00763	0.00565	0.00711	0.00675	0.00815	0.00514	0.00506	0.01005	0.01518	0.02104	0.65277	0.04330	0.16811	0.01176	0.00653	0.00176	0.00264	0.01029	0.00594	0.00514
17	0.00682	0.00496	0.00643	0.00747	0.00800	0.00457	0.00507	0.00795	0.01118	0.01484	0.09067	0.67602	0.10243	0.01658	0.00698	0.00218	0.00313	0.01494	0.00522	0.00457
18	0.00852	0.00604	0.00610	0.00598	0.00777	0.00569	0.00452	0.01165	0.08203	0.01768	0.03993	0.03906	0.43978	0.01082	0.00554	0.00167	0.00288	0.00894	0.29017	0.00522
19	0.22020	0.00906	0.01042	0.00847	0.01212	0.00856	0.00692	0.02100	0.01372	0.45756	0.02453	0.02260	0.14637	0.00772	0.00522	0.00174	0.00427	0.00604	0.00572	0.00775
20	0.00675	0.00508	0.00626	0.00710	0.00790	0.00459	0.00489	0.00793	0.01144	0.01482	0.07918	0.55557	0.23619	0.01611	0.00690	0.00212	0.00307	0.01432	0.00520	0.00459

[dist]
# distance from previous block
# <min> <max>
0	6

[block]
# block no. 4 follows, 43 sequences, length 22
# corresponding to MSA columns:
# 840-861
name=unknown_E
#
# <colnr> <probs for GDERKNQSTAVLIFYWHMCP>
#	G	D	E	R	K	N	Q	S	T	A	V	L	I	F	Y	W	H	M	C	P
0	0.00822	0.09777	0.00942	0.00782	0.00951	0.00710	0.00636	0.00989	0.01207	0.01502	0.03738	0.21252	0.31273	0.01404	0.00663	0.00207	0.00391	0.21770	0.00481	0.00504
1	0.10284	0.00550	0.00662	0.00766	0.00834	0.00541	0.00524	0.00869	0.01047	0.01537	0.02791	0.71082	0.03312	0.01595	0.00665	0.00219	0.00334	0.01428	0.00494	0.00467
2	0.01453	0.01171	0.01306	0.01152	0.01439	0.01366	0.00910	0.02737	0.61064	0.08648	0.02073	0.01953	0.01553	0.00771	0.00707	0.00193	0.09512	0.00604	0.00537	0.00851
3	0.01066	0.00630	0.00839	0.00879	0.01034	0.00586	0.00700	0.01249	0.01256	0.14555	0.03151	0.29802	0.11483	0.01438	0.00697	0.00223	0.00415	0.28895	0.00542	0.00559
4	0.00856	0.00656	0.00952	0.00831	0.00935	0.00632	0.08965	0.00990	0.01097	0.01507	0.24757	0.03538	0.02867	0.46927	0.01904	0.00385	0.00498	0.00848	0.00414	0.00440
5	0.01302	0.00980	0.01164	0.00839	0.01324	0.00747	0.00674	0.01544	0.01199	0.10483	0.01122	0.01233	0.00883	0.00442	0.00427	0.00092	0.00417	0.00354	0.00369	0.74404
6	0.01014	0.00800	0.01249	0.01036	0.01303	0.00708	0.14732	0.01238	0.01270	0.08166	0.12049	0.23250	0.19206	0.01103	0.00631	0.00182	0.00444	0.01007	0.00475	0.10136
7	0.01443	0.01159	0.01306	0.00960	0.01437	0.01039	0.00778	0.24108	0.01596	0.02323	0.01091	0.01204	0.00858	0.00488	0.00454	0.00108	0.00471	0.00381	0.00398	0.58397
8	0.00769	0.00549	0.00748	0.00863	0.00940	0.00529	0.00663	0.00940	0.01184	0.01571	0.08665	0.45313	0.03596	0.01608	0.00726	0.00233	0.00391	0.29712	0.00520	0.00479
9	0.01311	0.01479	0.03168	0.02274	0.02822	0.01399	0.71383	0.01832	0.05023	0.01801	0.01177	0.01522	0.00883	0.00481	0.00649	0.00187	0.00909	0.00652	0.00294	0.00753
10	0.01302	0.01201	0.01959	0.34014	0.40854	0.01316	0.01579	0.07889	0.01314	0.01793	0.01043	0.01410	0.00826	0.00533	0.00551	0.00173	0.00686	0.00493	0.00287	0.00776
11	0.00675	0.00547	0.00577	0.00595	0.00738	0.00473	0.00423	0.00793	0.01180	0.01434	0.04797	0.15326	0.57875	0.10970	0.00922	0.00234	0.00317	0.01180	0.00493	0.00449
12	0.01327	0.01304	0.02059	0.17100	0.53287	0.04769	0.01597	0.01636	0.01209	0.01673	0.00994	0.01359	0.00831	0.00552	0.00663	0.00174	0.07919	0.00486	0.00267	0.00794
13	0.14702	0.00863	0.01040	0.00939	0.01064	0.01035	0.00750	0.01169	0.01064	0.01681	0.13889	0.02665	0.17067	0.04840	0.08728	0.00285	0.26594	0.00700	0.00382	0.00541
14	0.00962	0.00481	0.00722	0.00722	0.00722	0.00481	0.00481	0.00722	0.00722	0.00962	0.00962	0.01684	0.00962	0.01924	0.02165	0.83886	0.00481	0.00481	0.00241	0.00241
15	0.00820	0.00503	0.00654	0.00690	0.00700	0.00494	0.00435	0.00768	0.00850	0.01134	0.01860	0.24822	0.02137	0.32101	0.02000	0.27966	0.00457	0.00918	0.00355	0.00337
16	0.03977	0.01164	0.01617	0.18041	0.07699	0.01458	0.01220	0.13984	0.01242	0.01788	0.00985	0.01385	0.00838	0.01091	0.08720	0.00273	0.33042	0.00494	0.00307	0.00675
17	0.08416	0.01514	0.13131	0.07814	0.23406	0.05204	0.02648	0.01693	0.05868	0.01755	0.01016	0.01286	0.00828	0.00598	0.00732	0.00174	0.14162	0.00450	0.00291	0.09015
18	0.08489	0.26154	0.28258	0.01358	0.01932	0.09128	0.10444	0.01746	0.01192	0.01645	0.00908	0.01083	0.00719	0.00501	0.00466	0.00152	0.00730	0.00387	0.00259	0.04447
19	0.01656	0.01345	0.01504	0.05291	0.10505	0.08753	0.00992	0.22760	0.01658	0.09161	0.01187	0.01296	0.00898	0.00541	0.00497	0.00135	0.00576	0.00428	0.00411	0.30406
20	0.01843	0.01156	0.01422	0.01136	0.01503	0.09596	0.08887	0.02229	0.09679	0.36845	0.11764	0.02185	0.05097	0.00737	0.00574	0.00170	0.00540	0.00630	0.00554	0.03455
21	0.05463	0.00934	0.01342	0.01079	0.01359	0.00900	0.13733	0.04793	0.07596	0.10826	0.01687	0.09370	0.01582	0.24939	0.01245	0.00280	0.00552	0.00704	0.00413	0.11201

[dist]
# distance from previous block
# <min> <max>
0	29

[block]
# block no. 5 follows, 43 sequences, length 57
# corresponding to MSA columns:
# 891-947
name=unknown_F
#
# <colnr> <probs for GDERKNQSTAVLIFYWHMCP>
#	G	D	E	R	K	N	Q	S	T	A	V	L	I	F	Y	W	H	M	C	P
0	0.02067	0.02024	0.01621	0.02973	0.01759	0.35839	0.01071	0.41150	0.02112	0.02496	0.01111	0.01185	0.00836	0.00621	0.00530	0.00156	0.00786	0.00435	0.00428	0.00801
1	0.26923	0.05175	0.00971	0.00881	0.01086	0.00910	0.02153	0.01324	0.04964	0.01877	0.03729	0.24372	0.02299	0.01142	0.00580	0.00207	0.00436	0.19971	0.00444	0.00556
2	0.44534	0.01199	0.01129	0.03811	0.01396	0.01375	0.00795	0.17790	0.18592	0.02624	0.01241	0.01282	0.00930	0.00603	0.00447	0.00175	0.00481	0.00425	0.00436	0.00738
3	0.02990	0.01005	0.01136	0.02340	0.01296	0.01074	0.00781	0.25937	0.13934	0.04447	0.08057	0.26348	0.04367	0.01060	0.00607	0.00188	0.00446	0.00907	0.00536	0.02547
4	0.05404	0.02772	0.73708	0.01535	0.02329	0.01284	0.01972	0.01747	0.01158	0.01792	0.00982	0.01155	0.00696	0.00526	0.00517	0.00175	0.00798	0.00404	0.00239	0.00807
5	0.00804	0.00561	0.00668	0.00695	0.00749	0.00548	0.00474	0.00888	0.00998	0.01310	0.06632	0.06116	0.10099	0.49821	0.02002	0.00415	0.00485	0.15926	0.00409	0.00398
6	0.00811	0.00614	0.00871	0.00781	0.00934	0.00568	0.04363	0.01083	0.01554	0.02198	0.72891	0.04001	0.05000	0.01098	0.00653	0.00175	0.00296	0.00984	0.00593	0.00534
7	0.01197	0.00983	0.01153	0.00826	0.01316	0.00741	0.00662	0.01442	0.01164	0.04575	0.01028	0.01175	0.00840	0.00420	0.00416	0.00085	0.00412	0.00337	0.00341	0.80884
8	0.01032	0.00516	0.00516	0.00516	0.00645	0.00516	0.00387	0.01290	0.01161	0.02065	0.01807	0.02065	0.01420	0.00645	0.00387	0.00129	0.00258	0.00516	0.83611	0.00516
9	0.01432	0.01234	0.01389	0.01201	0.01537	0.01406	0.04713	0.08612	0.66405	0.02382	0.02122	0.01978	0.01587	0.00730	0.00567	0.00186	0.00477	0.00617	0.00548	0.00875
10	0.01264	0.01409	0.03001	0.15121	0.03048	0.01372	0.62838	0.01714	0.01274	0.01714	0.01098	0.01491	0.00823	0.00481	0.00637	0.00186	0.00901	0.00627	0.00274	0.00725
11	0.00804	0.00667	0.00668	0.00662	0.00859	0.00555	0.00486	0.00904	0.01346	0.01627	0.05648	0.05430	0.75314	0.01476	0.00711	0.00212	0.00332	0.01198	0.00557	0.00543
12	0.01735	0.01451	0.01505	0.08653	0.01815	0.07617	0.01036	0.35934	0.29298	0.02694	0.01598	0.01587	0.01179	0.00679	0.00553	0.00174	0.00590	0.00533	0.00507	0.00863
13	0.00784	0.00566	0.00740	0.00697	0.00827	0.00523	0.00523	0.01045	0.01568	0.02221	0.76789	0.04137	0.05226	0.01132	0.00653	0.00174	0.00261	0.01002	0.00610	0.00523
14	0.01307	0.01494	0.03268	0.02334	0.02894	0.01401	0.75070	0.01774	0.01307	0.01774	0.01120	0.01494	0.00840	0.00467	0.00654	0.00187	0.00934	0.00654	0.00280	0.00747
15	0.01506	0.01589	0.01882	0.21384	0.33525	0.21467	0.01450	0.05423	0.01360	0.01665	0.00985	0.01293	0.00799	0.00550	0.00571	0.00166	0.02897	0.00457	0.00283	0.00747
16	0.00829	0.00656	0.00920	0.17988	0.01492	0.00680	0.00748	0.02806	0.01310	0.01766	0.29781	0.26957	0.09548	0.01201	0.00646	0.00193	0.00395	0.01067	0.00491	0.00526
17	0.00962	0.00481	0.00722	0.00722	0.00722	0.00481	0.00481	0.00722	0.00722	0.00962	0.00962	0.01684	0.00962	0.01924	0.02165	0.83886	0.00481	0.00481	0.00241	0.00241
18	0.01574	0.01274	0.01355	0.01159	0.01501	0.01447	0.00917	0.24885	0.50951	0.02641	0.02002	0.04702	0.01535	0.00761	0.00566	0.00183	0.00486	0.00622	0.00559	0.00881
19	0.01093	0.01053	0.01840	0.66873	0.09546	0.01251	0.07600	0.01467	0.01136	0.01476	0.01000	0.01470	0.00758	0.00542	0.00561	0.00183	0.00748	0.00506	0.00251	0.00647
20	0.01364	0.01064	0.01283	0.05206	0.07407	0.01142	0.00893	0.25742	0.13078	0.02560	0.29176	0.02576	0.04435	0.00848	0.00594	0.00174	0.00459	0.00717	0.00537	0.00745
21	0.00728	0.00533	0.00628	0.00665	0.00741	0.00494	0.00447	0.00829	0.01097	0.01430	0.11772	0.27233	0.21724	0.25649	0.01334	0.00306	0.00375	0.03113	0.00470	0.00429
22	0.02029	0.00957	0.01239	0.00929	0.01379	0.00788	0.00760	0.02254	0.01436	0.51670	0.01776	0.01634	0.01183	0.00592	0.00507	0.00141	0.00450	0.00479	0.00564	0.29233
23	0.01046	0.00984	0.01661	0.79205	0.03814	0.01230	0.01538	0.01415	0.01107	0.01415	0.00984	0.01477	0.00738	0.00554	0.00554	0.00185	0.00738	0.00492	0.00246	0.00615
24	0.00853	0.00611	0.00837	0.00902	0.01030	0.00595	0.00757	0.01110	0.01382	0.01864	0.29990	0.05474	0.03934	0.01384	0.00724	0.00225	0.00419	0.46847	0.00546	0.00515
25	0.02071	0.02574	0.01575	0.01418	0.01712	0.73707	0.01069	0.06603	0.01632	0.01484	0.00885	0.01019	0.00727	0.00576	0.00503	0.00144	0.00975	0.00365	0.00302	0.00660
26	0.02084	0.01541	0.01650	0.01270	0.01709	0.01707	0.01047	0.73095	0.04779	0.03456	0.01357	0.01351	0.00964	0.00667	0.00554	0.00167	0.00604	0.00502	0.00554	0.00940
27	0.01111	0.02865	0.77667	0.01579	0.02397	0.01286	0.02046	0.01754	0.01169	0.01754	0.00994	0.01169	0.00702	0.00526	0.00526	0.00175	0.00818	0.00409	0.00234	0.00818
28	0.02103	0.01609	0.01657	0.01282	0.01717	0.05769	0.01054	0.71372	0.02549	0.03377	0.01305	0.01312	0.00930	0.00660	0.00551	0.00165	0.00630	0.00491	0.00540	0.00926
29	0.01148	0.00984	0.01148	0.00820	0.01312	0.00738	0.00656	0.01395	0.01148	0.01805	0.00984	0.01148	0.00820	0.00410	0.00410	0.00082	0.00410	0.00328	0.00328	0.83922
30	0.00710	0.00509	0.00674	0.00747	0.00811	0.00473	0.00517	0.00859	0.01224	0.01674	0.26781	0.55706	0.04166	0.01541	0.00690	0.00209	0.00302	0.01390	0.00545	0.00473
31	0.01046	0.00984	0.01661	0.79205	0.03814	0.01230	0.01538	0.01415	0.01107	0.01415	0.00984	0.01477	0.00738	0.00554	0.00554	0.00185	0.00738	0.00492	0.00246	0.00615
32	0.01728	0.01206	0.01940	0.02613	0.52257	0.01170	0.01414	0.03541	0.01389	0.25093	0.01399	0.01528	0.01030	0.00556	0.00551	0.00167	0.00600	0.00513	0.00406	0.00899
33	0.01640	0.00755	0.01005	0.00890	0.01145	0.00682	0.00684	0.01872	0.04575	0.40428	0.08419	0.30753	0.02530	0.01108	0.00620	0.00192	0.00398	0.00968	0.00611	0.00726
34	0.01481	0.80869	0.02902	0.00948	0.01421	0.02191	0.00948	0.01658	0.01125	0.01303	0.00770	0.00888	0.00711	0.00474	0.00355	0.00118	0.00592	0.00296	0.00237	0.00711
35	0.00757	0.00522	0.00692	0.00751	0.00827	0.00484	0.00524	0.00913	0.01247	0.03589	0.28203	0.52262	0.04139	0.01503	0.00685	0.00206	0.00305	0.01353	0.00551	0.00487
36	0.02051	0.05045	0.01610	0.01412	0.01703	0.75972	0.01066	0.02195	0.01556	0.01354	0.00853	0.00995	0.00713	0.00568	0.00495	0.00142	0.00986	0.00355	0.00284	0.00644
37	0.80189	0.01067	0.00857	0.04737	0.01211	0.01242	0.00648	0.01617	0.00951	0.02430	0.00782	0.00929	0.00607	0.00516	0.00354	0.00172	0.00444	0.00310	0.00338	0.00601
38	0.01481	0.80869	0.02902	0.00948	0.01421	0.02191	0.00948	0.01658	0.01125	0.01303	0.00770	0.00888	0.00711	0.00474	0.00355	0.00118	0.00592	0.00296	0.00237	0.00711
39	0.60058	0.16080	0.01333	0.00988	0.07171	0.01415	0.00758	0.01668	0.01019	0.04237	0.00831	0.00962	0.00663	0.00510	0.00367	0.00161	0.00479	0.00321	0.00327	0.00652
40	0.00800	0.00583	0.00669	0.00637	0.00814	0.00507	0.00481	0.00992	0.01400	0.05685	0.33711	0.04679	0.44524	0.01258	0.00649	0.00181	0.00283	0.01071	0.00561	0.00514
41	0.01365	0.09924	0.23864	0.11158	0.14094	0.01320	0.04910	0.07571	0.04030	0.08073	0.01315	0.05791	0.01077	0.00640	0.00543	0.00173	0.00671	0.02358	0.00341	0.00783
42	0.01470	0.78557	0.05119	0.00966	0.01450	0.02165	0.00980	0.01661	0.01127	0.01316	0.00777	0.00897	0.00710	0.00475	0.00360	0.00120	0.00599	0.00299	0.00237	0.00714
43	0.00720	0.00561	0.00653	0.00635	0.00790	0.00495	0.00475	0.00920	0.01410	0.01857	0.41241	0.06951	0.38753	0.01277	0.00655	0.00182	0.00272	0.01097	0.00562	0.00495
44	0.00683	0.00562	0.00600	0.00591	0.00765	0.00480	0.00443	0.00849	0.01329	0.01654	0.21125	0.05070	0.61243	0.01344	0.00654	0.00184	0.00276	0.01132	0.00535	0.00480
45	0.00791	0.00547	0.00644	0.00631	0.00682	0.00529	0.00399	0.00880	0.01069	0.01456	0.25473	0.03875	0.06979	0.51460	0.02026	0.00405	0.00437	0.00886	0.00431	0.00401
46	0.84448	0.01071	0.00814	0.00728	0.01071	0.01242	0.00600	0.01628	0.00943	0.02485	0.00771	0.00900	0.00600	0.00514	0.00343	0.00171	0.00428	0.00300	0.00343	0.00600
47	0.00796	0.00576	0.00803	0.00803	0.00871	0.00645	0.00583	0.00933	0.00864	0.01221	0.01563	0.02618	0.01577	0.27488	0.55270	0.00782	0.01194	0.00658	0.00309	0.00446
48	0.84448	0.01071	0.00814	0.00728	0.01071	0.01242	0.00600	0.01628	0.00943	0.02485	0.00771	0.00900	0.00600	0.00514	0.00343	0.00171	0.00428	0.00300	0.00343	0.00600
49	0.00736	0.00564	0.00675	0.00647	0.00798	0.00502	0.00485	0.00953	0.01456	0.01955	0.50712	0.04574	0.31468	0.01231	0.00654	0.00179	0.00268	0.01063	0.00575	0.00502
50	0.01481	0.80869	0.02902	0.00948	0.01421	0.02191	0.00948	0.01658	0.01125	0.01303	0.00770	0.00888	0.00711	0.00474	0.00355	0.00118	0.00592	0.00296	0.00237	0.00711
51	0.01345	0.52292	0.30293	0.01179	0.01779	0.01860	0.01350	0.01693	0.01141	0.01468	0.00852	0.00991	0.00707	0.00493	0.00418	0.00139	0.00675	0.00338	0.00236	0.00750
52	0.01640	0.01937	0.01422	0.01324	0.01565	0.49879	0.04781	0.01821	0.01445	0.01451	0.01534	0.09040	0.01540	0.00885	0.00586	0.00178	0.00825	0.17189	0.00356	0.00601
53	0.00685	0.00562	0.00605	0.00605	0.00776	0.00482	0.00456	0.00849	0.01310	0.01625	0.17911	0.07397	0.59903	0.01369	0.00659	0.00188	0.00285	0.03324	0.00531	0.00478
54	0.01336	0.30470	0.02591	0.01506	0.01875	0.01740	0.23650	0.01590	0.01105	0.01480	0.00876	0.01176	0.00760	0.00607	0.00857	0.00172	0.22687	0.00459	0.00256	0.04807
55	0.00967	0.13836	0.17123	0.01042	0.01350	0.01054	0.01014	0.01254	0.00985	0.01385	0.01268	0.01762	0.01136	0.02816	0.49806	0.00619	0.01204	0.00508	0.00274	0.00596
56	0.25142	0.02219	0.49556	0.01298	0.01946	0.01273	0.01541	0.03538	0.03168	0.04134	0.01005	0.01140	0.00723	0.00537	0.00476	0.00174	0.00681	0.00390	0.00294	0.00764

[dist]
# distance from previous block
# <min> <max>
0	1

[block]
# block no. 6 follows, 43 sequences, length 48
# corresponding to MSA columns:
# 950-997
name=unknown_G
#
# <colnr> <probs for GDERKNQSTAVLIFYWHMCP>
#	G	D	E	R	K	N	Q	S	T	A	V	L	I	F	Y	W	H	M	C	P
0	0.53348	0.01000	0.01051	0.23949	0.01862	0.01178	0.00871	0.01499	0.01000	0.02086	0.01009	0.07151	0.00876	0.00619	0.00433	0.00179	0.00512	0.00455	0.00327	0.00593
1	0.23749	0.04537	0.00852	0.00716	0.00937	0.00867	0.00557	0.04939	0.01126	0.01778	0.02749	0.03023	0.28082	0.11163	0.12381	0.00326	0.00563	0.00725	0.00402	0.00528
2	0.01060	0.00803	0.00987	0.00828	0.01108	0.00730	0.00633	0.01358	0.06713	0.05222	0.07252	0.03592	0.01601	0.12120	0.19406	0.00358	0.00675	0.00565	0.00382	0.34608
3	0.00667	0.00511	0.00612	0.00693	0.00783	0.00456	0.00479	0.00780	0.01136	0.01444	0.04005	0.52291	0.30931	0.01611	0.00687	0.00211	0.00306	0.01423	0.00514	0.00456
4	0.01148	0.00984	0.01148	0.00820	0.01312	0.00738	0.00656	0.01395	0.01148	0.01805	0.00984	0.01148	0.00820	0.00410	0.00410	0.00082	0.00410	0.00328	0.00328	0.83922
5	0.01211	0.01225	0.02296	0.35908	0.23409	0.01304	0.23336	0.01598	0.01208	0.01628	0.01040	0.01453	0.00806	0.00512	0.00582	0.00180	0.00774	0.00540	0.00264	0.00725
6	0.01032	0.00516	0.00516	0.00516	0.00645	0.00516	0.00387	0.01290	0.01161	0.02065	0.01807	0.02065	0.01420	0.00645	0.00387	0.00129	0.00258	0.00516	0.83611	0.00516
7	0.01359	0.01309	0.02105	0.02314	0.32292	0.01358	0.17820	0.02180	0.29145	0.01990	0.01511	0.01657	0.01172	0.00584	0.00578	0.00178	0.00638	0.00579	0.00383	0.00848
8	0.02103	0.01490	0.01612	0.01239	0.01674	0.01635	0.01023	0.69103	0.02508	0.07931	0.01393	0.01381	0.00979	0.00666	0.00550	0.00166	0.00593	0.00503	0.02521	0.00932
9	0.01667	0.00949	0.01320	0.22279	0.02007	0.00936	0.00971	0.05342	0.03269	0.32527	0.01728	0.09468	0.01334	0.00714	0.00549	0.00167	0.00526	0.00606	0.00486	0.13156
10	0.01210	0.01231	0.02348	0.02404	0.30112	0.01183	0.32142	0.01561	0.01266	0.01732	0.01672	0.08088	0.06660	0.00706	0.00625	0.00186	0.00711	0.05100	0.00327	0.00738
11	0.14897	0.01312	0.02117	0.01623	0.02055	0.01366	0.35280	0.02186	0.29105	0.02092	0.01486	0.01610	0.01118	0.00581	0.00569	0.00185	0.00667	0.00586	0.00396	0.00771
12	0.66780	0.07248	0.02794	0.00838	0.01196	0.08577	0.00709	0.01717	0.02643	0.02270	0.00816	0.00939	0.00645	0.00522	0.00367	0.00165	0.00503	0.00314	0.00332	0.00623
13	0.01054	0.25533	0.26393	0.01025	0.01493	0.01253	0.01116	0.01366	0.01175	0.01516	0.02450	0.08375	0.23462	0.00862	0.00526	0.00165	0.00553	0.00689	0.00339	0.00654
14	0.01244	0.09435	0.42303	0.01352	0.01951	0.01404	0.01509	0.02188	0.29073	0.01922	0.01443	0.01478	0.01071	0.00605	0.00524	0.00175	0.00656	0.00480	0.00357	0.00830
15	0.01043	0.30483	0.01546	0.00790	0.01049	0.01144	0.00681	0.01274	0.01403	0.01879	0.48468	0.02927	0.03544	0.00887	0.00542	0.00153	0.00385	0.00739	0.00471	0.00593
16	0.00989	0.00809	0.00979	0.00821	0.01149	0.00645	0.00632	0.01191	0.01132	0.01678	0.01746	0.24919	0.01843	0.00888	0.00525	0.00138	0.00392	0.06298	0.00397	0.52829
17	0.01032	0.00516	0.00516	0.00516	0.00645	0.00516	0.00387	0.01290	0.01161	0.02065	0.01807	0.02065	0.01420	0.00645	0.00387	0.00129	0.00258	0.00516	0.83611	0.00516
18	0.32158	0.02197	0.49035	0.01262	0.01903	0.01270	0.01507	0.01707	0.01085	0.02026	0.00911	0.01069	0.00664	0.00522	0.00458	0.00174	0.00673	0.00369	0.00274	0.00737
19	0.84448	0.01071	0.00814	0.00728	0.01071	0.01242	0.00600	0.01628	0.00943	0.02485	0.00771	0.00900	0.00600	0.00514	0.00343	0.00171	0.00428	0.00300	0.00343	0.00600
20	0.84448	0.01071	0.00814	0.00728	0.01071	0.01242	0.00600	0.01628	0.00943	0.02485	0.00771	0.00900	0.00600	0.00514	0.00343	0.00171	0.00428	0.00300	0.00343	0.00600
21	0.00743	0.00535	0.00704	0.00724	0.00818	0.00495	0.00519	0.00943	0.01379	0.01920	0.49319	0.32465	0.04644	0.01357	0.00673	0.00193	0.00284	0.01215	0.00574	0.00495
22	0.00708	0.00533	0.00655	0.00688	0.00797	0.00481	0.00492	0.00875	0.01296	0.01724	0.30018	0.32788	0.24067	0.01430	0.00674	0.00197	0.00289	0.01260	0.00548	0.00481
23	0.02485	0.00943	0.01285	0.00985	0.01414	0.00814	0.00814	0.02699	0.01585	0.77465	0.02185	0.01885	0.01371	0.00685	0.00557	0.00171	0.00471	0.00557	0.00685	0.00943
24	0.00694	0.00504	0.00655	0.00741	0.00804	0.00465	0.00509	0.00826	0.01174	0.01577	0.17569	0.59648	0.09599	0.01592	0.00692	0.00212	0.00307	0.01432	0.00533	0.00465
25	0.01977	0.15000	0.01785	0.01344	0.01666	0.62630	0.01050	0.05562	0.01548	0.01448	0.00865	0.00997	0.00724	0.00560	0.00479	0.00140	0.00916	0.00354	0.00290	0.00667
26	0.84448	0.01071	0.00814	0.00728	0.01071	0.01242	0.00600	0.01628	0.00943	0.02485	0.00771	0.00900	0.00600	0.00514	0.00343	0.00171	0.00428	0.00300	0.00343	0.00600
27	0.01036	0.00735	0.01024	0.22815	0.01741	0.00759	0.00836	0.01302	0.03258	0.10883	0.13777	0.14251	0.21311	0.01070	0.00622	0.00190	0.00446	0.02885	0.00475	0.00585
28	0.01670	0.39539	0.02153	0.01139	0.01527	0.24651	0.00977	0.05891	0.14442	0.01610	0.01084	0.01150	0.00895	0.00561	0.00445	0.00140	0.00687	0.00382	0.00325	0.00731
29	0.84448	0.01071	0.00814	0.00728	0.01071	0.01242	0.00600	0.01628	0.00943	0.02485	0.00771	0.00900	0.00600	0.00514	0.00343	0.00171	0.00428	0.00300	0.00343	0.00600
30	0.03891	0.07805	0.26035	0.01397	0.01963	0.03502	0.06683	0.33132	0.01815	0.06770	0.01188	0.01269	0.00850	0.00587	0.00531	0.00167	0.00696	0.00461	0.00404	0.00855
31	0.00968	0.00805	0.00878	0.00862	0.01058	0.00849	0.00641	0.01701	0.32994	0.01821	0.03446	0.25555	0.23785	0.01222	0.00631	0.00198	0.00359	0.01055	0.00535	0.00636
32	0.00682	0.00487	0.00651	0.00780	0.00815	0.00456	0.00527	0.00784	0.01068	0.01422	0.03048	0.77573	0.03646	0.01728	0.00709	0.00226	0.00328	0.04101	0.00514	0.00452
33	0.00962	0.00481	0.00722	0.00722	0.00722	0.00481	0.00481	0.00722	0.00722	0.00962	0.00962	0.01684	0.00962	0.01924	0.02165	0.83886	0.00481	0.00481	0.00241	0.00241
34	0.01287	0.01455	0.03144	0.08272	0.02966	0.01387	0.69391	0.01746	0.01292	0.01746	0.01110	0.01493	0.00832	0.00474	0.00646	0.00187	0.00919	0.00641	0.00277	0.00737
35	0.01502	0.01237	0.01544	0.30265	0.02419	0.01439	0.01183	0.27047	0.23071	0.02381	0.01466	0.01595	0.01080	0.00648	0.00557	0.00179	0.00608	0.00533	0.00442	0.00802
36	0.00962	0.00481	0.00722	0.00722	0.00722	0.00481	0.00481	0.00722	0.00722	0.00962	0.00962	0.01684	0.00962	0.01924	0.02165	0.83886	0.00481	0.00481	0.00241	0.00241
37	0.01834	0.01417	0.01509	0.01219	0.01614	0.01591	0.00987	0.48303	0.29978	0.03053	0.01674	0.01604	0.01221	0.00697	0.00558	0.00174	0.00546	0.00546	0.00558	0.00918
38	0.01276	0.00933	0.01084	0.00912	0.01159	0.00968	0.00720	0.28684	0.01954	0.02694	0.48677	0.03091	0.03630	0.00958	0.00616	0.00171	0.00391	0.00814	0.00589	0.00679
39	0.01859	0.00791	0.01031	0.00843	0.01112	0.00711	0.00636	0.01994	0.01295	0.49006	0.02021	0.02533	0.01610	0.30434	0.01400	0.00308	0.00496	0.00650	0.00555	0.00716
40	0.01811	0.02099	0.01451	0.01315	0.01611	0.49651	0.00998	0.02484	0.29329	0.01714	0.01377	0.01396	0.01077	0.00638	0.00523	0.00160	0.00790	0.00457	0.00389	0.00729
41	0.00736	0.00564	0.00674	0.00646	0.00798	0.00502	0.00485	0.00952	0.01454	0.01951	0.50272	0.04581	0.31912	0.01233	0.00654	0.00179	0.00268	0.01064	0.00574	0.00502
42	0.00805	0.00537	0.00604	0.00604	0.00604	0.00537	0.00336	0.00805	0.00805	0.01074	0.01745	0.03624	0.02013	0.80536	0.02819	0.00537	0.00537	0.00805	0.00336	0.00336
43	0.02105	0.01551	0.01662	0.01274	0.01717	0.01717	0.01053	0.75235	0.02604	0.03490	0.01330	0.01330	0.00942	0.00665	0.00554	0.00166	0.00609	0.00499	0.00554	0.00942
44	0.00691	0.00494	0.00662	0.00790	0.00830	0.00464	0.00543	0.00800	0.01077	0.01432	0.03043	0.74505	0.03627	0.01719	0.00711	0.00227	0.00336	0.07080	0.00514	0.00454
45	0.01122	0.01063	0.01674	0.01933	0.25241	0.01221	0.05370	0.01321	0.01062	0.01530	0.01479	0.22689	0.01577	0.00998	0.01049	0.00210	0.28681	0.00793	0.00328	0.00657
46	0.01032	0.00516	0.00516	0.00516	0.00645	0.00516	0.00387	0.01290	0.01161	0.02065	0.01807	0.02065	0.01420	0.00645	0.00387	0.00129	0.00258	0.00516	0.83611	0.00516
47	0.01927	0.03873	0.01498	0.01236	0.01585	0.30288	0.00972	0.20823	0.16260	0.10905	0.01566	0.01542	0.03717	0.00670	0.00534	0.00162	0.00694	0.00495	0.00460	0.00794

[dist]
# distance from previous block
# <min> <max>
0	1

[block]
# block no. 7 follows, 43 sequences, length 8
# corresponding to MSA columns:
# 999-1006
name=unknown_H
#
# <colnr> <probs for GDERKNQSTAVLIFYWHMCP>
#	G	D	E	R	K	N	Q	S	T	A	V	L	I	F	Y	W	H	M	C	P
0	0.01209	0.00677	0.00832	0.00772	0.00991	0.00605	0.00592	0.01431	0.04235	0.22403	0.10317	0.19443	0.29112	0.01229	0.00639	0.00192	0.00354	0.03779	0.00571	0.00617
1	0.01481	0.80869	0.02902	0.00948	0.01421	0.02191	0.00948	0.01658	0.01125	0.01303	0.00770	0.00888	0.00711	0.00474	0.00355	0.00118	0.00592	0.00296	0.00237	0.00711
2	0.00694	0.00563	0.00616	0.00603	0.00772	0.00484	0.00452	0.00871	0.01356	0.01718	0.27367	0.04965	0.54962	0.01320	0.00654	0.00183	0.00275	0.01118	0.00543	0.00484
3	0.01807	0.37425	0.02162	0.01214	0.01583	0.44465	0.01016	0.01966	0.01372	0.01332	0.00818	0.00950	0.00712	0.00528	0.00435	0.00132	0.00818	0.00330	0.00264	0.00673
4	0.19951	0.01166	0.01533	0.16241	0.02004	0.01274	0.10503	0.19708	0.04514	0.07578	0.01466	0.06793	0.03562	0.00686	0.00534	0.00179	0.00589	0.00577	0.00418	0.00726
5	0.01526	0.74805	0.02799	0.00985	0.01444	0.08092	0.00957	0.01701	0.01160	0.01307	0.00777	0.00897	0.00711	0.00481	0.00367	0.00120	0.00624	0.00301	0.00241	0.00705
6	0.84448	0.01071	0.00814	0.00728	0.01071	0.01242	0.00600	0.01628	0.00943	0.02485	0.00771	0.00900	0.00600	0.00514	0.00343	0.00171	0.00428	0.00300	0.00343	0.00600
7	0.45206	0.00958	0.01024	0.00910	0.01175	0.01100	0.04559	0.01521	0.06231	0.02060	0.04317	0.01503	0.01100	0.01544	0.21271	0.00368	0.03753	0.00457	0.00350	0.00596

[dist]
# distance from previous block
# <min> <max>
0	5

[block]
# block no. 8 follows, 43 sequences, length 24
# corresponding to MSA columns:
# 1012-1035
name=unknown_I
#
# <colnr> <probs for GDERKNQSTAVLIFYWHMCP>
#	G	D	E	R	K	N	Q	S	T	A	V	L	I	F	Y	W	H	M	C	P
0	0.02612	0.01056	0.01392	0.01093	0.01527	0.00908	0.00881	0.02777	0.01675	0.75663	0.02316	0.02091	0.01511	0.00790	0.00625	0.00201	0.00527	0.00607	0.00731	0.01018
1	0.84448	0.01071	0.00814	0.00728	0.01071	0.01242	0.00600	0.01628	0.00943	0.02485	0.00771	0.00900	0.00600	0.00514	0.00343	0.00171	0.00428	0.00300	0.00343	0.00600
2	0.01046	0.00984	0.01661	0.79205	0.03814	0.01230	0.01538	0.01415	0.01107	0.01415	0.00984	0.01477	0.00738	0.00554	0.00554	0.00185	0.00738	0.00492	0.00246	0.00615
3	0.30555	0.00692	0.00704	0.00756	0.00899	0.00733	0.00545	0.01077	0.01018	0.01796	0.02239	0.51899	0.02570	0.01300	0.00577	0.00206	0.00360	0.01120	0.00453	0.00503
4	0.84448	0.01071	0.00814	0.00728	0.01071	0.01242	0.00600	0.01628	0.00943	0.02485	0.00771	0.00900	0.00600	0.00514	0.00343	0.00171	0.00428	0.00300	0.00343	0.00600
5	0.00815	0.00582	0.00803	0.00931	0.01025	0.00571	0.00758	0.01013	0.01198	0.01571	0.02975	0.32615	0.03357	0.01603	0.00744	0.00244	0.00443	0.47752	0.00511	0.00489
6	0.00655	0.00561	0.00561	0.00561	0.00748	0.00468	0.00421	0.00795	0.01262	0.01496	0.05610	0.05330	0.76857	0.01403	0.00655	0.00187	0.00281	0.01169	0.00514	0.00468
7	0.00755	0.00533	0.00695	0.00741	0.00779	0.00548	0.00496	0.00843	0.00919	0.01252	0.02141	0.30536	0.02432	0.31783	0.22480	0.00521	0.00716	0.01022	0.00389	0.00419
8	0.02485	0.00943	0.01285	0.00985	0.01414	0.00814	0.00814	0.02699	0.01585	0.77465	0.02185	0.01885	0.01371	0.00685	0.00557	0.00171	0.00471	0.00557	0.00685	0.00943
9	0.00668	0.00540	0.00594	0.00626	0.00768	0.00466	0.00452	0.00804	0.01227	0.01520	0.09413	0.25370	0.52667	0.01475	0.00669	0.00196	0.00290	0.01267	0.00520	0.00466
10	0.01876	0.28617	0.02021	0.01255	0.01616	0.47070	0.01028	0.07637	0.01501	0.01502	0.00864	0.00987	0.00730	0.00546	0.00456	0.00136	0.00833	0.00347	0.00290	0.00688
