[name]
unknown

[dist]
# distance from previous block
# <min> <max>
0	176

[block]
# block no. 0 follows, 50 sequences, length 134
# corresponding to MSA columns:
# 195-328
name=unknown_A
#
# <colnr> <probs for GDERKNQSTAVLIFYWHMCP>
#	G	D	E	R	K	N	Q	S	T	A	V	L	I	F	Y	W	H	M	C	P
0	0.02172	0.00881	0.01214	0.01014	0.05584	0.00779	0.00782	0.04388	0.01435	0.73372	0.01889	0.01658	0.01199	0.00607	0.00501	0.00154	0.00437	0.00497	0.00593	0.00845
1	0.01003	0.00998	0.01764	0.59026	0.03094	0.02438	0.17518	0.01339	0.01035	0.01342	0.00928	0.01370	0.00716	0.02667	0.00568	0.00172	0.00694	0.00476	0.00233	0.02619
2	0.01231	0.01078	0.01299	0.01427	0.17865	0.01196	0.00931	0.05561	0.54472	0.01993	0.01927	0.01860	0.05616	0.00656	0.00508	0.00164	0.00435	0.00560	0.00449	0.00771
3	0.00792	0.00652	0.00955	0.00909	0.00979	0.00815	0.00722	0.00956	0.00793	0.01166	0.01190	0.01774	0.01120	0.03129	0.63746	0.00677	0.18386	0.00513	0.00257	0.00466
4	0.86003	0.00964	0.00733	0.00655	0.00964	0.01118	0.00540	0.01465	0.00848	0.02236	0.00694	0.00810	0.00540	0.00463	0.00308	0.00154	0.00386	0.00270	0.00308	0.00540
5	0.00607	0.00434	0.00578	0.00694	0.00723	0.00405	0.00463	0.00694	0.00954	0.01272	0.02747	0.82157	0.03297	0.01562	0.00636	0.00202	0.00289	0.01417	0.00463	0.00405
6	0.01901	0.01386	0.01489	0.01142	0.01540	0.01530	0.00943	0.76256	0.02326	0.04622	0.01212	0.01206	0.00855	0.00599	0.00499	0.00150	0.00546	0.00450	0.00501	0.00848
7	0.00823	0.00672	0.01061	0.01281	0.17569	0.00742	0.00816	0.01026	0.00872	0.01257	0.01251	0.01804	0.01149	0.03038	0.63503	0.00662	0.01177	0.00515	0.00263	0.00518
8	0.01037	0.02316	0.63545	0.01565	0.02252	0.01179	0.17934	0.01582	0.01079	0.01582	0.00919	0.01114	0.00658	0.00462	0.00498	0.00160	0.00759	0.00415	0.00219	0.00723
9	0.01315	0.14833	0.51002	0.01218	0.01831	0.01195	0.01450	0.01746	0.01126	0.18121	0.01091	0.01149	0.00761	0.00497	0.00455	0.00149	0.00638	0.00381	0.00297	0.00745
10	0.00593	0.00490	0.00521	0.00545	0.00684	0.00417	0.00397	0.00711	0.01097	0.01331	0.04560	0.21237	0.63047	0.01326	0.00599	0.00176	0.00260	0.01130	0.00463	0.00417
11	0.00916	0.02123	0.63043	0.01266	0.01853	0.00998	0.01549	0.01391	0.01032	0.01513	0.01288	0.18288	0.01198	0.00705	0.00508	0.00167	0.00642	0.00591	0.00264	0.00666
12	0.01136	0.01072	0.01750	0.02541	0.61007	0.02784	0.01325	0.01404	0.01070	0.01519	0.01018	0.01380	0.00883	0.01146	0.17497	0.00286	0.00757	0.00461	0.00251	0.00712
13	0.86003	0.00964	0.00733	0.00655	0.00964	0.01118	0.00540	0.01465	0.00848	0.02236	0.00694	0.00810	0.00540	0.00463	0.00308	0.00154	0.00386	0.00270	0.00308	0.00540
14	0.00607	0.00434	0.00578	0.00694	0.00723	0.00405	0.00463	0.00694	0.00954	0.01272	0.02747	0.82157	0.03297	0.01562	0.00636	0.00202	0.00289	0.01417	0.00463	0.00405
15	0.01034	0.00886	0.01034	0.00738	0.01181	0.00664	0.00591	0.01255	0.01034	0.01624	0.00886	0.01034	0.00738	0.00369	0.00369	0.00074	0.00369	0.00295	0.00295	0.85530
16	0.01312	0.01152	0.01505	0.18237	0.01956	0.02508	0.09738	0.17916	0.33956	0.02041	0.01439	0.01514	0.01074	0.00596	0.00542	0.00165	0.02709	0.00510	0.00404	0.00728
17	0.00589	0.00505	0.00505	0.00505	0.00673	0.00421	0.00379	0.00715	0.01136	0.01347	0.05049	0.04797	0.79171	0.01262	0.00589	0.00168	0.00252	0.01052	0.00463	0.00421
18	0.01333	0.82783	0.02612	0.00853	0.01279	0.01972	0.00853	0.01493	0.01013	0.01173	0.00693	0.00800	0.00640	0.00426	0.00320	0.00107	0.00533	0.00267	0.00213	0.00640
19	0.01240	0.01071	0.01127	0.01014	0.01296	0.01240	0.00789	0.02649	0.78473	0.02085	0.02029	0.01860	0.01522	0.00676	0.00507	0.00169	0.00394	0.00564	0.00507	0.00789
20	0.01654	0.01195	0.01337	0.01065	0.01398	0.01323	0.00872	0.58953	0.01986	0.05194	0.01251	0.01375	0.00945	0.01266	0.17502	0.00288	0.00712	0.00469	0.00453	0.00762
21	0.01234	0.01184	0.02023	0.03059	0.79373	0.01184	0.01530	0.01530	0.01135	0.01628	0.00938	0.01234	0.00790	0.00444	0.00493	0.00148	0.00592	0.00444	0.00247	0.00790
22	0.01240	0.01071	0.01127	0.01014	0.01296	0.01240	0.00789	0.02649	0.78473	0.02085	0.02029	0.01860	0.01522	0.00676	0.00507	0.00169	0.00394	0.00564	0.00507	0.00789
23	0.00959	0.00526	0.00708	0.00742	0.00849	0.00480	0.00530	0.01073	0.01061	0.17950	0.02578	0.62731	0.02845	0.01355	0.00609	0.00193	0.00323	0.03491	0.00495	0.00501
24	0.00595	0.00505	0.00513	0.00511	0.00677	0.00423	0.00383	0.00726	0.01150	0.01378	0.08667	0.04745	0.75534	0.01250	0.00589	0.00168	0.00252	0.01045	0.00467	0.00423
25	0.00941	0.00886	0.01495	0.81285	0.03433	0.01107	0.01384	0.01274	0.00997	0.01274	0.00886	0.01329	0.00664	0.00498	0.00498	0.00166	0.00664	0.00443	0.00221	0.00554
26	0.01017	0.06728	0.75901	0.01391	0.02112	0.01200	0.01790	0.01574	0.01050	0.01558	0.00884	0.01039	0.00632	0.00471	0.00466	0.00155	0.00726	0.00363	0.00211	0.00732
27	0.00678	0.00508	0.00628	0.00598	0.00728	0.00459	0.00449	0.00887	0.01346	0.01844	0.61587	0.03977	0.22322	0.01077	0.00588	0.00160	0.00239	0.00937	0.00528	0.00459
28	0.00929	0.00465	0.00465	0.00465	0.00581	0.00465	0.00348	0.01161	0.01045	0.01858	0.01626	0.01858	0.01278	0.00581	0.00348	0.00116	0.00232	0.00465	0.85250	0.00465
29	0.01034	0.00886	0.01034	0.00738	0.01181	0.00664	0.00591	0.01255	0.01034	0.01624	0.00886	0.01034	0.00738	0.00369	0.00369	0.00074	0.00369	0.00295	0.00295	0.85530
30	0.01329	0.00917	0.01079	0.00828	0.01225	0.00801	0.00663	0.01797	0.17573	0.18086	0.01355	0.01348	0.01009	0.00486	0.00426	0.00111	0.00386	0.00395	0.00408	0.49777
31	0.00725	0.00483	0.00544	0.00544	0.00544	0.00483	0.00302	0.00725	0.00725	0.00966	0.01571	0.03262	0.01812	0.82483	0.02537	0.00483	0.00483	0.00725	0.00302	0.00302
32	0.00659	0.00455	0.00563	0.00628	0.00645	0.00439	0.00392	0.00708	0.00854	0.01139	0.02233	0.47686	0.02648	0.36918	0.01467	0.00325	0.00374	0.01115	0.00392	0.00360
33	0.01883	0.01145	0.01480	0.01455	0.17982	0.01163	0.00990	0.33179	0.01742	0.31650	0.01431	0.01393	0.00981	0.00573	0.00499	0.00151	0.00511	0.00468	0.00490	0.00836
34	0.66562	0.00971	0.00808	0.00683	0.01020	0.02327	0.00558	0.01429	0.00897	0.02090	0.00736	0.00859	0.00584	0.00444	0.00324	0.00137	0.00391	0.00276	0.00305	0.18602
35	0.00705	0.00510	0.00666	0.00627	0.00745	0.00470	0.00470	0.00941	0.01411	0.01999	0.79110	0.03723	0.04703	0.01019	0.00588	0.00157	0.00235	0.00901	0.00549	0.00470
36	0.01058	0.04422	0.61288	0.01754	0.18543	0.01185	0.01749	0.01566	0.01069	0.01578	0.00898	0.01084	0.00665	0.00466	0.00474	0.00154	0.00701	0.00382	0.00218	0.00745
37	0.00929	0.00465	0.00465	0.00465	0.00581	0.00465	0.00348	0.01161	0.01045	0.01858	0.01626	0.01858	0.01278	0.00581	0.00348	0.00116	0.00232	0.00465	0.85250	0.00465
38	0.00954	0.01246	0.18157	0.64312	0.03162	0.01118	0.01481	0.01338	0.01009	0.01338	0.00888	0.01270	0.00657	0.00493	0.00493	0.00164	0.00680	0.00427	0.00219	0.00593
39	0.00939	0.00805	0.00921	0.00689	0.01073	0.00613	0.00546	0.01140	0.01055	0.01565	0.01771	0.01833	0.17406	0.00559	0.00416	0.00094	0.00344	0.00456	0.00331	0.67443
40	0.68129	0.01056	0.00895	0.00760	0.01088	0.01209	0.00626	0.17669	0.01166	0.02429	0.00801	0.00892	0.00605	0.00492	0.00349	0.00153	0.00420	0.00308	0.00349	0.00605
41	0.01234	0.01184	0.02023	0.03059	0.79373	0.01184	0.01530	0.01530	0.01135	0.01628	0.00938	0.01234	0.00790	0.00444	0.00493	0.00148	0.00592	0.00444	0.00247	0.00790
42	0.00712	0.00534	0.00801	0.00801	0.00890	0.00623	0.00623	0.00890	0.00801	0.01157	0.01335	0.01958	0.01246	0.03738	0.80507	0.00801	0.01335	0.00534	0.00267	0.00445
43	0.00941	0.00886	0.01495	0.81285	0.03433	0.01107	0.01384	0.01274	0.00997	0.01274	0.00886	0.01329	0.00664	0.00498	0.00498	0.00166	0.00664	0.00443	0.00221	0.00554
44	0.01005	0.00925	0.01417	0.64226	0.02979	0.01136	0.01258	0.01566	0.17462	0.01446	0.01129	0.01442	0.00847	0.00536	0.00500	0.00167	0.00607	0.00469	0.00282	0.00604
45	0.00694	0.00481	0.00588	0.00601	0.00642	0.00463	0.00387	0.00784	0.00981	0.01343	0.25253	0.20168	0.03001	0.40667	0.01544	0.00325	0.00367	0.00925	0.00411	0.00375
46	0.01452	0.65487	0.02375	0.00915	0.01336	0.01882	0.00873	0.17690	0.01296	0.01591	0.00800	0.00884	0.00684	0.00463	0.00358	0.00116	0.00536	0.00305	0.00274	0.00684
47	0.86003	0.00964	0.00733	0.00655	0.00964	0.01118	0.00540	0.01465	0.00848	0.02236	0.00694	0.00810	0.00540	0.00463	0.00308	0.00154	0.00386	0.00270	0.00308	0.00540
48	0.00649	0.00464	0.00626	0.00742	0.00789	0.00441	0.00535	0.00766	0.00995	0.01319	0.02724	0.65893	0.03206	0.01522	0.00647	0.00208	0.00325	0.17271	0.00462	0.00416
49	0.00929	0.00465	0.00465	0.00465	0.00581	0.00465	0.00348	0.01161	0.01045	0.01858	0.01626	0.01858	0.01278	0.00581	0.00348	0.00116	0.00232	0.00465	0.85250	0.00465
50	0.01862	0.02376	0.01413	0.01284	0.01541	0.80482	0.00963	0.01990	0.01413	0.01220	0.00770	0.00899	0.00642	0.00514	0.00449	0.00128	0.00899	0.00321	0.00257	0.00578
51	0.01862	0.02376	0.01413	0.01284	0.01541	0.80482	0.00963	0.01990	0.01413	0.01220	0.00770	0.00899	0.00642	0.00514	0.00449	0.00128	0.00899	0.00321	0.00257	0.00578
52	0.00599	0.00467	0.00545	0.00607	0.00700	0.00412	0.00424	0.00704	0.01038	0.01307	0.03809	0.46493	0.38276	0.01424	0.00614	0.00187	0.00272	0.01249	0.00463	0.00412
53	0.01146	0.25723	0.40997	0.01598	0.18081	0.01401	0.01487	0.01543	0.01058	0.01470	0.00845	0.01016	0.00667	0.00454	0.00433	0.00141	0.00647	0.00354	0.00219	0.00719
54	0.01099	0.01122	0.01358	0.02642	0.01286	0.10750	0.00981	0.01230	0.00853	0.01194	0.00817	0.01256	0.00779	0.01432	0.18235	0.00330	0.53431	0.00443	0.00233	0.00528
55	0.01034	0.00886	0.01034	0.00738	0.01181	0.00664	0.00591	0.01255	0.01034	0.01624	0.00886	0.01034	0.00738	0.00369	0.00369	0.00074	0.00369	0.00295	0.00295	0.85530
56	0.01379	0.01140	0.01205	0.01043	0.01349	0.01305	0.00823	0.18601	0.62294	0.02310	0.01852	0.01719	0.01378	0.00660	0.00505	0.00165	0.00427	0.00539	0.00505	0.00801
57	0.00866	0.00433	0.00649	0.00649	0.00649	0.00433	0.00433	0.00649	0.00649	0.00866	0.00866	0.01515	0.00866	0.01732	0.01948	0.85498	0.00433	0.00433	0.00216	0.00216
58	0.86003	0.00964	0.00733	0.00655	0.00964	0.01118	0.00540	0.01465	0.00848	0.02236	0.00694	0.00810	0.00540	0.00463	0.00308	0.00154	0.00386	0.00270	0.00308	0.00540
59	0.02164	0.00965	0.01229	0.00942	0.01331	0.00905	0.00778	0.18428	0.01622	0.63445	0.01803	0.01590	0.01152	0.00613	0.00501	0.00153	0.00451	0.00490	0.00592	0.00848
60	0.01997	0.01002	0.01224	0.00963	0.01334	0.00990	0.00788	0.18464	0.14512	0.50456	0.01813	0.01618	0.01200	0.00623	0.00502	0.00156	0.00446	0.00501	0.00573	0.00838
61	0.01185	0.01240	0.01168	0.18127	0.01715	0.26714	0.00986	0.01400	0.01192	0.01349	0.01606	0.03054	0.01617	0.00896	0.00595	0.00183	0.02778	0.33339	0.00336	0.00520
62	0.01776	0.01104	0.01256	0.01016	0.01369	0.01174	0.00822	0.26898	0.28733	0.27692	0.01739	0.01592	0.01210	0.00632	0.00502	0.00158	0.00454	0.00506	0.00540	0.00827
63	0.01289	0.00878	0.01060	0.00770	0.01201	0.00679	0.00621	0.01505	0.01117	0.18220	0.01116	0.01174	0.00844	0.00422	0.00397	0.00091	0.00381	0.00339	0.00364	0.67534
64	0.00742	0.00502	0.00599	0.00623	0.00648	0.00502	0.00409	0.00790	0.00815	0.01078	0.01798	0.03764	0.02037	0.65246	0.02144	0.00429	0.00478	0.16726	0.00335	0.00335
65	0.01056	0.01151	0.02439	0.01802	0.02205	0.01079	0.61178	0.01405	0.01129	0.01528	0.01378	0.18518	0.01296	0.00663	0.00598	0.00175	0.00723	0.00764	0.00297	0.00615
66	0.00941	0.00886	0.01495	0.81285	0.03433	0.01107	0.01384	0.01274	0.00997	0.01274	0.00886	0.01329	0.00664	0.00498	0.00498	0.00166	0.00664	0.00443	0.00221	0.00554
67	0.00632	0.00444	0.00571	0.00662	0.00685	0.00422	0.00429	0.00701	0.00906	0.01207	0.02497	0.65391	0.02981	0.18759	0.01040	0.00262	0.00330	0.01270	0.00429	0.00383
68	0.00596	0.00490	0.00525	0.00548	0.00686	0.00419	0.00399	0.00717	0.01105	0.01348	0.06536	0.21209	0.61059	0.01319	0.00599	0.00175	0.00260	0.01126	0.00465	0.00419
69	0.67946	0.00947	0.00797	0.00673	0.01010	0.01022	0.00551	0.01421	0.00888	0.02106	0.00735	0.00857	0.00582	0.00443	0.00321	0.00137	0.00382	0.00275	0.00306	0.18601
70	0.01034	0.00886	0.01034	0.00738	0.01181	0.00664	0.00591	0.01255	0.01034	0.01624	0.00886	0.01034	0.00738	0.00369	0.00369	0.00074	0.00369	0.00295	0.00295	0.85530
71	0.00761	0.17934	0.01011	0.00728	0.00841	0.00738	0.00546	0.00864	0.00967	0.01251	0.02311	0.64868	0.02732	0.01320	0.00569	0.00182	0.00341	0.01173	0.00410	0.00455
72	0.00712	0.00534	0.00801	0.00801	0.00890	0.00623	0.00623	0.00890	0.00801	0.01157	0.01335	0.01958	0.01246	0.03738	0.80507	0.00801	0.01335	0.00534	0.00267	0.00445
73	0.02141	0.01000	0.01251	0.00959	0.01348	0.00959	0.00792	0.23344	0.01681	0.58444	0.01753	0.01558	0.01127	0.00612	0.00501	0.00153	0.00459	0.00487	0.00584	0.00848
74	0.01333	0.82783	0.02612	0.00853	0.01279	0.01972	0.00853	0.01493	0.01013	0.01173	0.00693	0.00800	0.00640	0.00426	0.00320	0.00107	0.00533	0.00267	0.00213	0.00640
75	0.78210	0.01004	0.00803	0.00701	0.01018	0.01158	0.00578	0.08530	0.00987	0.02320	0.00741	0.00846	0.00568	0.00475	0.00326	0.00154	0.00401	0.00286	0.00326	0.00568
76	0.00593	0.00490	0.00521	0.00545	0.00684	0.00417	0.00397	0.00711	0.01097	0.01331	0.04560	0.21237	0.63047	0.01326	0.00599	0.00176	0.00260	0.01130	0.00463	0.00417
77	0.03629	0.02041	0.01339	0.01209	0.01476	0.59777	0.00916	0.04109	0.17801	0.01477	0.01047	0.01109	0.00832	0.00549	0.00460	0.00138	0.00771	0.00375	0.00318	0.00629
78	0.02169	0.00890	0.01176	0.00907	0.01286	0.00801	0.00747	0.09367	0.01501	0.70922	0.01912	0.03394	0.01243	0.00636	0.00504	0.00155	0.00433	0.00516	0.00603	0.00839
79	0.01034	0.00886	0.01034	0.00738	0.01181	0.00664	0.00591	0.01255	0.01034	0.01624	0.00886	0.01034	0.00738	0.00369	0.00369	0.00074	0.00369	0.00295	0.00295	0.85530
80	0.00941	0.00886	0.01495	0.81285	0.03433	0.01107	0.01384	0.01274	0.00997	0.01274	0.00886	0.01329	0.00664	0.00498	0.00498	0.00166	0.00664	0.00443	0.00221	0.00554
81	0.00664	0.00586	0.00715	0.17672	0.01260	0.00567	0.00592	0.00834	0.01106	0.01331	0.04165	0.04060	0.62487	0.01100	0.00570	0.00168	0.00340	0.00923	0.00412	0.00449
82	0.01967	0.01280	0.01424	0.01092	0.01488	0.01373	0.00902	0.61713	0.02149	0.19415	0.01360	0.01303	0.00930	0.00602	0.00499	0.00151	0.00522	0.00460	0.00524	0.00848
83	0.00792	0.00651	0.00919	0.01119	0.17439	0.00611	0.00676	0.01014	0.01287	0.01770	0.45599	0.04678	0.19610	0.00957	0.00569	0.00158	0.00316	0.00844	0.00465	0.00527
84	0.01379	0.01140	0.01205	0.01043	0.01349	0.01305	0.00823	0.18601	0.62294	0.02310	0.01852	0.01719	0.01378	0.00660	0.00505	0.00165	0.00427	0.00539	0.00505	0.00801
85	0.86003	0.00964	0.00733	0.00655	0.00964	0.01118	0.00540	0.01465	0.00848	0.02236	0.00694	0.00810	0.00540	0.00463	0.00308	0.00154	0.00386	0.00270	0.00308	0.00540
86	0.01029	0.01354	0.18167	0.32693	0.02327	0.02995	0.01363	0.01326	0.00930	0.01310	0.00799	0.01172	0.00653	0.00633	0.00917	0.00183	0.30918	0.00422	0.00219	0.00590
87	0.01236	0.51830	0.13242	0.00917	0.01390	0.01567	0.00940	0.03458	0.01058	0.01378	0.00776	0.00896	0.00665	0.00425	0.00357	0.00108	0.00528	0.00292	0.00238	0.18699
88	0.00607	0.00434	0.00578	0.00694	0.00723	0.00405	0.00463	0.00694	0.00954	0.01272	0.02747	0.82157	0.03297	0.01562	0.00636	0.00202	0.00289	0.01417	0.00463	0.00405
89	0.01034	0.00886	0.01034	0.00738	0.01181	0.00664	0.00591	0.01255	0.01034	0.01624	0.00886	0.01034	0.00738	0.00369	0.00369	0.00074	0.00369	0.00295	0.00295	0.85530
90	0.00760	0.00581	0.00710	0.00667	0.00812	0.00522	0.00469	0.00873	0.00907	0.01273	0.01941	0.24724	0.07377	0.22676	0.11533	0.00319	0.00495	0.00807	0.00352	0.22205
91	0.01712	0.01288	0.01398	0.01060	0.01468	0.01358	0.00872	0.61463	0.02065	0.02819	0.01131	0.01162	0.00824	0.00550	0.00471	0.00133	0.00510	0.00416	0.00455	0.18844
92	0.00941	0.00886	0.01495	0.81285	0.03433	0.01107	0.01384	0.01274	0.00997	0.01274	0.00886	0.01329	0.00664	0.00498	0.00498	0.00166	0.00664	0.00443	0.00221	0.00554
93	0.00672	0.00508	0.00621	0.00592	0.00724	0.00456	0.00444	0.00877	0.01333	0.01814	0.58108	0.04028	0.25821	0.01088	0.00588	0.00160	0.00240	0.00944	0.00524	0.00456
94	0.00705	0.00510	0.00666	0.00627	0.00745	0.00470	0.00470	0.00941	0.01411	0.01999	0.79110	0.03723	0.04703	0.01019	0.00588	0.00157	0.00235	0.00901	0.00549	0.00470
95	0.01895	0.01396	0.01496	0.01147	0.01546	0.01546	0.00947	0.77711	0.02344	0.03141	0.01197	0.01197	0.00848	0.00598	0.00499	0.00150	0.00548	0.00449	0.00499	0.00848
96	0.00895	0.00800	0.01293	0.64126	0.02819	0.00975	0.01154	0.01157	0.00939	0.01208	0.01031	0.01740	0.00908	0.17921	0.00932	0.00234	0.00626	0.00503	0.00239	0.00500
97	0.01147	0.00965	0.01058	0.00994	0.01240	0.01098	0.00792	0.02305	0.62040	0.01959	0.02158	0.02659	0.01808	0.00825	0.00546	0.00182	0.00408	0.16599	0.00497	0.00719
98	0.00692	0.00522	0.00659	0.00737	0.00850	0.00488	0.00593	0.00858	0.01103	0.01398	0.03443	0.21620	0.27672	0.01379	0.00645	0.00204	0.00356	0.35885	0.00461	0.00435
99	0.01091	0.01091	0.01527	0.01309	0.01309	0.01527	0.01091	0.01200	0.00763	0.01200	0.00654	0.01091	0.00654	0.00872	0.01636	0.00218	0.81570	0.00436	0.00218	0.00545
100	0.01064	0.00983	0.01439	0.01028	0.01484	0.00791	0.16948	0.01328	0.01064	0.01618	0.00912	0.01100	0.00742	0.00380	0.00416	0.00094	0.00469	0.00358	0.00286	0.67496
101	0.01333	0.82783	0.02612	0.00853	0.01279	0.01972	0.00853	0.01493	0.01013	0.01173	0.00693	0.00800	0.00640	0.00426	0.00320	0.00107	0.00533	0.00267	0.00213	0.00640
102	0.01092	0.39322	0.27230	0.00989	0.01450	0.01389	0.01092	0.01403	0.01110	0.01480	0.17423	0.01503	0.01501	0.00568	0.00427	0.00134	0.00536	0.00434	0.00284	0.00635
103	0.68129	0.01056	0.00895	0.00760	0.01088	0.01209	0.00626	0.17669	0.01166	0.02429	0.00801	0.00892	0.00605	0.00492	0.00349	0.00153	0.00420	0.00308	0.00349	0.00605
104	0.00846	0.18005	0.01144	0.00770	0.00917	0.00887	0.00620	0.00991	0.00834	0.01130	0.01237	0.01923	0.01209	0.15805	0.50821	0.00602	0.01027	0.00508	0.00261	0.00463
105	0.01010	0.00972	0.01373	0.01201	0.01220	0.01335	0.00991	0.01134	0.00771	0.01191	0.00799	0.01275	0.00780	0.01481	0.18397	0.00342	0.64519	0.00457	0.00228	0.00524
106	0.01333	0.82783	0.02612	0.00853	0.01279	0.01972	0.00853	0.01493	0.01013	0.01173	0.00693	0.00800	0.00640	0.00426	0.00320	0.00107	0.00533	0.00267	0.00213	0.00640
107	0.01091	0.01091	0.01527	0.01309	0.01309	0.01527	0.01091	0.01200	0.00763	0.01200	0.00654	0.01091	0.00654	0.00872	0.01636	0.00218	0.81570	0.00436	0.00218	0.00545
108	0.01974	0.01216	0.17891	0.01000	0.01460	0.00823	0.00968	0.02248	0.01347	0.63113	0.01739	0.01560	0.01106	0.00586	0.00495	0.00155	0.00491	0.00473	0.00531	0.00825
109	0.67876	0.00867	0.00719	0.00649	0.00917	0.00980	0.00525	0.01354	0.00968	0.02186	0.17359	0.01429	0.01425	0.00581	0.00368	0.00155	0.00354	0.00404	0.00360	0.00525
110	0.01240	0.01071	0.01127	0.01014	0.01296	0.01240	0.00789	0.02649	0.78473	0.02085	0.02029	0.01860	0.01522	0.00676	0.00507	0.00169	0.00394	0.00564	0.00507	0.00789
111	0.00707	0.00515	0.00695	0.00664	0.00776	0.00503	0.00503	0.00930	0.01281	0.01820	0.62582	0.03348	0.03968	0.01597	0.17572	0.00294	0.00469	0.00823	0.00489	0.00465
112	0.00745	0.00525	0.00701	0.00792	0.00864	0.00519	0.00626	0.00896	0.01018	0.01335	0.02438	0.21393	0.02738	0.18411	0.01065	0.00277	0.00428	0.44387	0.00427	0.00415
113	0.00695	0.00509	0.00651	0.00616	0.00738	0.00466	0.00462	0.00920	0.01385	0.01938	0.72248	0.03823	0.11603	0.01042	0.00588	0.00158	0.00237	0.00915	0.00541	0.00466
114	0.00600	0.00505	0.00520	0.00516	0.00680	0.00425	0.00387	0.00736	0.01162	0.01407	0.11912	0.04697	0.72271	0.01240	0.00589	0.00167	0.00251	0.01038	0.00471	0.00425
115	0.02236	0.00848	0.01157	0.00887	0.01272	0.00733	0.00733	0.02429	0.01427	0.79719	0.01966	0.01697	0.01234	0.00617	0.00501	0.00154	0.00424	0.00501	0.00617	0.00848
116	0.00866	0.00433	0.00649	0.00649	0.00649	0.00433	0.00433	0.00649	0.00649	0.00866	0.00866	0.01515	0.00866	0.01732	0.01948	0.85498	0.00433	0.00433	0.00216	0.00216
117	0.86003	0.00964	0.00733	0.00655	0.00964	0.01118	0.00540	0.01465	0.00848	0.02236	0.00694	0.00810	0.00540	0.00463	0.00308	0.00154	0.00386	0.00270	0.00308	0.00540
118	0.01176	0.01345	0.02941	0.02101	0.02605	0.01261	0.77563	0.01597	0.01176	0.01597	0.01008	0.01345	0.00756	0.00420	0.00588	0.00168	0.00840	0.00588	0.00252	0.00672
119	0.00700	0.00473	0.00551	0.00576	0.00582	0.00467	0.00336	0.00718	0.00774	0.01031	0.01821	0.20028	0.02128	0.65286	0.02133	0.00424	0.00442	0.00872	0.00336	0.00324
120	0.00762	0.00544	0.00755	0.00870	0.00967	0.00538	0.00731	0.00961	0.01106	0.01445	0.02662	0.21887	0.02960	0.01416	0.00677	0.00224	0.00423	0.60164	0.00460	0.00447
121	0.01333	0.82783	0.02612	0.00853	0.01279	0.01972	0.00853	0.01493	0.01013	0.01173	0.00693	0.00800	0.00640	0.00426	0.00320	0.00107	0.00533	0.00267	0.00213	0.00640
122	0.01091	0.01091	0.01527	0.01309	0.01309	0.01527	0.01091	0.01200	0.00763	0.01200	0.00654	0.01091	0.00654	0.00872	0.01636	0.00218	0.81570	0.00436	0.00218	0.00545
123	0.01333	0.82783	0.02612	0.00853	0.01279	0.01972	0.00853	0.01493	0.01013	0.01173	0.00693	0.00800	0.00640	0.00426	0.00320	0.00107	0.00533	0.00267	0.00213	0.00640
124	0.00689	0.00468	0.00554	0.00590	0.00598	0.00459	0.00351	0.00715	0.00795	0.01060	0.01930	0.27339	0.02265	0.57787	0.01957	0.00398	0.00424	0.00936	0.00351	0.00333
125	0.01240	0.01071	0.01127	0.01014	0.01296	0.01240	0.00789	0.02649	0.78473	0.02085	0.02029	0.01860	0.01522	0.00676	0.00507	0.00169	0.00394	0.00564	0.00507	0.00789
126	0.00632	0.00444	0.00571	0.00662	0.00685	0.00422	0.00429	0.00701	0.00906	0.01207	0.02497	0.65391	0.02981	0.18759	0.01040	0.00262	0.00330	0.01270	0.00429	0.00383
127	0.01452	0.01023	0.01133	0.00987	0.01291	0.01132	0.00777	0.02602	0.62099	0.18583	0.02016	0.01825	0.01460	0.00664	0.00506	0.00166	0.00401	0.00550	0.00531	0.00802
128	0.48663	0.00912	0.00922	0.00759	0.01101	0.00946	0.00626	0.01895	0.01106	0.36775	0.01261	0.01205	0.00849	0.00531	0.00394	0.00154	0.00403	0.00373	0.00446	0.00677
129	0.01126	0.00951	0.01029	0.00932	0.01179	0.01076	0.00721	0.02286	0.62096	0.02067	0.18410	0.02256	0.02198	0.00749	0.00524	0.00166	0.00361	0.00635	0.00516	0.00721
130	0.01034	0.00886	0.01034	0.00738	0.01181	0.00664	0.00591	0.01255	0.01034	0.01624	0.00886	0.01034	0.00738	0.00369	0.00369	0.00074	0.00369	0.00295	0.00295	0.85530
131	0.00678	0.00530	0.00773	0.17821	0.01299	0.00554	0.00659	0.00817	0.00963	0.01273	0.02352	0.64980	0.02737	0.01336	0.00607	0.00195	0.00369	0.01210	0.00411	0.00436
132	0.01333	0.82783	0.02612	0.00853	0.01279	0.01972	0.00853	0.01493	0.01013	0.01173	0.00693	0.00800	0.00640	0.00426	0.00320	0.00107	0.00533	0.00267	0.00213	0.00640
133	0.01076	0.00949	0.01244	0.01232	0.17798	0.00775	0.00790	0.01313	0.01055	0.01625	0.00897	0.01076	0.00749	0.00385	0.00396	0.00090	0.00417	0.00327	0.00285	0.67521

[dist]
# distance from previous block
# <min> <max>
0	2

[block]
# block no. 1 follows, 50 sequences, length 121
# corresponding to MSA columns:
# 331-451
name=unknown_B
#
# <colnr> <probs for GDERKNQSTAVLIFYWHMCP>
#	G	D	E	R	K	N	Q	S	T	A	V	L	I	F	Y	W	H	M	C	P
0	0.00955	0.01295	0.20468	0.61958	0.03124	0.01120	0.01495	0.01347	0.01010	0.01347	0.00888	0.01262	0.00656	0.00492	0.00492	0.00164	0.00682	0.00425	0.00219	0.00598
1	0.01653	0.02425	0.20406	0.01317	0.01690	0.61286	0.01176	0.01891	0.01325	0.01307	0.00800	0.00936	0.00639	0.00504	0.00455	0.00136	0.00860	0.00332	0.00246	0.00616
2	0.01309	0.63037	0.02469	0.01387	0.20177	0.01782	0.01017	0.01502	0.01042	0.01283	0.00752	0.00905	0.00676	0.00431	0.00362	0.00117	0.00547	0.00309	0.00221	0.00676
3	0.01034	0.00886	0.01034	0.00738	0.01181	0.00664	0.00591	0.01255	0.01034	0.01624	0.00886	0.01034	0.00738	0.00369	0.00369	0.00074	0.00369	0.00295	0.00295	0.85530
4	0.00900	0.02077	0.60687	0.01199	0.01798	0.00979	0.01488	0.01370	0.01073	0.01522	0.01900	0.01959	0.19637	0.00664	0.00502	0.00160	0.00619	0.00534	0.00272	0.00660
5	0.01043	0.02280	0.61277	0.01585	0.02266	0.01182	0.20165	0.01583	0.01082	0.01583	0.00922	0.01123	0.00662	0.00461	0.00501	0.00160	0.00762	0.00422	0.00221	0.00721
6	0.00929	0.00465	0.00465	0.00465	0.00581	0.00465	0.00348	0.01161	0.01045	0.01858	0.01626	0.01858	0.01278	0.00581	0.00348	0.00116	0.00232	0.00465	0.85250	0.00465
7	0.00929	0.00465	0.00465	0.00465	0.00581	0.00465	0.00348	0.01161	0.01045	0.01858	0.01626	0.01858	0.01278	0.00581	0.00348	0.00116	0.00232	0.00465	0.85250	0.00465
8	0.01234	0.01184	0.02023	0.03059	0.79373	0.01184	0.01530	0.01530	0.01135	0.01628	0.00938	0.01234	0.00790	0.00444	0.00493	0.00148	0.00592	0.00444	0.00247	0.00790
9	0.00886	0.00801	0.01327	0.61808	0.02818	0.00990	0.01200	0.01181	0.00949	0.01245	0.00995	0.01481	0.00805	0.01282	0.19860	0.00320	0.00827	0.00465	0.00233	0.00527
10	0.01034	0.00886	0.01034	0.00738	0.01181	0.00664	0.00591	0.01255	0.01034	0.01624	0.00886	0.01034	0.00738	0.00369	0.00369	0.00074	0.00369	0.00295	0.00295	0.85530
11	0.00819	0.00654	0.00805	0.00729	0.00956	0.00537	0.00543	0.00977	0.01003	0.01450	0.01871	0.39525	0.02074	0.00993	0.00515	0.00144	0.00337	0.05488	0.00384	0.40197
12	0.01368	0.01032	0.01437	0.01207	0.01300	0.01335	0.01004	0.01497	0.00924	0.20200	0.00972	0.01237	0.00795	0.00811	0.01361	0.00203	0.61934	0.00452	0.00315	0.00619
13	0.00768	0.00683	0.01206	0.02352	0.03497	0.00645	0.19165	0.00946	0.01014	0.01361	0.02245	0.59007	0.02569	0.01237	0.00618	0.00192	0.00437	0.01173	0.00402	0.00483
14	0.01163	0.01112	0.01895	0.21989	0.60997	0.01166	0.01495	0.01468	0.01101	0.01543	0.00925	0.01257	0.00759	0.00457	0.00495	0.00152	0.00610	0.00444	0.00241	0.00732
15	0.01091	0.01091	0.01527	0.01309	0.01309	0.01527	0.01091	0.01200	0.00763	0.01200	0.00654	0.01091	0.00654	0.00872	0.01636	0.00218	0.81570	0.00436	0.00218	0.00545
16	0.01034	0.00886	0.01034	0.00738	0.01181	0.00664	0.00591	0.01255	0.01034	0.01624	0.00886	0.01034	0.00738	0.00369	0.00369	0.00074	0.00369	0.00295	0.00295	0.85530
17	0.00998	0.00743	0.00969	0.00885	0.01049	0.00846	0.00702	0.19480	0.01174	0.01637	0.01302	0.01774	0.01150	0.02978	0.61146	0.00643	0.01145	0.00513	0.00323	0.00542
18	0.00929	0.00465	0.00465	0.00465	0.00581	0.00465	0.00348	0.01161	0.01045	0.01858	0.01626	0.01858	0.01278	0.00581	0.00348	0.00116	0.00232	0.00465	0.85250	0.00465
19	0.01549	0.07254	0.01344	0.01139	0.01366	0.55958	0.00874	0.01691	0.01238	0.01202	0.00902	0.01149	0.00788	0.01288	0.19814	0.00290	0.00980	0.00369	0.00256	0.00550
20	0.01008	0.02169	0.60815	0.01256	0.01921	0.01038	0.01539	0.01500	0.01048	0.01590	0.00892	0.01048	0.00657	0.00448	0.00448	0.00138	0.00648	0.00351	0.00231	0.21256
21	0.00597	0.00507	0.00515	0.00519	0.00686	0.00426	0.00393	0.00726	0.01137	0.01352	0.04966	0.04826	0.76532	0.01266	0.00593	0.00170	0.00260	0.03645	0.00463	0.00422
22	0.01175	0.01009	0.01479	0.59107	0.02898	0.01198	0.01251	0.19770	0.01324	0.01738	0.00961	0.01287	0.00711	0.00518	0.00494	0.00159	0.00626	0.00439	0.00291	0.03564
23	0.00638	0.00507	0.00572	0.00556	0.00703	0.00442	0.00417	0.00810	0.01251	0.01619	0.36031	0.04348	0.48019	0.01161	0.00589	0.00163	0.00245	0.00989	0.00499	0.00442
24	0.01034	0.00886	0.01034	0.00738	0.01181	0.00664	0.00591	0.01255	0.01034	0.01624	0.00886	0.01034	0.00738	0.00369	0.00369	0.00074	0.00369	0.00295	0.00295	0.85530
25	0.01551	0.62955	0.02260	0.00861	0.01278	0.01672	0.00824	0.01719	0.01113	0.20180	0.01001	0.01017	0.00783	0.00473	0.00364	0.00118	0.00507	0.00323	0.00311	0.00690
26	0.01333	0.82783	0.02612	0.00853	0.01279	0.01972	0.00853	0.01493	0.01013	0.01173	0.00693	0.00800	0.00640	0.00426	0.00320	0.00107	0.00533	0.00267	0.00213	0.00640
27	0.01333	0.82783	0.02612	0.00853	0.01279	0.01972	0.00853	0.01493	0.01013	0.01173	0.00693	0.00800	0.00640	0.00426	0.00320	0.00107	0.00533	0.00267	0.00213	0.00640
28	0.00790	0.00619	0.00857	0.00786	0.00961	0.00633	0.00615	0.00978	0.00857	0.01270	0.01226	0.01734	0.01123	0.02923	0.61115	0.00625	0.01101	0.00476	0.00274	0.21035
29	0.00725	0.00483	0.00544	0.00544	0.00544	0.00483	0.00302	0.00725	0.00725	0.00966	0.01571	0.03262	0.01812	0.82483	0.02537	0.00483	0.00483	0.00725	0.00302	0.00302
30	0.00712	0.00534	0.00801	0.00801	0.00890	0.00623	0.00623	0.00890	0.00801	0.01157	0.01335	0.01958	0.01246	0.03738	0.80507	0.00801	0.01335	0.00534	0.00267	0.00445
31	0.01012	0.00958	0.01623	0.62355	0.21810	0.01126	0.01419	0.01336	0.01030	0.01359	0.00898	0.01306	0.00695	0.00485	0.00497	0.00162	0.00647	0.00443	0.00228	0.00611
32	0.00636	0.00446	0.00570	0.00658	0.00680	0.00424	0.00424	0.00701	0.00899	0.01198	0.02462	0.63065	0.02937	0.21144	0.01096	0.00270	0.00336	0.01250	0.00424	0.00380
33	0.00725	0.00483	0.00544	0.00544	0.00544	0.00483	0.00302	0.00725	0.00725	0.00966	0.01571	0.03262	0.01812	0.82483	0.02537	0.00483	0.00483	0.00725	0.00302	0.00302
34	0.03838	0.02342	0.01397	0.01269	0.01527	0.78618	0.00953	0.01978	0.01399	0.01244	0.00769	0.00897	0.00640	0.00512	0.00446	0.00129	0.00887	0.00320	0.00258	0.00577
35	0.00759	0.00600	0.00861	0.20141	0.01393	0.00623	0.00688	0.01014	0.01302	0.01802	0.57725	0.03179	0.06195	0.00901	0.00566	0.00159	0.00340	0.00795	0.00467	0.00489
36	0.01220	0.01223	0.02245	0.02827	0.60796	0.01203	0.19929	0.01546	0.01145	0.01621	0.00955	0.01260	0.00781	0.00438	0.00516	0.00153	0.00652	0.00479	0.00248	0.00761
37	0.00929	0.00465	0.00465	0.00465	0.00581	0.00465	0.00348	0.01161	0.01045	0.01858	0.01626	0.01858	0.01278	0.00581	0.00348	0.00116	0.00232	0.00465	0.85250	0.00465
38	0.00641	0.00520	0.00578	0.00608	0.00761	0.00458	0.00483	0.00792	0.01136	0.01380	0.04428	0.06283	0.59445	0.01295	0.00614	0.00184	0.00303	0.19199	0.00462	0.00430
39	0.01333	0.82783	0.02612	0.00853	0.01279	0.01972	0.00853	0.01493	0.01013	0.01173	0.00693	0.00800	0.00640	0.00426	0.00320	0.00107	0.00533	0.00267	0.00213	0.00640
40	0.00725	0.00483	0.00544	0.00544	0.00544	0.00483	0.00302	0.00725	0.00725	0.00966	0.01571	0.03262	0.01812	0.82483	0.02537	0.00483	0.00483	0.00725	0.00302	0.00302
41	0.00705	0.00510	0.00666	0.00627	0.00745	0.00470	0.00470	0.00941	0.01411	0.01999	0.79110	0.03723	0.04703	0.01019	0.00588	0.00157	0.00235	0.00901	0.00549	0.00470
42	0.00941	0.00886	0.01495	0.81285	0.03433	0.01107	0.01384	0.01274	0.00997	0.01274	0.00886	0.01329	0.00664	0.00498	0.00498	0.00166	0.00664	0.00443	0.00221	0.00554
43	0.54183	0.00974	0.00885	0.00774	0.01086	0.01096	0.00626	0.01882	0.19711	0.12660	0.01189	0.01184	0.00871	0.00535	0.00383	0.00158	0.00393	0.00372	0.00398	0.00642
44	0.00744	0.00505	0.00606	0.00634	0.00662	0.00505	0.00423	0.00799	0.00827	0.01094	0.01829	0.03833	0.02068	0.62856	0.02090	0.00422	0.00477	0.18945	0.00340	0.00340
45	0.01034	0.00886	0.01034	0.00738	0.01181	0.00664	0.00591	0.01255	0.01034	0.01624	0.00886	0.01034	0.00738	0.00369	0.00369	0.00074	0.00369	0.00295	0.00295	0.85530
46	0.22237	0.01286	0.01305	0.01026	0.01401	0.01437	0.00846	0.58013	0.03247	0.02905	0.01089	0.01114	0.00784	0.00567	0.00453	0.00151	0.00507	0.00407	0.00453	0.00772
47	0.00954	0.00795	0.00945	0.00711	0.01076	0.00617	0.00562	0.01179	0.01125	0.01715	0.19815	0.01684	0.01698	0.00526	0.00422	0.00094	0.00337	0.00442	0.00357	0.64946
48	0.01012	0.00958	0.01623	0.62355	0.21810	0.01126	0.01419	0.01336	0.01030	0.01359	0.00898	0.01306	0.00695	0.00485	0.00497	0.00162	0.00647	0.00443	0.00228	0.00611
49	0.01188	0.00865	0.01035	0.00754	0.01176	0.00666	0.00605	0.01406	0.01105	0.12568	0.04348	0.01240	0.00975	0.00431	0.00397	0.00089	0.00371	0.00350	0.00351	0.70080
50	0.65642	0.01306	0.00897	0.00808	0.01104	0.20323	0.00642	0.01592	0.00985	0.01990	0.00713	0.00831	0.00565	0.00475	0.00343	0.00148	0.00510	0.00282	0.00296	0.00549
51	0.00929	0.00465	0.00465	0.00465	0.00581	0.00465	0.00348	0.01161	0.01045	0.01858	0.01626	0.01858	0.01278	0.00581	0.00348	0.00116	0.00232	0.00465	0.85250	0.00465
52	0.00916	0.00833	0.01373	0.46984	0.17144	0.00952	0.01189	0.01182	0.01013	0.01340	0.01346	0.20870	0.01325	0.00745	0.00531	0.00171	0.00560	0.00679	0.00285	0.00562
53	0.00607	0.00434	0.00578	0.00694	0.00723	0.00405	0.00463	0.00694	0.00954	0.01272	0.02747	0.82157	0.03297	0.01562	0.00636	0.00202	0.00289	0.01417	0.00463	0.00405
54	0.86003	0.00964	0.00733	0.00655	0.00964	0.01118	0.00540	0.01465	0.00848	0.02236	0.00694	0.00810	0.00540	0.00463	0.00308	0.00154	0.00386	0.00270	0.00308	0.00540
55	0.01686	0.01273	0.01384	0.01048	0.01458	0.01332	0.00861	0.59210	0.02027	0.02774	0.01122	0.01157	0.00821	0.00543	0.00467	0.00131	0.00505	0.00412	0.00449	0.21340
56	0.00941	0.00886	0.01495	0.81285	0.03433	0.01107	0.01384	0.01274	0.00997	0.01274	0.00886	0.01329	0.00664	0.00498	0.00498	0.00166	0.00664	0.00443	0.00221	0.00554
57	0.01226	0.01205	0.02338	0.01741	0.02093	0.01251	0.48703	0.01556	0.02309	0.08083	0.01080	0.04116	0.00872	0.00590	0.00835	0.00180	0.20315	0.00572	0.00286	0.00649
58	0.01173	0.01333	0.02895	0.02068	0.02571	0.01246	0.75701	0.01588	0.01173	0.01597	0.01005	0.01337	0.00756	0.00419	0.00583	0.00166	0.00829	0.00581	0.00253	0.02725
59	0.00692	0.00488	0.00534	0.00534	0.00575	0.00468	0.00321	0.00723	0.00824	0.01058	0.02412	0.03633	0.20532	0.62828	0.02066	0.00407	0.00427	0.00804	0.00341	0.00331
60	0.01862	0.02376	0.01413	0.01284	0.01541	0.80482	0.00963	0.01990	0.01413	0.01220	0.00770	0.00899	0.00642	0.00514	0.00449	0.00128	0.00899	0.00321	0.00257	0.00578
61	0.01224	0.01137	0.01566	0.01277	0.01613	0.01245	0.19367	0.02394	0.59768	0.01967	0.01782	0.01735	0.01336	0.00614	0.00527	0.00169	0.00502	0.00570	0.00445	0.00761
62	0.00631	0.00452	0.00600	0.00678	0.00728	0.00421	0.00465	0.00754	0.01065	0.01448	0.21226	0.63177	0.03637	0.01430	0.00625	0.00191	0.00276	0.01292	0.00484	0.00421
63	0.01398	0.01149	0.01216	0.01046	0.01357	0.01314	0.00827	0.20813	0.60050	0.02341	0.01827	0.01699	0.01358	0.00657	0.00505	0.00164	0.00432	0.00536	0.00505	0.00803
64	0.38484	0.01166	0.01138	0.00913	0.01272	0.01297	0.00754	0.38776	0.01623	0.08637	0.01037	0.01067	0.00744	0.00541	0.00416	0.00152	0.00468	0.00375	0.00425	0.00714
65	0.00707	0.00515	0.00699	0.00669	0.00780	0.00507	0.00507	0.00928	0.01263	0.01795	0.60290	0.03296	0.03867	0.01677	0.19928	0.00313	0.00501	0.00813	0.00481	0.00464
66	0.00589	0.00505	0.00505	0.00505	0.00673	0.00421	0.00379	0.00715	0.01136	0.01347	0.05049	0.04797	0.79171	0.01262	0.00589	0.00168	0.00252	0.01052	0.00463	0.00421
67	0.01333	0.82783	0.02612	0.00853	0.01279	0.01972	0.00853	0.01493	0.01013	0.01173	0.00693	0.00800	0.00640	0.00426	0.00320	0.00107	0.00533	0.00267	0.00213	0.00640
68	0.31079	0.00888	0.01011	0.00807	0.01166	0.00865	0.00666	0.02097	0.01228	0.53040	0.01528	0.01391	0.00995	0.00564	0.00435	0.00154	0.00411	0.00422	0.00511	0.00742
69	0.01870	0.02139	0.01433	0.01251	0.01542	0.61380	0.00959	0.20314	0.01638	0.01685	0.00874	0.00971	0.00692	0.00534	0.00461	0.00134	0.00814	0.00352	0.00315	0.00643
70	0.01224	0.01137	0.01566	0.01277	0.01613	0.01245	0.19367	0.02394	0.59768	0.01967	0.01782	0.01735	0.01336	0.00614	0.00527	0.00169	0.00502	0.00570	0.00445	0.00761
71	0.00665	0.00508	0.00611	0.00585	0.00720	0.00453	0.00439	0.00863	0.01316	0.01774	0.53610	0.04093	0.30343	0.01103	0.00588	0.00161	0.00241	0.00953	0.00519	0.00453
72	0.00712	0.00534	0.00801	0.00801	0.00890	0.00623	0.00623	0.00890	0.00801	0.01157	0.01335	0.01958	0.01246	0.03738	0.80507	0.00801	0.01335	0.00534	0.00267	0.00445
73	0.86003	0.00964	0.00733	0.00655	0.00964	0.01118	0.00540	0.01465	0.00848	0.02236	0.00694	0.00810	0.00540	0.00463	0.00308	0.00154	0.00386	0.00270	0.00308	0.00540
74	0.00985	0.00961	0.00847	0.00786	0.00937	0.19832	0.00590	0.01195	0.01411	0.01810	0.60153	0.03040	0.03720	0.00897	0.00554	0.00150	0.00396	0.00761	0.00478	0.00496
75	0.01714	0.01457	0.01521	0.01698	0.25242	0.24102	0.01065	0.08293	0.07531	0.20569	0.01246	0.01295	0.00917	0.00537	0.00484	0.00146	0.00621	0.00432	0.00381	0.00747
76	0.01043	0.02280	0.61277	0.01585	0.02266	0.01182	0.20165	0.01583	0.01082	0.01583	0.00922	0.01123	0.00662	0.00461	0.00501	0.00160	0.00762	0.00422	0.00221	0.00721
77	0.01587	0.01233	0.03112	0.01938	0.33464	0.01251	0.04466	0.28643	0.01599	0.12825	0.02302	0.01318	0.00920	0.00540	0.00528	0.00152	0.02463	0.00465	0.00390	0.00802
78	0.00849	0.00627	0.00694	0.00666	0.00738	0.00671	0.00431	0.01196	0.19542	0.01244	0.01673	0.02877	0.01722	0.59963	0.04742	0.00418	0.00491	0.00679	0.00350	0.00425
79	0.01689	0.00982	0.01149	0.00962	0.01292	0.01027	0.00768	0.04369	0.43138	0.35859	0.01982	0.01773	0.01380	0.00649	0.00504	0.00162	0.00411	0.00534	0.00555	0.00816
80	0.01012	0.00958	0.01623	0.62355	0.21810	0.01126	0.01419	0.01336	0.01030	0.01359	0.00898	0.01306	0.00695	0.00485	0.00497	0.00162	0.00647	0.00443	0.00228	0.00611
81	0.01163	0.01112	0.01895	0.21989	0.60997	0.01166	0.01495	0.01468	0.01101	0.01543	0.00925	0.01257	0.00759	0.00457	0.00495	0.00152	0.00610	0.00444	0.00241	0.00732
82	0.00607	0.00434	0.00578	0.00694	0.00723	0.00405	0.00463	0.00694	0.00954	0.01272	0.02747	0.82157	0.03297	0.01562	0.00636	0.00202	0.00289	0.01417	0.00463	0.00405
83	0.00941	0.00886	0.01495	0.81285	0.03433	0.01107	0.01384	0.01274	0.00997	0.01274	0.00886	0.01329	0.00664	0.00498	0.00498	0.00166	0.00664	0.00443	0.00221	0.00554
84	0.01203	0.01431	0.20190	0.01110	0.01504	0.01209	0.01043	0.02385	0.58119	0.03594	0.01753	0.01661	0.01300	0.00626	0.00499	0.00166	0.00478	0.00515	0.00438	0.00778
85	0.65367	0.00848	0.00687	0.00628	0.00862	0.00965	0.00482	0.01286	0.00818	0.01929	0.00906	0.01403	0.00848	0.20311	0.00848	0.00234	0.00409	0.00380	0.00307	0.00482
86	0.00999	0.01023	0.02833	0.00903	0.01038	0.19945	0.00698	0.01154	0.00946	0.01160	0.01215	0.01831	0.01151	0.11991	0.50176	0.00586	0.01116	0.00501	0.00267	0.00468
87	0.68804	0.01252	0.00872	0.00784	0.01082	0.17341	0.00626	0.01573	0.00964	0.02029	0.00710	0.00828	0.00561	0.00473	0.00337	0.00149	0.00491	0.00280	0.00298	0.00548
88	0.86003	0.00964	0.00733	0.00655	0.00964	0.01118	0.00540	0.01465	0.00848	0.02236	0.00694	0.00810	0.00540	0.00463	0.00308	0.00154	0.00386	0.00270	0.00308	0.00540
89	0.00692	0.00545	0.00799	0.20191	0.01373	0.00578	0.00680	0.00835	0.00957	0.01262	0.02256	0.59869	0.02608	0.04103	0.00669	0.00203	0.00387	0.01157	0.00399	0.00437
90	0.00721	0.00515	0.00708	0.00824	0.00902	0.00503	0.00660	0.00890	0.01066	0.01399	0.02685	0.37894	0.03049	0.01455	0.00666	0.00218	0.00387	0.44562	0.00461	0.00436
91	0.01012	0.00958	0.01623	0.62355	0.21810	0.01126	0.01419	0.01336	0.01030	0.01359	0.00898	0.01306	0.00695	0.00485	0.00497	0.00162	0.00647	0.00443	0.00228	0.00611
92	0.00780	0.00558	0.00770	0.00848	0.00963	0.00549	0.00723	0.01010	0.01211	0.01614	0.21144	0.05163	0.03313	0.01290	0.00664	0.00212	0.00405	0.57841	0.00481	0.00462
93	0.01696	0.02126	0.01782	0.01482	0.01798	0.61311	0.19499	0.01895	0.01355	0.01311	0.00828	0.01007	0.00670	0.00491	0.00483	0.00138	0.00885	0.00386	0.00256	0.00601
94	0.01325	0.00877	0.01063	0.00774	0.01203	0.00681	0.00625	0.01539	0.01129	0.20522	0.01147	0.01194	0.00858	0.00429	0.00401	0.00093	0.00382	0.00345	0.00373	0.65038
95	0.21347	0.00619	0.00682	0.00634	0.00798	0.00627	0.00487	0.01068	0.01275	0.02056	0.60134	0.03018	0.03696	0.00884	0.00520	0.00156	0.00272	0.00749	0.00491	0.00487
96	0.00722	0.00496	0.00606	0.00606	0.00627	0.00517	0.00380	0.00765	0.00743	0.01013	0.01514	0.02946	0.01675	0.63427	0.21405	0.00560	0.00689	0.00679	0.00294	0.00337
97	0.01438	0.01119	0.02040	0.20892	0.02396	0.02325	0.34742	0.04379	0.01244	0.22456	0.01238	0.01423	0.00863	0.00499	0.00538	0.00163	0.00677	0.00521	0.00351	0.00695
98	0.01208	0.02529	0.60907	0.01388	0.02008	0.20353	0.01629	0.01678	0.01140	0.01492	0.00864	0.01015	0.00634	0.00483	0.00468	0.00151	0.00776	0.00357	0.00222	0.00698
99	0.00735	0.00541	0.00791	0.00818	0.00910	0.00605	0.00653	0.00918	0.00882	0.01230	0.01661	0.02900	0.01663	0.06500	0.57892	0.00649	0.01087	0.18809	0.00315	0.00442
100	0.86003	0.00964	0.00733	0.00655	0.00964	0.01118	0.00540	0.01465	0.00848	0.02236	0.00694	0.00810	0.00540	0.00463	0.00308	0.00154	0.00386	0.00270	0.00308	0.00540
101	0.00633	0.00458	0.00632	0.00720	0.00763	0.00458	0.00502	0.00741	0.00917	0.01245	0.02406	0.62750	0.02800	0.02088	0.19964	0.00347	0.00542	0.01203	0.00415	0.00415
102	0.01234	0.01184	0.02023	0.03059	0.79373	0.01184	0.01530	0.01530	0.01135	0.01628	0.00938	0.01234	0.00790	0.00444	0.00493	0.00148	0.00592	0.00444	0.00247	0.00790
103	0.01333	0.82783	0.02612	0.00853	0.01279	0.01972	0.00853	0.01493	0.01013	0.01173	0.00693	0.00800	0.00640	0.00426	0.00320	0.00107	0.00533	0.00267	0.00213	0.00640
104	0.00611	0.00437	0.00583	0.00699	0.00729	0.00408	0.00470	0.00701	0.00958	0.01277	0.02745	0.80549	0.03288	0.01558	0.00637	0.00203	0.00293	0.02985	0.00463	0.00406
105	0.00607	0.00434	0.00578	0.00694	0.00723	0.00405	0.00463	0.00694	0.00954	0.01272	0.02747	0.82157	0.03297	0.01562	0.00636	0.00202	0.00289	0.01417	0.00463	0.00405
106	0.01034	0.00886	0.01034	0.00738	0.01181	0.00664	0.00591	0.01255	0.01034	0.01624	0.00886	0.01034	0.00738	0.00369	0.00369	0.00074	0.00369	0.00295	0.00295	0.85530
