[name]
unknown

[dist]
# distance from previous block
# <min> <max>
8	497

[block]
# block no. 0 follows, 46 sequences, length 13
# corresponding to MSA columns:
# 1035-1047
name=unknown_A
#
# <colnr> <probs for GDERKNQSTAVLIFYWHMCP>
#	G	D	E	R	K	N	Q	S	T	A	V	L	I	F	Y	W	H	M	C	P
0	0.01914	0.01312	0.05101	0.06783	0.01701	0.11011	0.04964	0.11072	0.03460	0.37243	0.01520	0.01489	0.01034	0.00610	0.00572	0.00160	0.03978	0.00482	0.00481	0.05111
1	0.01219	0.01003	0.01422	0.19814	0.11438	0.01097	0.05177	0.01915	0.26900	0.07723	0.04353	0.02214	0.06509	0.02583	0.00606	0.00185	0.00530	0.04182	0.00418	0.00711
2	0.01096	0.00940	0.01096	0.00783	0.01253	0.00705	0.00626	0.01331	0.01096	0.01723	0.00940	0.01096	0.00783	0.00392	0.00392	0.00078	0.00392	0.00313	0.00313	0.84653
3	0.00912	0.00777	0.01096	0.20022	0.09434	0.00824	0.00879	0.01312	0.09715	0.01779	0.29363	0.03092	0.14686	0.00898	0.00584	0.00173	0.00426	0.02999	0.00444	0.00583
4	0.01096	0.00940	0.01096	0.00783	0.01253	0.00705	0.00626	0.01331	0.01096	0.01723	0.00940	0.01096	0.00783	0.00392	0.00392	0.00078	0.00392	0.00313	0.00313	0.84653
5	0.02235	0.00930	0.01223	0.00958	0.01353	0.00847	0.00785	0.02607	0.11319	0.68603	0.02094	0.01822	0.01348	0.00662	0.00532	0.00166	0.00446	0.00540	0.00639	0.00892
6	0.01096	0.00940	0.01096	0.00783	0.01253	0.00705	0.00626	0.01331	0.01096	0.01723	0.00940	0.01096	0.00783	0.00392	0.00392	0.00078	0.00392	0.00313	0.00313	0.84653
7	0.00998	0.00940	0.01586	0.80150	0.03641	0.01175	0.01468	0.01351	0.01057	0.01351	0.00940	0.01409	0.00705	0.00529	0.00529	0.00176	0.00705	0.00470	0.00235	0.00587
8	0.01333	0.01210	0.02174	0.15031	0.02400	0.01183	0.36086	0.10173	0.01347	0.07353	0.01183	0.03920	0.00916	0.00527	0.00558	0.00161	0.00701	0.00557	0.00333	0.12850
9	0.01045	0.00977	0.01545	0.65725	0.03228	0.01222	0.01376	0.01508	0.09521	0.01441	0.01057	0.01454	0.00805	0.00578	0.00616	0.00180	0.06357	0.00484	0.00268	0.00614
10	0.01288	0.01006	0.01450	0.07799	0.16471	0.01046	0.06347	0.05581	0.19468	0.10017	0.05816	0.10325	0.01718	0.02264	0.00607	0.00183	0.00512	0.05253	0.00438	0.02411
11	0.01243	0.01089	0.01403	0.10216	0.11811	0.04662	0.04036	0.06865	0.06133	0.03917	0.05011	0.03237	0.01172	0.00558	0.00486	0.00132	0.00516	0.02085	0.00354	0.35074
12	0.03523	0.00936	0.01367	0.05997	0.05579	0.00891	0.11328	0.06825	0.04324	0.10983	0.20011	0.02343	0.08908	0.00727	0.00547	0.00155	0.00470	0.00650	0.00445	0.13992

[dist]
# distance from previous block
# <min> <max>
2	50

[block]
# block no. 1 follows, 46 sequences, length 17
# corresponding to MSA columns:
# 1104-1120
name=unknown_B
#
# <colnr> <probs for GDERKNQSTAVLIFYWHMCP>
#	G	D	E	R	K	N	Q	S	T	A	V	L	I	F	Y	W	H	M	C	P
0	0.03667	0.08088	0.04154	0.13019	0.01732	0.10415	0.03478	0.01679	0.07301	0.10056	0.03526	0.06997	0.01175	0.00651	0.00588	0.00154	0.06861	0.00512	0.00355	0.15594
1	0.03483	0.01009	0.08485	0.01007	0.01293	0.00906	0.03378	0.13150	0.01248	0.10057	0.01517	0.05443	0.02833	0.02182	0.36477	0.00475	0.00943	0.00567	0.00373	0.05172
2	0.01309	0.01207	0.02027	0.05723	0.02031	0.06146	0.35190	0.05484	0.02621	0.08835	0.11364	0.07140	0.01585	0.00652	0.00582	0.00167	0.00664	0.00663	0.00379	0.06229
3	0.01662	0.04918	0.03720	0.01234	0.03988	0.40656	0.00954	0.08646	0.03434	0.03844	0.04260	0.01341	0.01015	0.00575	0.00480	0.00135	0.00718	0.02525	0.00336	0.15558
4	0.00911	0.00774	0.00978	0.11016	0.05688	0.03713	0.00738	0.01253	0.07800	0.01822	0.36596	0.12350	0.07078	0.00963	0.00584	0.00168	0.00387	0.00846	0.00471	0.05865
5	0.11063	0.00857	0.01170	0.13616	0.07521	0.00906	0.04717	0.03614	0.08591	0.04681	0.27034	0.05809	0.06673	0.00818	0.00553	0.00171	0.00440	0.00712	0.00443	0.00612
6	0.01182	0.00718	0.00870	0.00728	0.01015	0.00595	0.00568	0.01369	0.01275	0.20245	0.12711	0.09289	0.24875	0.00932	0.00549	0.00152	0.00343	0.00787	0.00499	0.21302
7	0.01048	0.00703	0.00950	0.15155	0.01446	0.00717	0.00760	0.01355	0.07050	0.12762	0.13362	0.16567	0.14097	0.02724	0.00650	0.00194	0.00418	0.08988	0.00481	0.00574
8	0.01040	0.01013	0.01465	0.64102	0.03130	0.07388	0.01313	0.01351	0.01114	0.01388	0.05262	0.06882	0.01125	0.00636	0.00539	0.00175	0.00673	0.00556	0.00274	0.00574
9	0.01599	0.00987	0.01389	0.10804	0.15272	0.00952	0.00991	0.06623	0.04393	0.28330	0.05948	0.01832	0.01345	0.00627	0.00522	0.00155	0.00500	0.03651	0.00458	0.13621
10	0.02068	0.04483	0.05780	0.00978	0.01409	0.00921	0.00851	0.05071	0.06573	0.56698	0.01845	0.01655	0.01208	0.00619	0.00511	0.00156	0.00472	0.00498	0.00571	0.07634
11	0.01150	0.00983	0.01220	0.00902	0.01336	0.00821	0.05031	0.06464	0.05385	0.01888	0.07238	0.01405	0.01176	0.00484	0.00441	0.00102	0.00423	0.00410	0.00359	0.62780
12	0.07193	0.09675	0.08081	0.01261	0.01711	0.07885	0.17242	0.05772	0.08129	0.01794	0.01108	0.03505	0.00903	0.00518	0.00477	0.00139	0.00609	0.00453	0.00322	0.23222
13	0.01223	0.00773	0.00933	0.00817	0.01053	0.00735	0.00629	0.12017	0.04216	0.15280	0.21043	0.19386	0.10933	0.01025	0.00583	0.00170	0.00363	0.00883	0.00534	0.07404
14	0.01175	0.01027	0.05586	0.00870	0.01315	0.00772	0.00745	0.01513	0.06146	0.06916	0.01247	0.01595	0.01049	0.00523	0.00444	0.00109	0.00427	0.06340	0.00360	0.61838
15	0.01481	0.01082	0.01366	0.01173	0.08329	0.00995	0.03366	0.16252	0.05608	0.12998	0.03696	0.01399	0.01066	0.00525	0.00473	0.00125	0.00472	0.00437	0.00418	0.38739
16	0.05815	0.01214	0.03467	0.02238	0.43810	0.06110	0.02533	0.01648	0.09563	0.01785	0.07848	0.08866	0.01493	0.00665	0.00535	0.00165	0.00560	0.00603	0.00344	0.00739

[dist]
# distance from previous block
# <min> <max>
34	183

[block]
# block no. 2 follows, 46 sequences, length 35
# corresponding to MSA columns:
# 1350-1384
name=unknown_C
#
# <colnr> <probs for GDERKNQSTAVLIFYWHMCP>
#	G	D	E	R	K	N	Q	S	T	A	V	L	I	F	Y	W	H	M	C	P
0	0.01645	0.21781	0.01782	0.04414	0.02954	0.03340	0.00945	0.42158	0.01888	0.02461	0.06359	0.01541	0.05202	0.00646	0.00491	0.00149	0.00553	0.00489	0.00430	0.00772
1	0.01273	0.31273	0.01749	0.00867	0.01317	0.06394	0.00756	0.01477	0.01114	0.01515	0.00855	0.00994	0.00737	0.00424	0.00378	0.00095	0.00494	0.00304	0.00278	0.47707
2	0.38860	0.01534	0.01227	0.01245	0.10388	0.26289	0.00868	0.04918	0.01239	0.05925	0.02576	0.01076	0.00787	0.00533	0.00424	0.00154	0.00616	0.00361	0.00333	0.00646
3	0.01493	0.41366	0.13708	0.01243	0.01705	0.22228	0.08411	0.01746	0.01209	0.01364	0.00821	0.00972	0.00690	0.00483	0.00427	0.00134	0.00731	0.00347	0.00242	0.00680
4	0.00641	0.00471	0.00603	0.00708	0.00759	0.00432	0.00478	0.00739	0.01039	0.01360	0.03254	0.70503	0.13851	0.01612	0.00668	0.00210	0.00301	0.01449	0.00491	0.00432
5	0.00694	0.00488	0.00609	0.00686	0.00719	0.00466	0.00449	0.00765	0.00953	0.01259	0.02621	0.48557	0.06562	0.27502	0.01329	0.00311	0.00380	0.04816	0.00435	0.00398
6	0.01223	0.01168	0.01991	0.24542	0.57497	0.01234	0.01580	0.01547	0.01163	0.01623	0.00979	0.01336	0.00801	0.00487	0.00525	0.00162	0.00649	0.00471	0.00254	0.00768
7	0.01732	0.01321	0.01419	0.01140	0.01508	0.01472	0.00924	0.50978	0.22921	0.02941	0.06784	0.01647	0.01377	0.00688	0.00538	0.00165	0.00514	0.00542	0.00535	0.00854
8	0.00632	0.00507	0.00565	0.00612	0.00734	0.00440	0.00436	0.00750	0.01132	0.01398	0.04426	0.34016	0.49580	0.01460	0.00644	0.00192	0.00283	0.01263	0.00491	0.00440
9	0.77613	0.01064	0.00850	0.00742	0.01078	0.01227	0.00612	0.08340	0.01044	0.02459	0.00784	0.00896	0.00602	0.00504	0.00345	0.00163	0.00425	0.00303	0.00345	0.00602
10	0.01601	0.01244	0.01291	0.01107	0.01435	0.05784	0.00884	0.20899	0.41920	0.09958	0.01891	0.01977	0.01444	0.00728	0.00544	0.00174	0.00497	0.05271	0.00529	0.00823
11	0.01601	0.01141	0.01255	0.01071	0.01407	0.01264	0.00849	0.13002	0.53229	0.16027	0.02017	0.01844	0.01460	0.00694	0.00536	0.00174	0.00447	0.00569	0.00558	0.00857
12	0.01974	0.01463	0.01566	0.01209	0.01626	0.01623	0.00996	0.72552	0.06353	0.03274	0.01315	0.01306	0.00936	0.00639	0.00529	0.00160	0.00573	0.00482	0.00529	0.00896
13	0.01223	0.01169	0.01992	0.24318	0.57714	0.01234	0.01580	0.01548	0.01164	0.01624	0.00979	0.01336	0.00801	0.00487	0.00525	0.00162	0.00649	0.00471	0.00254	0.00769
14	0.00722	0.00529	0.00748	0.00845	0.00916	0.00506	0.02490	0.00868	0.01080	0.01428	0.02833	0.56408	0.03292	0.01567	0.00690	0.00222	0.00376	0.23542	0.00484	0.00454
15	0.00644	0.00460	0.00613	0.00736	0.00767	0.00429	0.00491	0.00736	0.01012	0.01350	0.02914	0.81076	0.03497	0.01656	0.00675	0.00215	0.00307	0.01503	0.00491	0.00429
16	0.24541	0.01112	0.01185	0.07426	0.05929	0.01280	0.00868	0.05870	0.41901	0.02214	0.01552	0.01546	0.01173	0.00621	0.00478	0.00172	0.00459	0.00488	0.00439	0.00747
17	0.01081	0.07324	0.74272	0.01472	0.02234	0.01278	0.01892	0.01669	0.01114	0.01649	0.00936	0.01101	0.00670	0.00499	0.00493	0.00164	0.00769	0.00384	0.00223	0.00775
18	0.02168	0.01226	0.01429	0.01096	0.01513	0.01262	0.00905	0.44060	0.02060	0.36233	0.01627	0.01501	0.01078	0.00643	0.00530	0.00161	0.00524	0.00500	0.00584	0.00899
19	0.00625	0.00536	0.00536	0.00536	0.00714	0.00446	0.00402	0.00759	0.01205	0.01428	0.05355	0.05088	0.77909	0.01339	0.00625	0.00179	0.00268	0.01116	0.00491	0.00446
20	0.72988	0.01067	0.00870	0.00762	0.01095	0.01231	0.00625	0.07763	0.05901	0.02440	0.00870	0.00964	0.00666	0.00517	0.00357	0.00164	0.00424	0.00322	0.00357	0.00616
21	0.01060	0.02735	0.78682	0.01507	0.02288	0.01228	0.01953	0.01674	0.01116	0.01674	0.00949	0.01116	0.00670	0.00502	0.00502	0.00167	0.00781	0.00391	0.00223	0.00781
22	0.00998	0.00940	0.01586	0.80150	0.03641	0.01175	0.01468	0.01351	0.01057	0.01351	0.00940	0.01409	0.00705	0.00529	0.00529	0.00176	0.00705	0.00470	0.00235	0.00587
23	0.00711	0.00537	0.00659	0.00651	0.00784	0.00485	0.00491	0.00916	0.01362	0.01835	0.47344	0.09862	0.25743	0.01218	0.00634	0.00178	0.00272	0.05295	0.00544	0.00478
24	0.05749	0.01002	0.01288	0.01045	0.01391	0.01013	0.06280	0.05947	0.24971	0.32536	0.11180	0.02017	0.01760	0.00702	0.00542	0.00170	0.00452	0.00596	0.00559	0.00802
25	0.01089	0.04396	0.08683	0.01009	0.01177	0.01038	0.00860	0.06358	0.01078	0.05958	0.07153	0.11800	0.01696	0.17016	0.06720	0.00302	0.22066	0.00686	0.00355	0.00560
26	0.01294	0.01242	0.02120	0.06755	0.74724	0.01252	0.01615	0.01610	0.01197	0.01710	0.00992	0.01313	0.00831	0.00474	0.00524	0.00158	0.00632	0.00471	0.00260	0.00826
27	0.01781	0.01064	0.01233	0.01031	0.01382	0.01121	0.00824	0.07414	0.42204	0.32725	0.02069	0.01858	0.01446	0.00687	0.00535	0.00172	0.00441	0.00564	0.00584	0.00866
28	0.01332	0.01226	0.01993	0.08178	0.62371	0.01256	0.01505	0.08844	0.01331	0.01874	0.04239	0.01422	0.01008	0.00516	0.00528	0.00159	0.00613	0.00492	0.00299	0.00812
29	0.40366	0.01276	0.05944	0.01606	0.22044	0.01281	0.06203	0.11998	0.01239	0.02245	0.00915	0.01091	0.00711	0.00503	0.00439	0.00162	0.00547	0.00392	0.00327	0.00711
30	0.01701	0.00780	0.01021	0.00838	0.01139	0.00702	0.00671	0.01990	0.05882	0.45734	0.25373	0.02680	0.07486	0.00833	0.00566	0.00166	0.00375	0.00703	0.00615	0.00744
31	0.01630	0.01097	0.01767	0.11823	0.43120	0.01084	0.01318	0.01912	0.01290	0.27618	0.01356	0.01487	0.00980	0.00540	0.00527	0.00162	0.00577	0.00491	0.00391	0.00828
32	0.01287	0.01320	0.01827	0.01936	0.22750	0.08298	0.06225	0.01569	0.05885	0.01488	0.00906	0.01251	0.00798	0.00721	0.01139	0.00196	0.40988	0.00474	0.00265	0.00679
33	0.01389	0.01488	0.01815	0.25337	0.36572	0.21319	0.01422	0.01668	0.01236	0.01505	0.00933	0.01247	0.00758	0.00507	0.00513	0.00157	0.00734	0.00437	0.00257	0.00706
34	0.00696	0.00492	0.00637	0.00703	0.00753	0.00466	0.00478	0.00813	0.01085	0.01472	0.19057	0.48270	0.03540	0.14918	0.01004	0.00255	0.00336	0.04115	0.00482	0.00428

[dist]
# distance from previous block
# <min> <max>
1	12

[block]
# block no. 3 follows, 46 sequences, length 11
# corresponding to MSA columns:
# 1397-1407
name=unknown_D
#
# <colnr> <probs for GDERKNQSTAVLIFYWHMCP>
#	G	D	E	R	K	N	Q	S	T	A	V	L	I	F	Y	W	H	M	C	P
0	0.05878	0.01612	0.01404	0.01168	0.01515	0.22751	0.00927	0.32739	0.13376	0.08399	0.04071	0.01408	0.01111	0.00633	0.00510	0.00157	0.00628	0.00470	0.00462	0.00781
1	0.00802	0.00480	0.00647	0.00675	0.00722	0.00455	0.00466	0.00725	0.00876	0.01129	0.02290	0.17848	0.17544	0.01686	0.01454	0.47995	0.00391	0.03151	0.00343	0.00322
2	0.46586	0.01190	0.01101	0.00918	0.01274	0.01354	0.00751	0.26683	0.11271	0.02672	0.01097	0.01139	0.00816	0.00568	0.00422	0.00164	0.00468	0.00390	0.00422	0.00716
3	0.01687	0.01264	0.01573	0.01254	0.01603	0.07521	0.12337	0.15545	0.20916	0.19644	0.01613	0.01691	0.01193	0.05311	0.00721	0.00190	0.04131	0.00548	0.00474	0.00784
4	0.04243	0.34287	0.36310	0.01441	0.10823	0.01577	0.01443	0.01627	0.01102	0.01532	0.00860	0.01022	0.00690	0.00478	0.00433	0.00144	0.00663	0.00353	0.00233	0.00739
5	0.01805	0.01122	0.01286	0.01044	0.01418	0.01172	0.00841	0.18962	0.30909	0.27624	0.01859	0.01705	0.01303	0.00658	0.00525	0.00163	0.00463	0.00531	0.00560	0.06049
6	0.17936	0.01092	0.01405	0.25471	0.11933	0.01237	0.01095	0.10866	0.14093	0.07979	0.01240	0.01396	0.00920	0.00568	0.00490	0.00169	0.00553	0.00461	0.00376	0.00721
7	0.06257	0.01272	0.01739	0.16509	0.14705	0.04059	0.08395	0.25332	0.01583	0.06907	0.02741	0.01366	0.00917	0.00586	0.00596	0.00168	0.05251	0.00486	0.00375	0.00757
8	0.06256	0.01286	0.01544	0.23476	0.09498	0.04836	0.01150	0.31851	0.10783	0.02344	0.01206	0.01360	0.00896	0.00587	0.00516	0.00165	0.00608	0.00472	0.00399	0.00767
9	0.01149	0.00711	0.00879	0.00825	0.01022	0.00673	0.00606	0.01492	0.12909	0.16689	0.02324	0.39087	0.02359	0.05976	0.00714	0.00201	0.00375	0.00987	0.00499	0.10524
10	0.01547	0.01131	0.01771	0.10568	0.43249	0.01140	0.01316	0.08123	0.01379	0.18918	0.04668	0.01542	0.01118	0.00559	0.00531	0.00161	0.00576	0.00506	0.00383	0.00815

[dist]
# distance from previous block
# <min> <max>
14	62

[block]
# block no. 4 follows, 46 sequences, length 10
# corresponding to MSA columns:
# 1475-1484
name=unknown_E
#
# <colnr> <probs for GDERKNQSTAVLIFYWHMCP>
#	G	D	E	R	K	N	Q	S	T	A	V	L	I	F	Y	W	H	M	C	P
0	0.00712	0.00614	0.00746	0.00900	0.10290	0.00544	0.00566	0.00862	0.01177	0.01454	0.04458	0.15767	0.57467	0.01278	0.00620	0.00181	0.00318	0.01093	0.00463	0.00492
1	0.01300	0.11212	0.02298	0.15158	0.08820	0.01415	0.29675	0.07507	0.13787	0.01793	0.01193	0.01420	0.00914	0.00522	0.00543	0.00167	0.00695	0.00527	0.00321	0.00732
2	0.00918	0.00761	0.00690	0.00674	0.00707	0.10251	0.00407	0.00935	0.00859	0.01058	0.01561	0.03150	0.01769	0.71424	0.02417	0.00466	0.00567	0.00716	0.00314	0.00356
3	0.11859	0.10088	0.01419	0.01064	0.01376	0.21003	0.00859	0.19402	0.10098	0.02022	0.01611	0.01641	0.10371	0.00685	0.00539	0.00157	0.04243	0.00490	0.00390	0.00686
4	0.02010	0.01481	0.01587	0.01216	0.01639	0.01639	0.01005	0.76360	0.02486	0.03332	0.01269	0.01269	0.00899	0.00635	0.00529	0.00159	0.00582	0.00476	0.00529	0.00899
5	0.01096	0.00940	0.01096	0.00783	0.01253	0.00705	0.00626	0.01331	0.01096	0.01723	0.00940	0.01096	0.00783	0.00392	0.00392	0.00078	0.00392	0.00313	0.00313	0.84653
6	0.00679	0.00486	0.00652	0.00760	0.00810	0.00458	0.00537	0.00804	0.01079	0.01444	0.09259	0.65018	0.03566	0.01583	0.00677	0.00214	0.00325	0.10709	0.00498	0.00443
7	0.01663	0.01652	0.01435	0.01227	0.01526	0.31304	0.03970	0.20081	0.01608	0.04428	0.01304	0.05326	0.01165	0.00727	0.00592	0.00160	0.04803	0.08840	0.00383	0.07805
8	0.01333	0.01440	0.01409	0.30922	0.02242	0.27499	0.01129	0.04540	0.01246	0.01416	0.01214	0.10838	0.01145	0.00748	0.00634	0.00174	0.07085	0.04101	0.00301	0.00584
9	0.01686	0.01909	0.01794	0.05549	0.27161	0.42715	0.05284	0.01910	0.01368	0.04390	0.00943	0.01149	0.00764	0.00518	0.00505	0.00148	0.00812	0.00412	0.00281	0.00703

[dist]
# distance from previous block
# <min> <max>
2	36

[block]
# block no. 5 follows, 46 sequences, length 9
# corresponding to MSA columns:
# 1521-1529
name=unknown_F
#
# <colnr> <probs for GDERKNQSTAVLIFYWHMCP>
#	G	D	E	R	K	N	Q	S	T	A	V	L	I	F	Y	W	H	M	C	P
0	0.04230	0.30734	0.12439	0.01270	0.01732	0.01614	0.13037	0.11237	0.06439	0.06138	0.01055	0.01178	0.00822	0.00540	0.00537	0.00153	0.05365	0.00422	0.00320	0.00739
1	0.18606	0.05764	0.04218	0.00995	0.01337	0.06660	0.04551	0.12726	0.06939	0.16239	0.01469	0.07860	0.01174	0.00665	0.00475	0.00160	0.00504	0.00525	0.08427	0.00705
2	0.01428	0.05393	0.05215	0.01035	0.01364	0.03601	0.03236	0.17526	0.30805	0.04383	0.01666	0.01671	0.01251	0.00638	0.00489	0.00157	0.00474	0.00514	0.18397	0.00756
3	0.00755	0.00566	0.00850	0.00850	0.00944	0.00661	0.00661	0.00944	0.00850	0.01227	0.01416	0.02077	0.01322	0.03965	0.79326	0.00850	0.01416	0.00566	0.00283	0.00472
4	0.01224	0.39251	0.43595	0.01228	0.01858	0.01627	0.01469	0.01632	0.01097	0.01475	0.00850	0.00992	0.00674	0.00479	0.00427	0.00142	0.00681	0.00341	0.00225	0.00734
5	0.00787	0.00600	0.00734	0.00722	0.00864	0.00579	0.00550	0.01131	0.09279	0.01891	0.43782	0.11459	0.16453	0.01176	0.00630	0.00181	0.00298	0.07823	0.00545	0.00518
6	0.01096	0.00940	0.01096	0.00783	0.01253	0.00705	0.00626	0.01331	0.01096	0.01723	0.00940	0.01096	0.00783	0.00392	0.00392	0.00078	0.00392	0.00313	0.00313	0.84653
7	0.01200	0.01145	0.01949	0.30253	0.51966	0.01227	0.01568	0.01527	0.01152	0.01595	0.00975	0.01344	0.00791	0.00491	0.00525	0.00164	0.00655	0.00471	0.00252	0.00750
8	0.01563	0.01329	0.01527	0.05568	0.12057	0.11116	0.05267	0.23380	0.06939	0.06746	0.04873	0.01568	0.03033	0.00607	0.00515	0.00151	0.00584	0.00502	0.04474	0.08202

[dist]
# distance from previous block
# <min> <max>
61	219

[block]
# block no. 6 follows, 46 sequences, length 7
# corresponding to MSA columns:
# 1802-1808
name=unknown_G
#
# <colnr> <probs for GDERKNQSTAVLIFYWHMCP>
#	G	D	E	R	K	N	Q	S	T	A	V	L	I	F	Y	W	H	M	C	P
0	0.04050	0.00870	0.04368	0.12649	0.05189	0.00841	0.00859	0.08142	0.04072	0.06850	0.07800	0.28176	0.02153	0.01166	0.04742	0.00217	0.00506	0.02781	0.00429	0.04140
1	0.04438	0.07842	0.04041	0.06258	0.01528	0.29594	0.00912	0.03526	0.05666	0.05260	0.01250	0.01434	0.04117	0.03520	0.00610	0.00157	0.04877	0.00432	0.05137	0.09401
2	0.09450	0.03888	0.01331	0.09747	0.01611	0.01176	0.02392	0.18549	0.15151	0.20175	0.03091	0.03102	0.03392	0.02352	0.00563	0.00175	0.00502	0.02102	0.00487	0.00763
3	0.06223	0.01127	0.09846	0.13250	0.05207	0.01001	0.00999	0.11371	0.06341	0.16697	0.04219	0.12547	0.07320	0.00802	0.00545	0.00174	0.00508	0.00675	0.00444	0.00702
4	0.06626	0.01104	0.01204	0.07114	0.01487	0.08763	0.00816	0.08984	0.06657	0.32527	0.01610	0.04402	0.01168	0.00634	0.00495	0.00153	0.00503	0.00503	0.05988	0.09261
5	0.09621	0.05913	0.08403	0.07260	0.05641	0.09493	0.00973	0.04500	0.01326	0.26014	0.05422	0.01463	0.01129	0.00575	0.00481	0.00149	0.00554	0.00449	0.00418	0.10214
6	0.01470	0.01096	0.03332	0.12761	0.04143	0.05484	0.05814	0.11945	0.07055	0.18354	0.10297	0.04433	0.05324	0.04180	0.00647	0.00184	0.00542	0.01776	0.00459	0.00704

[dist]
# distance from previous block
# <min> <max>
5	27

[block]
# block no. 7 follows, 46 sequences, length 17
# corresponding to MSA columns:
# 1836-1852
name=unknown_H
#
# <colnr> <probs for GDERKNQSTAVLIFYWHMCP>
#	G	D	E	R	K	N	Q	S	T	A	V	L	I	F	Y	W	H	M	C	P
0	0.01645	0.01179	0.01469	0.01195	0.01547	0.07211	0.10731	0.10804	0.19858	0.22373	0.04900	0.02138	0.01523	0.00720	0.00560	0.00172	0.00549	0.07773	0.00502	0.03153
1	0.07311	0.05634	0.07402	0.01188	0.01663	0.04286	0.15927	0.05168	0.05651	0.01822	0.01022	0.01187	0.00808	0.00458	0.00458	0.00125	0.00565	0.00403	0.00315	0.38608
2	0.06185	0.07010	0.01897	0.01824	0.22251	0.05966	0.18580	0.05088	0.01254	0.04827	0.01643	0.12127	0.07612	0.00714	0.00548	0.00168	0.00610	0.00667	0.00343	0.00686
3	0.01405	0.01298	0.01347	0.01054	0.01442	0.18676	0.08145	0.01630	0.01276	0.10048	0.05453	0.01561	0.05563	0.00553	0.00475	0.00121	0.00560	0.00456	0.00362	0.38573
4	0.01239	0.31984	0.23968	0.01140	0.01571	0.10005	0.01179	0.01520	0.01110	0.01398	0.01146	0.11724	0.01114	0.00696	0.00551	0.00156	0.06085	0.02486	0.00273	0.00656
5	0.00980	0.00911	0.01522	0.74404	0.03435	0.01126	0.01398	0.01325	0.01089	0.01406	0.06500	0.01593	0.01014	0.00568	0.00535	0.00175	0.00672	0.00505	0.00260	0.00581
6	0.02010	0.01481	0.01587	0.01216	0.01639	0.01639	0.01005	0.76360	0.02486	0.03332	0.01269	0.01269	0.00899	0.00635	0.00529	0.00159	0.00582	0.00476	0.00529	0.00899
7	0.01392	0.61832	0.16204	0.01046	0.01543	0.07619	0.01100	0.01638	0.01113	0.01324	0.00779	0.00904	0.00677	0.00468	0.00378	0.00124	0.00632	0.00306	0.00229	0.00692
8	0.02010	0.01481	0.01587	0.01216	0.01639	0.01639	0.01005	0.76360	0.02486	0.03332	0.01269	0.01269	0.00899	0.00635	0.00529	0.00159	0.00582	0.00476	0.00529	0.00899
9	0.00918	0.00459	0.00689	0.00689	0.00689	0.00459	0.00459	0.00689	0.00689	0.00918	0.00918	0.01607	0.00918	0.01837	0.02066	0.84619	0.00459	0.00459	0.00230	0.00230
10	0.01473	0.02048	0.27426	0.10320	0.02159	0.21914	0.08993	0.06408	0.01321	0.07174	0.01013	0.01198	0.00752	0.00553	0.00581	0.00164	0.05068	0.00429	0.00292	0.00713
11	0.00764	0.00530	0.00663	0.00663	0.00693	0.00559	0.00428	0.00824	0.00794	0.01089	0.01587	0.03022	0.01732	0.56885	0.26967	0.00619	0.00799	0.00705	0.00309	0.00368
12	0.00761	0.00580	0.00827	0.00812	0.00910	0.00653	0.00626	0.00946	0.00964	0.01368	0.13096	0.02559	0.06593	0.06041	0.57101	0.00671	0.04015	0.00662	0.00340	0.00473
13	0.25636	0.40812	0.10147	0.00937	0.01382	0.03209	0.00924	0.06010	0.01135	0.04512	0.00840	0.00941	0.00683	0.00489	0.00374	0.00138	0.00548	0.00317	0.00289	0.00678
14	0.01203	0.18072	0.20555	0.01052	0.01444	0.17669	0.01038	0.01487	0.01276	0.01560	0.16691	0.02140	0.12292	0.00732	0.00505	0.00151	0.00597	0.00571	0.00342	0.00622
15	0.01611	0.17715	0.05217	0.01038	0.01422	0.01331	0.02699	0.22776	0.09693	0.16192	0.04822	0.06324	0.05461	0.00715	0.00510	0.00158	0.00507	0.00573	0.00468	0.00769
16	0.12748	0.04535	0.09363	0.01097	0.02867	0.19041	0.00929	0.11635	0.05661	0.09261	0.15992	0.01719	0.01642	0.00664	0.00499	0.00156	0.00579	0.00508	0.00417	0.00687

[dist]
# distance from previous block
# <min> <max>
51	92

[block]
# block no. 8 follows, 46 sequences, length 14
# corresponding to MSA columns:
# 1994-2007
name=unknown_I
#
# <colnr> <probs for GDERKNQSTAVLIFYWHMCP>
#	G	D	E	R	K	N	Q	S	T	A	V	L	I	F	Y	W	H	M	C	P
0	0.01069	0.00869	0.00973	0.00774	0.01134	0.00751	0.00610	0.03870	0.11885	0.04499	0.02407	0.02376	0.22673	0.00722	0.00487	0.00126	0.00369	0.00593	0.00414	0.43398
1	0.01389	0.01047	0.01756	0.10984	0.11000	0.01038	0.19074	0.05826	0.03233	0.17224	0.08343	0.08855	0.01538	0.00693	0.00596	0.00171	0.02413	0.00654	0.00411	0.03756
2	0.01523	0.37220	0.25702	0.01115	0.01659	0.01550	0.01208	0.06415	0.01257	0.16142	0.01089	0.01137	0.00809	0.00517	0.00437	0.00142	0.00611	0.00375	0.00325	0.00766
3	0.00636	0.00509	0.00569	0.00610	0.00735	0.00442	0.00436	0.00760	0.01149	0.01427	0.07213	0.31488	0.49292	0.01440	0.00642	0.00191	0.00281	0.01244	0.00494	0.00442
4	0.00627	0.00527	0.00545	0.00560	0.00720	0.00444	0.00412	0.00756	0.01182	0.01419	0.05063	0.14181	0.69004	0.01377	0.00631	0.00183	0.00272	0.01162	0.00491	0.00444
5	0.01283	0.26339	0.33760	0.01389	0.03961	0.10808	0.08539	0.01658	0.01160	0.01487	0.00968	0.04573	0.00815	0.00537	0.00470	0.00150	0.00722	0.00425	0.00247	0.00710
6	0.01060	0.02735	0.78682	0.01507	0.02288	0.01228	0.01953	0.01674	0.01116	0.01674	0.00949	0.01116	0.00670	0.00502	0.00502	0.00167	0.00781	0.00391	0.00223	0.00781
7	0.00769	0.00513	0.00577	0.00577	0.00577	0.00513	0.00320	0.00769	0.00769	0.01025	0.01666	0.03460	0.01922	0.81421	0.02691	0.00513	0.00513	0.00769	0.00320	0.00320
8	0.01413	0.81739	0.02770	0.00905	0.01357	0.02092	0.00905	0.01583	0.01074	0.01244	0.00735	0.00848	0.00678	0.00452	0.00339	0.00113	0.00565	0.00283	0.00226	0.00678
9	0.01096	0.00940	0.01096	0.00783	0.01253	0.00705	0.00626	0.01331	0.01096	0.01723	0.00940	0.01096	0.00783	0.00392	0.00392	0.00078	0.00392	0.00313	0.00313	0.84653
10	0.00644	0.00460	0.00613	0.00736	0.00767	0.00429	0.00491	0.00736	0.01012	0.01350	0.02914	0.81076	0.03497	0.01656	0.00675	0.00215	0.00307	0.01503	0.00491	0.00429
11	0.07413	0.01034	0.01214	0.01016	0.01316	0.01099	0.02614	0.25948	0.06385	0.15473	0.03864	0.02451	0.06056	0.02946	0.00659	0.00186	0.04005	0.11441	0.04159	0.00723
12	0.15479	0.01232	0.03436	0.14136	0.06381	0.01355	0.01049	0.31019	0.01625	0.06375	0.04600	0.01362	0.00993	0.00628	0.00610	0.00170	0.07940	0.00465	0.00405	0.00739
13	0.09902	0.04692	0.07654	0.18427	0.30041	0.01258	0.01327	0.07470	0.04531	0.08122	0.01103	0.01315	0.00840	0.00525	0.00497	0.00162	0.00604	0.00449	0.00323	0.00757

[dist]
# distance from previous block
# <min> <max>
5	29

[block]
# block no. 9 follows, 46 sequences, length 23
# corresponding to MSA columns:
# 2042-2064
name=unknown_J
#
# <colnr> <probs for GDERKNQSTAVLIFYWHMCP>
#	G	D	E	R	K	N	Q	S	T	A	V	L	I	F	Y	W	H	M	C	P
0	0.12394	0.18713	0.01622	0.03384	0.05418	0.23481	0.00915	0.04971	0.05868	0.10841	0.02993	0.01325	0.00981	0.00573	0.00452	0.00146	0.00627	0.02211	0.00354	0.02731
1	0.07535	0.01290	0.03633	0.02088	0.32725	0.07230	0.13503	0.01683	0.07768	0.01821	0.09915	0.01612	0.01337	0.00562	0.00527	0.00158	0.00610	0.00529	0.00331	0.05143
2	0.12787	0.03345	0.01226	0.00996	0.01310	0.08295	0.00814	0.33121	0.01760	0.04940	0.07641	0.02222	0.08011	0.00781	0.00524	0.00166	0.00516	0.08011	0.02835	0.00700
3	0.24725	0.17983	0.01545	0.01069	0.01398	0.38998	0.00864	0.01871	0.01249	0.04832	0.00832	0.00942	0.00677	0.00516	0.00410	0.00140	0.00705	0.00322	0.00294	0.00627
4	0.01414	0.02278	0.31641	0.01569	0.02055	0.27920	0.14256	0.01786	0.01238	0.01507	0.00899	0.01118	0.00699	0.00550	0.00639	0.00165	0.08906	0.00421	0.00248	0.00692
5	0.00650	0.00463	0.00612	0.00729	0.00758	0.00433	0.00483	0.00738	0.01001	0.01334	0.02854	0.77376	0.03421	0.05459	0.00771	0.00229	0.00317	0.01468	0.00483	0.00424
6	0.01412	0.00898	0.04862	0.00918	0.01183	0.00810	0.00743	0.08156	0.12221	0.25407	0.04838	0.29367	0.04832	0.01039	0.00587	0.00184	0.00411	0.00900	0.00541	0.00693
7	0.00644	0.00460	0.00613	0.00736	0.00767	0.00429	0.00491	0.00736	0.01012	0.01350	0.02914	0.81076	0.03497	0.01656	0.00675	0.00215	0.00307	0.01503	0.00491	0.00429
8	0.00634	0.00499	0.00573	0.00632	0.00739	0.00438	0.00445	0.00748	0.01112	0.01390	0.04179	0.41711	0.42045	0.01492	0.00649	0.00196	0.00287	0.01302	0.00491	0.00438
9	0.01162	0.02592	0.72661	0.01463	0.02215	0.01193	0.01862	0.01744	0.01147	0.07646	0.01037	0.01169	0.00719	0.00514	0.00505	0.00167	0.00756	0.00402	0.00257	0.00790
10	0.01550	0.08593	0.01569	0.01251	0.01467	0.31655	0.01002	0.07724	0.08948	0.01533	0.00991	0.01211	0.00843	0.00917	0.06636	0.00219	0.22519	0.00422	0.00305	0.00644
11	0.00642	0.00467	0.00606	0.00718	0.00762	0.00431	0.00483	0.00738	0.01030	0.01357	0.03136	0.74167	0.10262	0.01627	0.00670	0.00211	0.00303	0.01468	0.00491	0.00431
12	0.00654	0.00464	0.00611	0.00724	0.00752	0.00436	0.00477	0.00739	0.00993	0.01324	0.02817	0.75042	0.03374	0.07857	0.00831	0.00238	0.00323	0.01446	0.00477	0.00421
13	0.23521	0.01871	0.34037	0.01193	0.01742	0.01315	0.01285	0.22429	0.01454	0.04996	0.01021	0.01115	0.00730	0.00541	0.00465	0.00164	0.00616	0.00392	0.00351	0.00763
14	0.01496	0.02126	0.52976	0.01319	0.01977	0.01078	0.01563	0.01974	0.01248	0.27167	0.01326	0.01343	0.00882	0.00553	0.00512	0.00166	0.00671	0.00437	0.00366	0.00821
15	0.01195	0.32957	0.49643	0.01276	0.01932	0.01558	0.01552	0.01639	0.01100	0.01510	0.00867	0.01014	0.00673	0.00483	0.00440	0.00147	0.00699	0.00349	0.00224	0.00742
16	0.01632	0.01277	0.01357	0.01115	0.01471	0.01429	0.00897	0.40784	0.33738	0.02743	0.01895	0.01803	0.06006	0.00713	0.00539	0.00169	0.00494	0.00567	0.00530	0.00845
17	0.00755	0.00566	0.00850	0.00850	0.00944	0.00661	0.00661	0.00944	0.00850	0.01227	0.01416	0.02077	0.01322	0.03965	0.79326	0.00850	0.01416	0.00566	0.00283	0.00472
18	0.49582	0.01188	0.01089	0.00906	0.01263	0.01352	0.00743	0.27182	0.07998	0.02686	0.01040	0.01095	0.00773	0.00559	0.00414	0.00163	0.00469	0.00378	0.00414	0.00707
19	0.01325	0.04654	0.01451	0.21913	0.02009	0.01215	0.04086	0.08317	0.28302	0.08213	0.01527	0.01642	0.01149	0.00869	0.06646	0.00220	0.00612	0.00519	0.00411	0.04920
20	0.00856	0.00717	0.01015	0.18194	0.01573	0.00749	0.03610	0.01203	0.07150	0.01680	0.21429	0.05101	0.19057	0.01044	0.00617	0.00188	0.00435	0.14391	0.00452	0.00538
21	0.03559	0.04017	0.07119	0.07801	0.20819	0.03574	0.01073	0.06124	0.01251	0.01815	0.07950	0.01426	0.01159	0.00518	0.00472	0.00131	0.00528	0.00439	0.00321	0.29903
22	0.07908	0.07629	0.07404	0.09983	0.28094	0.01230	0.05863	0.05018	0.05284	0.08180	0.04514	0.01567	0.03914	0.00571	0.00508	0.00161	0.00584	0.00502	0.00340	0.00745

[dist]
# distance from previous block
# <min> <max>
16	125

[block]
# block no. 10 follows, 46 sequences, length 14
# corresponding to MSA columns:
# 2204-2217
name=unknown_K
#
# <colnr> <probs for GDERKNQSTAVLIFYWHMCP>
#	G	D	E	R	K	N	Q	S	T	A	V	L	I	F	Y	W	H	M	C	P
0	0.03033	0.04357	0.04627	0.21400	0.05484	0.01110	0.10312	0.06753	0.02874	0.08122	0.01263	0.01465	0.03945	0.00544	0.00531	0.00149	0.02673	0.00472	0.00332	0.20555
1	0.01433	0.01454	0.06641	0.04682	0.18807	0.08969	0.12791	0.11797	0.14416	0.03911	0.02823	0.01444	0.01034	0.00565	0.00558	0.00161	0.02392	0.00502	0.00362	0.05257
2	0.04440	0.01044	0.01828	0.08477	0.03663	0.01007	0.29060	0.05394	0.01325	0.06860	0.17088	0.05949	0.03456	0.00685	0.00575	0.00166	0.00591	0.00678	0.00390	0.07325
3	0.01407	0.01131	0.01242	0.03545	0.01429	0.03542	0.00816	0.29155	0.05693	0.02275	0.01553	0.06677	0.04288	0.00700	0.00508	0.00143	0.00488	0.05704	0.00432	0.29274
4	0.01126	0.01196	0.02431	0.01799	0.02214	0.01141	0.53436	0.01542	0.03618	0.01749	0.13264	0.02202	0.04582	0.00651	0.00655	0.00181	0.02743	0.04467	0.00344	0.00658
5	0.00625	0.00536	0.00536	0.00536	0.00714	0.00446	0.00402	0.00759	0.01205	0.01428	0.05355	0.05088	0.77909	0.01339	0.00625	0.00179	0.00268	0.01116	0.00491	0.00446
6	0.00720	0.00539	0.00668	0.00636	0.00773	0.00487	0.00477	0.00944	0.01431	0.01964	0.61476	0.04206	0.21454	0.01139	0.00624	0.00169	0.00254	0.00992	0.00561	0.00487
7	0.01157	0.01157	0.01619	0.01388	0.01388	0.01619	0.01157	0.01272	0.00810	0.01272	0.00694	0.01157	0.00694	0.00925	0.01735	0.00231	0.80453	0.00463	0.00231	0.00578
8	0.01248	0.01426	0.03119	0.02228	0.02763	0.01337	0.76203	0.01693	0.01248	0.01693	0.01070	0.01426	0.00802	0.00446	0.00624	0.00178	0.00891	0.00624	0.00267	0.00713
9	0.01975	0.02520	0.01498	0.01362	0.01634	0.79299	0.01021	0.02111	0.01498	0.01294	0.00817	0.00953	0.00681	0.00545	0.00477	0.00136	0.00953	0.00340	0.00272	0.00613
10	0.01513	0.00711	0.00943	0.00853	0.01078	0.00645	0.00647	0.04920	0.01311	0.37562	0.02454	0.40443	0.02358	0.01142	0.00601	0.00188	0.00386	0.01003	0.00569	0.00670
11	0.01467	0.01590	0.02088	0.09405	0.07445	0.21773	0.25906	0.04121	0.03717	0.04049	0.01005	0.01278	0.00793	0.00573	0.00722	0.00172	0.12435	0.00492	0.00289	0.00679
12	0.00644	0.00460	0.00613	0.00736	0.00767	0.00429	0.00491	0.00736	0.01012	0.01350	0.02914	0.81076	0.03497	0.01656	0.00675	0.00215	0.00307	0.01503	0.00491	0.00429
13	0.00876	0.00720	0.00945	0.03588	0.05415	0.00647	0.00662	0.01041	0.01046	0.01501	0.01944	0.42090	0.02170	0.01070	0.00602	0.00162	0.03563	0.00943	0.00395	0.30617

[dist]
# distance from previous block
# <min> <max>
3	20

[block]
# block no. 11 follows, 46 sequences, length 15
# corresponding to MSA columns:
# 2238-2252
name=unknown_L
#
# <colnr> <probs for GDERKNQSTAVLIFYWHMCP>
#	G	D	E	R	K	N	Q	S	T	A	V	L	I	F	Y	W	H	M	C	P
0	0.01069	0.02677	0.75333	0.01539	0.02309	0.01233	0.05243	0.01675	0.01122	0.01675	0.00954	0.01130	0.00676	0.00500	0.00508	0.00168	0.00786	0.00401	0.00225	0.00778
1	0.01329	0.03469	0.23463	0.19026	0.07087	0.07312	0.04119	0.04344	0.01215	0.11084	0.01226	0.04512	0.02239	0.00622	0.00614	0.00171	0.06648	0.00498	0.00314	0.00707
2	0.00879	0.00877	0.05773	0.35999	0.02249	0.00874	0.05841	0.01150	0.01088	0.01450	0.08897	0.25187	0.01995	0.04577	0.00683	0.00201	0.00552	0.00839	0.00349	0.00540
3	0.01362	0.00686	0.00848	0.00723	0.00987	0.00591	0.00572	0.01544	0.01381	0.33132	0.16273	0.03547	0.34180	0.01015	0.00586	0.00170	0.00339	0.00849	0.00573	0.00641
4	0.01171	0.01613	0.26190	0.19814	0.28722	0.01180	0.04198	0.01580	0.01148	0.04489	0.01088	0.04495	0.00878	0.00547	0.00528	0.00168	0.00683	0.00494	0.00268	0.00745
5	0.01096	0.00940	0.01096	0.00783	0.01253	0.00705	0.00626	0.01331	0.01096	0.01723	0.00940	0.01096	0.00783	0.00392	0.00392	0.00078	0.00392	0.00313	0.00313	0.84653
6	0.00902	0.00776	0.01106	0.01022	0.01075	0.00996	0.00813	0.01049	0.00828	0.01227	0.01175	0.01856	0.01143	0.09209	0.44914	0.00598	0.29999	0.00545	0.00267	0.00498
7	0.00644	0.00460	0.00613	0.00736	0.00767	0.00429	0.00491	0.00736	0.01012	0.01350	0.02914	0.81076	0.03497	0.01656	0.00675	0.00215	0.00307	0.01503	0.00491	0.00429
8	0.02107	0.01262	0.01443	0.01113	0.01526	0.01323	0.00918	0.47293	0.05343	0.29682	0.01594	0.01486	0.01074	0.00645	0.00530	0.00161	0.00528	0.00501	0.00573	0.00897
9	0.01129	0.01082	0.01833	0.40763	0.08381	0.01229	0.15342	0.04907	0.06350	0.01597	0.01244	0.01691	0.03109	0.00609	0.00634	0.00181	0.05786	0.03189	0.00293	0.00652
10	0.04259	0.00673	0.00800	0.00790	0.00945	0.00678	0.00613	0.05882	0.08428	0.01885	0.26910	0.16052	0.11632	0.03646	0.00689	0.00201	0.00355	0.14514	0.00514	0.00534
11	0.09277	0.26483	0.17990	0.00961	0.01459	0.01288	0.00985	0.01567	0.01098	0.05804	0.00956	0.01078	0.00761	0.00468	0.00399	0.00123	0.00526	0.00338	0.04101	0.24340
12	0.04514	0.17125	0.37226	0.01213	0.01791	0.03395	0.02752	0.01817	0.04437	0.13190	0.02569	0.01249	0.00894	0.00529	0.00469	0.00151	0.00637	0.00406	0.00320	0.05316
13	0.07092	0.23321	0.10709	0.01470	0.12449	0.05809	0.06678	0.12272	0.07709	0.04512	0.01069	0.01184	0.00835	0.00521	0.00462	0.00148	0.00616	0.00413	0.00328	0.02402
14	0.10609	0.08847	0.08449	0.01009	0.01417	0.04993	0.03567	0.06910	0.05076	0.15129	0.06089	0.03425	0.01208	0.00594	0.00495	0.00143	0.02286	0.00464	0.00399	0.18891

[dist]
# distance from previous block
# <min> <max>
2	17

[block]
# block no. 12 follows, 46 sequences, length 9
# corresponding to MSA columns:
# 2270-2278
name=unknown_M
#
# <colnr> <probs for GDERKNQSTAVLIFYWHMCP>
#	G	D	E	R	K	N	Q	S	T	A	V	L	I	F	Y	W	H	M	C	P
0	0.14610	0.01188	0.05460	0.10943	0.01654	0.05881	0.00923	0.10645	0.04902	0.25076	0.04334	0.02961	0.01149	0.00623	0.00516	0.00161	0.02122	0.00483	0.00448	0.05919
1	0.03181	0.01122	0.04056	0.02922	0.01381	0.08744	0.03893	0.03008	0.11280	0.12979	0.09486	0.07856	0.03688	0.00716	0.00516	0.00148	0.00484	0.01941	0.00434	0.22167
2	0.01049	0.09203	0.01155	0.01036	0.10637	0.00791	0.00707	0.01285	0.01383	0.09353	0.45076	0.03075	0.08783	0.00894	0.00565	0.00157	0.00355	0.00774	0.00496	0.03225
3	0.01428	0.63487	0.12182	0.01028	0.01503	0.10090	0.01049	0.01650	0.01124	0.01303	0.00770	0.00893	0.00678	0.00468	0.00374	0.00122	0.00633	0.00302	0.00231	0.00684
4	0.11333	0.00577	0.00678	0.00753	0.00839	0.00580	0.00524	0.04277	0.01065	0.01568	0.02565	0.67361	0.03011	0.01463	0.00624	0.00206	0.00332	0.01303	0.00472	0.00469
5	0.01919	0.01145	0.01353	0.06494	0.01581	0.01186	0.00895	0.37913	0.01919	0.28803	0.01956	0.01862	0.09112	0.00708	0.00540	0.00164	0.00512	0.00562	0.00548	0.00830
6	0.01191	0.00911	0.01260	0.18987	0.08387	0.01006	0.00970	0.16398	0.01342	0.06351	0.01778	0.02059	0.10685	0.01686	0.24208	0.00373	0.00817	0.00585	0.00368	0.00638
7	0.03679	0.01005	0.01180	0.00884	0.01315	0.00879	0.00716	0.12395	0.03521	0.19600	0.03385	0.01379	0.01053	0.00517	0.00452	0.00117	0.00429	0.00411	0.00436	0.46646
8	0.04876	0.01235	0.01484	0.13704	0.06975	0.01370	0.01070	0.42671	0.05671	0.05104	0.01410	0.01823	0.01126	0.00693	0.00542	0.00172	0.00575	0.08254	0.00457	0.00787

[dist]
# distance from previous block
# <min> <max>
0	4

[block]
# block no. 13 follows, 46 sequences, length 10
# corresponding to MSA columns:
# 2283-2292
name=unknown_N
#
# <colnr> <probs for GDERKNQSTAVLIFYWHMCP>
#	G	D	E	R	K	N	Q	S	T	A	V	L	I	F	Y	W	H	M	C	P
0	0.11365	0.04682	0.17574	0.19451	0.02163	0.01138	0.09807	0.01606	0.01120	0.10855	0.01140	0.04818	0.00895	0.00574	0.00540	0.00164	0.03463	0.00481	0.00315	0.07848
1	0.01528	0.01585	0.01392	0.01198	0.05117	0.31130	0.03421	0.01730	0.01279	0.06075	0.00960	0.01105	0.00775	0.00486	0.00483	0.00117	0.02787	0.00359	0.00311	0.38161
2	0.01121	0.01154	0.02225	0.43622	0.09527	0.01244	0.30351	0.01506	0.01143	0.01515	0.00994	0.01407	0.00753	0.00492	0.00565	0.00175	0.00770	0.00529	0.00250	0.00657
3	0.01459	0.01207	0.01276	0.01105	0.01430	0.01382	0.00872	0.18038	0.61705	0.02443	0.01969	0.01827	0.01466	0.00700	0.00536	0.00175	0.00452	0.00572	0.00536	0.00850
4	0.01817	0.02006	0.01893	0.01524	0.01895	0.41811	0.18287	0.20735	0.01690	0.01899	0.00989	0.01142	0.00764	0.00545	0.00524	0.00152	0.00845	0.00440	0.00336	0.00708
5	0.00918	0.00459	0.00689	0.00689	0.00689	0.00459	0.00459	0.00689	0.00689	0.00918	0.00918	0.01607	0.00918	0.01837	0.02066	0.84619	0.00459	0.00459	0.00230	0.00230
6	0.00758	0.00528	0.00672	0.00678	0.00712	0.00559	0.00446	0.00827	0.00809	0.01111	0.01644	0.06934	0.01796	0.50828	0.28842	0.00613	0.00812	0.00737	0.00316	0.00378
7	0.00734	0.00529	0.00694	0.00675	0.00787	0.00489	0.00498	0.00961	0.01429	0.02013	0.67447	0.14651	0.04781	0.01161	0.00631	0.00173	0.00257	0.01032	0.00569	0.00489
8	0.18703	0.06505	0.22551	0.02918	0.01648	0.01124	0.05395	0.05192	0.01193	0.10176	0.02649	0.01473	0.00971	0.00565	0.00467	0.00154	0.00566	0.04500	0.00344	0.12905
9	0.04312	0.35654	0.30394	0.03911	0.01851	0.03881	0.05488	0.01687	0.01130	0.05923	0.00919	0.01056	0.00716	0.00489	0.00436	0.00144	0.00667	0.00364	0.00257	0.00722

[dist]
# distance from previous block
# <min> <max>
3	78

[block]
# block no. 14 follows, 46 sequences, length 19
# corresponding to MSA columns:
# 2388-2406
name=unknown_O
#
# <colnr> <probs for GDERKNQSTAVLIFYWHMCP>
#	G	D	E	R	K	N	Q	S	T	A	V	L	I	F	Y	W	H	M	C	P
0	0.03926	0.07775	0.14762	0.04844	0.01387	0.04920	0.00886	0.03859	0.01252	0.10325	0.04153	0.02721	0.29902	0.00841	0.00528	0.00159	0.00483	0.00677	0.00402	0.06196
1	0.04215	0.18510	0.22657	0.16580	0.02041	0.08978	0.01250	0.01616	0.01156	0.05352	0.03571	0.01221	0.00868	0.00516	0.00458	0.00145	0.00649	0.00393	0.00278	0.09543
2	0.39496	0.06506	0.12723	0.08691	0.01531	0.01161	0.00915	0.01635	0.04815	0.07237	0.03304	0.03352	0.00931	0.00560	0.00420	0.00160	0.00499	0.00406	0.00340	0.05318
3	0.06035	0.32400	0.15081	0.01112	0.01580	0.01581	0.04906	0.12473	0.10090	0.01873	0.04874	0.01276	0.01035	0.00549	0.00447	0.00144	0.00575	0.00417	0.00333	0.03219
4	0.06618	0.05592	0.05135	0.01015	0.01311	0.01195	0.00866	0.28091	0.01502	0.02155	0.03471	0.01548	0.01104	0.01643	0.24645	0.00367	0.05083	0.00483	0.03319	0.04856
5	0.00894	0.00724	0.00879	0.00758	0.01031	0.00582	0.00565	0.01071	0.01082	0.01590	0.05576	0.33961	0.02103	0.00943	0.00519	0.00138	0.00350	0.00832	0.00399	0.46004
6	0.01096	0.00940	0.01096	0.00783	0.01253	0.00705	0.00626	0.01331	0.01096	0.01723	0.00940	0.01096	0.00783	0.00392	0.00392	0.00078	0.00392	0.00313	0.00313	0.84653
7	0.01667	0.01310	0.01394	0.01147	0.01509	0.01479	0.00922	0.40073	0.39331	0.02779	0.01705	0.01616	0.01252	0.00675	0.00533	0.00169	0.00501	0.00536	0.00533	0.00868
8	0.00755	0.00566	0.00850	0.00850	0.00944	0.00661	0.00661	0.00944	0.00850	0.01227	0.01416	0.02077	0.01322	0.03965	0.79326	0.00850	0.01416	0.00566	0.00283	0.00472
9	0.00825	0.00907	0.12472	0.00914	0.01093	0.00667	0.04903	0.03409	0.01029	0.01401	0.02118	0.38388	0.02393	0.23191	0.01195	0.00286	0.00481	0.03450	0.00393	0.00485
10	0.01060	0.02735	0.78682	0.01507	0.02288	0.01228	0.01953	0.01674	0.01116	0.01674	0.00949	0.01116	0.00670	0.00502	0.00502	0.00167	0.00781	0.00391	0.00223	0.00781
11	0.02318	0.00987	0.01281	0.00982	0.01393	0.00906	0.00811	0.13624	0.01659	0.67236	0.01963	0.01720	0.01247	0.00651	0.00531	0.00163	0.00470	0.00523	0.00636	0.00900
12	0.00748	0.00658	0.00798	0.00958	0.12323	0.00590	0.00598	0.00945	0.03098	0.01511	0.06529	0.04415	0.62557	0.01187	0.00607	0.00175	0.00325	0.01002	0.00460	0.00516
13	0.65372	0.01385	0.03428	0.00858	0.01189	0.17228	0.00709	0.01672	0.01030	0.02128	0.00760	0.00886	0.00598	0.00502	0.00363	0.00158	0.00533	0.00301	0.00313	0.00588
14	0.45713	0.17497	0.10618	0.00878	0.01297	0.01331	0.00841	0.03352	0.01074	0.11847	0.00946	0.01017	0.00707	0.00509	0.00381	0.00154	0.00494	0.00334	0.00341	0.00668
15	0.13746	0.10447	0.15519	0.01198	0.05483	0.05544	0.01061	0.13465	0.19338	0.02119	0.03769	0.01394	0.01087	0.00589	0.00471	0.00159	0.00554	0.00449	0.02864	0.00747
16	0.16503	0.25714	0.01638	0.01107	0.10199	0.01329	0.00829	0.08461	0.01262	0.06114	0.07353	0.01697	0.09174	0.00627	0.00442	0.00143	0.00473	0.00479	0.00362	0.06095
17	0.03888	0.05966	0.08589	0.06101	0.05783	0.05374	0.03490	0.07844	0.04685	0.04107	0.08697	0.02782	0.05389	0.00609	0.00486	0.00138	0.00517	0.00503	0.00365	0.24686
