[name]
unknown

[dist]
# distance from previous block
# <min> <max>
13	71

[block]
# block no. 0 follows, 42 sequences, length 20
# corresponding to MSA columns:
# 106-125
name=unknown_A
#
# <colnr> <probs for GDERKNQSTAVLIFYWHMCP>
#	G	D	E	R	K	N	Q	S	T	A	V	L	I	F	Y	W	H	M	C	P
0	0.01127	0.01293	0.14275	0.01040	0.01333	0.06698	0.00943	0.08707	0.05480	0.02135	0.36931	0.09259	0.03219	0.00977	0.00669	0.00182	0.03766	0.00820	0.00497	0.00651
1	0.01288	0.10565	0.05745	0.07207	0.01656	0.09418	0.01173	0.01461	0.01022	0.01375	0.01055	0.01497	0.03969	0.05165	0.01377	0.00227	0.44409	0.00500	0.00267	0.00623
2	0.01137	0.25002	0.06479	0.00963	0.01221	0.06948	0.00832	0.01312	0.01172	0.03679	0.02062	0.38313	0.02295	0.01162	0.00581	0.00186	0.00511	0.05144	0.00406	0.00595
3	0.04284	0.00817	0.01082	0.00925	0.01195	0.00791	0.00726	0.05017	0.01327	0.37995	0.01969	0.08027	0.01595	0.09627	0.21540	0.00411	0.00754	0.00669	0.00526	0.00726
4	0.01478	0.01354	0.02154	0.06715	0.54783	0.01397	0.04725	0.12008	0.06060	0.02088	0.01176	0.01441	0.00943	0.00544	0.00564	0.00171	0.00664	0.00517	0.00335	0.00882
5	0.01167	0.01000	0.01167	0.00834	0.01334	0.00750	0.00667	0.01417	0.01167	0.01834	0.01000	0.01167	0.00834	0.00417	0.00417	0.00083	0.00417	0.00333	0.00333	0.83663
6	0.01164	0.01081	0.01761	0.42712	0.21584	0.01226	0.03614	0.01636	0.08267	0.01691	0.05336	0.01889	0.01237	0.00639	0.00580	0.00185	0.00670	0.03695	0.00321	0.00711
7	0.00721	0.00507	0.00653	0.00755	0.00784	0.00482	0.00496	0.00803	0.01029	0.01370	0.02811	0.61067	0.03345	0.18670	0.01183	0.00298	0.00380	0.03729	0.00483	0.00434
8	0.00686	0.00490	0.00653	0.00784	0.00816	0.00457	0.00522	0.00784	0.01077	0.01437	0.03102	0.79855	0.03722	0.01763	0.00718	0.00229	0.00326	0.01600	0.00522	0.00457
9	0.01729	0.01566	0.01945	0.01504	0.01903	0.14471	0.18867	0.21644	0.01701	0.08432	0.03447	0.02753	0.01072	0.00647	0.00685	0.00170	0.07752	0.00541	0.00410	0.08761
10	0.65366	0.01302	0.02743	0.01005	0.05037	0.08184	0.00779	0.03326	0.01070	0.02343	0.00821	0.00977	0.00650	0.00550	0.00447	0.00174	0.03913	0.00335	0.00337	0.00641
11	0.01129	0.02911	0.77306	0.01604	0.02436	0.01307	0.02079	0.01782	0.01188	0.01782	0.01010	0.01188	0.00713	0.00535	0.00535	0.00178	0.00832	0.00416	0.00238	0.00832
12	0.00894	0.00840	0.01517	0.01273	0.01506	0.00777	0.24868	0.01122	0.01191	0.01570	0.02853	0.42768	0.13874	0.01288	0.00692	0.00210	0.00525	0.01230	0.00444	0.00559
13	0.00891	0.01608	0.34609	0.01050	0.01515	0.00852	0.01176	0.01279	0.01289	0.01751	0.14594	0.03354	0.31857	0.00988	0.00607	0.00183	0.00524	0.00819	0.00411	0.00642
14	0.01382	0.00705	0.00940	0.00807	0.01042	0.00631	0.00631	0.01631	0.01599	0.27599	0.51293	0.03429	0.03984	0.00997	0.00631	0.00176	0.00338	0.00865	0.00646	0.00675
15	0.02301	0.00968	0.01275	0.01000	0.01405	0.00878	0.00818	0.04886	0.07261	0.63671	0.07619	0.02079	0.01690	0.00734	0.00573	0.00175	0.00465	0.00602	0.00677	0.00921
16	0.01632	0.01306	0.01672	0.35672	0.02678	0.01512	0.01281	0.39394	0.04931	0.02564	0.01234	0.01448	0.00896	0.00629	0.00563	0.00178	0.00670	0.00509	0.00425	0.00807
17	0.02412	0.00933	0.01270	0.00982	0.01398	0.00808	0.00808	0.02632	0.01610	0.72193	0.07086	0.02066	0.01650	0.00726	0.00572	0.00174	0.00465	0.00596	0.00691	0.00930
18	0.01548	0.01533	0.01350	0.01072	0.01499	0.21706	0.00840	0.10487	0.05520	0.01944	0.01077	0.01199	0.00867	0.00510	0.00467	0.00116	0.00604	0.00378	0.00362	0.46920
19	0.02213	0.01518	0.01448	0.07074	0.01719	0.25158	0.00986	0.02414	0.01529	0.43542	0.01625	0.01565	0.01100	0.00665	0.00615	0.00170	0.04838	0.00493	0.00511	0.00818

[dist]
# distance from previous block
# <min> <max>
0	1

[block]
# block no. 1 follows, 42 sequences, length 7
# corresponding to MSA columns:
# 127-133
name=unknown_B
#
# <colnr> <probs for GDERKNQSTAVLIFYWHMCP>
#	G	D	E	R	K	N	Q	S	T	A	V	L	I	F	Y	W	H	M	C	P
0	0.00995	0.00775	0.00839	0.00821	0.00946	0.08029	0.00622	0.01203	0.01104	0.01604	0.08331	0.02320	0.01737	0.06462	0.38647	0.00537	0.00960	0.00607	0.22945	0.00517
1	0.00792	0.00566	0.00775	0.00905	0.00984	0.00549	0.00707	0.00967	0.01182	0.01555	0.03043	0.44595	0.03490	0.01663	0.00747	0.00243	0.00418	0.35813	0.00520	0.00486
2	0.00798	0.00588	0.00817	0.00817	0.00901	0.00653	0.00604	0.00950	0.00909	0.01271	0.01832	0.02747	0.06276	0.21320	0.56050	0.00778	0.01212	0.00689	0.00324	0.00464
3	0.01487	0.01162	0.01258	0.01012	0.01382	0.01194	0.00813	0.32304	0.12589	0.02588	0.06506	0.02402	0.16443	0.00819	0.00564	0.00161	0.00471	0.00660	0.00518	0.15666
4	0.02007	0.01051	0.01297	0.01003	0.01439	0.00959	0.00816	0.08023	0.11876	0.42656	0.01865	0.01715	0.01268	0.00636	0.00530	0.00154	0.00470	0.00514	0.00580	0.21142
5	0.01031	0.00907	0.01249	0.01026	0.01292	0.00897	0.11859	0.11687	0.01484	0.01910	0.10426	0.03827	0.42211	0.01116	0.00735	0.00190	0.06125	0.00945	0.00481	0.00603
6	0.01417	0.14070	0.01570	0.01351	0.12715	0.01220	0.00953	0.10929	0.08126	0.09015	0.01708	0.06019	0.01523	0.04261	0.08761	0.00265	0.00634	0.08324	0.06410	0.00728

[dist]
# distance from previous block
# <min> <max>
6	53

[block]
# block no. 2 follows, 42 sequences, length 23
# corresponding to MSA columns:
# 187-209
name=unknown_C
#
# <colnr> <probs for GDERKNQSTAVLIFYWHMCP>
#	G	D	E	R	K	N	Q	S	T	A	V	L	I	F	Y	W	H	M	C	P
0	0.12107	0.10724	0.29820	0.01596	0.05855	0.01411	0.15985	0.05924	0.01305	0.08545	0.01109	0.01270	0.00811	0.00536	0.00522	0.00172	0.00727	0.00461	0.00322	0.00798
1	0.06878	0.01591	0.22382	0.01537	0.13085	0.01107	0.01307	0.05728	0.01455	0.36934	0.01583	0.01549	0.01062	0.00611	0.00543	0.00174	0.00609	0.00496	0.00479	0.00892
2	0.01181	0.01057	0.01505	0.13557	0.22739	0.01159	0.01151	0.01820	0.21058	0.01951	0.16103	0.02350	0.06099	0.00782	0.00659	0.00184	0.04798	0.00674	0.00430	0.00743
3	0.01017	0.01132	0.12423	0.01035	0.05322	0.05000	0.00806	0.01321	0.08119	0.01469	0.05328	0.03084	0.05607	0.41544	0.01754	0.00369	0.00585	0.03179	0.00369	0.00537
4	0.84197	0.01088	0.00827	0.00740	0.01088	0.01262	0.00609	0.01654	0.00958	0.02525	0.00784	0.00914	0.00609	0.00522	0.00348	0.00174	0.00435	0.00305	0.00348	0.00609
5	0.00896	0.00588	0.00742	0.00801	0.00907	0.00554	0.00562	0.01106	0.05958	0.08371	0.03282	0.58815	0.12137	0.01561	0.00689	0.00217	0.00343	0.01394	0.00541	0.00533
6	0.00684	0.00497	0.00645	0.00764	0.00811	0.00459	0.00514	0.00786	0.01096	0.01444	0.03338	0.73101	0.10324	0.01732	0.00713	0.00225	0.00323	0.01562	0.00522	0.00459
7	0.01392	0.01054	0.01148	0.00975	0.01264	0.01109	0.00769	0.34358	0.06512	0.02554	0.10749	0.12840	0.20805	0.01060	0.00620	0.00184	0.00449	0.00881	0.00554	0.00722
8	0.00740	0.00573	0.00675	0.00649	0.00806	0.00507	0.00487	0.00953	0.01461	0.01942	0.46243	0.04721	0.35678	0.01268	0.00664	0.00183	0.00274	0.01090	0.00578	0.00507
9	0.01400	0.01209	0.01273	0.01145	0.01463	0.01400	0.00891	0.02990	0.75695	0.02354	0.02291	0.02100	0.01718	0.00764	0.00573	0.00191	0.00445	0.00636	0.00573	0.00891
10	0.02102	0.02682	0.01595	0.01450	0.01740	0.77963	0.01087	0.02247	0.01595	0.01377	0.00870	0.01015	0.00725	0.00580	0.00507	0.00145	0.01015	0.00362	0.00290	0.00652
11	0.00818	0.00546	0.00614	0.00614	0.00614	0.00546	0.00341	0.00818	0.00818	0.01091	0.01773	0.03683	0.02046	0.80222	0.02864	0.00546	0.00546	0.00818	0.00341	0.00341
12	0.01252	0.01193	0.02030	0.35632	0.45634	0.01300	0.01657	0.01604	0.01215	0.01668	0.01034	0.01439	0.00831	0.00528	0.00559	0.00176	0.00703	0.00501	0.00266	0.00778
13	0.00707	0.00505	0.00678	0.00808	0.00850	0.00476	0.00560	0.00821	0.01099	0.01461	0.03090	0.72690	0.03675	0.01743	0.00724	0.00232	0.00345	0.08552	0.00522	0.00463
14	0.02158	0.01123	0.01331	0.01039	0.01434	0.01124	0.00852	0.29439	0.01932	0.38304	0.01838	0.01732	0.01238	0.00683	0.00539	0.00166	0.00499	0.00538	0.13141	0.00892
15	0.00818	0.00546	0.00614	0.00614	0.00614	0.00546	0.00341	0.00818	0.00818	0.01091	0.01773	0.03683	0.02046	0.80222	0.02864	0.00546	0.00546	0.00818	0.00341	0.00341
16	0.00779	0.00567	0.00732	0.00707	0.00834	0.00521	0.00524	0.01021	0.01527	0.02138	0.65496	0.11141	0.09460	0.01223	0.00669	0.00182	0.00272	0.01081	0.00605	0.00521
17	0.01325	0.01101	0.05284	0.00916	0.01335	0.00910	0.00768	0.11000	0.05879	0.05865	0.04812	0.01652	0.01256	0.05009	0.00605	0.00145	0.00456	0.00466	0.07937	0.43280
18	0.00723	0.00528	0.00670	0.00751	0.00797	0.00506	0.00504	0.00820	0.01081	0.01436	0.07179	0.55504	0.10089	0.13541	0.01061	0.00271	0.02210	0.01386	0.00494	0.00449
19	0.01292	0.20362	0.21432	0.01597	0.02052	0.01667	0.18464	0.01644	0.01119	0.01559	0.00910	0.01210	0.00755	0.00634	0.00892	0.00186	0.22776	0.00468	0.00252	0.00728
20	0.05609	0.06041	0.09837	0.17811	0.06115	0.01207	0.01194	0.12304	0.03501	0.12135	0.01788	0.02383	0.05491	0.00785	0.00575	0.00187	0.00606	0.11263	0.00424	0.00744
21	0.04328	0.22877	0.11318	0.15938	0.12780	0.01618	0.05568	0.07170	0.01265	0.03188	0.00977	0.01237	0.00786	0.00573	0.00624	0.00169	0.08105	0.00440	0.00287	0.00752
22	0.03821	0.19821	0.10047	0.15952	0.07788	0.06238	0.09696	0.05550	0.01330	0.11415	0.01127	0.01318	0.00850	0.00557	0.00540	0.00165	0.02227	0.00459	0.00331	0.00765

[dist]
# distance from previous block
# <min> <max>
1	97

[block]
# block no. 3 follows, 42 sequences, length 24
# corresponding to MSA columns:
# 307-330
name=unknown_D
#
# <colnr> <probs for GDERKNQSTAVLIFYWHMCP>
#	G	D	E	R	K	N	Q	S	T	A	V	L	I	F	Y	W	H	M	C	P
0	0.01328	0.01518	0.03321	0.02372	0.02941	0.01423	0.74668	0.01803	0.01328	0.01803	0.01139	0.01518	0.00854	0.00474	0.00664	0.00190	0.00949	0.00664	0.00285	0.00759
1	0.04294	0.02528	0.57587	0.01659	0.07619	0.01375	0.01846	0.12955	0.01410	0.02083	0.01057	0.01218	0.00759	0.00553	0.00534	0.00176	0.00773	0.00432	0.00294	0.00847
2	0.01864	0.02286	0.01630	0.01457	0.01668	0.57127	0.01127	0.02003	0.01394	0.01371	0.00834	0.01074	0.00729	0.00691	0.00873	0.00173	0.22380	0.00398	0.00278	0.00642
3	0.01458	0.01139	0.01180	0.12928	0.01645	0.14760	0.00882	0.01787	0.08836	0.17361	0.03696	0.25368	0.04569	0.01018	0.00607	0.00190	0.00557	0.00868	0.00482	0.00669
4	0.00797	0.00565	0.00748	0.00762	0.00811	0.00606	0.00523	0.00898	0.00885	0.01225	0.01800	0.11358	0.01944	0.37665	0.36213	0.00671	0.00952	0.00808	0.00343	0.00426
5	0.00692	0.00495	0.00659	0.00779	0.00818	0.00462	0.00523	0.00801	0.01109	0.01487	0.07633	0.75179	0.03820	0.01725	0.00715	0.00225	0.00323	0.01564	0.00528	0.00462
6	0.57681	0.01274	0.04995	0.01126	0.01547	0.01301	0.14760	0.05068	0.01141	0.05229	0.00942	0.01100	0.00706	0.00527	0.00435	0.00177	0.00562	0.00397	0.00354	0.00677
7	0.01272	0.01134	0.01768	0.56845	0.13354	0.01338	0.01510	0.12710	0.01379	0.01815	0.01062	0.01463	0.00801	0.00572	0.00562	0.00182	0.00719	0.00501	0.00302	0.00712
8	0.01819	0.02047	0.01478	0.01319	0.01586	0.48155	0.01014	0.13078	0.01592	0.01694	0.01064	0.01311	0.00896	0.01329	0.15861	0.00302	0.04018	0.00437	0.00332	0.00668
9	0.01375	0.53867	0.28511	0.01183	0.01785	0.01911	0.01347	0.01719	0.01159	0.01482	0.00861	0.01001	0.00719	0.00500	0.00421	0.00140	0.00681	0.00340	0.00240	0.00760
10	0.00734	0.00573	0.00666	0.00643	0.00803	0.00505	0.00482	0.00942	0.01446	0.01909	0.43000	0.04777	0.38942	0.01280	0.00664	0.00183	0.00275	0.01098	0.00574	0.00505
11	0.01552	0.01284	0.01358	0.01176	0.01521	0.01471	0.00928	0.17771	0.60667	0.02599	0.02097	0.01946	0.01561	0.00745	0.00571	0.00186	0.00481	0.00610	0.00571	0.00904
12	0.00686	0.00490	0.00653	0.00784	0.00816	0.00457	0.00522	0.00784	0.01077	0.01437	0.03102	0.79855	0.03722	0.01763	0.00718	0.00229	0.00326	0.01600	0.00522	0.00457
13	0.02040	0.02199	0.01576	0.01363	0.01693	0.48566	0.01052	0.26279	0.01917	0.02101	0.01147	0.05279	0.00960	0.00674	0.00537	0.00157	0.00847	0.00476	0.00393	0.00743
14	0.02128	0.02576	0.01577	0.01422	0.01721	0.73231	0.01071	0.02278	0.01596	0.06022	0.00953	0.01070	0.00766	0.00587	0.00511	0.00147	0.00982	0.00375	0.00315	0.00671
15	0.00700	0.00581	0.00619	0.00638	0.00819	0.00500	0.00497	0.00859	0.01285	0.01544	0.05307	0.05551	0.65884	0.01444	0.00681	0.00200	0.00319	0.11569	0.00522	0.00481
16	0.01505	0.80561	0.02949	0.00963	0.01444	0.02227	0.00963	0.01685	0.01143	0.01324	0.00782	0.00903	0.00722	0.00481	0.00361	0.00120	0.00602	0.00301	0.00241	0.00722
17	0.01169	0.01427	0.12923	0.13568	0.06204	0.01374	0.17094	0.01505	0.01090	0.01557	0.01069	0.01604	0.00918	0.01043	0.08228	0.00273	0.24985	0.03020	0.00270	0.00680
18	0.00698	0.00571	0.00616	0.00605	0.00780	0.00489	0.00454	0.00872	0.01361	0.01705	0.23476	0.05111	0.58593	0.01356	0.00665	0.00187	0.00280	0.01145	0.00547	0.00489
19	0.00791	0.00600	0.00872	0.00872	0.00981	0.00681	0.00677	0.00986	0.00941	0.01327	0.01911	0.02519	0.08627	0.03952	0.70556	0.00836	0.01390	0.00659	0.00323	0.00500
20	0.01502	0.01369	0.02352	0.01772	0.02237	0.01385	0.38773	0.06767	0.26859	0.08376	0.01636	0.01740	0.01201	0.00604	0.00618	0.00188	0.00717	0.00637	0.00435	0.00833
21	0.00770	0.00564	0.00684	0.00686	0.00813	0.00541	0.00506	0.00949	0.01213	0.01655	0.19142	0.11036	0.27090	0.06923	0.16600	0.00354	0.00549	0.00983	0.08452	0.00487
22	0.01946	0.00962	0.01209	0.00988	0.01342	0.00927	0.00794	0.05077	0.17524	0.44404	0.16110	0.02363	0.02181	0.00795	0.00586	0.00178	0.00437	0.00664	0.00651	0.00863
23	0.01273	0.32791	0.48693	0.01357	0.02054	0.01661	0.01650	0.01745	0.01171	0.01606	0.00922	0.01078	0.00716	0.00514	0.00468	0.00156	0.00743	0.00372	0.00239	0.00790

[dist]
# distance from previous block
# <min> <max>
0	25

[block]
# block no. 4 follows, 42 sequences, length 6
# corresponding to MSA columns:
# 356-361
name=unknown_E
#
# <colnr> <probs for GDERKNQSTAVLIFYWHMCP>
#	G	D	E	R	K	N	Q	S	T	A	V	L	I	F	Y	W	H	M	C	P
0	0.01223	0.01164	0.01978	0.42234	0.39258	0.01292	0.01643	0.01578	0.01201	0.01633	0.01029	0.01448	0.00819	0.00533	0.00560	0.00178	0.00711	0.00501	0.00264	0.00754
1	0.01333	0.01276	0.02176	0.17121	0.63512	0.01321	0.01697	0.01675	0.01253	0.01766	0.01048	0.01412	0.00866	0.00513	0.00558	0.00171	0.00683	0.00501	0.00273	0.00843
2	0.01367	0.01320	0.02195	0.03140	0.64769	0.01398	0.01648	0.01668	0.01215	0.01762	0.01008	0.01367	0.00867	0.00578	0.00762	0.00180	0.13133	0.00500	0.00273	0.00848
3	0.01081	0.00982	0.01617	0.26880	0.31188	0.01052	0.01323	0.01359	0.01172	0.01593	0.01636	0.24323	0.01672	0.00889	0.00606	0.00192	0.00595	0.00822	0.00341	0.00679
4	0.00819	0.01216	0.23014	0.00982	0.01281	0.00713	0.00961	0.01098	0.01179	0.01606	0.07839	0.39267	0.15235	0.01307	0.00652	0.00204	0.00463	0.01146	0.00446	0.00574
5	0.01070	0.23746	0.01460	0.00799	0.01130	0.01064	0.00675	0.01277	0.01268	0.01707	0.18824	0.07918	0.13595	0.00849	0.00516	0.00142	0.00410	0.00698	0.00413	0.22440

[dist]
# distance from previous block
# <min> <max>
0	1

[block]
# block no. 5 follows, 42 sequences, length 28
# corresponding to MSA columns:
# 363-390
name=unknown_F
#
# <colnr> <probs for GDERKNQSTAVLIFYWHMCP>
#	G	D	E	R	K	N	Q	S	T	A	V	L	I	F	Y	W	H	M	C	P
0	0.01284	0.01239	0.02044	0.02028	0.24882	0.01119	0.19231	0.01662	0.03840	0.01846	0.01097	0.01355	0.00887	0.00469	0.00526	0.00139	0.00626	0.00477	0.00313	0.34936
1	0.01286	0.01443	0.03085	0.04934	0.02824	0.01383	0.66109	0.01727	0.01293	0.01757	0.01210	0.05101	0.00978	0.00555	0.00705	0.00193	0.03694	0.00695	0.00293	0.00735
2	0.01355	0.01360	0.02140	0.02070	0.20362	0.06774	0.21959	0.06618	0.01390	0.01900	0.12453	0.01794	0.01518	0.00683	0.00797	0.00184	0.12888	0.00611	0.00349	0.02796
3	0.01422	0.01491	0.01647	0.05546	0.29040	0.21232	0.01207	0.01735	0.04740	0.01765	0.14215	0.04366	0.01731	0.00704	0.00608	0.00166	0.03399	0.00590	0.00362	0.04030
4	0.01255	0.01363	0.01031	0.01006	0.01211	0.28344	0.00766	0.01486	0.05312	0.01525	0.03098	0.12835	0.26445	0.01146	0.00626	0.00188	0.00592	0.10765	0.00441	0.00564
5	0.02039	0.01839	0.01613	0.01305	0.01707	0.23210	0.01043	0.46809	0.05615	0.02781	0.01238	0.01280	0.00919	0.00638	0.00539	0.00158	0.00711	0.00462	0.00473	0.05620
6	0.37422	0.01398	0.01315	0.01080	0.01439	0.05804	0.00886	0.32850	0.01705	0.02794	0.01026	0.01134	0.00775	0.00631	0.00579	0.00177	0.07386	0.00410	0.00428	0.00761
7	0.01126	0.01065	0.01803	0.64347	0.17902	0.01267	0.01595	0.01494	0.01155	0.01515	0.01011	0.01480	0.00777	0.00551	0.00562	0.00184	0.00734	0.00500	0.00256	0.00676
8	0.00665	0.00570	0.00570	0.00570	0.00760	0.00475	0.00428	0.00808	0.01283	0.01520	0.05701	0.05416	0.76483	0.01425	0.00665	0.00190	0.00285	0.01188	0.00523	0.00475
9	0.01818	0.24299	0.10955	0.01051	0.01513	0.01317	0.00999	0.02201	0.07867	0.33236	0.07830	0.01739	0.01470	0.00658	0.00511	0.00161	0.00537	0.00514	0.00491	0.00833
10	0.02135	0.00970	0.01383	0.01338	0.12772	0.00874	0.00930	0.02364	0.01501	0.56517	0.02244	0.02091	0.06452	0.00903	0.04671	0.00213	0.00549	0.00601	0.00600	0.00891
11	0.00678	0.00519	0.00623	0.00707	0.00796	0.00464	0.00488	0.00792	0.01151	0.01467	0.04034	0.53150	0.29825	0.01642	0.00699	0.00215	0.00312	0.01452	0.00522	0.00464
12	0.01169	0.01138	0.01696	0.22012	0.07220	0.01505	0.01315	0.01372	0.00972	0.01414	0.00955	0.05477	0.00910	0.00882	0.01360	0.00224	0.48934	0.00554	0.00264	0.00629
13	0.00677	0.00571	0.00586	0.00582	0.00767	0.00480	0.00437	0.00830	0.01310	0.01584	0.11843	0.05311	0.70302	0.01401	0.00665	0.00189	0.00283	0.01173	0.00531	0.00480
14	0.00750	0.00567	0.00692	0.00675	0.00816	0.00509	0.00501	0.00967	0.01463	0.01981	0.50335	0.10574	0.25558	0.01278	0.00668	0.00185	0.00276	0.01113	0.00584	0.00509
15	0.01049	0.00525	0.00525	0.00525	0.00656	0.00525	0.00393	0.01311	0.01180	0.02098	0.01836	0.02098	0.01442	0.00656	0.00393	0.00131	0.00262	0.00525	0.83346	0.00525
16	0.01430	0.01325	0.02252	0.03373	0.74232	0.01320	0.01697	0.01761	0.01292	0.04318	0.01097	0.01410	0.00908	0.00508	0.00557	0.00167	0.00662	0.00504	0.00292	0.00894
17	0.02102	0.02682	0.01595	0.01450	0.01740	0.77963	0.01087	0.02247	0.01595	0.01377	0.00870	0.01015	0.00725	0.00580	0.00507	0.00145	0.01015	0.00362	0.00290	0.00652
18	0.00818	0.00546	0.00614	0.00614	0.00614	0.00546	0.00341	0.00818	0.00818	0.01091	0.01773	0.03683	0.02046	0.80222	0.02864	0.00546	0.00546	0.00818	0.00341	0.00341
19	0.01113	0.01051	0.01778	0.67444	0.14911	0.01263	0.01588	0.01482	0.01149	0.01499	0.01009	0.01484	0.00772	0.00553	0.00562	0.00184	0.00738	0.00500	0.00254	0.00665
20	0.00901	0.00710	0.00839	0.00887	0.01017	0.00739	0.00643	0.01438	0.22435	0.01719	0.03041	0.48314	0.08096	0.01442	0.00676	0.00217	0.00369	0.05394	0.00537	0.00586
21	0.00731	0.00511	0.00650	0.00743	0.00770	0.00489	0.00483	0.00806	0.01010	0.01346	0.02718	0.55666	0.03227	0.24200	0.01334	0.00320	0.00395	0.03705	0.00470	0.00426
22	0.01395	0.01291	0.01921	0.02626	0.49717	0.01360	0.01427	0.02180	0.27977	0.02024	0.01501	0.01646	0.01188	0.00595	0.00563	0.00176	0.00588	0.00550	0.00384	0.00891
23	0.00818	0.00546	0.00614	0.00614	0.00614	0.00546	0.00341	0.00818	0.00818	0.01091	0.01773	0.03683	0.02046	0.80222	0.02864	0.00546	0.00546	0.00818	0.00341	0.00341
24	0.27324	0.12066	0.01396	0.00923	0.01338	0.01175	0.00785	0.03844	0.01369	0.42184	0.01563	0.01457	0.01051	0.00613	0.00471	0.00167	0.00486	0.00448	0.00524	0.00819
25	0.00818	0.00546	0.00614	0.00614	0.00614	0.00546	0.00341	0.00818	0.00818	0.01091	0.01773	0.03683	0.02046	0.80222	0.02864	0.00546	0.00546	0.00818	0.00341	0.00341
26	0.01302	0.01430	0.02970	0.07550	0.06774	0.01381	0.59730	0.01817	0.05579	0.01802	0.01240	0.03486	0.00970	0.00530	0.00648	0.00189	0.00876	0.00666	0.00304	0.00757
27	0.01243	0.04317	0.09920	0.01758	0.07139	0.10650	0.28962	0.01578	0.01258	0.01625	0.01524	0.16205	0.01471	0.01041	0.06235	0.00240	0.00824	0.02998	0.00331	0.00679

[dist]
# distance from previous block
# <min> <max>
3	9

[block]
# block no. 6 follows, 42 sequences, length 35
# corresponding to MSA columns:
# 400-434
name=unknown_G
#
# <colnr> <probs for GDERKNQSTAVLIFYWHMCP>
#	G	D	E	R	K	N	Q	S	T	A	V	L	I	F	Y	W	H	M	C	P
0	0.28947	0.50694	0.02215	0.00999	0.04641	0.01868	0.00879	0.01677	0.01088	0.01745	0.00795	0.00928	0.00692	0.00496	0.00365	0.00140	0.00550	0.00311	0.00278	0.00692
1	0.01166	0.01033	0.01765	0.02066	0.29697	0.01094	0.09921	0.01357	0.01060	0.01509	0.01114	0.01623	0.00996	0.01608	0.17354	0.16076	0.09106	0.00539	0.00274	0.00642
2	0.81846	0.01074	0.00825	0.00739	0.01081	0.01242	0.00607	0.01638	0.00976	0.02517	0.02916	0.01007	0.00742	0.00540	0.00357	0.00174	0.00431	0.00325	0.00356	0.00607
3	0.01393	0.01337	0.02284	0.03454	0.76712	0.01337	0.01727	0.01727	0.01281	0.01839	0.01059	0.01393	0.00891	0.00501	0.00557	0.00167	0.00669	0.00501	0.00279	0.00891
4	0.00875	0.00761	0.00938	0.00955	0.01050	0.06942	0.03704	0.01023	0.01075	0.01407	0.02317	0.45593	0.02611	0.02319	0.23450	0.00419	0.02495	0.01142	0.00422	0.00502
5	0.00673	0.00570	0.00581	0.00578	0.00765	0.00478	0.00434	0.00823	0.01301	0.01564	0.09854	0.05345	0.72303	0.01409	0.00665	0.00189	0.00284	0.01178	0.00528	0.00478
6	0.02478	0.00968	0.01305	0.01007	0.01438	0.00851	0.00830	0.02753	0.04675	0.74010	0.02223	0.01923	0.01406	0.00699	0.00566	0.00175	0.00477	0.00569	0.00691	0.00955
7	0.01937	0.31212	0.02126	0.01142	0.01603	0.01839	0.01006	0.40464	0.01982	0.09721	0.01220	0.01236	0.00910	0.00605	0.00487	0.00151	0.00599	0.00435	0.00455	0.00869
8	0.02525	0.00958	0.01306	0.01001	0.01437	0.00827	0.00827	0.02743	0.01611	0.77102	0.02220	0.01915	0.01393	0.00697	0.00566	0.00174	0.00479	0.00566	0.00697	0.00958
9	0.00686	0.00490	0.00653	0.00784	0.00816	0.00457	0.00522	0.00784	0.01077	0.01437	0.03102	0.79855	0.03722	0.01763	0.00718	0.00229	0.00326	0.01600	0.00522	0.00457
10	0.04896	0.00793	0.00972	0.00844	0.01090	0.03119	0.00657	0.01702	0.01531	0.28924	0.38368	0.09341	0.03440	0.00994	0.00615	0.00179	0.00378	0.00854	0.00617	0.00685
11	0.01180	0.01145	0.02017	0.50407	0.23774	0.01292	0.09025	0.01554	0.01189	0.01585	0.01030	0.01473	0.00799	0.00537	0.00571	0.00182	0.00748	0.00517	0.00261	0.00712
12	0.00818	0.00546	0.00614	0.00614	0.00614	0.00546	0.00341	0.00818	0.00818	0.01091	0.01773	0.03683	0.02046	0.80222	0.02864	0.00546	0.00546	0.00818	0.00341	0.00341
13	0.04311	0.00924	0.01242	0.00967	0.01371	0.00809	0.00794	0.02556	0.01593	0.68187	0.09256	0.02110	0.01748	0.00736	0.00570	0.00174	0.00457	0.00603	0.00681	0.00909
14	0.00810	0.00580	0.00788	0.00788	0.00849	0.00640	0.00559	0.00931	0.00870	0.01221	0.01613	0.02798	0.01662	0.34537	0.48024	0.00761	0.01124	0.00689	0.00317	0.00438
15	0.01167	0.01000	0.01167	0.00834	0.01334	0.00750	0.00667	0.01417	0.01167	0.01834	0.01000	0.01167	0.00834	0.00417	0.00417	0.00083	0.00417	0.00333	0.00333	0.83663
16	0.01571	0.01025	0.01301	0.01312	0.08562	0.01065	0.00975	0.08173	0.23212	0.19428	0.02286	0.03202	0.01958	0.00953	0.00630	0.00203	0.00511	0.22275	0.00556	0.00800
17	0.01093	0.00997	0.01684	0.63606	0.07806	0.01194	0.04680	0.01459	0.01149	0.01540	0.01089	0.01552	0.00829	0.00564	0.00551	0.00181	0.00708	0.00510	0.08172	0.00637
18	0.01231	0.01231	0.01724	0.01477	0.01477	0.01724	0.01231	0.01354	0.00862	0.01354	0.00739	0.01231	0.00739	0.00985	0.01847	0.00246	0.79192	0.00492	0.00246	0.00616
19	0.01731	0.51217	0.02445	0.01137	0.01556	0.26224	0.01009	0.06160	0.01375	0.01471	0.00844	0.00965	0.00737	0.00524	0.00419	0.00131	0.00734	0.00333	0.00275	0.00714
20	0.00686	0.00490	0.00653	0.00784	0.00816	0.00457	0.00522	0.00784	0.01077	0.01437	0.03102	0.79855	0.03722	0.01763	0.00718	0.00229	0.00326	0.01600	0.00522	0.00457
21	0.01593	0.01168	0.01299	0.01103	0.01396	0.01261	0.00864	0.46995	0.02056	0.02753	0.02009	0.30865	0.01997	0.01084	0.00621	0.00191	0.00509	0.00918	0.00548	0.00769
22	0.00818	0.00546	0.00614	0.00614	0.00614	0.00546	0.00341	0.00818	0.00818	0.01091	0.01773	0.03683	0.02046	0.80222	0.02864	0.00546	0.00546	0.00818	0.00341	0.00341
23	0.01856	0.00798	0.01086	0.00945	0.01239	0.00707	0.00752	0.02045	0.01432	0.48680	0.02539	0.23759	0.02220	0.01076	0.00629	0.00198	0.00441	0.08191	0.00631	0.00776
24	0.00804	0.00601	0.00896	0.00896	0.00993	0.00699	0.00693	0.00999	0.00902	0.01300	0.01515	0.02255	0.01426	0.06494	0.75745	0.00894	0.01479	0.00609	0.00303	0.00498
25	0.01666	0.01072	0.01469	0.19835	0.02020	0.05556	0.06186	0.03294	0.01341	0.26911	0.01537	0.01687	0.01095	0.00664	0.00668	0.00176	0.08560	0.00529	0.14997	0.00735
26	0.00904	0.00728	0.01009	0.00954	0.01004	0.00889	0.00723	0.01032	0.00871	0.01258	0.01407	0.02393	0.01431	0.24257	0.40367	0.00659	0.18692	0.00637	0.00300	0.00484
27	0.01289	0.01288	0.02259	0.27858	0.38208	0.02976	0.14605	0.01657	0.01245	0.01691	0.01050	0.01442	0.00835	0.00518	0.00577	0.00177	0.00752	0.00527	0.00271	0.00776
28	0.01129	0.02911	0.77306	0.01604	0.02436	0.01307	0.02079	0.01782	0.01188	0.01782	0.01010	0.01188	0.00713	0.00535	0.00535	0.00178	0.00832	0.00416	0.00238	0.00832
29	0.01354	0.01248	0.01658	0.01766	0.24485	0.06403	0.04994	0.01633	0.01255	0.04191	0.01055	0.01268	0.00862	0.00466	0.00484	0.00122	0.00566	0.00412	0.00323	0.45456
30	0.00898	0.00671	0.00960	0.00932	0.01057	0.00777	0.00729	0.06202	0.01027	0.01464	0.01496	0.02150	0.01375	0.03971	0.72542	0.00853	0.01445	0.00596	0.00320	0.00534
31	0.00821	0.00597	0.00878	0.00878	0.00980	0.00691	0.00682	0.01026	0.00924	0.01362	0.01531	0.02203	0.01409	0.03970	0.72530	0.00850	0.01420	0.00597	0.06147	0.00504
32	0.01859	0.04552	0.01656	0.01266	0.01636	0.09840	0.01038	0.45424	0.02049	0.02712	0.01170	0.01292	0.00897	0.00786	0.03160	0.00190	0.10815	0.00468	0.00450	0.08738
33	0.07411	0.01214	0.01299	0.01129	0.01469	0.01363	0.00905	0.17500	0.44585	0.07313	0.02044	0.02200	0.01588	0.00789	0.00571	0.00190	0.00489	0.06526	0.00558	0.00858
34	0.01066	0.00817	0.00960	0.03047	0.01168	0.00824	0.00694	0.15235	0.06674	0.01956	0.02837	0.38719	0.12412	0.01299	0.00647	0.00199	0.00411	0.03794	0.00512	0.06729

[dist]
# distance from previous block
# <min> <max>
0	3

[block]
# block no. 7 follows, 42 sequences, length 22
# corresponding to MSA columns:
# 438-459
name=unknown_H
#
# <colnr> <probs for GDERKNQSTAVLIFYWHMCP>
#	G	D	E	R	K	N	Q	S	T	A	V	L	I	F	Y	W	H	M	C	P
0	0.01505	0.01501	0.10789	0.25716	0.02412	0.04999	0.01286	0.27380	0.05158	0.02315	0.03806	0.02932	0.01079	0.00642	0.00554	0.00172	0.00666	0.00519	0.00399	0.06171
1	0.32034	0.01306	0.01219	0.01000	0.01372	0.06747	0.00814	0.27329	0.01696	0.12494	0.01265	0.01305	0.00912	0.00614	0.00467	0.00167	0.00532	0.00432	0.07525	0.00772
2	0.00910	0.00706	0.00829	0.00776	0.00943	0.00709	0.00578	0.01418	0.17108	0.02091	0.46055	0.03860	0.12717	0.07828	0.00832	0.00213	0.00330	0.00941	0.00574	0.00584
3	0.01581	0.01261	0.01614	0.17361	0.14709	0.01403	0.01188	0.30189	0.11939	0.02517	0.01408	0.01567	0.01057	0.00633	0.00546	0.00172	0.00594	0.00524	0.08911	0.00825
4	0.01007	0.00762	0.00981	0.01059	0.01227	0.00801	0.00904	0.01538	0.16449	0.01821	0.02839	0.05483	0.02929	0.01393	0.00736	0.00245	0.00503	0.58200	0.00529	0.00594
5	0.00808	0.00586	0.00817	0.00817	0.00887	0.00656	0.00594	0.00949	0.00878	0.01241	0.01588	0.02656	0.01600	0.27192	0.55285	0.00796	0.01217	0.00668	0.00313	0.00454
6	0.10531	0.01488	0.01450	0.14067	0.01930	0.21475	0.02395	0.07337	0.03250	0.26497	0.01449	0.01571	0.01040	0.00643	0.00534	0.00171	0.00680	0.02269	0.00454	0.00769
7	0.01524	0.08272	0.10801	0.01862	0.22745	0.01511	0.01309	0.16932	0.24845	0.02296	0.01474	0.01540	0.01128	0.00621	0.00544	0.00172	0.00602	0.00518	0.00420	0.00883
8	0.01354	0.01569	0.13350	0.03181	0.65756	0.01333	0.01779	0.01735	0.01268	0.01830	0.01051	0.01363	0.00865	0.00506	0.00554	0.00169	0.00693	0.00489	0.00273	0.00883
9	0.01908	0.02119	0.01546	0.01356	0.01631	0.47447	0.01050	0.14644	0.05173	0.01839	0.01063	0.01216	0.00857	0.00658	0.00672	0.00162	0.10146	0.00426	0.05383	0.00704
10	0.01505	0.80561	0.02949	0.00963	0.01444	0.02227	0.00963	0.01685	0.01143	0.01324	0.00782	0.00903	0.00722	0.00481	0.00361	0.00120	0.00602	0.00301	0.00241	0.00722
11	0.00978	0.00489	0.00733	0.00733	0.00733	0.00489	0.00489	0.00733	0.00733	0.00978	0.00978	0.01711	0.00978	0.01955	0.02199	0.83627	0.00489	0.00489	0.00244	0.00244
12	0.01857	0.00975	0.01108	0.00929	0.01235	0.07300	0.00726	0.02070	0.03293	0.43203	0.06265	0.06235	0.10619	0.08174	0.03197	0.00233	0.00521	0.00720	0.00582	0.00757
13	0.01271	0.01300	0.02155	0.41641	0.03165	0.06018	0.22517	0.05310	0.01267	0.01639	0.01028	0.01446	0.00788	0.00580	0.00698	0.00190	0.07490	0.00539	0.00278	0.00681
14	0.01129	0.02911	0.77306	0.01604	0.02436	0.01307	0.02079	0.01782	0.01188	0.01782	0.01010	0.01188	0.00713	0.00535	0.00535	0.00178	0.00832	0.00416	0.00238	0.00832
15	0.00686	0.00490	0.00653	0.00784	0.00816	0.00457	0.00522	0.00784	0.01077	0.01437	0.03102	0.79855	0.03722	0.01763	0.00718	0.00229	0.00326	0.01600	0.00522	0.00457
16	0.00911	0.01523	0.29342	0.01177	0.06028	0.00901	0.01163	0.01254	0.01226	0.01629	0.03419	0.03383	0.39805	0.01015	0.00670	0.00187	0.04517	0.00823	0.00388	0.00640
17	0.01063	0.01000	0.01688	0.78870	0.03876	0.01250	0.01563	0.01438	0.01125	0.01438	0.01000	0.01500	0.00750	0.00563	0.00563	0.00188	0.00750	0.00500	0.00250	0.00625
18	0.01049	0.00525	0.00525	0.00525	0.00656	0.00525	0.00393	0.01311	0.01180	0.02098	0.01836	0.02098	0.01442	0.00656	0.00393	0.00131	0.00262	0.00525	0.83346	0.00525
19	0.70313	0.01317	0.00960	0.00854	0.01199	0.11402	0.00690	0.04453	0.01105	0.02411	0.00816	0.00944	0.00638	0.00536	0.00377	0.00170	0.00519	0.00320	0.00349	0.00628
20	0.02067	0.00944	0.01197	0.00953	0.01331	0.00864	0.00775	0.08475	0.05220	0.51921	0.06832	0.02521	0.12668	0.00831	0.00586	0.00177	0.00449	0.00681	0.00649	0.00859
21	0.01780	0.01662	0.06098	0.01275	0.01675	0.11934	0.01063	0.32120	0.31317	0.02673	0.01637	0.01592	0.01212	0.00689	0.00558	0.00175	0.00617	0.00533	0.00510	0.00882

[dist]
# distance from previous block
# <min> <max>
0	4

[block]
# block no. 8 follows, 42 sequences, length 11
# corresponding to MSA columns:
# 464-474
name=unknown_I
#
# <colnr> <probs for GDERKNQSTAVLIFYWHMCP>
#	G	D	E	R	K	N	Q	S	T	A	V	L	I	F	Y	W	H	M	C	P
0	0.18068	0.08633	0.29151	0.01227	0.01774	0.11627	0.01288	0.02020	0.01285	0.18190	0.01190	0.01244	0.00842	0.00569	0.00486	0.00167	0.00682	0.00410	0.00367	0.00782
1	0.00978	0.00489	0.00733	0.00733	0.00733	0.00489	0.00489	0.00733	0.00733	0.00978	0.00978	0.01711	0.00978	0.01955	0.02199	0.83627	0.00489	0.00489	0.00244	0.00244
2	0.01196	0.01259	0.02505	0.40592	0.03408	0.01337	0.38143	0.01620	0.01227	0.01620	0.01069	0.01509	0.00802	0.00518	0.00613	0.00189	0.00850	0.00582	0.00267	0.00692
3	0.00796	0.00575	0.00752	0.00708	0.00841	0.00531	0.00531	0.01062	0.01593	0.02257	0.76415	0.04204	0.05310	0.01150	0.00664	0.00177	0.00265	0.01018	0.00619	0.00531
4	0.00740	0.00551	0.00700	0.00726	0.00827	0.00523	0.00521	0.00906	0.01235	0.01664	0.25600	0.26928	0.18071	0.06434	0.11629	0.00318	0.00478	0.01157	0.00510	0.00483
5	0.01886	0.01571	0.07619	0.01274	0.01715	0.01594	0.01105	0.56946	0.08328	0.03120	0.01414	0.01471	0.01037	0.00970	0.07081	0.00233	0.00697	0.00518	0.00516	0.00903
6	0.01607	0.01108	0.01465	0.07701	0.16480	0.01145	0.01046	0.23463	0.01699	0.14748	0.02034	0.12619	0.07757	0.00847	0.00586	0.00180	0.00535	0.00723	0.03465	0.00793
7	0.01660	0.37616	0.15340	0.01322	0.07649	0.03484	0.01205	0.07887	0.03208	0.13979	0.01163	0.01225	0.00887	0.00552	0.00465	0.00149	0.00634	0.00406	0.00353	0.00815
8	0.01791	0.01526	0.01538	0.01245	0.01595	0.15566	0.06907	0.33320	0.07854	0.04532	0.01434	0.01612	0.01107	0.05100	0.00667	0.00184	0.00648	0.00525	0.12065	0.00784
9	0.00913	0.00971	0.10167	0.11787	0.01537	0.00752	0.00895	0.01217	0.01342	0.01881	0.31779	0.09408	0.07782	0.00985	0.00612	0.00176	0.00443	0.05035	0.00463	0.11854
10	0.14671	0.01196	0.05873	0.01184	0.03817	0.01047	0.10708	0.07728	0.01344	0.06304	0.07545	0.01735	0.05574	0.00618	0.00534	0.00150	0.02110	0.00519	0.00394	0.26948

[dist]
# distance from previous block
# <min> <max>
0	8

[block]
# block no. 9 follows, 42 sequences, length 41
# corresponding to MSA columns:
# 483-523
name=unknown_J
#
# <colnr> <probs for GDERKNQSTAVLIFYWHMCP>
#	G	D	E	R	K	N	Q	S	T	A	V	L	I	F	Y	W	H	M	C	P
0	0.19402	0.01350	0.01330	0.01054	0.01459	0.05810	0.00856	0.35232	0.01860	0.04778	0.04964	0.01380	0.01088	0.00617	0.00491	0.00154	0.00540	0.00453	0.02023	0.15160
1	0.09877	0.13452	0.02029	0.09685	0.32687	0.09087	0.01328	0.11952	0.01434	0.01983	0.01006	0.01238	0.00816	0.00539	0.00503	0.00161	0.00670	0.00438	0.00318	0.00797
2	0.01414	0.05994	0.01344	0.01109	0.01349	0.17186	0.00881	0.17711	0.01450	0.01820	0.01296	0.01692	0.01124	0.02450	0.39976	0.00536	0.01153	0.00513	0.00354	0.00648
3	0.01823	0.01315	0.01486	0.01217	0.01604	0.02738	0.03662	0.24702	0.37048	0.15230	0.01926	0.01801	0.01383	0.00712	0.00571	0.00181	0.00532	0.00581	0.00575	0.00913
4	0.00738	0.00526	0.00697	0.00784	0.00845	0.00496	0.00553	0.00882	0.01192	0.01612	0.18218	0.52564	0.03910	0.05955	0.00832	0.00238	0.00345	0.08607	0.00532	0.00472
5	0.01167	0.01000	0.01167	0.00834	0.01334	0.00750	0.00667	0.01417	0.01167	0.01834	0.01000	0.01167	0.00834	0.00417	0.00417	0.00083	0.00417	0.00333	0.00333	0.83663
6	0.01155	0.00910	0.01260	0.10167	0.01665	0.00814	0.04579	0.01432	0.01236	0.05941	0.01714	0.02938	0.01632	0.00820	0.00571	0.00163	0.00519	0.23812	0.00401	0.38272
7	0.01312	0.01224	0.01649	0.01403	0.01456	0.01655	0.01165	0.08740	0.01060	0.01619	0.00865	0.01295	0.00802	0.00934	0.01632	0.00232	0.66614	0.00496	0.05204	0.00645
8	0.00807	0.00559	0.00670	0.00670	0.00701	0.00573	0.00419	0.00855	0.00863	0.01160	0.01949	0.03488	0.06262	0.60324	0.17859	0.00597	0.00724	0.00797	0.00344	0.00381
9	0.00796	0.00575	0.00752	0.00708	0.00841	0.00531	0.00531	0.01062	0.01593	0.02257	0.76415	0.04204	0.05310	0.01150	0.00664	0.00177	0.00265	0.01018	0.00619	0.00531
10	0.00702	0.00572	0.00621	0.00609	0.00783	0.00491	0.00457	0.00879	0.01370	0.01727	0.25527	0.05076	0.56529	0.01348	0.00665	0.00186	0.00280	0.01140	0.00550	0.00491
11	0.01167	0.01000	0.01167	0.00834	0.01334	0.00750	0.00667	0.01417	0.01167	0.01834	0.01000	0.01167	0.00834	0.00417	0.00417	0.00083	0.00417	0.00333	0.00333	0.83663
12	0.01373	0.01317	0.02249	0.07925	0.72394	0.01332	0.01717	0.01710	0.01272	0.01815	0.01055	0.01399	0.00883	0.00505	0.00557	0.00168	0.00673	0.00501	0.00277	0.00876
13	0.01604	0.09118	0.01582	0.01163	0.01387	0.01447	0.00975	0.15885	0.01403	0.13502	0.01267	0.01466	0.00994	0.00777	0.01017	0.00189	0.31192	0.00492	0.13809	0.00730
14	0.00869	0.00516	0.00579	0.00630	0.00729	0.00493	0.00447	0.01055	0.01150	0.01782	0.02718	0.32767	0.09876	0.01165	0.00547	0.00175	0.00290	0.01011	0.42707	0.00493
15	0.03883	0.06102	0.05996	0.01184	0.01587	0.04244	0.01000	0.21810	0.38566	0.02518	0.01711	0.01652	0.01282	0.00677	0.00538	0.00172	0.00542	0.00533	0.00501	0.05501
16	0.01137	0.39822	0.01820	0.00825	0.01132	0.01360	0.00737	0.01353	0.01355	0.01758	0.35340	0.02652	0.07049	0.00838	0.00515	0.00150	0.00432	0.00676	0.00428	0.00622
17	0.01240	0.18985	0.36046	0.01236	0.01800	0.01381	0.01393	0.09522	0.01389	0.01897	0.08891	0.02004	0.07422	0.00715	0.00534	0.00169	0.00646	0.03634	0.00346	0.00750
18	0.01228	0.22910	0.10362	0.33415	0.10238	0.01506	0.05111	0.01575	0.01173	0.01517	0.01065	0.01564	0.00897	0.00582	0.00521	0.00170	0.00707	0.04490	0.00266	0.00702
19	0.00811	0.00575	0.00761	0.00761	0.00811	0.00625	0.00524	0.00913	0.00862	0.01200	0.01639	0.02939	0.01723	0.41835	0.40810	0.00727	0.01031	0.00710	0.00321	0.00423
20	0.00866	0.10904	0.00985	0.00817	0.00915	0.04021	0.00584	0.00966	0.01080	0.01382	0.02563	0.58026	0.03025	0.10071	0.00896	0.00245	0.00415	0.01295	0.00456	0.00487
21	0.01732	0.33144	0.02440	0.01412	0.01836	0.30106	0.14035	0.06184	0.01431	0.01558	0.00911	0.01079	0.00760	0.00528	0.00481	0.00145	0.00817	0.00400	0.00286	0.00717
22	0.00842	0.00686	0.00753	0.00814	0.00914	0.04470	0.00570	0.01081	0.08622	0.01515	0.03235	0.50910	0.15711	0.01556	0.00767	0.04871	0.00375	0.01308	0.00500	0.00502
23	0.01954	0.01317	0.01432	0.01128	0.01515	0.01429	0.00922	0.51229	0.06375	0.10632	0.01572	0.01575	0.01125	0.00679	0.00535	0.00164	0.00535	0.00523	0.14478	0.00881
24	0.01158	0.05813	0.05742	0.30016	0.23616	0.01237	0.08793	0.01492	0.01182	0.01592	0.01304	0.11579	0.01204	0.02130	0.00620	0.00189	0.00684	0.00649	0.00297	0.00703
25	0.02281	0.01193	0.01433	0.01116	0.01544	0.01197	0.00916	0.27269	0.09411	0.44588	0.01932	0.01742	0.01278	0.00696	0.00566	0.00174	0.00523	0.00553	0.00639	0.00951
26	0.00818	0.00549	0.00630	0.00630	0.00636	0.00554	0.00361	0.00829	0.00823	0.01103	0.01758	0.03601	0.02010	0.75978	0.07060	0.00566	0.00599	0.00806	0.00339	0.00350
27	0.01036	0.00763	0.01129	0.38999	0.02263	0.00893	0.00992	0.01336	0.01121	0.01687	0.01379	0.01803	0.01088	0.00904	0.06163	0.02446	0.00598	0.00517	0.34319	0.00565
28	0.09875	0.41825	0.02028	0.00975	0.01342	0.18674	0.00859	0.01744	0.01231	0.01587	0.00979	0.01130	0.00832	0.00537	0.00398	0.00133	0.00620	0.00353	0.14217	0.00662
29	0.02008	0.05033	0.01693	0.01476	0.09790	0.15903	0.01081	0.39140	0.02057	0.10180	0.01316	0.01368	0.00965	0.00631	0.00535	0.00161	0.00666	0.00477	0.04660	0.00861
30	0.01063	0.01000	0.01688	0.78870	0.03876	0.01250	0.01563	0.01438	0.01125	0.01438	0.01000	0.01500	0.00750	0.00563	0.00563	0.00188	0.00750	0.00500	0.00250	0.00625
31	0.02342	0.01215	0.01361	0.01073	0.01481	0.08725	0.00873	0.15001	0.01765	0.53070	0.01916	0.01737	0.01254	0.00679	0.00551	0.00168	0.00546	0.00533	0.04806	0.00905
32	0.04301	0.00939	0.01264	0.00979	0.01395	0.00821	0.00806	0.02624	0.01595	0.71212	0.06331	0.02020	0.01594	0.00718	0.00566	0.00174	0.00466	0.00585	0.00684	0.00926
33	0.00758	0.00558	0.00612	0.00607	0.00694	0.00517	0.00395	0.00841	0.01080	0.01382	0.11447	0.04400	0.30774	0.41529	0.01785	0.00370	0.00416	0.00981	0.00441	0.00413
34	0.00978	0.00489	0.00733	0.00733	0.00733	0.00489	0.00489	0.00733	0.00733	0.00978	0.00978	0.01711	0.00978	0.01955	0.02199	0.83627	0.00489	0.00489	0.00244	0.00244
35	0.00812	0.00591	0.00765	0.00719	0.00856	0.00553	0.00540	0.01111	0.03465	0.02259	0.74542	0.04151	0.05219	0.01141	0.00661	0.00177	0.00270	0.01008	0.00618	0.00540
36	0.00872	0.00557	0.00828	0.00828	0.00886	0.00615	0.00608	0.00893	0.00835	0.01171	0.01309	0.02064	0.01260	0.05824	0.45964	0.33165	0.01079	0.00565	0.00280	0.00396
37	0.43597	0.01323	0.01417	0.01122	0.01533	0.01468	0.08236	0.30447	0.01659	0.02854	0.01042	0.01147	0.00771	0.00578	0.00464	0.00174	0.00559	0.00420	0.00426	0.00761
38	0.00872	0.00718	0.00914	0.00907	0.01026	0.03500	0.00696	0.01133	0.05421	0.01410	0.02139	0.11058	0.09808	0.03203	0.51176	0.00661	0.03701	0.00767	0.00364	0.00527
39	0.57473	0.09138	0.01393	0.01226	0.10975	0.01397	0.04555	0.01661	0.01033	0.02229	0.00835	0.01019	0.00675	0.00533	0.00457	0.00172	0.03888	0.00356	0.00321	0.00665
40	0.05266	0.16469	0.02974	0.01270	0.01665	0.31460	0.01048	0.27509	0.01849	0.03914	0.01052	0.01131	0.00816	0.00595	0.00495	0.00151	0.00763	0.00405	0.00387	0.00780

[dist]
# distance from previous block
# <min> <max>
0	3

[block]
# block no. 10 follows, 42 sequences, length 13
# corresponding to MSA columns:
# 527-539
name=unknown_K
#
# <colnr> <probs for GDERKNQSTAVLIFYWHMCP>
#	G	D	E	R	K	N	Q	S	T	A	V	L	I	F	Y	W	H	M	C	P
0	0.02525	0.00958	0.01306	0.01001	0.01437	0.00827	0.00827	0.02743	0.01611	0.77102	0.02220	0.01915	0.01393	0.00697	0.00566	0.00174	0.00479	0.00566	0.00697	0.00958
1	0.02239	0.01416	0.01590	0.01219	0.01665	0.01507	0.01007	0.56121	0.02377	0.22640	0.01577	0.01498	0.01070	0.00681	0.00564	0.00170	0.00583	0.00522	0.00598	0.00957
2	0.00686	0.00490	0.00653	0.00784	0.00816	0.00457	0.00522	0.00784	0.01077	0.01437	0.03102	0.79855	0.03722	0.01763	0.00718	0.00229	0.00326	0.01600	0.00522	0.00457
3	0.00772	0.00568	0.00722	0.00697	0.00829	0.00518	0.00517	0.01009	0.01515	0.02102	0.61975	0.10127	0.14093	0.01232	0.00668	0.00183	0.00273	0.01083	0.00600	0.00518
4	0.01063	0.01000	0.01688	0.78870	0.03876	0.01250	0.01563	0.01438	0.01125	0.01438	0.01000	0.01500	0.00750	0.00563	0.00563	0.00188	0.00750	0.00500	0.00250	0.00625
5	0.00754	0.00539	0.00731	0.00862	0.00924	0.00516	0.00641	0.00902	0.01145	0.01513	0.03064	0.57164	0.03573	0.01699	0.00737	0.00238	0.00386	0.23617	0.00521	0.00476
6	0.02525	0.00958	0.01306	0.01001	0.01437	0.00827	0.00827	0.02743	0.01611	0.77102	0.02220	0.01915	0.01393	0.00697	0.00566	0.00174	0.00479	0.00566	0.00697	0.00958
7	0.01190	0.15643	0.65115	0.01499	0.02273	0.01458	0.01896	0.01766	0.01181	0.01707	0.00973	0.01141	0.00714	0.00526	0.00506	0.00169	0.00794	0.00397	0.00238	0.00814
8	0.00686	0.00490	0.00653	0.00784	0.00816	0.00457	0.00522	0.00784	0.01077	0.01437	0.03102	0.79855	0.03722	0.01763	0.00718	0.00229	0.00326	0.01600	0.00522	0.00457
9	0.01515	0.01474	0.02229	0.02160	0.21366	0.12316	0.26326	0.01935	0.07032	0.08658	0.01438	0.08361	0.01212	0.00652	0.00603	0.00180	0.00750	0.00649	0.00364	0.00780
10	0.01247	0.08375	0.01352	0.00877	0.01365	0.04907	0.00716	0.01485	0.01187	0.01763	0.00974	0.01135	0.00818	0.00431	0.00416	0.00090	0.00465	0.00332	0.00323	0.71742
