[name]
unknown

[dist]
# distance from previous block
# <min> <max>
0	202

[block]
# block no. 0 follows, 48 sequences, length 16
# corresponding to MSA columns:
# 218-233
name=unknown_A
#
# <colnr> <probs for GDERKNQSTAVLIFYWHMCP>
#	G	D	E	R	K	N	Q	S	T	A	V	L	I	F	Y	W	H	M	C	P
0	0.01875	0.01380	0.01492	0.01165	0.01556	0.01524	0.00965	0.71935	0.02330	0.03119	0.01332	0.01539	0.01013	0.00670	0.00526	0.00160	0.00558	0.05505	0.00511	0.00846
1	0.01210	0.01359	0.02888	0.02186	0.07738	0.01307	0.67853	0.01618	0.01186	0.01624	0.01014	0.01363	0.00775	0.00459	0.00656	0.00174	0.05053	0.00587	0.00257	0.00693
2	0.01108	0.00996	0.01454	0.36775	0.02280	0.01267	0.01166	0.09690	0.01071	0.01469	0.00922	0.01411	0.00792	0.05579	0.03253	0.02063	0.27389	0.00474	0.00265	0.00575
3	0.85592	0.00992	0.00754	0.00675	0.00992	0.01151	0.00556	0.01508	0.00873	0.02302	0.00714	0.00834	0.00556	0.00476	0.00318	0.00159	0.00397	0.00278	0.00318	0.00556
4	0.00625	0.00447	0.00595	0.00714	0.00744	0.00417	0.00476	0.00714	0.00982	0.01310	0.02828	0.81633	0.03394	0.01608	0.00655	0.00208	0.00298	0.01459	0.00476	0.00417
5	0.01158	0.01182	0.01566	0.01346	0.01358	0.05067	0.01117	0.01271	0.00816	0.01236	0.00679	0.01114	0.00673	0.00882	0.01629	0.00220	0.77454	0.00444	0.00226	0.00563
6	0.85592	0.00992	0.00754	0.00675	0.00992	0.01151	0.00556	0.01508	0.00873	0.02302	0.00714	0.00834	0.00556	0.00476	0.00318	0.00159	0.00397	0.00278	0.00318	0.00556
7	0.01029	0.02654	0.79309	0.01462	0.02221	0.01192	0.01896	0.01625	0.01083	0.01625	0.00921	0.01083	0.00650	0.00487	0.00487	0.00162	0.00758	0.00379	0.00217	0.00758
8	0.00625	0.00517	0.00540	0.00540	0.00695	0.00441	0.00397	0.00758	0.01170	0.01429	0.11960	0.07000	0.65486	0.05302	0.00708	0.00189	0.00271	0.01062	0.00477	0.00431
9	0.01524	0.01183	0.01347	0.01128	0.01408	0.01378	0.00911	0.23633	0.35865	0.08601	0.01578	0.01560	0.01180	0.00705	0.00733	0.00176	0.15309	0.00517	0.00474	0.00788
10	0.00746	0.00497	0.00560	0.00560	0.00560	0.00497	0.00311	0.00746	0.00746	0.00995	0.01617	0.03358	0.01865	0.81967	0.02612	0.00497	0.00497	0.00746	0.00311	0.00311
11	0.01406	0.01048	0.01408	0.36786	0.02356	0.01196	0.01106	0.21205	0.11122	0.11070	0.05137	0.01569	0.01120	0.00604	0.00519	0.00165	0.00567	0.00504	0.00403	0.00710
12	0.01226	0.01392	0.02815	0.02116	0.06261	0.05059	0.66706	0.01625	0.01212	0.01614	0.01090	0.04361	0.00872	0.00482	0.00596	0.00171	0.00834	0.00617	0.00268	0.00683
13	0.01161	0.00938	0.01209	0.05011	0.01320	0.02506	0.02451	0.15023	0.01332	0.04456	0.15006	0.02620	0.04631	0.03448	0.04399	0.00227	0.21018	0.12249	0.00405	0.00589
14	0.05007	0.11306	0.01639	0.01308	0.05273	0.44746	0.03212	0.12386	0.01498	0.07631	0.00953	0.01046	0.00744	0.00530	0.00459	0.00138	0.00757	0.00369	0.00324	0.00674
15	0.01588	0.31488	0.06905	0.01025	0.01453	0.04898	0.03590	0.08534	0.09812	0.18409	0.01237	0.01237	0.00921	0.00528	0.00437	0.00136	0.00540	0.00400	0.00378	0.06483

[dist]
# distance from previous block
# <min> <max>
0	2

[block]
# block no. 1 follows, 48 sequences, length 70
# corresponding to MSA columns:
# 236-305
name=unknown_B
#
# <colnr> <probs for GDERKNQSTAVLIFYWHMCP>
#	G	D	E	R	K	N	Q	S	T	A	V	L	I	F	Y	W	H	M	C	P
0	0.01289	0.02478	0.04523	0.22237	0.14057	0.06131	0.04058	0.09116	0.27002	0.01851	0.01340	0.01477	0.01019	0.00571	0.00512	0.00164	0.00590	0.00491	0.00361	0.00732
1	0.01168	0.01112	0.01690	0.06448	0.01773	0.02812	0.21837	0.06398	0.23117	0.01750	0.01582	0.14535	0.01413	0.00778	0.00714	0.00184	0.10951	0.00693	0.00379	0.00666
2	0.00720	0.00524	0.00678	0.00639	0.00763	0.00482	0.00480	0.00957	0.01439	0.02025	0.74966	0.03886	0.08391	0.01061	0.00605	0.00162	0.00243	0.00935	0.00561	0.00482
3	0.01024	0.01981	0.47166	0.01603	0.06608	0.01104	0.17633	0.01494	0.01101	0.01586	0.01224	0.12791	0.01083	0.00636	0.00538	0.00171	0.00706	0.00588	0.00265	0.00698
4	0.00619	0.00520	0.00538	0.00533	0.00701	0.00439	0.00400	0.00761	0.01200	0.01458	0.13051	0.04820	0.70661	0.01273	0.00606	0.00172	0.00258	0.01066	0.00486	0.00439
5	0.01398	0.01262	0.05436	0.08268	0.32170	0.07660	0.06562	0.03490	0.06495	0.13133	0.01465	0.04267	0.04889	0.00595	0.00523	0.00160	0.00598	0.00536	0.00351	0.00742
6	0.02100	0.01097	0.01317	0.01021	0.01415	0.01099	0.00839	0.29882	0.07260	0.45779	0.01738	0.01570	0.01145	0.00632	0.00515	0.00158	0.00481	0.00501	0.00582	0.00869
7	0.01392	0.14024	0.20206	0.05205	0.09288	0.18119	0.01212	0.12398	0.01321	0.01647	0.00971	0.01228	0.00799	0.04640	0.05241	0.00201	0.00740	0.00404	0.00282	0.00682
8	0.00625	0.00447	0.00595	0.00714	0.00744	0.00417	0.00476	0.00714	0.00982	0.01310	0.02828	0.81633	0.03394	0.01608	0.00655	0.00208	0.00298	0.01459	0.00476	0.00417
9	0.01048	0.02522	0.71347	0.01536	0.02269	0.01203	0.09725	0.01627	0.01097	0.01627	0.00933	0.01115	0.00663	0.00482	0.00500	0.00164	0.00769	0.00403	0.00221	0.00751
10	0.01702	0.01007	0.01173	0.00990	0.01324	0.01059	0.00788	0.02633	0.46132	0.34105	0.02062	0.01845	0.01443	0.00671	0.00520	0.00168	0.00419	0.00553	0.00569	0.00838
11	0.01276	0.01102	0.01160	0.01044	0.01334	0.01276	0.00812	0.02727	0.77840	0.02146	0.02088	0.01914	0.01566	0.00696	0.00522	0.00174	0.00406	0.00580	0.00522	0.00812
12	0.00624	0.00450	0.00592	0.00705	0.00742	0.00418	0.00472	0.00716	0.00991	0.01314	0.02943	0.77927	0.07025	0.01593	0.00653	0.00207	0.00296	0.01441	0.00476	0.00418
13	0.01211	0.01384	0.03028	0.02163	0.02682	0.01298	0.76903	0.01644	0.01211	0.01644	0.01038	0.01384	0.00779	0.00433	0.00606	0.00173	0.00865	0.00606	0.00260	0.00692
14	0.00733	0.00548	0.00816	0.00816	0.00904	0.00637	0.00630	0.00910	0.00822	0.01184	0.01383	0.02061	0.01302	0.06494	0.77316	0.00814	0.01345	0.00556	0.00276	0.00453
15	0.01116	0.00943	0.01092	0.00785	0.01238	0.00737	0.00630	0.05749	0.01143	0.01764	0.00931	0.01074	0.00767	0.00394	0.00388	0.00081	0.00391	0.00313	0.00316	0.80149
16	0.01279	0.60773	0.23381	0.01036	0.01561	0.01804	0.01153	0.01560	0.01054	0.01320	0.00769	0.00893	0.00656	0.00452	0.00372	0.00124	0.00605	0.00303	0.00219	0.00685
17	0.01211	0.01384	0.03028	0.02163	0.02682	0.01298	0.76903	0.01644	0.01211	0.01644	0.01038	0.01384	0.00779	0.00433	0.00606	0.00173	0.00865	0.00606	0.00260	0.00692
18	0.01288	0.00721	0.00895	0.00759	0.00998	0.00672	0.00599	0.09520	0.01515	0.24038	0.36924	0.03133	0.14968	0.00924	0.00570	0.00162	0.00335	0.00785	0.00565	0.00629
19	0.00891	0.00446	0.00668	0.00668	0.00668	0.00446	0.00446	0.00668	0.00668	0.00891	0.00891	0.01560	0.00891	0.01783	0.02005	0.85071	0.00446	0.00446	0.00223	0.00223
20	0.01951	0.01437	0.01540	0.01181	0.01591	0.01591	0.00975	0.77056	0.02412	0.03234	0.01232	0.01232	0.00873	0.00616	0.00513	0.00154	0.00565	0.00462	0.00513	0.00873
21	0.00891	0.00446	0.00668	0.00668	0.00668	0.00446	0.00446	0.00668	0.00668	0.00891	0.00891	0.01560	0.00891	0.01783	0.02005	0.85071	0.00446	0.00446	0.00223	0.00223
22	0.46707	0.01031	0.01000	0.00829	0.01174	0.01116	0.00684	0.16269	0.01318	0.19754	0.01262	0.01329	0.02676	0.00580	0.00416	0.00160	0.00437	0.02139	0.00434	0.00684
23	0.00702	0.00519	0.00655	0.00630	0.00754	0.00472	0.00469	0.00917	0.01381	0.01909	0.62671	0.08581	0.16195	0.01121	0.00608	0.00166	0.00248	0.00983	0.00546	0.00472
24	0.00953	0.00881	0.01383	0.42679	0.02390	0.01133	0.01170	0.01202	0.00920	0.01265	0.00959	0.01455	0.00819	0.01373	0.19003	0.00334	0.20824	0.00476	0.00238	0.00542
25	0.02828	0.01223	0.02144	0.24879	0.18815	0.05814	0.29571	0.01510	0.01145	0.01529	0.01052	0.05182	0.00873	0.00524	0.00547	0.00167	0.00726	0.00550	0.00261	0.00661
26	0.00787	0.00614	0.00672	0.00686	0.00711	0.04373	0.00441	0.00829	0.00860	0.01121	0.01952	0.25461	0.04000	0.48433	0.01848	0.00374	0.05192	0.00920	0.00355	0.00372
27	0.01069	0.00916	0.01066	0.00767	0.01219	0.00698	0.00613	0.01325	0.02841	0.01683	0.00939	0.01084	0.00779	0.00387	0.00383	0.00078	0.00381	0.00310	0.00309	0.83153
28	0.00706	0.00524	0.00658	0.00625	0.00754	0.00476	0.00468	0.00930	0.01405	0.01945	0.66244	0.04018	0.17164	0.01091	0.00605	0.00163	0.00245	0.00954	0.00550	0.00476
29	0.01372	0.82276	0.02689	0.00878	0.01317	0.02030	0.00878	0.01536	0.01043	0.01207	0.00713	0.00823	0.00658	0.00439	0.00329	0.00110	0.00549	0.00274	0.00219	0.00658
30	0.00733	0.00550	0.00825	0.00825	0.00916	0.00641	0.00641	0.00916	0.00825	0.01191	0.01374	0.02016	0.01283	0.03848	0.79934	0.00825	0.01374	0.00550	0.00275	0.00458
31	0.01564	0.01229	0.01329	0.06019	0.01568	0.02973	0.00910	0.29614	0.40511	0.06113	0.01675	0.01604	0.01227	0.00649	0.00517	0.00165	0.00493	0.00521	0.00501	0.00818
32	0.01248	0.10667	0.06016	0.00948	0.01219	0.32434	0.00784	0.01414	0.01269	0.01351	0.05285	0.04417	0.29308	0.00842	0.00511	0.00149	0.00590	0.00650	0.00350	0.00545
33	0.00879	0.00677	0.00756	0.00693	0.00900	0.00648	0.00531	0.01320	0.17051	0.05395	0.24539	0.03672	0.34867	0.01030	0.00574	0.00165	0.00299	0.00872	0.00510	0.04623
34	0.01405	0.70260	0.06826	0.00953	0.01393	0.09393	0.00945	0.01590	0.01084	0.01235	0.00732	0.00847	0.00658	0.00450	0.00351	0.00115	0.00596	0.00286	0.00224	0.00658
35	0.10145	0.00968	0.01073	0.00816	0.01231	0.00857	0.00654	0.05225	0.11032	0.06003	0.01118	0.01194	0.00875	0.00456	0.00405	0.00106	0.00397	0.00356	0.00361	0.56728
36	0.03178	0.15444	0.17885	0.12950	0.01913	0.11356	0.09853	0.01480	0.01162	0.01512	0.11974	0.01539	0.01308	0.00769	0.05398	0.00193	0.00701	0.00479	0.00286	0.00622
37	0.02421	0.07133	0.56458	0.10125	0.02249	0.01273	0.03480	0.08006	0.01188	0.01713	0.00933	0.01115	0.00675	0.00497	0.00483	0.00160	0.00718	0.00392	0.00246	0.00737
38	0.00969	0.00912	0.01539	0.80734	0.03534	0.01140	0.01425	0.01311	0.01026	0.01311	0.00912	0.01368	0.00684	0.00513	0.00513	0.00171	0.00684	0.00456	0.00228	0.00570
39	0.00956	0.00478	0.00478	0.00478	0.00598	0.00478	0.00359	0.01196	0.01076	0.01913	0.01674	0.01913	0.01315	0.00598	0.00359	0.00120	0.00239	0.00478	0.84816	0.00478
40	0.01301	0.14918	0.30825	0.01511	0.04848	0.03000	0.16452	0.10956	0.01269	0.03744	0.00962	0.01143	0.00728	0.00514	0.00564	0.00158	0.05673	0.00427	0.00276	0.00733
41	0.02465	0.00540	0.00696	0.05629	0.00954	0.00511	0.00540	0.00906	0.01106	0.05205	0.13961	0.45948	0.15233	0.01314	0.00612	0.00187	0.00318	0.01166	0.00475	0.02234
42	0.01584	0.11876	0.21635	0.03295	0.08871	0.02598	0.03802	0.24211	0.01550	0.13966	0.01163	0.01228	0.00833	0.00539	0.00486	0.00152	0.00615	0.00428	0.00376	0.00793
43	0.03141	0.01113	0.01733	0.48050	0.19891	0.05822	0.06244	0.01435	0.01079	0.01430	0.00909	0.01297	0.00714	0.00514	0.00567	0.00167	0.04568	0.00454	0.00240	0.00632
44	0.00635	0.00459	0.00600	0.00695	0.00743	0.00425	0.00472	0.00743	0.01044	0.01395	0.11081	0.68557	0.08195	0.01529	0.00647	0.00201	0.00289	0.01379	0.00486	0.00425
45	0.85592	0.00992	0.00754	0.00675	0.00992	0.01151	0.00556	0.01508	0.00873	0.02302	0.00714	0.00834	0.00556	0.00476	0.00318	0.00159	0.00397	0.00278	0.00318	0.00556
46	0.05383	0.06132	0.27361	0.01114	0.01633	0.01134	0.01154	0.13252	0.05066	0.21931	0.01287	0.01289	0.00896	0.00540	0.00472	0.00148	0.00560	0.00418	0.00398	0.09829
47	0.01204	0.01355	0.02917	0.02190	0.07342	0.01275	0.70555	0.01624	0.01214	0.01655	0.02749	0.01431	0.00871	0.00448	0.00599	0.00171	0.00835	0.00604	0.00266	0.00695
48	0.00666	0.00498	0.00618	0.00638	0.00742	0.00451	0.00460	0.00833	0.01236	0.01662	0.37234	0.28953	0.21557	0.01286	0.00621	0.00179	0.00264	0.01134	0.00516	0.00451
49	0.00713	0.00475	0.00621	0.00655	0.00721	0.00441	0.00455	0.00760	0.01032	0.01372	0.18790	0.31277	0.15747	0.01483	0.00988	0.22321	0.00318	0.01018	0.00429	0.00383
50	0.03752	0.06362	0.01492	0.02267	0.01504	0.04658	0.00912	0.53016	0.10284	0.04526	0.01295	0.01375	0.00973	0.04523	0.00597	0.00170	0.00553	0.00468	0.00470	0.00803
51	0.00746	0.00497	0.00560	0.00560	0.00560	0.00497	0.00311	0.00746	0.00746	0.00995	0.01617	0.03358	0.01865	0.81967	0.02612	0.00497	0.00497	0.00746	0.00311	0.00311
52	0.01372	0.82276	0.02689	0.00878	0.01317	0.02030	0.00878	0.01536	0.01043	0.01207	0.00713	0.00823	0.00658	0.00439	0.00329	0.00110	0.00549	0.00274	0.00219	0.00658
53	0.01302	0.52845	0.26131	0.01076	0.01611	0.01746	0.01196	0.06231	0.01140	0.01461	0.00809	0.00928	0.00669	0.00465	0.00389	0.00129	0.00614	0.00318	0.00237	0.00702
54	0.03378	0.53445	0.13483	0.01119	0.05995	0.01723	0.01062	0.01574	0.01057	0.05085	0.00823	0.00955	0.00696	0.00485	0.00456	0.00130	0.05544	0.00323	0.00246	0.02424
55	0.00624	0.00452	0.00590	0.00700	0.00741	0.00418	0.00470	0.00716	0.00996	0.01315	0.03000	0.76071	0.08844	0.01585	0.00651	0.00206	0.00295	0.01431	0.00476	0.00418
56	0.41493	0.14701	0.29415	0.00992	0.01488	0.01308	0.01091	0.01555	0.00976	0.01881	0.00789	0.00922	0.00606	0.00474	0.00381	0.00152	0.00552	0.00314	0.00265	0.00645
57	0.00735	0.00543	0.00790	0.00790	0.00869	0.00622	0.00598	0.00894	0.00814	0.01165	0.01407	0.02194	0.01360	0.14204	0.69684	0.00781	0.01258	0.00576	0.00280	0.00439
58	0.00624	0.00451	0.00591	0.00703	0.00741	0.00418	0.00471	0.00716	0.00994	0.01314	0.02970	0.77043	0.07891	0.01589	0.00652	0.00206	0.00295	0.01436	0.00476	0.00418
59	0.00835	0.00778	0.05718	0.00867	0.01073	0.00675	0.04367	0.01226	0.10170	0.01776	0.30015	0.05107	0.15659	0.01080	0.00614	0.00184	0.00381	0.18451	0.00486	0.00537
60	0.00643	0.00465	0.00613	0.00725	0.00772	0.00434	0.00505	0.00749	0.01012	0.01336	0.02957	0.69865	0.07773	0.01571	0.00657	0.00209	0.00312	0.08502	0.00476	0.00423
61	0.01064	0.00912	0.01064	0.00760	0.01216	0.00684	0.00608	0.01292	0.01064	0.01672	0.00912	0.01064	0.00760	0.00380	0.00380	0.00076	0.00380	0.00304	0.00304	0.85104
62	0.85592	0.00992	0.00754	0.00675	0.00992	0.01151	0.00556	0.01508	0.00873	0.02302	0.00714	0.00834	0.00556	0.00476	0.00318	0.00159	0.00397	0.00278	0.00318	0.00556
63	0.01917	0.02445	0.01454	0.01322	0.01586	0.79907	0.00991	0.02049	0.01454	0.01256	0.00793	0.00925	0.00661	0.00529	0.00463	0.00132	0.00925	0.00330	0.00264	0.00595
64	0.01048	0.02571	0.75957	0.01440	0.02176	0.01169	0.01849	0.01628	0.01093	0.03094	0.00985	0.01208	0.00717	0.00512	0.00493	0.00164	0.00745	0.02167	0.00231	0.00754
65	0.01647	0.01287	0.01369	0.01119	0.01476	0.01450	0.00902	0.43647	0.36314	0.02745	0.01617	0.01539	0.01184	0.00652	0.00517	0.00163	0.00493	0.00515	0.00517	0.00845
66	0.01699	0.01103	0.01250	0.01018	0.01358	0.01177	0.00821	0.28464	0.25109	0.20948	0.09859	0.01839	0.01600	0.00691	0.00526	0.00162	0.00451	0.00560	0.00551	0.00813
67	0.01269	0.01188	0.06092	0.04223	0.05221	0.01231	0.02698	0.09745	0.51023	0.02096	0.01864	0.05608	0.01486	0.00718	0.00533	0.00174	0.00472	0.03118	0.00468	0.00773
68	0.00891	0.00446	0.00668	0.00668	0.00668	0.00446	0.00446	0.00668	0.00668	0.00891	0.00891	0.01560	0.00891	0.01783	0.02005	0.85071	0.00446	0.00446	0.00223	0.00223
69	0.00973	0.05160	0.17210	0.02774	0.01487	0.05547	0.10932	0.01319	0.05817	0.01483	0.07016	0.20608	0.01785	0.03344	0.10088	0.02139	0.00663	0.00741	0.00340	0.00575

[dist]
# distance from previous block
# <min> <max>
0	1

[block]
# block no. 2 follows, 48 sequences, length 35
# corresponding to MSA columns:
# 307-341
name=unknown_C
#
# <colnr> <probs for GDERKNQSTAVLIFYWHMCP>
#	G	D	E	R	K	N	Q	S	T	A	V	L	I	F	Y	W	H	M	C	P
0	0.01172	0.01174	0.01310	0.25449	0.07361	0.16767	0.01036	0.05256	0.03779	0.01514	0.07934	0.14740	0.01567	0.00793	0.00624	0.00172	0.06532	0.01906	0.00335	0.00581
1	0.01474	0.22927	0.22183	0.01350	0.07276	0.22071	0.01232	0.09609	0.04445	0.01613	0.00917	0.01037	0.00727	0.00505	0.00446	0.00140	0.00702	0.00362	0.00276	0.00708
2	0.00869	0.00646	0.00795	0.00830	0.00981	0.00637	0.00685	0.08854	0.01275	0.01637	0.03158	0.11528	0.21714	0.04018	0.00722	0.00218	0.00415	0.40052	0.00473	0.00494
3	0.01431	0.01429	0.10153	0.01699	0.08618	0.02556	0.29618	0.13990	0.09945	0.09188	0.01245	0.01388	0.00913	0.00526	0.00562	0.00163	0.02107	0.00517	0.00361	0.03592
4	0.00623	0.00454	0.00588	0.00694	0.00739	0.00418	0.00467	0.00717	0.01002	0.01318	0.03075	0.73646	0.11221	0.01575	0.00650	0.00205	0.00294	0.01420	0.00476	0.00418
5	0.00953	0.00799	0.00828	0.00757	0.00991	0.00823	0.00586	0.07972	0.27699	0.01807	0.03786	0.03578	0.45357	0.01033	0.00569	0.00172	0.00336	0.00856	0.00495	0.00601
6	0.85592	0.00992	0.00754	0.00675	0.00992	0.01151	0.00556	0.01508	0.00873	0.02302	0.00714	0.00834	0.00556	0.00476	0.00318	0.00159	0.00397	0.00278	0.00318	0.00556
7	0.01249	0.30901	0.39714	0.01187	0.01779	0.01506	0.01369	0.09431	0.01206	0.01646	0.00879	0.01005	0.00682	0.00478	0.00428	0.00138	0.00643	0.00346	0.00253	0.05159
8	0.01242	0.01259	0.01927	0.20767	0.36527	0.09163	0.11858	0.01575	0.02868	0.01557	0.00995	0.01313	0.00798	0.00493	0.00532	0.00158	0.02010	0.00468	0.03792	0.00699
9	0.74604	0.01036	0.00857	0.02883	0.01123	0.01197	0.00623	0.09370	0.01038	0.02372	0.00774	0.00889	0.00592	0.00492	0.00343	0.00159	0.00422	0.00302	0.00336	0.00589
10	0.00614	0.00488	0.00552	0.00604	0.00715	0.00426	0.00427	0.00727	0.01089	0.01353	0.04178	0.37952	0.46203	0.01432	0.00627	0.00188	0.00276	0.01245	0.00476	0.00426
11	0.00891	0.00446	0.00668	0.00668	0.00668	0.00446	0.00446	0.00668	0.00668	0.00891	0.00891	0.01560	0.00891	0.01783	0.02005	0.85071	0.00446	0.00446	0.00223	0.00223
12	0.85592	0.00992	0.00754	0.00675	0.00992	0.01151	0.00556	0.01508	0.00873	0.02302	0.00714	0.00834	0.00556	0.00476	0.00318	0.00159	0.00397	0.00278	0.00318	0.00556
13	0.01226	0.01174	0.02003	0.14476	0.67784	0.01208	0.01553	0.01536	0.01148	0.01623	0.00957	0.01284	0.00794	0.00465	0.00509	0.00155	0.00620	0.00457	0.00250	0.00777
14	0.01959	0.01423	0.01531	0.01174	0.01584	0.01570	0.00970	0.75185	0.02389	0.05138	0.01252	0.01245	0.00883	0.00616	0.00513	0.00154	0.00561	0.00463	0.00516	0.00873
15	0.00624	0.00453	0.00589	0.00698	0.00740	0.00418	0.00469	0.00716	0.00998	0.01316	0.03031	0.75050	0.09845	0.01581	0.00651	0.00205	0.00294	0.01426	0.00476	0.00418
16	0.00718	0.00518	0.00679	0.00651	0.00765	0.00479	0.00484	0.00948	0.01416	0.01999	0.72565	0.09931	0.04728	0.01093	0.00609	0.00165	0.00246	0.00970	0.00558	0.00479
17	0.00647	0.00462	0.00621	0.00740	0.00779	0.00436	0.00514	0.00752	0.01004	0.01334	0.02816	0.73390	0.03346	0.01587	0.00661	0.00211	0.00317	0.09485	0.00476	0.00423
18	0.01083	0.00938	0.01204	0.01039	0.01270	0.01039	0.08629	0.04360	0.36779	0.01745	0.01998	0.02264	0.08031	0.11632	0.12104	0.00309	0.03883	0.00634	0.00416	0.00644
19	0.01375	0.23833	0.36738	0.01258	0.01799	0.19029	0.01366	0.06234	0.01235	0.01528	0.00855	0.00987	0.00668	0.00491	0.00441	0.00141	0.00728	0.00345	0.00246	0.00702
20	0.01184	0.00786	0.00932	0.00753	0.01055	0.00690	0.00596	0.09189	0.01389	0.14524	0.21572	0.02650	0.17085	0.00795	0.00517	0.00138	0.00350	0.00665	0.00479	0.24650
21	0.07910	0.06650	0.01416	0.01135	0.01442	0.39377	0.00893	0.19936	0.02990	0.04884	0.07627	0.01285	0.01102	0.00592	0.00472	0.00142	0.00691	0.00418	0.00370	0.00668
22	0.01552	0.09619	0.04695	0.09033	0.01610	0.01282	0.00932	0.25687	0.16607	0.13724	0.03064	0.01730	0.06893	0.00659	0.00504	0.00158	0.00504	0.00524	0.00460	0.00764
23	0.07526	0.13883	0.01624	0.01230	0.01510	0.56021	0.02389	0.01871	0.01302	0.01327	0.00772	0.00927	0.00656	0.00537	0.00523	0.00138	0.06572	0.00332	0.00259	0.00601
24	0.01377	0.00681	0.00874	0.00745	0.00950	0.00629	0.00560	0.02806	0.02994	0.31775	0.25830	0.02812	0.02542	0.21863	0.01088	0.00248	0.00393	0.00705	0.00524	0.00604
25	0.00984	0.00940	0.01629	0.76007	0.03483	0.01149	0.05966	0.01331	0.01037	0.01331	0.00920	0.01369	0.00690	0.00508	0.00519	0.00171	0.00695	0.00465	0.00230	0.00577
26	0.00673	0.00530	0.00570	0.00555	0.00723	0.00451	0.00418	0.00827	0.01233	0.03504	0.19630	0.04638	0.61989	0.01233	0.00604	0.00171	0.00261	0.01038	0.00498	0.00454
27	0.00956	0.00478	0.00478	0.00478	0.00598	0.00478	0.00359	0.01196	0.01076	0.01913	0.01674	0.01913	0.01315	0.00598	0.00359	0.00120	0.00239	0.00478	0.84816	0.00478
28	0.10918	0.00978	0.01202	0.00932	0.01323	0.00932	0.00770	0.14572	0.01561	0.58729	0.01758	0.01567	0.01131	0.00615	0.00495	0.00158	0.00453	0.00482	0.00582	0.00840
29	0.01276	0.01102	0.01160	0.01044	0.01334	0.01276	0.00812	0.02727	0.77840	0.02146	0.02088	0.01914	0.01566	0.00696	0.00522	0.00174	0.00406	0.00580	0.00522	0.00812
30	0.00606	0.00520	0.00520	0.00520	0.00693	0.00433	0.00390	0.00736	0.01170	0.01386	0.05198	0.04938	0.78558	0.01299	0.00606	0.00173	0.00260	0.01083	0.00476	0.00433
31	0.01229	0.01012	0.01094	0.00980	0.01249	0.01144	0.00762	0.04228	0.61964	0.03992	0.14310	0.02201	0.02067	0.00749	0.00535	0.00171	0.00384	0.00631	0.00531	0.00763
32	0.01383	0.01078	0.01163	0.01031	0.01332	0.01222	0.00806	0.02703	0.69887	0.10162	0.02082	0.01897	0.01535	0.00690	0.00521	0.00172	0.00409	0.00573	0.00534	0.00819
33	0.00860	0.00775	0.01166	0.32092	0.13205	0.00829	0.00977	0.01113	0.01151	0.01488	0.12560	0.02870	0.27245	0.00838	0.00556	0.00168	0.00473	0.00728	0.00359	0.00548
34	0.01202	0.24435	0.10551	0.01519	0.01982	0.01425	0.36314	0.01599	0.05720	0.01492	0.01046	0.01394	0.00872	0.07454	0.00682	0.00182	0.00705	0.00498	0.00264	0.00664

[dist]
# distance from previous block
# <min> <max>
0	5

[block]
# block no. 3 follows, 48 sequences, length 48
# corresponding to MSA columns:
# 347-394
name=unknown_D
#
# <colnr> <probs for GDERKNQSTAVLIFYWHMCP>
#	G	D	E	R	K	N	Q	S	T	A	V	L	I	F	Y	W	H	M	C	P
0	0.23570	0.01282	0.09325	0.00988	0.01328	0.06149	0.00886	0.24233	0.01484	0.02242	0.03161	0.02201	0.06567	0.00757	0.00498	0.00171	0.00520	0.13581	0.00406	0.00651
1	0.01833	0.15570	0.01730	0.01123	0.01536	0.03271	0.00952	0.60956	0.02129	0.02811	0.01127	0.01151	0.00829	0.00579	0.00478	0.00144	0.00566	0.00424	0.00453	0.02338
2	0.00836	0.00867	0.07909	0.01021	0.01268	0.00697	0.14162	0.01122	0.01281	0.01756	0.34601	0.07639	0.11174	0.01004	0.00614	0.00179	0.00438	0.12446	0.00452	0.00534
3	0.01213	0.23607	0.50904	0.01294	0.01916	0.09724	0.01532	0.01646	0.01112	0.01476	0.00853	0.00998	0.00653	0.00479	0.00443	0.00145	0.00721	0.00346	0.00222	0.00715
4	0.01206	0.01262	0.01559	0.01344	0.01372	0.09842	0.01109	0.01321	0.00856	0.01237	0.00686	0.01102	0.00672	0.00859	0.01555	0.00215	0.72571	0.00437	0.00229	0.00565
5	0.00804	0.00660	0.00749	0.00828	0.00936	0.05990	0.00654	0.00972	0.01146	0.01445	0.06013	0.29602	0.13073	0.01386	0.00657	0.00209	0.00410	0.33545	0.00464	0.00458
6	0.02302	0.00873	0.01191	0.00913	0.01310	0.00754	0.00754	0.02501	0.01469	0.79122	0.02024	0.01746	0.01270	0.00635	0.00516	0.00159	0.00437	0.00516	0.00635	0.00873
7	0.01029	0.02654	0.79309	0.01462	0.02221	0.01192	0.01896	0.01625	0.01083	0.01625	0.00921	0.01083	0.00650	0.00487	0.00487	0.00162	0.00758	0.00379	0.00217	0.00758
8	0.02302	0.00873	0.01191	0.00913	0.01310	0.00754	0.00754	0.02501	0.01469	0.79122	0.02024	0.01746	0.01270	0.00635	0.00516	0.00159	0.00437	0.00516	0.00635	0.00873
9	0.01006	0.00950	0.01606	0.71120	0.12857	0.01150	0.01444	0.01344	0.01044	0.01356	0.00919	0.01356	0.00700	0.00506	0.00512	0.00169	0.00675	0.00456	0.00231	0.00600
10	0.00746	0.00497	0.00560	0.00560	0.00560	0.00497	0.00311	0.00746	0.00746	0.00995	0.01617	0.03358	0.01865	0.81967	0.02612	0.00497	0.00497	0.00746	0.00311	0.00311
11	0.01515	0.03321	0.01409	0.11060	0.01695	0.37485	0.00993	0.06720	0.11379	0.01505	0.01181	0.03009	0.03228	0.02180	0.00684	0.00165	0.11080	0.00456	0.00316	0.00621
12	0.10441	0.01189	0.01299	0.01185	0.06726	0.01327	0.00885	0.25317	0.37081	0.06684	0.01599	0.01537	0.01178	0.00628	0.00496	0.00164	0.00470	0.00500	0.00485	0.00807
13	0.11555	0.00972	0.01233	0.00898	0.01343	0.00807	0.08657	0.01356	0.01056	0.01747	0.00901	0.01069	0.00737	0.00397	0.00396	0.00096	0.00433	0.00333	0.00301	0.65714
14	0.00645	0.00521	0.00573	0.00560	0.00717	0.00450	0.00420	0.00811	0.01261	0.01603	0.28882	0.04581	0.54739	0.01219	0.00606	0.00169	0.00254	0.01033	0.00505	0.00450
15	0.01956	0.00962	0.01189	0.00963	0.01325	0.00946	0.00779	0.04382	0.26609	0.51966	0.02026	0.01789	0.01358	0.00655	0.00518	0.00164	0.00430	0.00536	0.00595	0.00853
16	0.85592	0.00992	0.00754	0.00675	0.00992	0.01151	0.00556	0.01508	0.00873	0.02302	0.00714	0.00834	0.00556	0.00476	0.00318	0.00159	0.00397	0.00278	0.00318	0.00556
17	0.01951	0.01437	0.01540	0.01181	0.01591	0.01591	0.00975	0.77056	0.02412	0.03234	0.01232	0.01232	0.00873	0.00616	0.00513	0.00154	0.00565	0.00462	0.00513	0.00873
18	0.00681	0.00526	0.00624	0.00609	0.00752	0.00469	0.00463	0.00876	0.01319	0.01747	0.43533	0.04405	0.35723	0.01174	0.00611	0.00170	0.00262	0.05071	0.00523	0.00462
19	0.00837	0.00702	0.01024	0.00964	0.01031	0.00889	0.00770	0.01001	0.00814	0.01203	0.01188	0.01778	0.01120	0.03062	0.59088	0.00665	0.22595	0.00523	0.00261	0.00486
20	0.00746	0.00497	0.00560	0.00560	0.00560	0.00497	0.00311	0.00746	0.00746	0.00995	0.01617	0.03358	0.01865	0.81967	0.02612	0.00497	0.00497	0.00746	0.00311	0.00311
21	0.00985	0.00934	0.01542	0.72352	0.03303	0.01186	0.01393	0.01303	0.01001	0.01303	0.00887	0.01342	0.00683	0.00554	0.00637	0.00177	0.09167	0.00455	0.00228	0.00569
22	0.00891	0.00446	0.00668	0.00668	0.00668	0.00446	0.00446	0.00668	0.00668	0.00891	0.00891	0.01560	0.00891	0.01783	0.02005	0.85071	0.00446	0.00446	0.00223	0.00223
23	0.00625	0.00447	0.00595	0.00714	0.00744	0.00417	0.00476	0.00714	0.00982	0.01310	0.02828	0.81633	0.03394	0.01608	0.00655	0.00208	0.00298	0.01459	0.00476	0.00417
24	0.02137	0.00976	0.01338	0.01218	0.10938	0.00900	0.00879	0.10258	0.01531	0.61512	0.01809	0.01633	0.01171	0.00611	0.00515	0.00157	0.00472	0.00503	0.00575	0.00866
25	0.01677	0.00971	0.01181	0.00880	0.01306	0.00840	0.00718	0.12505	0.01414	0.32405	0.01396	0.01357	0.00977	0.00514	0.00452	0.00120	0.00428	0.00410	0.00464	0.39984
26	0.01443	0.01258	0.11195	0.01886	0.32314	0.01081	0.01220	0.05293	0.12042	0.18206	0.04170	0.05082	0.01254	0.00611	0.00519	0.00161	0.00534	0.00538	0.00400	0.00792
27	0.02805	0.28718	0.43002	0.01364	0.07154	0.05784	0.01464	0.01613	0.01092	0.01484	0.00845	0.00997	0.00663	0.00471	0.00432	0.00143	0.00681	0.00345	0.00225	0.00716
28	0.36441	0.03015	0.04311	0.00950	0.01314	0.01342	0.00805	0.26890	0.16042	0.02531	0.01156	0.01182	0.00860	0.00564	0.00429	0.00159	0.00472	0.00401	0.00415	0.00720
29	0.01663	0.03746	0.02968	0.01030	0.01284	0.20347	0.00824	0.06678	0.01330	0.25504	0.07567	0.01760	0.01351	0.10743	0.00907	0.00201	0.10510	0.00510	0.00418	0.00656
30	0.06377	0.02624	0.04101	0.01147	0.01338	0.12048	0.00956	0.12877	0.01260	0.06306	0.08175	0.03155	0.03541	0.00783	0.00972	0.00182	0.32678	0.00507	0.00347	0.00626
31	0.41771	0.01202	0.01312	0.01035	0.01412	0.01325	0.08785	0.30816	0.01523	0.04910	0.00989	0.01074	0.00724	0.00531	0.00430	0.00158	0.00513	0.00391	0.00397	0.00702
32	0.01429	0.73847	0.02558	0.00925	0.01345	0.10253	0.00890	0.01591	0.01086	0.01212	0.00722	0.00834	0.00659	0.00448	0.00343	0.00112	0.00588	0.00280	0.00224	0.00652
33	0.01125	0.00959	0.01023	0.00948	0.01193	0.01081	0.00726	0.02267	0.60220	0.01962	0.02508	0.12113	0.09922	0.00873	0.00547	0.00178	0.00377	0.00742	0.00512	0.00723
34	0.00625	0.00447	0.00595	0.00714	0.00744	0.00417	0.00476	0.00714	0.00982	0.01310	0.02828	0.81633	0.03394	0.01608	0.00655	0.00208	0.00298	0.01459	0.00476	0.00417
35	0.00606	0.00520	0.00520	0.00520	0.00693	0.00433	0.00390	0.00736	0.01170	0.01386	0.05198	0.04938	0.78558	0.01299	0.00606	0.00173	0.00260	0.01083	0.00476	0.00433
36	0.00787	0.00633	0.00918	0.00894	0.00961	0.00769	0.00696	0.00944	0.00833	0.01206	0.01417	0.10305	0.01418	0.04937	0.56763	0.00652	0.14477	0.00634	0.00289	0.00467
37	0.01942	0.01335	0.01464	0.01130	0.01528	0.01451	0.00931	0.63493	0.04919	0.12514	0.03162	0.01380	0.01038	0.00631	0.00516	0.00155	0.00536	0.00484	0.00530	0.00861
38	0.01642	0.40467	0.02047	0.01107	0.01453	0.39407	0.00940	0.03525	0.01267	0.01278	0.00763	0.00888	0.00665	0.00495	0.00424	0.00124	0.02319	0.00309	0.00248	0.00631
39	0.00625	0.00447	0.00595	0.00714	0.00744	0.00417	0.00476	0.00714	0.00982	0.01310	0.02828	0.81633	0.03394	0.01608	0.00655	0.00208	0.00298	0.01459	0.00476	0.00417
40	0.00738	0.00531	0.00728	0.00728	0.00786	0.00589	0.00521	0.00854	0.00796	0.01120	0.01463	0.02506	0.01495	0.32362	0.51711	0.00705	0.01054	0.00621	0.00288	0.00404
41	0.01123	0.01123	0.01572	0.01347	0.01347	0.01572	0.01123	0.01235	0.00786	0.01235	0.00674	0.01123	0.00674	0.00898	0.01684	0.00225	0.81028	0.00449	0.00225	0.00561
42	0.00724	0.00616	0.00635	0.00614	0.00803	0.00575	0.00465	0.01078	0.13867	0.01549	0.08753	0.04377	0.61731	0.01186	0.00592	0.00173	0.00283	0.00991	0.00489	0.00499
43	0.01091	0.01250	0.07579	0.37836	0.06571	0.01215	0.33950	0.01488	0.01116	0.01493	0.00969	0.01351	0.00728	0.00474	0.00551	0.00170	0.00764	0.00515	0.00242	0.00647
44	0.01512	0.19431	0.28042	0.01205	0.01707	0.15095	0.02445	0.09722	0.01338	0.11411	0.02830	0.01167	0.00855	0.00528	0.00460	0.00145	0.00671	0.00390	0.00318	0.00727
45	0.01262	0.01450	0.02688	0.01974	0.02415	0.09590	0.61347	0.01630	0.01200	0.01564	0.01041	0.03738	0.00838	0.00510	0.00666	0.00173	0.06393	0.00591	0.00264	0.00664
46	0.01486	0.06832	0.01411	0.04511	0.01498	0.05515	0.00835	0.31623	0.03173	0.02234	0.01043	0.01137	0.00805	0.00499	0.00443	0.00119	0.00509	0.00379	0.00381	0.35567
47	0.01371	0.02688	0.03882	0.28917	0.07468	0.01093	0.01090	0.09338	0.10959	0.15479	0.02663	0.03070	0.01058	0.00581	0.00502	0.00157	0.00545	0.00491	0.00385	0.08263

[dist]
# distance from previous block
# <min> <max>
0	8

[block]
# block no. 4 follows, 48 sequences, length 20
# corresponding to MSA columns:
# 403-422
name=unknown_E
#
# <colnr> <probs for GDERKNQSTAVLIFYWHMCP>
#	G	D	E	R	K	N	Q	S	T	A	V	L	I	F	Y	W	H	M	C	P
0	0.04747	0.05475	0.08480	0.01334	0.05568	0.18786	0.07845	0.23382	0.03432	0.10882	0.01159	0.01292	0.00874	0.03780	0.00576	0.00164	0.00663	0.00443	0.00381	0.00736
1	0.08502	0.01226	0.04287	0.09376	0.11990	0.08729	0.10335	0.01642	0.03871	0.09251	0.01066	0.01244	0.00819	0.00539	0.01983	0.00149	0.00595	0.00415	0.00318	0.23662
2	0.01451	0.02761	0.06253	0.00920	0.01304	0.00877	0.00788	0.07564	0.03886	0.23385	0.01460	0.09196	0.01183	0.00637	0.00535	0.00136	0.04700	0.00510	0.00426	0.32028
3	0.00800	0.00569	0.00706	0.00720	0.00794	0.00584	0.00520	0.04470	0.00972	0.01293	0.02115	0.08508	0.07648	0.37332	0.15360	0.00444	0.00619	0.15768	0.00369	0.00411
4	0.01356	0.01142	0.01205	0.01060	0.01365	0.01313	0.00831	0.11507	0.68930	0.02275	0.01987	0.01834	0.01484	0.00687	0.00521	0.00172	0.00425	0.00566	0.00521	0.00819
5	0.01169	0.05901	0.19027	0.05677	0.11778	0.01249	0.26884	0.05001	0.07109	0.01681	0.01193	0.07180	0.00998	0.00576	0.00562	0.00167	0.02283	0.00563	0.00293	0.00708
6	0.01123	0.01123	0.01572	0.01347	0.01347	0.01572	0.01123	0.01235	0.00786	0.01235	0.00674	0.01123	0.00674	0.00898	0.01684	0.00225	0.81028	0.00449	0.00225	0.00561
7	0.01292	0.01078	0.01314	0.06547	0.01443	0.04333	0.00944	0.18252	0.01344	0.05504	0.05850	0.02087	0.06971	0.00848	0.00940	0.00185	0.28235	0.08034	0.00377	0.04420
8	0.00891	0.00446	0.00668	0.00668	0.00668	0.00446	0.00446	0.00668	0.00668	0.00891	0.00891	0.01560	0.00891	0.01783	0.02005	0.85071	0.00446	0.00446	0.00223	0.00223
9	0.01270	0.01219	0.02083	0.03149	0.78767	0.01219	0.01575	0.01575	0.01168	0.01676	0.00965	0.01270	0.00813	0.00457	0.00508	0.00152	0.00610	0.00457	0.00254	0.00813
10	0.00606	0.00520	0.00520	0.00520	0.00693	0.00433	0.00390	0.00736	0.01170	0.01386	0.05198	0.04938	0.78558	0.01299	0.00606	0.00173	0.00260	0.01083	0.00476	0.00433
11	0.00738	0.00529	0.00721	0.00721	0.00777	0.00585	0.00512	0.00850	0.00794	0.01114	0.01469	0.02540	0.01510	0.34373	0.49721	0.00697	0.01032	0.00627	0.00289	0.00401
12	0.00871	0.00581	0.00748	0.00686	0.00837	0.00546	0.00521	0.01174	0.05515	0.07707	0.68833	0.03578	0.04406	0.01000	0.00594	0.00162	0.00265	0.00879	0.00568	0.00530
13	0.01276	0.01102	0.01160	0.01044	0.01334	0.01276	0.00812	0.02727	0.77840	0.02146	0.02088	0.01914	0.01566	0.00696	0.00522	0.00174	0.00406	0.00580	0.00522	0.00812
14	0.01372	0.82276	0.02689	0.00878	0.01317	0.02030	0.00878	0.01536	0.01043	0.01207	0.00713	0.00823	0.00658	0.00439	0.00329	0.00110	0.00549	0.00274	0.00219	0.00658
15	0.00606	0.00520	0.00520	0.00520	0.00693	0.00433	0.00390	0.00736	0.01170	0.01386	0.05198	0.04938	0.78558	0.01299	0.00606	0.00173	0.00260	0.01083	0.00476	0.00433
16	0.00734	0.00492	0.00563	0.00576	0.00579	0.00489	0.00328	0.00743	0.00771	0.01027	0.01742	0.11458	0.02024	0.73651	0.02409	0.00468	0.00477	0.00820	0.00328	0.00322
17	0.01236	0.13599	0.25042	0.02251	0.41983	0.04094	0.01547	0.01601	0.01135	0.01577	0.00909	0.01137	0.00737	0.00466	0.00474	0.00148	0.00656	0.00403	0.00238	0.00766
18	0.01439	0.01405	0.01580	0.01302	0.01535	0.17315	0.10538	0.20892	0.01408	0.01800	0.01106	0.06722	0.00995	0.03582	0.05619	0.00225	0.21029	0.00532	0.00334	0.00641
19	0.01324	0.63609	0.10585	0.00961	0.01415	0.01846	0.00977	0.01696	0.10755	0.01370	0.00909	0.00989	0.00772	0.00477	0.00370	0.00123	0.00553	0.00324	0.00257	0.00688

[dist]
# distance from previous block
# <min> <max>
0	2

[block]
# block no. 5 follows, 48 sequences, length 40
# corresponding to MSA columns:
# 425-464
name=unknown_F
#
# <colnr> <probs for GDERKNQSTAVLIFYWHMCP>
#	G	D	E	R	K	N	Q	S	T	A	V	L	I	F	Y	W	H	M	C	P
0	0.01286	0.01407	0.01564	0.49287	0.10006	0.25113	0.01307	0.01560	0.01170	0.01329	0.00881	0.01224	0.00689	0.00513	0.00497	0.00157	0.00750	0.00418	0.00242	0.00600
1	0.01536	0.00968	0.01104	0.00944	0.01252	0.01016	0.00747	0.07119	0.38733	0.25524	0.02387	0.04705	0.10124	0.00769	0.00533	0.00169	0.00406	0.00638	0.00549	0.00779
2	0.01046	0.02535	0.72145	0.01528	0.02264	0.01202	0.08940	0.01627	0.01095	0.01627	0.00932	0.01112	0.00662	0.00482	0.00499	0.00163	0.00768	0.00400	0.00221	0.00752
3	0.01162	0.42622	0.33256	0.01079	0.01621	0.01543	0.01241	0.01497	0.01071	0.01392	0.01218	0.01314	0.07971	0.00539	0.00419	0.00137	0.00606	0.00392	0.00242	0.00677
4	0.01866	0.09942	0.01570	0.01280	0.01561	0.72594	0.00981	0.02001	0.01415	0.01251	0.00786	0.00916	0.00661	0.00520	0.00450	0.00130	0.00890	0.00325	0.00260	0.00601
5	0.00956	0.00478	0.00478	0.00478	0.00598	0.00478	0.00359	0.01196	0.01076	0.01913	0.01674	0.01913	0.01315	0.00598	0.00359	0.00120	0.00239	0.00478	0.84816	0.00478
6	0.01917	0.02445	0.01454	0.01322	0.01586	0.79907	0.00991	0.02049	0.01454	0.01256	0.00793	0.00925	0.00661	0.00529	0.00463	0.00132	0.00925	0.00330	0.00264	0.00595
7	0.00890	0.00723	0.01037	0.01356	0.24397	0.00709	0.00728	0.01029	0.01016	0.01392	0.12831	0.02939	0.09176	0.37934	0.01494	0.00314	0.00472	0.00716	0.00346	0.00500
8	0.00625	0.00447	0.00595	0.00714	0.00744	0.00417	0.00476	0.00714	0.00982	0.01310	0.02828	0.81633	0.03394	0.01608	0.00655	0.00208	0.00298	0.01459	0.00476	0.00417
9	0.01203	0.01441	0.06438	0.02131	0.02661	0.01293	0.73549	0.01643	0.01205	0.01643	0.01033	0.01371	0.00773	0.00435	0.00600	0.00173	0.00860	0.00595	0.00258	0.00695
10	0.00696	0.00532	0.00742	0.00795	0.00867	0.00512	0.03868	0.00891	0.05718	0.01414	0.06560	0.69251	0.03240	0.01471	0.00642	0.00202	0.00327	0.01340	0.00474	0.00457
11	0.00702	0.00524	0.00652	0.00620	0.00751	0.00474	0.00465	0.00921	0.01394	0.01919	0.63393	0.04061	0.20031	0.01101	0.00605	0.00164	0.00246	0.00960	0.00547	0.00474
12	0.00743	0.00508	0.00614	0.00614	0.00633	0.00527	0.00379	0.00781	0.00762	0.01035	0.01567	0.03081	0.01745	0.65871	0.18544	0.00565	0.00678	0.00706	0.00303	0.00341
13	0.01372	0.82276	0.02689	0.00878	0.01317	0.02030	0.00878	0.01536	0.01043	0.01207	0.00713	0.00823	0.00658	0.00439	0.00329	0.00110	0.00549	0.00274	0.00219	0.00658
14	0.01064	0.00912	0.01064	0.00760	0.01216	0.00684	0.00608	0.01292	0.01064	0.01672	0.00912	0.01064	0.00760	0.00380	0.00380	0.00076	0.00380	0.00304	0.00304	0.85104
15	0.01280	0.01383	0.05174	0.01961	0.02428	0.01314	0.60253	0.05724	0.01242	0.04768	0.01050	0.01356	0.00789	0.00496	0.00694	0.00176	0.08356	0.00572	0.00284	0.00699
16	0.40145	0.01660	0.01086	0.00983	0.01263	0.38881	0.00760	0.01734	0.01188	0.01785	0.05624	0.01065	0.00875	0.00537	0.00405	0.00146	0.00641	0.00344	0.00308	0.00570
17	0.10193	0.01097	0.05864	0.25838	0.02040	0.03874	0.03695	0.13381	0.01259	0.09034	0.01177	0.03417	0.00930	0.01152	0.14571	0.00281	0.00743	0.00482	0.00337	0.00637
18	0.85592	0.00992	0.00754	0.00675	0.00992	0.01151	0.00556	0.01508	0.00873	0.02302	0.00714	0.00834	0.00556	0.00476	0.00318	0.00159	0.00397	0.00278	0.00318	0.00556
19	0.01628	0.05351	0.12237	0.01004	0.01446	0.01041	0.00924	0.14959	0.07566	0.26931	0.05036	0.01501	0.01178	0.00578	0.00481	0.00142	0.00487	0.00460	0.00460	0.16591
20	0.76211	0.04885	0.00890	0.00726	0.01046	0.06317	0.00599	0.01545	0.00919	0.02183	0.00720	0.00839	0.00567	0.00478	0.00328	0.00155	0.00438	0.00281	0.00309	0.00563
21	0.01467	0.01647	0.02048	0.04969	0.28573	0.26833	0.18936	0.03523	0.01282	0.01540	0.00920	0.01182	0.00747	0.00497	0.00559	0.00154	0.03714	0.00450	0.00263	0.00697
22	0.43016	0.01048	0.01049	0.00851	0.01212	0.01121	0.00703	0.17377	0.01372	0.25867	0.01220	0.01193	0.00838	0.00553	0.00418	0.00158	0.00444	0.00388	0.00454	0.00718
23	0.00606	0.00520	0.00520	0.00520	0.00693	0.00433	0.00390	0.00736	0.01170	0.01386	0.05198	0.04938	0.78558	0.01299	0.00606	0.00173	0.00260	0.01083	0.00476	0.00433
24	0.85592	0.00992	0.00754	0.00675	0.00992	0.01151	0.00556	0.01508	0.00873	0.02302	0.00714	0.00834	0.00556	0.00476	0.00318	0.00159	0.00397	0.00278	0.00318	0.00556
25	0.01372	0.82276	0.02689	0.00878	0.01317	0.02030	0.00878	0.01536	0.01043	0.01207	0.00713	0.00823	0.00658	0.00439	0.00329	0.00110	0.00549	0.00274	0.00219	0.00658
26	0.00631	0.00500	0.00570	0.00621	0.00732	0.00446	0.00440	0.00774	0.02921	0.01369	0.04039	0.39973	0.42306	0.01426	0.00627	0.00189	0.00281	0.01243	0.00477	0.00435
27	0.01372	0.82276	0.02689	0.00878	0.01317	0.02030	0.00878	0.01536	0.01043	0.01207	0.00713	0.00823	0.00658	0.00439	0.00329	0.00110	0.00549	0.00274	0.00219	0.00658
28	0.18095	0.01072	0.01207	0.03030	0.06071	0.02780	0.00832	0.21724	0.05760	0.22452	0.03162	0.05683	0.01247	0.00680	0.00493	0.00164	0.00478	0.03851	0.00477	0.00741
29	0.00969	0.00912	0.01539	0.80734	0.03534	0.01140	0.01425	0.01311	0.01026	0.01311	0.00912	0.01368	0.00684	0.00513	0.00513	0.00171	0.00684	0.00456	0.00228	0.00570
30	0.00767	0.00503	0.00667	0.00700	0.00787	0.00463	0.00496	0.00922	0.01194	0.06359	0.32024	0.46677	0.03823	0.01332	0.00627	0.00187	0.00285	0.01196	0.00520	0.00471
31	0.85592	0.00992	0.00754	0.00675	0.00992	0.01151	0.00556	0.01508	0.00873	0.02302	0.00714	0.00834	0.00556	0.00476	0.00318	0.00159	0.00397	0.00278	0.00318	0.00556
32	0.01224	0.01163	0.01657	0.24510	0.31068	0.07150	0.02664	0.02949	0.03784	0.03012	0.01030	0.01369	0.00837	0.00501	0.00493	0.00148	0.00611	0.02031	0.00281	0.13518
33	0.00616	0.00484	0.00557	0.00615	0.00718	0.00425	0.00432	0.00726	0.01078	0.01349	0.04041	0.42369	0.41874	0.01450	0.00630	0.00190	0.00278	0.01266	0.00476	0.00425
34	0.25007	0.01282	0.01371	0.25223	0.14012	0.15243	0.01076	0.05255	0.01151	0.01744	0.00859	0.01106	0.00676	0.00497	0.00444	0.00154	0.00618	0.00379	0.00280	0.03624
35	0.00674	0.00522	0.00614	0.00591	0.00735	0.00462	0.00443	0.00868	0.01330	0.01767	0.46820	0.04310	0.36699	0.01157	0.00606	0.00167	0.00250	0.00995	0.00527	0.00462
36	0.04119	0.01032	0.01243	0.00985	0.01363	0.01031	0.00804	0.17347	0.16341	0.47290	0.01846	0.01654	0.01230	0.00639	0.00512	0.00161	0.00455	0.00512	0.00581	0.00853
37	0.09201	0.06216	0.05574	0.01869	0.32306	0.03196	0.01157	0.02006	0.29495	0.01867	0.01335	0.01422	0.01046	0.00550	0.00482	0.00158	0.00526	0.00468	0.00355	0.00771
38	0.01725	0.08165	0.01526	0.01354	0.06225	0.61824	0.00986	0.01875	0.01347	0.01272	0.00852	0.01041	0.00728	0.00829	0.07919	0.00197	0.00920	0.00355	0.00261	0.00600
39	0.01992	0.01061	0.01200	0.00960	0.01312	0.08273	0.00773	0.13162	0.01562	0.49523	0.05704	0.06565	0.01450	0.00695	0.00519	0.00156	0.00481	0.00563	0.00559	0.03489

[dist]
# distance from previous block
# <min> <max>
0	2

[block]
# block no. 6 follows, 48 sequences, length 34
# corresponding to MSA columns:
# 467-500
name=unknown_G
#
# <colnr> <probs for GDERKNQSTAVLIFYWHMCP>
#	G	D	E	R	K	N	Q	S	T	A	V	L	I	F	Y	W	H	M	C	P
0	0.01172	0.01146	0.03392	0.29937	0.15545	0.01206	0.18438	0.07496	0.08970	0.01727	0.04997	0.01518	0.01040	0.00538	0.00538	0.00167	0.00654	0.00525	0.00308	0.00686
1	0.01395	0.01264	0.01505	0.03993	0.07273	0.12639	0.11481	0.22851	0.03748	0.03070	0.10305	0.06730	0.02911	0.06133	0.00684	0.00184	0.00595	0.02169	0.00403	0.00664
2	0.01335	0.01424	0.10278	0.02725	0.10810	0.08994	0.12582	0.09735	0.01301	0.04785	0.01004	0.01175	0.00778	0.00462	0.00472	0.00128	0.00605	0.00407	0.00312	0.30689
3	0.01174	0.01026	0.03670	0.01423	0.03895	0.00964	0.31059	0.06003	0.01197	0.09421	0.06522	0.05921	0.01435	0.10148	0.13448	0.00310	0.00764	0.00649	0.00351	0.00619
4	0.01067	0.00974	0.01499	0.44659	0.15019	0.01041	0.01218	0.03187	0.01093	0.01514	0.00928	0.01267	0.00730	0.00471	0.00476	0.00142	0.00587	0.00415	0.00260	0.23454
