[name]
unknown

[dist]
# distance from previous block
# <min> <max>
0	416

[block]
# block no. 0 follows, 48 sequences, length 9
# corresponding to MSA columns:
# 494-502
name=unknown_A
#
# <colnr> <probs for GDERKNQSTAVLIFYWHMCP>
#	G	D	E	R	K	N	Q	S	T	A	V	L	I	F	Y	W	H	M	C	P
0	0.01450	0.00909	0.01365	0.29395	0.05762	0.00962	0.03402	0.08150	0.01308	0.25618	0.01607	0.07493	0.01310	0.00723	0.00546	0.00174	0.00551	0.08168	0.00423	0.00685
1	0.01180	0.01252	0.07447	0.09767	0.41125	0.01152	0.18645	0.01531	0.01150	0.01655	0.01046	0.01358	0.00833	0.00473	0.00514	0.00156	0.00647	0.00488	0.08857	0.00725
2	0.01664	0.02024	0.01492	0.01330	0.01510	0.54945	0.01033	0.01790	0.01241	0.01249	0.00755	0.00988	0.00665	0.00646	0.00852	0.00162	0.26450	0.00368	0.00252	0.00584
3	0.00905	0.00630	0.00928	0.00831	0.01005	0.00571	0.08563	0.01087	0.01209	0.10540	0.21507	0.27768	0.17953	0.03254	0.00663	0.00188	0.00358	0.01037	0.00489	0.00516
4	0.01614	0.05854	0.29294	0.01394	0.07157	0.01066	0.09268	0.01984	0.01261	0.33925	0.01386	0.01391	0.00934	0.00539	0.00505	0.00159	0.00614	0.00460	0.00398	0.00798
5	0.01588	0.00977	0.01331	0.01437	0.19119	0.00973	0.00927	0.10007	0.12631	0.28224	0.07157	0.10192	0.01640	0.00733	0.00536	0.00164	0.00457	0.00635	0.00496	0.00775
6	0.09049	0.00783	0.01011	0.00835	0.01141	0.00709	0.00667	0.01986	0.01341	0.52774	0.09818	0.14095	0.01897	0.00812	0.00529	0.00167	0.00392	0.00682	0.00576	0.00737
7	0.01200	0.01359	0.10050	0.11888	0.48407	0.01221	0.15209	0.01561	0.01151	0.01622	0.00968	0.01283	0.00775	0.00462	0.00524	0.00159	0.00680	0.00476	0.00248	0.00757
8	0.01212	0.01362	0.10293	0.09541	0.56272	0.01218	0.09454	0.01565	0.01152	0.01636	0.00964	0.01271	0.00781	0.00463	0.00516	0.00157	0.00658	0.00464	0.00248	0.00774

[dist]
# distance from previous block
# <min> <max>
13	30

[block]
# block no. 1 follows, 48 sequences, length 17
# corresponding to MSA columns:
# 541-557
name=unknown_B
#
# <colnr> <probs for GDERKNQSTAVLIFYWHMCP>
#	G	D	E	R	K	N	Q	S	T	A	V	L	I	F	Y	W	H	M	C	P
0	0.04018	0.00879	0.09716	0.01020	0.06894	0.00698	0.00776	0.05974	0.01155	0.08453	0.03885	0.47011	0.05108	0.01181	0.00589	0.00187	0.00404	0.01047	0.00443	0.00562
1	0.01442	0.31804	0.08313	0.00959	0.01348	0.10228	0.00886	0.05374	0.05697	0.12282	0.06834	0.01597	0.06965	0.00609	0.00446	0.00137	0.00537	0.00458	0.00360	0.03724
2	0.07498	0.07551	0.39434	0.01202	0.01720	0.03206	0.01322	0.04133	0.18378	0.01768	0.01198	0.01313	0.00910	0.00819	0.07188	0.00216	0.00687	0.00425	0.00308	0.00722
3	0.01338	0.08130	0.02001	0.13580	0.32070	0.07551	0.12021	0.05949	0.05378	0.03757	0.01052	0.01294	0.00831	0.00496	0.00502	0.00154	0.00651	0.00461	0.02055	0.00728
4	0.01435	0.06795	0.01739	0.01732	0.21777	0.11736	0.04038	0.14114	0.12189	0.01842	0.02741	0.01313	0.00960	0.00614	0.00703	0.00164	0.14585	0.00461	0.00335	0.00728
5	0.00700	0.00628	0.00825	0.00845	0.06331	0.00552	0.06238	0.00862	0.01157	0.01419	0.04387	0.10897	0.60890	0.01201	0.00604	0.00175	0.00333	0.01035	0.00445	0.00478
6	0.00621	0.00463	0.00578	0.00670	0.00732	0.00421	0.00456	0.00719	0.01025	0.01327	0.03373	0.63990	0.20684	0.01537	0.00644	0.00200	0.00289	0.01372	0.00476	0.00421
7	0.24971	0.23219	0.14063	0.01303	0.10337	0.03242	0.07453	0.01651	0.06433	0.01738	0.00901	0.01045	0.00720	0.00479	0.00411	0.00147	0.00572	0.00364	0.00276	0.00675
8	0.07446	0.12939	0.04307	0.01053	0.01407	0.01312	0.04621	0.32443	0.04323	0.08509	0.01471	0.15181	0.01301	0.00743	0.00502	0.00160	0.00510	0.00608	0.00437	0.00725
9	0.00662	0.00475	0.00628	0.00689	0.00752	0.00441	0.00479	0.00807	0.01154	0.01583	0.30494	0.53187	0.03923	0.01403	0.00637	0.00191	0.00277	0.01265	0.00509	0.00441
10	0.00706	0.00506	0.00685	0.00718	0.00767	0.00537	0.00501	0.00811	0.00847	0.01169	0.01852	0.24775	0.02042	0.25404	0.35691	0.00558	0.00823	0.00861	0.00342	0.00405
11	0.01232	0.01279	0.06239	0.08864	0.66446	0.01214	0.04086	0.01560	0.01154	0.01645	0.00961	0.01271	0.00793	0.00462	0.00510	0.00155	0.00632	0.00458	0.00250	0.00788
12	0.01599	0.02059	0.08072	0.01341	0.01567	0.49307	0.01108	0.01764	0.01218	0.01281	0.00767	0.00999	0.00664	0.00638	0.00838	0.00163	0.25397	0.00371	0.00248	0.00598
13	0.00733	0.00550	0.00825	0.00825	0.00916	0.00641	0.00641	0.00916	0.00825	0.01191	0.01374	0.02016	0.01283	0.03848	0.79934	0.00825	0.01374	0.00550	0.00275	0.00458
14	0.04520	0.05428	0.01971	0.05899	0.15481	0.18240	0.18510	0.07799	0.01291	0.05813	0.00968	0.01196	0.00763	0.00539	0.00632	0.00160	0.09351	0.00451	0.00295	0.00690
15	0.44400	0.07576	0.01124	0.00930	0.06674	0.01130	0.00695	0.07423	0.01083	0.04942	0.00950	0.03865	0.00798	0.02448	0.00431	0.00150	0.00435	0.00371	0.00336	0.14238
16	0.07386	0.14303	0.03222	0.09106	0.01477	0.12599	0.00839	0.07390	0.07841	0.10091	0.03803	0.02943	0.11178	0.00669	0.00472	0.00149	0.00526	0.00517	0.02662	0.02828

[dist]
# distance from previous block
# <min> <max>
1	14

[block]
# block no. 2 follows, 48 sequences, length 13
# corresponding to MSA columns:
# 572-584
name=unknown_C
#
# <colnr> <probs for GDERKNQSTAVLIFYWHMCP>
#	G	D	E	R	K	N	Q	S	T	A	V	L	I	F	Y	W	H	M	C	P
0	0.03288	0.04131	0.01339	0.01260	0.11797	0.05715	0.00890	0.11470	0.08848	0.18576	0.06780	0.01997	0.09094	0.00724	0.00619	0.00162	0.07621	0.02146	0.00443	0.03098
1	0.01237	0.47075	0.03557	0.00977	0.01323	0.07357	0.06477	0.01415	0.01094	0.02992	0.01381	0.15643	0.04284	0.00718	0.00446	0.00142	0.00544	0.02436	0.00297	0.00606
2	0.01079	0.00703	0.01020	0.00886	0.01084	0.00673	0.07237	0.01349	0.04686	0.15950	0.32977	0.14640	0.07607	0.01009	0.00639	0.00175	0.03527	0.03667	0.00514	0.00578
3	0.22944	0.01096	0.01353	0.01112	0.03766	0.06861	0.10370	0.03924	0.01272	0.36486	0.01398	0.01394	0.00960	0.00698	0.03981	0.00188	0.00567	0.00452	0.00450	0.00730
4	0.01132	0.01078	0.01833	0.38743	0.44252	0.01183	0.01506	0.01454	0.01103	0.01509	0.00941	0.01315	0.00754	0.00483	0.00510	0.00161	0.00644	0.00457	0.00242	0.00701
5	0.01168	0.01008	0.01057	0.00959	0.01231	0.01140	0.00744	0.02405	0.65438	0.02023	0.02591	0.02403	0.14020	0.00794	0.00536	0.00174	0.00382	0.00661	0.00515	0.00751
6	0.01689	0.01252	0.04149	0.01459	0.01904	0.01192	0.29037	0.17580	0.09054	0.25008	0.01470	0.01504	0.01018	0.00558	0.00548	0.00165	0.00628	0.00540	0.00448	0.00797
7	0.03642	0.03356	0.23797	0.01321	0.01792	0.01246	0.13422	0.08683	0.27339	0.04306	0.04813	0.01556	0.01203	0.00589	0.00518	0.00166	0.00591	0.00515	0.00385	0.00759
8	0.00741	0.00517	0.00657	0.00657	0.00691	0.00550	0.00433	0.00809	0.00775	0.01067	0.01527	0.02864	0.01651	0.53202	0.31084	0.00618	0.00820	0.00674	0.00298	0.00365
9	0.00658	0.00460	0.00586	0.00672	0.00694	0.00439	0.00431	0.00723	0.00918	0.01224	0.02498	0.60283	0.02977	0.23526	0.01189	0.00287	0.00352	0.01264	0.00431	0.00388
10	0.01111	0.09582	0.51189	0.01603	0.02266	0.01298	0.22565	0.01622	0.01115	0.01592	0.00934	0.01143	0.00686	0.00468	0.00506	0.00161	0.00769	0.00432	0.00229	0.00731
11	0.09519	0.02151	0.01393	0.01246	0.01516	0.61835	0.00951	0.07261	0.03574	0.01515	0.00848	0.00974	0.00692	0.00550	0.00504	0.00141	0.04078	0.00347	0.00292	0.00616
12	0.07045	0.00941	0.08044	0.00883	0.01137	0.00836	0.00739	0.01682	0.23220	0.11553	0.09105	0.24154	0.06614	0.00973	0.00553	0.00178	0.00388	0.00836	0.00483	0.00636

[dist]
# distance from previous block
# <min> <max>
0	4

[block]
# block no. 3 follows, 48 sequences, length 47
# corresponding to MSA columns:
# 589-635
name=unknown_D
#
# <colnr> <probs for GDERKNQSTAVLIFYWHMCP>
#	G	D	E	R	K	N	Q	S	T	A	V	L	I	F	Y	W	H	M	C	P
0	0.02025	0.01589	0.01357	0.01128	0.01471	0.30633	0.00891	0.17216	0.06302	0.30100	0.01408	0.01346	0.00980	0.00595	0.00496	0.00149	0.00644	0.00440	0.00465	0.00765
1	0.02067	0.00817	0.01111	0.00879	0.01230	0.00710	0.00715	0.02261	0.01432	0.67915	0.07647	0.07646	0.01683	0.00735	0.00532	0.00163	0.00412	0.00614	0.00619	0.00812
2	0.01144	0.12696	0.01255	0.00914	0.01181	0.01175	0.00735	0.02087	0.46438	0.01987	0.22183	0.02266	0.02305	0.00753	0.00516	0.00161	0.00383	0.00628	0.00490	0.00703
3	0.00956	0.00478	0.00478	0.00478	0.00598	0.00478	0.00359	0.01196	0.01076	0.01913	0.01674	0.01913	0.01315	0.00598	0.00359	0.00120	0.00239	0.00478	0.84816	0.00478
4	0.00630	0.00450	0.00600	0.00711	0.00745	0.00420	0.00477	0.00727	0.01006	0.01347	0.06612	0.77742	0.03466	0.01580	0.00652	0.00206	0.00295	0.01432	0.00481	0.00420
5	0.00606	0.00520	0.00520	0.00520	0.00693	0.00433	0.00390	0.00736	0.01170	0.01386	0.05198	0.04938	0.78558	0.01299	0.00606	0.00173	0.00260	0.01083	0.00476	0.00433
6	0.00956	0.00478	0.00478	0.00478	0.00598	0.00478	0.00359	0.01196	0.01076	0.01913	0.01674	0.01913	0.01315	0.00598	0.00359	0.00120	0.00239	0.00478	0.84816	0.00478
7	0.00606	0.00520	0.00520	0.00520	0.00693	0.00433	0.00390	0.00736	0.01170	0.01386	0.05198	0.04938	0.78558	0.01299	0.00606	0.00173	0.00260	0.01083	0.00476	0.00433
8	0.47366	0.01275	0.15511	0.12437	0.01627	0.01108	0.00955	0.01624	0.01008	0.11510	0.00943	0.01070	0.00680	0.00503	0.00402	0.00161	0.00510	0.00352	0.00325	0.00635
9	0.03372	0.01291	0.01480	0.01187	0.01556	0.01435	0.06427	0.40378	0.32346	0.02665	0.01548	0.01507	0.01136	0.00632	0.00519	0.00163	0.00520	0.00516	0.00494	0.00829
10	0.00683	0.00523	0.00625	0.00600	0.00740	0.00466	0.00450	0.00884	0.01349	0.01813	0.51766	0.04236	0.31724	0.01140	0.00606	0.00166	0.00249	0.00984	0.00533	0.00466
11	0.01161	0.01108	0.01886	0.31242	0.51526	0.01190	0.01521	0.01479	0.01117	0.01544	0.00946	0.01305	0.00766	0.00477	0.00510	0.00159	0.00637	0.00457	0.00245	0.00725
12	0.01111	0.00988	0.01539	0.69221	0.03253	0.01205	0.01360	0.12273	0.01227	0.01589	0.00958	0.01348	0.00711	0.00528	0.00513	0.00169	0.00667	0.00457	0.00269	0.00614
13	0.01566	0.00912	0.01156	0.01051	0.06826	0.00903	0.00773	0.16210	0.07799	0.27756	0.26603	0.02304	0.02343	0.00758	0.00544	0.00159	0.00408	0.00640	0.00552	0.00738
14	0.01284	0.55810	0.25834	0.01068	0.01598	0.04094	0.01189	0.01578	0.01067	0.01335	0.00778	0.00905	0.00656	0.00456	0.00381	0.00126	0.00623	0.00308	0.00220	0.00687
15	0.01609	0.01050	0.01458	0.19148	0.13573	0.01099	0.01067	0.19605	0.01489	0.23537	0.01334	0.01451	0.00952	0.00760	0.05343	0.00196	0.00603	0.00473	0.00420	0.04834
16	0.00610	0.00520	0.00525	0.00524	0.00695	0.00435	0.00393	0.00744	0.01179	0.01408	0.07569	0.04902	0.76174	0.01291	0.00606	0.00173	0.00259	0.01078	0.00479	0.00435
17	0.00887	0.00447	0.00666	0.00666	0.00666	0.00447	0.00442	0.00671	0.00671	0.00894	0.00911	0.01608	0.00917	0.03923	0.02022	0.82814	0.00447	0.00454	0.00225	0.00225
18	0.01838	0.01455	0.01472	0.01169	0.01549	0.07175	0.00950	0.59577	0.14604	0.02915	0.01340	0.01321	0.00970	0.00623	0.00511	0.00156	0.00565	0.00472	0.00497	0.00843
19	0.00956	0.00478	0.00478	0.00478	0.00598	0.00478	0.00359	0.01196	0.01076	0.01913	0.01674	0.01913	0.01315	0.00598	0.00359	0.00120	0.00239	0.00478	0.84816	0.00478
20	0.13886	0.06362	0.15252	0.05569	0.24069	0.01282	0.07692	0.08371	0.03796	0.03242	0.00992	0.01193	0.00771	0.00508	0.00512	0.00158	0.03347	0.00424	0.01849	0.00725
21	0.01673	0.01301	0.01493	0.01318	0.07084	0.06184	0.01006	0.34544	0.07184	0.10902	0.01219	0.01322	0.00919	0.00765	0.03129	0.00190	0.18109	0.00468	0.00424	0.00767
22	0.00956	0.00478	0.00478	0.00478	0.00598	0.00478	0.00359	0.01196	0.01076	0.01913	0.01674	0.01913	0.01315	0.00598	0.00359	0.00120	0.00239	0.00478	0.84816	0.00478
23	0.00734	0.00547	0.00811	0.00811	0.00898	0.00634	0.00625	0.00908	0.00821	0.01181	0.01387	0.02083	0.01312	0.07764	0.76058	0.00808	0.01330	0.00560	0.00277	0.00451
24	0.01076	0.00761	0.00727	0.00697	0.00864	0.05522	0.00526	0.01620	0.21480	0.01892	0.01813	0.07589	0.01492	0.00692	0.00430	0.00141	0.00329	0.00567	0.51211	0.00570
25	0.00756	0.00522	0.00600	0.00590	0.00626	0.00502	0.00350	0.00782	0.00794	0.01077	0.01693	0.11421	0.01947	0.67650	0.02245	0.00437	0.00468	0.00789	0.00328	0.06423
26	0.00746	0.00497	0.00560	0.00560	0.00560	0.00497	0.00311	0.00746	0.00746	0.00995	0.01617	0.03358	0.01865	0.81967	0.02612	0.00497	0.00497	0.00746	0.00311	0.00311
27	0.01123	0.01123	0.01572	0.01347	0.01347	0.01572	0.01123	0.01235	0.00786	0.01235	0.00674	0.01123	0.00674	0.00898	0.01684	0.00225	0.81028	0.00449	0.00225	0.00561
28	0.00624	0.00452	0.00590	0.00700	0.00741	0.00418	0.00470	0.00716	0.00996	0.01315	0.03001	0.76052	0.08863	0.01585	0.00651	0.00206	0.00295	0.01431	0.00476	0.00418
29	0.01396	0.01603	0.01157	0.02604	0.02633	0.44555	0.00863	0.01545	0.01285	0.01328	0.01612	0.19969	0.01703	0.00935	0.00553	0.00170	0.00691	0.14514	0.00350	0.00535
30	0.00956	0.00478	0.00478	0.00478	0.00598	0.00478	0.00359	0.01196	0.01076	0.01913	0.01674	0.01913	0.01315	0.00598	0.00359	0.00120	0.00239	0.00478	0.84816	0.00478
31	0.00608	0.00515	0.00524	0.00532	0.00696	0.00432	0.00395	0.00735	0.01158	0.01381	0.05054	0.09608	0.73982	0.01318	0.00609	0.00175	0.00262	0.01106	0.00476	0.00432
32	0.01170	0.01275	0.02666	0.14728	0.07490	0.01246	0.58203	0.01575	0.01175	0.01599	0.01030	0.01388	0.00779	0.00451	0.00578	0.00170	0.00804	0.00569	0.02428	0.00675
33	0.01013	0.00956	0.01618	0.69506	0.14422	0.01151	0.01447	0.01349	0.01047	0.01364	0.00920	0.01354	0.00703	0.00505	0.00512	0.00168	0.00673	0.00456	0.00232	0.00605
34	0.00891	0.00446	0.00668	0.00668	0.00668	0.00446	0.00446	0.00668	0.00668	0.00891	0.00891	0.01560	0.00891	0.01783	0.02005	0.85071	0.00446	0.00446	0.00223	0.00223
35	0.02302	0.00873	0.01191	0.00913	0.01310	0.00754	0.00754	0.02501	0.01469	0.79122	0.02024	0.01746	0.01270	0.00635	0.00516	0.00159	0.00437	0.00516	0.00635	0.00873
36	0.01877	0.02371	0.01492	0.01433	0.06286	0.75116	0.01027	0.02020	0.01437	0.01281	0.00804	0.00946	0.00670	0.00524	0.00465	0.00133	0.00906	0.00338	0.00264	0.00608
37	0.01372	0.82276	0.02689	0.00878	0.01317	0.02030	0.00878	0.01536	0.01043	0.01207	0.00713	0.00823	0.00658	0.00439	0.00329	0.00110	0.00549	0.00274	0.00219	0.00658
38	0.01907	0.01414	0.01540	0.04724	0.01678	0.01571	0.00995	0.73682	0.02351	0.03148	0.01218	0.01238	0.00864	0.00611	0.00513	0.00155	0.00570	0.00462	0.00501	0.00859
39	0.00762	0.00564	0.00738	0.00811	0.00940	0.00540	0.00683	0.00972	0.01206	0.01558	0.12056	0.06987	0.19892	0.01353	0.00673	0.00213	0.00395	0.48708	0.00484	0.00464
40	0.01647	0.01062	0.01169	0.01007	0.01300	0.06657	0.00835	0.26310	0.01666	0.21301	0.01846	0.02668	0.01573	0.00839	0.00554	0.00174	0.00509	0.21522	0.06648	0.00712
41	0.01069	0.01116	0.02298	0.01750	0.02132	0.01054	0.52396	0.01425	0.01183	0.01588	0.01588	0.09738	0.01518	0.00767	0.00634	0.00191	0.00723	0.17885	0.00328	0.00616
42	0.01077	0.00936	0.01548	0.04858	0.33148	0.00940	0.07114	0.01346	0.01164	0.03879	0.01863	0.05612	0.05781	0.00876	0.00623	0.00188	0.02620	0.25428	0.00356	0.00643
43	0.01152	0.01099	0.01870	0.33555	0.49282	0.01188	0.01516	0.01471	0.01113	0.01533	0.00944	0.01308	0.00762	0.00479	0.00510	0.00160	0.00639	0.00457	0.00244	0.00718
44	0.01027	0.00593	0.00755	0.00712	0.00891	0.00531	0.00553	0.01212	0.01299	0.17988	0.27274	0.14189	0.21148	0.01133	0.00604	0.00178	0.00318	0.08515	0.00538	0.00544
45	0.01312	0.01287	0.01757	0.03229	0.28378	0.11394	0.09748	0.08025	0.01188	0.01570	0.00968	0.01386	0.00852	0.06576	0.00965	0.06300	0.13661	0.00477	0.00275	0.00652
46	0.03262	0.01114	0.04272	0.01169	0.01410	0.03198	0.05558	0.06242	0.07298	0.23130	0.01310	0.01457	0.00988	0.00937	0.06684	0.00230	0.27757	0.00487	0.02808	0.00692

[dist]
# distance from previous block
# <min> <max>
3	9

[block]
# block no. 4 follows, 48 sequences, length 12
# corresponding to MSA columns:
# 645-656
name=unknown_E
#
# <colnr> <probs for GDERKNQSTAVLIFYWHMCP>
#	G	D	E	R	K	N	Q	S	T	A	V	L	I	F	Y	W	H	M	C	P
0	0.05406	0.01583	0.22786	0.01627	0.02157	0.01141	0.39014	0.01553	0.03229	0.01663	0.01409	0.01611	0.08189	0.00536	0.00543	0.00164	0.00713	0.00555	0.00282	0.05840
1	0.85592	0.00992	0.00754	0.00675	0.00992	0.01151	0.00556	0.01508	0.00873	0.02302	0.00714	0.00834	0.00556	0.00476	0.00318	0.00159	0.00397	0.00278	0.00318	0.00556
2	0.00840	0.00708	0.01030	0.00969	0.01035	0.00898	0.00774	0.01004	0.00814	0.01203	0.01181	0.01770	0.01115	0.03036	0.58379	0.00659	0.23316	0.00522	0.00261	0.00487
3	0.00733	0.00550	0.00825	0.00825	0.00916	0.00641	0.00641	0.00916	0.00825	0.01191	0.01374	0.02016	0.01283	0.03848	0.79934	0.00825	0.01374	0.00550	0.00275	0.00458
4	0.01793	0.09927	0.01539	0.01248	0.01532	0.63642	0.00960	0.02076	0.09983	0.01351	0.00931	0.01026	0.00762	0.00539	0.00457	0.00135	0.00831	0.00353	0.00289	0.00625
5	0.01565	0.01812	0.01496	0.01317	0.01478	0.41740	0.01039	0.04398	0.03923	0.01349	0.00805	0.01053	0.00706	0.00691	0.00975	0.00173	0.34222	0.00393	0.00266	0.00598
6	0.00892	0.00762	0.01190	0.19204	0.01702	0.00807	0.09644	0.05004	0.05812	0.01531	0.04260	0.38970	0.02251	0.01089	0.00603	0.00191	0.00479	0.04670	0.00401	0.00536
7	0.85592	0.00992	0.00754	0.00675	0.00992	0.01151	0.00556	0.01508	0.00873	0.02302	0.00714	0.00834	0.00556	0.00476	0.00318	0.00159	0.00397	0.00278	0.00318	0.00556
8	0.00978	0.02165	0.58835	0.01360	0.01989	0.01068	0.07793	0.01486	0.01133	0.01640	0.07926	0.01710	0.08465	0.00608	0.00519	0.00164	0.00676	0.00512	0.00275	0.00699
9	0.00738	0.00528	0.00714	0.00714	0.00768	0.00581	0.00504	0.00845	0.00792	0.01109	0.01475	0.02574	0.01525	0.36357	0.47757	0.00688	0.01009	0.00631	0.00290	0.00397
10	0.00695	0.00523	0.00642	0.00612	0.00747	0.00471	0.00459	0.00907	0.01378	0.01881	0.59192	0.04124	0.24256	0.01115	0.00606	0.00165	0.00247	0.00969	0.00542	0.00471
11	0.01150	0.00970	0.01238	0.01047	0.08688	0.00782	0.03018	0.03556	0.01129	0.03976	0.00963	0.01118	0.00784	0.00403	0.00407	0.00091	0.00424	0.00338	0.00314	0.69605

[dist]
# distance from previous block
# <min> <max>
0	1

[block]
# block no. 5 follows, 48 sequences, length 123
# corresponding to MSA columns:
# 658-712,714-781
name=unknown_F
#
# <colnr> <probs for GDERKNQSTAVLIFYWHMCP>
#	G	D	E	R	K	N	Q	S	T	A	V	L	I	F	Y	W	H	M	C	P
0	0.01270	0.01216	0.02057	0.03091	0.76618	0.01221	0.01554	0.01607	0.03296	0.01689	0.00996	0.01288	0.00834	0.00464	0.00508	0.00153	0.00604	0.00461	0.00261	0.00813
1	0.01076	0.00996	0.01535	0.35345	0.21057	0.01045	0.01212	0.01366	0.01061	0.01501	0.00915	0.01246	0.00737	0.00477	0.00523	0.00141	0.03984	0.00412	0.00256	0.25114
2	0.01432	0.04922	0.09618	0.01631	0.14663	0.04410	0.19449	0.01788	0.03968	0.18948	0.06474	0.01610	0.02824	0.00557	0.00523	0.00155	0.00606	0.00525	0.00373	0.05525
3	0.00981	0.00882	0.01427	0.12690	0.38250	0.00899	0.01120	0.01206	0.01079	0.01480	0.01758	0.27143	0.05124	0.02896	0.00612	0.00182	0.00502	0.00812	0.00333	0.00624
4	0.01781	0.04672	0.01452	0.05400	0.01585	0.10064	0.00908	0.38777	0.01825	0.13539	0.01208	0.01236	0.00870	0.00559	0.00479	0.00139	0.00563	0.00422	0.00443	0.14077
5	0.00697	0.00487	0.00639	0.00695	0.00769	0.00450	0.00490	0.00841	0.01151	0.03239	0.26330	0.50680	0.06971	0.01396	0.00636	0.00192	0.00286	0.03094	0.00507	0.00450
6	0.01103	0.01071	0.01559	0.01377	0.04630	0.01406	0.05443	0.02983	0.00893	0.01346	0.04275	0.01417	0.00960	0.05346	0.03941	0.00247	0.60682	0.00499	0.00256	0.00567
7	0.00891	0.00446	0.00668	0.00668	0.00668	0.00446	0.00446	0.00668	0.00668	0.00891	0.00891	0.01560	0.00891	0.01783	0.02005	0.85071	0.00446	0.00446	0.00223	0.00223
8	0.01230	0.32382	0.01457	0.00713	0.00989	0.01207	0.00630	0.09877	0.01214	0.01787	0.01251	0.01413	0.01010	0.00538	0.00365	0.00120	0.00396	0.00397	0.42432	0.00593
9	0.00956	0.00478	0.00478	0.00478	0.00598	0.00478	0.00359	0.01196	0.01076	0.01913	0.01674	0.01913	0.01315	0.00598	0.00359	0.00120	0.00239	0.00478	0.84816	0.00478
10	0.01064	0.00912	0.01064	0.00760	0.01216	0.00684	0.00608	0.01292	0.01064	0.01672	0.00912	0.01064	0.00760	0.00380	0.00380	0.00076	0.00380	0.00304	0.00304	0.85104
11	0.01270	0.01385	0.02615	0.02459	0.28978	0.05540	0.46687	0.01642	0.01209	0.01634	0.01000	0.01320	0.00784	0.00446	0.00564	0.00164	0.00780	0.00539	0.00258	0.00729
12	0.00956	0.00478	0.00478	0.00478	0.00598	0.00478	0.00359	0.01196	0.01076	0.01913	0.01674	0.01913	0.01315	0.00598	0.00359	0.00120	0.00239	0.00478	0.84816	0.00478
13	0.00969	0.00912	0.01539	0.80734	0.03534	0.01140	0.01425	0.01311	0.01026	0.01311	0.00912	0.01368	0.00684	0.00513	0.00513	0.00171	0.00684	0.00456	0.00228	0.00570
14	0.01072	0.00996	0.01620	0.40176	0.25110	0.01128	0.02965	0.01463	0.06901	0.01487	0.01149	0.01717	0.00973	0.04024	0.00644	0.00185	0.02622	0.04845	0.00276	0.00645
15	0.01173	0.36168	0.47058	0.01216	0.01840	0.01545	0.01467	0.01588	0.01066	0.01449	0.00833	0.00974	0.00654	0.00467	0.00421	0.00140	0.00670	0.00335	0.00218	0.00716
16	0.00735	0.00542	0.00786	0.00786	0.00865	0.00621	0.00594	0.00892	0.00813	0.01163	0.01409	0.02209	0.01367	0.15099	0.68798	0.00778	0.01248	0.00578	0.00280	0.00437
17	0.06636	0.01536	0.20610	0.01688	0.06271	0.01162	0.34570	0.03193	0.04644	0.05417	0.02767	0.05270	0.01017	0.00548	0.00541	0.00168	0.00695	0.00560	0.02005	0.00701
18	0.01046	0.05295	0.01111	0.00764	0.01181	0.00746	0.00613	0.01285	0.02695	0.01626	0.01150	0.06595	0.02658	0.00493	0.00404	0.00091	0.00382	0.00403	0.00319	0.71144
19	0.02611	0.08989	0.23475	0.01129	0.01577	0.06886	0.04212	0.06371	0.07481	0.17588	0.13008	0.01685	0.01505	0.00623	0.00502	0.00155	0.00567	0.00506	0.00404	0.00725
20	0.01172	0.26058	0.52737	0.01288	0.01933	0.02897	0.02697	0.01623	0.01087	0.02876	0.00879	0.01020	0.00666	0.00476	0.00443	0.00146	0.00696	0.00353	0.00226	0.00727
21	0.00959	0.00886	0.01339	0.16319	0.31292	0.00902	0.01056	0.01254	0.04398	0.01529	0.04051	0.02720	0.29631	0.00800	0.00548	0.00165	0.00478	0.00702	0.00349	0.00621
22	0.01064	0.00912	0.01064	0.00760	0.01216	0.00684	0.00608	0.01292	0.01064	0.01672	0.00912	0.01064	0.00760	0.00380	0.00380	0.00076	0.00380	0.00304	0.00304	0.85104
23	0.01310	0.01051	0.01425	0.32069	0.02268	0.01207	0.04286	0.09081	0.30772	0.08844	0.01500	0.01600	0.01098	0.00601	0.00521	0.00170	0.00551	0.00516	0.00406	0.00724
24	0.01202	0.01216	0.03786	0.02652	0.03389	0.02950	0.21580	0.01680	0.15534	0.03698	0.01134	0.01411	0.00923	0.00854	0.05293	0.00226	0.30989	0.00520	0.00306	0.00658
25	0.00733	0.00550	0.00825	0.00825	0.00916	0.00641	0.00641	0.00916	0.00825	0.01191	0.01374	0.02016	0.01283	0.03848	0.79934	0.00825	0.01374	0.00550	0.00275	0.00458
26	0.01230	0.05667	0.45878	0.01459	0.07084	0.18761	0.01508	0.01644	0.01145	0.01486	0.00930	0.01140	0.00725	0.00818	0.08159	0.00217	0.00836	0.00386	0.00236	0.00692
27	0.00956	0.00478	0.00478	0.00478	0.00598	0.00478	0.00359	0.01196	0.01076	0.01913	0.01674	0.01913	0.01315	0.00598	0.00359	0.00120	0.00239	0.00478	0.84816	0.00478
28	0.00745	0.00500	0.00574	0.00574	0.00579	0.00505	0.00329	0.00755	0.00750	0.01006	0.01604	0.03285	0.01834	0.77725	0.06811	0.00515	0.00545	0.00736	0.00309	0.00319
29	0.00956	0.00478	0.00478	0.00478	0.00598	0.00478	0.00359	0.01196	0.01076	0.01913	0.01674	0.01913	0.01315	0.00598	0.00359	0.00120	0.00239	0.00478	0.84816	0.00478
30	0.71644	0.01014	0.02951	0.04095	0.04413	0.01115	0.00666	0.01463	0.00904	0.02163	0.00854	0.05269	0.00729	0.00539	0.00357	0.00162	0.00422	0.00360	0.00317	0.00565
31	0.01234	0.01183	0.02018	0.12318	0.69876	0.01210	0.01557	0.01544	0.01152	0.01633	0.00959	0.01282	0.00798	0.00464	0.00509	0.00155	0.00618	0.00457	0.00251	0.00784
32	0.01029	0.02654	0.79309	0.01462	0.02221	0.01192	0.01896	0.01625	0.01083	0.01625	0.00921	0.01083	0.00650	0.00487	0.00487	0.00162	0.00758	0.00379	0.00217	0.00758
33	0.01070	0.01067	0.11717	0.16775	0.01819	0.00880	0.09396	0.01458	0.06827	0.10438	0.12588	0.05727	0.14979	0.00781	0.00553	0.00168	0.00510	0.00691	0.00399	0.02159
34	0.01670	0.16026	0.15226	0.01271	0.01651	0.52982	0.01130	0.01888	0.01320	0.01312	0.00802	0.00935	0.00659	0.00506	0.00444	0.00134	0.00832	0.00329	0.00248	0.00634
35	0.01064	0.00912	0.01064	0.00760	0.01216	0.00684	0.00608	0.01292	0.01064	0.01672	0.00912	0.01064	0.00760	0.00380	0.00380	0.00076	0.00380	0.00304	0.00304	0.85104
36	0.03295	0.01343	0.13532	0.08406	0.03635	0.05202	0.14151	0.06252	0.06775	0.13472	0.04693	0.05220	0.03325	0.00615	0.00521	0.00158	0.00592	0.00548	0.00375	0.07890
37	0.01691	0.01293	0.01292	0.01026	0.01393	0.17917	0.04071	0.12655	0.01454	0.22237	0.01320	0.03302	0.00986	0.00558	0.00468	0.00131	0.00550	0.00440	0.05005	0.22212
38	0.03527	0.03131	0.02360	0.01744	0.02076	0.01368	0.43157	0.01555	0.01073	0.06362	0.00962	0.01292	0.00766	0.00601	0.00944	0.00187	0.27436	0.00531	0.00272	0.00656
39	0.01190	0.05316	0.01151	0.00788	0.01215	0.00771	0.00638	0.03142	0.01126	0.08592	0.01103	0.05096	0.00933	0.00472	0.00406	0.00094	0.00394	0.00382	0.00342	0.66847
40	0.00823	0.00471	0.00623	0.00623	0.00625	0.00473	0.00390	0.00709	0.00707	0.00944	0.01227	0.02375	0.01336	0.37745	0.03968	0.45360	0.00489	0.00583	0.00263	0.00267
41	0.00625	0.00449	0.00593	0.00709	0.00743	0.00417	0.00474	0.00715	0.00987	0.01312	0.02892	0.79566	0.05419	0.01599	0.00654	0.00207	0.00297	0.01449	0.00476	0.00417
42	0.00663	0.00508	0.00608	0.00612	0.00735	0.00453	0.00448	0.00835	0.01261	0.01671	0.37371	0.18720	0.31769	0.01245	0.00615	0.00175	0.00259	0.01084	0.00516	0.00453
43	0.01064	0.00912	0.01064	0.00760	0.01216	0.00684	0.00608	0.01292	0.01064	0.01672	0.00912	0.01064	0.00760	0.00380	0.00380	0.00076	0.00380	0.00304	0.00304	0.85104
44	0.01123	0.01123	0.01572	0.01347	0.01347	0.01572	0.01123	0.01235	0.00786	0.01235	0.00674	0.01123	0.00674	0.00898	0.01684	0.00225	0.81028	0.00449	0.00225	0.00561
45	0.01935	0.01429	0.01531	0.01177	0.01585	0.01584	0.00971	0.75332	0.04162	0.03209	0.01252	0.01248	0.00889	0.00618	0.00513	0.00154	0.00561	0.00465	0.00513	0.00871
46	0.00956	0.00478	0.00478	0.00478	0.00598	0.00478	0.00359	0.01196	0.01076	0.01913	0.01674	0.01913	0.01315	0.00598	0.00359	0.00120	0.00239	0.00478	0.84816	0.00478
47	0.85592	0.00992	0.00754	0.00675	0.00992	0.01151	0.00556	0.01508	0.00873	0.02302	0.00714	0.00834	0.00556	0.00476	0.00318	0.00159	0.00397	0.00278	0.00318	0.00556
48	0.01039	0.02585	0.75166	0.01500	0.02246	0.01197	0.05969	0.01626	0.01090	0.01626	0.00927	0.01100	0.00657	0.00485	0.00494	0.00163	0.00764	0.00391	0.00219	0.00755
49	0.00762	0.00632	0.00714	0.00672	0.00881	0.00557	0.00525	0.00989	0.04928	0.01505	0.05698	0.09646	0.42567	0.01127	0.00593	0.00167	0.01477	0.10283	0.00446	0.15832
50	0.00956	0.00478	0.00478	0.00478	0.00598	0.00478	0.00359	0.01196	0.01076	0.01913	0.01674	0.01913	0.01315	0.00598	0.00359	0.00120	0.00239	0.00478	0.84816	0.00478
51	0.55034	0.01311	0.12084	0.03029	0.02591	0.04673	0.04972	0.03287	0.01019	0.04755	0.00878	0.01081	0.00682	0.00509	0.00392	0.00161	0.00515	0.02100	0.00314	0.00614
52	0.01270	0.01219	0.02083	0.03149	0.78767	0.01219	0.01575	0.01575	0.01168	0.01676	0.00965	0.01270	0.00813	0.00457	0.00508	0.00152	0.00610	0.00457	0.00254	0.00813
53	0.01108	0.00973	0.01298	0.05247	0.11946	0.07741	0.08915	0.04604	0.05322	0.05348	0.01793	0.30273	0.01854	0.06751	0.00714	0.00197	0.00517	0.00845	0.00385	0.04170
54	0.00625	0.00447	0.00595	0.00714	0.00744	0.00417	0.00476	0.00714	0.00982	0.01310	0.02828	0.81633	0.03394	0.01608	0.00655	0.00208	0.00298	0.01459	0.00476	0.00417
55	0.01288	0.01353	0.05761	0.01942	0.14203	0.05387	0.40518	0.03407	0.02886	0.06053	0.06494	0.01510	0.01101	0.00505	0.00556	0.00160	0.00713	0.00555	0.00313	0.05295
56	0.01118	0.05353	0.01172	0.00784	0.01237	0.00796	0.00638	0.04517	0.01120	0.01713	0.00915	0.01058	0.00759	0.00393	0.00383	0.00081	0.00397	0.00309	0.00308	0.76947
57	0.01664	0.03438	0.04746	0.01711	0.25559	0.14268	0.01099	0.05329	0.06416	0.23979	0.01421	0.05736	0.01101	0.00607	0.00506	0.00155	0.00585	0.00508	0.00404	0.00769
58	0.00956	0.00478	0.00478	0.00478	0.00598	0.00478	0.00359	0.01196	0.01076	0.01913	0.01674	0.01913	0.01315	0.00598	0.00359	0.00120	0.00239	0.00478	0.84816	0.00478
59	0.71363	0.01068	0.00888	0.00761	0.01094	0.01226	0.00627	0.14361	0.01135	0.02461	0.00802	0.00901	0.00610	0.00500	0.00351	0.00158	0.00425	0.00309	0.00351	0.00610
60	0.01123	0.01123	0.01572	0.01347	0.01347	0.01572	0.01123	0.01235	0.00786	0.01235	0.00674	0.01123	0.00674	0.00898	0.01684	0.00225	0.81028	0.00449	0.00225	0.00561
61	0.01314	0.26498	0.01891	0.09306	0.15999	0.03546	0.01062	0.05240	0.23032	0.01666	0.01196	0.01307	0.00959	0.00555	0.00510	0.00150	0.04285	0.00432	0.00328	0.00726
62	0.00956	0.00478	0.00478	0.00478	0.00598	0.00478	0.00359	0.01196	0.01076	0.01913	0.01674	0.01913	0.01315	0.00598	0.00359	0.00120	0.00239	0.00478	0.84816	0.00478
63	0.01117	0.01052	0.01454	0.20806	0.25946	0.06811	0.01167	0.01538	0.10751	0.01619	0.08477	0.05689	0.01591	0.00720	0.00546	0.00171	0.00562	0.08986	0.00345	0.00652
64	0.00626	0.00455	0.00590	0.00695	0.00740	0.00420	0.00468	0.00722	0.01011	0.01334	0.04790	0.72725	0.10401	0.01566	0.00649	0.00204	0.00293	0.01412	0.00478	0.00420
65	0.00625	0.00447	0.00595	0.00714	0.00744	0.00417	0.00476	0.00714	0.00982	0.01310	0.02828	0.81633	0.03394	0.01608	0.00655	0.00208	0.00298	0.01459	0.00476	0.00417
66	0.00956	0.00478	0.00478	0.00478	0.00598	0.00478	0.00359	0.01196	0.01076	0.01913	0.01674	0.01913	0.01315	0.00598	0.00359	0.00120	0.00239	0.00478	0.84816	0.00478
67	0.01123	0.01123	0.01572	0.01347	0.01347	0.01572	0.01123	0.01235	0.00786	0.01235	0.00674	0.01123	0.00674	0.00898	0.01684	0.00225	0.81028	0.00449	0.00225	0.00561
68	0.01064	0.00912	0.01064	0.00760	0.01216	0.00684	0.00608	0.01292	0.01064	0.01672	0.00912	0.01064	0.00760	0.00380	0.00380	0.00076	0.00380	0.00304	0.00304	0.85104
69	0.85592	0.00992	0.00754	0.00675	0.00992	0.01151	0.00556	0.01508	0.00873	0.02302	0.00714	0.00834	0.00556	0.00476	0.00318	0.00159	0.00397	0.00278	0.00318	0.00556
70	0.01075	0.00929	0.01119	0.00890	0.05428	0.00713	0.00660	0.01307	0.01070	0.01672	0.00915	0.01075	0.00763	0.00384	0.00387	0.00080	0.00392	0.00312	0.00301	0.80526
71	0.00964	0.00507	0.00527	0.00517	0.00631	0.00527	0.00393	0.01197	0.01063	0.01883	0.01629	0.01878	0.01286	0.00611	0.00418	0.00124	0.03854	0.00477	0.81031	0.00482
72	0.01064	0.00912	0.01064	0.00760	0.01216	0.00684	0.00608	0.01292	0.01064	0.01672	0.00912	0.01064	0.00760	0.00380	0.00380	0.00076	0.00380	0.00304	0.00304	0.85104
73	0.01152	0.00964	0.01111	0.00802	0.01253	0.00774	0.00644	0.08797	0.01198	0.01827	0.00944	0.01081	0.00771	0.00403	0.00393	0.00084	0.00398	0.00320	0.00325	0.76761
74	0.00956	0.00478	0.00478	0.00478	0.00598	0.00478	0.00359	0.01196	0.01076	0.01913	0.01674	0.01913	0.01315	0.00598	0.00359	0.00120	0.00239	0.00478	0.84816	0.00478
75	0.01837	0.00950	0.01186	0.00890	0.01309	0.00824	0.00729	0.10486	0.01436	0.43930	0.01552	0.01454	0.01050	0.00545	0.00469	0.00130	0.00432	0.00437	0.00507	0.29846
76	0.01211	0.01384	0.03028	0.02163	0.02682	0.01298	0.76903	0.01644	0.01211	0.01644	0.01038	0.01384	0.00779	0.00433	0.00606	0.00173	0.00865	0.00606	0.00260	0.00692
77	0.01006	0.00914	0.01385	0.01163	0.01420	0.00968	0.17701	0.01668	0.27445	0.01648	0.02007	0.09163	0.08189	0.01580	0.20945	0.00344	0.00735	0.00700	0.00392	0.00626
78	0.01573	0.00737	0.00927	0.00763	0.01059	0.00643	0.00612	0.03777	0.01393	0.43625	0.10468	0.03001	0.27441	0.00897	0.00555	0.00164	0.00362	0.00744	0.00572	0.00688
79	0.01456	0.01570	0.03859	0.01401	0.01756	0.22626	0.21396	0.14963	0.07829	0.01831	0.03485	0.01668	0.08579	0.00631	0.00574	0.00158	0.03420	0.00543	0.00355	0.01901
80	0.01009	0.00845	0.00940	0.00909	0.04478	0.04641	0.00659	0.06544	0.19275	0.02047	0.42406	0.03043	0.09315	0.00906	0.00568	0.00163	0.00353	0.00778	0.00516	0.00603
81	0.01916	0.01420	0.01520	0.01174	0.01578	0.01575	0.00967	0.73240	0.06285	0.03178	0.01276	0.01267	0.00908	0.00620	0.00514	0.00155	0.00556	0.00468	0.00514	0.00869
82	0.00956	0.00478	0.00478	0.00478	0.00598	0.00478	0.00359	0.01196	0.01076	0.01913	0.01674	0.01913	0.01315	0.00598	0.00359	0.00120	0.00239	0.00478	0.84816	0.00478
83	0.00920	0.00898	0.04662	0.22801	0.20967	0.00881	0.04482	0.01167	0.01055	0.01429	0.01694	0.33267	0.01797	0.00930	0.00571	0.00181	0.00523	0.00859	0.00334	0.00583
84	0.00956	0.00478	0.00478	0.00478	0.00598	0.00478	0.00359	0.01196	0.01076	0.01913	0.01674	0.01913	0.01315	0.00598	0.00359	0.00120	0.00239	0.00478	0.84816	0.00478
85	0.70015	0.01050	0.04180	0.08400	0.01303	0.01133	0.00705	0.01540	0.00924	0.05750	0.00803	0.00938	0.00605	0.00488	0.00353	0.00160	0.00442	0.00310	0.00319	0.00580
86	0.02976	0.01307	0.02069	0.02515	0.48561	0.04318	0.13528	0.13252	0.01371	0.01912	0.01021	0.01274	0.00816	0.00484	0.00516	0.00155	0.00644	0.00474	0.02026	0.00782
87	0.01963	0.01417	0.01528	0.01171	0.01581	0.01562	0.00967	0.74419	0.02379	0.05917	0.01260	0.01250	0.00887	0.00617	0.00513	0.00154	0.00560	0.00464	0.00518	0.00873
88	0.01517	0.01172	0.03026	0.01010	0.01427	0.07905	0.05769	0.12122	0.02575	0.17782	0.01255	0.03486	0.00956	0.00523	0.00461	0.00122	0.00504	0.00430	0.00401	0.37556
89	0.01056	0.00792	0.01052	0.02896	0.11116	0.00686	0.00719	0.01278	0.01199	0.08973	0.16719	0.07570	0.09565	0.00757	0.00509	0.00137	0.00381	0.03324	0.00412	0.30859
90	0.01157	0.01103	0.01878	0.32363	0.50438	0.01189	0.01518	0.01475	0.01115	0.01539	0.00945	0.01307	0.00764	0.00478	0.00510	0.00159	0.00638	0.00457	0.00244	0.00721
91	0.01674	0.01262	0.01361	0.01097	0.01465	0.01392	0.00887	0.42583	0.30039	0.06151	0.01566	0.01497	0.01140	0.00634	0.00510	0.00158	0.00491	0.00500	0.00511	0.05080
92	0.00824	0.00631	0.00732	0.00741	0.00893	0.00560	0.00569	0.00971	0.01330	0.01736	0.26594	0.06950	0.37861	0.01326	0.00680	0.00206	0.00346	0.15982	0.00542	0.00525
93	0.00969	0.00912	0.01539	0.80734	0.03534	0.01140	0.01425	0.01311	0.01026	0.01311	0.00912	0.01368	0.00684	0.00513	0.00513	0.00171	0.00684	0.00456	0.00228	0.00570
94	0.00956	0.00478	0.00478	0.00478	0.00598	0.00478	0.00359	0.01196	0.01076	0.01913	0.01674	0.01913	0.01315	0.00598	0.00359	0.00120	0.00239	0.00478	0.84816	0.00478
95	0.01275	0.00773	0.00887	0.00762	0.01019	0.00731	0.00600	0.15765	0.01468	0.20388	0.05283	0.10731	0.36173	0.01032	0.00572	0.00169	0.00364	0.00860	0.00524	0.00622
96	0.01289	0.38460	0.09396	0.01444	0.01930	0.03585	0.30339	0.01652	0.04558	0.01455	0.00920	0.01114	0.00745	0.00454	0.00462	0.00142	0.00692	0.00427	0.00249	0.00685
97	0.05188	0.01257	0.02064	0.08769	0.57138	0.04555	0.10394	0.01580	0.01161	0.01656	0.00951	0.01256	0.00780	0.00462	0.00509	0.00156	0.00649	0.00461	0.00256	0.00759
98	0.01454	0.09613	0.10442	0.01356	0.01778	0.06885	0.19565	0.22690	0.05955	0.04726	0.02997	0.03431	0.01052	0.04991	0.00631	0.00175	0.00652	0.00520	0.00366	0.00720
99	0.00891	0.00446	0.00668	0.00668	0.00668	0.00446	0.00446	0.00668	0.00668	0.00891	0.00891	0.01560	0.00891	0.01783	0.02005	0.85071	0.00446	0.00446	0.00223	0.00223
100	0.02907	0.01413	0.12880	0.11595	0.18372	0.04745	0.10025	0.03354	0.24027	0.01780	0.01325	0.01531	0.01029	0.00564	0.00520	0.00166	0.00615	0.02076	0.00337	0.00740
101	0.00956	0.00478	0.00478	0.00478	0.00598	0.00478	0.00359	0.01196	0.01076	0.01913	0.01674	0.01913	0.01315	0.00598	0.00359	0.00120	0.00239	0.00478	0.84816	0.00478
102	0.04870	0.12175	0.10403	0.01418	0.01855	0.01224	0.29181	0.01769	0.10412	0.10694	0.04256	0.05503	0.01217	0.00597	0.00528	0.00164	0.00627	0.02053	0.00354	0.00699
103	0.01131	0.01281	0.07861	0.17060	0.23678	0.01180	0.31035	0.01507	0.01165	0.01602	0.04688	0.01528	0.02841	0.00508	0.00553	0.00166	0.00709	0.00547	0.00268	0.00691
104	0.01336	0.01145	0.01803	0.04619	0.54799	0.01149	0.01336	0.01777	0.11169	0.08311	0.01196	0.01383	0.00943	0.00500	0.00502	0.00151	0.00555	0.00468	0.00324	0.06535
105	0.00956	0.00478	0.00478	0.00478	0.00598	0.00478	0.00359	0.01196	0.01076	0.01913	0.01674	0.01913	0.01315	0.00598	0.00359	0.00120	0.00239	0.00478	0.84816	0.00478
106	0.03193	0.03434	0.05993	0.02304	0.41613	0.10457	0.09146	0.09191	0.06409	0.01809	0.01040	0.01251	0.00830	0.00496	0.00505	0.00153	0.00656	0.00454	0.00298	0.00769
107	0.01154	0.10285	0.13371	0.26712	0.05755	0.04393	0.10545	0.06115	0.02837	0.02788	0.01185	0.10374	0.01041	0.00626	0.00514	0.00164	0.00648	0.00556	0.00291	0.00646
108	0.00915	0.00780	0.01164	0.03490	0.26490	0.00788	0.00890	0.01219	0.08931	0.01507	0.02060	0.42930	0.02250	0.03340	0.00644	0.00194	0.00426	0.00995	0.00397	0.00588
109	0.00642	0.00470	0.00642	0.04667	0.00882	0.00452	0.00523	0.00744	0.00985	0.01310	0.02733	0.77668	0.03260	0.01553	0.00648	0.00207	0.00317	0.01409	0.00464	0.00424
110	0.05660	0.02890	0.01320	0.01070	0.04895	0.04954	0.00830	0.22441	0.03287	0.31538	0.01511	0.01447	0.02436	0.00582	0.00481	0.00143	0.00492	0.00455	0.00489	0.13079
111	0.00956	0.00478	0.00478	0.00478	0.00598	0.00478	0.00359	0.01196	0.01076	0.01913	0.01674	0.01913	0.01315	0.00598	0.00359	0.00120	0.00239	0.00478	0.84816	0.00478
112	0.75026	0.01086	0.00863	0.00794	0.02995	0.04517	0.00624	0.05970	0.00996	0.02297	0.00754	0.00872	0.00585	0.00486	0.00340	0.00157	0.00434	0.00295	0.00325	0.00582
113	0.00942	0.01106	0.12229	0.07420	0.24267	0.00886	0.04365	0.01254	0.02786	0.01562	0.05981	0.02817	0.27994	0.00822	0.00556	0.00167	0.00500	0.03371	0.00352	0.00624
114	0.01123	0.01123	0.01572	0.01347	0.01347	0.01572	0.01123	0.01235	0.00786	0.01235	0.00674	0.01123	0.00674	0.00898	0.01684	0.00225	0.81028	0.00449	0.00225	0.00561
115	0.01113	0.01567	0.25841	0.06214	0.38531	0.01123	0.03269	0.01530	0.03021	0.01676	0.07902	0.03628	0.01200	0.00558	0.00517	0.00160	0.00619	0.00508	0.00281	0.00741
116	0.00956	0.00478	0.00478	0.00478	0.00598	0.00478	0.00359	0.01196	0.01076	0.01913	0.01674	0.01913	0.01315	0.00598	0.00359	0.00120	0.00239	0.00478	0.84816	0.00478
117	0.20810	0.06604	0.04976	0.07203	0.11495	0.20141	0.03861	0.09562	0.05903	0.01857	0.02488	0.01148	0.00822	0.00525	0.00449	0.00151	0.00630	0.00393	0.00315	0.00667
118	0.08151	0.01410	0.14558	0.03538	0.04024	0.01134	0.35168	0.01816	0.04083	0.17390	0.01313	0.01454	0.02458	0.00516	0.00538	0.00167	0.00683	0.00526	0.00347	0.00728
119	0.00892	0.00877	0.04469	0.12311	0.03306	0.00817	0.15514	0.02852	0.04630	0.01629	0.16834	0.17961	0.13892	0.00940	0.00590	0.00176	0.00482	0.00867	0.00404	0.00557
120	0.00956	0.00478	0.00478	0.00478	0.00598	0.00478	0.00359	0.01196	0.01076	0.01913	0.01674	0.01913	0.01315	0.00598	0.00359	0.00120	0.00239	0.00478	0.84816	0.00478
121	0.01123	0.01123	0.01572	0.01347	0.01347	0.01572	0.01123	0.01235	0.00786	0.01235	0.00674	0.01123	0.00674	0.00898	0.01684	0.00225	0.81028	0.00449	0.00225	0.00561
122	0.01263	0.11996	0.06506	0.25278	0.21969	0.01246	0.04440	0.03384	0.04584	0.07765	0.01054	0.01286	0.00811	0.00496	0.00482	0.00150	0.00605	0.00435	0.00291	0.05957

[dist]
# distance from previous block
# <min> <max>
0	2

[block]
# block no. 6 follows, 48 sequences, length 56
# corresponding to MSA columns:
# 784-809,829-854,856-859
name=unknown_G
#
# <colnr> <probs for GDERKNQSTAVLIFYWHMCP>
#	G	D	E	R	K	N	Q	S	T	A	V	L	I	F	Y	W	H	M	C	P
0	0.01252	0.06233	0.16359	0.01944	0.09407	0.08372	0.41970	0.01646	0.01177	0.01565	0.00953	0.01235	0.00737	0.00475	0.00596	0.00164	0.04467	0.00501	0.00248	0.00699
1	0.00956	0.00478	0.00478	0.00478	0.00598	0.00478	0.00359	0.01196	0.01076	0.01913	0.01674	0.01913	0.01315	0.00598	0.00359	0.00120	0.00239	0.00478	0.84816	0.00478
2	0.01064	0.00912	0.01064	0.00760	0.01216	0.00684	0.00608	0.01292	0.01064	0.01672	0.00912	0.01064	0.00760	0.00380	0.00380	0.00076	0.00380	0.00304	0.00304	0.85104
3	0.05315	0.00916	0.01048	0.00756	0.01205	0.00707	0.00605	0.01303	0.01054	0.01704	0.00902	0.01052	0.00750	0.00385	0.00377	0.00080	0.00381	0.00303	0.00305	0.80852
4	0.00956	0.00478	0.00478	0.00478	0.00598	0.00478	0.00359	0.01196	0.01076	0.01913	0.01674	0.01913	0.01315	0.00598	0.00359	0.00120	0.00239	0.00478	0.84816	0.00478
5	0.01378	0.01283	0.01685	0.04532	0.19011	0.07618	0.11171	0.13651	0.24746	0.01996	0.01461	0.03439	0.01181	0.00627	0.00535	0.00166	0.00590	0.03785	0.00391	0.00756
6	0.01677	0.01672	0.05793	0.05611	0.13323	0.19750	0.08010	0.33723	0.01755	0.02215	0.01040	0.01179	0.00785	0.00543	0.00508	0.00152	0.00699	0.00439	0.00364	0.00761
7	0.01136	0.01067	0.01723	0.24315	0.32688	0.01152	0.06978	0.01628	0.13794	0.01603	0.01286	0.01624	0.02944	0.05121	0.00640	0.00183	0.00601	0.00521	0.00300	0.00697
8	0.01895	0.01408	0.01540	0.05659	0.01701	0.01566	0.01001	0.72792	0.02334	0.03126	0.01214	0.01240	0.00862	0.00610	0.00513	0.00155	0.00571	0.00462	0.00497	0.00856
9	0.01162	0.01157	0.06528	0.01584	0.21725	0.07683	0.04311	0.07245	0.07078	0.03589	0.05802	0.20365	0.04987	0.00868	0.00560	0.00172	0.00523	0.03617	0.00388	0.00654
10	0.01181	0.01323	0.02841	0.02133	0.06542	0.01244	0.68670	0.01588	0.01196	0.01627	0.01135	0.05896	0.00928	0.00500	0.00603	0.00174	0.00820	0.00646	0.00271	0.00683
11	0.01248	0.01016	0.01330	0.07662	0.09230	0.00943	0.02715	0.07885	0.04946	0.06767	0.01065	0.01220	0.00837	0.00477	0.00499	0.00118	0.04365	0.00387	0.00338	0.46954
12	0.00956	0.00478	0.00478	0.00478	0.00598	0.00478	0.00359	0.01196	0.01076	0.01913	0.01674	0.01913	0.01315	0.00598	0.00359	0.00120	0.00239	0.00478	0.84816	0.00478
