[name]
unknown

[dist]
# distance from previous block
# <min> <max>
10	1228

[block]
# block no. 0 follows, 42 sequences, length 125
# corresponding to MSA columns:
# 1312-1436
name=unknown_A
#
# <colnr> <probs for GDERKNQSTAVLIFYWHMCP>
#	G	D	E	R	K	N	Q	S	T	A	V	L	I	F	Y	W	H	M	C	P
0	0.01351	0.38510	0.17116	0.01237	0.01649	0.01851	0.01247	0.01719	0.06840	0.01502	0.00932	0.01137	0.00802	0.00645	0.00798	0.00170	0.21099	0.00399	0.00267	0.00729
1	0.01908	0.21742	0.01769	0.07010	0.01634	0.01292	0.00916	0.06855	0.03814	0.34583	0.01539	0.01491	0.01078	0.00594	0.00493	0.00150	0.00532	0.00460	0.00483	0.11657
2	0.01307	0.01249	0.02129	0.23092	0.57746	0.01315	0.01684	0.01652	0.01241	0.01734	0.01043	0.01421	0.00855	0.00517	0.00559	0.00172	0.00690	0.00501	0.00271	0.00822
3	0.06573	0.05621	0.01587	0.03467	0.09325	0.03391	0.01008	0.22845	0.03825	0.32715	0.02984	0.01602	0.01183	0.00652	0.00541	0.00169	0.00560	0.00516	0.00543	0.00892
4	0.00797	0.01134	0.20598	0.00960	0.01228	0.00681	0.00911	0.01048	0.01142	0.01541	0.03006	0.46518	0.15502	0.01385	0.00661	0.00209	0.00451	0.01220	0.00448	0.00558
5	0.00737	0.00556	0.00691	0.00767	0.00878	0.00511	0.00578	0.00897	0.01230	0.01581	0.09554	0.34447	0.26530	0.01564	0.00710	0.00219	0.00351	0.17188	0.00529	0.00482
6	0.01328	0.01518	0.03321	0.02372	0.02941	0.01423	0.74668	0.01803	0.01328	0.01803	0.01139	0.01518	0.00854	0.00474	0.00664	0.00190	0.00949	0.00664	0.00285	0.00759
7	0.23616	0.01188	0.01293	0.01028	0.01439	0.01243	0.00846	0.23782	0.05780	0.31872	0.01593	0.01498	0.01078	0.00649	0.00509	0.00173	0.00507	0.00484	0.00560	0.00863
8	0.01806	0.01501	0.02045	0.01551	0.02010	0.01604	0.20204	0.43994	0.14326	0.02896	0.01450	0.01518	0.01055	0.00638	0.00591	0.00178	0.00676	0.00569	0.00492	0.00895
9	0.00886	0.00685	0.00825	0.00825	0.00966	0.00695	0.00603	0.01380	0.17754	0.01963	0.31689	0.29872	0.07084	0.01288	0.00663	0.00198	0.00327	0.01142	0.00571	0.00582
10	0.00808	0.00585	0.00813	0.00813	0.00882	0.00654	0.00589	0.00946	0.00877	0.01239	0.01591	0.02675	0.01608	0.28178	0.54310	0.00791	0.01204	0.00671	0.00314	0.00452
11	0.01129	0.02911	0.77306	0.01604	0.02436	0.01307	0.02079	0.01782	0.01188	0.01782	0.01010	0.01188	0.00713	0.00535	0.00535	0.00178	0.00832	0.00416	0.00238	0.00832
12	0.00784	0.00531	0.00624	0.00658	0.00667	0.00523	0.00388	0.00809	0.00886	0.01181	0.02119	0.23517	0.02482	0.59792	0.02306	0.00463	0.00489	0.01022	0.00388	0.00371
13	0.00804	0.00603	0.00904	0.00904	0.01005	0.00703	0.00703	0.01005	0.00904	0.01306	0.01507	0.02211	0.01407	0.04221	0.77992	0.00904	0.01507	0.00603	0.00301	0.00502
14	0.00694	0.00499	0.00659	0.00771	0.00817	0.00464	0.00520	0.00807	0.01126	0.01507	0.09246	0.71444	0.05953	0.01703	0.00712	0.00223	0.00320	0.01540	0.00530	0.00464
15	0.01099	0.01037	0.01753	0.70647	0.11818	0.01260	0.01581	0.01469	0.01142	0.01482	0.01007	0.01489	0.00766	0.00556	0.00562	0.00185	0.00741	0.00500	0.00253	0.00654
16	0.00804	0.00603	0.00904	0.00904	0.01005	0.00703	0.00703	0.01005	0.00904	0.01306	0.01507	0.02211	0.01407	0.04221	0.77992	0.00904	0.01507	0.00603	0.00301	0.00502
17	0.00670	0.00549	0.00592	0.00626	0.00775	0.00470	0.00452	0.00801	0.01229	0.01498	0.05024	0.24799	0.57537	0.01513	0.00679	0.00200	0.00296	0.01295	0.00523	0.00470
18	0.11829	0.00611	0.00623	0.00600	0.00760	0.00622	0.00457	0.01291	0.01259	0.02195	0.21118	0.02492	0.02341	0.00767	0.00458	0.00149	0.00286	0.00624	0.50979	0.00537
19	0.00676	0.00527	0.00614	0.00684	0.00790	0.00466	0.00478	0.00795	0.01174	0.01476	0.04318	0.45010	0.37782	0.01605	0.00693	0.00211	0.00307	0.01407	0.00522	0.00466
20	0.02230	0.01316	0.01507	0.01160	0.01592	0.01373	0.00957	0.46520	0.02223	0.29314	0.01676	0.01580	0.01130	0.00682	0.00557	0.00169	0.00555	0.00528	0.03990	0.00940
21	0.02102	0.02682	0.01595	0.01450	0.01740	0.77963	0.01087	0.02247	0.01595	0.01377	0.00870	0.01015	0.00725	0.00580	0.00507	0.00145	0.01015	0.00362	0.00290	0.00652
22	0.01100	0.01038	0.01754	0.70450	0.12008	0.01260	0.01581	0.01470	0.01143	0.01483	0.01007	0.01488	0.00766	0.00556	0.00562	0.00185	0.00741	0.00500	0.00253	0.00655
23	0.00686	0.00490	0.00653	0.00784	0.00816	0.00457	0.00522	0.00784	0.01077	0.01437	0.03102	0.79855	0.03722	0.01763	0.00718	0.00229	0.00326	0.01600	0.00522	0.00457
24	0.01129	0.02911	0.77306	0.01604	0.02436	0.01307	0.02079	0.01782	0.01188	0.01782	0.01010	0.01188	0.00713	0.00535	0.00535	0.00178	0.00832	0.00416	0.00238	0.00832
25	0.01328	0.44076	0.37887	0.01264	0.01910	0.01795	0.01487	0.01731	0.01164	0.01539	0.00889	0.01037	0.00718	0.00506	0.00443	0.00148	0.00710	0.00355	0.00239	0.00774
26	0.00756	0.00574	0.00696	0.00665	0.00816	0.00514	0.00499	0.00983	0.01496	0.02028	0.54405	0.04581	0.27463	0.01236	0.00664	0.00181	0.00272	0.01071	0.00589	0.00514
27	0.00822	0.00630	0.00940	0.00929	0.01025	0.00747	0.00726	0.01020	0.00903	0.01308	0.01474	0.02169	0.01378	0.04081	0.74708	0.00876	0.04858	0.00598	0.00299	0.00507
28	0.01505	0.80561	0.02949	0.00963	0.01444	0.02227	0.00963	0.01685	0.01143	0.01324	0.00782	0.00903	0.00722	0.00481	0.00361	0.00120	0.00602	0.00301	0.00241	0.00722
29	0.01652	0.01907	0.02286	0.02394	0.28377	0.31128	0.20472	0.01949	0.01415	0.01650	0.01006	0.01279	0.00817	0.00525	0.00566	0.00164	0.00876	0.00490	0.00285	0.00764
30	0.00817	0.00619	0.00782	0.00863	0.01015	0.00584	0.00729	0.01033	0.01291	0.01623	0.03992	0.06001	0.30488	0.01506	0.00736	0.00233	0.00431	0.46236	0.00520	0.00502
31	0.00718	0.00572	0.00643	0.00625	0.00792	0.00497	0.00469	0.00909	0.01407	0.01815	0.33958	0.04932	0.48042	0.01315	0.00665	0.00185	0.00277	0.01120	0.00561	0.00497
32	0.01328	0.01518	0.03321	0.02372	0.02941	0.01423	0.74668	0.01803	0.01328	0.01803	0.01139	0.01518	0.00854	0.00474	0.00664	0.00190	0.00949	0.00664	0.00285	0.00759
33	0.01167	0.01000	0.01167	0.00834	0.01334	0.00750	0.00667	0.01417	0.01167	0.01834	0.01000	0.01167	0.00834	0.00417	0.00417	0.00083	0.00417	0.00333	0.00333	0.83663
34	0.01328	0.01518	0.03321	0.02372	0.02941	0.01423	0.74668	0.01803	0.01328	0.01803	0.01139	0.01518	0.00854	0.00474	0.00664	0.00190	0.00949	0.00664	0.00285	0.00759
35	0.01393	0.01337	0.02284	0.03454	0.76712	0.01337	0.01727	0.01727	0.01281	0.01839	0.01059	0.01393	0.00891	0.00501	0.00557	0.00167	0.00669	0.00501	0.00279	0.00891
36	0.01063	0.01000	0.01688	0.78870	0.03876	0.01250	0.01563	0.01438	0.01125	0.01438	0.01000	0.01500	0.00750	0.00563	0.00563	0.00188	0.00750	0.00500	0.00250	0.00625
37	0.01050	0.01291	0.10429	0.01611	0.02040	0.01037	0.37647	0.01408	0.01268	0.01679	0.02568	0.12715	0.20906	0.00897	0.00657	0.00194	0.00682	0.00895	0.00372	0.00654
38	0.00686	0.00490	0.00653	0.00784	0.00816	0.00457	0.00522	0.00784	0.01077	0.01437	0.03102	0.79855	0.03722	0.01763	0.00718	0.00229	0.00326	0.01600	0.00522	0.00457
39	0.00733	0.00573	0.00665	0.00642	0.00802	0.00504	0.00481	0.00940	0.01444	0.01902	0.42397	0.04787	0.39549	0.01283	0.00664	0.00183	0.00275	0.01100	0.00573	0.00504
40	0.01063	0.01000	0.01688	0.78870	0.03876	0.01250	0.01563	0.01438	0.01125	0.01438	0.01000	0.01500	0.00750	0.00563	0.00563	0.00188	0.00750	0.00500	0.00250	0.00625
41	0.01552	0.01542	0.02140	0.02999	0.60167	0.11937	0.01584	0.07851	0.01438	0.01916	0.01057	0.01337	0.00874	0.00527	0.00551	0.00164	0.00712	0.00483	0.00304	0.00864
42	0.00684	0.00496	0.00647	0.00767	0.00812	0.00458	0.00515	0.00785	0.01093	0.01443	0.03303	0.74103	0.09345	0.01737	0.00714	0.00226	0.00323	0.01568	0.00522	0.00458
43	0.00686	0.00490	0.00653	0.00784	0.00816	0.00457	0.00522	0.00784	0.01077	0.01437	0.03102	0.79855	0.03722	0.01763	0.00718	0.00229	0.00326	0.01600	0.00522	0.00457
44	0.01551	0.74543	0.02844	0.01001	0.01467	0.08079	0.00973	0.01729	0.01178	0.01328	0.00789	0.00911	0.00722	0.00489	0.00372	0.00122	0.00634	0.00306	0.00245	0.00717
45	0.07364	0.01465	0.01383	0.01126	0.01520	0.21014	0.00901	0.08449	0.01651	0.46814	0.01710	0.01574	0.01136	0.00654	0.00537	0.00166	0.00627	0.00492	0.00558	0.00857
46	0.01060	0.00546	0.00548	0.00544	0.00681	0.00552	0.00409	0.01365	0.03547	0.02106	0.01850	0.02098	0.01451	0.00659	0.00399	0.00133	0.00268	0.00528	0.80717	0.00536
47	0.00686	0.00490	0.00653	0.00784	0.00816	0.00457	0.00522	0.00784	0.01077	0.01437	0.03102	0.79855	0.03722	0.01763	0.00718	0.00229	0.00326	0.01600	0.00522	0.00457
48	0.84197	0.01088	0.00827	0.00740	0.01088	0.01262	0.00609	0.01654	0.00958	0.02525	0.00784	0.00914	0.00609	0.00522	0.00348	0.00174	0.00435	0.00305	0.00348	0.00609
49	0.01063	0.01000	0.01688	0.78870	0.03876	0.01250	0.01563	0.01438	0.01125	0.01438	0.01000	0.01500	0.00750	0.00563	0.00563	0.00188	0.00750	0.00500	0.00250	0.00625
50	0.00806	0.00588	0.00766	0.00757	0.00894	0.00548	0.00592	0.01061	0.01515	0.02095	0.57554	0.04689	0.10432	0.01245	0.00685	0.00193	0.00313	0.14149	0.00594	0.00524
51	0.00717	0.00551	0.00656	0.00674	0.00803	0.00490	0.00489	0.00891	0.01338	0.01757	0.29827	0.24374	0.32573	0.01417	0.00678	0.00195	0.00289	0.01235	0.00557	0.00490
52	0.01129	0.02911	0.77306	0.01604	0.02436	0.01307	0.02079	0.01782	0.01188	0.01782	0.01010	0.01188	0.00713	0.00535	0.00535	0.00178	0.00832	0.00416	0.00238	0.00832
53	0.00686	0.00490	0.00653	0.00784	0.00816	0.00457	0.00522	0.00784	0.01077	0.01437	0.03102	0.79855	0.03722	0.01763	0.00718	0.00229	0.00326	0.01600	0.00522	0.00457
54	0.01393	0.01337	0.02284	0.03454	0.76712	0.01337	0.01727	0.01727	0.01281	0.01839	0.01059	0.01393	0.00891	0.00501	0.00557	0.00167	0.00669	0.00501	0.00279	0.00891
55	0.01231	0.01231	0.01724	0.01477	0.01477	0.01724	0.01231	0.01354	0.00862	0.01354	0.00739	0.01231	0.00739	0.00985	0.01847	0.00246	0.79192	0.00492	0.00246	0.00616
56	0.01505	0.80561	0.02949	0.00963	0.01444	0.02227	0.00963	0.01685	0.01143	0.01324	0.00782	0.00903	0.00722	0.00481	0.00361	0.00120	0.00602	0.00301	0.00241	0.00722
57	0.00686	0.00490	0.00653	0.00784	0.00816	0.00457	0.00522	0.00784	0.01077	0.01437	0.03102	0.79855	0.03722	0.01763	0.00718	0.00229	0.00326	0.01600	0.00522	0.00457
58	0.00796	0.00575	0.00752	0.00708	0.00841	0.00531	0.00531	0.01062	0.01593	0.02257	0.76415	0.04204	0.05310	0.01150	0.00664	0.00177	0.00265	0.01018	0.00619	0.00531
59	0.01719	0.02093	0.01333	0.01223	0.01484	0.55735	0.00918	0.01912	0.03527	0.01498	0.07652	0.02096	0.14956	0.00784	0.00550	0.00157	0.00808	0.00572	0.00366	0.00617
60	0.00675	0.00569	0.00569	0.00569	0.00757	0.00476	0.00427	0.00821	0.01280	0.01536	0.05597	0.05327	0.74469	0.01405	0.00658	0.00188	0.00284	0.01170	0.02746	0.00476
61	0.01505	0.80561	0.02949	0.00963	0.01444	0.02227	0.00963	0.01685	0.01143	0.01324	0.00782	0.00903	0.00722	0.00481	0.00361	0.00120	0.00602	0.00301	0.00241	0.00722
62	0.00759	0.00543	0.00733	0.00839	0.00911	0.00517	0.00624	0.00923	0.01208	0.01619	0.13583	0.49866	0.03824	0.01621	0.00726	0.00229	0.00368	0.20088	0.00535	0.00484
63	0.01035	0.00794	0.01002	0.01065	0.01243	0.00844	0.00903	0.01641	0.20668	0.01859	0.02800	0.05242	0.02843	0.01349	0.00724	0.00241	0.00499	0.54101	0.00532	0.00615
64	0.01129	0.02911	0.77306	0.01604	0.02436	0.01307	0.02079	0.01782	0.01188	0.01782	0.01010	0.01188	0.00713	0.00535	0.00535	0.00178	0.00832	0.00416	0.00238	0.00832
65	0.00818	0.00546	0.00614	0.00614	0.00614	0.00546	0.00341	0.00818	0.00818	0.01091	0.01773	0.03683	0.02046	0.80222	0.02864	0.00546	0.00546	0.00818	0.00341	0.00341
66	0.02138	0.01604	0.01687	0.01299	0.01745	0.03672	0.01070	0.73000	0.02619	0.03492	0.01339	0.01343	0.00951	0.00673	0.00562	0.00168	0.00629	0.00503	0.00556	0.00949
67	0.00804	0.00603	0.00904	0.00904	0.01005	0.00703	0.00703	0.01005	0.00904	0.01306	0.01507	0.02211	0.01407	0.04221	0.77992	0.00904	0.01507	0.00603	0.00301	0.00502
68	0.02102	0.02682	0.01595	0.01450	0.01740	0.77963	0.01087	0.02247	0.01595	0.01377	0.00870	0.01015	0.00725	0.00580	0.00507	0.00145	0.01015	0.00362	0.00290	0.00652
69	0.01505	0.80561	0.02949	0.00963	0.01444	0.02227	0.00963	0.01685	0.01143	0.01324	0.00782	0.00903	0.00722	0.00481	0.00361	0.00120	0.00602	0.00301	0.00241	0.00722
70	0.05131	0.14205	0.22126	0.09883	0.01985	0.03350	0.01283	0.03833	0.14159	0.16520	0.01425	0.01465	0.01026	0.00604	0.00515	0.00170	0.00633	0.00470	0.00401	0.00815
71	0.00765	0.00574	0.00709	0.00675	0.00821	0.00518	0.00506	0.01001	0.01519	0.02080	0.59449	0.04495	0.22386	0.01216	0.00664	0.00180	0.00270	0.01059	0.00596	0.00518
72	0.00775	0.00574	0.00722	0.00685	0.00827	0.00522	0.00514	0.01020	0.01542	0.02135	0.64693	0.04405	0.17108	0.01196	0.00664	0.00179	0.00269	0.01046	0.00603	0.00522
73	0.01090	0.06202	0.63859	0.01454	0.02176	0.01242	0.01820	0.01656	0.01197	0.01743	0.03430	0.05428	0.04984	0.00658	0.00546	0.00179	0.00751	0.00527	0.00278	0.00781
74	0.01245	0.01150	0.01888	0.50712	0.22640	0.01319	0.03569	0.07600	0.01297	0.01727	0.01048	0.01461	0.00807	0.00554	0.00564	0.00181	0.00724	0.00506	0.00284	0.00726
75	0.00686	0.00490	0.00653	0.00784	0.00816	0.00457	0.00522	0.00784	0.01077	0.01437	0.03102	0.79855	0.03722	0.01763	0.00718	0.00229	0.00326	0.01600	0.00522	0.00457
76	0.12071	0.01229	0.01921	0.31977	0.19188	0.01358	0.10947	0.11190	0.01364	0.01991	0.01049	0.01384	0.00804	0.00547	0.00547	0.00179	0.00700	0.00497	0.00315	0.00743
77	0.00686	0.00490	0.00653	0.00784	0.00816	0.00457	0.00522	0.00784	0.01077	0.01437	0.03102	0.79855	0.03722	0.01763	0.00718	0.00229	0.00326	0.01600	0.00522	0.00457
78	0.01400	0.01209	0.01273	0.01145	0.01463	0.01400	0.00891	0.02990	0.75695	0.02354	0.02291	0.02100	0.01718	0.00764	0.00573	0.00191	0.00445	0.00636	0.00573	0.00891
79	0.01167	0.01000	0.01167	0.00834	0.01334	0.00750	0.00667	0.01417	0.01167	0.01834	0.01000	0.01167	0.00834	0.00417	0.00417	0.00083	0.00417	0.00333	0.00333	0.83663
80	0.00901	0.07224	0.01175	0.01008	0.01185	0.00793	0.06904	0.01106	0.01215	0.01563	0.03083	0.24335	0.15502	0.01392	0.00729	0.00222	0.02677	0.27982	0.00470	0.00534
81	0.01513	0.27595	0.33646	0.01317	0.01936	0.01718	0.01456	0.20773	0.01553	0.02094	0.01025	0.01139	0.00779	0.00554	0.00486	0.00157	0.00702	0.00402	0.00323	0.00829
82	0.01277	0.01059	0.01179	0.01118	0.01386	0.01195	0.00899	0.04082	0.53082	0.02192	0.02464	0.03281	0.02130	0.00985	0.00630	0.00210	0.00470	0.21018	0.00557	0.00787
83	0.01140	0.02835	0.73278	0.01646	0.02463	0.01313	0.06031	0.01783	0.01196	0.01783	0.01017	0.01206	0.00721	0.00531	0.00542	0.00179	0.00838	0.00429	0.00240	0.00828
84	0.00708	0.00512	0.00669	0.00757	0.00818	0.00473	0.00519	0.00843	0.01195	0.01612	0.18498	0.60219	0.07853	0.01618	0.00704	0.00216	0.00312	0.01457	0.00543	0.00473
85	0.01394	0.01449	0.01709	0.42409	0.08981	0.19180	0.01402	0.01675	0.01226	0.03519	0.00974	0.01355	0.00772	0.00620	0.00717	0.00183	0.11030	0.00469	0.00273	0.00661
86	0.00714	0.00572	0.00638	0.00622	0.00790	0.00496	0.00466	0.00903	0.01399	0.01796	0.32154	0.04962	0.49859	0.01322	0.00665	0.00185	0.00278	0.01124	0.00559	0.00496
87	0.01167	0.01000	0.01167	0.00834	0.01334	0.00750	0.00667	0.01417	0.01167	0.01834	0.01000	0.01167	0.00834	0.00417	0.00417	0.00083	0.00417	0.00333	0.00333	0.83663
88	0.01063	0.01000	0.01688	0.78870	0.03876	0.01250	0.01563	0.01438	0.01125	0.01438	0.01000	0.01500	0.00750	0.00563	0.00563	0.00188	0.00750	0.00500	0.00250	0.00625
89	0.00804	0.00603	0.00904	0.00904	0.01005	0.00703	0.00703	0.01005	0.00904	0.01306	0.01507	0.02211	0.01407	0.04221	0.77992	0.00904	0.01507	0.00603	0.00301	0.00502
90	0.00818	0.00546	0.00614	0.00614	0.00614	0.00546	0.00341	0.00818	0.00818	0.01091	0.01773	0.03683	0.02046	0.80222	0.02864	0.00546	0.00546	0.00818	0.00341	0.00341
91	0.00784	0.00623	0.00922	0.21116	0.01613	0.00664	0.00793	0.00954	0.01090	0.01437	0.02555	0.59452	0.02948	0.01451	0.00678	0.00218	0.00437	0.01313	0.00451	0.00501
92	0.01063	0.01000	0.01688	0.78870	0.03876	0.01250	0.01563	0.01438	0.01125	0.01438	0.01000	0.01500	0.00750	0.00563	0.00563	0.00188	0.00750	0.00500	0.00250	0.00625
93	0.01145	0.06260	0.74099	0.01576	0.02393	0.01347	0.02031	0.01778	0.01186	0.01762	0.01000	0.01176	0.00713	0.00532	0.00527	0.00176	0.00822	0.00411	0.00238	0.00827
94	0.01063	0.01000	0.01688	0.78870	0.03876	0.01250	0.01563	0.01438	0.01125	0.01438	0.01000	0.01500	0.00750	0.00563	0.00563	0.00188	0.00750	0.00500	0.00250	0.00625
95	0.01168	0.01901	0.31764	0.24875	0.02982	0.01334	0.22411	0.01673	0.01200	0.01673	0.01036	0.01376	0.00765	0.00538	0.00616	0.00186	0.02989	0.00513	0.00255	0.00744
96	0.01329	0.03899	0.23524	0.04841	0.15259	0.01372	0.33028	0.01800	0.01273	0.05017	0.01114	0.01400	0.00835	0.00518	0.00617	0.00181	0.02360	0.00545	0.00285	0.00802
97	0.01212	0.08977	0.51885	0.01751	0.02485	0.01413	0.20888	0.01779	0.01221	0.01750	0.01025	0.01250	0.00750	0.00515	0.00554	0.00176	0.00843	0.00471	0.00250	0.00804
98	0.00678	0.00518	0.00624	0.00709	0.00797	0.00463	0.00489	0.00792	0.01150	0.01466	0.04014	0.53718	0.29270	0.01644	0.00700	0.00215	0.00312	0.01455	0.00522	0.00463
99	0.01382	0.02851	0.57592	0.01564	0.02254	0.21267	0.01821	0.01903	0.01294	0.01677	0.00973	0.01143	0.00716	0.00546	0.00528	0.00170	0.00879	0.00402	0.00251	0.00785
100	0.01079	0.01509	0.21527	0.01498	0.01904	0.01080	0.25380	0.01416	0.01097	0.01534	0.01385	0.05903	0.01330	0.25925	0.01383	0.00304	0.04135	0.00686	0.00300	0.00624
101	0.01063	0.01000	0.01688	0.78870	0.03876	0.01250	0.01563	0.01438	0.01125	0.01438	0.01000	0.01500	0.00750	0.00563	0.00563	0.00188	0.00750	0.00500	0.00250	0.00625
102	0.01553	0.01650	0.02102	0.05095	0.56709	0.19685	0.01569	0.01844	0.01352	0.01717	0.01012	0.01305	0.00848	0.00522	0.00545	0.00162	0.00754	0.00468	0.00280	0.00827
103	0.01287	0.01263	0.02252	0.25494	0.45065	0.01323	0.11780	0.01652	0.01242	0.01716	0.01052	0.01442	0.00845	0.00516	0.00574	0.00176	0.00731	0.00524	0.00271	0.00795
104	0.01248	0.01004	0.01073	0.00976	0.01210	0.01123	0.00725	0.03907	0.48975	0.03559	0.02319	0.02672	0.05850	0.21486	0.01174	0.00282	0.00467	0.00709	0.00512	0.00728
105	0.00907	0.00648	0.00907	0.01036	0.01166	0.00648	0.00907	0.01166	0.01296	0.01684	0.02980	0.06348	0.03239	0.01555	0.00777	0.00259	0.00518	0.72924	0.00518	0.00518
106	0.01310	0.21928	0.02344	0.01509	0.01753	0.01764	0.16105	0.01522	0.01031	0.01436	0.00854	0.01232	0.00777	0.00843	0.03416	0.00221	0.40549	0.00481	0.00254	0.00669
107	0.01251	0.28248	0.53044	0.01395	0.02112	0.01607	0.01715	0.01751	0.01174	0.01633	0.00936	0.01095	0.00716	0.00517	0.00478	0.00159	0.00757	0.00378	0.00239	0.00796
108	0.00666	0.00565	0.00575	0.00584	0.00764	0.00474	0.00434	0.00806	0.01269	0.01515	0.05533	0.10221	0.71787	0.01447	0.00669	0.00193	0.00288	0.01214	0.00523	0.00474
109	0.00757	0.00605	0.00951	0.00961	0.01053	0.00565	0.08800	0.00897	0.01105	0.01477	0.02883	0.71109	0.03402	0.01619	0.00712	0.00224	0.00396	0.01495	0.00496	0.00491
110	0.00950	0.00804	0.01129	0.01412	0.20605	0.00772	0.00832	0.01265	0.05378	0.01931	0.32354	0.05220	0.21478	0.02580	0.00675	0.00187	0.00392	0.00913	0.00497	0.00625
111	0.01393	0.01337	0.02284	0.03454	0.76712	0.01337	0.01727	0.01727	0.01281	0.01839	0.01059	0.01393	0.00891	0.00501	0.00557	0.00167	0.00669	0.00501	0.00279	0.00891
112	0.00680	0.00511	0.00631	0.00728	0.00802	0.00462	0.00498	0.00790	0.01131	0.01458	0.03779	0.60472	0.22668	0.01675	0.00704	0.00219	0.00316	0.01493	0.00522	0.00462
113	0.84197	0.01088	0.00827	0.00740	0.01088	0.01262	0.00609	0.01654	0.00958	0.02525	0.00784	0.00914	0.00609	0.00522	0.00348	0.00174	0.00435	0.00305	0.00348	0.00609
114	0.01380	0.00611	0.00882	0.00803	0.00916	0.00577	0.00577	0.01256	0.00962	0.20799	0.01301	0.01764	0.01086	0.01627	0.01774	0.61896	0.00486	0.00509	0.00362	0.00430
115	0.00698	0.00499	0.00664	0.00775	0.00819	0.00465	0.00523	0.00814	0.01134	0.01526	0.11096	0.71606	0.03895	0.01696	0.00712	0.00223	0.00320	0.01536	0.00533	0.00465
116	0.01227	0.23130	0.57945	0.01437	0.02178	0.01546	0.01789	0.01757	0.01177	0.01663	0.00951	0.01114	0.00715	0.00521	0.00489	0.00163	0.00772	0.00386	0.00238	0.00803
117	0.01129	0.02911	0.77306	0.01604	0.02436	0.01307	0.02079	0.01782	0.01188	0.01782	0.01010	0.01188	0.00713	0.00535	0.00535	0.00178	0.00832	0.00416	0.00238	0.00832
118	0.01430	0.02043	0.21371	0.01503	0.01795	0.21312	0.01415	0.01696	0.01136	0.01472	0.00843	0.01164	0.00728	0.00763	0.01159	0.00202	0.38591	0.00439	0.00255	0.00681
119	0.01114	0.01419	0.22233	0.01022	0.01516	0.00851	0.01031	0.01479	0.01301	0.04930	0.20689	0.01993	0.01988	0.00652	0.00520	0.00138	0.00495	0.00544	0.00396	0.35690
120	0.01024	0.00767	0.00926	0.00896	0.01068	0.00784	0.00692	0.10841	0.09825	0.02130	0.27603	0.22171	0.05913	0.01261	0.00670	0.00202	0.00384	0.11671	0.00565	0.00605
121	0.01092	0.10579	0.52613	0.04695	0.02101	0.01257	0.01653	0.01601	0.01218	0.01721	0.06479	0.01842	0.09478	0.00670	0.00541	0.00174	0.00706	0.00533	0.00295	0.00752
122	0.01129	0.02911	0.77306	0.01604	0.02436	0.01307	0.02079	0.01782	0.01188	0.01782	0.01010	0.01188	0.00713	0.00535	0.00535	0.00178	0.00832	0.00416	0.00238	0.00832
123	0.01300	0.01697	0.21531	0.02004	0.23297	0.01302	0.07916	0.02072	0.21940	0.01964	0.01390	0.01527	0.01066	0.00573	0.00553	0.00171	0.00651	0.00516	0.00355	0.08173
124	0.00709	0.00522	0.00665	0.00734	0.00814	0.00477	0.00511	0.00854	0.01231	0.01646	0.21104	0.50751	0.14779	0.01566	0.00697	0.00211	0.00306	0.01399	0.00546	0.00477

[dist]
# distance from previous block
# <min> <max>
0	1

[block]
# block no. 1 follows, 42 sequences, length 29
# corresponding to MSA columns:
# 1438-1466
name=unknown_B
#
# <colnr> <probs for GDERKNQSTAVLIFYWHMCP>
#	G	D	E	R	K	N	Q	S	T	A	V	L	I	F	Y	W	H	M	C	P
0	0.01643	0.01330	0.01410	0.01195	0.01556	0.01514	0.00950	0.26650	0.51639	0.02747	0.01981	0.01853	0.01467	0.00735	0.00569	0.00184	0.00503	0.00594	0.00569	0.00913
1	0.01182	0.13972	0.66715	0.01513	0.02294	0.01438	0.01920	0.01768	0.01182	0.01717	0.00978	0.01147	0.00714	0.00527	0.00510	0.00170	0.00799	0.00399	0.00238	0.00816
2	0.00673	0.00537	0.00604	0.00657	0.00783	0.00468	0.00466	0.00798	0.01199	0.01486	0.04640	0.35814	0.46770	0.01563	0.00687	0.00206	0.00302	0.01356	0.00523	0.00468
3	0.01129	0.02911	0.77306	0.01604	0.02436	0.01307	0.02079	0.01782	0.01188	0.01782	0.01010	0.01188	0.00713	0.00535	0.00535	0.00178	0.00832	0.00416	0.00238	0.00832
4	0.02525	0.00958	0.01306	0.01001	0.01437	0.00827	0.00827	0.02743	0.01611	0.77102	0.02220	0.01915	0.01393	0.00697	0.00566	0.00174	0.00479	0.00566	0.00697	0.00958
5	0.00670	0.00570	0.00577	0.00575	0.00763	0.00477	0.00431	0.00817	0.01294	0.01548	0.08338	0.05371	0.73829	0.01415	0.00665	0.00190	0.00284	0.01181	0.00526	0.00477
6	0.01101	0.01074	0.01920	0.67973	0.03743	0.01275	0.11976	0.01490	0.01154	0.01490	0.01020	0.01503	0.00765	0.00550	0.00577	0.00188	0.00778	0.00523	0.00255	0.00644
7	0.00747	0.00559	0.00708	0.00804	0.00907	0.00520	0.00614	0.00906	0.01198	0.01534	0.03756	0.37757	0.22924	0.01610	0.00722	0.00228	0.00374	0.23131	0.00521	0.00480
8	0.00676	0.00528	0.00614	0.00683	0.00790	0.00466	0.00478	0.00795	0.01174	0.01476	0.04326	0.44799	0.37988	0.01604	0.00693	0.00210	0.00307	0.01406	0.00522	0.00466
9	0.01328	0.01518	0.03321	0.02372	0.02941	0.01423	0.74668	0.01803	0.01328	0.01803	0.01139	0.01518	0.00854	0.00474	0.00664	0.00190	0.00949	0.00664	0.00285	0.00759
10	0.01060	0.00847	0.01115	0.12152	0.01631	0.00934	0.00996	0.01690	0.21056	0.01827	0.02514	0.04528	0.02480	0.01203	0.00692	0.00231	0.00532	0.43385	0.00494	0.00633
11	0.01231	0.01231	0.01724	0.01477	0.01477	0.01724	0.01231	0.01354	0.00862	0.01354	0.00739	0.01231	0.00739	0.00985	0.01847	0.00246	0.79192	0.00492	0.00246	0.00616
12	0.01129	0.02911	0.77306	0.01604	0.02436	0.01307	0.02079	0.01782	0.01188	0.01782	0.01010	0.01188	0.00713	0.00535	0.00535	0.00178	0.00832	0.00416	0.00238	0.00832
13	0.01063	0.01000	0.01688	0.78870	0.03876	0.01250	0.01563	0.01438	0.01125	0.01438	0.01000	0.01500	0.00750	0.00563	0.00563	0.00188	0.00750	0.00500	0.00250	0.00625
14	0.02525	0.00958	0.01306	0.01001	0.01437	0.00827	0.00827	0.02743	0.01611	0.77102	0.02220	0.01915	0.01393	0.00697	0.00566	0.00174	0.00479	0.00566	0.00697	0.00958
15	0.01063	0.01000	0.01688	0.78870	0.03876	0.01250	0.01563	0.01438	0.01125	0.01438	0.01000	0.01500	0.00750	0.00563	0.00563	0.00188	0.00750	0.00500	0.00250	0.00625
16	0.01328	0.01518	0.03321	0.02372	0.02941	0.01423	0.74668	0.01803	0.01328	0.01803	0.01139	0.01518	0.00854	0.00474	0.00664	0.00190	0.00949	0.00664	0.00285	0.00759
17	0.84197	0.01088	0.00827	0.00740	0.01088	0.01262	0.00609	0.01654	0.00958	0.02525	0.00784	0.00914	0.00609	0.00522	0.00348	0.00174	0.00435	0.00305	0.00348	0.00609
18	0.01063	0.01000	0.01688	0.78870	0.03876	0.01250	0.01563	0.01438	0.01125	0.01438	0.01000	0.01500	0.00750	0.00563	0.00563	0.00188	0.00750	0.00500	0.00250	0.00625
19	0.00686	0.00490	0.00653	0.00784	0.00816	0.00457	0.00522	0.00784	0.01077	0.01437	0.03102	0.79855	0.03722	0.01763	0.00718	0.00229	0.00326	0.01600	0.00522	0.00457
20	0.01063	0.01000	0.01688	0.78870	0.03876	0.01250	0.01563	0.01438	0.01125	0.01438	0.01000	0.01500	0.00750	0.00563	0.00563	0.00188	0.00750	0.00500	0.00250	0.00625
21	0.02525	0.00958	0.01306	0.01001	0.01437	0.00827	0.00827	0.02743	0.01611	0.77102	0.02220	0.01915	0.01393	0.00697	0.00566	0.00174	0.00479	0.00566	0.00697	0.00958
22	0.01257	0.01307	0.02148	0.01715	0.01867	0.01644	0.20760	0.01474	0.00986	0.01474	0.00845	0.01307	0.00769	0.00849	0.01532	0.00231	0.58386	0.00538	0.00256	0.00654
23	0.00818	0.00546	0.00614	0.00614	0.00614	0.00546	0.00341	0.00818	0.00818	0.01091	0.01773	0.03683	0.02046	0.80222	0.02864	0.00546	0.00546	0.00818	0.00341	0.00341
24	0.00907	0.00648	0.00907	0.01036	0.01166	0.00648	0.00907	0.01166	0.01296	0.01684	0.02980	0.06348	0.03239	0.01555	0.00777	0.00259	0.00518	0.72924	0.00518	0.00518
25	0.01377	0.01321	0.02255	0.07091	0.73199	0.01333	0.01719	0.01713	0.01274	0.01819	0.01056	0.01398	0.00885	0.00504	0.00557	0.00168	0.00672	0.00501	0.00277	0.00879
26	0.01129	0.02911	0.77306	0.01604	0.02436	0.01307	0.02079	0.01782	0.01188	0.01782	0.01010	0.01188	0.00713	0.00535	0.00535	0.00178	0.00832	0.00416	0.00238	0.00832
27	0.00671	0.00549	0.00592	0.00627	0.00775	0.00470	0.00453	0.00801	0.01228	0.01498	0.05010	0.25211	0.57135	0.01515	0.00679	0.00200	0.00296	0.01297	0.00523	0.00470
28	0.01158	0.01097	0.01859	0.57209	0.24796	0.01275	0.01610	0.01521	0.01170	0.01553	0.01017	0.01469	0.00791	0.00545	0.00561	0.00182	0.00727	0.00500	0.00258	0.00702

[dist]
# distance from previous block
# <min> <max>
0	2

[block]
# block no. 2 follows, 42 sequences, length 9
# corresponding to MSA columns:
# 1469-1477
name=unknown_C
#
# <colnr> <probs for GDERKNQSTAVLIFYWHMCP>
#	G	D	E	R	K	N	Q	S	T	A	V	L	I	F	Y	W	H	M	C	P
0	0.01393	0.01337	0.02284	0.03454	0.76712	0.01337	0.01727	0.01727	0.01281	0.01839	0.01059	0.01393	0.00891	0.00501	0.00557	0.00167	0.00669	0.00501	0.00279	0.00891
1	0.01187	0.14988	0.65741	0.01504	0.02282	0.01450	0.01906	0.01767	0.01181	0.01711	0.00975	0.01144	0.00714	0.00526	0.00508	0.00169	0.00796	0.00398	0.00238	0.00815
2	0.01393	0.01337	0.02284	0.03454	0.76712	0.01337	0.01727	0.01727	0.01281	0.01839	0.01059	0.01393	0.00891	0.00501	0.00557	0.00167	0.00669	0.00501	0.00279	0.00891
3	0.73497	0.01152	0.00940	0.00812	0.01174	0.01325	0.00669	0.11197	0.01178	0.02658	0.00858	0.00971	0.00655	0.00542	0.00376	0.00173	0.00459	0.00331	0.00376	0.00655
4	0.01393	0.01337	0.02284	0.03454	0.76712	0.01337	0.01727	0.01727	0.01281	0.01839	0.01059	0.01393	0.00891	0.00501	0.00557	0.00167	0.00669	0.00501	0.00279	0.00891
5	0.01747	0.01428	0.01391	0.01123	0.01521	0.12765	0.00900	0.25442	0.10150	0.08764	0.01454	0.01624	0.01127	0.00644	0.00522	0.00149	0.00580	0.03554	0.03195	0.21920
6	0.01224	0.22673	0.58382	0.01441	0.02183	0.01541	0.01795	0.01758	0.01177	0.01666	0.00952	0.01116	0.00715	0.00521	0.00490	0.00163	0.00773	0.00387	0.00238	0.00804
7	0.01423	0.10192	0.50764	0.01462	0.02163	0.01509	0.01713	0.20365	0.01555	0.02186	0.01074	0.01202	0.00776	0.00565	0.00525	0.00170	0.00755	0.00428	0.00321	0.00853
8	0.01456	0.01268	0.01903	0.31981	0.29551	0.01408	0.01496	0.20222	0.01568	0.02119	0.01111	0.01424	0.00854	0.00569	0.00561	0.00175	0.00687	0.00502	0.00340	0.00805

[dist]
# distance from previous block
# <min> <max>
0	2

[block]
# block no. 3 follows, 42 sequences, length 56
# corresponding to MSA columns:
# 1480-1505,1620-1646,1934-1936
name=unknown_D
#
# <colnr> <probs for GDERKNQSTAVLIFYWHMCP>
#	G	D	E	R	K	N	Q	S	T	A	V	L	I	F	Y	W	H	M	C	P
0	0.03562	0.01279	0.04268	0.25073	0.51459	0.01309	0.01659	0.01643	0.01225	0.01740	0.01033	0.01405	0.00838	0.00521	0.00552	0.00174	0.00690	0.00493	0.00271	0.00805
1	0.01404	0.34217	0.37705	0.01326	0.01947	0.11392	0.01503	0.01802	0.01222	0.01546	0.00900	0.01051	0.00718	0.00519	0.00461	0.00151	0.00762	0.00363	0.00246	0.00765
2	0.01151	0.01090	0.01846	0.58817	0.23243	0.01273	0.01607	0.01515	0.01167	0.01544	0.01016	0.01472	0.00788	0.00546	0.00561	0.00182	0.00728	0.00500	0.00258	0.00696
3	0.01984	0.01559	0.01576	0.01264	0.01672	0.07527	0.01023	0.50807	0.18844	0.05536	0.01552	0.01511	0.01123	0.00689	0.00561	0.00172	0.00606	0.00526	0.00548	0.00919
4	0.01429	0.49621	0.11926	0.01093	0.01575	0.01890	0.01085	0.02044	0.20972	0.01656	0.01212	0.01257	0.00986	0.00563	0.00439	0.00146	0.00589	0.00405	0.00329	0.00781
5	0.01787	0.01336	0.01456	0.01202	0.01571	0.01479	0.00976	0.44300	0.21858	0.05124	0.01838	0.05714	0.01484	0.00821	0.00590	0.00185	0.00547	0.06288	0.00564	0.00881
6	0.76200	0.01136	0.00911	0.00794	0.01152	0.01310	0.00654	0.08786	0.01122	0.02625	0.00839	0.00957	0.00643	0.00537	0.00369	0.00174	0.00453	0.00324	0.00369	0.00643
7	0.00686	0.00490	0.00653	0.00784	0.00816	0.00457	0.00522	0.00784	0.01077	0.01437	0.03102	0.79855	0.03722	0.01763	0.00718	0.00229	0.00326	0.01600	0.00522	0.00457
8	0.01092	0.01107	0.00929	0.00961	0.01099	0.21095	0.00709	0.01237	0.01293	0.01502	0.06353	0.36722	0.12163	0.01350	0.00660	0.00203	0.00525	0.10014	0.00465	0.00522
9	0.02525	0.00958	0.01306	0.01001	0.01437	0.00827	0.00827	0.02743	0.01611	0.77102	0.02220	0.01915	0.01393	0.00697	0.00566	0.00174	0.00479	0.00566	0.00697	0.00958
10	0.02525	0.00958	0.01306	0.01001	0.01437	0.00827	0.00827	0.02743	0.01611	0.77102	0.02220	0.01915	0.01393	0.00697	0.00566	0.00174	0.00479	0.00566	0.00697	0.00958
11	0.00896	0.00640	0.00895	0.01024	0.01149	0.00639	0.00888	0.01148	0.01285	0.01672	0.02986	0.09887	0.03262	0.01565	0.00774	0.00258	0.00509	0.69490	0.00518	0.00515
12	0.01393	0.01337	0.02284	0.03454	0.76712	0.01337	0.01727	0.01727	0.01281	0.01839	0.01059	0.01393	0.00891	0.00501	0.00557	0.00167	0.00669	0.00501	0.00279	0.00891
13	0.00665	0.00570	0.00570	0.00570	0.00760	0.00475	0.00428	0.00808	0.01283	0.01520	0.05701	0.05416	0.76483	0.01425	0.00665	0.00190	0.00285	0.01188	0.00523	0.00475
14	0.01328	0.01518	0.03321	0.02372	0.02941	0.01423	0.74668	0.01803	0.01328	0.01803	0.01139	0.01518	0.00854	0.00474	0.00664	0.00190	0.00949	0.00664	0.00285	0.00759
15	0.01393	0.01337	0.02284	0.03454	0.76712	0.01337	0.01727	0.01727	0.01281	0.01839	0.01059	0.01393	0.00891	0.00501	0.00557	0.00167	0.00669	0.00501	0.00279	0.00891
16	0.00931	0.00699	0.00898	0.00943	0.01101	0.00708	0.00784	0.01361	0.11149	0.01914	0.22182	0.05185	0.07106	0.01339	0.00715	0.00225	0.00431	0.41208	0.00552	0.00568
17	0.00978	0.00489	0.00733	0.00733	0.00733	0.00489	0.00489	0.00733	0.00733	0.00978	0.00978	0.01711	0.00978	0.01955	0.02199	0.83627	0.00489	0.00489	0.00244	0.00244
18	0.01063	0.01000	0.01688	0.78870	0.03876	0.01250	0.01563	0.01438	0.01125	0.01438	0.01000	0.01500	0.00750	0.00563	0.00563	0.00188	0.00750	0.00500	0.00250	0.00625
19	0.84197	0.01088	0.00827	0.00740	0.01088	0.01262	0.00609	0.01654	0.00958	0.02525	0.00784	0.00914	0.00609	0.00522	0.00348	0.00174	0.00435	0.00305	0.00348	0.00609
20	0.01118	0.01064	0.01506	0.01325	0.01352	0.01452	0.01091	0.01261	0.00873	0.01342	0.00943	0.01492	0.00916	0.01845	0.22093	0.00421	0.58536	0.00522	0.00261	0.00586
21	0.01699	0.01142	0.01281	0.01107	0.01456	0.01247	0.00874	0.02925	0.55997	0.22229	0.02272	0.02051	0.01632	0.00746	0.00571	0.00186	0.00454	0.00618	0.00606	0.00909
22	0.02147	0.07175	0.01424	0.01037	0.01444	0.01088	0.00855	0.02727	0.21273	0.51372	0.02128	0.01886	0.01428	0.00698	0.00552	0.00174	0.00479	0.00564	0.00628	0.00922
23	0.01063	0.01000	0.01688	0.78870	0.03876	0.01250	0.01563	0.01438	0.01125	0.01438	0.01000	0.01500	0.00750	0.00563	0.00563	0.00188	0.00750	0.00500	0.00250	0.00625
24	0.01063	0.01000	0.01688	0.78870	0.03876	0.01250	0.01563	0.01438	0.01125	0.01438	0.01000	0.01500	0.00750	0.00563	0.00563	0.00188	0.00750	0.00500	0.00250	0.00625
25	0.00998	0.00981	0.01662	0.01652	0.16808	0.00908	0.20448	0.01271	0.01295	0.01666	0.03452	0.03592	0.38542	0.00989	0.00647	0.00188	0.00547	0.03309	0.00410	0.00637
26	0.01400	0.01209	0.01273	0.01145	0.01463	0.01400	0.00891	0.02990	0.75695	0.02354	0.02291	0.02100	0.01718	0.00764	0.00573	0.00191	0.00445	0.00636	0.00573	0.00891
27	0.01063	0.01000	0.01688	0.78870	0.03876	0.01250	0.01563	0.01438	0.01125	0.01438	0.01000	0.01500	0.00750	0.00563	0.00563	0.00188	0.00750	0.00500	0.00250	0.00625
28	0.01063	0.01000	0.01688	0.78870	0.03876	0.01250	0.01563	0.01438	0.01125	0.01438	0.01000	0.01500	0.00750	0.00563	0.00563	0.00188	0.00750	0.00500	0.00250	0.00625
29	0.01151	0.01090	0.01846	0.58817	0.23243	0.01273	0.01607	0.01515	0.01167	0.01544	0.01016	0.01472	0.00788	0.00546	0.00561	0.00182	0.00728	0.00500	0.00258	0.00696
30	0.01393	0.01337	0.02284	0.03454	0.76712	0.01337	0.01727	0.01727	0.01281	0.01839	0.01059	0.01393	0.00891	0.00501	0.00557	0.00167	0.00669	0.00501	0.00279	0.00891
31	0.00908	0.00720	0.01152	0.01145	0.01308	0.00701	0.10142	0.01156	0.01248	0.01640	0.02776	0.23154	0.03052	0.01467	0.00749	0.00243	0.00527	0.46888	0.00490	0.00534
32	0.01261	0.30185	0.51188	0.01379	0.02087	0.01630	0.01687	0.01748	0.01172	0.01621	0.00930	0.01088	0.00716	0.00516	0.00474	0.00158	0.00751	0.00375	0.00239	0.00793
33	0.01129	0.02911	0.77306	0.01604	0.02436	0.01307	0.02079	0.01782	0.01188	0.01782	0.01010	0.01188	0.00713	0.00535	0.00535	0.00178	0.00832	0.00416	0.00238	0.00832
34	0.00907	0.00648	0.00907	0.01036	0.01166	0.00648	0.00907	0.01166	0.01296	0.01684	0.02980	0.06348	0.03239	0.01555	0.00777	0.00259	0.00518	0.72924	0.00518	0.00518
35	0.00665	0.00570	0.00570	0.00570	0.00760	0.00475	0.00428	0.00808	0.01283	0.01520	0.05701	0.05416	0.76483	0.01425	0.00665	0.00190	0.00285	0.01188	0.00523	0.00475
36	0.00686	0.00490	0.00653	0.00784	0.00816	0.00457	0.00522	0.00784	0.01077	0.01437	0.03102	0.79855	0.03722	0.01763	0.00718	0.00229	0.00326	0.01600	0.00522	0.00457
37	0.00665	0.00570	0.00570	0.00570	0.00760	0.00475	0.00428	0.00808	0.01283	0.01520	0.05701	0.05416	0.76483	0.01425	0.00665	0.00190	0.00285	0.01188	0.00523	0.00475
38	0.84197	0.01088	0.00827	0.00740	0.01088	0.01262	0.00609	0.01654	0.00958	0.02525	0.00784	0.00914	0.00609	0.00522	0.00348	0.00174	0.00435	0.00305	0.00348	0.00609
39	0.00907	0.00648	0.00907	0.01036	0.01166	0.00648	0.00907	0.01166	0.01296	0.01684	0.02980	0.06348	0.03239	0.01555	0.00777	0.00259	0.00518	0.72924	0.00518	0.00518
40	0.00760	0.00547	0.00719	0.00733	0.00833	0.00506	0.00528	0.00970	0.01422	0.01984	0.52075	0.29320	0.04783	0.01354	0.00682	0.00194	0.00286	0.01211	0.00587	0.00506
41	0.01197	0.01018	0.01183	0.00848	0.01346	0.00781	0.00679	0.03688	0.01213	0.01887	0.01011	0.01173	0.00837	0.00425	0.00421	0.00086	0.00423	0.00339	0.00341	0.81104
42	0.01429	0.01041	0.01228	0.00893	0.01381	0.00841	0.00721	0.07512	0.01346	0.12138	0.01193	0.01283	0.00919	0.00475	0.00449	0.00103	0.00441	0.00379	0.00401	0.65827
43	0.01243	0.01025	0.01185	0.00879	0.01354	0.00835	0.00701	0.01661	0.10606	0.04478	0.01205	0.01311	0.00965	0.00470	0.00442	0.00100	0.00423	0.00380	0.00376	0.70364
44	0.01655	0.00934	0.01153	0.00929	0.01288	0.00859	0.00742	0.04489	0.12882	0.30308	0.19701	0.02323	0.02253	0.00759	0.00560	0.00159	0.00415	0.00636	0.00582	0.17373
45	0.02045	0.01194	0.01448	0.01158	0.01564	0.01233	0.03335	0.19010	0.25100	0.34597	0.02011	0.01833	0.01379	0.00706	0.00571	0.00179	0.00515	0.00578	0.00614	0.00930
46	0.01210	0.01147	0.10722	0.01019	0.01324	0.00967	0.00918	0.20782	0.01784	0.02467	0.37615	0.03334	0.03308	0.00997	0.00635	0.00185	0.00463	0.09898	0.00543	0.00681
47	0.01191	0.00656	0.00860	0.00825	0.00995	0.00601	0.00610	0.03456	0.01385	0.19641	0.21409	0.37987	0.05488	0.01315	0.00662	0.00200	0.00355	0.01165	0.00589	0.00609
48	0.01291	0.01233	0.02100	0.26798	0.54166	0.01310	0.01676	0.01638	0.01233	0.01715	0.01041	0.01426	0.00848	0.00520	0.00559	0.00173	0.00694	0.00501	0.00270	0.00809
49	0.01510	0.02123	0.39281	0.03588	0.08089	0.01348	0.01613	0.02282	0.21136	0.10353	0.01623	0.01723	0.01202	0.00702	0.00609	0.00205	0.00714	0.00545	0.00429	0.00927
50	0.01452	0.00989	0.01586	0.58165	0.03227	0.01138	0.01367	0.01785	0.01254	0.21556	0.01325	0.01611	0.00921	0.00598	0.00564	0.00184	0.00678	0.00518	0.00369	0.00714
51	0.01869	0.00984	0.01400	0.01096	0.01471	0.02857	0.10102	0.03894	0.01532	0.43720	0.08531	0.04765	0.13517	0.00846	0.00605	0.00179	0.00504	0.00735	0.00592	0.00800
52	0.01238	0.25386	0.55784	0.01418	0.02149	0.01573	0.01756	0.01754	0.01175	0.01650	0.00944	0.01106	0.00716	0.00519	0.00484	0.00161	0.00765	0.00383	0.00239	0.00800
53	0.01285	0.01717	0.22163	0.11659	0.48563	0.01319	0.01802	0.01708	0.01239	0.01777	0.01039	0.01351	0.00828	0.00517	0.00552	0.00172	0.00721	0.00479	0.00264	0.00845
54	0.00867	0.00845	0.10414	0.00914	0.01086	0.00615	0.00771	0.01071	0.01172	0.05207	0.08993	0.49010	0.03228	0.03471	0.02360	0.00240	0.00441	0.08261	0.00494	0.00539
55	0.01244	0.16024	0.59320	0.01506	0.02246	0.05156	0.03552	0.01789	0.01203	0.01686	0.00968	0.01139	0.00718	0.00526	0.00507	0.00167	0.00804	0.00400	0.00242	0.00803

[dist]
# distance from previous block
# <min> <max>
3	7

[block]
# block no. 4 follows, 42 sequences, length 83
# corresponding to MSA columns:
# 1944-2026
name=unknown_E
#
# <colnr> <probs for GDERKNQSTAVLIFYWHMCP>
#	G	D	E	R	K	N	Q	S	T	A	V	L	I	F	Y	W	H	M	C	P
0	0.01205	0.07757	0.45188	0.08666	0.04745	0.01395	0.19683	0.01748	0.01216	0.01726	0.01026	0.01283	0.00756	0.00518	0.00557	0.00178	0.00832	0.00478	0.00252	0.00790
1	0.04638	0.01019	0.01570	0.25219	0.24305	0.01158	0.01235	0.01372	0.01059	0.01509	0.01167	0.01946	0.01101	0.20056	0.01261	0.00275	0.09621	0.00569	0.00284	0.00633
2	0.01063	0.01000	0.01688	0.78870	0.03876	0.01250	0.01563	0.01438	0.01125	0.01438	0.01000	0.01500	0.00750	0.00563	0.00563	0.00188	0.00750	0.00500	0.00250	0.00625
3	0.00836	0.00651	0.00967	0.00948	0.01041	0.00781	0.00743	0.01031	0.00901	0.01310	0.01449	0.02137	0.01356	0.03976	0.72223	0.00855	0.07393	0.00595	0.00297	0.00511
4	0.01485	0.01365	0.12282	0.01916	0.20172	0.01087	0.16638	0.01854	0.01410	0.18706	0.15323	0.02030	0.01792	0.00664	0.00598	0.00177	0.00632	0.00634	0.00431	0.00803
5	0.01848	0.01197	0.01918	0.01685	0.11585	0.01160	0.19000	0.02433	0.17167	0.33121	0.01820	0.01789	0.01265	0.00631	0.00590	0.00181	0.00611	0.00596	0.00515	0.00886
6	0.01328	0.01518	0.03321	0.02372	0.02941	0.01423	0.74668	0.01803	0.01328	0.01803	0.01139	0.01518	0.00854	0.00474	0.00664	0.00190	0.00949	0.00664	0.00285	0.00759
7	0.01619	0.05291	0.18008	0.03504	0.21892	0.01229	0.04643	0.07297	0.03425	0.20118	0.04474	0.03447	0.01235	0.00631	0.00559	0.00173	0.00635	0.00547	0.00417	0.00855
8	0.01672	0.00930	0.01250	0.01099	0.03492	0.00903	0.04398	0.03832	0.15964	0.32559	0.09024	0.16531	0.02205	0.02633	0.00658	0.00196	0.00458	0.00819	0.00590	0.00789
9	0.00809	0.00584	0.00810	0.00810	0.00878	0.00652	0.00586	0.00944	0.00877	0.01237	0.01594	0.02688	0.01614	0.28862	0.53634	0.00788	0.01196	0.00673	0.00314	0.00450
10	0.22452	0.01286	0.02178	0.01934	0.15580	0.01271	0.30820	0.01904	0.01272	0.14181	0.01210	0.01407	0.00886	0.00527	0.00549	0.00179	0.00692	0.00528	0.00366	0.00777
11	0.01386	0.19393	0.31490	0.01684	0.08253	0.01470	0.15720	0.01825	0.01262	0.08396	0.03256	0.01357	0.00949	0.00541	0.00530	0.00166	0.00743	0.00476	0.00302	0.00801
12	0.01395	0.20915	0.09764	0.02208	0.21843	0.01596	0.28553	0.03981	0.01298	0.01746	0.01025	0.01299	0.00822	0.00495	0.00547	0.00165	0.00770	0.00505	0.00276	0.00798
13	0.00779	0.00548	0.00710	0.00744	0.00783	0.00569	0.00496	0.00865	0.00912	0.01245	0.02042	0.23163	0.02295	0.37196	0.24556	0.00569	0.00773	0.00959	0.00377	0.00419
14	0.01070	0.02600	0.67349	0.01488	0.02223	0.01197	0.01873	0.01654	0.01182	0.01741	0.01392	0.08254	0.04183	0.00680	0.00556	0.00183	0.00764	0.00552	0.00275	0.00784
15	0.01743	0.01511	0.18835	0.20213	0.02304	0.01192	0.01329	0.12033	0.04998	0.27875	0.01530	0.01579	0.01036	0.00627	0.00558	0.00178	0.00643	0.00511	0.00458	0.00844
16	0.01513	0.01243	0.01666	0.43500	0.02889	0.01457	0.01328	0.30963	0.05816	0.02334	0.01212	0.01473	0.00886	0.00619	0.00563	0.00180	0.00681	0.00510	0.00393	0.00773
17	0.01051	0.01014	0.01844	0.01484	0.01782	0.00984	0.31290	0.01508	0.10900	0.01754	0.06372	0.32980	0.02364	0.01064	0.00674	0.00205	0.00596	0.01054	0.00436	0.00643
