[name]
unknown

[dist]
# distance from previous block
# <min> <max>
0	463

[block]
# block no. 0 follows, 49 sequences, length 123
# corresponding to MSA columns:
# 501-623
name=unknown_A
#
# <colnr> <probs for GDERKNQSTAVLIFYWHMCP>
#	G	D	E	R	K	N	Q	S	T	A	V	L	I	F	Y	W	H	M	C	P
0	0.02067	0.01157	0.01354	0.01041	0.01437	0.01187	0.00859	0.41902	0.03418	0.37807	0.01585	0.01457	0.01051	0.00617	0.00507	0.00154	0.00496	0.00482	0.00561	0.00859
1	0.72873	0.01045	0.00863	0.00742	0.01069	0.01201	0.00611	0.13185	0.01094	0.02410	0.00783	0.00882	0.00596	0.00491	0.00343	0.00156	0.00417	0.00302	0.00343	0.00596
2	0.01141	0.00663	0.00683	0.00611	0.00787	0.00693	0.00477	0.16611	0.01327	0.02149	0.01561	0.01749	0.01208	0.00593	0.00384	0.00125	0.00301	0.00468	0.67919	0.00550
3	0.74118	0.01177	0.00839	0.00754	0.01059	0.12142	0.00607	0.01561	0.00940	0.02125	0.00715	0.00834	0.00562	0.00477	0.00333	0.00153	0.00464	0.00281	0.00306	0.00553
4	0.00669	0.00462	0.00571	0.00637	0.00653	0.00446	0.00398	0.00718	0.00866	0.01154	0.02261	0.47277	0.02681	0.37112	0.01495	0.00331	0.00380	0.01128	0.00398	0.00365
5	0.00615	0.00446	0.00581	0.00689	0.00729	0.00412	0.00463	0.00706	0.00983	0.01297	0.02974	0.75746	0.09377	0.01560	0.00642	0.00203	0.00290	0.01408	0.00469	0.00412
6	0.00729	0.00526	0.00695	0.00677	0.00796	0.00492	0.00524	0.00967	0.01394	0.01956	0.68208	0.04046	0.04512	0.01084	0.00611	0.00169	0.00270	0.11322	0.00544	0.00476
7	0.01927	0.01898	0.01452	0.01219	0.01548	0.42437	0.00956	0.33424	0.01827	0.06996	0.01038	0.01089	0.00776	0.00563	0.00480	0.00141	0.00733	0.00391	0.00386	0.00718
8	0.00716	0.00517	0.00676	0.00636	0.00755	0.00477	0.00477	0.00954	0.01431	0.02028	0.78808	0.03777	0.04771	0.01034	0.00596	0.00159	0.00239	0.00914	0.00557	0.00477
9	0.00598	0.00512	0.00512	0.00512	0.00683	0.00427	0.00384	0.00726	0.01153	0.01366	0.05123	0.04866	0.78869	0.01281	0.00598	0.00171	0.00256	0.01067	0.00470	0.00427
10	0.01252	0.01201	0.02053	0.03104	0.79074	0.01201	0.01552	0.01552	0.01151	0.01652	0.00951	0.01252	0.00801	0.00451	0.00501	0.00150	0.00601	0.00451	0.00250	0.00801
11	0.01604	0.01258	0.01338	0.01099	0.01447	0.01419	0.00884	0.41563	0.38722	0.02673	0.01619	0.01537	0.01188	0.00645	0.00510	0.00161	0.00482	0.00511	0.00510	0.00831
12	0.00616	0.00440	0.00587	0.00704	0.00733	0.00411	0.00469	0.00704	0.00968	0.01291	0.02787	0.81899	0.03344	0.01584	0.00645	0.00205	0.00293	0.01438	0.00469	0.00411
13	0.45301	0.40090	0.01658	0.00761	0.01131	0.01550	0.00700	0.01500	0.00941	0.01751	0.00704	0.00817	0.00596	0.00452	0.00318	0.00133	0.00463	0.00272	0.00267	0.00596
14	0.01461	0.00664	0.00853	0.00731	0.00921	0.00605	0.00529	0.01562	0.01095	0.38626	0.01881	0.08825	0.01677	0.36652	0.01429	0.00307	0.00446	0.00683	0.00473	0.00581
15	0.01922	0.01437	0.01516	0.01166	0.01568	0.03165	0.00961	0.75858	0.02358	0.03147	0.01205	0.01208	0.00856	0.00605	0.00505	0.00151	0.00564	0.00453	0.00501	0.00854
16	0.01014	0.02616	0.79609	0.01441	0.02189	0.01174	0.01868	0.01601	0.01068	0.01601	0.00907	0.01068	0.00641	0.00480	0.00480	0.00160	0.00747	0.00374	0.00214	0.00747
17	0.01346	0.01271	0.01184	0.01067	0.01349	0.12248	0.00825	0.02594	0.67478	0.01993	0.01880	0.01751	0.01419	0.00663	0.00506	0.00166	0.00471	0.00537	0.00479	0.00771
18	0.01666	0.01942	0.01331	0.01206	0.01476	0.52304	0.00915	0.02255	0.28546	0.01548	0.01233	0.01256	0.00967	0.00579	0.00477	0.00145	0.00731	0.00413	0.00350	0.00662
19	0.01014	0.02616	0.79609	0.01441	0.02189	0.01174	0.01868	0.01601	0.01068	0.01601	0.00907	0.01068	0.00641	0.00480	0.00480	0.00160	0.00747	0.00374	0.00214	0.00747
20	0.01064	0.02269	0.58377	0.01632	0.02314	0.01203	0.22752	0.01606	0.01102	0.01606	0.00939	0.01150	0.00676	0.00465	0.00513	0.00163	0.00776	0.00435	0.00225	0.00729
21	0.01044	0.00960	0.01571	0.79967	0.03515	0.01169	0.01432	0.01353	0.01067	0.01377	0.00987	0.01466	0.00759	0.00564	0.00543	0.00184	0.00701	0.00478	0.00256	0.00607
22	0.01119	0.01885	0.34883	0.01844	0.02454	0.01235	0.45861	0.01612	0.01141	0.01612	0.00975	0.01241	0.00715	0.00449	0.00548	0.00166	0.00809	0.00504	0.00238	0.00709
23	0.01112	0.01091	0.01951	0.37351	0.34660	0.01178	0.12429	0.01447	0.01096	0.01488	0.00938	0.01310	0.00740	0.00471	0.00517	0.00161	0.00670	0.00471	0.00240	0.00678
24	0.01014	0.02616	0.79609	0.01441	0.02189	0.01174	0.01868	0.01601	0.01068	0.01601	0.00907	0.01068	0.00641	0.00480	0.00480	0.00160	0.00747	0.00374	0.00214	0.00747
25	0.01252	0.01201	0.02053	0.03104	0.79074	0.01201	0.01552	0.01552	0.01151	0.01652	0.00951	0.01252	0.00801	0.00451	0.00501	0.00150	0.00601	0.00451	0.00250	0.00801
26	0.00894	0.00809	0.01447	0.01214	0.01413	0.00791	0.25213	0.03372	0.01080	0.02689	0.02046	0.47957	0.02264	0.01130	0.00678	0.00193	0.04825	0.01069	0.00391	0.00526
27	0.01252	0.01201	0.02053	0.03104	0.79074	0.01201	0.01552	0.01552	0.01151	0.01652	0.00951	0.01252	0.00801	0.00451	0.00501	0.00150	0.00601	0.00451	0.00250	0.00801
28	0.00598	0.00512	0.00512	0.00512	0.00683	0.00427	0.00384	0.00726	0.01153	0.01366	0.05123	0.04866	0.78869	0.01281	0.00598	0.00171	0.00256	0.01067	0.00470	0.00427
29	0.01014	0.02616	0.79609	0.01441	0.02189	0.01174	0.01868	0.01601	0.01068	0.01601	0.00907	0.01068	0.00641	0.00480	0.00480	0.00160	0.00747	0.00374	0.00214	0.00747
30	0.01234	0.01194	0.02104	0.20517	0.36863	0.03570	0.20357	0.01565	0.01152	0.05058	0.00999	0.01313	0.00779	0.00467	0.00525	0.00159	0.00682	0.00486	0.00263	0.00713
31	0.01014	0.02616	0.79609	0.01441	0.02189	0.01174	0.01868	0.01601	0.01068	0.01601	0.00907	0.01068	0.00641	0.00480	0.00480	0.00160	0.00747	0.00374	0.00214	0.00747
32	0.00764	0.00514	0.00580	0.00571	0.00583	0.00519	0.00328	0.02622	0.00777	0.01038	0.01580	0.03235	0.01804	0.78862	0.03870	0.00488	0.00507	0.00725	0.00311	0.00323
33	0.01169	0.01118	0.01904	0.24691	0.58129	0.01180	0.01511	0.01480	0.01113	0.01552	0.00937	0.01278	0.00766	0.00466	0.00502	0.00155	0.00621	0.00450	0.00243	0.00735
34	0.01113	0.01058	0.01795	0.35579	0.45710	0.01151	0.01465	0.01424	0.01089	0.01493	0.00972	0.03147	0.00807	0.00500	0.00506	0.00159	0.00624	0.00473	0.00245	0.00692
35	0.01738	0.01325	0.01414	0.01126	0.01498	0.01482	0.00917	0.56690	0.23376	0.02890	0.01448	0.01400	0.01049	0.00629	0.00508	0.00157	0.00513	0.00488	0.00508	0.00843
36	0.01352	0.82533	0.02650	0.00865	0.01298	0.02001	0.00865	0.01514	0.01027	0.01190	0.00703	0.00811	0.00649	0.00433	0.00324	0.00108	0.00541	0.00270	0.00216	0.00649
37	0.01088	0.01141	0.02029	0.01827	0.14972	0.06018	0.36863	0.01400	0.02579	0.01519	0.01504	0.23665	0.01495	0.00762	0.00584	0.00174	0.00650	0.00788	0.00319	0.00623
38	0.00989	0.00933	0.01577	0.72179	0.12054	0.01132	0.01421	0.01321	0.01027	0.01333	0.00905	0.01337	0.00688	0.00499	0.00505	0.00166	0.00666	0.00450	0.00228	0.00589
39	0.00616	0.00440	0.00587	0.00704	0.00733	0.00411	0.00469	0.00704	0.00968	0.01291	0.02787	0.81899	0.03344	0.01584	0.00645	0.00205	0.00293	0.01438	0.00469	0.00411
40	0.01888	0.02220	0.01488	0.01308	0.01593	0.69163	0.04778	0.02039	0.01422	0.08224	0.00902	0.01007	0.00711	0.00526	0.00468	0.00135	0.00866	0.00356	0.00293	0.00615
41	0.01124	0.15367	0.62371	0.01340	0.02007	0.06307	0.01652	0.01614	0.01084	0.01513	0.00867	0.01017	0.00643	0.00475	0.00454	0.00150	0.00725	0.00354	0.00217	0.00721
42	0.00616	0.00440	0.00587	0.00704	0.00733	0.00411	0.00469	0.00704	0.00968	0.01291	0.02787	0.81899	0.03344	0.01584	0.00645	0.00205	0.00293	0.01438	0.00469	0.00411
43	0.00716	0.00517	0.00676	0.00636	0.00755	0.00477	0.00477	0.00954	0.01431	0.02028	0.78808	0.03777	0.04771	0.01034	0.00596	0.00159	0.00239	0.00914	0.00557	0.00477
44	0.13622	0.01320	0.01388	0.01077	0.01468	0.01456	0.00890	0.62080	0.02107	0.07883	0.01192	0.01191	0.00841	0.00589	0.00479	0.00153	0.00525	0.00433	0.00487	0.00817
45	0.01196	0.01063	0.01621	0.51691	0.17752	0.06210	0.03253	0.01502	0.01109	0.08329	0.01002	0.01335	0.00751	0.00505	0.00504	0.00161	0.00658	0.00451	0.00268	0.00639
46	0.01331	0.01240	0.01536	0.01289	0.01394	0.05367	0.01067	0.18669	0.01173	0.01668	0.00795	0.01122	0.00708	0.00804	0.01337	0.00201	0.58947	0.00440	0.00288	0.00625
47	0.01352	0.82533	0.02650	0.00865	0.01298	0.02001	0.00865	0.01514	0.01027	0.01190	0.00703	0.00811	0.00649	0.00433	0.00324	0.00108	0.00541	0.00270	0.00216	0.00649
48	0.24779	0.01251	0.01973	0.01477	0.01879	0.01315	0.35631	0.16900	0.01314	0.02091	0.00950	0.01167	0.00719	0.00504	0.00568	0.00166	0.05855	0.00469	0.00320	0.00672
49	0.01211	0.29245	0.18482	0.01560	0.02092	0.01503	0.35888	0.01580	0.01111	0.01470	0.00891	0.01115	0.00701	0.00439	0.00480	0.00147	0.00725	0.00440	0.00234	0.00684
50	0.00616	0.00440	0.00587	0.00704	0.00733	0.00411	0.00469	0.00704	0.00968	0.01291	0.02787	0.81899	0.03344	0.01584	0.00645	0.00205	0.00293	0.01438	0.00469	0.00411
51	0.01354	0.01134	0.01197	0.01048	0.01351	0.01303	0.00824	0.13473	0.67219	0.02270	0.01936	0.01790	0.01445	0.00675	0.00513	0.00169	0.00423	0.00555	0.00513	0.00809
52	0.01090	0.01148	0.02285	0.21163	0.12810	0.01153	0.41900	0.01449	0.01129	0.01517	0.01219	0.06210	0.03405	0.00544	0.00565	0.00169	0.00724	0.00606	0.00267	0.00645
53	0.00791	0.00596	0.00741	0.00691	0.00833	0.00586	0.00522	0.01195	0.12114	0.02040	0.68122	0.03514	0.04322	0.00985	0.00585	0.00161	0.00261	0.00867	0.00551	0.00522
54	0.00709	0.00519	0.00685	0.00785	0.00877	0.00495	0.00623	0.00872	0.01089	0.01408	0.03072	0.34235	0.14041	0.01451	0.00664	0.00214	0.00371	0.36985	0.00468	0.00439
55	0.01118	0.01122	0.01977	0.01412	0.01891	0.00964	0.37354	0.01439	0.01118	0.01634	0.00958	0.01200	0.00758	0.00399	0.00481	0.00121	0.00604	0.00442	0.00279	0.44729
56	0.00616	0.00440	0.00587	0.00704	0.00733	0.00411	0.00469	0.00704	0.00968	0.01291	0.02787	0.81899	0.03344	0.01584	0.00645	0.00205	0.00293	0.01438	0.00469	0.00411
57	0.00735	0.00490	0.00552	0.00552	0.00552	0.00490	0.00306	0.00735	0.00735	0.00980	0.01593	0.03309	0.01838	0.82229	0.02574	0.00490	0.00490	0.00735	0.00306	0.00306
58	0.30342	0.01203	0.01181	0.00968	0.01318	0.01360	0.00789	0.37025	0.16601	0.02666	0.01205	0.01211	0.00887	0.00576	0.00442	0.00157	0.00470	0.00416	0.00442	0.00742
59	0.01222	0.01283	0.02522	0.02614	0.40567	0.01240	0.39684	0.01586	0.01173	0.01636	0.00987	0.01308	0.00784	0.00438	0.00549	0.00160	0.00728	0.00524	0.00253	0.00741
60	0.00689	0.00516	0.00639	0.00608	0.00739	0.00466	0.00456	0.00903	0.01369	0.01880	0.62331	0.04021	0.21341	0.01089	0.00597	0.00162	0.00242	0.00949	0.00537	0.00466
61	0.01887	0.01382	0.01486	0.01149	0.01546	0.01529	0.00946	0.70871	0.07246	0.04846	0.01286	0.01269	0.00913	0.00613	0.00506	0.00153	0.00544	0.00464	0.00509	0.00856
62	0.01441	0.01236	0.01237	0.01067	0.01377	0.06308	0.00840	0.20386	0.53517	0.02298	0.01846	0.01732	0.03077	0.00670	0.00511	0.00164	0.00467	0.00540	0.00495	0.00793
63	0.01038	0.02465	0.70986	0.01580	0.07075	0.01181	0.05502	0.01599	0.01079	0.01606	0.00916	0.01094	0.00657	0.00476	0.00487	0.00160	0.00743	0.00389	0.00218	0.00748
64	0.00672	0.00515	0.00615	0.00590	0.00728	0.00458	0.00443	0.00869	0.01328	0.01781	0.51364	0.04183	0.32369	0.01126	0.00597	0.00163	0.00245	0.00971	0.00524	0.00458
65	0.01387	0.12517	0.01378	0.01020	0.01331	0.07633	0.00820	0.02456	0.56344	0.06904	0.01763	0.01648	0.01329	0.00634	0.00483	0.00158	0.00463	0.00506	0.00460	0.00766
66	0.06172	0.00999	0.01111	0.00896	0.01216	0.08220	0.00709	0.06871	0.02934	0.50932	0.01713	0.01793	0.01223	0.11969	0.00781	0.00200	0.00489	0.00509	0.00522	0.00741
67	0.01922	0.01416	0.01518	0.01163	0.01568	0.01568	0.00961	0.77388	0.02378	0.03187	0.01214	0.01214	0.00860	0.00607	0.00506	0.00152	0.00556	0.00455	0.00506	0.00860
68	0.00955	0.00899	0.01517	0.81013	0.03483	0.01123	0.01404	0.01292	0.01011	0.01292	0.00899	0.01348	0.00674	0.00506	0.00506	0.00169	0.00674	0.00449	0.00225	0.00562
69	0.01061	0.09903	0.67533	0.01362	0.02051	0.01256	0.01708	0.01662	0.05942	0.01596	0.00961	0.01096	0.00698	0.00489	0.00468	0.00156	0.00706	0.00377	0.00233	0.00742
70	0.01039	0.00984	0.01668	0.59014	0.24828	0.01145	0.01446	0.01365	0.01051	0.01394	0.00914	0.01321	0.00710	0.00490	0.00504	0.00163	0.00653	0.00450	0.00232	0.00629
71	0.00609	0.00513	0.00528	0.00524	0.00690	0.00432	0.00393	0.00748	0.01180	0.01430	0.12266	0.04761	0.71685	0.01257	0.00598	0.00170	0.00254	0.01052	0.00478	0.00432
72	0.01095	0.01110	0.01741	0.13581	0.01837	0.01447	0.11629	0.01284	0.00868	0.01284	0.00749	0.01179	0.00680	0.00764	0.01337	0.00206	0.57945	0.00465	0.00227	0.00572
73	0.08375	0.00832	0.00993	0.00840	0.01123	0.00831	0.00668	0.02023	0.20738	0.32214	0.23189	0.02259	0.02243	0.00741	0.00518	0.00161	0.00366	0.00618	0.00553	0.00714
74	0.00716	0.00517	0.00676	0.00636	0.00755	0.00477	0.00477	0.00954	0.01431	0.02028	0.78808	0.03777	0.04771	0.01034	0.00596	0.00159	0.00239	0.00914	0.00557	0.00477
75	0.01210	0.01159	0.01978	0.13951	0.68550	0.01191	0.01531	0.01516	0.01132	0.01602	0.00944	0.01265	0.00783	0.00458	0.00501	0.00153	0.00611	0.00450	0.00247	0.00768
76	0.01014	0.02616	0.79609	0.01441	0.02189	0.01174	0.01868	0.01601	0.01068	0.01601	0.00907	0.01068	0.00641	0.00480	0.00480	0.00160	0.00747	0.00374	0.00214	0.00747
77	0.01889	0.02410	0.01433	0.01303	0.01563	0.80199	0.00977	0.02019	0.01433	0.01238	0.00782	0.00912	0.00651	0.00521	0.00456	0.00130	0.00912	0.00326	0.00261	0.00586
78	0.00616	0.00440	0.00587	0.00704	0.00733	0.00411	0.00469	0.00704	0.00968	0.01291	0.02787	0.81899	0.03344	0.01584	0.00645	0.00205	0.00293	0.01438	0.00469	0.00411
79	0.31855	0.01229	0.01784	0.01365	0.01749	0.05566	0.32536	0.09388	0.01195	0.01975	0.01026	0.06223	0.00854	0.00539	0.00480	0.00163	0.00623	0.00504	0.00316	0.00629
80	0.01832	0.00972	0.01179	0.00942	0.01284	0.00967	0.00764	0.19414	0.12465	0.40399	0.12451	0.01913	0.01690	0.00686	0.00521	0.00158	0.00428	0.00561	0.00573	0.00799
81	0.00943	0.00471	0.00471	0.00471	0.00589	0.00471	0.00353	0.01178	0.01060	0.01885	0.01650	0.01885	0.01296	0.00589	0.00353	0.00118	0.00236	0.00471	0.85036	0.00471
82	0.01252	0.01201	0.02053	0.03104	0.79074	0.01201	0.01552	0.01552	0.01151	0.01652	0.00951	0.01252	0.00801	0.00451	0.00501	0.00150	0.00601	0.00451	0.00250	0.00801
83	0.01068	0.01113	0.02149	0.41778	0.02977	0.01219	0.33952	0.01428	0.01074	0.01428	0.00936	0.01339	0.00713	0.00497	0.00622	0.00173	0.06172	0.00512	0.00238	0.00613
84	0.00616	0.00440	0.00587	0.00704	0.00733	0.00411	0.00469	0.00704	0.00968	0.01291	0.02787	0.81899	0.03344	0.01584	0.00645	0.00205	0.00293	0.01438	0.00469	0.00411
85	0.00616	0.00440	0.00587	0.00704	0.00733	0.00411	0.00469	0.00704	0.00968	0.01291	0.02787	0.81899	0.03344	0.01584	0.00645	0.00205	0.00293	0.01438	0.00469	0.00411
86	0.01079	0.01141	0.02280	0.39962	0.03046	0.01204	0.40869	0.01463	0.01106	0.01463	0.00963	0.01356	0.00723	0.00464	0.00553	0.00170	0.00767	0.00526	0.00241	0.00624
87	0.00943	0.00471	0.00471	0.00471	0.00589	0.00471	0.00353	0.01178	0.01060	0.01885	0.01650	0.01885	0.01296	0.00589	0.00353	0.00118	0.00236	0.00471	0.85036	0.00471
88	0.00955	0.00899	0.01517	0.81013	0.03483	0.01123	0.01404	0.01292	0.01011	0.01292	0.00899	0.01348	0.00674	0.00506	0.00506	0.00169	0.00674	0.00449	0.00225	0.00562
89	0.00962	0.00906	0.01529	0.79247	0.05196	0.01125	0.01408	0.01298	0.01014	0.01300	0.00900	0.01346	0.00677	0.00504	0.00505	0.00168	0.00672	0.00449	0.00225	0.00567
90	0.01188	0.43767	0.39980	0.01145	0.01730	0.01600	0.01352	0.01556	0.01047	0.01389	0.00802	0.00936	0.00645	0.00456	0.00400	0.00133	0.00641	0.00320	0.00215	0.00697
91	0.01014	0.02616	0.79609	0.01441	0.02189	0.01174	0.01868	0.01601	0.01068	0.01601	0.00907	0.01068	0.00641	0.00480	0.00480	0.00160	0.00747	0.00374	0.00214	0.00747
92	0.00615	0.00445	0.00582	0.00692	0.00730	0.00412	0.00464	0.00705	0.00980	0.01296	0.02935	0.77025	0.08123	0.01565	0.00642	0.00203	0.00291	0.01414	0.00469	0.00412
93	0.01195	0.01158	0.02017	0.16836	0.60855	0.01193	0.06315	0.01510	0.01129	0.01586	0.00946	0.01276	0.00776	0.00459	0.00508	0.00155	0.00630	0.00460	0.00246	0.00751
94	0.01252	0.01201	0.02053	0.03104	0.79074	0.01201	0.01552	0.01552	0.01151	0.01652	0.00951	0.01252	0.00801	0.00451	0.00501	0.00150	0.00601	0.00451	0.00250	0.00801
95	0.00720	0.00514	0.00705	0.00822	0.00897	0.00500	0.00649	0.00883	0.01070	0.01407	0.02730	0.42246	0.03118	0.01487	0.00673	0.00220	0.00383	0.40070	0.00467	0.00439
96	0.00804	0.00488	0.00733	0.00733	0.00776	0.00532	0.00532	0.00776	0.00733	0.01020	0.01107	0.01753	0.01063	0.02733	0.39503	0.44775	0.00878	0.00488	0.00244	0.00331
97	0.01213	0.01043	0.01168	0.01150	0.06208	0.01186	0.00849	0.02449	0.65496	0.02025	0.02051	0.02233	0.01635	0.00743	0.00532	0.00176	0.00420	0.08165	0.00493	0.00767
98	0.01352	0.82533	0.02650	0.00865	0.01298	0.02001	0.00865	0.01514	0.01027	0.01190	0.00703	0.00811	0.00649	0.00433	0.00324	0.00108	0.00541	0.00270	0.00216	0.00649
99	0.02222	0.00850	0.01158	0.00892	0.01275	0.00735	0.00735	0.02419	0.01447	0.77085	0.04317	0.01783	0.01358	0.00638	0.00511	0.00157	0.00424	0.00521	0.00624	0.00849
100	0.00695	0.00520	0.00647	0.00627	0.00757	0.00472	0.00477	0.00908	0.01351	0.01844	0.57146	0.04148	0.21592	0.01113	0.00603	0.00166	0.00257	0.05679	0.00531	0.00465
101	0.01202	0.01341	0.02854	0.02267	0.13284	0.01268	0.66700	0.01610	0.01188	0.01624	0.01013	0.01348	0.00772	0.00430	0.00583	0.00168	0.00817	0.00576	0.00255	0.00699
102	0.01221	0.01304	0.01624	0.01375	0.01444	0.12482	0.05905	0.01354	0.00893	0.01245	0.00703	0.01096	0.00669	0.00805	0.01425	0.00205	0.65020	0.00436	0.00229	0.00566
103	0.01238	0.01187	0.02027	0.06752	0.75534	0.01198	0.01545	0.01540	0.01145	0.01635	0.00949	0.01256	0.00795	0.00453	0.00501	0.00151	0.00604	0.00450	0.00249	0.00790
104	0.00822	0.00686	0.00993	0.00936	0.00999	0.00864	0.00742	0.00978	0.00800	0.01178	0.01185	0.01810	0.01131	0.06078	0.56906	0.00647	0.21991	0.00524	0.00259	0.00472
105	0.00750	0.00553	0.00706	0.00661	0.00791	0.00527	0.00498	0.01064	0.06286	0.02033	0.73951	0.03658	0.04567	0.01012	0.00591	0.00160	0.00249	0.00893	0.00554	0.00498
106	0.00644	0.00460	0.00619	0.00736	0.00777	0.00435	0.00517	0.00752	0.00995	0.01322	0.02772	0.71290	0.03284	0.01558	0.00653	0.00209	0.00317	0.11773	0.00469	0.00418
107	0.01166	0.02124	0.52715	0.01573	0.06989	0.01174	0.12185	0.06513	0.01205	0.05586	0.03355	0.01244	0.00838	0.00503	0.00504	0.00160	0.00709	0.00438	0.00271	0.00746
108	0.00802	0.00576	0.00815	0.00915	0.01028	0.00589	0.00789	0.01028	0.01115	0.01466	0.02493	0.05186	0.02681	0.01730	0.11771	0.00314	0.00589	0.65211	0.00439	0.00464
109	0.00616	0.00440	0.00587	0.00704	0.00733	0.00411	0.00469	0.00704	0.00968	0.01291	0.02787	0.81899	0.03344	0.01584	0.00645	0.00205	0.00293	0.01438	0.00469	0.00411
110	0.01155	0.35886	0.47570	0.01201	0.01818	0.01518	0.01451	0.01565	0.01051	0.01430	0.00822	0.00961	0.00644	0.00461	0.00415	0.00138	0.00661	0.00331	0.00215	0.00706
111	0.01177	0.01360	0.04705	0.02002	0.02448	0.01314	0.64749	0.01563	0.01132	0.01563	0.00970	0.01321	0.00750	0.00491	0.00742	0.00177	0.12051	0.00570	0.00250	0.00666
112	0.00603	0.00512	0.00520	0.00518	0.00687	0.00429	0.00389	0.00737	0.01166	0.01398	0.08695	0.04814	0.75277	0.01269	0.00598	0.00170	0.00255	0.01060	0.00474	0.00429
113	0.01506	0.06869	0.01901	0.01457	0.01808	0.33945	0.23406	0.02022	0.18877	0.01548	0.01140	0.01262	0.00889	0.00525	0.00503	0.00150	0.00754	0.00458	0.00314	0.00667
114	0.01069	0.15608	0.67097	0.01348	0.02044	0.01309	0.01705	0.01587	0.01061	0.01534	0.00874	0.01026	0.00642	0.00473	0.00455	0.00152	0.00714	0.00357	0.00214	0.00731
115	0.00616	0.00457	0.00576	0.00665	0.00725	0.00416	0.00454	0.00718	0.01021	0.01334	0.06174	0.64247	0.17741	0.01505	0.00634	0.00197	0.00284	0.01347	0.00473	0.00416
116	0.00955	0.00899	0.01517	0.81013	0.03483	0.01123	0.01404	0.01292	0.01011	0.01292	0.00899	0.01348	0.00674	0.00506	0.00506	0.00169	0.00674	0.00449	0.00225	0.00562
117	0.01309	0.01303	0.01952	0.02839	0.68270	0.08244	0.01463	0.01650	0.05036	0.01638	0.00992	0.01253	0.00825	0.00469	0.00497	0.00149	0.00618	0.00445	0.00264	0.00782
118	0.00742	0.00544	0.00699	0.00655	0.00783	0.00515	0.00493	0.01038	0.05152	0.02032	0.75086	0.03686	0.04615	0.01017	0.00592	0.00160	0.00246	0.00898	0.00555	0.00493
119	0.01166	0.01109	0.01102	0.00826	0.01249	0.11746	0.00652	0.01377	0.01102	0.01591	0.00882	0.01030	0.00735	0.00395	0.00386	0.00083	0.00449	0.00303	0.00294	0.73523
120	0.01520	0.01291	0.02284	0.01670	0.02127	0.01272	0.44316	0.19844	0.05636	0.12856	0.01259	0.01406	0.00898	0.00511	0.00558	0.00164	0.00699	0.00549	0.00381	0.00756
121	0.01150	0.01090	0.01823	0.28954	0.07320	0.01176	0.22216	0.08764	0.11951	0.01715	0.01413	0.01645	0.05902	0.00566	0.00535	0.00166	0.00635	0.00548	0.01770	0.00661
122	0.00760	0.00591	0.00840	0.00996	0.11652	0.00559	0.00623	0.00964	0.01259	0.01759	0.45482	0.25093	0.05254	0.01110	0.00597	0.00171	0.00305	0.00998	0.00488	0.00503

[dist]
# distance from previous block
# <min> <max>
0	1

[block]
# block no. 1 follows, 49 sequences, length 68
# corresponding to MSA columns:
# 625-692
name=unknown_B
#
# <colnr> <probs for GDERKNQSTAVLIFYWHMCP>
#	G	D	E	R	K	N	Q	S	T	A	V	L	I	F	Y	W	H	M	C	P
0	0.05646	0.00865	0.01016	0.00871	0.01101	0.04431	0.04341	0.07235	0.14125	0.10029	0.39715	0.02649	0.02930	0.02098	0.00577	0.00165	0.00381	0.00703	0.00508	0.00615
1	0.17858	0.01188	0.01217	0.00972	0.01330	0.06661	0.00793	0.31229	0.01695	0.25675	0.05437	0.01407	0.01111	0.00603	0.00471	0.00153	0.00495	0.00452	0.00491	0.00762
2	0.00903	0.00711	0.00851	0.00809	0.00918	0.04740	0.00604	0.08470	0.00980	0.01329	0.01369	0.02174	0.01331	0.22213	0.49583	0.00635	0.01045	0.00569	0.00302	0.00464
3	0.01068	0.00858	0.00980	0.00951	0.01154	0.00947	0.00752	0.06822	0.39115	0.01878	0.02297	0.18028	0.02185	0.01030	0.00585	0.00192	0.00407	0.19612	0.00493	0.00646
4	0.01957	0.01064	0.01468	0.01200	0.05444	0.01036	0.08387	0.18326	0.07706	0.45384	0.01684	0.01567	0.01121	0.00598	0.00517	0.00158	0.00505	0.00508	0.00536	0.00835
5	0.01222	0.01172	0.02000	0.10795	0.71612	0.01194	0.01537	0.01526	0.01138	0.01616	0.00946	0.01261	0.00788	0.00456	0.00501	0.00152	0.00608	0.00450	0.00248	0.00777
6	0.01042	0.00987	0.01673	0.58254	0.25565	0.01146	0.01447	0.01368	0.01052	0.01397	0.00914	0.01320	0.00711	0.00489	0.00504	0.00163	0.00653	0.00450	0.00232	0.00632
7	0.01151	0.01238	0.02280	0.01737	0.01998	0.01411	0.39915	0.01422	0.00988	0.01422	0.00847	0.01238	0.00717	0.00651	0.01118	0.00195	0.40293	0.00521	0.00239	0.00619
8	0.00722	0.00542	0.00813	0.00813	0.00903	0.00632	0.00632	0.00903	0.00813	0.01174	0.01354	0.01987	0.01264	0.03792	0.80225	0.00813	0.01354	0.00542	0.00271	0.00451
9	0.00616	0.00440	0.00587	0.00704	0.00733	0.00411	0.00469	0.00704	0.00968	0.01291	0.02787	0.81899	0.03344	0.01584	0.00645	0.00205	0.00293	0.01438	0.00469	0.00411
10	0.01128	0.01121	0.01624	0.01593	0.12960	0.01497	0.01173	0.01267	0.00831	0.01282	0.00707	0.01128	0.00684	0.00820	0.01486	0.00211	0.69229	0.00444	0.00226	0.00590
11	0.02269	0.00861	0.01174	0.00900	0.01291	0.00743	0.00743	0.02464	0.01447	0.79425	0.01995	0.01721	0.01252	0.00626	0.00509	0.00156	0.00430	0.00509	0.00626	0.00861
12	0.01596	0.01255	0.01334	0.01098	0.01444	0.01416	0.00882	0.40766	0.39530	0.02662	0.01628	0.01544	0.01195	0.00646	0.00510	0.00161	0.00480	0.00512	0.00510	0.00831
13	0.01252	0.01201	0.02053	0.03104	0.79074	0.01201	0.01552	0.01552	0.01151	0.01652	0.00951	0.01252	0.00801	0.00451	0.00501	0.00150	0.00601	0.00451	0.00250	0.00801
14	0.01292	0.00727	0.03003	0.00846	0.01063	0.00649	0.00682	0.01579	0.07645	0.28513	0.10141	0.25945	0.02478	0.01064	0.00586	0.00184	0.00382	0.12068	0.00529	0.00623
15	0.00616	0.00440	0.00587	0.00704	0.00733	0.00411	0.00469	0.00704	0.00968	0.01291	0.02787	0.81899	0.03344	0.01584	0.00645	0.00205	0.00293	0.01438	0.00469	0.00411
16	0.01072	0.00923	0.00985	0.00963	0.01165	0.06415	0.00778	0.01825	0.35099	0.01823	0.11739	0.03451	0.02383	0.00978	0.00588	0.00190	0.00440	0.28076	0.00484	0.00623
17	0.01683	0.41638	0.02017	0.01065	0.05129	0.10406	0.00894	0.10368	0.01328	0.19436	0.01079	0.01099	0.00819	0.00508	0.00411	0.00129	0.00562	0.00361	0.00350	0.00722
18	0.02164	0.01029	0.01278	0.00979	0.01375	0.00993	0.00809	0.25130	0.01729	0.56362	0.01759	0.01568	0.01133	0.00620	0.00508	0.00155	0.00468	0.00492	0.00590	0.00860
19	0.00612	0.00476	0.00557	0.00615	0.00712	0.00421	0.00431	0.00724	0.01070	0.01355	0.06917	0.44090	0.37368	0.01425	0.00622	0.00188	0.00274	0.01250	0.00473	0.00421
20	0.03074	0.06986	0.31415	0.01145	0.01652	0.04670	0.01204	0.03511	0.13517	0.25680	0.01410	0.01374	0.00977	0.00559	0.00481	0.00156	0.00578	0.00438	0.00398	0.00776
21	0.01088	0.00888	0.01004	0.00920	0.01155	0.00968	0.02733	0.02015	0.48208	0.04980	0.02611	0.16051	0.13389	0.00920	0.00551	0.00177	0.00374	0.00793	0.00498	0.00677
22	0.01079	0.00811	0.00904	0.00836	0.01045	0.00851	0.00635	0.12675	0.23801	0.05825	0.05087	0.24671	0.17603	0.01051	0.00569	0.00177	0.00361	0.00902	0.00499	0.00619
23	0.01524	0.20776	0.18396	0.01297	0.01723	0.37585	0.07376	0.03164	0.01260	0.01371	0.00818	0.00964	0.00662	0.00486	0.00443	0.00135	0.00780	0.00348	0.00245	0.00648
24	0.77517	0.01119	0.00811	0.00728	0.01036	0.08940	0.00590	0.01539	0.00917	0.02167	0.00712	0.00830	0.00558	0.00475	0.00327	0.00154	0.00443	0.00279	0.00308	0.00551
25	0.01103	0.01039	0.01629	0.08299	0.15008	0.00918	0.15416	0.01389	0.01091	0.01613	0.00931	0.01169	0.00755	0.00409	0.00450	0.00114	0.00530	0.00395	0.00276	0.47467
26	0.00616	0.00440	0.00587	0.00704	0.00733	0.00411	0.00469	0.00704	0.00968	0.01291	0.02787	0.81899	0.03344	0.01584	0.00645	0.00205	0.00293	0.01438	0.00469	0.00411
27	0.01297	0.01214	0.02108	0.16158	0.35102	0.03664	0.21544	0.04335	0.01211	0.06880	0.01036	0.01318	0.00798	0.00473	0.00526	0.00159	0.00677	0.00489	0.00282	0.00727
28	0.36021	0.19195	0.11008	0.00885	0.01277	0.01275	0.00847	0.01684	0.01033	0.16997	0.00980	0.01040	0.00725	0.00514	0.00443	0.00150	0.04593	0.00340	0.00336	0.00656
29	0.00716	0.00517	0.00676	0.00636	0.00755	0.00477	0.00477	0.00954	0.01431	0.02028	0.78808	0.03777	0.04771	0.01034	0.00596	0.00159	0.00239	0.00914	0.00557	0.00477
30	0.01037	0.08012	0.74412	0.01402	0.02128	0.01230	0.01801	0.01596	0.01065	0.01574	0.00894	0.01050	0.00641	0.00477	0.00470	0.00157	0.00733	0.00367	0.00214	0.00741
31	0.85801	0.00978	0.00743	0.00665	0.00978	0.01134	0.00548	0.01486	0.00861	0.02269	0.00704	0.00821	0.00548	0.00469	0.00313	0.00156	0.00391	0.00274	0.00313	0.00548
32	0.00616	0.00440	0.00587	0.00704	0.00733	0.00411	0.00469	0.00704	0.00968	0.01291	0.02787	0.81899	0.03344	0.01584	0.00645	0.00205	0.00293	0.01438	0.00469	0.00411
33	0.01838	0.05890	0.09175	0.01173	0.01540	0.30440	0.01007	0.17849	0.01551	0.19668	0.01155	0.01180	0.00833	0.00569	0.00523	0.00146	0.03948	0.00402	0.00388	0.00725
34	0.01332	0.77895	0.07116	0.00899	0.01350	0.01953	0.00923	0.01519	0.01030	0.01214	0.00715	0.00826	0.00648	0.00435	0.00334	0.00111	0.00553	0.00276	0.00216	0.00655
35	0.00615	0.00446	0.00581	0.00689	0.00729	0.00412	0.00463	0.00706	0.00983	0.01297	0.02975	0.75705	0.09417	0.01560	0.00642	0.00203	0.00290	0.01408	0.00469	0.00412
36	0.00955	0.00899	0.01517	0.81013	0.03483	0.01123	0.01404	0.01292	0.01011	0.01292	0.00899	0.01348	0.00674	0.00506	0.00506	0.00169	0.00674	0.00449	0.00225	0.00562
37	0.01344	0.01185	0.01991	0.05562	0.01999	0.01205	0.34408	0.13201	0.17138	0.07685	0.07689	0.01671	0.01298	0.00575	0.00555	0.00166	0.00625	0.00582	0.00396	0.00723
38	0.01352	0.82533	0.02650	0.00865	0.01298	0.02001	0.00865	0.01514	0.01027	0.01190	0.00703	0.00811	0.00649	0.00433	0.00324	0.00108	0.00541	0.00270	0.00216	0.00649
39	0.00669	0.00462	0.00571	0.00637	0.00653	0.00446	0.00397	0.00718	0.00865	0.01154	0.02260	0.47182	0.02679	0.37208	0.01497	0.00331	0.00380	0.01127	0.00397	0.00365
40	0.01115	0.05288	0.10092	0.01736	0.02200	0.01187	0.50702	0.01559	0.05085	0.01596	0.01467	0.01928	0.06404	0.00583	0.00576	0.00172	0.00731	0.06626	0.00295	0.00658
41	0.06502	0.01720	0.01278	0.01126	0.01409	0.39913	0.00867	0.11432	0.18010	0.05198	0.06596	0.01389	0.01176	0.00605	0.00479	0.00146	0.00660	0.00441	0.00385	0.00668
42	0.01018	0.00963	0.01630	0.64515	0.19490	0.01140	0.01436	0.01347	0.01041	0.01368	0.00910	0.01328	0.00701	0.00494	0.00505	0.00165	0.00659	0.00450	0.00230	0.00612
43	0.01014	0.00959	0.01623	0.65578	0.18459	0.01139	0.01434	0.01343	0.01039	0.01363	0.00909	0.01329	0.00699	0.00495	0.00505	0.00165	0.00660	0.00450	0.00230	0.00609
44	0.01250	0.01321	0.02529	0.01848	0.02288	0.06554	0.58969	0.01619	0.01237	0.05752	0.08562	0.01580	0.01170	0.00512	0.00605	0.00167	0.02471	0.00601	0.00304	0.00662
45	0.01133	0.01240	0.02487	0.01847	0.02207	0.01280	0.54376	0.01463	0.01081	0.01504	0.01063	0.06918	0.00923	0.00612	0.00845	0.00185	0.19318	0.00620	0.00263	0.00633
46	0.00616	0.00440	0.00587	0.00704	0.00733	0.00411	0.00469	0.00704	0.00968	0.01291	0.02787	0.81899	0.03344	0.01584	0.00645	0.00205	0.00293	0.01438	0.00469	0.00411
47	0.00722	0.00542	0.00813	0.00813	0.00903	0.00632	0.00632	0.00903	0.00813	0.01174	0.01354	0.01987	0.01264	0.03792	0.80225	0.00813	0.01354	0.00542	0.00271	0.00451
48	0.14320	0.01182	0.01954	0.01483	0.01870	0.01213	0.36410	0.09096	0.12757	0.05080	0.01288	0.06433	0.01038	0.00584	0.00562	0.00170	0.02949	0.00574	0.00355	0.00683
49	0.01100	0.01047	0.01779	0.42819	0.40541	0.01162	0.01477	0.01419	0.01080	0.01468	0.00924	0.01301	0.00736	0.00479	0.00503	0.00160	0.00638	0.00450	0.00237	0.00679
50	0.00629	0.00449	0.00602	0.00719	0.00754	0.00422	0.00492	0.00726	0.00981	0.01305	0.02780	0.76967	0.03316	0.01572	0.00649	0.00207	0.00305	0.06242	0.00469	0.00414
51	0.00874	0.00794	0.01079	0.00996	0.01033	0.00999	0.00786	0.00992	0.00933	0.01333	0.09442	0.25345	0.09625	0.01143	0.01153	0.00205	0.41580	0.00842	0.00352	0.00491
52	0.01028	0.05853	0.76491	0.01418	0.02153	0.01208	0.01828	0.01598	0.01066	0.01585	0.00899	0.01057	0.00641	0.00478	0.00474	0.00158	0.00739	0.00369	0.00214	0.00743
53	0.01014	0.02616	0.79609	0.01441	0.02189	0.01174	0.01868	0.01601	0.01068	0.01601	0.00907	0.01068	0.00641	0.00480	0.00480	0.00160	0.00747	0.00374	0.00214	0.00747
54	0.00645	0.00465	0.00617	0.00729	0.00778	0.00437	0.00517	0.00757	0.01006	0.01328	0.02884	0.66763	0.06943	0.01541	0.00651	0.00208	0.00317	0.12526	0.00469	0.00420
55	0.01254	0.01314	0.01013	0.00922	0.01112	0.32160	0.00696	0.05440	0.01467	0.01770	0.40614	0.02428	0.02789	0.00790	0.00526	0.00146	0.00522	0.00639	0.03859	0.00540
56	0.01270	0.01130	0.01665	0.12165	0.29797	0.01219	0.06482	0.05089	0.29573	0.04204	0.01400	0.01519	0.01072	0.00554	0.00514	0.00162	0.00547	0.00507	0.00367	0.00766
57	0.01151	0.01238	0.02280	0.01737	0.01998	0.01411	0.39915	0.01422	0.00988	0.01422	0.00847	0.01238	0.00717	0.00651	0.01118	0.00195	0.40293	0.00521	0.00239	0.00619
58	0.00643	0.00478	0.00599	0.00645	0.00730	0.00434	0.00455	0.00786	0.01148	0.01533	0.26692	0.42438	0.18857	0.01354	0.00621	0.00184	0.00269	0.01202	0.00496	0.00434
59	0.00722	0.00542	0.00813	0.00813	0.00903	0.00632	0.00632	0.00903	0.00813	0.01174	0.01354	0.01987	0.01264	0.03792	0.80225	0.00813	0.01354	0.00542	0.00271	0.00451
60	0.01017	0.00918	0.01196	0.01289	0.13855	0.03404	0.00870	0.01456	0.16183	0.01655	0.19318	0.02229	0.06734	0.01166	0.10184	0.00250	0.16662	0.00625	0.00383	0.00606
61	0.01716	0.01696	0.01317	0.01127	0.01416	0.36062	0.00878	0.31299	0.01732	0.02056	0.01212	0.05133	0.02416	0.00689	0.02015	0.00155	0.00684	0.00460	0.07265	0.00670
62	0.01922	0.01416	0.01518	0.01163	0.01568	0.01568	0.00961	0.77388	0.02378	0.03187	0.01214	0.01214	0.00860	0.00607	0.00506	0.00152	0.00556	0.00455	0.00506	0.00860
63	0.01732	0.00962	0.01146	0.00956	0.01289	0.00988	0.00764	0.02534	0.39055	0.39482	0.04053	0.01857	0.01488	0.00666	0.00514	0.00164	0.00410	0.00550	0.00569	0.00821
64	0.03623	0.01500	0.01356	0.01137	0.01462	0.27761	0.04665	0.08942	0.17296	0.23155	0.03059	0.01443	0.01109	0.00596	0.00494	0.00151	0.00614	0.00463	0.00442	0.00732
65	0.05646	0.24785	0.53955	0.01239	0.01876	0.01402	0.01518	0.01571	0.01045	0.01522	0.00840	0.00983	0.00638	0.00467	0.00428	0.00145	0.00671	0.00340	0.00220	0.00709
66	0.01274	0.00640	0.00855	0.00731	0.00948	0.00573	0.00573	0.01497	0.01437	0.29865	0.51181	0.03038	0.03505	0.00887	0.00565	0.00158	0.00308	0.00768	0.00582	0.00615
67	0.00653	0.00461	0.00601	0.00695	0.00726	0.00441	0.00468	0.00737	0.00938	0.01249	0.02541	0.61176	0.03009	0.15900	0.02474	0.00269	0.00360	0.06470	0.00437	0.00397

[dist]
# distance from previous block
# <min> <max>
0	3

[block]
# block no. 2 follows, 49 sequences, length 11
# corresponding to MSA columns:
# 696-706
name=unknown_C
#
# <colnr> <probs for GDERKNQSTAVLIFYWHMCP>
#	G	D	E	R	K	N	Q	S	T	A	V	L	I	F	Y	W	H	M	C	P
0	0.01181	0.01452	0.08344	0.02083	0.02611	0.01271	0.71965	0.01618	0.01185	0.01618	0.01015	0.01343	0.00758	0.00430	0.00589	0.00170	0.00845	0.00581	0.00253	0.00687
1	0.00955	0.00899	0.01517	0.81013	0.03483	0.01123	0.01404	0.01292	0.01011	0.01292	0.00899	0.01348	0.00674	0.00506	0.00506	0.00169	0.00674	0.00449	0.00225	0.00562
2	0.01553	0.01516	0.02028	0.01546	0.01954	0.14108	0.30589	0.26714	0.10959	0.02133	0.01172	0.01305	0.00873	0.00532	0.00534	0.00158	0.00710	0.00503	0.00370	0.00739
3	0.15788	0.01863	0.01283	0.01124	0.01423	0.49436	0.00868	0.06814	0.01401	0.14036	0.00990	0.01046	0.00744	0.00535	0.00444	0.00140	0.00726	0.00355	0.00343	0.00641
4	0.01772	0.01304	0.01411	0.01111	0.01472	0.01435	0.00905	0.68595	0.02216	0.02969	0.01394	0.10466	0.01145	0.00719	0.00522	0.00158	0.00526	0.00568	0.00502	0.00808
5	0.23819	0.01477	0.01261	0.01052	0.01375	0.20073	0.00843	0.28891	0.04200	0.07310	0.01033	0.01091	0.00769	0.00567	0.00494	0.00152	0.04117	0.00384	0.00393	0.00698
6	0.00993	0.00923	0.01469	0.70850	0.03207	0.01141	0.01328	0.01469	0.10815	0.01397	0.01046	0.01417	0.00785	0.00528	0.00507	0.00169	0.00639	0.00465	0.00262	0.00592
7	0.00964	0.00976	0.00903	0.11033	0.01277	0.19482	0.00702	0.01103	0.01118	0.01313	0.05195	0.42913	0.08772	0.01148	0.00577	0.00178	0.00484	0.00996	0.00392	0.00476
8	0.12564	0.01870	0.01376	0.01171	0.01491	0.41808	0.00917	0.29120	0.01701	0.02071	0.00928	0.01009	0.00713	0.00545	0.00456	0.00141	0.00718	0.00366	0.00356	0.00680
9	0.01638	0.01315	0.01842	0.01385	0.01798	0.01383	0.21881	0.44646	0.07304	0.06006	0.04651	0.01437	0.01071	0.00582	0.00536	0.00159	0.00607	0.00525	0.00445	0.00790
10	0.04671	0.11777	0.01471	0.01079	0.01369	0.21652	0.00877	0.27368	0.01533	0.01920	0.01026	0.01221	0.00841	0.01205	0.16452	0.00276	0.03853	0.00409	0.00341	0.00658

[dist]
# distance from previous block
# <min> <max>
5	12

[block]
# block no. 3 follows, 49 sequences, length 25
# corresponding to MSA columns:
# 721-745
name=unknown_D
#
# <colnr> <probs for GDERKNQSTAVLIFYWHMCP>
#	G	D	E	R	K	N	Q	S	T	A	V	L	I	F	Y	W	H	M	C	P
0	0.41314	0.00839	0.00821	0.00780	0.03241	0.00919	0.00591	0.01486	0.11217	0.03870	0.27589	0.02003	0.02144	0.00693	0.00446	0.00159	0.00347	0.00542	0.00428	0.00571
1	0.01457	0.00729	0.00941	0.00840	0.01079	0.00685	0.00657	0.03381	0.09137	0.35874	0.06278	0.24303	0.04987	0.00997	0.00568	0.00178	0.00379	0.06318	0.00548	0.00666
2	0.00955	0.00899	0.01517	0.81013	0.03483	0.01123	0.01404	0.01292	0.01011	0.01292	0.00899	0.01348	0.00674	0.00506	0.00506	0.00169	0.00674	0.00449	0.00225	0.00562
3	0.00998	0.00942	0.01594	0.69793	0.14370	0.01135	0.01426	0.01329	0.01031	0.01344	0.00906	0.01334	0.00692	0.00498	0.00505	0.00166	0.00664	0.00450	0.00228	0.00596
4	0.01922	0.01416	0.01518	0.01163	0.01568	0.01568	0.00961	0.77388	0.02378	0.03187	0.01214	0.01214	0.00860	0.00607	0.00506	0.00152	0.00556	0.00455	0.00506	0.00860
5	0.01649	0.00999	0.01155	0.00979	0.01306	0.01059	0.00778	0.02601	0.48462	0.32045	0.02034	0.01823	0.01431	0.00663	0.00512	0.00166	0.00412	0.00547	0.00558	0.00824
6	0.01248	0.57976	0.26298	0.01042	0.01572	0.01747	0.01173	0.01541	0.01040	0.01316	0.00766	0.00890	0.00646	0.00447	0.00372	0.00124	0.00604	0.00302	0.00215	0.00679
7	0.00955	0.00899	0.01517	0.81013	0.03483	0.01123	0.01404	0.01292	0.01011	0.01292	0.00899	0.01348	0.00674	0.00506	0.00506	0.00169	0.00674	0.00449	0.00225	0.00562
8	0.00692	0.00529	0.00590	0.00578	0.00741	0.00458	0.00443	0.00854	0.01229	0.04035	0.22280	0.04557	0.54462	0.01208	0.00600	0.00171	0.00270	0.05354	0.00495	0.00455
9	0.01014	0.02616	0.79609	0.01441	0.02189	0.01174	0.01868	0.01601	0.01068	0.01601	0.00907	0.01068	0.00641	0.00480	0.00480	0.00160	0.00747	0.00374	0.00214	0.00747
10	0.02269	0.00861	0.01174	0.00900	0.01291	0.00743	0.00743	0.02464	0.01447	0.79425	0.01995	0.01721	0.01252	0.00626	0.00509	0.00156	0.00430	0.00509	0.00626	0.00861
11	0.01824	0.02275	0.01403	0.01275	0.01538	0.72138	0.00959	0.02087	0.09268	0.01327	0.00912	0.01011	0.00742	0.00538	0.00462	0.00134	0.00860	0.00351	0.00286	0.00608
12	0.01850	0.01175	0.01234	0.01019	0.01362	0.09907	0.00814	0.11436	0.26986	0.35940	0.01787	0.01625	0.01234	0.00632	0.00504	0.00158	0.00489	0.00503	0.00534	0.00810
13	0.01079	0.01026	0.01741	0.48352	0.35173	0.01156	0.01466	0.01401	0.01070	0.01443	0.00921	0.01308	0.00727	0.00483	0.00503	0.00161	0.00643	0.00450	0.00235	0.00662
14	0.01308	0.00650	0.00856	0.00729	0.00957	0.00576	0.00573	0.01522	0.01417	0.31942	0.43568	0.03063	0.08942	0.00894	0.00562	0.00159	0.00314	0.00769	0.00577	0.00622
15	0.00993	0.00939	0.01578	0.69892	0.11880	0.01145	0.01412	0.01319	0.01020	0.01330	0.00898	0.01330	0.00688	0.00511	0.00540	0.00168	0.03094	0.00449	0.00227	0.00588
16	0.01242	0.01208	0.02092	0.02974	0.71219	0.01220	0.06351	0.01543	0.01140	0.01633	0.00945	0.01253	0.00794	0.00466	0.00551	0.00154	0.03722	0.00460	0.00250	0.00784
17	0.02269	0.00861	0.01174	0.00900	0.01291	0.00743	0.00743	0.02464	0.01447	0.79425	0.01995	0.01721	0.01252	0.00626	0.00509	0.00156	0.00430	0.00509	0.00626	0.00861
18	0.00616	0.00440	0.00587	0.00704	0.00733	0.00411	0.00469	0.00704	0.00968	0.01291	0.02787	0.81899	0.03344	0.01584	0.00645	0.00205	0.00293	0.01438	0.00469	0.00411
19	0.01312	0.00859	0.01282	0.01190	0.09157	0.00836	0.10730	0.08129	0.02768	0.19335	0.04557	0.05096	0.01584	0.25744	0.01171	0.00266	0.00522	0.04442	0.00412	0.00609
20	0.01014	0.02616	0.79609	0.01441	0.02189	0.01174	0.01868	0.01601	0.01068	0.01601	0.00907	0.01068	0.00641	0.00480	0.00480	0.00160	0.00747	0.00374	0.00214	0.00747
21	0.00727	0.00554	0.00693	0.00762	0.00900	0.00519	0.00641	0.00918	0.01159	0.01454	0.03664	0.05366	0.33572	0.01350	0.00658	0.00208	0.00381	0.45556	0.00467	0.00450
22	0.02020	0.01155	0.01309	0.01028	0.01408	0.04377	0.00840	0.30376	0.09727	0.39813	0.01661	0.01516	0.01111	0.00621	0.00506	0.00155	0.00494	0.00488	0.00555	0.00843
23	0.01207	0.01326	0.02764	0.02361	0.20692	0.01261	0.59365	0.01604	0.01184	0.01627	0.01006	0.01337	0.00775	0.00432	0.00574	0.00166	0.00793	0.00562	0.00254	0.00710
24	0.31959	0.01614	0.01131	0.03337	0.01343	0.35756	0.00791	0.09654	0.01288	0.01859	0.00862	0.00991	0.00681	0.00516	0.00404	0.00142	0.00634	0.00334	0.06112	0.00592

[dist]
# distance from previous block
# <min> <max>
5	7

[block]
# block no. 4 follows, 49 sequences, length 62
# corresponding to MSA columns:
# 753-814
name=unknown_E
#
# <colnr> <probs for GDERKNQSTAVLIFYWHMCP>
#	G	D	E	R	K	N	Q	S	T	A	V	L	I	F	Y	W	H	M	C	P
0	0.01771	0.01116	0.01270	0.01025	0.01369	0.01182	0.00827	0.36830	0.15414	0.23115	0.01723	0.09233	0.01324	0.00720	0.00522	0.00162	0.00470	0.00585	0.00536	0.00806
1	0.01014	0.02616	0.79609	0.01441	0.02189	0.01174	0.01868	0.01601	0.01068	0.01601	0.00907	0.01068	0.00641	0.00480	0.00480	0.00160	0.00747	0.00374	0.00214	0.00747
2	0.00632	0.00514	0.00559	0.00548	0.00704	0.00441	0.00411	0.00791	0.01233	0.01556	0.26313	0.04553	0.57560	0.01210	0.00597	0.00167	0.00251	0.01023	0.00495	0.00441
3	0.00598	0.00512	0.00512	0.00512	0.00683	0.00427	0.00384	0.00726	0.01153	0.01366	0.05123	0.04866	0.78869	0.01281	0.00598	0.00171	0.00256	0.01067	0.00470	0.00427
4	0.01103	0.23650	0.59353	0.01290	0.01954	0.01392	0.01604	0.01578	0.01057	0.01493	0.00854	0.01000	0.00643	0.00468	0.00439	0.00146	0.00693	0.00346	0.00214	0.00721
5	0.01352	0.82533	0.02650	0.00865	0.01298	0.02001	0.00865	0.01514	0.01027	0.01190	0.00703	0.00811	0.00649	0.00433	0.00324	0.00108	0.00541	0.00270	0.00216	0.00649
6	0.03400	0.00908	0.01077	0.00895	0.01209	0.00912	0.00716	0.07474	0.24454	0.35456	0.09440	0.02174	0.08147	0.00733	0.00522	0.00162	0.00397	0.00604	0.00558	0.00763
7	0.01289	0.51664	0.24729	0.01056	0.01573	0.01711	0.01159	0.06573	0.03470	0.01468	0.00837	0.00944	0.00688	0.00466	0.00387	0.00128	0.00597	0.00322	0.00244	0.00696
8	0.00616	0.00440	0.00587	0.00704	0.00733	0.00411	0.00469	0.00704	0.00968	0.01291	0.02787	0.81899	0.03344	0.01584	0.00645	0.00205	0.00293	0.01438	0.00469	0.00411
9	0.00618	0.00478	0.00563	0.00615	0.00714	0.00424	0.00434	0.00738	0.01092	0.01394	0.11153	0.41329	0.35838	0.01401	0.00620	0.00186	0.00272	0.01228	0.00478	0.00424
