[name]
unknown

[dist]
# distance from previous block
# <min> <max>
0	28

[block]
# block no. 0 follows, 42 sequences, length 15
# corresponding to MSA columns:
# 28-42
name=unknown_A
#
# <colnr> <probs for GDERKNQSTAVLIFYWHMCP>
#	G	D	E	R	K	N	Q	S	T	A	V	L	I	F	Y	W	H	M	C	P
0	0.04064	0.06964	0.07509	0.01231	0.01600	0.01342	0.03847	0.15181	0.07276	0.19544	0.01558	0.01893	0.01223	0.00768	0.00774	0.00187	0.13779	0.06740	0.00464	0.04059
1	0.01367	0.18658	0.28031	0.01588	0.02174	0.07518	0.19414	0.01956	0.10655	0.01732	0.01144	0.01311	0.00877	0.00541	0.00533	0.00168	0.00778	0.00476	0.00296	0.00784
2	0.01370	0.19913	0.07108	0.02207	0.16474	0.01587	0.39811	0.01760	0.01269	0.01697	0.01034	0.01333	0.00823	0.00484	0.00566	0.00169	0.00809	0.00535	0.00271	0.00779
3	0.01164	0.07460	0.07557	0.49524	0.03367	0.01371	0.18527	0.01566	0.01178	0.01538	0.01016	0.01436	0.00769	0.00534	0.00568	0.00182	0.00791	0.00517	0.00256	0.00679
4	0.00809	0.00549	0.00681	0.00665	0.00762	0.00509	0.00467	0.00885	0.01200	0.01600	0.29958	0.03852	0.21731	0.13210	0.01349	0.19611	0.00364	0.00908	0.00466	0.00422
5	0.00686	0.00490	0.00653	0.00784	0.00816	0.00457	0.00522	0.00784	0.01077	0.01437	0.03102	0.79855	0.03722	0.01763	0.00718	0.00229	0.00326	0.01600	0.00522	0.00457
6	0.01393	0.01337	0.02284	0.03454	0.76712	0.01337	0.01727	0.01727	0.01281	0.01839	0.01059	0.01393	0.00891	0.00501	0.00557	0.00167	0.00669	0.00501	0.00279	0.00891
7	0.01237	0.02000	0.31336	0.01931	0.02594	0.01314	0.39853	0.01758	0.01259	0.01798	0.01076	0.01358	0.00798	0.00492	0.00591	0.00175	0.00853	0.00538	0.00271	0.08768
8	0.01505	0.80561	0.02949	0.00963	0.01444	0.02227	0.00963	0.01685	0.01143	0.01324	0.00782	0.00903	0.00722	0.00481	0.00361	0.00120	0.00602	0.00301	0.00241	0.00722
9	0.84197	0.01088	0.00827	0.00740	0.01088	0.01262	0.00609	0.01654	0.00958	0.02525	0.00784	0.00914	0.00609	0.00522	0.00348	0.00174	0.00435	0.00305	0.00348	0.00609
10	0.00804	0.00603	0.00904	0.00904	0.01005	0.00703	0.00703	0.01005	0.00904	0.01306	0.01507	0.02211	0.01407	0.04221	0.77992	0.00904	0.01507	0.00603	0.00301	0.00502
11	0.00686	0.00490	0.00653	0.00784	0.00816	0.00457	0.00522	0.00784	0.01077	0.01437	0.03102	0.79855	0.03722	0.01763	0.00718	0.00229	0.00326	0.01600	0.00522	0.00457
12	0.01759	0.43030	0.09634	0.01144	0.01608	0.19513	0.01080	0.01983	0.01322	0.12693	0.01040	0.01108	0.00822	0.00542	0.00443	0.00140	0.00702	0.00366	0.00320	0.00752
13	0.00774	0.00558	0.00732	0.00724	0.00836	0.00516	0.00529	0.01004	0.01486	0.02087	0.61221	0.19882	0.04981	0.01277	0.00675	0.00188	0.00278	0.01138	0.00599	0.00516
14	0.41354	0.19810	0.12787	0.00946	0.01411	0.01450	0.00928	0.01713	0.04140	0.02063	0.00900	0.01025	0.00718	0.00515	0.00395	0.00154	0.00532	0.00337	0.00315	0.08508

[dist]
# distance from previous block
# <min> <max>
1	32

[block]
# block no. 1 follows, 42 sequences, length 20
# corresponding to MSA columns:
# 75-94
name=unknown_B
#
# <colnr> <probs for GDERKNQSTAVLIFYWHMCP>
#	G	D	E	R	K	N	Q	S	T	A	V	L	I	F	Y	W	H	M	C	P
0	0.01207	0.14033	0.59166	0.01651	0.06759	0.01447	0.04699	0.01766	0.01193	0.01720	0.00985	0.01172	0.00730	0.00523	0.00516	0.00170	0.00793	0.00414	0.00242	0.00817
1	0.01362	0.01045	0.01180	0.03395	0.01400	0.01115	0.00872	0.28043	0.10791	0.02395	0.02881	0.03655	0.19260	0.01079	0.00642	0.00200	0.00499	0.18936	0.00534	0.00716
2	0.01238	0.01183	0.01596	0.51300	0.03018	0.07938	0.01354	0.06889	0.04170	0.01677	0.06784	0.01655	0.01147	0.00659	0.00669	0.00187	0.07034	0.00533	0.00317	0.00654
3	0.01872	0.01980	0.01681	0.07560	0.12733	0.38672	0.01182	0.19533	0.01723	0.01951	0.01029	0.01223	0.00820	0.00660	0.00619	0.04418	0.00822	0.00434	0.00349	0.00738
4	0.00694	0.00571	0.00610	0.00600	0.00778	0.00487	0.00450	0.00863	0.01351	0.01682	0.21185	0.05150	0.60899	0.01365	0.00665	0.00187	0.00281	0.01150	0.00544	0.00487
5	0.00988	0.00691	0.00841	0.00783	0.00969	0.00668	0.00599	0.01414	0.11951	0.07591	0.46034	0.06213	0.14742	0.01132	0.00649	0.00185	0.00318	0.03031	0.00599	0.00602
6	0.00806	0.00595	0.00862	0.00862	0.00948	0.00681	0.00651	0.00978	0.00892	0.01275	0.01546	0.02424	0.01500	0.15251	0.67088	0.00852	0.01368	0.00634	0.00307	0.00479
7	0.01231	0.01231	0.01724	0.01477	0.01477	0.01724	0.01231	0.01354	0.00862	0.01354	0.00739	0.01231	0.00739	0.00985	0.01847	0.00246	0.79192	0.00492	0.00246	0.00616
8	0.01205	0.01023	0.01187	0.00852	0.01350	0.00789	0.00683	0.04295	0.01225	0.01901	0.01014	0.01174	0.00838	0.00427	0.00423	0.00087	0.00425	0.00340	0.00342	0.80420
9	0.01338	0.01468	0.01986	0.01586	0.01869	0.18350	0.26923	0.01588	0.01192	0.01478	0.01164	0.01745	0.01047	0.10808	0.14146	0.00351	0.11467	0.00582	0.00290	0.00622
10	0.00686	0.00490	0.00653	0.00784	0.00816	0.00457	0.00522	0.00784	0.01077	0.01437	0.03102	0.79855	0.03722	0.01763	0.00718	0.00229	0.00326	0.01600	0.00522	0.00457
11	0.02102	0.02682	0.01595	0.01450	0.01740	0.77963	0.01087	0.02247	0.01595	0.01377	0.00870	0.01015	0.00725	0.00580	0.00507	0.00145	0.01015	0.00362	0.00290	0.00652
12	0.00785	0.00575	0.00736	0.00696	0.00834	0.00526	0.00522	0.01040	0.01566	0.02193	0.70274	0.04309	0.11491	0.01174	0.00664	0.00178	0.00267	0.01033	0.00611	0.00526
13	0.00673	0.00540	0.00601	0.00649	0.00781	0.00468	0.00463	0.00799	0.01207	0.01489	0.04737	0.33022	0.49499	0.01551	0.00685	0.00204	0.00300	0.01341	0.00523	0.00468
14	0.00685	0.00494	0.00649	0.00773	0.00813	0.00458	0.00518	0.00785	0.01088	0.01441	0.03234	0.76056	0.07436	0.01746	0.00716	0.00227	0.00324	0.01579	0.00522	0.00458
15	0.00873	0.00579	0.00739	0.00731	0.00866	0.00524	0.00535	0.01070	0.01404	0.07431	0.39982	0.25576	0.14903	0.01330	0.00672	0.00193	0.00301	0.01174	0.00584	0.00533
16	0.00786	0.00549	0.00615	0.00619	0.00658	0.00529	0.00373	0.00827	0.00944	0.01235	0.06187	0.07322	0.14484	0.59943	0.02301	0.00455	0.00479	0.00923	0.00393	0.00377
17	0.26233	0.30475	0.01775	0.00953	0.01353	0.04608	0.00834	0.02053	0.14397	0.10708	0.01222	0.01241	0.00944	0.00573	0.00424	0.00156	0.00526	0.00395	0.00387	0.00743
18	0.01658	0.08358	0.01715	0.12424	0.06282	0.13563	0.03618	0.28528	0.01808	0.02310	0.06328	0.01643	0.02791	0.02105	0.00583	0.00170	0.00665	0.00525	0.04165	0.00761
19	0.19152	0.03870	0.01401	0.01144	0.01499	0.22697	0.00911	0.26013	0.05006	0.04839	0.01437	0.03123	0.05223	0.00682	0.00507	0.00166	0.00653	0.00488	0.00435	0.00752

[dist]
# distance from previous block
# <min> <max>
0	1

[block]
# block no. 2 follows, 42 sequences, length 19
# corresponding to MSA columns:
# 96-114
name=unknown_C
#
# <colnr> <probs for GDERKNQSTAVLIFYWHMCP>
#	G	D	E	R	K	N	Q	S	T	A	V	L	I	F	Y	W	H	M	C	P
0	0.01274	0.01459	0.15222	0.01397	0.01789	0.01241	0.14330	0.12928	0.12992	0.02137	0.11984	0.10615	0.01909	0.00841	0.00714	0.00192	0.07065	0.00731	0.00433	0.00746
1	0.00757	0.00571	0.00699	0.00673	0.00818	0.00513	0.00503	0.00983	0.01490	0.02026	0.54504	0.07294	0.24612	0.01248	0.00666	0.00182	0.00273	0.01085	0.00590	0.00513
2	0.01212	0.01137	0.01862	0.02751	0.57654	0.01119	0.01410	0.01494	0.01262	0.01750	0.01970	0.09672	0.12759	0.00766	0.00589	0.00177	0.00576	0.00714	0.00340	0.00785
3	0.00797	0.00623	0.00730	0.00717	0.00872	0.00587	0.00531	0.01128	0.08654	0.01909	0.35655	0.15432	0.27696	0.01291	0.00663	0.00190	0.00298	0.01120	0.00569	0.00537
4	0.00706	0.00498	0.00647	0.00758	0.00785	0.00471	0.00495	0.00789	0.01038	0.01384	0.02898	0.68175	0.03465	0.13794	0.01047	0.00277	0.00360	0.01480	0.00495	0.00439
5	0.01505	0.80561	0.02949	0.00963	0.01444	0.02227	0.00963	0.01685	0.01143	0.01324	0.00782	0.00903	0.00722	0.00481	0.00361	0.00120	0.00602	0.00301	0.00241	0.00722
6	0.01135	0.00654	0.00839	0.00748	0.00952	0.00584	0.00577	0.01372	0.01549	0.17671	0.50180	0.03915	0.15411	0.01098	0.00644	0.00178	0.00313	0.00950	0.00621	0.00611
7	0.01874	0.02302	0.01629	0.01457	0.01671	0.57993	0.01125	0.02013	0.01403	0.01371	0.00836	0.01072	0.00729	0.00686	0.00858	0.00172	0.21493	0.00397	0.00279	0.00643
8	0.02139	0.01576	0.01689	0.01295	0.01745	0.01745	0.01070	0.74835	0.02646	0.03547	0.01351	0.01351	0.00957	0.00676	0.00563	0.00169	0.00619	0.00507	0.00563	0.00957
9	0.81016	0.01107	0.00861	0.00762	0.01114	0.01281	0.00627	0.04491	0.01023	0.02565	0.00806	0.00931	0.00623	0.00528	0.00357	0.00174	0.00442	0.00313	0.00357	0.00623
10	0.01062	0.00634	0.00837	0.00753	0.00932	0.00576	0.00576	0.01320	0.01596	0.13734	0.65038	0.03853	0.04709	0.01081	0.00649	0.00177	0.00298	0.00948	0.00631	0.00596
11	0.00697	0.00571	0.00614	0.00603	0.00780	0.00489	0.00453	0.00869	0.01358	0.01698	0.22776	0.05123	0.59297	0.01359	0.00665	0.00187	0.00280	0.01147	0.00546	0.00489
12	0.00686	0.00490	0.00653	0.00784	0.00816	0.00457	0.00522	0.00784	0.01077	0.01437	0.03102	0.79855	0.03722	0.01763	0.00718	0.00229	0.00326	0.01600	0.00522	0.00457
13	0.01320	0.01494	0.03189	0.02298	0.02821	0.01448	0.68633	0.01766	0.01290	0.01766	0.01106	0.01494	0.00844	0.00516	0.00761	0.00194	0.07379	0.00650	0.00281	0.00747
14	0.01522	0.01295	0.01601	0.09151	0.13304	0.01482	0.01154	0.19073	0.34012	0.02378	0.01632	0.01689	0.01241	0.00702	0.00672	0.00186	0.07021	0.00561	0.00467	0.00858
15	0.00785	0.00583	0.00851	0.00867	0.00960	0.00649	0.00659	0.00977	0.00998	0.01419	0.09067	0.14311	0.02143	0.03544	0.58591	0.00730	0.01205	0.00796	0.00366	0.00498
16	0.01423	0.13567	0.02359	0.14139	0.06766	0.06879	0.22038	0.08799	0.01344	0.01753	0.02536	0.01372	0.00894	0.00612	0.00759	0.00181	0.13036	0.00517	0.00300	0.00725
17	0.00770	0.00579	0.00706	0.00774	0.00857	0.00563	0.00532	0.01020	0.08397	0.01554	0.07293	0.52599	0.12484	0.08038	0.00871	0.00243	0.00348	0.01358	0.00518	0.00496
18	0.16416	0.01555	0.07821	0.01542	0.13166	0.03158	0.01160	0.39460	0.01944	0.06692	0.01213	0.01289	0.00883	0.00609	0.00521	0.00170	0.00613	0.00463	0.00456	0.00869

[dist]
# distance from previous block
# <min> <max>
3	7

[block]
# block no. 3 follows, 42 sequences, length 26
# corresponding to MSA columns:
# 123-148
name=unknown_D
#
# <colnr> <probs for GDERKNQSTAVLIFYWHMCP>
#	G	D	E	R	K	N	Q	S	T	A	V	L	I	F	Y	W	H	M	C	P
0	0.00869	0.00646	0.00774	0.00727	0.00906	0.00597	0.00547	0.01193	0.07258	0.04219	0.42037	0.09825	0.22420	0.01191	0.00648	0.00181	0.00302	0.01032	0.00575	0.04053
1	0.01245	0.11939	0.01996	0.20753	0.08084	0.05604	0.11612	0.01517	0.01128	0.01507	0.01073	0.03592	0.00933	0.00929	0.06602	0.00238	0.15908	0.00527	0.04154	0.00659
2	0.62156	0.00939	0.00747	0.00683	0.00974	0.01067	0.00552	0.01563	0.01017	0.02412	0.01063	0.01228	0.00830	0.00558	0.00360	0.00163	0.00389	0.00363	0.22350	0.00587
3	0.01132	0.01057	0.01779	0.48201	0.25041	0.01217	0.01518	0.01476	0.01147	0.01542	0.01072	0.01546	0.00863	0.00940	0.08936	0.00259	0.00808	0.00512	0.00264	0.00690
4	0.00807	0.00592	0.00851	0.00851	0.00933	0.00675	0.00637	0.00971	0.00889	0.01267	0.01556	0.02481	0.01524	0.18145	0.64227	0.00839	0.01331	0.00642	0.00309	0.00473
5	0.00808	0.00577	0.00793	0.00923	0.01009	0.00562	0.00734	0.00994	0.01198	0.01573	0.03034	0.39311	0.03456	0.01648	0.00751	0.00245	0.00432	0.40940	0.00520	0.00491
6	0.01298	0.01019	0.01189	0.00879	0.01355	0.00824	0.00703	0.01686	0.09034	0.07778	0.01231	0.01324	0.00970	0.00475	0.00445	0.00102	0.00425	0.00383	0.00387	0.68492
7	0.00947	0.14970	0.07379	0.01066	0.01315	0.00958	0.09605	0.01154	0.01143	0.01498	0.02414	0.44902	0.06067	0.01265	0.00633	0.00200	0.00492	0.02998	0.00422	0.00572
8	0.01310	0.01465	0.03028	0.02208	0.02673	0.01478	0.61204	0.01720	0.01243	0.01720	0.01065	0.01465	0.00833	0.00568	0.00881	0.00200	0.15294	0.00633	0.00278	0.00733
9	0.01394	0.57676	0.24864	0.01152	0.01737	0.01956	0.01292	0.01714	0.01157	0.01459	0.00849	0.00987	0.00719	0.00497	0.00412	0.00137	0.00670	0.00335	0.00240	0.00754
10	0.01393	0.01337	0.02284	0.03454	0.76712	0.01337	0.01727	0.01727	0.01281	0.01839	0.01059	0.01393	0.00891	0.00501	0.00557	0.00167	0.00669	0.00501	0.00279	0.00891
11	0.00694	0.00574	0.00611	0.00608	0.00787	0.00490	0.00460	0.00861	0.01333	0.01645	0.17082	0.05250	0.62497	0.01385	0.00669	0.00190	0.00290	0.03550	0.00538	0.00486
12	0.00685	0.00494	0.00649	0.00773	0.00814	0.00458	0.00518	0.00785	0.01087	0.01441	0.03225	0.76318	0.07179	0.01747	0.00716	0.00227	0.00325	0.01580	0.00522	0.00458
13	0.00750	0.00546	0.00610	0.00627	0.00696	0.00510	0.00400	0.00817	0.01025	0.01310	0.05395	0.15122	0.25897	0.41804	0.01799	0.00377	0.00424	0.01052	0.00432	0.00406
14	0.01055	0.00621	0.00832	0.00809	0.00867	0.00656	0.00562	0.01147	0.14467	0.01230	0.01218	0.01782	0.01113	0.01737	0.01901	0.68340	0.00481	0.00516	0.00305	0.00363
15	0.01730	0.51615	0.02458	0.01127	0.01554	0.22253	0.01007	0.09522	0.01421	0.01572	0.00865	0.00980	0.00748	0.00528	0.00421	0.00132	0.00713	0.00339	0.00288	0.00728
16	0.69083	0.09565	0.01110	0.00819	0.01177	0.07366	0.00684	0.01704	0.01027	0.02309	0.00790	0.00921	0.00630	0.00523	0.00362	0.00166	0.00498	0.00309	0.00332	0.00625
17	0.01274	0.01193	0.01980	0.22597	0.02420	0.01397	0.18416	0.08924	0.01211	0.01666	0.00991	0.01434	0.00816	0.00821	0.01127	0.08972	0.23287	0.00536	0.00288	0.00648
18	0.01943	0.02323	0.01468	0.01330	0.01605	0.64190	0.01001	0.02107	0.01595	0.04685	0.11195	0.01486	0.01376	0.00662	0.00531	0.00151	0.00890	0.00460	0.00352	0.00649
19	0.00698	0.00529	0.00644	0.00704	0.00803	0.00475	0.00494	0.00838	0.01228	0.01600	0.16154	0.43839	0.26850	0.01555	0.00692	0.00208	0.00303	0.01373	0.00539	0.00475
20	0.62286	0.01064	0.00886	0.00775	0.01104	0.01213	0.00633	0.10342	0.01192	0.02585	0.01005	0.01139	0.00772	0.00560	0.00380	0.00167	0.00432	0.00361	0.12466	0.00639
21	0.00776	0.00545	0.00711	0.00810	0.00861	0.00529	0.00581	0.00893	0.01074	0.01420	0.02754	0.42271	0.03196	0.20349	0.01244	0.00312	0.00429	0.20321	0.00478	0.00446
22	0.01063	0.01000	0.01688	0.78870	0.03876	0.01250	0.01563	0.01438	0.01125	0.01438	0.01000	0.01500	0.00750	0.00563	0.00563	0.00188	0.00750	0.00500	0.00250	0.00625
23	0.69152	0.01178	0.00985	0.00842	0.01209	0.01351	0.00694	0.15072	0.01267	0.02712	0.00888	0.00994	0.00673	0.00550	0.00388	0.00173	0.00469	0.00342	0.00388	0.00673
24	0.01430	0.72155	0.02718	0.00936	0.01381	0.02049	0.00918	0.01620	0.01191	0.01422	0.08731	0.01250	0.01204	0.00552	0.00393	0.00126	0.00566	0.00376	0.00281	0.00702
25	0.00804	0.00603	0.00904	0.00904	0.01005	0.00703	0.00703	0.01005	0.00904	0.01306	0.01507	0.02211	0.01407	0.04221	0.77992	0.00904	0.01507	0.00603	0.00301	0.00502

[dist]
# distance from previous block
# <min> <max>
0	1

[block]
# block no. 4 follows, 42 sequences, length 42
# corresponding to MSA columns:
# 150-191
name=unknown_E
#
# <colnr> <probs for GDERKNQSTAVLIFYWHMCP>
#	G	D	E	R	K	N	Q	S	T	A	V	L	I	F	Y	W	H	M	C	P
0	0.02057	0.02514	0.01579	0.01420	0.01721	0.68057	0.01073	0.06757	0.06716	0.01577	0.00996	0.01110	0.00807	0.00598	0.00515	0.00150	0.00952	0.00390	0.00326	0.00687
1	0.84197	0.01088	0.00827	0.00740	0.01088	0.01262	0.00609	0.01654	0.00958	0.02525	0.00784	0.00914	0.00609	0.00522	0.00348	0.00174	0.00435	0.00305	0.00348	0.00609
2	0.00796	0.00575	0.00752	0.00708	0.00841	0.00531	0.00531	0.01062	0.01593	0.02257	0.76415	0.04204	0.05310	0.01150	0.00664	0.00177	0.00265	0.01018	0.00619	0.00531
3	0.00686	0.00490	0.00653	0.00784	0.00816	0.00457	0.00522	0.00784	0.01077	0.01437	0.03102	0.79855	0.03722	0.01763	0.00718	0.00229	0.00326	0.01600	0.00522	0.00457
4	0.00686	0.00490	0.00653	0.00784	0.00816	0.00457	0.00522	0.00784	0.01077	0.01437	0.03102	0.79855	0.03722	0.01763	0.00718	0.00229	0.00326	0.01600	0.00522	0.00457
5	0.00686	0.00490	0.00653	0.00784	0.00816	0.00457	0.00522	0.00784	0.01077	0.01437	0.03102	0.79855	0.03722	0.01763	0.00718	0.00229	0.00326	0.01600	0.00522	0.00457
6	0.01505	0.80561	0.02949	0.00963	0.01444	0.02227	0.00963	0.01685	0.01143	0.01324	0.00782	0.00903	0.00722	0.00481	0.00361	0.00120	0.00602	0.00301	0.00241	0.00722
7	0.01400	0.01209	0.01273	0.01145	0.01463	0.01400	0.00891	0.02990	0.75695	0.02354	0.02291	0.02100	0.01718	0.00764	0.00573	0.00191	0.00445	0.00636	0.00573	0.00891
8	0.00678	0.00571	0.00588	0.00584	0.00768	0.00481	0.00438	0.00833	0.01313	0.01593	0.12638	0.05297	0.69501	0.01398	0.00665	0.00189	0.00283	0.01171	0.00532	0.00481
9	0.00686	0.00490	0.00653	0.00784	0.00816	0.00457	0.00522	0.00784	0.01077	0.01437	0.03102	0.79855	0.03722	0.01763	0.00718	0.00229	0.00326	0.01600	0.00522	0.00457
10	0.01328	0.01518	0.03321	0.02372	0.02941	0.01423	0.74668	0.01803	0.01328	0.01803	0.01139	0.01518	0.00854	0.00474	0.00664	0.00190	0.00949	0.00664	0.00285	0.00759
11	0.02217	0.01033	0.01313	0.01016	0.01449	0.00940	0.00831	0.07838	0.08898	0.55033	0.02012	0.01799	0.01323	0.00667	0.00548	0.00164	0.00478	0.00540	0.00629	0.11272
12	0.01167	0.01000	0.01167	0.00834	0.01334	0.00750	0.00667	0.01417	0.01167	0.01834	0.01000	0.01167	0.00834	0.00417	0.00417	0.00083	0.00417	0.00333	0.00333	0.83663
13	0.00701	0.00561	0.00626	0.00632	0.00788	0.00487	0.00466	0.00868	0.01334	0.01694	0.23084	0.14764	0.49214	0.01400	0.00672	0.00192	0.00286	0.01199	0.00547	0.00487
14	0.30195	0.01183	0.01094	0.00960	0.01290	0.06408	0.00755	0.06227	0.21723	0.06423	0.01566	0.09127	0.01314	0.00723	0.00488	0.00173	0.00478	0.00556	0.00453	0.08862
15	0.01559	0.01635	0.02654	0.01970	0.02446	0.11116	0.46513	0.15851	0.01592	0.02058	0.01192	0.03816	0.00942	0.00583	0.00666	0.00183	0.03491	0.00619	0.00345	0.00770
16	0.01914	0.02099	0.01483	0.01326	0.01638	0.47814	0.01012	0.04758	0.24217	0.06102	0.01396	0.01408	0.01073	0.00646	0.00532	0.00161	0.00798	0.00462	0.00408	0.00752
17	0.01505	0.80561	0.02949	0.00963	0.01444	0.02227	0.00963	0.01685	0.01143	0.01324	0.00782	0.00903	0.00722	0.00481	0.00361	0.00120	0.00602	0.00301	0.00241	0.00722
18	0.01573	0.67974	0.05091	0.01035	0.01514	0.06818	0.01013	0.06714	0.01275	0.01493	0.00834	0.00949	0.00738	0.00502	0.00389	0.00127	0.00636	0.00322	0.00266	0.00737
19	0.00896	0.00740	0.00998	0.16143	0.01526	0.02771	0.00796	0.01125	0.01132	0.01547	0.11650	0.08621	0.09726	0.03748	0.27502	0.00436	0.00833	0.00753	0.03449	0.05605
20	0.00709	0.00572	0.00632	0.00617	0.00787	0.00494	0.00462	0.00893	0.01387	0.01769	0.29557	0.05007	0.52473	0.01333	0.00665	0.00186	0.00278	0.01130	0.00555	0.00494
21	0.01257	0.01207	0.02081	0.33976	0.44464	0.01305	0.04360	0.01613	0.01220	0.01675	0.01038	0.01441	0.00833	0.00525	0.00563	0.00176	0.00712	0.00507	0.00267	0.00779
22	0.00696	0.00509	0.00655	0.00757	0.00819	0.00469	0.00520	0.00814	0.01143	0.01509	0.08429	0.63630	0.12997	0.01674	0.00709	0.00221	0.00321	0.03132	0.00529	0.00466
23	0.01129	0.02911	0.77306	0.01604	0.02436	0.01307	0.02079	0.01782	0.01188	0.01782	0.01010	0.01188	0.00713	0.00535	0.00535	0.00178	0.00832	0.00416	0.00238	0.00832
24	0.00717	0.00543	0.00669	0.00756	0.00857	0.00496	0.00557	0.00857	0.01183	0.01507	0.03941	0.42667	0.27722	0.01616	0.00711	0.00221	0.00346	0.13641	0.00522	0.00473
25	0.00679	0.00518	0.00624	0.00710	0.00797	0.00463	0.00489	0.00792	0.01149	0.01466	0.04004	0.54020	0.28974	0.01646	0.00700	0.00215	0.00312	0.01457	0.00522	0.00463
26	0.00686	0.00490	0.00653	0.00784	0.00816	0.00457	0.00522	0.00784	0.01077	0.01437	0.03102	0.79855	0.03722	0.01763	0.00718	0.00229	0.00326	0.01600	0.00522	0.00457
27	0.02112	0.01563	0.01673	0.01289	0.01735	0.01732	0.01063	0.72151	0.05375	0.03502	0.01386	0.01379	0.00985	0.00679	0.00563	0.00170	0.00613	0.00512	0.00563	0.00955
28	0.01129	0.02911	0.77306	0.01604	0.02436	0.01307	0.02079	0.01782	0.01188	0.01782	0.01010	0.01188	0.00713	0.00535	0.00535	0.00178	0.00832	0.00416	0.00238	0.00832
29	0.02525	0.00958	0.01306	0.01001	0.01437	0.00827	0.00827	0.02743	0.01611	0.77102	0.02220	0.01915	0.01393	0.00697	0.00566	0.00174	0.00479	0.00566	0.00697	0.00958
30	0.00840	0.00607	0.00714	0.00700	0.00858	0.00553	0.00522	0.01003	0.01312	0.06682	0.18779	0.18598	0.41081	0.01369	0.00712	0.00196	0.03249	0.01163	0.00543	0.00520
31	0.00674	0.00534	0.00608	0.00667	0.00786	0.00467	0.00471	0.00797	0.01189	0.01482	0.04520	0.39224	0.43437	0.01579	0.00689	0.00208	0.00304	0.01375	0.00523	0.00467
32	0.00801	0.00538	0.00619	0.00636	0.00640	0.00534	0.00365	0.00814	0.00852	0.01136	0.01945	0.13560	0.02263	0.70049	0.02586	0.00504	0.00517	0.00920	0.00365	0.00356
33	0.01156	0.01222	0.02439	0.01850	0.02212	0.01219	0.46309	0.01494	0.01220	0.01677	0.03878	0.19017	0.01617	0.00849	0.00830	0.00205	0.10934	0.00861	0.00343	0.00666
34	0.01720	0.01840	0.02028	0.01682	0.04295	0.30288	0.22011	0.02253	0.16050	0.07204	0.01325	0.01457	0.01011	0.00607	0.00621	0.00173	0.03779	0.00526	0.00372	0.00758
35	0.01190	0.00661	0.00676	0.00624	0.00797	0.00683	0.00481	0.10845	0.01370	0.02286	0.01773	0.02001	0.01379	0.00658	0.00415	0.00136	0.00309	0.00522	0.72612	0.00581
36	0.00679	0.00518	0.00624	0.00710	0.00797	0.00463	0.00489	0.00792	0.01149	0.01466	0.04004	0.54020	0.28974	0.01646	0.00700	0.00215	0.00312	0.01457	0.00522	0.00463
37	0.01522	0.01446	0.02081	0.02076	0.22087	0.10628	0.19855	0.07026	0.10736	0.06595	0.06507	0.04126	0.01389	0.00644	0.00593	0.00176	0.00701	0.00616	0.00394	0.00799
38	0.01459	0.21540	0.30026	0.01327	0.01851	0.20960	0.01378	0.01898	0.06358	0.01585	0.01135	0.05969	0.00972	0.00624	0.00499	0.00160	0.00765	0.00462	0.00292	0.00740
39	0.00686	0.00490	0.00653	0.00784	0.00816	0.00457	0.00522	0.00784	0.01077	0.01437	0.03102	0.79855	0.03722	0.01763	0.00718	0.00229	0.00326	0.01600	0.00522	0.00457
40	0.01129	0.02911	0.77306	0.01604	0.02436	0.01307	0.02079	0.01782	0.01188	0.01782	0.01010	0.01188	0.00713	0.00535	0.00535	0.00178	0.00832	0.00416	0.00238	0.00832
41	0.01566	0.01781	0.16562	0.01792	0.02330	0.01534	0.30417	0.27115	0.01727	0.02373	0.01161	0.01378	0.00855	0.00591	0.00686	0.00184	0.06197	0.00551	0.00370	0.00832

[dist]
# distance from previous block
# <min> <max>
0	1

[block]
# block no. 5 follows, 42 sequences, length 87
# corresponding to MSA columns:
# 193-279
name=unknown_F
#
# <colnr> <probs for GDERKNQSTAVLIFYWHMCP>
#	G	D	E	R	K	N	Q	S	T	A	V	L	I	F	Y	W	H	M	C	P
0	0.75431	0.09514	0.01052	0.00764	0.01126	0.01365	0.00647	0.01658	0.00977	0.02398	0.00783	0.00913	0.00621	0.00518	0.00350	0.00168	0.00453	0.00304	0.00337	0.00621
1	0.00695	0.00504	0.00656	0.00760	0.00814	0.00466	0.00516	0.00812	0.01142	0.01521	0.10282	0.66928	0.09469	0.01679	0.00709	0.00221	0.00318	0.01513	0.00532	0.00466
2	0.01129	0.02911	0.77306	0.01604	0.02436	0.01307	0.02079	0.01782	0.01188	0.01782	0.01010	0.01188	0.00713	0.00535	0.00535	0.00178	0.00832	0.00416	0.00238	0.00832
3	0.01423	0.01291	0.00905	0.00853	0.01041	0.28036	0.00640	0.01644	0.01327	0.01842	0.01493	0.01713	0.01188	0.00629	0.00434	0.00136	0.00530	0.00467	0.53839	0.00570
4	0.01224	0.01000	0.01173	0.00937	0.01348	0.00867	0.00767	0.08459	0.06130	0.02001	0.01504	0.02258	0.01373	0.00686	0.00511	0.00133	0.00458	0.14575	0.00407	0.54190
5	0.01691	0.01125	0.01128	0.00949	0.01236	0.08690	0.00755	0.23216	0.01700	0.14359	0.01633	0.01750	0.01217	0.00935	0.06449	0.00210	0.00573	0.00516	0.31138	0.00732
6	0.01505	0.80561	0.02949	0.00963	0.01444	0.02227	0.00963	0.01685	0.01143	0.01324	0.00782	0.00903	0.00722	0.00481	0.00361	0.00120	0.00602	0.00301	0.00241	0.00722
7	0.00736	0.00564	0.00674	0.00665	0.00808	0.00502	0.00492	0.00938	0.01424	0.01898	0.42503	0.12672	0.31451	0.01317	0.00670	0.00187	0.00279	0.01142	0.00573	0.00502
8	0.01684	0.01339	0.01558	0.01249	0.01634	0.01461	0.06600	0.39930	0.22414	0.02821	0.02079	0.04262	0.08801	0.00791	0.00588	0.00180	0.00555	0.00654	0.00539	0.00861
9	0.02102	0.02682	0.01595	0.01450	0.01740	0.77963	0.01087	0.02247	0.01595	0.01377	0.00870	0.01015	0.00725	0.00580	0.00507	0.00145	0.01015	0.00362	0.00290	0.00652
10	0.01129	0.02911	0.77306	0.01604	0.02436	0.01307	0.02079	0.01782	0.01188	0.01782	0.01010	0.01188	0.00713	0.00535	0.00535	0.00178	0.00832	0.00416	0.00238	0.00832
11	0.00686	0.00490	0.00653	0.00784	0.00816	0.00457	0.00522	0.00784	0.01077	0.01437	0.03102	0.79855	0.03722	0.01763	0.00718	0.00229	0.00326	0.01600	0.00522	0.00457
12	0.01179	0.00977	0.01089	0.01037	0.01278	0.01087	0.00811	0.02258	0.48152	0.02132	0.09617	0.10661	0.04351	0.01035	0.00629	0.00204	0.00424	0.11768	0.00563	0.00747
13	0.01155	0.01712	0.23183	0.01869	0.02412	0.01214	0.41077	0.01610	0.01244	0.01730	0.01464	0.15821	0.01342	0.00728	0.00638	0.00194	0.00802	0.00768	0.00315	0.00724
14	0.01393	0.01337	0.02284	0.03454	0.76712	0.01337	0.01727	0.01727	0.01281	0.01839	0.01059	0.01393	0.00891	0.00501	0.00557	0.00167	0.00669	0.00501	0.00279	0.00891
15	0.00665	0.00570	0.00570	0.00570	0.00760	0.00475	0.00428	0.00808	0.01283	0.01520	0.05701	0.05416	0.76483	0.01425	0.00665	0.00190	0.00285	0.01188	0.00523	0.00475
16	0.16814	0.01748	0.01560	0.04570	0.19502	0.29638	0.01125	0.07286	0.05175	0.01942	0.01058	0.01237	0.00847	0.00570	0.00494	0.00161	0.00722	0.00422	0.04401	0.00729
17	0.01473	0.02325	0.29086	0.01892	0.05608	0.22433	0.25497	0.01914	0.01350	0.01680	0.01015	0.01257	0.00770	0.00526	0.00570	0.00172	0.00913	0.00486	0.00269	0.00761
18	0.02511	0.00980	0.01320	0.01012	0.01448	0.00860	0.00836	0.05334	0.01648	0.74458	0.02189	0.01895	0.01377	0.00696	0.00566	0.00174	0.00484	0.00564	0.00692	0.00958
19	0.01328	0.01518	0.03321	0.02372	0.02941	0.01423	0.74668	0.01803	0.01328	0.01803	0.01139	0.01518	0.00854	0.00474	0.00664	0.00190	0.00949	0.00664	0.00285	0.00759
20	0.04827	0.01067	0.01545	0.01376	0.06966	0.01063	0.12436	0.15438	0.05098	0.14997	0.01985	0.25036	0.01860	0.00953	0.00614	0.00190	0.00542	0.00863	0.00496	0.02647
21	0.01763	0.02097	0.01653	0.08866	0.03394	0.47855	0.01183	0.03285	0.01373	0.01427	0.00861	0.01131	0.00739	0.00684	0.00863	0.00176	0.21306	0.00415	0.00280	0.00651
22	0.02290	0.01143	0.01399	0.01089	0.01513	0.01124	0.00894	0.22716	0.08094	0.48996	0.03435	0.01819	0.01376	0.00705	0.00568	0.00174	0.00511	0.00564	0.00648	0.00944
23	0.01393	0.01337	0.02284	0.03454	0.76712	0.01337	0.01727	0.01727	0.01281	0.01839	0.01059	0.01393	0.00891	0.00501	0.00557	0.00167	0.00669	0.00501	0.00279	0.00891
24	0.01307	0.01250	0.02129	0.23067	0.57770	0.01315	0.01684	0.01652	0.01241	0.01734	0.01043	0.01421	0.00855	0.00517	0.00559	0.00172	0.00690	0.00501	0.00271	0.00822
25	0.84197	0.01088	0.00827	0.00740	0.01088	0.01262	0.00609	0.01654	0.00958	0.02525	0.00784	0.00914	0.00609	0.00522	0.00348	0.00174	0.00435	0.00305	0.00348	0.00609
26	0.00665	0.00570	0.00570	0.00570	0.00760	0.00475	0.00428	0.00808	0.01283	0.01520	0.05701	0.05416	0.76483	0.01425	0.00665	0.00190	0.00285	0.01188	0.00523	0.00475
27	0.01393	0.01337	0.02284	0.03454	0.76712	0.01337	0.01727	0.01727	0.01281	0.01839	0.01059	0.01393	0.00891	0.00501	0.00557	0.00167	0.00669	0.00501	0.00279	0.00891
28	0.02525	0.00958	0.01306	0.01001	0.01437	0.00827	0.00827	0.02743	0.01611	0.77102	0.02220	0.01915	0.01393	0.00697	0.00566	0.00174	0.00479	0.00566	0.00697	0.00958
29	0.01328	0.01518	0.03321	0.02372	0.02941	0.01423	0.74668	0.01803	0.01328	0.01803	0.01139	0.01518	0.00854	0.00474	0.00664	0.00190	0.00949	0.00664	0.00285	0.00759
30	0.01180	0.01120	0.01900	0.52077	0.29752	0.01281	0.01621	0.01541	0.01181	0.01580	0.01021	0.01462	0.00800	0.00541	0.00561	0.00180	0.00721	0.00501	0.00260	0.00720
31	0.00978	0.00489	0.00733	0.00733	0.00733	0.00489	0.00489	0.00733	0.00733	0.00978	0.00978	0.01711	0.00978	0.01955	0.02199	0.83627	0.00489	0.00489	0.00244	0.00244
32	0.01756	0.02763	0.28493	0.01505	0.01987	0.50729	0.01440	0.02082	0.01450	0.01521	0.00920	0.01076	0.00721	0.00564	0.00517	0.00157	0.00950	0.00381	0.00271	0.00716
33	0.01480	0.01191	0.01275	0.01135	0.01461	0.01359	0.00886	0.02973	0.70443	0.07654	0.02286	0.02087	0.01695	0.00759	0.00572	0.00190	0.00448	0.00631	0.00581	0.00896
34	0.00695	0.00571	0.00611	0.00601	0.00778	0.00488	0.00451	0.00865	0.01352	0.01685	0.21550	0.05144	0.60532	0.01364	0.00665	0.00187	0.00281	0.01150	0.00544	0.00488
35	0.01049	0.00525	0.00525	0.00525	0.00656	0.00525	0.00393	0.01311	0.01180	0.02098	0.01836	0.02098	0.01442	0.00656	0.00393	0.00131	0.00262	0.00525	0.83346	0.00525
36	0.00701	0.00501	0.00671	0.00802	0.00841	0.00471	0.00550	0.00811	0.01093	0.01454	0.03093	0.74644	0.03688	0.01748	0.00722	0.00231	0.00340	0.06657	0.00522	0.00461
37	0.01158	0.04415	0.67881	0.01672	0.02468	0.01339	0.09751	0.01782	0.01202	0.01775	0.01019	0.01217	0.00728	0.00527	0.00545	0.00178	0.00839	0.00440	0.00243	0.00822
38	0.00757	0.00545	0.00717	0.00735	0.00832	0.00505	0.00528	0.00963	0.01410	0.01965	0.50369	0.31080	0.04746	0.01368	0.00683	0.00195	0.00287	0.01225	0.00585	0.00505
39	0.01304	0.01084	0.01240	0.00904	0.01393	0.00903	0.00727	0.11309	0.03531	0.02079	0.01085	0.01219	0.00876	0.00462	0.00441	0.00098	0.00445	0.00365	0.00371	0.70166
40	0.00956	0.00826	0.01195	0.01108	0.01173	0.01066	0.00891	0.01129	0.00889	0.01323	0.01234	0.01863	0.01170	0.03071	0.50940	0.00671	0.29106	0.00564	0.00282	0.00543
41	0.02139	0.01576	0.01689	0.01295	0.01745	0.01745	0.01070	0.74835	0.02646	0.03547	0.01351	0.01351	0.00957	0.00676	0.00563	0.00169	0.00619	0.00507	0.00563	0.00957
42	0.02139	0.01576	0.01689	0.01295	0.01745	0.01745	0.01070	0.74835	0.02646	0.03547	0.01351	0.01351	0.00957	0.00676	0.00563	0.00169	0.00619	0.00507	0.00563	0.00957
43	0.00695	0.00497	0.00664	0.00794	0.00831	0.00465	0.00539	0.00800	0.01087	0.01447	0.03096	0.76689	0.03701	0.01754	0.00721	0.00230	0.00335	0.04672	0.00522	0.00460
44	0.01307	0.01250	0.02129	0.23067	0.57770	0.01315	0.01684	0.01652	0.01241	0.01734	0.01043	0.01421	0.00855	0.00517	0.00559	0.00172	0.00690	0.00501	0.00271	0.00822
45	0.00764	0.00543	0.00725	0.00829	0.00894	0.00521	0.00609	0.00912	0.01163	0.01552	0.09948	0.47678	0.03619	0.07684	0.00893	0.00256	0.00387	0.20033	0.00517	0.00471
46	0.00796	0.00575	0.00752	0.00708	0.00841	0.00531	0.00531	0.01062	0.01593	0.02257	0.76415	0.04204	0.05310	0.01150	0.00664	0.00177	0.00265	0.01018	0.00619	0.00531
47	0.02456	0.01068	0.01374	0.01054	0.01492	0.00991	0.00870	0.15618	0.01796	0.63965	0.02065	0.01815	0.01315	0.00693	0.00565	0.00173	0.00504	0.00555	0.00673	0.00958
48	0.07398	0.02226	0.01575	0.01355	0.01700	0.48639	0.01051	0.25435	0.01890	0.02145	0.01018	0.01116	0.00792	0.00607	0.00515	0.00155	0.00851	0.00405	0.00381	0.00747
49	0.20400	0.02193	0.04113	0.01267	0.01592	0.50728	0.00997	0.02168	0.08492	0.01742	0.00991	0.01102	0.00793	0.00583	0.00479	0.00157	0.00824	0.00378	0.00328	0.00672
50	0.00808	0.00582	0.00775	0.00786	0.00908	0.00548	0.00611	0.01055	0.01475	0.02047	0.52911	0.12683	0.04698	0.01302	0.00694	0.00200	0.00326	0.16484	0.00588	0.00520
51	0.00793	0.00575	0.00747	0.00704	0.00838	0.00529	0.00528	0.01055	0.01584	0.02236	0.74408	0.04238	0.07330	0.01158	0.00664	0.00177	0.00266	0.01023	0.00617	0.00529
52	0.00751	0.00598	0.00690	0.00736	0.00904	0.00536	0.00598	0.00935	0.01287	0.01578	0.04734	0.05747	0.50462	0.01471	0.00705	0.00215	0.00368	0.26673	0.00521	0.00490
53	0.00951	0.01032	0.08706	0.01329	0.01610	0.00839	0.20047	0.01243	0.01219	0.01632	0.02486	0.29592	0.06059	0.01241	0.00699	0.00220	0.00584	0.19492	0.00432	0.00588
54	0.00686	0.00490	0.00653	0.00784	0.00816	0.00457	0.00522	0.00784	0.01077	0.01437	0.03102	0.79855	0.03722	0.01763	0.00718	0.00229	0.00326	0.01600	0.00522	0.00457
55	0.01352	0.01296	0.02211	0.12735	0.67749	0.01326	0.01707	0.01692	0.01262	0.01789	0.01051	0.01406	0.00874	0.00509	0.00558	0.00170	0.00679	0.00501	0.00275	0.00859
56	0.01165	0.01055	0.01688	0.71484	0.03673	0.01297	0.01516	0.08426	0.01270	0.01639	0.01034	0.01486	0.00770	0.00573	0.00563	0.00186	0.00738	0.00501	0.00280	0.00657
57	0.00686	0.00490	0.00653	0.00784	0.00816	0.00457	0.00522	0.00784	0.01077	0.01437	0.03102	0.79855	0.03722	0.01763	0.00718	0.00229	0.00326	0.01600	0.00522	0.00457
58	0.01235	0.20765	0.53039	0.01529	0.02254	0.01531	0.08732	0.01762	0.01191	0.01678	0.00969	0.01153	0.00728	0.00517	0.00507	0.00166	0.00790	0.00413	0.00243	0.00799
59	0.01101	0.01066	0.01901	0.65889	0.03667	0.01259	0.12261	0.01489	0.01156	0.01506	0.01039	0.01516	0.00781	0.00552	0.00574	0.00187	0.00768	0.00525	0.02121	0.00643
60	0.01256	0.01272	0.01720	0.01477	0.01485	0.03887	0.01227	0.01380	0.00883	0.01355	0.00742	0.01225	0.00738	0.00973	0.01809	0.00243	0.76974	0.00489	0.00247	0.00617
61	0.00679	0.00571	0.00589	0.00585	0.00769	0.00481	0.00439	0.00835	0.01316	0.01598	0.13198	0.05287	0.68938	0.01396	0.00665	0.00189	0.00283	0.01170	0.00533	0.00481
62	0.01167	0.01000	0.01167	0.00834	0.01334	0.00750	0.00667	0.01417	0.01167	0.01834	0.01000	0.01167	0.00834	0.00417	0.00417	0.00083	0.00417	0.00333	0.00333	0.83663
63	0.01763	0.00789	0.01062	0.00872	0.01174	0.00697	0.00697	0.02002	0.01603	0.44129	0.34907	0.02924	0.03119	0.00897	0.00609	0.00175	0.00385	0.00765	0.00663	0.00770
64	0.00729	0.00521	0.00703	0.00833	0.00885	0.00494	0.00598	0.00858	0.01120	0.01485	0.03078	0.65470	0.03628	0.01722	0.00730	0.00235	0.00364	0.15558	0.00522	0.00469
65	0.02505	0.00989	0.01325	0.01016	0.01452	0.00873	0.00839	0.06374	0.01663	0.73397	0.02176	0.01887	0.01371	0.00695	0.00566	0.00174	0.00486	0.00563	0.00690	0.00958
66	0.00665	0.00570	0.00570	0.00570	0.00760	0.00475	0.00428	0.00808	0.01283	0.01520	0.05701	0.05416	0.76483	0.01425	0.00665	0.00190	0.00285	0.01188	0.00523	0.00475
67	0.02525	0.00958	0.01306	0.01001	0.01437	0.00827	0.00827	0.02743	0.01611	0.77102	0.02220	0.01915	0.01393	0.00697	0.00566	0.00174	0.00479	0.00566	0.00697	0.00958
68	0.02139	0.01576	0.01689	0.01295	0.01745	0.01745	0.01070	0.74835	0.02646	0.03547	0.01351	0.01351	0.00957	0.00676	0.00563	0.00169	0.00619	0.00507	0.00563	0.00957
69	0.02525	0.00958	0.01306	0.01001	0.01437	0.00827	0.00827	0.02743	0.01611	0.77102	0.02220	0.01915	0.01393	0.00697	0.00566	0.00174	0.00479	0.00566	0.00697	0.00958
70	0.00671	0.00570	0.00578	0.00576	0.00764	0.00478	0.00432	0.00819	0.01297	0.01553	0.08872	0.05362	0.73292	0.01413	0.00665	0.00189	0.00284	0.01180	0.00527	0.00478
71	0.02102	0.02682	0.01595	0.01450	0.01740	0.77963	0.01087	0.02247	0.01595	0.01377	0.00870	0.01015	0.00725	0.00580	0.00507	0.00145	0.01015	0.00362	0.00290	0.00652
72	0.01129	0.02911	0.77306	0.01604	0.02436	0.01307	0.02079	0.01782	0.01188	0.01782	0.01010	0.01188	0.00713	0.00535	0.00535	0.00178	0.00832	0.00416	0.00238	0.00832
73	0.01063	0.01000	0.01688	0.78870	0.03876	0.01250	0.01563	0.01438	0.01125	0.01438	0.01000	0.01500	0.00750	0.00563	0.00563	0.00188	0.00750	0.00500	0.00250	0.00625
74	0.00686	0.00490	0.00653	0.00784	0.00816	0.00457	0.00522	0.00784	0.01077	0.01437	0.03102	0.79855	0.03722	0.01763	0.00718	0.00229	0.00326	0.01600	0.00522	0.00457
75	0.01343	0.01160	0.01218	0.01101	0.01409	0.01329	0.00855	0.02823	0.69973	0.02290	0.02553	0.02355	0.07467	0.00814	0.00580	0.00191	0.00433	0.00679	0.00569	0.00859
76	0.01494	0.78304	0.05110	0.00982	0.01473	0.02200	0.00995	0.01688	0.01145	0.01337	0.00789	0.00911	0.00722	0.00483	0.00366	0.00122	0.00609	0.00304	0.00241	0.00725
77	0.00764	0.00545	0.00742	0.00873	0.00940	0.00524	0.00658	0.00918	0.01154	0.01524	0.03059	0.53939	0.03552	0.01690	0.00739	0.00239	0.00394	0.26746	0.00521	0.00479
78	0.00704	0.00514	0.00666	0.00781	0.00842	0.00477	0.00546	0.00822	0.01123	0.01470	0.03412	0.63860	0.12673	0.01702	0.00717	0.00227	0.00339	0.08139	0.00522	0.00465
79	0.01281	0.00926	0.05994	0.10579	0.01584	0.00828	0.00963	0.04575	0.02875	0.16376	0.16369	0.05990	0.04014	0.01077	0.00656	0.00206	0.00504	0.24018	0.00524	0.00661
80	0.80062	0.01169	0.00866	0.00776	0.01121	0.05126	0.00634	0.01684	0.00990	0.02467	0.00788	0.00919	0.00615	0.00525	0.00356	0.00173	0.00465	0.00308	0.00345	0.00612
81	0.18695	0.01317	0.01416	0.01107	0.01533	0.01409	0.00914	0.41362	0.02037	0.22521	0.01464	0.01411	0.01001	0.00650	0.00521	0.00171	0.00546	0.00482	0.00555	0.00888
82	0.01063	0.01000	0.01688	0.78870	0.03876	0.01250	0.01563	0.01438	0.01125	0.01438	0.01000	0.01500	0.00750	0.00563	0.00563	0.00188	0.00750	0.00500	0.00250	0.00625
83	0.00829	0.00664	0.00762	0.00750	0.00885	0.03397	0.00552	0.01086	0.04383	0.01898	0.41354	0.16769	0.16512	0.02901	0.04494	0.00230	0.00380	0.01080	0.00552	0.00523
84	0.01383	0.01166	0.01236	0.03228	0.01449	0.06658	0.00783	0.08740	0.11586	0.05715	0.04879	0.01698	0.04994	0.00603	0.00494	0.00128	0.00484	0.00484	0.00423	0.43871
85	0.01375	0.45653	0.33327	0.01245	0.01862	0.04893	0.01425	0.01747	0.01180	0.01514	0.00879	0.01024	0.00718	0.00507	0.00438	0.00145	0.00712	0.00350	0.00241	0.00764
86	0.01179	0.00986	0.00988	0.00888	0.01086	0.08164	0.00657	0.15497	0.01391	0.01785	0.02345	0.10400	0.14878	0.20250	0.11361	0.00357	0.00656	0.00796	0.00424	0.05911

[dist]
# distance from previous block
# <min> <max>
1	5

[block]
# block no. 6 follows, 42 sequences, length 46
# corresponding to MSA columns:
# 285-330
name=unknown_G
#
# <colnr> <probs for GDERKNQSTAVLIFYWHMCP>
#	G	D	E	R	K	N	Q	S	T	A	V	L	I	F	Y	W	H	M	C	P
0	0.06270	0.02130	0.01708	0.01436	0.01793	0.46867	0.08631	0.11250	0.03705	0.09316	0.01126	0.01223	0.00855	0.00595	0.00530	0.00158	0.00860	0.00436	0.00375	0.00736
1	0.00778	0.00552	0.00645	0.00652	0.00716	0.00525	0.00425	0.00871	0.01087	0.01445	0.17723	0.11714	0.14933	0.41819	0.01801	0.00375	0.00424	0.02649	0.00449	0.00417
2	0.01408	0.01626	0.03103	0.02328	0.06092	0.09040	0.64108	0.01844	0.01353	0.01762	0.01108	0.01462	0.00843	0.00486	0.00644	0.00184	0.00943	0.00627	0.00285	0.00754
3	0.01063	0.01000	0.01688	0.78870	0.03876	0.01250	0.01563	0.01438	0.01125	0.01438	0.01000	0.01500	0.00750	0.00563	0.00563	0.00188	0.00750	0.00500	0.00250	0.00625
4	0.02951	0.00576	0.00698	0.00671	0.00755	0.00556	0.00456	0.00978	0.01262	0.01791	0.44172	0.03908	0.03864	0.33230	0.01549	0.00327	0.00384	0.00918	0.00499	0.00456
5	0.00905	0.00817	0.01370	0.01217	0.01357	0.00858	0.15693	0.01088	0.01087	0.01492	0.02263	0.48050	0.02569	0.01511	0.04865	0.00258	0.12444	0.01191	0.00421	0.00545
6	0.00907	0.00648	0.00907	0.01036	0.01166	0.00648	0.00907	0.01166	0.01296	0.01684	0.02980	0.06348	0.03239	0.01555	0.00777	0.00259	0.00518	0.72924	0.00518	0.00518
7	0.01059	0.00970	0.01362	0.01216	0.01247	0.01294	0.00981	0.01194	0.00871	0.01313	0.01077	0.01775	0.01074	0.09865	0.25275	0.00478	0.47564	0.00559	0.00273	0.00554
8	0.02139	0.01576	0.01689	0.01295	0.01745	0.01745	0.01070	0.74835	0.02646	0.03547	0.01351	0.01351	0.00957	0.00676	0.00563	0.00169	0.00619	0.00507	0.00563	0.00957
9	0.01129	0.02911	0.77306	0.01604	0.02436	0.01307	0.02079	0.01782	0.01188	0.01782	0.01010	0.01188	0.00713	0.00535	0.00535	0.00178	0.00832	0.00416	0.00238	0.00832
10	0.02485	0.01021	0.01345	0.01031	0.01468	0.00921	0.00852	0.10130	0.01717	0.69565	0.02131	0.01858	0.01348	0.00694	0.00566	0.00174	0.00493	0.00560	0.00683	0.00958
11	0.01383	0.00753	0.00971	0.00843	0.01085	0.00706	0.00657	0.01762	0.08964	0.25175	0.44548	0.05107	0.03714	0.00988	0.00626	0.00179	0.00350	0.00855	0.00636	0.00696
12	0.01063	0.01000	0.01688	0.78870	0.03876	0.01250	0.01563	0.01438	0.01125	0.01438	0.01000	0.01500	0.00750	0.00563	0.00563	0.00188	0.00750	0.00500	0.00250	0.00625
13	0.01063	0.01000	0.01688	0.78870	0.03876	0.01250	0.01563	0.01438	0.01125	0.01438	0.01000	0.01500	0.00750	0.00563	0.00563	0.00188	0.00750	0.00500	0.00250	0.00625
14	0.01316	0.01480	0.03179	0.06881	0.06315	0.01409	0.67123	0.01778	0.01314	0.01783	0.01127	0.01511	0.00850	0.00481	0.00653	0.00189	0.00925	0.00647	0.00282	0.00757
15	0.01400	0.01209	0.01273	0.01145	0.01463	0.01400	0.00891	0.02990	0.75695	0.02354	0.02291	0.02100	0.01718	0.00764	0.00573	0.00191	0.00445	0.00636	0.00573	0.00891
16	0.00818	0.00546	0.00614	0.00614	0.00614	0.00546	0.00341	0.00818	0.00818	0.01091	0.01773	0.03683	0.02046	0.80222	0.02864	0.00546	0.00546	0.00818	0.00341	0.00341
17	0.01168	0.10933	0.69625	0.01538	0.02333	0.01402	0.01964	0.01772	0.01184	0.01735	0.00986	0.01159	0.00714	0.00529	0.00517	0.00172	0.00808	0.00404	0.00238	0.00820
18	0.12039	0.01263	0.01867	0.02456	0.46146	0.01279	0.01360	0.09451	0.01440	0.15451	0.01260	0.01421	0.00952	0.00557	0.00533	0.00169	0.00601	0.00489	0.00391	0.00875
19	0.00978	0.00489	0.00733	0.00733	0.00733	0.00489	0.00489	0.00733	0.00733	0.00978	0.00978	0.01711	0.00978	0.01955	0.02199	0.83627	0.00489	0.00489	0.00244	0.00244
20	0.01167	0.01000	0.01167	0.00834	0.01334	0.00750	0.00667	0.01417	0.01167	0.01834	0.01000	0.01167	0.00834	0.00417	0.00417	0.00083	0.00417	0.00333	0.00333	0.83663
21	0.01231	0.01231	0.01724	0.01477	0.01477	0.01724	0.01231	0.01354	0.00862	0.01354	0.00739	0.01231	0.00739	0.00985	0.01847	0.00246	0.79192	0.00492	0.00246	0.00616
22	0.00894	0.00639	0.00892	0.01022	0.01146	0.00637	0.00884	0.01144	0.01283	0.01670	0.02987	0.10634	0.03267	0.01567	0.00774	0.00257	0.00507	0.68765	0.00518	0.00515
23	0.01505	0.80561	0.02949	0.00963	0.01444	0.02227	0.00963	0.01685	0.01143	0.01324	0.00782	0.00903	0.00722	0.00481	0.00361	0.00120	0.00602	0.00301	0.00241	0.00722
24	0.00804	0.00603	0.00904	0.00904	0.01005	0.00703	0.00703	0.01005	0.00904	0.01306	0.01507	0.02211	0.01407	0.04221	0.77992	0.00904	0.01507	0.00603	0.00301	0.00502
