[name]
unknown

[dist]
# distance from previous block
# <min> <max>
9	758

[block]
# block no. 0 follows, 43 sequences, length 15
# corresponding to MSA columns:
# 938-941,944-954
name=unknown_A
#
# <colnr> <probs for GDERKNQSTAVLIFYWHMCP>
#	G	D	E	R	K	N	Q	S	T	A	V	L	I	F	Y	W	H	M	C	P
0	0.00775	0.00614	0.00831	0.02767	0.04702	0.00630	0.00643	0.00944	0.01049	0.01389	0.02927	0.11952	0.24573	0.07465	0.33864	0.00513	0.00848	0.02630	0.00392	0.00494
1	0.01278	0.01081	0.01542	0.09284	0.28813	0.01091	0.01104	0.12473	0.01327	0.01854	0.01265	0.03373	0.01169	0.18160	0.01032	0.00237	0.00587	0.00559	0.00340	0.13431
2	0.01108	0.01043	0.01163	0.03893	0.12823	0.12440	0.00917	0.01417	0.07917	0.01593	0.02253	0.32485	0.02431	0.01204	0.00645	0.00204	0.00535	0.14891	0.00438	0.00599
3	0.01032	0.00516	0.00516	0.00516	0.00645	0.00516	0.00387	0.01290	0.01161	0.02065	0.01807	0.02065	0.01420	0.00645	0.00387	0.00129	0.00258	0.00516	0.83611	0.00516
4	0.01184	0.13355	0.13603	0.34046	0.17936	0.01381	0.03903	0.01553	0.01147	0.01536	0.00993	0.01353	0.00790	0.00690	0.04149	0.00202	0.00753	0.00460	0.00252	0.00712
5	0.07935	0.13378	0.08819	0.01579	0.15478	0.01394	0.05702	0.16188	0.01506	0.12400	0.01187	0.01290	0.00887	0.00544	0.00496	0.00153	0.00601	0.00443	0.00387	0.09633
6	0.01218	0.01162	0.01137	0.00906	0.01297	0.12555	0.00698	0.01426	0.01200	0.01677	0.01276	0.13014	0.01232	0.00634	0.00468	0.00113	0.00487	0.00520	0.00350	0.58632
7	0.01353	0.08480	0.01545	0.04844	0.01507	0.17736	0.04107	0.01709	0.12383	0.01468	0.01281	0.01910	0.01196	0.15626	0.01260	0.00252	0.19418	0.02981	0.00328	0.00616
8	0.01193	0.00937	0.01081	0.01232	0.12360	0.12506	0.00754	0.01096	0.00932	0.01150	0.00958	0.01532	0.00911	0.01502	0.01667	0.58488	0.00587	0.00464	0.00252	0.00398
9	0.00889	0.00668	0.00918	0.01094	0.12381	0.00690	0.00623	0.00983	0.00894	0.01233	0.01580	0.02961	0.01701	0.51482	0.19100	0.00558	0.00764	0.00711	0.00318	0.00453
10	0.01076	0.00979	0.01597	0.15111	0.07448	0.00945	0.16326	0.01321	0.01079	0.01508	0.01248	0.02046	0.01176	0.24758	0.01227	0.00266	0.00634	0.00582	0.00302	0.20371
11	0.01085	0.00708	0.00952	0.12980	0.12629	0.00746	0.00761	0.01371	0.01168	0.01927	0.01566	0.01870	0.01234	0.00608	0.00437	0.00143	0.00392	0.00509	0.58328	0.00586
12	0.01712	0.00959	0.01285	0.04000	0.15372	0.00949	0.00902	0.10129	0.03736	0.27422	0.01723	0.01774	0.01234	0.00633	0.00504	0.00158	0.00465	0.00526	0.25729	0.00788
13	0.06784	0.04604	0.01986	0.25236	0.07520	0.03664	0.17579	0.01544	0.01129	0.03357	0.01081	0.05452	0.00926	0.00661	0.00780	0.00189	0.14645	0.00557	0.00288	0.02019
14	0.01523	0.20009	0.12452	0.01075	0.01566	0.12845	0.01006	0.01818	0.02861	0.10669	0.01087	0.01176	0.00846	0.00506	0.00448	0.00126	0.00607	0.00370	0.00335	0.28674

[dist]
# distance from previous block
# <min> <max>
1	2

[block]
# block no. 1 follows, 43 sequences, length 23
# corresponding to MSA columns:
# 957-979
name=unknown_B
#
# <colnr> <probs for GDERKNQSTAVLIFYWHMCP>
#	G	D	E	R	K	N	Q	S	T	A	V	L	I	F	Y	W	H	M	C	P
0	0.01795	0.01074	0.01411	0.01120	0.01513	0.01042	0.06880	0.08790	0.19465	0.31895	0.01949	0.07218	0.01457	0.00720	0.00558	0.00169	0.00495	0.00619	0.00555	0.11276
1	0.01032	0.00516	0.00516	0.00516	0.00645	0.00516	0.00387	0.01290	0.01161	0.02065	0.01807	0.02065	0.01420	0.00645	0.00387	0.00129	0.00258	0.00516	0.83611	0.00516
2	0.00673	0.00526	0.00610	0.00665	0.00778	0.00463	0.00470	0.00802	0.01193	0.01510	0.09429	0.38823	0.39024	0.01533	0.00678	0.00203	0.00297	0.01339	0.00521	0.00463
3	0.02228	0.01354	0.01540	0.01181	0.01619	0.01425	0.00976	0.51785	0.02275	0.27405	0.01606	0.01509	0.01081	0.00672	0.00555	0.00168	0.00565	0.00517	0.00597	0.00942
4	0.14594	0.01040	0.01302	0.07435	0.03674	0.01031	0.00886	0.11445	0.01567	0.46270	0.04022	0.01688	0.01254	0.00655	0.00527	0.00172	0.00503	0.00517	0.00568	0.00849
5	0.01480	0.11840	0.43589	0.01380	0.02028	0.01473	0.01567	0.19186	0.04075	0.06561	0.01159	0.01246	0.00832	0.00570	0.00515	0.00167	0.00708	0.00433	0.00347	0.00844
6	0.01066	0.00775	0.00912	0.00890	0.01035	0.00796	0.00645	0.20769	0.01466	0.01953	0.02590	0.52106	0.05077	0.06176	0.00791	0.00227	0.00410	0.01227	0.00514	0.00576
7	0.00847	0.00716	0.01023	0.21950	0.05780	0.00747	0.00890	0.01075	0.01198	0.01524	0.05015	0.16266	0.25793	0.01195	0.00650	0.00203	0.00470	0.13692	0.00431	0.00535
8	0.01032	0.00516	0.00516	0.00516	0.00645	0.00516	0.00387	0.01290	0.01161	0.02065	0.01807	0.02065	0.01420	0.00645	0.00387	0.00129	0.00258	0.00516	0.83611	0.00516
9	0.01786	0.40317	0.02211	0.01196	0.01572	0.41651	0.01011	0.01945	0.01356	0.01330	0.00815	0.00946	0.00712	0.00524	0.00430	0.00131	0.00803	0.00328	0.00262	0.00675
10	0.43410	0.10283	0.06968	0.01641	0.24751	0.01375	0.01083	0.01663	0.01078	0.02090	0.00871	0.01064	0.00706	0.00504	0.00421	0.00164	0.00546	0.00367	0.00302	0.00714
11	0.01071	0.00904	0.01355	0.01121	0.01355	0.00944	0.13261	0.01405	0.07359	0.07080	0.13063	0.03128	0.25210	0.01226	0.06246	0.00242	0.13149	0.00821	0.00445	0.00614
12	0.08045	0.26803	0.17926	0.05947	0.07777	0.02721	0.02784	0.02775	0.01166	0.01641	0.01264	0.05940	0.04575	0.00674	0.01764	0.00165	0.00626	0.00484	0.00293	0.06632
13	0.01786	0.40317	0.02211	0.01196	0.01572	0.41651	0.01011	0.01945	0.01356	0.01330	0.00815	0.00946	0.00712	0.00524	0.00430	0.00131	0.00803	0.00328	0.00262	0.00675
14	0.01032	0.00516	0.00516	0.00516	0.00645	0.00516	0.00387	0.01290	0.01161	0.02065	0.01807	0.02065	0.01420	0.00645	0.00387	0.00129	0.00258	0.00516	0.83611	0.00516
15	0.01025	0.01012	0.07330	0.01041	0.06635	0.00742	0.00795	0.01271	0.01158	0.01725	0.06661	0.18456	0.01763	0.03019	0.00578	0.00145	0.00435	0.00675	0.00376	0.45158
16	0.48207	0.13372	0.04540	0.03893	0.03705	0.05240	0.00795	0.01561	0.01036	0.02016	0.01035	0.08199	0.00958	0.02881	0.00478	0.00177	0.00512	0.00450	0.00328	0.00617
17	0.71756	0.01161	0.00861	0.00777	0.01090	0.07492	0.00619	0.01617	0.00984	0.02292	0.00847	0.01102	0.00710	0.06218	0.00532	0.00195	0.00483	0.00341	0.00338	0.00584
18	0.01390	0.29544	0.40276	0.01315	0.01957	0.01664	0.01516	0.12962	0.01374	0.01864	0.00968	0.01097	0.00741	0.00529	0.00472	0.00154	0.00709	0.00384	0.00284	0.00800
19	0.01481	0.80869	0.02902	0.00948	0.01421	0.02191	0.00948	0.01658	0.01125	0.01303	0.00770	0.00888	0.00711	0.00474	0.00355	0.00118	0.00592	0.00296	0.00237	0.00711
20	0.01111	0.02865	0.77667	0.01579	0.02397	0.01286	0.02046	0.01754	0.01169	0.01754	0.00994	0.01169	0.00702	0.00526	0.00526	0.00175	0.00818	0.00409	0.00234	0.00818
21	0.01084	0.03850	0.23970	0.04568	0.01633	0.01010	0.03431	0.12542	0.01345	0.01843	0.02015	0.34494	0.03773	0.01074	0.00609	0.00194	0.00558	0.00938	0.00409	0.00660
22	0.01851	0.11970	0.05065	0.01457	0.04565	0.49067	0.02591	0.07998	0.01510	0.01564	0.00892	0.01060	0.00741	0.00590	0.00594	0.00152	0.06962	0.00384	0.00295	0.00691

[dist]
# distance from previous block
# <min> <max>
9	29

[block]
# block no. 2 follows, 43 sequences, length 12
# corresponding to MSA columns:
# 1012-1023
name=unknown_C
#
# <colnr> <probs for GDERKNQSTAVLIFYWHMCP>
#	G	D	E	R	K	N	Q	S	T	A	V	L	I	F	Y	W	H	M	C	P
0	0.01294	0.00912	0.01361	0.13835	0.09488	0.00904	0.04644	0.01560	0.01309	0.16094	0.11740	0.02739	0.09622	0.00837	0.00649	0.00178	0.04280	0.08242	0.00446	0.09868
1	0.01192	0.01439	0.11370	0.36049	0.02608	0.12970	0.02914	0.01524	0.01217	0.01549	0.05001	0.06811	0.01172	0.00643	0.00541	0.00166	0.00698	0.00543	0.00299	0.11295
2	0.01481	0.01543	0.01160	0.01054	0.01281	0.35360	0.03204	0.03258	0.01386	0.01686	0.04805	0.10828	0.01479	0.00745	0.00501	0.00149	0.00635	0.00586	0.23998	0.04863
3	0.01268	0.09180	0.00958	0.00717	0.00918	0.10853	0.00568	0.05175	0.01283	0.01965	0.01552	0.01767	0.01230	0.00619	0.00407	0.00132	0.00407	0.00472	0.59956	0.00574
4	0.05768	0.01361	0.01486	0.01152	0.01583	0.01448	0.00945	0.48659	0.08467	0.12776	0.01458	0.01426	0.01033	0.00642	0.00531	0.00160	0.00548	0.00490	0.00539	0.09529
5	0.01435	0.06707	0.05894	0.01867	0.21846	0.02896	0.10155	0.08774	0.11130	0.07291	0.09178	0.03484	0.01501	0.00673	0.00627	0.00174	0.04582	0.00591	0.00402	0.00793
6	0.01368	0.01215	0.09156	0.01100	0.01402	0.01147	0.02843	0.18431	0.15929	0.06591	0.01608	0.02077	0.01361	0.16938	0.13549	0.00364	0.03186	0.00597	0.00429	0.00710
7	0.01132	0.02595	0.64830	0.01593	0.02294	0.01344	0.04854	0.01700	0.01133	0.01700	0.00964	0.01188	0.00710	0.00581	0.00699	0.00185	0.11043	0.00429	0.00237	0.00788
8	0.00807	0.00552	0.00695	0.00695	0.00724	0.00582	0.00449	0.00857	0.00828	0.01133	0.01636	0.03114	0.01784	0.54522	0.25513	0.03862	0.00820	0.00729	0.00320	0.00380
9	0.01197	0.01052	0.01455	0.09354	0.01792	0.01156	0.10584	0.02124	0.37408	0.01966	0.02167	0.03115	0.01905	0.00914	0.00631	0.00206	0.00554	0.21213	0.00479	0.00729
10	0.01032	0.00516	0.00516	0.00516	0.00645	0.00516	0.00387	0.01290	0.01161	0.02065	0.01807	0.02065	0.01420	0.00645	0.00387	0.00129	0.00258	0.00516	0.83611	0.00516
11	0.03270	0.01402	0.03603	0.05876	0.05231	0.01440	0.28028	0.19181	0.17828	0.04546	0.01419	0.01561	0.01051	0.00600	0.00614	0.00181	0.02357	0.00578	0.00415	0.00820

[dist]
# distance from previous block
# <min> <max>
0	1

[block]
# block no. 3 follows, 43 sequences, length 30
# corresponding to MSA columns:
# 1025-1054
name=unknown_D
#
# <colnr> <probs for GDERKNQSTAVLIFYWHMCP>
#	G	D	E	R	K	N	Q	S	T	A	V	L	I	F	Y	W	H	M	C	P
0	0.01481	0.80869	0.02902	0.00948	0.01421	0.02191	0.00948	0.01658	0.01125	0.01303	0.00770	0.00888	0.00711	0.00474	0.00355	0.00118	0.00592	0.00296	0.00237	0.00711
1	0.01165	0.01114	0.01746	0.27332	0.27946	0.04265	0.03218	0.01462	0.01122	0.01524	0.01084	0.01543	0.00915	0.01277	0.16129	0.00321	0.06374	0.00511	0.00268	0.00684
2	0.01900	0.01154	0.01338	0.01095	0.01463	0.01209	0.00887	0.25230	0.20664	0.27054	0.04890	0.04403	0.01612	0.00780	0.00575	0.00179	0.00495	0.03598	0.00598	0.00877
3	0.01032	0.00516	0.00516	0.00516	0.00645	0.00516	0.00387	0.01290	0.01161	0.02065	0.01807	0.02065	0.01420	0.00645	0.00387	0.00129	0.00258	0.00516	0.83611	0.00516
4	0.00656	0.00557	0.00565	0.00572	0.00751	0.00467	0.00426	0.00794	0.01252	0.01492	0.05474	0.09311	0.72963	0.01420	0.00657	0.00189	0.00283	0.01190	0.00514	0.00467
5	0.01148	0.00984	0.01148	0.00820	0.01312	0.00738	0.00656	0.01395	0.01148	0.01805	0.00984	0.01148	0.00820	0.00410	0.00410	0.00082	0.00410	0.00328	0.00328	0.83922
6	0.01229	0.02534	0.00965	0.00883	0.01082	0.08613	0.00666	0.05389	0.04918	0.13178	0.08889	0.30332	0.14965	0.01218	0.00629	0.00192	0.00433	0.02755	0.00523	0.00607
7	0.08124	0.46270	0.19877	0.04122	0.01737	0.08714	0.01208	0.01718	0.01160	0.01512	0.00838	0.00987	0.00701	0.00501	0.00414	0.00141	0.00674	0.00336	0.00249	0.00717
8	0.00828	0.00948	0.14695	0.00824	0.00982	0.00652	0.00693	0.00970	0.00936	0.01284	0.01938	0.22504	0.02190	0.46019	0.01867	0.00392	0.00534	0.00927	0.00362	0.00453
9	0.00857	0.00651	0.00940	0.00935	0.01091	0.00623	0.04709	0.01120	0.01392	0.01878	0.32290	0.05100	0.08270	0.01307	0.00708	0.00215	0.00420	0.36431	0.00537	0.00525
10	0.01032	0.00516	0.00516	0.00516	0.00645	0.00516	0.00387	0.01290	0.01161	0.02065	0.01807	0.02065	0.01420	0.00645	0.00387	0.00129	0.00258	0.00516	0.83611	0.00516
11	0.01602	0.64720	0.02627	0.01047	0.01481	0.17906	0.00973	0.01773	0.01217	0.01314	0.00788	0.00911	0.00711	0.00494	0.00385	0.00123	0.00676	0.00309	0.00247	0.00697
12	0.84448	0.01071	0.00814	0.00728	0.01071	0.01242	0.00600	0.01628	0.00943	0.02485	0.00771	0.00900	0.00600	0.00514	0.00343	0.00171	0.00428	0.00300	0.00343	0.00600
13	0.01246	0.00998	0.01567	0.19190	0.29984	0.01030	0.01222	0.01587	0.03859	0.09520	0.16586	0.02298	0.07108	0.00726	0.00579	0.00174	0.00544	0.00653	0.00403	0.00726
14	0.01471	0.02976	0.08454	0.21098	0.05318	0.01232	0.09368	0.13516	0.05340	0.11076	0.02692	0.01496	0.01005	0.00573	0.00541	0.00163	0.00639	0.00502	0.00386	0.12153
15	0.01515	0.45653	0.04257	0.01172	0.01507	0.15960	0.01061	0.01684	0.01142	0.01331	0.00781	0.00993	0.00715	0.00611	0.00734	0.00154	0.19454	0.00355	0.00247	0.00676
16	0.01032	0.00516	0.00516	0.00516	0.00645	0.00516	0.00387	0.01290	0.01161	0.02065	0.01807	0.02065	0.01420	0.00645	0.00387	0.00129	0.00258	0.00516	0.83611	0.00516
17	0.01276	0.00788	0.01018	0.00904	0.01113	0.00776	0.00693	0.03699	0.03890	0.18535	0.12735	0.24029	0.02461	0.04241	0.03904	0.00226	0.07834	0.00883	0.00506	0.10490
18	0.01541	0.72885	0.02766	0.00997	0.01451	0.09960	0.00960	0.01715	0.01171	0.01308	0.00779	0.00900	0.00711	0.00484	0.00370	0.00121	0.00634	0.00302	0.00242	0.00704
19	0.44526	0.03696	0.01321	0.11723	0.10432	0.08159	0.00961	0.08027	0.01204	0.02185	0.00886	0.01086	0.00697	0.00545	0.00464	0.00170	0.02542	0.00375	0.00329	0.00671
20	0.01918	0.01640	0.09419	0.07592	0.01956	0.01634	0.01193	0.61780	0.02337	0.03146	0.01268	0.01325	0.00901	0.00642	0.00551	0.00169	0.00641	0.00489	0.00497	0.00903
21	0.01481	0.80869	0.02902	0.00948	0.01421	0.02191	0.00948	0.01658	0.01125	0.01303	0.00770	0.00888	0.00711	0.00474	0.00355	0.00118	0.00592	0.00296	0.00237	0.00711
22	0.01111	0.02865	0.77667	0.01579	0.02397	0.01286	0.02046	0.01754	0.01169	0.01754	0.00994	0.01169	0.00702	0.00526	0.00526	0.00175	0.00818	0.00409	0.00234	0.00818
23	0.01274	0.07646	0.04993	0.01034	0.01316	0.09007	0.00846	0.07656	0.27007	0.02026	0.14630	0.13852	0.04578	0.00923	0.00577	0.00179	0.00488	0.00773	0.00491	0.00706
24	0.01581	0.10522	0.01365	0.01069	0.07342	0.00974	0.00795	0.04742	0.04090	0.27840	0.04344	0.05428	0.17501	0.00822	0.00546	0.00161	0.00447	0.00678	0.00507	0.09245
25	0.65936	0.04425	0.07244	0.01078	0.08949	0.01291	0.00843	0.01647	0.01001	0.02310	0.00817	0.00969	0.00641	0.00511	0.00379	0.00169	0.00490	0.00328	0.00323	0.00650
26	0.00989	0.00526	0.00565	0.00588	0.00709	0.00523	0.00449	0.01234	0.01165	0.01971	0.02022	0.08793	0.01781	0.00823	0.00452	0.00150	0.00289	0.08035	0.68426	0.00510
27	0.01094	0.01117	0.11539	0.01501	0.20534	0.00891	0.01024	0.03701	0.04673	0.03648	0.02424	0.12403	0.16317	0.00886	0.00558	0.00173	0.00473	0.00766	0.15607	0.00671
28	0.01335	0.20349	0.07203	0.14011	0.19135	0.01547	0.23001	0.03956	0.01255	0.01667	0.00997	0.01295	0.00797	0.00498	0.00533	0.00164	0.00744	0.00488	0.00269	0.00757
29	0.01680	0.01205	0.09093	0.01081	0.01491	0.01009	0.05437	0.18535	0.01680	0.27053	0.05725	0.02575	0.19295	0.00840	0.00586	0.00175	0.00512	0.00699	0.00541	0.00787

[dist]
# distance from previous block
# <min> <max>
3	7

[block]
# block no. 4 follows, 43 sequences, length 35
# corresponding to MSA columns:
# 1062-1068,1070-1097
name=unknown_E
#
# <colnr> <probs for GDERKNQSTAVLIFYWHMCP>
#	G	D	E	R	K	N	Q	S	T	A	V	L	I	F	Y	W	H	M	C	P
0	0.02755	0.00742	0.00778	0.00702	0.00912	0.00770	0.00545	0.08257	0.11200	0.05410	0.03257	0.02050	0.03024	0.00678	0.00443	0.00143	0.00331	0.00544	0.54484	0.02974
1	0.01460	0.01652	0.15791	0.03711	0.24810	0.03959	0.09751	0.12941	0.11043	0.03856	0.01257	0.01423	0.00955	0.00560	0.00551	0.00168	0.00681	0.00503	0.00358	0.04569
2	0.79681	0.01078	0.00839	0.00751	0.01092	0.01250	0.00616	0.01703	0.05255	0.02475	0.00856	0.00967	0.00662	0.00528	0.00355	0.00172	0.00429	0.00319	0.00355	0.00616
3	0.00953	0.00787	0.01019	0.00931	0.00936	0.00969	0.00676	0.01008	0.00826	0.01180	0.01358	0.02662	0.01508	0.47237	0.06607	0.00449	0.29475	0.00676	0.00299	0.00443
4	0.00757	0.00643	0.04169	0.00897	0.04400	0.00548	0.00609	0.00885	0.01072	0.01454	0.08368	0.54475	0.03250	0.14537	0.01035	0.00267	0.00390	0.01301	0.00468	0.00473
5	0.01032	0.00516	0.00516	0.00516	0.00645	0.00516	0.00387	0.01290	0.01161	0.02065	0.01807	0.02065	0.01420	0.00645	0.00387	0.00129	0.00258	0.00516	0.83611	0.00516
6	0.05568	0.13680	0.01791	0.13926	0.12854	0.01277	0.02871	0.05283	0.01340	0.25352	0.01332	0.01430	0.00962	0.00581	0.00556	0.00161	0.03724	0.00465	0.00411	0.06436
7	0.02069	0.02640	0.01569	0.01427	0.01712	0.78313	0.01070	0.02212	0.01569	0.01355	0.00856	0.00999	0.00713	0.00571	0.00499	0.00143	0.00999	0.00357	0.00285	0.00642
8	0.41386	0.01198	0.01557	0.02113	0.40470	0.01281	0.01170	0.01665	0.01108	0.02135	0.00911	0.01144	0.00744	0.00503	0.00449	0.00168	0.00547	0.00400	0.00307	0.00744
9	0.01173	0.01145	0.01885	0.37490	0.17273	0.01391	0.06073	0.01469	0.01076	0.01490	0.00930	0.01381	0.00768	0.00655	0.00920	0.00197	0.23257	0.00500	0.00253	0.00672
10	0.01032	0.00516	0.00516	0.00516	0.00645	0.00516	0.00387	0.01290	0.01161	0.02065	0.01807	0.02065	0.01420	0.00645	0.00387	0.00129	0.00258	0.00516	0.83611	0.00516
11	0.00673	0.00488	0.00636	0.00755	0.00799	0.00451	0.00507	0.00773	0.01076	0.01420	0.03255	0.74261	0.09447	0.01709	0.00703	0.00222	0.00318	0.01542	0.00514	0.00451
12	0.01196	0.01708	0.23706	0.23481	0.13015	0.03766	0.12436	0.01625	0.01182	0.01642	0.00999	0.01325	0.00767	0.00534	0.00606	0.00173	0.04370	0.00476	0.00258	0.06736
13	0.01448	0.01205	0.01631	0.35691	0.02620	0.01391	0.04196	0.26609	0.11719	0.02259	0.01368	0.03356	0.01061	0.00663	0.00567	0.00181	0.00648	0.02220	0.00406	0.00760
14	0.01443	0.01253	0.01818	0.04436	0.37435	0.01355	0.01324	0.19246	0.03366	0.02150	0.04644	0.07282	0.01291	0.00717	0.00711	0.00180	0.09565	0.00599	0.00377	0.00807
15	0.01605	0.05955	0.05712	0.01965	0.14990	0.04154	0.24375	0.18831	0.01576	0.07400	0.01165	0.01374	0.00881	0.00578	0.00669	0.00176	0.06885	0.00529	0.00364	0.00815
16	0.00948	0.00486	0.00711	0.00711	0.00711	0.00486	0.00468	0.00729	0.00729	0.00972	0.01034	0.01861	0.01058	0.09111	0.02224	0.76266	0.00486	0.00511	0.00249	0.00249
17	0.00747	0.00550	0.00698	0.00691	0.00812	0.00502	0.00507	0.00962	0.01435	0.01977	0.53818	0.17900	0.14792	0.01277	0.00663	0.00185	0.00275	0.01127	0.00579	0.00502
18	0.01032	0.00516	0.00516	0.00516	0.00645	0.00516	0.00387	0.01290	0.01161	0.02065	0.01807	0.02065	0.01420	0.00645	0.00387	0.00129	0.00258	0.00516	0.83611	0.00516
19	0.01481	0.80869	0.02902	0.00948	0.01421	0.02191	0.00948	0.01658	0.01125	0.01303	0.00770	0.00888	0.00711	0.00474	0.00355	0.00118	0.00592	0.00296	0.00237	0.00711
20	0.81699	0.01087	0.00842	0.00747	0.01093	0.01258	0.00615	0.04085	0.00998	0.02518	0.00790	0.00914	0.00611	0.00519	0.00350	0.00171	0.00434	0.00307	0.00350	0.00611
21	0.00844	0.00653	0.00886	0.00846	0.00994	0.00637	0.03240	0.01148	0.04905	0.01978	0.45303	0.09144	0.10052	0.01215	0.00705	0.00195	0.02578	0.13584	0.00555	0.00538
22	0.01480	0.72354	0.02765	0.05862	0.01584	0.05558	0.00990	0.01668	0.01144	0.01312	0.00787	0.00930	0.00713	0.00483	0.00374	0.00124	0.00620	0.00311	0.00240	0.00702
23	0.01481	0.80869	0.02902	0.00948	0.01421	0.02191	0.00948	0.01658	0.01125	0.01303	0.00770	0.00888	0.00711	0.00474	0.00355	0.00118	0.00592	0.00296	0.00237	0.00711
24	0.01032	0.00516	0.00516	0.00516	0.00645	0.00516	0.00387	0.01290	0.01161	0.02065	0.01807	0.02065	0.01420	0.00645	0.00387	0.00129	0.00258	0.00516	0.83611	0.00516
25	0.79300	0.01101	0.00867	0.00762	0.01111	0.01272	0.00628	0.06230	0.01046	0.02548	0.00806	0.00927	0.00621	0.00524	0.00356	0.00171	0.00440	0.00312	0.00356	0.00621
26	0.01481	0.80869	0.02902	0.00948	0.01421	0.02191	0.00948	0.01658	0.01125	0.01303	0.00770	0.00888	0.00711	0.00474	0.00355	0.00118	0.00592	0.00296	0.00237	0.00711
27	0.79396	0.01122	0.00863	0.02879	0.01167	0.03855	0.00641	0.01642	0.00968	0.02418	0.00780	0.00919	0.00607	0.00517	0.00354	0.00171	0.00456	0.00307	0.00338	0.00602
28	0.02105	0.01551	0.01662	0.01274	0.01717	0.01717	0.01053	0.75235	0.02604	0.03490	0.01330	0.01330	0.00942	0.00665	0.00554	0.00166	0.00609	0.00499	0.00554	0.00942
29	0.01481	0.80869	0.02902	0.00948	0.01421	0.02191	0.00948	0.01658	0.01125	0.01303	0.00770	0.00888	0.00711	0.00474	0.00355	0.00118	0.00592	0.00296	0.00237	0.00711
30	0.01111	0.02865	0.77667	0.01579	0.02397	0.01286	0.02046	0.01754	0.01169	0.01754	0.00994	0.01169	0.00702	0.00526	0.00526	0.00175	0.00818	0.00409	0.00234	0.00818
31	0.01175	0.03522	0.24645	0.23393	0.17500	0.01283	0.06670	0.03315	0.01186	0.01654	0.01082	0.01548	0.00882	0.04151	0.00703	0.00196	0.03858	0.02239	0.00268	0.00732
32	0.22645	0.06410	0.04099	0.01353	0.07463	0.13280	0.01049	0.01619	0.01074	0.03363	0.00990	0.01243	0.03258	0.00716	0.00935	0.00189	0.28941	0.00429	0.00295	0.00648
33	0.01032	0.00516	0.00516	0.00516	0.00645	0.00516	0.00387	0.01290	0.01161	0.02065	0.01807	0.02065	0.01420	0.00645	0.00387	0.00129	0.00258	0.00516	0.83611	0.00516
34	0.09882	0.03772	0.10602	0.00967	0.01286	0.00889	0.02337	0.05813	0.01337	0.20329	0.11625	0.20182	0.02219	0.05401	0.00700	0.00203	0.00473	0.00810	0.00494	0.00677

[dist]
# distance from previous block
# <min> <max>
0	2

[block]
# block no. 5 follows, 43 sequences, length 43
# corresponding to MSA columns:
# 1100-1142
name=unknown_F
#
# <colnr> <probs for GDERKNQSTAVLIFYWHMCP>
#	G	D	E	R	K	N	Q	S	T	A	V	L	I	F	Y	W	H	M	C	P
0	0.01546	0.14349	0.01796	0.05260	0.03986	0.25505	0.06536	0.05800	0.01362	0.04244	0.03482	0.03394	0.04890	0.03246	0.00744	0.00180	0.09563	0.03122	0.00334	0.00659
1	0.05416	0.11448	0.15956	0.01078	0.01410	0.12237	0.00988	0.08146	0.01287	0.03023	0.01668	0.25250	0.01731	0.07045	0.00725	0.00205	0.00599	0.00776	0.00377	0.00633
2	0.01032	0.00516	0.00516	0.00516	0.00645	0.00516	0.00387	0.01290	0.01161	0.02065	0.01807	0.02065	0.01420	0.00645	0.00387	0.00129	0.00258	0.00516	0.83611	0.00516
3	0.01318	0.05314	0.04831	0.04347	0.03386	0.03205	0.27071	0.05506	0.26655	0.01956	0.01669	0.09345	0.01393	0.00706	0.00595	0.00185	0.00659	0.00685	0.00407	0.00767
4	0.00915	0.00733	0.00896	0.00810	0.01062	0.00609	0.00600	0.01118	0.02812	0.01621	0.02082	0.39806	0.02299	0.01098	0.00569	0.00159	0.00371	0.03253	0.00430	0.38754
5	0.01335	0.02401	0.51562	0.01633	0.02339	0.01388	0.12844	0.16167	0.01471	0.02097	0.01079	0.01250	0.00770	0.00544	0.00551	0.00175	0.00795	0.00464	0.00304	0.00832
6	0.01213	0.07883	0.01729	0.01448	0.05654	0.01250	0.11368	0.04311	0.01204	0.04312	0.01695	0.05387	0.01703	0.01022	0.00976	0.00218	0.22440	0.25173	0.00376	0.00637
7	0.73068	0.01150	0.03943	0.04585	0.05084	0.01247	0.00756	0.01627	0.00975	0.02372	0.00804	0.00961	0.00624	0.00515	0.00370	0.00172	0.00470	0.00323	0.00330	0.00623
8	0.01446	0.01379	0.02148	0.03105	0.66599	0.04366	0.01604	0.06491	0.04011	0.01918	0.01096	0.01378	0.00904	0.00517	0.00547	0.00165	0.00660	0.00493	0.00303	0.00872
9	0.00804	0.00542	0.00630	0.00630	0.00638	0.00551	0.00367	0.00822	0.00813	0.01093	0.01722	0.03495	0.01957	0.73721	0.09557	0.00568	0.00621	0.00786	0.00332	0.00350
10	0.00834	0.01167	0.21956	0.01038	0.01304	0.00714	0.01004	0.01109	0.01128	0.01551	0.02463	0.45276	0.02761	0.01365	0.00667	0.00217	0.00492	0.13955	0.00436	0.00562
11	0.01032	0.00516	0.00516	0.00516	0.00645	0.00516	0.00387	0.01290	0.01161	0.02065	0.01807	0.02065	0.01420	0.00645	0.00387	0.00129	0.00258	0.00516	0.83611	0.00516
12	0.04660	0.02960	0.01669	0.35261	0.08977	0.03212	0.01305	0.07115	0.01239	0.10302	0.01083	0.01401	0.00829	0.00654	0.00799	0.00189	0.16837	0.00483	0.00325	0.00700
13	0.01901	0.22536	0.01934	0.01352	0.03733	0.52861	0.01055	0.05737	0.01500	0.01462	0.00863	0.00998	0.00729	0.00549	0.00467	0.00138	0.00866	0.00352	0.00286	0.00681
14	0.05869	0.01949	0.01685	0.17801	0.05635	0.42490	0.05136	0.03930	0.01385	0.01526	0.00904	0.01163	0.00735	0.00589	0.00619	0.00165	0.07062	0.00418	0.00283	0.00656
15	0.08016	0.05708	0.20256	0.01247	0.01640	0.07522	0.01208	0.17731	0.01479	0.02088	0.06893	0.03491	0.03317	0.00763	0.00740	0.00183	0.13248	0.03377	0.00371	0.00723
16	0.01563	0.01469	0.07989	0.01253	0.01632	0.04910	0.03309	0.16634	0.43498	0.05488	0.01801	0.01737	0.01336	0.00705	0.00612	0.00182	0.03956	0.00563	0.00503	0.00861
17	0.01032	0.00516	0.00516	0.00516	0.00645	0.00516	0.00387	0.01290	0.01161	0.02065	0.01807	0.02065	0.01420	0.00645	0.00387	0.00129	0.00258	0.00516	0.83611	0.00516
18	0.00682	0.00514	0.00632	0.00713	0.00798	0.00465	0.00498	0.00806	0.01157	0.01495	0.08413	0.51719	0.24903	0.01595	0.00690	0.00212	0.00311	0.03417	0.00520	0.00461
19	0.01376	0.20791	0.03399	0.01066	0.03076	0.07383	0.02022	0.08311	0.09793	0.01832	0.02788	0.07490	0.01206	0.00624	0.00472	0.00134	0.00535	0.00494	0.00366	0.26842
20	0.00692	0.00508	0.00649	0.00728	0.00800	0.00466	0.00503	0.00824	0.01181	0.01572	0.16797	0.55955	0.14130	0.01579	0.00690	0.00210	0.00305	0.01414	0.00531	0.00466
21	0.01808	0.15442	0.11476	0.01379	0.05531	0.01500	0.06980	0.25075	0.05819	0.17516	0.01382	0.01400	0.00988	0.00599	0.00524	0.00163	0.00623	0.00483	0.00450	0.00864
22	0.01413	0.06880	0.14935	0.02219	0.26109	0.01291	0.22096	0.01798	0.01278	0.10610	0.01272	0.05335	0.01024	0.00575	0.00570	0.00173	0.00719	0.00572	0.00327	0.00806
23	0.01263	0.00672	0.00894	0.00778	0.00993	0.00605	0.00605	0.01511	0.01573	0.23432	0.55759	0.03502	0.04139	0.01006	0.00626	0.00173	0.00320	0.00876	0.00631	0.00641
24	0.01032	0.00516	0.00516	0.00516	0.00645	0.00516	0.00387	0.01290	0.01161	0.02065	0.01807	0.02065	0.01420	0.00645	0.00387	0.00129	0.00258	0.00516	0.83611	0.00516
25	0.01696	0.52234	0.02414	0.01123	0.01528	0.30055	0.00992	0.01861	0.01288	0.01322	0.00801	0.00929	0.00712	0.00509	0.00408	0.00127	0.00741	0.00318	0.00255	0.00686
26	0.81500	0.01088	0.00844	0.00748	0.01094	0.01259	0.00616	0.04264	0.01002	0.02521	0.00791	0.00915	0.00612	0.00520	0.00350	0.00171	0.00435	0.00307	0.00350	0.00612
27	0.01390	0.01161	0.01848	0.02002	0.25592	0.01266	0.09355	0.04700	0.01247	0.10731	0.04361	0.07502	0.03331	0.00791	0.00922	0.00194	0.21864	0.00635	0.00365	0.00743
28	0.01495	0.21307	0.05561	0.07040	0.01650	0.08117	0.00979	0.12126	0.08769	0.06352	0.01565	0.01713	0.06654	0.00649	0.00493	0.00149	0.00580	0.02548	0.00386	0.11867
29	0.01502	0.72176	0.02810	0.01029	0.01484	0.06426	0.03236	0.01685	0.01149	0.01321	0.00785	0.00921	0.00715	0.00491	0.00407	0.00125	0.02478	0.00315	0.00241	0.00706
30	0.01032	0.00516	0.00516	0.00516	0.00645	0.00516	0.00387	0.01290	0.01161	0.02065	0.01807	0.02065	0.01420	0.00645	0.00387	0.00129	0.00258	0.00516	0.83611	0.00516
31	0.21785	0.03921	0.01323	0.01008	0.01391	0.01301	0.00830	0.27946	0.01653	0.11383	0.01354	0.04129	0.02683	0.00658	0.00548	0.00161	0.04481	0.00479	0.00458	0.12508
32	0.01481	0.80869	0.02902	0.00948	0.01421	0.02191	0.00948	0.01658	0.01125	0.01303	0.00770	0.00888	0.00711	0.00474	0.00355	0.00118	0.00592	0.00296	0.00237	0.00711
33	0.58212	0.04732	0.01182	0.06258	0.07859	0.06687	0.00835	0.01647	0.01028	0.02167	0.00812	0.01000	0.00652	0.00540	0.00460	0.00171	0.04465	0.00342	0.00317	0.00633
34	0.02003	0.01500	0.01604	0.01254	0.01678	0.01670	0.01028	0.65040	0.12965	0.03325	0.01460	0.01434	0.01047	0.00677	0.00555	0.00169	0.00585	0.00517	0.00555	0.00933
35	0.01481	0.80869	0.02902	0.00948	0.01421	0.02191	0.00948	0.01658	0.01125	0.01303	0.00770	0.00888	0.00711	0.00474	0.00355	0.00118	0.00592	0.00296	0.00237	0.00711
36	0.01111	0.02865	0.77667	0.01579	0.02397	0.01286	0.02046	0.01754	0.01169	0.01754	0.00994	0.01169	0.00702	0.00526	0.00526	0.00175	0.00818	0.00409	0.00234	0.00818
37	0.17864	0.01295	0.01381	0.06475	0.01635	0.01449	0.00936	0.42961	0.07163	0.04634	0.01362	0.04482	0.01063	0.02404	0.02315	0.00196	0.00575	0.00521	0.00484	0.00807
38	0.09615	0.08222	0.26680	0.03575	0.01699	0.01143	0.01170	0.05770	0.01215	0.06524	0.01174	0.04441	0.00979	0.05868	0.00631	0.00174	0.00593	0.00459	0.00331	0.19738
39	0.15617	0.01223	0.01458	0.06361	0.01669	0.06465	0.10130	0.19753	0.05509	0.07477	0.01583	0.15703	0.01427	0.02408	0.00601	0.00189	0.00582	0.00686	0.00443	0.00712
40	0.01032	0.00516	0.00516	0.00516	0.00645	0.00516	0.00387	0.01290	0.01161	0.02065	0.01807	0.02065	0.01420	0.00645	0.00387	0.00129	0.00258	0.00516	0.83611	0.00516
41	0.01377	0.03834	0.01637	0.03204	0.17359	0.09968	0.01138	0.09551	0.05856	0.01755	0.03894	0.07404	0.01283	0.04829	0.01045	0.00209	0.24024	0.00592	0.00345	0.00695
42	0.04844	0.01263	0.01517	0.01269	0.05357	0.01328	0.03852	0.38471	0.06491	0.18321	0.08231	0.01783	0.01461	0.02496	0.00611	0.00179	0.00547	0.00569	0.00549	0.00864

[dist]
# distance from previous block
# <min> <max>
1	4

[block]
# block no. 6 follows, 43 sequences, length 8
# corresponding to MSA columns:
# 1147-1154
name=unknown_G
#
# <colnr> <probs for GDERKNQSTAVLIFYWHMCP>
#	G	D	E	R	K	N	Q	S	T	A	V	L	I	F	Y	W	H	M	C	P
0	0.10285	0.21475	0.06729	0.01108	0.01532	0.16682	0.00981	0.08575	0.04784	0.20923	0.01274	0.01273	0.00930	0.00583	0.00471	0.00153	0.00635	0.00414	0.00413	0.00779
1	0.01032	0.00516	0.00516	0.00516	0.00645	0.00516	0.00387	0.01290	0.01161	0.02065	0.01807	0.02065	0.01420	0.00645	0.00387	0.00129	0.00258	0.00516	0.83611	0.00516
2	0.04856	0.14311	0.12710	0.01589	0.14851	0.01461	0.03703	0.13027	0.14586	0.11466	0.01381	0.01430	0.01027	0.00590	0.00514	0.00165	0.00602	0.00479	0.00409	0.00844
3	0.06101	0.04959	0.01616	0.04487	0.10682	0.08052	0.06712	0.07413	0.17798	0.16412	0.06550	0.01873	0.01461	0.00678	0.00551	0.00173	0.00580	0.02640	0.00467	0.00797
4	0.01134	0.00970	0.01492	0.02041	0.36285	0.00970	0.01132	0.07166	0.01327	0.01837	0.07364	0.26955	0.02237	0.01017	0.00621	0.00190	0.00508	0.05643	0.00413	0.00696
5	0.01475	0.07223	0.02136	0.07164	0.25075	0.09098	0.15250	0.05556	0.06234	0.05349	0.03146	0.01454	0.01019	0.00560	0.00585	0.00165	0.03024	0.00513	0.00335	0.04640
6	0.01032	0.00516	0.00516	0.00516	0.00645	0.00516	0.00387	0.01290	0.01161	0.02065	0.01807	0.02065	0.01420	0.00645	0.00387	0.00129	0.00258	0.00516	0.83611	0.00516
7	0.09537	0.00995	0.01209	0.01044	0.06828	0.00864	0.00765	0.01777	0.04760	0.18397	0.05365	0.01505	0.01201	0.00541	0.00466	0.00126	0.00437	0.00437	0.00430	0.43317

[dist]
# distance from previous block
# <min> <max>
1	3

[block]
# block no. 7 follows, 43 sequences, length 8
# corresponding to MSA columns:
# 1158-1165
name=unknown_H
#
# <colnr> <probs for GDERKNQSTAVLIFYWHMCP>
#	G	D	E	R	K	N	Q	S	T	A	V	L	I	F	Y	W	H	M	C	P
0	0.11697	0.05707	0.04884	0.01524	0.18265	0.01254	0.01031	0.04026	0.25768	0.04164	0.01764	0.01792	0.06782	0.00651	0.00511	0.00165	0.00503	0.00535	0.00416	0.08561
1	0.01032	0.00516	0.00516	0.00516	0.00645	0.00516	0.00387	0.01290	0.01161	0.02065	0.01807	0.02065	0.01420	0.00645	0.00387	0.00129	0.00258	0.00516	0.83611	0.00516
2	0.01250	0.01226	0.01987	0.06835	0.32570	0.01425	0.07097	0.01505	0.01108	0.01617	0.05189	0.01479	0.01051	0.00721	0.01069	0.00199	0.32137	0.00531	0.00279	0.00724
3	0.00953	0.00657	0.00896	0.05789	0.01228	0.00645	0.00807	0.01197	0.01324	0.06504	0.13778	0.05238	0.13759	0.01340	0.00707	0.00224	0.00453	0.43441	0.00520	0.00540
4	0.00870	0.00644	0.00846	0.00946	0.01061	0.00653	0.00761	0.01213	0.09279	0.01645	0.02900	0.31093	0.03188	0.01516	0.00723	0.00237	0.00438	0.40938	0.00517	0.00529
5	0.01237	0.01037	0.01196	0.00862	0.01350	0.00829	0.00693	0.08250	0.01284	0.01961	0.01016	0.01165	0.00832	0.00434	0.00424	0.00090	0.00429	0.00344	0.00349	0.76218
6	0.01515	0.16294	0.12012	0.01291	0.01699	0.05855	0.07437	0.10744	0.15038	0.07585	0.03715	0.01525	0.01151	0.02431	0.00711	0.00180	0.09151	0.00503	0.00389	0.00774
7	0.46656	0.07731	0.01385	0.05582	0.01516	0.01395	0.06341	0.15644	0.01309	0.02404	0.00952	0.01122	0.00739	0.00719	0.04285	0.00204	0.00585	0.00390	0.00362	0.00681

[dist]
# distance from previous block
# <min> <max>
0	1

[block]
# block no. 8 follows, 43 sequences, length 26
# corresponding to MSA columns:
# 1167-1192
name=unknown_I
#
# <colnr> <probs for GDERKNQSTAVLIFYWHMCP>
#	G	D	E	R	K	N	Q	S	T	A	V	L	I	F	Y	W	H	M	C	P
0	0.01954	0.00944	0.01214	0.00928	0.01351	0.00796	0.00754	0.04443	0.01468	0.47486	0.04402	0.04586	0.01411	0.00657	0.00522	0.00147	0.00445	0.00540	0.00567	0.25382
1	0.01061	0.01672	0.31390	0.01368	0.04522	0.01049	0.09090	0.01656	0.10436	0.01987	0.27137	0.02337	0.02393	0.00754	0.00589	0.00177	0.00588	0.00668	0.00409	0.00719
2	0.01032	0.00516	0.00516	0.00516	0.00645	0.00516	0.00387	0.01290	0.01161	0.02065	0.01807	0.02065	0.01420	0.00645	0.00387	0.00129	0.00258	0.00516	0.83611	0.00516
3	0.00767	0.00614	0.00800	0.00822	0.00895	0.00654	0.00603	0.00895	0.01068	0.01433	0.07012	0.36613	0.17872	0.04865	0.12114	0.00324	0.10571	0.01151	0.00447	0.00479
4	0.01032	0.00516	0.00516	0.00516	0.00645	0.00516	0.00387	0.01290	0.01161	0.02065	0.01807	0.02065	0.01420	0.00645	0.00387	0.00129	0.00258	0.00516	0.83611	0.00516
5	0.19062	0.01184	0.07296	0.02833	0.09237	0.00964	0.00890	0.01576	0.01141	0.06054	0.01011	0.01167	0.00798	0.00468	0.00430	0.00124	0.00483	0.00362	0.00336	0.44584
6	0.01430	0.05181	0.03229	0.05029	0.18165	0.01142	0.05865	0.11234	0.05759	0.10483	0.14326	0.03953	0.01780	0.00686	0.00555	0.00162	0.00537	0.00606	0.00439	0.09440
7	0.84448	0.01071	0.00814	0.00728	0.01071	0.01242	0.00600	0.01628	0.00943	0.02485	0.00771	0.00900	0.00600	0.00514	0.00343	0.00171	0.00428	0.00300	0.00343	0.00600
8	0.00802	0.00549	0.00665	0.00665	0.00686	0.00570	0.00412	0.00844	0.00823	0.01119	0.01689	0.03316	0.01880	0.64274	0.18898	0.00612	0.00738	0.00760	0.00327	0.00369
9	0.01137	0.01190	0.06019	0.53732	0.19891	0.01262	0.05889	0.01517	0.01156	0.01542	0.01006	0.01437	0.00773	0.00534	0.00557	0.00180	0.00736	0.00497	0.00254	0.00692
10	0.00872	0.00693	0.01039	0.02540	0.02915	0.00719	0.07424	0.01009	0.00986	0.01337	0.01971	0.18672	0.02177	0.31401	0.11277	0.00424	0.04513	0.09192	0.00374	0.00468
11	0.03894	0.16283	0.05688	0.01136	0.01539	0.16179	0.00979	0.19390	0.01665	0.19460	0.01490	0.05857	0.02706	0.00682	0.00512	0.00158	0.00632	0.00513	0.00449	0.00789
12	0.01318	0.01277	0.03754	0.02019	0.30325	0.07648	0.03259	0.03546	0.07174	0.03549	0.07430	0.05884	0.01607	0.00770	0.00688	0.00180	0.07484	0.07052	0.00373	0.04662
13	0.03453	0.05177	0.01105	0.00976	0.04791	0.00908	0.00683	0.07016	0.09863	0.13036	0.01905	0.14923	0.01844	0.24850	0.04491	0.00315	0.00528	0.00771	0.00450	0.02915
14	0.01437	0.01698	0.22946	0.03218	0.10405	0.01318	0.07364	0.09808	0.23889	0.07814	0.01563	0.01695	0.01170	0.00638	0.00562	0.00180	0.00638	0.02395	0.00416	0.00847
15	0.25814	0.25197	0.05915	0.03106	0.05256	0.11347	0.02889	0.09032	0.01280	0.01937	0.00875	0.01028	0.00714	0.00538	0.00466	0.00154	0.03080	0.00361	0.00309	0.00702
16	0.01280	0.01113	0.01884	0.14467	0.40315	0.01127	0.07072	0.01601	0.01302	0.06931	0.10997	0.02062	0.03606	0.00656	0.00582	0.00175	0.00613	0.03099	0.00356	0.00762
17	0.01032	0.00516	0.00516	0.00516	0.00645	0.00516	0.00387	0.01290	0.01161	0.02065	0.01807	0.02065	0.01420	0.00645	0.00387	0.00129	0.00258	0.00516	0.83611	0.00516
18	0.01057	0.01938	0.41113	0.10080	0.02268	0.01123	0.12079	0.01558	0.01273	0.01826	0.18260	0.01925	0.01755	0.00659	0.00576	0.00178	0.00699	0.00588	0.00327	0.00718
19	0.01481	0.80869	0.02902	0.00948	0.01421	0.02191	0.00948	0.01658	0.01125	0.01303	0.00770	0.00888	0.00711	0.00474	0.00355	0.00118	0.00592	0.00296	0.00237	0.00711
20	0.00697	0.00563	0.00620	0.00605	0.00774	0.00485	0.00454	0.00876	0.01362	0.01733	0.28835	0.04941	0.53485	0.01314	0.00654	0.00183	0.00274	0.01114	0.00545	0.00485
21	0.01792	0.39436	0.02196	0.01201	0.01575	0.42508	0.01012	0.01951	0.01361	0.01331	0.00816	0.00947	0.00712	0.00525	0.00432	0.00131	0.00808	0.00328	0.00263	0.00674
22	0.01111	0.02865	0.77667	0.01579	0.02397	0.01286	0.02046	0.01754	0.01169	0.01754	0.00994	0.01169	0.00702	0.00526	0.00526	0.00175	0.00818	0.00409	0.00234	0.00818
23	0.01032	0.00516	0.00516	0.00516	0.00645	0.00516	0.00387	0.01290	0.01161	0.02065	0.01807	0.02065	0.01420	0.00645	0.00387	0.00129	0.00258	0.00516	0.83611	0.00516
24	0.01305	0.14835	0.19874	0.01679	0.07402	0.01324	0.24398	0.01688	0.01244	0.07693	0.03428	0.10060	0.01264	0.00659	0.00565	0.00174	0.00708	0.00629	0.00329	0.00743
25	0.03430	0.01968	0.42697	0.28068	0.02701	0.01194	0.01689	0.01551	0.01150	0.01636	0.01387	0.01630	0.07356	0.00612	0.00542	0.00179	0.00733	0.00501	0.00266	0.00712

[dist]
# distance from previous block
# <min> <max>
0	6

[block]
# block no. 9 follows, 43 sequences, length 25
# corresponding to MSA columns:
# 1199-1223
name=unknown_J
#
# <colnr> <probs for GDERKNQSTAVLIFYWHMCP>
#	G	D	E	R	K	N	Q	S	T	A	V	L	I	F	Y	W	H	M	C	P
0	0.01052	0.17120	0.02947	0.03312	0.02993	0.01115	0.05773	0.03152	0.01020	0.01378	0.01290	0.02011	0.01242	0.17317	0.30832	0.00508	0.03360	0.00556	0.00294	0.02725
1	0.53334	0.24105	0.05511	0.00892	0.01305	0.01523	0.03400	0.01648	0.01020	0.02082	0.00795	0.00931	0.00645	0.00501	0.00367	0.00157	0.00514	0.00317	0.00304	0.00648
2	0.00786	0.00613	0.00807	0.00842	0.00947	0.00597	0.03176	0.01082	0.09673	0.01613	0.10104	0.55135	0.09510	0.01494	0.00679	0.00211	0.00347	0.01346	0.00521	0.00517
3	0.01032	0.00516	0.00516	0.00516	0.00645	0.00516	0.00387	0.01290	0.01161	0.02065	0.01807	0.02065	0.01420	0.00645	0.00387	0.00129	0.00258	0.00516	0.83611	0.00516
4	0.02105	0.01551	0.01662	0.01274	0.01717	0.01717	0.01053	0.75235	0.02604	0.03490	0.01330	0.01330	0.00942	0.00665	0.00554	0.00166	0.00609	0.00499	0.00554	0.00942
5	0.01307	0.01494	0.03268	0.02334	0.02894	0.01401	0.75070	0.01774	0.01307	0.01774	0.01120	0.01494	0.00840	0.00467	0.00654	0.00187	0.00934	0.00654	0.00280	0.00747
6	0.45252	0.01134	0.01218	0.09170	0.09933	0.01269	0.00910	0.11291	0.03776	0.07158	0.01105	0.01342	0.00859	0.00587	0.00449	0.00175	0.00515	0.02765	0.00387	0.00705
7	0.01032	0.00516	0.00516	0.00516	0.00645	0.00516	0.00387	0.01290	0.01161	0.02065	0.01807	0.02065	0.01420	0.00645	0.00387	0.00129	0.00258	0.00516	0.83611	0.00516
8	0.00962	0.01701	0.35213	0.07653	0.01927	0.00981	0.07594	0.01389	0.01252	0.01724	0.12196	0.02678	0.20786	0.00828	0.00589	0.00180	0.00611	0.00709	0.00360	0.00667
9	0.02069	0.02640	0.01569	0.01427	0.01712	0.78313	0.01070	0.02212	0.01569	0.01355	0.00856	0.00999	0.00713	0.00571	0.00499	0.00143	0.00999	0.00357	0.00285	0.00642
10	0.01331	0.01109	0.01279	0.01210	0.05194	0.01240	0.03013	0.02549	0.57146	0.04644	0.02228	0.02353	0.03726	0.07334	0.00759	0.00217	0.00471	0.02866	0.00523	0.00808
11	0.01537	0.01271	0.01370	0.06323	0.01624	0.06057	0.00886	0.30443	0.01738	0.02381	0.01283	0.07777	0.01091	0.00640	0.00507	0.00138	0.00541	0.00511	0.00424	0.33458
12	0.84448	0.01071	0.00814	0.00728	0.01071	0.01242	0.00600	0.01628	0.00943	0.02485	0.00771	0.00900	0.00600	0.00514	0.00343	0.00171	0.00428	0.00300	0.00343	0.00600
13	0.29659	0.01354	0.01376	0.01179	0.04962	0.01516	0.00918	0.42106	0.07093	0.02994	0.01193	0.01238	0.00876	0.00612	0.00484	0.00169	0.00539	0.00441	0.00471	0.00820
14	0.00823	0.00611	0.00830	0.00815	0.00869	0.00696	0.00587	0.00940	0.00855	0.01206	0.01537	0.02677	0.01587	0.33584	0.44185	0.00712	0.06070	0.00669	0.00308	0.00440
15	0.01075	0.01114	0.05302	0.49864	0.06542	0.01212	0.10448	0.01438	0.01138	0.01521	0.04840	0.01625	0.01022	0.00818	0.05571	0.00231	0.04789	0.00540	0.00272	0.00640
16	0.01032	0.00516	0.00516	0.00516	0.00645	0.00516	0.00387	0.01290	0.01161	0.02065	0.01807	0.02065	0.01420	0.00645	0.00387	0.00129	0.00258	0.00516	0.83611	0.00516
17	0.01226	0.00994	0.01147	0.01018	0.01277	0.01086	0.03159	0.06647	0.41724	0.03700	0.17554	0.07315	0.05180	0.04581	0.00700	0.00202	0.00421	0.00780	0.00550	0.00740
18	0.01032	0.00516	0.00516	0.00516	0.00645	0.00516	0.00387	0.01290	0.01161	0.02065	0.01807	0.02065	0.01420	0.00645	0.00387	0.00129	0.00258	0.00516	0.83611	0.00516
19	0.01236	0.51141	0.10821	0.00931	0.01365	0.01646	0.00945	0.01467	0.01193	0.01469	0.08423	0.01967	0.14067	0.00697	0.00452	0.00142	0.00535	0.00521	0.00317	0.00665
20	0.01534	0.20698	0.18824	0.01388	0.10231	0.03185	0.02863	0.01858	0.01306	0.18319	0.07741	0.01539	0.01273	0.00589	0.00499	0.00152	0.00600	0.00474	0.00380	0.06547
21	0.53495	0.01335	0.01398	0.01370	0.11727	0.10045	0.09989	0.01722	0.01102	0.02177	0.00861	0.01048	0.00680	0.00512	0.00427	0.00169	0.00587	0.00376	0.00319	0.00661
22	0.00796	0.00572	0.00783	0.00783	0.00845	0.00634	0.00559	0.00920	0.00858	0.01207	0.01581	0.02717	0.01619	0.32678	0.50138	0.00758	0.01130	0.00673	0.00311	0.00435
23	0.01046	0.01233	0.13488	0.01288	0.05333	0.03698	0.06605	0.05034	0.01256	0.01721	0.10885	0.23564	0.06041	0.01084	0.00794	0.00201	0.11185	0.04516	0.00408	0.00619
24	0.00691	0.00500	0.00659	0.00773	0.00822	0.00462	0.00524	0.00796	0.01073	0.01431	0.03063	0.74642	0.05397	0.01690	0.00700	0.00221	0.00327	0.03260	0.00510	0.02459

[dist]
# distance from previous block
# <min> <max>
1	2

[block]
# block no. 10 follows, 43 sequences, length 9
# corresponding to MSA columns:
# 1226-1234
name=unknown_K
#
# <colnr> <probs for GDERKNQSTAVLIFYWHMCP>
#	G	D	E	R	K	N	Q	S	T	A	V	L	I	F	Y	W	H	M	C	P
0	0.03811	0.12630	0.04559	0.15015	0.08176	0.03749	0.06843	0.16384	0.04236	0.17290	0.01316	0.01421	0.00950	0.00585	0.00526	0.00166	0.00639	0.00484	0.00414	0.00807
1	0.01553	0.71280	0.02739	0.01006	0.01457	0.11523	0.00963	0.01726	0.01180	0.01309	0.00781	0.00902	0.00711	0.00486	0.00373	0.00121	0.00642	0.00304	0.00243	0.00702
2	0.16858	0.01888	0.01498	0.11393	0.10225	0.40498	0.01107	0.04456	0.01388	0.01705	0.00966	0.01277	0.00808	0.00586	0.00494	0.00160	0.00793	0.02929	0.00307	0.00663
