[name]
unknown

[dist]
# distance from previous block
# <min> <max>
0	176

[block]
# block no. 0 follows, 48 sequences, length 17
# corresponding to MSA columns:
# 209-225
name=unknown_A
#
# <colnr> <probs for GDERKNQSTAVLIFYWHMCP>
#	G	D	E	R	K	N	Q	S	T	A	V	L	I	F	Y	W	H	M	C	P
0	0.00983	0.00757	0.00917	0.00970	0.07065	0.00760	0.00660	0.18744	0.01377	0.01809	0.02859	0.38518	0.20127	0.01212	0.00599	0.00183	0.00376	0.01058	0.00468	0.00559
1	0.07163	0.03091	0.01032	0.00804	0.01115	0.00775	0.00647	0.02025	0.05916	0.47687	0.02092	0.02055	0.07348	0.06486	0.00639	0.00180	0.00405	0.00555	0.09258	0.00728
2	0.01515	0.14813	0.06905	0.01096	0.04213	0.03196	0.02524	0.18268	0.09955	0.12870	0.05924	0.01430	0.01167	0.00568	0.00468	0.00138	0.00509	0.00449	0.00412	0.13578
3	0.34240	0.01094	0.01104	0.05814	0.06287	0.09127	0.00782	0.01877	0.01181	0.28990	0.01368	0.01368	0.03595	0.00567	0.00436	0.00157	0.00492	0.00417	0.00419	0.00684
4	0.00789	0.00607	0.00859	0.00847	0.00959	0.00707	0.00659	0.01103	0.08782	0.01290	0.01448	0.02005	0.01312	0.03523	0.71729	0.00757	0.01274	0.00553	0.00300	0.00495
5	0.01241	0.04829	0.10355	0.04150	0.28587	0.05077	0.29270	0.01596	0.01153	0.01579	0.00947	0.01249	0.00757	0.00487	0.00616	0.00164	0.06483	0.00490	0.00249	0.00722
6	0.01032	0.00876	0.01022	0.00773	0.01175	0.00694	0.00607	0.01324	0.05971	0.01665	0.01185	0.09443	0.01084	0.00527	0.00417	0.00096	0.00373	0.00441	0.00336	0.70958
7	0.01525	0.01293	0.11175	0.09277	0.30876	0.01117	0.04863	0.06770	0.04025	0.22012	0.01293	0.01407	0.00930	0.00530	0.00513	0.00159	0.00591	0.00475	0.00373	0.00798
8	0.01138	0.03685	0.10840	0.09316	0.01631	0.06579	0.08045	0.04994	0.01218	0.06747	0.10768	0.13692	0.04696	0.00781	0.00597	0.00162	0.04982	0.00666	0.00367	0.09095
9	0.00697	0.00521	0.00634	0.00607	0.00733	0.00472	0.00448	0.00893	0.01330	0.01810	0.54250	0.04082	0.23485	0.06898	0.00749	0.00188	0.00265	0.00955	0.00524	0.00459
10	0.01029	0.02654	0.79309	0.01462	0.02221	0.01192	0.01896	0.01625	0.01083	0.01625	0.00921	0.01083	0.00650	0.00487	0.00487	0.00162	0.00758	0.00379	0.00217	0.00758
11	0.01404	0.04040	0.06945	0.16793	0.10195	0.14400	0.13371	0.07794	0.01294	0.09099	0.01177	0.07007	0.00971	0.00601	0.00551	0.00162	0.02670	0.00526	0.00321	0.00678
12	0.09486	0.18078	0.01651	0.03383	0.12992	0.07885	0.00945	0.10776	0.01355	0.19197	0.05817	0.01362	0.01089	0.00572	0.00497	0.00147	0.03223	0.00434	0.00387	0.00724
13	0.03004	0.06825	0.05992	0.01343	0.17524	0.04256	0.00923	0.06201	0.01131	0.01616	0.01560	0.01825	0.08826	0.01337	0.17733	0.00296	0.05071	0.00517	0.13414	0.00607
14	0.03904	0.00943	0.11467	0.07102	0.01279	0.00797	0.00812	0.01323	0.15005	0.01547	0.12174	0.09541	0.04658	0.01313	0.07947	0.18116	0.00532	0.00651	0.00365	0.00525
15	0.01416	0.06851	0.17392	0.01050	0.01467	0.01122	0.02055	0.23556	0.02538	0.10739	0.11114	0.03506	0.01433	0.00686	0.00560	0.03665	0.00517	0.00512	0.02329	0.07493
16	0.21722	0.03247	0.05700	0.16844	0.11117	0.04350	0.00978	0.06846	0.01151	0.06449	0.03453	0.01621	0.05898	0.06222	0.00634	0.00184	0.02159	0.00476	0.00330	0.00621

[dist]
# distance from previous block
# <min> <max>
5	15

[block]
# block no. 1 follows, 48 sequences, length 194
# corresponding to MSA columns:
# 241-434
name=unknown_B
#
# <colnr> <probs for GDERKNQSTAVLIFYWHMCP>
#	G	D	E	R	K	N	Q	S	T	A	V	L	I	F	Y	W	H	M	C	P
0	0.12916	0.02520	0.04363	0.10314	0.08448	0.02601	0.00806	0.09824	0.04396	0.03557	0.01293	0.01485	0.00996	0.00556	0.00419	0.00143	0.00437	0.00438	0.33876	0.00614
1	0.03805	0.04848	0.06639	0.04980	0.41191	0.10811	0.01300	0.04826	0.07072	0.03327	0.02489	0.02751	0.00954	0.00528	0.00492	0.00151	0.00613	0.00458	0.00302	0.02460
2	0.05957	0.04098	0.05168	0.26932	0.05278	0.04408	0.01101	0.03914	0.13417	0.08946	0.02745	0.01412	0.00968	0.00589	0.00599	0.00164	0.08179	0.00457	0.00339	0.05330
3	0.44695	0.01128	0.04395	0.01139	0.09823	0.01165	0.03609	0.05710	0.06714	0.05078	0.00957	0.01082	0.00738	0.00515	0.00460	0.00156	0.04345	0.00366	0.00336	0.07587
4	0.01238	0.01063	0.01338	0.07884	0.12730	0.01098	0.00933	0.11231	0.21859	0.01933	0.01348	0.04797	0.01101	0.00590	0.00530	0.00143	0.03770	0.00488	0.00379	0.25548
5	0.00740	0.00521	0.00677	0.00677	0.00717	0.00561	0.00457	0.00821	0.00781	0.01082	0.01510	0.02765	0.01608	0.47446	0.36781	0.00642	0.00885	0.00659	0.00295	0.00376
6	0.01416	0.01382	0.01520	0.43880	0.02632	0.18949	0.01220	0.19575	0.01453	0.01758	0.00962	0.01236	0.00724	0.00541	0.00502	0.00158	0.00710	0.00429	0.00304	0.00648
7	0.00851	0.00615	0.00819	0.00897	0.01024	0.00614	0.00758	0.05226	0.01242	0.01628	0.07024	0.13944	0.06208	0.01369	0.00682	0.00222	0.00436	0.55475	0.00481	0.00487
8	0.00625	0.00463	0.00585	0.00676	0.00736	0.00422	0.00461	0.00728	0.01034	0.01351	0.06043	0.64658	0.17282	0.01530	0.00644	0.00200	0.00289	0.01370	0.00480	0.00422
9	0.00645	0.00455	0.00589	0.00689	0.00713	0.00430	0.00449	0.00720	0.00943	0.01257	0.02625	0.68535	0.03138	0.15054	0.00982	0.00257	0.00331	0.01339	0.00449	0.00399
10	0.01064	0.00912	0.01064	0.00760	0.01216	0.00684	0.00608	0.01292	0.01064	0.01672	0.00912	0.01064	0.00760	0.00380	0.00380	0.00076	0.00380	0.00304	0.00304	0.85104
11	0.01064	0.00912	0.01064	0.00760	0.01216	0.00684	0.00608	0.01292	0.01064	0.01672	0.00912	0.01064	0.00760	0.00380	0.00380	0.00076	0.00380	0.00304	0.00304	0.85104
12	0.01064	0.00912	0.01064	0.00760	0.01216	0.00684	0.00608	0.01292	0.01064	0.01672	0.00912	0.01064	0.00760	0.00380	0.00380	0.00076	0.00380	0.00304	0.00304	0.85104
13	0.01917	0.02445	0.01454	0.01322	0.01586	0.79907	0.00991	0.02049	0.01454	0.01256	0.00793	0.00925	0.00661	0.00529	0.00463	0.00132	0.00925	0.00330	0.00264	0.00595
14	0.00706	0.00524	0.00658	0.00625	0.00754	0.00476	0.00468	0.00930	0.01405	0.01946	0.66291	0.04017	0.17116	0.01091	0.00605	0.00163	0.00245	0.00954	0.00550	0.00476
15	0.01276	0.01102	0.01160	0.01044	0.01334	0.01276	0.00812	0.02727	0.77840	0.02146	0.02088	0.01914	0.01566	0.00696	0.00522	0.00174	0.00406	0.00580	0.00522	0.00812
16	0.85592	0.00992	0.00754	0.00675	0.00992	0.01151	0.00556	0.01508	0.00873	0.02302	0.00714	0.00834	0.00556	0.00476	0.00318	0.00159	0.00397	0.00278	0.00318	0.00556
17	0.01682	0.21419	0.08815	0.01200	0.01562	0.45677	0.01033	0.08398	0.01400	0.01453	0.00914	0.01024	0.02280	0.00527	0.00440	0.00132	0.00775	0.00348	0.00275	0.00646
18	0.00622	0.00459	0.00583	0.00682	0.00736	0.00420	0.00462	0.00718	0.01014	0.01323	0.03225	0.68800	0.15971	0.01556	0.00647	0.00203	0.00291	0.01396	0.00476	0.00420
19	0.01123	0.01123	0.01572	0.01347	0.01347	0.01572	0.01123	0.01235	0.00786	0.01235	0.00674	0.01123	0.00674	0.00898	0.01684	0.00225	0.81028	0.00449	0.00225	0.00561
20	0.00625	0.00447	0.00595	0.00714	0.00744	0.00417	0.00476	0.00714	0.00982	0.01310	0.02828	0.81633	0.03394	0.01608	0.00655	0.00208	0.00298	0.01459	0.00476	0.00417
21	0.85592	0.00992	0.00754	0.00675	0.00992	0.01151	0.00556	0.01508	0.00873	0.02302	0.00714	0.00834	0.00556	0.00476	0.00318	0.00159	0.00397	0.00278	0.00318	0.00556
22	0.01123	0.01123	0.01572	0.01347	0.01347	0.01572	0.01123	0.01235	0.00786	0.01235	0.00674	0.01123	0.00674	0.00898	0.01684	0.00225	0.81028	0.00449	0.00225	0.00561
23	0.02302	0.00873	0.01191	0.00913	0.01310	0.00754	0.00754	0.02501	0.01469	0.79122	0.02024	0.01746	0.01270	0.00635	0.00516	0.00159	0.00437	0.00516	0.00635	0.00873
24	0.00625	0.00447	0.00595	0.00714	0.00744	0.00417	0.00476	0.00714	0.00982	0.01310	0.02828	0.81633	0.03394	0.01608	0.00655	0.00208	0.00298	0.01459	0.00476	0.00417
25	0.01131	0.01005	0.01032	0.01027	0.01232	0.09661	0.00839	0.01851	0.32497	0.01754	0.02247	0.03668	0.02133	0.01025	0.00605	0.00199	0.00496	0.36503	0.00470	0.00625
26	0.03516	0.00768	0.00987	0.00790	0.01112	0.00683	0.00642	0.02094	0.01354	0.56220	0.02098	0.01943	0.05560	0.00661	0.00482	0.00151	0.00382	0.00535	0.19267	0.00755
27	0.01437	0.01066	0.01165	0.01024	0.01330	0.01194	0.00803	0.02691	0.65843	0.14238	0.02078	0.01888	0.01520	0.00687	0.00521	0.00172	0.00411	0.00570	0.00540	0.00822
28	0.00660	0.00516	0.00598	0.00590	0.00729	0.00454	0.00438	0.00837	0.01280	0.01676	0.37249	0.10163	0.40550	0.01212	0.00609	0.00171	0.00255	0.01043	0.00515	0.00454
29	0.01179	0.01332	0.02893	0.02082	0.02574	0.01249	0.72658	0.01592	0.01198	0.01625	0.01137	0.05842	0.00924	0.00498	0.00608	0.00175	0.00834	0.00653	0.00272	0.00677
30	0.01372	0.82276	0.02689	0.00878	0.01317	0.02030	0.00878	0.01536	0.01043	0.01207	0.00713	0.00823	0.00658	0.00439	0.00329	0.00110	0.00549	0.00274	0.00219	0.00658
31	0.01136	0.00615	0.00817	0.00715	0.00908	0.00554	0.00554	0.01366	0.01457	0.22083	0.58625	0.03291	0.03913	0.00941	0.00582	0.00161	0.00293	0.00821	0.00583	0.00585
32	0.00619	0.00500	0.00552	0.00591	0.00719	0.00433	0.00429	0.00739	0.01113	0.01367	0.04406	0.28252	0.53534	0.01396	0.00624	0.00186	0.00278	0.03357	0.00476	0.00429
33	0.01337	0.00661	0.00817	0.00707	0.00937	0.00606	0.00560	0.02952	0.02727	0.28258	0.19864	0.02795	0.12357	0.00832	0.00518	0.00155	0.00326	0.02853	0.20117	0.00622
34	0.00969	0.00912	0.01539	0.80734	0.03534	0.01140	0.01425	0.01311	0.01026	0.01311	0.00912	0.01368	0.00684	0.00513	0.00513	0.00171	0.00684	0.00456	0.00228	0.00570
35	0.01102	0.01112	0.03651	0.06329	0.02050	0.01106	0.42281	0.01327	0.01008	0.01383	0.00946	0.01389	0.00786	0.00836	0.01085	0.21571	0.10713	0.00533	0.00243	0.00552
36	0.01368	0.01164	0.03141	0.17045	0.25978	0.02878	0.12928	0.01656	0.01150	0.14632	0.01100	0.01356	0.00835	0.00558	0.00688	0.00170	0.11841	0.00485	0.00310	0.00718
37	0.01080	0.01109	0.05346	0.47261	0.13089	0.01215	0.08564	0.03730	0.01078	0.01451	0.00916	0.01317	0.00717	0.00560	0.00666	0.01547	0.09019	0.00466	0.00242	0.00626
38	0.01132	0.01204	0.02276	0.02023	0.17182	0.04444	0.43182	0.01456	0.01166	0.01565	0.01381	0.17824	0.01317	0.00683	0.00590	0.00174	0.00701	0.00740	0.00303	0.00655
39	0.01081	0.00948	0.01243	0.04478	0.01388	0.08424	0.12537	0.08278	0.04248	0.04616	0.02057	0.39853	0.02194	0.01097	0.00602	0.00187	0.00507	0.05277	0.00423	0.00562
40	0.71592	0.01194	0.00875	0.00777	0.01092	0.11119	0.00628	0.04673	0.01010	0.02208	0.00746	0.00861	0.00582	0.00489	0.00344	0.00155	0.00471	0.00292	0.00319	0.00574
41	0.02414	0.00653	0.00964	0.10424	0.04419	0.00737	0.00756	0.01079	0.00934	0.05441	0.04337	0.02117	0.05042	0.06030	0.49948	0.00590	0.02727	0.00574	0.00309	0.00506
42	0.01205	0.29520	0.25049	0.13301	0.03799	0.02838	0.12850	0.03142	0.01116	0.01466	0.00871	0.01087	0.00686	0.00469	0.00455	0.00146	0.00687	0.00392	0.00234	0.00686
43	0.03558	0.00723	0.00872	0.00778	0.00985	0.00726	0.00602	0.01617	0.18941	0.13636	0.47263	0.02993	0.03431	0.00889	0.00564	0.00164	0.00313	0.00768	0.00558	0.00620
44	0.01077	0.17989	0.24961	0.01194	0.04392	0.01206	0.06735	0.01581	0.12518	0.01590	0.03065	0.10216	0.06538	0.00695	0.00493	0.00158	0.00551	0.00586	0.03787	0.00667
45	0.00876	0.00446	0.00664	0.00671	0.00673	0.00444	0.00447	0.00671	0.00686	0.00915	0.00999	0.06008	0.01030	0.01773	0.01930	0.80357	0.00437	0.00502	0.00237	0.00234
46	0.00654	0.00535	0.00579	0.00566	0.00728	0.00466	0.00425	0.00845	0.03030	0.01584	0.24824	0.04571	0.56955	0.01218	0.00604	0.00170	0.00259	0.01030	0.00501	0.00456
47	0.01039	0.00880	0.01025	0.00744	0.01165	0.00669	0.00585	0.01249	0.01039	0.01619	0.00967	0.01243	0.00846	0.06759	0.00554	0.00109	0.00389	0.00339	0.00305	0.78475
48	0.85592	0.00992	0.00754	0.00675	0.00992	0.01151	0.00556	0.01508	0.00873	0.02302	0.00714	0.00834	0.00556	0.00476	0.00318	0.00159	0.00397	0.00278	0.00318	0.00556
49	0.01131	0.00947	0.01044	0.00991	0.01233	0.01064	0.00792	0.02215	0.55122	0.01957	0.02412	0.03015	0.06177	0.00903	0.00572	0.00189	0.00414	0.18603	0.00508	0.00709
50	0.01372	0.82276	0.02689	0.00878	0.01317	0.02030	0.00878	0.01536	0.01043	0.01207	0.00713	0.00823	0.00658	0.00439	0.00329	0.00110	0.00549	0.00274	0.00219	0.00658
51	0.01123	0.01123	0.01572	0.01347	0.01347	0.01572	0.01123	0.01235	0.00786	0.01235	0.00674	0.01123	0.00674	0.00898	0.01684	0.00225	0.81028	0.00449	0.00225	0.00561
52	0.02302	0.00873	0.01191	0.00913	0.01310	0.00754	0.00754	0.02501	0.01469	0.79122	0.02024	0.01746	0.01270	0.00635	0.00516	0.00159	0.00437	0.00516	0.00635	0.00873
53	0.85592	0.00992	0.00754	0.00675	0.00992	0.01151	0.00556	0.01508	0.00873	0.02302	0.00714	0.00834	0.00556	0.00476	0.00318	0.00159	0.00397	0.00278	0.00318	0.00556
54	0.00606	0.00520	0.00520	0.00520	0.00693	0.00433	0.00390	0.00736	0.01170	0.01386	0.05198	0.04938	0.78558	0.01299	0.00606	0.00173	0.00260	0.01083	0.00476	0.00433
55	0.02302	0.00873	0.01191	0.00913	0.01310	0.00754	0.00754	0.02501	0.01469	0.79122	0.02024	0.01746	0.01270	0.00635	0.00516	0.00159	0.00437	0.00516	0.00635	0.00873
56	0.01276	0.01102	0.01160	0.01044	0.01334	0.01276	0.00812	0.02727	0.77840	0.02146	0.02088	0.01914	0.01566	0.00696	0.00522	0.00174	0.00406	0.00580	0.00522	0.00812
57	0.01211	0.01384	0.03028	0.02163	0.02682	0.01298	0.76903	0.01644	0.01211	0.01644	0.01038	0.01384	0.00779	0.00433	0.00606	0.00173	0.00865	0.00606	0.00260	0.00692
58	0.00749	0.00527	0.00691	0.00653	0.00775	0.00486	0.00488	0.00984	0.01433	0.03340	0.74056	0.07022	0.04721	0.01065	0.00606	0.00163	0.00248	0.00943	0.00562	0.00488
59	0.00704	0.00524	0.00655	0.00622	0.00753	0.00475	0.00467	0.00926	0.01400	0.01934	0.64992	0.04036	0.18423	0.01095	0.00605	0.00164	0.00245	0.00956	0.00549	0.00475
60	0.00722	0.00521	0.00682	0.00648	0.00766	0.00481	0.00484	0.00958	0.01433	0.02027	0.75359	0.07058	0.04781	0.01072	0.00607	0.00163	0.00244	0.00950	0.00561	0.00481
61	0.01046	0.06488	0.75619	0.01434	0.02177	0.01232	0.01847	0.01621	0.01081	0.01605	0.00911	0.01071	0.00650	0.00485	0.00480	0.00160	0.00748	0.00374	0.00217	0.00754
62	0.01174	0.01133	0.01967	0.27106	0.51256	0.01199	0.05713	0.01497	0.01127	0.01561	0.00953	0.01307	0.00771	0.00473	0.00515	0.00159	0.00647	0.00465	0.00246	0.00731
63	0.01186	0.01102	0.01429	0.20518	0.11034	0.05389	0.05260	0.04945	0.29167	0.01769	0.01783	0.02019	0.07231	0.00679	0.00535	0.00171	0.00549	0.04157	0.00385	0.00692
64	0.00623	0.00470	0.00576	0.00656	0.00730	0.00424	0.00451	0.00729	0.01051	0.01355	0.05872	0.56884	0.25322	0.01500	0.00639	0.00197	0.00285	0.01333	0.00479	0.00424
65	0.02941	0.00728	0.02195	0.06549	0.01192	0.00692	0.04849	0.01401	0.03944	0.21084	0.01878	0.18923	0.01799	0.23201	0.02553	0.00275	0.00477	0.00772	0.03989	0.00556
66	0.01558	0.01111	0.01768	0.02344	0.49964	0.01105	0.01289	0.01867	0.04116	0.23836	0.01296	0.01423	0.00965	0.00538	0.00567	0.00159	0.04425	0.00478	0.00372	0.00818
67	0.03064	0.04954	0.32468	0.04649	0.01970	0.01224	0.11954	0.13060	0.06394	0.10025	0.01242	0.04570	0.00939	0.00573	0.00511	0.00163	0.00650	0.00492	0.00345	0.00752
68	0.02830	0.01195	0.08767	0.27428	0.11827	0.01137	0.18239	0.06405	0.02749	0.01630	0.01157	0.06938	0.00972	0.00714	0.03883	0.00196	0.00696	0.00556	0.02029	0.00651
69	0.53215	0.01442	0.01016	0.00901	0.01210	0.24880	0.00713	0.04703	0.01137	0.05583	0.00819	0.00919	0.00633	0.00505	0.00378	0.00151	0.00565	0.00312	0.00324	0.00595
70	0.00964	0.00861	0.01364	0.01828	0.34966	0.00839	0.03860	0.01214	0.02399	0.01583	0.07678	0.17731	0.13431	0.00941	0.00581	0.00176	0.00465	0.08123	0.00378	0.00619
71	0.03766	0.01121	0.01236	0.04411	0.05162	0.01287	0.00878	0.07996	0.63261	0.02173	0.01884	0.01780	0.01414	0.00665	0.00514	0.00171	0.00439	0.00552	0.00491	0.00799
72	0.00969	0.00912	0.01539	0.80734	0.03534	0.01140	0.01425	0.01311	0.01026	0.01311	0.00912	0.01368	0.00684	0.00513	0.00513	0.00171	0.00684	0.00456	0.00228	0.00570
73	0.01102	0.01138	0.01976	0.04812	0.01831	0.01343	0.27569	0.01329	0.00952	0.01371	0.00967	0.05225	0.00908	0.05257	0.01261	0.00219	0.41330	0.00569	0.00254	0.00587
74	0.01235	0.29339	0.33054	0.01420	0.03565	0.04376	0.15510	0.03143	0.01136	0.01507	0.00875	0.01052	0.00685	0.00464	0.00456	0.00145	0.00706	0.00387	0.00234	0.00710
75	0.00635	0.00477	0.00592	0.00679	0.00754	0.00434	0.00479	0.00746	0.01047	0.01347	0.03455	0.55538	0.23489	0.01511	0.00646	0.00201	0.00300	0.06769	0.00476	0.00425
76	0.85592	0.00992	0.00754	0.00675	0.00992	0.01151	0.00556	0.01508	0.00873	0.02302	0.00714	0.00834	0.00556	0.00476	0.00318	0.00159	0.00397	0.00278	0.00318	0.00556
77	0.01000	0.00944	0.01595	0.72688	0.11336	0.01148	0.01441	0.01338	0.01041	0.01349	0.00918	0.01358	0.00697	0.00507	0.00512	0.00169	0.00676	0.00456	0.00231	0.00595
78	0.01204	0.07944	0.43086	0.01422	0.08088	0.01237	0.02927	0.08454	0.08184	0.04043	0.01251	0.01349	0.03965	0.00544	0.00486	0.00155	0.00638	0.00437	0.00301	0.04284
79	0.01695	0.02512	0.03045	0.11857	0.10762	0.00944	0.09727	0.01962	0.01287	0.39262	0.01503	0.01579	0.01042	0.00559	0.00512	0.00154	0.00542	0.01851	0.00444	0.08762
80	0.00746	0.00497	0.00560	0.00560	0.00560	0.00497	0.00311	0.00746	0.00746	0.00995	0.01617	0.03358	0.01865	0.81967	0.02612	0.00497	0.00497	0.00746	0.00311	0.00311
81	0.00625	0.00447	0.00595	0.00714	0.00744	0.00417	0.00476	0.00714	0.00982	0.01310	0.02828	0.81633	0.03394	0.01608	0.00655	0.00208	0.00298	0.01459	0.00476	0.00417
82	0.09071	0.16206	0.26712	0.06505	0.13897	0.02609	0.06914	0.01493	0.01072	0.01567	0.01057	0.08701	0.00940	0.00577	0.00472	0.00156	0.00626	0.00486	0.00262	0.00678
83	0.01047	0.02422	0.68462	0.01451	0.02144	0.01164	0.05961	0.01600	0.01108	0.02852	0.04675	0.01244	0.00869	0.00522	0.00525	0.00164	0.02387	0.00422	0.00243	0.00739
84	0.00723	0.00547	0.00669	0.00634	0.00774	0.00506	0.00477	0.00990	0.04556	0.01913	0.59106	0.03998	0.21021	0.01090	0.00602	0.00165	0.00253	0.00948	0.00544	0.00486
85	0.00892	0.00505	0.00755	0.00821	0.04483	0.00502	0.00549	0.00771	0.00784	0.01044	0.02624	0.02208	0.02804	0.01648	0.01710	0.66627	0.00450	0.10261	0.00268	0.00293
86	0.01183	0.01169	0.01923	0.31212	0.43086	0.04458	0.06577	0.01503	0.01131	0.01524	0.00944	0.01299	0.00757	0.00479	0.00515	0.00160	0.00667	0.00462	0.00245	0.00707
87	0.00891	0.00446	0.00668	0.00668	0.00668	0.00446	0.00446	0.00668	0.00668	0.00891	0.00891	0.01560	0.00891	0.01783	0.02005	0.85071	0.00446	0.00446	0.00223	0.00223
88	0.01258	0.01218	0.02112	0.05360	0.72913	0.01221	0.05198	0.01570	0.01166	0.01664	0.00967	0.01278	0.00807	0.00458	0.00513	0.00154	0.00624	0.00464	0.00253	0.00800
89	0.01527	0.05798	0.11837	0.08676	0.01722	0.08074	0.07967	0.03166	0.01308	0.26698	0.11689	0.01777	0.01473	0.00645	0.00570	0.00161	0.03996	0.01795	0.00418	0.00703
90	0.01159	0.08319	0.58601	0.01575	0.09362	0.01236	0.04797	0.01665	0.01116	0.06106	0.00978	0.01132	0.00707	0.00487	0.00484	0.00158	0.00714	0.00396	0.00246	0.00760
91	0.01270	0.01219	0.02083	0.03149	0.78767	0.01219	0.01575	0.01575	0.01168	0.01676	0.00965	0.01270	0.00813	0.00457	0.00508	0.00152	0.00610	0.00457	0.00254	0.00813
92	0.46665	0.01400	0.16255	0.00976	0.01374	0.05919	0.05825	0.04624	0.01078	0.02072	0.05722	0.01168	0.00905	0.00525	0.00406	0.00157	0.00521	0.00378	0.03418	0.00612
93	0.03238	0.16648	0.14724	0.03379	0.01572	0.06176	0.01029	0.13243	0.01431	0.29886	0.01356	0.02950	0.00967	0.00577	0.00472	0.00149	0.00566	0.00441	0.00424	0.00772
94	0.37085	0.01343	0.01207	0.07265	0.02876	0.12121	0.00847	0.27636	0.01501	0.02391	0.00924	0.01033	0.00694	0.00534	0.00424	0.00154	0.00554	0.00366	0.00370	0.00676
95	0.00606	0.00520	0.00520	0.00520	0.00693	0.00433	0.00390	0.00736	0.01170	0.01386	0.05198	0.04938	0.78558	0.01299	0.00606	0.00173	0.00260	0.01083	0.00476	0.00433
96	0.00978	0.00839	0.03462	0.25968	0.13027	0.00841	0.00988	0.01278	0.02688	0.06149	0.26807	0.02579	0.10767	0.00777	0.00552	0.00165	0.00464	0.00684	0.00398	0.00590
97	0.03676	0.06043	0.15826	0.06356	0.07483	0.08802	0.22221	0.04336	0.02852	0.03240	0.01266	0.09131	0.01126	0.00642	0.00537	0.00167	0.00686	0.04642	0.00305	0.00665
98	0.01601	0.60553	0.02308	0.00902	0.01331	0.01736	0.00857	0.05936	0.01209	0.17814	0.01020	0.01041	0.00800	0.00490	0.00379	0.00123	0.00526	0.00336	0.00324	0.00716
99	0.00624	0.00451	0.00591	0.00704	0.00741	0.00418	0.00472	0.00716	0.00993	0.01314	0.02960	0.77372	0.07569	0.01590	0.00652	0.00206	0.00296	0.01438	0.00476	0.00418
100	0.01102	0.01049	0.01798	0.36496	0.39259	0.01143	0.04096	0.01415	0.01098	0.01497	0.01048	0.05780	0.00899	0.00544	0.00522	0.00164	0.00633	0.00518	0.00255	0.00682
101	0.03644	0.01207	0.02175	0.10138	0.35249	0.03007	0.26573	0.01524	0.01160	0.01617	0.01127	0.04533	0.00978	0.00546	0.00550	0.00167	0.00685	0.04141	0.00274	0.00705
102	0.00640	0.00461	0.00610	0.00724	0.00767	0.00431	0.00500	0.00742	0.01005	0.01330	0.02917	0.72690	0.06440	0.01580	0.00657	0.00209	0.00310	0.07090	0.00476	0.00422
103	0.85592	0.00992	0.00754	0.00675	0.00992	0.01151	0.00556	0.01508	0.00873	0.02302	0.00714	0.00834	0.00556	0.00476	0.00318	0.00159	0.00397	0.00278	0.00318	0.00556
104	0.01127	0.00700	0.00722	0.00660	0.00844	0.00749	0.00511	0.10051	0.15153	0.02105	0.01699	0.01836	0.01311	0.00618	0.00406	0.00133	0.00306	0.00495	0.59991	0.00583
105	0.01498	0.01211	0.01366	0.06008	0.07345	0.02670	0.00948	0.34240	0.26628	0.02441	0.01745	0.03604	0.05554	0.00695	0.00526	0.00165	0.00505	0.01595	0.00472	0.00785
106	0.00701	0.00493	0.00643	0.00735	0.00780	0.00477	0.00524	0.00805	0.00978	0.01294	0.02531	0.45924	0.02947	0.19472	0.01104	0.00280	0.00384	0.19084	0.00439	0.00407
107	0.03134	0.31264	0.06042	0.01105	0.01461	0.34995	0.00958	0.06150	0.04108	0.01429	0.00863	0.00984	0.00722	0.00535	0.00452	0.02106	0.00704	0.00334	0.02014	0.00639
108	0.00891	0.00446	0.00668	0.00668	0.00668	0.00446	0.00446	0.00668	0.00668	0.00891	0.00891	0.01560	0.00891	0.01783	0.02005	0.85071	0.00446	0.00446	0.00223	0.00223
109	0.01474	0.19541	0.21307	0.01365	0.01863	0.13995	0.13842	0.15804	0.01411	0.03361	0.00955	0.01093	0.00729	0.00501	0.00474	0.00146	0.00714	0.00405	0.00296	0.00723
110	0.01133	0.01039	0.01685	0.46133	0.20320	0.01197	0.04173	0.08529	0.01179	0.01581	0.00974	0.01357	0.00763	0.00680	0.04378	0.00198	0.03298	0.00467	0.00264	0.00653
111	0.01029	0.02654	0.79309	0.01462	0.02221	0.01192	0.01896	0.01625	0.01083	0.01625	0.00921	0.01083	0.00650	0.00487	0.00487	0.00162	0.00758	0.00379	0.00217	0.00758
112	0.00734	0.00548	0.00814	0.00814	0.00902	0.00635	0.00628	0.00909	0.00821	0.01183	0.01384	0.02071	0.01307	0.07050	0.76765	0.00811	0.01338	0.00558	0.00276	0.00452
113	0.00746	0.00497	0.00560	0.00560	0.00560	0.00497	0.00311	0.00746	0.00746	0.00995	0.01617	0.03358	0.01865	0.81967	0.02612	0.00497	0.00497	0.00746	0.00311	0.00311
114	0.01276	0.01102	0.01160	0.01044	0.01334	0.01276	0.00812	0.02727	0.77840	0.02146	0.02088	0.01914	0.01566	0.00696	0.00522	0.00174	0.00406	0.00580	0.00522	0.00812
115	0.00819	0.00585	0.00818	0.00936	0.01051	0.00584	0.00814	0.01050	0.01174	0.01527	0.02721	0.08574	0.02969	0.01424	0.00707	0.00235	0.00466	0.72600	0.00473	0.00470
116	0.01392	0.79344	0.02643	0.00894	0.01327	0.04891	0.00882	0.01555	0.01058	0.01209	0.00716	0.00827	0.00659	0.00442	0.00334	0.00111	0.00563	0.00276	0.00221	0.00656
117	0.01261	0.04959	0.42548	0.01647	0.12999	0.01235	0.07787	0.09452	0.02659	0.06013	0.01042	0.01191	0.00762	0.00498	0.00495	0.00156	0.00680	0.00422	0.00288	0.03904
118	0.01316	0.01452	0.02158	0.11317	0.14901	0.15588	0.29966	0.01697	0.06000	0.01533	0.00999	0.01289	0.00791	0.00523	0.00647	0.00167	0.08214	0.00497	0.00269	0.00675
119	0.01135	0.01262	0.02710	0.01974	0.02429	0.01183	0.66922	0.01522	0.01181	0.01600	0.01272	0.11864	0.01120	0.00586	0.00612	0.00178	0.00791	0.00717	0.00288	0.00656
120	0.02058	0.01160	0.01349	0.01039	0.01432	0.01192	0.00857	0.42467	0.01959	0.35222	0.01585	0.01477	0.01059	0.00623	0.00508	0.00155	0.00497	0.00485	0.04020	0.00857
121	0.01010	0.06364	0.07369	0.10859	0.02765	0.07161	0.00961	0.01239	0.01078	0.01467	0.18970	0.03204	0.01789	0.01302	0.14311	0.00285	0.18427	0.00569	0.00319	0.00553
122	0.02271	0.00923	0.01222	0.00937	0.01335	0.00829	0.00774	0.09146	0.01553	0.72357	0.01954	0.01701	0.01235	0.00633	0.00516	0.00158	0.00448	0.00511	0.00624	0.00873
123	0.00726	0.00524	0.00686	0.00646	0.00767	0.00484	0.00484	0.00968	0.01452	0.02058	0.78496	0.03833	0.04841	0.01049	0.00605	0.00161	0.00242	0.00928	0.00565	0.00484
124	0.01741	0.06944	0.01623	0.06764	0.13892	0.50540	0.01091	0.04375	0.01388	0.05713	0.00906	0.01058	0.00727	0.00520	0.00470	0.00139	0.00797	0.00370	0.00286	0.00656
125	0.00987	0.01808	0.46461	0.01160	0.01669	0.00951	0.01340	0.01499	0.05540	0.04390	0.23667	0.03383	0.02035	0.00705	0.00532	0.00165	0.00564	0.02114	0.00359	0.00674
126	0.02295	0.00885	0.01198	0.00918	0.01316	0.00771	0.00759	0.04023	0.01488	0.77572	0.02008	0.01736	0.01262	0.00635	0.00516	0.00159	0.00439	0.00515	0.00633	0.00873
127	0.00746	0.00497	0.00560	0.00560	0.00560	0.00497	0.00311	0.00746	0.00746	0.00995	0.01617	0.03358	0.01865	0.81967	0.02612	0.00497	0.00497	0.00746	0.00311	0.00311
128	0.00760	0.01142	0.23490	0.00826	0.01157	0.00667	0.00852	0.01055	0.01217	0.01628	0.22816	0.03532	0.36916	0.00999	0.00571	0.00167	0.00400	0.00838	0.00424	0.00541
129	0.01024	0.01013	0.01850	0.63358	0.04827	0.01173	0.16668	0.01383	0.01066	0.01385	0.00938	0.01369	0.00706	0.00496	0.00532	0.00171	0.00719	0.00486	0.00235	0.00599
130	0.00625	0.00447	0.00595	0.00714	0.00744	0.00417	0.00476	0.00714	0.00982	0.01310	0.02828	0.81633	0.03394	0.01608	0.00655	0.00208	0.00298	0.01459	0.00476	0.00417
131	0.00746	0.00497	0.00560	0.00560	0.00560	0.00497	0.00311	0.00746	0.00746	0.00995	0.01617	0.03358	0.01865	0.81967	0.02612	0.00497	0.00497	0.00746	0.00311	0.00311
132	0.01210	0.44603	0.38942	0.01155	0.01745	0.01633	0.01360	0.01578	0.01062	0.01405	0.00812	0.00946	0.00654	0.00462	0.00404	0.00135	0.00648	0.00324	0.00218	0.00706
133	0.01208	0.09465	0.35741	0.07188	0.20001	0.01288	0.09087	0.04818	0.01176	0.03902	0.00968	0.01177	0.00731	0.00482	0.00493	0.00156	0.00692	0.00423	0.00255	0.00750
134	0.75281	0.05019	0.02379	0.00735	0.01064	0.05569	0.00621	0.01542	0.00918	0.02178	0.00723	0.00843	0.00568	0.00478	0.00329	0.00155	0.00440	0.00283	0.00308	0.00567
135	0.00631	0.00451	0.00600	0.00711	0.00745	0.00421	0.00477	0.00729	0.01008	0.01351	0.07031	0.77311	0.03474	0.01576	0.00652	0.00206	0.00295	0.01429	0.00481	0.00421
136	0.00618	0.00521	0.00536	0.00536	0.00705	0.00439	0.00404	0.00757	0.01187	0.01431	0.09711	0.04885	0.72536	0.01286	0.00608	0.00174	0.00263	0.02483	0.00482	0.00437
137	0.01000	0.00941	0.02892	0.10550	0.08538	0.02793	0.13395	0.04256	0.03769	0.01456	0.02720	0.01766	0.01135	0.05836	0.33665	0.00457	0.03425	0.00543	0.00288	0.00575
138	0.00969	0.00912	0.01539	0.80734	0.03534	0.01140	0.01425	0.01311	0.01026	0.01311	0.00912	0.01368	0.00684	0.00513	0.00513	0.00171	0.00684	0.00456	0.00228	0.00570
139	0.01215	0.27998	0.09624	0.29816	0.05149	0.01460	0.09071	0.02978	0.01100	0.04249	0.00905	0.01165	0.00712	0.00489	0.00481	0.00150	0.02127	0.00406	0.00249	0.00656
140	0.01544	0.03619	0.13960	0.14890	0.06402	0.39729	0.04457	0.01812	0.01279	0.05113	0.00910	0.01105	0.00706	0.00520	0.00502	0.00149	0.02002	0.00388	0.00266	0.00647
141	0.01850	0.01372	0.01482	0.01154	0.01541	0.01523	0.00949	0.69247	0.05957	0.03068	0.01281	0.01308	0.00929	0.00799	0.04925	0.00192	0.00602	0.00473	0.00500	0.00847
142	0.00626	0.00453	0.00592	0.00700	0.00741	0.00419	0.00471	0.00720	0.01003	0.01328	0.04284	0.75043	0.08573	0.01577	0.00651	0.00205	0.00294	0.01424	0.00478	0.00419
143	0.00704	0.00524	0.00656	0.00623	0.00753	0.00475	0.00467	0.00926	0.01401	0.01935	0.65138	0.04034	0.18276	0.01095	0.00605	0.00164	0.00245	0.00956	0.00549	0.00475
144	0.01917	0.02445	0.01454	0.01322	0.01586	0.79907	0.00991	0.02049	0.01454	0.01256	0.00793	0.00925	0.00661	0.00529	0.00463	0.00132	0.00925	0.00330	0.00264	0.00595
145	0.00891	0.00446	0.00668	0.00668	0.00668	0.00446	0.00446	0.00668	0.00668	0.00891	0.00891	0.01560	0.00891	0.01783	0.02005	0.85071	0.00446	0.00446	0.00223	0.00223
146	0.01851	0.01342	0.01434	0.01111	0.01492	0.01480	0.00914	0.69489	0.02279	0.03102	0.01276	0.01300	0.00917	0.00614	0.00498	0.00151	0.00532	0.00464	0.08922	0.00833
147	0.01017	0.00611	0.00629	0.00599	0.00759	0.00641	0.00456	0.01496	0.16298	0.01958	0.03323	0.01936	0.01427	0.00622	0.00397	0.00130	0.00275	0.00504	0.64727	0.02194
148	0.01897	0.01112	0.01296	0.01038	0.01403	0.01165	0.00844	0.25363	0.22401	0.33752	0.01776	0.01624	0.01218	0.00650	0.00537	0.00163	0.01833	0.00516	0.00560	0.00851
149	0.00625	0.00447	0.00595	0.00714	0.00744	0.00417	0.00476	0.00714	0.00982	0.01310	0.02828	0.81633	0.03394	0.01608	0.00655	0.00208	0.00298	0.01459	0.00476	0.00417
150	0.01055	0.02035	0.48489	0.21382	0.06799	0.02535	0.05931	0.01544	0.01081	0.01537	0.00921	0.01180	0.00675	0.00498	0.00524	0.00165	0.02304	0.00416	0.00225	0.00704
151	0.01951	0.01437	0.01540	0.01181	0.01591	0.01591	0.00975	0.77056	0.02412	0.03234	0.01232	0.01232	0.00873	0.00616	0.00513	0.00154	0.00565	0.00462	0.00513	0.00873
152	0.02224	0.00891	0.01188	0.00923	0.01312	0.00794	0.00759	0.02518	0.07251	0.73294	0.02029	0.01759	0.01293	0.00640	0.00516	0.00160	0.00434	0.00521	0.00627	0.00869
153	0.00611	0.00520	0.00527	0.00525	0.00696	0.00435	0.00394	0.00746	0.01181	0.01414	0.08202	0.04893	0.75537	0.01289	0.00606	0.00173	0.00259	0.01077	0.00480	0.00435
154	0.01951	0.01437	0.01540	0.01181	0.01591	0.01591	0.00975	0.77056	0.02412	0.03234	0.01232	0.01232	0.00873	0.00616	0.00513	0.00154	0.00565	0.00462	0.00513	0.00873
155	0.01372	0.82276	0.02689	0.00878	0.01317	0.02030	0.00878	0.01536	0.01043	0.01207	0.00713	0.00823	0.00658	0.00439	0.00329	0.00110	0.00549	0.00274	0.00219	0.00658
156	0.00642	0.00521	0.00569	0.00557	0.00715	0.00448	0.00418	0.00805	0.01253	0.01584	0.26757	0.04613	0.56876	0.01226	0.00606	0.00170	0.00255	0.01037	0.00502	0.00448
157	0.01029	0.02654	0.79309	0.01462	0.02221	0.01192	0.01896	0.01625	0.01083	0.01625	0.00921	0.01083	0.00650	0.00487	0.00487	0.00162	0.00758	0.00379	0.00217	0.00758
158	0.00721	0.00524	0.00679	0.00640	0.00764	0.00482	0.00480	0.00959	0.01441	0.02030	0.75457	0.03879	0.07897	0.01059	0.00605	0.00162	0.00243	0.00934	0.00561	0.00482
159	0.01140	0.28312	0.54618	0.01274	0.01930	0.01462	0.01568	0.01596	0.01070	0.01490	0.00854	0.00999	0.00653	0.00472	0.00436	0.00145	0.00691	0.00345	0.00218	0.00726
160	0.01353	0.01355	0.01110	0.01022	0.01234	0.26569	0.00767	0.11929	0.14779	0.01772	0.09828	0.20461	0.01962	0.02774	0.00590	0.00172	0.00556	0.00730	0.00426	0.00610
161	0.00687	0.00500	0.00653	0.00701	0.00788	0.00465	0.00516	0.00857	0.01203	0.01632	0.32241	0.36361	0.09692	0.01345	0.00639	0.00191	0.00295	0.10274	0.00510	0.00451
162	0.01170	0.27302	0.44475	0.01282	0.01897	0.03264	0.06188	0.01590	0.01086	0.01490	0.00860	0.01016	0.00667	0.00464	0.00439	0.00141	0.00683	0.00355	0.00226	0.05405
163	0.00628	0.00502	0.00562	0.00592	0.00721	0.00437	0.00431	0.00760	0.01148	0.01435	0.11677	0.25176	0.49876	0.01359	0.00621	0.00183	0.00273	0.02699	0.00485	0.00435
164	0.01419	0.11568	0.07419	0.03756	0.32602	0.07290	0.01228	0.08760	0.02602	0.07737	0.02732	0.01300	0.00926	0.00534	0.00525	0.00149	0.03887	0.00437	0.04383	0.00744
165	0.58244	0.01471	0.23177	0.00933	0.01381	0.01158	0.02428	0.01563	0.00951	0.03594	0.00805	0.00933	0.00601	0.00482	0.00375	0.00160	0.00510	0.00318	0.00294	0.00622
166	0.01120	0.00969	0.01272	0.01126	0.11399	0.00778	0.03539	0.01365	0.01091	0.03143	0.00945	0.01116	0.00777	0.00397	0.00408	0.00091	0.00429	0.00339	0.00302	0.69396
167	0.01161	0.00985	0.01060	0.00966	0.01222	0.01115	0.00749	0.02361	0.62317	0.02087	0.12757	0.03485	0.04468	0.00791	0.00542	0.00174	0.00379	0.02113	0.00525	0.00743
168	0.02854	0.03463	0.49617	0.01461	0.06269	0.01172	0.06293	0.06457	0.02622	0.09240	0.01070	0.01191	0.00762	0.00502	0.00490	0.00157	0.00678	0.00412	0.00293	0.04998
169	0.00643	0.00505	0.00579	0.00599	0.00724	0.00444	0.00435	0.00787	0.01180	0.01511	0.20693	0.22270	0.42411	0.02978	0.00660	0.00186	0.00273	0.02191	0.00492	0.00439
170	0.01956	0.01233	0.07462	0.04141	0.01662	0.01067	0.05174	0.14265	0.07146	0.40558	0.01727	0.01685	0.01191	0.00664	0.00557	0.00175	0.00548	0.00523	0.00546	0.07719
171	0.00714	0.00520	0.00671	0.00641	0.00761	0.00478	0.00478	0.00942	0.01412	0.01980	0.70304	0.07648	0.09346	0.01091	0.00608	0.00164	0.00246	0.00963	0.00555	0.00478
172	0.01064	0.00912	0.01064	0.00760	0.01216	0.00684	0.00608	0.01292	0.01064	0.01672	0.00912	0.01064	0.00760	0.00380	0.00380	0.00076	0.00380	0.00304	0.00304	0.85104
173	0.71591	0.01235	0.00871	0.00783	0.01092	0.14329	0.00629	0.01599	0.00970	0.02127	0.00728	0.00849	0.00573	0.00485	0.00342	0.00154	0.00485	0.00287	0.00309	0.00562
174	0.00777	0.00615	0.00910	0.00884	0.00965	0.00748	0.00696	0.00953	0.00820	0.01196	0.01294	0.01914	0.01213	0.03512	0.71005	0.00756	0.10464	0.00538	0.00269	0.00470
175	0.04286	0.28371	0.26914	0.01510	0.15670	0.03787	0.01329	0.08064	0.01210	0.03157	0.00898	0.01044	0.00710	0.00481	0.00435	0.00142	0.00632	0.00364	0.00263	0.00735
176	0.01209	0.05640	0.01971	0.20850	0.27281	0.01300	0.12099	0.01541	0.04003	0.04288	0.00982	0.01302	0.00791	0.00554	0.00708	0.00170	0.13882	0.00473	0.00266	0.00690
177	0.01794	0.02011	0.01509	0.01442	0.08843	0.50408	0.01029	0.16088	0.05572	0.01721	0.00959	0.01074	0.00765	0.00552	0.00503	0.00141	0.02465	0.00382	0.00324	0.02418
178	0.00667	0.00522	0.00604	0.00584	0.00730	0.00459	0.00438	0.00854	0.01313	0.01727	0.42387	0.04377	0.41157	0.01172	0.00606	0.00167	0.00251	0.01004	0.00521	0.00459
179	0.01049	0.01003	0.08355	0.00965	0.01205	0.00935	0.00801	0.05401	0.34660	0.03141	0.02229	0.30828	0.02160	0.01031	0.00574	0.00187	0.00411	0.03935	0.00476	0.00654
180	0.00745	0.00500	0.00570	0.00566	0.00576	0.00496	0.00324	0.00764	0.00801	0.01078	0.07627	0.03395	0.02098	0.75641	0.02455	0.00471	0.00477	0.00760	0.00331	0.00324
181	0.85592	0.00992	0.00754	0.00675	0.00992	0.01151	0.00556	0.01508	0.00873	0.02302	0.00714	0.00834	0.00556	0.00476	0.00318	0.00159	0.00397	0.00278	0.00318	0.00556
182	0.00938	0.01097	0.11752	0.60652	0.03024	0.01064	0.01368	0.01293	0.01061	0.01386	0.04116	0.01715	0.07252	0.00594	0.00521	0.00170	0.00643	0.00515	0.00259	0.00581
183	0.00677	0.00530	0.00626	0.00681	0.00815	0.00479	0.00538	0.00834	0.01144	0.01420	0.04065	0.17113	0.43578	0.01384	0.00645	0.00198	0.00331	0.24023	0.00475	0.00443
184	0.00825	0.00625	0.00790	0.00760	0.00872	0.00678	0.00560	0.01195	0.13845	0.01517	0.20117	0.02729	0.02314	0.19680	0.30685	0.00485	0.00748	0.00689	0.00394	0.00492
185	0.01403	0.68070	0.05762	0.00997	0.01436	0.09370	0.04047	0.01593	0.01090	0.01247	0.00743	0.00867	0.00663	0.00449	0.00360	0.00117	0.00606	0.00298	0.00225	0.00658
186	0.00658	0.00513	0.00541	0.00539	0.00652	0.00457	0.00368	0.00750	0.01042	0.01286	0.07326	0.04362	0.49716	0.28115	0.01273	0.00281	0.00338	0.00964	0.00425	0.00395
187	0.02075	0.00985	0.01407	0.01349	0.15020	0.00908	0.02265	0.07839	0.01481	0.58470	0.01761	0.01618	0.01151	0.00599	0.00516	0.00158	0.00484	0.00503	0.00552	0.00859
188	0.00733	0.00550	0.00825	0.00825	0.00916	0.00641	0.00641	0.00916	0.00825	0.01191	0.01374	0.02016	0.01283	0.03848	0.79934	0.00825	0.01374	0.00550	0.00275	0.00458
189	0.01159	0.01097	0.01790	0.30324	0.42429	0.01209	0.01438	0.01570	0.07862	0.01572	0.01034	0.01356	0.00828	0.00515	0.00555	0.00164	0.03646	0.00467	0.00267	0.00717
190	0.00690	0.00520	0.00629	0.00606	0.00733	0.00469	0.00447	0.00883	0.01321	0.01788	0.51356	0.05728	0.26082	0.05628	0.00718	0.00184	0.00263	0.00974	0.00523	0.00458
191	0.00938	0.00755	0.01268	0.01035	0.01261	0.00710	0.18908	0.02721	0.01338	0.04721	0.40827	0.09406	0.03203	0.00902	0.00590	0.00167	0.00418	0.03526	0.06755	0.00550
192	0.32338	0.43647	0.01843	0.00852	0.01227	0.10292	0.00772	0.01583	0.01026	0.01614	0.00723	0.00838	0.00621	0.00463	0.00340	0.00130	0.00535	0.00282	0.00260	0.00614
193	0.27428	0.05853	0.02852	0.01009	0.01385	0.06358	0.00848	0.40968	0.01747	0.03916	0.02450	0.01122	0.00826	0.00564	0.00441	0.00152	0.00531	0.00395	0.00419	0.00737

[dist]
# distance from previous block
# <min> <max>
0	7

[block]
# block no. 2 follows, 48 sequences, length 34
# corresponding to MSA columns:
# 442-475
name=unknown_C
#
# <colnr> <probs for GDERKNQSTAVLIFYWHMCP>
#	G	D	E	R	K	N	Q	S	T	A	V	L	I	F	Y	W	H	M	C	P
0	0.01426	0.11201	0.08225	0.01058	0.01405	0.17674	0.02134	0.08359	0.15736	0.07039	0.10756	0.03006	0.01478	0.01948	0.00520	0.00151	0.00564	0.00501	0.00394	0.06426
1	0.01106	0.18531	0.60663	0.01376	0.02060	0.01364	0.04951	0.01608	0.01081	0.01542	0.00884	0.01044	0.00657	0.00475	0.00461	0.00152	0.00721	0.00368	0.00219	0.00735
2	0.01014	0.02267	0.62994	0.01352	0.01979	0.01142	0.01651	0.01595	0.05792	0.01590	0.01044	0.01280	0.00796	0.03024	0.07545	0.00232	0.03324	0.00419	0.00243	0.00717
3	0.00612	0.00520	0.00528	0.00526	0.00697	0.00436	0.00394	0.00748	0.01183	0.01419	0.08799	0.04884	0.74937	0.01287	0.00606	0.00173	0.00259	0.01075	0.00481	0.00436
4	0.00869	0.00700	0.00842	0.00842	0.04437	0.00708	0.00602	0.01399	0.20685	0.01945	0.42955	0.04879	0.15153	0.00982	0.00581	0.00167	0.00304	0.00853	0.00525	0.00573
5	0.00721	0.00524	0.00679	0.00640	0.00763	0.00482	0.00480	0.00958	0.01440	0.02028	0.75311	0.03881	0.08045	0.01060	0.00605	0.00162	0.00243	0.00935	0.00561	0.00482
6	0.01975	0.01398	0.01516	0.01162	0.01572	0.01533	0.00960	0.71854	0.02347	0.08529	0.01287	0.01268	0.00900	0.00617	0.00513	0.00154	0.00556	0.00466	0.00522	0.00873
7	0.01276	0.01102	0.01160	0.01044	0.01334	0.01276	0.00812	0.02727	0.77840	0.02146	0.02088	0.01914	0.01566	0.00696	0.00522	0.00174	0.00406	0.00580	0.00522	0.00812
8	0.01276	0.01102	0.01160	0.01044	0.01334	0.01276	0.00812	0.02727	0.77840	0.02146	0.02088	0.01914	0.01566	0.00696	0.00522	0.00174	0.00406	0.00580	0.00522	0.00812
9	0.00969	0.00912	0.01539	0.80734	0.03534	0.01140	0.01425	0.01311	0.01026	0.01311	0.00912	0.01368	0.00684	0.00513	0.00513	0.00171	0.00684	0.00456	0.00228	0.00570
10	0.01064	0.00912	0.01064	0.00760	0.01216	0.00684	0.00608	0.01292	0.01064	0.01672	0.00912	0.01064	0.00760	0.00380	0.00380	0.00076	0.00380	0.00304	0.00304	0.85104
11	0.01029	0.02654	0.79309	0.01462	0.02221	0.01192	0.01896	0.01625	0.01083	0.01625	0.00921	0.01083	0.00650	0.00487	0.00487	0.00162	0.00758	0.00379	0.00217	0.00758
12	0.01276	0.01102	0.01160	0.01044	0.01334	0.01276	0.00812	0.02727	0.77840	0.02146	0.02088	0.01914	0.01566	0.00696	0.00522	0.00174	0.00406	0.00580	0.00522	0.00812
13	0.00692	0.00510	0.00627	0.00685	0.00770	0.00477	0.00503	0.00818	0.01062	0.01373	0.08260	0.27487	0.21650	0.15414	0.00991	0.00253	0.00357	0.17199	0.00453	0.00419
14	0.00633	0.00450	0.00593	0.00705	0.00733	0.00422	0.00466	0.00716	0.00968	0.01290	0.02753	0.76788	0.03299	0.06581	0.00776	0.00226	0.00310	0.01415	0.00466	0.00410
15	0.81623	0.00987	0.00775	0.00686	0.01007	0.01132	0.00565	0.01556	0.00902	0.05963	0.00777	0.00877	0.00590	0.00484	0.00327	0.00159	0.00399	0.00289	0.00333	0.00571
16	0.01372	0.82276	0.02689	0.00878	0.01317	0.02030	0.00878	0.01536	0.01043	0.01207	0.00713	0.00823	0.00658	0.00439	0.00329	0.00110	0.00549	0.00274	0.00219	0.00658
17	0.00819	0.00604	0.00756	0.00696	0.00841	0.00586	0.00528	0.04703	0.06226	0.02119	0.70085	0.03590	0.04450	0.01007	0.00596	0.00162	0.00268	0.00884	0.00560	0.00523
18	0.02302	0.00873	0.01191	0.00913	0.01310	0.00754	0.00754	0.02501	0.01469	0.79122	0.02024	0.01746	0.01270	0.00635	0.00516	0.00159	0.00437	0.00516	0.00635	0.00873
19	0.00717	0.00524	0.00673	0.00636	0.00761	0.00480	0.00477	0.00951	0.01431	0.02007	0.72918	0.03917	0.10452	0.01068	0.00605	0.00162	0.00243	0.00940	0.00558	0.00480
20	0.02302	0.00873	0.01191	0.00913	0.01310	0.00754	0.00754	0.02501	0.01469	0.79122	0.02024	0.01746	0.01270	0.00635	0.00516	0.00159	0.00437	0.00516	0.00635	0.00873
21	0.00776	0.00536	0.00702	0.00654	0.00784	0.00493	0.00493	0.01017	0.01453	0.04506	0.76067	0.03767	0.04728	0.01036	0.00602	0.00161	0.00248	0.00915	0.00567	0.00497
22	0.01317	0.01447	0.01543	0.01341	0.01406	0.20754	0.01090	0.01434	0.00949	0.01240	0.00703	0.01074	0.00670	0.00808	0.01385	0.00202	0.61413	0.00420	0.00234	0.00570
23	0.01064	0.00912	0.01064	0.00760	0.01216	0.00684	0.00608	0.01292	0.01064	0.01672	0.00912	0.01064	0.00760	0.00380	0.00380	0.00076	0.00380	0.00304	0.00304	0.85104
24	0.02940	0.05473	0.09732	0.01144	0.01432	0.21077	0.08803	0.04537	0.06462	0.03973	0.01541	0.21401	0.01530	0.06813	0.00685	0.00190	0.00618	0.00701	0.00353	0.00594
25	0.01372	0.82276	0.02689	0.00878	0.01317	0.02030	0.00878	0.01536	0.01043	0.01207	0.00713	0.00823	0.00658	0.00439	0.00329	0.00110	0.00549	0.00274	0.00219	0.00658
26	0.19478	0.01279	0.14134	0.01037	0.04685	0.00973	0.03663	0.05173	0.02816	0.01887	0.00919	0.01065	0.00724	0.00443	0.00408	0.00121	0.00484	0.00342	0.00304	0.40067
27	0.00969	0.00912	0.01539	0.80734	0.03534	0.01140	0.01425	0.01311	0.01026	0.01311	0.00912	0.01368	0.00684	0.00513	0.00513	0.00171	0.00684	0.00456	0.00228	0.00570
28	0.00734	0.00547	0.00808	0.00808	0.00894	0.00632	0.00621	0.00906	0.00820	0.01179	0.01389	0.02099	0.01319	0.08683	0.75149	0.00804	0.01320	0.00562	0.00277	0.00449
