[name]
unknown

[dist]
# distance from previous block
# <min> <max>
6	81

[block]
# block no. 0 follows, 43 sequences, length 8
# corresponding to MSA columns:
# 101-108
name=unknown_A
#
# <colnr> <probs for GDERKNQSTAVLIFYWHMCP>
#	G	D	E	R	K	N	Q	S	T	A	V	L	I	F	Y	W	H	M	C	P
0	0.00805	0.00537	0.00604	0.00604	0.00604	0.00537	0.00336	0.00805	0.00805	0.01074	0.01745	0.03624	0.02013	0.80536	0.02819	0.00537	0.00537	0.00805	0.00336	0.00336
1	0.01366	0.00679	0.00857	0.00749	0.00916	0.00628	0.00530	0.01485	0.01203	0.26968	0.15232	0.03131	0.02368	0.39568	0.01673	0.00350	0.00466	0.00757	0.00502	0.00573
2	0.01237	0.02112	0.41017	0.02463	0.38690	0.01301	0.01878	0.01728	0.01214	0.01781	0.01017	0.01267	0.00787	0.00510	0.00537	0.00170	0.00740	0.00450	0.00253	0.00847
3	0.01290	0.35541	0.06087	0.00917	0.01419	0.01395	0.00858	0.01528	0.01140	0.01586	0.00892	0.01037	0.00767	0.00444	0.00393	0.00103	0.00511	0.00319	0.00284	0.43491
4	0.01885	0.01107	0.01732	0.08501	0.34247	0.01065	0.01256	0.02162	0.01406	0.38542	0.01593	0.01629	0.01106	0.00592	0.00553	0.00169	0.00574	0.00524	0.00472	0.00887
5	0.00952	0.01748	0.40284	0.01150	0.01634	0.00915	0.01306	0.01409	0.01363	0.01981	0.37827	0.02611	0.02900	0.00821	0.00588	0.00175	0.00548	0.00697	0.00416	0.00675
6	0.01213	0.01155	0.01963	0.40237	0.41477	0.01274	0.01621	0.01561	0.01186	0.01618	0.01014	0.01422	0.00810	0.00523	0.00551	0.00174	0.00697	0.00493	0.00261	0.00750
7	0.01026	0.15198	0.27313	0.00996	0.01357	0.01078	0.01025	0.01276	0.00985	0.01346	0.01320	0.02314	0.01341	0.39398	0.01611	0.00341	0.00643	0.00582	0.00284	0.00565

[dist]
# distance from previous block
# <min> <max>
6	9

[block]
# block no. 1 follows, 43 sequences, length 6
# corresponding to MSA columns:
# 143-148
name=unknown_B
#
# <colnr> <probs for GDERKNQSTAVLIFYWHMCP>
#	G	D	E	R	K	N	Q	S	T	A	V	L	I	F	Y	W	H	M	C	P
0	0.01394	0.18448	0.02389	0.02871	0.60788	0.01504	0.01538	0.01691	0.01232	0.01700	0.00983	0.01267	0.00841	0.00489	0.00507	0.00155	0.00644	0.00451	0.00266	0.00841
1	0.01190	0.19663	0.61566	0.01443	0.02187	0.01481	0.01810	0.01733	0.01160	0.01657	0.00946	0.01109	0.00704	0.00515	0.00489	0.00163	0.00770	0.00385	0.00235	0.00795
2	0.01066	0.18767	0.08413	0.17724	0.01685	0.01167	0.00915	0.01326	0.04938	0.01326	0.01322	0.02246	0.01312	0.33980	0.01454	0.00316	0.00613	0.00579	0.00297	0.00552
3	0.01836	0.01160	0.01846	0.02390	0.45449	0.01106	0.01329	0.02117	0.01397	0.33437	0.01520	0.01586	0.01084	0.00574	0.00552	0.00167	0.00580	0.00520	0.00446	0.00905
4	0.00697	0.00558	0.00575	0.00571	0.00748	0.00477	0.00428	0.00858	0.01284	0.01611	0.12234	0.04959	0.63994	0.01317	0.00634	0.00181	0.00277	0.01102	0.07020	0.00477
5	0.01278	0.01177	0.01788	0.02321	0.45407	0.01074	0.01263	0.01572	0.01214	0.01807	0.01018	0.01278	0.00853	0.00459	0.00491	0.00130	0.00554	0.00424	0.00297	0.35594

[dist]
# distance from previous block
# <min> <max>
0	8

[block]
# block no. 2 follows, 43 sequences, length 29
# corresponding to MSA columns:
# 164-188,190-193
name=unknown_C
#
# <colnr> <probs for GDERKNQSTAVLIFYWHMCP>
#	G	D	E	R	K	N	Q	S	T	A	V	L	I	F	Y	W	H	M	C	P
0	0.01631	0.04688	0.02071	0.02560	0.47766	0.01492	0.01444	0.27249	0.01722	0.02373	0.01131	0.01337	0.00893	0.00552	0.00542	0.00163	0.00638	0.00487	0.00370	0.00893
1	0.01007	0.11313	0.38830	0.01225	0.04796	0.01111	0.01336	0.01407	0.01200	0.01613	0.02573	0.02590	0.27171	0.00823	0.00551	0.00172	0.00598	0.00663	0.00333	0.00686
2	0.01431	0.50849	0.04954	0.01819	0.27741	0.01860	0.01242	0.01676	0.01174	0.01493	0.00871	0.01065	0.00768	0.00482	0.00428	0.00136	0.00622	0.00368	0.00250	0.00772
3	0.01373	0.01272	0.01902	0.02610	0.50799	0.01337	0.01414	0.02132	0.27258	0.01986	0.01463	0.01612	0.01160	0.00583	0.00554	0.00173	0.00582	0.00540	0.00375	0.00877
4	0.01424	0.01297	0.01931	0.02620	0.50818	0.01361	0.01426	0.07162	0.22146	0.02067	0.01399	0.01561	0.01108	0.00577	0.00553	0.00171	0.00594	0.00531	0.00374	0.00882
5	0.01838	0.01457	0.01844	0.04832	0.25179	0.01575	0.01271	0.49673	0.02132	0.02892	0.01227	0.01348	0.00914	0.00608	0.00552	0.00166	0.00629	0.00497	0.00456	0.00910
6	0.01626	0.01398	0.02044	0.02661	0.50895	0.01455	0.01475	0.27251	0.01728	0.02393	0.01142	0.01356	0.00900	0.00553	0.00550	0.00165	0.00641	0.00495	0.00371	0.00900
7	0.55969	0.01026	0.00978	0.00818	0.01190	0.01094	0.00674	0.02000	0.01166	0.28538	0.01262	0.01242	0.00868	0.00574	0.00417	0.00171	0.00443	0.00389	0.00462	0.00719
8	0.00675	0.00482	0.00643	0.00771	0.00803	0.00450	0.00514	0.00771	0.01060	0.01414	0.03053	0.80175	0.03663	0.01735	0.00707	0.00225	0.00321	0.01574	0.00514	0.00450
9	0.01414	0.01181	0.01661	0.52127	0.03086	0.01400	0.01369	0.27065	0.01627	0.02136	0.01104	0.01426	0.00809	0.00592	0.00554	0.00178	0.00694	0.00494	0.00353	0.00729
10	0.00675	0.00482	0.00643	0.00771	0.00803	0.00450	0.00514	0.00771	0.01060	0.01414	0.03053	0.80175	0.03663	0.01735	0.00707	0.00225	0.00321	0.01574	0.00514	0.00450
11	0.00805	0.00537	0.00604	0.00604	0.00604	0.00537	0.00336	0.00805	0.00805	0.01074	0.01745	0.03624	0.02013	0.80536	0.02819	0.00537	0.00537	0.00805	0.00336	0.00336
12	0.01046	0.00984	0.01661	0.79205	0.03814	0.01230	0.01538	0.01415	0.01107	0.01415	0.00984	0.01477	0.00738	0.00554	0.00554	0.00185	0.00738	0.00492	0.00246	0.00615
13	0.01378	0.01190	0.01252	0.01127	0.01440	0.01378	0.00877	0.02943	0.76081	0.02317	0.02254	0.02066	0.01691	0.00751	0.00564	0.00188	0.00438	0.00626	0.00564	0.00877
14	0.01148	0.00984	0.01148	0.00820	0.01312	0.00738	0.00656	0.01395	0.01148	0.01805	0.00984	0.01148	0.00820	0.00410	0.00410	0.00082	0.00410	0.00328	0.00328	0.83922
15	0.02105	0.01551	0.01662	0.01274	0.01717	0.01717	0.01053	0.75235	0.02604	0.03490	0.01330	0.01330	0.00942	0.00665	0.00554	0.00166	0.00609	0.00499	0.00554	0.00942
16	0.00675	0.00482	0.00643	0.00771	0.00803	0.00450	0.00514	0.00771	0.01060	0.01414	0.03053	0.80175	0.03663	0.01735	0.00707	0.00225	0.00321	0.01574	0.00514	0.00450
17	0.01148	0.00984	0.01148	0.00820	0.01312	0.00738	0.00656	0.01395	0.01148	0.01805	0.00984	0.01148	0.00820	0.00410	0.00410	0.00082	0.00410	0.00328	0.00328	0.83922
18	0.01223	0.01293	0.02487	0.23622	0.08071	0.01397	0.37157	0.01595	0.01172	0.01603	0.01011	0.01433	0.00796	0.00577	0.00814	0.00194	0.14027	0.00569	0.00264	0.00696
19	0.01046	0.00984	0.01661	0.79205	0.03814	0.01230	0.01538	0.01415	0.01107	0.01415	0.00984	0.01477	0.00738	0.00554	0.00554	0.00185	0.00738	0.00492	0.00246	0.00615
20	0.00675	0.00482	0.00643	0.00771	0.00803	0.00450	0.00514	0.00771	0.01060	0.01414	0.03053	0.80175	0.03663	0.01735	0.00707	0.00225	0.00321	0.01574	0.00514	0.00450
21	0.01159	0.01100	0.01865	0.52865	0.29272	0.01260	0.01594	0.01514	0.01161	0.01552	0.01004	0.01440	0.00787	0.00533	0.00552	0.00178	0.00710	0.00493	0.00256	0.00706
22	0.00805	0.00537	0.00604	0.00604	0.00604	0.00537	0.00336	0.00805	0.00805	0.01074	0.01745	0.03624	0.02013	0.80536	0.02819	0.00537	0.00537	0.00805	0.00336	0.00336
23	0.01159	0.01100	0.01865	0.52865	0.29272	0.01260	0.01594	0.01514	0.01161	0.01552	0.01004	0.01440	0.00787	0.00533	0.00552	0.00178	0.00710	0.00493	0.00256	0.00706
24	0.01205	0.01176	0.01760	0.01371	0.01644	0.01298	0.13384	0.01429	0.01034	0.01578	0.00887	0.01236	0.00780	0.00682	0.01110	0.00175	0.37572	0.00456	0.00280	0.30942
25	0.01506	0.01296	0.01099	0.00981	0.01264	0.20620	0.00756	0.01965	0.17369	0.15577	0.03050	0.02894	0.27500	0.00919	0.00578	0.00173	0.00533	0.00733	0.00498	0.00687
26	0.01801	0.01299	0.01506	0.01129	0.01591	0.01290	0.03349	0.40893	0.01974	0.10498	0.01297	0.01332	0.00942	0.00576	0.00510	0.00140	0.00540	0.00453	0.00484	0.28394
27	0.01711	0.42365	0.02260	0.01091	0.01537	0.01928	0.00981	0.30141	0.09162	0.02247	0.01134	0.01176	0.00897	0.00575	0.00453	0.00144	0.00584	0.00407	0.00392	0.00816
28	0.00962	0.03641	0.07880	0.01070	0.01204	0.01041	0.00906	0.02874	0.01086	0.01520	0.06849	0.30740	0.08513	0.01235	0.01045	0.00215	0.27300	0.00963	0.00395	0.00562

[dist]
# distance from previous block
# <min> <max>
24	45

[block]
# block no. 3 follows, 43 sequences, length 160
# corresponding to MSA columns:
# 240-399
name=unknown_D
#
# <colnr> <probs for GDERKNQSTAVLIFYWHMCP>
#	G	D	E	R	K	N	Q	S	T	A	V	L	I	F	Y	W	H	M	C	P
0	0.12582	0.01668	0.01508	0.01211	0.01612	0.16625	0.00978	0.47077	0.02111	0.04566	0.01172	0.01216	0.00859	0.00618	0.00511	0.00159	0.00652	0.00440	0.00469	0.03968
1	0.01141	0.01064	0.01791	0.53929	0.25257	0.01229	0.01542	0.01494	0.01155	0.01556	0.01032	0.01468	0.00805	0.00539	0.00546	0.00177	0.00697	0.00493	0.03397	0.00689
2	0.00697	0.00499	0.00662	0.00756	0.00808	0.00465	0.00516	0.00827	0.01163	0.01577	0.17966	0.64796	0.03979	0.01613	0.00696	0.00215	0.00309	0.01459	0.00533	0.00465
3	0.01297	0.01206	0.01883	0.02543	0.51927	0.01124	0.01353	0.01598	0.01224	0.01808	0.01023	0.01297	0.00858	0.00466	0.00502	0.00137	0.00576	0.00439	0.00292	0.28448
4	0.56793	0.01042	0.00925	0.00759	0.01151	0.01075	0.00619	0.01550	0.01011	0.02259	0.00842	0.00982	0.00673	0.00480	0.00365	0.00142	0.00422	0.00309	0.00338	0.28262
5	0.01133	0.01065	0.01688	0.02457	0.51739	0.01034	0.01275	0.01399	0.01261	0.01705	0.02559	0.02685	0.26102	0.00795	0.00584	0.00172	0.00533	0.00718	0.00354	0.00741
6	0.01002	0.02102	0.52128	0.01286	0.01876	0.01033	0.01540	0.01519	0.01302	0.01909	0.26157	0.02155	0.02204	0.00727	0.00568	0.00175	0.00634	0.00606	0.00359	0.00720
7	0.02094	0.01126	0.01944	0.01433	0.01905	0.01009	0.25467	0.02392	0.01493	0.52336	0.01832	0.01755	0.01195	0.00613	0.00589	0.00176	0.00625	0.00589	0.00551	0.00878
8	0.00675	0.00482	0.00643	0.00771	0.00803	0.00450	0.00514	0.00771	0.01060	0.01414	0.03053	0.80175	0.03663	0.01735	0.00707	0.00225	0.00321	0.01574	0.00514	0.00450
9	0.01117	0.01140	0.02172	0.01683	0.01981	0.01223	0.35968	0.01427	0.01079	0.01526	0.01164	0.01665	0.00999	0.01789	0.26673	0.00431	0.16448	0.00601	0.00278	0.00636
10	0.01482	0.01732	0.02284	0.01782	0.02156	0.26851	0.36032	0.01785	0.01311	0.01542	0.01063	0.01410	0.00869	0.01048	0.11611	0.00274	0.05280	0.00537	0.00282	0.00669
11	0.01197	0.02351	0.52628	0.02183	0.27192	0.01296	0.01931	0.01736	0.01200	0.01772	0.01010	0.01236	0.00760	0.00515	0.00534	0.00172	0.00765	0.00437	0.00247	0.00838
12	0.00655	0.00561	0.00561	0.00561	0.00748	0.00468	0.00421	0.00795	0.01262	0.01496	0.05610	0.05330	0.76857	0.01403	0.00655	0.00187	0.00281	0.01169	0.00514	0.00468
13	0.01190	0.27506	0.02073	0.53224	0.03020	0.01549	0.01342	0.01496	0.01113	0.01378	0.00913	0.01281	0.00729	0.00527	0.00488	0.00163	0.00690	0.00427	0.00243	0.00647
14	0.01175	0.01151	0.01479	0.01472	0.11067	0.08318	0.03286	0.01407	0.02519	0.01722	0.26070	0.02207	0.02259	0.00906	0.01088	0.00198	0.32019	0.00653	0.00379	0.00626
15	0.01602	0.01755	0.02023	0.02745	0.52059	0.26878	0.01491	0.01870	0.01363	0.01659	0.00980	0.01247	0.00823	0.00519	0.00532	0.00157	0.00771	0.00448	0.00278	0.00799
16	0.01837	0.02200	0.01795	0.02082	0.26734	0.52750	0.01279	0.02042	0.01467	0.01506	0.00918	0.01122	0.00768	0.00545	0.00516	0.00150	0.00886	0.00402	0.00282	0.00720
17	0.01148	0.10721	0.70137	0.01515	0.02299	0.01377	0.01936	0.01744	0.01165	0.01709	0.00971	0.01141	0.00702	0.00521	0.00509	0.00170	0.00796	0.00398	0.00234	0.00808
18	0.01279	0.00639	0.00857	0.00835	0.01005	0.00573	0.00612	0.01420	0.01255	0.26689	0.05086	0.49927	0.04838	0.01360	0.00654	0.00205	0.00368	0.01209	0.00574	0.00616
19	0.00664	0.00525	0.00599	0.00658	0.00774	0.00459	0.00464	0.00784	0.01169	0.01458	0.04431	0.39831	0.43117	0.01556	0.00679	0.00204	0.00299	0.01356	0.00514	0.00459
20	0.17699	0.02412	0.57196	0.01462	0.02168	0.01285	0.06849	0.01730	0.01134	0.01901	0.00958	0.01138	0.00691	0.00520	0.00499	0.00175	0.00749	0.00405	0.00259	0.00770
21	0.01832	0.01662	0.01798	0.07294	0.21630	0.16521	0.01260	0.36556	0.01946	0.02488	0.01138	0.01286	0.00866	0.00594	0.00542	0.00162	0.00707	0.00469	0.00407	0.00844
22	0.01406	0.00953	0.01617	0.01295	0.01611	0.00950	0.19451	0.01771	0.06418	0.21461	0.01630	0.01920	0.01265	0.02079	0.32971	0.00476	0.01007	0.00601	0.00413	0.00702
23	0.00843	0.00686	0.01029	0.26852	0.01872	0.00749	0.00929	0.01065	0.01132	0.01470	0.02479	0.34462	0.06540	0.01282	0.00665	0.00216	0.00497	0.16289	0.00424	0.00518
24	0.01751	0.01980	0.26914	0.01444	0.04394	0.01561	0.01404	0.48448	0.02084	0.02859	0.01209	0.01278	0.00860	0.00613	0.00545	0.00169	0.00680	0.00469	0.00439	0.00899
25	0.01242	0.01949	0.27968	0.02083	0.02729	0.01363	0.50827	0.01767	0.01261	0.01767	0.01078	0.01386	0.00794	0.00487	0.00611	0.00183	0.00895	0.00572	0.00265	0.00771
26	0.01131	0.01224	0.00924	0.00921	0.01087	0.26306	0.00668	0.01257	0.01295	0.01421	0.03152	0.29635	0.26403	0.01241	0.00621	0.00185	0.00533	0.01039	0.00438	0.00519
27	0.04517	0.58501	0.21379	0.01096	0.01650	0.01931	0.01207	0.01681	0.01129	0.01459	0.00826	0.00959	0.00704	0.00488	0.00397	0.00135	0.00642	0.00324	0.00240	0.00733
28	0.03558	0.00949	0.06636	0.01106	0.01384	0.00801	0.15934	0.01311	0.03383	0.02107	0.51677	0.03233	0.03774	0.00924	0.00632	0.00177	0.00448	0.00857	0.00506	0.00601
29	0.00685	0.00490	0.00652	0.00764	0.00806	0.00457	0.00515	0.00796	0.01107	0.01488	0.09861	0.73153	0.03807	0.01679	0.00702	0.00220	0.00316	0.01522	0.00523	0.00457
30	0.01249	0.01198	0.02061	0.31404	0.47816	0.01287	0.03785	0.01597	0.01206	0.01662	0.01023	0.01413	0.00825	0.00515	0.00553	0.00173	0.00696	0.00498	0.00264	0.00777
31	0.01509	0.00993	0.01551	0.53248	0.03029	0.01126	0.01307	0.04576	0.01304	0.23875	0.01351	0.01591	0.00932	0.00597	0.00555	0.00180	0.00655	0.00511	0.00387	0.00724
32	0.01234	0.01259	0.03750	0.07157	0.12536	0.01570	0.03218	0.01521	0.05981	0.01495	0.00909	0.01316	0.00816	0.00833	0.01400	0.00220	0.53342	0.00498	0.00269	0.00673
33	0.00780	0.00568	0.00738	0.00721	0.00850	0.00526	0.00549	0.01025	0.01497	0.02085	0.62053	0.08337	0.09307	0.01215	0.00666	0.00185	0.00288	0.07506	0.00590	0.00514
34	0.01248	0.18849	0.36852	0.05819	0.02264	0.01445	0.16259	0.01704	0.01192	0.04007	0.01103	0.04830	0.00890	0.00565	0.00526	0.00168	0.00755	0.00497	0.00271	0.00757
35	0.01253	0.04229	0.25782	0.02065	0.02701	0.01389	0.50794	0.01765	0.01260	0.01754	0.01072	0.01378	0.00795	0.00485	0.00606	0.00181	0.00889	0.00569	0.00265	0.00768
36	0.00675	0.00482	0.00643	0.00771	0.00803	0.00450	0.00514	0.00771	0.01060	0.01414	0.03053	0.80175	0.03663	0.01735	0.00707	0.00225	0.00321	0.01574	0.00514	0.00450
37	0.01237	0.01171	0.01982	0.23099	0.52547	0.01233	0.01575	0.01560	0.01207	0.01678	0.01167	0.06891	0.01035	0.00596	0.00561	0.00174	0.00656	0.00568	0.00284	0.00779
38	0.03665	0.09061	0.45757	0.01325	0.01977	0.01241	0.01538	0.02041	0.04095	0.22089	0.01336	0.01364	0.00917	0.00573	0.00516	0.00170	0.00681	0.00444	0.00371	0.00839
39	0.01736	0.03667	0.24722	0.01211	0.01730	0.01166	0.01218	0.04307	0.21158	0.30563	0.01780	0.01674	0.01222	0.00648	0.00544	0.00175	0.00576	0.00522	0.00500	0.00881
40	0.01116	0.02281	0.52452	0.06959	0.02269	0.01334	0.04086	0.01613	0.01103	0.01637	0.01023	0.04187	0.00825	0.00657	0.00788	0.00191	0.16001	0.00481	0.00248	0.00747
41	0.01516	0.01175	0.03859	0.09279	0.02079	0.01127	0.24278	0.07593	0.08408	0.19000	0.05065	0.06778	0.03215	0.00815	0.03047	0.00205	0.00669	0.00678	0.00450	0.00764
42	0.01241	0.01174	0.01986	0.23097	0.52548	0.01236	0.01575	0.01570	0.01225	0.01707	0.03818	0.04157	0.01091	0.00574	0.00559	0.00172	0.00653	0.00548	0.00287	0.00781
43	0.01138	0.00679	0.00861	0.00859	0.01030	0.00648	0.00650	0.01443	0.09238	0.16726	0.04946	0.37661	0.10349	0.01347	0.00662	0.00209	0.00381	0.10013	0.00556	0.00605
44	0.01067	0.01609	0.26895	0.53434	0.03344	0.01249	0.01707	0.01528	0.01128	0.01528	0.00988	0.01375	0.00726	0.00545	0.00545	0.00182	0.00765	0.00465	0.00242	0.00683
45	0.04093	0.02111	0.50065	0.01356	0.01948	0.01100	0.03456	0.04047	0.01223	0.03925	0.03833	0.14708	0.01460	0.00793	0.00568	0.00186	0.00678	0.03382	0.00332	0.00734
46	0.01130	0.06906	0.73794	0.01546	0.02346	0.01333	0.01989	0.01749	0.01167	0.01731	0.00982	0.01155	0.00702	0.00523	0.00517	0.00172	0.00807	0.00403	0.00234	0.00813
47	0.01295	0.01375	0.01841	0.19007	0.02172	0.11441	0.09199	0.01512	0.01049	0.01402	0.00844	0.01274	0.00740	0.00771	0.01239	0.00211	0.43260	0.00488	0.00253	0.00628
48	0.04268	0.02833	0.26273	0.01212	0.01688	0.00972	0.05437	0.01834	0.01304	0.23816	0.01920	0.06248	0.03937	0.00817	0.00579	0.00187	0.00597	0.11892	0.03436	0.00753
49	0.04597	0.01351	0.01605	0.03320	0.01699	0.11299	0.13114	0.22259	0.06533	0.08745	0.01662	0.15531	0.01466	0.00810	0.00578	0.00178	0.00625	0.00705	0.03180	0.00744
50	0.01358	0.00766	0.00968	0.00870	0.01095	0.00738	0.00666	0.04501	0.10650	0.23200	0.26162	0.21355	0.03172	0.01087	0.00624	0.00187	0.00370	0.00949	0.00600	0.00682
51	0.01095	0.00989	0.06436	0.01106	0.01373	0.00886	0.10186	0.01665	0.18912	0.06934	0.18611	0.24505	0.02829	0.01058	0.00632	0.00193	0.00457	0.00961	0.00509	0.00662
52	0.01919	0.01401	0.15991	0.01319	0.04188	0.02179	0.08471	0.05458	0.02432	0.42939	0.01813	0.06586	0.01294	0.00691	0.00569	0.00176	0.00594	0.00596	0.00522	0.00861
53	0.01298	0.04771	0.24468	0.02771	0.52250	0.01340	0.01773	0.01714	0.01229	0.01774	0.01017	0.01293	0.00819	0.00502	0.00535	0.00166	0.00703	0.00461	0.00261	0.00854
54	0.01374	0.01219	0.01579	0.01881	0.26548	0.01337	0.01155	0.04146	0.46682	0.02151	0.01856	0.01977	0.01460	0.00693	0.00566	0.00182	0.00518	0.03347	0.00465	0.00864
55	0.03840	0.40952	0.38759	0.01244	0.01879	0.01727	0.01465	0.01703	0.01141	0.01556	0.00878	0.01024	0.00703	0.00500	0.00437	0.00147	0.00696	0.00351	0.00239	0.00759
56	0.04264	0.01767	0.02126	0.10569	0.02280	0.27542	0.25582	0.03581	0.03593	0.01614	0.00992	0.01281	0.00791	0.00592	0.00725	0.00178	0.11054	0.00496	0.00290	0.00682
57	0.00939	0.00857	0.01577	0.01352	0.01583	0.00812	0.25361	0.01198	0.01196	0.01594	0.02381	0.35594	0.02607	0.01263	0.00704	0.00220	0.00572	0.19192	0.00435	0.00564
58	0.00661	0.00554	0.00574	0.00585	0.00756	0.00468	0.00433	0.00801	0.01254	0.01512	0.07702	0.12202	0.67755	0.01424	0.00659	0.00190	0.00284	0.01201	0.00517	0.00468
59	0.01132	0.01537	0.21872	0.01428	0.01769	0.03013	0.10530	0.01478	0.01176	0.02911	0.08396	0.02559	0.01674	0.00906	0.00949	0.00210	0.21790	0.15667	0.00343	0.00659
60	0.01627	0.03616	0.13623	0.01010	0.01372	0.00814	0.00920	0.01872	0.01328	0.37432	0.02234	0.27728	0.02002	0.01001	0.00595	0.00188	0.00482	0.00862	0.00541	0.00751
61	0.00682	0.00487	0.00650	0.00779	0.00814	0.00456	0.00526	0.00783	0.01067	0.01421	0.03049	0.77851	0.03648	0.01729	0.00709	0.00226	0.00327	0.03830	0.00514	0.00452
62	0.03200	0.01860	0.26960	0.01456	0.01997	0.01420	0.10865	0.17832	0.24255	0.02315	0.01460	0.01512	0.01069	0.00616	0.00556	0.00179	0.00665	0.00523	0.00411	0.00849
63	0.06112	0.09312	0.02891	0.27053	0.02288	0.06418	0.01148	0.15172	0.15611	0.06673	0.01319	0.01459	0.00981	0.00610	0.00520	0.00171	0.00628	0.00482	0.00395	0.00757
64	0.01111	0.02865	0.77667	0.01579	0.02397	0.01286	0.02046	0.01754	0.01169	0.01754	0.00994	0.01169	0.00702	0.00526	0.00526	0.00175	0.00818	0.00409	0.00234	0.00818
65	0.01608	0.01930	0.01260	0.01195	0.01408	0.52466	0.00881	0.01743	0.01428	0.01405	0.04043	0.20770	0.05776	0.00920	0.00564	0.00166	0.00770	0.00721	0.00364	0.00582
66	0.01228	0.00963	0.01273	0.01451	0.15982	0.01029	0.00928	0.01877	0.26064	0.08105	0.05649	0.23559	0.03125	0.01005	0.00674	0.00195	0.04806	0.00873	0.00487	0.00728
67	0.04223	0.01446	0.01620	0.01245	0.01683	0.01568	0.02913	0.59704	0.04653	0.13100	0.01451	0.01418	0.01010	0.00661	0.00552	0.00168	0.00590	0.00509	0.00559	0.00926
68	0.00980	0.00930	0.01223	0.01091	0.01159	0.01173	0.00884	0.01110	0.01022	0.01421	0.04980	0.07544	0.26330	0.01166	0.01325	0.00221	0.45738	0.00796	0.00361	0.00548
69	0.01440	0.01307	0.01955	0.02659	0.51995	0.01368	0.01443	0.08757	0.19348	0.02086	0.01359	0.01534	0.01078	0.00571	0.00552	0.00170	0.00601	0.00526	0.00369	0.00883
70	0.01439	0.04493	0.31577	0.02119	0.27029	0.01291	0.06544	0.04667	0.02337	0.11466	0.01192	0.01358	0.00877	0.00538	0.00542	0.00170	0.00708	0.00475	0.00325	0.00851
71	0.01395	0.00755	0.01041	0.11393	0.01430	0.00746	0.00762	0.03796	0.01274	0.26715	0.04493	0.29878	0.02258	0.09101	0.00861	0.00230	0.01767	0.00945	0.00517	0.00644
72	0.01874	0.28611	0.02012	0.01268	0.01616	0.53041	0.01029	0.02028	0.01422	0.01338	0.00827	0.00962	0.00713	0.00539	0.00452	0.00135	0.00864	0.00337	0.00269	0.00665
73	0.01234	0.28119	0.52156	0.01387	0.02089	0.01582	0.02950	0.01723	0.01157	0.01608	0.00924	0.01084	0.00707	0.00508	0.00473	0.00157	0.00747	0.00377	0.00236	0.00782
74	0.01037	0.01041	0.02027	0.19471	0.02412	0.01046	0.33429	0.01359	0.01179	0.01572	0.01731	0.27611	0.01754	0.00908	0.00648	0.00199	0.00686	0.00922	0.00350	0.00618
75	0.00707	0.00505	0.00680	0.00808	0.00854	0.00478	0.00570	0.00827	0.01092	0.01450	0.03035	0.69252	0.03593	0.01705	0.00715	0.00229	0.00349	0.12180	0.00513	0.00459
76	0.09395	0.01355	0.01947	0.01492	0.01909	0.03364	0.25498	0.22404	0.14173	0.02430	0.07353	0.01768	0.03034	0.00650	0.00577	0.00178	0.00647	0.00603	0.00441	0.00783
77	0.04176	0.01091	0.01608	0.07731	0.01746	0.04029	0.12904	0.01737	0.02830	0.20373	0.06039	0.09570	0.03777	0.00848	0.00876	0.00196	0.18666	0.00682	0.00427	0.00695
78	0.01011	0.06903	0.45131	0.01197	0.01768	0.03426	0.01409	0.01444	0.01210	0.01628	0.02509	0.02528	0.25986	0.00815	0.00557	0.00175	0.00631	0.00653	0.00329	0.00690
79	0.01740	0.01665	0.01727	0.01433	0.01725	0.26285	0.11092	0.02172	0.13848	0.14107	0.01318	0.01435	0.01005	0.00689	0.00815	0.00182	0.17136	0.00502	0.00388	0.00738
80	0.04179	0.01649	0.26616	0.01193	0.01704	0.01128	0.01221	0.13558	0.06815	0.23428	0.11238	0.01833	0.01577	0.00686	0.00553	0.00173	0.00578	0.00553	0.00486	0.00832
81	0.28987	0.10043	0.06566	0.14151	0.05691	0.01352	0.10999	0.01719	0.01128	0.09314	0.01017	0.01225	0.00769	0.00548	0.00533	0.00173	0.04334	0.00429	0.00325	0.00696
82	0.00858	0.00584	0.00806	0.00807	0.00908	0.00591	0.04595	0.01043	0.01079	0.01631	0.02262	0.37500	0.02383	0.01599	0.10795	0.00279	0.02716	0.01014	0.28053	0.00498
83	0.01028	0.00656	0.00852	0.00873	0.01002	0.00651	0.00648	0.01314	0.08554	0.11587	0.08803	0.46336	0.03159	0.01408	0.00708	0.00214	0.02788	0.08302	0.00541	0.00573
84	0.01161	0.04623	0.73589	0.01546	0.02344	0.01293	0.01983	0.01781	0.01181	0.04059	0.01025	0.01185	0.00722	0.00530	0.00523	0.00174	0.00803	0.00411	0.00248	0.00820
85	0.01420	0.01452	0.01842	0.27536	0.27417	0.15384	0.02649	0.05192	0.05968	0.01691	0.01069	0.01376	0.00850	0.00566	0.00586	0.00172	0.03315	0.00479	0.00297	0.00740
86	0.00782	0.00544	0.00660	0.00667	0.00782	0.00515	0.00485	0.00972	0.01255	0.01771	0.27617	0.16484	0.17802	0.05823	0.07912	0.00264	0.00402	0.01004	0.13774	0.00486
87	0.03901	0.01217	0.01673	0.01738	0.20089	0.09139	0.09187	0.02020	0.01388	0.30631	0.01725	0.11876	0.01403	0.00736	0.00574	0.00175	0.00603	0.00658	0.00466	0.00800
88	0.04438	0.01722	0.21086	0.02075	0.22236	0.04181	0.16893	0.03794	0.02378	0.12750	0.02369	0.01440	0.00960	0.00545	0.00559	0.00173	0.00723	0.00513	0.00344	0.00822
89	0.00910	0.00760	0.00900	0.03337	0.01126	0.06070	0.00737	0.01181	0.06356	0.01491	0.02343	0.30517	0.02530	0.02139	0.21053	0.00396	0.00735	0.16461	0.00435	0.00523
90	0.03513	0.02671	0.70138	0.01506	0.02277	0.01245	0.01912	0.01777	0.01192	0.05298	0.02838	0.01265	0.00837	0.00548	0.00525	0.00175	0.00778	0.00427	0.00267	0.00811
91	0.01356	0.01665	0.12635	0.10558	0.02526	0.09077	0.35914	0.08628	0.01390	0.01818	0.01216	0.07108	0.01011	0.00614	0.00622	0.00182	0.02021	0.00622	0.00313	0.00726
92	0.01228	0.02370	0.51994	0.01782	0.02506	0.01301	0.24038	0.01800	0.01228	0.04946	0.01082	0.01297	0.00772	0.00515	0.00566	0.00179	0.00839	0.00489	0.00267	0.00802
93	0.00694	0.00548	0.00632	0.00689	0.00820	0.00486	0.00515	0.00837	0.01203	0.01494	0.04463	0.28138	0.44426	0.01521	0.00686	0.00208	0.00325	0.11336	0.00514	0.00468
94	0.01333	0.01388	0.02304	0.20351	0.24686	0.07115	0.23222	0.03392	0.01260	0.01675	0.01019	0.01390	0.00811	0.00548	0.00679	0.00180	0.07102	0.00530	0.00274	0.00740
95	0.01421	0.07793	0.10813	0.09668	0.07389	0.06247	0.23528	0.06682	0.07336	0.06518	0.01333	0.04755	0.01075	0.00617	0.00573	0.00176	0.00735	0.02235	0.00349	0.00759
96	0.00891	0.00823	0.01525	0.01299	0.01509	0.00772	0.25409	0.01115	0.01148	0.01540	0.02405	0.52213	0.02710	0.01307	0.00690	0.00213	0.00530	0.02916	0.00436	0.00550
97	0.01231	0.01294	0.01575	0.27070	0.02235	0.13817	0.03613	0.01455	0.01129	0.01421	0.03664	0.01768	0.08349	0.00798	0.00998	0.00198	0.27937	0.00555	0.00290	0.00603
98	0.01329	0.02818	0.29338	0.19725	0.05240	0.01248	0.11263	0.01809	0.03526	0.11865	0.02251	0.01454	0.00920	0.00579	0.00613	0.00181	0.04252	0.00500	0.00321	0.00767
99	0.01367	0.07586	0.30328	0.13657	0.02505	0.09618	0.16019	0.09137	0.01371	0.01806	0.01021	0.01259	0.00761	0.00534	0.00543	0.00171	0.00811	0.00466	0.00283	0.00759
100	0.01072	0.01006	0.01429	0.01267	0.01300	0.01363	0.01039	0.01219	0.00862	0.01317	0.00978	0.01532	0.00945	0.02027	0.27223	0.00457	0.53614	0.00521	0.00260	0.00569
101	0.01346	0.02279	0.51848	0.01430	0.03105	0.03028	0.01645	0.06013	0.05466	0.10997	0.03102	0.04908	0.01092	0.00634	0.00544	0.00176	0.00711	0.00510	0.00348	0.00817
102	0.04641	0.04996	0.01800	0.30637	0.06313	0.08003	0.08765	0.13279	0.03112	0.09024	0.01226	0.03627	0.00942	0.00606	0.00547	0.00174	0.00695	0.00521	0.00362	0.00731
103	0.01274	0.01710	0.15267	0.02196	0.02787	0.01388	0.61877	0.01763	0.01276	0.01763	0.01093	0.01436	0.00816	0.00486	0.00655	0.00186	0.02391	0.00611	0.00272	0.00756
104	0.00737	0.00530	0.00700	0.00742	0.00827	0.00493	0.00531	0.00922	0.01324	0.01831	0.40398	0.39256	0.04439	0.01423	0.00682	0.00200	0.00297	0.03618	0.00562	0.00489
105	0.10298	0.10189	0.33448	0.01131	0.01663	0.01205	0.01257	0.06455	0.01276	0.10151	0.01254	0.01371	0.00918	0.00568	0.00467	0.00159	0.00593	0.00428	0.16421	0.00747
106	0.01302	0.15542	0.36305	0.06628	0.04563	0.02777	0.04387	0.01926	0.12366	0.04852	0.01188	0.01323	0.00893	0.00570	0.00550	0.00170	0.03113	0.00448	0.00307	0.00790
107	0.00748	0.00534	0.00719	0.00831	0.00896	0.00511	0.00616	0.00898	0.01148	0.01528	0.08116	0.51425	0.03583	0.04197	0.00788	0.00240	0.00378	0.21861	0.00514	0.00468
108	0.01142	0.00974	0.01467	0.01400	0.08970	0.01089	0.08399	0.03732	0.01187	0.06290	0.07191	0.09643	0.13119	0.01230	0.06395	0.00253	0.23516	0.02984	0.00391	0.00627
109	0.02000	0.27568	0.01924	0.01173	0.06124	0.05741	0.00948	0.07951	0.03589	0.35411	0.01506	0.01435	0.01060	0.00597	0.00486	0.00152	0.00562	0.00453	0.00475	0.00843
110	0.01343	0.01631	0.27441	0.01164	0.01615	0.01114	0.01184	0.21456	0.01558	0.06725	0.03514	0.12840	0.06267	0.06422	0.00729	0.00204	0.00589	0.00698	0.02768	0.00737
111	0.01685	0.01450	0.01726	0.01929	0.26636	0.08506	0.01215	0.34499	0.01890	0.02487	0.01585	0.01883	0.06351	0.00702	0.00567	0.00170	0.00633	0.04822	0.00431	0.00834
112	0.05506	0.08263	0.40002	0.01264	0.01836	0.01281	0.01416	0.01954	0.18481	0.04210	0.03996	0.01746	0.06396	0.00658	0.00526	0.00174	0.00627	0.00521	0.00361	0.00782
113	0.04239	0.02063	0.44248	0.01363	0.02013	0.01139	0.03935	0.04297	0.01353	0.27871	0.01411	0.01422	0.00940	0.00583	0.00536	0.00174	0.00684	0.00467	0.00404	0.00856
114	0.00694	0.00498	0.00675	0.00792	0.00833	0.00479	0.00545	0.00805	0.01053	0.01411	0.02903	0.70185	0.03435	0.01951	0.07878	0.00287	0.00436	0.04190	0.00494	0.00456
115	0.01182	0.01726	0.27102	0.26678	0.29203	0.01279	0.01764	0.01628	0.01182	0.01667	0.01008	0.01337	0.00775	0.00523	0.00543	0.00174	0.00737	0.00465	0.00252	0.00775
116	0.04656	0.02636	0.03247	0.00817	0.00996	0.00722	0.00629	0.06786	0.05468	0.04230	0.07379	0.39594	0.18060	0.01339	0.00638	0.00199	0.00370	0.01166	0.00508	0.00560
117	0.01687	0.01237	0.04118	0.24893	0.14877	0.05972	0.08525	0.02000	0.01348	0.27680	0.01412	0.01562	0.00986	0.00581	0.00559	0.00174	0.00671	0.00519	0.00407	0.00792
118	0.01617	0.01896	0.01388	0.01361	0.05898	0.48027	0.00972	0.01773	0.01319	0.01346	0.01071	0.01484	0.00970	0.06987	0.18844	0.00349	0.03355	0.00455	0.00290	0.00599
119	0.01300	0.16544	0.46507	0.01310	0.01941	0.01340	0.01543	0.01798	0.03293	0.09299	0.01169	0.01314	0.00868	0.00790	0.05802	0.00212	0.00759	0.00426	0.03005	0.00781
120	0.01126	0.01760	0.29651	0.01612	0.02134	0.01170	0.25009	0.01702	0.09096	0.01752	0.01552	0.11544	0.01395	0.03155	0.00676	0.00202	0.00728	0.04674	0.00337	0.00724
121	0.00683	0.00488	0.00652	0.00781	0.00816	0.00457	0.00529	0.00785	0.01069	0.01423	0.03048	0.77361	0.03645	0.01727	0.00709	0.00226	0.00328	0.04307	0.00514	0.00452
122	0.01046	0.01650	0.28257	0.01599	0.03811	0.01062	0.24408	0.01462	0.01206	0.01696	0.05505	0.22316	0.01766	0.00858	0.00621	0.00192	0.00690	0.00826	0.00343	0.00685
123	0.04123	0.01107	0.01664	0.01337	0.02964	0.01105	0.18619	0.11624	0.12916	0.16521	0.10320	0.09240	0.04314	0.00801	0.00602	0.00183	0.00554	0.00737	0.00505	0.00766
124	0.01558	0.10768	0.10634	0.03973	0.01668	0.01134	0.08833	0.03700	0.09462	0.23897	0.14557	0.04048	0.01880	0.00724	0.00560	0.00171	0.00545	0.00625	0.00486	0.00775
125	0.01571	0.01258	0.01316	0.01139	0.01338	0.14372	0.00911	0.09977	0.01341	0.14037	0.01359	0.03760	0.01113	0.01241	0.11587	0.00280	0.21420	0.00526	0.10781	0.00674
126	0.01404	0.08382	0.20821	0.16750	0.10493	0.06698	0.13295	0.01850	0.04079	0.09278	0.01157	0.01373	0.00856	0.00542	0.00543	0.00171	0.00749	0.00483	0.00310	0.00767
127	0.01146	0.05351	0.23188	0.03822	0.14509	0.01176	0.15299	0.01592	0.03488	0.01715	0.01568	0.06679	0.01466	0.00789	0.00607	0.00193	0.00698	0.15661	0.00332	0.00722
128	0.01039	0.01032	0.01914	0.15462	0.02186	0.01091	0.27981	0.01322	0.01132	0.01535	0.01689	0.27577	0.01745	0.00966	0.00798	0.00206	0.10462	0.00909	0.00347	0.00607
129	0.03846	0.02537	0.02117	0.07918	0.02155	0.01168	0.35466	0.08974	0.01378	0.04794	0.01620	0.09198	0.03662	0.00714	0.00601	0.00183	0.00684	0.03752	0.08546	0.00689
130	0.01481	0.07223	0.16329	0.01333	0.07007	0.15176	0.01138	0.10629	0.06478	0.07354	0.10920	0.07288	0.03777	0.00757	0.00551	0.00168	0.00629	0.00611	0.00414	0.00738
131	0.01402	0.20387	0.20436	0.01352	0.04226	0.01423	0.08659	0.06271	0.03256	0.09640	0.10798	0.01631	0.01413	0.00645	0.00610	0.00166	0.06044	0.00517	0.00364	0.00757
132	0.01243	0.01642	0.21992	0.01540	0.01959	0.03758	0.18928	0.06575	0.01222	0.04028	0.01204	0.04331	0.01017	0.03017	0.12718	0.00306	0.12945	0.00567	0.00306	0.00702
133	0.04047	0.18542	0.21587	0.03798	0.06611	0.07067	0.16788	0.04057	0.03532	0.01717	0.01142	0.01564	0.00952	0.00586	0.00530	0.00169	0.00744	0.05530	0.00294	0.00743
134	0.01040	0.01000	0.04002	0.03892	0.09262	0.00901	0.22675	0.01349	0.01340	0.04194	0.22863	0.11340	0.11894	0.00922	0.00639	0.00184	0.00547	0.00884	0.00436	0.00635
135	0.00866	0.00704	0.01013	0.03655	0.13787	0.00702	0.00818	0.01093	0.03332	0.01542	0.02805	0.32837	0.12848	0.01628	0.08492	0.00279	0.00534	0.12067	0.00445	0.00555
136	0.01214	0.01876	0.28764	0.01716	0.02269	0.05025	0.30202	0.04069	0.03053	0.01814	0.06423	0.08299	0.01350	0.00660	0.00601	0.00182	0.00776	0.00650	0.00322	0.00735
137	0.28987	0.01020	0.01269	0.01057	0.01354	0.02512	0.10034	0.02681	0.03475	0.14793	0.08343	0.11990	0.03082	0.00812	0.00616	0.00186	0.06023	0.00661	0.00444	0.00661
138	0.01244	0.01916	0.27809	0.03971	0.11650	0.01349	0.40342	0.01750	0.01251	0.01763	0.01066	0.01371	0.00796	0.00492	0.00596	0.00180	0.00858	0.00550	0.00263	0.00783
139	0.01132	0.01219	0.00929	0.00933	0.01090	0.26305	0.00674	0.01256	0.01283	0.01416	0.03002	0.34043	0.22092	0.01260	0.00624	0.00188	0.00535	0.01063	0.00438	0.00518
140	0.04989	0.13157	0.01720	0.01186	0.01475	0.01555	0.03239	0.27380	0.02572	0.06130	0.03505	0.03319	0.01139	0.06305	0.00986	0.00206	0.19463	0.00528	0.00407	0.00740
141	0.01476	0.01021	0.06126	0.01362	0.14327	0.00893	0.02547	0.03208	0.06372	0.23634	0.04114	0.07726	0.01691	0.21672	0.01163	0.00272	0.00537	0.00692	0.00460	0.00708
142	0.00675	0.00482	0.00643	0.00771	0.00803	0.00450	0.00514	0.00771	0.01060	0.01414	0.03053	0.80175	0.03663	0.01735	0.00707	0.00225	0.00321	0.01574	0.00514	0.00450
143	0.01602	0.04530	0.07101	0.01826	0.02292	0.25928	0.36113	0.07081	0.04803	0.01768	0.01082	0.01311	0.00832	0.00530	0.00576	0.00168	0.00891	0.00520	0.00309	0.00736
144	0.02647	0.01812	0.32852	0.03898	0.03391	0.01145	0.14006	0.05952	0.01333	0.14413	0.01501	0.09129	0.01231	0.00705	0.00579	0.00184	0.00698	0.03371	0.00375	0.00778
145	0.01215	0.23725	0.55733	0.01429	0.02148	0.01532	0.03624	0.01729	0.01161	0.01634	0.00937	0.01102	0.00708	0.00511	0.00484	0.00160	0.00761	0.00385	0.00236	0.00788
146	0.00806	0.00629	0.00744	0.00750	0.00901	0.00604	0.00567	0.01153	0.09990	0.01825	0.27351	0.17587	0.25549	0.01310	0.00663	0.00196	0.00321	0.07971	0.00550	0.00534
147	0.01522	0.01234	0.05665	0.01371	0.09107	0.07708	0.07424	0.09031	0.05896	0.17446	0.19643	0.07635	0.02240	0.00810	0.00591	0.00175	0.00547	0.00709	0.00499	0.00747
148	0.01605	0.01740	0.28474	0.01600	0.05176	0.01122	0.18743	0.02029	0.01339	0.26882	0.01508	0.04816	0.01088	0.00615	0.00575	0.00178	0.00703	0.00568	0.00408	0.00830
149	0.01907	0.00806	0.01096	0.00926	0.01237	0.00711	0.00741	0.02104	0.01461	0.52290	0.07604	0.17467	0.02208	0.00978	0.00607	0.00188	0.00430	0.05816	0.00635	0.00788
150	0.01101	0.01026	0.01748	0.58706	0.11593	0.01214	0.06003	0.01458	0.01134	0.01523	0.01049	0.01499	0.00806	0.00559	0.00580	0.00180	0.02734	0.00504	0.05936	0.00645
151	0.01205	0.02733	0.68577	0.01616	0.04766	0.03641	0.01949	0.05959	0.01266	0.01843	0.01010	0.01180	0.00721	0.00534	0.00528	0.00174	0.00807	0.00415	0.00255	0.00822
152	0.01053	0.01028	0.01446	0.19598	0.11924	0.04241	0.04722	0.01321	0.03082	0.01518	0.02514	0.02689	0.26054	0.00906	0.00824	0.00192	0.15203	0.00721	0.00350	0.00614
153	0.00819	0.00521	0.00631	0.00706	0.00775	0.00504	0.00486	0.02842	0.01121	0.01644	0.02610	0.53338	0.02897	0.03804	0.00676	0.00205	0.00317	0.01219	0.24406	0.00478
154	0.03635	0.01881	0.28726	0.01340	0.03332	0.03737	0.01342	0.24239	0.06140	0.15569	0.03700	0.01480	0.01091	0.00628	0.00541	0.00171	0.00648	0.00491	0.00446	0.00862
155	0.01808	0.01127	0.06875	0.01119	0.01493	0.03415	0.06378	0.06370	0.04969	0.38840	0.05206	0.14932	0.01828	0.00865	0.00593	0.00183	0.00522	0.02117	0.00561	0.00799
156	0.04090	0.09280	0.23987	0.01423	0.03703	0.03369	0.01379	0.11004	0.03605	0.03760	0.00984	0.01217	0.00792	0.00704	0.00958	0.00191	0.28059	0.00444	0.00306	0.00745
157	0.01461	0.28095	0.19996	0.01538	0.02113	0.01566	0.24767	0.01842	0.01249	0.10708	0.01103	0.01265	0.00829	0.00509	0.00514	0.00160	0.00738	0.00467	0.00304	0.00775
158	0.01316	0.01495	0.23873	0.01369	0.01825	0.00993	0.13774	0.03577	0.01327	0.15313	0.04549	0.10858	0.01800	0.00889	0.00623	0.00197	0.00639	0.14433	0.00426	0.00723
159	0.01224	0.01774	0.27214	0.19775	0.28576	0.01302	0.07094	0.03401	0.01231	0.01739	0.01025	0.01336	0.00786	0.00520	0.00550	0.00174	0.00748	0.00477	0.00262	0.00791

[dist]
# distance from previous block
# <min> <max>
2	12

[block]
# block no. 4 follows, 43 sequences, length 89
# corresponding to MSA columns:
# 412-500
name=unknown_E
#
# <colnr> <probs for GDERKNQSTAVLIFYWHMCP>
#	G	D	E	R	K	N	Q	S	T	A	V	L	I	F	Y	W	H	M	C	P
0	0.01244	0.24996	0.40342	0.01556	0.05945	0.01537	0.10861	0.01703	0.01192	0.01645	0.03479	0.01239	0.00882	0.00522	0.00498	0.00160	0.00741	0.00432	0.00255	0.00772
1	0.18419	0.00957	0.04238	0.06555	0.01318	0.03702	0.02418	0.08824	0.01232	0.01875	0.02088	0.40299	0.03667	0.01155	0.00587	0.00198	0.00462	0.00996	0.00438	0.00574
2	0.00712	0.00551	0.00680	0.04037	0.00919	0.00509	0.00530	0.00864	0.01213	0.01572	0.16275	0.33729	0.28706	0.04340	0.00752	0.00214	0.00328	0.03083	0.00512	0.00473
3	0.01480	0.09433	0.34091	0.01655	0.05354	0.25383	0.11486	0.01888	0.01313	0.01595	0.00950	0.01144	0.00732	0.00526	0.00521	0.00161	0.00863	0.00419	0.00258	0.00747
4	0.01733	0.08978	0.17799	0.01514	0.01984	0.35564	0.11614	0.07898	0.01495	0.04915	0.01009	0.01159	0.00775	0.00551	0.00521	0.00157	0.00864	0.00424	0.00308	0.00736
5	0.00681	0.00485	0.00641	0.00763	0.00793	0.00454	0.00505	0.00773	0.01047	0.01396	0.02986	0.76261	0.03579	0.05764	0.00815	0.00241	0.00332	0.01535	0.00505	0.00444
6	0.01031	0.00996	0.01799	0.10504	0.12060	0.00970	0.23797	0.01351	0.01325	0.01793	0.20848	0.06700	0.12726	0.00844	0.00631	0.00182	0.00582	0.00820	0.00403	0.00639
7	0.04944	0.01499	0.05411	0.09674	0.19193	0.20246	0.03380	0.03179	0.01354	0.04758	0.04629	0.03761	0.14194	0.00739	0.00556	0.00169	0.00662	0.00613	0.00357	0.00684
8	0.01360	0.02087	0.35213	0.01506	0.06624	0.08653	0.03010	0.09726	0.17720	0.02011	0.01553	0.01616	0.05184	0.00640	0.00546	0.00174	0.00693	0.00513	0.00363	0.00810
9	0.34266	0.01917	0.01220	0.01107	0.01407	0.44164	0.00851	0.01936	0.01303	0.01834	0.00871	0.01014	0.00705	0.00552	0.00432	0.00153	0.00738	0.00343	0.04568	0.00619
10	0.03311	0.07755	0.11729	0.24303	0.02300	0.09208	0.01241	0.06370	0.02997	0.23455	0.01344	0.01450	0.00940	0.00593	0.00526	0.00169	0.00667	0.00470	0.00401	0.00771
11	0.01670	0.26581	0.16529	0.01204	0.01716	0.01711	0.01183	0.28244	0.08537	0.05722	0.01214	0.01253	0.00911	0.00587	0.00487	0.00155	0.00622	0.00432	0.00400	0.00840
12	0.00682	0.00487	0.00646	0.00765	0.00800	0.00455	0.00511	0.00783	0.01076	0.01439	0.06036	0.75428	0.03691	0.03400	0.00750	0.00230	0.00323	0.01535	0.00514	0.00450
13	0.02882	0.01014	0.01470	0.03508	0.34720	0.02932	0.01116	0.06311	0.01293	0.01767	0.02149	0.24774	0.09215	0.00995	0.00607	0.00188	0.00520	0.03456	0.00396	0.00687
14	0.13947	0.02843	0.31145	0.06429	0.01891	0.02247	0.01311	0.03494	0.02884	0.22645	0.01413	0.05075	0.01038	0.00634	0.00516	0.00175	0.00623	0.00498	0.00403	0.00789
15	0.01435	0.34686	0.07011	0.01637	0.02152	0.08422	0.33825	0.01763	0.01247	0.01541	0.00945	0.01181	0.00768	0.00482	0.00509	0.00154	0.00791	0.00466	0.00260	0.00727
16	0.00767	0.00559	0.00724	0.00714	0.00836	0.00516	0.00534	0.01000	0.01469	0.02044	0.59118	0.13980	0.09464	0.01246	0.00666	0.00186	0.00283	0.04799	0.00586	0.00509
17	0.04366	0.02921	0.04710	0.15741	0.15953	0.13604	0.02740	0.08398	0.05638	0.07292	0.09024	0.03418	0.01432	0.00669	0.00551	0.00170	0.00650	0.01605	0.00385	0.00733
18	0.01095	0.01309	0.12020	0.01510	0.04496	0.04702	0.22324	0.01491	0.04948	0.01552	0.01322	0.01837	0.01138	0.06541	0.30642	0.00473	0.01075	0.00585	0.00298	0.00642
19	0.00688	0.00488	0.00639	0.00754	0.00783	0.00459	0.00496	0.00775	0.01034	0.01379	0.02917	0.72249	0.03492	0.09894	0.00926	0.00257	0.00344	0.01495	0.00496	0.00438
20	0.01321	0.01300	0.02319	0.12739	0.57403	0.01317	0.12070	0.01675	0.01248	0.01755	0.01046	0.01401	0.00855	0.00497	0.00564	0.00170	0.00707	0.00516	0.00271	0.00826
21	0.01465	0.01193	0.05989	0.09436	0.12829	0.02399	0.14055	0.01866	0.07043	0.19697	0.02112	0.04074	0.12080	0.00736	0.00616	0.00181	0.02375	0.00664	0.00430	0.00760
22	0.01307	0.01494	0.03268	0.02334	0.02894	0.01401	0.75070	0.01774	0.01307	0.01774	0.01120	0.01494	0.00840	0.00467	0.00654	0.00187	0.00934	0.00654	0.00280	0.00747
23	0.01454	0.00764	0.00914	0.00779	0.01071	0.00674	0.00622	0.05404	0.01465	0.31314	0.05517	0.03776	0.39825	0.01082	0.00614	0.00181	0.00378	0.02898	0.00585	0.00680
24	0.01143	0.08382	0.70274	0.01555	0.02341	0.01354	0.03998	0.01748	0.01170	0.01722	0.00981	0.01158	0.00706	0.00521	0.00518	0.00172	0.00806	0.00408	0.00235	0.00809
25	0.01185	0.02073	0.38013	0.05456	0.04119	0.01337	0.29435	0.01697	0.01197	0.01713	0.01066	0.02914	0.00821	0.00558	0.00664	0.00185	0.06009	0.00535	0.00259	0.00762
26	0.01481	0.80869	0.02902	0.00948	0.01421	0.02191	0.00948	0.01658	0.01125	0.01303	0.00770	0.00888	0.00711	0.00474	0.00355	0.00118	0.00592	0.00296	0.00237	0.00711
27	0.01770	0.00824	0.01122	0.01009	0.01304	0.00761	0.00855	0.04029	0.01476	0.41856	0.02492	0.03800	0.02163	0.01059	0.00649	0.00208	0.00492	0.32775	0.00604	0.00751
28	0.00722	0.00516	0.00697	0.00825	0.00878	0.00490	0.00596	0.00853	0.01107	0.01466	0.03027	0.64186	0.03560	0.01691	0.00719	0.00231	0.00362	0.17099	0.00513	0.00463
29	0.01760	0.01155	0.01573	0.27813	0.10110	0.03757	0.01194	0.15654	0.01569	0.25579	0.01446	0.01565	0.01004	0.00612	0.00548	0.00172	0.00619	0.00510	0.02557	0.00804
30	0.00791	0.00593	0.00890	0.00890	0.00989	0.00692	0.00692	0.00989	0.00890	0.01286	0.01483	0.02176	0.01385	0.04154	0.78341	0.00890	0.01483	0.00593	0.00297	0.00494
31	0.21143	0.00806	0.00932	0.00797	0.01073	0.00786	0.00634	0.01713	0.01425	0.26405	0.34870	0.02648	0.02894	0.00843	0.00549	0.00173	0.00368	0.00693	0.00571	0.00675
32	0.01209	0.02082	0.36148	0.01971	0.02635	0.01332	0.41362	0.01746	0.01242	0.01758	0.01100	0.02815	0.00831	0.00517	0.00598	0.00182	0.00871	0.00563	0.00264	0.00773
33	0.01111	0.02865	0.77667	0.01579	0.02397	0.01286	0.02046	0.01754	0.01169	0.01754	0.00994	0.01169	0.00702	0.00526	0.00526	0.00175	0.00818	0.00409	0.00234	0.00818
