[name]
unknown

[dist]
# distance from previous block
# <min> <max>
0	1378

[block]
# block no. 0 follows, 49 sequences, length 6
# corresponding to MSA columns:
# 1455-1460
name=unknown_A
#
# <colnr> <probs for GDERKNQSTAVLIFYWHMCP>
#	G	D	E	R	K	N	Q	S	T	A	V	L	I	F	Y	W	H	M	C	P
0	0.00970	0.00898	0.01543	0.51707	0.08799	0.01033	0.07918	0.01291	0.01069	0.01394	0.01277	0.02231	0.01149	0.00676	0.00553	0.00180	0.00641	0.15820	0.00279	0.00571
1	0.01311	0.00998	0.01686	0.40372	0.20576	0.01076	0.07205	0.01617	0.01147	0.17353	0.01144	0.01403	0.00829	0.00511	0.00512	0.00162	0.00621	0.00473	0.00315	0.00688
2	0.00762	0.00627	0.00678	0.00671	0.00762	0.05269	0.00474	0.00864	0.00915	0.01163	0.02425	0.03158	0.22483	0.29851	0.27199	0.00487	0.00733	0.00738	0.00336	0.00403
3	0.01303	0.01047	0.01937	0.38274	0.02754	0.01098	0.26632	0.01641	0.01161	0.17354	0.01164	0.01430	0.00823	0.00504	0.00537	0.00167	0.00684	0.00511	0.00317	0.00663
4	0.01231	0.00902	0.01347	0.01101	0.01372	0.00914	0.15151	0.01703	0.16922	0.16981	0.08946	0.08611	0.12552	0.00843	0.00652	0.00175	0.06746	0.02741	0.00457	0.00651
5	0.18394	0.02098	0.55249	0.05057	0.01952	0.01139	0.01512	0.01613	0.01045	0.06211	0.00928	0.01068	0.00658	0.00488	0.00449	0.00160	0.00653	0.00365	0.00258	0.00704

[dist]
# distance from previous block
# <min> <max>
0	1

[block]
# block no. 1 follows, 49 sequences, length 20
# corresponding to MSA columns:
# 1462-1481
name=unknown_B
#
# <colnr> <probs for GDERKNQSTAVLIFYWHMCP>
#	G	D	E	R	K	N	Q	S	T	A	V	L	I	F	Y	W	H	M	C	P
0	0.01299	0.08056	0.01209	0.01006	0.01227	0.24185	0.00768	0.06465	0.21361	0.01601	0.01739	0.25533	0.01707	0.00882	0.00520	0.00163	0.00539	0.00728	0.00401	0.00612
1	0.01047	0.07341	0.50099	0.01148	0.01715	0.01025	0.01373	0.01469	0.01116	0.07976	0.01936	0.01962	0.18351	0.00670	0.00499	0.00159	0.00596	0.00535	0.00306	0.00678
2	0.01431	0.01675	0.06654	0.07607	0.43203	0.27705	0.01369	0.01694	0.01231	0.01486	0.00888	0.01133	0.00732	0.00480	0.00485	0.00145	0.00719	0.00404	0.00250	0.00710
3	0.00690	0.00447	0.00561	0.00652	0.00701	0.00424	0.00443	0.00811	0.00989	0.01425	0.02530	0.63836	0.02882	0.01360	0.00580	0.00186	0.00280	0.01219	0.19560	0.00424
4	0.01032	0.00834	0.01298	0.50736	0.04346	0.00970	0.01126	0.06329	0.01123	0.06308	0.01416	0.19544	0.01328	0.00762	0.00537	0.00175	0.00563	0.00677	0.00324	0.00572
5	0.01193	0.01112	0.01267	0.18072	0.03830	0.13873	0.05612	0.07936	0.09532	0.04653	0.01838	0.19793	0.07485	0.00838	0.00543	0.00169	0.00554	0.00725	0.00378	0.00598
6	0.00655	0.00470	0.00602	0.00668	0.00710	0.00459	0.00447	0.00739	0.00911	0.01212	0.02528	0.47543	0.09002	0.19934	0.11368	0.00345	0.00472	0.01133	0.00407	0.00394
7	0.00643	0.00451	0.00579	0.00670	0.00692	0.00429	0.00433	0.00711	0.00916	0.01221	0.02518	0.64158	0.03004	0.19789	0.01081	0.00270	0.00338	0.01279	0.00433	0.00387
8	0.01213	0.00796	0.00903	0.00807	0.01012	0.07231	0.00629	0.01480	0.05793	0.20513	0.25131	0.02621	0.09171	0.01516	0.18534	0.00305	0.00604	0.00676	0.00474	0.00588
9	0.01088	0.14814	0.49912	0.01325	0.01854	0.01389	0.01539	0.01501	0.00995	0.01450	0.00820	0.01036	0.00647	0.00564	0.00722	0.00166	0.18900	0.00373	0.00216	0.00688
10	0.00940	0.00718	0.00806	0.00726	0.00928	0.00717	0.00560	0.09794	0.13979	0.03888	0.31454	0.03486	0.28028	0.01000	0.00571	0.00164	0.00311	0.00847	0.00517	0.00566
11	0.01186	0.64001	0.02184	0.00829	0.01170	0.01642	0.00776	0.01331	0.01014	0.01213	0.01173	0.19116	0.01257	0.00693	0.00397	0.00130	0.00485	0.00534	0.00273	0.00595
12	0.01101	0.01040	0.01926	0.15482	0.15378	0.01071	0.29666	0.01430	0.01102	0.01607	0.01111	0.01446	0.00871	0.00506	0.00567	0.00158	0.05017	0.00510	0.19386	0.00627
13	0.01186	0.01099	0.01698	0.05861	0.48151	0.01148	0.02789	0.01756	0.20438	0.01721	0.01380	0.08107	0.01192	0.00606	0.00518	0.00161	0.00533	0.00566	0.00334	0.00755
14	0.26935	0.01541	0.18882	0.01068	0.01497	0.04885	0.01030	0.24513	0.01436	0.08703	0.01013	0.01087	0.00731	0.00547	0.00490	0.00157	0.04022	0.00380	0.00368	0.00715
15	0.01637	0.01181	0.01298	0.01053	0.01372	0.01285	0.00844	0.58080	0.02035	0.04791	0.01590	0.19442	0.01431	0.00828	0.00537	0.00164	0.00494	0.00678	0.00501	0.00759
16	0.00998	0.06247	0.05934	0.00864	0.01096	0.00725	0.06128	0.04408	0.01167	0.11503	0.04260	0.32928	0.19511	0.01110	0.00575	0.00176	0.00398	0.00977	0.00445	0.00549
17	0.01069	0.02270	0.61896	0.01348	0.01991	0.01193	0.01627	0.01846	0.18471	0.01717	0.01167	0.01252	0.00844	0.00527	0.00488	0.00163	0.00669	0.00418	0.00281	0.00759
18	0.00943	0.00471	0.00471	0.00471	0.00589	0.00471	0.00353	0.01178	0.01060	0.01885	0.01650	0.01885	0.01296	0.00589	0.00353	0.00118	0.00236	0.00471	0.85036	0.00471
19	0.01305	0.01439	0.18875	0.01095	0.01478	0.01219	0.01019	0.21267	0.31388	0.02126	0.01523	0.01714	0.01203	0.11168	0.00771	0.00205	0.00530	0.00518	0.00417	0.00740

[dist]
# distance from previous block
# <min> <max>
0	2

[block]
# block no. 2 follows, 49 sequences, length 11
# corresponding to MSA columns:
# 1484-1494
name=unknown_C
#
# <colnr> <probs for GDERKNQSTAVLIFYWHMCP>
#	G	D	E	R	K	N	Q	S	T	A	V	L	I	F	Y	W	H	M	C	P
0	0.01606	0.01001	0.01132	0.00954	0.01229	0.04631	0.00752	0.27134	0.01603	0.24548	0.01940	0.23696	0.03639	0.00902	0.00575	0.00169	0.02521	0.00751	0.00511	0.00705
1	0.01460	0.01746	0.01148	0.01101	0.01284	0.53307	0.00806	0.01576	0.01276	0.01256	0.01458	0.28208	0.01559	0.00879	0.00520	0.00156	0.00703	0.00700	0.00331	0.00527
2	0.00722	0.00508	0.00634	0.00608	0.00687	0.00482	0.00420	0.00880	0.01197	0.01675	0.52783	0.03619	0.03783	0.28400	0.01263	0.00271	0.00323	0.00854	0.00472	0.00420
3	0.07852	0.00882	0.01258	0.27885	0.02007	0.00900	0.00952	0.01999	0.01258	0.47525	0.01532	0.01531	0.01006	0.00574	0.00493	0.00161	0.00510	0.00472	0.00468	0.00737
4	0.02269	0.00861	0.01174	0.00900	0.01291	0.00743	0.00743	0.02464	0.01447	0.79425	0.01995	0.01721	0.01252	0.00626	0.00509	0.00156	0.00430	0.00509	0.00626	0.00861
5	0.01133	0.01786	0.28810	0.01899	0.02490	0.01244	0.51835	0.01614	0.01151	0.01614	0.00984	0.01264	0.00725	0.00445	0.00558	0.00167	0.00817	0.00522	0.00242	0.00704
6	0.00790	0.00439	0.00634	0.00674	0.00684	0.00430	0.00449	0.00674	0.00763	0.01017	0.01522	0.28623	0.01710	0.01699	0.01528	0.56611	0.00390	0.00776	0.00304	0.00284
7	0.01621	0.01837	0.01293	0.01100	0.01429	0.50144	0.00840	0.01786	0.01304	0.04576	0.00871	0.00991	0.00709	0.00476	0.00431	0.00113	0.00711	0.00324	0.00289	0.29156
8	0.00735	0.00490	0.00552	0.00552	0.00552	0.00490	0.00306	0.00735	0.00735	0.00980	0.01593	0.03309	0.01838	0.82229	0.02574	0.00490	0.00490	0.00735	0.00306	0.00306
9	0.01320	0.02211	0.53289	0.01348	0.01979	0.01307	0.01563	0.27145	0.01509	0.02136	0.01011	0.01117	0.00715	0.00523	0.00489	0.00157	0.00683	0.00401	0.00312	0.00785
10	0.01571	0.00987	0.01128	0.00964	0.01281	0.01050	0.00764	0.02532	0.49154	0.28141	0.02162	0.01953	0.04610	0.00690	0.00516	0.00166	0.00404	0.00571	0.00550	0.00805

[dist]
# distance from previous block
# <min> <max>
0	3

[block]
# block no. 3 follows, 49 sequences, length 33
# corresponding to MSA columns:
# 1498-1530
name=unknown_D
#
# <colnr> <probs for GDERKNQSTAVLIFYWHMCP>
#	G	D	E	R	K	N	Q	S	T	A	V	L	I	F	Y	W	H	M	C	P
0	0.01787	0.02202	0.01330	0.01214	0.01459	0.71647	0.00910	0.01929	0.01393	0.01307	0.00875	0.01016	0.00721	0.00528	0.00445	0.00129	0.00839	0.00341	0.09353	0.00574
1	0.00765	0.09313	0.00862	0.00641	0.00802	0.00633	0.00504	0.00979	0.01344	0.01834	0.58886	0.03630	0.15938	0.01008	0.00567	0.00155	0.00274	0.00869	0.00507	0.00488
2	0.01799	0.02248	0.01392	0.01243	0.01524	0.71669	0.00937	0.01939	0.01392	0.01282	0.00794	0.00927	0.00662	0.00505	0.00447	0.00124	0.00854	0.00323	0.00265	0.09675
3	0.02616	0.41069	0.29104	0.01057	0.01571	0.01490	0.03133	0.01478	0.01063	0.02725	0.01279	0.01365	0.09048	0.00544	0.00418	0.00136	0.00586	0.00404	0.00252	0.00662
4	0.01316	0.00703	0.00957	0.00972	0.09291	0.00653	0.00640	0.01468	0.01165	0.28931	0.12379	0.04979	0.07376	0.22529	0.04169	0.00273	0.00458	0.00686	0.00462	0.00595
5	0.01420	0.01089	0.01177	0.01026	0.01333	0.01228	0.00807	0.08676	0.63833	0.10494	0.01983	0.01815	0.01457	0.00673	0.00513	0.00168	0.00416	0.00556	0.00526	0.00812
6	0.01168	0.01314	0.02826	0.10592	0.02733	0.01262	0.69104	0.01585	0.01174	0.01585	0.01010	0.01362	0.00757	0.00435	0.00587	0.00170	0.00833	0.00581	0.00252	0.00669
7	0.01192	0.00875	0.01107	0.00950	0.01197	0.00908	0.06004	0.11150	0.23455	0.09796	0.20352	0.13701	0.05358	0.00885	0.00560	0.00169	0.00395	0.00776	0.00508	0.00659
8	0.01121	0.05652	0.68278	0.01404	0.02087	0.09682	0.01734	0.01643	0.01105	0.01547	0.00886	0.01041	0.00642	0.00483	0.00472	0.00155	0.00757	0.00365	0.00219	0.00726
9	0.02129	0.00953	0.01392	0.01050	0.01455	0.00858	0.08963	0.07597	0.01485	0.65764	0.01836	0.01647	0.01172	0.00603	0.00518	0.00158	0.00484	0.00514	0.00578	0.00841
10	0.00626	0.00456	0.00579	0.00668	0.00717	0.00421	0.00449	0.00720	0.00997	0.01313	0.06355	0.64035	0.12660	0.06535	0.00757	0.00217	0.00299	0.01325	0.00463	0.00409
11	0.01809	0.01667	0.01267	0.01116	0.01400	0.41474	0.00856	0.03527	0.12342	0.21552	0.01424	0.06911	0.01125	0.00647	0.00492	0.00149	0.00665	0.00488	0.00410	0.00680
12	0.02230	0.00869	0.01172	0.00905	0.01292	0.00763	0.00745	0.02473	0.04368	0.76482	0.01997	0.01727	0.01263	0.00628	0.00509	0.00157	0.00429	0.00511	0.00622	0.00858
13	0.01194	0.01364	0.02984	0.02131	0.02643	0.01279	0.77238	0.01620	0.01194	0.01620	0.01023	0.01364	0.00767	0.00426	0.00597	0.00171	0.00853	0.00597	0.00256	0.00682
14	0.01194	0.01364	0.02984	0.02131	0.02643	0.01279	0.77238	0.01620	0.01194	0.01620	0.01023	0.01364	0.00767	0.00426	0.00597	0.00171	0.00853	0.00597	0.00256	0.00682
15	0.00973	0.00928	0.01567	0.73053	0.03310	0.01157	0.03850	0.01298	0.01001	0.01298	0.00887	0.01332	0.00676	0.00529	0.00587	0.00172	0.06139	0.00454	0.00225	0.00565
16	0.00722	0.00542	0.00813	0.00813	0.00903	0.00632	0.00632	0.00903	0.00813	0.01174	0.01354	0.01987	0.01264	0.03792	0.80225	0.00813	0.01354	0.00542	0.00271	0.00451
17	0.01298	0.01165	0.01069	0.00923	0.01151	0.17577	0.00717	0.22389	0.01694	0.02183	0.40836	0.02462	0.02818	0.00807	0.00542	0.00151	0.00469	0.00663	0.00480	0.00606
18	0.01156	0.36831	0.39449	0.01135	0.01693	0.03060	0.01322	0.01527	0.01083	0.01447	0.06248	0.01143	0.00932	0.00499	0.00421	0.00137	0.00626	0.00366	0.00240	0.00683
19	0.00732	0.00504	0.00622	0.00622	0.00647	0.00529	0.00395	0.00781	0.00756	0.01033	0.01528	0.02950	0.01682	0.60928	0.23662	0.00578	0.00725	0.00683	0.00297	0.00346
20	0.01083	0.01163	0.02442	0.01821	0.02230	0.01095	0.58914	0.01448	0.01167	0.01572	0.01430	0.10039	0.01324	0.00677	0.00616	0.00183	0.00743	0.11123	0.00306	0.00625
21	0.00955	0.00899	0.01517	0.81013	0.03483	0.01123	0.01404	0.01292	0.01011	0.01292	0.00899	0.01348	0.00674	0.00506	0.00506	0.00169	0.00674	0.00449	0.00225	0.00562
22	0.00817	0.00725	0.06216	0.00776	0.00931	0.00616	0.00623	0.05900	0.01141	0.04410	0.07274	0.39937	0.20126	0.01341	0.03000	0.00205	0.03940	0.01079	0.00448	0.00495
23	0.00784	0.00617	0.00723	0.00718	0.00857	0.00618	0.00528	0.01217	0.17785	0.01723	0.27950	0.25469	0.16751	0.01157	0.00593	0.00177	0.00292	0.01014	0.00508	0.00519
24	0.01579	0.00659	0.00914	0.00774	0.00974	0.00599	0.00585	0.01589	0.01068	0.41086	0.01502	0.01762	0.01140	0.07103	0.01269	0.35474	0.00438	0.00496	0.00434	0.00554
25	0.02616	0.31699	0.42678	0.01185	0.01760	0.01432	0.03534	0.01519	0.01065	0.01472	0.03947	0.03179	0.00878	0.00512	0.00432	0.00142	0.00637	0.00389	0.00238	0.00687
26	0.01181	0.01321	0.02818	0.07618	0.08029	0.01263	0.66752	0.01593	0.01178	0.01600	0.01009	0.01355	0.00763	0.00433	0.00584	0.00169	0.00823	0.00576	0.00253	0.00682
27	0.01393	0.01037	0.01169	0.01009	0.01289	0.01119	0.00837	0.40212	0.07472	0.02440	0.07350	0.02936	0.06862	0.00907	0.00573	0.00178	0.00478	0.21551	0.00496	0.00690
28	0.01200	0.01146	0.01963	0.22398	0.51835	0.01202	0.06768	0.04476	0.01168	0.01620	0.00953	0.01282	0.00769	0.00469	0.00509	0.00156	0.00635	0.00461	0.00254	0.00735
29	0.01222	0.01093	0.01386	0.31609	0.02158	0.06099	0.03027	0.15822	0.11671	0.01738	0.01239	0.05764	0.01049	0.06252	0.00753	0.00192	0.07423	0.00535	0.00338	0.00629
30	0.00608	0.00513	0.00526	0.00523	0.00689	0.00431	0.00392	0.00745	0.01176	0.01421	0.11281	0.04775	0.72676	0.01260	0.00598	0.00170	0.00255	0.01054	0.00477	0.00431
31	0.01627	0.41526	0.02027	0.01089	0.01434	0.42023	0.00922	0.01773	0.01235	0.01214	0.00743	0.00863	0.00650	0.00478	0.00392	0.00119	0.00731	0.00299	0.00239	0.00617
32	0.01245	0.01234	0.02241	0.08110	0.50025	0.01233	0.21754	0.04897	0.01207	0.01686	0.00978	0.01287	0.00786	0.00455	0.00527	0.00157	0.00671	0.00490	0.00261	0.00755

[dist]
# distance from previous block
# <min> <max>
0	53

[block]
# block no. 4 follows, 49 sequences, length 29
# corresponding to MSA columns:
# 1584-1612
name=unknown_E
#
# <colnr> <probs for GDERKNQSTAVLIFYWHMCP>
#	G	D	E	R	K	N	Q	S	T	A	V	L	I	F	Y	W	H	M	C	P
0	0.01494	0.30393	0.05065	0.01062	0.01428	0.18039	0.00924	0.11165	0.22311	0.01712	0.01160	0.01185	0.00919	0.00543	0.00432	0.00138	0.00590	0.00391	0.00342	0.00707
1	0.04562	0.00786	0.01093	0.06789	0.17422	0.00819	0.00834	0.09424	0.03720	0.01638	0.01933	0.41469	0.02098	0.01175	0.03657	0.00206	0.00461	0.00943	0.00398	0.00572
2	0.00609	0.00508	0.00531	0.00536	0.00693	0.00430	0.00398	0.00744	0.01164	0.01417	0.11205	0.09960	0.67510	0.01280	0.00601	0.00172	0.00257	0.01079	0.00477	0.00430
3	0.00798	0.00552	0.00652	0.00645	0.00687	0.00568	0.00411	0.06017	0.00891	0.01199	0.01718	0.14696	0.01932	0.56050	0.10647	0.00460	0.00560	0.00799	0.00340	0.00376
4	0.01352	0.82533	0.02650	0.00865	0.01298	0.02001	0.00865	0.01514	0.01027	0.01190	0.00703	0.00811	0.00649	0.00433	0.00324	0.00108	0.00541	0.00270	0.00216	0.00649
5	0.01083	0.24574	0.21431	0.38229	0.02536	0.01386	0.01367	0.01433	0.01030	0.01340	0.00845	0.01125	0.00659	0.00478	0.00448	0.00149	0.00654	0.00379	0.00220	0.00633
6	0.01144	0.01150	0.01821	0.39720	0.28891	0.06501	0.07962	0.01455	0.01095	0.01436	0.00912	0.01279	0.00723	0.00494	0.00547	0.00162	0.03362	0.00454	0.00238	0.00655
7	0.00616	0.00440	0.00587	0.00704	0.00733	0.00411	0.00469	0.00704	0.00968	0.01291	0.02787	0.81899	0.03344	0.01584	0.00645	0.00205	0.00293	0.01438	0.00469	0.00411
8	0.00744	0.00575	0.00853	0.00843	0.00924	0.00684	0.00657	0.00916	0.00817	0.01182	0.01369	0.05324	0.01312	0.03503	0.71553	0.00747	0.06691	0.00573	0.00276	0.00457
9	0.00955	0.00899	0.01517	0.81013	0.03483	0.01123	0.01404	0.01292	0.01011	0.01292	0.00899	0.01348	0.00674	0.00506	0.00506	0.00169	0.00674	0.00449	0.00225	0.00562
10	0.01194	0.01364	0.02984	0.02131	0.02643	0.01279	0.77238	0.01620	0.01194	0.01620	0.01023	0.01364	0.00767	0.00426	0.00597	0.00171	0.00853	0.00597	0.00256	0.00682
11	0.00658	0.00470	0.00617	0.00671	0.00737	0.00436	0.00468	0.00792	0.01131	0.01543	0.29703	0.48772	0.06964	0.01382	0.00664	0.02586	0.00277	0.01209	0.00493	0.00429
12	0.01015	0.00921	0.01282	0.23594	0.15976	0.06877	0.01125	0.01281	0.01140	0.01456	0.01725	0.03320	0.01734	0.00911	0.00590	0.00192	0.00582	0.35371	0.00344	0.00563
13	0.00623	0.00447	0.00602	0.00712	0.00745	0.00426	0.00481	0.00718	0.00957	0.01283	0.02689	0.76406	0.03202	0.01736	0.06115	0.00247	0.00366	0.01376	0.00456	0.00414
14	0.00942	0.00900	0.01730	0.01417	0.01691	0.00856	0.34636	0.01232	0.01137	0.01515	0.01966	0.19251	0.02048	0.01004	0.00643	0.00200	0.00602	0.27304	0.00373	0.00550
15	0.01879	0.01354	0.01523	0.01283	0.07175	0.01477	0.00985	0.64782	0.04307	0.08178	0.01271	0.01269	0.00901	0.00599	0.00506	0.00153	0.00547	0.00462	0.00496	0.00854
16	0.01032	0.01654	0.37426	0.01062	0.01543	0.00982	0.01178	0.15097	0.01336	0.01807	0.02453	0.02437	0.28332	0.00786	0.00526	0.00162	0.00539	0.00634	0.00357	0.00655
17	0.01007	0.00591	0.00711	0.00638	0.00841	0.00513	0.00493	0.01185	0.01306	0.18962	0.27584	0.03824	0.38292	0.01057	0.00577	0.00164	0.00289	0.00895	0.00532	0.00539
18	0.85801	0.00978	0.00743	0.00665	0.00978	0.01134	0.00548	0.01486	0.00861	0.02269	0.00704	0.00821	0.00548	0.00469	0.00313	0.00156	0.00391	0.00274	0.00313	0.00548
19	0.01223	0.00893	0.01066	0.00771	0.01212	0.00684	0.00620	0.01444	0.01106	0.12783	0.01056	0.01145	0.00821	0.00410	0.00394	0.00087	0.00382	0.00330	0.00346	0.73228
20	0.01930	0.01906	0.01447	0.01219	0.01545	0.43427	0.00954	0.31764	0.01806	0.07688	0.01040	0.01090	0.00777	0.00563	0.00479	0.00141	0.00737	0.00390	0.00384	0.00714
21	0.02243	0.00902	0.01199	0.00920	0.01312	0.00805	0.00760	0.08112	0.01517	0.73678	0.01936	0.01683	0.01222	0.00624	0.00508	0.00156	0.00440	0.00505	0.00617	0.00861
22	0.00616	0.00440	0.00587	0.00704	0.00733	0.00411	0.00469	0.00704	0.00968	0.01291	0.02787	0.81899	0.03344	0.01584	0.00645	0.00205	0.00293	0.01438	0.00469	0.00411
23	0.01080	0.00919	0.01065	0.00769	0.01212	0.00717	0.00615	0.03512	0.03314	0.01706	0.00941	0.01078	0.00775	0.00390	0.00382	0.00080	0.00380	0.00312	0.00312	0.80440
24	0.01017	0.00686	0.00845	0.00733	0.00991	0.00563	0.00552	0.01177	0.01082	0.12376	0.02122	0.32319	0.08269	0.00946	0.00515	0.00144	0.00342	0.00827	0.00424	0.34068
25	0.01315	0.73766	0.11092	0.00928	0.01396	0.01910	0.00975	0.01524	0.01032	0.01235	0.00725	0.00839	0.00648	0.00438	0.00342	0.00114	0.00563	0.00282	0.00216	0.00660
26	0.01145	0.01089	0.01910	0.01446	0.01802	0.01078	0.36414	0.09948	0.11807	0.01977	0.23529	0.02111	0.02033	0.00656	0.00575	0.00165	0.00582	0.00669	0.00405	0.00659
27	0.00624	0.00444	0.00584	0.00694	0.00721	0.00416	0.00458	0.00706	0.00952	0.01270	0.02705	0.76497	0.03241	0.07127	0.00778	0.00225	0.00307	0.01389	0.00458	0.00404
28	0.01352	0.82533	0.02650	0.00865	0.01298	0.02001	0.00865	0.01514	0.01027	0.01190	0.00703	0.00811	0.00649	0.00433	0.00324	0.00108	0.00541	0.00270	0.00216	0.00649

[dist]
# distance from previous block
# <min> <max>
0	1

[block]
# block no. 5 follows, 49 sequences, length 37
# corresponding to MSA columns:
# 1623-1659
name=unknown_F
#
# <colnr> <probs for GDERKNQSTAVLIFYWHMCP>
#	G	D	E	R	K	N	Q	S	T	A	V	L	I	F	Y	W	H	M	C	P
0	0.00963	0.00915	0.01567	0.78312	0.03454	0.01129	0.04001	0.01303	0.01017	0.01303	0.00903	0.01349	0.00677	0.00503	0.00509	0.00169	0.00680	0.00454	0.00226	0.00566
1	0.00722	0.00542	0.00813	0.00813	0.00903	0.00632	0.00632	0.00903	0.00813	0.01174	0.01354	0.01987	0.01264	0.03792	0.80225	0.00813	0.01354	0.00542	0.00271	0.00451
2	0.01889	0.02410	0.01433	0.01303	0.01563	0.80199	0.00977	0.02019	0.01433	0.01238	0.00782	0.00912	0.00651	0.00521	0.00456	0.00130	0.00912	0.00326	0.00261	0.00586
3	0.00955	0.00899	0.01517	0.81013	0.03483	0.01123	0.01404	0.01292	0.01011	0.01292	0.00899	0.01348	0.00674	0.00506	0.00506	0.00169	0.00674	0.00449	0.00225	0.00562
4	0.00610	0.00466	0.00560	0.00636	0.00716	0.00416	0.00439	0.00712	0.01034	0.01318	0.03617	0.54537	0.30171	0.01476	0.00628	0.00193	0.00280	0.01306	0.00469	0.00416
5	0.00635	0.00488	0.00581	0.00612	0.00720	0.00434	0.00438	0.00778	0.01161	0.01513	0.23568	0.31680	0.32927	0.01323	0.00614	0.00180	0.00265	0.01158	0.00492	0.00434
6	0.01889	0.02410	0.01433	0.01303	0.01563	0.80199	0.00977	0.02019	0.01433	0.01238	0.00782	0.00912	0.00651	0.00521	0.00456	0.00130	0.00912	0.00326	0.00261	0.00586
7	0.01177	0.40204	0.41558	0.01187	0.01780	0.01566	0.03191	0.01561	0.01052	0.01408	0.00814	0.00954	0.00648	0.00457	0.00410	0.00136	0.00653	0.00330	0.00216	0.00699
8	0.00815	0.00582	0.00815	0.00931	0.01048	0.00582	0.00815	0.01048	0.01164	0.01513	0.02677	0.05704	0.02910	0.01397	0.00698	0.00233	0.00466	0.75671	0.00466	0.00466
9	0.00616	0.00440	0.00587	0.00704	0.00733	0.00411	0.00469	0.00704	0.00968	0.01291	0.02787	0.81899	0.03344	0.01584	0.00645	0.00205	0.00293	0.01438	0.00469	0.00411
10	0.01315	0.00664	0.00860	0.00752	0.00931	0.00643	0.00557	0.01500	0.04739	0.29688	0.06276	0.02456	0.01682	0.29921	0.15391	0.00391	0.00603	0.00621	0.00441	0.00568
11	0.00604	0.00487	0.00538	0.00580	0.00701	0.00421	0.00414	0.00718	0.01088	0.01340	0.04301	0.31965	0.52301	0.01387	0.00614	0.00183	0.00269	0.01197	0.00470	0.00421
12	0.00726	0.00528	0.00744	0.00744	0.00811	0.00595	0.00547	0.00859	0.00792	0.01123	0.01417	0.02332	0.01414	0.24301	0.59921	0.00728	0.01128	0.00592	0.00280	0.00414
13	0.01889	0.02410	0.01433	0.01303	0.01563	0.80199	0.00977	0.02019	0.01433	0.01238	0.00782	0.00912	0.00651	0.00521	0.00456	0.00130	0.00912	0.00326	0.00261	0.00586
14	0.42579	0.06518	0.06184	0.01067	0.07089	0.02915	0.00856	0.23605	0.01359	0.02357	0.00885	0.00985	0.00672	0.00507	0.00397	0.00151	0.00498	0.00347	0.00351	0.00677
15	0.02269	0.00861	0.01174	0.00900	0.01291	0.00743	0.00743	0.02464	0.01447	0.79425	0.01995	0.01721	0.01252	0.00626	0.00509	0.00156	0.00430	0.00509	0.00626	0.00861
16	0.14274	0.05250	0.02979	0.01120	0.01492	0.01350	0.08393	0.26515	0.24953	0.06487	0.01385	0.01379	0.01018	0.00582	0.00479	0.00159	0.00509	0.00469	0.00441	0.00765
17	0.00605	0.00513	0.00522	0.00520	0.00688	0.00430	0.00390	0.00740	0.01170	0.01407	0.09693	0.04799	0.74273	0.01265	0.00598	0.00170	0.00255	0.01058	0.00475	0.00430
18	0.00943	0.00471	0.00471	0.00471	0.00589	0.00471	0.00353	0.01178	0.01060	0.01885	0.01650	0.01885	0.01296	0.00589	0.00353	0.00118	0.00236	0.00471	0.85036	0.00471
19	0.10733	0.00872	0.01130	0.00876	0.01259	0.00783	0.00723	0.02365	0.01388	0.71606	0.01864	0.01630	0.01180	0.00610	0.00489	0.00156	0.00426	0.00485	0.00594	0.00829
20	0.00724	0.00534	0.00774	0.00774	0.00851	0.00611	0.00584	0.00878	0.00801	0.01145	0.01390	0.02183	0.01349	0.15428	0.68706	0.00765	0.01226	0.00571	0.00276	0.00430
21	0.01134	0.07919	0.33307	0.01763	0.02362	0.01291	0.41685	0.01605	0.01131	0.01580	0.00953	0.01205	0.00708	0.00448	0.00530	0.00162	0.00788	0.00484	0.00236	0.00705
22	0.01180	0.01318	0.02806	0.08016	0.08411	0.01262	0.66000	0.01591	0.01177	0.01598	0.01008	0.01354	0.00763	0.00434	0.00583	0.00169	0.00821	0.00575	0.00253	0.00682
23	0.01016	0.00865	0.01014	0.00746	0.01164	0.00654	0.00589	0.01231	0.01043	0.01621	0.01040	0.07084	0.00943	0.00465	0.00395	0.00085	0.00368	0.00385	0.00312	0.78981
24	0.00735	0.00490	0.00552	0.00552	0.00552	0.00490	0.00306	0.00735	0.00735	0.00980	0.01593	0.03309	0.01838	0.82229	0.02574	0.00490	0.00490	0.00735	0.00306	0.00306
25	0.01177	0.07616	0.22577	0.01589	0.02093	0.01184	0.36445	0.01571	0.01152	0.07255	0.03097	0.04775	0.04054	0.00562	0.00566	0.00164	0.02585	0.00565	0.00292	0.00681
26	0.00943	0.00471	0.00471	0.00471	0.00589	0.00471	0.00353	0.01178	0.01060	0.01885	0.01650	0.01885	0.01296	0.00589	0.00353	0.00118	0.00236	0.00471	0.85036	0.00471
27	0.33337	0.29962	0.01609	0.00895	0.01250	0.15514	0.00774	0.08705	0.01163	0.01792	0.00765	0.00871	0.00631	0.00479	0.00360	0.00134	0.00552	0.00299	0.00288	0.00619
28	0.00616	0.00440	0.00587	0.00704	0.00733	0.00411	0.00469	0.00704	0.00968	0.01291	0.02787	0.81899	0.03344	0.01584	0.00645	0.00205	0.00293	0.01438	0.00469	0.00411
29	0.01024	0.00986	0.01567	0.50337	0.08454	0.01262	0.01322	0.01288	0.00948	0.01295	0.00829	0.01265	0.00680	0.00620	0.00865	0.00184	0.25823	0.00447	0.00226	0.00577
30	0.00672	0.00494	0.00706	0.00762	0.00823	0.00528	0.00556	0.00809	0.00886	0.01229	0.02029	0.39602	0.02243	0.02753	0.42766	0.00527	0.00855	0.00963	0.00364	0.00432
31	0.00846	0.00852	0.01517	0.01179	0.01477	0.00781	0.30844	0.01098	0.01150	0.01467	0.04846	0.03240	0.40505	0.01124	0.06542	0.00218	0.00574	0.00838	0.00372	0.00531
32	0.01049	0.00899	0.01049	0.00749	0.01198	0.00674	0.00599	0.01273	0.01049	0.01648	0.00899	0.01049	0.00749	0.00374	0.00374	0.00075	0.00374	0.00300	0.00300	0.85320
33	0.01189	0.19865	0.05702	0.01365	0.01593	0.03204	0.14229	0.01389	0.00932	0.01299	0.00749	0.01078	0.00677	0.00676	0.01091	0.00182	0.43523	0.00424	0.00227	0.00607
34	0.00616	0.00440	0.00587	0.00704	0.00733	0.00411	0.00469	0.00704	0.00968	0.01291	0.02787	0.81899	0.03344	0.01584	0.00645	0.00205	0.00293	0.01438	0.00469	0.00411
35	0.01230	0.01179	0.02014	0.08776	0.73571	0.01196	0.01541	0.01533	0.01141	0.01626	0.00947	0.01259	0.00792	0.00455	0.00501	0.00152	0.00606	0.00450	0.00248	0.00784
36	0.01221	0.51481	0.32552	0.01089	0.01644	0.01680	0.01255	0.01548	0.01043	0.01350	0.00782	0.00911	0.00646	0.00451	0.00385	0.00128	0.00621	0.00311	0.00215	0.00687

[dist]
# distance from previous block
# <min> <max>
0	22

[block]
# block no. 6 follows, 49 sequences, length 44
# corresponding to MSA columns:
# 1682-1725
name=unknown_G
#
# <colnr> <probs for GDERKNQSTAVLIFYWHMCP>
#	G	D	E	R	K	N	Q	S	T	A	V	L	I	F	Y	W	H	M	C	P
0	0.00599	0.00509	0.00516	0.00521	0.00685	0.00426	0.00388	0.00725	0.01144	0.01363	0.05014	0.08463	0.75343	0.01295	0.00600	0.00172	0.00258	0.01085	0.00470	0.00426
1	0.00815	0.00582	0.00815	0.00931	0.01048	0.00582	0.00815	0.01048	0.01164	0.01513	0.02677	0.05704	0.02910	0.01397	0.00698	0.00233	0.00466	0.75671	0.00466	0.00466
2	0.02193	0.00893	0.01185	0.00912	0.01296	0.00799	0.00752	0.08279	0.01520	0.71012	0.04363	0.01746	0.01332	0.00637	0.00511	0.00156	0.00434	0.00517	0.00614	0.00848
3	0.01241	0.01194	0.02015	0.02971	0.73283	0.01227	0.01519	0.01527	0.01123	0.01620	0.00930	0.01241	0.00791	0.00483	0.00587	0.00155	0.06612	0.00450	0.00248	0.00783
4	0.01922	0.01416	0.01518	0.01163	0.01568	0.01568	0.00961	0.77388	0.02378	0.03187	0.01214	0.01214	0.00860	0.00607	0.00506	0.00152	0.00556	0.00455	0.00506	0.00860
5	0.00955	0.00899	0.01517	0.81013	0.03483	0.01123	0.01404	0.01292	0.01011	0.01292	0.00899	0.01348	0.00674	0.00506	0.00506	0.00169	0.00674	0.00449	0.00225	0.00562
6	0.01352	0.82533	0.02650	0.00865	0.01298	0.02001	0.00865	0.01514	0.01027	0.01190	0.00703	0.00811	0.00649	0.00433	0.00324	0.00108	0.00541	0.00270	0.00216	0.00649
7	0.00878	0.00439	0.00659	0.00659	0.00659	0.00439	0.00439	0.00659	0.00659	0.00878	0.00878	0.01537	0.00878	0.01757	0.01976	0.85288	0.00439	0.00439	0.00220	0.00220
8	0.01479	0.60595	0.04143	0.00988	0.01385	0.21570	0.00917	0.01643	0.01130	0.01211	0.00727	0.00842	0.00649	0.00456	0.00361	0.00115	0.00639	0.00287	0.00227	0.00636
9	0.01014	0.02616	0.79609	0.01441	0.02189	0.01174	0.01868	0.01601	0.01068	0.01601	0.00907	0.01068	0.00641	0.00480	0.00480	0.00160	0.00747	0.00374	0.00214	0.00747
10	0.00616	0.00440	0.00587	0.00704	0.00733	0.00411	0.00469	0.00704	0.00968	0.01291	0.02787	0.81899	0.03344	0.01584	0.00645	0.00205	0.00293	0.01438	0.00469	0.00411
11	0.01172	0.01239	0.02400	0.01773	0.02205	0.01214	0.54401	0.01809	0.18449	0.01761	0.07049	0.01661	0.01239	0.00530	0.00578	0.00170	0.00705	0.00615	0.00336	0.00693
12	0.00940	0.00787	0.01128	0.01023	0.01050	0.01024	0.00814	0.00997	0.00760	0.01128	0.00920	0.01468	0.00893	0.01957	0.25409	0.19451	0.39097	0.00472	0.00236	0.00448
13	0.01145	0.00968	0.01046	0.00947	0.01199	0.01095	0.00733	0.02327	0.62202	0.02097	0.18022	0.02280	0.02215	0.00758	0.00532	0.00169	0.00367	0.00643	0.00523	0.00733
14	0.00878	0.00439	0.00659	0.00659	0.00659	0.00439	0.00439	0.00659	0.00659	0.00878	0.00878	0.01537	0.00878	0.01757	0.01976	0.85288	0.00439	0.00439	0.00220	0.00220
15	0.07091	0.00605	0.00710	0.00705	0.00837	0.00609	0.00519	0.01141	0.11484	0.01811	0.37073	0.26200	0.07068	0.01118	0.00579	0.00175	0.00288	0.00981	0.00503	0.00504
16	0.01014	0.02616	0.79609	0.01441	0.02189	0.01174	0.01868	0.01601	0.01068	0.01601	0.00907	0.01068	0.00641	0.00480	0.00480	0.00160	0.00747	0.00374	0.00214	0.00747
17	0.00801	0.00488	0.00726	0.00726	0.00768	0.00530	0.00524	0.00774	0.00733	0.01019	0.01124	0.01808	0.01091	0.05565	0.38198	0.43186	0.00864	0.00497	0.00246	0.00330
18	0.01027	0.00997	0.01532	0.43190	0.02460	0.01325	0.01263	0.01256	0.00899	0.01256	0.00787	0.01233	0.00669	0.00686	0.01053	0.00194	0.38945	0.00446	0.00223	0.00558
19	0.00955	0.00899	0.01517	0.81013	0.03483	0.01123	0.01404	0.01292	0.01011	0.01292	0.00899	0.01348	0.00674	0.00506	0.00506	0.00169	0.00674	0.00449	0.00225	0.00562
20	0.01252	0.01201	0.02053	0.03104	0.79074	0.01201	0.01552	0.01552	0.01151	0.01652	0.00951	0.01252	0.00801	0.00451	0.00501	0.00150	0.00601	0.00451	0.00250	0.00801
21	0.02075	0.01083	0.01302	0.01004	0.01393	0.01083	0.00827	0.32637	0.03633	0.45341	0.03202	0.01561	0.01170	0.00628	0.00509	0.00155	0.00477	0.00497	0.00573	0.00851
22	0.85801	0.00978	0.00743	0.00665	0.00978	0.01134	0.00548	0.01486	0.00861	0.02269	0.00704	0.00821	0.00548	0.00469	0.00313	0.00156	0.00391	0.00274	0.00313	0.00548
23	0.00989	0.01057	0.07387	0.67396	0.10848	0.01135	0.01453	0.01341	0.01029	0.01351	0.00905	0.01318	0.00684	0.00498	0.00503	0.00166	0.00672	0.00444	0.00226	0.00599
24	0.26696	0.01637	0.14757	0.01010	0.01380	0.23700	0.00919	0.01569	0.01102	0.01673	0.01082	0.01202	0.05861	0.00544	0.00462	0.00142	0.03706	0.00369	0.00286	0.11903
25	0.00806	0.00579	0.00802	0.00913	0.01032	0.00575	0.00796	0.01034	0.01164	0.01507	0.02782	0.05668	0.06167	0.01392	0.00694	0.00230	0.00457	0.72472	0.00466	0.00464
26	0.00977	0.00921	0.01557	0.75210	0.09114	0.01129	0.01415	0.01311	0.01022	0.01319	0.00903	0.01341	0.00684	0.00501	0.00505	0.00167	0.00669	0.00449	0.00227	0.00580
27	0.01298	0.64070	0.18273	0.00994	0.01486	0.03984	0.01072	0.01546	0.01047	0.01275	0.00747	0.00866	0.00647	0.00445	0.00360	0.00119	0.00593	0.00293	0.00217	0.00667
28	0.13564	0.03150	0.00956	0.00862	0.01052	0.06237	0.00661	0.18794	0.01320	0.01875	0.01873	0.35102	0.02015	0.03882	0.00614	0.00190	0.00437	0.06436	0.00428	0.00554
29	0.00728	0.00519	0.00695	0.00695	0.00745	0.00568	0.00485	0.00827	0.00778	0.01087	0.01462	0.02583	0.01523	0.39156	0.45215	0.00667	0.00965	0.00629	0.00287	0.00386
30	0.01014	0.02616	0.79609	0.01441	0.02189	0.01174	0.01868	0.01601	0.01068	0.01601	0.00907	0.01068	0.00641	0.00480	0.00480	0.00160	0.00747	0.00374	0.00214	0.00747
31	0.01194	0.01364	0.02984	0.02131	0.02643	0.01279	0.77238	0.01620	0.01194	0.01620	0.01023	0.01364	0.00767	0.00426	0.00597	0.00171	0.00853	0.00597	0.00256	0.00682
32	0.00625	0.00447	0.00597	0.00715	0.00748	0.00419	0.00486	0.00720	0.00977	0.01301	0.02782	0.78341	0.03324	0.01575	0.00648	0.00207	0.00301	0.04904	0.00469	0.00413
33	0.00799	0.00561	0.00675	0.00630	0.00790	0.00511	0.00478	0.01051	0.04634	0.06646	0.47530	0.03911	0.27745	0.01071	0.00588	0.00163	0.00263	0.00923	0.00532	0.00499
34	0.01327	0.76580	0.08382	0.00908	0.01364	0.01939	0.00940	0.01521	0.01030	0.01220	0.00718	0.00830	0.00648	0.00436	0.00336	0.00112	0.00556	0.00278	0.00216	0.00656
35	0.00663	0.00477	0.00629	0.00672	0.00744	0.00442	0.00473	0.00823	0.01188	0.01641	0.38870	0.44818	0.04022	0.01323	0.00622	0.00183	0.00267	0.01189	0.00511	0.00442
36	0.01048	0.00847	0.00987	0.00983	0.01188	0.00937	0.00807	0.01909	0.41614	0.01830	0.02352	0.03699	0.02192	0.01023	0.00602	0.00201	0.00431	0.36218	0.00491	0.00641
37	0.01670	0.02031	0.01935	0.01565	0.01911	0.52465	0.25961	0.01899	0.01355	0.03206	0.00889	0.01079	0.00703	0.00492	0.00503	0.00144	0.00881	0.00419	0.00268	0.00624
38	0.01141	0.31620	0.48501	0.01227	0.01830	0.01490	0.01473	0.01554	0.01041	0.01436	0.00823	0.00976	0.00645	0.00479	0.00471	0.00144	0.03890	0.00339	0.00215	0.00704
39	0.04439	0.00702	0.00922	0.00766	0.01026	0.00631	0.00610	0.01714	0.01419	0.40003	0.38409	0.02666	0.02898	0.00814	0.00543	0.00158	0.00338	0.00693	0.00582	0.00668
40	0.19892	0.00885	0.01083	0.00850	0.01225	0.00826	0.00702	0.02258	0.01324	0.63147	0.01723	0.01531	0.01103	0.00593	0.00467	0.00156	0.00422	0.00459	0.00560	0.00795
41	0.01024	0.00872	0.01262	0.32475	0.09056	0.04329	0.01038	0.04819	0.01041	0.04147	0.01142	0.01638	0.00971	0.05368	0.28199	0.00402	0.00891	0.00492	0.00276	0.00559
42	0.00835	0.00572	0.00767	0.00717	0.00852	0.00572	0.00550	0.02744	0.02720	0.05825	0.50389	0.03087	0.03478	0.01755	0.22474	0.00339	0.00565	0.00774	0.00480	0.00504
43	0.01889	0.02410	0.01433	0.01303	0.01563	0.80199	0.00977	0.02019	0.01433	0.01238	0.00782	0.00912	0.00651	0.00521	0.00456	0.00130	0.00912	0.00326	0.00261	0.00586

[dist]
# distance from previous block
# <min> <max>
0	17

[block]
# block no. 7 follows, 49 sequences, length 16
# corresponding to MSA columns:
# 1743-1758
name=unknown_H
#
# <colnr> <probs for GDERKNQSTAVLIFYWHMCP>
#	G	D	E	R	K	N	Q	S	T	A	V	L	I	F	Y	W	H	M	C	P
0	0.01844	0.09109	0.01535	0.01266	0.01541	0.73660	0.00968	0.01977	0.01399	0.01234	0.00775	0.00903	0.00651	0.00514	0.00445	0.00128	0.00881	0.00321	0.00257	0.00591
1	0.00727	0.00505	0.00624	0.00610	0.00662	0.00500	0.00402	0.00832	0.00995	0.01380	0.29501	0.03340	0.02839	0.44631	0.10002	0.00404	0.00490	0.00780	0.00393	0.00383
2	0.01429	0.01184	0.01336	0.01281	0.09535	0.01332	0.00921	0.21936	0.50436	0.02345	0.01723	0.01646	0.01288	0.00641	0.00511	0.00164	0.00462	0.00529	0.00485	0.00816
3	0.01733	0.25747	0.01787	0.01175	0.01486	0.57422	0.00944	0.01872	0.01315	0.01224	0.00759	0.00883	0.00651	0.00495	0.00418	0.00124	0.00804	0.00310	0.00248	0.00604
4	0.44386	0.00920	0.00957	0.00781	0.01133	0.00940	0.00645	0.01971	0.01151	0.40522	0.01344	0.01268	0.00897	0.00547	0.00410	0.00156	0.00411	0.00390	0.00468	0.00703
5	0.32389	0.01044	0.05811	0.00864	0.01249	0.00962	0.00754	0.06660	0.01269	0.42096	0.01414	0.01325	0.00936	0.00559	0.00436	0.00156	0.00443	0.00412	0.00480	0.00740
6	0.01362	0.23770	0.40856	0.01198	0.01782	0.01314	0.03634	0.01751	0.01137	0.17076	0.01074	0.01138	0.00769	0.00495	0.00447	0.00146	0.00631	0.00380	0.00298	0.00742
7	0.00723	0.00538	0.00795	0.00795	0.00879	0.00622	0.00609	0.00891	0.00807	0.01160	0.01371	0.02078	0.01304	0.09235	0.74837	0.00790	0.01294	0.00555	0.00273	0.00441
8	0.00867	0.00443	0.00650	0.00650	0.00650	0.00443	0.00429	0.00665	0.00665	0.00886	0.00934	0.01674	0.00953	0.07982	0.02023	0.78727	0.00443	0.00462	0.00226	0.00226
9	0.01296	0.01034	0.01334	0.01099	0.01375	0.01138	0.08605	0.28697	0.15137	0.02099	0.01407	0.01693	0.01146	0.05578	0.25570	0.00381	0.00806	0.00531	0.00399	0.00676
10	0.00883	0.00621	0.00720	0.00705	0.00781	0.00635	0.00471	0.13063	0.01084	0.01448	0.01964	0.31402	0.02226	0.39916	0.01543	0.00333	0.00430	0.00944	0.00397	0.00433
11	0.07357	0.00999	0.01445	0.01071	0.01474	0.00903	0.14631	0.01569	0.01113	0.16155	0.01092	0.01220	0.00825	0.00480	0.00543	0.00126	0.07240	0.00403	0.00347	0.41006
12	0.00727	0.00522	0.00711	0.00711	0.00766	0.00577	0.00505	0.00838	0.00782	0.01098	0.01448	0.02503	0.01488	0.34422	0.49902	0.00687	0.01017	0.00617	0.00285	0.00395
13	0.01115	0.26396	0.56708	0.01270	0.01924	0.01420	0.01570	0.01575	0.01056	0.01479	0.00847	0.00991	0.00643	0.00466	0.00434	0.00145	0.00686	0.00343	0.00214	0.00718
14	0.01853	0.01382	0.01478	0.01149	0.01542	0.01536	0.00944	0.69554	0.10325	0.03075	0.01303	0.01285	0.00932	0.00615	0.00507	0.00154	0.00540	0.00467	0.00507	0.00854
15	0.25876	0.00911	0.01085	0.20637	0.01695	0.00944	0.00806	0.01402	0.01000	0.07112	0.00974	0.03817	0.00791	0.00509	0.00449	0.00137	0.03052	0.00386	0.00311	0.28108

[dist]
# distance from previous block
# <min> <max>
0	1

[block]
# block no. 8 follows, 49 sequences, length 56
# corresponding to MSA columns:
# 1760-1815
name=unknown_I
#
# <colnr> <probs for GDERKNQSTAVLIFYWHMCP>
#	G	D	E	R	K	N	Q	S	T	A	V	L	I	F	Y	W	H	M	C	P
0	0.01891	0.02334	0.01439	0.01292	0.01564	0.74195	0.00976	0.07774	0.01505	0.01386	0.00815	0.00935	0.00667	0.00528	0.00460	0.00132	0.00885	0.00336	0.00279	0.00607
1	0.00727	0.00492	0.00549	0.00549	0.00560	0.00486	0.00311	0.00735	0.00761	0.01005	0.01813	0.03406	0.06644	0.77178	0.02450	0.00470	0.00476	0.00756	0.00317	0.00314
2	0.00955	0.00899	0.01517	0.81013	0.03483	0.01123	0.01404	0.01292	0.01011	0.01292	0.00899	0.01348	0.00674	0.00506	0.00506	0.00169	0.00674	0.00449	0.00225	0.00562
3	0.04268	0.04802	0.26359	0.01674	0.02203	0.01200	0.39945	0.01529	0.01095	0.01574	0.00998	0.01297	0.00768	0.00802	0.08996	0.00233	0.00844	0.00497	0.00245	0.00671
4	0.01215	0.50075	0.33906	0.01099	0.01660	0.01665	0.01273	0.01550	0.01044	0.01357	0.00786	0.00915	0.00646	0.00452	0.00388	0.00129	0.00625	0.00312	0.00215	0.00689
5	0.00879	0.00585	0.00800	0.00860	0.00996	0.00567	0.00733	0.01106	0.01229	0.06460	0.16292	0.05078	0.06249	0.01279	0.00664	0.00212	0.00414	0.54613	0.00492	0.00491
6	0.01167	0.38807	0.44758	0.01180	0.01785	0.01549	0.01414	0.01562	0.01049	0.01415	0.00815	0.00951	0.00644	0.00459	0.00410	0.00137	0.00654	0.00327	0.00215	0.00703
7	0.01070	0.03440	0.01635	0.04347	0.01645	0.12516	0.27199	0.03657	0.01237	0.01484	0.02654	0.02708	0.32651	0.00798	0.00562	0.00162	0.00593	0.00730	0.00349	0.00564
8	0.00762	0.00527	0.00691	0.00644	0.00772	0.00485	0.00485	0.01000	0.01432	0.04358	0.76495	0.03715	0.04665	0.01021	0.00594	0.00159	0.00244	0.00902	0.00559	0.00489
9	0.00878	0.00439	0.00659	0.00659	0.00659	0.00439	0.00439	0.00659	0.00659	0.00878	0.00878	0.01537	0.00878	0.01757	0.01976	0.85288	0.00439	0.00439	0.00220	0.00220
10	0.01149	0.02035	0.41378	0.17045	0.06969	0.11385	0.09880	0.01594	0.01123	0.01499	0.00905	0.01145	0.00672	0.00483	0.00496	0.00158	0.00757	0.00411	0.00229	0.00687
11	0.01105	0.01980	0.40675	0.01792	0.02419	0.01227	0.40165	0.01611	0.01132	0.01611	0.00966	0.01218	0.00705	0.00453	0.00540	0.00165	0.00801	0.00487	0.00235	0.00714
12	0.00607	0.00513	0.00525	0.00522	0.00689	0.00431	0.00391	0.00743	0.01174	0.01417	0.10749	0.04783	0.73211	0.01262	0.00598	0.00170	0.00255	0.01056	0.00476	0.00431
13	0.00788	0.00673	0.01059	0.41510	0.02130	0.00773	0.00944	0.01003	0.00990	0.01291	0.01828	0.40970	0.01988	0.01036	0.00574	0.00187	0.00487	0.00935	0.00345	0.00487
14	0.01049	0.00899	0.01049	0.00749	0.01198	0.00674	0.00599	0.01273	0.01049	0.01648	0.00899	0.01049	0.00749	0.00374	0.00374	0.00075	0.00374	0.00300	0.00300	0.85320
15	0.00622	0.00444	0.00594	0.00711	0.00743	0.00416	0.00480	0.00715	0.00974	0.01298	0.02784	0.79526	0.03331	0.01578	0.00647	0.00206	0.00299	0.03749	0.00469	0.00412
16	0.00722	0.00542	0.00813	0.00813	0.00903	0.00632	0.00632	0.00903	0.00813	0.01174	0.01354	0.01987	0.01264	0.03792	0.80225	0.00813	0.01354	0.00542	0.00271	0.00451
17	0.01032	0.06730	0.75647	0.01412	0.02143	0.01217	0.01817	0.01597	0.01066	0.01580	0.00897	0.01054	0.00641	0.00478	0.00472	0.00157	0.00737	0.00368	0.00214	0.00742
18	0.20505	0.00826	0.00972	0.00904	0.01139	0.00863	0.02875	0.11929	0.01274	0.11403	0.01908	0.13113	0.01879	0.00978	0.00551	0.00190	0.00446	0.27209	0.00451	0.00587
19	0.00610	0.00466	0.00560	0.00636	0.00716	0.00416	0.00439	0.00712	0.01033	0.01317	0.03610	0.54748	0.29964	0.01477	0.00629	0.00193	0.00280	0.01307	0.00469	0.00416
20	0.01106	0.01106	0.01549	0.01328	0.01328	0.01549	0.01106	0.01217	0.00774	0.01217	0.00664	0.01106	0.00664	0.00885	0.01659	0.00221	0.81303	0.00443	0.00221	0.00553
21	0.02117	0.01010	0.01255	0.00972	0.01360	0.00977	0.00800	0.20612	0.06814	0.55793	0.01810	0.01610	0.01176	0.00625	0.00508	0.00156	0.00459	0.00500	0.00589	0.00856
22	0.00722	0.00542	0.00813	0.00813	0.00903	0.00632	0.00632	0.00903	0.00813	0.01174	0.01354	0.01987	0.01264	0.03792	0.80225	0.00813	0.01354	0.00542	0.00271	0.00451
23	0.00757	0.00560	0.00712	0.00666	0.00798	0.00537	0.00502	0.01087	0.07290	0.02034	0.72947	0.03633	0.04525	0.01007	0.00590	0.00160	0.00251	0.00888	0.00553	0.00502
24	0.00955	0.00899	0.01517	0.81013	0.03483	0.01123	0.01404	0.01292	0.01011	0.01292	0.00899	0.01348	0.00674	0.00506	0.00506	0.00169	0.00674	0.00449	0.00225	0.00562
25	0.00955	0.00899	0.01517	0.81013	0.03483	0.01123	0.01404	0.01292	0.01011	0.01292	0.00899	0.01348	0.00674	0.00506	0.00506	0.00169	0.00674	0.00449	0.00225	0.00562
26	0.01235	0.01185	0.02023	0.07330	0.74974	0.01197	0.01544	0.01538	0.01144	0.01632	0.00948	0.01257	0.00794	0.00454	0.00501	0.00151	0.00605	0.00450	0.00249	0.00788
27	0.00616	0.00440	0.00587	0.00704	0.00733	0.00411	0.00469	0.00704	0.00968	0.01291	0.02787	0.81899	0.03344	0.01584	0.00645	0.00205	0.00293	0.01438	0.00469	0.00411
28	0.00955	0.00899	0.01517	0.81013	0.03483	0.01123	0.01404	0.01292	0.01011	0.01292	0.00899	0.01348	0.00674	0.00506	0.00506	0.00169	0.00674	0.00449	0.00225	0.00562
29	0.01144	0.33407	0.49957	0.01219	0.01845	0.01493	0.01482	0.01568	0.01052	0.01443	0.00829	0.00969	0.00644	0.00462	0.00420	0.00140	0.00668	0.00334	0.00215	0.00709
30	0.00728	0.00520	0.00701	0.00701	0.00752	0.00571	0.00492	0.00831	0.00779	0.01091	0.01457	0.02555	0.01511	0.37481	0.46874	0.00674	0.00983	0.00625	0.00286	0.00389
31	0.00746	0.00577	0.00859	0.00845	0.00929	0.00689	0.00662	0.00923	0.00810	0.01177	0.01311	0.01932	0.01227	0.03611	0.75323	0.00776	0.06342	0.00536	0.00268	0.00458
32	0.85801	0.00978	0.00743	0.00665	0.00978	0.01134	0.00548	0.01486	0.00861	0.02269	0.00704	0.00821	0.00548	0.00469	0.00313	0.00156	0.00391	0.00274	0.00313	0.00548
33	0.01049	0.00899	0.01049	0.00749	0.01198	0.00674	0.00599	0.01273	0.01049	0.01648	0.00899	0.01049	0.00749	0.00374	0.00374	0.00075	0.00374	0.00300	0.00300	0.85320
34	0.01366	0.61449	0.13733	0.01001	0.01459	0.11080	0.01025	0.01586	0.01081	0.01255	0.00742	0.00860	0.00648	0.00450	0.00363	0.00118	0.00615	0.00292	0.00221	0.00656
