[name]
unknown

[dist]
# distance from previous block
# <min> <max>
29	184

[block]
# block no. 0 follows, 49 sequences, length 16
# corresponding to MSA columns:
# 251-266
name=unknown_A
#
# <colnr> <probs for GDERKNQSTAVLIFYWHMCP>
#	G	D	E	R	K	N	Q	S	T	A	V	L	I	F	Y	W	H	M	C	P
0	0.12270	0.20201	0.27912	0.03308	0.01630	0.01247	0.06455	0.01491	0.02377	0.03967	0.03344	0.01482	0.06193	0.02524	0.00495	0.00156	0.00576	0.01342	0.00283	0.02747
1	0.08024	0.11042	0.43698	0.01211	0.01774	0.05683	0.01373	0.08594	0.03173	0.07278	0.01013	0.01147	0.00751	0.02531	0.00505	0.00160	0.00650	0.00383	0.00290	0.00720
2	0.06610	0.07057	0.11358	0.01190	0.01580	0.08910	0.15189	0.10182	0.04706	0.05602	0.01640	0.08303	0.09425	0.00673	0.00505	0.00155	0.00582	0.00581	0.00354	0.05398
3	0.01197	0.04306	0.13893	0.08218	0.29066	0.05561	0.12881	0.01531	0.01152	0.04565	0.01209	0.04340	0.01062	0.00599	0.00529	0.00164	0.00652	0.08096	0.00286	0.00694
4	0.01084	0.00716	0.01008	0.00927	0.01073	0.02247	0.06155	0.02700	0.01089	0.16323	0.02163	0.43300	0.02295	0.04144	0.02378	0.00216	0.08021	0.03173	0.00447	0.00541
5	0.00922	0.05009	0.25950	0.01100	0.06751	0.04063	0.01022	0.01212	0.01110	0.03596	0.06607	0.17143	0.19074	0.01002	0.03026	0.00187	0.00521	0.00766	0.00356	0.00584
6	0.01338	0.08657	0.05380	0.17330	0.24168	0.01198	0.10047	0.07909	0.01255	0.11549	0.03120	0.03720	0.00989	0.00542	0.00504	0.00155	0.00602	0.00496	0.00324	0.00717
7	0.01369	0.01910	0.34266	0.01466	0.04363	0.07525	0.12873	0.13359	0.08870	0.07356	0.01152	0.01254	0.00830	0.00524	0.00506	0.00159	0.00686	0.00447	0.00328	0.00757
8	0.00728	0.00518	0.00693	0.00693	0.00742	0.00567	0.00483	0.00826	0.00777	0.01085	0.01464	0.02592	0.01527	0.39677	0.44700	0.00665	0.00959	0.00630	0.00287	0.00385
9	0.01154	0.10822	0.14123	0.01534	0.16168	0.01113	0.13455	0.06903	0.01231	0.05385	0.04327	0.07063	0.13169	0.00690	0.00521	0.00158	0.00561	0.00619	0.00336	0.00669
10	0.06093	0.13886	0.24571	0.01571	0.20100	0.03534	0.01267	0.01728	0.04277	0.13572	0.01111	0.01269	0.00849	0.03431	0.00532	0.00161	0.00594	0.00411	0.00309	0.00733
11	0.00697	0.00547	0.00681	0.00694	0.00811	0.00505	0.02989	0.03891	0.01095	0.01395	0.03476	0.37846	0.32097	0.07029	0.00757	0.00210	0.00329	0.04060	0.00452	0.00439
12	0.00822	0.00629	0.00727	0.00772	0.00859	0.03680	0.00564	0.06219	0.01119	0.01495	0.04123	0.48686	0.06132	0.04079	0.00704	0.00203	0.02603	0.09706	0.06416	0.00462
13	0.05602	0.01061	0.01492	0.05986	0.18714	0.01091	0.06613	0.10231	0.15289	0.21444	0.01561	0.01585	0.02998	0.00582	0.00501	0.00158	0.00508	0.00506	0.03309	0.00767
14	0.00993	0.01355	0.22550	0.03971	0.21543	0.00966	0.07258	0.03876	0.01112	0.01555	0.01629	0.16704	0.06922	0.00971	0.06120	0.00213	0.00631	0.00678	0.00307	0.00647
15	0.00961	0.03183	0.00911	0.00755	0.01015	0.05136	0.00578	0.06446	0.04653	0.01587	0.02464	0.20729	0.21109	0.00923	0.00512	0.00143	0.00375	0.00780	0.00401	0.27338

[dist]
# distance from previous block
# <min> <max>
0	3

[block]
# block no. 1 follows, 49 sequences, length 74
# corresponding to MSA columns:
# 271-286,291-348
name=unknown_B
#
# <colnr> <probs for GDERKNQSTAVLIFYWHMCP>
#	G	D	E	R	K	N	Q	S	T	A	V	L	I	F	Y	W	H	M	C	P
0	0.01453	0.04834	0.04767	0.02099	0.32980	0.21558	0.11589	0.05699	0.01284	0.03809	0.01008	0.01220	0.02008	0.00505	0.00531	0.00149	0.03077	0.00440	0.00278	0.00713
1	0.00963	0.00842	0.01371	0.01872	0.37555	0.00879	0.01043	0.01188	0.00981	0.01401	0.01277	0.07534	0.01215	0.04208	0.34867	0.00449	0.00899	0.00570	0.00277	0.00608
2	0.01602	0.01438	0.04642	0.03528	0.10233	0.19644	0.07081	0.09452	0.08020	0.16994	0.02636	0.04164	0.01062	0.00601	0.00544	0.00153	0.03538	0.00489	0.00387	0.03791
3	0.00755	0.00560	0.00772	0.00766	0.00846	0.00634	0.00568	0.00963	0.05048	0.01182	0.01447	0.02280	0.01409	0.21346	0.58295	0.00705	0.01107	0.00587	0.00292	0.00438
4	0.02818	0.43522	0.03453	0.12349	0.09919	0.01569	0.01016	0.06600	0.01181	0.11834	0.00966	0.01086	0.00761	0.00483	0.00408	0.00132	0.00553	0.00360	0.00296	0.00695
5	0.01354	0.05692	0.04083	0.01924	0.19914	0.17605	0.21641	0.03110	0.02577	0.01494	0.00896	0.01170	0.00740	0.00543	0.00713	0.00163	0.15000	0.00454	0.00256	0.00673
6	0.00706	0.00518	0.00742	0.00769	0.00846	0.00565	0.00579	0.00864	0.00903	0.01267	0.07404	0.18723	0.02062	0.07330	0.49802	0.00593	0.00963	0.04583	0.00344	0.00438
7	0.05276	0.00701	0.05074	0.00737	0.00936	0.00586	0.00620	0.01171	0.01309	0.10668	0.42253	0.05052	0.12047	0.01013	0.00580	0.00170	0.00328	0.10438	0.00510	0.00531
8	0.01250	0.05940	0.12928	0.17854	0.11620	0.06692	0.20619	0.07606	0.03759	0.03179	0.01052	0.03326	0.00829	0.00516	0.00515	0.00159	0.00697	0.00489	0.00282	0.00687
9	0.00640	0.00465	0.00609	0.00714	0.00769	0.00434	0.00505	0.00750	0.01011	0.01327	0.03004	0.64521	0.10745	0.01530	0.00648	0.00205	0.00312	0.10922	0.00469	0.00419
10	0.01160	0.00701	0.00789	0.00717	0.00900	0.00711	0.00548	0.17308	0.01368	0.08542	0.04722	0.20720	0.05746	0.00880	0.00488	0.00153	0.00335	0.00744	0.32898	0.00570
11	0.05426	0.16189	0.45218	0.06767	0.03013	0.01332	0.04115	0.03043	0.07379	0.01615	0.00965	0.01112	0.00724	0.00490	0.00454	0.00152	0.00658	0.00382	0.00252	0.00712
12	0.00703	0.00547	0.00646	0.00651	0.00781	0.00513	0.00481	0.00970	0.07507	0.01646	0.29934	0.20670	0.28459	0.01214	0.00604	0.00176	0.00276	0.03245	0.00503	0.00473
13	0.02224	0.00933	0.01218	0.00934	0.01327	0.00850	0.00771	0.12174	0.01568	0.69544	0.01894	0.01655	0.01201	0.00623	0.00508	0.00156	0.00447	0.00502	0.00610	0.00860
14	0.00897	0.00774	0.01036	0.00941	0.00951	0.00984	0.00714	0.00971	0.00774	0.01125	0.01210	0.06491	0.01327	0.32811	0.09735	0.00383	0.37542	0.00621	0.00273	0.00439
15	0.01287	0.03389	0.08319	0.02199	0.37219	0.01209	0.15478	0.03418	0.12562	0.06177	0.01198	0.01411	0.00937	0.02283	0.00560	0.00165	0.00615	0.00494	0.00315	0.00764
16	0.00795	0.00608	0.00753	0.00821	0.00923	0.00628	0.00612	0.01200	0.17509	0.01514	0.02608	0.48877	0.02869	0.01353	0.00629	0.00204	0.00352	0.16762	0.00478	0.00505
17	0.12644	0.10403	0.01473	0.01222	0.04258	0.53829	0.00919	0.01924	0.06308	0.01439	0.00853	0.00966	0.00701	0.00513	0.00429	0.00135	0.00761	0.00334	0.00279	0.00609
18	0.01313	0.68597	0.05377	0.00881	0.01300	0.01821	0.00874	0.05362	0.01124	0.01359	0.05167	0.01113	0.02964	0.00499	0.00362	0.00117	0.00525	0.00341	0.00257	0.00648
19	0.00643	0.00462	0.00591	0.00670	0.00711	0.00442	0.00447	0.00726	0.00933	0.01236	0.02677	0.56228	0.09309	0.15384	0.06800	0.00295	0.00401	0.01222	0.00427	0.00397
20	0.01198	0.46119	0.37716	0.01128	0.01704	0.01624	0.01322	0.01554	0.01046	0.01377	0.00796	0.00928	0.00645	0.00454	0.00396	0.00132	0.00635	0.00317	0.00215	0.00694
21	0.01248	0.01248	0.01713	0.10435	0.49014	0.11349	0.01302	0.04133	0.01210	0.01577	0.01354	0.04613	0.07438	0.00584	0.00509	0.00153	0.00606	0.00524	0.00285	0.00704
22	0.00611	0.00511	0.00523	0.00521	0.00680	0.00433	0.00385	0.00738	0.01144	0.01379	0.08712	0.04725	0.70829	0.05719	0.00706	0.00188	0.00268	0.01041	0.00465	0.00423
23	0.00990	0.04757	0.28973	0.39806	0.02639	0.01138	0.01460	0.01452	0.04998	0.01448	0.01088	0.04236	0.00885	0.00575	0.00502	0.00167	0.00659	0.03341	0.00253	0.00634
24	0.01213	0.01315	0.12829	0.03691	0.12133	0.01115	0.21644	0.15768	0.01390	0.03152	0.07653	0.09107	0.01451	0.00683	0.00556	0.00168	0.00615	0.04472	0.00356	0.00688
25	0.02010	0.01095	0.01302	0.01019	0.01399	0.01111	0.00841	0.33819	0.06044	0.40101	0.01699	0.01677	0.01170	0.00652	0.00515	0.00158	0.00483	0.03503	0.00563	0.00841
26	0.01151	0.00617	0.00824	0.00749	0.00939	0.00582	0.00589	0.01345	0.01222	0.23544	0.21771	0.07090	0.10692	0.01568	0.17592	0.00304	0.00548	0.04859	0.03444	0.00570
27	0.01138	0.01551	0.26653	0.05462	0.11245	0.07462	0.01209	0.07842	0.03989	0.04001	0.10125	0.14062	0.01621	0.00738	0.00525	0.00163	0.00573	0.00628	0.00349	0.00663
28	0.01168	0.01102	0.12126	0.07746	0.01529	0.00909	0.06485	0.12815	0.05659	0.10781	0.02351	0.13888	0.17602	0.00877	0.00554	0.00171	0.00488	0.02688	0.00423	0.00637
29	0.00713	0.00490	0.00584	0.00612	0.00634	0.00486	0.00383	0.00755	0.00820	0.01089	0.01982	0.17493	0.04935	0.56385	0.06041	0.00430	0.00490	0.04983	0.00348	0.00346
30	0.01592	0.08271	0.11919	0.01506	0.10249	0.01303	0.14631	0.25420	0.01568	0.15343	0.01228	0.02602	0.00899	0.00546	0.00506	0.00154	0.00611	0.00479	0.00391	0.00782
31	0.01581	0.01576	0.16489	0.01824	0.26079	0.10548	0.04054	0.11687	0.01392	0.18084	0.01178	0.01274	0.00854	0.00521	0.00497	0.00152	0.00633	0.00439	0.00357	0.00781
32	0.00872	0.00759	0.07313	0.00849	0.01041	0.00617	0.04524	0.01098	0.01166	0.07071	0.25006	0.10776	0.08395	0.07681	0.09529	0.00273	0.00506	0.11577	0.00440	0.00509
33	0.01385	0.00733	0.01011	0.05262	0.01213	0.00753	0.00717	0.03638	0.05372	0.31009	0.01621	0.01898	0.01264	0.06518	0.34710	0.00457	0.00844	0.00534	0.00425	0.00635
34	0.05717	0.00910	0.00994	0.00806	0.01155	0.00855	0.00635	0.01672	0.25877	0.01819	0.04806	0.01797	0.08958	0.00597	0.00447	0.00123	0.00366	0.00487	0.00397	0.41582
35	0.00660	0.00484	0.00623	0.00675	0.00757	0.00447	0.00487	0.00812	0.01153	0.01552	0.27378	0.41806	0.13109	0.01357	0.00628	0.00188	0.00284	0.06664	0.00497	0.00438
36	0.01361	0.01095	0.01214	0.00927	0.01335	0.01055	0.00748	0.25769	0.14156	0.02215	0.01190	0.01239	0.00915	0.00500	0.00439	0.00115	0.00437	0.00394	0.00401	0.44494
37	0.04936	0.00956	0.01269	0.00938	0.01364	0.00817	0.07117	0.05929	0.01267	0.29138	0.01305	0.01312	0.00926	0.00484	0.00445	0.00119	0.00445	0.00406	0.00423	0.40405
38	0.01112	0.06372	0.40807	0.01450	0.05760	0.04521	0.01493	0.01476	0.00981	0.01432	0.00808	0.01070	0.00658	0.00620	0.00887	0.00177	0.29092	0.00394	0.00220	0.00670
39	0.00615	0.00492	0.00550	0.00580	0.00705	0.00427	0.00418	0.00743	0.01128	0.01412	0.11982	0.26866	0.49619	0.01343	0.00611	0.00179	0.00265	0.01158	0.00478	0.00427
40	0.00878	0.00439	0.00659	0.00659	0.00659	0.00439	0.00439	0.00659	0.00659	0.00878	0.00878	0.01537	0.00878	0.01757	0.01976	0.85288	0.00439	0.00439	0.00220	0.00220
41	0.00670	0.00522	0.00765	0.06644	0.01021	0.00506	0.04060	0.00799	0.01006	0.01336	0.05422	0.66373	0.06110	0.01420	0.00629	0.00198	0.00343	0.01293	0.00445	0.00437
42	0.01134	0.01063	0.01759	0.28898	0.45391	0.01129	0.01403	0.03070	0.01119	0.01552	0.01001	0.04086	0.00846	0.00508	0.00501	0.00154	0.00602	0.00477	0.00257	0.05049
43	0.00760	0.00517	0.00775	0.00775	0.00843	0.00585	0.00585	0.00843	0.00775	0.01102	0.01238	0.01877	0.01170	0.03296	0.61147	0.21409	0.01131	0.00517	0.00258	0.00395
44	0.00613	0.00451	0.00575	0.00674	0.00726	0.00413	0.00456	0.00707	0.00997	0.01303	0.03150	0.69936	0.15073	0.01537	0.00638	0.00200	0.00288	0.01380	0.00469	0.00413
45	0.03519	0.03057	0.03640	0.05301	0.54211	0.04435	0.04052	0.09447	0.01260	0.01770	0.00949	0.01211	0.00777	0.00488	0.00538	0.00153	0.03711	0.00441	0.00276	0.00765
46	0.01103	0.00640	0.00779	0.00708	0.00925	0.00579	0.00562	0.01354	0.05536	0.21269	0.18853	0.03776	0.31890	0.01045	0.00581	0.00171	0.00327	0.08801	0.00529	0.00571
47	0.00898	0.01599	0.38991	0.18954	0.02051	0.00948	0.01356	0.01275	0.01013	0.01423	0.01398	0.16498	0.03488	0.00889	0.03476	0.03607	0.00641	0.00620	0.00274	0.00601
48	0.01010	0.00752	0.01052	0.01169	0.11399	0.00765	0.02735	0.08868	0.03895	0.06340	0.05743	0.40230	0.02430	0.01148	0.00637	0.00188	0.03341	0.07284	0.00444	0.00569
49	0.01211	0.00960	0.01051	0.01007	0.05908	0.07528	0.00726	0.13602	0.12432	0.07126	0.33568	0.08293	0.02763	0.00851	0.00550	0.00160	0.00408	0.00726	0.00497	0.00633
50	0.00678	0.00498	0.00638	0.00651	0.00752	0.00457	0.00477	0.00863	0.01262	0.01729	0.46493	0.25382	0.12964	0.01227	0.00614	0.00176	0.00264	0.03904	0.00519	0.00453
51	0.04015	0.00949	0.01112	0.00931	0.01257	0.00979	0.00744	0.02475	0.37113	0.37354	0.01971	0.01782	0.01371	0.00648	0.00498	0.00161	0.00405	0.00530	0.04900	0.00804
52	0.01213	0.01245	0.02188	0.01659	0.02019	0.03415	0.42668	0.06854	0.12597	0.01712	0.01286	0.08164	0.01089	0.00634	0.00711	0.00178	0.10746	0.00627	0.00325	0.00670
53	0.01511	0.01229	0.01285	0.01083	0.01412	0.02689	0.00862	0.29961	0.49200	0.02492	0.01729	0.01625	0.01279	0.00654	0.00510	0.00164	0.00466	0.00525	0.00507	0.00819
54	0.01314	0.22447	0.06380	0.00864	0.01307	0.01111	0.00784	0.05099	0.02693	0.11176	0.02723	0.01154	0.00887	0.00459	0.00398	0.00106	0.00454	0.00348	0.00332	0.39964
55	0.01273	0.16675	0.42658	0.01416	0.08351	0.06175	0.03109	0.03631	0.01165	0.07922	0.02523	0.01145	0.00797	0.00497	0.00460	0.00148	0.00669	0.00387	0.00269	0.00729
56	0.01045	0.02399	0.66375	0.01560	0.02267	0.01192	0.14885	0.01605	0.01089	0.01605	0.00927	0.01119	0.00662	0.00471	0.00501	0.00162	0.00765	0.00412	0.00221	0.00736
57	0.05181	0.00714	0.00992	0.25025	0.01642	0.00811	0.00818	0.01036	0.01067	0.01465	0.15717	0.06926	0.18903	0.00963	0.00750	0.04702	0.09287	0.03154	0.00362	0.00486
58	0.01127	0.03062	0.26768	0.07372	0.29774	0.01125	0.09561	0.01523	0.01154	0.03862	0.08744	0.01469	0.01144	0.00524	0.00511	0.00157	0.00637	0.00486	0.00278	0.00722
59	0.01367	0.01267	0.10087	0.04348	0.14890	0.07398	0.16196	0.01657	0.01227	0.17991	0.09873	0.01783	0.01384	0.07440	0.00701	0.00185	0.00609	0.00549	0.00365	0.00681
60	0.00766	0.00511	0.00623	0.00601	0.00664	0.00489	0.00396	0.00876	0.01060	0.03584	0.34854	0.05486	0.03123	0.42993	0.01617	0.00331	0.00375	0.00824	0.00427	0.00398
61	0.01087	0.07521	0.56686	0.04369	0.09426	0.03259	0.06614	0.01585	0.01093	0.01565	0.01771	0.01124	0.00712	0.00479	0.00481	0.00156	0.00723	0.00396	0.00225	0.00728
62	0.07124	0.11688	0.14298	0.03808	0.23956	0.02785	0.01180	0.03120	0.11865	0.07210	0.02736	0.01527	0.03821	0.00567	0.00473	0.00153	0.00548	0.02087	0.00330	0.00723
63	0.00967	0.06806	0.01399	0.01729	0.32781	0.00891	0.02340	0.02483	0.01086	0.01478	0.01884	0.36239	0.03967	0.00987	0.00560	0.00174	0.00455	0.02815	0.00358	0.00602
64	0.00842	0.00480	0.00510	0.00510	0.00571	0.00480	0.00331	0.00964	0.00903	0.01448	0.01622	0.02573	0.01558	0.40043	0.01426	0.00298	0.00359	0.00599	0.44089	0.00392
65	0.01535	0.00976	0.01557	0.17031	0.07719	0.00980	0.13117	0.07039	0.01325	0.29651	0.05488	0.01713	0.03495	0.00601	0.00548	0.00161	0.02312	0.00538	0.03500	0.00715
66	0.01159	0.01235	0.07406	0.29857	0.25950	0.04783	0.05249	0.03769	0.10221	0.01590	0.01112	0.03478	0.00893	0.00536	0.00509	0.00162	0.00631	0.00487	0.00284	0.00688
67	0.02236	0.00912	0.01206	0.00924	0.01317	0.00820	0.00764	0.09454	0.01534	0.72313	0.01922	0.01674	0.01215	0.00624	0.00508	0.00156	0.00442	0.00504	0.00615	0.00861
68	0.00625	0.00444	0.00584	0.00693	0.00720	0.00417	0.00457	0.00706	0.00951	0.01268	0.02698	0.76006	0.03232	0.07631	0.00790	0.00227	0.00308	0.01385	0.00457	0.00403
69	0.09787	0.01455	0.01535	0.06152	0.09751	0.19335	0.07358	0.19781	0.07060	0.11184	0.01157	0.01240	0.00853	0.00545	0.00484	0.00152	0.00632	0.00434	0.00382	0.00724
70	0.01323	0.40377	0.01852	0.00900	0.01230	0.01508	0.00799	0.20044	0.01332	0.01714	0.05277	0.01401	0.01092	0.05635	0.13225	0.00255	0.00655	0.00421	0.00320	0.00641
71	0.00816	0.00731	0.05238	0.00893	0.01033	0.00738	0.02950	0.04024	0.00892	0.01274	0.01313	0.01983	0.01233	0.10908	0.59898	0.00679	0.04094	0.00546	0.00278	0.00480
72	0.00723	0.00538	0.00794	0.00794	0.00877	0.00622	0.00608	0.00891	0.00807	0.01160	0.01372	0.02083	0.01306	0.09496	0.74578	0.00789	0.01292	0.00556	0.00273	0.00441
73	0.01775	0.18372	0.01709	0.01120	0.01490	0.20160	0.00932	0.42318	0.01848	0.02287	0.01016	0.01074	0.00777	0.00550	0.00453	0.00137	0.00630	0.00387	0.02221	0.00743

[dist]
# distance from previous block
# <min> <max>
0	13

[block]
# block no. 2 follows, 49 sequences, length 14
# corresponding to MSA columns:
# 362-375
name=unknown_C
#
# <colnr> <probs for GDERKNQSTAVLIFYWHMCP>
#	G	D	E	R	K	N	Q	S	T	A	V	L	I	F	Y	W	H	M	C	P
0	0.02644	0.04950	0.05885	0.00744	0.00995	0.00753	0.00634	0.03652	0.10426	0.10429	0.22442	0.02959	0.21623	0.00877	0.00524	0.00156	0.00343	0.00731	0.08647	0.00584
1	0.01386	0.28073	0.14630	0.01046	0.01533	0.01257	0.07394	0.01661	0.01132	0.16187	0.01053	0.01127	0.00795	0.00463	0.00419	0.00123	0.00541	0.00367	0.00316	0.20497
2	0.00637	0.00470	0.00596	0.00656	0.00730	0.00429	0.00457	0.00767	0.01109	0.01479	0.21280	0.50525	0.16202	0.01403	0.00626	0.00189	0.00274	0.01252	0.00490	0.00429
3	0.02166	0.00921	0.01192	0.00918	0.01300	0.00845	0.00757	0.12714	0.01559	0.65735	0.01873	0.01658	0.01200	0.00622	0.00502	0.00154	0.00440	0.00500	0.04099	0.00844
4	0.01059	0.04302	0.27763	0.01286	0.05302	0.08733	0.08114	0.01440	0.04866	0.03155	0.04703	0.21989	0.01634	0.00817	0.00539	0.00170	0.00592	0.02579	0.00333	0.00626
5	0.00996	0.01408	0.26432	0.01167	0.05065	0.05826	0.06367	0.01269	0.00996	0.03458	0.01361	0.05280	0.01332	0.27245	0.04951	0.00302	0.00660	0.05043	0.00290	0.00551
6	0.00688	0.00511	0.00608	0.00602	0.00690	0.00495	0.00418	0.00800	0.00992	0.01307	0.15427	0.03616	0.25627	0.29692	0.15973	0.00398	0.00537	0.00830	0.00391	0.00398
7	0.01485	0.00710	0.00909	0.00763	0.01021	0.00651	0.00605	0.01781	0.06766	0.37604	0.26833	0.02567	0.06271	0.00790	0.00526	0.00155	0.00339	0.00668	0.08880	0.00673
8	0.08160	0.06162	0.07987	0.04031	0.09511	0.21605	0.04760	0.10271	0.08538	0.09990	0.01136	0.01223	0.00853	0.00534	0.00466	0.00147	0.00636	0.00414	0.02875	0.00702
9	0.00791	0.00639	0.03343	0.00785	0.00892	0.00624	0.00596	0.07286	0.01012	0.01385	0.01994	0.32336	0.04059	0.11427	0.29900	0.00453	0.00739	0.00903	0.00373	0.00463
10	0.01387	0.00647	0.00865	0.00794	0.01005	0.00575	0.00610	0.01536	0.01213	0.37266	0.02580	0.35067	0.07649	0.01111	0.00582	0.00182	0.00364	0.05404	0.00541	0.00622
11	0.01053	0.02262	0.02696	0.00859	0.01094	0.02881	0.02487	0.08346	0.02962	0.05695	0.18800	0.11049	0.02444	0.00925	0.00550	0.00163	0.00405	0.16761	0.05489	0.13079
12	0.04542	0.17662	0.10787	0.20815	0.24471	0.05799	0.01295	0.01566	0.01106	0.06098	0.00927	0.01157	0.00730	0.00479	0.00455	0.00147	0.00622	0.00395	0.00258	0.00688
13	0.01163	0.00960	0.01602	0.01351	0.06530	0.00970	0.25196	0.01632	0.12919	0.07026	0.06883	0.04392	0.01408	0.00625	0.00571	0.00159	0.04714	0.00589	0.20673	0.00639

[dist]
# distance from previous block
# <min> <max>
2	5

[block]
# block no. 3 follows, 49 sequences, length 17
# corresponding to MSA columns:
# 381-397
name=unknown_D
#
# <colnr> <probs for GDERKNQSTAVLIFYWHMCP>
#	G	D	E	R	K	N	Q	S	T	A	V	L	I	F	Y	W	H	M	C	P
0	0.01737	0.01379	0.01392	0.02946	0.07608	0.20970	0.02813	0.13481	0.01454	0.22565	0.01234	0.01282	0.00894	0.00557	0.00530	0.00141	0.04472	0.00422	0.03428	0.10695
1	0.01149	0.17987	0.15486	0.07574	0.06873	0.01309	0.03547	0.03809	0.03746	0.04240	0.01309	0.06262	0.06113	0.00679	0.00696	0.00163	0.15793	0.00507	0.00289	0.02468
2	0.02397	0.03630	0.07263	0.16459	0.08873	0.01004	0.03765	0.05975	0.12196	0.06208	0.13777	0.03870	0.05345	0.00714	0.00527	0.00163	0.00497	0.04180	0.00392	0.02765
3	0.00638	0.00500	0.00593	0.00631	0.00747	0.00454	0.00467	0.00776	0.01097	0.01395	0.10071	0.26436	0.39654	0.01554	0.06924	0.00235	0.00368	0.06568	0.00461	0.00431
4	0.00878	0.00439	0.00659	0.00659	0.00659	0.00439	0.00439	0.00659	0.00659	0.00878	0.00878	0.01537	0.00878	0.01757	0.01976	0.85288	0.00439	0.00439	0.00220	0.00220
5	0.01612	0.08521	0.04394	0.07996	0.16288	0.07561	0.04134	0.10607	0.01381	0.24129	0.03736	0.02775	0.01076	0.00569	0.00489	0.00150	0.00561	0.00476	0.02802	0.00741
6	0.01271	0.01578	0.20096	0.03151	0.21018	0.09103	0.04305	0.06818	0.13519	0.03931	0.08978	0.01545	0.01278	0.00576	0.00508	0.00156	0.00602	0.00493	0.00342	0.00730
7	0.00619	0.00464	0.00576	0.00652	0.00723	0.00420	0.00449	0.00729	0.01050	0.01368	0.09379	0.56856	0.21944	0.01466	0.00630	0.00193	0.00280	0.01305	0.00476	0.00420
8	0.00610	0.00462	0.00564	0.00645	0.00718	0.00416	0.00443	0.00711	0.01025	0.01314	0.03509	0.58102	0.26675	0.01490	0.00631	0.00195	0.00282	0.01323	0.00469	0.00416
9	0.17689	0.01015	0.01101	0.00855	0.01245	0.03127	0.00696	0.11269	0.03730	0.25808	0.01270	0.01255	0.00901	0.00513	0.00427	0.00130	0.00433	0.00387	0.00434	0.27716
10	0.01361	0.31117	0.01762	0.01098	0.06499	0.01493	0.00871	0.02163	0.39311	0.07044	0.01480	0.01436	0.01144	0.00573	0.00443	0.00146	0.00467	0.00448	0.00395	0.00749
11	0.00722	0.00542	0.00813	0.00813	0.00903	0.00632	0.00632	0.00903	0.00813	0.01174	0.01354	0.01987	0.01264	0.03792	0.80225	0.00813	0.01354	0.00542	0.00271	0.00451
12	0.55287	0.15158	0.01131	0.00737	0.01056	0.01262	0.00631	0.06549	0.01017	0.03677	0.00839	0.00955	0.00662	0.00494	0.00363	0.00146	0.02117	0.00309	0.07023	0.00587
13	0.00635	0.00458	0.00607	0.00693	0.00742	0.00430	0.00475	0.00750	0.01036	0.01398	0.14164	0.64832	0.05516	0.01585	0.03918	0.00223	0.00328	0.01312	0.00474	0.00423
14	0.01150	0.04379	0.32574	0.01305	0.01682	0.06239	0.01348	0.04084	0.01018	0.01473	0.00807	0.01069	0.00667	0.00637	0.00931	0.00174	0.32477	0.00392	0.00237	0.07359
15	0.01076	0.00862	0.01060	0.30342	0.01857	0.06154	0.00864	0.01486	0.11542	0.04689	0.06800	0.01847	0.01337	0.06238	0.00615	0.00175	0.00490	0.00518	0.21488	0.00561
16	0.00918	0.00737	0.00909	0.00815	0.01024	0.00719	0.00636	0.01233	0.09627	0.02858	0.09427	0.14161	0.05678	0.04364	0.06322	0.00216	0.06839	0.08576	0.00397	0.24543

[dist]
# distance from previous block
# <min> <max>
0	3

[block]
# block no. 4 follows, 49 sequences, length 14
# corresponding to MSA columns:
# 401-414
name=unknown_E
#
# <colnr> <probs for GDERKNQSTAVLIFYWHMCP>
#	G	D	E	R	K	N	Q	S	T	A	V	L	I	F	Y	W	H	M	C	P
0	0.01379	0.40665	0.06593	0.01081	0.01489	0.01532	0.10261	0.09954	0.04509	0.07910	0.01110	0.04860	0.00943	0.02423	0.03096	0.00166	0.00592	0.00441	0.00314	0.00681
1	0.00697	0.00497	0.00573	0.00581	0.00629	0.00486	0.00368	0.00749	0.00848	0.01104	0.02403	0.08683	0.18393	0.51231	0.10266	0.00437	0.00519	0.00832	0.00348	0.00355
2	0.18567	0.00596	0.00606	0.00585	0.00683	0.00614	0.00391	0.00913	0.00882	0.01406	0.10353	0.02934	0.10515	0.43269	0.01630	0.04226	0.00413	0.00682	0.00350	0.00386
3	0.01170	0.10692	0.31030	0.06130	0.18474	0.06537	0.12820	0.01564	0.01118	0.01518	0.00968	0.03943	0.00791	0.00503	0.00491	0.00154	0.00700	0.00450	0.00241	0.00706
4	0.01297	0.01132	0.12139	0.01643	0.24317	0.00906	0.03623	0.04096	0.01214	0.18291	0.01694	0.16329	0.01559	0.00801	0.00550	0.00172	0.00521	0.08620	0.00397	0.00699
5	0.00774	0.00510	0.00729	0.00753	0.00829	0.00534	0.00553	0.00884	0.00912	0.04747	0.06410	0.28318	0.02114	0.02532	0.36990	0.09976	0.00795	0.00846	0.00363	0.00432
6	0.00979	0.00942	0.01626	0.71780	0.03328	0.01153	0.06953	0.01313	0.01014	0.01313	0.00898	0.01339	0.00680	0.00516	0.00562	0.00171	0.04176	0.00460	0.00227	0.00570
7	0.01198	0.07098	0.31549	0.05280	0.17189	0.01253	0.08733	0.08507	0.06150	0.01752	0.01014	0.01193	0.00771	0.00486	0.00485	0.00151	0.00650	0.00422	0.00277	0.05846
8	0.00874	0.14450	0.01294	0.01027	0.06348	0.00870	0.07417	0.01029	0.00946	0.01262	0.01676	0.27448	0.01822	0.11706	0.19167	0.00357	0.00675	0.00806	0.00327	0.00498
9	0.00711	0.00541	0.00680	0.00716	0.00798	0.00550	0.00509	0.00934	0.07392	0.01386	0.09108	0.39103	0.12394	0.08611	0.12239	0.00306	0.02073	0.01066	0.00433	0.00451
10	0.01410	0.00989	0.02990	0.01388	0.15531	0.00945	0.05920	0.15020	0.03930	0.18909	0.03348	0.21392	0.01640	0.00814	0.00543	0.00166	0.00478	0.00725	0.00449	0.03415
11	0.05035	0.01316	0.07721	0.04037	0.08620	0.07650	0.00991	0.17562	0.20015	0.09777	0.08121	0.01601	0.01338	0.00633	0.00540	0.00159	0.03210	0.00503	0.00429	0.00741
12	0.01100	0.07284	0.03660	0.01226	0.14207	0.02779	0.00839	0.01421	0.09703	0.08190	0.06632	0.08719	0.10990	0.09492	0.00829	0.00204	0.05980	0.05757	0.00389	0.00600
13	0.03018	0.02555	0.10955	0.03639	0.04119	0.21514	0.03349	0.09182	0.07027	0.06615	0.01278	0.08635	0.01099	0.00972	0.08955	0.00220	0.00714	0.00512	0.00343	0.05299

[dist]
# distance from previous block
# <min> <max>
0	10

[block]
# block no. 5 follows, 49 sequences, length 17
# corresponding to MSA columns:
# 425-441
name=unknown_F
#
# <colnr> <probs for GDERKNQSTAVLIFYWHMCP>
#	G	D	E	R	K	N	Q	S	T	A	V	L	I	F	Y	W	H	M	C	P
0	0.04722	0.10062	0.21938	0.01065	0.01416	0.08786	0.04501	0.01374	0.04819	0.01461	0.04041	0.13408	0.03845	0.01287	0.14777	0.00276	0.00723	0.00601	0.00307	0.00590
1	0.01329	0.00803	0.01052	0.04933	0.09285	0.00773	0.00744	0.07468	0.05344	0.24608	0.12692	0.06025	0.21093	0.00861	0.00547	0.00163	0.00394	0.00730	0.00497	0.00659
2	0.01332	0.05337	0.22681	0.12701	0.13764	0.08774	0.04580	0.05363	0.05108	0.10009	0.01169	0.01456	0.00904	0.00554	0.00499	0.00158	0.00652	0.03933	0.00313	0.00714
3	0.01532	0.00960	0.01212	0.01184	0.11018	0.00961	0.00841	0.23084	0.02993	0.22575	0.04806	0.06277	0.12313	0.00818	0.00545	0.00166	0.00452	0.07042	0.00497	0.00722
4	0.00709	0.00513	0.00626	0.00631	0.00698	0.00516	0.00436	0.00801	0.00890	0.01178	0.05646	0.03457	0.16880	0.39667	0.20425	0.00475	0.00637	0.05083	0.00350	0.00381
5	0.00993	0.01749	0.39162	0.05183	0.11833	0.04972	0.03979	0.01381	0.01094	0.01520	0.03575	0.16265	0.04677	0.00732	0.00526	0.00167	0.00618	0.00634	0.00290	0.00652
6	0.01238	0.06269	0.25456	0.01567	0.07004	0.01166	0.23861	0.04021	0.05946	0.09276	0.04827	0.04771	0.01117	0.00562	0.00525	0.00161	0.00656	0.00537	0.00323	0.00717
7	0.00988	0.01548	0.35485	0.01142	0.01578	0.00901	0.05013	0.01453	0.07808	0.05383	0.05612	0.21411	0.01704	0.00824	0.00538	0.00170	0.00543	0.02760	0.00354	0.04783
8	0.00761	0.00544	0.00716	0.00828	0.00891	0.00513	0.00609	0.00870	0.01078	0.01434	0.02811	0.58287	0.03258	0.01568	0.00693	0.00228	0.00374	0.23574	0.00493	0.00471
9	0.01305	0.01395	0.09502	0.17273	0.22054	0.05797	0.14435	0.15939	0.01367	0.01828	0.01048	0.03828	0.00839	0.00530	0.00519	0.00159	0.00672	0.00493	0.00299	0.00715
10	0.01143	0.03706	0.01207	0.01278	0.15587	0.04789	0.00840	0.04898	0.08502	0.08745	0.04057	0.09786	0.14741	0.01250	0.11476	0.00255	0.06054	0.00679	0.00389	0.00619
11	0.01134	0.05070	0.01375	0.08917	0.05269	0.07972	0.00908	0.01329	0.00996	0.01413	0.00845	0.01134	0.00738	0.00740	0.05346	0.00176	0.22141	0.00375	0.00260	0.33864
12	0.00845	0.00500	0.00576	0.00601	0.00682	0.00518	0.00438	0.01024	0.01012	0.01647	0.01966	0.28339	0.01936	0.00937	0.00531	0.00153	0.05247	0.00790	0.51803	0.00456
13	0.01075	0.00791	0.00965	0.09939	0.03307	0.03766	0.00709	0.06902	0.04902	0.08263	0.27422	0.02698	0.06410	0.04854	0.03094	0.00192	0.00435	0.04107	0.05329	0.04841
14	0.07234	0.06559	0.03040	0.01104	0.01410	0.25728	0.00887	0.09325	0.29909	0.05234	0.01338	0.01335	0.01022	0.00596	0.00505	0.00153	0.03087	0.00435	0.00393	0.00707
15	0.00840	0.00491	0.00702	0.00741	0.00790	0.00486	0.00561	0.00792	0.00857	0.01119	0.01730	0.03124	0.06193	0.01608	0.01468	0.51875	0.00437	0.25554	0.00316	0.00314
16	0.01393	0.05769	0.29252	0.01471	0.06752	0.19903	0.07901	0.05102	0.07113	0.05518	0.01026	0.01160	0.00775	0.00527	0.00535	0.00154	0.04242	0.00410	0.00288	0.00709

[dist]
# distance from previous block
# <min> <max>
0	3

[block]
# block no. 6 follows, 49 sequences, length 14
# corresponding to MSA columns:
# 445-458
name=unknown_G
#
# <colnr> <probs for GDERKNQSTAVLIFYWHMCP>
#	G	D	E	R	K	N	Q	S	T	A	V	L	I	F	Y	W	H	M	C	P
0	0.01158	0.19689	0.44727	0.01270	0.05022	0.01283	0.01407	0.01638	0.05340	0.05908	0.07022	0.01310	0.01053	0.00531	0.00460	0.00149	0.00620	0.00415	0.00282	0.00716
1	0.01370	0.05039	0.13357	0.01721	0.13551	0.01330	0.22298	0.22574	0.06666	0.02085	0.04192	0.01369	0.00985	0.00530	0.00523	0.00158	0.00649	0.00500	0.00345	0.00757
2	0.00827	0.00652	0.00979	0.27618	0.01700	0.00756	0.00832	0.01053	0.00969	0.01365	0.05863	0.10614	0.01562	0.05246	0.22859	0.00363	0.02468	0.03128	0.10661	0.00484
3	0.03865	0.03336	0.14656	0.01213	0.04753	0.03673	0.13969	0.01446	0.11582	0.01576	0.02451	0.02478	0.26699	0.00786	0.00601	0.00168	0.05113	0.00668	0.00353	0.00614
4	0.01150	0.01536	0.32432	0.01070	0.01529	0.00939	0.02284	0.11657	0.01319	0.09714	0.06405	0.05951	0.15809	0.00763	0.00526	0.00162	0.00530	0.02351	0.00384	0.03492
5	0.00654	0.00506	0.00569	0.00575	0.00681	0.00472	0.00402	0.00752	0.00981	0.01230	0.03508	0.08332	0.42896	0.23703	0.12198	0.00349	0.00475	0.00924	0.00398	0.00397
6	0.01252	0.01142	0.06178	0.11105	0.37592	0.01058	0.08635	0.03684	0.01211	0.10439	0.03702	0.01752	0.08825	0.00581	0.00523	0.00158	0.00576	0.00542	0.00326	0.00721
7	0.01196	0.10036	0.14503	0.01052	0.04586	0.07734	0.00925	0.07464	0.01273	0.07350	0.13187	0.12888	0.01807	0.00755	0.00502	0.00149	0.00501	0.03148	0.00379	0.10565
8	0.00684	0.00513	0.00653	0.00689	0.00740	0.00519	0.00477	0.00781	0.00955	0.01281	0.08826	0.38024	0.11863	0.18468	0.08306	0.00313	0.05023	0.01066	0.00411	0.00408
9	0.00797	0.00572	0.00725	0.05084	0.00940	0.00557	0.00548	0.00977	0.01202	0.01705	0.31184	0.13956	0.13995	0.01484	0.11950	0.00267	0.00455	0.00883	0.12225	0.00495
10	0.01245	0.36593	0.34670	0.01287	0.06168	0.04225	0.02881	0.04895	0.01128	0.01486	0.00834	0.00976	0.00666	0.00464	0.00418	0.00136	0.00650	0.00340	0.00232	0.00707
11	0.06139	0.15336	0.12034	0.05887	0.26654	0.08908	0.05490	0.08914	0.01233	0.01674	0.00898	0.01110	0.00725	0.00504	0.00491	0.01994	0.00637	0.00396	0.00267	0.00707
12	0.00936	0.00820	0.00829	0.00788	0.00854	0.11067	0.00551	0.02641	0.00885	0.01129	0.01349	0.02446	0.01427	0.43471	0.22301	0.00500	0.06703	0.00604	0.00289	0.00411
13	0.05659	0.04487	0.01865	0.02580	0.60577	0.08192	0.01355	0.01541	0.01156	0.01613	0.01152	0.01388	0.05235	0.00505	0.00485	0.00148	0.00595	0.00458	0.00266	0.00741

[dist]
# distance from previous block
# <min> <max>
7	18

[block]
# block no. 7 follows, 49 sequences, length 6
# corresponding to MSA columns:
# 477-482
name=unknown_H
#
# <colnr> <probs for GDERKNQSTAVLIFYWHMCP>
#	G	D	E	R	K	N	Q	S	T	A	V	L	I	F	Y	W	H	M	C	P
0	0.00725	0.00564	0.00721	0.00706	0.00812	0.00537	0.03974	0.00911	0.05254	0.01372	0.10186	0.22688	0.21574	0.22312	0.01124	0.00264	0.00371	0.05046	0.00428	0.00431
1	0.01152	0.12593	0.17058	0.01238	0.01548	0.06258	0.07505	0.04606	0.04371	0.01454	0.01190	0.04544	0.04895	0.00869	0.05198	0.00208	0.23921	0.00494	0.00274	0.00623
2	0.01188	0.01305	0.13134	0.14085	0.25378	0.01114	0.08738	0.06457	0.05389	0.04131	0.06105	0.01444	0.01066	0.00521	0.00505	0.00152	0.00596	0.00479	0.00308	0.07905
3	0.01225	0.01174	0.04778	0.20958	0.09972	0.09631	0.04051	0.09403	0.03058	0.05257	0.07903	0.01718	0.06013	0.00732	0.03755	0.00177	0.00609	0.00512	0.00339	0.08736
4	0.00917	0.00831	0.01046	0.00965	0.01035	0.06112	0.00760	0.01064	0.00895	0.01257	0.08490	0.01920	0.01418	0.08525	0.37314	0.00500	0.25635	0.00548	0.00285	0.00483
5	0.00790	0.00643	0.00880	0.03974	0.10949	0.00648	0.00644	0.00957	0.01125	0.01532	0.27127	0.11080	0.16611	0.14660	0.00984	0.00224	0.05412	0.00857	0.00417	0.00482

[dist]
# distance from previous block
# <min> <max>
6	40

[block]
# block no. 8 follows, 49 sequences, length 35
# corresponding to MSA columns:
# 523-557
name=unknown_I
#
# <colnr> <probs for GDERKNQSTAVLIFYWHMCP>
#	G	D	E	R	K	N	Q	S	T	A	V	L	I	F	Y	W	H	M	C	P
0	0.04018	0.21046	0.10836	0.01016	0.01300	0.09512	0.05954	0.01324	0.01052	0.01391	0.08315	0.08426	0.01435	0.10599	0.01962	0.00202	0.07948	0.00551	0.02552	0.00559
1	0.00681	0.00526	0.00630	0.00690	0.00785	0.00501	0.00490	0.00913	0.08095	0.01426	0.06748	0.48963	0.22408	0.01394	0.00621	0.00192	0.00297	0.03707	0.00477	0.00455
2	0.04370	0.25801	0.07912	0.21947	0.21366	0.01410	0.05496	0.01472	0.01061	0.01438	0.00853	0.01114	0.00698	0.00459	0.00442	0.00142	0.00613	0.00388	0.00235	0.02784
3	0.01336	0.32916	0.16062	0.01045	0.01433	0.21718	0.01013	0.01576	0.01122	0.01334	0.00900	0.01082	0.00759	0.00784	0.07690	0.00189	0.00723	0.00345	0.07354	0.00618
4	0.04561	0.20176	0.04260	0.01003	0.01367	0.12977	0.02749	0.09574	0.05899	0.23029	0.08351	0.01473	0.01264	0.00589	0.00461	0.00142	0.00541	0.00451	0.00417	0.00713
5	0.00910	0.03343	0.16787	0.00840	0.01102	0.00673	0.00790	0.01165	0.01198	0.08736	0.27702	0.19560	0.08461	0.03792	0.00638	0.00181	0.00395	0.02731	0.00448	0.00548
6	0.04663	0.00618	0.00735	0.00687	0.00868	0.00582	0.00521	0.01263	0.06694	0.14624	0.24319	0.17239	0.20227	0.01055	0.00564	0.00169	0.00302	0.00907	0.03419	0.00543
7	0.01121	0.01127	0.02178	0.22479	0.18693	0.01148	0.34716	0.01480	0.01125	0.01567	0.01034	0.01385	0.00799	0.00467	0.00531	0.00161	0.00697	0.00517	0.08119	0.00656
8	0.00830	0.00666	0.00792	0.00757	0.00868	0.00721	0.00556	0.01200	0.15830	0.01524	0.16887	0.12383	0.14055	0.17618	0.05481	0.00277	0.07798	0.00834	0.00428	0.00495
9	0.00633	0.00487	0.00564	0.00597	0.00698	0.00434	0.00418	0.00752	0.01093	0.01400	0.14533	0.30018	0.36316	0.08742	0.00794	0.00210	0.00287	0.01137	0.00467	0.00418
10	0.00729	0.00517	0.00688	0.00688	0.00736	0.00565	0.00477	0.00823	0.00776	0.01082	0.01468	0.02616	0.01537	0.41119	0.43272	0.00659	0.00943	0.00634	0.00288	0.00382
11	0.01014	0.02616	0.79609	0.01441	0.02189	0.01174	0.01868	0.01601	0.01068	0.01601	0.00907	0.01068	0.00641	0.00480	0.00480	0.00160	0.00747	0.00374	0.00214	0.00747
12	0.00891	0.00821	0.01338	0.66200	0.02972	0.00994	0.01224	0.01186	0.01020	0.01299	0.01464	0.09035	0.08179	0.00676	0.00527	0.00172	0.00600	0.00597	0.00270	0.00535
13	0.01090	0.00796	0.00934	0.00912	0.01104	0.00854	0.00752	0.13550	0.17270	0.01944	0.02178	0.07872	0.02099	0.01021	0.00579	0.00190	0.00425	0.33528	0.12306	0.00596
14	0.00696	0.00502	0.00641	0.00632	0.00741	0.00462	0.00464	0.00900	0.01320	0.01845	0.57719	0.16836	0.10641	0.01133	0.00598	0.00167	0.00249	0.01002	0.02991	0.00462
15	0.06485	0.01020	0.01224	0.00993	0.01321	0.01076	0.00809	0.12645	0.19938	0.38942	0.01710	0.01585	0.01176	0.00653	0.00604	0.00165	0.07827	0.00497	0.00528	0.00801
16	0.01336	0.11282	0.18891	0.02082	0.37825	0.04685	0.01409	0.01655	0.01142	0.09490	0.00997	0.01185	0.00781	0.00497	0.00531	0.00151	0.04618	0.00412	0.00276	0.00756
17	0.00824	0.00491	0.00562	0.00562	0.00630	0.00507	0.00384	0.00960	0.00892	0.01413	0.01576	0.02451	0.01499	0.32542	0.15211	0.00383	0.00530	0.00585	0.37594	0.00404
18	0.01130	0.05216	0.00894	0.00647	0.00944	0.00664	0.00519	0.01354	0.01089	0.08833	0.01319	0.01465	0.01030	0.00495	0.00375	0.00103	0.00328	0.00393	0.37622	0.35581
19	0.00919	0.00781	0.00919	0.00865	0.01045	0.03372	0.04382	0.05502	0.18443	0.01622	0.02660	0.37431	0.14099	0.01137	0.00581	0.00180	0.00378	0.01004	0.00457	0.04224
20	0.01470	0.31476	0.01769	0.01144	0.09391	0.16669	0.00868	0.01654	0.01241	0.13427	0.10967	0.01590	0.05150	0.00599	0.00445	0.00134	0.00550	0.00457	0.00347	0.00653
21	0.11336	0.25122	0.13264	0.00964	0.01389	0.08522	0.00928	0.07990	0.01229	0.11623	0.01279	0.01316	0.06332	0.00548	0.00420	0.00136	0.00544	0.00396	0.00332	0.06330
22	0.01337	0.11012	0.03440	0.15100	0.01657	0.03878	0.00900	0.10619	0.20563	0.11110	0.05420	0.01875	0.07574	0.02665	0.00546	0.00165	0.00497	0.00539	0.00416	0.00687
23	0.00719	0.00479	0.00600	0.00629	0.00707	0.00452	0.00443	0.00887	0.01154	0.01667	0.32455	0.32908	0.03467	0.05648	0.00682	0.00188	0.00273	0.01025	0.15177	0.00442
24	0.00878	0.00439	0.00659	0.00659	0.00659	0.00439	0.00439	0.00659	0.00659	0.00878	0.00878	0.01537	0.00878	0.01757	0.01976	0.85288	0.00439	0.00439	0.00220	0.00220
25	0.00718	0.00553	0.00729	0.00818	0.03482	0.00563	0.00565	0.00881	0.03262	0.01409	0.08118	0.50408	0.10436	0.01409	0.02564	0.00209	0.06057	0.03725	0.03637	0.00457
26	0.01424	0.38173	0.07271	0.01209	0.09323	0.08773	0.00992	0.11458	0.06781	0.03699	0.01041	0.03840	0.00880	0.00535	0.00419	0.00133	0.00568	0.00398	0.02387	0.00697
27	0.00722	0.00542	0.00813	0.00813	0.00903	0.00632	0.00632	0.00903	0.00813	0.01174	0.01354	0.01987	0.01264	0.03792	0.80225	0.00813	0.01354	0.00542	0.00271	0.00451
28	0.00616	0.00503	0.00544	0.00555	0.00700	0.00431	0.00408	0.00752	0.01163	0.01442	0.14381	0.15569	0.58596	0.01291	0.00604	0.00174	0.00259	0.01099	0.00481	0.00431
29	0.01333	0.11166	0.08152	0.22951	0.18438	0.09729	0.05902	0.04199	0.01179	0.08018	0.00977	0.01213	0.00753	0.00507	0.00521	0.00153	0.03428	0.00423	0.00277	0.00683
30	0.00764	0.00566	0.00743	0.00723	0.00758	0.00642	0.00505	0.00844	0.00769	0.01076	0.01417	0.02599	0.01510	0.44634	0.32351	0.00590	0.08206	0.00634	0.00285	0.00385
31	0.00768	0.00549	0.00678	0.00713	0.00838	0.00515	0.00544	0.00988	0.04967	0.04888	0.14349	0.27711	0.23297	0.01301	0.00624	0.00191	0.00321	0.15793	0.00490	0.00474
32	0.01244	0.10100	0.14209	0.02582	0.01877	0.08637	0.24075	0.05738	0.03317	0.02714	0.01144	0.04515	0.02103	0.00624	0.00681	0.00168	0.11951	0.03382	0.00286	0.00653
33	0.13803	0.03019	0.05692	0.11443	0.16661	0.14417	0.02096	0.01579	0.01106	0.09859	0.01056	0.01320	0.00845	0.02409	0.12350	0.00255	0.00734	0.00422	0.00300	0.00635
34	0.04382	0.05907	0.08724	0.17559	0.03532	0.00949	0.00908	0.09444	0.01155	0.01688	0.01347	0.13165	0.01228	0.00887	0.05793	0.00193	0.00539	0.00567	0.14338	0.07695

[dist]
# distance from previous block
# <min> <max>
10	33

[block]
# block no. 9 follows, 49 sequences, length 10
# corresponding to MSA columns:
# 591,592,605-612
name=unknown_J
#
# <colnr> <probs for GDERKNQSTAVLIFYWHMCP>
#	G	D	E	R	K	N	Q	S	T	A	V	L	I	F	Y	W	H	M	C	P
0	0.05043	0.04060	0.13996	0.00947	0.01401	0.00916	0.00889	0.05687	0.05220	0.28367	0.03136	0.01379	0.01031	0.00527	0.00452	0.00132	0.00468	0.00417	0.00422	0.25509
1	0.00786	0.12147	0.08134	0.00778	0.00962	0.00729	0.00666	0.00967	0.01086	0.01441	0.15002	0.36696	0.09435	0.03008	0.00620	0.00185	0.00373	0.06074	0.00421	0.00489
2	0.01257	0.60081	0.16909	0.00983	0.01453	0.01743	0.01048	0.01554	0.04140	0.01321	0.00897	0.01154	0.00800	0.00501	0.00381	0.00127	0.00570	0.04178	0.00241	0.00664
3	0.00627	0.00465	0.00586	0.00657	0.00727	0.00424	0.00454	0.00746	0.01073	0.01415	0.14596	0.55343	0.18150	0.01443	0.00629	0.00192	0.00278	0.01288	0.00482	0.00424
4	0.01399	0.00829	0.00903	0.00776	0.01017	0.07566	0.00607	0.04600	0.01388	0.28468	0.22779	0.05163	0.13576	0.00848	0.00531	0.00155	0.00380	0.00706	0.07685	0.00624
5	0.01470	0.01657	0.01663	0.06495	0.31784	0.35721	0.03610	0.01679	0.01250	0.01414	0.00982	0.04028	0.00870	0.00580	0.00532	0.02289	0.00731	0.02327	0.00266	0.00653
6	0.00955	0.00899	0.01517	0.81013	0.03483	0.01123	0.01404	0.01292	0.01011	0.01292	0.00899	0.01348	0.00674	0.00506	0.00506	0.00169	0.00674	0.00449	0.00225	0.00562
7	0.24614	0.00860	0.01011	0.00812	0.01157	0.00824	0.00666	0.02060	0.01288	0.51431	0.08813	0.01671	0.01390	0.00622	0.00464	0.00157	0.00402	0.00483	0.00535	0.00741
8	0.00812	0.00533	0.00687	0.00721	0.00808	0.00507	0.00507	0.04764	0.01147	0.06497	0.16852	0.54774	0.03289	0.04724	0.00701	0.00203	0.00313	0.01201	0.00491	0.00470
9	0.01005	0.00967	0.01711	0.58338	0.10440	0.01116	0.11115	0.01343	0.01058	0.01383	0.01033	0.01619	0.00841	0.00547	0.00529	0.00171	0.00677	0.05267	0.00246	0.00594

[dist]
# distance from previous block
# <min> <max>
0	1

[block]
# block no. 10 follows, 49 sequences, length 20
# corresponding to MSA columns:
# 614-633
name=unknown_K
#
# <colnr> <probs for GDERKNQSTAVLIFYWHMCP>
#	G	D	E	R	K	N	Q	S	T	A	V	L	I	F	Y	W	H	M	C	P
0	0.01186	0.00738	0.00830	0.07183	0.01088	0.00783	0.00600	0.17197	0.03483	0.05376	0.01724	0.04777	0.04773	0.00659	0.00431	0.00138	0.00354	0.00533	0.47565	0.00581
1	0.01225	0.01118	0.01317	0.15375	0.04581	0.07308	0.04172	0.05572	0.29544	0.01796	0.01388	0.01500	0.01069	0.00583	0.00538	0.00153	0.04505	0.00475	0.07227	0.10553
2	0.00925	0.00631	0.00825	0.00706	0.00894	0.00548	0.00519	0.00932	0.00857	0.01252	0.04248	0.01478	0.01025	0.01352	0.07683	0.41430	0.00480	0.00413	0.00269	0.33532
3	0.01793	0.01311	0.01407	0.01105	0.01480	0.01452	0.00904	0.61397	0.12894	0.04987	0.01373	0.01353	0.00986	0.00618	0.00500	0.00153	0.00516	0.00474	0.04464	0.00833
4	0.01275	0.00911	0.07240	0.04103	0.04502	0.00743	0.00781	0.04566	0.03615	0.22880	0.19137	0.02617	0.13299	0.00794	0.00533	0.00155	0.00405	0.03413	0.00479	0.08552
5	0.01155	0.07473	0.30866	0.21083	0.08353	0.01118	0.03985	0.01537	0.01095	0.10044	0.01171	0.07818	0.00955	0.00585	0.00497	0.00161	0.00634	0.00500	0.00287	0.00681
6	0.00643	0.00469	0.00608	0.00700	0.00751	0.00443	0.00476	0.00786	0.03357	0.01380	0.09082	0.69575	0.06851	0.01498	0.00635	0.00199	0.00290	0.01352	0.00478	0.00429
7	0.01324	0.01502	0.01118	0.01051	0.01224	0.41635	0.00792	0.01469	0.01128	0.01196	0.01072	0.01505	0.00980	0.06406	0.34853	0.00443	0.01079	0.00441	0.00268	0.00513
8	0.00900	0.00820	0.01102	0.00974	0.01040	0.01022	0.00788	0.01056	0.01052	0.01512	0.27655	0.02561	0.13590	0.00994	0.01145	0.00193	0.42024	0.00694	0.00371	0.00509
9	0.01095	0.01468	0.21866	0.13340	0.39300	0.01123	0.04555	0.01462	0.01097	0.01558	0.01084	0.07753	0.00947	0.00557	0.00512	0.00161	0.00634	0.00516	0.00255	0.00717
10	0.00920	0.00797	0.01251	0.10112	0.24406	0.00874	0.00964	0.01117	0.00940	0.01322	0.01327	0.10706	0.01323	0.11316	0.24564	0.00401	0.06205	0.00621	0.00283	0.00552
