[name]
unknown

[dist]
# distance from previous block
# <min> <max>
17	69

[block]
# block no. 0 follows, 41 sequences, length 10
# corresponding to MSA columns:
# 1622-1631
name=unknown_A
#
# <colnr> <probs for GDERKNQSTAVLIFYWHMCP>
#	G	D	E	R	K	N	Q	S	T	A	V	L	I	F	Y	W	H	M	C	P
0	0.01492	0.09103	0.13248	0.21670	0.07249	0.01323	0.01319	0.11268	0.01444	0.11268	0.03577	0.01486	0.01029	0.00598	0.00560	0.00166	0.02215	0.00482	0.00373	0.10129
1	0.58723	0.08794	0.01150	0.00841	0.01218	0.01331	0.00706	0.01937	0.06888	0.12233	0.01109	0.01157	0.00824	0.00569	0.00402	0.00173	0.00466	0.00371	0.00408	0.00700
2	0.01115	0.00887	0.01035	0.00828	0.01166	0.00773	0.00651	0.09793	0.01525	0.02181	0.27542	0.02755	0.10792	0.00826	0.00556	0.00140	0.00380	0.00697	0.00488	0.35869
3	0.01490	0.07561	0.09859	0.01445	0.13604	0.10023	0.01075	0.01856	0.06278	0.15105	0.12835	0.02449	0.12418	0.00804	0.00576	0.00172	0.00570	0.00664	0.00458	0.00756
4	0.01544	0.01271	0.01453	0.01573	0.17035	0.10069	0.01021	0.09083	0.16642	0.10513	0.21110	0.02320	0.02297	0.00785	0.00594	0.00176	0.00541	0.00666	0.00511	0.00795
5	0.01195	0.00860	0.01290	0.01055	0.01338	0.00755	0.11819	0.01390	0.01183	0.11744	0.01957	0.24238	0.01987	0.14972	0.01012	0.00239	0.00512	0.00878	0.00438	0.21138
6	0.01393	0.01111	0.01680	0.14973	0.10339	0.01008	0.09595	0.01701	0.01270	0.11599	0.01202	0.01412	0.00916	0.00503	0.00515	0.00138	0.00583	0.00458	0.00360	0.39243
7	0.07070	0.01783	0.18845	0.01764	0.16300	0.10183	0.06113	0.03860	0.10065	0.07256	0.03297	0.01563	0.02642	0.00607	0.00546	0.00170	0.00684	0.00508	0.00371	0.06372
8	0.01338	0.01198	0.07229	0.01178	0.01442	0.10845	0.10277	0.01483	0.01239	0.10299	0.07318	0.05250	0.05254	0.01213	0.01095	0.24133	0.00623	0.07622	0.00393	0.00570
9	0.06709	0.11545	0.06210	0.00968	0.01283	0.01116	0.00824	0.01879	0.21033	0.10615	0.02561	0.19487	0.11476	0.01012	0.00580	0.00189	0.00455	0.00847	0.00497	0.00715

[dist]
# distance from previous block
# <min> <max>
11	21

[block]
# block no. 1 follows, 41 sequences, length 18
# corresponding to MSA columns:
# 1653-1670
name=unknown_B
#
# <colnr> <probs for GDERKNQSTAVLIFYWHMCP>
#	G	D	E	R	K	N	Q	S	T	A	V	L	I	F	Y	W	H	M	C	P
0	0.09795	0.00728	0.00881	0.04792	0.04493	0.00731	0.00675	0.05900	0.01235	0.01764	0.02932	0.44986	0.14044	0.01375	0.00647	0.00208	0.00397	0.01206	0.00485	0.02727
1	0.06774	0.18550	0.01996	0.09330	0.07621	0.09343	0.04750	0.24819	0.01720	0.04331	0.01323	0.01448	0.04348	0.00625	0.00518	0.00163	0.00669	0.00483	0.00393	0.00796
2	0.03627	0.06914	0.24617	0.01274	0.01846	0.01267	0.02606	0.14985	0.01641	0.33169	0.01580	0.01525	0.01056	0.00632	0.00549	0.00174	0.00637	0.00497	0.00496	0.00908
3	0.01313	0.00724	0.00940	0.00852	0.01078	0.00688	0.00661	0.01578	0.04946	0.23458	0.13826	0.11713	0.16330	0.01802	0.17021	0.00345	0.00621	0.00891	0.00552	0.00658
4	0.01734	0.01922	0.25396	0.01903	0.18635	0.08600	0.05285	0.06995	0.01482	0.20458	0.01359	0.01449	0.00962	0.00588	0.00562	0.00174	0.00729	0.00494	0.00396	0.00878
5	0.01774	0.00953	0.01178	0.00998	0.01301	0.04356	0.02597	0.06423	0.04073	0.36653	0.10700	0.19228	0.05214	0.01015	0.00624	0.00189	0.00466	0.00873	0.00611	0.00773
6	0.00816	0.00776	0.05079	0.04699	0.02831	0.00669	0.05619	0.00997	0.01162	0.01541	0.05258	0.48163	0.14115	0.01466	0.00746	0.01562	0.02202	0.01295	0.00473	0.00528
7	0.01226	0.01204	0.01857	0.55554	0.21431	0.05956	0.01600	0.01583	0.01212	0.01557	0.01023	0.01468	0.00796	0.00558	0.00567	0.00183	0.00759	0.00500	0.00264	0.00703
8	0.01532	0.22483	0.09302	0.01654	0.02167	0.05142	0.29891	0.05044	0.03483	0.07647	0.03212	0.01432	0.01007	0.00563	0.00594	0.00170	0.03031	0.00530	0.00335	0.00781
9	0.01218	0.02221	0.42329	0.10084	0.02717	0.01363	0.23045	0.01862	0.06184	0.01819	0.01150	0.01401	0.00839	0.00544	0.00587	0.00186	0.00845	0.00521	0.00280	0.00805
10	0.00684	0.00550	0.00610	0.00657	0.00793	0.00476	0.00469	0.00812	0.01229	0.01515	0.04847	0.32060	0.50155	0.01572	0.00695	0.00207	0.00305	0.01357	0.00531	0.00476
11	0.05320	0.01165	0.01547	0.01466	0.07763	0.10022	0.15326	0.05018	0.05451	0.01773	0.02066	0.36239	0.02197	0.01110	0.00645	0.00201	0.00595	0.01021	0.00431	0.00643
12	0.01383	0.03712	0.20390	0.02315	0.25753	0.09530	0.18370	0.03024	0.01332	0.01788	0.01194	0.06349	0.01017	0.00605	0.00586	0.00178	0.00798	0.00579	0.00296	0.00803
13	0.02098	0.12092	0.01720	0.01165	0.01537	0.01406	0.00988	0.17982	0.01662	0.36676	0.01588	0.01553	0.01104	0.00727	0.00783	0.00182	0.14816	0.00511	0.00531	0.00877
14	0.01103	0.00931	0.01217	0.01156	0.08626	0.00856	0.03010	0.01587	0.12677	0.02111	0.30387	0.02564	0.02759	0.00778	0.00567	0.00150	0.00410	0.00683	0.00482	0.27944
15	0.01767	0.24247	0.04062	0.06668	0.01722	0.01409	0.05599	0.06819	0.01458	0.26397	0.07232	0.01779	0.03492	0.00684	0.00589	0.00167	0.04110	0.00539	0.00460	0.00800
16	0.05030	0.01284	0.01880	0.09357	0.09585	0.03453	0.15445	0.08102	0.13515	0.06973	0.01715	0.01877	0.07085	0.00728	0.00767	0.00193	0.11227	0.00612	0.00402	0.00772
17	0.01324	0.05230	0.02202	0.01720	0.07869	0.04761	0.30986	0.06418	0.01307	0.01759	0.01253	0.01887	0.01120	0.17391	0.01079	0.00246	0.00745	0.00607	0.00325	0.11771

[dist]
# distance from previous block
# <min> <max>
0	13

[block]
# block no. 2 follows, 41 sequences, length 10
# corresponding to MSA columns:
# 1684-1693
name=unknown_C
#
# <colnr> <probs for GDERKNQSTAVLIFYWHMCP>
#	G	D	E	R	K	N	Q	S	T	A	V	L	I	F	Y	W	H	M	C	P
0	0.01215	0.05277	0.22075	0.04361	0.09409	0.01190	0.12844	0.03530	0.07849	0.04267	0.06907	0.13236	0.03711	0.00810	0.00605	0.00188	0.00651	0.00737	0.00385	0.00752
1	0.01540	0.09039	0.28923	0.01798	0.07371	0.09798	0.19070	0.04225	0.01382	0.09755	0.01167	0.01341	0.00855	0.00549	0.00562	0.00174	0.00818	0.00492	0.00322	0.00819
2	0.00887	0.08331	0.03978	0.00997	0.02919	0.02627	0.02528	0.01051	0.01154	0.01508	0.02677	0.55235	0.03104	0.01503	0.00684	0.00219	0.00441	0.09148	0.00474	0.00535
3	0.00998	0.07553	0.26570	0.05694	0.01720	0.01031	0.03909	0.01416	0.05018	0.01680	0.05755	0.23124	0.11178	0.01030	0.00612	0.00194	0.00572	0.00891	0.00394	0.00663
4	0.01856	0.01271	0.02055	0.02266	0.32427	0.01232	0.11585	0.08049	0.03772	0.27270	0.01548	0.01631	0.01103	0.00595	0.00586	0.00176	0.00644	0.00560	0.00460	0.00915
5	0.01386	0.01312	0.13566	0.01226	0.01632	0.01027	0.06216	0.01805	0.07274	0.14906	0.01757	0.07965	0.01541	0.00838	0.00711	0.00184	0.08011	0.10303	0.00435	0.17905
6	0.00733	0.00528	0.00670	0.00742	0.00804	0.00491	0.00502	0.00856	0.01178	0.01580	0.16837	0.49748	0.10037	0.11332	0.00986	0.00259	0.00344	0.01381	0.00527	0.00466
7	0.01481	0.01339	0.01985	0.29077	0.33266	0.07685	0.04101	0.04716	0.01359	0.07830	0.01150	0.01467	0.00885	0.00560	0.00569	0.00177	0.00730	0.00509	0.00320	0.00795
8	0.01647	0.17174	0.20655	0.01169	0.01661	0.01267	0.01184	0.02106	0.08639	0.25047	0.01779	0.06488	0.01430	0.00764	0.00553	0.00179	0.00593	0.06385	0.00461	0.00821
9	0.01569	0.05925	0.02000	0.11132	0.20586	0.01420	0.10083	0.13826	0.14580	0.08226	0.01579	0.01709	0.03493	0.00635	0.00576	0.00178	0.00644	0.00570	0.00420	0.00850

[dist]
# distance from previous block
# <min> <max>
16	46

[block]
# block no. 3 follows, 41 sequences, length 7
# corresponding to MSA columns:
# 1744-1750
name=unknown_D
#
# <colnr> <probs for GDERKNQSTAVLIFYWHMCP>
#	G	D	E	R	K	N	Q	S	T	A	V	L	I	F	Y	W	H	M	C	P
0	0.05095	0.06351	0.04101	0.01246	0.03341	0.01417	0.03577	0.31253	0.08276	0.04767	0.07671	0.05562	0.01590	0.00789	0.00631	0.00178	0.04226	0.03671	0.00491	0.05767
1	0.01145	0.01089	0.04476	0.01208	0.01448	0.04578	0.15058	0.07190	0.01221	0.01629	0.01714	0.11556	0.01785	0.28978	0.01500	0.00323	0.03989	0.05502	0.00376	0.05238
2	0.09416	0.17325	0.16124	0.01329	0.01797	0.04336	0.14823	0.03284	0.03359	0.01768	0.01908	0.02021	0.14999	0.00724	0.00603	0.00176	0.04373	0.00594	0.00337	0.00706
3	0.00945	0.00826	0.00942	0.11071	0.01362	0.03909	0.00673	0.01133	0.01210	0.01585	0.07504	0.06891	0.26478	0.12221	0.00916	0.00217	0.00454	0.00826	0.00418	0.20419
4	0.01628	0.51756	0.02450	0.01088	0.01528	0.08688	0.00988	0.09250	0.14328	0.01759	0.01129	0.01186	0.00935	0.00568	0.00438	0.00142	0.00623	0.00392	0.00341	0.00782
5	0.00837	0.07589	0.01043	0.00905	0.01035	0.00702	0.04488	0.01000	0.01198	0.01582	0.10221	0.50323	0.06793	0.01510	0.00693	0.00217	0.00401	0.08442	0.00503	0.00519
6	0.10063	0.12978	0.27052	0.15832	0.02264	0.08991	0.01433	0.01893	0.01262	0.11543	0.01115	0.01277	0.00814	0.00566	0.00506	0.00170	0.00727	0.00425	0.00322	0.00765

[dist]
# distance from previous block
# <min> <max>
3	11

[block]
# block no. 4 follows, 41 sequences, length 38
# corresponding to MSA columns:
# 1762-1788,1790-1800
name=unknown_E
#
# <colnr> <probs for GDERKNQSTAVLIFYWHMCP>
#	G	D	E	R	K	N	Q	S	T	A	V	L	I	F	Y	W	H	M	C	P
0	0.00962	0.09951	0.04479	0.01026	0.05611	0.00828	0.00756	0.01147	0.01151	0.01591	0.03813	0.44028	0.02536	0.01205	0.00604	0.00181	0.00426	0.01067	0.00432	0.18206
1	0.01307	0.02050	0.38433	0.01334	0.01981	0.01204	0.03118	0.13204	0.01463	0.02138	0.05218	0.01405	0.01058	0.00567	0.00526	0.00154	0.00667	0.00454	0.00343	0.23376
2	0.01027	0.04903	0.01175	0.02874	0.13025	0.09102	0.00828	0.01198	0.01250	0.01596	0.09441	0.41955	0.06826	0.01290	0.00651	0.00200	0.00478	0.01145	0.00455	0.00581
3	0.01544	0.01148	0.01266	0.01042	0.01358	0.01221	0.00833	0.41125	0.03759	0.02862	0.19931	0.07686	0.11819	0.00973	0.00620	0.00181	0.00477	0.00803	0.00578	0.00772
4	0.01378	0.01383	0.02029	0.05000	0.44318	0.07609	0.03025	0.01641	0.01213	0.01677	0.01120	0.06425	0.01038	0.00714	0.00877	0.00192	0.18714	0.00572	0.00292	0.00782
5	0.01371	0.22910	0.02050	0.45121	0.02920	0.13667	0.01345	0.01661	0.01225	0.01420	0.00935	0.01281	0.00751	0.00552	0.00507	0.00165	0.00764	0.00431	0.00258	0.00667
6	0.01218	0.00904	0.01400	0.45010	0.02716	0.01046	0.01196	0.01566	0.04531	0.11545	0.01542	0.09146	0.01326	0.06214	0.07955	0.00285	0.00730	0.00659	0.00367	0.00646
7	0.01296	0.01137	0.02964	0.01162	0.03021	0.01253	0.00901	0.04690	0.52779	0.02203	0.05039	0.04567	0.01837	0.01367	0.12828	0.00308	0.00633	0.00675	0.00524	0.00815
8	0.01099	0.01036	0.01749	0.74386	0.07932	0.01276	0.01598	0.01478	0.01152	0.01484	0.01020	0.01519	0.00770	0.00568	0.00572	0.00189	0.00758	0.00508	0.00256	0.00650
9	0.01346	0.43221	0.38415	0.01291	0.01951	0.01815	0.01522	0.01760	0.01184	0.01569	0.00906	0.01056	0.00730	0.00515	0.00452	0.00151	0.00724	0.00362	0.00243	0.00787
10	0.01264	0.01164	0.01135	0.01126	0.01342	0.13118	0.00905	0.01951	0.25958	0.01908	0.06488	0.07712	0.02513	0.01144	0.00668	0.00216	0.00558	0.29646	0.00514	0.00672
11	0.00696	0.00500	0.00662	0.00791	0.00828	0.00465	0.00529	0.00797	0.01100	0.01462	0.03214	0.77806	0.05462	0.01784	0.00729	0.00231	0.00331	0.01616	0.00531	0.00465
12	0.01056	0.00856	0.01096	0.04935	0.06117	0.00856	0.03137	0.11642	0.05290	0.02099	0.22716	0.10753	0.24931	0.01127	0.00649	0.00189	0.00416	0.00976	0.00528	0.00632
13	0.00702	0.00529	0.00650	0.00727	0.00816	0.00477	0.00505	0.00831	0.01206	0.01566	0.11090	0.51160	0.24400	0.01633	0.00709	0.00216	0.00314	0.01449	0.00541	0.00477
14	0.12772	0.08918	0.04122	0.19043	0.22039	0.04069	0.02640	0.16071	0.01492	0.02148	0.01050	0.01301	0.00820	0.00563	0.00520	0.00171	0.00671	0.00459	0.00339	0.00791
15	0.11167	0.01201	0.01456	0.24557	0.02218	0.01383	0.01108	0.27352	0.09579	0.02440	0.01424	0.06572	0.01158	0.00914	0.04808	0.00226	0.00659	0.00581	0.00434	0.00764
16	0.00685	0.00580	0.00592	0.00589	0.00778	0.00487	0.00442	0.00838	0.01325	0.01596	0.10561	0.05421	0.71300	0.01430	0.00676	0.00192	0.00288	0.01195	0.00538	0.00487
17	0.01135	0.02091	0.42847	0.06313	0.08512	0.01202	0.09589	0.01683	0.02803	0.01882	0.12869	0.01907	0.01573	0.00664	0.00589	0.00184	0.00733	0.02320	0.00326	0.00775
18	0.01147	0.02959	0.76934	0.01630	0.02476	0.01328	0.02113	0.01811	0.01208	0.01811	0.01026	0.01208	0.00725	0.00543	0.00543	0.00181	0.00845	0.00423	0.00242	0.00845
19	0.01380	0.39781	0.13299	0.01161	0.01592	0.11297	0.04273	0.01624	0.01218	0.01459	0.01299	0.15244	0.01312	0.02109	0.00535	0.00165	0.00663	0.00595	0.00306	0.00688
20	0.00861	0.00652	0.00864	0.00946	0.05760	0.00630	0.01903	0.03043	0.01207	0.01623	0.15686	0.24770	0.11177	0.22055	0.03648	0.00319	0.00460	0.03423	0.00474	0.00501
21	0.06052	0.08940	0.01875	0.01462	0.03140	0.35959	0.07688	0.13886	0.03921	0.05182	0.01076	0.01213	0.00846	0.00620	0.00611	0.00164	0.05813	0.00440	0.00362	0.00750
22	0.00860	0.00571	0.00661	0.00652	0.00687	0.00566	0.00394	0.00897	0.00914	0.02942	0.04530	0.03742	0.07156	0.65221	0.07481	0.00533	0.00589	0.00844	0.00374	0.00387
23	0.01659	0.11624	0.04244	0.01579	0.13479	0.08252	0.01141	0.16625	0.27013	0.04397	0.01588	0.01680	0.01234	0.00672	0.00547	0.00173	0.00610	0.02161	0.00455	0.00867
24	0.00742	0.00560	0.00703	0.00781	0.00848	0.00541	0.00547	0.00852	0.01117	0.01457	0.03458	0.49718	0.18174	0.08990	0.00974	0.00257	0.03559	0.05752	0.00502	0.00468
25	0.61956	0.01214	0.06073	0.00831	0.01248	0.01183	0.00732	0.01643	0.01031	0.02376	0.00856	0.00999	0.00672	0.00511	0.00381	0.00159	0.00466	0.00323	0.00343	0.17002
26	0.01523	0.19765	0.11938	0.01204	0.05290	0.01325	0.01064	0.07307	0.06870	0.13890	0.03957	0.06953	0.01413	0.00799	0.02405	0.00179	0.00584	0.02810	0.00423	0.10301
27	0.13660	0.30396	0.07920	0.15014	0.02007	0.19335	0.01153	0.01803	0.01241	0.01595	0.00874	0.01077	0.00722	0.00538	0.00450	0.00153	0.00730	0.00366	0.00274	0.00692
28	0.00798	0.00584	0.00748	0.00707	0.00847	0.00535	0.00530	0.01056	0.01591	0.02227	0.69791	0.04382	0.11676	0.01194	0.00675	0.00181	0.00272	0.01050	0.00621	0.00535
29	0.01299	0.18457	0.10156	0.01315	0.01712	0.03836	0.13893	0.06844	0.07349	0.01839	0.08768	0.05527	0.06645	0.03449	0.00720	0.00191	0.04946	0.01961	0.00382	0.00711
30	0.01220	0.01342	0.09549	0.27871	0.02807	0.01285	0.23903	0.01584	0.01201	0.04154	0.04838	0.01634	0.01059	0.00707	0.00848	0.05178	0.09262	0.00578	0.00297	0.00681
31	0.00982	0.00505	0.00757	0.00757	0.00764	0.00512	0.00512	0.00764	0.00757	0.01016	0.01030	0.01773	0.01023	0.02143	0.07353	0.77763	0.00567	0.00505	0.00252	0.00266
32	0.01175	0.01185	0.10244	0.02028	0.31477	0.00974	0.02853	0.01455	0.01240	0.06375	0.04003	0.28616	0.02067	0.02825	0.00681	0.00203	0.00558	0.00916	0.00402	0.00724
33	0.01438	0.01313	0.01749	0.01439	0.01768	0.01501	0.13576	0.07672	0.46377	0.02232	0.01825	0.01847	0.01392	0.00753	0.00789	0.00201	0.12180	0.00620	0.00482	0.00846
34	0.00736	0.00541	0.00690	0.00787	0.00866	0.00502	0.00565	0.00872	0.01180	0.01541	0.07206	0.50141	0.16029	0.04216	0.00798	0.00238	0.00357	0.11727	0.00529	0.00477
35	0.01286	0.01340	0.08946	0.09135	0.02146	0.01212	0.22840	0.14610	0.05250	0.02102	0.06663	0.12045	0.05802	0.00849	0.00640	0.00194	0.00670	0.03118	0.00421	0.00730
36	0.01638	0.01019	0.01545	0.01270	0.01526	0.01082	0.10103	0.01888	0.03737	0.29552	0.01941	0.18699	0.01710	0.00992	0.00947	0.00210	0.20095	0.00801	0.00498	0.00748
37	0.01802	0.06983	0.08781	0.01616	0.11422	0.35749	0.01211	0.06855	0.08751	0.05897	0.01388	0.01474	0.04330	0.00639	0.00536	0.00162	0.00796	0.00474	0.00365	0.00769

[dist]
# distance from previous block
# <min> <max>
0	2

[block]
# block no. 5 follows, 41 sequences, length 12
# corresponding to MSA columns:
# 1803-1814
name=unknown_F
#
# <colnr> <probs for GDERKNQSTAVLIFYWHMCP>
#	G	D	E	R	K	N	Q	S	T	A	V	L	I	F	Y	W	H	M	C	P
0	0.49297	0.18223	0.10249	0.01152	0.08154	0.01504	0.00972	0.01710	0.01071	0.02155	0.00848	0.01003	0.00682	0.00522	0.00398	0.00165	0.00547	0.00340	0.00311	0.00696
1	0.01706	0.01665	0.08685	0.15238	0.04850	0.07615	0.08222	0.33524	0.04525	0.02502	0.01211	0.01396	0.00898	0.00639	0.00642	0.00181	0.04740	0.00513	0.00411	0.00835
2	0.05705	0.01269	0.10885	0.01185	0.01426	0.03514	0.02796	0.01584	0.07292	0.05635	0.24108	0.04708	0.02373	0.00935	0.00980	0.00203	0.23608	0.00695	0.00432	0.00667
3	0.01035	0.00641	0.00884	0.00841	0.00980	0.00655	0.00638	0.01231	0.01199	0.10966	0.21467	0.05088	0.02681	0.12653	0.33645	0.00546	0.00879	0.02956	0.00460	0.00554
4	0.00736	0.00540	0.00658	0.00709	0.00787	0.00497	0.00481	0.00858	0.01185	0.01565	0.16386	0.38059	0.18452	0.15104	0.01086	0.00271	0.00351	0.01299	0.00517	0.00461
5	0.00774	0.00578	0.00721	0.00716	0.00853	0.00526	0.00537	0.00997	0.01474	0.02001	0.48051	0.12761	0.21092	0.01323	0.00688	0.00193	0.00296	0.05311	0.00591	0.00518
6	0.83938	0.01106	0.00841	0.00752	0.01106	0.01283	0.00619	0.01681	0.00973	0.02566	0.00796	0.00929	0.00619	0.00531	0.00354	0.00177	0.00442	0.00310	0.00354	0.00619
7	0.01063	0.01018	0.01857	0.26572	0.09223	0.01066	0.20140	0.01369	0.01182	0.01576	0.01686	0.23087	0.01701	0.04943	0.00762	0.00219	0.00678	0.00876	0.00347	0.00634
8	0.01492	0.01352	0.02135	0.24806	0.02735	0.01474	0.22515	0.20532	0.12856	0.02261	0.01348	0.01584	0.00996	0.00606	0.00604	0.00187	0.00740	0.00580	0.00396	0.00803
9	0.01655	0.03254	0.06898	0.10098	0.08591	0.06627	0.02536	0.11250	0.03514	0.19092	0.03861	0.04228	0.05983	0.00747	0.00575	0.00174	0.00605	0.03348	0.00464	0.06497
10	0.11418	0.08777	0.15756	0.03411	0.03250	0.13265	0.04887	0.09043	0.05325	0.11998	0.01232	0.01345	0.00917	0.00710	0.02641	0.00193	0.04208	0.00457	0.00381	0.00786
11	0.15915	0.15046	0.01730	0.02819	0.05410	0.11711	0.00996	0.25337	0.07112	0.04794	0.01199	0.01273	0.00916	0.00609	0.00488	0.00162	0.00626	0.00436	0.02617	0.00803

[dist]
# distance from previous block
# <min> <max>
5	16

[block]
# block no. 6 follows, 41 sequences, length 14
# corresponding to MSA columns:
# 1831-1834,1836-1845
name=unknown_G
#
# <colnr> <probs for GDERKNQSTAVLIFYWHMCP>
#	G	D	E	R	K	N	Q	S	T	A	V	L	I	F	Y	W	H	M	C	P
0	0.24524	0.05397	0.13728	0.04435	0.10740	0.04316	0.04637	0.03966	0.01284	0.15736	0.01186	0.01303	0.00864	0.00574	0.00525	0.00173	0.02462	0.00439	0.00381	0.03330
1	0.04759	0.16328	0.15232	0.02671	0.05661	0.09165	0.09065	0.09155	0.06177	0.07821	0.01455	0.01556	0.05166	0.00635	0.00567	0.00170	0.02754	0.00506	0.00368	0.00790
2	0.00814	0.00584	0.00797	0.00806	0.00867	0.00641	0.00571	0.00939	0.00900	0.01259	0.01736	0.07926	0.01818	0.31109	0.45843	0.00743	0.01103	0.00758	0.00336	0.00449
3	0.03330	0.01770	0.21486	0.07582	0.08117	0.05070	0.13078	0.10336	0.08908	0.05346	0.06517	0.01733	0.02845	0.00644	0.00583	0.00181	0.00713	0.00570	0.00384	0.00806
4	0.01175	0.00846	0.01083	0.01107	0.08349	0.00771	0.00748	0.01523	0.09170	0.10418	0.06680	0.24844	0.10028	0.01051	0.00602	0.00175	0.00409	0.00921	0.00495	0.19606
5	0.10457	0.00899	0.03690	0.00959	0.01180	0.02113	0.03645	0.08366	0.01364	0.07674	0.09943	0.33388	0.06184	0.01355	0.03698	0.00232	0.00486	0.03249	0.00506	0.00612
6	0.05374	0.09106	0.06973	0.01861	0.02383	0.01466	0.42687	0.07200	0.05917	0.05372	0.01330	0.01726	0.01044	0.00588	0.00611	0.00186	0.00799	0.04240	0.00355	0.00784
7	0.01302	0.01628	0.24783	0.01172	0.01664	0.01121	0.01183	0.10077	0.14535	0.05743	0.13898	0.02174	0.06146	0.00748	0.00569	0.00170	0.00554	0.00615	0.00454	0.11464
8	0.00751	0.00551	0.00729	0.00777	0.00859	0.00540	0.00553	0.00907	0.01170	0.01592	0.17981	0.36499	0.10180	0.06549	0.17214	0.00382	0.00583	0.01205	0.00493	0.00485
9	0.02844	0.06623	0.09715	0.00963	0.01323	0.00859	0.03045	0.01411	0.01294	0.08155	0.14722	0.16289	0.06670	0.00936	0.00575	0.00165	0.00458	0.02725	0.00452	0.20774
10	0.00871	0.00694	0.00927	0.00928	0.00993	0.00769	0.00706	0.01027	0.01180	0.01630	0.18451	0.28427	0.06187	0.08460	0.01145	0.00256	0.15811	0.10546	0.00480	0.00511
11	0.11600	0.05193	0.17892	0.01092	0.01599	0.08444	0.01052	0.01768	0.04777	0.05913	0.03799	0.02885	0.01069	0.00568	0.00478	0.00142	0.00583	0.00433	0.00356	0.30356
12	0.08491	0.01217	0.01480	0.01273	0.04476	0.05514	0.07352	0.15338	0.09048	0.16362	0.06485	0.06535	0.01614	0.07290	0.00836	0.00215	0.04552	0.00653	0.00495	0.00771
13	0.09023	0.01281	0.08225	0.01055	0.03361	0.04362	0.00884	0.06754	0.05547	0.05886	0.06948	0.05485	0.01394	0.00633	0.00498	0.00139	0.00501	0.00510	0.00409	0.37107

[dist]
# distance from previous block
# <min> <max>
9	22

[block]
# block no. 7 follows, 41 sequences, length 8
# corresponding to MSA columns:
# 1868-1875
name=unknown_H
#
# <colnr> <probs for GDERKNQSTAVLIFYWHMCP>
#	G	D	E	R	K	N	Q	S	T	A	V	L	I	F	Y	W	H	M	C	P
0	0.00800	0.00528	0.00629	0.00689	0.00775	0.00495	0.00478	0.00956	0.01184	0.01693	0.10047	0.40339	0.12818	0.05395	0.00750	0.00215	0.00316	0.01214	0.20194	0.00484
1	0.00778	0.00578	0.00733	0.00788	0.00892	0.00546	0.00576	0.01008	0.04245	0.01770	0.24128	0.38648	0.12983	0.01511	0.00708	0.00214	0.00333	0.08488	0.00561	0.00512
2	0.00914	0.00582	0.00758	0.00770	0.00894	0.00530	0.00556	0.01093	0.01363	0.08848	0.31089	0.37549	0.10020	0.01425	0.00690	0.00204	0.00319	0.01268	0.00585	0.00542
3	0.00891	0.00626	0.00757	0.00750	0.00912	0.00572	0.00569	0.03332	0.01423	0.05947	0.25936	0.18610	0.28676	0.01375	0.00687	0.00201	0.00333	0.07290	0.00571	0.00543
4	0.02451	0.01159	0.01442	0.01106	0.01553	0.01116	0.00913	0.23933	0.01948	0.55143	0.01996	0.01778	0.01285	0.00702	0.00574	0.00175	0.00529	0.00557	0.00668	0.00973
5	0.01579	0.01144	0.01371	0.01160	0.01494	0.01213	0.04431	0.24473	0.18812	0.09851	0.06442	0.02996	0.08863	0.00945	0.00631	0.00196	0.00522	0.12507	0.00566	0.00804
6	0.17475	0.02014	0.19388	0.01722	0.04516	0.16383	0.24176	0.04415	0.01343	0.01947	0.01009	0.01236	0.00766	0.00535	0.00544	0.00177	0.00829	0.00475	0.00302	0.00749
7	0.09305	0.28119	0.02314	0.01464	0.05550	0.15666	0.14042	0.05274	0.01325	0.01701	0.01055	0.05738	0.00948	0.00623	0.00565	0.00162	0.04636	0.00491	0.00307	0.00716

[dist]
# distance from previous block
# <min> <max>
0	1

[block]
# block no. 8 follows, 41 sequences, length 9
# corresponding to MSA columns:
# 1877-1885
name=unknown_I
#
# <colnr> <probs for GDERKNQSTAVLIFYWHMCP>
#	G	D	E	R	K	N	Q	S	T	A	V	L	I	F	Y	W	H	M	C	P
0	0.01225	0.01425	0.08443	0.11685	0.07039	0.04643	0.33873	0.01581	0.01218	0.01621	0.01378	0.01981	0.03879	0.13532	0.01045	0.00249	0.03559	0.00649	0.00298	0.00678
1	0.00715	0.00526	0.00670	0.00750	0.00826	0.00482	0.00518	0.00854	0.01225	0.01631	0.17357	0.54236	0.14862	0.01623	0.00712	0.00217	0.00314	0.01452	0.00550	0.00482
2	0.00823	0.00677	0.00758	0.02811	0.00960	0.03645	0.00567	0.01046	0.04260	0.01726	0.22986	0.28632	0.23249	0.04270	0.00762	0.00214	0.00356	0.01209	0.00536	0.00515
3	0.00994	0.00497	0.00745	0.00745	0.00745	0.00497	0.00497	0.00745	0.00745	0.00994	0.00994	0.01739	0.00994	0.01987	0.02235	0.83358	0.00497	0.00497	0.00248	0.00248
4	0.00850	0.00689	0.01065	0.01024	0.01126	0.00772	0.05272	0.01034	0.00995	0.01403	0.01926	0.25113	0.02039	0.03038	0.43698	0.00614	0.07543	0.00909	0.00368	0.00523
5	0.01180	0.01311	0.09914	0.43761	0.02910	0.04242	0.01397	0.01844	0.18048	0.01710	0.01464	0.07203	0.01198	0.00703	0.00580	0.00192	0.00681	0.00605	0.00349	0.00709
6	0.00870	0.00569	0.00767	0.00849	0.00940	0.00535	0.00626	0.01030	0.01238	0.06281	0.12366	0.51159	0.03748	0.01605	0.00725	0.00228	0.00371	0.15022	0.00554	0.00518
7	0.01376	0.05070	0.23850	0.19184	0.08442	0.11271	0.06051	0.08742	0.01412	0.01820	0.01377	0.01601	0.06082	0.00625	0.00561	0.00176	0.00775	0.00517	0.00310	0.00756
8	0.05209	0.10761	0.15868	0.01199	0.03421	0.13139	0.01097	0.04541	0.01343	0.08848	0.01227	0.06073	0.01025	0.00608	0.00494	0.00144	0.00636	0.00467	0.00358	0.23541

[dist]
# distance from previous block
# <min> <max>
1	5

[block]
# block no. 9 follows, 41 sequences, length 10
# corresponding to MSA columns:
# 1891-1900
name=unknown_J
#
# <colnr> <probs for GDERKNQSTAVLIFYWHMCP>
#	G	D	E	R	K	N	Q	S	T	A	V	L	I	F	Y	W	H	M	C	P
0	0.00704	0.00525	0.00655	0.00740	0.00819	0.00476	0.00510	0.00831	0.01196	0.01565	0.11277	0.55167	0.20148	0.01651	0.00712	0.00218	0.00316	0.01471	0.00541	0.00476
1	0.01208	0.05201	0.19547	0.01549	0.12974	0.01117	0.04502	0.01756	0.11483	0.05544	0.10941	0.04283	0.08384	0.00860	0.00608	0.00189	0.00582	0.08094	0.00427	0.00752
2	0.01320	0.01731	0.28162	0.01379	0.01919	0.01106	0.11188	0.06249	0.04258	0.08932	0.01530	0.11393	0.01322	0.03670	0.00661	0.00188	0.00659	0.00641	0.00381	0.13312
3	0.00952	0.01151	0.14340	0.00905	0.01125	0.06181	0.00791	0.01139	0.01048	0.01364	0.02220	0.03146	0.13971	0.34633	0.14210	0.00459	0.00757	0.00753	0.00348	0.00508
4	0.01119	0.00806	0.01159	0.07354	0.01312	0.06137	0.08253	0.01026	0.00903	0.01148	0.01005	0.01651	0.00943	0.01616	0.01815	0.62023	0.00605	0.00507	0.00256	0.00364
5	0.01205	0.06394	0.02070	0.28904	0.08708	0.01453	0.13484	0.01499	0.01117	0.01526	0.01091	0.06256	0.00975	0.00739	0.00938	0.00204	0.21896	0.00590	0.00278	0.00674
6	0.00994	0.00497	0.00745	0.00745	0.00745	0.00497	0.00497	0.00745	0.00745	0.00994	0.00994	0.01739	0.00994	0.01987	0.02235	0.83358	0.00497	0.00497	0.00248	0.00248
7	0.01347	0.01203	0.01274	0.07346	0.01587	0.08866	0.00836	0.10945	0.04710	0.02064	0.10167	0.05127	0.01559	0.00652	0.00515	0.00134	0.00520	0.00533	0.00411	0.40205
8	0.00729	0.00539	0.00685	0.00759	0.00846	0.00495	0.00540	0.00881	0.01249	0.01655	0.17969	0.46985	0.16940	0.01595	0.00713	0.00217	0.00324	0.05841	0.00550	0.00487
9	0.42534	0.00978	0.01000	0.00934	0.01169	0.01132	0.00765	0.03361	0.01094	0.05066	0.01483	0.10055	0.01452	0.01073	0.04345	0.00241	0.10755	0.11553	0.00403	0.00608

[dist]
# distance from previous block
# <min> <max>
0	3

[block]
# block no. 10 follows, 41 sequences, length 21
# corresponding to MSA columns:
# 1904-1924
name=unknown_K
#
# <colnr> <probs for GDERKNQSTAVLIFYWHMCP>
#	G	D	E	R	K	N	Q	S	T	A	V	L	I	F	Y	W	H	M	C	P
0	0.04059	0.01512	0.01754	0.02067	0.29478	0.14129	0.01250	0.19398	0.01651	0.05261	0.01303	0.03677	0.01100	0.03192	0.06107	0.00235	0.00756	0.01869	0.00390	0.00813
1	0.01451	0.04822	0.12656	0.06223	0.03699	0.07497	0.06050	0.07183	0.27333	0.04215	0.01687	0.02014	0.01351	0.00729	0.00608	0.00186	0.02360	0.06406	0.00433	0.03097
2	0.00953	0.00710	0.00789	0.00747	0.00955	0.00672	0.00566	0.03261	0.11254	0.06314	0.16533	0.11336	0.41206	0.01279	0.00659	0.00193	0.00333	0.01086	0.00566	0.00589
3	0.01488	0.17319	0.09006	0.01191	0.01606	0.03807	0.01055	0.07374	0.46286	0.02178	0.01789	0.01718	0.01363	0.00685	0.00533	0.00176	0.00551	0.00540	0.00472	0.00863
4	0.10148	0.01266	0.05172	0.14937	0.29069	0.01246	0.12175	0.04597	0.01274	0.01886	0.01335	0.11797	0.01224	0.00698	0.00582	0.00186	0.00669	0.00658	0.00330	0.00752
5	0.00737	0.00568	0.00668	0.00730	0.00852	0.00514	0.00543	0.00879	0.01211	0.01519	0.04248	0.27201	0.36791	0.07148	0.00871	0.00243	0.00363	0.13922	0.00517	0.00476
6	0.01460	0.01166	0.01565	0.17071	0.16122	0.01275	0.01174	0.21744	0.09602	0.04259	0.04711	0.11800	0.01575	0.00803	0.00592	0.00185	0.00579	0.00695	0.02833	0.00789
7	0.10166	0.00921	0.01133	0.00974	0.01205	0.00986	0.00768	0.05947	0.01236	0.19057	0.01850	0.07602	0.05854	0.09965	0.11219	0.00326	0.12985	0.00660	0.00447	0.06699
8	0.00824	0.00556	0.00622	0.00622	0.00632	0.00551	0.00351	0.00831	0.00856	0.01132	0.02008	0.03834	0.05902	0.75847	0.02796	0.00536	0.00541	0.00851	0.00356	0.00354
9	0.01740	0.01440	0.01705	0.13918	0.08154	0.10028	0.05716	0.24298	0.09746	0.09607	0.04892	0.01742	0.03054	0.00682	0.00580	0.00177	0.00664	0.00567	0.00464	0.00827
10	0.00928	0.00796	0.01274	0.01126	0.01271	0.00839	0.11645	0.01122	0.01199	0.01665	0.18678	0.25510	0.05427	0.01541	0.07223	0.04424	0.11750	0.02592	0.00444	0.00545
11	0.01286	0.22889	0.39322	0.08036	0.14217	0.01575	0.01714	0.01748	0.01206	0.01669	0.00973	0.01191	0.00759	0.00526	0.00503	0.00165	0.00750	0.00413	0.00250	0.00809
12	0.36341	0.12098	0.09728	0.08665	0.01732	0.11381	0.01044	0.07503	0.01258	0.02110	0.00899	0.01074	0.00707	0.00564	0.00479	0.00169	0.02860	0.00370	0.00324	0.00695
13	0.09476	0.01079	0.01545	0.29701	0.10372	0.01206	0.05008	0.08131	0.08261	0.02012	0.09752	0.02123	0.07533	0.00723	0.00576	0.00185	0.00599	0.00625	0.00392	0.00703
14	0.01478	0.52503	0.13450	0.01158	0.01636	0.06338	0.01168	0.01827	0.06441	0.01493	0.00939	0.01080	0.00806	0.00565	0.00540	0.00148	0.07043	0.00367	0.00272	0.00750
15	0.01009	0.00633	0.00859	0.00854	0.00972	0.00652	0.00643	0.01164	0.01062	0.09591	0.02195	0.10187	0.05133	0.20699	0.31585	0.00575	0.00898	0.10351	0.00418	0.00520
16	0.00708	0.00519	0.00668	0.00782	0.00844	0.00479	0.00542	0.00824	0.01138	0.01488	0.03518	0.64502	0.13965	0.01730	0.00726	0.00229	0.00338	0.05998	0.00531	0.00471
17	0.01397	0.00730	0.00939	0.00873	0.01102	0.00666	0.00676	0.01647	0.04958	0.27319	0.09184	0.25132	0.14129	0.01250	0.00663	0.00204	0.00396	0.07461	0.00602	0.00674
18	0.00844	0.00632	0.00792	0.00833	0.00934	0.00624	0.00604	0.06109	0.01307	0.01741	0.12657	0.48321	0.12932	0.01551	0.00747	0.00218	0.03057	0.05038	0.00537	0.00521
19	0.02795	0.00971	0.01033	0.00935	0.01170	0.06297	0.00741	0.12309	0.06295	0.06703	0.30613	0.03720	0.12480	0.01082	0.00646	0.00190	0.00442	0.10356	0.00568	0.00654
20	0.33140	0.02631	0.03313	0.04933	0.01538	0.01319	0.04569	0.05627	0.10469	0.10111	0.05905	0.01527	0.01202	0.00687	0.00664	0.00189	0.10539	0.00491	0.00422	0.00723

[dist]
# distance from previous block
# <min> <max>
2	9

[block]
# block no. 11 follows, 41 sequences, length 54
# corresponding to MSA columns:
# 1934-1958,1960-1988
name=unknown_L
#
# <colnr> <probs for GDERKNQSTAVLIFYWHMCP>
#	G	D	E	R	K	N	Q	S	T	A	V	L	I	F	Y	W	H	M	C	P
0	0.01663	0.01520	0.09258	0.01313	0.01751	0.01478	0.05622	0.27831	0.31910	0.05294	0.01931	0.01872	0.04452	0.00729	0.00584	0.00184	0.00581	0.00601	0.00528	0.00899
1	0.01377	0.00677	0.00909	0.00864	0.01052	0.00608	0.00638	0.01535	0.01336	0.28329	0.10237	0.42564	0.03068	0.03064	0.00717	0.00214	0.00386	0.01174	0.00600	0.00651
2	0.01797	0.01837	0.06407	0.01440	0.01856	0.19562	0.08565	0.24454	0.23547	0.02434	0.01495	0.01523	0.01118	0.00660	0.00570	0.00175	0.00720	0.00530	0.00460	0.00851
3	0.00733	0.00566	0.00650	0.00657	0.00790	0.00504	0.00470	0.00892	0.01313	0.01701	0.24997	0.16408	0.37225	0.09424	0.00912	0.00232	0.00318	0.01184	0.00540	0.00482
4	0.00795	0.00604	0.00846	0.00846	0.00958	0.00668	0.00648	0.00978	0.00977	0.01351	0.02247	0.02868	0.13718	0.08183	0.60698	0.00779	0.01272	0.00723	0.00346	0.00497
5	0.01640	0.02010	0.36208	0.01481	0.02110	0.01240	0.09777	0.11516	0.01545	0.20653	0.05118	0.01603	0.01177	0.00627	0.00577	0.00180	0.00713	0.00532	0.00425	0.00870
6	0.00826	0.00590	0.00747	0.00742	0.00788	0.00631	0.00498	0.00908	0.00890	0.01216	0.01917	0.03275	0.06094	0.47542	0.28668	0.00654	0.02484	0.00771	0.00341	0.00417
7	0.01819	0.29135	0.08019	0.01327	0.04303	0.26019	0.01138	0.13744	0.01593	0.04748	0.02589	0.01179	0.00904	0.00581	0.00483	0.00148	0.00757	0.00402	0.00341	0.00770
8	0.00772	0.00537	0.00670	0.00729	0.00765	0.00517	0.00474	0.00859	0.01062	0.01430	0.11284	0.37738	0.03282	0.32632	0.01589	0.00355	0.00420	0.03986	0.00470	0.00429
9	0.05102	0.07833	0.30608	0.01382	0.01932	0.16798	0.01423	0.14643	0.01537	0.02045	0.03032	0.01251	0.00901	0.00599	0.00565	0.00165	0.03503	0.00429	0.00332	0.05921
10	0.07551	0.10548	0.10466	0.06182	0.03795	0.01309	0.01080	0.04906	0.20483	0.22467	0.02905	0.03154	0.01319	0.00681	0.00537	0.00177	0.00554	0.00544	0.00491	0.00847
11	0.01172	0.06521	0.21882	0.23380	0.11159	0.01303	0.13980	0.01601	0.01214	0.01661	0.01268	0.08536	0.01107	0.00667	0.00587	0.00187	0.00756	0.01996	0.00290	0.00733
12	0.01214	0.03960	0.53959	0.01848	0.02608	0.01380	0.23294	0.01816	0.01249	0.01809	0.01061	0.01301	0.00767	0.00524	0.00579	0.00184	0.00876	0.00495	0.00256	0.00822
13	0.00832	0.00555	0.00624	0.00624	0.00624	0.00555	0.00347	0.00832	0.00832	0.01109	0.01802	0.03743	0.02080	0.79898	0.02911	0.00555	0.00555	0.00832	0.00347	0.00347
14	0.05853	0.00628	0.00831	0.00800	0.00862	0.00659	0.00559	0.04594	0.04751	0.01294	0.01082	0.01705	0.01019	0.01824	0.03556	0.68332	0.00520	0.00497	0.00289	0.00346
15	0.00698	0.00552	0.00629	0.00670	0.00801	0.00483	0.00480	0.00841	0.01267	0.01599	0.12736	0.30985	0.43161	0.01536	0.00695	0.00205	0.00302	0.01333	0.00542	0.00483
16	0.01373	0.00734	0.00972	0.00905	0.01130	0.00678	0.00728	0.03528	0.01501	0.24148	0.22106	0.12972	0.07481	0.01207	0.00676	0.00206	0.00413	0.17967	0.00610	0.00665
17	0.01350	0.01543	0.03375	0.02411	0.02989	0.01446	0.74253	0.01832	0.01350	0.01832	0.01157	0.01543	0.00868	0.00482	0.00675	0.00193	0.00964	0.00675	0.00289	0.00771
18	0.01175	0.01066	0.01702	0.43406	0.17824	0.01235	0.01434	0.05095	0.01298	0.01750	0.09676	0.01973	0.01423	0.00695	0.00666	0.00190	0.05176	0.03196	0.00328	0.00691
19	0.00771	0.00550	0.00712	0.00800	0.00864	0.00524	0.00572	0.00903	0.01151	0.01529	0.09528	0.42789	0.07024	0.14494	0.01092	0.00285	0.00398	0.15041	0.00509	0.00465
20	0.17987	0.08645	0.02487	0.06513	0.09906	0.01427	0.36337	0.01736	0.01229	0.01919	0.01026	0.01325	0.00802	0.00497	0.00549	0.00174	0.00752	0.00520	0.00299	0.05871
21	0.00730	0.00521	0.00701	0.00834	0.00882	0.00493	0.00588	0.00853	0.01127	0.01497	0.03134	0.68851	0.03711	0.01761	0.00739	0.00237	0.00360	0.11976	0.00530	0.00474
22	0.01506	0.07187	0.18078	0.07286	0.10865	0.01199	0.07081	0.01894	0.02476	0.16224	0.01276	0.01415	0.00937	0.00552	0.00553	0.00157	0.02128	0.00468	0.00368	0.18350
23	0.01372	0.05022	0.18153	0.01487	0.06010	0.09106	0.06425	0.06117	0.01230	0.04542	0.01174	0.01733	0.01050	0.14860	0.02740	0.00270	0.17165	0.00540	0.00313	0.00692
24	0.01279	0.07415	0.04823	0.05974	0.07894	0.01049	0.00932	0.01728	0.11113	0.06223	0.03116	0.05736	0.04834	0.00650	0.00509	0.00141	0.00494	0.00543	0.00396	0.35150
25	0.00966	0.00670	0.00695	0.00635	0.00855	0.00610	0.00487	0.05643	0.01339	0.01924	0.03570	0.03552	0.35966	0.01005	0.00541	0.00158	0.00316	0.00825	0.31253	0.08989
26	0.01678	0.04058	0.01538	0.04079	0.05542	0.01390	0.00986	0.27227	0.21549	0.06666	0.03354	0.01635	0.01267	0.00654	0.00543	0.00161	0.00535	0.00526	0.00502	0.16111
27	0.03678	0.12558	0.09310	0.01377	0.06426	0.05356	0.01156	0.31245	0.06818	0.14416	0.01407	0.01412	0.01013	0.00635	0.00534	0.00167	0.00633	0.00483	0.00479	0.00895
28	0.00816	0.00615	0.00767	0.00806	0.00929	0.00592	0.00603	0.01115	0.07140	0.01835	0.25806	0.30191	0.14068	0.01445	0.00702	0.00212	0.00343	0.10916	0.00565	0.00533
29	0.26250	0.01106	0.01209	0.00989	0.01385	0.01146	0.00806	0.08092	0.14460	0.36176	0.01771	0.01636	0.01205	0.00666	0.00511	0.00180	0.00479	0.00505	0.00571	0.00857
30	0.00795	0.00570	0.00694	0.00714	0.00836	0.00515	0.00508	0.00968	0.01267	0.01766	0.21723	0.33650	0.14838	0.04119	0.00731	0.00205	0.00316	0.01192	0.08957	0.05636
31	0.00773	0.00587	0.00855	0.00873	0.00969	0.00548	0.04740	0.00949	0.01270	0.01733	0.24454	0.51012	0.04078	0.01529	0.00712	0.00215	0.00355	0.03296	0.00546	0.00506
32	0.01672	0.54345	0.02540	0.05444	0.03788	0.07380	0.01032	0.06188	0.01334	0.08520	0.00997	0.01102	0.00821	0.00533	0.00428	0.00137	0.00638	0.00366	0.00314	0.02423
33	0.01704	0.03927	0.01282	0.01044	0.01377	0.01122	0.00830	0.04604	0.34315	0.26161	0.10241	0.07042	0.02102	0.00847	0.00591	0.00186	0.00447	0.00710	0.00612	0.00856
34	0.80786	0.01101	0.00860	0.00762	0.01120	0.01266	0.00628	0.01724	0.00999	0.05439	0.00853	0.00969	0.00650	0.00538	0.00363	0.00177	0.00444	0.00320	0.00368	0.00633
35	0.01181	0.04371	0.14188	0.52542	0.10912	0.04112	0.01652	0.01588	0.01189	0.01554	0.01011	0.01421	0.00769	0.00558	0.00557	0.00183	0.00772	0.00482	0.00256	0.00702
36	0.01290	0.31832	0.49311	0.01387	0.02099	0.01678	0.01689	0.01775	0.01191	0.01637	0.00940	0.01099	0.00728	0.00523	0.00478	0.00159	0.00758	0.00379	0.00243	0.00804
37	0.00756	0.00536	0.00703	0.00772	0.00815	0.00533	0.00519	0.00859	0.01034	0.01404	0.06846	0.44097	0.03077	0.20684	0.14226	0.00422	0.00584	0.01232	0.00455	0.00449
38	0.00720	0.00518	0.00642	0.00736	0.00806	0.00476	0.00502	0.00839	0.01147	0.01527	0.05289	0.57943	0.17052	0.03295	0.00746	0.00225	0.00323	0.01454	0.05288	0.00471
39	0.00748	0.00538	0.00710	0.00761	0.00841	0.00499	0.00535	0.00926	0.01335	0.01842	0.36527	0.45062	0.04522	0.01507	0.00705	0.00208	0.00303	0.01355	0.00576	0.00499
40	0.02492	0.00971	0.01313	0.01015	0.01447	0.00850	0.00835	0.02754	0.03706	0.72868	0.04013	0.02007	0.01520	0.00721	0.00578	0.00178	0.00481	0.00588	0.00703	0.00961
41	0.00796	0.00563	0.00685	0.00681	0.00755	0.00533	0.00455	0.00932	0.01228	0.01681	0.33605	0.12663	0.08970	0.32185	0.01560	0.00334	0.00390	0.01034	0.00500	0.00451
42	0.36645	0.01050	0.01023	0.00831	0.01231	0.01039	0.00667	0.01684	0.08681	0.02245	0.05711	0.01364	0.01124	0.00552	0.00426	0.00141	0.00425	0.00401	0.00388	0.34370
43	0.01344	0.01526	0.03282	0.02358	0.02904	0.01464	0.70044	0.01806	0.01323	0.01806	0.01134	0.01526	0.00861	0.00512	0.00744	0.00196	0.05455	0.00665	0.00287	0.00763
44	0.01726	0.04174	0.05421	0.04978	0.01689	0.36553	0.01045	0.08622	0.06853	0.03120	0.01147	0.02688	0.00964	0.02682	0.00822	0.09876	0.02962	0.00464	0.00343	0.03870
45	0.01669	0.35268	0.05047	0.01168	0.01575	0.18040	0.01032	0.10831	0.11030	0.01782	0.01214	0.01303	0.02661	0.00649	0.00547	0.02534	0.02130	0.00423	0.00346	0.00753
46	0.01372	0.01862	0.28698	0.01508	0.04028	0.01386	0.06464	0.02294	0.29340	0.06640	0.01579	0.01639	0.01173	0.00683	0.00706	0.00193	0.08634	0.00545	0.00405	0.00850
47	0.01579	0.00779	0.01011	0.00853	0.01134	0.00701	0.00674	0.01872	0.04715	0.34295	0.33955	0.03306	0.10739	0.00982	0.00628	0.00181	0.00373	0.00838	0.00651	0.00736
48	0.01056	0.01147	0.15338	0.04134	0.09071	0.00822	0.03138	0.01319	0.01184	0.07478	0.02239	0.36556	0.02395	0.06436	0.00807	0.00232	0.00535	0.05044	0.00436	0.00632
49	0.00708	0.00588	0.00626	0.00646	0.00827	0.00505	0.00500	0.00867	0.01301	0.01565	0.05375	0.07355	0.64987	0.01474	0.00692	0.00203	0.00321	0.10442	0.00531	0.00488
50	0.00817	0.00611	0.00912	0.00912	0.01012	0.00711	0.00706	0.01017	0.00917	0.01322	0.01539	0.02284	0.01446	0.06154	0.75789	0.00910	0.01508	0.00618	0.00307	0.00507
51	0.01677	0.01114	0.01350	0.13788	0.01836	0.02992	0.00977	0.09937	0.24857	0.21761	0.07295	0.06494	0.01772	0.00798	0.00591	0.00187	0.00525	0.00669	0.00554	0.00829
52	0.01004	0.00783	0.01086	0.00987	0.01026	0.00925	0.03530	0.01056	0.00905	0.01311	0.01464	0.09453	0.01566	0.26140	0.04300	0.13427	0.23465	0.00721	0.06393	0.00459
53	0.03338	0.01929	0.10820	0.18852	0.08849	0.24656	0.11666	0.08433	0.02788	0.01804	0.01053	0.01315	0.00811	0.00569	0.00561	0.00173	0.00851	0.00478	0.00309	0.00746

[dist]
# distance from previous block
# <min> <max>
1	10

[block]
# block no. 12 follows, 41 sequences, length 105
# corresponding to MSA columns:
# 1999-2103
name=unknown_M
#
# <colnr> <probs for GDERKNQSTAVLIFYWHMCP>
#	G	D	E	R	K	N	Q	S	T	A	V	L	I	F	Y	W	H	M	C	P
0	0.21527	0.03378	0.08507	0.16498	0.01881	0.01083	0.06138	0.04236	0.01175	0.01878	0.01757	0.23603	0.04285	0.00932	0.00565	0.00196	0.00557	0.00799	0.00381	0.00623
1	0.02959	0.01289	0.02008	0.21318	0.26667	0.04887	0.11381	0.01715	0.03184	0.03237	0.01103	0.01421	0.00873	0.00521	0.00552	0.00163	0.00697	0.00496	0.00305	0.15225
2	0.04057	0.00557	0.00648	0.00686	0.00710	0.00554	0.00419	0.00852	0.00917	0.01273	0.02163	0.27228	0.02526	0.50388	0.02113	0.02587	0.00479	0.01050	0.00402	0.00392
3	0.01450	0.04366	0.05289	0.05843	0.18917	0.08762	0.24095	0.05028	0.09952	0.01887	0.03060	0.01540	0.01060	0.00597	0.00673	0.00183	0.05602	0.00565	0.00335	0.00796
4	0.00800	0.00597	0.00752	0.00785	0.00899	0.00528	0.00535	0.00915	0.01080	0.01490	0.02612	0.56567	0.03058	0.10866	0.00936	0.00245	0.00375	0.01303	0.00475	0.15184
5	0.01050	0.00903	0.01349	0.27417	0.11633	0.00996	0.01102	0.04777	0.01336	0.01795	0.17852	0.06125	0.09178	0.04712	0.00784	0.00210	0.03640	0.04108	0.00409	0.00625
6	0.17944	0.01417	0.05964	0.04758	0.12535	0.01323	0.35491	0.01882	0.01286	0.10196	0.01184	0.01431	0.00873	0.00527	0.00575	0.00184	0.00756	0.00550	0.00344	0.00781
7	0.01572	0.01667	0.01805	0.23598	0.07061	0.23558	0.06638	0.07919	0.09542	0.01767	0.01140	0.01404	0.00896	0.00640	0.00690	0.00182	0.08368	0.00495	0.00332	0.00727
8	0.00755	0.00582	0.00727	0.00728	0.00861	0.00561	0.00543	0.00938	0.01241	0.01648	0.21665	0.10814	0.29082	0.04975	0.21825	0.00405	0.00638	0.01025	0.00487	0.00498
9	0.10136	0.14813	0.13133	0.01155	0.01620	0.02875	0.02428	0.09208	0.19852	0.09096	0.04530	0.01574	0.01261	0.00639	0.00510	0.00167	0.00570	0.00494	0.00438	0.05499
10	0.02345	0.01262	0.01498	0.01156	0.01600	0.01277	0.00952	0.34388	0.05246	0.41308	0.01870	0.01702	0.01235	0.00701	0.00574	0.00175	0.00548	0.00552	0.00643	0.00970
11	0.01279	0.01760	0.30925	0.01202	0.01807	0.01007	0.02848	0.01730	0.03104	0.08683	0.06538	0.01516	0.01199	0.00560	0.00512	0.00143	0.00596	0.00458	0.00360	0.33773
12	0.06660	0.08298	0.16327	0.01581	0.07855	0.16917	0.10618	0.02003	0.01376	0.15035	0.01357	0.04461	0.01086	0.00651	0.00552	0.00174	0.00747	0.03150	0.00373	0.00777
13	0.00842	0.00578	0.00737	0.00735	0.00864	0.00525	0.00536	0.01045	0.01432	0.05431	0.42653	0.24904	0.14856	0.01358	0.00685	0.00196	0.00300	0.01199	0.00592	0.00531
