[name]
unknown

[dist]
# distance from previous block
# <min> <max>
82	533

[block]
# block no. 0 follows, 41 sequences, length 64
# corresponding to MSA columns:
# 639-702
name=unknown_A
#
# <colnr> <probs for GDERKNQSTAVLIFYWHMCP>
#	G	D	E	R	K	N	Q	S	T	A	V	L	I	F	Y	W	H	M	C	P
0	0.09307	0.07392	0.02081	0.03213	0.05590	0.05354	0.16169	0.35417	0.01941	0.06220	0.01229	0.01350	0.00903	0.00601	0.00556	0.00172	0.00699	0.00509	0.00442	0.00856
1	0.01503	0.50059	0.07928	0.01391	0.04455	0.01885	0.15469	0.01788	0.01231	0.05219	0.00972	0.01138	0.00803	0.00501	0.00459	0.00143	0.00686	0.00408	0.00281	0.03683
2	0.01178	0.01108	0.01548	0.01353	0.01394	0.01501	0.01115	0.03867	0.00950	0.01443	0.00963	0.01498	0.00924	0.01790	0.20256	0.00410	0.57286	0.00528	0.00275	0.00610
3	0.01098	0.00641	0.00817	0.00796	0.00972	0.00565	0.00583	0.01257	0.01303	0.16386	0.11796	0.38864	0.15880	0.01380	0.00669	0.00201	0.00352	0.01215	0.00568	0.04657
4	0.02566	0.00973	0.01327	0.01018	0.01460	0.00841	0.00841	0.02788	0.01637	0.76726	0.02257	0.01947	0.01416	0.00708	0.00575	0.00177	0.00487	0.00575	0.00708	0.00973
5	0.00817	0.00613	0.00919	0.00919	0.01021	0.00715	0.00715	0.01021	0.00919	0.01328	0.01532	0.02247	0.01430	0.04290	0.77631	0.00919	0.01532	0.00613	0.00306	0.00511
6	0.00945	0.00812	0.01181	0.01601	0.25598	0.00768	0.00894	0.01117	0.01220	0.01595	0.03340	0.20114	0.30463	0.01252	0.00758	0.05847	0.00441	0.01022	0.00430	0.00602
7	0.01147	0.02959	0.76934	0.01630	0.02476	0.01328	0.02113	0.01811	0.01208	0.01811	0.01026	0.01208	0.00725	0.00543	0.00543	0.00181	0.00845	0.00423	0.00242	0.00845
8	0.00817	0.00613	0.00919	0.00919	0.01021	0.00715	0.00715	0.01021	0.00919	0.01328	0.01532	0.02247	0.01430	0.04290	0.77631	0.00919	0.01532	0.00613	0.00306	0.00511
9	0.01162	0.01081	0.01791	0.27774	0.37546	0.01155	0.01455	0.01471	0.01220	0.01658	0.01596	0.13126	0.05019	0.00765	0.00598	0.00187	0.00637	0.00708	0.00322	0.00731
10	0.01373	0.29788	0.23381	0.13288	0.13718	0.06176	0.01517	0.01743	0.01221	0.01578	0.00942	0.01174	0.00762	0.00526	0.00487	0.00158	0.00735	0.00404	0.00254	0.00773
11	0.02540	0.01016	0.01354	0.01038	0.01481	0.00904	0.00857	0.07657	0.01709	0.71756	0.02197	0.01908	0.01386	0.00707	0.00575	0.00177	0.00496	0.00571	0.00699	0.00973
12	0.83938	0.01106	0.00841	0.00752	0.01106	0.01283	0.00619	0.01681	0.00973	0.02566	0.00796	0.00929	0.00619	0.00531	0.00354	0.00177	0.00442	0.00310	0.00354	0.00619
13	0.01147	0.02959	0.76934	0.01630	0.02476	0.01328	0.02113	0.01811	0.01208	0.01811	0.01026	0.01208	0.00725	0.00543	0.00543	0.00181	0.00845	0.00423	0.00242	0.00845
14	0.00817	0.00613	0.00919	0.00919	0.01021	0.00715	0.00715	0.01021	0.00919	0.01328	0.01532	0.02247	0.01430	0.04290	0.77631	0.00919	0.01532	0.00613	0.00306	0.00511
15	0.00994	0.00497	0.00745	0.00745	0.00745	0.00497	0.00497	0.00745	0.00745	0.00994	0.00994	0.01739	0.00994	0.01987	0.02235	0.83358	0.00497	0.00497	0.00248	0.00248
16	0.02039	0.02540	0.01716	0.01751	0.11909	0.67233	0.01194	0.02212	0.01578	0.01464	0.00910	0.01084	0.00760	0.00579	0.00523	0.00150	0.00984	0.00388	0.00293	0.00696
17	0.01492	0.01469	0.02005	0.02743	0.50848	0.09247	0.01486	0.02115	0.18917	0.01945	0.01354	0.01547	0.01088	0.00581	0.00565	0.00173	0.00662	0.00528	0.00355	0.00881
18	0.01225	0.01023	0.01153	0.01066	0.01311	0.01181	0.00821	0.02365	0.50864	0.02030	0.02083	0.02261	0.01681	0.06453	0.21417	0.00410	0.00749	0.00649	0.00494	0.00766
19	0.01186	0.01017	0.01186	0.00847	0.01356	0.00762	0.00678	0.01440	0.01186	0.01864	0.01017	0.01186	0.00847	0.00424	0.00424	0.00085	0.00424	0.00339	0.00339	0.83395
20	0.01416	0.01359	0.02322	0.03511	0.76330	0.01359	0.01755	0.01755	0.01302	0.01869	0.01076	0.01416	0.00906	0.00510	0.00566	0.00170	0.00680	0.00510	0.00283	0.00906
21	0.01423	0.01229	0.01293	0.01164	0.01487	0.01423	0.00905	0.03039	0.75297	0.02393	0.02328	0.02134	0.01746	0.00776	0.00582	0.00194	0.00453	0.00647	0.00582	0.00905
22	0.01529	0.80242	0.02997	0.00979	0.01468	0.02263	0.00979	0.01713	0.01162	0.01346	0.00795	0.00918	0.00734	0.00489	0.00367	0.00122	0.00612	0.00306	0.00245	0.00734
23	0.00817	0.00613	0.00919	0.00919	0.01021	0.00715	0.00715	0.01021	0.00919	0.01328	0.01532	0.02247	0.01430	0.04290	0.77631	0.00919	0.01532	0.00613	0.00306	0.00511
24	0.01423	0.01229	0.01293	0.01164	0.01487	0.01423	0.00905	0.03039	0.75297	0.02393	0.02328	0.02134	0.01746	0.00776	0.00582	0.00194	0.00453	0.00647	0.00582	0.00905
25	0.00817	0.00613	0.00919	0.00919	0.01021	0.00715	0.00715	0.01021	0.00919	0.01328	0.01532	0.02247	0.01430	0.04290	0.77631	0.00919	0.01532	0.00613	0.00306	0.00511
26	0.02174	0.01602	0.01717	0.01316	0.01774	0.01774	0.01087	0.74423	0.02689	0.03605	0.01373	0.01373	0.00973	0.00687	0.00572	0.00172	0.00629	0.00515	0.00572	0.00973
27	0.01203	0.02614	0.60404	0.01983	0.14553	0.01340	0.06331	0.01804	0.01232	0.01822	0.01042	0.01261	0.00763	0.00534	0.00555	0.00180	0.00825	0.00452	0.00251	0.00851
28	0.00781	0.00612	0.00828	0.00903	0.00931	0.00659	0.00640	0.00884	0.01062	0.01448	0.02790	0.67710	0.03325	0.01673	0.00903	0.00235	0.12184	0.01456	0.00489	0.00489
29	0.02174	0.01602	0.01717	0.01316	0.01774	0.01774	0.01087	0.74423	0.02689	0.03605	0.01373	0.01373	0.00973	0.00687	0.00572	0.00172	0.00629	0.00515	0.00572	0.00973
30	0.01307	0.01088	0.01251	0.00904	0.01406	0.00886	0.00728	0.10333	0.01369	0.02076	0.01060	0.01209	0.00863	0.00456	0.00442	0.00095	0.00449	0.00360	0.00367	0.73351
31	0.01173	0.01123	0.01551	0.01347	0.01350	0.01534	0.01094	0.01281	0.00870	0.01333	0.00939	0.01671	0.00979	0.13476	0.04244	0.00317	0.64317	0.00556	0.00267	0.00579
32	0.01080	0.01017	0.01716	0.78523	0.03940	0.01271	0.01589	0.01461	0.01144	0.01461	0.01017	0.01525	0.00762	0.00572	0.00572	0.00191	0.00762	0.00508	0.00254	0.00635
33	0.01080	0.01017	0.01716	0.78523	0.03940	0.01271	0.01589	0.01461	0.01144	0.01461	0.01017	0.01525	0.00762	0.00572	0.00572	0.00191	0.00762	0.00508	0.00254	0.00635
34	0.01181	0.02183	0.41527	0.01800	0.02458	0.01309	0.26778	0.01716	0.01260	0.01795	0.03215	0.01692	0.06013	0.00617	0.00655	0.00189	0.03965	0.00581	0.00287	0.00779
35	0.00719	0.00515	0.00684	0.00781	0.00835	0.00479	0.00533	0.00852	0.01198	0.01624	0.17478	0.64733	0.04100	0.01670	0.00719	0.00222	0.00320	0.01510	0.00550	0.00479
36	0.10444	0.00986	0.01280	0.00992	0.01426	0.00884	0.00819	0.02680	0.01573	0.69547	0.02115	0.01848	0.01339	0.00691	0.00554	0.00177	0.00482	0.00550	0.00674	0.00939
37	0.01243	0.01115	0.01263	0.01008	0.05064	0.04450	0.00751	0.01496	0.01213	0.01842	0.01013	0.01190	0.00845	0.00436	0.00435	0.00092	0.00465	0.00349	0.00334	0.75398
38	0.83938	0.01106	0.00841	0.00752	0.01106	0.01283	0.00619	0.01681	0.00973	0.02566	0.00796	0.00929	0.00619	0.00531	0.00354	0.00177	0.00442	0.00310	0.00354	0.00619
39	0.00719	0.00571	0.00649	0.00671	0.00822	0.00501	0.00499	0.00887	0.01329	0.01684	0.18678	0.18275	0.45728	0.01462	0.00692	0.00201	0.00307	0.05282	0.00550	0.00493
40	0.00795	0.00584	0.00745	0.00704	0.00846	0.00534	0.00528	0.01051	0.01585	0.02213	0.68440	0.04406	0.13036	0.01200	0.00675	0.00181	0.00272	0.01053	0.00619	0.00534
41	0.06431	0.00994	0.01313	0.01012	0.01450	0.00883	0.00836	0.04333	0.01629	0.71565	0.02167	0.01886	0.01368	0.00699	0.00565	0.00177	0.00488	0.00561	0.00688	0.00957
42	0.00922	0.00658	0.00922	0.01053	0.01185	0.00658	0.00922	0.01185	0.01317	0.01712	0.03029	0.06452	0.03292	0.01580	0.00790	0.00263	0.00527	0.72480	0.00527	0.00527
43	0.01186	0.01017	0.01186	0.00847	0.01356	0.00762	0.00678	0.01440	0.01186	0.01864	0.01017	0.01186	0.00847	0.00424	0.00424	0.00085	0.00424	0.00339	0.00339	0.83395
44	0.02137	0.02726	0.01621	0.01474	0.01768	0.77602	0.01105	0.02284	0.01621	0.01400	0.00884	0.01031	0.00737	0.00589	0.00516	0.00147	0.01031	0.00368	0.00295	0.00663
45	0.00922	0.00658	0.00922	0.01053	0.01185	0.00658	0.00922	0.01185	0.01317	0.01712	0.03029	0.06452	0.03292	0.01580	0.00790	0.00263	0.00527	0.72480	0.00527	0.00527
46	0.02174	0.01602	0.01717	0.01316	0.01774	0.01774	0.01087	0.74423	0.02689	0.03605	0.01373	0.01373	0.00973	0.00687	0.00572	0.00172	0.00629	0.00515	0.00572	0.00973
47	0.01080	0.01017	0.01716	0.78523	0.03940	0.01271	0.01589	0.01461	0.01144	0.01461	0.01017	0.01525	0.00762	0.00572	0.00572	0.00191	0.00762	0.00508	0.00254	0.00635
48	0.01184	0.01084	0.01557	0.30724	0.09840	0.03159	0.02814	0.03838	0.03363	0.01685	0.01229	0.06379	0.01068	0.00889	0.05848	0.00217	0.04417	0.00550	0.00319	0.19834
49	0.17382	0.01510	0.01554	0.01211	0.01650	0.01683	0.01000	0.60893	0.02370	0.03412	0.01266	0.01291	0.00907	0.00658	0.00532	0.00173	0.00595	0.00477	0.00532	0.00907
50	0.00697	0.00498	0.00664	0.00796	0.00830	0.00465	0.00531	0.00796	0.01095	0.01460	0.03153	0.79525	0.03783	0.01792	0.00730	0.00232	0.00332	0.01626	0.00531	0.00465
51	0.12450	0.05929	0.28706	0.08802	0.06255	0.12554	0.01452	0.05549	0.03937	0.07600	0.01122	0.01269	0.00827	0.00574	0.00515	0.00173	0.00739	0.00431	0.00332	0.00785
52	0.01828	0.02063	0.01824	0.01975	0.20694	0.40483	0.03069	0.07073	0.08582	0.01773	0.01104	0.01280	0.00896	0.00610	0.00605	0.00165	0.04417	0.00454	0.00336	0.00770
53	0.01209	0.01190	0.01671	0.01445	0.01455	0.01652	0.01199	0.01342	0.00880	0.01372	0.00826	0.01348	0.00817	0.01320	0.09211	0.00315	0.71366	0.00511	0.00256	0.00615
54	0.01900	0.19906	0.02062	0.01343	0.01710	0.22257	0.08115	0.04427	0.01425	0.18944	0.01206	0.01308	0.00916	0.00642	0.00697	0.00168	0.11372	0.00454	0.00381	0.00767
55	0.01372	0.18768	0.49820	0.01429	0.02125	0.05251	0.01696	0.01931	0.04771	0.06162	0.01106	0.01227	0.00817	0.00555	0.00509	0.00168	0.00766	0.00415	0.00289	0.00824
56	0.01080	0.01017	0.01716	0.78523	0.03940	0.01271	0.01589	0.01461	0.01144	0.01461	0.01017	0.01525	0.00762	0.00572	0.00572	0.00191	0.00762	0.00508	0.00254	0.00635
57	0.00776	0.00583	0.00718	0.00684	0.00834	0.00525	0.00513	0.01014	0.01539	0.02104	0.58187	0.04586	0.23357	0.01240	0.00675	0.00183	0.00275	0.01078	0.00605	0.00525
58	0.07399	0.07997	0.09227	0.01537	0.01936	0.41932	0.11909	0.04573	0.01464	0.01655	0.00936	0.01131	0.00756	0.00582	0.00590	0.00163	0.04788	0.00422	0.00297	0.00708
59	0.01098	0.00944	0.01113	0.01042	0.01202	0.04652	0.00808	0.03304	0.19304	0.01684	0.04383	0.04973	0.03192	0.06003	0.35174	0.00537	0.08891	0.00669	0.00400	0.00629
60	0.00922	0.00658	0.00922	0.01053	0.01185	0.00658	0.00922	0.01185	0.01317	0.01712	0.03029	0.06452	0.03292	0.01580	0.00790	0.00263	0.00527	0.72480	0.00527	0.00527
61	0.00798	0.00643	0.00718	0.00689	0.00872	0.00594	0.00520	0.01131	0.08465	0.01912	0.32350	0.04712	0.41960	0.01278	0.00667	0.00188	0.00298	0.01088	0.00574	0.00545
62	0.01355	0.01853	0.17767	0.03985	0.11055	0.06172	0.41815	0.01817	0.01305	0.01774	0.01082	0.01415	0.00827	0.00532	0.00683	0.00188	0.04740	0.00574	0.00277	0.00785
63	0.01289	0.01379	0.02312	0.41710	0.05800	0.08725	0.27191	0.01682	0.01268	0.01600	0.01055	0.01480	0.00802	0.00540	0.00603	0.00187	0.00857	0.00554	0.00271	0.00695

[dist]
# distance from previous block
# <min> <max>
0	30

[block]
# block no. 1 follows, 41 sequences, length 13
# corresponding to MSA columns:
# 733-745
name=unknown_B
#
# <colnr> <probs for GDERKNQSTAVLIFYWHMCP>
#	G	D	E	R	K	N	Q	S	T	A	V	L	I	F	Y	W	H	M	C	P
0	0.01288	0.11841	0.01214	0.00928	0.01133	0.10560	0.00711	0.01441	0.01307	0.12968	0.09091	0.38119	0.04710	0.01229	0.00623	0.00192	0.00476	0.01060	0.00497	0.00612
1	0.01673	0.01689	0.01687	0.01349	0.01762	0.25904	0.11886	0.05586	0.10359	0.06802	0.01379	0.01478	0.02971	0.00587	0.00534	0.00148	0.00716	0.00483	0.00387	0.22621
2	0.00817	0.00613	0.00919	0.00919	0.01021	0.00715	0.00715	0.01021	0.00919	0.01328	0.01532	0.02247	0.01430	0.04290	0.77631	0.00919	0.01532	0.00613	0.00306	0.00511
3	0.01495	0.73402	0.09542	0.01036	0.01557	0.02181	0.01079	0.01721	0.01166	0.01387	0.00816	0.00943	0.00733	0.00494	0.00383	0.00128	0.00632	0.00316	0.00244	0.00744
4	0.02174	0.01602	0.01717	0.01316	0.01774	0.01774	0.01087	0.74423	0.02689	0.03605	0.01373	0.01373	0.00973	0.00687	0.00572	0.00172	0.00629	0.00515	0.00572	0.00973
5	0.39450	0.01290	0.01165	0.00971	0.01356	0.10828	0.00787	0.06124	0.01391	0.29504	0.01371	0.01337	0.00944	0.00611	0.00467	0.00173	0.00543	0.00425	0.00487	0.00773
6	0.01477	0.69603	0.13176	0.01068	0.01607	0.02135	0.01135	0.01726	0.01168	0.01410	0.00827	0.00957	0.00733	0.00497	0.00391	0.00130	0.00644	0.00322	0.00244	0.00749
7	0.01147	0.02959	0.76934	0.01630	0.02476	0.01328	0.02113	0.01811	0.01208	0.01811	0.01026	0.01208	0.00725	0.00543	0.00543	0.00181	0.00845	0.00423	0.00242	0.00845
8	0.00973	0.03380	0.00915	0.00828	0.01010	0.00767	0.00622	0.01463	0.17059	0.04450	0.26203	0.21928	0.15697	0.01244	0.00655	0.00196	0.00346	0.01083	0.00569	0.00611
9	0.01458	0.73436	0.02798	0.00963	0.01414	0.02110	0.00940	0.01635	0.01156	0.01355	0.00996	0.07627	0.00994	0.00601	0.00398	0.00132	0.00588	0.00419	0.00269	0.00711
10	0.05757	0.07958	0.10996	0.01128	0.01488	0.04116	0.06051	0.01715	0.01240	0.19114	0.03775	0.06138	0.02972	0.03696	0.20886	0.00381	0.00854	0.00617	0.00414	0.00704
11	0.05755	0.00988	0.01325	0.04154	0.01502	0.01051	0.09162	0.05435	0.23262	0.06854	0.02143	0.20082	0.02010	0.06454	0.04806	0.00264	0.00571	0.02994	0.00488	0.00700
12	0.01181	0.06369	0.01410	0.01119	0.01347	0.02757	0.09105	0.10749	0.08301	0.01856	0.06056	0.17507	0.03881	0.12665	0.06258	0.00299	0.02951	0.05113	0.00444	0.00628

[dist]
# distance from previous block
# <min> <max>
3	22

[block]
# block no. 2 follows, 41 sequences, length 23
# corresponding to MSA columns:
# 768-790
name=unknown_C
#
# <colnr> <probs for GDERKNQSTAVLIFYWHMCP>
#	G	D	E	R	K	N	Q	S	T	A	V	L	I	F	Y	W	H	M	C	P
0	0.01329	0.01956	0.28526	0.02279	0.21523	0.01379	0.21967	0.05965	0.03429	0.01936	0.01147	0.01421	0.00875	0.00646	0.02916	0.00204	0.00833	0.00533	0.00296	0.00839
1	0.01395	0.01496	0.05052	0.02373	0.16087	0.01446	0.44600	0.06968	0.01371	0.01898	0.01112	0.01478	0.00872	0.00600	0.00803	0.02936	0.07824	0.00604	0.00302	0.00783
2	0.03128	0.03304	0.15127	0.22301	0.02560	0.05419	0.08833	0.21294	0.04382	0.02184	0.01148	0.01389	0.00855	0.00618	0.00637	0.00184	0.04991	0.00501	0.00357	0.00790
3	0.01777	0.01343	0.01384	0.01137	0.01431	0.08111	0.00888	0.43870	0.01961	0.02559	0.01244	0.01558	0.01010	0.04797	0.01144	0.23493	0.00625	0.00512	0.00446	0.00713
4	0.00916	0.00556	0.00721	0.00714	0.00778	0.00540	0.00489	0.00884	0.04088	0.01255	0.06077	0.02914	0.18414	0.08475	0.01789	0.49520	0.00441	0.00721	0.00355	0.00353
5	0.00765	0.00551	0.00718	0.00754	0.00831	0.00532	0.00527	0.00921	0.01219	0.01673	0.26655	0.32372	0.06957	0.12296	0.10227	0.00339	0.00484	0.01187	0.00512	0.00480
6	0.01349	0.01029	0.01158	0.03917	0.01369	0.03563	0.00831	0.19256	0.12280	0.05303	0.22696	0.07207	0.07461	0.01033	0.00640	0.00192	0.00469	0.08969	0.00564	0.00712
7	0.01094	0.01035	0.01718	0.72453	0.03747	0.01309	0.01562	0.01455	0.01123	0.01455	0.00996	0.01503	0.00762	0.00606	0.00675	0.00195	0.06917	0.00508	0.00254	0.00635
8	0.00779	0.00543	0.00639	0.00681	0.00713	0.00523	0.00424	0.00829	0.00967	0.01270	0.02616	0.26512	0.09721	0.47263	0.01997	0.00417	0.00462	0.02821	0.00423	0.00399
9	0.00747	0.00570	0.00618	0.00628	0.00740	0.00517	0.00430	0.00845	0.01130	0.01405	0.05475	0.08113	0.41496	0.29987	0.01496	0.00329	0.00398	0.04175	0.00466	0.00436
10	0.01167	0.01024	0.01497	0.01280	0.01540	0.01075	0.15342	0.07122	0.23037	0.01991	0.04723	0.30971	0.02371	0.01110	0.00693	0.00208	0.02635	0.01018	0.00497	0.00699
11	0.01483	0.01078	0.01215	0.01062	0.01347	0.01156	0.00836	0.26586	0.17655	0.06665	0.09662	0.17803	0.05203	0.01050	0.00631	0.00195	0.00470	0.04554	0.00575	0.00772
12	0.00711	0.00581	0.00628	0.00616	0.00794	0.00498	0.00462	0.00888	0.01386	0.01741	0.24131	0.05183	0.57639	0.01376	0.00676	0.00190	0.00285	0.01162	0.00557	0.00498
13	0.00815	0.00608	0.00762	0.00737	0.00880	0.00569	0.00553	0.01115	0.04748	0.02125	0.56425	0.10033	0.13881	0.01246	0.00678	0.00189	0.00293	0.03197	0.00605	0.00543
14	0.01645	0.01400	0.01428	0.03394	0.01642	0.06351	0.00987	0.22196	0.46417	0.02609	0.01964	0.01984	0.01496	0.00761	0.00582	0.00187	0.00549	0.02969	0.00550	0.00888
15	0.04518	0.01010	0.01125	0.01026	0.01259	0.01120	0.00796	0.15961	0.24947	0.02175	0.02048	0.06558	0.01884	0.15545	0.07852	0.00329	0.00605	0.10048	0.00494	0.00700
16	0.00801	0.00569	0.00653	0.00652	0.00767	0.00527	0.00462	0.00962	0.01259	0.01713	0.23402	0.07830	0.25276	0.19719	0.01178	0.00272	0.00355	0.03791	0.09339	0.00473
17	0.01372	0.01088	0.01185	0.01047	0.01302	0.01226	0.00795	0.15529	0.38209	0.02228	0.01960	0.02370	0.01650	0.19061	0.08116	0.00338	0.00607	0.00661	0.00502	0.00755
18	0.01791	0.01646	0.01505	0.03801	0.01714	0.17251	0.01025	0.24838	0.35284	0.02531	0.01693	0.01652	0.01267	0.00703	0.00565	0.00177	0.00637	0.00544	0.00509	0.00867
19	0.07846	0.00777	0.00919	0.00834	0.01065	0.00772	0.00658	0.01741	0.09755	0.17524	0.23933	0.03147	0.02796	0.04281	0.00681	0.00198	0.00387	0.08140	0.13880	0.00666
20	0.01025	0.00582	0.00816	0.00792	0.00855	0.00596	0.00558	0.01024	0.04524	0.04470	0.09264	0.02241	0.01652	0.07177	0.12856	0.49615	0.00623	0.00603	0.00340	0.00386
21	0.01766	0.22802	0.01932	0.01203	0.01594	0.10092	0.01014	0.22774	0.20990	0.04339	0.01407	0.01421	0.01086	0.00662	0.00577	0.00165	0.04413	0.00478	0.00444	0.00840
22	0.01622	0.01251	0.01586	0.24460	0.06120	0.01413	0.01177	0.30051	0.11548	0.06139	0.01455	0.01737	0.01118	0.06899	0.00758	0.00211	0.00636	0.00558	0.00452	0.00810

[dist]
# distance from previous block
# <min> <max>
22	39

[block]
# block no. 3 follows, 41 sequences, length 37
# corresponding to MSA columns:
# 865-901
name=unknown_D
#
# <colnr> <probs for GDERKNQSTAVLIFYWHMCP>
#	G	D	E	R	K	N	Q	S	T	A	V	L	I	F	Y	W	H	M	C	P
0	0.10259	0.01267	0.01904	0.26989	0.24267	0.01397	0.06851	0.13191	0.04700	0.02106	0.01135	0.01433	0.00874	0.00570	0.00555	0.00180	0.00684	0.00507	0.00341	0.00788
1	0.00952	0.00728	0.01058	0.00912	0.01134	0.00657	0.09629	0.01182	0.01407	0.06902	0.27558	0.05888	0.29445	0.05308	0.00793	0.00211	0.00407	0.04727	0.00536	0.00565
2	0.08326	0.00894	0.01094	0.00959	0.01169	0.00977	0.00748	0.10613	0.03796	0.13856	0.09419	0.02334	0.01775	0.13533	0.21464	0.00436	0.06863	0.00639	0.00453	0.00652
3	0.31518	0.03629	0.01672	0.03308	0.01712	0.15428	0.13079	0.04927	0.01222	0.01986	0.00918	0.01176	0.00750	0.00730	0.03043	0.00207	0.13273	0.00435	0.00318	0.00669
4	0.14488	0.00909	0.01019	0.00886	0.01134	0.00935	0.00668	0.11135	0.05344	0.19850	0.04055	0.11057	0.01807	0.21227	0.02771	0.00296	0.00512	0.00729	0.00504	0.00673
5	0.00730	0.00574	0.00643	0.00650	0.00796	0.00507	0.00475	0.00888	0.01305	0.01656	0.19566	0.11318	0.45245	0.09153	0.00905	0.00232	0.00325	0.04015	0.00533	0.00481
6	0.21752	0.01280	0.01342	0.01235	0.07057	0.04652	0.00913	0.25400	0.07514	0.10629	0.07031	0.05869	0.01464	0.00737	0.00534	0.00178	0.00533	0.00575	0.00503	0.00803
7	0.28196	0.05621	0.01578	0.04699	0.01695	0.01522	0.06455	0.32182	0.03588	0.04025	0.01235	0.01476	0.00957	0.00647	0.00509	0.00178	0.00589	0.03604	0.00449	0.00795
8	0.17997	0.00998	0.01042	0.00907	0.01157	0.01067	0.00688	0.23388	0.01536	0.06434	0.01928	0.15003	0.05571	0.18535	0.01081	0.00270	0.00500	0.00768	0.00477	0.00652
9	0.00790	0.00576	0.00668	0.00695	0.00772	0.00550	0.00466	0.00925	0.03264	0.01435	0.08486	0.19659	0.19183	0.34216	0.01623	0.00355	0.00425	0.05008	0.00463	0.00441
10	0.01375	0.00879	0.01045	0.00939	0.01183	0.00887	0.00722	0.14330	0.09716	0.15149	0.09172	0.23724	0.11911	0.01330	0.04673	0.00234	0.00476	0.00982	0.00572	0.00702
11	0.01761	0.01586	0.01647	0.04939	0.03787	0.17667	0.06419	0.31493	0.01887	0.04246	0.01476	0.11548	0.01299	0.00979	0.04614	0.00217	0.02566	0.00646	0.00447	0.00776
12	0.00838	0.00587	0.00734	0.00770	0.00879	0.00540	0.00537	0.01017	0.03045	0.03384	0.12357	0.47949	0.06598	0.06322	0.00807	0.00225	0.00346	0.01276	0.05042	0.06747
13	0.00813	0.00568	0.00695	0.00747	0.00788	0.00561	0.00494	0.00935	0.03267	0.01383	0.05856	0.29311	0.02918	0.39637	0.01788	0.00388	0.00461	0.08512	0.00447	0.00431
14	0.01348	0.01217	0.01939	0.44078	0.22268	0.01379	0.04454	0.12917	0.01434	0.01915	0.01093	0.01474	0.00837	0.00570	0.00575	0.00182	0.00728	0.00516	0.00313	0.00763
15	0.01073	0.00978	0.01416	0.16548	0.14761	0.04999	0.01126	0.01327	0.01063	0.01455	0.01261	0.01825	0.01123	0.02473	0.39613	0.00557	0.06941	0.00554	0.00287	0.00620
16	0.00746	0.00563	0.00675	0.00685	0.00806	0.00507	0.00491	0.00921	0.01351	0.01796	0.33226	0.20430	0.26845	0.07323	0.00855	0.00223	0.00311	0.01197	0.00557	0.00492
17	0.00817	0.00613	0.00919	0.00919	0.01021	0.00715	0.00715	0.01021	0.00919	0.01328	0.01532	0.02247	0.01430	0.04290	0.77631	0.00919	0.01532	0.00613	0.00306	0.00511
18	0.00696	0.00523	0.00646	0.00737	0.00816	0.00472	0.00506	0.00814	0.01170	0.01515	0.06681	0.57218	0.22778	0.01678	0.00714	0.00220	0.00318	0.01493	0.00535	0.00472
19	0.04946	0.00625	0.00724	0.00741	0.00810	0.00624	0.00486	0.04281	0.01057	0.03636	0.02316	0.29622	0.03986	0.39995	0.01772	0.00383	0.00468	0.02635	0.00439	0.00454
20	0.00681	0.00580	0.00587	0.00585	0.00776	0.00485	0.00439	0.00831	0.01316	0.01575	0.08598	0.05456	0.73275	0.01437	0.00676	0.00193	0.00289	0.01200	0.00535	0.00485
21	0.20053	0.01373	0.01435	0.01130	0.01549	0.01500	0.00931	0.46688	0.02141	0.11965	0.04755	0.01476	0.01150	0.00677	0.00529	0.00174	0.00555	0.00501	0.00543	0.00876
22	0.02041	0.01527	0.01640	0.01286	0.01717	0.01700	0.01054	0.63189	0.12092	0.03387	0.01502	0.01495	0.01085	0.00794	0.02614	0.00194	0.00630	0.00535	0.00566	0.00952
23	0.00791	0.00580	0.00741	0.00710	0.00845	0.00530	0.00529	0.01039	0.01560	0.02176	0.65305	0.08426	0.12172	0.01230	0.00678	0.00184	0.00275	0.01083	0.00615	0.00530
24	0.00707	0.00505	0.00675	0.00808	0.00846	0.00473	0.00549	0.00814	0.01105	0.01472	0.03147	0.76193	0.03761	0.01782	0.00733	0.00234	0.00341	0.04856	0.00531	0.00467
25	0.01417	0.00952	0.01030	0.00876	0.01098	0.01023	0.00666	0.29159	0.01660	0.02389	0.01643	0.02264	0.01434	0.21335	0.05157	0.00298	0.00546	0.00608	0.25793	0.00652
26	0.00763	0.00524	0.00700	0.00808	0.00863	0.00488	0.00557	0.00886	0.01158	0.03462	0.08619	0.68665	0.03823	0.01708	0.00725	0.00228	0.00340	0.04656	0.00543	0.00486
27	0.01529	0.80242	0.02997	0.00979	0.01468	0.02263	0.00979	0.01713	0.01162	0.01346	0.00795	0.00918	0.00734	0.00489	0.00367	0.00122	0.00612	0.00306	0.00245	0.00734
28	0.01644	0.01179	0.01300	0.01136	0.01482	0.01310	0.00893	0.02991	0.61029	0.16791	0.02314	0.02098	0.01682	0.00763	0.00581	0.00191	0.00459	0.00633	0.00606	0.00919
29	0.00987	0.00499	0.00741	0.00741	0.00741	0.00499	0.00491	0.00748	0.00748	0.00998	0.01024	0.01815	0.01035	0.04965	0.02261	0.80194	0.00499	0.00510	0.00252	0.00252
30	0.00695	0.00504	0.00657	0.00780	0.00825	0.00466	0.00524	0.00798	0.01111	0.01467	0.03352	0.73944	0.09236	0.01766	0.00726	0.00229	0.00329	0.01594	0.00531	0.00466
31	0.00697	0.00498	0.00664	0.00796	0.00830	0.00465	0.00531	0.00796	0.01095	0.01460	0.03153	0.79525	0.03783	0.01792	0.00730	0.00232	0.00332	0.01626	0.00531	0.00465
32	0.01169	0.01205	0.02372	0.33583	0.03125	0.01279	0.34737	0.01574	0.01209	0.01614	0.01148	0.01627	0.00898	0.01015	0.10648	0.00286	0.00955	0.00598	0.00277	0.00681
33	0.02053	0.01497	0.01615	0.01271	0.01702	0.01656	0.01039	0.56934	0.16432	0.07377	0.01603	0.01549	0.01144	0.00705	0.00574	0.00176	0.00588	0.00543	0.00581	0.00960
34	0.02033	0.01491	0.01671	0.07574	0.01894	0.03576	0.01114	0.52933	0.03987	0.09871	0.01388	0.01438	0.00991	0.00703	0.00670	0.00180	0.06531	0.00518	0.00528	0.00910
35	0.02097	0.15679	0.01835	0.01254	0.01658	0.26274	0.01028	0.24384	0.03677	0.14833	0.01286	0.01298	0.00948	0.00626	0.00519	0.00157	0.00728	0.00444	0.00448	0.00829
36	0.05669	0.01228	0.11110	0.04032	0.01625	0.00957	0.01004	0.02442	0.06727	0.49933	0.05545	0.02016	0.03648	0.00722	0.00569	0.00180	0.00524	0.00586	0.00597	0.00889

[dist]
# distance from previous block
# <min> <max>
1	10

[block]
# block no. 4 follows, 41 sequences, length 20
# corresponding to MSA columns:
# 912-931
name=unknown_E
#
# <colnr> <probs for GDERKNQSTAVLIFYWHMCP>
#	G	D	E	R	K	N	Q	S	T	A	V	L	I	F	Y	W	H	M	C	P
0	0.01364	0.01422	0.02359	0.16071	0.33400	0.07843	0.21388	0.01721	0.01304	0.01726	0.01177	0.05401	0.01002	0.00585	0.00601	0.00181	0.00784	0.00599	0.00293	0.00779
1	0.14570	0.01446	0.06674	0.26354	0.06482	0.04272	0.01278	0.26254	0.03303	0.02424	0.01130	0.01348	0.00837	0.00604	0.00534	0.00179	0.00671	0.00471	0.00387	0.00783
2	0.01334	0.01276	0.02174	0.21736	0.58742	0.01338	0.01715	0.01684	0.01264	0.01770	0.01062	0.01442	0.00871	0.00525	0.00568	0.00175	0.00700	0.00509	0.00276	0.00840
3	0.01307	0.01248	0.02126	0.27784	0.52906	0.01330	0.01701	0.01660	0.01251	0.01737	0.01057	0.01451	0.00860	0.00530	0.00568	0.00177	0.00706	0.00509	0.00274	0.00818
4	0.01088	0.01017	0.01712	0.69372	0.08522	0.01246	0.01552	0.01457	0.01142	0.01481	0.01049	0.01557	0.00808	0.00771	0.04780	0.00229	0.00799	0.00514	0.00259	0.00646
5	0.07934	0.00602	0.00659	0.00657	0.00694	0.00621	0.00396	0.00913	0.00859	0.01259	0.01756	0.06455	0.01990	0.66151	0.06398	0.00528	0.00586	0.00808	0.00353	0.00383
6	0.00697	0.00498	0.00664	0.00796	0.00830	0.00465	0.00531	0.00796	0.01095	0.01460	0.03153	0.79525	0.03783	0.01792	0.00730	0.00232	0.00332	0.01626	0.00531	0.00465
7	0.00724	0.00555	0.00721	0.05846	0.01031	0.00528	0.00590	0.00858	0.01153	0.01487	0.03616	0.55169	0.20178	0.01627	0.00709	0.00222	0.00356	0.03636	0.00513	0.00482
8	0.06404	0.00571	0.00651	0.00691	0.00736	0.00571	0.00437	0.00908	0.00971	0.01410	0.03962	0.30045	0.02625	0.41287	0.01794	0.00386	0.00448	0.01065	0.04617	0.00420
9	0.00695	0.00505	0.00656	0.00778	0.00825	0.00466	0.00523	0.00799	0.01113	0.01467	0.03379	0.73194	0.09968	0.01763	0.00725	0.00229	0.00328	0.01590	0.00531	0.00466
10	0.00697	0.00498	0.00664	0.00796	0.00830	0.00465	0.00531	0.00796	0.01095	0.01460	0.03153	0.79525	0.03783	0.01792	0.00730	0.00232	0.00332	0.01626	0.00531	0.00465
11	0.00728	0.00576	0.00648	0.00662	0.00813	0.00507	0.00492	0.00891	0.01316	0.01663	0.18212	0.12901	0.46530	0.05725	0.00811	0.00219	0.00321	0.05958	0.00539	0.00487
12	0.00697	0.00498	0.00664	0.00796	0.00830	0.00465	0.00531	0.00796	0.01095	0.01460	0.03153	0.79525	0.03783	0.01792	0.00730	0.00232	0.00332	0.01626	0.00531	0.00465
13	0.00857	0.00538	0.00720	0.00815	0.00884	0.00497	0.00557	0.00967	0.01141	0.07897	0.03076	0.72890	0.03581	0.01699	0.00717	0.00228	0.00345	0.01536	0.00546	0.00508
14	0.01186	0.01017	0.01186	0.00847	0.01356	0.00762	0.00678	0.01440	0.01186	0.01864	0.01017	0.01186	0.00847	0.00424	0.00424	0.00085	0.00424	0.00339	0.00339	0.83395
15	0.00744	0.00517	0.00650	0.00736	0.00758	0.00496	0.00467	0.00809	0.01004	0.01338	0.02683	0.53195	0.03191	0.28929	0.01488	0.00344	0.00409	0.01350	0.00467	0.00424
16	0.00706	0.00502	0.00661	0.00785	0.00816	0.00471	0.00519	0.00799	0.01077	0.01436	0.03061	0.74411	0.03668	0.07063	0.00877	0.00254	0.00347	0.01572	0.00519	0.00457
17	0.00712	0.00509	0.00677	0.00786	0.00833	0.00475	0.00532	0.00834	0.01165	0.01571	0.12885	0.69475	0.03999	0.01709	0.00723	0.00225	0.00324	0.01547	0.00544	0.00475
18	0.00748	0.00545	0.00653	0.00726	0.00810	0.00507	0.00498	0.00907	0.03177	0.01544	0.05172	0.48486	0.20177	0.06868	0.00838	0.00236	0.00335	0.01364	0.05929	0.00479
19	0.46891	0.01144	0.01072	0.00925	0.01289	0.01281	0.00749	0.05984	0.20201	0.13182	0.01428	0.01407	0.01040	0.00627	0.00455	0.00181	0.00461	0.00445	0.00474	0.00762

[dist]
# distance from previous block
# <min> <max>
55	211

[block]
# block no. 5 follows, 41 sequences, length 40
# corresponding to MSA columns:
# 1170-1209
name=unknown_F
#
# <colnr> <probs for GDERKNQSTAVLIFYWHMCP>
#	G	D	E	R	K	N	Q	S	T	A	V	L	I	F	Y	W	H	M	C	P
0	0.08316	0.05798	0.01624	0.01408	0.06519	0.22752	0.04669	0.09265	0.09215	0.01856	0.01198	0.01545	0.01030	0.08501	0.02904	0.00228	0.08956	0.00494	0.00357	0.03365
1	0.01068	0.00886	0.01250	0.12923	0.01698	0.00960	0.05476	0.07307	0.08576	0.01811	0.02542	0.15938	0.09746	0.01350	0.04798	0.00256	0.03471	0.18864	0.00459	0.00620
2	0.01590	0.17189	0.23061	0.01455	0.09055	0.01407	0.01336	0.06409	0.01400	0.17535	0.07349	0.01589	0.01286	0.00656	0.00624	0.00172	0.06166	0.00501	0.00397	0.00824
3	0.03050	0.09981	0.02002	0.01464	0.01859	0.24764	0.11608	0.22277	0.07058	0.02173	0.01150	0.01283	0.00896	0.00620	0.00611	0.00165	0.04918	0.00472	0.00387	0.03262
4	0.00832	0.00648	0.00722	0.00705	0.00874	0.00598	0.00521	0.06853	0.01419	0.01818	0.17581	0.18047	0.41548	0.04284	0.00759	0.00209	0.00331	0.01180	0.00546	0.00525
5	0.01261	0.02849	0.21399	0.18310	0.27841	0.01381	0.10496	0.01694	0.01222	0.01727	0.01037	0.01383	0.00813	0.00558	0.00653	0.00184	0.05626	0.00504	0.00265	0.00798
6	0.04050	0.12905	0.09358	0.04820	0.05865	0.12385	0.13540	0.07133	0.04075	0.01772	0.01318	0.09731	0.01193	0.00956	0.05905	0.00228	0.03106	0.00605	0.00337	0.00719
7	0.07602	0.10310	0.01783	0.06762	0.01851	0.16566	0.08000	0.08209	0.20094	0.10993	0.01471	0.01511	0.01097	0.00632	0.00535	0.00171	0.00674	0.00503	0.00435	0.00800
8	0.00746	0.00553	0.00705	0.00793	0.00888	0.00512	0.00586	0.00903	0.01231	0.01607	0.10805	0.43238	0.18565	0.01621	0.00725	0.00225	0.00354	0.14913	0.00540	0.00487
9	0.01363	0.01533	0.06702	0.08443	0.20505	0.01417	0.45158	0.04277	0.01362	0.01872	0.01128	0.01488	0.00865	0.00506	0.00631	0.00186	0.00863	0.00604	0.00292	0.00804
10	0.01338	0.01254	0.01905	0.23206	0.38767	0.05143	0.01545	0.01644	0.01319	0.01766	0.01467	0.02420	0.01350	0.00768	0.00634	0.00203	0.00713	0.13430	0.00343	0.00784
11	0.02093	0.01203	0.01405	0.01135	0.01541	0.01250	0.00919	0.19300	0.26564	0.35045	0.02078	0.01878	0.01425	0.00726	0.00577	0.00181	0.00508	0.00585	0.00635	0.00950
12	0.00719	0.00523	0.00683	0.00803	0.00862	0.00487	0.00563	0.00841	0.01139	0.01495	0.03398	0.64438	0.10814	0.01736	0.00731	0.00232	0.00349	0.09183	0.00531	0.00473
13	0.01770	0.15526	0.01765	0.01165	0.01590	0.01648	0.00974	0.31764	0.24483	0.05213	0.01566	0.01530	0.01173	0.00660	0.00528	0.00163	0.00552	0.00507	0.00504	0.06918
14	0.01610	0.01458	0.15158	0.06603	0.22337	0.01114	0.01342	0.02030	0.05129	0.21514	0.01427	0.01522	0.01031	0.00571	0.00541	0.00162	0.00609	0.00489	0.00410	0.14942
15	0.01195	0.10454	0.65797	0.01608	0.02404	0.01426	0.05822	0.01803	0.01211	0.01767	0.01011	0.01197	0.00733	0.00535	0.00533	0.00176	0.00829	0.00425	0.00244	0.00831
16	0.01215	0.06625	0.59771	0.01934	0.15669	0.01382	0.01991	0.01796	0.01222	0.01798	0.01024	0.01230	0.00758	0.00535	0.00539	0.00176	0.00804	0.00432	0.00249	0.00851
17	0.00822	0.00584	0.00805	0.00818	0.00891	0.00644	0.00595	0.00971	0.00930	0.01331	0.01771	0.10161	0.01814	0.21563	0.48653	0.00726	0.01121	0.00759	0.04572	0.00469
18	0.02764	0.14564	0.48221	0.01648	0.02362	0.04300	0.14812	0.01815	0.01237	0.01742	0.01005	0.01212	0.00750	0.00526	0.00535	0.00173	0.00830	0.00446	0.00255	0.00804
19	0.01660	0.06453	0.18253	0.01355	0.01762	0.40591	0.01242	0.01937	0.01450	0.03763	0.01561	0.01987	0.07137	0.00744	0.00556	0.00170	0.00842	0.07515	0.00334	0.00688
20	0.00688	0.00534	0.00626	0.00699	0.00804	0.00473	0.00488	0.00807	0.01188	0.01498	0.04334	0.46423	0.36122	0.01638	0.00706	0.00215	0.00313	0.01439	0.00531	0.00473
21	0.00786	0.00568	0.00762	0.00885	0.00969	0.00544	0.00682	0.00955	0.01199	0.01567	0.03285	0.45011	0.08566	0.01683	0.00750	0.00242	0.00407	0.30120	0.00529	0.00491
22	0.01755	0.03234	0.01699	0.15893	0.02151	0.39287	0.07076	0.01977	0.01434	0.08829	0.01252	0.07920	0.01078	0.00703	0.00604	0.00172	0.03359	0.00550	0.00345	0.00680
23	0.01187	0.01156	0.01628	0.01415	0.01430	0.01597	0.01171	0.01324	0.00882	0.01369	0.00867	0.01400	0.00852	0.01492	0.13175	0.00350	0.67319	0.00517	0.00259	0.00609
24	0.00731	0.00582	0.00655	0.00637	0.00806	0.00506	0.00478	0.00927	0.01433	0.01851	0.34509	0.05001	0.47193	0.01334	0.00675	0.00188	0.00282	0.01137	0.00571	0.00506
25	0.01857	0.38413	0.02255	0.01246	0.01630	0.42917	0.01047	0.02021	0.01410	0.01375	0.00843	0.00979	0.00736	0.00543	0.00447	0.00136	0.00838	0.00340	0.00272	0.00696
26	0.07849	0.01312	0.01464	0.08724	0.01786	0.02660	0.00997	0.36258	0.09743	0.15282	0.01841	0.01811	0.06252	0.00728	0.00564	0.00178	0.00570	0.00569	0.00542	0.00868
27	0.00817	0.00613	0.00919	0.00919	0.01021	0.00715	0.00715	0.01021	0.00919	0.01328	0.01532	0.02247	0.01430	0.04290	0.77631	0.00919	0.01532	0.00613	0.00306	0.00511
28	0.00744	0.00584	0.00673	0.00657	0.00822	0.00514	0.00497	0.00949	0.01447	0.01888	0.37460	0.04976	0.41976	0.01326	0.00679	0.00189	0.00288	0.03246	0.00576	0.00510
29	0.01403	0.35507	0.06990	0.04525	0.02290	0.01796	0.33670	0.01750	0.01238	0.01592	0.00975	0.01245	0.00795	0.00510	0.00573	0.00164	0.03473	0.00490	0.00265	0.00749
30	0.20085	0.01554	0.11164	0.01715	0.07196	0.01412	0.25371	0.07904	0.13987	0.02238	0.01272	0.01442	0.00956	0.00569	0.00555	0.00185	0.00698	0.00533	0.00371	0.00795
31	0.01010	0.00634	0.00821	0.00857	0.00980	0.00607	0.00619	0.01276	0.07272	0.10923	0.11541	0.51405	0.03492	0.01493	0.00695	0.00218	0.00363	0.04652	0.00568	0.00575
32	0.00789	0.00592	0.00743	0.00775	0.00913	0.00546	0.00606	0.01005	0.01400	0.01855	0.30911	0.13798	0.23310	0.01417	0.00710	0.00210	0.00346	0.18992	0.00567	0.00513
33	0.16108	0.24804	0.33705	0.03178	0.01875	0.01571	0.01393	0.01794	0.05086	0.01848	0.03209	0.01222	0.00902	0.00557	0.00465	0.00164	0.00665	0.00401	0.00292	0.00761
34	0.01003	0.01186	0.11762	0.01568	0.08991	0.00923	0.19415	0.01317	0.01253	0.01729	0.09738	0.32412	0.04039	0.01098	0.00668	0.00203	0.00587	0.01046	0.00417	0.00644
35	0.01388	0.01331	0.02272	0.09615	0.70439	0.01352	0.01742	0.01732	0.01290	0.01836	0.01071	0.01425	0.00894	0.00515	0.00567	0.00172	0.00686	0.00510	0.00281	0.00884
36	0.00789	0.00567	0.00780	0.00850	0.00921	0.00583	0.00627	0.00936	0.01063	0.01443	0.04676	0.32665	0.03938	0.10151	0.24399	0.01828	0.00749	0.12116	0.00442	0.00476
37	0.01633	0.01299	0.03270	0.01922	0.14440	0.02518	0.25839	0.07882	0.04675	0.18325	0.05084	0.07498	0.01462	0.00697	0.00622	0.00185	0.00684	0.00689	0.00448	0.00826
38	0.01704	0.07108	0.10340	0.01899	0.12887	0.01624	0.18134	0.33088	0.01884	0.02558	0.01192	0.01367	0.00892	0.00591	0.00601	0.00175	0.02148	0.00526	0.00401	0.00880
39	0.01474	0.01774	0.07730	0.05162	0.18280	0.15091	0.33052	0.01851	0.01339	0.01716	0.01049	0.01380	0.00831	0.00550	0.00693	0.00183	0.06244	0.00549	0.00282	0.00771

[dist]
# distance from previous block
# <min> <max>
0	17

[block]
# block no. 6 follows, 41 sequences, length 23
# corresponding to MSA columns:
# 1227-1249
name=unknown_G
#
# <colnr> <probs for GDERKNQSTAVLIFYWHMCP>
#	G	D	E	R	K	N	Q	S	T	A	V	L	I	F	Y	W	H	M	C	P
0	0.03718	0.01264	0.04723	0.04076	0.10385	0.02479	0.10843	0.13365	0.03431	0.21515	0.01709	0.11498	0.01403	0.00775	0.00639	0.00185	0.03290	0.00679	0.00479	0.03546
1	0.04287	0.04783	0.18620	0.02187	0.26150	0.01380	0.13117	0.10913	0.01447	0.05115	0.01297	0.01513	0.03353	0.00610	0.00609	0.02199	0.00719	0.00528	0.00337	0.00836
2	0.04583	0.01727	0.24726	0.01641	0.02202	0.01189	0.27276	0.01848	0.03400	0.11172	0.10421	0.01941	0.03902	0.00653	0.00608	0.00185	0.00729	0.00632	0.00386	0.00779
3	0.00752	0.00572	0.00698	0.00766	0.00863	0.00538	0.00536	0.00978	0.05956	0.01633	0.11948	0.50420	0.19058	0.01584	0.00703	0.00216	0.00324	0.01408	0.00546	0.00505
4	0.01950	0.01561	0.01544	0.01248	0.01653	0.12997	0.02157	0.32731	0.16640	0.11310	0.01561	0.01540	0.01137	0.00724	0.01761	0.00178	0.00641	0.00516	0.00520	0.07631
5	0.01319	0.06189	0.06188	0.00954	0.01462	0.00981	0.00827	0.03699	0.07535	0.05498	0.01184	0.01292	0.00939	0.00486	0.00452	0.00109	0.00474	0.00384	0.00371	0.59655
6	0.01440	0.01809	0.24458	0.06978	0.16086	0.01312	0.22769	0.01932	0.03113	0.11329	0.01256	0.01480	0.00915	0.00555	0.00614	0.00184	0.02058	0.00543	0.00331	0.00836
7	0.01083	0.01124	0.02227	0.01685	0.02070	0.01043	0.43078	0.01430	0.01334	0.01781	0.10539	0.14209	0.13921	0.00911	0.00683	0.00197	0.00683	0.00944	0.00402	0.00653
8	0.00963	0.00793	0.00878	0.00858	0.01061	0.00816	0.00654	0.01620	0.26287	0.01911	0.11595	0.15159	0.27505	0.01251	0.00660	0.00203	0.00366	0.06228	0.00559	0.00632
9	0.01270	0.01178	0.04316	0.01577	0.04079	0.03173	0.28278	0.01602	0.02760	0.08865	0.13316	0.12902	0.02113	0.05865	0.00878	0.00219	0.05676	0.00830	0.00421	0.00681
10	0.00894	0.00789	0.01038	0.01058	0.04127	0.00896	0.00781	0.01033	0.01116	0.01491	0.03200	0.26130	0.25949	0.01386	0.01047	0.00224	0.23524	0.04341	0.00438	0.00539
11	0.00723	0.00580	0.00639	0.00625	0.00793	0.00503	0.00465	0.00902	0.01387	0.01765	0.27605	0.05064	0.51683	0.03834	0.00746	0.00200	0.00292	0.01141	0.00556	0.00496
12	0.01824	0.00809	0.01090	0.00892	0.01204	0.00714	0.00714	0.02066	0.01630	0.45291	0.33412	0.02929	0.03097	0.00903	0.00617	0.00178	0.00395	0.00769	0.00675	0.00790
13	0.03992	0.09843	0.02820	0.02109	0.09071	0.06385	0.42785	0.05754	0.01363	0.01836	0.01060	0.01380	0.00837	0.00550	0.00713	0.00184	0.07687	0.00567	0.00298	0.00766
14	0.00913	0.00824	0.00805	0.00837	0.00961	0.10323	0.00606	0.01074	0.01332	0.01672	0.20195	0.35229	0.16993	0.01422	0.00683	0.00204	0.00408	0.04484	0.00524	0.00513
15	0.00782	0.00600	0.00729	0.00760	0.00913	0.00547	0.00604	0.00991	0.01382	0.01787	0.23474	0.08579	0.33767	0.01426	0.00710	0.00211	0.00353	0.21320	0.00556	0.00510
16	0.01248	0.04597	0.14795	0.11186	0.35952	0.01287	0.09727	0.01629	0.01245	0.01742	0.01295	0.10258	0.01175	0.00664	0.00586	0.00182	0.00707	0.00632	0.00300	0.00793
17	0.01193	0.06478	0.61532	0.01690	0.04131	0.01410	0.07124	0.01779	0.01196	0.01764	0.01008	0.01225	0.00741	0.00565	0.00630	0.00183	0.05840	0.00442	0.00247	0.00822
18	0.04901	0.02049	0.01586	0.01348	0.01699	0.38203	0.01056	0.25228	0.07258	0.06980	0.01224	0.01281	0.00924	0.00652	0.00578	0.00165	0.03192	0.00450	0.00430	0.00796
19	0.00706	0.00515	0.00656	0.00757	0.00814	0.00475	0.00510	0.00814	0.01133	0.01492	0.06744	0.63045	0.12989	0.05452	0.00825	0.00240	0.00334	0.01508	0.00527	0.00465
20	0.01682	0.05370	0.10433	0.04563	0.17599	0.06234	0.21907	0.06657	0.01468	0.16484	0.01315	0.01485	0.00956	0.00562	0.00584	0.00176	0.00759	0.00541	0.00380	0.00846
21	0.04088	0.03115	0.04832	0.04571	0.02184	0.01355	0.30085	0.10004	0.08744	0.12442	0.03542	0.04699	0.01254	0.00675	0.00694	0.00191	0.05662	0.00642	0.00422	0.00799
22	0.00839	0.04021	0.06379	0.00856	0.01009	0.00727	0.00694	0.01013	0.01005	0.01366	0.02274	0.13940	0.10968	0.18065	0.33629	0.00573	0.00927	0.00848	0.00367	0.00502

[dist]
# distance from previous block
# <min> <max>
1	14

[block]
# block no. 7 follows, 41 sequences, length 20
# corresponding to MSA columns:
# 1264-1283
name=unknown_H
#
# <colnr> <probs for GDERKNQSTAVLIFYWHMCP>
#	G	D	E	R	K	N	Q	S	T	A	V	L	I	F	Y	W	H	M	C	P
0	0.06341	0.00913	0.01195	0.01037	0.01287	0.00972	0.05175	0.04481	0.16425	0.14290	0.04691	0.02279	0.01626	0.11356	0.24849	0.00458	0.00836	0.00638	0.00459	0.00689
1	0.01296	0.01794	0.22256	0.09835	0.12088	0.01437	0.23464	0.04328	0.04165	0.01819	0.01098	0.01415	0.00847	0.00597	0.00765	0.00193	0.10985	0.00540	0.00289	0.00788
2	0.00705	0.00501	0.00661	0.00786	0.00817	0.00470	0.00520	0.00799	0.01079	0.01438	0.03069	0.74850	0.03678	0.06610	0.00865	0.00252	0.00346	0.01577	0.00520	0.00457
3	0.01977	0.01527	0.01619	0.01346	0.04042	0.04393	0.01058	0.50249	0.20225	0.05144	0.01602	0.01563	0.01162	0.00700	0.00572	0.00176	0.00599	0.00543	0.00559	0.00943
4	0.01370	0.24297	0.39216	0.01368	0.02026	0.01605	0.03356	0.08507	0.04888	0.01877	0.01059	0.01193	0.00810	0.00544	0.00494	0.00159	0.00719	0.00410	0.00296	0.05805
5	0.08692	0.07124	0.08735	0.01916	0.15506	0.04123	0.20036	0.11952	0.03482	0.11068	0.01258	0.01417	0.00930	0.00564	0.00561	0.00175	0.00719	0.00520	0.00383	0.00838
6	0.01473	0.56701	0.15013	0.01291	0.04487	0.04778	0.06043	0.01759	0.01204	0.01475	0.00870	0.01029	0.00748	0.00502	0.00429	0.00139	0.00691	0.00359	0.00250	0.00758
7	0.00741	0.00552	0.00695	0.00754	0.00856	0.00505	0.00548	0.00909	0.01293	0.01712	0.22068	0.37859	0.19758	0.01542	0.00710	0.00214	0.00325	0.07911	0.00555	0.00493
8	0.01667	0.17013	0.19648	0.01219	0.01696	0.10219	0.01192	0.10599	0.03075	0.15574	0.01532	0.11346	0.01298	0.00751	0.00540	0.00171	0.00656	0.00592	0.00418	0.00794
9	0.01364	0.25066	0.08915	0.09245	0.05529	0.05416	0.05577	0.03415	0.03751	0.05545	0.05909	0.09840	0.01549	0.00774	0.00571	0.00173	0.02233	0.04052	0.00362	0.00713
10	0.00720	0.00531	0.00673	0.00743	0.00826	0.00485	0.00517	0.00866	0.01251	0.01667	0.20445	0.49947	0.16047	0.01592	0.00708	0.00214	0.00311	0.01420	0.00554	0.00485
11	0.01796	0.00807	0.01060	0.00870	0.01189	0.00704	0.00697	0.02020	0.01583	0.44826	0.23335	0.03123	0.13615	0.00946	0.00618	0.00180	0.00397	0.00797	0.00660	0.00780
12	0.09332	0.07253	0.25818	0.01359	0.01881	0.01214	0.12656	0.04399	0.02896	0.09683	0.02903	0.08411	0.07252	0.00758	0.00570	0.00184	0.00654	0.01638	0.00386	0.00753
