[name]
unknown

[dist]
# distance from previous block
# <min> <max>
0	945

[block]
# block no. 0 follows, 50 sequences, length 13
# corresponding to MSA columns:
# 945-957
name=unknown_A
#
# <colnr> <probs for GDERKNQSTAVLIFYWHMCP>
#	G	D	E	R	K	N	Q	S	T	A	V	L	I	F	Y	W	H	M	C	P
0	0.47001	0.00873	0.00959	0.23360	0.01670	0.01019	0.00824	0.01335	0.00943	0.01834	0.01093	0.01809	0.00988	0.00635	0.00429	0.00171	0.00477	0.13742	0.00311	0.00529
1	0.01151	0.01499	0.16261	0.05575	0.24134	0.01214	0.39579	0.01561	0.01135	0.01589	0.00963	0.01261	0.00740	0.00440	0.00538	0.00161	0.00745	0.00503	0.00242	0.00712
2	0.01430	0.01581	0.01869	0.06849	0.10664	0.26652	0.22549	0.05249	0.14959	0.01613	0.01105	0.01273	0.00857	0.00511	0.00509	0.00152	0.00728	0.00466	0.00307	0.00676
3	0.00619	0.00460	0.00577	0.00646	0.00716	0.00418	0.00447	0.00736	0.01061	0.01400	0.15031	0.54598	0.18632	0.01418	0.00619	0.00189	0.00274	0.01264	0.00476	0.00418
4	0.01064	0.00553	0.00738	0.00742	0.00876	0.00497	0.00536	0.01182	0.01093	0.23320	0.02604	0.56978	0.05236	0.01286	0.00597	0.00188	0.00326	0.01148	0.00506	0.00530
5	0.01113	0.01449	0.15428	0.05804	0.01695	0.15182	0.18557	0.01364	0.01029	0.01299	0.01083	0.01749	0.01009	0.23604	0.02751	0.00263	0.05297	0.00522	0.00256	0.00544
6	0.00729	0.01084	0.22823	0.00769	0.01067	0.00639	0.00776	0.00960	0.01040	0.01344	0.03265	0.03473	0.43391	0.15434	0.00902	0.00221	0.00429	0.00802	0.00363	0.00489
7	0.00773	0.00588	0.00723	0.00715	0.00836	0.00588	0.00525	0.01174	0.14939	0.01810	0.43991	0.25435	0.03744	0.01111	0.00587	0.00172	0.00279	0.00986	0.00517	0.00508
8	0.01787	0.01211	0.01566	0.01625	0.23354	0.01257	0.01062	0.39005	0.01793	0.20311	0.01301	0.01322	0.00920	0.00559	0.00498	0.00150	0.00532	0.00460	0.00455	0.00831
9	0.01074	0.01126	0.14892	0.00917	0.01228	0.00890	0.00856	0.22584	0.01522	0.02061	0.21187	0.06170	0.15897	0.00898	0.00553	0.00164	0.00434	0.06486	0.00449	0.00611
10	0.62181	0.01026	0.01095	0.01331	0.22999	0.01137	0.00818	0.01483	0.00929	0.02066	0.00762	0.00929	0.00610	0.00457	0.00360	0.00152	0.00444	0.00319	0.00291	0.00610
11	0.01871	0.02100	0.01436	0.01246	0.01542	0.58299	0.00959	0.23270	0.01674	0.01760	0.00890	0.00983	0.00700	0.00537	0.00463	0.00134	0.00800	0.00357	0.00325	0.00654
12	0.01681	0.01137	0.01491	0.01594	0.23302	0.01180	0.01027	0.23565	0.15232	0.22325	0.01470	0.01454	0.01050	0.00574	0.00499	0.00154	0.00501	0.00481	0.00460	0.00821

[dist]
# distance from previous block
# <min> <max>
0	2

[block]
# block no. 1 follows, 50 sequences, length 15
# corresponding to MSA columns:
# 960-974
name=unknown_B
#
# <colnr> <probs for GDERKNQSTAVLIFYWHMCP>
#	G	D	E	R	K	N	Q	S	T	A	V	L	I	F	Y	W	H	M	C	P
0	0.01497	0.00762	0.00929	0.00766	0.01025	0.00734	0.00613	0.13640	0.01481	0.30254	0.21353	0.02169	0.02064	0.00708	0.00488	0.00146	0.00352	0.00586	0.19769	0.00665
1	0.01219	0.02527	0.59974	0.01386	0.02001	0.21296	0.01619	0.01683	0.01144	0.01487	0.00863	0.01013	0.00634	0.00484	0.00467	0.00150	0.00778	0.00356	0.00222	0.00696
2	0.01048	0.00590	0.00733	0.00704	0.00875	0.00532	0.00523	0.01237	0.04664	0.21267	0.05382	0.34511	0.23598	0.01183	0.00582	0.00178	0.00317	0.01030	0.00506	0.00541
3	0.00766	0.00624	0.00945	0.01295	0.20690	0.00603	0.00734	0.00906	0.01000	0.01363	0.02288	0.61613	0.02660	0.01278	0.00600	0.00189	0.00366	0.01170	0.00408	0.00503
4	0.01221	0.01311	0.01557	0.48634	0.14933	0.21271	0.01300	0.01496	0.01124	0.01316	0.00865	0.01205	0.00678	0.00494	0.00485	0.00154	0.00713	0.00412	0.00234	0.00597
5	0.00607	0.00447	0.00570	0.00662	0.00716	0.00409	0.00450	0.00705	0.00997	0.01307	0.05483	0.67517	0.15310	0.01498	0.00627	0.00196	0.00282	0.01343	0.00465	0.00409
6	0.01279	0.01572	0.21711	0.02342	0.47492	0.01235	0.01517	0.13560	0.01305	0.01854	0.00968	0.01182	0.00759	0.00476	0.00489	0.00151	0.00622	0.00426	0.00277	0.00785
7	0.01389	0.36003	0.25528	0.01109	0.01617	0.03583	0.01177	0.20881	0.01373	0.01796	0.00883	0.00979	0.00690	0.00486	0.00415	0.00133	0.00607	0.00345	0.00286	0.00720
8	0.01083	0.00597	0.00827	0.00770	0.00924	0.00604	0.00589	0.01235	0.00987	0.21105	0.01868	0.10424	0.05789	0.10355	0.39900	0.00509	0.00853	0.00664	0.00390	0.00528
9	0.00632	0.00487	0.00578	0.00597	0.00710	0.00432	0.00432	0.00782	0.01174	0.01537	0.28326	0.26026	0.33959	0.01267	0.00602	0.00174	0.00257	0.01105	0.00491	0.00432
10	0.01025	0.01316	0.21056	0.00912	0.01429	0.00790	0.00908	0.01337	0.01038	0.01613	0.00888	0.01038	0.00711	0.00396	0.00396	0.00095	0.00462	0.00314	0.00274	0.64003
11	0.01231	0.18234	0.19210	0.02273	0.01508	0.02605	0.02191	0.13178	0.20908	0.01820	0.01641	0.02847	0.09012	0.00632	0.00470	0.00150	0.00526	0.00499	0.00361	0.00703
12	0.00710	0.00815	0.13078	0.00712	0.00894	0.00558	0.00619	0.00885	0.01029	0.01375	0.14615	0.17326	0.22153	0.21773	0.01074	0.00251	0.00391	0.00902	0.00396	0.00445
13	0.01006	0.00977	0.00841	0.00812	0.00905	0.20832	0.00570	0.01094	0.00929	0.01097	0.01336	0.04838	0.01396	0.35817	0.24946	0.00478	0.00834	0.00589	0.00285	0.00418
14	0.00977	0.00893	0.01477	0.49839	0.18291	0.01052	0.01270	0.01272	0.00995	0.01353	0.00974	0.01400	0.00785	0.00894	0.10186	0.00239	0.03332	0.00455	0.03733	0.00584

[dist]
# distance from previous block
# <min> <max>
0	2

[block]
# block no. 2 follows, 50 sequences, length 31
# corresponding to MSA columns:
# 977-1007
name=unknown_C
#
# <colnr> <probs for GDERKNQSTAVLIFYWHMCP>
#	G	D	E	R	K	N	Q	S	T	A	V	L	I	F	Y	W	H	M	C	P
0	0.01422	0.01304	0.01227	0.01105	0.03526	0.13684	0.00840	0.17216	0.43823	0.02094	0.01845	0.01763	0.06591	0.00669	0.00502	0.00158	0.00500	0.00533	0.00456	0.00742
1	0.01404	0.01259	0.01842	0.02529	0.58219	0.06035	0.01355	0.10528	0.04374	0.06046	0.01057	0.01259	0.00841	0.00485	0.00492	0.00148	0.00589	0.00445	0.00307	0.00787
2	0.07826	0.10286	0.24954	0.01090	0.03538	0.01069	0.01090	0.05622	0.01264	0.34653	0.02994	0.01348	0.00981	0.00545	0.00461	0.00150	0.00533	0.00423	0.00412	0.00760
3	0.06415	0.41283	0.28397	0.01186	0.06947	0.01533	0.01208	0.01567	0.01044	0.05135	0.00838	0.00958	0.00669	0.00455	0.00391	0.00132	0.00591	0.00324	0.00240	0.00686
4	0.01202	0.01219	0.02089	0.11354	0.18821	0.05974	0.32892	0.06747	0.01243	0.01670	0.04388	0.01517	0.03488	0.00512	0.00531	0.00157	0.00677	0.00536	0.04320	0.00663
5	0.01308	0.01236	0.06788	0.10447	0.09500	0.01119	0.39935	0.01708	0.04116	0.14551	0.01293	0.01490	0.03045	0.00500	0.00545	0.00163	0.00690	0.00544	0.00322	0.00701
6	0.01208	0.01158	0.01977	0.09848	0.72783	0.01178	0.01517	0.01507	0.01123	0.01598	0.00933	0.01242	0.00779	0.00449	0.00494	0.00150	0.00598	0.00444	0.00245	0.00769
7	0.00713	0.00530	0.00778	0.00778	0.00859	0.00611	0.00594	0.00875	0.00794	0.01140	0.01356	0.02075	0.01297	0.10770	0.73544	0.00773	0.01259	0.00551	0.00270	0.00432
8	0.42832	0.06097	0.04851	0.00854	0.01224	0.01192	0.00745	0.18151	0.01300	0.16932	0.01052	0.01071	0.00748	0.00519	0.00394	0.00150	0.00454	0.00357	0.00397	0.00680
9	0.01040	0.12354	0.70479	0.01351	0.02050	0.01257	0.01721	0.01568	0.01048	0.01529	0.00870	0.01022	0.00632	0.00468	0.00455	0.00152	0.00712	0.00356	0.00211	0.00725
10	0.00614	0.00503	0.00541	0.00538	0.00690	0.00430	0.00401	0.00760	0.01185	0.01476	0.20025	0.07776	0.60882	0.01225	0.00591	0.00167	0.00250	0.01036	0.00480	0.00430
11	0.00593	0.00501	0.00513	0.00518	0.00678	0.00421	0.00385	0.00719	0.01132	0.01357	0.06612	0.09095	0.73230	0.01274	0.00592	0.00170	0.00254	0.01069	0.00465	0.00421
12	0.00799	0.00628	0.00934	0.01216	0.15672	0.00614	0.00784	0.00982	0.01076	0.01448	0.05697	0.36534	0.02734	0.01262	0.00626	0.00200	0.00404	0.27467	0.00424	0.00499
13	0.01333	0.82783	0.02612	0.00853	0.01279	0.01972	0.00853	0.01493	0.01013	0.01173	0.00693	0.00800	0.00640	0.00426	0.00320	0.00107	0.00533	0.00267	0.00213	0.00640
14	0.00725	0.00483	0.00544	0.00544	0.00544	0.00483	0.00302	0.00725	0.00725	0.00966	0.01571	0.03262	0.01812	0.82483	0.02537	0.00483	0.00483	0.00725	0.00302	0.00302
15	0.08031	0.01298	0.01586	0.05265	0.10096	0.01411	0.06285	0.52725	0.01930	0.04805	0.01124	0.01202	0.00814	0.00555	0.00490	0.00152	0.00563	0.00446	0.00430	0.00792
16	0.00712	0.00532	0.00793	0.00793	0.00879	0.00619	0.00613	0.00885	0.00799	0.01151	0.01343	0.02001	0.01264	0.06296	0.77975	0.00791	0.01307	0.00540	0.00268	0.00440
17	0.00701	0.00473	0.00551	0.00574	0.00580	0.00467	0.00335	0.00719	0.00772	0.01029	0.01811	0.19399	0.02116	0.65931	0.02148	0.00426	0.00444	0.00866	0.00335	0.00323
18	0.01189	0.01189	0.02180	0.11316	0.53275	0.01194	0.19209	0.01518	0.01130	0.01583	0.00948	0.01270	0.00768	0.00444	0.00516	0.00155	0.00658	0.00478	0.00245	0.00737
19	0.02378	0.02264	0.00613	0.00572	0.00720	0.00483	0.00429	0.00818	0.01200	0.01565	0.28603	0.11129	0.45116	0.01176	0.00581	0.00166	0.00259	0.01003	0.00482	0.00442
20	0.01930	0.00838	0.01090	0.00869	0.01214	0.00756	0.00717	0.08425	0.01452	0.59435	0.02283	0.02262	0.09763	0.00738	0.00523	0.00161	0.00418	0.05771	0.00579	0.00775
21	0.01124	0.32542	0.51026	0.01209	0.01829	0.01462	0.01472	0.01546	0.01038	0.01427	0.00819	0.00958	0.00634	0.00456	0.00416	0.00139	0.00661	0.00330	0.00211	0.00700
22	0.01825	0.09471	0.08873	0.01112	0.06766	0.01037	0.00924	0.09717	0.06114	0.44569	0.03468	0.01521	0.01148	0.00583	0.00482	0.00150	0.00483	0.00469	0.00491	0.00799
23	0.01081	0.01164	0.02210	0.01668	0.01969	0.01246	0.44305	0.01367	0.01036	0.01440	0.01308	0.03748	0.07879	0.00670	0.00921	0.00185	0.26331	0.00604	0.00266	0.00602
24	0.01059	0.16888	0.66110	0.01319	0.02001	0.01303	0.01665	0.01563	0.01045	0.01506	0.00859	0.01007	0.00633	0.00465	0.00446	0.00149	0.00700	0.00350	0.00211	0.00719
25	0.01428	0.01127	0.03218	0.05078	0.38888	0.01075	0.14188	0.04534	0.01237	0.18802	0.01259	0.04764	0.00982	0.00533	0.00517	0.00156	0.00588	0.00521	0.00346	0.00759
26	0.01203	0.01153	0.01960	0.07140	0.73521	0.01162	0.01495	0.01497	0.01128	0.01603	0.01031	0.01322	0.02608	0.00466	0.00496	0.00149	0.00588	0.00458	0.00250	0.00768
27	0.00590	0.00503	0.00507	0.00510	0.00675	0.00420	0.00381	0.00715	0.01131	0.01344	0.04982	0.07066	0.76945	0.01271	0.00590	0.00169	0.00254	0.01063	0.00463	0.00420
28	0.01000	0.02578	0.79900	0.01421	0.02157	0.01158	0.01842	0.01579	0.01052	0.01579	0.00895	0.01052	0.00631	0.00474	0.00474	0.00158	0.00737	0.00368	0.00210	0.00737
29	0.05146	0.04347	0.18744	0.01420	0.03924	0.15265	0.18521	0.08123	0.02458	0.15599	0.01117	0.01216	0.00801	0.00505	0.00491	0.00152	0.00687	0.00438	0.00334	0.00713
30	0.01625	0.39842	0.02007	0.01031	0.01420	0.14716	0.00906	0.29416	0.01565	0.01900	0.00890	0.00961	0.00716	0.00504	0.00406	0.00126	0.00599	0.00342	0.00325	0.00705

[dist]
# distance from previous block
# <min> <max>
0	1

[block]
# block no. 3 follows, 50 sequences, length 11
# corresponding to MSA columns:
# 1009-1019
name=unknown_D
#
# <colnr> <probs for GDERKNQSTAVLIFYWHMCP>
#	G	D	E	R	K	N	Q	S	T	A	V	L	I	F	Y	W	H	M	C	P
0	0.03938	0.04050	0.30046	0.08740	0.19505	0.05498	0.01386	0.01589	0.01115	0.09709	0.03767	0.02926	0.00930	0.00543	0.00530	0.00156	0.04144	0.00441	0.00285	0.00702
1	0.00607	0.00434	0.00578	0.00694	0.00723	0.00405	0.00463	0.00694	0.00954	0.01272	0.02747	0.82157	0.03297	0.01562	0.00636	0.00202	0.00289	0.01417	0.00463	0.00405
2	0.01287	0.01154	0.01780	0.18993	0.02165	0.01248	0.22455	0.20972	0.16187	0.01993	0.01320	0.05868	0.01046	0.00595	0.00533	0.00165	0.00612	0.00562	0.00368	0.00698
3	0.01171	0.27235	0.32609	0.01064	0.01544	0.01271	0.01171	0.01561	0.05326	0.08329	0.03277	0.11012	0.01168	0.00629	0.00452	0.00147	0.00559	0.00500	0.00303	0.00671
4	0.00614	0.00448	0.00578	0.00668	0.00719	0.00412	0.00454	0.00717	0.01012	0.01341	0.09409	0.67244	0.11580	0.01484	0.00627	0.00195	0.00281	0.01334	0.00470	0.00412
5	0.01333	0.82783	0.02612	0.00853	0.01279	0.01972	0.00853	0.01493	0.01013	0.01173	0.00693	0.00800	0.00640	0.00426	0.00320	0.00107	0.00533	0.00267	0.00213	0.00640
6	0.01137	0.32397	0.39247	0.01134	0.01662	0.05880	0.01295	0.01488	0.01049	0.01378	0.00982	0.08392	0.00880	0.00558	0.00430	0.00141	0.00629	0.00424	0.00237	0.00661
7	0.00986	0.07247	0.65341	0.01288	0.01919	0.01130	0.01604	0.01475	0.01013	0.01486	0.00956	0.01254	0.00753	0.07198	0.04110	0.00209	0.00730	0.00398	0.00220	0.00683
8	0.00843	0.00581	0.00680	0.00661	0.00812	0.00547	0.00487	0.01119	0.09495	0.08656	0.17761	0.20795	0.28656	0.05753	0.00692	0.00190	0.00301	0.00982	0.00489	0.00499
9	0.00941	0.00886	0.01495	0.81285	0.03433	0.01107	0.01384	0.01274	0.00997	0.01274	0.00886	0.01329	0.00664	0.00498	0.00498	0.00166	0.00664	0.00443	0.00221	0.00554
10	0.03826	0.10936	0.39331	0.01179	0.01721	0.01247	0.01305	0.09035	0.13838	0.11034	0.01207	0.01239	0.00867	0.00530	0.00463	0.00153	0.00593	0.00409	0.00337	0.00752

[dist]
# distance from previous block
# <min> <max>
0	1

[block]
# block no. 4 follows, 50 sequences, length 89
# corresponding to MSA columns:
# 1021-1109
name=unknown_E
#
# <colnr> <probs for GDERKNQSTAVLIFYWHMCP>
#	G	D	E	R	K	N	Q	S	T	A	V	L	I	F	Y	W	H	M	C	P
0	0.00879	0.00803	0.01260	0.01095	0.01233	0.03031	0.11881	0.01079	0.00865	0.01230	0.01148	0.01682	0.01051	0.02647	0.52370	0.00585	0.15886	0.00518	0.00256	0.00500
1	0.00805	0.00602	0.00705	0.00719	0.00840	0.00588	0.00518	0.12782	0.01216	0.01584	0.03059	0.50800	0.21210	0.01338	0.00603	0.00186	0.00321	0.01177	0.00468	0.00478
2	0.01021	0.13773	0.09405	0.10004	0.05018	0.00999	0.04471	0.03106	0.02318	0.01648	0.21076	0.01766	0.01744	0.00587	0.00464	0.00130	0.00467	0.00499	0.00335	0.21169
3	0.00724	0.00579	0.00664	0.00695	0.00820	0.00565	0.00498	0.01062	0.14908	0.01448	0.03277	0.42734	0.25876	0.01288	0.00593	0.00184	0.00299	0.01131	0.00467	0.02188
4	0.00601	0.00457	0.00554	0.00632	0.00707	0.00410	0.00435	0.00701	0.01014	0.01297	0.03501	0.56822	0.28145	0.01464	0.00621	0.00191	0.00277	0.01297	0.00463	0.00410
5	0.01350	0.01402	0.01215	0.02377	0.01371	0.26164	0.03556	0.03711	0.36323	0.01719	0.06115	0.09548	0.01548	0.00718	0.00509	0.00158	0.00558	0.00587	0.00412	0.00659
6	0.00941	0.00886	0.01495	0.81285	0.03433	0.01107	0.01384	0.01274	0.00997	0.01274	0.00886	0.01329	0.00664	0.00498	0.00498	0.00166	0.00664	0.00443	0.00221	0.00554
7	0.00734	0.00482	0.00540	0.00540	0.00545	0.00482	0.00304	0.00744	0.00739	0.01005	0.01573	0.03201	0.01789	0.78919	0.02442	0.00467	0.00472	0.00714	0.03998	0.00309
8	0.00712	0.00534	0.00801	0.00801	0.00890	0.00623	0.00623	0.00890	0.00801	0.01157	0.01335	0.01958	0.01246	0.03738	0.80507	0.00801	0.01335	0.00534	0.00267	0.00445
9	0.00617	0.00461	0.00587	0.01987	0.00765	0.00426	0.00468	0.00724	0.01013	0.01319	0.06072	0.60837	0.18475	0.01460	0.00624	0.00194	0.00289	0.02807	0.00462	0.00414
10	0.01841	0.00761	0.01030	0.00820	0.01136	0.00665	0.00665	0.02045	0.01423	0.59662	0.21874	0.02220	0.02129	0.00721	0.00524	0.00155	0.00375	0.00605	0.00599	0.00751
11	0.00725	0.00483	0.00544	0.00544	0.00544	0.00483	0.00302	0.00725	0.00725	0.00966	0.01571	0.03262	0.01812	0.82483	0.02537	0.00483	0.00483	0.00725	0.00302	0.00302
12	0.01058	0.02174	0.54697	0.01643	0.02304	0.01191	0.26640	0.01584	0.01093	0.01584	0.00932	0.01148	0.00672	0.00456	0.00511	0.00161	0.00771	0.00440	0.00224	0.00716
13	0.01895	0.01396	0.01496	0.01147	0.01546	0.01546	0.00947	0.77711	0.02344	0.03141	0.01197	0.01197	0.00848	0.00598	0.00499	0.00150	0.00548	0.00449	0.00499	0.00848
14	0.00744	0.00614	0.00668	0.00643	0.00819	0.00591	0.00492	0.01138	0.15667	0.01631	0.20380	0.04048	0.45577	0.01105	0.00577	0.00168	0.00283	0.03862	0.00490	0.00502
15	0.01032	0.00998	0.01386	0.01202	0.01207	0.01371	0.00984	0.01134	0.00761	0.01173	0.00785	0.01361	0.00805	0.09436	0.05976	0.00277	0.68894	0.00471	0.00229	0.00515
16	0.01135	0.01414	0.14315	0.01982	0.21921	0.01312	0.21018	0.01446	0.01011	0.01472	0.00856	0.01187	0.00712	0.00583	0.00889	0.00178	0.27199	0.00467	0.00233	0.00671
17	0.00712	0.00534	0.00801	0.00801	0.00890	0.00623	0.00623	0.00890	0.00801	0.01157	0.01335	0.01958	0.01246	0.03738	0.80507	0.00801	0.01335	0.00534	0.00267	0.00445
18	0.09994	0.00748	0.00944	0.00772	0.01064	0.00682	0.00622	0.01832	0.01348	0.46503	0.22835	0.02338	0.06676	0.00748	0.00511	0.00156	0.00359	0.00619	0.00559	0.00691
19	0.01473	0.01337	0.01498	0.01678	0.25192	0.13652	0.01053	0.22160	0.13488	0.03333	0.07635	0.02794	0.01265	0.00601	0.00500	0.00150	0.00561	0.00499	0.00391	0.00740
20	0.01409	0.63797	0.06843	0.00960	0.01377	0.14234	0.00929	0.03223	0.01107	0.01246	0.00728	0.00838	0.00644	0.00447	0.00353	0.00114	0.00602	0.00285	0.00226	0.00640
21	0.00607	0.00434	0.00578	0.00694	0.00723	0.00405	0.00463	0.00694	0.00954	0.01272	0.02747	0.82157	0.03297	0.01562	0.00636	0.00202	0.00289	0.01417	0.00463	0.00405
22	0.01476	0.01726	0.01892	0.04949	0.18796	0.36266	0.17832	0.01711	0.01230	0.01392	0.00854	0.01102	0.00701	0.00507	0.00590	0.00150	0.07517	0.00420	0.00249	0.00641
23	0.01321	0.01321	0.02060	0.01568	0.01951	0.09041	0.38906	0.06312	0.20346	0.04699	0.01302	0.01511	0.01002	0.04089	0.00650	0.00177	0.02160	0.00548	0.00345	0.00690
24	0.00714	0.00494	0.00617	0.00624	0.00650	0.00517	0.00400	0.00769	0.00759	0.01037	0.01574	0.07492	0.01742	0.55947	0.24038	0.00555	0.00708	0.00712	0.00302	0.00348
25	0.00596	0.00499	0.00519	0.00527	0.00681	0.00422	0.00390	0.00723	0.01132	0.01368	0.08066	0.11652	0.69162	0.01278	0.00593	0.00171	0.00255	0.01078	0.00467	0.00422
26	0.01189	0.22959	0.40462	0.05648	0.03798	0.09546	0.06799	0.01583	0.01087	0.01423	0.00839	0.01011	0.00649	0.00462	0.00441	0.00143	0.00701	0.00359	0.00220	0.00682
27	0.01052	0.15162	0.67774	0.01332	0.02020	0.01285	0.01686	0.01565	0.01046	0.01515	0.00863	0.01013	0.00633	0.00466	0.00449	0.00150	0.00705	0.00352	0.00211	0.00721
28	0.00614	0.00439	0.00585	0.00689	0.00724	0.00409	0.00463	0.00711	0.00986	0.01324	0.08126	0.76633	0.03396	0.01523	0.00633	0.00199	0.00285	0.01381	0.00469	0.00409
29	0.06329	0.09842	0.01495	0.01205	0.01481	0.64108	0.00932	0.04862	0.01368	0.01345	0.00773	0.00900	0.00645	0.00513	0.00455	0.00130	0.02442	0.00320	0.00264	0.00592
30	0.03077	0.11387	0.09571	0.16064	0.01826	0.01298	0.01043	0.19350	0.17553	0.10267	0.01320	0.01431	0.00982	0.00577	0.00476	0.00154	0.00537	0.01967	0.00391	0.00729
31	0.83974	0.02925	0.00778	0.00660	0.00972	0.01139	0.00547	0.01466	0.00852	0.02211	0.00694	0.00809	0.00542	0.00462	0.00309	0.00153	0.00389	0.00270	0.00306	0.00542
32	0.00782	0.00649	0.05361	0.00814	0.00949	0.00597	0.00671	0.00973	0.00952	0.04812	0.06041	0.18428	0.04069	0.02520	0.41725	0.00505	0.00873	0.08447	0.00358	0.00474
33	0.00716	0.00517	0.00715	0.00713	0.00777	0.00572	0.00517	0.00843	0.00813	0.01148	0.05933	0.02456	0.01619	0.27431	0.52239	0.00667	0.01013	0.00613	0.00294	0.00403
34	0.00589	0.00505	0.00505	0.00505	0.00673	0.00421	0.00379	0.00715	0.01136	0.01347	0.05049	0.04797	0.79171	0.01262	0.00589	0.00168	0.00252	0.01052	0.00463	0.00421
35	0.01176	0.01345	0.02941	0.02101	0.02605	0.01261	0.77563	0.01597	0.01176	0.01597	0.01008	0.01345	0.00756	0.00420	0.00588	0.00168	0.00840	0.00588	0.00252	0.00672
36	0.01172	0.01389	0.07241	0.01954	0.02450	0.01252	0.65579	0.01699	0.08798	0.01644	0.01102	0.01378	0.00825	0.00449	0.00574	0.00168	0.00790	0.00573	0.00275	0.00688
37	0.01497	0.01234	0.01269	0.01071	0.01394	0.04187	0.00852	0.29501	0.48455	0.02432	0.01686	0.01588	0.01249	0.00643	0.00502	0.00161	0.00468	0.00514	0.00495	0.00802
38	0.00666	0.00476	0.00644	0.00746	0.00805	0.00454	0.00551	0.00803	0.01044	0.01392	0.09325	0.55622	0.03308	0.01467	0.00646	0.00205	0.00328	0.20624	0.00469	0.00424
39	0.00971	0.02377	0.72094	0.01360	0.02032	0.01105	0.01721	0.01511	0.01028	0.01537	0.00938	0.01142	0.00692	0.00796	0.08372	0.00221	0.00796	0.00385	0.00216	0.00708
40	0.01392	0.01177	0.01445	0.01573	0.21503	0.01297	0.01017	0.20031	0.40593	0.02216	0.01551	0.01542	0.01174	0.00598	0.00502	0.00159	0.00482	0.00506	0.00438	0.00803
41	0.00675	0.00506	0.00626	0.00602	0.00728	0.00457	0.00449	0.00881	0.01332	0.01825	0.59539	0.06776	0.21581	0.01094	0.00590	0.00161	0.00241	0.00954	0.00526	0.00457
42	0.00656	0.00454	0.00564	0.00632	0.00649	0.00437	0.00396	0.00707	0.00859	0.01145	0.02259	0.49420	0.02681	0.35140	0.01425	0.00319	0.00370	0.01130	0.00396	0.00362
43	0.01158	0.01314	0.02863	0.02054	0.02543	0.01232	0.75015	0.01567	0.01169	0.01586	0.01066	0.04015	0.00840	0.00458	0.00590	0.00169	0.00822	0.00616	0.00259	0.00663
44	0.01278	0.69663	0.15255	0.00946	0.01423	0.01839	0.01015	0.01507	0.01019	0.01239	0.00726	0.00841	0.00638	0.00434	0.00345	0.00115	0.00566	0.00283	0.00213	0.00656
45	0.02794	0.06125	0.48370	0.01215	0.01797	0.04568	0.01404	0.07034	0.01212	0.10423	0.04774	0.01238	0.00915	0.00518	0.00466	0.00148	0.00633	0.00401	0.00301	0.05664
46	0.01000	0.02578	0.79900	0.01421	0.02157	0.01158	0.01842	0.01579	0.01052	0.01579	0.00895	0.01052	0.00631	0.00474	0.00474	0.00158	0.00737	0.00368	0.00210	0.00737
47	0.86003	0.00964	0.00733	0.00655	0.00964	0.01118	0.00540	0.01465	0.00848	0.02236	0.00694	0.00810	0.00540	0.00463	0.00308	0.00154	0.00386	0.00270	0.00308	0.00540
48	0.01135	0.01060	0.01786	0.24623	0.53708	0.01121	0.01421	0.01437	0.01091	0.01543	0.00963	0.01296	0.00783	0.00467	0.00486	0.00151	0.00591	0.00445	0.05187	0.00705
49	0.01176	0.01345	0.02941	0.02101	0.02605	0.01261	0.77563	0.01597	0.01176	0.01597	0.01008	0.01345	0.00756	0.00420	0.00588	0.00168	0.00840	0.00588	0.00252	0.00672
50	0.00607	0.00434	0.00578	0.00694	0.00723	0.00405	0.00463	0.00694	0.00954	0.01272	0.02747	0.82157	0.03297	0.01562	0.00636	0.00202	0.00289	0.01417	0.00463	0.00405
51	0.00692	0.00507	0.00667	0.00764	0.00853	0.00483	0.00601	0.00848	0.01069	0.01382	0.03060	0.35949	0.15010	0.01432	0.00652	0.00209	0.00359	0.34571	0.00461	0.00431
52	0.00943	0.00491	0.00493	0.00488	0.00612	0.00498	0.00368	0.01226	0.04414	0.01868	0.01644	0.01858	0.01288	0.00585	0.00355	0.00118	0.00239	0.00469	0.81563	0.00479
53	0.01000	0.02578	0.79900	0.01421	0.02157	0.01158	0.01842	0.01579	0.01052	0.01579	0.00895	0.01052	0.00631	0.00474	0.00474	0.00158	0.00737	0.00368	0.00210	0.00737
54	0.02016	0.01201	0.01375	0.01054	0.01449	0.01257	0.00871	0.50939	0.02017	0.30374	0.01470	0.01374	0.00985	0.00605	0.00500	0.00151	0.00504	0.00467	0.00541	0.00848
55	0.00607	0.00434	0.00578	0.00694	0.00723	0.00405	0.00463	0.00694	0.00954	0.01272	0.02747	0.82157	0.03297	0.01562	0.00636	0.00202	0.00289	0.01417	0.00463	0.00405
56	0.00712	0.00534	0.00801	0.00801	0.00890	0.00623	0.00623	0.00890	0.00801	0.01157	0.01335	0.01958	0.01246	0.03738	0.80507	0.00801	0.01335	0.00534	0.00267	0.00445
57	0.00605	0.00442	0.00569	0.00671	0.00717	0.00407	0.00453	0.00697	0.00976	0.01281	0.03025	0.72809	0.12465	0.01525	0.00631	0.00198	0.00285	0.01373	0.00463	0.00407
58	0.00717	0.00515	0.00703	0.00703	0.00758	0.00570	0.00501	0.00827	0.00772	0.01084	0.01425	0.02455	0.01462	0.33730	0.50810	0.00680	0.01011	0.00607	0.00280	0.00391
59	0.77372	0.00952	0.00776	0.00679	0.00996	0.01078	0.00560	0.01565	0.00908	0.10220	0.00825	0.00901	0.00611	0.00479	0.00328	0.00154	0.00390	0.00294	0.00340	0.00572
60	0.00787	0.00565	0.00722	0.00699	0.00837	0.00542	0.00547	0.01092	0.06462	0.03750	0.55819	0.03916	0.08123	0.01058	0.00597	0.00170	0.00287	0.13003	0.00528	0.00496
61	0.00695	0.00539	0.00652	0.00708	0.00850	0.00496	0.00588	0.00872	0.01142	0.01418	0.03862	0.05204	0.41587	0.01319	0.00638	0.00198	0.00354	0.37978	0.00461	0.00440
62	0.00607	0.00434	0.00578	0.00694	0.00723	0.00405	0.00463	0.00694	0.00954	0.01272	0.02747	0.82157	0.03297	0.01562	0.00636	0.00202	0.00289	0.01417	0.00463	0.00405
63	0.00606	0.00438	0.00574	0.00683	0.00720	0.00406	0.00458	0.00695	0.00965	0.01277	0.02881	0.77655	0.07713	0.01544	0.00633	0.00200	0.00287	0.01396	0.00463	0.00406
64	0.00657	0.00486	0.00614	0.00632	0.00730	0.00443	0.00458	0.00827	0.01218	0.01653	0.41484	0.28241	0.17009	0.01235	0.00605	0.00174	0.00259	0.02329	0.00506	0.00441
65	0.00781	0.00501	0.00661	0.00696	0.00784	0.00466	0.00493	0.00944	0.02508	0.07901	0.25407	0.50815	0.03516	0.01307	0.00609	0.00184	0.00286	0.01174	0.00502	0.00467
66	0.01333	0.82783	0.02612	0.00853	0.01279	0.01972	0.00853	0.01493	0.01013	0.01173	0.00693	0.00800	0.00640	0.00426	0.00320	0.00107	0.00533	0.00267	0.00213	0.00640
67	0.00667	0.00479	0.00587	0.00630	0.00681	0.00466	0.00422	0.00744	0.00892	0.01170	0.02528	0.29622	0.14428	0.31200	0.09627	0.00363	0.00470	0.04262	0.00384	0.00376
68	0.01059	0.01045	0.01513	0.01280	0.01309	0.01408	0.05501	0.01176	0.00784	0.01200	0.00766	0.01320	0.00775	0.08900	0.01663	0.00241	0.68829	0.00474	0.00228	0.00529
69	0.00591	0.00497	0.00513	0.00525	0.00679	0.00419	0.00388	0.00713	0.01117	0.01339	0.04802	0.13108	0.71020	0.01295	0.00594	0.00172	0.00256	0.01091	0.00463	0.00419
70	0.01090	0.00912	0.01053	0.00760	0.01193	0.00720	0.00610	0.06475	0.01123	0.01733	0.00923	0.01063	0.00757	0.00389	0.00378	0.00080	0.00378	0.00309	0.02146	0.77907
71	0.86003	0.00964	0.00733	0.00655	0.00964	0.01118	0.00540	0.01465	0.00848	0.02236	0.00694	0.00810	0.00540	0.00463	0.00308	0.00154	0.00386	0.00270	0.00308	0.00540
72	0.00979	0.35591	0.01477	0.00712	0.00987	0.01107	0.00622	0.01139	0.01107	0.02672	0.14298	0.10731	0.20232	0.00837	0.00465	0.00138	0.00383	0.00679	0.00363	0.05481
73	0.00678	0.00508	0.00628	0.00598	0.00728	0.00459	0.00449	0.00887	0.01346	0.01845	0.61643	0.03977	0.22267	0.01076	0.00588	0.00159	0.00239	0.00937	0.00528	0.00459
74	0.00941	0.00886	0.01495	0.81285	0.03433	0.01107	0.01384	0.01274	0.00997	0.01274	0.00886	0.01329	0.00664	0.00498	0.00498	0.00166	0.00664	0.00443	0.00221	0.00554
75	0.01000	0.02578	0.79900	0.01421	0.02157	0.01158	0.01842	0.01579	0.01052	0.01579	0.00895	0.01052	0.00631	0.00474	0.00474	0.00158	0.00737	0.00368	0.00210	0.00737
76	0.00970	0.00915	0.01547	0.73565	0.10928	0.01115	0.01399	0.01299	0.01010	0.01309	0.00891	0.01320	0.00677	0.00493	0.00498	0.00164	0.00657	0.00443	0.00224	0.00577
77	0.00603	0.00449	0.00562	0.00652	0.00712	0.00408	0.00444	0.00699	0.00994	0.01289	0.03253	0.65155	0.19973	0.01496	0.00626	0.00195	0.00281	0.01337	0.00463	0.00408
78	0.00614	0.00439	0.00586	0.00702	0.00734	0.00411	0.00475	0.00706	0.00961	0.01280	0.02743	0.79416	0.03281	0.01555	0.00638	0.00203	0.00295	0.04089	0.00463	0.00407
79	0.00651	0.00509	0.00591	0.00574	0.00716	0.00448	0.00432	0.00834	0.01274	0.01676	0.42053	0.04275	0.40497	0.01143	0.00590	0.00164	0.00248	0.02374	0.00506	0.00446
80	0.02046	0.01154	0.01346	0.01032	0.01425	0.01187	0.00853	0.44487	0.01939	0.36937	0.01536	0.01417	0.01018	0.00607	0.00500	0.00152	0.00494	0.00472	0.00551	0.00848
81	0.00713	0.00531	0.00787	0.00787	0.00871	0.00616	0.00606	0.00881	0.00797	0.01147	0.01348	0.02028	0.01277	0.07979	0.76308	0.00784	0.01289	0.00544	0.00269	0.00437
82	0.01035	0.01048	0.01010	0.00961	0.01088	0.21295	0.00744	0.01196	0.00956	0.01176	0.01141	0.01624	0.01049	0.02704	0.54292	0.00586	0.06874	0.00472	0.00261	0.00486
83	0.00941	0.00886	0.01495	0.81285	0.03433	0.01107	0.01384	0.01274	0.00997	0.01274	0.00886	0.01329	0.00664	0.00498	0.00498	0.00166	0.00664	0.00443	0.00221	0.00554
84	0.00721	0.00547	0.00818	0.00813	0.00900	0.00644	0.00634	0.00897	0.00800	0.01158	0.01319	0.01938	0.01232	0.03670	0.78639	0.00787	0.03236	0.00532	0.00266	0.00447
85	0.01763	0.01319	0.01489	0.02644	0.01534	0.01506	0.00970	0.61598	0.02038	0.05545	0.01133	0.01200	0.00828	0.00640	0.00677	0.00161	0.13258	0.00449	0.00454	0.00795
86	0.38164	0.00977	0.01005	0.00821	0.01160	0.01033	0.00674	0.13768	0.04080	0.28167	0.04656	0.01330	0.01036	0.00567	0.00422	0.00154	0.00418	0.00413	0.00459	0.00697
87	0.25930	0.01042	0.09129	0.00984	0.01308	0.00908	0.10376	0.05226	0.01098	0.12494	0.01490	0.22043	0.01405	0.00767	0.00483	0.00166	0.00466	0.00658	0.00383	0.03643
88	0.01372	0.22504	0.04690	0.02093	0.41626	0.16667	0.01257	0.01611	0.01154	0.01430	0.00841	0.01051	0.00717	0.00454	0.00440	0.00134	0.00641	0.00372	0.00239	0.00708

[dist]
# distance from previous block
# <min> <max>
0	19

[block]
# block no. 5 follows, 50 sequences, length 22
# corresponding to MSA columns:
# 1129-1150
name=unknown_F
#
# <colnr> <probs for GDERKNQSTAVLIFYWHMCP>
#	G	D	E	R	K	N	Q	S	T	A	V	L	I	F	Y	W	H	M	C	P
0	0.25117	0.22517	0.01503	0.00887	0.01238	0.01457	0.00760	0.30638	0.01455	0.02208	0.00953	0.01142	0.00781	0.06738	0.00554	0.00165	0.00494	0.00372	0.00356	0.00666
1	0.01228	0.57477	0.26997	0.01032	0.01556	0.01715	0.01165	0.01520	0.01025	0.01301	0.00757	0.00879	0.00637	0.00441	0.00368	0.00123	0.00597	0.00299	0.00212	0.00670
2	0.01895	0.01396	0.01496	0.01147	0.01546	0.01546	0.00947	0.77711	0.02344	0.03141	0.01197	0.01197	0.00848	0.00598	0.00499	0.00150	0.00548	0.00449	0.00499	0.00848
3	0.01822	0.01966	0.01448	0.01240	0.01527	0.49056	0.00966	0.27098	0.01679	0.01857	0.00904	0.01010	0.00711	0.00565	0.00544	0.00141	0.06093	0.00371	0.00335	0.00665
4	0.00590	0.00500	0.00510	0.00517	0.00677	0.00420	0.00384	0.00714	0.01124	0.01342	0.04898	0.09889	0.74177	0.01282	0.00592	0.00171	0.00255	0.01076	0.00463	0.00420
5	0.01260	0.57617	0.02316	0.01015	0.01324	0.01828	0.03019	0.01413	0.00947	0.01192	0.00691	0.00896	0.00647	0.00551	0.00697	0.00140	0.23295	0.00323	0.00216	0.00614
6	0.01239	0.60124	0.24446	0.01013	0.01527	0.01742	0.01132	0.01517	0.01024	0.01287	0.00750	0.00871	0.00637	0.00440	0.00363	0.00121	0.00591	0.00295	0.00212	0.00667
7	0.00692	0.00509	0.00648	0.00613	0.00736	0.00465	0.00460	0.00915	0.01379	0.01924	0.70617	0.03846	0.13243	0.01047	0.00588	0.00158	0.00237	0.00919	0.00539	0.00465
8	0.00929	0.00465	0.00465	0.00465	0.00581	0.00465	0.00348	0.01161	0.01045	0.01858	0.01626	0.01858	0.01278	0.00581	0.00348	0.00116	0.00232	0.00465	0.85250	0.00465
9	0.00939	0.00810	0.01289	0.01826	0.37206	0.00801	0.01015	0.01147	0.01066	0.01467	0.01843	0.27082	0.01997	0.04140	0.00654	0.00193	0.00469	0.15111	0.00356	0.00589
10	0.00623	0.00440	0.00574	0.00674	0.00699	0.00415	0.00441	0.00698	0.00924	0.01232	0.02590	0.71612	0.03098	0.12378	0.00890	0.00240	0.00315	0.01324	0.00441	0.00391
11	0.00650	0.00438	0.00563	0.00663	0.00704	0.00413	0.00447	0.00757	0.00966	0.01351	0.02597	0.71424	0.03027	0.01430	0.00598	0.00191	0.00282	0.01290	0.11796	0.00413
12	0.00941	0.00886	0.01495	0.81285	0.03433	0.01107	0.01384	0.01274	0.00997	0.01274	0.00886	0.01329	0.00664	0.00498	0.00498	0.00166	0.00664	0.00443	0.00221	0.00554
13	0.01852	0.01363	0.01461	0.01125	0.01509	0.01507	0.00924	0.74921	0.02285	0.03063	0.01210	0.01272	0.00883	0.03567	0.00573	0.00162	0.00546	0.00459	0.00492	0.00828
14	0.01240	0.01071	0.01127	0.01014	0.01296	0.01240	0.00789	0.02649	0.78473	0.02085	0.02029	0.01860	0.01522	0.00676	0.00507	0.00169	0.00394	0.00564	0.00507	0.00789
15	0.79612	0.00997	0.00791	0.00693	0.01008	0.01151	0.00571	0.07259	0.00962	0.02305	0.00732	0.00839	0.00563	0.00473	0.00323	0.00154	0.00398	0.00283	0.00323	0.00563
16	0.00719	0.00508	0.00670	0.00670	0.00714	0.00552	0.00460	0.00806	0.00762	0.01060	0.01455	0.02622	0.01534	0.43852	0.40788	0.00639	0.00901	0.00631	0.00285	0.00372
17	0.01295	0.01396	0.01127	0.00998	0.01216	0.33892	0.03708	0.06503	0.04107	0.01700	0.31506	0.02286	0.06701	0.00760	0.00522	0.00146	0.00562	0.00615	0.00406	0.00556
18	0.01316	0.22724	0.01792	0.01098	0.01416	0.09608	0.08684	0.03223	0.01097	0.06782	0.03593	0.01144	0.00861	0.00553	0.00667	0.00138	0.17240	0.00388	0.00285	0.17392
19	0.20409	0.05654	0.01089	0.00827	0.01164	0.14268	0.00661	0.01465	0.03910	0.03143	0.01180	0.02791	0.05920	0.00526	0.00421	0.00120	0.02249	0.00380	0.00314	0.33508
20	0.04767	0.01260	0.01273	0.01101	0.04816	0.14285	0.00840	0.18735	0.07372	0.17618	0.06152	0.01417	0.01145	0.00597	0.00546	0.00144	0.05692	0.00448	0.00424	0.11367
21	0.15484	0.05735	0.14111	0.02683	0.01618	0.05747	0.15817	0.01694	0.05007	0.16071	0.02740	0.07487	0.02448	0.00605	0.00482	0.00158	0.00569	0.00523	0.00358	0.00661

[dist]
# distance from previous block
# <min> <max>
1	19

[block]
# block no. 6 follows, 50 sequences, length 65
# corresponding to MSA columns:
# 1170-1234
name=unknown_G
#
# <colnr> <probs for GDERKNQSTAVLIFYWHMCP>
#	G	D	E	R	K	N	Q	S	T	A	V	L	I	F	Y	W	H	M	C	P
0	0.01101	0.05247	0.01206	0.15789	0.10776	0.00929	0.00857	0.05676	0.11615	0.08414	0.06064	0.17782	0.01733	0.09707	0.00744	0.00200	0.00466	0.00706	0.00388	0.00599
1	0.02894	0.01059	0.01398	0.03144	0.23315	0.01099	0.00980	0.21979	0.10052	0.09443	0.13443	0.02949	0.01568	0.00633	0.00506	0.00151	0.00472	0.00541	0.00430	0.03942
2	0.05870	0.00672	0.00794	0.00704	0.00901	0.00653	0.00543	0.03675	0.09838	0.06087	0.50203	0.03005	0.06881	0.00876	0.00539	0.00152	0.00292	0.00753	0.00509	0.07053
3	0.01399	0.01036	0.01380	0.01313	0.14356	0.00997	0.05089	0.12899	0.12289	0.13820	0.01309	0.01438	0.01004	0.04600	0.00569	0.00149	0.00476	0.00450	0.00394	0.25032
4	0.15612	0.01412	0.01518	0.14251	0.13068	0.19585	0.06895	0.14632	0.02989	0.04084	0.00952	0.01129	0.00729	0.00506	0.00462	0.00150	0.00643	0.00402	0.00315	0.00664
5	0.00712	0.00534	0.00801	0.00801	0.00890	0.00623	0.00623	0.00890	0.00801	0.01157	0.01335	0.01958	0.01246	0.03738	0.80507	0.00801	0.01335	0.00534	0.00267	0.00445
6	0.01058	0.00901	0.01047	0.00750	0.01192	0.00690	0.00601	0.03449	0.01071	0.01668	0.00895	0.01038	0.00741	0.00376	0.00373	0.00076	0.00374	0.00300	0.00301	0.83100
7	0.00977	0.02420	0.73832	0.01360	0.02049	0.01105	0.01737	0.01530	0.01080	0.01611	0.06885	0.01257	0.00943	0.00515	0.00482	0.00158	0.00698	0.00409	0.00236	0.00716
8	0.01791	0.24758	0.05318	0.01009	0.01401	0.14541	0.00890	0.13314	0.02594	0.27847	0.01238	0.01204	0.00883	0.00537	0.00439	0.00136	0.00567	0.00391	0.00403	0.00737
9	0.00715	0.00524	0.00748	0.00748	0.00818	0.00594	0.00556	0.00856	0.00785	0.01118	0.01384	0.02229	0.01364	0.20073	0.64333	0.00735	0.01158	0.00574	0.00274	0.00415
10	0.00725	0.00483	0.00544	0.00544	0.00544	0.00483	0.00302	0.00725	0.00725	0.00966	0.01571	0.03262	0.01812	0.82483	0.02537	0.00483	0.00483	0.00725	0.00302	0.00302
11	0.05373	0.01175	0.01320	0.04857	0.01499	0.05111	0.00863	0.35892	0.01791	0.34775	0.01461	0.01381	0.00977	0.00592	0.00490	0.00151	0.00513	0.00457	0.00515	0.00808
12	0.00941	0.00886	0.01495	0.81285	0.03433	0.01107	0.01384	0.01274	0.00997	0.01274	0.00886	0.01329	0.00664	0.00498	0.00498	0.00166	0.00664	0.00443	0.00221	0.00554
13	0.00692	0.00496	0.00578	0.00566	0.00637	0.00470	0.00374	0.00791	0.01015	0.01356	0.25521	0.03683	0.18205	0.40206	0.03077	0.00328	0.00379	0.00840	0.00408	0.00379
14	0.01087	0.01039	0.03683	0.12715	0.06009	0.00938	0.14004	0.01450	0.06541	0.03149	0.01086	0.01288	0.02322	0.00465	0.00494	0.00125	0.03261	0.00419	0.00294	0.39629
15	0.00671	0.00479	0.00552	0.00574	0.00622	0.00453	0.00364	0.00732	0.00905	0.01182	0.08054	0.20536	0.17822	0.43042	0.01600	0.00337	0.00378	0.00951	0.00386	0.00360
16	0.01447	0.63464	0.03719	0.00947	0.01353	0.12824	0.00893	0.07871	0.01179	0.01349	0.00749	0.00851	0.00657	0.00454	0.00355	0.00114	0.00589	0.00291	0.00243	0.00650
17	0.02859	0.03169	0.24318	0.01509	0.11999	0.01076	0.13797	0.04225	0.05310	0.09355	0.01086	0.01222	0.00806	0.00469	0.00474	0.00141	0.00599	0.00423	0.00306	0.16856
18	0.01335	0.04930	0.01209	0.01054	0.01276	0.34500	0.02905	0.02890	0.16743	0.01470	0.03359	0.17720	0.05409	0.00817	0.00512	0.00157	0.00598	0.02165	0.00371	0.00582
19	0.00721	0.00497	0.00614	0.00614	0.00638	0.00521	0.00389	0.00770	0.00746	0.01018	0.01507	0.02908	0.01658	0.61100	0.23709	0.00570	0.00715	0.00673	0.00293	0.00341
20	0.00656	0.00519	0.00592	0.00572	0.00719	0.00461	0.00429	0.00859	0.02871	0.01661	0.38920	0.04244	0.43436	0.01139	0.00587	0.00163	0.00247	0.00973	0.00503	0.00451
21	0.01340	0.41764	0.27076	0.01084	0.01604	0.01613	0.01182	0.14256	0.01257	0.03382	0.00870	0.00967	0.00685	0.00474	0.00403	0.00131	0.00598	0.00335	0.00269	0.00710
22	0.00845	0.00717	0.00786	0.00874	0.00973	0.09188	0.00694	0.01011	0.01104	0.01381	0.02476	0.33574	0.02786	0.01352	0.00643	0.00208	0.00444	0.40053	0.00438	0.00452
23	0.00702	0.00509	0.00662	0.00624	0.00743	0.00469	0.00468	0.00934	0.01403	0.01981	0.77056	0.03753	0.06768	0.01026	0.00588	0.00157	0.00236	0.00906	0.00546	0.00469
24	0.00618	0.00503	0.00547	0.00548	0.00697	0.00433	0.00410	0.00766	0.01182	0.01477	0.19882	0.08927	0.58400	0.01232	0.00593	0.00169	0.00255	0.02450	0.00480	0.00431
25	0.45957	0.05424	0.09982	0.00819	0.01201	0.01043	0.00759	0.01747	0.01058	0.24455	0.02660	0.01151	0.00839	0.00518	0.00389	0.00152	0.00442	0.00360	0.00386	0.00655
26	0.00991	0.00917	0.01434	0.67893	0.03077	0.01130	0.01285	0.01503	0.13922	0.01409	0.01077	0.01417	0.00807	0.00528	0.00500	0.00167	0.00619	0.00463	0.00269	0.00593
27	0.00611	0.00438	0.00582	0.00695	0.00729	0.00409	0.00469	0.00702	0.00962	0.01279	0.02791	0.78888	0.04820	0.01551	0.00636	0.00202	0.00292	0.03073	0.00463	0.00406
28	0.00990	0.00936	0.01583	0.68235	0.16102	0.01120	0.01409	0.01316	0.01020	0.01333	0.00895	0.01313	0.00685	0.00489	0.00498	0.00163	0.00652	0.00443	0.00226	0.00593
29	0.01360	0.00899	0.00945	0.00789	0.01035	0.00972	0.00630	0.34007	0.06110	0.02421	0.01466	0.01575	0.01108	0.00594	0.00422	0.00134	0.00377	0.00464	0.44046	0.00647
30	0.01277	0.69402	0.15506	0.00948	0.01426	0.01836	0.01018	0.01507	0.01019	0.01240	0.00727	0.00842	0.00638	0.00434	0.00345	0.00115	0.00567	0.00284	0.00213	0.00656
31	0.01333	0.82783	0.02612	0.00853	0.01279	0.01972	0.00853	0.01493	0.01013	0.01173	0.00693	0.00800	0.00640	0.00426	0.00320	0.00107	0.00533	0.00267	0.00213	0.00640
32	0.00624	0.00501	0.00558	0.00555	0.00698	0.00434	0.00412	0.00779	0.01202	0.01531	0.26471	0.10408	0.51644	0.01214	0.00592	0.00168	0.00250	0.01036	0.00488	0.00434
33	0.00712	0.00534	0.00801	0.00801	0.00890	0.00623	0.00623	0.00890	0.00801	0.01157	0.01335	0.01958	0.01246	0.03738	0.80507	0.00801	0.01335	0.00534	0.00267	0.00445
34	0.01733	0.02161	0.01432	0.01288	0.01502	0.67310	0.00984	0.01858	0.01304	0.01217	0.00751	0.00931	0.00644	0.00573	0.00647	0.00143	0.14357	0.00340	0.00250	0.00572
35	0.01176	0.01345	0.02941	0.02101	0.02605	0.01261	0.77563	0.01597	0.01176	0.01597	0.01008	0.01345	0.00756	0.00420	0.00588	0.00168	0.00840	0.00588	0.00252	0.00672
36	0.00641	0.00485	0.00600	0.00679	0.00769	0.00444	0.00504	0.00769	0.01051	0.01340	0.03461	0.42095	0.27442	0.01429	0.00632	0.00197	0.00312	0.16269	0.00462	0.00421
37	0.01678	0.01101	0.01495	0.01167	0.01537	0.02300	0.13598	0.15931	0.21858	0.28532	0.04274	0.01647	0.01268	0.00608	0.00519	0.00159	0.00509	0.00533	0.00498	0.00786
38	0.00742	0.00608	0.00829	0.01007	0.13837	0.00563	0.00618	0.00929	0.01204	0.01616	0.30622	0.16859	0.26510	0.01089	0.00581	0.00167	0.00309	0.00958	0.00458	0.00497
39	0.00714	0.00525	0.00754	0.00754	0.00826	0.00597	0.00564	0.00860	0.00787	0.01122	0.01379	0.02199	0.01351	0.18263	0.66125	0.00742	0.01178	0.00569	0.00273	0.00419
40	0.01034	0.00886	0.01034	0.00738	0.01181	0.00664	0.00591	0.01255	0.01034	0.01624	0.00886	0.01034	0.00738	0.00369	0.00369	0.00074	0.00369	0.00295	0.00295	0.85530
41	0.01109	0.00869	0.01180	0.01056	0.01130	0.01079	0.00842	0.05216	0.00983	0.10280	0.01501	0.27055	0.01574	0.01049	0.01127	0.00202	0.42082	0.00758	0.00357	0.00551
42	0.01119	0.00893	0.01049	0.00754	0.01193	0.00685	0.00605	0.02719	0.01080	0.06200	0.00955	0.01075	0.00769	0.00388	0.00379	0.00080	0.00376	0.00310	0.00318	0.79052
43	0.01298	0.15476	0.41217	0.01173	0.01723	0.01233	0.01326	0.05798	0.07838	0.13378	0.01203	0.02815	0.00903	0.00549	0.00463	0.00151	0.00603	0.01795	0.00322	0.00736
44	0.01108	0.01141	0.01810	0.01467	0.01568	0.01473	0.16398	0.01279	0.00846	0.01279	0.00725	0.01141	0.00675	0.00782	0.01426	0.00208	0.65410	0.00467	0.00225	0.00571
45	0.00962	0.00914	0.01499	0.70414	0.03144	0.01164	0.01344	0.01263	0.00965	0.01263	0.00854	0.01296	0.00663	0.00549	0.00653	0.00173	0.11662	0.00442	0.00221	0.00553
46	0.01727	0.01313	0.01401	0.01113	0.01482	0.01467	0.00907	0.58447	0.21881	0.02870	0.01410	0.01367	0.01021	0.00618	0.00501	0.00155	0.00509	0.00478	0.00501	0.00833
47	0.01131	0.00976	0.01023	0.00929	0.01192	0.01103	0.00721	0.02326	0.65571	0.01962	0.02533	0.02350	0.14475	0.00774	0.00521	0.00169	0.00371	0.00645	0.00500	0.00728
48	0.02236	0.00848	0.01157	0.00887	0.01272	0.00733	0.00733	0.02429	0.01427	0.79719	0.01966	0.01697	0.01234	0.00617	0.00501	0.00154	0.00424	0.00501	0.00617	0.00848
49	0.00619	0.00441	0.00581	0.00682	0.00715	0.00413	0.00455	0.00710	0.00968	0.01297	0.06980	0.73572	0.03297	0.05812	0.00734	0.00215	0.00296	0.01351	0.00459	0.00403
50	0.02072	0.01111	0.01320	0.01012	0.01404	0.01123	0.00836	0.38565	0.01867	0.42962	0.01597	0.01457	0.01048	0.00608	0.00500	0.00152	0.00484	0.00476	0.00560	0.00848
51	0.01615	0.01615	0.01315	0.01142	0.01442	0.29810	0.00888	0.19722	0.33202	0.02018	0.01384	0.01361	0.01050	0.00600	0.00484	0.00150	0.00611	0.00450	0.00415	0.00727
52	0.01176	0.01345	0.02941	0.02101	0.02605	0.01261	0.77563	0.01597	0.01176	0.01597	0.01008	0.01345	0.00756	0.00420	0.00588	0.00168	0.00840	0.00588	0.00252	0.00672
