[name]
unknown

[dist]
# distance from previous block
# <min> <max>
0	131

[block]
# block no. 0 follows, 47 sequences, length 6
# corresponding to MSA columns:
# 189-194
name=unknown_A
#
# <colnr> <probs for GDERKNQSTAVLIFYWHMCP>
#	G	D	E	R	K	N	Q	S	T	A	V	L	I	F	Y	W	H	M	C	P
0	0.00716	0.00492	0.00601	0.00641	0.00658	0.00489	0.00397	0.00760	0.00843	0.01131	0.02029	0.29112	0.02361	0.49169	0.07950	0.00433	0.00507	0.00981	0.00368	0.00363
1	0.00647	0.00467	0.00592	0.00686	0.00728	0.00434	0.00455	0.00731	0.00989	0.01300	0.02976	0.64271	0.11027	0.11009	0.00893	0.00242	0.00322	0.01356	0.00464	0.00412
2	0.01155	0.14167	0.25251	0.20204	0.16114	0.01347	0.07531	0.01609	0.04899	0.01546	0.00976	0.01226	0.00755	0.00494	0.00491	0.00158	0.00683	0.00429	0.00249	0.00716
3	0.01475	0.01171	0.01196	0.01100	0.03718	0.17054	0.00829	0.01767	0.09077	0.18965	0.01422	0.01725	0.01159	0.07924	0.19326	0.00351	0.10212	0.00509	0.00382	0.00638
4	0.00902	0.00772	0.01319	0.10420	0.01544	0.00843	0.15098	0.01147	0.00968	0.01394	0.01362	0.05934	0.01240	0.04763	0.36451	0.00483	0.04523	0.00599	0.09714	0.00523
5	0.01229	0.01405	0.03073	0.02195	0.02722	0.01317	0.76558	0.01668	0.01229	0.01668	0.01054	0.01405	0.00790	0.00439	0.00615	0.00176	0.00878	0.00615	0.00263	0.00702

[dist]
# distance from previous block
# <min> <max>
0	1

[block]
# block no. 1 follows, 47 sequences, length 90
# corresponding to MSA columns:
# 196-285
name=unknown_B
#
# <colnr> <probs for GDERKNQSTAVLIFYWHMCP>
#	G	D	E	R	K	N	Q	S	T	A	V	L	I	F	Y	W	H	M	C	P
0	0.01255	0.23455	0.05269	0.36539	0.02560	0.04273	0.09169	0.08757	0.01220	0.01537	0.00911	0.01197	0.00713	0.00501	0.00476	0.00153	0.00676	0.00421	0.00261	0.00655
1	0.00853	0.00498	0.00539	0.00539	0.00597	0.00501	0.00348	0.00968	0.00910	0.01435	0.01659	0.02706	0.01624	0.42828	0.04047	0.00343	0.00415	0.00629	0.38165	0.00397
2	0.21587	0.01447	0.01273	0.12911	0.01669	0.23991	0.00937	0.11530	0.01275	0.01794	0.00915	0.01158	0.00745	0.00919	0.08895	0.00231	0.07412	0.00393	0.00307	0.00610
3	0.00998	0.01100	0.07704	0.43620	0.02799	0.01097	0.15957	0.01338	0.01069	0.01428	0.01200	0.11943	0.01076	0.00660	0.00593	0.00178	0.03423	0.00617	0.00272	0.02927
4	0.04529	0.30987	0.02060	0.01169	0.03941	0.04685	0.12127	0.01501	0.01086	0.01493	0.00841	0.01034	0.00719	0.00467	0.00504	0.00124	0.06492	0.00359	0.00261	0.25621
5	0.00639	0.00489	0.00582	0.00641	0.00732	0.00437	0.00446	0.00754	0.01097	0.01407	0.09548	0.44527	0.31320	0.03992	0.00705	0.00204	0.00290	0.01274	0.00485	0.00431
6	0.12088	0.31660	0.01827	0.01065	0.01406	0.36723	0.00890	0.03931	0.01265	0.01464	0.00803	0.00926	0.00681	0.00501	0.00400	0.00129	0.00701	0.00316	0.02597	0.00627
7	0.01392	0.82012	0.02729	0.00891	0.01337	0.02061	0.00891	0.01559	0.01058	0.01225	0.00724	0.00835	0.00668	0.00446	0.00334	0.00111	0.00557	0.00278	0.00223	0.00668
8	0.01442	0.13519	0.07741	0.26690	0.06390	0.12239	0.01231	0.19759	0.01452	0.01823	0.00956	0.01178	0.00738	0.00539	0.00507	0.00154	0.02224	0.00413	0.00306	0.00698
9	0.00742	0.00518	0.00623	0.00605	0.00667	0.00496	0.00397	0.00857	0.01095	0.01507	0.35886	0.03690	0.06423	0.42425	0.01659	0.00339	0.00379	0.00854	0.00437	0.00399
10	0.00635	0.00525	0.00556	0.00554	0.00717	0.00447	0.00413	0.00782	0.01223	0.01507	0.16207	0.07763	0.64290	0.01292	0.00617	0.00175	0.00263	0.01090	0.00497	0.00447
11	0.01505	0.01712	0.01757	0.15572	0.04342	0.34906	0.15993	0.03130	0.09871	0.01534	0.01068	0.01276	0.00834	0.00535	0.00512	0.00155	0.00783	0.00453	0.03409	0.00650
12	0.00631	0.00493	0.00573	0.00628	0.00732	0.00435	0.00442	0.00751	0.01115	0.01410	0.08373	0.40724	0.38940	0.01451	0.00638	0.00192	0.00281	0.01269	0.00489	0.00435
13	0.00757	0.00505	0.00568	0.00568	0.00568	0.00505	0.00316	0.00757	0.00757	0.01010	0.01641	0.03408	0.01893	0.81698	0.02651	0.00505	0.00505	0.00757	0.00316	0.00316
14	0.01198	0.01470	0.19159	0.30242	0.13668	0.02793	0.05579	0.06278	0.01179	0.04553	0.00992	0.01297	0.00753	0.00593	0.01752	0.00180	0.06897	0.00455	0.00270	0.00694
15	0.01360	0.73463	0.02608	0.03966	0.01425	0.01995	0.00929	0.01530	0.01040	0.01231	0.00729	0.00877	0.00670	0.00480	0.00434	0.00122	0.05963	0.00297	0.00223	0.00658
16	0.01277	0.01087	0.01321	0.11775	0.10278	0.01232	0.00980	0.04387	0.51762	0.04208	0.01926	0.01887	0.04218	0.00674	0.00530	0.00173	0.00472	0.00572	0.00461	0.00781
17	0.01252	0.01605	0.17113	0.08133	0.04979	0.11251	0.19153	0.01730	0.10169	0.03791	0.01246	0.07510	0.01047	0.00643	0.00652	0.00174	0.07998	0.00562	0.00309	0.00683
18	0.01044	0.00987	0.01671	0.65175	0.18386	0.01173	0.01476	0.01383	0.01070	0.01404	0.00936	0.01369	0.00720	0.00509	0.00520	0.00170	0.00679	0.00463	0.00237	0.00627
19	0.01311	0.01127	0.01187	0.01063	0.01360	0.01303	0.00828	0.04491	0.75760	0.02204	0.02099	0.01927	0.01573	0.00705	0.00530	0.00176	0.00416	0.00586	0.00530	0.00826
20	0.01576	0.01219	0.01346	0.01006	0.01444	0.01201	0.00822	0.42847	0.01834	0.02570	0.01104	0.01174	0.00834	0.00518	0.00460	0.00121	0.00489	0.00397	0.00426	0.38612
21	0.00634	0.00453	0.00604	0.00725	0.00755	0.00423	0.00483	0.00725	0.00997	0.01329	0.02870	0.81358	0.03444	0.01632	0.00665	0.00211	0.00302	0.01480	0.00483	0.00423
22	0.01192	0.01139	0.01939	0.27662	0.54740	0.01212	0.01550	0.01513	0.01140	0.01584	0.00962	0.01320	0.00784	0.00482	0.00517	0.00161	0.00643	0.00464	0.00249	0.00747
23	0.00864	0.00803	0.00881	0.00811	0.00919	0.05738	0.00622	0.00986	0.01080	0.01379	0.11030	0.03442	0.35837	0.11784	0.01153	0.00229	0.20752	0.00826	0.00392	0.00472
24	0.00717	0.00532	0.00668	0.00634	0.00765	0.00483	0.00475	0.00943	0.01426	0.01974	0.65893	0.04079	0.17267	0.01107	0.00614	0.00166	0.00249	0.00968	0.00558	0.00483
25	0.01706	0.01645	0.01530	0.06272	0.01664	0.26165	0.01053	0.26326	0.01595	0.04934	0.00976	0.01153	0.00770	0.00664	0.00807	0.00169	0.21096	0.00425	0.00353	0.00697
26	0.00634	0.00453	0.00604	0.00725	0.00755	0.00423	0.00483	0.00725	0.00997	0.01329	0.02870	0.81358	0.03444	0.01632	0.00665	0.00211	0.00302	0.01480	0.00483	0.00423
27	0.00983	0.00926	0.01562	0.80447	0.03587	0.01157	0.01446	0.01331	0.01041	0.01331	0.00926	0.01388	0.00694	0.00521	0.00521	0.00174	0.00694	0.00463	0.00231	0.00579
28	0.01845	0.02322	0.01423	0.01300	0.01553	0.73040	0.00977	0.01984	0.01423	0.01269	0.00854	0.01031	0.00723	0.00817	0.07055	0.00193	0.00977	0.00354	0.00269	0.00592
29	0.01902	0.01383	0.01480	0.01143	0.01537	0.01528	0.00941	0.70877	0.02344	0.03178	0.01285	0.01304	0.00920	0.00624	0.00509	0.00154	0.00548	0.00470	0.07020	0.00855
30	0.01449	0.01205	0.01247	0.01079	0.01400	0.03781	0.00849	0.14609	0.58834	0.04433	0.01904	0.01771	0.01417	0.00678	0.00522	0.00169	0.00455	0.00552	0.00517	0.03128
31	0.00632	0.00491	0.00575	0.00632	0.00733	0.00434	0.00444	0.00750	0.01109	0.01407	0.08158	0.42739	0.37120	0.01459	0.00640	0.00193	0.00282	0.01279	0.00489	0.00434
32	0.01519	0.01230	0.01304	0.01105	0.01440	0.01400	0.00878	0.26968	0.52944	0.02540	0.01835	0.01716	0.01359	0.00680	0.00527	0.00170	0.00465	0.00550	0.00527	0.00844
33	0.01818	0.21901	0.01812	0.01187	0.01544	0.37264	0.00973	0.24068	0.01660	0.01857	0.00917	0.01006	0.00734	0.00540	0.00451	0.00135	0.00736	0.00361	0.00332	0.00703
34	0.01158	0.04814	0.29342	0.02337	0.01630	0.07174	0.02386	0.08333	0.13265	0.01798	0.06029	0.03088	0.12389	0.00814	0.03015	0.00185	0.00613	0.00576	0.00363	0.00690
35	0.85377	0.01007	0.00765	0.00685	0.01007	0.01168	0.00564	0.01531	0.00886	0.02336	0.00725	0.00846	0.00564	0.00483	0.00322	0.00161	0.00403	0.00282	0.00322	0.00564
36	0.00726	0.00519	0.00710	0.00830	0.00901	0.00502	0.00643	0.00884	0.01088	0.01432	0.02820	0.47455	0.03243	0.01545	0.00689	0.00224	0.00382	0.34476	0.00482	0.00448
37	0.01166	0.01812	0.37305	0.22948	0.10621	0.01175	0.08548	0.01625	0.01134	0.07273	0.01031	0.01275	0.00745	0.00504	0.00517	0.00167	0.00719	0.00446	0.00262	0.00726
38	0.00963	0.00779	0.00898	0.00854	0.01038	0.00838	0.00675	0.01507	0.23774	0.04420	0.05157	0.08803	0.28468	0.01104	0.00710	0.00191	0.08126	0.10628	0.00480	0.00588
39	0.00641	0.00463	0.00608	0.00723	0.00764	0.00430	0.00491	0.00739	0.01015	0.01342	0.02998	0.74469	0.07534	0.01607	0.00664	0.00211	0.00306	0.04086	0.00483	0.00426
40	0.00737	0.00526	0.00722	0.00842	0.00917	0.00511	0.00661	0.00902	0.01098	0.01444	0.02814	0.43641	0.03221	0.01535	0.00692	0.00226	0.00391	0.38188	0.00481	0.00451
41	0.01115	0.01103	0.01672	0.65238	0.03291	0.07252	0.07213	0.04298	0.01143	0.01427	0.00939	0.01350	0.00707	0.00520	0.00524	0.00170	0.00723	0.00465	0.00248	0.00602
42	0.01139	0.01139	0.01595	0.01367	0.01367	0.01595	0.01139	0.01253	0.00798	0.01253	0.00684	0.01139	0.00684	0.00911	0.01709	0.00228	0.80745	0.00456	0.00228	0.00570
43	0.01250	0.01496	0.13821	0.02668	0.51859	0.02915	0.12034	0.01615	0.01181	0.01679	0.00977	0.01261	0.00790	0.00464	0.00520	0.00156	0.00676	0.00464	0.00255	0.03917
44	0.00634	0.00453	0.00604	0.00725	0.00755	0.00423	0.00483	0.00725	0.00997	0.01329	0.02870	0.81358	0.03444	0.01632	0.00665	0.00211	0.00302	0.01480	0.00483	0.00423
45	0.00969	0.00964	0.04109	0.00863	0.02348	0.13297	0.00644	0.02549	0.01061	0.01325	0.07790	0.02719	0.11792	0.24466	0.22409	0.00438	0.00776	0.00669	0.00339	0.00471
46	0.02076	0.01304	0.01467	0.01125	0.01538	0.01385	0.00929	0.56645	0.02189	0.23717	0.01468	0.01392	0.00995	0.00630	0.00522	0.00158	0.00538	0.00484	0.00554	0.00886
47	0.00634	0.00453	0.00604	0.00725	0.00755	0.00423	0.00483	0.00725	0.00997	0.01329	0.02870	0.81358	0.03444	0.01632	0.00665	0.00211	0.00302	0.01480	0.00483	0.00423
48	0.01904	0.01421	0.01520	0.01183	0.01586	0.01580	0.00971	0.68515	0.10771	0.03160	0.01347	0.01327	0.00964	0.00634	0.00522	0.00159	0.00555	0.00482	0.00522	0.00879
49	0.00743	0.00548	0.00718	0.00815	0.00923	0.00523	0.00662	0.00924	0.01145	0.01471	0.03279	0.24887	0.17841	0.01464	0.00685	0.00220	0.00392	0.41819	0.00481	0.00457
50	0.00905	0.00452	0.00678	0.00678	0.00678	0.00452	0.00452	0.00678	0.00678	0.00905	0.00905	0.01583	0.00905	0.01809	0.02035	0.84848	0.00452	0.00452	0.00226	0.00226
51	0.00744	0.00558	0.00837	0.00837	0.00930	0.00651	0.00651	0.00930	0.00837	0.01209	0.01395	0.02046	0.01302	0.03906	0.79635	0.00837	0.01395	0.00558	0.00279	0.00465
52	0.00971	0.00485	0.00485	0.00485	0.00607	0.00485	0.00364	0.01213	0.01092	0.01942	0.01699	0.01942	0.01335	0.00607	0.00364	0.00121	0.00243	0.00485	0.84589	0.00485
53	0.01575	0.43369	0.08116	0.01121	0.01514	0.32115	0.01021	0.01762	0.01218	0.01278	0.00771	0.00902	0.00669	0.00494	0.00427	0.00127	0.02320	0.00312	0.00240	0.00649
54	0.01170	0.01116	0.01959	0.09673	0.44936	0.01127	0.12612	0.01510	0.02480	0.01645	0.01328	0.02160	0.01215	0.00647	0.00568	0.00175	0.00635	0.14022	0.00301	0.00721
55	0.00624	0.00527	0.00534	0.00533	0.00701	0.00444	0.00396	0.00755	0.01181	0.01414	0.07441	0.04919	0.73201	0.04184	0.00688	0.00187	0.00272	0.01082	0.00480	0.00437
56	0.01360	0.01237	0.01209	0.01085	0.01380	0.07742	0.00842	0.03977	0.69970	0.02123	0.01997	0.01849	0.01502	0.00691	0.00525	0.00173	0.00458	0.00566	0.00508	0.00807
57	0.01100	0.01164	0.06769	0.00959	0.01185	0.12810	0.00793	0.01641	0.19610	0.01906	0.38024	0.02610	0.02914	0.00848	0.00627	0.00166	0.05095	0.00696	0.00470	0.00613
58	0.14584	0.01073	0.01574	0.02615	0.04547	0.04376	0.17860	0.01974	0.01259	0.36340	0.01426	0.01473	0.00983	0.00646	0.00622	0.06422	0.00568	0.00491	0.00440	0.00727
59	0.01980	0.01459	0.01563	0.01198	0.01615	0.01615	0.00990	0.76713	0.02448	0.03282	0.01250	0.01250	0.00886	0.00625	0.00521	0.00156	0.00573	0.00469	0.00521	0.00886
60	0.01219	0.00813	0.01235	0.01053	0.01152	0.00938	0.06349	0.01217	0.00879	0.12693	0.01015	0.01453	0.00881	0.01240	0.01598	0.38221	0.26805	0.00476	0.00292	0.00472
61	0.01420	0.01673	0.09985	0.01536	0.03888	0.20105	0.15505	0.04555	0.01185	0.04453	0.00901	0.01168	0.00736	0.00636	0.00905	0.00176	0.26782	0.00448	0.00274	0.03670
62	0.00894	0.00732	0.00828	0.00820	0.00931	0.03748	0.00602	0.09877	0.01198	0.01556	0.02821	0.43118	0.17500	0.04403	0.00804	0.00208	0.07897	0.01117	0.00449	0.00498
63	0.00634	0.00453	0.00604	0.00725	0.00755	0.00423	0.00483	0.00725	0.00997	0.01329	0.02870	0.81358	0.03444	0.01632	0.00665	0.00211	0.00302	0.01480	0.00483	0.00423
64	0.01461	0.00796	0.00939	0.00794	0.01088	0.00744	0.00631	0.04677	0.12852	0.32690	0.03352	0.03104	0.32823	0.00929	0.00562	0.00169	0.00370	0.00767	0.00557	0.00694
65	0.01225	0.07636	0.20067	0.02813	0.01577	0.01242	0.03551	0.01488	0.01036	0.11649	0.01268	0.11006	0.01159	0.00820	0.00943	0.00191	0.28665	0.02695	0.00320	0.00651
66	0.01183	0.01247	0.01225	0.01124	0.01239	0.22455	0.00885	0.01335	0.01000	0.01239	0.01034	0.01489	0.00956	0.02143	0.36085	0.00474	0.23628	0.00468	0.00262	0.00532
67	0.65170	0.00882	0.00698	0.00637	0.00911	0.01005	0.00516	0.01455	0.00936	0.02242	0.00958	0.01108	0.00749	0.00513	0.00332	0.00152	0.00365	0.00331	0.20496	0.00545
68	0.06115	0.25470	0.21586	0.17141	0.07971	0.01470	0.01297	0.07155	0.02819	0.01642	0.00924	0.01123	0.00725	0.00499	0.00444	0.00149	0.00627	0.00382	0.01762	0.00698
69	0.14110	0.01621	0.12054	0.01409	0.01873	0.07453	0.19143	0.31825	0.01670	0.02383	0.01049	0.01183	0.00768	0.00535	0.00506	0.00161	0.00675	0.00454	0.00370	0.00757
70	0.00642	0.00461	0.00611	0.00728	0.00766	0.00430	0.00495	0.00739	0.01011	0.01341	0.02938	0.76158	0.05657	0.01615	0.00665	0.00212	0.00308	0.04314	0.00483	0.00426
71	0.01029	0.01104	0.07622	0.64112	0.13398	0.01172	0.01503	0.01391	0.01065	0.01404	0.00933	0.01353	0.00709	0.00511	0.00518	0.00170	0.00690	0.00457	0.00234	0.00626
72	0.01880	0.01525	0.01495	0.01189	0.01561	0.11869	0.00966	0.60971	0.02195	0.02856	0.01202	0.01271	0.00889	0.00867	0.06630	0.00206	0.00685	0.00458	0.00469	0.00816
73	0.00634	0.00453	0.00604	0.00725	0.00755	0.00423	0.00483	0.00725	0.00997	0.01329	0.02870	0.81358	0.03444	0.01632	0.00665	0.00211	0.00302	0.01480	0.00483	0.00423
74	0.01045	0.02694	0.79000	0.01484	0.02254	0.01209	0.01924	0.01649	0.01099	0.01649	0.00935	0.01099	0.00660	0.00495	0.00495	0.00165	0.00770	0.00385	0.00220	0.00770
75	0.00644	0.00457	0.00601	0.00713	0.00741	0.00429	0.00470	0.00728	0.00979	0.01305	0.02775	0.75332	0.03324	0.07821	0.00818	0.00234	0.00318	0.01425	0.00470	0.00415
76	0.85377	0.01007	0.00765	0.00685	0.01007	0.01168	0.00564	0.01531	0.00886	0.02336	0.00725	0.00846	0.00564	0.00483	0.00322	0.00161	0.00403	0.00282	0.00322	0.00564
77	0.00821	0.00748	0.01065	0.26192	0.11913	0.00772	0.00888	0.01045	0.01141	0.01422	0.03329	0.03371	0.43427	0.00953	0.00572	0.00172	0.00447	0.00813	0.00374	0.00535
78	0.10210	0.01109	0.01044	0.00905	0.01115	0.10552	0.00677	0.25621	0.01422	0.01946	0.01345	0.05053	0.01293	0.27898	0.07325	0.00325	0.00630	0.00575	0.00381	0.00577
79	0.01475	0.00957	0.01121	0.00914	0.01196	0.00984	0.00732	0.31638	0.01868	0.14009	0.35920	0.02514	0.02755	0.00825	0.00563	0.00160	0.00407	0.00689	0.00563	0.00709
80	0.01296	0.31314	0.02007	0.01188	0.01375	0.07799	0.01037	0.01431	0.00947	0.01244	0.00708	0.01011	0.00677	0.00709	0.01102	0.00177	0.44759	0.00381	0.00229	0.00609
81	0.00779	0.00556	0.00770	0.00890	0.00983	0.00547	0.00734	0.00974	0.01139	0.01491	0.02791	0.28244	0.03130	0.01496	0.00703	0.00231	0.00427	0.53174	0.00481	0.00463
82	0.00634	0.00453	0.00604	0.00725	0.00755	0.00423	0.00483	0.00725	0.00997	0.01329	0.02870	0.81358	0.03444	0.01632	0.00665	0.00211	0.00302	0.01480	0.00483	0.00423
83	0.01256	0.01330	0.02642	0.02645	0.36734	0.01281	0.42891	0.01637	0.01210	0.01683	0.01020	0.01353	0.00806	0.00450	0.00570	0.00166	0.00762	0.00547	0.00261	0.00757
84	0.01534	0.01698	0.01395	0.01240	0.01427	0.38183	0.00971	0.09480	0.01297	0.01467	0.00931	0.01224	0.00813	0.01258	0.15396	0.00289	0.20091	0.00419	0.00287	0.00599
85	0.03143	0.01175	0.01442	0.12875	0.01795	0.01273	0.00990	0.36823	0.01821	0.26490	0.01413	0.01422	0.00967	0.00630	0.00588	0.00165	0.05194	0.00482	0.00497	0.00817
86	0.01140	0.08539	0.67370	0.01429	0.02136	0.07333	0.01777	0.01676	0.01126	0.01589	0.00909	0.01068	0.00661	0.00494	0.00481	0.00159	0.00767	0.00373	0.00224	0.00749
87	0.01096	0.00950	0.01160	0.00959	0.07203	0.00736	0.00693	0.01333	0.01088	0.01697	0.00930	0.01096	0.00775	0.00392	0.00396	0.00083	0.00404	0.00321	0.00305	0.78384
88	0.01841	0.08533	0.01559	0.01316	0.02830	0.68786	0.00993	0.01980	0.01419	0.01281	0.00921	0.01051	0.02787	0.00556	0.00486	0.00136	0.02290	0.00356	0.00270	0.00607
89	0.01070	0.08556	0.73363	0.01440	0.02186	0.01272	0.01848	0.01643	0.01096	0.01618	0.00919	0.01080	0.00660	0.00491	0.00483	0.00161	0.00754	0.00377	0.00220	0.00762

[dist]
# distance from previous block
# <min> <max>
0	1

[block]
# block no. 2 follows, 47 sequences, length 46
# corresponding to MSA columns:
# 287-332
name=unknown_C
#
# <colnr> <probs for GDERKNQSTAVLIFYWHMCP>
#	G	D	E	R	K	N	Q	S	T	A	V	L	I	F	Y	W	H	M	C	P
0	0.01372	0.01209	0.02042	0.03016	0.72319	0.01200	0.01532	0.01673	0.01210	0.07831	0.01065	0.01327	0.00862	0.00478	0.00516	0.00155	0.00605	0.00469	0.00289	0.00830
1	0.01173	0.04528	0.40293	0.01267	0.01805	0.01277	0.01379	0.02167	0.36678	0.01882	0.01480	0.01484	0.01093	0.00592	0.00506	0.00169	0.00596	0.00476	0.00364	0.00792
2	0.01080	0.00926	0.01080	0.00771	0.01234	0.00694	0.00617	0.01311	0.01080	0.01697	0.00926	0.01080	0.00771	0.00386	0.00386	0.00077	0.00386	0.00309	0.00309	0.84882
3	0.00682	0.00525	0.00622	0.00608	0.00747	0.00466	0.00452	0.00872	0.01329	0.01766	0.44080	0.09172	0.34394	0.01203	0.00618	0.00172	0.00257	0.01039	0.00531	0.00466
4	0.01392	0.82012	0.02729	0.00891	0.01337	0.02061	0.00891	0.01559	0.01058	0.01225	0.00724	0.00835	0.00668	0.00446	0.00334	0.00111	0.00557	0.00278	0.00223	0.00668
5	0.00757	0.00505	0.00568	0.00568	0.00568	0.00505	0.00316	0.00757	0.00757	0.01010	0.01641	0.03408	0.01893	0.81698	0.02651	0.00505	0.00505	0.00757	0.00316	0.00316
6	0.01194	0.01520	0.11803	0.02105	0.05502	0.01279	0.62457	0.01639	0.01199	0.01652	0.01048	0.01386	0.00793	0.00563	0.03246	0.00196	0.00873	0.00580	0.00259	0.00707
7	0.00672	0.00472	0.00611	0.00706	0.00736	0.00450	0.00470	0.00753	0.00959	0.01277	0.02610	0.60836	0.03098	0.18134	0.01078	0.00274	0.00354	0.05658	0.00449	0.00404
8	0.01363	0.12819	0.01502	0.01121	0.01392	0.24778	0.06341	0.01874	0.21412	0.01579	0.05735	0.12246	0.01567	0.03286	0.00580	0.00169	0.00604	0.00615	0.00378	0.00639
9	0.00814	0.00470	0.00541	0.00597	0.00676	0.00456	0.00420	0.00986	0.01048	0.01656	0.02244	0.38922	0.02317	0.01084	0.00504	0.00163	0.00270	0.00949	0.45426	0.00456
10	0.01080	0.00926	0.01080	0.00771	0.01234	0.00694	0.00617	0.01311	0.01080	0.01697	0.00926	0.01080	0.00771	0.00386	0.00386	0.00077	0.00386	0.00309	0.00309	0.84882
11	0.01181	0.01278	0.05165	0.18583	0.13736	0.06387	0.05466	0.01416	0.00989	0.01380	0.00820	0.01215	0.00711	0.00691	0.01080	0.00193	0.38385	0.00456	0.00237	0.00629
12	0.00633	0.00459	0.00598	0.00709	0.00751	0.00424	0.00476	0.00727	0.01012	0.01336	0.03061	0.75290	0.09390	0.01607	0.00661	0.00209	0.00299	0.01450	0.00483	0.00424
13	0.01079	0.01077	0.01988	0.52485	0.12457	0.01205	0.19315	0.01443	0.01103	0.01456	0.00963	0.01380	0.00733	0.00494	0.00542	0.00172	0.00729	0.00499	0.00242	0.00638
14	0.01027	0.00985	0.01696	0.67504	0.09426	0.01185	0.05908	0.01370	0.01057	0.01378	0.00931	0.01375	0.00710	0.00522	0.00558	0.00174	0.02883	0.00472	0.00235	0.00605
15	0.00634	0.00453	0.00604	0.00725	0.00755	0.00423	0.00483	0.00725	0.00997	0.01329	0.02870	0.81358	0.03444	0.01632	0.00665	0.00211	0.00302	0.01480	0.00483	0.00423
16	0.00925	0.00682	0.00956	0.01106	0.14652	0.00635	0.00692	0.01160	0.01376	0.07170	0.47079	0.03467	0.16117	0.00971	0.00591	0.00164	0.00329	0.00854	0.00507	0.00569
17	0.00634	0.00453	0.00604	0.00725	0.00755	0.00423	0.00483	0.00725	0.00997	0.01329	0.02870	0.81358	0.03444	0.01632	0.00665	0.00211	0.00302	0.01480	0.00483	0.00423
18	0.01900	0.02397	0.01520	0.01469	0.06882	0.74231	0.01047	0.02046	0.01456	0.01304	0.00817	0.00963	0.00681	0.00532	0.00473	0.00136	0.00917	0.00344	0.00268	0.00619
19	0.77456	0.00998	0.00831	0.06163	0.01192	0.01157	0.00630	0.01543	0.00912	0.04230	0.00773	0.00907	0.00592	0.00490	0.00341	0.00162	0.00424	0.00301	0.00324	0.00573
20	0.00737	0.00532	0.00696	0.00655	0.00778	0.00491	0.00491	0.00983	0.01474	0.02088	0.78175	0.03890	0.04914	0.01065	0.00614	0.00164	0.00246	0.00942	0.00573	0.00491
21	0.01080	0.00628	0.00823	0.00717	0.00918	0.00559	0.00554	0.01316	0.01452	0.17463	0.57972	0.03286	0.03922	0.00937	0.00581	0.00158	0.00294	0.00818	0.00571	0.05949
22	0.00695	0.00500	0.00670	0.00775	0.00840	0.00475	0.00575	0.00837	0.01090	0.01445	0.08099	0.53170	0.06286	0.01530	0.00674	0.00214	0.00344	0.20850	0.00489	0.00443
23	0.01181	0.01263	0.02283	0.01753	0.01998	0.01466	0.36258	0.01446	0.00999	0.01446	0.00856	0.01263	0.00733	0.00691	0.01199	0.00204	0.43555	0.00530	0.00244	0.00631
24	0.01415	0.01344	0.01457	0.01181	0.01450	0.12448	0.02875	0.16601	0.04244	0.01827	0.00943	0.01155	0.00783	0.00641	0.00870	0.00157	0.26882	0.00411	0.00326	0.22987
25	0.16486	0.01107	0.01370	0.24131	0.03742	0.01278	0.04148	0.12816	0.25708	0.02090	0.01325	0.01446	0.00992	0.00584	0.00492	0.00169	0.00540	0.00478	0.00387	0.00710
26	0.00644	0.00485	0.00596	0.00660	0.00744	0.00437	0.00460	0.00768	0.01118	0.01459	0.14224	0.49025	0.24564	0.01464	0.00644	0.00195	0.00283	0.01297	0.00496	0.00437
27	0.01251	0.01444	0.08689	0.06835	0.04894	0.01321	0.50398	0.06403	0.07719	0.01779	0.01126	0.01404	0.00846	0.00497	0.00614	0.00174	0.03024	0.00566	0.00295	0.00722
28	0.00735	0.00496	0.00575	0.00596	0.00602	0.00490	0.00346	0.00751	0.00801	0.01067	0.01863	0.17485	0.02173	0.67239	0.02292	0.00452	0.00468	0.00888	0.00346	0.00335
29	0.12946	0.01357	0.01320	0.01074	0.01414	0.15339	0.00870	0.21158	0.01598	0.29353	0.01341	0.01317	0.00931	0.00620	0.00581	0.00160	0.06944	0.00439	0.00470	0.00768
30	0.01162	0.03563	0.01473	0.01217	0.01283	0.01445	0.01011	0.04184	0.02900	0.01448	0.00870	0.01247	0.00793	0.00829	0.01392	0.00203	0.61226	0.00453	0.10073	0.03229
31	0.00634	0.00453	0.00604	0.00725	0.00755	0.00423	0.00483	0.00725	0.00997	0.01329	0.02870	0.81358	0.03444	0.01632	0.00665	0.00211	0.00302	0.01480	0.00483	0.00423
32	0.02898	0.04397	0.01406	0.03633	0.03551	0.01137	0.08312	0.05651	0.15296	0.02999	0.01572	0.16548	0.01501	0.03162	0.09404	0.00268	0.16578	0.00698	0.00370	0.00620
33	0.01203	0.37001	0.42597	0.01259	0.01877	0.01583	0.04778	0.01611	0.01087	0.01466	0.00849	0.00999	0.00669	0.00471	0.00430	0.00142	0.00682	0.00349	0.00223	0.00723
34	0.00651	0.00465	0.00623	0.00744	0.00781	0.00437	0.00512	0.00753	0.01013	0.01348	0.02861	0.75358	0.03409	0.01616	0.00669	0.00214	0.00316	0.07320	0.00483	0.00427
35	0.17081	0.01195	0.01114	0.00965	0.01270	0.07446	0.00764	0.18431	0.29775	0.02286	0.01890	0.01838	0.09437	0.00696	0.00488	0.00164	0.00466	0.00537	0.03439	0.00718
36	0.01026	0.00972	0.01377	0.01215	0.01242	0.01324	0.00999	0.01160	0.00809	0.01241	0.00888	0.01400	0.00861	0.01772	0.24101	0.00403	0.57943	0.00485	0.00243	0.00540
37	0.00634	0.00453	0.00604	0.00725	0.00755	0.00423	0.00483	0.00725	0.00997	0.01329	0.02870	0.81358	0.03444	0.01632	0.00665	0.00211	0.00302	0.01480	0.00483	0.00423
38	0.01392	0.82012	0.02729	0.00891	0.01337	0.02061	0.00891	0.01559	0.01058	0.01225	0.00724	0.00835	0.00668	0.00446	0.00334	0.00111	0.00557	0.00278	0.00223	0.00668
39	0.00634	0.00453	0.00604	0.00725	0.00755	0.00423	0.00483	0.00725	0.00997	0.01329	0.02870	0.81358	0.03444	0.01632	0.00665	0.00211	0.00302	0.01480	0.00483	0.00423
40	0.01340	0.01212	0.01198	0.01079	0.01372	0.06668	0.00837	0.02720	0.72293	0.02116	0.02029	0.01874	0.01527	0.00695	0.00526	0.00174	0.00448	0.00571	0.00512	0.00809
41	0.02143	0.01262	0.01392	0.01082	0.01482	0.06570	0.00886	0.37053	0.01936	0.38314	0.01594	0.01472	0.01059	0.00628	0.00519	0.00157	0.00538	0.00485	0.00561	0.00867
42	0.00971	0.00485	0.00485	0.00485	0.00607	0.00485	0.00364	0.01213	0.01092	0.01942	0.01699	0.01942	0.01335	0.00607	0.00364	0.00121	0.00243	0.00485	0.84589	0.00485
43	0.00723	0.00569	0.00660	0.00653	0.00799	0.00529	0.00488	0.01002	0.07339	0.01719	0.32074	0.13624	0.33562	0.01216	0.00617	0.00177	0.00279	0.02960	0.00521	0.00489
44	0.00692	0.00477	0.00587	0.00652	0.00668	0.00461	0.00405	0.00740	0.00885	0.01181	0.02298	0.45061	0.02722	0.38914	0.01589	0.00348	0.00397	0.01144	0.00405	0.00373
45	0.09300	0.00892	0.01251	0.00971	0.01340	0.00809	0.06737	0.02177	0.01415	0.55943	0.11828	0.01940	0.01661	0.00669	0.00525	0.00163	0.00448	0.00565	0.00577	0.00792

[dist]
# distance from previous block
# <min> <max>
0	1

[block]
# block no. 3 follows, 47 sequences, length 47
# corresponding to MSA columns:
# 334-380
name=unknown_D
#
# <colnr> <probs for GDERKNQSTAVLIFYWHMCP>
#	G	D	E	R	K	N	Q	S	T	A	V	L	I	F	Y	W	H	M	C	P
0	0.08567	0.12514	0.30301	0.01276	0.01763	0.31156	0.01294	0.04618	0.01270	0.01572	0.00853	0.00989	0.00665	0.00508	0.00451	0.00146	0.00769	0.00347	0.00259	0.00681
1	0.00757	0.00505	0.00568	0.00568	0.00568	0.00505	0.00316	0.00757	0.00757	0.01010	0.01641	0.03408	0.01893	0.81698	0.02651	0.00505	0.00505	0.00757	0.00316	0.00316
2	0.01903	0.01421	0.01520	0.01183	0.01586	0.01579	0.00971	0.68453	0.10833	0.03159	0.01347	0.01328	0.00964	0.00634	0.00522	0.00159	0.00555	0.00482	0.00522	0.00879
3	0.00634	0.00453	0.00604	0.00725	0.00755	0.00423	0.00483	0.00725	0.00997	0.01329	0.02870	0.81358	0.03444	0.01632	0.00665	0.00211	0.00302	0.01480	0.00483	0.00423
4	0.01173	0.02192	0.51454	0.01936	0.21951	0.01246	0.04592	0.06280	0.01210	0.01764	0.00970	0.01169	0.00721	0.00493	0.00506	0.00162	0.00722	0.00419	0.00250	0.00789
5	0.02110	0.00992	0.01245	0.00965	0.01348	0.00943	0.00793	0.20118	0.01711	0.54113	0.06573	0.01860	0.03390	0.00683	0.00531	0.00161	0.00458	0.00551	0.00607	0.00851
6	0.00632	0.00462	0.00596	0.00703	0.00750	0.00425	0.00474	0.00728	0.01018	0.01338	0.03139	0.72830	0.11799	0.01597	0.00659	0.00208	0.00298	0.01438	0.00483	0.00425
7	0.17185	0.00752	0.00826	0.00733	0.00958	0.00761	0.00574	0.05894	0.06093	0.10244	0.37748	0.02932	0.11538	0.00889	0.00538	0.00165	0.00329	0.00739	0.00517	0.00585
8	0.03648	0.21034	0.04835	0.01116	0.01441	0.11743	0.00977	0.20172	0.07572	0.01908	0.01246	0.01740	0.01099	0.00703	0.00611	0.00163	0.08805	0.10131	0.00363	0.00693
9	0.00634	0.00453	0.00604	0.00725	0.00755	0.00423	0.00483	0.00725	0.00997	0.01329	0.02870	0.81358	0.03444	0.01632	0.00665	0.00211	0.00302	0.01480	0.00483	0.00423
10	0.01080	0.00926	0.01080	0.00771	0.01234	0.00694	0.00617	0.01311	0.01080	0.01697	0.00926	0.01080	0.00771	0.00386	0.00386	0.00077	0.00386	0.00309	0.00309	0.84882
11	0.01642	0.01889	0.01657	0.01637	0.13004	0.46511	0.09013	0.01833	0.01338	0.04530	0.01081	0.08038	0.00972	0.00630	0.00561	0.00153	0.04075	0.00495	0.00298	0.00641
12	0.00634	0.00453	0.00604	0.00725	0.00755	0.00423	0.00483	0.00725	0.00997	0.01329	0.02870	0.81358	0.03444	0.01632	0.00665	0.00211	0.00302	0.01480	0.00483	0.00423
13	0.01154	0.01133	0.01731	0.16003	0.10969	0.01416	0.07722	0.01513	0.09494	0.01459	0.00955	0.01315	0.00813	0.00724	0.01126	0.00199	0.40879	0.00487	0.00269	0.00641
14	0.01375	0.01101	0.01180	0.01050	0.01352	0.01255	0.00820	0.02750	0.71662	0.08073	0.02115	0.01930	0.01567	0.00702	0.00529	0.00175	0.00415	0.00584	0.00539	0.00829
15	0.00634	0.00453	0.00604	0.00725	0.00755	0.00423	0.00483	0.00725	0.00997	0.01329	0.02870	0.81358	0.03444	0.01632	0.00665	0.00211	0.00302	0.01480	0.00483	0.00423
16	0.00615	0.00528	0.00528	0.00528	0.00703	0.00440	0.00396	0.00747	0.01187	0.01407	0.05276	0.05012	0.78238	0.01319	0.00615	0.00176	0.00264	0.01099	0.00484	0.00440
17	0.00634	0.00453	0.00604	0.00725	0.00755	0.00423	0.00483	0.00725	0.00997	0.01329	0.02870	0.81358	0.03444	0.01632	0.00665	0.00211	0.00302	0.01480	0.00483	0.00423
18	0.00757	0.00505	0.00568	0.00568	0.00568	0.00505	0.00316	0.00757	0.00757	0.01010	0.01641	0.03408	0.01893	0.81698	0.02651	0.00505	0.00505	0.00757	0.00316	0.00316
19	0.01884	0.11366	0.01616	0.01291	0.01579	0.70945	0.00993	0.02021	0.01429	0.01269	0.00796	0.00928	0.00671	0.00526	0.00454	0.00132	0.00896	0.00329	0.00263	0.00611
20	0.00737	0.00532	0.00696	0.00655	0.00778	0.00491	0.00491	0.00983	0.01474	0.02088	0.78175	0.03890	0.04914	0.01065	0.00614	0.00164	0.00246	0.00942	0.00573	0.00491
21	0.00905	0.00452	0.00678	0.00678	0.00678	0.00452	0.00452	0.00678	0.00678	0.00905	0.00905	0.01583	0.00905	0.01809	0.02035	0.84848	0.00452	0.00452	0.00226	0.00226
22	0.01080	0.00926	0.01080	0.00771	0.01234	0.00694	0.00617	0.01311	0.01080	0.01697	0.00926	0.01080	0.00771	0.00386	0.00386	0.00077	0.00386	0.00309	0.00309	0.84882
23	0.00625	0.00491	0.00566	0.00626	0.00729	0.00431	0.00439	0.00736	0.01092	0.01368	0.04078	0.43009	0.41013	0.01474	0.00640	0.00194	0.00283	0.01289	0.00484	0.00431
24	0.01640	0.07999	0.38870	0.01193	0.01776	0.01079	0.01334	0.02034	0.01269	0.35602	0.01412	0.01376	0.00938	0.00557	0.00495	0.00159	0.00609	0.00438	0.00407	0.00813
25	0.01542	0.01784	0.01484	0.11379	0.01770	0.40692	0.01076	0.01847	0.09738	0.01377	0.00936	0.01160	0.00780	0.00651	0.00804	0.00168	0.21503	0.00411	0.00282	0.00616
26	0.06356	0.05267	0.37599	0.01724	0.02345	0.01289	0.34670	0.01647	0.01142	0.01683	0.00965	0.01207	0.00712	0.00467	0.00530	0.00167	0.00786	0.00475	0.00246	0.00723
27	0.00664	0.00476	0.00585	0.00659	0.00700	0.00446	0.00429	0.00736	0.00959	0.01257	0.02858	0.51474	0.12557	0.22313	0.01172	0.00283	0.00350	0.01245	0.00440	0.00397
28	0.01106	0.01047	0.01480	0.01157	0.01430	0.01109	0.08846	0.01308	0.00981	0.01507	0.00902	0.03584	0.00820	0.00638	0.00943	0.00151	0.32307	0.00435	0.00277	0.39972
29	0.01742	0.00936	0.01121	0.00933	0.01269	0.00934	0.00747	0.02426	0.30800	0.40585	0.02439	0.02200	0.10000	0.00744	0.00536	0.00169	0.00411	0.00613	0.00582	0.00812
30	0.00634	0.00511	0.00564	0.00588	0.00724	0.00442	0.00427	0.00768	0.01174	0.01465	0.12854	0.22808	0.52491	0.01364	0.00627	0.00183	0.00271	0.01171	0.00494	0.00442
31	0.00971	0.00485	0.00485	0.00485	0.00607	0.00485	0.00364	0.01213	0.01092	0.01942	0.01699	0.01942	0.01335	0.00607	0.00364	0.00121	0.00243	0.00485	0.84589	0.00485
32	0.01182	0.00898	0.01406	0.10476	0.25645	0.00913	0.06421	0.04261	0.01196	0.06523	0.01467	0.08371	0.01258	0.00647	0.00496	0.00155	0.00492	0.02171	0.25369	0.00653
33	0.00657	0.00470	0.00631	0.00751	0.00791	0.00443	0.00523	0.00765	0.01020	0.01355	0.02858	0.72927	0.03394	0.01610	0.00671	0.00215	0.00322	0.09687	0.00483	0.00429
34	0.01193	0.01102	0.01728	0.33911	0.33636	0.01228	0.01396	0.04497	0.12823	0.01684	0.01142	0.01427	0.00891	0.00530	0.00520	0.00166	0.00616	0.00483	0.00299	0.00728
35	0.01355	0.01479	0.01771	0.36532	0.13561	0.23607	0.09048	0.03760	0.01245	0.01458	0.00921	0.01244	0.00721	0.00512	0.00515	0.00159	0.00769	0.00442	0.00257	0.00642
36	0.00632	0.00462	0.00596	0.00703	0.00750	0.00425	0.00474	0.00728	0.01018	0.01338	0.03139	0.72830	0.11799	0.01597	0.00659	0.00208	0.00298	0.01438	0.00483	0.00425
37	0.02850	0.01338	0.19421	0.20255	0.02192	0.01043	0.17166	0.03173	0.02431	0.01712	0.01177	0.01463	0.00888	0.00524	0.00490	0.00158	0.00621	0.00481	0.21980	0.00636
38	0.01335	0.01234	0.01187	0.01084	0.01363	0.09993	0.00846	0.02569	0.63527	0.02033	0.02019	0.02114	0.01588	0.00740	0.00537	0.00176	0.00476	0.05908	0.00497	0.00775
39	0.00634	0.00453	0.00604	0.00725	0.00755	0.00423	0.00483	0.00725	0.00997	0.01329	0.02870	0.81358	0.03444	0.01632	0.00665	0.00211	0.00302	0.01480	0.00483	0.00423
40	0.01392	0.82012	0.02729	0.00891	0.01337	0.02061	0.00891	0.01559	0.01058	0.01225	0.00724	0.00835	0.00668	0.00446	0.00334	0.00111	0.00557	0.00278	0.00223	0.00668
41	0.00620	0.00508	0.00547	0.00579	0.00717	0.00435	0.00418	0.00742	0.01138	0.01387	0.04653	0.24770	0.58882	0.01400	0.00628	0.00185	0.00274	0.01198	0.00484	0.00435
42	0.01980	0.01459	0.01563	0.01198	0.01615	0.01615	0.00990	0.76713	0.02448	0.03282	0.01250	0.01250	0.00886	0.00625	0.00521	0.00156	0.00573	0.00469	0.00521	0.00886
43	0.00725	0.00585	0.00654	0.00645	0.00802	0.00546	0.00479	0.01031	0.09762	0.01660	0.23483	0.14090	0.41187	0.01224	0.00612	0.00177	0.00281	0.01050	0.00512	0.00494
44	0.01980	0.01459	0.01563	0.01198	0.01615	0.01615	0.00990	0.76713	0.02448	0.03282	0.01250	0.01250	0.00886	0.00625	0.00521	0.00156	0.00573	0.00469	0.00521	0.00886
45	0.04766	0.01498	0.01584	0.21973	0.11875	0.18386	0.01173	0.28595	0.01653	0.02104	0.01015	0.01208	0.00770	0.00553	0.00502	0.00156	0.00683	0.00431	0.00350	0.00725
46	0.01942	0.01230	0.01396	0.01074	0.01480	0.01274	0.00881	0.46998	0.03731	0.22610	0.01481	0.03070	0.01049	0.00630	0.00512	0.00152	0.00512	0.00492	0.00532	0.08954

[dist]
# distance from previous block
# <min> <max>
0	2

[block]
# block no. 4 follows, 47 sequences, length 43
# corresponding to MSA columns:
# 435-477
name=unknown_E
#
# <colnr> <probs for GDERKNQSTAVLIFYWHMCP>
#	G	D	E	R	K	N	Q	S	T	A	V	L	I	F	Y	W	H	M	C	P
0	0.41986	0.05572	0.00874	0.00735	0.00973	0.00931	0.00609	0.01300	0.01117	0.02069	0.23216	0.02563	0.02224	0.00808	0.00473	0.00172	0.00380	0.13047	0.00415	0.00535
1	0.01155	0.24150	0.01797	0.01150	0.01330	0.01482	0.04563	0.01329	0.00978	0.01357	0.01122	0.01910	0.01112	0.00827	0.01018	0.00188	0.35750	0.12962	0.05238	0.00584
2	0.71177	0.00993	0.00818	0.00699	0.01045	0.01088	0.00573	0.01494	0.00919	0.02229	0.00759	0.00885	0.00599	0.00467	0.00333	0.00147	0.00400	0.00286	0.00320	0.14767
3	0.01596	0.01568	0.01347	0.01207	0.03022	0.23743	0.00920	0.15003	0.41586	0.02096	0.01574	0.01526	0.01193	0.00639	0.00511	0.00161	0.00594	0.00494	0.00448	0.00772
4	0.00745	0.00555	0.00821	0.00821	0.00909	0.00642	0.00631	0.00920	0.00832	0.01197	0.01409	0.02126	0.01337	0.08486	0.75102	0.00817	0.01342	0.00570	0.00281	0.00456
5	0.01179	0.40308	0.01827	0.00996	0.05707	0.01404	0.00800	0.07397	0.04637	0.01500	0.01652	0.24151	0.04827	0.00849	0.00475	0.00152	0.00470	0.00697	0.00348	0.00622
6	0.01097	0.00871	0.00926	0.00898	0.01065	0.05457	0.00658	0.08054	0.23039	0.05013	0.02289	0.39164	0.02349	0.05716	0.00709	0.00207	0.00412	0.00989	0.00485	0.00602
7	0.01080	0.00926	0.01080	0.00771	0.01234	0.00694	0.00617	0.01311	0.01080	0.01697	0.00926	0.01080	0.00771	0.00386	0.00386	0.00077	0.00386	0.00309	0.00309	0.84882
8	0.01676	0.41188	0.02086	0.01122	0.01477	0.41866	0.00950	0.01826	0.01273	0.01251	0.00766	0.00889	0.00670	0.00492	0.00404	0.00123	0.00753	0.00308	0.00246	0.00635
9	0.01199	0.01459	0.11422	0.02365	0.27358	0.01239	0.39940	0.01601	0.01198	0.01665	0.01207	0.01495	0.04303	0.00494	0.00568	0.00168	0.00753	0.00561	0.00267	0.00738
10	0.01106	0.00932	0.01044	0.01034	0.03711	0.01044	0.00752	0.02145	0.53125	0.01920	0.02297	0.24632	0.02095	0.00963	0.00568	0.00186	0.00387	0.00840	0.00508	0.00710
11	0.00634	0.00453	0.00604	0.00725	0.00755	0.00423	0.00483	0.00725	0.00997	0.01329	0.02870	0.81358	0.03444	0.01632	0.00665	0.00211	0.00302	0.01480	0.00483	0.00423
12	0.01464	0.01983	0.48368	0.01260	0.01872	0.01047	0.01462	0.04192	0.01282	0.25971	0.05060	0.01452	0.01072	0.00574	0.00510	0.00163	0.00635	0.00458	0.00380	0.00796
13	0.01231	0.01206	0.01082	0.01082	0.01253	0.23289	0.00886	0.05812	0.01318	0.01544	0.01983	0.03903	0.02071	0.04425	0.00755	0.00215	0.03770	0.43235	0.00405	0.00536
14	0.00629	0.00475	0.00581	0.00666	0.00740	0.00428	0.00457	0.00732	0.01054	0.01353	0.03590	0.58529	0.25810	0.01538	0.00650	0.00201	0.00291	0.01366	0.00483	0.00428
15	0.00787	0.00565	0.00766	0.00803	0.00924	0.00544	0.00661	0.01030	0.01340	0.01830	0.41470	0.04856	0.03981	0.01247	0.00665	0.00201	0.00359	0.36958	0.00528	0.00486
16	0.01295	0.31679	0.39156	0.01259	0.01845	0.08377	0.03219	0.04844	0.01178	0.01531	0.00862	0.01002	0.00677	0.00485	0.00438	0.00142	0.00701	0.00351	0.00239	0.00721
17	0.01927	0.02208	0.01499	0.01310	0.01603	0.59560	0.01007	0.18789	0.01672	0.01724	0.00901	0.01015	0.00719	0.00569	0.00522	0.00142	0.03474	0.00369	0.00324	0.00666
18	0.00634	0.00453	0.00604	0.00725	0.00755	0.00423	0.00483	0.00725	0.00997	0.01329	0.02870	0.81358	0.03444	0.01632	0.00665	0.00211	0.00302	0.01480	0.00483	0.00423
19	0.01036	0.00926	0.01299	0.36936	0.02302	0.00904	0.00993	0.01320	0.01062	0.01531	0.00926	0.01220	0.00736	0.00447	0.00447	0.00121	0.00526	0.00379	0.00274	0.46617
20	0.01140	0.04179	0.20628	0.05571	0.15969	0.05287	0.02641	0.01440	0.01048	0.01473	0.01092	0.05178	0.01017	0.00740	0.00877	0.00187	0.24132	0.06478	0.00266	0.00660
21	0.00634	0.00453	0.00604	0.00725	0.00755	0.00423	0.00483	0.00725	0.00997	0.01329	0.02870	0.81358	0.03444	0.01632	0.00665	0.00211	0.00302	0.01480	0.00483	0.00423
22	0.01164	0.01329	0.14397	0.23834	0.02144	0.01241	0.01187	0.02168	0.42770	0.01847	0.01579	0.01642	0.01177	0.00618	0.00521	0.00174	0.00553	0.00518	0.00392	0.00745
23	0.01139	0.01139	0.01595	0.01367	0.01367	0.01595	0.01139	0.01253	0.00798	0.01253	0.00684	0.01139	0.00684	0.00911	0.01709	0.00228	0.80745	0.00456	0.00228	0.00570
24	0.00634	0.00453	0.00604	0.00725	0.00755	0.00423	0.00483	0.00725	0.00997	0.01329	0.02870	0.81358	0.03444	0.01632	0.00665	0.00211	0.00302	0.01480	0.00483	0.00423
25	0.01392	0.82012	0.02729	0.00891	0.01337	0.02061	0.00891	0.01559	0.01058	0.01225	0.00724	0.00835	0.00668	0.00446	0.00334	0.00111	0.00557	0.00278	0.00223	0.00668
26	0.00615	0.00528	0.00528	0.00528	0.00703	0.00440	0.00396	0.00747	0.01187	0.01407	0.05276	0.05012	0.78238	0.01319	0.00615	0.00176	0.00264	0.01099	0.00484	0.00440
27	0.01980	0.01459	0.01563	0.01198	0.01615	0.01615	0.00990	0.76713	0.02448	0.03282	0.01250	0.01250	0.00886	0.00625	0.00521	0.00156	0.00573	0.00469	0.00521	0.00886
28	0.85377	0.01007	0.00765	0.00685	0.01007	0.01168	0.00564	0.01531	0.00886	0.02336	0.00725	0.00846	0.00564	0.00483	0.00322	0.00161	0.00403	0.00282	0.00322	0.00564
29	0.01295	0.01119	0.01178	0.01060	0.01354	0.01295	0.00824	0.02767	0.77509	0.02178	0.02120	0.01943	0.01590	0.00707	0.00530	0.00177	0.00412	0.00589	0.00530	0.00824
30	0.01945	0.02482	0.01476	0.01342	0.01610	0.79608	0.01006	0.02079	0.01476	0.01275	0.00805	0.00939	0.00671	0.00537	0.00470	0.00134	0.00939	0.00335	0.00268	0.00604
31	0.00634	0.00453	0.00604	0.00725	0.00755	0.00423	0.00483	0.00725	0.00997	0.01329	0.02870	0.81358	0.03444	0.01632	0.00665	0.00211	0.00302	0.01480	0.00483	0.00423
32	0.02336	0.00886	0.01209	0.00927	0.01329	0.00765	0.00765	0.02538	0.01491	0.78810	0.02055	0.01773	0.01289	0.00645	0.00524	0.00161	0.00443	0.00524	0.00645	0.00886
33	0.85377	0.01007	0.00765	0.00685	0.01007	0.01168	0.00564	0.01531	0.00886	0.02336	0.00725	0.00846	0.00564	0.00483	0.00322	0.00161	0.00403	0.00282	0.00322	0.00564
34	0.01666	0.24972	0.01779	0.01160	0.01484	0.42848	0.00939	0.02059	0.15515	0.01429	0.01027	0.01096	0.00841	0.00542	0.00442	0.00136	0.00732	0.00366	0.00304	0.00663
35	0.85377	0.01007	0.00765	0.00685	0.01007	0.01168	0.00564	0.01531	0.00886	0.02336	0.00725	0.00846	0.00564	0.00483	0.00322	0.00161	0.00403	0.00282	0.00322	0.00564
36	0.00737	0.00532	0.00696	0.00655	0.00778	0.00491	0.00491	0.00983	0.01474	0.02088	0.78175	0.03890	0.04914	0.01065	0.00614	0.00164	0.00246	0.00942	0.00573	0.00491
37	0.02336	0.00886	0.01209	0.00927	0.01329	0.00765	0.00765	0.02538	0.01491	0.78810	0.02055	0.01773	0.01289	0.00645	0.00524	0.00161	0.00443	0.00524	0.00645	0.00886
38	0.01192	0.01467	0.17618	0.01397	0.01828	0.01227	0.18269	0.02152	0.38325	0.01904	0.01684	0.01961	0.01329	0.00661	0.00557	0.00179	0.00597	0.06494	0.00401	0.00758
39	0.01208	0.01171	0.02071	0.16906	0.45634	0.01202	0.14108	0.03299	0.01172	0.01625	0.01028	0.01450	0.00860	0.05257	0.00659	0.00182	0.00668	0.00507	0.00264	0.00731
40	0.06109	0.02054	0.50670	0.01273	0.01890	0.01107	0.01490	0.01901	0.07282	0.17640	0.02868	0.01350	0.00948	0.00554	0.00496	0.00165	0.00642	0.00436	0.00345	0.00781
41	0.19243	0.01317	0.01311	0.01042	0.01424	0.07562	0.00852	0.38394	0.01831	0.20097	0.01289	0.01261	0.00894	0.00593	0.00477	0.00157	0.00538	0.00432	0.00488	0.00797
42	0.02881	0.01331	0.01305	0.04868	0.09248	0.15437	0.00921	0.17373	0.22719	0.02071	0.01630	0.04753	0.04356	0.00675	0.00506	0.00158	0.00549	0.00541	0.07958	0.00719

[dist]
# distance from previous block
# <min> <max>
2	19

[block]
# block no. 5 follows, 47 sequences, length 182
# corresponding to MSA columns:
# 497-658,667-686
name=unknown_F
#
# <colnr> <probs for GDERKNQSTAVLIFYWHMCP>
#	G	D	E	R	K	N	Q	S	T	A	V	L	I	F	Y	W	H	M	C	P
0	0.01425	0.01159	0.01261	0.10485	0.01589	0.06907	0.00879	0.35623	0.01707	0.02249	0.01578	0.22372	0.01512	0.00851	0.00543	0.00164	0.00527	0.00711	0.00439	0.08016
1	0.01608	0.01274	0.01353	0.01123	0.01473	0.01441	0.00900	0.36511	0.43257	0.02682	0.01723	0.01627	0.01268	0.00669	0.00526	0.00167	0.00486	0.00534	0.00526	0.00852
2	0.01392	0.82012	0.02729	0.00891	0.01337	0.02061	0.00891	0.01559	0.01058	0.01225	0.00724	0.00835	0.00668	0.00446	0.00334	0.00111	0.00557	0.00278	0.00223	0.00668
3	0.00615	0.00528	0.00528	0.00528	0.00703	0.00440	0.00396	0.00747	0.01187	0.01407	0.05276	0.05012	0.78238	0.01319	0.00615	0.00176	0.00264	0.01099	0.00484	0.00440
