[name]
unknown

[dist]
# distance from previous block
# <min> <max>
0	327

[block]
# block no. 0 follows, 49 sequences, length 38
# corresponding to MSA columns:
# 414-451
name=unknown_A
#
# <colnr> <probs for GDERKNQSTAVLIFYWHMCP>
#	G	D	E	R	K	N	Q	S	T	A	V	L	I	F	Y	W	H	M	C	P
0	0.01090	0.00999	0.01296	0.36815	0.06679	0.07925	0.01047	0.02658	0.02867	0.03039	0.01140	0.01769	0.01000	0.08741	0.00699	0.00184	0.00592	0.05674	0.00287	0.15499
1	0.01254	0.01240	0.07788	0.01479	0.09858	0.03854	0.20042	0.01620	0.05844	0.09404	0.01274	0.01429	0.04135	0.00527	0.00575	0.00144	0.06194	0.00476	0.00323	0.22540
2	0.01024	0.00829	0.00902	0.00827	0.00983	0.10878	0.03477	0.01168	0.01044	0.09076	0.05060	0.04454	0.14929	0.16212	0.26414	0.00426	0.00774	0.00673	0.00361	0.00489
3	0.00879	0.00764	0.00993	0.00980	0.07012	0.00824	0.00706	0.03905	0.01183	0.01627	0.24270	0.03024	0.25723	0.00973	0.00823	0.00171	0.19389	0.00760	0.00410	0.05585
4	0.01138	0.06729	0.01843	0.28637	0.38357	0.01181	0.03661	0.01437	0.01087	0.01499	0.00913	0.01236	0.00742	0.00459	0.00480	0.00146	0.00606	0.00427	0.00245	0.09177
5	0.09581	0.00870	0.00970	0.00881	0.01093	0.00975	0.00685	0.01856	0.35609	0.05836	0.21263	0.08644	0.02328	0.00835	0.00605	0.00172	0.05976	0.00686	0.00486	0.00648
6	0.01071	0.01049	0.01495	0.09286	0.01524	0.01439	0.01116	0.01213	0.00825	0.01245	0.00827	0.01450	0.00821	0.00883	0.01477	0.00217	0.67603	0.05673	0.00239	0.00548
7	0.01123	0.00853	0.00999	0.00732	0.01144	0.00659	0.00585	0.01347	0.01077	0.07078	0.01050	0.01179	0.00839	0.00413	0.00382	0.00085	0.00364	0.00331	0.08814	0.70945
8	0.00968	0.08698	0.00704	0.00522	0.00672	0.00625	0.00413	0.01196	0.01083	0.01825	0.06919	0.01909	0.01473	0.00604	0.00367	0.00120	0.00266	0.00482	0.70663	0.00490
9	0.00996	0.04900	0.71770	0.01359	0.02057	0.01148	0.01735	0.01538	0.01072	0.01573	0.01194	0.01324	0.06079	0.00535	0.00484	0.00159	0.00707	0.00419	0.00231	0.00722
10	0.01041	0.06687	0.01978	0.41163	0.05686	0.01184	0.23687	0.01375	0.01052	0.01383	0.00970	0.01376	0.00764	0.00804	0.08509	0.00229	0.00783	0.00490	0.00239	0.00601
11	0.01849	0.01411	0.01665	0.01260	0.01676	0.01539	0.08605	0.69795	0.02259	0.03030	0.01195	0.01229	0.00851	0.00589	0.00515	0.00154	0.00586	0.00469	0.00481	0.00842
12	0.01957	0.01361	0.01483	0.01137	0.01540	0.01485	0.00939	0.69880	0.02284	0.10827	0.01292	0.01265	0.00899	0.00609	0.00506	0.00152	0.00544	0.00461	0.00518	0.00860
13	0.00943	0.00471	0.00471	0.00471	0.00589	0.00471	0.00353	0.01178	0.01060	0.01885	0.01650	0.01885	0.01296	0.00589	0.00353	0.00118	0.00236	0.00471	0.85036	0.00471
14	0.00722	0.00542	0.00813	0.00813	0.00903	0.00632	0.00632	0.00903	0.00813	0.01174	0.01354	0.01987	0.01264	0.03792	0.80225	0.00813	0.01354	0.00542	0.00271	0.00451
15	0.01049	0.00899	0.01049	0.00749	0.01198	0.00674	0.00599	0.01273	0.01049	0.01648	0.00899	0.01049	0.00749	0.00374	0.00374	0.00075	0.00374	0.00300	0.00300	0.85320
16	0.02269	0.00861	0.01174	0.00900	0.01291	0.00743	0.00743	0.02464	0.01447	0.79425	0.01995	0.01721	0.01252	0.00626	0.00509	0.00156	0.00430	0.00509	0.00626	0.00861
17	0.01258	0.01086	0.01143	0.01029	0.01315	0.01258	0.00800	0.02687	0.78161	0.02115	0.02058	0.01887	0.01544	0.00686	0.00515	0.00172	0.00400	0.00572	0.00515	0.00800
18	0.85801	0.00978	0.00743	0.00665	0.00978	0.01134	0.00548	0.01486	0.00861	0.02269	0.00704	0.00821	0.00548	0.00469	0.00313	0.00156	0.00391	0.00274	0.00313	0.00548
19	0.01889	0.02410	0.01433	0.01303	0.01563	0.80199	0.00977	0.02019	0.01433	0.01238	0.00782	0.00912	0.00651	0.00521	0.00456	0.00130	0.00912	0.00326	0.00261	0.00586
20	0.00616	0.00440	0.00587	0.00704	0.00733	0.00411	0.00469	0.00704	0.00968	0.01291	0.02787	0.81899	0.03344	0.01584	0.00645	0.00205	0.00293	0.01438	0.00469	0.00411
21	0.00616	0.00440	0.00587	0.00704	0.00733	0.00411	0.00469	0.00704	0.00968	0.01291	0.02787	0.81899	0.03344	0.01584	0.00645	0.00205	0.00293	0.01438	0.00469	0.00411
22	0.00598	0.00512	0.00512	0.00512	0.00683	0.00427	0.00384	0.00726	0.01153	0.01366	0.05123	0.04866	0.78869	0.01281	0.00598	0.00171	0.00256	0.01067	0.00470	0.00427
23	0.85801	0.00978	0.00743	0.00665	0.00978	0.01134	0.00548	0.01486	0.00861	0.02269	0.00704	0.00821	0.00548	0.00469	0.00313	0.00156	0.00391	0.00274	0.00313	0.00548
24	0.00955	0.00899	0.01517	0.81013	0.03483	0.01123	0.01404	0.01292	0.01011	0.01292	0.00899	0.01348	0.00674	0.00506	0.00506	0.00169	0.00674	0.00449	0.00225	0.00562
25	0.01014	0.02616	0.79609	0.01441	0.02189	0.01174	0.01868	0.01601	0.01068	0.01601	0.00907	0.01068	0.00641	0.00480	0.00480	0.00160	0.00747	0.00374	0.00214	0.00747
26	0.01786	0.10399	0.04519	0.01262	0.01555	0.66044	0.01002	0.03524	0.01384	0.01287	0.00785	0.00918	0.00655	0.00520	0.00470	0.00132	0.02568	0.00327	0.00259	0.00604
27	0.00955	0.00899	0.01517	0.81013	0.03483	0.01123	0.01404	0.01292	0.01011	0.01292	0.00899	0.01348	0.00674	0.00506	0.00506	0.00169	0.00674	0.00449	0.00225	0.00562
28	0.00620	0.00442	0.00586	0.00700	0.00728	0.00413	0.00465	0.00705	0.00961	0.01282	0.02752	0.79603	0.03300	0.03940	0.00702	0.00214	0.00299	0.01417	0.00465	0.00408
29	0.01193	0.01589	0.25344	0.01301	0.01756	0.01224	0.12000	0.06451	0.36367	0.01907	0.01493	0.01577	0.01129	0.03669	0.00593	0.00179	0.00583	0.00514	0.00377	0.00752
30	0.02269	0.00861	0.01174	0.00900	0.01291	0.00743	0.00743	0.02464	0.01447	0.79425	0.01995	0.01721	0.01252	0.00626	0.00509	0.00156	0.00430	0.00509	0.00626	0.00861
31	0.01903	0.01407	0.01507	0.01160	0.01561	0.01559	0.00956	0.75216	0.04581	0.03156	0.01239	0.01234	0.00880	0.00609	0.00506	0.00152	0.00552	0.00459	0.00506	0.00858
32	0.01922	0.01416	0.01518	0.01163	0.01568	0.01568	0.00961	0.77388	0.02378	0.03187	0.01214	0.01214	0.00860	0.00607	0.00506	0.00152	0.00556	0.00455	0.00506	0.00860
33	0.01258	0.01086	0.01143	0.01029	0.01315	0.01258	0.00800	0.02687	0.78161	0.02115	0.02058	0.01887	0.01544	0.00686	0.00515	0.00172	0.00400	0.00572	0.00515	0.00800
34	0.00943	0.00471	0.00471	0.00471	0.00589	0.00471	0.00353	0.01178	0.01060	0.01885	0.01650	0.01885	0.01296	0.00589	0.00353	0.00118	0.00236	0.00471	0.85036	0.00471
35	0.85801	0.00978	0.00743	0.00665	0.00978	0.01134	0.00548	0.01486	0.00861	0.02269	0.00704	0.00821	0.00548	0.00469	0.00313	0.00156	0.00391	0.00274	0.00313	0.00548
36	0.00829	0.00681	0.00863	0.10725	0.02797	0.00728	0.00681	0.01291	0.20260	0.01512	0.02568	0.42682	0.10041	0.01174	0.00588	0.00188	0.00370	0.01043	0.00446	0.00536
37	0.01092	0.01158	0.05268	0.02608	0.07792	0.08916	0.05375	0.01429	0.08828	0.01572	0.18308	0.01944	0.04378	0.00887	0.03639	0.00200	0.25090	0.00579	0.00343	0.00594

[dist]
# distance from previous block
# <min> <max>
0	1

[block]
# block no. 1 follows, 49 sequences, length 13
# corresponding to MSA columns:
# 453-465
name=unknown_B
#
# <colnr> <probs for GDERKNQSTAVLIFYWHMCP>
#	G	D	E	R	K	N	Q	S	T	A	V	L	I	F	Y	W	H	M	C	P
0	0.04760	0.11917	0.03549	0.17842	0.07263	0.01426	0.06571	0.30596	0.05774	0.03876	0.01086	0.01232	0.00812	0.00536	0.00481	0.00152	0.00590	0.00438	0.00363	0.00736
1	0.01104	0.00957	0.01213	0.03712	0.11507	0.00790	0.00764	0.04065	0.01109	0.01692	0.00917	0.01091	0.00757	0.00397	0.00400	0.00091	0.00421	0.00330	0.00298	0.68384
2	0.00998	0.07790	0.64002	0.01296	0.01940	0.01139	0.01617	0.01511	0.01113	0.01629	0.11117	0.01406	0.01183	0.00550	0.00485	0.00156	0.00666	0.00438	0.00259	0.00705
3	0.00955	0.00899	0.01517	0.81013	0.03483	0.01123	0.01404	0.01292	0.01011	0.01292	0.00899	0.01348	0.00674	0.00506	0.00506	0.00169	0.00674	0.00449	0.00225	0.00562
4	0.00730	0.00513	0.00668	0.00668	0.00709	0.00554	0.00452	0.00810	0.00770	0.01067	0.01487	0.02718	0.01582	0.47179	0.37273	0.00634	0.00876	0.00649	0.00291	0.00371
5	0.00943	0.00471	0.00471	0.00471	0.00589	0.00471	0.00353	0.01178	0.01060	0.01885	0.01650	0.01885	0.01296	0.00589	0.00353	0.00118	0.00236	0.00471	0.85036	0.00471
6	0.00613	0.00513	0.00534	0.00529	0.00693	0.00433	0.00396	0.00756	0.01189	0.01453	0.14793	0.04724	0.69144	0.01248	0.00597	0.00169	0.00254	0.01047	0.00481	0.00433
7	0.00668	0.00480	0.00634	0.00668	0.00745	0.00446	0.00473	0.00835	0.01211	0.01678	0.42676	0.40907	0.04093	0.01295	0.00620	0.00181	0.00265	0.01163	0.00515	0.00446
8	0.01922	0.01416	0.01518	0.01163	0.01568	0.01568	0.00961	0.77388	0.02378	0.03187	0.01214	0.01214	0.00860	0.00607	0.00506	0.00152	0.00556	0.00455	0.00506	0.00860
9	0.01106	0.01106	0.01549	0.01328	0.01328	0.01549	0.01106	0.01217	0.00774	0.01217	0.00664	0.01106	0.00664	0.00885	0.01659	0.00221	0.81303	0.00443	0.00221	0.00553
10	0.00616	0.00440	0.00587	0.00704	0.00733	0.00411	0.00469	0.00704	0.00968	0.01291	0.02787	0.81899	0.03344	0.01584	0.00645	0.00205	0.00293	0.01438	0.00469	0.00411
11	0.01110	0.01977	0.41712	0.01909	0.12443	0.01216	0.29090	0.01602	0.01124	0.01615	0.00955	0.01199	0.00707	0.00457	0.00525	0.00163	0.00766	0.00464	0.00234	0.00731
12	0.01181	0.42008	0.33323	0.06578	0.01804	0.01594	0.01312	0.01523	0.01033	0.01362	0.00797	0.00961	0.00648	0.00473	0.00448	0.00137	0.03592	0.00330	0.00216	0.00679

[dist]
# distance from previous block
# <min> <max>
0	1

[block]
# block no. 2 follows, 49 sequences, length 15
# corresponding to MSA columns:
# 467-481
name=unknown_C
#
# <colnr> <probs for GDERKNQSTAVLIFYWHMCP>
#	G	D	E	R	K	N	Q	S	T	A	V	L	I	F	Y	W	H	M	C	P
0	0.01266	0.01410	0.09583	0.02836	0.67033	0.05825	0.01549	0.01584	0.01160	0.01623	0.00937	0.01214	0.00777	0.00458	0.00496	0.00150	0.00633	0.00436	0.00247	0.00783
1	0.01252	0.01201	0.02053	0.03104	0.79074	0.01201	0.01552	0.01552	0.01151	0.01652	0.00951	0.01252	0.00801	0.00451	0.00501	0.00150	0.00601	0.00451	0.00250	0.00801
2	0.00943	0.00471	0.00471	0.00471	0.00589	0.00471	0.00353	0.01178	0.01060	0.01885	0.01650	0.01885	0.01296	0.00589	0.00353	0.00118	0.00236	0.00471	0.85036	0.00471
3	0.00735	0.00490	0.00552	0.00552	0.00552	0.00490	0.00306	0.00735	0.00735	0.00980	0.01593	0.03309	0.01838	0.82229	0.02574	0.00490	0.00490	0.00735	0.00306	0.00306
4	0.00616	0.00440	0.00587	0.00704	0.00733	0.00411	0.00469	0.00704	0.00968	0.01291	0.02787	0.81899	0.03344	0.01584	0.00645	0.00205	0.00293	0.01438	0.00469	0.00411
5	0.00943	0.00471	0.00471	0.00471	0.00589	0.00471	0.00353	0.01178	0.01060	0.01885	0.01650	0.01885	0.01296	0.00589	0.00353	0.00118	0.00236	0.00471	0.85036	0.00471
6	0.01295	0.68964	0.15716	0.00963	0.01449	0.01861	0.01036	0.01529	0.01034	0.01260	0.00738	0.00855	0.00648	0.00441	0.00351	0.00117	0.00576	0.00288	0.00216	0.00666
7	0.01374	0.01144	0.01209	0.01053	0.01359	0.01312	0.00829	0.15809	0.64848	0.02304	0.01910	0.01768	0.01424	0.00672	0.00513	0.00168	0.00428	0.00551	0.00513	0.00811
8	0.01114	0.01155	0.01502	0.67479	0.03157	0.14549	0.01332	0.01415	0.01083	0.01283	0.00879	0.01274	0.00670	0.00508	0.00497	0.00162	0.00714	0.00428	0.00231	0.00566
9	0.01075	0.15793	0.33385	0.14621	0.02098	0.01225	0.06830	0.01468	0.01051	0.01477	0.00888	0.01110	0.00688	0.00532	0.02288	0.00155	0.00662	0.00377	0.00234	0.14044
10	0.01016	0.05646	0.49181	0.08006	0.06533	0.01183	0.01556	0.01459	0.01031	0.01506	0.03510	0.01251	0.00838	0.00776	0.06355	0.00211	0.08610	0.00417	0.00233	0.00681
11	0.01245	0.01088	0.01177	0.01054	0.01316	0.01282	0.00826	0.02566	0.71764	0.02041	0.01943	0.01822	0.01471	0.00702	0.00609	0.00176	0.07087	0.00561	0.00490	0.00780
12	0.01080	0.01438	0.24494	0.27316	0.21083	0.01077	0.01457	0.01465	0.01122	0.05023	0.08564	0.01496	0.01121	0.00542	0.00506	0.00160	0.00624	0.00475	0.00278	0.00679
13	0.10040	0.01846	0.01536	0.01312	0.01572	0.45535	0.09855	0.04399	0.02912	0.01467	0.00848	0.01049	0.00703	0.00671	0.03327	0.00174	0.11496	0.00385	0.00274	0.00599
14	0.01402	0.58542	0.02223	0.00937	0.01317	0.15146	0.00857	0.01662	0.07477	0.01282	0.01025	0.01098	0.04209	0.00506	0.00375	0.00120	0.00579	0.00340	0.00260	0.00641

[dist]
# distance from previous block
# <min> <max>
0	1

[block]
# block no. 3 follows, 49 sequences, length 10
# corresponding to MSA columns:
# 483-492
name=unknown_D
#
# <colnr> <probs for GDERKNQSTAVLIFYWHMCP>
#	G	D	E	R	K	N	Q	S	T	A	V	L	I	F	Y	W	H	M	C	P
0	0.01204	0.01158	0.01173	0.01138	0.04432	0.21186	0.03467	0.03879	0.01136	0.04635	0.01405	0.02273	0.01332	0.03871	0.26916	0.00392	0.05569	0.13970	0.00323	0.00544
1	0.01074	0.00989	0.01647	0.14125	0.49531	0.01018	0.01302	0.01341	0.01102	0.01531	0.01365	0.14430	0.01345	0.00710	0.00539	0.00168	0.00553	0.06255	0.00298	0.00678
2	0.01589	0.01930	0.01274	0.01177	0.01394	0.59767	0.00888	0.01733	0.01274	0.01221	0.00929	0.01188	0.00809	0.01361	0.20940	0.00306	0.01026	0.00381	0.00263	0.00552
3	0.01106	0.01106	0.01549	0.01328	0.01328	0.01549	0.01106	0.01217	0.00774	0.01217	0.00664	0.01106	0.00664	0.00885	0.01659	0.00221	0.81303	0.00443	0.00221	0.00553
4	0.22742	0.00919	0.01318	0.60381	0.02840	0.01126	0.01184	0.01342	0.00972	0.01543	0.00849	0.01213	0.00642	0.00496	0.00456	0.00165	0.00601	0.00404	0.00247	0.00558
5	0.00616	0.00513	0.00538	0.00531	0.00694	0.00435	0.00399	0.00761	0.01196	0.01468	0.16489	0.04698	0.67439	0.01243	0.00597	0.00169	0.00253	0.01044	0.00483	0.00435
6	0.64028	0.01398	0.20995	0.00864	0.01289	0.01145	0.00887	0.01516	0.00914	0.02097	0.00756	0.00885	0.00571	0.00472	0.00356	0.00157	0.00483	0.00299	0.00287	0.00599
7	0.01372	0.01633	0.02586	0.01919	0.02366	0.21544	0.57655	0.01722	0.01255	0.01522	0.00961	0.01248	0.00738	0.00451	0.00561	0.00160	0.00868	0.00527	0.00257	0.00657
8	0.00632	0.00514	0.00560	0.00548	0.00704	0.00442	0.00411	0.00792	0.01234	0.01559	0.26599	0.04549	0.57272	0.01209	0.00597	0.00167	0.00251	0.01023	0.00495	0.00442
9	0.00636	0.00514	0.00565	0.00552	0.00707	0.00443	0.00414	0.00800	0.01243	0.01581	0.29018	0.04513	0.54840	0.01201	0.00597	0.00167	0.00250	0.01018	0.00498	0.00443

[dist]
# distance from previous block
# <min> <max>
1	8

[block]
# block no. 4 follows, 49 sequences, length 73
# corresponding to MSA columns:
# 501-573
name=unknown_E
#
# <colnr> <probs for GDERKNQSTAVLIFYWHMCP>
#	G	D	E	R	K	N	Q	S	T	A	V	L	I	F	Y	W	H	M	C	P
0	0.00839	0.04562	0.26217	0.02308	0.02705	0.00817	0.00974	0.01215	0.06715	0.01512	0.06577	0.19621	0.22015	0.00969	0.00550	0.00171	0.00457	0.00825	0.00377	0.00575
1	0.01662	0.01476	0.01953	0.01512	0.01976	0.07432	0.22578	0.01796	0.01427	0.04584	0.01428	0.01795	0.01205	0.00728	0.00656	0.00200	0.00719	0.00553	0.00453	0.45869
2	0.01271	0.01072	0.01149	0.01024	0.01305	0.01236	0.00801	0.08402	0.66584	0.02130	0.01941	0.01841	0.01470	0.00907	0.06333	0.00217	0.00482	0.00560	0.00496	0.00780
3	0.00878	0.00439	0.00659	0.00659	0.00659	0.00439	0.00439	0.00659	0.00659	0.00878	0.00878	0.01537	0.00878	0.01757	0.01976	0.85288	0.00439	0.00439	0.00220	0.00220
4	0.00878	0.00439	0.00659	0.00659	0.00659	0.00439	0.00439	0.00659	0.00659	0.00878	0.00878	0.01537	0.00878	0.01757	0.01976	0.85288	0.00439	0.00439	0.00220	0.00220
5	0.01194	0.01364	0.02984	0.02131	0.02643	0.01279	0.77238	0.01620	0.01194	0.01620	0.01023	0.01364	0.00767	0.00426	0.00597	0.00171	0.00853	0.00597	0.00256	0.00682
6	0.01948	0.01376	0.01492	0.01144	0.01548	0.01508	0.00945	0.71918	0.02310	0.08753	0.01271	0.01251	0.00889	0.00608	0.00506	0.00152	0.00547	0.00459	0.00515	0.00860
7	0.01001	0.02526	0.76238	0.01407	0.02127	0.01145	0.01809	0.01574	0.01083	0.01620	0.04234	0.01183	0.00817	0.00504	0.00485	0.00160	0.00726	0.00397	0.00228	0.00736
8	0.01889	0.02410	0.01433	0.01303	0.01563	0.80199	0.00977	0.02019	0.01433	0.01238	0.00782	0.00912	0.00651	0.00521	0.00456	0.00130	0.00912	0.00326	0.00261	0.00586
9	0.85801	0.00978	0.00743	0.00665	0.00978	0.01134	0.00548	0.01486	0.00861	0.02269	0.00704	0.00821	0.00548	0.00469	0.00313	0.00156	0.00391	0.00274	0.00313	0.00548
10	0.01131	0.01085	0.01883	0.23084	0.47972	0.01134	0.07132	0.01446	0.01139	0.01584	0.06627	0.01469	0.01055	0.00506	0.00516	0.00157	0.00612	0.00495	0.00266	0.00706
11	0.01038	0.02449	0.69384	0.01533	0.02249	0.01188	0.11926	0.01604	0.01084	0.01604	0.00923	0.01107	0.00657	0.00473	0.00496	0.00162	0.00761	0.00403	0.00219	0.00739
12	0.03747	0.06204	0.01476	0.01268	0.01537	0.74690	0.00962	0.01983	0.01401	0.01258	0.00776	0.00905	0.00649	0.00516	0.00446	0.00130	0.00882	0.00322	0.00260	0.00588
13	0.01108	0.00604	0.00802	0.00703	0.00891	0.00544	0.00544	0.01335	0.01435	0.21567	0.59416	0.03258	0.03883	0.00931	0.00574	0.00158	0.00287	0.00812	0.00574	0.00574
14	0.01326	0.01106	0.01170	0.01028	0.01318	0.01268	0.00802	0.12645	0.64838	0.02213	0.01926	0.01854	0.01464	0.03982	0.00597	0.00182	0.00425	0.00563	0.00505	0.00788
15	0.00599	0.00508	0.00517	0.00524	0.00686	0.00426	0.00389	0.00724	0.01142	0.01362	0.04986	0.09389	0.74436	0.01298	0.00600	0.00173	0.00258	0.01089	0.00470	0.00426
16	0.01194	0.01364	0.02984	0.02131	0.02643	0.01279	0.77238	0.01620	0.01194	0.01620	0.01023	0.01364	0.00767	0.00426	0.00597	0.00171	0.00853	0.00597	0.00256	0.00682
17	0.00625	0.00444	0.00584	0.00693	0.00720	0.00417	0.00458	0.00706	0.00951	0.01268	0.02700	0.76161	0.03235	0.07472	0.00786	0.00226	0.00308	0.01386	0.00458	0.00403
18	0.01390	0.76920	0.02565	0.00896	0.01316	0.07479	0.00873	0.01550	0.01056	0.01193	0.00709	0.00818	0.00649	0.00439	0.00334	0.00110	0.00567	0.00274	0.00219	0.00645
19	0.00616	0.00440	0.00587	0.00704	0.00733	0.00411	0.00469	0.00704	0.00968	0.01291	0.02787	0.81899	0.03344	0.01584	0.00645	0.00205	0.00293	0.01438	0.00469	0.00411
20	0.01014	0.02616	0.79609	0.01441	0.02189	0.01174	0.01868	0.01601	0.01068	0.01601	0.00907	0.01068	0.00641	0.00480	0.00480	0.00160	0.00747	0.00374	0.00214	0.00747
21	0.02269	0.00861	0.01174	0.00900	0.01291	0.00743	0.00743	0.02464	0.01447	0.79425	0.01995	0.01721	0.01252	0.00626	0.00509	0.00156	0.00430	0.00509	0.00626	0.00861
22	0.01014	0.02616	0.79609	0.01441	0.02189	0.01174	0.01868	0.01601	0.01068	0.01601	0.00907	0.01068	0.00641	0.00480	0.00480	0.00160	0.00747	0.00374	0.00214	0.00747
23	0.00735	0.00490	0.00552	0.00552	0.00552	0.00490	0.00306	0.00735	0.00735	0.00980	0.01593	0.03309	0.01838	0.82229	0.02574	0.00490	0.00490	0.00735	0.00306	0.00306
24	0.01106	0.01106	0.01549	0.01328	0.01328	0.01549	0.01106	0.01217	0.00774	0.01217	0.00664	0.01106	0.00664	0.00885	0.01659	0.00221	0.81303	0.00443	0.00221	0.00553
25	0.00735	0.00490	0.00552	0.00552	0.00552	0.00490	0.00306	0.00735	0.00735	0.00980	0.01593	0.03309	0.01838	0.82229	0.02574	0.00490	0.00490	0.00735	0.00306	0.00306
26	0.01258	0.01086	0.01143	0.01029	0.01315	0.01258	0.00800	0.02687	0.78161	0.02115	0.02058	0.01887	0.01544	0.00686	0.00515	0.00172	0.00400	0.00572	0.00515	0.00800
27	0.01106	0.01106	0.01549	0.01328	0.01328	0.01549	0.01106	0.01217	0.00774	0.01217	0.00664	0.01106	0.00664	0.00885	0.01659	0.00221	0.81303	0.00443	0.00221	0.00553
28	0.00616	0.00440	0.00587	0.00704	0.00733	0.00411	0.00469	0.00704	0.00968	0.01291	0.02787	0.81899	0.03344	0.01584	0.00645	0.00205	0.00293	0.01438	0.00469	0.00411
29	0.00606	0.00513	0.00524	0.00521	0.00688	0.00431	0.00391	0.00742	0.01173	0.01414	0.10502	0.04787	0.73459	0.01263	0.00598	0.00170	0.00255	0.01056	0.00476	0.00431
30	0.00627	0.00522	0.00553	0.00569	0.00732	0.00448	0.00442	0.00769	0.01154	0.01386	0.04794	0.04979	0.68663	0.01296	0.00611	0.00179	0.00284	0.11092	0.00469	0.00432
31	0.01150	0.00924	0.01024	0.00905	0.01146	0.01016	0.00705	0.12095	0.40127	0.02228	0.29803	0.02483	0.02623	0.00802	0.00543	0.00164	0.00363	0.00680	0.00529	0.00691
32	0.00735	0.00490	0.00552	0.00552	0.00552	0.00490	0.00306	0.00735	0.00735	0.00980	0.01593	0.03309	0.01838	0.82229	0.02574	0.00490	0.00490	0.00735	0.00306	0.00306
33	0.01658	0.01005	0.01222	0.01129	0.06983	0.01050	0.00833	0.02516	0.42172	0.32684	0.01952	0.01775	0.01374	0.00645	0.00511	0.00164	0.00427	0.00538	0.00539	0.00824
34	0.01258	0.01086	0.01143	0.01029	0.01315	0.01258	0.00800	0.02687	0.78161	0.02115	0.02058	0.01887	0.01544	0.00686	0.00515	0.00172	0.00400	0.00572	0.00515	0.00800
35	0.00735	0.00490	0.00552	0.00552	0.00552	0.00490	0.00306	0.00735	0.00735	0.00980	0.01593	0.03309	0.01838	0.82229	0.02574	0.00490	0.00490	0.00735	0.00306	0.00306
36	0.00955	0.00899	0.01517	0.81013	0.03483	0.01123	0.01404	0.01292	0.01011	0.01292	0.00899	0.01348	0.00674	0.00506	0.00506	0.00169	0.00674	0.00449	0.00225	0.00562
37	0.01049	0.00899	0.01049	0.00749	0.01198	0.00674	0.00599	0.01273	0.01049	0.01648	0.00899	0.01049	0.00749	0.00374	0.00374	0.00075	0.00374	0.00300	0.00300	0.85320
38	0.02260	0.00875	0.01182	0.00907	0.01298	0.00765	0.00749	0.04402	0.01471	0.77453	0.01975	0.01708	0.01242	0.00625	0.00508	0.00156	0.00434	0.00507	0.00623	0.00861
39	0.02236	0.00868	0.01173	0.00904	0.01292	0.00760	0.00745	0.02472	0.03968	0.76884	0.01997	0.01727	0.01261	0.00628	0.00509	0.00157	0.00429	0.00511	0.00622	0.00859
40	0.00815	0.00582	0.00815	0.00931	0.01048	0.00582	0.00815	0.01048	0.01164	0.01513	0.02677	0.05704	0.02910	0.01397	0.00698	0.00233	0.00466	0.75671	0.00466	0.00466
41	0.00671	0.00485	0.00672	0.00731	0.00781	0.00506	0.00516	0.00786	0.00882	0.01212	0.02097	0.42134	0.02367	0.11017	0.32138	0.00474	0.00731	0.01011	0.00374	0.00416
42	0.00598	0.00512	0.00512	0.00512	0.00683	0.00427	0.00384	0.00726	0.01153	0.01366	0.05123	0.04866	0.78869	0.01281	0.00598	0.00171	0.00256	0.01067	0.00470	0.00427
43	0.01014	0.02616	0.79609	0.01441	0.02189	0.01174	0.01868	0.01601	0.01068	0.01601	0.00907	0.01068	0.00641	0.00480	0.00480	0.00160	0.00747	0.00374	0.00214	0.00747
44	0.00955	0.00899	0.01517	0.81013	0.03483	0.01123	0.01404	0.01292	0.01011	0.01292	0.00899	0.01348	0.00674	0.00506	0.00506	0.00169	0.00674	0.00449	0.00225	0.00562
45	0.01922	0.01416	0.01518	0.01163	0.01568	0.01568	0.00961	0.77388	0.02378	0.03187	0.01214	0.01214	0.00860	0.00607	0.00506	0.00152	0.00556	0.00455	0.00506	0.00860
46	0.00758	0.00554	0.00719	0.00703	0.00736	0.00619	0.00483	0.00831	0.00766	0.01068	0.01439	0.02668	0.01544	0.47819	0.30693	0.00588	0.06704	0.00644	0.00287	0.00377
47	0.01352	0.82533	0.02650	0.00865	0.01298	0.02001	0.00865	0.01514	0.01027	0.01190	0.00703	0.00811	0.00649	0.00433	0.00324	0.00108	0.00541	0.00270	0.00216	0.00649
48	0.00735	0.00490	0.00552	0.00552	0.00552	0.00490	0.00306	0.00735	0.00735	0.00980	0.01593	0.03309	0.01838	0.82229	0.02574	0.00490	0.00490	0.00735	0.00306	0.00306
49	0.85801	0.00978	0.00743	0.00665	0.00978	0.01134	0.00548	0.01486	0.00861	0.02269	0.00704	0.00821	0.00548	0.00469	0.00313	0.00156	0.00391	0.00274	0.00313	0.00548
50	0.01204	0.02846	0.12212	0.11969	0.35728	0.02526	0.17089	0.01627	0.05325	0.03064	0.01026	0.01292	0.00801	0.00473	0.00515	0.00158	0.00671	0.00473	0.00264	0.00735
51	0.01300	0.01116	0.01220	0.01069	0.01369	0.01279	0.02981	0.07559	0.71002	0.02172	0.01973	0.01828	0.01477	0.00673	0.00516	0.00170	0.00423	0.00565	0.00507	0.00801
52	0.00878	0.00439	0.00659	0.00659	0.00659	0.00439	0.00439	0.00659	0.00659	0.00878	0.00878	0.01537	0.00878	0.01757	0.01976	0.85288	0.00439	0.00439	0.00220	0.00220
53	0.01123	0.01141	0.01734	0.01429	0.01508	0.01504	0.11542	0.01314	0.03029	0.01298	0.00753	0.01164	0.00703	0.00816	0.01481	0.00213	0.67970	0.00467	0.00234	0.00578
54	0.00701	0.00516	0.00656	0.00621	0.00747	0.00471	0.00466	0.00926	0.01397	0.01947	0.69799	0.03910	0.13830	0.01064	0.00597	0.00160	0.00241	0.00933	0.00546	0.00471
55	0.00722	0.00542	0.00813	0.00813	0.00903	0.00632	0.00632	0.00903	0.00813	0.01174	0.01354	0.01987	0.01264	0.03792	0.80225	0.00813	0.01354	0.00542	0.00271	0.00451
56	0.01038	0.00999	0.01742	0.58129	0.20037	0.01152	0.06973	0.01373	0.01055	0.01395	0.00919	0.01328	0.00709	0.00488	0.00511	0.00165	0.00671	0.00460	0.00233	0.00623
57	0.00745	0.00580	0.00898	0.00866	0.00968	0.00671	0.03136	0.00933	0.00824	0.01189	0.01330	0.01949	0.01236	0.03625	0.76064	0.00780	0.02933	0.00542	0.00269	0.00461
58	0.00735	0.00490	0.00552	0.00552	0.00552	0.00490	0.00306	0.00735	0.00735	0.00980	0.01593	0.03309	0.01838	0.82229	0.02574	0.00490	0.00490	0.00735	0.00306	0.00306
59	0.02255	0.00883	0.01187	0.00910	0.01302	0.00777	0.00752	0.05503	0.01485	0.76333	0.01963	0.01701	0.01236	0.00625	0.00508	0.00156	0.00435	0.00506	0.00621	0.00861
60	0.01039	0.00795	0.01104	0.00993	0.01105	0.00974	0.00801	0.07173	0.00972	0.07059	0.01194	0.01656	0.01061	0.02484	0.45795	0.00545	0.23902	0.00504	0.00301	0.00543
61	0.01572	0.50598	0.02187	0.01008	0.01404	0.15671	0.00906	0.18281	0.01396	0.01637	0.00829	0.00917	0.00696	0.00487	0.00387	0.00122	0.00610	0.00321	0.00288	0.00684
62	0.00943	0.00471	0.00471	0.00471	0.00589	0.00471	0.00353	0.01178	0.01060	0.01885	0.01650	0.01885	0.01296	0.00589	0.00353	0.00118	0.00236	0.00471	0.85036	0.00471
63	0.01637	0.01090	0.08229	0.20863	0.17441	0.00965	0.01163	0.01922	0.01249	0.38150	0.01426	0.01480	0.00968	0.00549	0.00504	0.00158	0.00551	0.00471	0.00418	0.00766
64	0.02887	0.17583	0.55931	0.01290	0.01936	0.01368	0.01564	0.08881	0.01182	0.01690	0.00894	0.01028	0.00661	0.00483	0.00450	0.00149	0.00683	0.00360	0.00244	0.00736
65	0.01910	0.01380	0.01488	0.01147	0.01546	0.01521	0.00945	0.71200	0.05412	0.06358	0.01281	0.01263	0.00904	0.00611	0.00506	0.00153	0.00545	0.00462	0.00511	0.00858
66	0.00734	0.00494	0.00571	0.00571	0.00577	0.00501	0.00330	0.00748	0.00741	0.00995	0.01576	0.03213	0.01796	0.76502	0.08243	0.00514	0.00553	0.00721	0.00304	0.00317
67	0.01049	0.00899	0.01049	0.00749	0.01198	0.00674	0.00599	0.01273	0.01049	0.01648	0.00899	0.01049	0.00749	0.00374	0.00374	0.00075	0.00374	0.00300	0.00300	0.85320
68	0.55113	0.02961	0.01032	0.00868	0.01103	0.03832	0.00715	0.04499	0.00921	0.01961	0.00739	0.00970	0.00626	0.02569	0.00707	0.00178	0.20018	0.00335	0.00294	0.00559
69	0.01139	0.00627	0.00812	0.00710	0.00911	0.00570	0.00552	0.01396	0.03914	0.22614	0.50423	0.03248	0.09168	0.00932	0.00570	0.00160	0.00296	0.00806	0.00567	0.00586
70	0.01078	0.00901	0.01046	0.00779	0.01189	0.00726	0.00617	0.06415	0.02692	0.01733	0.01093	0.07490	0.00978	0.00493	0.00408	0.00092	0.00381	0.00406	0.00331	0.71151
71	0.01056	0.00895	0.01007	0.06119	0.01288	0.01010	0.00742	0.02038	0.51211	0.01844	0.03634	0.19613	0.05581	0.00906	0.00548	0.00179	0.00385	0.00783	0.00484	0.00676
72	0.06981	0.00729	0.06922	0.00683	0.00888	0.00578	0.00581	0.01046	0.01296	0.04715	0.46725	0.03527	0.21465	0.00992	0.00564	0.00162	0.00301	0.00846	0.00494	0.00506

[dist]
# distance from previous block
# <min> <max>
0	2

[block]
# block no. 5 follows, 49 sequences, length 31
# corresponding to MSA columns:
# 576-606
name=unknown_F
#
# <colnr> <probs for GDERKNQSTAVLIFYWHMCP>
#	G	D	E	R	K	N	Q	S	T	A	V	L	I	F	Y	W	H	M	C	P
0	0.03259	0.00683	0.00905	0.08048	0.01200	0.00670	0.00664	0.06748	0.01200	0.23378	0.02206	0.42710	0.02238	0.02846	0.00618	0.00189	0.00392	0.00974	0.00487	0.00584
1	0.00971	0.01167	0.13757	0.37739	0.09465	0.01104	0.01312	0.01282	0.01016	0.01401	0.05190	0.08671	0.01139	0.00680	0.00693	0.00176	0.12829	0.00551	0.00265	0.00593
2	0.01831	0.02301	0.01489	0.01466	0.08571	0.73056	0.01029	0.01977	0.01408	0.01275	0.00797	0.00943	0.00665	0.00515	0.00460	0.00132	0.00884	0.00337	0.00260	0.00606
3	0.00598	0.00512	0.00512	0.00512	0.00683	0.00427	0.00384	0.00726	0.01153	0.01366	0.05123	0.04866	0.78869	0.01281	0.00598	0.00171	0.00256	0.01067	0.00470	0.00427
4	0.01299	0.01107	0.01167	0.01037	0.01331	0.01277	0.00810	0.07357	0.73423	0.02182	0.02005	0.01845	0.01501	0.00681	0.00514	0.00170	0.00410	0.00564	0.00514	0.00804
5	0.01341	0.79861	0.05223	0.00884	0.01328	0.01973	0.00899	0.01517	0.01029	0.01203	0.00710	0.00820	0.00649	0.00434	0.00330	0.00110	0.00548	0.00274	0.00216	0.00652
6	0.00716	0.00517	0.00676	0.00636	0.00755	0.00477	0.00477	0.00954	0.01431	0.02028	0.78808	0.03777	0.04771	0.01034	0.00596	0.00159	0.00239	0.00914	0.00557	0.00477
7	0.00743	0.00559	0.00705	0.00731	0.00867	0.00531	0.00592	0.00994	0.03862	0.01683	0.30402	0.04690	0.21419	0.01216	0.00632	0.00190	0.00333	0.28879	0.00501	0.00472
8	0.00943	0.00471	0.00471	0.00471	0.00589	0.00471	0.00353	0.01178	0.01060	0.01885	0.01650	0.01885	0.01296	0.00589	0.00353	0.00118	0.00236	0.00471	0.85036	0.00471
9	0.01287	0.37523	0.06033	0.00978	0.01354	0.01585	0.00887	0.02105	0.39589	0.01675	0.01391	0.01363	0.01096	0.00562	0.00428	0.00143	0.00482	0.00427	0.00365	0.00730
10	0.01610	0.01479	0.05765	0.01271	0.01568	0.08641	0.03634	0.41948	0.01719	0.02304	0.00993	0.01153	0.00770	0.00667	0.00836	0.00171	0.23919	0.00440	0.00377	0.00735
11	0.01042	0.00946	0.01517	0.73794	0.03310	0.01164	0.01364	0.08172	0.01135	0.01463	0.00927	0.01336	0.00691	0.00515	0.00506	0.00167	0.00663	0.00450	0.00250	0.00589
12	0.00722	0.00542	0.00813	0.00813	0.00903	0.00632	0.00632	0.00903	0.00813	0.01174	0.01354	0.01987	0.01264	0.03792	0.80225	0.00813	0.01354	0.00542	0.00271	0.00451
13	0.01922	0.01416	0.01518	0.01163	0.01568	0.01568	0.00961	0.77388	0.02378	0.03187	0.01214	0.01214	0.00860	0.00607	0.00506	0.00152	0.00556	0.00455	0.00506	0.00860
14	0.33236	0.01459	0.01127	0.00989	0.01258	0.26846	0.00779	0.09555	0.01225	0.06019	0.00901	0.01071	0.00723	0.02377	0.04653	0.00193	0.06307	0.00357	0.00324	0.00600
15	0.00716	0.00517	0.00676	0.00636	0.00755	0.00477	0.00477	0.00954	0.01431	0.02028	0.78808	0.03777	0.04771	0.01034	0.00596	0.00159	0.00239	0.00914	0.00557	0.00477
16	0.01014	0.02616	0.79609	0.01441	0.02189	0.01174	0.01868	0.01601	0.01068	0.01601	0.00907	0.01068	0.00641	0.00480	0.00480	0.00160	0.00747	0.00374	0.00214	0.00747
17	0.01049	0.00899	0.01049	0.00749	0.01198	0.00674	0.00599	0.01273	0.01049	0.01648	0.00899	0.01049	0.00749	0.00374	0.00374	0.00075	0.00374	0.00300	0.00300	0.85320
18	0.01922	0.01416	0.01518	0.01163	0.01568	0.01568	0.00961	0.77388	0.02378	0.03187	0.01214	0.01214	0.00860	0.00607	0.00506	0.00152	0.00556	0.00455	0.00506	0.00860
19	0.01099	0.01035	0.01693	0.43190	0.32968	0.01166	0.01408	0.01520	0.08041	0.01508	0.01024	0.01359	0.00803	0.00500	0.00504	0.00162	0.00621	0.00461	0.00261	0.00677
20	0.01810	0.02429	0.08501	0.01315	0.01620	0.73054	0.01058	0.01981	0.01400	0.01270	0.00793	0.00926	0.00650	0.00517	0.00458	0.00133	0.00897	0.00330	0.00256	0.00601
21	0.85801	0.00978	0.00743	0.00665	0.00978	0.01134	0.00548	0.01486	0.00861	0.02269	0.00704	0.00821	0.00548	0.00469	0.00313	0.00156	0.00391	0.00274	0.00313	0.00548
22	0.01014	0.02616	0.79609	0.01441	0.02189	0.01174	0.01868	0.01601	0.01068	0.01601	0.00907	0.01068	0.00641	0.00480	0.00480	0.00160	0.00747	0.00374	0.00214	0.00747
23	0.00716	0.00517	0.00676	0.00636	0.00755	0.00477	0.00477	0.00954	0.01431	0.02028	0.78808	0.03777	0.04771	0.01034	0.00596	0.00159	0.00239	0.00914	0.00557	0.00477
24	0.00598	0.00512	0.00512	0.00512	0.00683	0.00427	0.00384	0.00726	0.01153	0.01366	0.05123	0.04866	0.78869	0.01281	0.00598	0.00171	0.00256	0.01067	0.00470	0.00427
25	0.00732	0.00503	0.00617	0.00617	0.00640	0.00526	0.00388	0.00777	0.00755	0.01029	0.01533	0.02977	0.01694	0.62534	0.22072	0.00571	0.00707	0.00687	0.00297	0.00343
26	0.00955	0.00899	0.01517	0.81013	0.03483	0.01123	0.01404	0.01292	0.01011	0.01292	0.00899	0.01348	0.00674	0.00506	0.00506	0.00169	0.00674	0.00449	0.00225	0.00562
27	0.00716	0.00517	0.00676	0.00636	0.00755	0.00477	0.00477	0.00954	0.01431	0.02028	0.78808	0.03777	0.04771	0.01034	0.00596	0.00159	0.00239	0.00914	0.00557	0.00477
28	0.00616	0.00440	0.00587	0.00704	0.00733	0.00411	0.00469	0.00704	0.00968	0.01291	0.02787	0.81899	0.03344	0.01584	0.00645	0.00205	0.00293	0.01438	0.00469	0.00411
29	0.01059	0.00915	0.01103	0.00876	0.05383	0.00702	0.00650	0.01288	0.01054	0.01648	0.00902	0.01059	0.00752	0.00379	0.00381	0.00079	0.00387	0.00308	0.00297	0.80778
30	0.01049	0.00899	0.01049	0.00749	0.01198	0.00674	0.00599	0.01273	0.01049	0.01648	0.00899	0.01049	0.00749	0.00374	0.00374	0.00075	0.00374	0.00300	0.00300	0.85320

[dist]
# distance from previous block
# <min> <max>
0	1

[block]
# block no. 6 follows, 49 sequences, length 74
# corresponding to MSA columns:
# 608-681
name=unknown_G
#
# <colnr> <probs for GDERKNQSTAVLIFYWHMCP>
#	G	D	E	R	K	N	Q	S	T	A	V	L	I	F	Y	W	H	M	C	P
0	0.00726	0.00572	0.00649	0.00669	0.00826	0.00526	0.00534	0.04382	0.01196	0.01480	0.04076	0.07117	0.49185	0.03550	0.00679	0.00198	0.00338	0.22379	0.00466	0.00454
1	0.01722	0.02128	0.01442	0.08894	0.01721	0.64391	0.01023	0.01907	0.03483	0.01266	0.00819	0.00996	0.00679	0.00552	0.00555	0.00142	0.07078	0.00353	0.00261	0.00587
2	0.00662	0.00515	0.00601	0.00580	0.00722	0.00454	0.00435	0.00850	0.01304	0.01726	0.45155	0.04275	0.38613	0.01147	0.00597	0.00164	0.00247	0.00984	0.00517	0.00454
3	0.01360	0.05554	0.31915	0.01272	0.03890	0.01328	0.01281	0.21559	0.21142	0.03722	0.01295	0.01322	0.00946	0.00566	0.00490	0.00158	0.00589	0.00446	0.00376	0.00789
4	0.01555	0.52281	0.02190	0.01030	0.01398	0.31526	0.00907	0.01705	0.01181	0.01208	0.00733	0.00849	0.00650	0.00466	0.00374	0.00117	0.00681	0.00291	0.00233	0.00625
5	0.01049	0.00899	0.01049	0.00749	0.01198	0.00674	0.00599	0.01273	0.01049	0.01648	0.00899	0.01049	0.00749	0.00374	0.00374	0.00075	0.00374	0.00300	0.00300	0.85320
6	0.00722	0.00542	0.00813	0.00813	0.00903	0.00632	0.00632	0.00903	0.00813	0.01174	0.01354	0.01987	0.01264	0.03792	0.80225	0.00813	0.01354	0.00542	0.00271	0.00451
7	0.02162	0.00909	0.01267	0.01117	0.08713	0.00811	0.00827	0.04540	0.01446	0.69811	0.01873	0.01662	0.01197	0.00609	0.00508	0.00156	0.00450	0.00501	0.00587	0.00855
8	0.01211	0.13869	0.45884	0.01414	0.09212	0.01248	0.01474	0.01718	0.06349	0.08188	0.01052	0.01158	0.00775	0.00493	0.00460	0.00149	0.00638	0.00388	0.00276	0.04044
9	0.01125	0.08938	0.05283	0.01289	0.01365	0.01575	0.01119	0.01263	0.00812	0.01232	0.00679	0.01076	0.00661	0.00823	0.01477	0.00208	0.69860	0.00423	0.00220	0.00571
10	0.00707	0.00517	0.00664	0.00627	0.00750	0.00473	0.00470	0.00937	0.01410	0.01978	0.73254	0.03859	0.10356	0.01052	0.00597	0.00160	0.00240	0.00926	0.00550	0.00473
11	0.01194	0.01364	0.02984	0.02131	0.02643	0.01279	0.77238	0.01620	0.01194	0.01620	0.01023	0.01364	0.00767	0.00426	0.00597	0.00171	0.00853	0.00597	0.00256	0.00682
12	0.01838	0.10047	0.01549	0.01261	0.01538	0.72745	0.00966	0.01971	0.01394	0.01233	0.00774	0.00902	0.00651	0.00513	0.00443	0.00128	0.00877	0.00320	0.00256	0.00592
13	0.00927	0.00850	0.01548	0.01313	0.01573	0.00812	0.27629	0.01218	0.01173	0.01537	0.02329	0.04099	0.09397	0.01045	0.00653	0.00205	0.00582	0.42179	0.00392	0.00538
14	0.00616	0.00440	0.00587	0.00704	0.00733	0.00411	0.00469	0.00704	0.00968	0.01291	0.02787	0.81899	0.03344	0.01584	0.00645	0.00205	0.00293	0.01438	0.00469	0.00411
15	0.01252	0.01201	0.02053	0.03104	0.79074	0.01201	0.01552	0.01552	0.01151	0.01652	0.00951	0.01252	0.00801	0.00451	0.00501	0.00150	0.00601	0.00451	0.00250	0.00801
16	0.00771	0.00564	0.00753	0.00833	0.00958	0.00546	0.00709	0.00989	0.01195	0.01555	0.12465	0.05342	0.14357	0.01335	0.00671	0.00215	0.00407	0.55398	0.00477	0.00461
17	0.01258	0.01086	0.01143	0.01029	0.01315	0.01258	0.00800	0.02687	0.78161	0.02115	0.02058	0.01887	0.01544	0.00686	0.00515	0.00172	0.00400	0.00572	0.00515	0.00800
18	0.01889	0.02410	0.01433	0.01303	0.01563	0.80199	0.00977	0.02019	0.01433	0.01238	0.00782	0.00912	0.00651	0.00521	0.00456	0.00130	0.00912	0.00326	0.00261	0.00586
19	0.00616	0.00440	0.00587	0.00704	0.00733	0.00411	0.00469	0.00704	0.00968	0.01291	0.02787	0.81899	0.03344	0.01584	0.00645	0.00205	0.00293	0.01438	0.00469	0.00411
20	0.00955	0.00899	0.01517	0.81013	0.03483	0.01123	0.01404	0.01292	0.01011	0.01292	0.00899	0.01348	0.00674	0.00506	0.00506	0.00169	0.00674	0.00449	0.00225	0.00562
21	0.00634	0.00514	0.00563	0.00550	0.00705	0.00442	0.00413	0.00796	0.01238	0.01569	0.27776	0.04532	0.56089	0.01205	0.00597	0.00167	0.00251	0.01020	0.00496	0.00442
22	0.01401	0.01646	0.01780	0.09101	0.04885	0.35065	0.21387	0.01642	0.01269	0.01414	0.05620	0.01524	0.06128	0.00588	0.00572	0.00154	0.04439	0.00503	0.00285	0.00599
23	0.00749	0.00512	0.00628	0.00669	0.00704	0.00510	0.00461	0.00821	0.00872	0.01152	0.01982	0.09523	0.02246	0.53838	0.01911	0.00398	0.00469	0.21834	0.00363	0.00358
24	0.01242	0.01258	0.08798	0.01256	0.05941	0.01243	0.06026	0.05154	0.57019	0.02032	0.01844	0.01770	0.02822	0.00644	0.00517	0.00168	0.00478	0.00553	0.00452	0.00783
25	0.01242	0.01192	0.02036	0.05492	0.76757	0.01199	0.01547	0.01544	0.01147	0.01641	0.00950	0.01254	0.00797	0.00452	0.00501	0.00151	0.00603	0.00451	0.00250	0.00794
26	0.00616	0.00440	0.00587	0.00704	0.00733	0.00411	0.00469	0.00704	0.00968	0.01291	0.02787	0.81899	0.03344	0.01584	0.00645	0.00205	0.00293	0.01438	0.00469	0.00411
27	0.01106	0.01106	0.01549	0.01328	0.01328	0.01549	0.01106	0.01217	0.00774	0.01217	0.00664	0.01106	0.00664	0.00885	0.01659	0.00221	0.81303	0.00443	0.00221	0.00553
28	0.01533	0.01430	0.01785	0.02233	0.43668	0.12510	0.01279	0.23209	0.03901	0.02044	0.01036	0.01212	0.00819	0.00512	0.00496	0.00148	0.00626	0.00438	0.00332	0.00787
29	0.00616	0.00440	0.00587	0.00704	0.00733	0.00411	0.00469	0.00704	0.00968	0.01291	0.02787	0.81899	0.03344	0.01584	0.00645	0.00205	0.00293	0.01438	0.00469	0.00411
30	0.85801	0.00978	0.00743	0.00665	0.00978	0.01134	0.00548	0.01486	0.00861	0.02269	0.00704	0.00821	0.00548	0.00469	0.00313	0.00156	0.00391	0.00274	0.00313	0.00548
31	0.01352	0.82533	0.02650	0.00865	0.01298	0.02001	0.00865	0.01514	0.01027	0.01190	0.00703	0.00811	0.00649	0.00433	0.00324	0.00108	0.00541	0.00270	0.00216	0.00649
32	0.01797	0.02218	0.01391	0.01263	0.01527	0.68735	0.00951	0.02116	0.12576	0.01365	0.00967	0.01053	0.00781	0.00545	0.00464	0.00136	0.00838	0.00361	0.00297	0.00617
33	0.00616	0.00440	0.00587	0.00704	0.00733	0.00411	0.00469	0.00704	0.00968	0.01291	0.02787	0.81899	0.03344	0.01584	0.00645	0.00205	0.00293	0.01438	0.00469	0.00411
34	0.00616	0.00440	0.00587	0.00704	0.00733	0.00411	0.00469	0.00704	0.00968	0.01291	0.02787	0.81899	0.03344	0.01584	0.00645	0.00205	0.00293	0.01438	0.00469	0.00411
35	0.01352	0.82533	0.02650	0.00865	0.01298	0.02001	0.00865	0.01514	0.01027	0.01190	0.00703	0.00811	0.00649	0.00433	0.00324	0.00108	0.00541	0.00270	0.00216	0.00649
36	0.01622	0.31004	0.01855	0.01061	0.01434	0.27035	0.00897	0.18370	0.01458	0.01689	0.00860	0.00955	0.00706	0.00494	0.00412	0.00122	0.00648	0.00332	0.00302	0.08745
37	0.00955	0.00899	0.01517	0.81013	0.03483	0.01123	0.01404	0.01292	0.01011	0.01292	0.00899	0.01348	0.00674	0.00506	0.00506	0.00169	0.00674	0.00449	0.00225	0.00562
38	0.01025	0.18573	0.04928	0.00903	0.01118	0.08503	0.03056	0.06303	0.01149	0.01443	0.04538	0.42217	0.02181	0.01061	0.00538	0.00169	0.00460	0.00919	0.00382	0.00536
39	0.01014	0.02616	0.79609	0.01441	0.02189	0.01174	0.01868	0.01601	0.01068	0.01601	0.00907	0.01068	0.00641	0.00480	0.00480	0.00160	0.00747	0.00374	0.00214	0.00747
40	0.01226	0.01419	0.00970	0.00916	0.01126	0.38346	0.00695	0.01362	0.01287	0.01315	0.02893	0.03044	0.36528	0.00928	0.00537	0.00156	0.00582	0.05793	0.00370	0.00505
41	0.01102	0.02029	0.44524	0.01849	0.09681	0.01215	0.29077	0.01603	0.01121	0.01613	0.00953	0.01192	0.00702	0.00458	0.00524	0.00163	0.00771	0.00462	0.00232	0.00729
42	0.01014	0.02616	0.79609	0.01441	0.02189	0.01174	0.01868	0.01601	0.01068	0.01601	0.00907	0.01068	0.00641	0.00480	0.00480	0.00160	0.00747	0.00374	0.00214	0.00747
43	0.01252	0.01201	0.02053	0.03104	0.79074	0.01201	0.01552	0.01552	0.01151	0.01652	0.00951	0.01252	0.00801	0.00451	0.00501	0.00150	0.00601	0.00451	0.00250	0.00801
44	0.00722	0.00542	0.00813	0.00813	0.00903	0.00632	0.00632	0.00903	0.00813	0.01174	0.01354	0.01987	0.01264	0.03792	0.80225	0.00813	0.01354	0.00542	0.00271	0.00451
45	0.00722	0.00542	0.00813	0.00813	0.00903	0.00632	0.00632	0.00903	0.00813	0.01174	0.01354	0.01987	0.01264	0.03792	0.80225	0.00813	0.01354	0.00542	0.00271	0.00451
46	0.00722	0.00542	0.00813	0.00813	0.00903	0.00632	0.00632	0.00903	0.00813	0.01174	0.01354	0.01987	0.01264	0.03792	0.80225	0.00813	0.01354	0.00542	0.00271	0.00451
47	0.45287	0.00974	0.00985	0.00804	0.01156	0.01023	0.00663	0.09102	0.01234	0.32393	0.01255	0.01209	0.00852	0.00543	0.00407	0.00156	0.00422	0.00382	0.00453	0.00699
48	0.00598	0.00512	0.00512	0.00512	0.00683	0.00427	0.00384	0.00726	0.01153	0.01366	0.05123	0.04866	0.78869	0.01281	0.00598	0.00171	0.00256	0.01067	0.00470	0.00427
49	0.01779	0.01431	0.01416	0.01136	0.01487	0.11185	0.00920	0.55919	0.05618	0.04102	0.01227	0.01291	0.00912	0.00904	0.08098	0.00213	0.00667	0.00454	0.00456	0.00784
50	0.01760	0.09923	0.01508	0.01228	0.01494	0.67455	0.00943	0.01897	0.01353	0.01229	0.00812	0.00974	0.00692	0.00730	0.05748	0.00174	0.00906	0.00335	0.00257	0.00583
51	0.00794	0.00575	0.00786	0.00891	0.01013	0.00567	0.00774	0.01017	0.01163	0.01499	0.02910	0.05624	0.10150	0.01386	0.00689	0.00227	0.00446	0.68560	0.00466	0.00462
52	0.00687	0.00516	0.00636	0.00606	0.00738	0.00465	0.00454	0.00898	0.01363	0.01864	0.60620	0.04046	0.23061	0.01095	0.00597	0.00162	0.00243	0.00952	0.00535	0.00465
53	0.00716	0.00517	0.00676	0.00636	0.00755	0.00477	0.00477	0.00954	0.01431	0.02028	0.78808	0.03777	0.04771	0.01034	0.00596	0.00159	0.00239	0.00914	0.00557	0.00477
