[name]
unknown

[dist]
# distance from previous block
# <min> <max>
0	14

[block]
# block no. 0 follows, 40 sequences, length 32
# corresponding to MSA columns:
# 146-156,169-178,182-191,193
name=unknown_A
#
# <colnr> <probs for GDERKNQSTAVLIFYWHMCP>
#	G	D	E	R	K	N	Q	S	T	A	V	L	I	F	Y	W	H	M	C	P
0	0.03678	0.09566	0.08237	0.01359	0.01693	0.41093	0.01144	0.05646	0.03495	0.01643	0.01305	0.04140	0.03657	0.00744	0.00650	0.00172	0.07117	0.03627	0.00337	0.00696
1	0.03948	0.16363	0.01285	0.00941	0.01146	0.01012	0.00780	0.01356	0.07693	0.01699	0.05533	0.25699	0.06617	0.01316	0.00656	0.00214	0.00463	0.22203	0.00483	0.00594
2	0.01126	0.01421	0.15640	0.03703	0.06902	0.01094	0.21152	0.02872	0.03399	0.01998	0.23197	0.04024	0.07567	0.00826	0.00674	0.00190	0.02304	0.00778	0.00419	0.00713
3	0.01084	0.00542	0.00542	0.00542	0.00678	0.00542	0.00407	0.01355	0.01220	0.02168	0.01897	0.02168	0.01491	0.00678	0.00407	0.00136	0.00271	0.00542	0.82791	0.00542
4	0.01473	0.23665	0.24318	0.01624	0.11369	0.10590	0.01449	0.02047	0.12742	0.01750	0.01167	0.01300	0.00927	0.00587	0.00543	0.00166	0.02712	0.00439	0.00312	0.00818
5	0.00809	0.00590	0.00760	0.00725	0.00862	0.00542	0.00541	0.01068	0.01602	0.02246	0.67925	0.07510	0.10173	0.01234	0.00688	0.00186	0.00278	0.01088	0.00629	0.00542
6	0.01084	0.00542	0.00542	0.00542	0.00678	0.00542	0.00407	0.01355	0.01220	0.02168	0.01897	0.02168	0.01491	0.00678	0.00407	0.00136	0.00271	0.00542	0.82791	0.00542
7	0.69062	0.08162	0.06212	0.02530	0.01314	0.01395	0.00786	0.01716	0.01026	0.02424	0.00830	0.00976	0.00650	0.00538	0.00379	0.00176	0.00500	0.00327	0.00340	0.00656
8	0.13905	0.02131	0.47065	0.01321	0.01910	0.01139	0.01537	0.01580	0.01164	0.01878	0.01511	0.19368	0.01445	0.00847	0.00567	0.00196	0.00674	0.00697	0.00332	0.00733
9	0.05306	0.10099	0.07333	0.19786	0.13889	0.06214	0.03989	0.05126	0.14748	0.01894	0.01333	0.04109	0.01083	0.00648	0.00575	0.00181	0.02010	0.00540	0.00354	0.00781
10	0.01487	0.16707	0.16315	0.01669	0.09139	0.01597	0.12455	0.07160	0.21487	0.04108	0.01444	0.01534	0.01099	0.00608	0.00555	0.00176	0.00682	0.00528	0.00389	0.00861
11	0.00846	0.00564	0.00634	0.00634	0.00634	0.00564	0.00352	0.00846	0.00846	0.01128	0.01832	0.03805	0.02114	0.79563	0.02960	0.00564	0.00564	0.00846	0.00352	0.00352
12	0.01323	0.01381	0.06057	0.04521	0.02193	0.01341	0.29947	0.05281	0.24753	0.02042	0.01826	0.02007	0.04944	0.01042	0.08388	0.00270	0.00810	0.00671	0.00412	0.00794
13	0.01039	0.01653	0.30086	0.01372	0.04486	0.01015	0.06101	0.01568	0.08698	0.01834	0.08498	0.25071	0.04070	0.01030	0.00638	0.00202	0.00599	0.00914	0.00415	0.00711
14	0.01312	0.06869	0.09273	0.40886	0.13244	0.08014	0.04736	0.01679	0.01254	0.03253	0.01116	0.03803	0.00901	0.00603	0.00568	0.00182	0.00775	0.00526	0.00285	0.00723
15	0.05811	0.14883	0.35201	0.01296	0.01924	0.01363	0.01445	0.04747	0.01395	0.22273	0.03412	0.01463	0.01066	0.00612	0.00527	0.00173	0.00676	0.00468	0.00405	0.00861
16	0.83671	0.01125	0.00855	0.00765	0.01125	0.01305	0.00630	0.01709	0.00990	0.02609	0.00810	0.00945	0.00630	0.00540	0.00360	0.00180	0.00450	0.00315	0.00360	0.00630
17	0.04489	0.00609	0.00747	0.00743	0.00794	0.00652	0.00493	0.00950	0.00882	0.01269	0.01693	0.03159	0.01823	0.50350	0.28269	0.00674	0.00899	0.00746	0.00339	0.00422
18	0.00832	0.00617	0.00905	0.00905	0.00999	0.00711	0.00690	0.01019	0.00926	0.01328	0.01585	0.02434	0.01519	0.11772	0.69937	0.00898	0.01460	0.00645	0.00316	0.00503
19	0.00831	0.00620	0.00919	0.00919	0.01018	0.00719	0.00708	0.01029	0.00930	0.01339	0.01571	0.02361	0.01487	0.08150	0.73515	0.00916	0.01508	0.00634	0.00314	0.00511
20	0.01084	0.00542	0.00542	0.00542	0.00678	0.00542	0.00407	0.01355	0.01220	0.02168	0.01897	0.02168	0.01491	0.00678	0.00407	0.00136	0.00271	0.00542	0.82791	0.00542
21	0.01116	0.13404	0.04641	0.03165	0.01471	0.04448	0.09294	0.01533	0.10189	0.01795	0.14943	0.13461	0.16193	0.01023	0.00618	0.00186	0.00518	0.00892	0.00459	0.00651
22	0.01255	0.02987	0.69979	0.01643	0.02454	0.08007	0.02059	0.01884	0.01265	0.01805	0.01031	0.01212	0.00738	0.00557	0.00550	0.00181	0.00876	0.00425	0.00250	0.00843
23	0.01084	0.00542	0.00542	0.00542	0.00678	0.00542	0.00407	0.01355	0.01220	0.02168	0.01897	0.02168	0.01491	0.00678	0.00407	0.00136	0.00271	0.00542	0.82791	0.00542
24	0.83671	0.01125	0.00855	0.00765	0.01125	0.01305	0.00630	0.01709	0.00990	0.02609	0.00810	0.00945	0.00630	0.00540	0.00360	0.00180	0.00450	0.00315	0.00360	0.00630
25	0.01428	0.01263	0.01491	0.01292	0.01639	0.01430	0.07316	0.02937	0.66655	0.02366	0.02280	0.02223	0.01735	0.00783	0.00605	0.00199	0.00508	0.02388	0.00564	0.00899
26	0.01393	0.01398	0.02573	0.09835	0.51474	0.01396	0.19708	0.01778	0.01322	0.01854	0.01109	0.01481	0.00899	0.00517	0.00604	0.00180	0.00770	0.00560	0.00287	0.00863
27	0.01419	0.01150	0.01968	0.02253	0.31204	0.01116	0.14320	0.01782	0.05037	0.12134	0.01832	0.19710	0.01711	0.00859	0.00637	0.00194	0.00622	0.00829	0.00423	0.00801
28	0.03083	0.18009	0.32676	0.01310	0.01863	0.01379	0.04245	0.01827	0.07691	0.06888	0.01553	0.14122	0.01393	0.00779	0.00554	0.00182	0.00661	0.00645	0.00362	0.00779
29	0.01342	0.05563	0.08996	0.01873	0.05267	0.08812	0.33391	0.01711	0.01348	0.01786	0.10389	0.01891	0.03911	0.00691	0.00788	0.00191	0.10339	0.00649	0.00334	0.00727
30	0.01086	0.00797	0.01132	0.01404	0.18414	0.00742	0.00838	0.01300	0.01370	0.09330	0.16392	0.20456	0.22039	0.01201	0.00663	0.00196	0.00413	0.01060	0.00517	0.00648
31	0.01185	0.01079	0.01903	0.59064	0.03553	0.01254	0.12374	0.01575	0.01214	0.03880	0.01153	0.01609	0.00861	0.00579	0.00585	0.00190	0.00763	0.00546	0.05965	0.00670

[dist]
# distance from previous block
# <min> <max>
0	1

[block]
# block no. 1 follows, 40 sequences, length 10
# corresponding to MSA columns:
# 195-204
name=unknown_B
#
# <colnr> <probs for GDERKNQSTAVLIFYWHMCP>
#	G	D	E	R	K	N	Q	S	T	A	V	L	I	F	Y	W	H	M	C	P
0	0.01635	0.01827	0.33914	0.01356	0.01930	0.01050	0.05699	0.02053	0.01378	0.28806	0.01819	0.12849	0.01452	0.00794	0.00600	0.00191	0.00659	0.00679	0.00463	0.00846
1	0.00854	0.00661	0.00787	0.00758	0.00922	0.00633	0.00566	0.01243	0.10017	0.02095	0.44813	0.10848	0.21088	0.01263	0.00680	0.00192	0.00306	0.01098	0.00603	0.00572
2	0.01181	0.13379	0.33080	0.01238	0.01764	0.01194	0.04054	0.01616	0.01392	0.05467	0.26970	0.02315	0.02426	0.00771	0.00579	0.00175	0.00608	0.00645	0.00407	0.00738
3	0.08162	0.09130	0.07254	0.09977	0.01495	0.06014	0.00865	0.01311	0.01325	0.01790	0.17613	0.09123	0.21753	0.01025	0.00597	0.00184	0.00493	0.00848	0.00442	0.00600
4	0.01476	0.32857	0.22400	0.01294	0.01845	0.05843	0.04072	0.06641	0.12217	0.01830	0.01318	0.01401	0.03260	0.00604	0.00497	0.00161	0.00690	0.00454	0.00334	0.00808
5	0.08907	0.05040	0.12699	0.10604	0.02039	0.05766	0.06109	0.02116	0.01349	0.28418	0.01427	0.01515	0.00998	0.00665	0.00707	0.00188	0.09701	0.00504	0.00434	0.00813
6	0.04108	0.28936	0.18127	0.01011	0.01430	0.01353	0.01031	0.01434	0.01230	0.01650	0.10657	0.08929	0.10868	0.06076	0.00691	0.00194	0.00558	0.00689	0.00366	0.00662
7	0.01673	0.36276	0.19050	0.01257	0.01792	0.13961	0.03096	0.01975	0.01336	0.10894	0.01201	0.01284	0.02742	0.00579	0.00480	0.00153	0.00729	0.00415	0.00324	0.00785
8	0.13639	0.21604	0.06092	0.01096	0.01459	0.20891	0.00949	0.01890	0.08075	0.01875	0.15366	0.01750	0.01734	0.00692	0.00500	0.00160	0.00638	0.00509	0.00384	0.00695
9	0.16987	0.00937	0.01076	0.00939	0.01116	0.04670	0.06669	0.01322	0.01059	0.06020	0.01889	0.05411	0.07948	0.34553	0.01666	0.00353	0.05739	0.00730	0.00384	0.00530

[dist]
# distance from previous block
# <min> <max>
8	21

[block]
# block no. 2 follows, 40 sequences, length 63
# corresponding to MSA columns:
# 228-284,286-291
name=unknown_C
#
# <colnr> <probs for GDERKNQSTAVLIFYWHMCP>
#	G	D	E	R	K	N	Q	S	T	A	V	L	I	F	Y	W	H	M	C	P
0	0.01363	0.02927	0.07116	0.02264	0.35045	0.06820	0.04391	0.04267	0.09632	0.01976	0.08869	0.02181	0.09174	0.00725	0.00595	0.00178	0.00631	0.00645	0.00389	0.00812
1	0.09527	0.04962	0.21741	0.01425	0.06900	0.01328	0.02754	0.11073	0.11683	0.17807	0.04079	0.01626	0.01228	0.00653	0.00551	0.00180	0.00623	0.00522	0.00463	0.00876
2	0.01268	0.18077	0.32060	0.01356	0.05083	0.01381	0.01405	0.01796	0.07444	0.04377	0.09075	0.01702	0.01427	0.00959	0.07199	0.00234	0.00741	0.00513	0.00344	0.03558
3	0.07162	0.18154	0.17949	0.03622	0.23951	0.07550	0.01468	0.01900	0.01292	0.08236	0.01084	0.01269	0.00850	0.00561	0.00544	0.00167	0.02666	0.00436	0.00313	0.00825
4	0.10097	0.06580	0.01424	0.05811	0.01568	0.18882	0.00910	0.03057	0.02585	0.09243	0.08959	0.01801	0.05334	0.00717	0.00635	0.00162	0.07157	0.00522	0.00403	0.14154
5	0.01460	0.20877	0.19731	0.01654	0.06620	0.08936	0.13944	0.02066	0.13835	0.01784	0.01218	0.01373	0.00954	0.00582	0.00570	0.00172	0.02605	0.00486	0.00322	0.00810
6	0.00709	0.00565	0.00641	0.00689	0.00825	0.00490	0.00489	0.00840	0.01233	0.01543	0.04638	0.36455	0.43578	0.01593	0.00704	0.00210	0.00316	0.01384	0.00535	0.02562
7	0.01511	0.01281	0.01351	0.01196	0.01537	0.01476	0.00936	0.09048	0.68823	0.02536	0.02285	0.02105	0.01709	0.00781	0.00591	0.00195	0.00475	0.00646	0.00591	0.00926
8	0.02150	0.01599	0.01711	0.01326	0.01780	0.01775	0.01091	0.68362	0.08467	0.03567	0.01473	0.01458	0.01051	0.00705	0.00583	0.00176	0.00626	0.00534	0.00583	0.00984
9	0.01010	0.00505	0.00758	0.00758	0.00758	0.00505	0.00505	0.00758	0.00758	0.01010	0.01010	0.01768	0.01010	0.02020	0.02273	0.83081	0.00505	0.00505	0.00253	0.00253
10	0.01166	0.03008	0.76550	0.01657	0.02517	0.01351	0.02149	0.01842	0.01228	0.01842	0.01044	0.01228	0.00737	0.00552	0.00552	0.00184	0.00859	0.00430	0.00246	0.00859
11	0.01123	0.00943	0.01585	0.01253	0.01504	0.00927	0.24540	0.01478	0.06990	0.01718	0.01675	0.02555	0.01536	0.28735	0.01423	0.00313	0.00623	0.00707	0.19789	0.00584
12	0.00818	0.00608	0.00879	0.00918	0.01017	0.00668	0.00711	0.01013	0.01028	0.01429	0.02174	0.16071	0.04599	0.03489	0.52134	0.00708	0.01180	0.09657	0.00386	0.00512
13	0.02172	0.02772	0.01648	0.01498	0.01798	0.77228	0.01124	0.02322	0.01648	0.01423	0.00899	0.01049	0.00749	0.00599	0.00524	0.00150	0.01049	0.00375	0.00300	0.00674
14	0.00847	0.00640	0.00939	0.00931	0.01023	0.00750	0.00716	0.01035	0.00926	0.01334	0.01552	0.02371	0.01483	0.10223	0.68793	0.00882	0.04094	0.00637	0.00313	0.00510
15	0.00775	0.00595	0.00689	0.00685	0.00832	0.00535	0.00510	0.00958	0.01377	0.01791	0.28992	0.05031	0.36315	0.11030	0.00977	0.00243	0.00342	0.07274	0.00551	0.00497
16	0.00707	0.00513	0.00668	0.00792	0.00839	0.00474	0.00532	0.00812	0.01130	0.01491	0.03419	0.73337	0.09555	0.01794	0.00738	0.00233	0.00334	0.01619	0.00540	0.00474
17	0.01202	0.01194	0.01661	0.47264	0.02982	0.07940	0.01409	0.01495	0.01124	0.01448	0.01017	0.01522	0.00839	0.01060	0.08653	0.00278	0.17499	0.00514	0.00267	0.00633
18	0.81469	0.01121	0.00868	0.00772	0.01134	0.01292	0.00636	0.01740	0.01008	0.04612	0.00850	0.00973	0.00652	0.00545	0.00366	0.00180	0.00451	0.00322	0.00370	0.00640
19	0.00808	0.00591	0.00753	0.00803	0.00823	0.00617	0.00531	0.00875	0.00990	0.01340	0.02454	0.42715	0.02891	0.31210	0.03443	0.00378	0.06662	0.01233	0.00441	0.00441
20	0.01083	0.00837	0.00982	0.00930	0.01122	0.00878	0.00703	0.07891	0.20773	0.02259	0.31037	0.21142	0.03681	0.01201	0.00669	0.00201	0.00377	0.02971	0.00596	0.00666
21	0.01455	0.09433	0.29721	0.01862	0.02490	0.14817	0.28308	0.01925	0.01351	0.01733	0.01046	0.01295	0.00793	0.00533	0.00581	0.00177	0.00916	0.00504	0.00273	0.00789
22	0.01203	0.14029	0.40829	0.26684	0.02850	0.01476	0.01798	0.01710	0.01199	0.01653	0.01005	0.01289	0.00751	0.00554	0.00535	0.00178	0.00796	0.00440	0.00250	0.00772
23	0.00728	0.00520	0.00698	0.00832	0.00875	0.00489	0.00574	0.00844	0.01133	0.01507	0.03194	0.72871	0.03803	0.01803	0.00748	0.00239	0.00355	0.07770	0.00539	0.00478
24	0.00785	0.00595	0.00708	0.00758	0.00874	0.00550	0.00537	0.04407	0.01307	0.01692	0.10275	0.45271	0.26911	0.01600	0.00712	0.00216	0.00333	0.01409	0.00551	0.00510
25	0.01806	0.04036	0.26365	0.01517	0.02062	0.22934	0.04023	0.23166	0.01796	0.03862	0.01128	0.01250	0.00835	0.00617	0.00578	0.00172	0.02190	0.00453	0.00372	0.00839
26	0.00806	0.00582	0.00778	0.00875	0.00955	0.00574	0.00662	0.00965	0.01151	0.01520	0.03016	0.35350	0.07955	0.09517	0.09980	0.00357	0.00562	0.23415	0.00494	0.00487
27	0.83671	0.01125	0.00855	0.00765	0.01125	0.01305	0.00630	0.01709	0.00990	0.02609	0.00810	0.00945	0.00630	0.00540	0.00360	0.00180	0.00450	0.00315	0.00360	0.00630
28	0.02319	0.00917	0.01231	0.00967	0.01362	0.00801	0.00790	0.02552	0.01627	0.63443	0.09201	0.02218	0.01826	0.00761	0.00580	0.00177	0.00456	0.00626	0.07233	0.00912
29	0.01363	0.01267	0.01981	0.02680	0.51449	0.01183	0.01425	0.01679	0.01285	0.01898	0.01074	0.01363	0.00901	0.00489	0.00528	0.00144	0.00605	0.00461	0.00306	0.27917
30	0.01468	0.10009	0.29153	0.01198	0.01827	0.01160	0.01287	0.01866	0.01290	0.14546	0.01229	0.01318	0.00902	0.00532	0.00496	0.00142	0.00619	0.00413	0.00362	0.30182
31	0.04911	0.04686	0.71437	0.01602	0.02430	0.01370	0.02053	0.01833	0.01216	0.01866	0.01028	0.01208	0.00732	0.00551	0.00540	0.00183	0.00835	0.00422	0.00251	0.00846
32	0.00720	0.00511	0.00671	0.00794	0.00825	0.00480	0.00524	0.00813	0.01090	0.01453	0.03086	0.72631	0.03696	0.08580	0.00935	0.00265	0.00357	0.01583	0.00524	0.00462
33	0.01440	0.01371	0.02277	0.03380	0.70022	0.01387	0.01716	0.01888	0.07169	0.01942	0.01195	0.01497	0.00989	0.00540	0.00577	0.00175	0.00673	0.00529	0.00312	0.00921
34	0.00956	0.00720	0.01006	0.07584	0.07727	0.00716	0.00783	0.03150	0.03763	0.04173	0.04659	0.53774	0.03046	0.01436	0.00687	0.00216	0.00424	0.01296	0.00499	0.03385
35	0.01209	0.00938	0.01127	0.01130	0.01355	0.01016	0.00946	0.07931	0.25275	0.02126	0.02707	0.04704	0.02640	0.01265	0.00716	0.00237	0.00520	0.42902	0.00558	0.00698
36	0.01312	0.00998	0.01112	0.00993	0.01259	0.01086	0.00771	0.06996	0.37797	0.05409	0.26327	0.02825	0.02908	0.00903	0.00608	0.00186	0.00399	0.00767	0.06566	0.00778
37	0.00709	0.00506	0.00675	0.00810	0.00843	0.00472	0.00540	0.00810	0.01113	0.01484	0.03205	0.79184	0.03846	0.01822	0.00742	0.00236	0.00337	0.01653	0.00540	0.00472
38	0.01373	0.01569	0.03431	0.02451	0.03039	0.01471	0.73824	0.01863	0.01373	0.01863	0.01176	0.01569	0.00882	0.00490	0.00686	0.00196	0.00980	0.00686	0.00294	0.00784
39	0.00747	0.00569	0.00687	0.00704	0.00834	0.00509	0.00510	0.00933	0.01398	0.01854	0.33165	0.24423	0.28655	0.01451	0.00701	0.00201	0.00298	0.01269	0.00580	0.00509
40	0.01010	0.00505	0.00758	0.00758	0.00758	0.00505	0.00505	0.00758	0.00758	0.01010	0.01010	0.01768	0.01010	0.02020	0.02273	0.83081	0.00505	0.00505	0.00253	0.00253
41	0.02045	0.00910	0.01122	0.00905	0.01251	0.00856	0.00733	0.09202	0.03175	0.43417	0.02079	0.01989	0.01420	0.00705	0.00526	0.00165	0.00435	0.00566	0.27658	0.00841
42	0.06245	0.01051	0.01362	0.01049	0.01496	0.00958	0.00866	0.08969	0.01727	0.66683	0.02149	0.01882	0.01364	0.00710	0.00574	0.00179	0.00505	0.00567	0.00691	0.00973
43	0.00832	0.00618	0.00908	0.00908	0.01003	0.00713	0.00694	0.01022	0.00927	0.01331	0.01582	0.02417	0.01511	0.10898	0.70800	0.00902	0.01471	0.00642	0.00315	0.00505
44	0.00774	0.00553	0.00750	0.00885	0.00947	0.00529	0.00654	0.00923	0.01178	0.01558	0.03169	0.58317	0.03703	0.01760	0.00760	0.00245	0.00394	0.21872	0.00539	0.00490
45	0.23380	0.02760	0.01698	0.26263	0.08315	0.13313	0.07304	0.05748	0.01320	0.03346	0.01009	0.01292	0.00777	0.00568	0.00518	0.00179	0.00727	0.00453	0.00323	0.00707
46	0.01142	0.01039	0.01670	0.42015	0.09034	0.01220	0.04872	0.05055	0.01232	0.01644	0.03418	0.04509	0.03667	0.03752	0.07441	0.00274	0.06417	0.00623	0.00316	0.00657
47	0.01640	0.01151	0.01216	0.01151	0.01415	0.12512	0.00960	0.08097	0.01586	0.19875	0.02410	0.04162	0.02284	0.01159	0.00689	0.00220	0.00613	0.37606	0.00548	0.00706
48	0.01186	0.02872	0.69632	0.01733	0.02566	0.01362	0.08930	0.01844	0.01241	0.01844	0.01056	0.01260	0.00750	0.00547	0.00565	0.00185	0.00871	0.00454	0.00250	0.00852
49	0.00779	0.00593	0.00717	0.00686	0.00842	0.00530	0.00514	0.01013	0.01543	0.02088	0.53246	0.04746	0.28022	0.01280	0.00686	0.00187	0.00281	0.01108	0.00608	0.00530
50	0.02609	0.00990	0.01350	0.01035	0.01484	0.00855	0.00855	0.02834	0.01664	0.76338	0.02294	0.01979	0.01439	0.00720	0.00585	0.00180	0.00495	0.00585	0.00720	0.00990
51	0.00846	0.00564	0.00634	0.00634	0.00634	0.00564	0.00352	0.00846	0.00846	0.01128	0.01832	0.03805	0.02114	0.79563	0.02960	0.00564	0.00564	0.00846	0.00352	0.00352
52	0.01023	0.00684	0.00724	0.00692	0.00766	0.02083	0.00446	0.05774	0.02561	0.01556	0.01806	0.03177	0.01860	0.52677	0.03558	0.00437	0.00530	0.00741	0.18447	0.00456
53	0.08213	0.08155	0.01880	0.12914	0.14743	0.12316	0.01272	0.20167	0.01614	0.02172	0.01048	0.01287	0.00836	0.00646	0.00700	0.00180	0.10245	0.00464	0.00358	0.00791
54	0.05237	0.01608	0.02016	0.09858	0.42272	0.14608	0.01502	0.10975	0.02822	0.02041	0.01102	0.01368	0.00888	0.00567	0.00559	0.00172	0.00740	0.00487	0.00333	0.00848
55	0.01612	0.09119	0.01953	0.24431	0.18765	0.28551	0.01395	0.01930	0.03917	0.01576	0.01024	0.01310	0.00830	0.00573	0.00541	0.00167	0.00829	0.00452	0.00290	0.00736
56	0.01343	0.03270	0.17986	0.10666	0.13621	0.01306	0.14424	0.06993	0.04893	0.05221	0.04898	0.01959	0.07619	0.00686	0.00634	0.00187	0.02511	0.00620	0.00367	0.00796
57	0.01229	0.00967	0.01273	0.17250	0.01828	0.02405	0.01009	0.05135	0.10890	0.06968	0.10761	0.11210	0.04107	0.02710	0.00852	0.00220	0.09770	0.10279	0.00471	0.00666
58	0.30732	0.05127	0.15870	0.01562	0.13312	0.01491	0.01265	0.07770	0.01226	0.02183	0.00941	0.01169	0.00754	0.00630	0.00708	0.00189	0.13576	0.00418	0.00323	0.00756
59	0.00847	0.00706	0.01071	0.26228	0.01918	0.00762	0.02255	0.01053	0.01151	0.01499	0.02667	0.46389	0.08491	0.01362	0.00684	0.00218	0.00490	0.01228	0.00443	0.00537
60	0.01206	0.01034	0.01206	0.00861	0.01378	0.00775	0.00689	0.01464	0.01206	0.01895	0.01034	0.01206	0.00861	0.00431	0.00431	0.00086	0.00431	0.00345	0.00345	0.83118
61	0.01278	0.01205	0.02037	0.24780	0.48724	0.01277	0.01628	0.01614	0.01259	0.01745	0.01260	0.08229	0.01133	0.00650	0.00592	0.00184	0.00684	0.00616	0.00301	0.00803
62	0.00729	0.00522	0.00677	0.00780	0.00827	0.00487	0.00522	0.00839	0.01147	0.01533	0.09496	0.63838	0.06635	0.07930	0.00911	0.00256	0.00348	0.01520	0.00534	0.00470

[dist]
# distance from previous block
# <min> <max>
0	13

[block]
# block no. 3 follows, 40 sequences, length 15
# corresponding to MSA columns:
# 305-319
name=unknown_D
#
# <colnr> <probs for GDERKNQSTAVLIFYWHMCP>
#	G	D	E	R	K	N	Q	S	T	A	V	L	I	F	Y	W	H	M	C	P
0	0.01555	0.79913	0.03047	0.00995	0.01493	0.02301	0.00995	0.01741	0.01182	0.01368	0.00808	0.00933	0.00746	0.00498	0.00373	0.00124	0.00622	0.00311	0.00249	0.00746
1	0.01972	0.00827	0.01123	0.00959	0.01269	0.00726	0.00749	0.02155	0.01480	0.51230	0.02600	0.27876	0.02247	0.01089	0.00638	0.00199	0.00442	0.00943	0.00659	0.00816
2	0.01332	0.01550	0.15953	0.29544	0.19929	0.01366	0.01619	0.11839	0.01425	0.01955	0.01207	0.05469	0.00991	0.00653	0.00616	0.00188	0.02690	0.00560	0.00323	0.00790
3	0.01130	0.00787	0.00991	0.00911	0.01123	0.00773	0.03350	0.01500	0.11493	0.12274	0.06542	0.22452	0.27837	0.01288	0.00735	0.00206	0.04320	0.01100	0.00553	0.00637
4	0.00700	0.00565	0.00623	0.00659	0.00806	0.00488	0.00475	0.00839	0.01279	0.01581	0.08320	0.26819	0.51692	0.01561	0.00703	0.00207	0.00306	0.01342	0.00545	0.00488
5	0.00835	0.00606	0.00850	0.00850	0.00924	0.00681	0.00621	0.00984	0.00909	0.01287	0.01635	0.02715	0.01641	0.25653	0.56223	0.00830	0.01276	0.00686	0.00323	0.00472
6	0.02122	0.02583	0.01707	0.01637	0.07210	0.65949	0.01170	0.07740	0.01707	0.01629	0.00951	0.01104	0.00780	0.00601	0.00532	0.00153	0.00991	0.00396	0.00320	0.00716
7	0.01115	0.01056	0.01634	0.29620	0.02377	0.01364	0.03575	0.01361	0.01024	0.01443	0.01123	0.05612	0.01037	0.01387	0.12690	0.00332	0.31756	0.00594	0.00281	0.00618
8	0.01670	0.09115	0.06524	0.07005	0.30373	0.01405	0.06553	0.10339	0.01510	0.13745	0.01286	0.01461	0.00968	0.00568	0.00557	0.00168	0.00669	0.00507	0.00385	0.05191
9	0.01326	0.01066	0.01525	0.17472	0.10815	0.03835	0.06205	0.03132	0.06378	0.09898	0.05020	0.13027	0.03813	0.03460	0.00690	0.00199	0.00593	0.03115	0.00430	0.08002
10	0.01498	0.01166	0.04859	0.03970	0.08085	0.01013	0.12412	0.03027	0.06273	0.17437	0.05473	0.04537	0.04273	0.04777	0.00703	0.00186	0.00579	0.00634	0.00452	0.18644
11	0.05538	0.01261	0.02080	0.23114	0.50072	0.01333	0.01644	0.01744	0.01278	0.04840	0.01112	0.01466	0.00889	0.00544	0.00567	0.00179	0.00693	0.00510	0.00301	0.00836
12	0.01231	0.01084	0.01700	0.41242	0.18611	0.01231	0.01418	0.04570	0.06923	0.03326	0.07999	0.05335	0.01467	0.00702	0.00598	0.00189	0.00657	0.00629	0.00360	0.00730
13	0.05780	0.01209	0.01712	0.12314	0.30059	0.03706	0.01277	0.01879	0.05026	0.12400	0.01495	0.01781	0.03285	0.00623	0.00555	0.00168	0.00607	0.02792	0.00388	0.12945
14	0.05086	0.01231	0.01845	0.23814	0.32765	0.04380	0.03301	0.03803	0.04456	0.01822	0.01454	0.08887	0.03265	0.00706	0.00588	0.00186	0.00670	0.00639	0.00336	0.00764

[dist]
# distance from previous block
# <min> <max>
9	60

[block]
# block no. 4 follows, 40 sequences, length 6
# corresponding to MSA columns:
# 387-392
name=unknown_E
#
# <colnr> <probs for GDERKNQSTAVLIFYWHMCP>
#	G	D	E	R	K	N	Q	S	T	A	V	L	I	F	Y	W	H	M	C	P
0	0.01463	0.01332	0.01970	0.15516	0.41204	0.07988	0.03616	0.01774	0.01351	0.07607	0.04108	0.06880	0.01292	0.00665	0.00592	0.00180	0.00690	0.00613	0.00348	0.00809
1	0.01408	0.08896	0.01602	0.01435	0.09807	0.10012	0.05638	0.04148	0.13861	0.07037	0.01955	0.20587	0.01874	0.01196	0.05836	0.00241	0.00659	0.02635	0.00446	0.00727
2	0.01690	0.01575	0.06922	0.11677	0.26338	0.11022	0.01406	0.07800	0.11666	0.12007	0.01419	0.01559	0.01061	0.00617	0.00572	0.00178	0.00696	0.00522	0.00406	0.00865
3	0.01194	0.01372	0.09461	0.47870	0.10058	0.01344	0.17118	0.01628	0.01228	0.01638	0.01070	0.01513	0.00807	0.00553	0.00600	0.00191	0.00820	0.00545	0.00267	0.00721
4	0.01611	0.17575	0.08007	0.02229	0.26572	0.09350	0.13966	0.07548	0.01453	0.04732	0.01097	0.01321	0.00873	0.00542	0.00548	0.00166	0.00765	0.00487	0.00319	0.00840
5	0.00772	0.00548	0.00734	0.00860	0.00915	0.00525	0.00621	0.00905	0.01149	0.01521	0.03083	0.57008	0.03612	0.06974	0.00905	0.00266	0.00399	0.18198	0.00526	0.00479

[dist]
# distance from previous block
# <min> <max>
0	6

[block]
# block no. 5 follows, 40 sequences, length 8
# corresponding to MSA columns:
# 400-407
name=unknown_F
#
# <colnr> <probs for GDERKNQSTAVLIFYWHMCP>
#	G	D	E	R	K	N	Q	S	T	A	V	L	I	F	Y	W	H	M	C	P
0	0.01610	0.52894	0.14820	0.01179	0.01717	0.07659	0.01206	0.09838	0.01396	0.01705	0.00919	0.01041	0.00772	0.00536	0.00437	0.00142	0.00694	0.00359	0.00289	0.00786
1	0.01820	0.04817	0.26017	0.01202	0.01732	0.01024	0.01240	0.02179	0.01439	0.37967	0.04415	0.10357	0.01585	0.00794	0.00586	0.00185	0.00595	0.00657	0.00522	0.00864
2	0.01722	0.01337	0.01660	0.01321	0.01689	0.01443	0.09045	0.43783	0.06702	0.02827	0.01679	0.10623	0.01456	0.05969	0.05744	0.00259	0.00687	0.00707	0.00514	0.00832
3	0.27402	0.01025	0.01069	0.06092	0.01409	0.01130	0.00797	0.09688	0.13409	0.06002	0.02163	0.12572	0.08547	0.00938	0.00559	0.00198	0.00472	0.05345	0.00486	0.00696
4	0.01008	0.00819	0.01266	0.01117	0.01294	0.00887	0.10027	0.05880	0.01156	0.01634	0.01861	0.10842	0.04788	0.06260	0.38734	0.00581	0.04955	0.00764	0.05552	0.00577
5	0.01965	0.01568	0.01768	0.07178	0.10331	0.04849	0.01202	0.50472	0.09594	0.03090	0.01411	0.01475	0.01034	0.00674	0.00580	0.00177	0.00655	0.00530	0.00514	0.00936
6	0.06626	0.06918	0.02434	0.04108	0.16608	0.06382	0.29599	0.05866	0.04184	0.01931	0.01341	0.08835	0.01175	0.00659	0.00605	0.00185	0.00764	0.00661	0.00344	0.00775
7	0.05019	0.01363	0.02048	0.01984	0.18038	0.04233	0.16590	0.08771	0.07251	0.05752	0.04274	0.01827	0.01261	0.00706	0.00781	0.00192	0.11346	0.03833	0.00389	0.04341

[dist]
# distance from previous block
# <min> <max>
5	22

[block]
# block no. 6 follows, 40 sequences, length 21
# corresponding to MSA columns:
# 435-455
name=unknown_G
#
# <colnr> <probs for GDERKNQSTAVLIFYWHMCP>
#	G	D	E	R	K	N	Q	S	T	A	V	L	I	F	Y	W	H	M	C	P
0	0.01571	0.06417	0.13731	0.02881	0.01848	0.10663	0.05946	0.14058	0.18368	0.04250	0.03263	0.02947	0.01258	0.00877	0.04658	0.00217	0.02169	0.00551	0.00426	0.03901
1	0.18438	0.02911	0.01319	0.01059	0.01442	0.01326	0.00860	0.18802	0.20803	0.18820	0.04022	0.01744	0.01372	0.00704	0.00532	0.00180	0.00497	0.00542	0.03764	0.00863
2	0.10899	0.01886	0.16057	0.04574	0.11668	0.18021	0.05765	0.05158	0.01393	0.05286	0.01259	0.01789	0.01065	0.00698	0.00638	0.00187	0.05019	0.07536	0.00346	0.00756
3	0.01359	0.01240	0.02181	0.15957	0.08594	0.01264	0.26760	0.01878	0.10152	0.07538	0.01624	0.05565	0.03954	0.00680	0.00671	0.00190	0.03584	0.00670	0.00378	0.05759
4	0.01929	0.01394	0.01490	0.01136	0.01605	0.06167	0.00923	0.32903	0.01966	0.14797	0.01387	0.01404	0.01003	0.00604	0.00527	0.00144	0.00571	0.00463	0.00505	0.29084
5	0.00705	0.00548	0.00642	0.00706	0.00819	0.00485	0.00496	0.00837	0.01238	0.01570	0.08361	0.41999	0.36261	0.01630	0.00714	0.00215	0.00315	0.01429	0.00545	0.00485
6	0.15476	0.01343	0.01768	0.22969	0.14003	0.06008	0.05773	0.11515	0.01401	0.03441	0.01055	0.01353	0.00821	0.00612	0.00657	0.00185	0.07483	0.00481	0.00340	0.03318
7	0.05688	0.00575	0.00695	0.00763	0.00849	0.00559	0.00528	0.00903	0.01121	0.01557	0.06504	0.45970	0.14240	0.09514	0.07465	0.00316	0.00461	0.01314	0.00496	0.00480
8	0.05769	0.01509	0.04646	0.14955	0.10381	0.04747	0.39672	0.05823	0.01393	0.01931	0.01137	0.01491	0.00865	0.00533	0.00617	0.00188	0.00853	0.00588	0.02130	0.00770
9	0.00912	0.00548	0.00732	0.00732	0.00748	0.00564	0.00474	0.00839	0.00823	0.01113	0.01447	0.02721	0.01552	0.35644	0.14088	0.35063	0.00692	0.00669	0.00304	0.00336
10	0.02215	0.02026	0.01691	0.01384	0.01787	0.29913	0.01101	0.43991	0.02280	0.06150	0.01252	0.01293	0.00920	0.00662	0.00560	0.00166	0.00786	0.00471	0.00483	0.00871
11	0.01499	0.01153	0.01392	0.11980	0.06204	0.08565	0.02738	0.09632	0.06829	0.11790	0.07238	0.08182	0.01953	0.01008	0.00738	0.05340	0.00605	0.11966	0.00477	0.00710
12	0.01438	0.01517	0.03989	0.34075	0.15380	0.15738	0.01458	0.06888	0.01372	0.01703	0.01096	0.03515	0.00907	0.00727	0.02326	0.00202	0.06126	0.00521	0.00303	0.00721
13	0.02520	0.01010	0.01347	0.01046	0.01487	0.00900	0.00860	0.02854	0.07286	0.70664	0.02300	0.01994	0.01465	0.00725	0.00585	0.00181	0.00492	0.00590	0.00710	0.00984
14	0.01098	0.01034	0.01744	0.78165	0.04005	0.01292	0.01615	0.01486	0.01163	0.01486	0.01034	0.01550	0.00775	0.00581	0.00581	0.00194	0.00775	0.00517	0.00258	0.00646
15	0.01438	0.01351	0.02251	0.12750	0.63036	0.01393	0.01727	0.05578	0.01379	0.01942	0.01102	0.01451	0.00907	0.00536	0.00577	0.00175	0.00699	0.00518	0.00300	0.00890
16	0.01505	0.01282	0.01780	0.14628	0.07809	0.01441	0.08578	0.23487	0.11149	0.02311	0.01535	0.03996	0.02874	0.03133	0.04851	0.00243	0.07560	0.00618	0.00424	0.00795
17	0.00871	0.00552	0.00730	0.00819	0.00885	0.00514	0.00559	0.00978	0.01140	0.07209	0.03021	0.65314	0.03508	0.08029	0.00911	0.00259	0.00373	0.03285	0.00538	0.00504
18	0.01273	0.01191	0.02020	0.08694	0.52236	0.01201	0.04226	0.01589	0.01296	0.01819	0.03895	0.12187	0.01545	0.00761	0.00615	0.00188	0.00641	0.03477	0.00341	0.00807
19	0.01357	0.08768	0.11909	0.18897	0.40055	0.01437	0.01670	0.03920	0.01304	0.01815	0.01076	0.01404	0.00865	0.00543	0.00551	0.00173	0.00713	0.00488	0.02223	0.00831
20	0.01297	0.01581	0.15528	0.02023	0.16408	0.01332	0.18715	0.05047	0.06845	0.01898	0.02775	0.04275	0.01324	0.04472	0.00872	0.00218	0.08702	0.05560	0.00349	0.00778

[dist]
# distance from previous block
# <min> <max>
0	2

[block]
# block no. 7 follows, 40 sequences, length 11
# corresponding to MSA columns:
# 458-468
name=unknown_H
#
# <colnr> <probs for GDERKNQSTAVLIFYWHMCP>
#	G	D	E	R	K	N	Q	S	T	A	V	L	I	F	Y	W	H	M	C	P
0	0.00880	0.00635	0.00866	0.00983	0.01105	0.00621	0.00824	0.01114	0.01318	0.01719	0.06901	0.17823	0.08042	0.01611	0.00781	0.00254	0.00476	0.52982	0.00542	0.00523
1	0.01513	0.13923	0.01631	0.01034	0.01507	0.04923	0.00859	0.14530	0.09964	0.02162	0.01208	0.01299	0.00965	0.00538	0.00471	0.00124	0.00531	0.00408	0.00397	0.42013
2	0.01113	0.01452	0.24541	0.09408	0.07203	0.00937	0.01269	0.01470	0.01277	0.07812	0.10577	0.26113	0.02342	0.01039	0.00635	0.00200	0.00577	0.00914	0.00427	0.00694
3	0.01347	0.01906	0.25514	0.02858	0.45477	0.01381	0.09464	0.01811	0.01299	0.01878	0.01087	0.01387	0.00860	0.00526	0.00580	0.00179	0.00774	0.00508	0.00275	0.00888
4	0.01272	0.01272	0.01781	0.01527	0.01527	0.01781	0.01272	0.01399	0.00891	0.01399	0.00763	0.01272	0.00763	0.01018	0.01908	0.00254	0.78499	0.00509	0.00254	0.00636
5	0.00724	0.00550	0.00667	0.00724	0.00830	0.00493	0.00510	0.00874	0.01286	0.01678	0.18252	0.40911	0.27226	0.01586	0.00714	0.00213	0.00311	0.01399	0.00560	0.00493
6	0.01316	0.28182	0.25085	0.01278	0.01809	0.01502	0.05975	0.01736	0.04260	0.05023	0.01680	0.04980	0.05886	0.00763	0.00546	0.00177	0.00666	0.08038	0.00345	0.00753
7	0.01249	0.01295	0.11323	0.07278	0.38532	0.01100	0.01423	0.01454	0.01125	0.01589	0.01057	0.01521	0.00916	0.00993	0.01100	0.25925	0.00660	0.00503	0.00270	0.00688
8	0.01272	0.01272	0.01781	0.01527	0.01527	0.01781	0.01272	0.01399	0.00891	0.01399	0.00763	0.01272	0.00763	0.01018	0.01908	0.00254	0.78499	0.00509	0.00254	0.00636
9	0.01694	0.02174	0.36102	0.01563	0.02220	0.01443	0.09190	0.24560	0.01769	0.11673	0.01323	0.01410	0.00918	0.00612	0.00580	0.00182	0.00758	0.00505	0.00415	0.00908
10	0.01255	0.04901	0.06911	0.13497	0.04416	0.12399	0.11872	0.01553	0.01333	0.03192	0.06836	0.16567	0.02014	0.00964	0.00642	0.00199	0.00692	0.09711	0.00392	0.00653

[dist]
# distance from previous block
# <min> <max>
0	3

[block]
# block no. 8 follows, 40 sequences, length 7
# corresponding to MSA columns:
# 472-478
name=unknown_I
#
# <colnr> <probs for GDERKNQSTAVLIFYWHMCP>
#	G	D	E	R	K	N	Q	S	T	A	V	L	I	F	Y	W	H	M	C	P
0	0.32774	0.01229	0.01133	0.05843	0.01455	0.08116	0.00803	0.10860	0.04548	0.06067	0.05890	0.04906	0.06956	0.00741	0.00503	0.00175	0.00524	0.00557	0.00440	0.06481
1	0.01769	0.12935	0.04919	0.04348	0.04439	0.12894	0.04510	0.30514	0.01861	0.02369	0.01318	0.08393	0.01141	0.00750	0.00638	0.00176	0.05220	0.00577	0.00420	0.00809
2	0.01361	0.00765	0.01010	0.00994	0.01196	0.00734	0.00796	0.07033	0.01448	0.19828	0.02803	0.29553	0.02874	0.01395	0.00713	0.00229	0.00467	0.25556	0.00585	0.00659
3	0.04832	0.06791	0.05294	0.05481	0.14120	0.01458	0.05739	0.19620	0.15216	0.02374	0.01530	0.04653	0.01261	0.00704	0.00571	0.00179	0.00617	0.03498	0.00436	0.05626
4	0.01084	0.00542	0.00542	0.00542	0.00678	0.00542	0.00407	0.01355	0.01220	0.02168	0.01897	0.02168	0.01491	0.00678	0.00407	0.00136	0.00271	0.00542	0.82791	0.00542
5	0.01272	0.01272	0.01781	0.01527	0.01527	0.01781	0.01272	0.01399	0.00891	0.01399	0.00763	0.01272	0.00763	0.01018	0.01908	0.00254	0.78499	0.00509	0.00254	0.00636
6	0.17119	0.04658	0.03863	0.06670	0.11372	0.08540	0.06634	0.18582	0.04847	0.02368	0.01132	0.01299	0.00873	0.00577	0.00517	0.00166	0.00660	0.00458	0.00386	0.09280

[dist]
# distance from previous block
# <min> <max>
5	23

[block]
# block no. 9 follows, 40 sequences, length 58
# corresponding to MSA columns:
# 504-561
name=unknown_J
#
# <colnr> <probs for GDERKNQSTAVLIFYWHMCP>
#	G	D	E	R	K	N	Q	S	T	A	V	L	I	F	Y	W	H	M	C	P
0	0.01162	0.00775	0.00908	0.00865	0.01045	0.02246	0.00672	0.04266	0.08981	0.07633	0.24739	0.12094	0.03180	0.01096	0.00649	0.00191	0.01964	0.09357	0.17546	0.00629
1	0.01026	0.00879	0.01005	0.01030	0.01129	0.07010	0.00783	0.05323	0.01249	0.01628	0.02492	0.41876	0.02819	0.01715	0.06431	0.00284	0.09479	0.12819	0.00473	0.00551
2	0.07809	0.01935	0.01634	0.26476	0.02470	0.37111	0.01246	0.11250	0.01581	0.01820	0.01001	0.01250	0.00780	0.00602	0.00538	0.00170	0.00863	0.00436	0.00327	0.00702
3	0.01048	0.00976	0.01230	0.13289	0.15471	0.05306	0.00957	0.01378	0.06944	0.01670	0.05066	0.09127	0.29476	0.04629	0.00741	0.00208	0.00515	0.00902	0.00433	0.00633
4	0.01558	0.01367	0.01585	0.09439	0.13357	0.05901	0.01145	0.18873	0.26819	0.02381	0.02005	0.02037	0.07898	0.00759	0.00616	0.00186	0.02122	0.00622	0.00480	0.00850
5	0.01168	0.01115	0.01980	0.02137	0.27091	0.01071	0.19850	0.01490	0.01365	0.01881	0.16230	0.02795	0.09127	0.06575	0.00820	0.00215	0.00631	0.03345	0.00396	0.00716
6	0.00714	0.00536	0.00662	0.00745	0.00831	0.00484	0.00515	0.00843	0.01219	0.01587	0.10787	0.53095	0.22525	0.01672	0.00723	0.00221	0.00320	0.01486	0.00549	0.00484
7	0.00795	0.00591	0.00783	0.00798	0.00888	0.00623	0.00578	0.00937	0.01004	0.01357	0.02548	0.11965	0.14623	0.19270	0.39844	0.00650	0.00994	0.00891	0.00385	0.00474
8	0.01851	0.00931	0.01164	0.00958	0.01299	0.00878	0.00768	0.06664	0.10426	0.38903	0.18895	0.02864	0.10007	0.00908	0.00618	0.00184	0.00430	0.00760	0.00660	0.00832
9	0.00737	0.00585	0.00662	0.00656	0.00819	0.00510	0.00487	0.00926	0.01423	0.01834	0.30360	0.10556	0.45591	0.01398	0.00691	0.00195	0.00291	0.01196	0.00575	0.00510
10	0.00706	0.00516	0.00665	0.00784	0.00837	0.00474	0.00528	0.00813	0.01138	0.01495	0.03517	0.70632	0.12196	0.01781	0.00736	0.00232	0.00332	0.01604	0.00540	0.00474
11	0.23427	0.01021	0.01190	0.00962	0.01343	0.01010	0.00784	0.07499	0.01471	0.43340	0.01719	0.01665	0.01166	0.00915	0.03761	0.06296	0.00538	0.00506	0.00565	0.00823
12	0.00695	0.00559	0.00621	0.00670	0.00807	0.00484	0.00478	0.00825	0.01248	0.01539	0.04904	0.32630	0.49303	0.01601	0.00707	0.00211	0.00310	0.01384	0.00540	0.00484
13	0.12463	0.01006	0.01289	0.01002	0.01441	0.00909	0.00827	0.02697	0.01582	0.67375	0.02114	0.01854	0.01341	0.00698	0.00557	0.00180	0.00489	0.00552	0.00676	0.00946
14	0.00709	0.00506	0.00675	0.00810	0.00843	0.00472	0.00540	0.00810	0.01113	0.01484	0.03205	0.79184	0.03846	0.01822	0.00742	0.00236	0.00337	0.01653	0.00540	0.00472
15	0.02172	0.02772	0.01648	0.01498	0.01798	0.77228	0.01124	0.02322	0.01648	0.01423	0.00899	0.01049	0.00749	0.00599	0.00524	0.00150	0.01049	0.00375	0.00300	0.00674
16	0.01080	0.01047	0.02004	0.01629	0.01930	0.01016	0.33107	0.01395	0.01272	0.01709	0.02175	0.24279	0.02286	0.01147	0.00781	0.00227	0.03948	0.17918	0.00418	0.00632
17	0.00790	0.00628	0.00756	0.00723	0.00872	0.00594	0.00547	0.00998	0.01453	0.01939	0.40394	0.07491	0.33511	0.01317	0.00759	0.00194	0.04818	0.01114	0.00574	0.00528
18	0.30982	0.01844	0.29633	0.16993	0.02299	0.01342	0.02672	0.04649	0.01192	0.02120	0.00974	0.01204	0.00719	0.00559	0.00492	0.00184	0.00687	0.00414	0.00304	0.00737
19	0.01732	0.52145	0.02506	0.01062	0.01529	0.02026	0.00987	0.21171	0.01614	0.04050	0.01070	0.01157	0.00873	0.00568	0.00437	0.00140	0.00603	0.00389	0.05134	0.00806
20	0.01591	0.44943	0.04308	0.01059	0.01540	0.03299	0.00982	0.15057	0.04477	0.01928	0.01220	0.01300	0.03817	0.00579	0.00448	0.00136	0.00594	0.00409	0.00349	0.11962
21	0.00779	0.00647	0.00697	0.00707	0.00900	0.00589	0.00549	0.01052	0.06714	0.01649	0.05121	0.06891	0.57868	0.01510	0.02359	0.00222	0.00366	0.10314	0.00538	0.00528
22	0.01299	0.01434	0.03068	0.02243	0.02762	0.01347	0.63633	0.01748	0.01355	0.01831	0.01449	0.06474	0.01255	0.00658	0.00699	0.00204	0.00907	0.06560	0.00328	0.00746
23	0.00741	0.00559	0.00691	0.00786	0.00873	0.00520	0.00553	0.00913	0.03596	0.01550	0.03791	0.55429	0.20367	0.01695	0.00728	0.00228	0.00343	0.05600	0.00541	0.00495
24	0.01892	0.01283	0.01405	0.01148	0.01527	0.01398	0.00925	0.32432	0.25017	0.13756	0.01894	0.01819	0.01363	0.00727	0.00564	0.00178	0.00517	0.00577	0.10667	0.00913
25	0.01555	0.79913	0.03047	0.00995	0.01493	0.02301	0.00995	0.01741	0.01182	0.01368	0.00808	0.00933	0.00746	0.00498	0.00373	0.00124	0.00622	0.00311	0.00249	0.00746
26	0.00719	0.00510	0.00672	0.00797	0.00828	0.00479	0.00526	0.00812	0.01094	0.01458	0.03105	0.73680	0.03720	0.07498	0.00904	0.00260	0.00354	0.01594	0.00526	0.00464
27	0.00801	0.00579	0.00735	0.00781	0.00880	0.00546	0.00562	0.00994	0.04050	0.01735	0.22732	0.34966	0.14556	0.01566	0.00842	0.06972	0.00344	0.05315	0.00545	0.00498
28	0.01098	0.01034	0.01744	0.78165	0.04005	0.01292	0.01615	0.01486	0.01163	0.01486	0.01034	0.01550	0.00775	0.00581	0.00581	0.00194	0.00775	0.00517	0.00258	0.00646
29	0.00912	0.00595	0.00792	0.00790	0.00804	0.00638	0.00528	0.00871	0.00862	0.01174	0.01629	0.12100	0.01806	0.31829	0.09381	0.27499	0.06301	0.00788	0.00332	0.00371
30	0.00973	0.00661	0.00750	0.00707	0.00909	0.00597	0.00546	0.01126	0.01331	0.10079	0.07363	0.04703	0.52975	0.01353	0.00784	0.03559	0.03613	0.03624	0.03798	0.00550
31	0.01402	0.31076	0.31015	0.01676	0.09206	0.05013	0.09516	0.01822	0.01254	0.01657	0.00970	0.01169	0.00774	0.00524	0.00502	0.00161	0.00777	0.00420	0.00258	0.00807
32	0.01166	0.03008	0.76550	0.01657	0.02517	0.01351	0.02149	0.01842	0.01228	0.01842	0.01044	0.01228	0.00737	0.00552	0.00552	0.00184	0.00859	0.00430	0.00246	0.00859
33	0.41047	0.05421	0.31284	0.01174	0.01748	0.01404	0.01288	0.07070	0.01221	0.02324	0.00946	0.01090	0.00704	0.00555	0.00454	0.00179	0.00635	0.00376	0.00326	0.00753
34	0.01266	0.01264	0.01780	0.04228	0.01614	0.01764	0.01284	0.01403	0.00900	0.01403	0.00773	0.01282	0.00764	0.01002	0.01862	0.00252	0.75760	0.00509	0.00255	0.00636
35	0.00715	0.00536	0.00664	0.00747	0.00832	0.00485	0.00516	0.00845	0.01221	0.01593	0.11283	0.53235	0.21874	0.01670	0.00723	0.00221	0.00320	0.01486	0.00550	0.00485
36	0.04469	0.01251	0.01438	0.01284	0.06971	0.01300	0.00951	0.22008	0.21340	0.03998	0.01555	0.01628	0.01197	0.00937	0.06792	0.00221	0.00609	0.00517	0.00478	0.21054
37	0.02919	0.01014	0.01260	0.04040	0.11550	0.01084	0.00891	0.16686	0.10575	0.02055	0.01899	0.11098	0.01875	0.23783	0.01303	0.00305	0.00563	0.05973	0.00452	0.00677
38	0.01364	0.01347	0.01894	0.28200	0.19649	0.09693	0.04393	0.01655	0.01210	0.03546	0.01050	0.01471	0.00865	0.00872	0.05277	0.00238	0.15758	0.00515	0.00286	0.00718
39	0.03560	0.12954	0.04625	0.01249	0.01556	0.40551	0.01014	0.04276	0.01422	0.01549	0.01091	0.01380	0.00943	0.02849	0.14449	0.00299	0.01001	0.00434	0.04140	0.00660
40	0.00779	0.00585	0.00732	0.00787	0.00911	0.00538	0.00600	0.00970	0.01348	0.01768	0.21448	0.25638	0.23593	0.01528	0.00727	0.00219	0.00353	0.16403	0.00563	0.00509
41	0.01004	0.00841	0.01286	0.15629	0.09136	0.00875	0.05342	0.06470	0.01284	0.01711	0.02402	0.44671	0.04421	0.01288	0.00679	0.00214	0.00514	0.01176	0.00450	0.00607
42	0.03159	0.01660	0.04086	0.08152	0.05539	0.11231	0.32146	0.14366	0.05552	0.02134	0.01210	0.01458	0.00915	0.00564	0.00606	0.00179	0.00831	0.00564	0.00360	0.05287
43	0.00833	0.00614	0.00890	0.00890	0.00979	0.00703	0.00672	0.01010	0.00921	0.01317	0.01598	0.02508	0.01551	0.15435	0.66318	0.00880	0.01411	0.00656	0.00318	0.00495
44	0.00750	0.00529	0.00667	0.00751	0.00789	0.00501	0.00488	0.00837	0.01084	0.01445	0.07156	0.52470	0.06370	0.21812	0.01308	0.00316	0.00390	0.01393	0.00497	0.00447
45	0.01206	0.01034	0.01206	0.00861	0.01378	0.00775	0.00689	0.01464	0.01206	0.01895	0.01034	0.01206	0.00861	0.00431	0.00431	0.00086	0.00431	0.00345	0.00345	0.83118
46	0.02569	0.16931	0.55123	0.01453	0.02207	0.01474	0.01785	0.01809	0.01221	0.02954	0.01016	0.01179	0.00757	0.00536	0.00508	0.00166	0.00772	0.00402	0.00263	0.06876
47	0.12337	0.11626	0.04769	0.01396	0.03958	0.45570	0.01101	0.05158	0.04413	0.01732	0.00965	0.01104	0.00789	0.00595	0.00520	0.00158	0.02387	0.00386	0.00321	0.00714
48	0.00786	0.00611	0.00721	0.00720	0.00876	0.00557	0.00542	0.01041	0.04096	0.01911	0.33545	0.12908	0.32705	0.01378	0.00696	0.00199	0.00311	0.05284	0.00582	0.00530
49	0.02072	0.23841	0.01827	0.01040	0.01444	0.01316	0.00903	0.02276	0.01447	0.43736	0.04371	0.04616	0.01423	0.00735	0.00629	0.00171	0.06199	0.00557	0.00540	0.00858
50	0.07588	0.01054	0.01242	0.08187	0.01604	0.02951	0.00840	0.05830	0.03989	0.18341	0.03798	0.05131	0.04080	0.00705	0.00532	0.00153	0.00498	0.02897	0.00471	0.30111
51	0.05749	0.01431	0.07805	0.07703	0.17741	0.08354	0.04084	0.01840	0.01305	0.14510	0.04115	0.01747	0.03938	0.00901	0.04748	0.00228	0.12096	0.00555	0.00380	0.00771
52	0.40916	0.01025	0.01045	0.00883	0.01198	0.01124	0.05985	0.10084	0.01298	0.02533	0.01263	0.01446	0.00973	0.00600	0.00425	0.00166	0.00452	0.00441	0.27487	0.00654
53	0.01296	0.01093	0.01613	0.04132	0.33921	0.04258	0.01209	0.01589	0.02974	0.07134	0.01701	0.02111	0.06405	0.04876	0.22667	0.00409	0.00904	0.00613	0.00354	0.00740
54	0.04661	0.01530	0.13775	0.02910	0.05694	0.01320	0.02835	0.18251	0.16781	0.17740	0.01798	0.02020	0.01352	0.00742	0.00590	0.00190	0.00608	0.05793	0.00518	0.00893
55	0.00974	0.04450	0.18375	0.01195	0.01490	0.00938	0.05292	0.01258	0.01182	0.01616	0.02362	0.30054	0.05563	0.01293	0.00809	0.02086	0.06281	0.13756	0.00418	0.00609
