[name]
unknown

[dist]
# distance from previous block
# <min> <max>
0	993

[block]
# block no. 0 follows, 53 sequences, length 22
# corresponding to MSA columns:
# 993-1014
name=unknown_A
#
# <colnr> <probs for GDERKNQSTAVLIFYWHMCP>
#	G	D	E	R	K	N	Q	S	T	A	V	L	I	F	Y	W	H	M	C	P
0	0.01017	0.00956	0.01492	0.01084	0.01508	0.00793	0.22435	0.01283	0.01036	0.01543	0.00977	0.01323	0.00828	0.00422	0.00430	0.00105	0.00486	0.04688	0.00280	0.57314
1	0.01402	0.00850	0.01043	0.00766	0.01171	0.00682	0.00621	0.03632	0.01151	0.28210	0.01206	0.01209	0.00871	0.00440	0.00400	0.00099	0.00376	0.00354	0.00392	0.55124
2	0.86579	0.00924	0.00702	0.00629	0.00924	0.01072	0.00518	0.01405	0.00813	0.02144	0.00666	0.00776	0.00518	0.00444	0.00296	0.00148	0.00370	0.00259	0.00296	0.00518
3	0.01187	0.01057	0.01322	0.01523	0.23398	0.01174	0.00956	0.02239	0.57402	0.01877	0.01652	0.01615	0.01262	0.00586	0.00483	0.00156	0.00431	0.00508	0.00416	0.00757
4	0.01012	0.01020	0.01907	0.46476	0.15831	0.01115	0.22995	0.01349	0.01026	0.01365	0.00891	0.01263	0.00682	0.00448	0.00501	0.00157	0.00673	0.00464	0.00225	0.00600
5	0.00721	0.00589	0.00836	0.23431	0.01426	0.00614	0.00682	0.00956	0.01198	0.01618	0.45312	0.03097	0.15951	0.00876	0.00540	0.00155	0.00344	0.00765	0.00424	0.00466
6	0.01129	0.01180	0.00941	0.00868	0.01091	0.23371	0.00660	0.01688	0.29004	0.01509	0.02661	0.02549	0.29804	0.00809	0.00499	0.00151	0.00464	0.00646	0.00404	0.00571
7	0.00622	0.00503	0.00564	0.00595	0.00742	0.00445	0.00477	0.00771	0.01092	0.01330	0.04194	0.04822	0.58350	0.01241	0.00592	0.00178	0.00298	0.22327	0.00443	0.00414
8	0.00903	0.00850	0.01434	0.82054	0.03292	0.01062	0.01327	0.01221	0.00956	0.01221	0.00850	0.01274	0.00637	0.00478	0.00478	0.00159	0.00637	0.00425	0.00212	0.00531
9	0.62450	0.00801	0.00641	0.00588	0.00846	0.00885	0.00474	0.01203	0.00891	0.01905	0.01837	0.01849	0.22821	0.00659	0.00371	0.00152	0.00334	0.00469	0.00337	0.00486
10	0.00879	0.01916	0.58260	0.01149	0.01689	0.00925	0.01397	0.01342	0.01106	0.01627	0.23050	0.01728	0.01701	0.00601	0.00485	0.00151	0.00571	0.00497	0.00293	0.00635
11	0.01010	0.24008	0.01230	0.00733	0.00883	0.11122	0.00561	0.01080	0.00860	0.01029	0.01129	0.02045	0.01214	0.42948	0.04841	0.00322	0.03797	0.00504	0.00256	0.00429
12	0.00735	0.00661	0.01190	0.01044	0.01200	0.00618	0.22336	0.00908	0.00975	0.01307	0.02167	0.60000	0.02478	0.01190	0.00597	0.00185	0.00426	0.01136	0.00387	0.00460
13	0.62508	0.00819	0.00721	0.00699	0.00943	0.00926	0.00588	0.01289	0.00894	0.01944	0.01189	0.02071	0.01144	0.00690	0.00398	0.00168	0.00389	0.21787	0.00336	0.00496
14	0.01139	0.01028	0.00965	0.00867	0.01079	0.13775	0.00666	0.08019	0.27315	0.03029	0.29559	0.03621	0.04201	0.00759	0.00506	0.00150	0.00407	0.00632	0.01682	0.00602
15	0.00951	0.00889	0.03264	0.25730	0.30042	0.00917	0.01123	0.04220	0.01044	0.01421	0.01380	0.24125	0.01394	0.00748	0.00513	0.00162	0.00509	0.00686	0.00296	0.00587
16	0.01437	0.00808	0.01004	0.00786	0.01118	0.00710	0.00634	0.07407	0.04184	0.31726	0.15534	0.01830	0.01650	0.00604	0.00460	0.00126	0.00367	0.02129	0.00469	0.27018
17	0.01513	0.01163	0.01459	0.04364	0.01569	0.11169	0.14916	0.04581	0.24224	0.23812	0.01570	0.01544	0.02948	0.00576	0.00516	0.00153	0.02295	0.00499	0.00423	0.00706
18	0.01078	0.60205	0.01938	0.00724	0.01064	0.01474	0.00690	0.01222	0.01004	0.01171	0.01836	0.01842	0.22890	0.00634	0.00379	0.00119	0.00436	0.00467	0.00272	0.00554
19	0.01021	0.00527	0.00710	0.00717	0.00841	0.00476	0.00516	0.01132	0.01042	0.23474	0.02424	0.60095	0.02606	0.01243	0.00574	0.00181	0.00314	0.01112	0.00485	0.00507
20	0.00603	0.00502	0.00530	0.00530	0.00683	0.00439	0.00397	0.00779	0.03964	0.01377	0.11869	0.08304	0.64609	0.01184	0.00566	0.00163	0.00251	0.02378	0.00453	0.00421
21	0.77530	0.00942	0.00764	0.00666	0.00971	0.01077	0.00549	0.05806	0.00922	0.06158	0.00754	0.00840	0.00568	0.00458	0.00315	0.00148	0.00380	0.00280	0.00321	0.00549

[dist]
# distance from previous block
# <min> <max>
0	28

[block]
# block no. 1 follows, 53 sequences, length 8
# corresponding to MSA columns:
# 1043-1050
name=unknown_B
#
# <colnr> <probs for GDERKNQSTAVLIFYWHMCP>
#	G	D	E	R	K	N	Q	S	T	A	V	L	I	F	Y	W	H	M	C	P
0	0.00611	0.00438	0.00580	0.00646	0.00700	0.00407	0.00446	0.00738	0.01049	0.01433	0.26258	0.58660	0.03573	0.01338	0.00596	0.00181	0.00261	0.01208	0.00469	0.00407
1	0.01104	0.01342	0.16135	0.01837	0.32227	0.04420	0.05143	0.01666	0.19239	0.01604	0.01373	0.07139	0.03471	0.00584	0.00488	0.00153	0.00543	0.00525	0.00310	0.00697
2	0.00579	0.00485	0.00503	0.00499	0.00654	0.00409	0.00374	0.00712	0.01122	0.01368	0.14066	0.04473	0.70755	0.01182	0.00565	0.00160	0.00240	0.00991	0.00454	0.00409
3	0.00891	0.00445	0.00445	0.00445	0.00557	0.00445	0.00334	0.01114	0.01002	0.01782	0.01559	0.01782	0.01225	0.00557	0.00334	0.00111	0.00223	0.00445	0.85856	0.00445
4	0.86579	0.00924	0.00702	0.00629	0.00924	0.01072	0.00518	0.01405	0.00813	0.02144	0.00666	0.00776	0.00518	0.00444	0.00296	0.00148	0.00370	0.00259	0.00296	0.00518
5	0.27380	0.00912	0.00883	0.00741	0.00996	0.01008	0.00591	0.28808	0.01361	0.02256	0.01135	0.01367	0.00907	0.07830	0.00559	0.00165	0.00397	0.00405	0.21713	0.00585
6	0.01197	0.62858	0.22424	0.00956	0.01441	0.01692	0.01059	0.01452	0.00981	0.01224	0.00714	0.00828	0.00611	0.00420	0.00344	0.00115	0.00561	0.00280	0.00204	0.00637
7	0.00891	0.00445	0.00445	0.00445	0.00557	0.00445	0.00334	0.01114	0.01002	0.01782	0.01559	0.01782	0.01225	0.00557	0.00334	0.00111	0.00223	0.00445	0.85856	0.00445

[dist]
# distance from previous block
# <min> <max>
0	2

[block]
# block no. 2 follows, 53 sequences, length 16
# corresponding to MSA columns:
# 1053-1068
name=unknown_C
#
# <colnr> <probs for GDERKNQSTAVLIFYWHMCP>
#	G	D	E	R	K	N	Q	S	T	A	V	L	I	F	Y	W	H	M	C	P
0	0.01817	0.01339	0.01434	0.01100	0.01482	0.01482	0.00908	0.78627	0.02247	0.03012	0.01148	0.01148	0.00813	0.00574	0.00478	0.00143	0.00526	0.00430	0.00478	0.00813
1	0.01920	0.00759	0.01018	0.00799	0.01112	0.00665	0.00639	0.02076	0.01264	0.68220	0.01827	0.01859	0.01269	0.13386	0.00783	0.00197	0.00415	0.00514	0.00545	0.00732
2	0.00959	0.02472	0.80726	0.01362	0.02069	0.01110	0.01766	0.01514	0.01009	0.01514	0.00858	0.01009	0.00605	0.00454	0.00454	0.00151	0.00706	0.00353	0.00202	0.00706
3	0.00830	0.00415	0.00623	0.00623	0.00623	0.00415	0.00415	0.00623	0.00623	0.00830	0.00830	0.01453	0.00830	0.01660	0.01868	0.86094	0.00415	0.00415	0.00208	0.00208
4	0.01092	0.01047	0.01832	0.02434	0.57499	0.01031	0.10746	0.01381	0.01137	0.01617	0.14023	0.01592	0.01376	0.00514	0.00499	0.00146	0.00540	0.00516	0.00285	0.00693
5	0.01817	0.01339	0.01434	0.01100	0.01482	0.01482	0.00908	0.78627	0.02247	0.03012	0.01148	0.01148	0.00813	0.00574	0.00478	0.00143	0.00526	0.00430	0.00478	0.00813
6	0.01179	0.26049	0.01594	0.04516	0.10106	0.01118	0.00792	0.03294	0.01046	0.05711	0.00862	0.00995	0.00710	0.00402	0.00368	0.00098	0.00445	0.00311	0.00272	0.40131
7	0.01602	0.01930	0.01533	0.01750	0.25449	0.56885	0.01089	0.01774	0.01273	0.01289	0.00788	0.00960	0.00659	0.00472	0.00444	0.00129	0.00772	0.00344	0.00243	0.00616
8	0.01183	0.01136	0.01940	0.02934	0.80221	0.01136	0.01467	0.01467	0.01088	0.01562	0.00899	0.01183	0.00757	0.00426	0.00473	0.00142	0.00568	0.00426	0.00237	0.00757
9	0.00565	0.00484	0.00484	0.00484	0.00646	0.00403	0.00363	0.00686	0.01089	0.01291	0.04842	0.04600	0.80027	0.01210	0.00565	0.00161	0.00242	0.01009	0.00444	0.00403
10	0.00578	0.00485	0.00502	0.00498	0.00653	0.00409	0.00373	0.00711	0.01120	0.01363	0.13474	0.04482	0.71350	0.01184	0.00565	0.00160	0.00240	0.00992	0.00453	0.00409
11	0.02144	0.00813	0.01109	0.00850	0.01220	0.00702	0.00702	0.02329	0.01368	0.80552	0.01886	0.01627	0.01183	0.00592	0.00481	0.00148	0.00407	0.00481	0.00592	0.00813
12	0.00903	0.00850	0.01434	0.82054	0.03292	0.01062	0.01327	0.01221	0.00956	0.01221	0.00850	0.01274	0.00637	0.00478	0.00478	0.00159	0.00637	0.00425	0.00212	0.00531
13	0.01240	0.01052	0.01110	0.00983	0.01262	0.01213	0.00769	0.08742	0.73072	0.02082	0.01880	0.01731	0.01406	0.00642	0.00486	0.00161	0.00390	0.00531	0.00486	0.00761
14	0.86579	0.00924	0.00702	0.00629	0.00924	0.01072	0.00518	0.01405	0.00813	0.02144	0.00666	0.00776	0.00518	0.00444	0.00296	0.00148	0.00370	0.00259	0.00296	0.00518
15	0.01275	0.00782	0.00948	0.00717	0.01084	0.00621	0.00576	0.01465	0.01121	0.25513	0.01783	0.01743	0.13137	0.00559	0.00425	0.00108	0.00353	0.00456	0.00402	0.46932

[dist]
# distance from previous block
# <min> <max>
0	2

[block]
# block no. 3 follows, 53 sequences, length 26
# corresponding to MSA columns:
# 1071-1096
name=unknown_D
#
# <colnr> <probs for GDERKNQSTAVLIFYWHMCP>
#	G	D	E	R	K	N	Q	S	T	A	V	L	I	F	Y	W	H	M	C	P
0	0.01907	0.00838	0.01183	0.00913	0.01264	0.00753	0.05525	0.04012	0.04870	0.63632	0.08379	0.01765	0.01438	0.00614	0.00493	0.00149	0.00418	0.00520	0.00557	0.00770
1	0.01183	0.01136	0.01940	0.02934	0.80221	0.01136	0.01467	0.01467	0.01088	0.01562	0.00899	0.01183	0.00757	0.00426	0.00473	0.00142	0.00568	0.00426	0.00237	0.00757
2	0.86579	0.00924	0.00702	0.00629	0.00924	0.01072	0.00518	0.01405	0.00813	0.02144	0.00666	0.00776	0.00518	0.00444	0.00296	0.00148	0.00370	0.00259	0.00296	0.00518
3	0.01081	0.01018	0.01694	0.02512	0.66097	0.01008	0.01279	0.01342	0.01102	0.01555	0.06713	0.03982	0.07407	0.00557	0.00491	0.00146	0.00510	0.00530	0.00279	0.00697
4	0.86579	0.00924	0.00702	0.00629	0.00924	0.01072	0.00518	0.01405	0.00813	0.02144	0.00666	0.00776	0.00518	0.00444	0.00296	0.00148	0.00370	0.00259	0.00296	0.00518
5	0.01278	0.83490	0.02505	0.00818	0.01227	0.01891	0.00818	0.01431	0.00971	0.01125	0.00664	0.00767	0.00613	0.00409	0.00307	0.00102	0.00511	0.00256	0.00204	0.00613
6	0.00586	0.00485	0.00514	0.00507	0.00659	0.00413	0.00380	0.00727	0.01140	0.01411	0.19198	0.04403	0.65596	0.01166	0.00565	0.00159	0.00239	0.00981	0.00460	0.00413
7	0.00578	0.00485	0.00503	0.00498	0.00654	0.00409	0.00374	0.00712	0.01121	0.01366	0.13796	0.04477	0.71026	0.01183	0.00565	0.00160	0.00240	0.00992	0.00454	0.00409
8	0.00667	0.00488	0.00626	0.00591	0.00708	0.00447	0.00444	0.00884	0.01331	0.01864	0.73652	0.03657	0.10859	0.00997	0.00564	0.00151	0.00227	0.00877	0.00519	0.00447
9	0.01226	0.01029	0.01089	0.00960	0.01235	0.01175	0.00752	0.11301	0.65470	0.02089	0.03936	0.01859	0.04393	0.00669	0.00490	0.00160	0.00387	0.00553	0.00485	0.00742
10	0.01201	0.01027	0.01081	0.00966	0.01238	0.01182	0.00753	0.05903	0.73868	0.02026	0.01985	0.01828	0.03470	0.00660	0.00488	0.00161	0.00381	0.00548	0.00485	0.00750
11	0.00776	0.00674	0.01047	0.36404	0.01921	0.00748	0.03979	0.03037	0.00998	0.01290	0.02008	0.32274	0.11066	0.00947	0.00541	0.00172	0.00459	0.00850	0.00335	0.00474
12	0.13655	0.01228	0.01327	0.01043	0.01397	0.02670	0.03725	0.56420	0.01887	0.05685	0.01173	0.03424	0.00896	0.00594	0.00464	0.00148	0.00506	0.02576	0.00442	0.00739
13	0.83308	0.04090	0.00772	0.00636	0.00936	0.01104	0.00529	0.01406	0.00819	0.02105	0.00665	0.00776	0.00521	0.00442	0.00296	0.00146	0.00375	0.00259	0.00292	0.00521
14	0.86579	0.00924	0.00702	0.00629	0.00924	0.01072	0.00518	0.01405	0.00813	0.02144	0.00666	0.00776	0.00518	0.00444	0.00296	0.00148	0.00370	0.00259	0.00296	0.00518
15	0.00974	0.08090	0.19945	0.00928	0.01265	0.00916	0.02852	0.01505	0.17816	0.05208	0.21869	0.02382	0.09244	0.00741	0.00501	0.00153	0.00430	0.04176	0.00398	0.00607
16	0.86579	0.00924	0.00702	0.00629	0.00924	0.01072	0.00518	0.01405	0.00813	0.02144	0.00666	0.00776	0.00518	0.00444	0.00296	0.00148	0.00370	0.00259	0.00296	0.00518
17	0.01298	0.01068	0.01128	0.00974	0.01264	0.01211	0.00769	0.19970	0.57105	0.02192	0.01927	0.01798	0.05808	0.00663	0.00489	0.00158	0.00405	0.00542	0.00482	0.00749
18	0.01640	0.01168	0.01246	0.00975	0.01306	0.01284	0.00799	0.63838	0.02010	0.02778	0.01226	0.01269	0.00891	0.00571	0.00451	0.00137	0.00468	0.00433	0.16768	0.00743
19	0.01327	0.01039	0.01117	0.00975	0.01264	0.01178	0.00767	0.09844	0.65593	0.08487	0.01864	0.01709	0.01374	0.00637	0.00485	0.00159	0.00395	0.00525	0.00494	0.00767
20	0.00676	0.00489	0.00639	0.00601	0.00714	0.00451	0.00451	0.00902	0.01353	0.01917	0.79969	0.03570	0.04510	0.00977	0.00564	0.00150	0.00225	0.00864	0.00526	0.00451
21	0.01131	0.01282	0.02781	0.02056	0.05981	0.01205	0.75034	0.01528	0.01126	0.01532	0.00964	0.01285	0.00727	0.00404	0.00560	0.00160	0.00795	0.00558	0.00242	0.00650
22	0.00694	0.00467	0.00542	0.00542	0.00549	0.00475	0.00315	0.00708	0.00701	0.00942	0.01487	0.03023	0.01692	0.76508	0.09065	0.00489	0.00532	0.00680	0.00287	0.00301
23	0.00903	0.00850	0.01434	0.82054	0.03292	0.01062	0.01327	0.01221	0.00956	0.01221	0.00850	0.01274	0.00637	0.00478	0.00478	0.00159	0.00637	0.00425	0.00212	0.00531
24	0.01962	0.00854	0.01104	0.00874	0.01224	0.00795	0.00713	0.02370	0.16271	0.65541	0.01897	0.01657	0.01236	0.00602	0.00482	0.00151	0.00401	0.00492	0.00571	0.00803
25	0.00663	0.00502	0.00723	0.00732	0.00820	0.00562	0.00562	0.00822	0.00811	0.01136	0.01733	0.08730	0.08940	0.03186	0.66974	0.00663	0.01099	0.00629	0.00289	0.00421

[dist]
# distance from previous block
# <min> <max>
0	2

[block]
# block no. 4 follows, 53 sequences, length 34
# corresponding to MSA columns:
# 1099-1132
name=unknown_E
#
# <colnr> <probs for GDERKNQSTAVLIFYWHMCP>
#	G	D	E	R	K	N	Q	S	T	A	V	L	I	F	Y	W	H	M	C	P
0	0.00926	0.00855	0.01181	0.01058	0.01110	0.01128	0.00867	0.01136	0.05926	0.01213	0.01132	0.01655	0.03738	0.01612	0.23231	0.00358	0.47976	0.04136	0.00259	0.00504
1	0.00959	0.02472	0.80726	0.01362	0.02069	0.01110	0.01766	0.01514	0.01009	0.01514	0.00858	0.01009	0.00605	0.00454	0.00454	0.00151	0.00706	0.00353	0.00202	0.00706
2	0.01128	0.00970	0.01025	0.00933	0.01190	0.01108	0.00728	0.02347	0.70776	0.01927	0.02181	0.02120	0.07340	0.00714	0.00498	0.00164	0.00370	0.03280	0.00482	0.00719
3	0.00565	0.00484	0.00484	0.00484	0.00646	0.00403	0.00363	0.00686	0.01089	0.01291	0.04842	0.04600	0.80027	0.01210	0.00565	0.00161	0.00242	0.01009	0.00444	0.00403
4	0.86579	0.00924	0.00702	0.00629	0.00924	0.01072	0.00518	0.01405	0.00813	0.02144	0.00666	0.00776	0.00518	0.00444	0.00296	0.00148	0.00370	0.00259	0.00296	0.00518
5	0.00991	0.00850	0.00991	0.00708	0.01133	0.00637	0.00566	0.01203	0.00991	0.01557	0.00850	0.00991	0.00708	0.00354	0.00354	0.00071	0.00354	0.00283	0.00283	0.86124
6	0.00637	0.00455	0.00617	0.00728	0.00779	0.00435	0.00538	0.00760	0.00969	0.01281	0.02604	0.60450	0.03042	0.01446	0.00625	0.00202	0.00324	0.23262	0.00443	0.00403
7	0.01183	0.01136	0.01940	0.02934	0.80221	0.01136	0.01467	0.01467	0.01088	0.01562	0.00899	0.01183	0.00757	0.00426	0.00473	0.00142	0.00568	0.00426	0.00237	0.00757
8	0.00959	0.02472	0.80726	0.01362	0.02069	0.01110	0.01766	0.01514	0.01009	0.01514	0.00858	0.01009	0.00605	0.00454	0.00454	0.00151	0.00706	0.00353	0.00202	0.00706
9	0.01817	0.01339	0.01434	0.01100	0.01482	0.01482	0.00908	0.78627	0.02247	0.03012	0.01148	0.01148	0.00813	0.00574	0.00478	0.00143	0.00526	0.00430	0.00478	0.00813
10	0.02144	0.00813	0.01109	0.00850	0.01220	0.00702	0.00702	0.02329	0.01368	0.80552	0.01886	0.01627	0.01183	0.00592	0.00481	0.00148	0.00407	0.00481	0.00592	0.00813
11	0.00676	0.00489	0.00639	0.00601	0.00714	0.00451	0.00451	0.00902	0.01353	0.01917	0.79969	0.03570	0.04510	0.00977	0.00564	0.00150	0.00225	0.00864	0.00526	0.00451
12	0.00830	0.00415	0.00623	0.00623	0.00623	0.00415	0.00415	0.00623	0.00623	0.00830	0.00830	0.01453	0.00830	0.01660	0.01868	0.86094	0.00415	0.00415	0.00208	0.00208
13	0.00581	0.00485	0.00507	0.00502	0.00656	0.00411	0.00376	0.00718	0.01129	0.01384	0.16008	0.04447	0.68803	0.01176	0.00565	0.00160	0.00240	0.00987	0.00456	0.00411
14	0.01008	0.15109	0.68526	0.01277	0.01937	0.01232	0.01618	0.01501	0.01003	0.01453	0.00828	0.00971	0.00607	0.00447	0.00431	0.00144	0.00676	0.00338	0.00202	0.00692
15	0.00959	0.02472	0.80726	0.01362	0.02069	0.01110	0.01766	0.01514	0.01009	0.01514	0.00858	0.01009	0.00605	0.00454	0.00454	0.00151	0.00706	0.00353	0.00202	0.00706
16	0.01836	0.01246	0.01369	0.01057	0.01432	0.01352	0.00871	0.63636	0.05805	0.14501	0.01296	0.01249	0.00899	0.00580	0.00479	0.00145	0.00501	0.00443	0.00495	0.00810
17	0.01032	0.00875	0.01012	0.00732	0.01151	0.00688	0.00586	0.04561	0.03094	0.01631	0.00891	0.01019	0.00732	0.00371	0.00363	0.00076	0.00362	0.00296	0.00297	0.80231
18	0.01278	0.00939	0.01080	0.00937	0.01186	0.01007	0.00777	0.39123	0.03908	0.02316	0.16668	0.02858	0.02100	0.00869	0.00547	0.00167	0.00439	0.22689	0.00477	0.00634
19	0.01128	0.01289	0.02820	0.02015	0.02498	0.01209	0.78485	0.01531	0.01128	0.01531	0.00967	0.01289	0.00725	0.00403	0.00564	0.00161	0.00806	0.00564	0.00242	0.00645
20	0.01801	0.01826	0.01393	0.01168	0.01480	0.42891	0.00916	0.38818	0.01784	0.02056	0.00935	0.00999	0.00711	0.00532	0.00454	0.00133	0.00700	0.00367	0.00358	0.00679
21	0.00641	0.00441	0.00537	0.00591	0.00604	0.00427	0.00364	0.00681	0.00801	0.01068	0.02049	0.41502	0.02423	0.43894	0.01556	0.00334	0.00374	0.01014	0.00364	0.00337
22	0.02144	0.00813	0.01109	0.00850	0.01220	0.00702	0.00702	0.02329	0.01368	0.80552	0.01886	0.01627	0.01183	0.00592	0.00481	0.00148	0.00407	0.00481	0.00592	0.00813
23	0.00830	0.00415	0.00623	0.00623	0.00623	0.00415	0.00415	0.00623	0.00623	0.00830	0.00830	0.01453	0.00830	0.01660	0.01868	0.86094	0.00415	0.00415	0.00208	0.00208
24	0.86579	0.00924	0.00702	0.00629	0.00924	0.01072	0.00518	0.01405	0.00813	0.02144	0.00666	0.00776	0.00518	0.00444	0.00296	0.00148	0.00370	0.00259	0.00296	0.00518
25	0.00903	0.00850	0.01434	0.82054	0.03292	0.01062	0.01327	0.01221	0.00956	0.01221	0.00850	0.01274	0.00637	0.00478	0.00478	0.00159	0.00637	0.00425	0.00212	0.00531
26	0.00903	0.00850	0.01434	0.82054	0.03292	0.01062	0.01327	0.01221	0.00956	0.01221	0.00850	0.01274	0.00637	0.00478	0.00478	0.00159	0.00637	0.00425	0.00212	0.00531
27	0.01423	0.01110	0.01188	0.01005	0.01314	0.01254	0.00800	0.25361	0.52489	0.06060	0.01703	0.01585	0.01252	0.00623	0.00484	0.00156	0.00424	0.00504	0.00489	0.00776
28	0.00610	0.00436	0.00587	0.00697	0.00737	0.00412	0.00492	0.00714	0.00943	0.01251	0.02619	0.71372	0.03100	0.01471	0.00618	0.00198	0.00301	0.12602	0.00443	0.00396
29	0.01809	0.00791	0.01036	0.00828	0.01148	0.00725	0.00672	0.02143	0.10923	0.59226	0.13511	0.01935	0.01712	0.00656	0.00494	0.00150	0.00376	0.00545	0.00569	0.00753
30	0.01075	0.01089	0.01946	0.01403	0.01848	0.00970	0.41011	0.01461	0.06190	0.01573	0.00982	0.01198	0.00766	0.00399	0.00472	0.00124	0.00590	0.00446	0.00275	0.36183
31	0.01659	0.01231	0.01324	0.01054	0.01406	0.01369	0.00858	0.54540	0.23303	0.06063	0.01397	0.01342	0.01005	0.00595	0.00480	0.00149	0.00480	0.00463	0.00485	0.00797
32	0.66961	0.00850	0.00741	0.00725	0.04288	0.00957	0.00546	0.01306	0.00910	0.02052	0.12620	0.04164	0.01221	0.00561	0.00355	0.00150	0.00353	0.00396	0.00333	0.00513
33	0.00652	0.00484	0.00676	0.00726	0.00790	0.00518	0.00529	0.00823	0.03664	0.01195	0.01958	0.41000	0.02154	0.02471	0.39430	0.00469	0.00763	0.00922	0.00355	0.00420

[dist]
# distance from previous block
# <min> <max>
0	2

[block]
# block no. 5 follows, 53 sequences, length 236
# corresponding to MSA columns:
# 1135-1370
name=unknown_F
#
# <colnr> <probs for GDERKNQSTAVLIFYWHMCP>
#	G	D	E	R	K	N	Q	S	T	A	V	L	I	F	Y	W	H	M	C	P
0	0.01137	0.01211	0.02552	0.01831	0.02291	0.01123	0.67488	0.01512	0.01137	0.04348	0.04188	0.01374	0.00893	0.00430	0.00547	0.00154	0.00739	0.00555	0.00268	0.06220
1	0.01016	0.17009	0.66691	0.01265	0.01918	0.01250	0.01596	0.01499	0.01002	0.01444	0.00823	0.00966	0.00607	0.00446	0.00428	0.00143	0.00671	0.00336	0.00202	0.00690
2	0.01278	0.83490	0.02505	0.00818	0.01227	0.01891	0.00818	0.01431	0.00971	0.01125	0.00664	0.00767	0.00613	0.00409	0.00307	0.00102	0.00511	0.00256	0.00204	0.00613
3	0.00991	0.00850	0.00991	0.00708	0.01133	0.00637	0.00566	0.01203	0.00991	0.01557	0.00850	0.00991	0.00708	0.00354	0.00354	0.00071	0.00354	0.00283	0.00283	0.86124
4	0.00582	0.00416	0.00555	0.00666	0.00693	0.00388	0.00444	0.00666	0.00915	0.01220	0.02634	0.82891	0.03161	0.01497	0.00610	0.00194	0.00277	0.01359	0.00444	0.00388
5	0.86579	0.00924	0.00702	0.00629	0.00924	0.01072	0.00518	0.01405	0.00813	0.02144	0.00666	0.00776	0.00518	0.00444	0.00296	0.00148	0.00370	0.00259	0.00296	0.00518
6	0.00582	0.00416	0.00555	0.00666	0.00693	0.00388	0.00444	0.00666	0.00915	0.01220	0.02634	0.82891	0.03161	0.01497	0.00610	0.00194	0.00277	0.01359	0.00444	0.00388
7	0.01817	0.01339	0.01434	0.01100	0.01482	0.01482	0.00908	0.78627	0.02247	0.03012	0.01148	0.01148	0.00813	0.00574	0.00478	0.00143	0.00526	0.00430	0.00478	0.00813
8	0.00912	0.00935	0.00758	0.00722	0.00914	0.17441	0.00550	0.01203	0.11658	0.01367	0.03501	0.03471	0.49729	0.00989	0.00530	0.00156	0.00398	0.03873	0.00408	0.00484
9	0.00959	0.02472	0.80726	0.01362	0.02069	0.01110	0.01766	0.01514	0.01009	0.01514	0.00858	0.01009	0.00605	0.00454	0.00454	0.00151	0.00706	0.00353	0.00202	0.00706
10	0.86579	0.00924	0.00702	0.00629	0.00924	0.01072	0.00518	0.01405	0.00813	0.02144	0.00666	0.00776	0.00518	0.00444	0.00296	0.00148	0.00370	0.00259	0.00296	0.00518
11	0.01785	0.02278	0.01354	0.01231	0.01478	0.81284	0.00924	0.01909	0.01354	0.01170	0.00739	0.00862	0.00616	0.00493	0.00431	0.00123	0.00862	0.00308	0.00246	0.00554
12	0.00999	0.16245	0.63321	0.01231	0.01857	0.01211	0.01538	0.01469	0.01020	0.01467	0.04787	0.01096	0.00802	0.00473	0.00434	0.00143	0.00649	0.00362	0.00219	0.00678
13	0.01170	0.01222	0.02306	0.02510	0.45541	0.02599	0.34428	0.01502	0.01110	0.01541	0.00925	0.01223	0.00741	0.00417	0.00511	0.00150	0.00675	0.00483	0.00239	0.00705
14	0.01183	0.01136	0.01940	0.02934	0.80221	0.01136	0.01467	0.01467	0.01088	0.01562	0.00899	0.01183	0.00757	0.00426	0.00473	0.00142	0.00568	0.00426	0.00237	0.00757
15	0.00785	0.00710	0.00623	0.00616	0.00710	0.11290	0.00415	0.00852	0.00945	0.01116	0.02701	0.10465	0.29822	0.35370	0.01331	0.00285	0.00421	0.00815	0.00353	0.00375
16	0.00959	0.00810	0.00948	0.00707	0.01082	0.00640	0.00560	0.01230	0.04965	0.01628	0.11531	0.01377	0.01256	0.00452	0.00389	0.00086	0.00338	0.00374	0.00326	0.70341
17	0.01022	0.18443	0.65306	0.01255	0.01903	0.01264	0.01579	0.01497	0.01002	0.01437	0.00820	0.00961	0.00607	0.00445	0.00425	0.00142	0.00668	0.00334	0.00202	0.00688
18	0.01346	0.72582	0.02350	0.00873	0.01260	0.12555	0.00832	0.01495	0.01023	0.01131	0.00674	0.00780	0.00614	0.00420	0.00323	0.00105	0.00558	0.00263	0.00210	0.00605
19	0.00582	0.00416	0.00555	0.00666	0.00693	0.00388	0.00444	0.00666	0.00915	0.01220	0.02634	0.82891	0.03161	0.01497	0.00610	0.00194	0.00277	0.01359	0.00444	0.00388
20	0.00903	0.00850	0.01434	0.82054	0.03292	0.01062	0.01327	0.01221	0.00956	0.01221	0.00850	0.01274	0.00637	0.00478	0.00478	0.00159	0.00637	0.00425	0.00212	0.00531
21	0.01186	0.60297	0.24897	0.00974	0.01468	0.01668	0.01089	0.01455	0.00982	0.01236	0.00720	0.00836	0.00611	0.00422	0.00349	0.00116	0.00567	0.00284	0.00204	0.00640
22	0.00589	0.00442	0.00549	0.00632	0.00699	0.00402	0.00443	0.00690	0.00971	0.01251	0.03195	0.58144	0.22886	0.01413	0.00601	0.00187	0.00278	0.05790	0.00444	0.00395
23	0.00695	0.00463	0.00521	0.00521	0.00521	0.00463	0.00290	0.00695	0.00695	0.00927	0.01506	0.03128	0.01738	0.83203	0.02433	0.00463	0.00463	0.00695	0.00290	0.00290
24	0.00991	0.00850	0.00991	0.00708	0.01133	0.00637	0.00566	0.01203	0.00991	0.01557	0.00850	0.00991	0.00708	0.00354	0.00354	0.00071	0.00354	0.00283	0.00283	0.86124
25	0.01194	0.33763	0.39806	0.01130	0.01664	0.09886	0.01286	0.03741	0.01066	0.01370	0.00779	0.00904	0.00616	0.00444	0.00395	0.00129	0.00642	0.00313	0.00215	0.00657
26	0.28656	0.01083	0.01069	0.00936	0.04258	0.11775	0.00723	0.04096	0.01181	0.36763	0.01238	0.01202	0.00848	0.00534	0.00456	0.00147	0.03561	0.00381	0.00420	0.00672
27	0.01552	0.01084	0.01152	0.00913	0.01218	0.01186	0.00744	0.56481	0.01892	0.02661	0.01265	0.01329	0.00931	0.00569	0.00437	0.00134	0.00439	0.00435	0.24871	0.00708
28	0.86579	0.00924	0.00702	0.00629	0.00924	0.01072	0.00518	0.01405	0.00813	0.02144	0.00666	0.00776	0.00518	0.00444	0.00296	0.00148	0.00370	0.00259	0.00296	0.00518
29	0.01278	0.83490	0.02505	0.00818	0.01227	0.01891	0.00818	0.01431	0.00971	0.01125	0.00664	0.00767	0.00613	0.00409	0.00307	0.00102	0.00511	0.00256	0.00204	0.00613
30	0.00582	0.00416	0.00555	0.00666	0.00693	0.00388	0.00444	0.00666	0.00915	0.01220	0.02634	0.82891	0.03161	0.01497	0.00610	0.00194	0.00277	0.01359	0.00444	0.00388
31	0.01737	0.01267	0.01369	0.01066	0.01424	0.01394	0.00873	0.72045	0.02141	0.04105	0.01262	0.06801	0.00981	0.00638	0.00487	0.00147	0.00507	0.00495	0.00478	0.00784
32	0.01094	0.01222	0.02610	0.14177	0.02619	0.01186	0.66760	0.01484	0.01102	0.01484	0.00949	0.01287	0.00712	0.00414	0.00551	0.00161	0.00780	0.00543	0.00237	0.00627
33	0.00976	0.06864	0.76486	0.01333	0.02023	0.01152	0.01715	0.01509	0.01007	0.01493	0.00847	0.00996	0.00606	0.00452	0.00446	0.00149	0.00696	0.00348	0.00202	0.00701
34	0.01641	0.01995	0.01373	0.01227	0.01433	0.62228	0.00943	0.04736	0.02498	0.01250	0.00753	0.00921	0.00639	0.00562	0.00643	0.00140	0.15868	0.00337	0.00252	0.00561
35	0.00695	0.00463	0.00521	0.00521	0.00521	0.00463	0.00290	0.00695	0.00695	0.00927	0.01506	0.03128	0.01738	0.83203	0.02433	0.00463	0.00463	0.00695	0.00290	0.00290
36	0.01586	0.01187	0.01288	0.01042	0.01369	0.01313	0.00852	0.58206	0.12610	0.02658	0.01441	0.06141	0.01174	0.00690	0.00500	0.00154	0.00486	0.06075	0.00475	0.00754
37	0.00991	0.00850	0.00991	0.00708	0.01133	0.00637	0.00566	0.01203	0.00991	0.01557	0.00850	0.00991	0.00708	0.00354	0.00354	0.00071	0.00354	0.00283	0.00283	0.86124
38	0.31857	0.00870	0.00910	0.00745	0.01051	0.00904	0.00610	0.12476	0.01239	0.29938	0.01300	0.01282	0.00902	0.00531	0.00392	0.00142	0.00382	0.00390	0.13427	0.00653
39	0.00797	0.00415	0.00614	0.00628	0.00632	0.00411	0.00419	0.00628	0.00662	0.00883	0.01073	0.12391	0.01143	0.01639	0.01699	0.74556	0.00397	0.00542	0.00239	0.00232
40	0.00695	0.00463	0.00521	0.00521	0.00521	0.00463	0.00290	0.00695	0.00695	0.00927	0.01506	0.03128	0.01738	0.83203	0.02433	0.00463	0.00463	0.00695	0.00290	0.00290
41	0.00591	0.00422	0.00564	0.00675	0.00707	0.00396	0.00459	0.00680	0.00924	0.01230	0.02630	0.79361	0.03143	0.01489	0.00612	0.00195	0.00285	0.04804	0.00444	0.00391
42	0.00582	0.00416	0.00555	0.00666	0.00693	0.00388	0.00444	0.00666	0.00915	0.01220	0.02634	0.82891	0.03161	0.01497	0.00610	0.00194	0.00277	0.01359	0.00444	0.00388
43	0.00959	0.02472	0.80726	0.01362	0.02069	0.01110	0.01766	0.01514	0.01009	0.01514	0.00858	0.01009	0.00605	0.00454	0.00454	0.00151	0.00706	0.00353	0.00202	0.00706
44	0.01715	0.02151	0.01399	0.01350	0.06907	0.72629	0.00966	0.01848	0.01312	0.01196	0.00746	0.00891	0.00626	0.00501	0.00478	0.00128	0.04026	0.00320	0.00244	0.00567
45	0.01046	0.01046	0.01464	0.01255	0.01255	0.01464	0.01046	0.01150	0.00732	0.01150	0.00627	0.01046	0.00627	0.00837	0.01569	0.00209	0.82328	0.00418	0.00209	0.00523
46	0.01038	0.00934	0.01141	0.01028	0.01106	0.05094	0.00812	0.12556	0.01052	0.01453	0.01402	0.29244	0.01527	0.01008	0.01019	0.00190	0.37805	0.00739	0.00332	0.00521
47	0.05488	0.00876	0.01200	0.00916	0.01289	0.00794	0.04605	0.07230	0.01391	0.68363	0.01742	0.01544	0.01109	0.00575	0.00477	0.00148	0.00433	0.00473	0.00555	0.00793
48	0.01189	0.01027	0.01081	0.00973	0.01243	0.01189	0.00757	0.02540	0.79357	0.01999	0.01945	0.01783	0.01459	0.00648	0.00486	0.00162	0.00378	0.00540	0.00486	0.00757
49	0.01677	0.01269	0.01355	0.01071	0.01429	0.01417	0.00875	0.61623	0.19480	0.02786	0.01326	0.01290	0.00957	0.00590	0.00480	0.00148	0.00493	0.00455	0.00480	0.00800
50	0.00695	0.00463	0.00521	0.00521	0.00521	0.00463	0.00290	0.00695	0.00695	0.00927	0.01506	0.03128	0.01738	0.83203	0.02433	0.00463	0.00463	0.00695	0.00290	0.00290
51	0.01176	0.16900	0.55888	0.01195	0.01802	0.01197	0.01452	0.01608	0.01050	0.12059	0.00961	0.01048	0.00684	0.00464	0.00431	0.00142	0.00631	0.00353	0.00255	0.00704
52	0.01278	0.83490	0.02505	0.00818	0.01227	0.01891	0.00818	0.01431	0.00971	0.01125	0.00664	0.00767	0.00613	0.00409	0.00307	0.00102	0.00511	0.00256	0.00204	0.00613
53	0.00582	0.00416	0.00555	0.00666	0.00693	0.00388	0.00444	0.00666	0.00915	0.01220	0.02634	0.82891	0.03161	0.01497	0.00610	0.00194	0.00277	0.01359	0.00444	0.00388
54	0.01151	0.01103	0.01882	0.11967	0.71438	0.01127	0.01451	0.01439	0.01073	0.01523	0.00893	0.01193	0.00743	0.00432	0.00474	0.00144	0.00576	0.00426	0.00234	0.00731
55	0.02102	0.00804	0.01096	0.00843	0.01206	0.00695	0.00695	0.02288	0.01368	0.78291	0.04131	0.01683	0.01279	0.00603	0.00483	0.00148	0.00401	0.00492	0.00590	0.00803
56	0.86579	0.00924	0.00702	0.00629	0.00924	0.01072	0.00518	0.01405	0.00813	0.02144	0.00666	0.00776	0.00518	0.00444	0.00296	0.00148	0.00370	0.00259	0.00296	0.00518
57	0.00598	0.00431	0.00587	0.00681	0.00718	0.00420	0.00467	0.00694	0.00893	0.01203	0.02429	0.70580	0.02862	0.01815	0.12873	0.00281	0.00430	0.01230	0.00415	0.00394
58	0.01871	0.01292	0.01368	0.01106	0.03686	0.08046	0.00879	0.52431	0.01937	0.20585	0.01275	0.01234	0.00879	0.00567	0.00475	0.00143	0.00528	0.00431	0.00478	0.00789
59	0.00694	0.00525	0.00775	0.00769	0.00847	0.00615	0.00593	0.00853	0.00763	0.01101	0.01274	0.01923	0.01208	0.07892	0.74671	0.00735	0.03565	0.00519	0.00257	0.00422
60	0.00582	0.00416	0.00555	0.00666	0.00693	0.00388	0.00444	0.00666	0.00915	0.01220	0.02634	0.82891	0.03161	0.01497	0.00610	0.00194	0.00277	0.01359	0.00444	0.00388
61	0.01164	0.01188	0.01682	0.30769	0.42358	0.11874	0.01344	0.01439	0.01077	0.01388	0.00860	0.01172	0.00696	0.00453	0.00469	0.00146	0.00632	0.00410	0.00229	0.00650
62	0.00903	0.00850	0.01434	0.82054	0.03292	0.01062	0.01327	0.01221	0.00956	0.01221	0.00850	0.01274	0.00637	0.00478	0.00478	0.00159	0.00637	0.00425	0.00212	0.00531
63	0.01094	0.01045	0.01780	0.27905	0.55941	0.01112	0.01423	0.01389	0.01046	0.01454	0.00883	0.01212	0.00719	0.00442	0.00475	0.00147	0.00590	0.00426	0.00229	0.00686
64	0.00676	0.00489	0.00639	0.00601	0.00714	0.00451	0.00451	0.00902	0.01353	0.01917	0.79969	0.03570	0.04510	0.00977	0.00564	0.00150	0.00225	0.00864	0.00526	0.00451
65	0.00959	0.02472	0.80726	0.01362	0.02069	0.01110	0.01766	0.01514	0.01009	0.01514	0.00858	0.01009	0.00605	0.00454	0.00454	0.00151	0.00706	0.00353	0.00202	0.00706
66	0.14697	0.01276	0.01323	0.01028	0.01397	0.01420	0.00849	0.66893	0.02029	0.02880	0.01074	0.01091	0.00768	0.00554	0.00450	0.00144	0.00502	0.00404	0.00450	0.00768
67	0.01128	0.01289	0.02820	0.02015	0.02498	0.01209	0.78485	0.01531	0.01128	0.01531	0.00967	0.01289	0.00725	0.00403	0.00564	0.00161	0.00806	0.00564	0.00242	0.00645
68	0.01169	0.01121	0.01915	0.06897	0.76367	0.01132	0.01460	0.01455	0.01082	0.01544	0.00897	0.01188	0.00751	0.00428	0.00473	0.00143	0.00571	0.00426	0.00235	0.00746
69	0.00975	0.06531	0.76808	0.01335	0.02026	0.01149	0.01718	0.01510	0.01007	0.01494	0.00848	0.00997	0.00606	0.00452	0.00447	0.00149	0.00697	0.00348	0.00202	0.00702
70	0.86579	0.00924	0.00702	0.00629	0.00924	0.01072	0.00518	0.01405	0.00813	0.02144	0.00666	0.00776	0.00518	0.00444	0.00296	0.00148	0.00370	0.00259	0.00296	0.00518
71	0.01128	0.01289	0.02820	0.02015	0.02498	0.01209	0.78485	0.01531	0.01128	0.01531	0.00967	0.01289	0.00725	0.00403	0.00564	0.00161	0.00806	0.00564	0.00242	0.00645
72	0.00582	0.00416	0.00555	0.00666	0.00693	0.00388	0.00444	0.00666	0.00915	0.01220	0.02634	0.82891	0.03161	0.01497	0.00610	0.00194	0.00277	0.01359	0.00444	0.00388
73	0.01817	0.01339	0.01434	0.01100	0.01482	0.01482	0.00908	0.78627	0.02247	0.03012	0.01148	0.01148	0.00813	0.00574	0.00478	0.00143	0.00526	0.00430	0.00478	0.00813
74	0.00695	0.00463	0.00521	0.00521	0.00521	0.00463	0.00290	0.00695	0.00695	0.00927	0.01506	0.03128	0.01738	0.83203	0.02433	0.00463	0.00463	0.00695	0.00290	0.00290
75	0.00582	0.00416	0.00555	0.00666	0.00693	0.00388	0.00444	0.00666	0.00915	0.01220	0.02634	0.82891	0.03161	0.01497	0.00610	0.00194	0.00277	0.01359	0.00444	0.00388
76	0.01183	0.01136	0.01940	0.02934	0.80221	0.01136	0.01467	0.01467	0.01088	0.01562	0.00899	0.01183	0.00757	0.00426	0.00473	0.00142	0.00568	0.00426	0.00237	0.00757
77	0.01738	0.01265	0.01364	0.01068	0.01433	0.01399	0.00875	0.63243	0.13921	0.06742	0.01306	0.01268	0.00930	0.00586	0.00480	0.00147	0.00498	0.00450	0.00485	0.00804
78	0.01673	0.02091	0.01371	0.01235	0.01444	0.69155	0.00942	0.01793	0.01260	0.01167	0.00722	0.00890	0.00617	0.00545	0.00604	0.00136	0.13241	0.00325	0.00241	0.00549
79	0.01874	0.00775	0.01036	0.00819	0.01144	0.00689	0.00667	0.02123	0.05272	0.64668	0.13754	0.01930	0.01702	0.00653	0.00494	0.00149	0.00378	0.00542	0.00576	0.00755
80	0.83376	0.00940	0.00730	0.00646	0.00945	0.01088	0.00532	0.04323	0.00868	0.02177	0.00684	0.00790	0.00529	0.00449	0.00303	0.00148	0.00376	0.00265	0.00303	0.00529
81	0.01867	0.01259	0.01385	0.01062	0.01442	0.01364	0.00877	0.67033	0.02114	0.14795	0.01260	0.01220	0.00869	0.00576	0.00479	0.00144	0.00508	0.00438	0.00495	0.00813
82	0.00676	0.00489	0.00639	0.00601	0.00714	0.00451	0.00451	0.00902	0.01353	0.01917	0.79969	0.03570	0.04510	0.00977	0.00564	0.00150	0.00225	0.00864	0.00526	0.00451
83	0.00587	0.00491	0.00515	0.00526	0.00682	0.00419	0.00406	0.00718	0.01091	0.01306	0.04596	0.04684	0.71809	0.01222	0.00575	0.00168	0.00263	0.09090	0.00443	0.00407
84	0.01257	0.78204	0.07608	0.00853	0.01282	0.01840	0.00880	0.01437	0.00974	0.01150	0.00677	0.00783	0.00613	0.00412	0.00316	0.00105	0.00524	0.00262	0.00204	0.00619
85	0.01128	0.01289	0.02820	0.02015	0.02498	0.01209	0.78485	0.01531	0.01128	0.01531	0.00967	0.01289	0.00725	0.00403	0.00564	0.00161	0.00806	0.00564	0.00242	0.00645
86	0.00628	0.00487	0.00585	0.00687	0.00723	0.03485	0.00462	0.00713	0.00932	0.01218	0.02562	0.79750	0.03064	0.01459	0.00603	0.00191	0.00300	0.01319	0.00436	0.00395
87	0.01278	0.83490	0.02505	0.00818	0.01227	0.01891	0.00818	0.01431	0.00971	0.01125	0.00664	0.00767	0.00613	0.00409	0.00307	0.00102	0.00511	0.00256	0.00204	0.00613
88	0.01189	0.01027	0.01081	0.00973	0.01243	0.01189	0.00757	0.02540	0.79357	0.01999	0.01945	0.01783	0.01459	0.00648	0.00486	0.00162	0.00378	0.00540	0.00486	0.00757
89	0.00602	0.00430	0.00577	0.00688	0.00724	0.00405	0.00478	0.00700	0.00934	0.01242	0.02624	0.74781	0.03118	0.01479	0.00615	0.00197	0.00294	0.09274	0.00443	0.00394
90	0.00767	0.00548	0.00765	0.00869	0.00979	0.00546	0.00758	0.00987	0.01110	0.01449	0.05557	0.05320	0.02819	0.01307	0.00656	0.00217	0.00432	0.74028	0.00443	0.00441
91	0.01654	0.01793	0.01276	0.01132	0.01403	0.49322	0.00867	0.08493	0.21661	0.06004	0.01150	0.01168	0.00883	0.00545	0.00452	0.00136	0.00683	0.00388	0.00347	0.00643
92	0.00574	0.00450	0.00520	0.00576	0.00670	0.00396	0.00404	0.00676	0.01001	0.01255	0.03723	0.44266	0.41082	0.01356	0.00588	0.00178	0.00260	0.01186	0.00444	0.00396
93	0.00980	0.00928	0.01573	0.60264	0.24479	0.01082	0.01366	0.01289	0.00992	0.01315	0.00863	0.01249	0.00670	0.00464	0.00477	0.00155	0.00618	0.00425	0.00219	0.00593
94	0.01247	0.61204	0.11842	0.01028	0.04579	0.01700	0.03712	0.04444	0.03996	0.01309	0.00775	0.00884	0.00662	0.00430	0.00354	0.00116	0.00543	0.00303	0.00228	0.00645
95	0.01109	0.01060	0.01806	0.23942	0.59794	0.01116	0.01430	0.01402	0.01053	0.01471	0.00886	0.01207	0.00725	0.00440	0.00474	0.00147	0.00586	0.00426	0.00230	0.00697
96	0.00626	0.00460	0.00573	0.00639	0.00709	0.00429	0.00458	0.00736	0.00978	0.01271	0.07295	0.40679	0.19090	0.11204	0.00825	0.00221	0.00314	0.12673	0.00429	0.00391
97	0.01152	0.10631	0.05207	0.01540	0.01956	0.01260	0.43839	0.03250	0.20363	0.01619	0.01220	0.03684	0.00960	0.00501	0.00511	0.00155	0.00643	0.00535	0.00307	0.00667
98	0.01141	0.01937	0.41353	0.01479	0.02022	0.10253	0.23762	0.01563	0.01098	0.04967	0.01068	0.01237	0.03668	0.00484	0.00506	0.00152	0.01963	0.00440	0.00245	0.00662
99	0.01254	0.77327	0.08455	0.00859	0.01291	0.01832	0.00890	0.01437	0.00974	0.01154	0.00679	0.00785	0.00613	0.00412	0.00318	0.00106	0.00526	0.00263	0.00204	0.00620
100	0.14120	0.01144	0.02451	0.00939	0.01176	0.19206	0.07362	0.02911	0.09892	0.02818	0.25937	0.05420	0.03293	0.00703	0.00481	0.00148	0.00479	0.00584	0.00388	0.00548
101	0.01204	0.11649	0.07910	0.11219	0.47097	0.05220	0.02549	0.04880	0.01118	0.01509	0.00865	0.01112	0.00709	0.00441	0.00451	0.00139	0.00595	0.00395	0.00238	0.00700
102	0.00715	0.00676	0.04870	0.00837	0.01003	0.00574	0.09498	0.00951	0.04139	0.01472	0.19240	0.33643	0.14439	0.01123	0.00578	0.00174	0.00355	0.04820	0.00428	0.00466
103	0.00953	0.13377	0.01349	0.00996	0.01086	0.01197	0.00833	0.01084	0.00817	0.01168	0.04022	0.01622	0.01071	0.06193	0.18673	0.00327	0.40204	0.04284	0.00247	0.00495
104	0.73510	0.00852	0.00675	0.00620	0.00886	0.00969	0.00500	0.01294	0.00842	0.02009	0.01132	0.07313	0.06753	0.00582	0.00340	0.00152	0.00353	0.00399	0.00318	0.00499
105	0.01462	0.01237	0.01442	0.01678	0.29157	0.14331	0.01021	0.04507	0.18850	0.15301	0.01285	0.01331	0.00965	0.00517	0.00465	0.00141	0.00534	0.00435	0.00366	0.04977
106	0.01032	0.09921	0.56245	0.01559	0.11138	0.01197	0.09365	0.01502	0.01027	0.01484	0.00855	0.01034	0.00636	0.00441	0.00453	0.00147	0.00682	0.00374	0.00210	0.00697
107	0.01038	0.00902	0.01201	0.13198	0.01573	0.00813	0.06209	0.01424	0.10937	0.03346	0.01020	0.01170	0.00804	0.00419	0.00407	0.00104	0.00433	0.00362	0.00302	0.54335
108	0.00630	0.00455	0.00588	0.00621	0.00692	0.00421	0.00436	0.00776	0.01114	0.01528	0.38001	0.39094	0.07562	0.04994	0.00670	0.00185	0.00260	0.01085	0.00474	0.00413
109	0.01535	0.01583	0.01409	0.16553	0.06435	0.39512	0.02214	0.02912	0.01205	0.11374	0.00913	0.01088	0.00707	0.00538	0.00581	0.00145	0.10039	0.00377	0.00283	0.00597
110	0.00996	0.05640	0.01327	0.01201	0.11280	0.13012	0.12586	0.01215	0.01204	0.01521	0.24658	0.02510	0.17874	0.00749	0.00514	0.00145	0.00476	0.00663	0.00364	0.02066
111	0.00582	0.00416	0.00555	0.00666	0.00693	0.00388	0.00444	0.00666	0.00915	0.01220	0.02634	0.82891	0.03161	0.01497	0.00610	0.00194	0.00277	0.01359	0.00444	0.00388
112	0.01067	0.22389	0.47829	0.01340	0.01934	0.01321	0.14795	0.01496	0.01020	0.01420	0.00829	0.00997	0.00628	0.00434	0.00436	0.00141	0.00675	0.00365	0.00209	0.00673
113	0.07752	0.07328	0.04469	0.01326	0.11308	0.03394	0.15476	0.06254	0.09887	0.11384	0.15002	0.01662	0.01504	0.00575	0.00481	0.00147	0.00504	0.00517	0.00375	0.00655
114	0.01632	0.01276	0.09696	0.01073	0.01464	0.01205	0.03152	0.35028	0.19429	0.18787	0.01447	0.01382	0.01013	0.00577	0.00480	0.00150	0.00495	0.00462	0.00468	0.00784
115	0.00569	0.00484	0.00490	0.00489	0.00648	0.00405	0.00367	0.00694	0.01100	0.01315	0.07718	0.04560	0.77136	0.01202	0.00565	0.00161	0.00241	0.01003	0.00447	0.00405
116	0.01013	0.01682	0.38722	0.18332	0.07864	0.01115	0.05959	0.04597	0.06697	0.01527	0.01015	0.04292	0.00799	0.00528	0.00520	0.00157	0.03830	0.00443	0.00250	0.00658
117	0.15145	0.05754	0.01443	0.01454	0.17961	0.36086	0.00966	0.12829	0.01322	0.01672	0.00816	0.00953	0.00658	0.00478	0.00419	0.00133	0.00655	0.00340	0.00284	0.00632
118	0.01822	0.01307	0.01412	0.01085	0.01465	0.01438	0.00896	0.73489	0.03538	0.06879	0.01198	0.01183	0.00843	0.00576	0.00478	0.00144	0.00517	0.00435	0.00484	0.00812
119	0.00565	0.00484	0.00484	0.00484	0.00646	0.00403	0.00363	0.00686	0.01089	0.01291	0.04842	0.04600	0.80027	0.01210	0.00565	0.00161	0.00242	0.01009	0.00444	0.00403
120	0.01383	0.29357	0.07799	0.01101	0.06506	0.01484	0.00937	0.27942	0.10029	0.01934	0.01209	0.01251	0.04761	0.00543	0.00439	0.00134	0.01741	0.00405	0.00343	0.00702
121	0.01415	0.01795	0.43745	0.01262	0.05515	0.01060	0.01339	0.13446	0.01296	0.22730	0.01177	0.01203	0.00798	0.00507	0.00466	0.00149	0.00593	0.00402	0.00349	0.00753
122	0.01817	0.01339	0.01434	0.01100	0.01482	0.01482	0.00908	0.78627	0.02247	0.03012	0.01148	0.01148	0.00813	0.00574	0.00478	0.00143	0.00526	0.00430	0.00478	0.00813
123	0.01106	0.01389	0.12603	0.01609	0.05259	0.05311	0.28420	0.01385	0.00955	0.01352	0.00795	0.01123	0.00664	0.00597	0.00960	0.00177	0.35014	0.00456	0.00223	0.00602
124	0.01391	0.04131	0.25605	0.01695	0.24118	0.18587	0.01305	0.05540	0.01209	0.10541	0.00970	0.01097	0.00728	0.00475	0.00455	0.00140	0.00652	0.00380	0.00280	0.00703
125	0.00574	0.00450	0.00520	0.00576	0.00670	0.00396	0.00404	0.00676	0.01001	0.01255	0.03723	0.44266	0.41082	0.01356	0.00588	0.00178	0.00260	0.01186	0.00444	0.00396
126	0.00695	0.00463	0.00521	0.00521	0.00521	0.00463	0.00290	0.00695	0.00695	0.00927	0.01506	0.03128	0.01738	0.83203	0.02433	0.00463	0.00463	0.00695	0.00290	0.00290
127	0.01232	0.13663	0.01525	0.04538	0.19262	0.06853	0.00961	0.02033	0.41230	0.01679	0.01387	0.01409	0.01081	0.00544	0.00452	0.00146	0.00485	0.00450	0.00360	0.00712
128	0.01230	0.71260	0.14312	0.00900	0.01354	0.01773	0.00961	0.01444	0.00977	0.01183	0.00694	0.00803	0.00612	0.00416	0.00329	0.00110	0.00541	0.00270	0.00204	0.00627
