[name]
unknown

[dist]
# distance from previous block
# <min> <max>
0	0

[block]
# block no. 0 follows, 49 sequences, length 8
# corresponding to MSA columns:
# 0-7
name=unknown_A
#
# <colnr> <probs for GDERKNQSTAVLIFYWHMCP>
#	G	D	E	R	K	N	Q	S	T	A	V	L	I	F	Y	W	H	M	C	P
0	0.00815	0.00582	0.00815	0.00931	0.01048	0.00582	0.00815	0.01048	0.01164	0.01513	0.02677	0.05704	0.02910	0.01397	0.00698	0.00233	0.00466	0.75671	0.00466	0.00466
1	0.27421	0.22533	0.01577	0.00933	0.01317	0.01549	0.00810	0.34302	0.01560	0.02383	0.00924	0.00988	0.00709	0.00519	0.00399	0.00142	0.00502	0.00351	0.00371	0.00709
2	0.17037	0.34188	0.34132	0.01066	0.01606	0.01497	0.01221	0.01545	0.01013	0.01562	0.00788	0.00919	0.00626	0.00459	0.00387	0.00139	0.00598	0.00314	0.00233	0.00671
3	0.00704	0.00477	0.00561	0.00591	0.00599	0.00469	0.00349	0.00727	0.00796	0.01062	0.01906	0.23898	0.02233	0.61101	0.02069	0.00416	0.00439	0.00919	0.00349	0.00334
4	0.00707	0.00478	0.00560	0.00587	0.00594	0.00472	0.00345	0.00728	0.00790	0.01053	0.01874	0.21765	0.02192	0.63290	0.02121	0.00423	0.00444	0.00900	0.00345	0.00331
5	0.01252	0.01201	0.02053	0.03104	0.79074	0.01201	0.01552	0.01552	0.01151	0.01652	0.00951	0.01252	0.00801	0.00451	0.00501	0.00150	0.00601	0.00451	0.00250	0.00801
6	0.01747	0.01360	0.01658	0.01672	0.21873	0.01472	0.01116	0.57520	0.02056	0.02785	0.01145	0.01224	0.00845	0.00566	0.00504	0.00151	0.00568	0.00454	0.00439	0.00845
7	0.01450	0.00782	0.00966	0.00859	0.01108	0.00767	0.00663	0.01934	0.21393	0.33021	0.02382	0.25137	0.05426	0.00949	0.00554	0.00175	0.00375	0.00819	0.00544	0.00695

[dist]
# distance from previous block
# <min> <max>
0	1

[block]
# block no. 1 follows, 49 sequences, length 8
# corresponding to MSA columns:
# 9-16
name=unknown_B
#
# <colnr> <probs for GDERKNQSTAVLIFYWHMCP>
#	G	D	E	R	K	N	Q	S	T	A	V	L	I	F	Y	W	H	M	C	P
0	0.00737	0.00527	0.00659	0.00719	0.00795	0.00512	0.00545	0.00861	0.00997	0.01289	0.02676	0.11974	0.13730	0.28993	0.01319	0.00309	0.00427	0.32117	0.00412	0.00400
1	0.13558	0.01915	0.01265	0.01135	0.01403	0.52856	0.00866	0.06991	0.05893	0.01628	0.07049	0.01203	0.01029	0.00570	0.00454	0.00140	0.00732	0.00388	0.00323	0.00603
2	0.00707	0.00527	0.00779	0.00797	0.00878	0.00599	0.00608	0.00873	0.00836	0.01191	0.01568	0.13884	0.01574	0.03464	0.68377	0.00722	0.01196	0.00675	0.00300	0.00445
3	0.00718	0.00483	0.00557	0.00574	0.00579	0.00478	0.00331	0.00731	0.00770	0.01027	0.01771	0.15009	0.02063	0.70223	0.02287	0.00448	0.00461	0.00840	0.00331	0.00322
4	0.01855	0.02095	0.01433	0.01253	0.01548	0.56959	0.00962	0.19326	0.06733	0.01742	0.00965	0.01046	0.00758	0.00552	0.00471	0.00138	0.00797	0.00372	0.00334	0.00663
5	0.01762	0.01294	0.01337	0.01077	0.01440	0.07404	0.00869	0.36604	0.21624	0.14947	0.01509	0.01438	0.01078	0.00613	0.00498	0.00152	0.00515	0.00476	0.00499	0.04865
6	0.04592	0.13480	0.07898	0.01040	0.01438	0.08498	0.00916	0.18480	0.17467	0.12770	0.01315	0.01298	0.00968	0.00559	0.00457	0.00143	0.00532	0.00422	0.00412	0.07314
7	0.06272	0.08038	0.14381	0.01012	0.01445	0.04926	0.00940	0.08716	0.19909	0.07550	0.01257	0.01280	0.00946	0.00524	0.00444	0.00136	0.00504	0.00405	0.00372	0.20943

[dist]
# distance from previous block
# <min> <max>
0	33

[block]
# block no. 2 follows, 49 sequences, length 88
# corresponding to MSA columns:
# 50-137
name=unknown_C
#
# <colnr> <probs for GDERKNQSTAVLIFYWHMCP>
#	G	D	E	R	K	N	Q	S	T	A	V	L	I	F	Y	W	H	M	C	P
0	0.00839	0.00716	0.01103	0.02584	0.01212	0.00715	0.12990	0.01218	0.13135	0.01544	0.07990	0.43399	0.02667	0.01180	0.00615	0.00192	0.00417	0.06513	0.00443	0.00528
1	0.01299	0.63632	0.11387	0.00996	0.01457	0.01818	0.04121	0.01620	0.07077	0.01327	0.00846	0.00948	0.00723	0.00458	0.00368	0.00122	0.00566	0.00319	0.00241	0.00673
2	0.01827	0.11664	0.01574	0.01252	0.01533	0.71167	0.00964	0.01961	0.01386	0.01232	0.00773	0.00900	0.00651	0.00511	0.00441	0.00128	0.00869	0.00319	0.00255	0.00593
3	0.01262	0.53167	0.27994	0.01066	0.01602	0.01712	0.01200	0.04352	0.01091	0.01399	0.00789	0.00911	0.00654	0.00455	0.00383	0.00127	0.00609	0.00311	0.00226	0.00689
4	0.00732	0.00504	0.00622	0.00622	0.00646	0.00528	0.00394	0.00780	0.00756	0.01033	0.01529	0.02953	0.01684	0.61111	0.23480	0.00577	0.00723	0.00683	0.00297	0.00345
5	0.00769	0.00506	0.00628	0.00598	0.00717	0.00476	0.00448	0.01006	0.01345	0.01995	0.60821	0.03336	0.03961	0.00930	0.00540	0.00149	0.00238	0.00811	0.20250	0.00476
6	0.85801	0.00978	0.00743	0.00665	0.00978	0.01134	0.00548	0.01486	0.00861	0.02269	0.00704	0.00821	0.00548	0.00469	0.00313	0.00156	0.00391	0.00274	0.00313	0.00548
7	0.01194	0.01352	0.02913	0.02153	0.05761	0.01282	0.72399	0.01608	0.01182	0.01612	0.01012	0.01354	0.00766	0.00438	0.00617	0.00171	0.02661	0.00587	0.00255	0.00684
8	0.00884	0.00726	0.00795	0.00754	0.00913	0.03624	0.00567	0.02760	0.16048	0.02916	0.21611	0.11144	0.21204	0.04950	0.06680	0.00233	0.02340	0.00853	0.00467	0.00530
9	0.00711	0.00515	0.00670	0.00635	0.00753	0.00475	0.00475	0.00944	0.01416	0.01998	0.75565	0.05332	0.06508	0.01050	0.00597	0.00160	0.00240	0.00928	0.00553	0.00475
10	0.01047	0.10363	0.72148	0.01385	0.02102	0.01254	0.01771	0.01593	0.01064	0.01561	0.00888	0.01043	0.00641	0.00476	0.00465	0.00155	0.00727	0.00364	0.00214	0.00738
11	0.00682	0.00516	0.00629	0.00601	0.00735	0.00463	0.00450	0.00889	0.01351	0.01838	0.57660	0.04090	0.26038	0.01105	0.00597	0.00162	0.00244	0.00958	0.00532	0.00463
12	0.13712	0.01088	0.01192	0.00942	0.01315	0.06973	0.00771	0.14910	0.01522	0.49998	0.01593	0.01450	0.01043	0.00593	0.00477	0.00154	0.00483	0.00453	0.00535	0.00796
13	0.54677	0.07683	0.03967	0.00851	0.01186	0.15841	0.00721	0.03823	0.01055	0.05174	0.00794	0.00895	0.00616	0.00487	0.00360	0.00148	0.00519	0.00302	0.00310	0.00592
14	0.00970	0.00915	0.01402	0.05615	0.07141	0.01100	0.07808	0.01165	0.01021	0.01471	0.17780	0.06010	0.04948	0.01010	0.04750	0.00220	0.35162	0.00639	0.00324	0.00550
15	0.01181	0.01129	0.01925	0.21713	0.61019	0.01183	0.01517	0.01490	0.01118	0.01566	0.00939	0.01275	0.00771	0.00464	0.00502	0.00155	0.00618	0.00450	0.00244	0.00744
16	0.00616	0.00440	0.00587	0.00704	0.00733	0.00411	0.00469	0.00704	0.00968	0.01291	0.02787	0.81899	0.03344	0.01584	0.00645	0.00205	0.00293	0.01438	0.00469	0.00411
17	0.02426	0.00890	0.01470	0.62610	0.11892	0.01063	0.01311	0.01277	0.01022	0.01363	0.01066	0.07691	0.00910	0.00585	0.00510	0.00168	0.00622	0.00525	0.02024	0.00575
18	0.00732	0.00615	0.00649	0.00622	0.00806	0.00582	0.00472	0.01108	0.14888	0.01596	0.15382	0.04177	0.54253	0.01139	0.00583	0.00169	0.00279	0.00957	0.00490	0.00501
19	0.01178	0.01114	0.01883	0.02827	0.70027	0.01110	0.01427	0.01454	0.01130	0.01610	0.01163	0.10566	0.01095	0.00581	0.00517	0.00157	0.00565	0.00565	0.00276	0.00756
20	0.02824	0.00742	0.01070	0.42390	0.02143	0.00875	0.00935	0.03186	0.01058	0.01604	0.01207	0.01549	0.00932	0.00550	0.00463	0.00148	0.02172	0.00455	0.35166	0.00532
21	0.00770	0.00596	0.00825	0.00913	0.09796	0.00558	0.00595	0.01009	0.01382	0.01943	0.65216	0.03554	0.08938	0.00982	0.00585	0.00159	0.00281	0.00870	0.00516	0.00511
22	0.00598	0.00512	0.00512	0.00512	0.00683	0.00427	0.00384	0.00726	0.01153	0.01366	0.05123	0.04866	0.78869	0.01281	0.00598	0.00171	0.00256	0.01067	0.00470	0.00427
23	0.02269	0.00861	0.01174	0.00900	0.01291	0.00743	0.00743	0.02464	0.01447	0.79425	0.01995	0.01721	0.01252	0.00626	0.00509	0.00156	0.00430	0.00509	0.00626	0.00861
24	0.01014	0.02616	0.79609	0.01441	0.02189	0.01174	0.01868	0.01601	0.01068	0.01601	0.00907	0.01068	0.00641	0.00480	0.00480	0.00160	0.00747	0.00374	0.00214	0.00747
25	0.85801	0.00978	0.00743	0.00665	0.00978	0.01134	0.00548	0.01486	0.00861	0.02269	0.00704	0.00821	0.00548	0.00469	0.00313	0.00156	0.00391	0.00274	0.00313	0.00548
26	0.85801	0.00978	0.00743	0.00665	0.00978	0.01134	0.00548	0.01486	0.00861	0.02269	0.00704	0.00821	0.00548	0.00469	0.00313	0.00156	0.00391	0.00274	0.00313	0.00548
27	0.00730	0.00513	0.00666	0.00666	0.00705	0.00552	0.00449	0.00809	0.00769	0.01065	0.01489	0.02731	0.01587	0.47925	0.36534	0.00631	0.00868	0.00651	0.00291	0.00370
28	0.02269	0.00861	0.01174	0.00900	0.01291	0.00743	0.00743	0.02464	0.01447	0.79425	0.01995	0.01721	0.01252	0.00626	0.00509	0.00156	0.00430	0.00509	0.00626	0.00861
29	0.00717	0.00502	0.00596	0.00596	0.00633	0.00509	0.00376	0.00766	0.00798	0.01061	0.01956	0.03241	0.10627	0.58190	0.16888	0.00514	0.00625	0.00737	0.00319	0.00347
30	0.00716	0.00517	0.00676	0.00636	0.00755	0.00477	0.00477	0.00954	0.01431	0.02028	0.78808	0.03777	0.04771	0.01034	0.00596	0.00159	0.00239	0.00914	0.00557	0.00477
31	0.00723	0.00538	0.00794	0.00794	0.00878	0.00622	0.00609	0.00891	0.00807	0.01160	0.01372	0.02082	0.01306	0.09447	0.74627	0.00789	0.01292	0.00556	0.00273	0.00441
32	0.00730	0.00538	0.00715	0.00709	0.03159	0.00498	0.00508	0.00968	0.01417	0.02002	0.74840	0.03723	0.06235	0.01021	0.00593	0.00159	0.00250	0.00904	0.00545	0.00486
33	0.02181	0.00841	0.01145	0.00885	0.01261	0.00728	0.00728	0.02379	0.01446	0.75038	0.06348	0.01838	0.01451	0.00649	0.00513	0.00157	0.00419	0.00532	0.00622	0.00839
34	0.01142	0.01260	0.02665	0.05340	0.08206	0.01198	0.62437	0.01529	0.01165	0.01583	0.01152	0.07706	0.00969	0.00523	0.00590	0.00172	0.00782	0.00646	0.00271	0.00665
35	0.01339	0.79541	0.05531	0.00887	0.01331	0.01970	0.00903	0.01517	0.01029	0.01205	0.00711	0.00821	0.00649	0.00434	0.00330	0.00110	0.00549	0.00274	0.00216	0.00653
36	0.00694	0.00516	0.00649	0.00638	0.00761	0.00471	0.00483	0.00901	0.01330	0.01819	0.54552	0.09005	0.18737	0.01141	0.00607	0.00169	0.00261	0.06275	0.00528	0.00463
37	0.01201	0.01344	0.02869	0.02251	0.12090	0.01269	0.67883	0.01611	0.01188	0.01624	0.01014	0.01350	0.00771	0.00429	0.00585	0.00168	0.00821	0.00579	0.00255	0.00697
38	0.01501	0.07327	0.01378	0.01067	0.01396	0.07395	0.00858	0.25388	0.41636	0.02291	0.01671	0.01594	0.02948	0.00644	0.00495	0.00158	0.00494	0.00506	0.00469	0.00783
39	0.67998	0.05625	0.00955	0.00776	0.01088	0.13641	0.00633	0.01572	0.00960	0.02048	0.00716	0.00835	0.00569	0.00476	0.00336	0.00150	0.00481	0.00282	0.00299	0.00559
40	0.01379	0.01282	0.01387	0.01537	0.19465	0.12438	0.00991	0.02285	0.44619	0.05272	0.01667	0.01643	0.02535	0.00615	0.00504	0.00160	0.00519	0.00514	0.00421	0.00766
41	0.01028	0.05908	0.76439	0.01418	0.02152	0.01208	0.01827	0.01598	0.01066	0.01584	0.00899	0.01057	0.00641	0.00478	0.00474	0.00158	0.00739	0.00369	0.00214	0.00743
42	0.00723	0.00540	0.00803	0.00803	0.00890	0.00627	0.00620	0.00897	0.00810	0.01167	0.01363	0.02035	0.01285	0.06684	0.77362	0.00801	0.01323	0.00549	0.00272	0.00446
43	0.02269	0.00861	0.01174	0.00900	0.01291	0.00743	0.00743	0.02464	0.01447	0.79425	0.01995	0.01721	0.01252	0.00626	0.00509	0.00156	0.00430	0.00509	0.00626	0.00861
44	0.00616	0.00440	0.00587	0.00704	0.00733	0.00411	0.00469	0.00704	0.00968	0.01291	0.02787	0.81899	0.03344	0.01584	0.00645	0.00205	0.00293	0.01438	0.00469	0.00411
45	0.01252	0.01201	0.02053	0.03104	0.79074	0.01201	0.01552	0.01552	0.01151	0.01652	0.00951	0.01252	0.00801	0.00451	0.00501	0.00150	0.00601	0.00451	0.00250	0.00801
46	0.00955	0.00899	0.01517	0.81013	0.03483	0.01123	0.01404	0.01292	0.01011	0.01292	0.00899	0.01348	0.00674	0.00506	0.00506	0.00169	0.00674	0.00449	0.00225	0.00562
47	0.00616	0.00440	0.00587	0.00704	0.00733	0.00411	0.00469	0.00704	0.00968	0.01291	0.02787	0.81899	0.03344	0.01584	0.00645	0.00205	0.00293	0.01438	0.00469	0.00411
48	0.00618	0.00491	0.00536	0.00566	0.00681	0.00430	0.00397	0.00721	0.01057	0.01302	0.04113	0.24544	0.50504	0.10708	0.00838	0.00217	0.00293	0.01124	0.00451	0.00409
49	0.75780	0.00964	0.00795	0.00693	0.01015	0.01087	0.00571	0.01604	0.00931	0.11525	0.00859	0.00929	0.00632	0.00488	0.00336	0.00156	0.00396	0.00302	0.00350	0.00585
50	0.01923	0.00986	0.01201	0.00960	0.01326	0.00973	0.00779	0.11140	0.21915	0.47700	0.01888	0.01686	0.01269	0.00632	0.00506	0.00157	0.00435	0.00513	0.00572	0.03439
51	0.01352	0.82533	0.02650	0.00865	0.01298	0.02001	0.00865	0.01514	0.01027	0.01190	0.00703	0.00811	0.00649	0.00433	0.00324	0.00108	0.00541	0.00270	0.00216	0.00649
52	0.01220	0.01254	0.02398	0.02675	0.47216	0.01220	0.31567	0.01569	0.01168	0.01637	0.01014	0.01384	0.00829	0.00460	0.00543	0.00160	0.00698	0.01986	0.00257	0.00747
53	0.01180	0.10963	0.19123	0.06438	0.08190	0.01338	0.38575	0.03435	0.01153	0.01579	0.00945	0.01218	0.00724	0.00460	0.00549	0.00160	0.02544	0.00485	0.00245	0.00696
54	0.01848	0.01451	0.27028	0.01084	0.01593	0.00903	0.01119	0.03763	0.01342	0.52168	0.01620	0.01495	0.01042	0.00578	0.00499	0.00158	0.00537	0.00463	0.00487	0.00823
55	0.01003	0.00530	0.00536	0.00514	0.00650	0.00539	0.00391	0.05901	0.01142	0.01966	0.01623	0.01844	0.01269	0.00590	0.00363	0.00120	0.00256	0.00470	0.79798	0.00495
56	0.01576	0.01805	0.01728	0.09321	0.01943	0.40435	0.16620	0.07401	0.11206	0.01574	0.01037	0.01194	0.00806	0.00527	0.00501	0.00149	0.00785	0.00434	0.00306	0.00651
57	0.01989	0.01434	0.01277	0.01061	0.01395	0.27041	0.00839	0.09830	0.07303	0.37989	0.03692	0.01474	0.01136	0.00605	0.00494	0.00149	0.00594	0.00459	0.00483	0.00755
58	0.00598	0.00512	0.00512	0.00512	0.00683	0.00427	0.00384	0.00726	0.01153	0.01366	0.05123	0.04866	0.78869	0.01281	0.00598	0.00171	0.00256	0.01067	0.00470	0.00427
59	0.00855	0.00737	0.00731	0.00672	0.00877	0.06523	0.02373	0.04711	0.01254	0.04916	0.05741	0.04161	0.60732	0.01138	0.00581	0.00167	0.00347	0.02538	0.00459	0.00487
60	0.01639	0.03417	0.01536	0.18442	0.04898	0.55260	0.02962	0.03483	0.01340	0.01316	0.00827	0.01034	0.00669	0.00513	0.00470	0.00140	0.00833	0.00365	0.00257	0.00599
61	0.01014	0.02616	0.79609	0.01441	0.02189	0.01174	0.01868	0.01601	0.01068	0.01601	0.00907	0.01068	0.00641	0.00480	0.00480	0.00160	0.00747	0.00374	0.00214	0.00747
62	0.00598	0.00512	0.00512	0.00512	0.00683	0.00427	0.00384	0.00726	0.01153	0.01366	0.05123	0.04866	0.78869	0.01281	0.00598	0.00171	0.00256	0.01067	0.00470	0.00427
63	0.12418	0.05507	0.02924	0.01162	0.01481	0.45860	0.00923	0.17726	0.01534	0.04676	0.00906	0.00992	0.00704	0.00532	0.00445	0.00139	0.00735	0.00352	0.00329	0.00655
64	0.00816	0.00670	0.00724	0.00689	0.00866	0.00673	0.00518	0.01312	0.22280	0.01656	0.16658	0.03748	0.36359	0.08046	0.00747	0.00198	0.00318	0.02710	0.00483	0.00529
65	0.01093	0.01088	0.01523	0.01311	0.01312	0.01518	0.01089	0.01203	0.00780	0.01219	0.00721	0.03269	0.00736	0.00904	0.01632	0.00221	0.79135	0.00469	0.00228	0.00549
66	0.01252	0.01201	0.02053	0.03104	0.79074	0.01201	0.01552	0.01552	0.01151	0.01652	0.00951	0.01252	0.00801	0.00451	0.00501	0.00150	0.00601	0.00451	0.00250	0.00801
67	0.01187	0.01351	0.02942	0.04360	0.02667	0.01274	0.75095	0.01611	0.01188	0.01611	0.01020	0.01364	0.00765	0.00428	0.00594	0.00170	0.00847	0.00593	0.00255	0.00679
68	0.00657	0.00472	0.00623	0.00676	0.00743	0.00438	0.00473	0.00807	0.01159	0.01594	0.34082	0.49738	0.03932	0.01358	0.00625	0.00186	0.00271	0.01222	0.00505	0.00438
69	0.01872	0.01391	0.01489	0.01153	0.01549	0.01545	0.00949	0.71713	0.08135	0.03105	0.01278	0.01265	0.00912	0.00613	0.00507	0.00153	0.00545	0.00464	0.00507	0.00855
70	0.85801	0.00978	0.00743	0.00665	0.00978	0.01134	0.00548	0.01486	0.00861	0.02269	0.00704	0.00821	0.00548	0.00469	0.00313	0.00156	0.00391	0.00274	0.00313	0.00548
71	0.01141	0.01164	0.01544	0.01326	0.01338	0.05023	0.01101	0.01252	0.00804	0.01218	0.00669	0.01098	0.00663	0.00869	0.01606	0.00217	0.77752	0.00437	0.00223	0.00555
72	0.24461	0.00990	0.04923	0.02469	0.01219	0.00849	0.00676	0.03395	0.01086	0.06878	0.06713	0.01244	0.01021	0.00480	0.00394	0.00117	0.00402	0.00363	0.00343	0.41980
73	0.01889	0.02410	0.01433	0.01303	0.01563	0.80199	0.00977	0.02019	0.01433	0.01238	0.00782	0.00912	0.00651	0.00521	0.00456	0.00130	0.00912	0.00326	0.00261	0.00586
74	0.00618	0.00513	0.00540	0.00533	0.00695	0.00435	0.00400	0.00765	0.01200	0.01479	0.17738	0.04680	0.66183	0.01238	0.00597	0.00169	0.00253	0.01041	0.00484	0.00435
75	0.00713	0.00517	0.00672	0.00633	0.00754	0.00476	0.00475	0.00948	0.01424	0.02010	0.76835	0.03806	0.06755	0.01040	0.00596	0.00159	0.00239	0.00919	0.00554	0.00476
76	0.10099	0.01096	0.03138	0.01577	0.21239	0.01090	0.06653	0.02112	0.22334	0.23110	0.01520	0.01515	0.01096	0.00564	0.00494	0.00160	0.00500	0.00491	0.00432	0.00781
77	0.00755	0.00492	0.00560	0.00560	0.00577	0.00497	0.00331	0.00789	0.00772	0.01082	0.01584	0.03087	0.01750	0.69352	0.07098	0.00473	0.00518	0.00697	0.08695	0.00332
78	0.00717	0.00524	0.00628	0.00600	0.00745	0.00465	0.00451	0.00910	0.01318	0.04143	0.47391	0.05884	0.32123	0.01125	0.00595	0.00164	0.00252	0.00971	0.00524	0.00469
79	0.41384	0.00973	0.00983	0.00819	0.01160	0.01036	0.00669	0.05549	0.11744	0.28966	0.01360	0.01297	0.00942	0.00560	0.00417	0.00158	0.00414	0.00404	0.00458	0.00705
80	0.02084	0.01087	0.01305	0.01008	0.01399	0.01088	0.00830	0.31452	0.05689	0.46028	0.01696	0.01533	0.01115	0.00622	0.00508	0.00155	0.00478	0.00491	0.00574	0.00857
81	0.01730	0.01300	0.01374	0.01107	0.01470	0.03352	0.00896	0.46920	0.26560	0.07574	0.01523	0.01454	0.01098	0.00631	0.00508	0.00158	0.00507	0.00493	0.00510	0.00834
82	0.00760	0.00501	0.00616	0.00618	0.00662	0.00527	0.00411	0.00849	0.00811	0.01177	0.01557	0.04320	0.01623	0.45801	0.24588	0.00522	0.00697	0.00655	0.12931	0.00375
83	0.00794	0.00634	0.00677	0.00641	0.00833	0.00603	0.00488	0.01188	0.15947	0.04076	0.14773	0.04043	0.51209	0.01111	0.00579	0.00169	0.00287	0.00933	0.00495	0.00519
84	0.01691	0.46816	0.01998	0.00873	0.01290	0.01447	0.00805	0.01869	0.01191	0.31470	0.01213	0.01175	0.00887	0.00504	0.00398	0.00125	0.00490	0.00364	0.00379	0.05016
85	0.01069	0.00981	0.01486	0.27783	0.20142	0.00961	0.03039	0.01353	0.01064	0.01531	0.00914	0.01203	0.00737	0.00437	0.00453	0.00126	0.00538	0.00392	0.00262	0.35531
86	0.03574	0.01132	0.01184	0.01022	0.01331	0.03177	0.00806	0.14093	0.54124	0.07167	0.04196	0.01766	0.01458	0.00666	0.00507	0.00164	0.00433	0.00542	0.00507	0.02150
87	0.01417	0.01198	0.01745	0.01447	0.07457	0.02901	0.20368	0.13666	0.19151	0.09137	0.01344	0.01424	0.01000	0.00541	0.00540	0.00152	0.02626	0.00497	0.00394	0.12997

[dist]
# distance from previous block
# <min> <max>
2	9

[block]
# block no. 3 follows, 49 sequences, length 21
# corresponding to MSA columns:
# 147-167
name=unknown_D
#
# <colnr> <probs for GDERKNQSTAVLIFYWHMCP>
#	G	D	E	R	K	N	Q	S	T	A	V	L	I	F	Y	W	H	M	C	P
0	0.35890	0.00948	0.01199	0.45454	0.02392	0.01142	0.01038	0.03759	0.00992	0.01753	0.00829	0.01127	0.00628	0.00494	0.00426	0.00163	0.00554	0.00377	0.00270	0.00565
1	0.02155	0.00864	0.01159	0.00892	0.01274	0.00756	0.00734	0.04759	0.01465	0.71403	0.05322	0.01777	0.01380	0.00636	0.00509	0.00154	0.00424	0.00519	0.00610	0.03206
2	0.01094	0.02061	0.45683	0.01747	0.02390	0.01221	0.35239	0.01610	0.01123	0.01610	0.00959	0.01199	0.00697	0.00456	0.00532	0.00165	0.00794	0.00472	0.00232	0.00718
3	0.00724	0.00536	0.00783	0.00783	0.00863	0.00616	0.00595	0.00884	0.00804	0.01152	0.01382	0.02136	0.01329	0.12676	0.71431	0.00776	0.01257	0.00564	0.00275	0.00435
4	0.00621	0.00442	0.00585	0.00698	0.00726	0.00414	0.00463	0.00705	0.00959	0.01279	0.02740	0.78801	0.03285	0.04763	0.00721	0.00217	0.00301	0.01410	0.00463	0.00407
5	0.00616	0.00440	0.00587	0.00704	0.00733	0.00411	0.00469	0.00704	0.00968	0.01291	0.02787	0.81899	0.03344	0.01584	0.00645	0.00205	0.00293	0.01438	0.00469	0.00411
6	0.00647	0.00464	0.00614	0.00683	0.00740	0.00431	0.00472	0.00781	0.01111	0.01519	0.26285	0.57751	0.03786	0.01414	0.00630	0.00191	0.00276	0.01276	0.00496	0.00431
7	0.01370	0.01116	0.01200	0.01051	0.01349	0.01268	0.00839	0.19726	0.53707	0.02307	0.01920	0.02080	0.01511	0.00733	0.00529	0.00173	0.00442	0.07389	0.00508	0.00784
8	0.01014	0.02616	0.79609	0.01441	0.02189	0.01174	0.01868	0.01601	0.01068	0.01601	0.00907	0.01068	0.00641	0.00480	0.00480	0.00160	0.00747	0.00374	0.00214	0.00747
9	0.00616	0.00440	0.00587	0.00704	0.00733	0.00411	0.00469	0.00704	0.00968	0.01291	0.02787	0.81899	0.03344	0.01584	0.00645	0.00205	0.00293	0.01438	0.00469	0.00411
10	0.00943	0.00471	0.00471	0.00471	0.00589	0.00471	0.00353	0.01178	0.01060	0.01885	0.01650	0.01885	0.01296	0.00589	0.00353	0.00118	0.00236	0.00471	0.85036	0.00471
11	0.01301	0.01305	0.01976	0.05601	0.69194	0.08632	0.01493	0.01587	0.01173	0.01601	0.00933	0.01223	0.00783	0.00459	0.00497	0.00149	0.00633	0.00439	0.00250	0.00773
12	0.85801	0.00978	0.00743	0.00665	0.00978	0.01134	0.00548	0.01486	0.00861	0.02269	0.00704	0.00821	0.00548	0.00469	0.00313	0.00156	0.00391	0.00274	0.00313	0.00548
13	0.85801	0.00978	0.00743	0.00665	0.00978	0.01134	0.00548	0.01486	0.00861	0.02269	0.00704	0.00821	0.00548	0.00469	0.00313	0.00156	0.00391	0.00274	0.00313	0.00548
14	0.01922	0.01416	0.01518	0.01163	0.01568	0.01568	0.00961	0.77388	0.02378	0.03187	0.01214	0.01214	0.00860	0.00607	0.00506	0.00152	0.00556	0.00455	0.00506	0.00860
15	0.00616	0.00440	0.00587	0.00704	0.00733	0.00411	0.00469	0.00704	0.00968	0.01291	0.02787	0.81899	0.03344	0.01584	0.00645	0.00205	0.00293	0.01438	0.00469	0.00411
16	0.00705	0.00541	0.00692	0.00672	0.00800	0.00537	0.00512	0.00935	0.03551	0.01601	0.34022	0.03438	0.22154	0.01938	0.25208	0.00364	0.00593	0.00827	0.00445	0.00467
17	0.01352	0.82533	0.02650	0.00865	0.01298	0.02001	0.00865	0.01514	0.01027	0.01190	0.00703	0.00811	0.00649	0.00433	0.00324	0.00108	0.00541	0.00270	0.00216	0.00649
18	0.00930	0.00470	0.00476	0.00481	0.00595	0.00469	0.00358	0.01159	0.01057	0.01862	0.01695	0.05058	0.01377	0.00629	0.00365	0.00121	0.00238	0.00510	0.81683	0.00469
19	0.00672	0.00468	0.00576	0.00640	0.00663	0.00450	0.00407	0.00728	0.00880	0.01167	0.02345	0.43845	0.04970	0.35993	0.01469	0.00327	0.00381	0.03252	0.00400	0.00368
20	0.06582	0.06856	0.20743	0.20174	0.17063	0.10023	0.01370	0.08460	0.01215	0.01659	0.00902	0.01133	0.00695	0.00493	0.00469	0.00153	0.00667	0.00395	0.00262	0.00688

[dist]
# distance from previous block
# <min> <max>
0	3

[block]
# block no. 4 follows, 49 sequences, length 25
# corresponding to MSA columns:
# 171-195
name=unknown_E
#
# <colnr> <probs for GDERKNQSTAVLIFYWHMCP>
#	G	D	E	R	K	N	Q	S	T	A	V	L	I	F	Y	W	H	M	C	P
0	0.06786	0.01079	0.01738	0.01338	0.03530	0.01035	0.25464	0.11229	0.03054	0.25321	0.09351	0.01663	0.01340	0.00578	0.00528	0.00157	0.00561	0.00549	0.00440	0.04258
1	0.01636	0.18530	0.01507	0.00922	0.01311	0.02851	0.00782	0.14935	0.10048	0.23988	0.01508	0.01451	0.03887	0.00570	0.00450	0.00134	0.00467	0.00439	0.00440	0.14143
2	0.00655	0.00497	0.00593	0.00648	0.00728	0.00468	0.00446	0.00803	0.04123	0.01305	0.03236	0.43777	0.24926	0.10982	0.04166	0.00253	0.00354	0.01175	0.00444	0.00421
3	0.01505	0.41920	0.19708	0.01030	0.01515	0.06394	0.01073	0.01769	0.01152	0.18071	0.01031	0.01071	0.00777	0.00490	0.00407	0.00132	0.00587	0.00348	0.00306	0.00713
4	0.01089	0.00898	0.01053	0.00754	0.01201	0.00676	0.00604	0.01312	0.01062	0.04195	0.00935	0.01071	0.00765	0.00383	0.00379	0.00078	0.00376	0.00306	0.00310	0.82553
5	0.01280	0.03273	0.16304	0.01148	0.04967	0.01014	0.05238	0.12190	0.04832	0.07514	0.01092	0.01204	0.00829	0.00542	0.02183	0.00138	0.00538	0.00391	0.00339	0.34982
6	0.00928	0.00674	0.00794	0.00780	0.00929	0.00701	0.00576	0.01472	0.24468	0.05201	0.19913	0.30765	0.02896	0.01076	0.00569	0.00176	0.00315	0.00949	0.06250	0.00568
7	0.00698	0.00516	0.00652	0.00618	0.00745	0.00470	0.00463	0.00921	0.01390	0.01931	0.67974	0.03937	0.15665	0.01070	0.00597	0.00161	0.00241	0.00937	0.00544	0.00470
8	0.00616	0.00440	0.00587	0.00704	0.00733	0.00411	0.00469	0.00704	0.00968	0.01291	0.02787	0.81899	0.03344	0.01584	0.00645	0.00205	0.00293	0.01438	0.00469	0.00411
9	0.01030	0.00958	0.01588	0.67729	0.13414	0.01150	0.01407	0.04161	0.01081	0.01410	0.00917	0.01330	0.00698	0.00502	0.00505	0.00165	0.00660	0.00450	0.00239	0.00605
10	0.00629	0.00513	0.00555	0.00545	0.00702	0.00440	0.00409	0.00786	0.01226	0.01540	0.24510	0.04580	0.59373	0.01216	0.00597	0.00168	0.00252	0.01027	0.00492	0.00440
11	0.00726	0.00498	0.00562	0.00569	0.00593	0.00489	0.00343	0.00752	0.00802	0.01050	0.02017	0.03603	0.09823	0.69390	0.02266	0.00443	0.00465	0.04951	0.00332	0.00328
12	0.00722	0.00542	0.00813	0.00813	0.00903	0.00632	0.00632	0.00903	0.00813	0.01174	0.01354	0.01987	0.01264	0.03792	0.80225	0.00813	0.01354	0.00542	0.00271	0.00451
13	0.01194	0.01364	0.02984	0.02131	0.02643	0.01279	0.77238	0.01620	0.01194	0.01620	0.01023	0.01364	0.00767	0.00426	0.00597	0.00171	0.00853	0.00597	0.00256	0.00682
14	0.01628	0.00738	0.01015	0.00914	0.01184	0.00672	0.00775	0.01840	0.01323	0.45097	0.02296	0.03476	0.01982	0.00966	0.00592	0.00190	0.00446	0.33625	0.00555	0.00687
15	0.01814	0.00995	0.01182	0.00964	0.01309	0.01017	0.00777	0.12309	0.27953	0.39510	0.03489	0.01758	0.01374	0.00652	0.00509	0.00160	0.00428	0.00531	0.02445	0.00823
16	0.01084	0.01039	0.01791	0.46421	0.33982	0.01161	0.04467	0.01410	0.01075	0.01450	0.00925	0.01310	0.00729	0.00480	0.00507	0.00161	0.00652	0.00456	0.00236	0.00663
17	0.05562	0.00888	0.01171	0.00901	0.01290	0.00793	0.00745	0.05546	0.01463	0.73194	0.01911	0.01664	0.01208	0.00619	0.00501	0.00156	0.00434	0.00497	0.00608	0.00848
18	0.00697	0.00516	0.00650	0.00617	0.00744	0.00469	0.00462	0.00918	0.01387	0.01923	0.67115	0.03950	0.16529	0.01073	0.00597	0.00161	0.00241	0.00939	0.00543	0.00469
19	0.02255	0.00883	0.01187	0.00910	0.01302	0.00777	0.00752	0.05507	0.01485	0.76329	0.01963	0.01701	0.01236	0.00625	0.00508	0.00156	0.00435	0.00506	0.00621	0.00861
20	0.01139	0.00964	0.01291	0.01116	0.01184	0.01264	0.00918	0.06395	0.00956	0.04106	0.00970	0.01342	0.00855	0.01076	0.08531	0.00252	0.52576	0.00459	0.14045	0.00562
21	0.00692	0.00494	0.00674	0.00791	0.00853	0.00476	0.00601	0.00835	0.01043	0.01376	0.02745	0.52863	0.03179	0.01513	0.00666	0.00216	0.00359	0.29725	0.00468	0.00432
22	0.01106	0.01106	0.01549	0.01328	0.01328	0.01549	0.01106	0.01217	0.00774	0.01217	0.00664	0.01106	0.00664	0.00885	0.01659	0.00221	0.81303	0.00443	0.00221	0.00553
23	0.01853	0.01289	0.01409	0.01107	0.01489	0.01409	0.00906	0.55005	0.15191	0.12808	0.01459	0.01394	0.01027	0.00623	0.00508	0.00156	0.00514	0.00482	0.00523	0.00850
24	0.01155	0.01293	0.02740	0.01990	0.02436	0.01251	0.67128	0.01538	0.01149	0.01571	0.01094	0.05839	0.00903	0.00526	0.00681	0.00176	0.06977	0.00632	0.00265	0.00657

[dist]
# distance from previous block
# <min> <max>
0	2

[block]
# block no. 5 follows, 49 sequences, length 112
# corresponding to MSA columns:
# 198-309
name=unknown_F
#
# <colnr> <probs for GDERKNQSTAVLIFYWHMCP>
#	G	D	E	R	K	N	Q	S	T	A	V	L	I	F	Y	W	H	M	C	P
0	0.06884	0.00970	0.01057	0.00779	0.01209	0.03773	0.00624	0.02836	0.01094	0.05138	0.00936	0.01061	0.00756	0.00402	0.00382	0.00088	0.00402	0.00311	0.00317	0.70982
1	0.00603	0.00514	0.00519	0.00522	0.00692	0.00431	0.00394	0.00733	0.01153	0.01370	0.05065	0.04886	0.77075	0.01283	0.00600	0.00172	0.00261	0.02829	0.00469	0.00428
2	0.01755	0.01426	0.01216	0.01037	0.01330	0.28649	0.00810	0.09758	0.08694	0.24536	0.13897	0.01733	0.01597	0.00659	0.00505	0.00149	0.00578	0.00510	0.00464	0.00697
3	0.01106	0.01106	0.01549	0.01328	0.01328	0.01549	0.01106	0.01217	0.00774	0.01217	0.00664	0.01106	0.00664	0.00885	0.01659	0.00221	0.81303	0.00443	0.00221	0.00553
4	0.00955	0.00899	0.01517	0.81013	0.03483	0.01123	0.01404	0.01292	0.01011	0.01292	0.00899	0.01348	0.00674	0.00506	0.00506	0.00169	0.00674	0.00449	0.00225	0.00562
5	0.01352	0.82533	0.02650	0.00865	0.01298	0.02001	0.00865	0.01514	0.01027	0.01190	0.00703	0.00811	0.00649	0.00433	0.00324	0.00108	0.00541	0.00270	0.00216	0.00649
6	0.00600	0.00512	0.00516	0.00515	0.00685	0.00428	0.00386	0.00731	0.01159	0.01382	0.06861	0.04841	0.77121	0.01275	0.00598	0.00170	0.00256	0.01064	0.00472	0.00428
7	0.01252	0.01201	0.02053	0.03104	0.79074	0.01201	0.01552	0.01552	0.01151	0.01652	0.00951	0.01252	0.00801	0.00451	0.00501	0.00150	0.00601	0.00451	0.00250	0.00801
8	0.00598	0.00512	0.00512	0.00512	0.00683	0.00427	0.00384	0.00726	0.01153	0.01366	0.05123	0.04866	0.78869	0.01281	0.00598	0.00171	0.00256	0.01067	0.00470	0.00427
9	0.01014	0.02616	0.79609	0.01441	0.02189	0.01174	0.01868	0.01601	0.01068	0.01601	0.00907	0.01068	0.00641	0.00480	0.00480	0.00160	0.00747	0.00374	0.00214	0.00747
10	0.01889	0.02410	0.01433	0.01303	0.01563	0.80199	0.00977	0.02019	0.01433	0.01238	0.00782	0.00912	0.00651	0.00521	0.00456	0.00130	0.00912	0.00326	0.00261	0.00586
11	0.00734	0.00494	0.00569	0.00569	0.00576	0.00500	0.00329	0.00747	0.00741	0.00994	0.01577	0.03218	0.01799	0.76832	0.07916	0.00512	0.00550	0.00722	0.00304	0.00316
12	0.00616	0.00440	0.00587	0.00704	0.00733	0.00411	0.00469	0.00704	0.00968	0.01291	0.02787	0.81899	0.03344	0.01584	0.00645	0.00205	0.00293	0.01438	0.00469	0.00411
13	0.00604	0.00501	0.00528	0.00546	0.00693	0.00426	0.00400	0.00728	0.01130	0.01370	0.06567	0.17275	0.64845	0.01324	0.00605	0.00176	0.00262	0.01123	0.00472	0.00426
14	0.78681	0.01015	0.00809	0.00707	0.01028	0.01171	0.00583	0.07929	0.00989	0.02347	0.00747	0.00855	0.00574	0.00481	0.00329	0.00156	0.00405	0.00289	0.00329	0.00574
15	0.01790	0.14985	0.01646	0.01179	0.01513	0.40036	0.00948	0.25682	0.04378	0.01874	0.00950	0.01025	0.00748	0.00540	0.00453	0.00135	0.00722	0.00366	0.00340	0.00690
16	0.01369	0.79914	0.02610	0.00880	0.01307	0.04557	0.00869	0.01531	0.01041	0.01191	0.00706	0.00814	0.00649	0.00436	0.00329	0.00109	0.00553	0.00272	0.00218	0.00647
17	0.30884	0.01184	0.01563	0.02159	0.47803	0.05184	0.01171	0.01553	0.01064	0.01847	0.00856	0.01084	0.00705	0.00461	0.00433	0.00151	0.00543	0.00382	0.00273	0.00701
18	0.01005	0.01043	0.02114	0.01657	0.03764	0.00991	0.47288	0.01314	0.01119	0.01513	0.01623	0.24300	0.01636	0.00827	0.00635	0.00185	0.02161	0.05904	0.00329	0.00591
19	0.00609	0.00468	0.00558	0.00631	0.00714	0.00417	0.00437	0.00712	0.01039	0.01320	0.03683	0.52358	0.32307	0.01468	0.00627	0.00192	0.00279	0.01296	0.00469	0.00417
20	0.01252	0.01201	0.02053	0.03104	0.79074	0.01201	0.01552	0.01552	0.01151	0.01652	0.00951	0.01252	0.00801	0.00451	0.00501	0.00150	0.00601	0.00451	0.00250	0.00801
21	0.00615	0.00443	0.00584	0.00697	0.00732	0.00411	0.00466	0.00705	0.00975	0.01294	0.02877	0.78947	0.06239	0.01573	0.00644	0.00204	0.00292	0.01423	0.00469	0.00411
22	0.00943	0.00471	0.00471	0.00471	0.00589	0.00471	0.00353	0.01178	0.01060	0.01885	0.01650	0.01885	0.01296	0.00589	0.00353	0.00118	0.00236	0.00471	0.85036	0.00471
23	0.01352	0.82533	0.02650	0.00865	0.01298	0.02001	0.00865	0.01514	0.01027	0.01190	0.00703	0.00811	0.00649	0.00433	0.00324	0.00108	0.00541	0.00270	0.00216	0.00649
24	0.00735	0.00490	0.00552	0.00552	0.00552	0.00490	0.00306	0.00735	0.00735	0.00980	0.01593	0.03309	0.01838	0.82229	0.02574	0.00490	0.00490	0.00735	0.00306	0.00306
25	0.85801	0.00978	0.00743	0.00665	0.00978	0.01134	0.00548	0.01486	0.00861	0.02269	0.00704	0.00821	0.00548	0.00469	0.00313	0.00156	0.00391	0.00274	0.00313	0.00548
26	0.01922	0.01416	0.01518	0.01163	0.01568	0.01568	0.00961	0.77388	0.02378	0.03187	0.01214	0.01214	0.00860	0.00607	0.00506	0.00152	0.00556	0.00455	0.00506	0.00860
27	0.02216	0.00945	0.01226	0.00940	0.01333	0.00868	0.00776	0.13803	0.01588	0.67887	0.01877	0.01644	0.01192	0.00623	0.00508	0.00156	0.00449	0.00500	0.00608	0.00860
28	0.01566	0.01239	0.01317	0.01091	0.01432	0.01402	0.00875	0.37330	0.43016	0.02612	0.01667	0.01575	0.01227	0.00649	0.00511	0.00162	0.00473	0.00518	0.00511	0.00828
29	0.01230	0.01129	0.01626	0.10260	0.36427	0.02602	0.02935	0.05278	0.24573	0.01800	0.01397	0.04629	0.01152	0.00598	0.00517	0.00163	0.00542	0.02038	0.00353	0.00750
30	0.01160	0.32577	0.43369	0.01264	0.01865	0.01495	0.06818	0.01595	0.02856	0.01460	0.00865	0.01011	0.00674	0.00463	0.00431	0.00142	0.00669	0.00355	0.00225	0.00707
31	0.01096	0.00886	0.02461	0.00847	0.01076	0.00907	0.00678	0.21801	0.10969	0.02115	0.22370	0.08527	0.19179	0.00953	0.00604	0.00167	0.03468	0.00791	0.00493	0.00613
32	0.00726	0.00549	0.00725	0.00746	0.00781	0.00601	0.00525	0.00813	0.00858	0.01176	0.01998	0.31632	0.04214	0.25236	0.16831	0.00407	0.09143	0.02274	0.00357	0.00405
33	0.02028	0.01224	0.07939	0.01048	0.01474	0.01099	0.00923	0.31439	0.01776	0.43287	0.01600	0.01469	0.01048	0.00606	0.00505	0.00155	0.00506	0.00476	0.00544	0.00851
34	0.01049	0.00899	0.01049	0.00749	0.01198	0.00674	0.00599	0.01273	0.01049	0.01648	0.00899	0.01049	0.00749	0.00374	0.00374	0.00075	0.00374	0.00300	0.00300	0.85320
35	0.01291	0.29604	0.01700	0.01040	0.03850	0.01516	0.00848	0.02239	0.48640	0.01776	0.01548	0.01489	0.01206	0.00590	0.00448	0.00149	0.00456	0.00462	0.00401	0.00747
36	0.00682	0.00489	0.00587	0.00604	0.00668	0.00459	0.00402	0.00785	0.01038	0.01390	0.23065	0.22140	0.14250	0.29682	0.01302	0.00288	0.00342	0.00997	0.00436	0.00394
37	0.01207	0.22856	0.30686	0.01163	0.01666	0.01428	0.02655	0.03814	0.26167	0.01701	0.01238	0.01276	0.00944	0.00537	0.00454	0.00150	0.00578	0.00417	0.00320	0.00741
38	0.00878	0.00439	0.00659	0.00659	0.00659	0.00439	0.00439	0.00659	0.00659	0.00878	0.00878	0.01537	0.00878	0.01757	0.01976	0.85288	0.00439	0.00439	0.00220	0.00220
39	0.10620	0.01747	0.01347	0.01151	0.01468	0.34998	0.00902	0.26698	0.12561	0.02108	0.01096	0.01139	0.00835	0.00567	0.00466	0.00146	0.00668	0.00397	0.00382	0.00702
40	0.02111	0.00873	0.01154	0.00905	0.01276	0.00789	0.00741	0.02439	0.09575	0.68704	0.04512	0.01806	0.01398	0.00646	0.00512	0.00158	0.00421	0.00528	0.00612	0.00842
41	0.01351	0.01480	0.02272	0.01889	0.10179	0.16139	0.38508	0.01644	0.01167	0.04152	0.00938	0.01233	0.00747	0.00537	0.00750	0.00170	0.15423	0.00499	0.00263	0.00659
42	0.01189	0.01397	0.05015	0.02113	0.02631	0.01276	0.75240	0.01619	0.01190	0.01619	0.01020	0.01356	0.00764	0.00428	0.00594	0.00170	0.00850	0.00591	0.00255	0.00684
43	0.00955	0.00899	0.01517	0.81013	0.03483	0.01123	0.01404	0.01292	0.01011	0.01292	0.00899	0.01348	0.00674	0.00506	0.00506	0.00169	0.00674	0.00449	0.00225	0.00562
44	0.01760	0.21898	0.01736	0.01186	0.01499	0.55374	0.00949	0.07392	0.01403	0.01368	0.00794	0.00909	0.00666	0.00506	0.00427	0.00126	0.00795	0.00322	0.00268	0.00621
45	0.01076	0.00953	0.00981	0.00984	0.01171	0.09257	0.00790	0.01739	0.30487	0.01690	0.02252	0.11743	0.02196	0.01053	0.00597	0.00196	0.00470	0.31301	0.00463	0.00600
46	0.00616	0.00440	0.00587	0.00704	0.00733	0.00411	0.00469	0.00704	0.00968	0.01291	0.02787	0.81899	0.03344	0.01584	0.00645	0.00205	0.00293	0.01438	0.00469	0.00411
47	0.01014	0.02616	0.79609	0.01441	0.02189	0.01174	0.01868	0.01601	0.01068	0.01601	0.00907	0.01068	0.00641	0.00480	0.00480	0.00160	0.00747	0.00374	0.00214	0.00747
48	0.01316	0.74065	0.10804	0.00926	0.01392	0.01913	0.00972	0.01523	0.01032	0.01233	0.00725	0.00838	0.00648	0.00438	0.00341	0.00114	0.00563	0.00281	0.00216	0.00659
49	0.01372	0.01176	0.04004	0.01716	0.05491	0.01081	0.45369	0.01703	0.01197	0.18624	0.01319	0.04595	0.01020	0.03287	0.03478	0.00202	0.02729	0.00597	0.00345	0.00694
50	0.00616	0.00440	0.00587	0.00704	0.00733	0.00411	0.00469	0.00704	0.00968	0.01291	0.02787	0.81899	0.03344	0.01584	0.00645	0.00205	0.00293	0.01438	0.00469	0.00411
51	0.03708	0.01678	0.01505	0.01265	0.01586	0.31583	0.08989	0.15271	0.25492	0.01916	0.01279	0.01314	0.00976	0.00576	0.00494	0.00152	0.00671	0.00452	0.00383	0.00710
52	0.01360	0.01141	0.01431	0.20811	0.10151	0.01302	0.01070	0.22129	0.30976	0.02151	0.01433	0.01509	0.01070	0.00596	0.00509	0.00163	0.00530	0.00498	0.00413	0.00758
53	0.00773	0.00503	0.00613	0.00587	0.00693	0.00477	0.00429	0.00986	0.01267	0.01882	0.51789	0.03266	0.03612	0.09528	0.00747	0.00184	0.00265	0.00787	0.21154	0.00458
54	0.01258	0.01086	0.01143	0.01029	0.01315	0.01258	0.00800	0.02687	0.78161	0.02115	0.02058	0.01887	0.01544	0.00686	0.00515	0.00172	0.00400	0.00572	0.00515	0.00800
55	0.01258	0.01086	0.01143	0.01029	0.01315	0.01258	0.00800	0.02687	0.78161	0.02115	0.02058	0.01887	0.01544	0.00686	0.00515	0.00172	0.00400	0.00572	0.00515	0.00800
56	0.01049	0.00899	0.01049	0.00749	0.01198	0.00674	0.00599	0.01273	0.01049	0.01648	0.00899	0.01049	0.00749	0.00374	0.00374	0.00075	0.00374	0.00300	0.00300	0.85320
57	0.00815	0.00582	0.00815	0.00931	0.01048	0.00582	0.00815	0.01048	0.01164	0.01513	0.02677	0.05704	0.02910	0.01397	0.00698	0.00233	0.00466	0.75671	0.00466	0.00466
58	0.00722	0.00542	0.00813	0.00813	0.00903	0.00632	0.00632	0.00903	0.00813	0.01174	0.01354	0.01987	0.01264	0.03792	0.80225	0.00813	0.01354	0.00542	0.00271	0.00451
59	0.00955	0.00899	0.01517	0.81013	0.03483	0.01123	0.01404	0.01292	0.01011	0.01292	0.00899	0.01348	0.00674	0.00506	0.00506	0.00169	0.00674	0.00449	0.00225	0.00562
60	0.02206	0.00961	0.01236	0.00948	0.01341	0.00893	0.00783	0.16049	0.01616	0.65602	0.01853	0.01629	0.01181	0.00622	0.00508	0.00156	0.00453	0.00499	0.00604	0.00860
61	0.01049	0.00899	0.01049	0.00749	0.01198	0.00674	0.00599	0.01273	0.01049	0.01648	0.00899	0.01049	0.00749	0.00374	0.00374	0.00075	0.00374	0.00300	0.00300	0.85320
62	0.01014	0.02616	0.79609	0.01441	0.02189	0.01174	0.01868	0.01601	0.01068	0.01601	0.00907	0.01068	0.00641	0.00480	0.00480	0.00160	0.00747	0.00374	0.00214	0.00747
63	0.00947	0.00856	0.01574	0.01351	0.01606	0.00826	0.27570	0.01248	0.01174	0.01551	0.02098	0.04185	0.02160	0.01057	0.00663	0.00211	0.00601	0.49388	0.00392	0.00541
64	0.00616	0.00440	0.00587	0.00704	0.00733	0.00411	0.00469	0.00704	0.00968	0.01291	0.02787	0.81899	0.03344	0.01584	0.00645	0.00205	0.00293	0.01438	0.00469	0.00411
65	0.01352	0.82533	0.02650	0.00865	0.01298	0.02001	0.00865	0.01514	0.01027	0.01190	0.00703	0.00811	0.00649	0.00433	0.00324	0.00108	0.00541	0.00270	0.00216	0.00649
66	0.01258	0.01086	0.01143	0.01029	0.01315	0.01258	0.00800	0.02687	0.78161	0.02115	0.02058	0.01887	0.01544	0.00686	0.00515	0.00172	0.00400	0.00572	0.00515	0.00800
67	0.00878	0.00439	0.00659	0.00659	0.00659	0.00439	0.00439	0.00659	0.00659	0.00878	0.00878	0.01537	0.00878	0.01757	0.01976	0.85288	0.00439	0.00439	0.00220	0.00220
68	0.02003	0.01386	0.01425	0.01114	0.01500	0.09698	0.00910	0.51111	0.02050	0.21592	0.01359	0.01306	0.00933	0.00603	0.00501	0.00151	0.00563	0.00455	0.00509	0.00831
69	0.01889	0.02410	0.01433	0.01303	0.01563	0.80199	0.00977	0.02019	0.01433	0.01238	0.00782	0.00912	0.00651	0.00521	0.00456	0.00130	0.00912	0.00326	0.00261	0.00586
70	0.01056	0.01075	0.01010	0.00966	0.01100	0.22461	0.00744	0.01221	0.00981	0.01193	0.01171	0.01659	0.01074	0.02787	0.55410	0.00603	0.04250	0.00479	0.00266	0.00492
71	0.01104	0.01354	0.21986	0.00941	0.01467	0.00811	0.00945	0.01424	0.01075	0.05757	0.00959	0.01089	0.00747	0.00416	0.00410	0.00102	0.00477	0.00330	0.00294	0.58311
72	0.00617	0.00513	0.00539	0.00532	0.00695	0.00435	0.00399	0.00763	0.01198	0.01473	0.17018	0.04691	0.66907	0.01241	0.00597	0.00169	0.00253	0.01043	0.00484	0.00435
73	0.85801	0.00978	0.00743	0.00665	0.00978	0.01134	0.00548	0.01486	0.00861	0.02269	0.00704	0.00821	0.00548	0.00469	0.00313	0.00156	0.00391	0.00274	0.00313	0.00548
74	0.00806	0.00668	0.00763	0.00669	0.00914	0.00562	0.00506	0.01045	0.05458	0.01553	0.09667	0.16663	0.27396	0.00961	0.00523	0.00142	0.00311	0.00821	0.00420	0.30152
75	0.01239	0.01186	0.02009	0.04530	0.75070	0.01183	0.01518	0.01538	0.01145	0.01645	0.00948	0.01247	0.00797	0.00449	0.00497	0.00148	0.00595	0.00446	0.00251	0.03559
76	0.01339	0.00735	0.00953	0.00873	0.01106	0.00714	0.00718	0.01739	0.12772	0.27374	0.18336	0.03420	0.02551	0.00961	0.00587	0.00183	0.00397	0.24049	0.00545	0.00648
77	0.01352	0.82533	0.02650	0.00865	0.01298	0.02001	0.00865	0.01514	0.01027	0.01190	0.00703	0.00811	0.00649	0.00433	0.00324	0.00108	0.00541	0.00270	0.00216	0.00649
78	0.00655	0.00515	0.00592	0.00573	0.00719	0.00452	0.00430	0.00838	0.01289	0.01690	0.41232	0.04333	0.42557	0.01160	0.00597	0.00165	0.00248	0.00992	0.00512	0.00452
79	0.00878	0.00439	0.00659	0.00659	0.00659	0.00439	0.00439	0.00659	0.00659	0.00878	0.00878	0.01537	0.00878	0.01757	0.01976	0.85288	0.00439	0.00439	0.00220	0.00220
80	0.02213	0.00950	0.01229	0.00942	0.01336	0.00876	0.00778	0.14560	0.01597	0.67117	0.01869	0.01639	0.01188	0.00623	0.00508	0.00156	0.00451	0.00500	0.00606	0.00860
81	0.00616	0.00440	0.00587	0.00704	0.00733	0.00411	0.00469	0.00704	0.00968	0.01291	0.02787	0.81899	0.03344	0.01584	0.00645	0.00205	0.00293	0.01438	0.00469	0.00411
82	0.80507	0.01006	0.00792	0.00696	0.01015	0.01162	0.00574	0.06276	0.00956	0.02327	0.00736	0.00846	0.00567	0.00478	0.00325	0.00156	0.00402	0.00285	0.00325	0.00567
83	0.00943	0.00471	0.00471	0.00471	0.00589	0.00471	0.00353	0.01178	0.01060	0.01885	0.01650	0.01885	0.01296	0.00589	0.00353	0.00118	0.00236	0.00471	0.85036	0.00471
84	0.00617	0.00514	0.00540	0.00537	0.00700	0.00437	0.00405	0.00762	0.01190	0.01457	0.14850	0.04738	0.67590	0.01250	0.00599	0.00170	0.00258	0.02472	0.00481	0.00434
85	0.00615	0.00443	0.00584	0.00697	0.00732	0.00411	0.00466	0.00705	0.00975	0.01294	0.02870	0.79175	0.06015	0.01573	0.00644	0.00204	0.00292	0.01424	0.00469	0.00411
