[name]
unknown

[dist]
# distance from previous block
# <min> <max>
0	19

[block]
# block no. 0 follows, 47 sequences, length 46
# corresponding to MSA columns:
# 19-64
name=unknown_A
#
# <colnr> <probs for GDERKNQSTAVLIFYWHMCP>
#	G	D	E	R	K	N	Q	S	T	A	V	L	I	F	Y	W	H	M	C	P
0	0.01743	0.02140	0.01422	0.01304	0.01528	0.62920	0.01003	0.01886	0.01374	0.01302	0.00996	0.01477	0.00915	0.00671	0.00630	0.00155	0.09510	0.08151	0.00286	0.00587
1	0.01568	0.03346	0.46511	0.01251	0.01868	0.01046	0.01442	0.02004	0.01255	0.32555	0.01380	0.01365	0.00912	0.00554	0.00504	0.00162	0.00635	0.00439	0.00390	0.00815
2	0.01743	0.02338	0.17971	0.01350	0.01743	0.49013	0.01201	0.13820	0.01537	0.01672	0.00901	0.01027	0.00703	0.00549	0.00508	0.00146	0.02428	0.00369	0.00297	0.00683
3	0.00793	0.00666	0.01037	0.00982	0.01115	0.00649	0.11997	0.01081	0.09033	0.01469	0.02518	0.60990	0.02850	0.01355	0.00643	0.00202	0.00401	0.01257	0.00455	0.00507
4	0.01048	0.00992	0.01679	0.64025	0.19500	0.01174	0.01479	0.01387	0.01072	0.01409	0.00937	0.01367	0.00722	0.00509	0.00520	0.00170	0.00678	0.00463	0.00237	0.00631
5	0.01218	0.01150	0.01942	0.06243	0.67117	0.01156	0.01476	0.01522	0.01210	0.01726	0.09050	0.01565	0.01247	0.00529	0.00526	0.00156	0.00583	0.00514	0.00290	0.00779
6	0.00647	0.00518	0.00560	0.00567	0.00703	0.00451	0.00407	0.00773	0.01154	0.01435	0.13111	0.12692	0.53643	0.10003	0.00840	0.00214	0.00292	0.01084	0.00476	0.00431
7	0.01108	0.01168	0.02325	0.40913	0.03150	0.01238	0.39393	0.01501	0.01136	0.01501	0.00990	0.01397	0.00743	0.00479	0.00568	0.00175	0.00787	0.00539	0.00248	0.00641
8	0.01948	0.01740	0.01480	0.01228	0.01575	0.33040	0.03375	0.24458	0.08157	0.15933	0.01281	0.01281	0.00927	0.00594	0.00504	0.00151	0.00694	0.00439	0.00433	0.00760
9	0.01079	0.01023	0.01734	0.56331	0.26958	0.01182	0.01494	0.01414	0.01086	0.01446	0.00942	0.01357	0.00735	0.00503	0.00519	0.00168	0.00671	0.00463	0.00240	0.00655
10	0.00646	0.00462	0.00614	0.00718	0.00758	0.00430	0.00484	0.00753	0.01049	0.01411	0.11003	0.72992	0.03603	0.01570	0.00659	0.00206	0.00296	0.01422	0.00493	0.00430
11	0.00781	0.00580	0.00748	0.00810	0.00912	0.00577	0.00619	0.01090	0.09153	0.01639	0.18394	0.36144	0.03432	0.01364	0.00655	0.00206	0.00351	0.21545	0.00506	0.00495
12	0.01176	0.01264	0.02621	0.02153	0.12956	0.01200	0.55599	0.01565	0.01213	0.01650	0.01285	0.04408	0.01118	0.00588	0.00614	0.00181	0.00781	0.08649	0.00293	0.00686
13	0.00905	0.00452	0.00678	0.00678	0.00678	0.00452	0.00452	0.00678	0.00678	0.00905	0.00905	0.01583	0.00905	0.01809	0.02035	0.84848	0.00452	0.00452	0.00226	0.00226
14	0.01129	0.22071	0.60367	0.01339	0.02030	0.01417	0.01672	0.01627	0.01089	0.01546	0.00883	0.01035	0.00662	0.00483	0.00456	0.00152	0.00718	0.00359	0.00221	0.00745
15	0.05448	0.18321	0.01682	0.01083	0.01427	0.01381	0.07258	0.30931	0.03414	0.04628	0.01479	0.17820	0.01377	0.00776	0.00510	0.00161	0.00523	0.00647	0.00423	0.00711
16	0.01366	0.01302	0.02079	0.02935	0.66957	0.03795	0.04057	0.07935	0.01303	0.01819	0.00999	0.01278	0.00824	0.00479	0.00518	0.00155	0.00634	0.00465	0.00280	0.00819
17	0.01344	0.08382	0.17507	0.01152	0.01563	0.04758	0.01091	0.15023	0.28547	0.02060	0.01584	0.01911	0.01286	0.00690	0.00518	0.00167	0.00556	0.08511	0.00415	0.02933
18	0.01545	0.39673	0.01976	0.01056	0.01389	0.30846	0.00895	0.05215	0.01273	0.01352	0.01011	0.09590	0.00979	0.00616	0.00429	0.00133	0.00673	0.00439	0.00282	0.00628
19	0.04902	0.00923	0.01088	0.00793	0.01240	0.00726	0.00639	0.01523	0.01139	0.14467	0.01104	0.01184	0.00848	0.00433	0.00406	0.00095	0.00396	0.00343	0.00365	0.67386
20	0.00704	0.00523	0.00664	0.00760	0.00818	0.00514	0.00519	0.00939	0.08998	0.01418	0.02792	0.73054	0.03250	0.01535	0.00651	0.00208	0.00314	0.01387	0.00488	0.00465
21	0.02336	0.00886	0.01209	0.00927	0.01329	0.00765	0.00765	0.02538	0.01491	0.78810	0.02055	0.01773	0.01289	0.00645	0.00524	0.00161	0.00443	0.00524	0.00645	0.00886
22	0.01600	0.00977	0.01348	0.01346	0.17684	0.00837	0.00882	0.01837	0.01258	0.30884	0.01364	0.01386	0.00979	0.00500	0.00466	0.00125	0.00457	0.00423	0.00425	0.35223
23	0.00634	0.00453	0.00604	0.00725	0.00755	0.00423	0.00483	0.00725	0.00997	0.01329	0.02870	0.81358	0.03444	0.01632	0.00665	0.00211	0.00302	0.01480	0.00483	0.00423
24	0.10906	0.10030	0.01575	0.01137	0.01515	0.17006	0.00934	0.44699	0.03262	0.02549	0.01066	0.01114	0.00798	0.00575	0.00470	0.00148	0.00622	0.00405	0.00419	0.00771
25	0.01634	0.09496	0.01259	0.00907	0.01223	0.09422	0.00737	0.05098	0.08275	0.30536	0.15867	0.02201	0.07810	0.00740	0.00519	0.00154	0.00460	0.00598	0.00511	0.02551
26	0.03877	0.01216	0.12708	0.01265	0.01610	0.01020	0.18567	0.01679	0.14128	0.09552	0.05374	0.11092	0.01574	0.09205	0.00835	0.00213	0.04360	0.00681	0.00388	0.00658
27	0.01229	0.01405	0.03073	0.02195	0.02722	0.01317	0.76558	0.01668	0.01229	0.01668	0.01054	0.01405	0.00790	0.00439	0.00615	0.00176	0.00878	0.00615	0.00263	0.00702
28	0.01136	0.04946	0.23700	0.01148	0.01529	0.07712	0.04643	0.08473	0.10080	0.01789	0.09855	0.19230	0.01870	0.00843	0.00548	0.00171	0.00561	0.00720	0.00386	0.00658
29	0.01203	0.18900	0.46579	0.01238	0.01818	0.09506	0.01445	0.01628	0.01129	0.01554	0.00960	0.01119	0.00736	0.00501	0.00445	0.00146	0.00686	0.00368	0.09337	0.00701
30	0.00867	0.00643	0.00784	0.00732	0.00790	0.00728	0.00535	0.00985	0.00963	0.01423	0.09860	0.04057	0.10096	0.28376	0.01492	0.00287	0.17869	0.00701	0.18372	0.00441
31	0.00633	0.00485	0.00572	0.00639	0.00726	0.00433	0.00441	0.00735	0.01061	0.01345	0.03768	0.47350	0.33080	0.05291	0.00739	0.00211	0.00296	0.01295	0.00476	0.00425
32	0.01550	0.30141	0.13278	0.01405	0.09907	0.32650	0.01164	0.01783	0.01244	0.01358	0.00814	0.00964	0.00685	0.00491	0.00431	0.00133	0.00746	0.00337	0.00244	0.00674
33	0.00994	0.00914	0.01616	0.18665	0.10260	0.00922	0.19448	0.01308	0.01259	0.02987	0.25557	0.02498	0.07353	0.00737	0.00580	0.00169	0.00547	0.01873	0.01715	0.00601
34	0.00634	0.00480	0.00582	0.00658	0.00737	0.00432	0.00453	0.00741	0.01069	0.01373	0.06037	0.53406	0.27182	0.02800	0.00679	0.00203	0.00291	0.01331	0.00484	0.00429
35	0.01516	0.05497	0.17872	0.01183	0.01601	0.14193	0.01096	0.07216	0.31576	0.10593	0.01520	0.01481	0.01116	0.00609	0.00502	0.00161	0.00596	0.00474	0.00419	0.00780
36	0.01554	0.22034	0.13252	0.01404	0.09896	0.28479	0.01149	0.05803	0.04918	0.03515	0.00989	0.02957	0.00821	0.00541	0.00456	0.00141	0.00712	0.00393	0.00289	0.00697
37	0.02583	0.00743	0.01118	0.01159	0.09431	0.00716	0.09476	0.05897	0.01208	0.01640	0.09912	0.38699	0.12965	0.01181	0.00615	0.00187	0.00412	0.01076	0.00441	0.00541
38	0.01240	0.00658	0.00848	0.00765	0.00919	0.00659	0.00576	0.09349	0.01159	0.15129	0.05492	0.06977	0.01456	0.01449	0.09285	0.28279	0.00507	0.00575	0.14171	0.00507
39	0.05112	0.09957	0.01642	0.23854	0.05716	0.08902	0.03504	0.13558	0.05360	0.11836	0.01169	0.02383	0.00884	0.00578	0.00533	0.00160	0.03331	0.00457	0.00359	0.00705
40	0.27701	0.17574	0.01624	0.04824	0.01532	0.15794	0.07987	0.04221	0.11047	0.01818	0.00978	0.01095	0.00775	0.00517	0.00422	0.00150	0.00598	0.00377	0.00316	0.00650
41	0.06966	0.12618	0.07821	0.01137	0.01492	0.28172	0.00970	0.19342	0.03575	0.04454	0.01046	0.01239	0.00849	0.05696	0.02304	0.00181	0.00706	0.00404	0.00344	0.00684
42	0.16746	0.01104	0.07882	0.01143	0.09681	0.05116	0.00860	0.01708	0.07324	0.18272	0.12368	0.10172	0.03973	0.00763	0.00511	0.00167	0.00460	0.00631	0.00445	0.00674
43	0.04966	0.04735	0.18541	0.01310	0.09590	0.09566	0.01115	0.08530	0.04956	0.06995	0.03502	0.02630	0.01054	0.00570	0.00479	0.00144	0.00582	0.02940	0.00345	0.17451
44	0.02531	0.00892	0.00996	0.00867	0.01138	0.00918	0.00685	0.11725	0.23387	0.07066	0.12960	0.04858	0.11955	0.00848	0.00540	0.00163	0.00383	0.04693	0.04479	0.08915
45	0.06881	0.01058	0.01343	0.01255	0.11844	0.02327	0.04033	0.11682	0.05373	0.13785	0.05030	0.04560	0.01208	0.00578	0.00479	0.00136	0.00474	0.00487	0.00411	0.27056

[dist]
# distance from previous block
# <min> <max>
7	41

[block]
# block no. 1 follows, 47 sequences, length 9
# corresponding to MSA columns:
# 108-116
name=unknown_B
#
# <colnr> <probs for GDERKNQSTAVLIFYWHMCP>
#	G	D	E	R	K	N	Q	S	T	A	V	L	I	F	Y	W	H	M	C	P
0	0.01528	0.05554	0.06952	0.00992	0.01376	0.03177	0.02202	0.18216	0.09457	0.15973	0.03163	0.05183	0.01224	0.00627	0.00483	0.00144	0.00481	0.00506	0.07999	0.14764
1	0.04040	0.01381	0.06812	0.04340	0.09390	0.01351	0.13556	0.36716	0.04349	0.02482	0.06770	0.01473	0.01146	0.00589	0.00531	0.00159	0.00605	0.00515	0.00414	0.03380
2	0.01348	0.00949	0.01059	0.01013	0.05742	0.05856	0.00724	0.14260	0.06394	0.12987	0.01935	0.22672	0.03566	0.02453	0.00572	0.00169	0.00438	0.00753	0.09864	0.07247
3	0.16125	0.11287	0.16458	0.01199	0.01618	0.05278	0.14251	0.04289	0.04841	0.01864	0.14683	0.01706	0.01522	0.00614	0.00493	0.00160	0.00583	0.02035	0.00342	0.00652
4	0.03556	0.27280	0.19148	0.01251	0.08377	0.01341	0.04583	0.04474	0.01226	0.08171	0.09799	0.01645	0.05856	0.00604	0.00470	0.00147	0.00560	0.00485	0.00332	0.00697
5	0.06118	0.30919	0.06492	0.00843	0.01116	0.02995	0.00741	0.01347	0.06997	0.01411	0.04426	0.17167	0.01649	0.14689	0.00835	0.00213	0.00488	0.00653	0.00334	0.00564
6	0.03480	0.00937	0.01458	0.01522	0.18731	0.00909	0.13608	0.07161	0.01269	0.04691	0.04793	0.04896	0.22176	0.06740	0.00729	0.00197	0.00514	0.05177	0.00390	0.00621
7	0.01277	0.07949	0.24519	0.04775	0.07582	0.03827	0.20821	0.03397	0.01207	0.09426	0.01263	0.09306	0.01056	0.00609	0.00536	0.00166	0.00688	0.00569	0.00313	0.00715
8	0.01049	0.00998	0.07020	0.00929	0.01134	0.06505	0.00749	0.15462	0.01328	0.01750	0.02154	0.47450	0.02383	0.01200	0.00597	0.00186	0.00447	0.03274	0.00445	0.04943

[dist]
# distance from previous block
# <min> <max>
0	1

[block]
# block no. 2 follows, 47 sequences, length 185
# corresponding to MSA columns:
# 118-302
name=unknown_C
#
# <colnr> <probs for GDERKNQSTAVLIFYWHMCP>
#	G	D	E	R	K	N	Q	S	T	A	V	L	I	F	Y	W	H	M	C	P
0	0.03689	0.02324	0.06045	0.01000	0.01379	0.02907	0.00853	0.22403	0.03086	0.31211	0.02728	0.10401	0.02352	0.00728	0.00521	0.00159	0.00486	0.00592	0.00516	0.06621
1	0.06485	0.07637	0.11563	0.02417	0.01348	0.02469	0.02919	0.05208	0.03148	0.10524	0.01248	0.01364	0.00945	0.00517	0.00424	0.00128	0.00466	0.00406	0.19445	0.21338
2	0.42713	0.00842	0.00813	0.00713	0.00985	0.00885	0.00571	0.03017	0.01165	0.06159	0.25795	0.02011	0.02079	0.00694	0.00445	0.00156	0.00358	0.02119	0.00426	0.08053
3	0.00621	0.00506	0.00550	0.00586	0.00719	0.00435	0.00422	0.00741	0.01131	0.01384	0.04567	0.27497	0.56211	0.01411	0.00630	0.00186	0.00275	0.01211	0.00484	0.00435
4	0.01339	0.34211	0.17879	0.03710	0.01960	0.09657	0.19768	0.03073	0.01177	0.01466	0.00871	0.01063	0.00702	0.00469	0.00458	0.00143	0.00722	0.00397	0.00243	0.00692
5	0.01871	0.01738	0.01426	0.01204	0.01539	0.31470	0.00946	0.27723	0.15898	0.09015	0.01312	0.01305	0.00969	0.00608	0.00503	0.00152	0.00672	0.00445	0.00436	0.00766
6	0.01253	0.01073	0.01133	0.01023	0.01308	0.01227	0.00798	0.04369	0.68599	0.02137	0.02337	0.02231	0.07063	0.00764	0.00540	0.00177	0.00407	0.02243	0.00525	0.00791
7	0.01427	0.01609	0.01967	0.06059	0.05581	0.25707	0.25031	0.03319	0.01260	0.01532	0.00918	0.01175	0.00739	0.00511	0.00613	0.00150	0.07546	0.00446	0.00273	0.14137
8	0.01477	0.46672	0.12038	0.01241	0.07012	0.20946	0.01101	0.01701	0.01175	0.01325	0.00789	0.00927	0.00679	0.00475	0.00401	0.00127	0.00682	0.00319	0.00236	0.00676
9	0.00757	0.00505	0.00568	0.00568	0.00568	0.00505	0.00316	0.00757	0.00757	0.01010	0.01641	0.03408	0.01893	0.81698	0.02651	0.00505	0.00505	0.00757	0.00316	0.00316
10	0.00634	0.00453	0.00604	0.00725	0.00755	0.00423	0.00483	0.00725	0.00997	0.01329	0.02870	0.81358	0.03444	0.01632	0.00665	0.00211	0.00302	0.01480	0.00483	0.00423
11	0.01204	0.00878	0.01018	0.00929	0.01130	0.00925	0.00715	0.31682	0.01636	0.02194	0.07567	0.37874	0.02476	0.01168	0.00607	0.00188	0.00421	0.06263	0.00505	0.00620
12	0.00872	0.00452	0.00670	0.00684	0.00688	0.00449	0.00456	0.00684	0.00717	0.00956	0.01141	0.11171	0.01210	0.01788	0.01871	0.74676	0.00434	0.00576	0.00257	0.00250
13	0.00750	0.00534	0.00715	0.00715	0.00765	0.00585	0.00498	0.00851	0.00801	0.01118	0.01507	0.02665	0.01571	0.39268	0.44640	0.00686	0.00990	0.00649	0.00296	0.00397
14	0.01612	0.20773	0.10261	0.01092	0.01459	0.29298	0.00973	0.01832	0.01337	0.13701	0.11525	0.01466	0.01344	0.00599	0.00469	0.00141	0.00657	0.00440	0.00353	0.00667
15	0.03129	0.16308	0.07399	0.11586	0.08732	0.08653	0.06513	0.25469	0.01558	0.02026	0.01045	0.03378	0.00838	0.00559	0.00486	0.00152	0.00648	0.00449	0.00338	0.00735
16	0.00692	0.00528	0.00619	0.00598	0.00730	0.00472	0.00439	0.00871	0.01299	0.01727	0.43003	0.04284	0.33184	0.08327	0.00796	0.00199	0.00276	0.00987	0.00515	0.00456
17	0.01525	0.34465	0.07512	0.01168	0.03343	0.18471	0.01027	0.13528	0.01350	0.01610	0.00928	0.04190	0.00818	0.00584	0.00538	0.00142	0.07432	0.00396	0.00291	0.00682
18	0.01899	0.11709	0.14985	0.01051	0.01519	0.01117	0.01007	0.09036	0.05746	0.44167	0.01618	0.01497	0.01080	0.00595	0.00494	0.00156	0.00525	0.00467	0.00499	0.00834
19	0.01026	0.02508	0.72056	0.01438	0.02150	0.01155	0.01828	0.01599	0.01108	0.01641	0.01096	0.01524	0.00867	0.00579	0.00515	0.00172	0.00744	0.07009	0.00243	0.00744
20	0.00672	0.00580	0.00625	0.00605	0.00753	0.00547	0.00456	0.00793	0.01122	0.01365	0.04609	0.04554	0.65911	0.07008	0.00858	0.00204	0.07431	0.01018	0.00449	0.00442
21	0.00918	0.01433	0.29496	0.01138	0.01476	0.00939	0.03054	0.01350	0.08899	0.01535	0.01822	0.33849	0.01894	0.01019	0.00691	0.00192	0.08457	0.00864	0.00361	0.00613
22	0.08635	0.01936	0.36099	0.07693	0.05426	0.06783	0.19615	0.01612	0.01134	0.01654	0.01010	0.04217	0.00799	0.00527	0.00516	0.00167	0.00745	0.00478	0.00255	0.00698
23	0.01275	0.01291	0.01673	0.24698	0.02170	0.11159	0.06572	0.08112	0.01131	0.01488	0.00847	0.01217	0.00711	0.00691	0.01021	0.00190	0.34424	0.00455	0.00263	0.00614
24	0.26176	0.04161	0.01024	0.00811	0.01071	0.01042	0.00632	0.17517	0.01271	0.12302	0.01294	0.01805	0.01128	0.22604	0.04849	0.00283	0.00526	0.00496	0.00400	0.00608
25	0.01459	0.72453	0.02578	0.00945	0.01369	0.11380	0.00905	0.01622	0.01108	0.01231	0.00734	0.00848	0.00669	0.00456	0.00350	0.00114	0.00603	0.00285	0.00228	0.00661
26	0.01724	0.29230	0.04952	0.00937	0.01326	0.08201	0.00841	0.01918	0.01289	0.32800	0.03386	0.03809	0.06169	0.00641	0.00464	0.00144	0.00520	0.00490	0.00430	0.00730
27	0.01182	0.15314	0.01424	0.00950	0.01197	0.06700	0.06675	0.02817	0.01358	0.09117	0.39046	0.02509	0.02834	0.00809	0.00614	0.00157	0.05578	0.00674	0.00448	0.00598
28	0.00880	0.00671	0.00930	0.00889	0.01015	0.00781	0.00698	0.07422	0.04030	0.01424	0.01394	0.01953	0.01263	0.03428	0.67908	0.00738	0.03199	0.00549	0.00308	0.00517
29	0.01074	0.01002	0.01305	0.02680	0.01315	0.06653	0.06736	0.07848	0.01098	0.01488	0.01545	0.26762	0.01651	0.01352	0.09098	0.00267	0.26427	0.00797	0.00346	0.00553
30	0.01168	0.07542	0.27894	0.11075	0.27991	0.01301	0.09339	0.01575	0.01120	0.01586	0.00936	0.01210	0.00734	0.00495	0.00554	0.00162	0.03896	0.00439	0.00239	0.00744
31	0.00746	0.00549	0.00794	0.00794	0.00872	0.00628	0.00597	0.00902	0.00824	0.01177	0.01434	0.02264	0.01397	0.16358	0.67312	0.00784	0.01252	0.00590	0.00285	0.00441
32	0.00695	0.00516	0.00732	0.00790	0.00848	0.00553	0.00574	0.00830	0.00920	0.01273	0.02149	0.43424	0.02407	0.02653	0.36716	0.00497	0.02555	0.01037	0.00385	0.00445
33	0.05357	0.01829	0.23170	0.01772	0.02317	0.08261	0.39632	0.07032	0.01280	0.01770	0.00992	0.01239	0.00739	0.00485	0.00564	0.00168	0.01904	0.00499	0.00273	0.00716
34	0.01229	0.01405	0.03073	0.02195	0.02722	0.01317	0.76558	0.01668	0.01229	0.01668	0.01054	0.01405	0.00790	0.00439	0.00615	0.00176	0.00878	0.00615	0.00263	0.00702
35	0.00653	0.00466	0.00625	0.00746	0.00784	0.00439	0.00515	0.00757	0.01015	0.01350	0.02860	0.74652	0.03405	0.01614	0.00670	0.00214	0.00318	0.08007	0.00483	0.00428
36	0.01079	0.01690	0.33865	0.22743	0.06044	0.01134	0.04327	0.08122	0.01244	0.01723	0.06391	0.01675	0.06510	0.00606	0.00526	0.00167	0.00658	0.00514	0.00295	0.00687
37	0.01593	0.01425	0.02144	0.01610	0.02046	0.08285	0.34632	0.19922	0.11065	0.09889	0.01313	0.01431	0.00952	0.00546	0.00560	0.00166	0.00708	0.00542	0.00397	0.00771
38	0.01001	0.00960	0.01670	0.74873	0.03525	0.01168	0.06796	0.01355	0.01055	0.01355	0.00935	0.01390	0.00701	0.00515	0.00527	0.00174	0.00707	0.00474	0.00234	0.00587
39	0.01560	0.09532	0.01767	0.04136	0.28772	0.01359	0.01153	0.18249	0.15468	0.10773	0.01341	0.01411	0.01011	0.00564	0.00502	0.00156	0.00547	0.00476	0.00404	0.00822
40	0.06329	0.01172	0.03646	0.01361	0.13724	0.04467	0.00964	0.12023	0.12868	0.33661	0.03363	0.01595	0.01205	0.00614	0.00511	0.00161	0.00508	0.00501	0.00502	0.00825
41	0.01064	0.04114	0.72138	0.01524	0.02270	0.01233	0.07220	0.01649	0.01108	0.01642	0.00939	0.01116	0.00669	0.00490	0.00500	0.00165	0.00773	0.00399	0.00223	0.00763
42	0.00971	0.00485	0.00485	0.00485	0.00607	0.00485	0.00364	0.01213	0.01092	0.01942	0.01699	0.01942	0.01335	0.00607	0.00364	0.00121	0.00243	0.00485	0.84589	0.00485
43	0.13146	0.32753	0.03585	0.01039	0.03778	0.08488	0.00888	0.14715	0.01366	0.10881	0.01077	0.04260	0.00880	0.00562	0.00422	0.00140	0.00556	0.00402	0.00353	0.00709
44	0.01236	0.02869	0.09764	0.07140	0.05563	0.05320	0.16511	0.01559	0.04296	0.06983	0.01389	0.01621	0.07681	0.00703	0.00898	0.00185	0.24785	0.00540	0.00303	0.00656
45	0.00754	0.00553	0.00732	0.00832	0.00941	0.00532	0.00682	0.00941	0.01150	0.01480	0.03208	0.23269	0.15772	0.01463	0.00689	0.00222	0.00402	0.45438	0.00481	0.00460
46	0.00646	0.00464	0.00627	0.00734	0.00771	0.00445	0.00498	0.00749	0.00993	0.01334	0.04274	0.72733	0.03284	0.01822	0.07679	0.00266	0.00398	0.01388	0.00467	0.00428
47	0.13591	0.13221	0.29540	0.01452	0.04573	0.01346	0.17737	0.03153	0.04984	0.04257	0.01004	0.01165	0.00753	0.00491	0.00477	0.00159	0.00672	0.00424	0.00281	0.00721
48	0.01149	0.01883	0.32493	0.01845	0.02419	0.01300	0.40810	0.01624	0.01140	0.01624	0.00974	0.01262	0.00730	0.00503	0.00665	0.00176	0.07931	0.00511	0.00243	0.00717
49	0.00615	0.00528	0.00528	0.00528	0.00703	0.00440	0.00396	0.00747	0.01187	0.01407	0.05276	0.05012	0.78238	0.01319	0.00615	0.00176	0.00264	0.01099	0.00484	0.00440
50	0.01597	0.31440	0.20055	0.01124	0.01616	0.09580	0.01138	0.12014	0.01368	0.13903	0.01064	0.01113	0.00794	0.00522	0.00441	0.00140	0.00630	0.00374	0.00334	0.00749
51	0.10842	0.00931	0.04379	0.03354	0.11120	0.00894	0.02747	0.07708	0.06824	0.04514	0.36218	0.04000	0.02766	0.00800	0.00544	0.00164	0.00409	0.00691	0.00464	0.00630
52	0.01996	0.01053	0.01258	0.00987	0.01366	0.01044	0.00808	0.25982	0.07183	0.42459	0.02090	0.01906	0.08018	0.00703	0.00531	0.00162	0.00466	0.00562	0.00583	0.00842
53	0.00790	0.00611	0.00941	0.00973	0.01092	0.00591	0.07420	0.00986	0.01118	0.01474	0.02652	0.36560	0.02985	0.01429	0.00688	0.00222	0.00442	0.38090	0.00462	0.00476
54	0.13029	0.22282	0.23086	0.01186	0.01685	0.01408	0.08395	0.03862	0.06589	0.10427	0.01077	0.01167	0.00805	0.00520	0.00475	0.00153	0.02413	0.00400	0.00318	0.00724
55	0.01458	0.08345	0.01796	0.34459	0.02510	0.01371	0.08937	0.25442	0.01542	0.07495	0.01105	0.01324	0.00805	0.00548	0.00514	0.00162	0.00645	0.00468	0.00355	0.00719
56	0.00634	0.00453	0.00604	0.00725	0.00755	0.00423	0.00483	0.00725	0.00997	0.01329	0.02870	0.81358	0.03444	0.01632	0.00665	0.00211	0.00302	0.01480	0.00483	0.00423
57	0.23095	0.14173	0.04745	0.17809	0.12076	0.05758	0.04222	0.04449	0.03066	0.03491	0.00912	0.01124	0.00718	0.00506	0.00459	0.00155	0.01907	0.00387	0.00288	0.00661
58	0.01573	0.01119	0.01717	0.01732	0.21562	0.02557	0.13807	0.05470	0.10647	0.24503	0.01839	0.01853	0.07926	0.00627	0.00545	0.00164	0.00558	0.00576	0.00438	0.00787
59	0.00634	0.00453	0.00604	0.00725	0.00755	0.00423	0.00483	0.00725	0.00997	0.01329	0.02870	0.81358	0.03444	0.01632	0.00665	0.00211	0.00302	0.01480	0.00483	0.00423
60	0.01265	0.01043	0.01213	0.07917	0.10563	0.03004	0.00885	0.12126	0.31043	0.02072	0.01947	0.01972	0.08074	0.00685	0.00506	0.00161	0.00455	0.00570	0.13780	0.00719
61	0.03104	0.20062	0.12250	0.01562	0.08670	0.13147	0.18042	0.06679	0.01289	0.07222	0.00990	0.01155	0.00766	0.00503	0.00510	0.00150	0.02458	0.00427	0.00294	0.00719
62	0.01069	0.08343	0.73568	0.01442	0.02189	0.01270	0.01851	0.01643	0.01097	0.01619	0.00920	0.01081	0.00660	0.00491	0.00483	0.00161	0.00754	0.00377	0.00220	0.00762
63	0.00747	0.00545	0.00771	0.00771	0.00841	0.00615	0.00569	0.00888	0.00817	0.01160	0.01455	0.02380	0.01447	0.23018	0.60721	0.00755	0.01176	0.00607	0.00288	0.00428
64	0.01551	0.14894	0.27105	0.01366	0.05459	0.26729	0.01299	0.04834	0.01301	0.08049	0.00964	0.01078	0.00735	0.00524	0.00486	0.00146	0.02106	0.00372	0.00286	0.00714
65	0.00813	0.00568	0.00631	0.00619	0.00649	0.00586	0.00368	0.00964	0.08660	0.01130	0.01690	0.03257	0.01862	0.73359	0.02432	0.00471	0.00495	0.00740	0.00338	0.00368
66	0.00737	0.00532	0.00696	0.00655	0.00778	0.00491	0.00491	0.00983	0.01474	0.02088	0.78175	0.03890	0.04914	0.01065	0.00614	0.00164	0.00246	0.00942	0.00573	0.00491
67	0.01852	0.01446	0.01493	0.01180	0.01549	0.07084	0.00964	0.63238	0.02205	0.02916	0.01221	0.01297	0.00903	0.00916	0.07568	0.00217	0.02189	0.00467	0.00476	0.00822
68	0.01166	0.07201	0.35266	0.01726	0.02334	0.01318	0.34420	0.01731	0.06596	0.01667	0.01057	0.01276	0.00784	0.00482	0.00539	0.00167	0.00778	0.00493	0.00261	0.00737
69	0.01289	0.01237	0.02114	0.03196	0.78450	0.01237	0.01598	0.01598	0.01186	0.01701	0.00980	0.01289	0.00825	0.00464	0.00516	0.00155	0.00619	0.00464	0.00258	0.00825
70	0.01295	0.01119	0.01178	0.01060	0.01354	0.01295	0.00824	0.02767	0.77509	0.02178	0.02120	0.01943	0.01590	0.00707	0.00530	0.00177	0.00412	0.00589	0.00530	0.00824
71	0.01879	0.03628	0.09246	0.01213	0.01665	0.01569	0.01075	0.65855	0.02260	0.04607	0.01222	0.01235	0.00866	0.00608	0.00514	0.00156	0.00589	0.00457	0.00486	0.00869
72	0.02040	0.01081	0.01300	0.01020	0.01395	0.01082	0.00832	0.32661	0.01838	0.41091	0.01799	0.08630	0.01316	0.00724	0.00535	0.00164	0.00484	0.00586	0.00580	0.00845
73	0.00653	0.00466	0.00625	0.00746	0.00784	0.00439	0.00515	0.00757	0.01015	0.01350	0.02860	0.74652	0.03405	0.01614	0.00670	0.00214	0.00318	0.08007	0.00483	0.00428
74	0.01689	0.02055	0.01514	0.01350	0.01533	0.54801	0.01049	0.01817	0.01260	0.01268	0.00766	0.01003	0.00675	0.00656	0.00864	0.00164	0.26316	0.00374	0.00255	0.00593
75	0.01260	0.01380	0.09937	0.01460	0.02965	0.03703	0.22438	0.02207	0.39272	0.02939	0.01667	0.01864	0.01295	0.00637	0.00558	0.00177	0.00606	0.04468	0.00408	0.00760
76	0.02336	0.00886	0.01209	0.00927	0.01329	0.00765	0.00765	0.02538	0.01491	0.78810	0.02055	0.01773	0.01289	0.00645	0.00524	0.00161	0.00443	0.00524	0.00645	0.00886
77	0.01980	0.01459	0.01563	0.01198	0.01615	0.01615	0.00990	0.76713	0.02448	0.03282	0.01250	0.01250	0.00886	0.00625	0.00521	0.00156	0.00573	0.00469	0.00521	0.00886
78	0.01075	0.09740	0.72224	0.01432	0.02172	0.01285	0.01832	0.01641	0.01096	0.01612	0.00916	0.01076	0.00660	0.00490	0.00480	0.00160	0.00751	0.00375	0.00220	0.00761
79	0.01526	0.01544	0.02310	0.01998	0.15152	0.12613	0.34417	0.20153	0.01557	0.02014	0.01054	0.01280	0.00802	0.00503	0.00554	0.00161	0.00768	0.00513	0.00326	0.00754
80	0.00634	0.00453	0.00604	0.00725	0.00755	0.00423	0.00483	0.00725	0.00997	0.01329	0.02870	0.81358	0.03444	0.01632	0.00665	0.00211	0.00302	0.01480	0.00483	0.00423
81	0.00787	0.00701	0.00689	0.00711	0.00854	0.06161	0.00515	0.01042	0.08998	0.01449	0.03771	0.31728	0.38055	0.01312	0.00614	0.00186	0.00341	0.01129	0.00473	0.00485
82	0.04526	0.12768	0.29098	0.07285	0.02365	0.01364	0.32058	0.01617	0.01134	0.01604	0.00945	0.01198	0.00713	0.00467	0.00517	0.00162	0.00765	0.00465	0.00243	0.00707
83	0.01186	0.34962	0.47971	0.01243	0.01881	0.01556	0.01504	0.01613	0.01083	0.01477	0.00849	0.00992	0.00663	0.00475	0.00429	0.00143	0.00683	0.00342	0.00221	0.00728
84	0.01229	0.01405	0.03073	0.02195	0.02722	0.01317	0.76558	0.01668	0.01229	0.01668	0.01054	0.01405	0.00790	0.00439	0.00615	0.00176	0.00878	0.00615	0.00263	0.00702
85	0.01280	0.01723	0.23948	0.07115	0.03888	0.08212	0.14295	0.01999	0.22642	0.04570	0.01309	0.01426	0.00975	0.00571	0.00573	0.00170	0.03731	0.00493	0.00337	0.00743
86	0.01186	0.01138	0.01915	0.27368	0.41150	0.01229	0.06812	0.01616	0.07917	0.01616	0.01064	0.01384	0.00847	0.00510	0.00546	0.00165	0.02044	0.00485	0.00273	0.00734
87	0.00634	0.00453	0.00604	0.00725	0.00755	0.00423	0.00483	0.00725	0.00997	0.01329	0.02870	0.81358	0.03444	0.01632	0.00665	0.00211	0.00302	0.01480	0.00483	0.00423
88	0.01544	0.01557	0.02256	0.01693	0.02118	0.13641	0.37611	0.23917	0.01612	0.02062	0.01167	0.01368	0.02769	0.00549	0.00605	0.00165	0.03757	0.00534	0.00345	0.00730
89	0.01357	0.23997	0.33262	0.01498	0.11676	0.05858	0.02863	0.06127	0.01226	0.06164	0.00962	0.01097	0.00737	0.00495	0.00458	0.00147	0.00673	0.00381	0.00272	0.00752
90	0.00824	0.00648	0.00748	0.00770	0.00903	0.00656	0.00556	0.04341	0.16696	0.01620	0.05066	0.44050	0.18470	0.01322	0.00620	0.00193	0.00327	0.01164	0.00497	0.00529
91	0.47333	0.01133	0.01015	0.00858	0.01188	0.02766	0.00699	0.22322	0.08149	0.02534	0.01064	0.01135	0.00801	0.00552	0.00401	0.00158	0.00449	0.00376	0.06396	0.00671
92	0.01399	0.23266	0.29230	0.01276	0.01765	0.14568	0.02739	0.09777	0.01272	0.01616	0.00871	0.01029	0.00693	0.00539	0.00562	0.00151	0.07905	0.00368	0.00263	0.00709
93	0.03429	0.13730	0.66176	0.01379	0.02091	0.01327	0.01742	0.01633	0.01088	0.01609	0.00899	0.01056	0.00658	0.00488	0.00468	0.00157	0.00730	0.00367	0.00223	0.00750
94	0.00615	0.00528	0.00528	0.00528	0.00703	0.00440	0.00396	0.00747	0.01187	0.01407	0.05276	0.05012	0.78238	0.01319	0.00615	0.00176	0.00264	0.01099	0.00484	0.00440
95	0.01174	0.01225	0.02358	0.22058	0.19967	0.01281	0.34692	0.01534	0.01138	0.01558	0.00975	0.01353	0.00765	0.00503	0.00656	0.00174	0.07121	0.00530	0.00251	0.00688
96	0.01070	0.01018	0.01579	0.35574	0.27381	0.03272	0.01292	0.01342	0.01079	0.01429	0.01363	0.01795	0.07710	0.06378	0.00748	0.00193	0.05343	0.00537	0.00269	0.00628
97	0.00983	0.00926	0.01562	0.80447	0.03587	0.01157	0.01446	0.01331	0.01041	0.01331	0.00926	0.01388	0.00694	0.00521	0.00521	0.00174	0.00694	0.00463	0.00231	0.00579
98	0.00639	0.00456	0.00609	0.00730	0.00762	0.00427	0.00491	0.00733	0.01001	0.01334	0.02868	0.79712	0.03435	0.01627	0.00666	0.00212	0.00306	0.03083	0.00483	0.00424
99	0.01211	0.01186	0.01843	0.02242	0.38216	0.01424	0.01359	0.01418	0.00983	0.01467	0.00825	0.01211	0.00751	0.00698	0.01138	0.00193	0.42441	0.00460	0.00242	0.00692
100	0.00808	0.00647	0.00939	0.00902	0.00974	0.00791	0.00705	0.00969	0.00825	0.01202	0.01299	0.02000	0.01246	0.09093	0.61553	0.00715	0.14031	0.00556	0.00273	0.00471
101	0.00757	0.00505	0.00568	0.00568	0.00568	0.00505	0.00316	0.00757	0.00757	0.01010	0.01641	0.03408	0.01893	0.81698	0.02651	0.00505	0.00505	0.00757	0.00316	0.00316
102	0.01768	0.01574	0.01429	0.01187	0.01536	0.18044	0.00944	0.38793	0.24683	0.02527	0.01416	0.01391	0.01051	0.00631	0.00513	0.00158	0.00603	0.00476	0.00470	0.00808
103	0.01244	0.08566	0.03042	0.02079	0.02599	0.01383	0.69836	0.01658	0.01214	0.01629	0.01024	0.01354	0.00779	0.00440	0.00590	0.00170	0.00849	0.00585	0.00260	0.00699
104	0.01360	0.00670	0.00896	0.00761	0.00993	0.00598	0.00598	0.01588	0.01480	0.31949	0.48548	0.03066	0.03503	0.00901	0.00579	0.00163	0.00323	0.00779	0.00601	0.00645
105	0.01100	0.15390	0.66792	0.01389	0.02107	0.01346	0.01759	0.01635	0.01093	0.01581	0.00901	0.01057	0.00661	0.00487	0.00469	0.00156	0.00736	0.00368	0.00220	0.00753
106	0.01157	0.00881	0.01031	0.00951	0.01125	0.00963	0.00721	0.25107	0.08242	0.02020	0.02133	0.43117	0.02269	0.01178	0.00681	0.00192	0.06128	0.01007	0.00481	0.00616
107	0.00628	0.00480	0.00577	0.00654	0.00737	0.00429	0.00452	0.00733	0.01065	0.01357	0.03731	0.54037	0.30211	0.01520	0.00647	0.00199	0.00288	0.01344	0.00483	0.00429
108	0.01601	0.01662	0.01329	0.01151	0.01408	0.34056	0.00901	0.21855	0.01591	0.01832	0.01657	0.01749	0.13176	0.00887	0.04456	0.00190	0.08971	0.00517	0.00367	0.00643
109	0.01226	0.01394	0.03014	0.02162	0.02668	0.01328	0.73550	0.01652	0.01212	0.01652	0.01039	0.01394	0.00786	0.00458	0.00658	0.00178	0.04063	0.00608	0.00262	0.00697
110	0.00983	0.00926	0.01562	0.80447	0.03587	0.01157	0.01446	0.01331	0.01041	0.01331	0.00926	0.01388	0.00694	0.00521	0.00521	0.00174	0.00694	0.00463	0.00231	0.00579
111	0.00634	0.00453	0.00604	0.00725	0.00755	0.00423	0.00483	0.00725	0.00997	0.01329	0.02870	0.81358	0.03444	0.01632	0.00665	0.00211	0.00302	0.01480	0.00483	0.00423
112	0.01181	0.01281	0.02485	0.01857	0.02188	0.01376	0.48608	0.01495	0.01068	0.01505	0.00955	0.01397	0.00799	0.03836	0.01057	0.00206	0.27242	0.00568	0.00254	0.00643
113	0.01963	0.01948	0.01521	0.01267	0.01613	0.38899	0.00998	0.41035	0.01983	0.02322	0.01037	0.01102	0.00783	0.00583	0.00496	0.00146	0.00748	0.00405	0.00400	0.00751
114	0.01080	0.00926	0.01080	0.00771	0.01234	0.00694	0.00617	0.01311	0.01080	0.01697	0.00926	0.01080	0.00771	0.00386	0.00386	0.00077	0.00386	0.00309	0.00309	0.84882
115	0.01295	0.01119	0.01178	0.01060	0.01354	0.01295	0.00824	0.02767	0.77509	0.02178	0.02120	0.01943	0.01590	0.00707	0.00530	0.00177	0.00412	0.00589	0.00530	0.00824
116	0.00692	0.00479	0.00592	0.00654	0.00675	0.00462	0.00411	0.00750	0.00913	0.01222	0.05495	0.44115	0.02830	0.36523	0.01529	0.00337	0.00388	0.01143	0.00414	0.00379
117	0.01980	0.01459	0.01563	0.01198	0.01615	0.01615	0.00990	0.76713	0.02448	0.03282	0.01250	0.01250	0.00886	0.00625	0.00521	0.00156	0.00573	0.00469	0.00521	0.00886
118	0.00761	0.00560	0.00723	0.00663	0.00810	0.00506	0.00500	0.01006	0.01446	0.02060	0.72673	0.03690	0.04619	0.01016	0.00598	0.00158	0.00256	0.00897	0.00554	0.06502
119	0.02223	0.01068	0.01321	0.01013	0.01420	0.01036	0.00837	0.26124	0.01795	0.54794	0.01799	0.01606	0.01161	0.00638	0.00523	0.00160	0.00484	0.00506	0.00605	0.00886
120	0.01969	0.01784	0.01535	0.01244	0.01613	0.26415	0.00995	0.52981	0.02139	0.02644	0.01109	0.01151	0.00817	0.00597	0.00505	0.00149	0.00689	0.00426	0.00441	0.00796
121	0.04522	0.28677	0.50830	0.01258	0.01903	0.01487	0.01531	0.01615	0.01077	0.01537	0.00857	0.01003	0.00659	0.00478	0.00435	0.00147	0.00685	0.00346	0.00225	0.00728
122	0.01813	0.01111	0.01394	0.01114	0.01489	0.01151	0.06226	0.15923	0.29380	0.31750	0.01862	0.01714	0.01291	0.00649	0.00532	0.00167	0.00486	0.00544	0.00553	0.00850
123	0.00757	0.00505	0.00568	0.00568	0.00568	0.00505	0.00316	0.00757	0.00757	0.01010	0.01641	0.03408	0.01893	0.81698	0.02651	0.00505	0.00505	0.00757	0.00316	0.00316
124	0.00992	0.00824	0.01273	0.39229	0.02284	0.00928	0.04027	0.01402	0.08011	0.04934	0.27908	0.02323	0.02268	0.00728	0.00558	0.00170	0.00510	0.00649	0.00395	0.00588
125	0.01169	0.30729	0.50554	0.01272	0.01913	0.01518	0.01544	0.01610	0.01079	0.01492	0.00855	0.01007	0.00663	0.00485	0.00461	0.00147	0.02202	0.00349	0.00221	0.00730
126	0.00823	0.00511	0.00537	0.00544	0.00685	0.00478	0.00417	0.01026	0.01150	0.01726	0.06275	0.03428	0.29253	0.00946	0.00492	0.00152	0.00269	0.06433	0.44386	0.00469
127	0.00631	0.00465	0.00592	0.00693	0.00747	0.00426	0.00469	0.00729	0.01027	0.01342	0.03255	0.69138	0.15416	0.01581	0.00657	0.00206	0.00296	0.01419	0.00483	0.00426
128	0.01847	0.10435	0.01595	0.01256	0.01564	0.55469	0.00979	0.12195	0.06980	0.01606	0.00951	0.01042	0.00765	0.00551	0.00467	0.00138	0.00813	0.00366	0.00317	0.00664
129	0.01367	0.01294	0.01663	0.10164	0.33928	0.08237	0.01241	0.07335	0.25556	0.01890	0.01340	0.01473	0.01045	0.00565	0.00517	0.00162	0.00586	0.00492	0.00361	0.00784
130	0.00618	0.00526	0.00533	0.00535	0.00706	0.00440	0.00400	0.00751	0.01187	0.01418	0.06595	0.07105	0.74773	0.01323	0.00617	0.00177	0.00264	0.01107	0.00485	0.00440
131	0.01392	0.82012	0.02729	0.00891	0.01337	0.02061	0.00891	0.01559	0.01058	0.01225	0.00724	0.00835	0.00668	0.00446	0.00334	0.00111	0.00557	0.00278	0.00223	0.00668
132	0.01189	0.33979	0.45839	0.01278	0.01910	0.01550	0.04493	0.01614	0.01088	0.01482	0.00856	0.01007	0.00668	0.00473	0.00436	0.00144	0.00690	0.00352	0.00223	0.00727
133	0.01060	0.00572	0.00581	0.00549	0.00696	0.00586	0.00420	0.07921	0.01213	0.02061	0.01659	0.01880	0.01295	0.00608	0.00378	0.00124	0.00272	0.00484	0.77121	0.00521
134	0.00683	0.00672	0.07576	0.00784	0.00905	0.00508	0.00625	0.00835	0.01045	0.01384	0.03001	0.58985	0.12831	0.01476	0.00647	0.00205	0.00351	0.06566	0.00460	0.00460
135	0.01375	0.07935	0.34219	0.02553	0.08682	0.23327	0.01420	0.01894	0.10721	0.01580	0.01035	0.01161	0.00794	0.00527	0.00483	0.00153	0.00743	0.00397	0.00276	0.00725
136	0.00744	0.00558	0.00837	0.00837	0.00930	0.00651	0.00651	0.00930	0.00837	0.01209	0.01395	0.02046	0.01302	0.03906	0.79635	0.00837	0.01395	0.00558	0.00279	0.00465
137	0.00709	0.00536	0.00672	0.00752	0.00867	0.00499	0.00596	0.00873	0.01140	0.01446	0.03622	0.26108	0.28048	0.01451	0.00670	0.00211	0.00360	0.30507	0.00482	0.00451
138	0.01210	0.01317	0.15886	0.40385	0.17725	0.01142	0.03049	0.01582	0.01134	0.10055	0.01066	0.01359	0.00781	0.00517	0.00517	0.00167	0.00669	0.00459	0.00281	0.00699
139	0.01253	0.03006	0.35762	0.01140	0.01616	0.07923	0.01231	0.01665	0.02853	0.13795	0.22250	0.01967	0.01942	0.00681	0.00528	0.00161	0.00580	0.00557	0.00394	0.00697
140	0.01642	0.01977	0.01521	0.01351	0.01519	0.50239	0.01056	0.01768	0.01220	0.01267	0.00759	0.01014	0.00676	0.00678	0.00936	0.00169	0.30983	0.00381	0.00253	0.00591
141	0.01062	0.00892	0.01042	0.00776	0.01190	0.00695	0.00611	0.03611	0.01109	0.01700	0.01123	0.08265	0.01036	0.02194	0.00462	0.00100	0.00387	0.00427	0.00331	0.72988
142	0.05628	0.01572	0.01648	0.01943	0.30498	0.22092	0.01177	0.13365	0.13427	0.01935	0.01141	0.01272	0.00901	0.00547	0.00497	0.00153	0.00654	0.00441	0.00347	0.00763
143	0.00756	0.00510	0.00592	0.00592	0.00601	0.00518	0.00346	0.00773	0.00764	0.01028	0.01619	0.03285	0.01840	0.74691	0.09585	0.00535	0.00585	0.00739	0.00312	0.00329
144	0.01438	0.01248	0.01872	0.02517	0.53956	0.01286	0.01366	0.20736	0.01504	0.02109	0.01168	0.01384	0.02471	0.00529	0.00513	0.00154	0.00584	0.00479	0.03869	0.00818
145	0.01212	0.40930	0.42232	0.01198	0.01812	0.01620	0.01426	0.01606	0.01080	0.01445	0.00833	0.00972	0.00664	0.00471	0.00417	0.00139	0.00667	0.00334	0.00221	0.00721
146	0.02242	0.01013	0.01284	0.00987	0.01391	0.00957	0.00815	0.18462	0.03038	0.61248	0.01883	0.01663	0.01208	0.00641	0.00523	0.00160	0.00470	0.00513	0.00616	0.00885
147	0.12827	0.01032	0.01165	0.00944	0.01276	0.01065	0.00757	0.23362	0.05784	0.23922	0.01578	0.08587	0.01258	0.04607	0.00631	0.00177	0.02511	0.00557	0.00492	0.07468
148	0.01930	0.00975	0.01203	0.00957	0.01331	0.00937	0.00776	0.08784	0.17968	0.47364	0.04832	0.01796	0.01421	0.00654	0.00518	0.00158	0.00436	0.00534	0.00583	0.06840
149	0.00746	0.00552	0.00805	0.00805	0.00887	0.00634	0.00611	0.00910	0.00828	0.01185	0.01424	0.02206	0.01372	0.13073	0.70563	0.00798	0.01290	0.00581	0.00283	0.00447
150	0.07663	0.01544	0.08113	0.01087	0.01423	0.22045	0.00913	0.12694	0.13364	0.11873	0.01707	0.07274	0.06639	0.00716	0.00509	0.00161	0.00593	0.00555	0.00424	0.00703
151	0.00718	0.00530	0.00670	0.00639	0.00767	0.00483	0.00478	0.00944	0.01423	0.01975	0.66158	0.05739	0.15317	0.01113	0.00615	0.00167	0.00249	0.00976	0.00559	0.00483
152	0.01289	0.01237	0.02114	0.03196	0.78450	0.01237	0.01598	0.01598	0.01186	0.01701	0.00980	0.01289	0.00825	0.00464	0.00516	0.00155	0.00619	0.00464	0.00258	0.00825
153	0.00744	0.00558	0.00837	0.00837	0.00930	0.00651	0.00651	0.00930	0.00837	0.01209	0.01395	0.02046	0.01302	0.03906	0.79635	0.00837	0.01395	0.00558	0.00279	0.00465
154	0.01121	0.01066	0.01811	0.45626	0.37332	0.01193	0.01515	0.01451	0.01106	0.01498	0.00950	0.01344	0.00753	0.00495	0.00518	0.00165	0.00660	0.00463	0.00243	0.00690
155	0.01439	0.01327	0.02219	0.01679	0.02048	0.06943	0.38335	0.01855	0.08323	0.13365	0.01218	0.01428	0.00912	0.00591	0.00788	0.00180	0.15753	0.00548	0.00340	0.00710
156	0.00971	0.00485	0.00485	0.00485	0.00607	0.00485	0.00364	0.01213	0.01092	0.01942	0.01699	0.01942	0.01335	0.00607	0.00364	0.00121	0.00243	0.00485	0.84589	0.00485
157	0.00665	0.00495	0.00689	0.07808	0.01007	0.00488	0.00569	0.00779	0.01001	0.01329	0.02698	0.74254	0.03200	0.01533	0.00652	0.00208	0.00337	0.01390	0.00461	0.00437
158	0.06193	0.00982	0.01159	0.00944	0.01280	0.04017	0.00757	0.14539	0.01540	0.46858	0.01934	0.14344	0.01505	0.00787	0.00533	0.00167	0.00460	0.00648	0.00567	0.00784
159	0.01289	0.01237	0.02114	0.03196	0.78450	0.01237	0.01598	0.01598	0.01186	0.01701	0.00980	0.01289	0.00825	0.00464	0.00516	0.00155	0.00619	0.00464	0.00258	0.00825
160	0.02336	0.00886	0.01209	0.00927	0.01329	0.00765	0.00765	0.02538	0.01491	0.78810	0.02055	0.01773	0.01289	0.00645	0.00524	0.00161	0.00443	0.00524	0.00645	0.00886
161	0.01276	0.00934	0.01046	0.00903	0.01168	0.00993	0.00710	0.15614	0.28010	0.08536	0.23327	0.02681	0.10871	0.00854	0.00561	0.00168	0.00382	0.00716	0.00544	0.00706
162	0.21310	0.01240	0.02010	0.01516	0.01940	0.01274	0.36974	0.06298	0.15537	0.04947	0.01225	0.01378	0.00911	0.00518	0.00520	0.00171	0.00643	0.00519	0.00357	0.00710
163	0.00732	0.00523	0.00717	0.00837	0.00910	0.00507	0.00653	0.00894	0.01094	0.01439	0.02816	0.45273	0.03231	0.01539	0.00691	0.00225	0.00387	0.36600	0.00482	0.00450
164	0.00735	0.00555	0.00694	0.00724	0.00862	0.00514	0.00586	0.00943	0.01285	0.01683	0.28129	0.04955	0.27419	0.01279	0.00652	0.00195	0.00335	0.27475	0.00511	0.00471
165	0.01150	0.01096	0.01863	0.38259	0.44470	0.01201	0.01529	0.01477	0.01120	0.01533	0.00955	0.01334	0.00766	0.00490	0.00518	0.00163	0.00653	0.00463	0.00246	0.00713
166	0.01833	0.02097	0.01393	0.01248	0.01527	0.58824	0.00947	0.04990	0.11391	0.05751	0.04308	0.01251	0.01010	0.00590	0.00488	0.00143	0.00800	0.00409	0.00345	0.00654
167	0.00744	0.00558	0.00837	0.00837	0.00930	0.00651	0.00651	0.00930	0.00837	0.01209	0.01395	0.02046	0.01302	0.03906	0.79635	0.00837	0.01395	0.00558	0.00279	0.00465
168	0.00792	0.00592	0.00739	0.00692	0.00830	0.00573	0.00519	0.01156	0.09278	0.02055	0.66799	0.03702	0.06093	0.03094	0.00658	0.00174	0.00270	0.00904	0.00560	0.00520
169	0.03343	0.01061	0.01077	0.00970	0.01208	0.07667	0.02541	0.08273	0.35626	0.01934	0.06545	0.11383	0.08640	0.06514	0.00697	0.00197	0.00453	0.00730	0.00473	0.00666
170	0.17597	0.01517	0.01585	0.01276	0.01627	0.21908	0.15965	0.14695	0.05808	0.04831	0.07256	0.01393	0.01127	0.00578	0.00496	0.00157	0.00658	0.00474	0.00374	0.00678
171	0.00795	0.00555	0.00655	0.00616	0.00783	0.00487	0.00467	0.00986	0.01344	0.07241	0.39355	0.04253	0.38248	0.01151	0.00608	0.00169	0.00268	0.00984	0.00537	0.00496
172	0.00675	0.00508	0.00635	0.00720	0.00814	0.00468	0.00538	0.00812	0.01099	0.01404	0.03553	0.41705	0.25370	0.01496	0.00663	0.00207	0.00331	0.18077	0.00483	0.00441
173	0.01920	0.01537	0.01367	0.01129	0.01470	0.24284	0.00896	0.27085	0.06800	0.20246	0.06844	0.01515	0.01250	0.00640	0.00514	0.00153	0.00617	0.00484	0.00480	0.00771
174	0.01428	0.01660	0.02227	0.01713	0.02108	0.26151	0.40388	0.01848	0.08102	0.01618	0.06562	0.01482	0.01117	0.00538	0.00561	0.00162	0.00811	0.00547	0.00311	0.00667
175	0.02336	0.00886	0.01209	0.00927	0.01329	0.00765	0.00765	0.02538	0.01491	0.78810	0.02055	0.01773	0.01289	0.00645	0.00524	0.00161	0.00443	0.00524	0.00645	0.00886
176	0.01328	0.01111	0.01179	0.01056	0.01353	0.01279	0.00822	0.02760	0.75126	0.04580	0.02118	0.01938	0.01580	0.00705	0.00530	0.00176	0.00413	0.00587	0.00533	0.00826
177	0.01611	0.08992	0.39486	0.01203	0.01790	0.01117	0.01350	0.03690	0.01282	0.32387	0.01369	0.01348	0.00916	0.00553	0.00493	0.00158	0.00616	0.00433	0.00396	0.00810
178	0.01807	0.01134	0.02100	0.01533	0.01995	0.01029	0.36998	0.02122	0.01366	0.41933	0.01576	0.01597	0.01051	0.00546	0.00567	0.00168	0.00651	0.00567	0.00462	0.00798
179	0.01020	0.00838	0.00935	0.00857	0.01073	0.00907	0.00658	0.01897	0.41140	0.02086	0.33207	0.02955	0.08480	0.00896	0.00570	0.00171	0.00334	0.00769	0.00544	0.00661
180	0.00644	0.00460	0.00615	0.00731	0.00767	0.00431	0.00496	0.00744	0.01016	0.01357	0.04785	0.76791	0.03466	0.01610	0.00665	0.00211	0.00307	0.03991	0.00486	0.00427
181	0.05550	0.01308	0.01442	0.06453	0.01539	0.13886	0.01024	0.04882	0.07123	0.13044	0.01062	0.01272	0.00846	0.00737	0.01046	0.00189	0.37154	0.00450	0.00337	0.00656
182	0.01085	0.00933	0.01105	0.00830	0.03089	0.00707	0.00641	0.01318	0.01082	0.01697	0.00927	0.01085	0.00773	0.00388	0.00389	0.00079	0.00391	0.00312	0.00307	0.82862
183	0.01253	0.03141	0.02043	0.12015	0.58656	0.01256	0.05127	0.01652	0.06604	0.01679	0.01052	0.01342	0.00859	0.00486	0.00518	0.00158	0.00624	0.00476	0.00273	0.00786
184	0.22054	0.01464	0.01621	0.08763	0.01834	0.23263	0.19496	0.01648	0.01174	0.03505	0.01069	0.08241	0.00938	0.00605	0.00516	0.00164	0.02222	0.00512	0.00304	0.00606

[dist]
